2 47 47: 1460, 10, 0
2 47 48: 1460, 10, 0
2 47 49: 1460, 10, 0
2 47 50: 1460, 10, 0
2 47 51: 1460, 10, 0
2 47 52: 1460, 10, 0
2 47 53: 1460, 10, 0
2 47 54: 1460, 10, 0
2 47 55: 1460, 10, 0
2 47 56: 1460, 10, 0
2 47 57: 1460, 10, 0
2 47 58: 1460, 10, 0
2 47 59: 1460, 10, 0
2 47 60: 1460, 10, 0
2 47 61: 1460, 10, 0
2 47 62: 1460, 10, 0
2 47 63: 1460, 10, 0
2 48 47: 1460, 10, 0
2 48 48: 1460, 10, 0
2 48 49: 1460, 10, 0
2 48 50: 1460, 10, 0
2 48 51: 1460, 10, 0
2 48 52: 1460, 10, 0
2 48 53: 1460, 10, 0
2 48 54: 1460, 10, 0
2 48 55: 1460, 10, 0
2 48 56: 1460, 10, 0
2 48 57: 1460, 10, 0
2 48 58: 1460, 10, 0
2 48 59: 1460, 10, 0
2 48 60: 1460, 10, 0
2 48 61: 1460, 10, 0
2 48 62: 1460, 10, 0
2 48 63: 1460, 10, 0
2 49 47: 1460, 10, 0
2 49 48: 1460, 10, 0
2 49 49: 1460, 10, 0
2 49 50: 1460, 10, 0
2 49 51: 1460, 10, 0
2 49 52: 1460, 10, 0
2 49 53: 1460, 10, 0
2 49 54: 1460, 10, 0
2 49 55: 1460, 10, 0
2 49 56: 1460, 10, 0
2 49 57: 1460, 10, 0
2 49 58: 1460, 10, 0
2 49 59: 1460, 10, 0
2 49 60: 1460, 10, 0
2 49 61: 1460, 10, 0
2 49 62: 1460, 10, 0
2 49 63: 1460, 10, 0
2 50 47: 1460, 10, 0
2 50 48: 1460, 10, 0
2 50 49: 1460, 10, 0
2 50 50: 1460, 10, 0
2 50 51: 1460, 10, 0
2 50 52: 1460, 10, 0
2 50 53: 1460, 10, 0
2 50 54: 1460, 10, 0
2 50 55: 1460, 10, 0
2 50 56: 1460, 10, 0
2 50 57: 1460, 10, 0
2 50 58: 1460, 10, 0
2 50 59: 1460, 10, 0
2 50 60: 1460, 10, 0
2 50 61: 1460, 10, 0
2 50 62: 1460, 10, 0
2 50 63: 1460, 10, 0
2 51 47: 1460, 10, 0
2 51 48: 1460, 10, 0
2 51 49: 1460, 10, 0
2 51 50: 1460, 10, 0
2 51 51: 1460, 10, 0
2 51 52: 1460, 10, 0
2 51 53: 1460, 10, 0
2 51 54: 1460, 10, 0
2 51 55: 1460, 10, 0
2 51 56: 1460, 10, 0
2 51 57: 1460, 10, 0
2 51 58: 1460, 10, 0
2 51 59: 1460, 10, 0
2 51 60: 1460, 10, 0
2 51 61: 1460, 10, 0
2 51 62: 1460, 10, 0
2 51 63: 1460, 10, 0
2 52 47: 1460, 10, 0
2 52 48: 1460, 10, 0
2 52 49: 1460, 10, 0
2 52 50: 1460, 10, 0
2 52 51: 1460, 10, 0
2 52 52: 1460, 10, 0
2 52 53: 1460, 10, 0
2 52 54: 1460, 10, 0
2 52 55: 1460, 10, 0
2 52 56: 1460, 10, 0
2 52 57: 1460, 10, 0
2 52 58: 1460, 10, 0
2 52 59: 1460, 10, 0
2 52 60: 1460, 10, 0
2 52 61: 1460, 10, 0
2 52 62: 1460, 10, 0
2 52 63: 1460, 10, 0
2 53 47: 1460, 10, 0
2 53 48: 1460, 10, 0
2 53 49: 1460, 10, 0
2 53 50: 1460, 10, 0
2 53 51: 1460, 10, 0
2 53 52: 1460, 10, 0
2 53 53: 1460, 10, 0
2 53 54: 1460, 10, 0
2 53 55: 1460, 10, 0
2 53 56: 1460, 10, 0
2 53 57: 1460, 10, 0
2 53 58: 1460, 10, 0
2 53 59: 1460, 10, 0
2 53 60: 1460, 10, 0
2 53 61: 1460, 10, 0
2 53 62: 1460, 10, 0
2 53 63: 1460, 10, 0
2 54 47: 1460, 10, 0
2 54 48: 1460, 10, 0
2 54 49: 1460, 10, 0
2 54 50: 1460, 10, 0
2 54 51: 1460, 10, 0
2 54 52: 1460, 10, 0
2 54 53: 1460, 10, 0
2 54 54: 1460, 10, 0
2 54 55: 1460, 10, 0
2 54 56: 1460, 10, 0
2 54 57: 1460, 10, 0
2 54 58: 1460, 10, 0
2 54 59: 1460, 10, 0
2 54 60: 1460, 10, 0
2 54 61: 1460, 10, 0
2 54 62: 1460, 10, 0
2 54 63: 1460, 10, 0
2 55 47: 1460, 10, 0
2 55 48: 1460, 10, 0
2 55 49: 1460, 10, 0
2 55 50: 1460, 10, 0
2 55 51: 1460, 10, 0
2 55 52: 1460, 10, 0
2 55 53: 1460, 10, 0
2 55 54: 1460, 10, 0
2 55 55: 1460, 10, 0
2 55 56: 1460, 10, 0
2 55 57: 1460, 10, 0
2 55 58: 1460, 10, 0
2 55 59: 1460, 10, 0
2 55 60: 1460, 10, 0
2 55 61: 1460, 10, 0
2 55 62: 1460, 10, 0
2 55 63: 1460, 10, 0
2 56 47: 1460, 10, 0
2 56 48: 1460, 10, 0
2 56 49: 1460, 10, 0
2 56 50: 1460, 10, 0
2 56 51: 1460, 10, 0
2 56 52: 1460, 10, 0
2 56 53: 1460, 10, 0
2 56 54: 1460, 10, 0
2 56 55: 1460, 10, 0
2 56 56: 1460, 10, 0
2 56 57: 1460, 10, 0
2 56 58: 1460, 10, 0
2 56 59: 1460, 10, 0
2 56 60: 1460, 10, 0
2 56 61: 1460, 10, 0
2 56 62: 1460, 10, 0
2 56 63: 1460, 10, 0
2 57 47: 1460, 10, 0
2 57 48: 1460, 10, 0
2 57 49: 1460, 10, 0
2 57 50: 1460, 10, 0
2 57 51: 1460, 10, 0
2 57 52: 1460, 10, 0
2 57 53: 1460, 10, 0
2 57 54: 1460, 10, 0
2 57 55: 1460, 10, 0
2 57 56: 1460, 10, 0
2 57 57: 1460, 10, 0
2 57 58: 1460, 10, 0
2 57 59: 1460, 10, 0
2 57 60: 1460, 10, 0
2 57 61: 1460, 10, 0
2 57 62: 1460, 10, 0
2 57 63: 1460, 10, 0
2 58 47: 1460, 10, 0
2 58 48: 1460, 10, 0
2 58 49: 1460, 10, 0
2 58 50: 1460, 10, 0
2 58 51: 1460, 10, 0
2 58 52: 1460, 10, 0
2 58 53: 1460, 10, 0
2 58 54: 1460, 10, 0
2 58 55: 1460, 10, 0
2 58 56: 1460, 10, 0
2 58 57: 1460, 10, 0
2 58 58: 1460, 10, 0
2 58 59: 1460, 10, 0
2 58 60: 1460, 10, 0
2 58 61: 1460, 10, 0
2 58 62: 1460, 10, 0
2 58 63: 1460, 10, 0
2 59 47: 1460, 10, 0
2 59 48: 1460, 10, 0
2 59 49: 1460, 10, 0
2 59 50: 1460, 10, 0
2 59 51: 1460, 10, 0
2 59 52: 1460, 10, 0
2 59 53: 1460, 10, 0
2 59 54: 1460, 10, 0
2 59 55: 1460, 10, 0
2 59 56: 1460, 10, 0
2 59 57: 1460, 10, 0
2 59 58: 1460, 10, 0
2 59 59: 1460, 10, 0
2 59 60: 1460, 10, 0
2 59 61: 1460, 10, 0
2 59 62: 1460, 10, 0
2 59 63: 1460, 10, 0
2 60 47: 1460, 10, 0
2 60 48: 1460, 10, 0
2 60 49: 1460, 10, 0
2 60 50: 1460, 10, 0
2 60 51: 1460, 10, 0
2 60 52: 1460, 10, 0
2 60 53: 1460, 10, 0
2 60 54: 1460, 10, 0
2 60 55: 1460, 10, 0
2 60 56: 1460, 10, 0
2 60 57: 1460, 10, 0
2 60 58: 1460, 10, 0
2 60 59: 1460, 10, 0
2 60 60: 1460, 10, 0
2 60 61: 1460, 10, 0
2 60 62: 1460, 10, 0
2 60 63: 1460, 10, 0
2 61 47: 1460, 10, 0
2 61 48: 1460, 10, 0
2 61 49: 1460, 10, 0
2 61 50: 1460, 10, 0
2 61 51: 1460, 10, 0
2 61 52: 1460, 10, 0
2 61 53: 1460, 10, 0
2 61 54: 1460, 10, 0
2 61 55: 1460, 10, 0
2 61 56: 1460, 10, 0
2 61 57: 1460, 10, 0
2 61 58: 1460, 10, 0
2 61 59: 1460, 10, 0
2 61 60: 1460, 10, 0
2 61 61: 1460, 10, 0
2 61 62: 1460, 10, 0
2 61 63: 1460, 10, 0
2 62 47: 1460, 10, 0
2 62 48: 1460, 10, 0
2 62 49: 1460, 10, 0
2 62 50: 1460, 10, 0
2 62 51: 1460, 10, 0
2 62 52: 1460, 10, 0
2 62 53: 1460, 10, 0
2 62 54: 1460, 10, 0
2 62 55: 1460, 10, 0
2 62 56: 1460, 10, 0
2 62 57: 1460, 10, 0
2 62 58: 1460, 10, 0
2 62 59: 1460, 10, 0
2 62 60: 1460, 10, 0
2 62 61: 1460, 10, 0
2 62 62: 1460, 10, 0
2 62 63: 1460, 10, 0
2 63 47: 1460, 10, 0
2 63 48: 1460, 10, 0
2 63 49: 1460, 10, 0
2 63 50: 1460, 10, 0
2 63 51: 1460, 10, 0
2 63 52: 1460, 10, 0
2 63 53: 1460, 10, 0
2 63 54: 1460, 10, 0
2 63 55: 1460, 10, 0
2 63 56: 1460, 10, 0
2 63 57: 1460, 10, 0
2 63 58: 1460, 10, 0
2 63 59: 1460, 10, 0
2 63 60: 1460, 10, 0
2 63 61: 1460, 10, 0
2 63 62: 1460, 10, 0
2 63 63: 1460, 10, 0
