0 4 19: 3310, 10, 2
0 4 49: 3310, 10, 2
0 5 14: 3310, 10, 2
0 5 15: 3310, 10, 2
0 5 16: 3310, 10, 2
0 5 17: 3311, 10, 2
0 5 18: 3317, 10, 2
0 5 20: 3313, 10, 3
0 5 35: 3314, 10, 2
0 5 36: 3316, 10, 2
0 5 37: 3316, 10, 2
0 5 38: 3316, 10, 2
0 5 39: 3314, 10, 3
0 5 41: 3314, 10, 2
0 5 42: 3316, 10, 2
0 5 43: 3314, 10, 3
0 5 48: 3312, 10, 1
0 5 49: 3247, 10, 3
0 5 50: 3311, 10, 3
0 5 52: 3310, 10, 2
0 6 0: 3313, 10, 3
0 6 12: 3314, 10, 2
0 6 13: 3317, 10, 2
0 6 14: 3249, 10, 1
0 6 21: 3318, 10, 2
0 6 22: 3312, 10, 2
0 6 23: 3310, 10, 2
0 6 24: 3310, 10, 2
0 6 34: 3311, 10, 2
0 6 35: 3315, 10, 2
0 6 39: 3315, 10, 3
0 6 40: 3316, 10, 2
0 6 41: 3315, 10, 2
0 6 43: 3315, 10, 3
0 6 44: 3316, 10, 2
0 6 45: 3312, 10, 2
0 6 46: 3310, 10, 2
0 6 47: 3311, 10, 2
0 6 48: 3315, 10, 2
0 6 49: 3248, 10, 1
0 6 50: 3315, 10, 3
0 6 51: 3317, 10, 2
0 6 53: 3318, 10, 2
0 6 54: 3314, 10, 3
0 7 1: 3318, 10, 2
0 7 2: 3316, 10, 2
0 7 3: 3312, 10, 2
0 7 4: 3310, 10, 2
0 7 10: 3311, 10, 2
0 7 11: 3316, 10, 2
0 7 12: 3315, 10, 2
0 7 14: 3247, 10, 3
0 7 24: 3249, 10, 1
0 7 25: 3313, 10, 3
0 7 32: 3311, 10, 2
0 7 33: 3317, 10, 2
0 7 35: 3243, 10, 0
0 7 49: 3247, 10, 3
0 7 54: 3317, 10, 3
0 8 5: 3318, 10, 2
0 8 6: 3314, 10, 3
0 8 8: 3314, 10, 2
0 8 9: 3317, 10, 2
0 8 14: 3248, 10, 1
0 8 24: 3248, 10, 1
0 8 26: 3318, 10, 2
0 8 27: 3316, 10, 2
0 8 28: 3312, 10, 2
0 8 29: 3310, 10, 2
0 8 30: 3311, 10, 2
0 8 31: 3317, 10, 2
0 8 41: 3243, 10, 0
0 8 49: 3249, 10, 1
0 8 55: 3318, 10, 2
0 8 56: 3314, 10, 3
0 9 6: 3315, 10, 3
0 9 7: 3316, 10, 2
0 9 8: 3315, 10, 2
0 9 22: 3243, 10, 2
0 9 39: 3248, 10, 2
0 9 40: 3247, 10, 0
0 9 47: 3243, 10, 1
0 9 56: 3315, 10, 3
0 9 57: 3314, 10, 3
0 10 28: 3243, 10, 0
0 10 45: 3248, 10, 2
0 10 46: 3249, 10, 2
0 10 57: 3316, 10, 3
0 11 26: 3249, 10, 2
0 11 27: 3247, 10, 0
0 11 35: 3258, 10, 1
0 11 57: 3312, 10, 3
0 12 14: 3249, 10, 1
0 12 32: 3247, 10, 0
0 12 33: 3248, 10, 2
0 12 34: 3249, 10, 0
0 12 57: 3310, 10, 3
0 13 14: 3248, 10, 1
0 13 48: 3248, 10, 1
0 13 57: 3311, 10, 3
0 14 12: 3243, 10, 3
0 14 48: 3247, 10, 3
0 14 57: 3315, 10, 3
0 14 58: 3314, 10, 3
0 15 46: 3243, 10, 2
0 15 58: 3316, 10, 3
0 16 16: 3247, 10, 0
0 16 17: 3248, 10, 2
0 16 18: 3247, 10, 0
0 16 19: 3251, 10, 2
0 16 25: 3243, 10, 1
0 16 34: 3243, 10, 3
0 16 52: 3243, 10, 3
0 16 58: 3312, 10, 3
0 17 21: 3249, 10, 2
0 17 22: 3247, 10, 0
0 17 23: 3248, 10, 2
0 17 24: 3247, 10, 0
0 17 30: 3252, 10, 0
0 17 32: 3248, 10, 2
0 17 33: 3247, 10, 0
0 17 50: 3248, 10, 2
0 17 51: 3249, 10, 2
0 17 58: 3310, 10, 3
0 18 6: 3257, 10, 3
0 18 13: 3249, 10, 1
0 18 29: 3247, 10, 0
0 18 58: 3311, 10, 3
0 19 13: 3252, 10, 1
0 19 47: 3247, 10, 3
0 19 58: 3316, 10, 3
0 20 26: 3249, 10, 3
0 20 41: 3257, 10, 1
0 20 47: 3248, 10, 1
0 20 58: 3312, 10, 3
0 21 14: 3258, 10, 2
0 21 26: 3247, 10, 3
0 21 29: 3243, 10, 0
0 21 47: 3247, 10, 3
0 21 57: 3318, 10, 3
0 22 16: 3260, 10, 1
0 22 26: 3250, 10, 3
0 22 47: 3249, 10, 1
0 22 57: 3315, 10, 3
0 22 58: 3314, 10, 3
0 23 26: 3247, 10, 3
0 23 45: 3243, 10, 3
0 23 58: 3312, 10, 3
0 24 26: 3249, 10, 1
0 24 52: 3243, 10, 3
0 24 57: 3318, 10, 3
0 25 17: 3250, 10, 1
0 25 26: 3247, 10, 3
0 25 30: 3249, 10, 3
0 25 49: 3249, 10, 2
0 25 50: 3247, 10, 0
0 25 51: 3248, 10, 2
0 25 57: 3316, 10, 3
0 26 16: 3259, 10, 1
0 26 24: 3243, 10, 0
0 26 30: 3248, 10, 1
0 26 57: 3316, 10, 3
0 27 30: 3247, 10, 3
0 27 57: 3315, 10, 3
0 27 58: 3314, 10, 3
0 28 13: 3259, 10, 3
0 28 15: 3248, 10, 2
0 28 28: 3249, 10, 2
0 28 29: 3247, 10, 0
0 28 30: 3253, 10, 1
0 28 31: 3258, 10, 0
0 28 36: 3243, 10, 2
0 28 58: 3317, 10, 3
0 29 33: 3252, 10, 2
0 29 35: 3247, 10, 0
0 29 59: 3311, 10, 3
0 30 3: 3257, 10, 2
0 30 32: 3253, 10, 2
0 30 40: 3247, 10, 0
0 30 41: 3248, 10, 2
0 30 42: 3258, 10, 0
0 30 59: 3317, 10, 3
0 31 13: 3247, 10, 3
0 31 32: 3249, 10, 3
0 31 60: 3310, 10, 3
0 32 13: 3248, 10, 1
0 32 30: 3243, 10, 1
0 32 43: 3258, 10, 2
0 32 48: 3243, 10, 1
0 32 60: 3310, 10, 3
0 33 13: 3247, 10, 3
0 33 60: 3310, 10, 3
0 34 13: 3249, 10, 1
0 34 23: 3257, 10, 0
0 34 52: 3260, 10, 1
0 34 59: 3318, 10, 3
0 35 13: 3250, 10, 3
0 35 59: 3312, 10, 3
0 36 13: 3247, 10, 3
0 36 58: 3318, 10, 3
0 37 13: 3248, 10, 1
0 37 37: 3257, 10, 2
0 37 53: 3249, 10, 1
0 37 57: 3315, 10, 0
0 37 58: 3314, 10, 0
0 38 13: 3247, 10, 3
0 38 53: 3248, 10, 1
0 38 57: 3312, 10, 3
0 39 3: 3243, 10, 0
0 39 13: 3247, 10, 3
0 39 53: 3247, 10, 3
0 39 57: 3310, 10, 3
0 40 11: 3243, 10, 2
0 40 53: 3248, 10, 1
0 40 56: 3318, 10, 3
0 41 7: 3247, 10, 0
0 41 8: 3249, 10, 0
0 41 9: 3248, 10, 2
0 41 10: 3249, 10, 2
0 41 26: 3243, 10, 2
0 41 53: 3249, 10, 1
0 41 56: 3312, 10, 3
0 42 15: 3247, 10, 0
0 42 16: 3248, 10, 2
0 42 17: 3250, 10, 0
0 42 21: 3249, 10, 0
0 42 22: 3247, 10, 0
0 42 23: 3250, 10, 0
0 42 24: 3247, 10, 0
0 42 25: 3247, 10, 0
0 42 51: 3243, 10, 3
0 42 56: 3310, 10, 3
0 43 4: 3247, 10, 3
0 43 30: 3248, 10, 2
0 43 31: 3247, 10, 0
0 43 35: 3249, 10, 2
0 43 36: 3250, 10, 0
0 43 37: 3259, 10, 0
0 43 43: 3258, 10, 3
0 43 45: 3247, 10, 0
0 43 49: 3248, 10, 2
0 43 50: 3247, 10, 0
0 43 56: 3310, 10, 3
0 44 4: 3248, 10, 1
0 44 56: 3311, 10, 3
0 45 4: 3247, 10, 3
0 45 27: 3247, 10, 3
0 45 39: 3258, 10, 2
0 45 42: 3258, 10, 1
0 45 56: 3317, 10, 3
0 46 3: 3259, 10, 1
0 46 27: 3248, 10, 1
0 46 41: 3250, 10, 2
0 46 57: 3310, 10, 3
0 47 13: 3243, 10, 1
0 47 26: 3259, 10, 1
0 47 57: 3311, 10, 3
0 48 0: 3247, 10, 0
0 48 1: 3249, 10, 0
0 48 2: 3249, 10, 2
0 48 56: 3315, 10, 0
0 48 57: 3314, 10, 0
0 49 17: 3247, 10, 0
0 49 18: 3249, 10, 0
0 49 19: 3247, 10, 0
0 49 20: 3248, 10, 2
0 49 21: 3247, 10, 0
0 49 22: 3250, 10, 0
0 49 23: 3247, 10, 0
0 49 24: 3248, 10, 2
0 49 25: 3247, 10, 0
0 49 52: 3250, 10, 1
0 49 56: 3312, 10, 3
0 50 52: 3249, 10, 1
0 50 55: 3318, 10, 3
0 51 7: 3257, 10, 1
0 51 14: 3249, 10, 1
0 51 52: 3248, 10, 1
0 51 54: 3315, 10, 0
0 51 55: 3314, 10, 0
0 52 43: 3257, 10, 0
0 52 52: 3247, 10, 1
0 52 53: 3317, 10, 0
0 52 54: 3314, 10, 0
0 53 50: 3315, 10, 0
0 53 51: 3311, 10, 0
0 53 52: 3310, 10, 0
0 54 19: 3257, 10, 3
0 54 42: 3317, 10, 0
0 54 43: 3316, 10, 0
0 54 44: 3315, 10, 1
0 54 48: 3315, 10, 0
0 54 49: 3316, 10, 0
0 54 50: 3314, 10, 0
0 55 14: 3248, 10, 1
0 55 34: 3317, 10, 0
0 55 35: 3315, 10, 1
0 55 40: 3317, 10, 0
0 55 41: 3311, 10, 0
0 55 44: 3314, 10, 1
0 55 45: 3311, 10, 0
0 55 46: 3310, 10, 0
0 55 47: 3312, 10, 0
0 55 48: 3314, 10, 0
0 56 1: 3317, 10, 0
0 56 2: 3311, 10, 0
0 56 3: 3310, 10, 0
0 56 4: 3312, 10, 0
0 56 5: 3315, 10, 1
0 56 14: 3249, 10, 1
0 56 31: 3317, 10, 0
0 56 32: 3316, 10, 0
0 56 33: 3311, 10, 0
0 56 35: 3314, 10, 1
0 56 36: 3318, 10, 0
0 56 38: 3317, 10, 0
0 56 39: 3311, 10, 0
0 57 0: 3311, 10, 0
0 57 5: 3314, 10, 1
0 57 6: 3318, 10, 0
0 57 7: 3317, 10, 0
0 57 8: 3316, 10, 0
0 57 9: 3318, 10, 0
0 57 14: 3248, 10, 1
0 57 21: 3317, 10, 0
0 57 22: 3316, 10, 0
0 57 23: 3315, 10, 1
0 57 25: 3317, 10, 0
0 57 26: 3316, 10, 0
0 57 27: 3315, 10, 1
0 57 29: 3317, 10, 0
0 57 30: 3311, 10, 0
0 57 37: 3310, 10, 0
0 58 10: 3310, 10, 0
0 58 11: 3312, 10, 0
0 58 12: 3315, 10, 1
0 58 14: 3247, 10, 1
0 58 19: 3317, 10, 0
0 58 20: 3311, 10, 0
0 58 23: 3314, 10, 1
0 58 24: 3311, 10, 0
0 58 27: 3314, 10, 1
0 58 28: 3311, 10, 0
0 59 12: 3314, 10, 1
0 59 13: 3318, 10, 0
0 59 14: 3247, 10, 3
0 59 15: 3317, 10, 0
0 59 16: 3316, 10, 0
0 59 17: 3311, 10, 0
0 59 18: 3310, 10, 0
0 60 14: 3310, 10, 0
1 0 1: 1459, 1, 1
1 0 2: 1459, 1, 2
1 0 3: 1459, 1, 1
1 0 4: 1459, 0, 2
1 0 5: 1459, 0, 2
1 0 6: 1459, 1, 2
1 0 28: 1459, 1, 1
1 0 29: 1459, 0, 2
1 0 30: 1459, 0, 2
1 0 31: 1459, 0, 2
1 0 32: 1459, 0, 2
1 0 33: 1459, 1, 2
1 0 41: 1459, 1, 1
1 0 42: 1459, 0, 2
1 0 43: 1459, 1, 2
1 0 45: 1459, 1, 1
1 0 46: 1459, 0, 2
1 0 47: 1459, 1, 2
1 0 49: 1459, 1, 1
1 0 50: 1459, 1, 2
1 0 52: 1459, 1, 1
1 0 53: 1459, 0, 2
1 0 54: 1459, 1, 2
1 0 56: 1459, 1, 1
1 0 57: 3222, 10, 2
1 0 58: 1459, 1, 2
1 1 0: 1459, 0, 2
1 1 1: 1459, 9, 1
1 1 2: 1459, 9, 2
1 1 3: 1459, 9, 1
1 1 6: 1459, 9, 2
1 1 7: 1459, 1, 2
1 1 10: 1459, 1, 1
1 1 11: 1459, 0, 2
1 1 12: 1459, 0, 2
1 1 13: 1459, 0, 2
1 1 14: 1459, 1, 2
1 1 15: 1459, 1, 1
1 1 16: 1459, 0, 2
1 1 17: 1459, 0, 2
1 1 18: 1459, 1, 2
1 1 24: 1459, 1, 1
1 1 25: 1459, 0, 2
1 1 26: 1459, 0, 2
1 1 27: 1459, 0, 2
1 1 28: 1459, 9, 1
1 1 31: 185, 22, 0
1 1 32: 185, 22, 1
1 1 33: 1459, 9, 2
1 1 34: 1459, 0, 2
1 1 35: 1459, 0, 2
1 1 36: 1459, 1, 2
1 1 40: 1459, 1, 1
1 1 41: 1459, 9, 1
1 1 43: 1459, 9, 2
1 1 44: 1459, 0, 2
1 1 45: 1459, 9, 1
1 1 47: 1459, 9, 2
1 1 48: 1459, 0, 2
1 1 49: 1459, 9, 1
1 1 50: 1459, 9, 2
1 1 51: 1459, 0, 2
1 1 52: 1459, 9, 1
1 1 54: 1459, 9, 2
1 1 55: 1459, 0, 2
1 1 56: 1459, 9, 1
1 1 58: 1459, 9, 2
1 1 59: 1459, 1, 2
1 2 0: 185, 22, 0
1 2 1: 185, 22, 3
1 2 2: 185, 22, 3
1 2 3: 185, 22, 2
1 2 4: 185, 22, 1
1 2 5: 185, 22, 1
1 2 7: 1459, 9, 2
1 2 8: 1459, 0, 2
1 2 9: 1459, 0, 2
1 2 10: 1459, 9, 1
1 2 14: 1459, 9, 2
1 2 15: 1459, 9, 1
1 2 18: 1459, 9, 2
1 2 19: 1459, 0, 2
1 2 20: 1459, 0, 2
1 2 21: 1459, 0, 2
1 2 22: 1459, 1, 2
1 2 23: 1469, 1, 1
1 2 24: 1459, 9, 1
1 2 28: 185, 22, 2
1 2 29: 185, 22, 3
1 2 31: 185, 22, 0
1 2 33: 185, 22, 2
1 2 36: 1459, 9, 2
1 2 37: 1459, 1, 2
1 2 40: 1459, 0, 1
1 2 46: 185, 22, 0
1 2 52: 185, 22, 3
1 2 55: 185, 22, 0
1 2 57: 185, 22, 0
1 2 59: 1459, 9, 2
1 2 60: 1459, 0, 2
1 2 61: 1459, 1, 2
1 3 1: 186, 22, 2
1 3 3: 185, 22, 2
1 3 4: 184, 22, 1
1 3 5: 185, 22, 2
1 3 6: 185, 22, 0
1 3 7: 185, 22, 3
1 3 9: 185, 22, 3
1 3 10: 185, 22, 3
1 3 11: 185, 22, 3
1 3 12: 185, 22, 3
1 3 14: 185, 22, 3
1 3 16: 185, 22, 3
1 3 18: 185, 22, 2
1 3 19: 185, 22, 2
1 3 20: 185, 22, 2
1 3 22: 1459, 9, 2
1 3 23: 1459, 9, 1
1 3 26: 185, 22, 1
1 3 27: 184, 22, 1
1 3 32: 184, 22, 3
1 3 33: 185, 22, 2
1 3 34: 185, 22, 2
1 3 35: 185, 22, 3
1 3 37: 1459, 9, 2
1 3 38: 1459, 0, 2
1 3 39: 1459, 0, 2
1 3 40: 1459, 9, 1
1 3 42: 185, 22, 1
1 3 43: 185, 22, 2
1 3 44: 185, 22, 2
1 3 45: 185, 22, 3
1 3 47: 184, 22, 0
1 3 49: 185, 22, 3
1 3 51: 185, 22, 2
1 3 53: 185, 22, 3
1 3 55: 185, 22, 3
1 3 59: 184, 22, 2
1 3 61: 1459, 9, 2
1 3 62: 1459, 1, 2
1 4 0: 185, 22, 1
1 4 2: 185, 22, 0
1 4 3: 185, 22, 2
1 4 6: 185, 22, 1
1 4 7: 185, 22, 2
1 4 9: 185, 22, 3
1 4 10: 185, 22, 1
1 4 11: 184, 22, 2
1 4 13: 185, 22, 2
1 4 14: 185, 22, 0
1 4 16: 185, 22, 3
1 4 17: 184, 22, 3
1 4 18: 185, 22, 0
1 4 20: 185, 22, 3
1 4 21: 185, 22, 3
1 4 23: 185, 22, 1
1 4 24: 185, 22, 3
1 4 25: 185, 22, 0
1 4 26: 185, 22, 0
1 4 27: 185, 22, 3
1 4 28: 185, 22, 0
1 4 29: 185, 22, 1
1 4 30: 185, 22, 1
1 4 32: 185, 22, 1
1 4 34: 185, 22, 1
1 4 35: 186, 22, 2
1 4 36: 185, 22, 0
1 4 37: 185, 22, 1
1 4 38: 185, 22, 1
1 4 41: 185, 22, 1
1 4 43: 185, 22, 0
1 4 44: 185, 22, 2
1 4 45: 186, 22, 3
1 4 46: 185, 22, 2
1 4 47: 185, 22, 2
1 4 50: 185, 22, 1
1 4 51: 185, 22, 2
1 4 52: 186, 22, 3
1 4 54: 185, 22, 0
1 4 56: 184, 22, 1
1 4 60: 185, 22, 0
1 4 62: 1459, 9, 2
1 4 63: 1459, 1, 2
1 5 1: 185, 22, 3
1 5 2: 184, 22, 0
1 5 3: 185, 22, 3
1 5 5: 186, 22, 3
1 5 7: 184, 22, 2
1 5 8: 185, 22, 0
1 5 9: 185, 22, 0
1 5 10: 185, 22, 0
1 5 11: 185, 22, 0
1 5 12: 185, 22, 2
1 5 14: 185, 22, 1
1 5 15: 185, 22, 1
1 5 21: 185, 22, 0
1 5 22: 185, 22, 1
1 5 24: 186, 22, 0
1 5 25: 185, 22, 1
1 5 26: 185, 22, 0
1 5 27: 185, 22, 0
1 5 29: 185, 22, 3
1 5 33: 185, 22, 3
1 5 34: 185, 22, 0
1 5 40: 185, 22, 3
1 5 44: 185, 22, 0
1 5 45: 185, 22, 1
1 5 46: 185, 22, 1
1 5 52: 185, 22, 0
1 5 53: 185, 22, 3
1 5 55: 185, 22, 2
1 5 56: 185, 22, 1
1 5 58: 185, 22, 2
1 5 61: 185, 22, 0
1 5 62: 185, 22, 0
1 5 63: 1459, 0, 3
1 6 1: 185, 22, 1
1 6 2: 185, 22, 1
1 6 3: 185, 22, 2
1 6 4: 185, 22, 3
1 6 5: 185, 22, 3
1 6 6: 185, 22, 1
1 6 7: 185, 22, 0
1 6 8: 185, 22, 2
1 6 9: 186, 22, 3
1 6 10: 185, 22, 3
1 6 11: 185, 22, 3
1 6 26: 185, 22, 2
1 6 27: 185, 22, 3
1 6 28: 185, 22, 3
1 6 29: 185, 22, 2
1 6 30: 185, 22, 0
1 6 31: 185, 22, 1
1 6 55: 185, 22, 1
1 6 56: 185, 22, 0
1 6 57: 185, 22, 2
1 6 60: 186, 22, 0
1 6 63: 1459, 0, 3
1 7 6: 185, 22, 3
1 7 7: 185, 22, 3
1 7 8: 185, 22, 0
1 7 9: 185, 22, 1
1 7 14: 185, 22, 3
1 7 24: 185, 22, 0
1 7 28: 185, 22, 2
1 7 29: 184, 22, 2
1 7 30: 185, 22, 3
1 7 49: 185, 22, 0
1 7 57: 186, 22, 1
1 7 59: 185, 22, 1
1 7 60: 185, 22, 2
1 7 61: 185, 22, 2
1 7 62: 185, 22, 2
1 7 63: 1459, 0, 3
1 8 7: 185, 22, 1
1 8 14: 184, 22, 0
1 8 24: 186, 22, 0
1 8 36: 185, 22, 1
1 8 36: 3350, 2, 3
1 8 36: 3352, 10, 0
1 8 37: 185, 22, 0
1 8 37: 3350, 2, 0
1 8 49: 184, 22, 0
1 8 57: 185, 22, 3
1 8 58: 185, 22, 0
1 8 59: 184, 22, 3
1 8 60: 185, 22, 3
1 8 61: 185, 22, 3
1 8 62: 1459, 9, 3
1 8 63: 1459, 1, 3
1 9 14: 3255, 10, 3
1 9 36: 185, 22, 2
1 9 36: 3350, 2, 2
1 9 37: 185, 22, 3
1 9 37: 3350, 2, 1
1 9 38: 185, 22, 2
1 9 39: 185, 22, 1
1 9 40: 184, 22, 0
1 9 41: 185, 22, 1
1 9 42: 3350, 2, 3
1 9 42: 3352, 10, 0
1 9 43: 185, 22, 3
1 9 43: 3350, 2, 0
1 9 49: 185, 22, 1
1 9 61: 1459, 9, 3
1 9 62: 1459, 1, 3
1 10 23: 185, 22, 1
1 10 23: 3350, 2, 3
1 10 23: 3352, 10, 0
1 10 24: 185, 22, 2
1 10 24: 3350, 2, 0
1 10 36: 185, 22, 3
1 10 42: 185, 22, 1
1 10 42: 3350, 2, 2
1 10 43: 185, 22, 2
1 10 43: 3350, 2, 1
1 10 45: 184, 22, 1
1 10 46: 186, 22, 0
1 10 47: 185, 22, 0
1 10 48: 3350, 2, 3
1 10 48: 3352, 10, 0
1 10 49: 3350, 2, 0
1 10 58: 185, 22, 0
1 10 59: 185, 22, 1
1 10 61: 1459, 0, 3
1 11 23: 186, 22, 2
1 11 23: 3350, 2, 2
1 11 24: 185, 22, 3
1 11 24: 3350, 2, 1
1 11 25: 185, 22, 1
1 11 26: 184, 22, 1
1 11 27: 186, 22, 1
1 11 28: 185, 22, 0
1 11 29: 185, 22, 0
1 11 29: 3350, 2, 3
1 11 29: 3352, 10, 0
1 11 30: 185, 22, 2
1 11 30: 3350, 2, 0
1 11 36: 185, 22, 1
1 11 48: 3350, 2, 2
1 11 49: 3350, 2, 1
1 11 59: 185, 22, 2
1 11 60: 1459, 9, 3
1 11 61: 1459, 1, 3
1 12 14: 186, 22, 3
1 12 29: 185, 22, 0
1 12 29: 3350, 2, 2
1 12 30: 185, 22, 1
1 12 30: 3350, 2, 1
1 12 31: 185, 22, 2
1 12 32: 185, 22, 3
1 12 33: 184, 22, 2
1 12 34: 184, 22, 3
1 12 35: 185, 22, 2
1 12 48: 185, 22, 2
1 12 58: 185, 22, 3
1 12 60: 1459, 9, 2
1 12 61: 1459, 1, 2
1 13 14: 184, 22, 1
1 13 48: 184, 22, 2
1 13 58: 185, 22, 3
1 13 59: 186, 22, 2
1 13 60: 185, 22, 0
1 13 61: 1459, 0, 3
1 14 48: 185, 22, 2
1 14 58: 185, 22, 0
1 14 59: 185, 22, 1
1 14 60: 185, 22, 3
1 14 61: 1459, 0, 3
1 15 13: 185, 22, 2
1 15 14: 185, 22, 3
1 15 48: 185, 22, 0
1 15 59: 184, 22, 0
1 15 60: 185, 22, 2
1 15 61: 1459, 9, 2
1 15 62: 1459, 1, 2
1 16 13: 185, 22, 1
1 16 14: 185, 22, 0
1 16 15: 185, 22, 2
1 16 16: 185, 22, 1
1 16 17: 184, 22, 3
1 16 18: 185, 22, 0
1 16 47: 185, 22, 0
1 16 47: 3350, 2, 3
1 16 47: 3352, 10, 0
1 16 48: 185, 22, 3
1 16 48: 3350, 2, 0
1 16 60: 185, 22, 3
1 16 62: 1459, 0, 3
1 17 14: 184, 22, 2
1 17 20: 185, 22, 3
1 17 21: 184, 22, 2
1 17 22: 185, 22, 2
1 17 23: 184, 22, 1
1 17 24: 185, 22, 1
1 17 25: 185, 22, 0
1 17 26: 185, 22, 0
1 17 26: 3350, 2, 3
1 17 26: 3352, 10, 0
1 17 27: 185, 22, 2
1 17 27: 3350, 2, 0
1 17 32: 184, 22, 3
1 17 33: 185, 22, 0
1 17 34: 184, 22, 2
1 17 35: 185, 22, 1
1 17 35: 3350, 2, 3
1 17 35: 3352, 10, 0
1 17 36: 185, 22, 2
1 17 36: 3350, 2, 0
1 17 47: 185, 22, 1
1 17 47: 3350, 2, 2
1 17 48: 185, 22, 2
1 17 48: 3350, 2, 1
1 17 49: 185, 22, 3
1 17 50: 184, 22, 0
1 17 51: 185, 22, 2
1 17 52: 185, 22, 1
1 17 53: 185, 22, 0
1 17 53: 3350, 2, 3
1 17 53: 3352, 10, 0
1 17 54: 185, 22, 3
1 17 54: 3350, 2, 0
1 17 59: 185, 22, 3
1 17 61: 185, 22, 2
1 17 62: 1459, 0, 3
1 18 6: 3256, 10, 3
1 18 26: 185, 22, 3
1 18 26: 3350, 2, 2
1 18 27: 185, 22, 1
1 18 27: 3350, 2, 1
1 18 28: 185, 22, 2
1 18 29: 184, 22, 0
1 18 30: 185, 22, 1
1 18 35: 185, 22, 3
1 18 35: 3350, 2, 2
1 18 36: 185, 22, 0
1 18 36: 660, 10, 2
1 18 36: 3350, 2, 1
1 18 47: 185, 22, 1
1 18 53: 185, 22, 0
1 18 53: 3350, 2, 2
1 18 54: 185, 22, 2
1 18 54: 3350, 2, 1
1 18 59: 185, 22, 0
1 18 60: 185, 22, 2
1 18 62: 1459, 9, 2
1 18 63: 1459, 1, 2
1 19 26: 185, 22, 0
1 19 47: 186, 22, 1
1 19 60: 184, 22, 1
1 19 61: 185, 22, 3
1 19 62: 185, 22, 2
1 19 63: 1459, 0, 3
1 20 14: 184, 22, 3
1 20 26: 184, 22, 1
1 20 41: 3256, 10, 1
1 20 47: 185, 22, 0
1 20 59: 185, 22, 1
1 20 60: 185, 22, 0
1 20 61: 185, 22, 0
1 20 63: 1459, 0, 3
1 21 14: 185, 22, 3
1 21 26: 185, 22, 2
1 21 47: 184, 22, 3
1 21 59: 185, 22, 1
1 21 60: 185, 22, 0
1 21 61: 185, 22, 0
1 21 62: 185, 22, 1
1 21 63: 1459, 0, 3
1 22 15: 184, 22, 0
1 22 16: 185, 22, 0
1 22 26: 185, 22, 2
1 22 30: 185, 22, 1
1 22 30: 3350, 2, 3
1 22 30: 3351, 10, 0
1 22 31: 185, 22, 1
1 22 31: 3350, 2, 0
1 22 47: 185, 22, 2
1 22 59: 185, 22, 3
1 22 61: 185, 22, 2
1 22 62: 1459, 9, 3
1 22 63: 1459, 1, 3
1 23 17: 185, 22, 1
1 23 26: 185, 22, 0
1 23 30: 184, 22, 3
1 23 30: 3350, 2, 2
1 23 31: 185, 22, 0
1 23 31: 3350, 2, 1
1 23 47: 185, 22, 1
1 23 59: 185, 22, 2
1 23 61: 185, 22, 2
1 23 62: 1459, 0, 3
1 24 17: 184, 22, 1
1 24 26: 184, 22, 0
1 24 30: 185, 22, 2
1 24 46: 185, 22, 1
1 24 46: 3350, 2, 3
1 24 46: 3352, 10, 0
1 24 47: 185, 22, 3
1 24 47: 3350, 2, 0
1 24 58: 186, 22, 3
1 24 60: 185, 22, 0
1 24 62: 1459, 0, 3
1 25 17: 185, 22, 2
1 25 26: 185, 22, 1
1 25 30: 185, 22, 3
1 25 46: 185, 22, 2
1 25 46: 3350, 2, 2
1 25 47: 185, 22, 0
1 25 47: 3350, 2, 1
1 25 48: 185, 22, 0
1 25 49: 185, 22, 3
1 25 50: 185, 22, 2
1 25 51: 184, 22, 2
1 25 52: 185, 22, 3
1 25 53: 185, 22, 2
1 25 53: 3350, 2, 3
1 25 53: 3352, 10, 0
1 25 54: 185, 22, 1
1 25 54: 3350, 2, 0
1 25 58: 185, 22, 3
1 25 59: 185, 22, 2
1 25 60: 184, 22, 3
1 25 61: 1459, 9, 3
1 25 62: 1459, 1, 3
1 26 17: 186, 22, 3
1 26 26: 184, 22, 2
1 26 30: 185, 22, 3
1 26 53: 185, 22, 3
1 26 53: 3350, 2, 2
1 26 54: 185, 22, 0
1 26 54: 3350, 2, 1
1 26 59: 185, 22, 3
1 26 61: 1459, 0, 3
1 27 17: 185, 22, 3
1 27 25: 185, 22, 3
1 27 25: 3350, 2, 3
1 27 25: 3352, 10, 0
1 27 26: 185, 22, 0
1 27 26: 3350, 2, 0
1 27 30: 185, 22, 0
1 27 60: 185, 22, 0
1 27 61: 1459, 0, 3
1 28 14: 184, 22, 2
1 28 15: 185, 22, 0
1 28 16: 184, 22, 2
1 28 25: 185, 22, 2
1 28 25: 3350, 2, 2
1 28 26: 3350, 2, 1
1 28 27: 185, 22, 2
1 28 28: 184, 22, 1
1 28 29: 185, 22, 1
1 28 30: 186, 22, 2
1 28 31: 185, 22, 2
1 28 60: 185, 22, 3
1 28 61: 1459, 9, 2
1 28 62: 1459, 1, 2
1 29 32: 185, 22, 0
1 29 33: 185, 22, 2
1 29 34: 186, 22, 3
1 29 35: 185, 22, 2
1 29 36: 184, 22, 0
1 29 37: 185, 22, 3
1 29 37: 3350, 2, 3
1 29 37: 3352, 10, 0
1 29 38: 185, 22, 3
1 29 38: 3350, 2, 0
1 29 61: 185, 22, 0
1 29 62: 1459, 0, 3
1 30 3: 3256, 10, 2
1 30 13: 185, 22, 2
1 30 32: 184, 22, 2
1 30 37: 185, 22, 0
1 30 37: 3350, 2, 2
1 30 38: 185, 22, 1
1 30 38: 3350, 2, 1
1 30 39: 185, 22, 0
1 30 40: 184, 22, 3
1 30 41: 186, 22, 0
1 30 42: 185, 22, 1
1 30 60: 185, 22, 1
1 30 61: 1459, 9, 3
1 30 62: 1459, 1, 3
1 31 13: 185, 22, 3
1 31 32: 185, 22, 3
1 31 43: 186, 22, 1
1 31 60: 185, 22, 2
1 31 61: 1459, 0, 3
1 32 13: 185, 22, 2
1 32 32: 184, 22, 1
1 32 43: 184, 22, 2
1 32 61: 1459, 0, 3
1 33 13: 185, 22, 3
1 33 31: 185, 22, 0
1 33 31: 3350, 2, 3
1 33 31: 3352, 10, 0
1 33 32: 185, 22, 2
1 33 32: 3350, 2, 0
1 33 44: 185, 22, 2
1 33 45: 3254, 10, 0
1 33 48: 184, 22, 1
1 33 49: 185, 22, 3
1 33 49: 3350, 2, 3
1 33 49: 3352, 10, 0
1 33 50: 185, 22, 3
1 33 50: 3350, 2, 0
1 33 60: 185, 22, 0
1 33 61: 1459, 9, 2
1 33 62: 1459, 1, 2
1 34 13: 185, 22, 3
1 34 23: 3256, 10, 0
1 34 31: 185, 22, 0
1 34 31: 3350, 2, 2
1 34 32: 185, 22, 2
1 34 32: 3350, 2, 1
1 34 49: 185, 22, 0
1 34 49: 3350, 2, 2
1 34 50: 185, 22, 2
1 34 50: 3350, 2, 1
1 34 51: 185, 22, 0
1 34 52: 186, 22, 2
1 34 60: 185, 22, 1
1 34 62: 1459, 0, 3
1 35 13: 185, 22, 0
1 35 53: 184, 22, 0
1 35 60: 185, 22, 2
1 35 62: 1459, 0, 3
1 36 13: 185, 22, 0
1 36 53: 185, 22, 2
1 36 60: 185, 22, 2
1 36 62: 1459, 0, 3
1 37 13: 185, 22, 1
1 37 37: 3256, 10, 2
1 37 53: 186, 22, 3
1 37 60: 185, 22, 1
1 37 62: 1459, 9, 2
1 37 63: 1459, 1, 2
1 38 13: 185, 22, 1
1 38 53: 185, 22, 3
1 38 61: 185, 22, 3
1 38 63: 1459, 0, 3
1 39 13: 184, 22, 0
1 39 53: 184, 22, 0
1 39 59: 185, 22, 3
1 39 60: 184, 22, 3
1 39 61: 185, 22, 2
1 39 63: 1459, 0, 3
1 40 4: 184, 22, 1
1 40 4: 3246, 10, 3
1 40 5: 185, 22, 2
1 40 53: 185, 22, 0
1 40 58: 185, 22, 1
1 40 59: 185, 22, 2
1 40 60: 185, 22, 3
1 40 62: 1459, 9, 3
1 40 63: 1459, 1, 3
1 41 4: 185, 22, 1
1 41 5: 185, 22, 2
1 41 7: 185, 22, 1
1 41 8: 184, 22, 3
1 41 9: 186, 22, 2
1 41 10: 185, 22, 3
1 41 11: 184, 22, 0
1 41 12: 185, 22, 1
1 41 12: 3246, 10, 2
1 41 13: 185, 22, 2
1 41 53: 185, 22, 1
1 41 57: 185, 22, 1
1 41 58: 185, 22, 2
1 41 59: 184, 22, 0
1 41 60: 185, 22, 3
1 41 62: 1459, 0, 3
1 42 12: 185, 22, 0
1 42 13: 185, 22, 0
1 42 14: 185, 22, 1
1 42 15: 184, 22, 1
1 42 16: 185, 22, 2
1 42 17: 186, 22, 1
1 42 18: 3254, 10, 2
1 42 21: 185, 22, 3
1 42 22: 184, 22, 3
1 42 23: 185, 22, 1
1 42 24: 184, 22, 2
1 42 25: 185, 22, 2
1 42 26: 184, 22, 3
1 42 27: 185, 22, 0
1 42 27: 3246, 10, 0
1 42 28: 185, 22, 1
1 42 53: 184, 22, 3
1 42 57: 186, 22, 1
1 42 58: 185, 22, 3
1 42 59: 185, 22, 0
1 42 61: 1459, 9, 3
1 42 62: 1459, 1, 3
1 43 4: 185, 22, 0
1 43 27: 185, 22, 0
1 43 28: 185, 22, 2
1 43 29: 184, 22, 1
1 43 30: 186, 22, 0
1 43 31: 184, 22, 2
1 43 32: 3255, 10, 0
1 43 35: 186, 22, 3
1 43 36: 185, 22, 3
1 43 37: 185, 22, 0
1 43 38: 184, 22, 3
1 43 44: 185, 22, 2
1 43 45: 185, 22, 1
1 43 46: 3254, 10, 2
1 43 49: 185, 22, 2
1 43 50: 184, 22, 0
1 43 51: 185, 22, 3
1 43 52: 185, 22, 2
1 43 52: 3246, 10, 0
1 43 53: 185, 22, 3
1 43 56: 185, 22, 1
1 43 57: 185, 22, 0
1 43 61: 1459, 0, 3
1 44 4: 185, 22, 3
1 44 27: 185, 22, 2
1 44 39: 185, 22, 1
1 44 43: 186, 22, 1
1 44 52: 185, 22, 1
1 44 53: 185, 22, 0
1 44 57: 185, 22, 1
1 44 59: 185, 22, 2
1 44 61: 1459, 0, 3
1 45 4: 185, 22, 2
1 45 27: 185, 22, 0
1 45 39: 184, 22, 2
1 45 43: 185, 22, 3
1 45 52: 185, 22, 2
1 45 58: 184, 22, 2
1 45 59: 185, 22, 3
1 45 61: 1459, 0, 3
1 46 4: 186, 22, 3
1 46 27: 185, 22, 3
1 46 40: 186, 22, 2
1 46 41: 185, 22, 2
1 46 42: 184, 22, 0
1 46 52: 3254, 10, 1
1 46 58: 185, 22, 0
1 46 61: 1459, 9, 2
1 46 62: 1459, 1, 2
1 47 4: 184, 22, 2
1 47 27: 185, 22, 3
1 47 59: 185, 22, 0
1 47 62: 1459, 9, 2
1 47 63: 1459, 1, 2
1 48 0: 185, 22, 2
1 48 1: 185, 22, 1
1 48 2: 186, 22, 0
1 48 3: 185, 22, 0
1 48 14: 185, 22, 2
1 48 15: 185, 22, 2
1 48 27: 185, 22, 2
1 48 58: 185, 22, 3
1 48 60: 185, 22, 1
1 48 63: 1459, 0, 3
1 49 14: 186, 22, 1
1 49 15: 184, 22, 1
1 49 16: 185, 22, 3
1 49 17: 185, 22, 1
1 49 18: 184, 22, 2
1 49 19: 185, 22, 2
1 49 20: 185, 22, 3
1 49 21: 185, 22, 3
1 49 22: 185, 22, 2
1 49 23: 185, 22, 0
1 49 24: 186, 22, 2
1 49 25: 185, 22, 1
1 49 26: 185, 22, 1
1 49 52: 186, 22, 0
1 49 58: 185, 22, 0
1 49 59: 186, 22, 3
1 49 60: 185, 22, 2
1 49 61: 185, 22, 0
1 49 63: 1459, 0, 3
1 50 14: 185, 22, 0
1 50 52: 184, 22, 3
1 50 57: 185, 22, 2
1 50 59: 185, 22, 3
1 50 61: 185, 22, 2
1 50 63: 1459, 0, 3
1 51 7: 3256, 10, 1
1 51 14: 185, 22, 1
1 51 52: 185, 22, 0
1 51 56: 185, 22, 3
1 51 57: 185, 22, 3
1 51 58: 185, 22, 1
1 51 59: 184, 22, 2
1 51 61: 185, 22, 3
1 51 62: 1459, 9, 3
1 51 63: 1459, 1, 3
1 52 14: 3255, 10, 1
1 52 43: 3256, 10, 0
1 52 52: 185, 22, 1
1 52 57: 185, 22, 0
1 52 58: 185, 22, 2
1 52 59: 185, 22, 2
1 52 61: 185, 22, 0
1 52 62: 1459, 0, 3
1 53 55: 185, 22, 1
1 53 56: 184, 22, 2
1 53 58: 185, 22, 3
1 53 60: 185, 22, 1
1 53 62: 1459, 0, 3
1 54 19: 3256, 10, 3
1 54 51: 185, 22, 1
1 54 52: 185, 22, 2
1 54 53: 186, 22, 3
1 54 54: 185, 22, 3
1 54 55: 185, 22, 2
1 54 59: 185, 22, 1
1 54 60: 185, 22, 0
1 54 62: 1459, 9, 2
1 54 63: 1459, 1, 2
1 55 14: 184, 22, 2
1 55 49: 185, 22, 1
1 55 50: 185, 22, 0
1 55 51: 185, 22, 0
1 55 56: 185, 22, 3
1 55 58: 186, 22, 1
1 55 59: 185, 22, 2
1 55 60: 185, 22, 2
1 55 61: 185, 22, 1
1 55 63: 1459, 0, 3
1 56 14: 185, 22, 3
1 56 41: 185, 22, 0
1 56 43: 185, 22, 1
1 56 44: 185, 22, 2
1 56 46: 185, 22, 3
1 56 48: 185, 22, 2
1 56 49: 184, 22, 0
1 56 50: 185, 22, 0
1 56 52: 185, 22, 3
1 56 53: 185, 22, 3
1 56 54: 185, 22, 0
1 56 57: 185, 22, 1
1 56 59: 185, 22, 2
1 56 60: 185, 22, 2
1 56 63: 1459, 0, 3
1 57 3: 185, 22, 3
1 57 4: 185, 22, 1
1 57 14: 185, 22, 0
1 57 32: 185, 22, 3
1 57 33: 186, 22, 1
1 57 34: 185, 22, 0
1 57 35: 185, 22, 3
1 57 37: 185, 22, 1
1 57 38: 185, 22, 2
1 57 39: 185, 22, 3
1 57 40: 185, 22, 3
1 57 41: 186, 22, 3
1 57 42: 185, 22, 3
1 57 43: 186, 22, 0
1 57 44: 185, 22, 3
1 57 46: 185, 22, 0
1 57 48: 185, 22, 3
1 57 50: 185, 22, 1
1 57 51: 185, 22, 2
1 57 54: 185, 22, 0
1 57 56: 186, 22, 2
1 57 58: 185, 22, 1
1 57 59: 184, 22, 3
1 57 61: 185, 22, 0
1 57 62: 1459, 9, 3
1 57 63: 1459, 1, 3
1 58 0: 185, 22, 2
1 58 1: 185, 22, 0
1 58 2: 185, 22, 3
1 58 4: 185, 22, 0
1 58 6: 185, 22, 2
1 58 7: 185, 22, 3
1 58 8: 185, 22, 0
1 58 14: 185, 22, 1
1 58 21: 185, 22, 3
1 58 22: 185, 22, 0
1 58 25: 185, 22, 1
1 58 26: 185, 22, 1
1 58 29: 185, 22, 3
1 58 31: 185, 22, 2
1 58 32: 185, 22, 2
1 58 33: 185, 22, 2
1 58 34: 185, 22, 1
1 58 35: 185, 22, 3
1 58 37: 185, 22, 1
1 58 38: 184, 22, 2
1 58 39: 185, 22, 0
1 58 40: 185, 22, 1
1 58 41: 185, 22, 1
1 58 43: 185, 22, 1
1 58 44: 185, 22, 2
1 58 45: 186, 22, 1
1 58 46: 185, 22, 0
1 58 47: 186, 22, 1
1 58 48: 185, 22, 0
1 58 49: 185, 22, 0
1 58 52: 184, 22, 0
1 58 55: 185, 22, 1
1 58 57: 185, 22, 2
1 58 59: 185, 22, 0
1 58 60: 185, 22, 3
1 58 61: 186, 22, 2
1 58 62: 1459, 0, 3
1 59 0: 185, 22, 2
1 59 1: 184, 22, 1
1 59 2: 185, 22, 2
1 59 3: 186, 22, 1
1 59 4: 185, 22, 0
1 59 5: 185, 22, 0
1 59 7: 184, 22, 0
1 59 8: 185, 22, 1
1 59 9: 185, 22, 2
1 59 10: 185, 22, 2
1 59 11: 185, 22, 2
1 59 14: 185, 22, 2
1 59 21: 185, 22, 3
1 59 22: 185, 22, 1
1 59 24: 185, 22, 1
1 59 25: 186, 22, 0
1 59 26: 185, 22, 3
1 59 27: 185, 22, 0
1 59 28: 185, 22, 1
1 59 30: 185, 22, 2
1 59 32: 185, 22, 2
1 59 33: 185, 22, 1
1 59 34: 184, 22, 0
1 59 35: 185, 22, 0
1 59 36: 185, 22, 0
1 59 37: 185, 22, 0
1 59 38: 185, 22, 0
1 59 39: 185, 22, 0
1 59 42: 184, 22, 3
1 59 44: 185, 22, 2
1 59 45: 185, 22, 1
1 59 50: 186, 22, 0
1 59 52: 185, 22, 0
1 59 54: 185, 22, 1
1 59 55: 185, 22, 2
1 59 56: 185, 22, 3
1 59 58: 185, 22, 0
1 59 61: 185, 22, 1
1 59 62: 1459, 9, 2
1 59 63: 1459, 1, 2
1 60 0: 185, 22, 3
1 60 1: 185, 22, 0
1 60 2: 185, 22, 1
1 60 3: 185, 22, 0
1 60 5: 185, 22, 1
1 60 6: 185, 22, 0
1 60 7: 185, 22, 1
1 60 8: 185, 22, 1
1 60 9: 186, 22, 2
1 60 10: 185, 22, 0
1 60 12: 184, 22, 1
1 60 13: 185, 22, 2
1 60 15: 185, 22, 3
1 60 17: 185, 22, 0
1 60 18: 185, 22, 1
1 60 19: 185, 22, 0
1 60 20: 185, 22, 1
1 60 21: 185, 22, 1
1 60 22: 185, 22, 2
1 60 23: 185, 22, 2
1 60 24: 185, 22, 3
1 60 25: 185, 22, 3
1 60 27: 184, 22, 3
1 60 29: 185, 22, 2
1 60 31: 185, 22, 3
1 60 33: 185, 22, 0
1 60 34: 185, 22, 0
1 60 35: 185, 22, 3
1 60 36: 185, 22, 1
1 60 37: 185, 22, 1
1 60 38: 185, 22, 3
1 60 39: 185, 22, 3
1 60 40: 186, 22, 3
1 60 41: 185, 22, 2
1 60 42: 185, 22, 3
1 60 43: 185, 22, 0
1 60 44: 185, 22, 1
1 60 45: 186, 22, 3
1 60 46: 185, 22, 1
1 60 47: 185, 22, 2
1 60 51: 185, 22, 1
1 60 52: 185, 22, 3
1 60 53: 185, 22, 0
1 60 54: 185, 22, 3
1 60 55: 184, 22, 3
1 60 56: 185, 22, 3
1 60 57: 1459, 9, 3
1 60 58: 1459, 0, 0
1 60 59: 1459, 0, 0
1 60 60: 1459, 9, 0
1 60 63: 1459, 0, 3
1 61 1: 185, 22, 3
1 61 3: 184, 22, 3
1 61 5: 185, 22, 1
1 61 7: 185, 22, 0
1 61 8: 185, 22, 3
1 61 9: 185, 22, 2
1 61 11: 185, 22, 0
1 61 13: 185, 22, 1
1 61 14: 185, 22, 3
1 61 16: 185, 22, 2
1 61 17: 186, 22, 3
1 61 18: 185, 22, 1
1 61 20: 185, 22, 0
1 61 22: 185, 22, 1
1 61 23: 185, 22, 2
1 61 25: 1459, 9, 3
1 61 26: 1459, 0, 0
1 61 27: 1459, 9, 0
1 61 28: 185, 22, 1
1 61 29: 185, 22, 0
1 61 30: 185, 22, 0
1 61 32: 185, 22, 3
1 61 33: 1459, 9, 3
1 61 34: 1459, 0, 0
1 61 35: 1459, 0, 0
1 61 36: 1459, 9, 0
1 61 39: 185, 22, 3
1 61 40: 185, 22, 2
1 61 41: 185, 22, 1
1 61 44: 185, 22, 0
1 61 45: 185, 22, 3
1 61 48: 1459, 9, 3
1 61 49: 1459, 0, 0
1 61 50: 1459, 9, 0
1 61 51: 185, 22, 2
1 61 52: 185, 22, 1
1 61 53: 185, 22, 2
1 61 54: 185, 22, 3
1 61 55: 185, 22, 2
1 61 56: 185, 22, 2
1 61 57: 1459, 0, 3
1 61 60: 1459, 1, 0
1 61 61: 1459, 9, 0
1 61 62: 1459, 9, 3
1 61 63: 1459, 1, 3
1 62 0: 1459, 0, 0
1 62 1: 1459, 0, 0
1 62 2: 1459, 9, 0
1 62 3: 185, 22, 1
1 62 4: 185, 22, 3
1 62 5: 1459, 9, 3
1 62 6: 1459, 0, 0
1 62 7: 1459, 9, 0
1 62 8: 185, 22, 3
1 62 9: 1459, 9, 3
1 62 10: 1459, 0, 0
1 62 11: 1459, 0, 0
1 62 12: 1459, 9, 0
1 62 13: 185, 22, 0
1 62 15: 185, 22, 0
1 62 17: 1459, 9, 3
1 62 18: 1459, 0, 0
1 62 19: 1459, 0, 0
1 62 20: 1459, 9, 0
1 62 21: 185, 22, 1
1 62 23: 1459, 9, 3
1 62 24: 1459, 0, 0
1 62 25: 1459, 1, 3
1 62 27: 1459, 1, 0
1 62 28: 1459, 0, 0
1 62 29: 1459, 0, 0
1 62 30: 1459, 0, 0
1 62 31: 1459, 9, 0
1 62 32: 1459, 9, 3
1 62 33: 1459, 1, 3
1 62 36: 1459, 1, 0
1 62 37: 1459, 0, 0
1 62 38: 1459, 0, 0
1 62 39: 1459, 0, 0
1 62 40: 185, 22, 2
1 62 40: 1459, 9, 0
1 62 43: 1459, 9, 3
1 62 44: 1459, 9, 0
1 62 46: 1459, 9, 3
1 62 47: 1459, 0, 0
1 62 48: 1459, 1, 3
1 62 50: 1459, 0, 1
1 62 51: 185, 22, 3
1 62 52: 3221, 10, 3
1 62 54: 3220, 10, 1
1 62 56: 185, 22, 0
1 62 57: 1459, 0, 3
1 62 61: 1459, 1, 0
1 62 62: 1459, 1, 3
1 63 2: 1459, 1, 0
1 63 3: 1459, 0, 0
1 63 4: 1459, 0, 0
1 63 5: 1459, 1, 3
1 63 7: 1459, 1, 0
1 63 8: 1459, 0, 0
1 63 9: 1459, 1, 3
1 63 12: 1459, 1, 0
1 63 13: 1459, 0, 0
1 63 14: 1459, 0, 0
1 63 15: 1459, 0, 0
1 63 16: 1459, 0, 0
1 63 17: 1459, 1, 3
1 63 20: 1459, 1, 0
1 63 21: 1459, 0, 0
1 63 22: 1459, 0, 0
1 63 23: 1459, 1, 3
1 63 31: 1459, 1, 0
1 63 32: 1459, 1, 3
1 63 40: 1459, 1, 0
1 63 41: 1459, 0, 0
1 63 42: 1459, 0, 0
1 63 43: 1459, 1, 3
1 63 44: 1459, 1, 0
1 63 45: 1459, 0, 0
1 63 46: 1459, 1, 3
1 63 50: 1459, 1, 0
1 63 51: 1459, 0, 0
1 63 56: 1459, 0, 0
1 63 57: 1459, 1, 3
2 0 0: 1460, 10, 0
2 0 1: 1469, 1, 1
2 0 2: 1469, 1, 2
2 0 3: 1469, 1, 1
2 0 4: 1469, 0, 2
2 0 5: 1469, 0, 2
2 0 6: 1469, 1, 2
2 0 7: 1460, 10, 0
2 0 8: 1460, 10, 0
2 0 9: 1460, 10, 0
2 0 10: 1460, 10, 0
2 0 11: 1460, 10, 0
2 0 12: 1460, 10, 0
2 0 13: 1460, 10, 0
2 0 14: 1460, 10, 0
2 0 15: 1460, 10, 0
2 0 16: 1460, 10, 0
2 0 17: 1460, 10, 0
2 0 18: 1460, 10, 0
2 0 19: 1460, 10, 0
2 0 20: 1460, 10, 0
2 0 21: 1460, 10, 0
2 0 22: 1460, 10, 0
2 0 23: 1460, 10, 0
2 0 24: 1460, 10, 0
2 0 25: 1460, 10, 0
2 0 26: 1460, 10, 0
2 0 27: 1460, 10, 0
2 0 28: 1469, 1, 1
2 0 29: 1469, 0, 2
2 0 30: 1469, 0, 2
2 0 31: 1469, 0, 2
2 0 32: 1469, 0, 2
2 0 33: 1469, 1, 2
2 0 34: 1460, 10, 0
2 0 35: 1460, 10, 0
2 0 36: 1460, 10, 0
2 0 37: 1460, 10, 0
2 0 38: 1460, 10, 0
2 0 39: 1460, 10, 0
2 0 40: 1460, 10, 0
2 0 41: 1469, 1, 1
2 0 42: 1469, 0, 2
2 0 43: 1469, 1, 2
2 0 44: 1460, 10, 0
2 0 45: 1469, 1, 1
2 0 46: 1469, 0, 2
2 0 47: 1469, 1, 2
2 0 48: 1460, 10, 0
2 0 49: 1469, 1, 1
2 0 50: 1469, 1, 2
2 0 51: 1460, 10, 0
2 0 52: 1469, 1, 1
2 0 53: 1469, 0, 2
2 0 54: 1469, 1, 2
2 0 55: 1460, 10, 0
2 0 56: 1469, 1, 1
2 0 57: 1469, 0, 2
2 0 58: 1469, 1, 2
2 0 59: 1460, 10, 0
2 0 60: 1460, 10, 0
2 0 61: 1460, 10, 0
2 0 62: 1460, 10, 0
2 0 63: 1460, 10, 0
2 1 0: 1469, 0, 2
2 1 1: 1469, 9, 1
2 1 2: 1469, 9, 2
2 1 3: 1469, 9, 1
2 1 6: 1469, 9, 2
2 1 7: 1469, 1, 2
2 1 8: 1460, 10, 0
2 1 9: 1460, 10, 0
2 1 10: 1469, 1, 1
2 1 11: 1469, 0, 2
2 1 12: 1469, 0, 2
2 1 13: 1469, 0, 2
2 1 14: 1469, 1, 2
2 1 15: 1469, 1, 1
2 1 16: 1469, 0, 2
2 1 17: 1469, 0, 2
2 1 18: 1469, 1, 2
2 1 19: 1460, 10, 0
2 1 20: 1460, 10, 0
2 1 21: 1460, 10, 0
2 1 22: 1460, 10, 0
2 1 23: 1460, 10, 0
2 1 24: 1469, 1, 1
2 1 25: 1469, 0, 2
2 1 26: 1469, 0, 2
2 1 27: 1469, 0, 2
2 1 28: 1469, 9, 1
2 1 33: 1469, 9, 2
2 1 34: 1469, 0, 2
2 1 35: 1469, 0, 2
2 1 36: 1469, 1, 2
2 1 37: 1460, 10, 0
2 1 38: 1460, 10, 0
2 1 39: 1460, 10, 0
2 1 40: 1469, 1, 1
2 1 41: 1469, 9, 1
2 1 43: 1469, 9, 2
2 1 44: 1469, 0, 2
2 1 45: 1469, 9, 1
2 1 47: 1469, 9, 2
2 1 48: 1469, 0, 2
2 1 49: 1469, 9, 1
2 1 50: 1469, 9, 2
2 1 51: 1469, 0, 2
2 1 52: 1469, 9, 1
2 1 54: 1469, 9, 2
2 1 55: 1469, 0, 2
2 1 56: 1469, 9, 1
2 1 58: 1469, 9, 2
2 1 59: 1469, 1, 2
2 1 60: 1460, 10, 0
2 1 61: 1460, 10, 0
2 1 62: 1460, 10, 0
2 1 63: 1460, 10, 0
2 2 7: 1469, 9, 2
2 2 8: 1469, 0, 2
2 2 9: 1469, 0, 2
2 2 10: 1469, 9, 1
2 2 14: 1469, 9, 2
2 2 15: 1469, 9, 1
2 2 18: 1469, 9, 2
2 2 19: 1469, 0, 2
2 2 20: 1469, 0, 2
2 2 21: 1469, 0, 2
2 2 22: 1469, 1, 2
2 2 23: 1469, 1, 1
2 2 24: 1469, 9, 1
2 2 36: 1469, 9, 2
2 2 37: 1469, 1, 2
2 2 38: 1460, 10, 0
2 2 39: 1460, 10, 0
2 2 40: 1469, 0, 1
2 2 59: 1469, 9, 2
2 2 60: 1469, 0, 2
2 2 61: 1469, 1, 2
2 2 62: 1460, 10, 0
2 2 63: 1460, 10, 0
2 3 22: 1469, 9, 2
2 3 23: 1469, 9, 1
2 3 37: 1469, 9, 2
2 3 38: 1469, 0, 2
2 3 39: 1469, 0, 2
2 3 40: 1469, 9, 1
2 3 61: 1469, 9, 2
2 3 62: 1469, 1, 2
2 3 63: 1460, 10, 0
2 4 62: 1469, 9, 2
2 4 63: 1469, 1, 2
2 5 63: 1469, 0, 3
2 6 63: 1469, 0, 3
2 7 63: 1469, 0, 3
2 8 62: 1469, 9, 3
2 8 63: 1469, 1, 3
2 9 61: 1469, 9, 3
2 9 62: 1469, 1, 3
2 9 63: 1460, 10, 0
2 10 61: 1469, 0, 3
2 10 62: 1460, 10, 0
2 10 63: 1460, 10, 0
2 11 60: 1469, 9, 3
2 11 61: 1469, 1, 3
2 11 62: 1460, 10, 0
2 11 63: 1460, 10, 0
2 12 60: 1469, 9, 2
2 12 61: 1469, 1, 2
2 12 62: 1460, 10, 0
2 12 63: 1460, 10, 0
2 13 61: 1469, 0, 3
2 13 62: 1460, 10, 0
2 13 63: 1460, 10, 0
2 14 61: 1469, 0, 3
2 14 62: 1460, 10, 0
2 14 63: 1460, 10, 0
2 15 61: 1469, 9, 2
2 15 62: 1469, 1, 2
2 15 63: 1460, 10, 0
2 16 62: 1469, 0, 3
2 16 63: 1460, 10, 0
2 17 62: 1469, 0, 3
2 17 63: 1460, 10, 0
2 18 62: 1469, 9, 2
2 18 63: 1469, 1, 2
2 19 63: 1469, 0, 3
2 20 63: 1469, 0, 3
2 21 63: 1469, 0, 3
2 22 62: 1469, 9, 3
2 22 63: 1469, 1, 3
2 23 62: 1469, 0, 3
2 23 63: 1460, 10, 0
2 24 62: 1469, 0, 3
2 24 63: 1460, 10, 0
2 25 61: 1469, 9, 3
2 25 62: 1469, 1, 3
2 25 63: 1460, 10, 0
2 26 61: 1469, 0, 3
2 26 62: 1460, 10, 0
2 26 63: 1460, 10, 0
2 27 61: 1469, 0, 3
2 27 62: 1460, 10, 0
2 27 63: 1460, 10, 0
2 28 61: 1469, 9, 2
2 28 62: 1469, 1, 2
2 28 63: 1460, 10, 0
2 29 62: 1469, 0, 3
2 29 63: 1460, 10, 0
2 30 61: 1469, 9, 3
2 30 62: 1469, 1, 3
2 30 63: 1460, 10, 0
2 31 61: 1469, 0, 3
2 31 62: 1460, 10, 0
2 31 63: 1460, 10, 0
2 32 61: 1469, 0, 3
2 32 62: 1460, 10, 0
2 32 63: 1460, 10, 0
2 33 61: 1469, 9, 2
2 33 62: 1469, 1, 2
2 33 63: 1460, 10, 0
2 34 62: 1469, 0, 3
2 34 63: 1460, 10, 0
2 35 62: 1469, 0, 3
2 35 63: 1460, 10, 0
2 36 62: 1469, 0, 3
2 36 63: 1460, 10, 0
2 37 62: 1469, 9, 2
2 37 63: 1469, 1, 2
2 38 63: 1469, 0, 3
2 39 63: 1469, 0, 3
2 40 62: 1469, 9, 3
2 40 63: 1469, 1, 3
2 41 62: 1469, 0, 3
2 41 63: 1460, 10, 0
2 42 61: 1469, 9, 3
2 42 62: 1469, 1, 3
2 42 63: 1460, 10, 0
2 43 61: 1469, 0, 3
2 43 62: 1460, 10, 0
2 43 63: 1460, 10, 0
2 44 61: 1469, 0, 3
2 44 62: 1460, 10, 0
2 44 63: 1460, 10, 0
2 45 61: 1469, 0, 3
2 45 62: 1460, 10, 0
2 45 63: 1460, 10, 0
2 46 61: 1469, 9, 2
2 46 62: 1469, 1, 2
2 46 63: 1460, 10, 0
2 47 62: 1469, 9, 2
2 47 63: 1469, 1, 2
2 48 63: 1469, 0, 3
2 49 63: 1469, 0, 3
2 50 63: 1469, 0, 3
2 51 62: 1469, 9, 3
2 51 63: 1469, 1, 3
2 52 62: 1469, 0, 3
2 52 63: 1460, 10, 0
2 53 62: 1469, 0, 3
2 53 63: 1460, 10, 0
2 54 62: 1469, 9, 2
2 54 63: 1469, 1, 2
2 55 63: 1469, 0, 3
2 56 63: 1469, 0, 3
2 57 62: 1469, 9, 3
2 57 63: 1469, 1, 3
2 58 62: 1469, 0, 3
2 58 63: 1460, 10, 0
2 59 62: 1469, 9, 2
2 59 63: 1469, 1, 2
2 60 57: 1469, 9, 3
2 60 58: 1469, 0, 0
2 60 59: 1469, 0, 0
2 60 60: 1469, 9, 0
2 60 63: 1469, 0, 3
2 61 25: 1469, 9, 3
2 61 26: 1469, 0, 0
2 61 27: 1469, 9, 0
2 61 33: 1469, 9, 3
2 61 34: 1469, 0, 0
2 61 35: 1469, 0, 0
2 61 36: 1469, 9, 0
2 61 48: 1469, 9, 3
2 61 49: 1469, 0, 0
2 61 50: 1469, 9, 0
2 61 57: 1469, 0, 3
2 61 58: 1460, 10, 0
2 61 59: 1460, 10, 0
2 61 60: 1469, 1, 0
2 61 61: 1469, 9, 0
2 61 62: 1469, 9, 3
2 61 63: 1469, 1, 3
2 62 0: 1469, 0, 0
2 62 1: 1469, 0, 0
2 62 2: 1469, 9, 0
2 62 5: 1469, 9, 3
2 62 6: 1469, 0, 0
2 62 7: 1469, 9, 0
2 62 9: 1469, 9, 3
2 62 10: 1469, 0, 0
2 62 11: 1469, 0, 0
2 62 12: 1469, 9, 0
2 62 17: 1469, 9, 3
2 62 18: 1469, 0, 0
2 62 19: 1469, 0, 0
2 62 20: 1469, 9, 0
2 62 23: 1469, 9, 3
2 62 24: 1469, 0, 0
2 62 25: 1469, 1, 3
2 62 26: 1460, 10, 0
2 62 27: 1469, 1, 0
2 62 28: 1469, 0, 0
2 62 29: 1469, 0, 0
2 62 30: 1469, 0, 0
2 62 31: 1469, 9, 0
2 62 32: 1469, 9, 3
2 62 33: 1469, 1, 3
2 62 34: 1460, 10, 0
2 62 35: 1460, 10, 0
2 62 36: 1469, 1, 0
2 62 37: 1469, 0, 0
2 62 38: 1469, 0, 0
2 62 39: 1469, 0, 0
2 62 40: 1469, 9, 0
2 62 43: 1469, 9, 3
2 62 44: 1469, 9, 0
2 62 46: 1469, 9, 3
2 62 47: 1469, 0, 0
2 62 48: 1469, 1, 3
2 62 49: 1460, 10, 0
2 62 50: 1469, 0, 1
2 62 57: 1469, 0, 3
2 62 58: 1460, 10, 0
2 62 59: 1460, 10, 0
2 62 60: 1460, 10, 0
2 62 61: 1469, 1, 0
2 62 62: 1469, 1, 3
2 62 63: 1460, 10, 0
2 63 0: 1460, 10, 0
2 63 1: 1460, 10, 0
2 63 2: 1469, 1, 0
2 63 3: 1469, 0, 0
2 63 4: 1469, 0, 0
2 63 5: 1469, 1, 3
2 63 6: 1460, 10, 0
2 63 7: 1469, 1, 0
2 63 8: 1469, 0, 0
2 63 9: 1469, 1, 3
2 63 10: 1460, 10, 0
2 63 11: 1460, 10, 0
2 63 12: 1469, 1, 0
2 63 13: 1469, 0, 0
2 63 14: 1469, 0, 0
2 63 15: 1469, 0, 0
2 63 16: 1469, 0, 0
2 63 17: 1469, 1, 3
2 63 18: 1460, 10, 0
2 63 19: 1460, 10, 0
2 63 20: 1469, 1, 0
2 63 21: 1469, 0, 0
2 63 22: 1469, 0, 0
2 63 23: 1469, 1, 3
2 63 24: 1460, 10, 0
2 63 25: 1460, 10, 0
2 63 26: 1460, 10, 0
2 63 27: 1460, 10, 0
2 63 28: 1460, 10, 0
2 63 29: 1460, 10, 0
2 63 30: 1460, 10, 0
2 63 31: 1469, 1, 0
2 63 32: 1469, 1, 3
2 63 33: 1460, 10, 0
2 63 34: 1460, 10, 0
2 63 35: 1460, 10, 0
2 63 36: 1460, 10, 0
2 63 37: 1460, 10, 0
2 63 38: 1460, 10, 0
2 63 39: 1460, 10, 0
2 63 40: 1469, 1, 0
2 63 41: 1469, 0, 0
2 63 42: 1469, 0, 0
2 63 43: 1469, 1, 3
2 63 44: 1469, 1, 0
2 63 45: 1469, 0, 0
2 63 46: 1469, 1, 3
2 63 47: 1460, 10, 0
2 63 48: 1460, 10, 0
2 63 49: 1460, 10, 0
2 63 50: 1469, 1, 0
2 63 51: 1469, 0, 0
2 63 52: 1469, 9, 0
2 63 55: 1469, 9, 3
2 63 56: 1469, 0, 0
2 63 57: 1469, 1, 3
2 63 58: 1460, 10, 0
2 63 59: 1460, 10, 0
2 63 60: 1460, 10, 0
2 63 61: 1460, 10, 0
2 63 62: 1460, 10, 0
2 63 63: 1460, 10, 0
3 0 0: 184, 22, 0
3 0 7: 185, 22, 1
3 0 8: 184, 22, 0
3 0 9: 185, 22, 0
3 0 10: 185, 22, 0
3 0 11: 185, 22, 3
3 0 12: 184, 22, 3
3 0 13: 185, 22, 2
3 0 14: 185, 22, 1
3 0 15: 186, 22, 0
3 0 16: 185, 22, 0
3 0 17: 185, 22, 3
3 0 18: 185, 22, 2
3 0 19: 184, 22, 1
3 0 20: 185, 22, 3
3 0 21: 185, 22, 2
3 0 22: 185, 22, 1
3 0 23: 184, 22, 0
3 0 24: 185, 22, 1
3 0 25: 185, 22, 0
3 0 26: 186, 22, 2
3 0 27: 185, 22, 3
3 0 34: 185, 22, 3
3 0 35: 184, 22, 0
3 0 36: 185, 22, 2
3 0 37: 185, 22, 0
3 0 38: 186, 22, 3
3 0 39: 185, 22, 2
3 0 40: 185, 22, 2
3 0 44: 185, 22, 0
3 0 48: 184, 22, 2
3 0 51: 185, 22, 3
3 0 55: 186, 22, 0
3 0 60: 184, 22, 1
3 0 61: 185, 22, 0
3 0 62: 185, 22, 1
3 0 63: 185, 22, 2
3 1 8: 185, 22, 3
3 1 9: 186, 22, 3
3 1 19: 185, 22, 1
3 1 20: 185, 22, 0
3 1 21: 186, 22, 1
3 1 22: 185, 22, 0
3 1 23: 185, 22, 3
3 1 24: 185, 22, 2
3 1 36: 185, 22, 2
3 1 37: 185, 22, 0
3 1 38: 184, 22, 3
3 1 39: 185, 22, 3
3 1 61: 185, 22, 3
3 1 62: 186, 22, 1
3 1 63: 184, 22, 0
3 2 38: 185, 22, 2
3 2 39: 185, 22, 1
3 2 62: 185, 22, 2
3 2 63: 185, 22, 1
3 3 63: 185, 22, 1
3 9 63: 185, 22, 3
3 10 62: 185, 22, 1
3 10 63: 185, 22, 2
3 11 62: 185, 22, 0
3 11 63: 184, 22, 3
3 12 62: 185, 22, 0
3 12 63: 185, 22, 3
3 13 62: 186, 22, 2
3 13 63: 185, 22, 1
3 14 62: 185, 22, 2
3 14 63: 185, 22, 0
3 15 63: 184, 22, 2
3 16 63: 185, 22, 1
3 17 63: 185, 22, 1
3 23 63: 184, 22, 1
3 24 63: 185, 22, 0
3 25 63: 185, 22, 3
3 26 62: 185, 22, 3
3 26 63: 185, 22, 0
3 27 62: 185, 22, 2
3 27 63: 185, 22, 1
3 28 63: 184, 22, 0
3 29 63: 185, 22, 1
3 30 63: 185, 22, 0
3 31 62: 185, 22, 2
3 31 63: 185, 22, 3
3 32 62: 185, 22, 1
3 32 63: 186, 22, 3
3 33 63: 185, 22, 0
3 34 63: 185, 22, 3
3 35 63: 185, 22, 2
3 36 63: 185, 22, 1
3 41 63: 185, 22, 0
3 42 63: 184, 22, 0
3 43 62: 185, 22, 1
3 43 63: 185, 22, 3
3 44 62: 185, 22, 2
3 44 63: 185, 22, 2
3 45 62: 185, 22, 0
3 45 63: 186, 22, 0
3 46 63: 185, 22, 3
3 52 63: 185, 22, 2
3 53 63: 186, 22, 0
3 58 63: 185, 22, 1
3 61 58: 185, 22, 0
3 61 59: 185, 22, 0
3 62 26: 185, 22, 1
3 62 34: 185, 22, 0
3 62 35: 185, 22, 1
3 62 49: 185, 22, 3
3 62 58: 184, 22, 2
3 62 59: 185, 22, 3
3 62 60: 185, 22, 1
3 62 63: 185, 22, 0
3 63 0: 185, 22, 1
3 63 1: 184, 22, 2
3 63 6: 185, 22, 0
3 63 10: 186, 22, 1
3 63 11: 185, 22, 1
3 63 18: 184, 22, 3
3 63 19: 185, 22, 2
3 63 24: 185, 22, 3
3 63 25: 185, 22, 0
3 63 26: 186, 22, 0
3 63 27: 185, 22, 3
3 63 28: 185, 22, 3
3 63 29: 184, 22, 0
3 63 30: 185, 22, 0
3 63 33: 185, 22, 2
3 63 34: 186, 22, 3
3 63 35: 185, 22, 3
3 63 36: 184, 22, 1
3 63 37: 185, 22, 2
3 63 38: 185, 22, 3
3 63 39: 185, 22, 0
3 63 47: 185, 22, 2
3 63 48: 186, 22, 2
3 63 49: 184, 22, 2
3 63 58: 185, 22, 1
3 63 59: 185, 22, 2
3 63 60: 186, 22, 1
3 63 61: 185, 22, 2
3 63 62: 184, 22, 3
3 63 63: 185, 22, 3
