0 3 14: 3310, 10, 2
0 3 20: 3311, 10, 2
0 3 21: 3314, 10, 3
0 3 29: 3310, 10, 2
0 3 50: 3310, 10, 2
0 4 12: 3314, 10, 2
0 4 13: 3317, 10, 2
0 4 15: 3318, 10, 2
0 4 16: 3312, 10, 2
0 4 17: 3310, 10, 2
0 4 18: 3311, 10, 2
0 4 19: 3317, 10, 2
0 4 21: 3315, 10, 3
0 4 22: 3316, 10, 2
0 4 23: 3312, 10, 2
0 4 26: 3310, 10, 2
0 4 27: 3311, 10, 2
0 4 28: 3317, 10, 2
0 4 30: 3318, 10, 2
0 4 31: 3314, 10, 3
0 4 42: 3310, 10, 2
0 4 48: 3314, 10, 2
0 4 49: 3317, 10, 2
0 4 51: 3318, 10, 2
0 4 52: 3314, 10, 3
0 4 59: 3310, 10, 2
0 5 5: 3314, 10, 2
0 5 6: 3317, 10, 2
0 5 7: 3318, 10, 2
0 5 8: 3312, 10, 2
0 5 11: 3311, 10, 2
0 5 12: 3315, 10, 2
0 5 24: 3318, 10, 2
0 5 25: 3317, 10, 2
0 5 31: 3315, 10, 3
0 5 32: 3312, 10, 2
0 5 35: 3310, 10, 2
0 5 40: 3314, 10, 2
0 5 41: 3317, 10, 2
0 5 43: 3318, 10, 2
0 5 44: 3316, 10, 2
0 5 45: 3312, 10, 2
0 5 46: 3310, 10, 2
0 5 47: 3311, 10, 2
0 5 48: 3315, 10, 2
0 5 52: 3315, 10, 3
0 5 53: 3316, 10, 2
0 5 54: 3312, 10, 2
0 5 55: 3310, 10, 2
0 5 56: 3311, 10, 2
0 5 57: 3316, 10, 2
0 5 58: 3317, 10, 2
0 5 60: 3318, 10, 2
0 5 61: 3314, 10, 3
0 5 62: 3314, 10, 2
0 5 63: 3317, 10, 2
0 6 5: 3318, 10, 1
0 6 9: 3318, 10, 2
0 6 10: 3317, 10, 2
0 6 14: 3315, 10, 0
0 6 15: 3315, 10, 1
0 6 33: 3318, 10, 2
0 6 34: 3317, 10, 2
0 6 36: 3318, 10, 2
0 6 37: 3312, 10, 2
0 6 39: 3314, 10, 2
0 6 40: 3315, 10, 2
0 6 61: 3315, 10, 3
0 6 62: 3315, 10, 2
0 7 5: 3317, 10, 1
0 7 7: 3319, 10, 0
0 7 8: 3319, 10, 1
0 7 14: 3315, 10, 3
0 7 15: 3315, 10, 2
0 7 38: 3318, 10, 2
0 7 39: 3315, 10, 2
0 7 53: 3243, 10, 3
0 8 5: 3318, 10, 1
0 8 7: 3319, 10, 3
0 8 8: 3319, 10, 2
0 8 16: 3319, 10, 0
0 8 17: 3312, 10, 0
0 8 18: 3318, 10, 0
0 8 20: 3317, 10, 0
0 8 21: 3311, 10, 0
0 8 22: 3310, 10, 0
0 8 23: 3319, 10, 1
0 9 4: 3310, 10, 1
0 9 10: 3317, 10, 0
0 9 11: 3311, 10, 0
0 9 12: 3319, 10, 1
0 9 16: 3310, 10, 3
0 9 19: 3310, 10, 0
0 9 23: 3310, 10, 1
0 9 33: 3243, 10, 2
0 9 57: 3260, 10, 1
0 10 5: 3317, 10, 1
0 10 9: 3318, 10, 3
0 10 12: 3310, 10, 1
0 10 15: 3320, 10, 0
0 10 23: 3310, 10, 1
0 10 24: 3249, 10, 0
0 10 25: 3248, 10, 2
0 10 26: 3247, 10, 2
0 10 27: 3247, 10, 2
0 10 28: 3261, 10, 2
0 10 29: 3247, 10, 2
0 10 30: 3247, 10, 2
0 10 31: 3248, 10, 0
0 10 32: 3247, 10, 2
0 11 4: 3314, 10, 2
0 11 5: 3315, 10, 2
0 11 9: 3315, 10, 3
0 11 10: 3314, 10, 3
0 11 12: 3320, 10, 2
0 11 15: 3310, 10, 3
0 11 23: 3310, 10, 1
0 11 37: 3247, 10, 2
0 11 41: 3247, 10, 2
0 11 42: 3259, 10, 0
0 11 54: 3249, 10, 1
0 12 4: 3316, 10, 1
0 12 7: 3315, 10, 0
0 12 8: 3318, 10, 0
0 12 10: 3315, 10, 3
0 12 11: 3317, 10, 2
0 12 15: 3310, 10, 3
0 12 22: 3310, 10, 2
0 12 23: 3319, 10, 2
0 12 54: 3248, 10, 3
0 12 58: 3247, 10, 1
0 13 4: 3314, 10, 1
0 13 5: 3315, 10, 1
0 13 7: 3317, 10, 3
0 13 9: 3320, 10, 1
0 13 15: 3310, 10, 3
0 13 20: 3311, 10, 2
0 13 21: 3317, 10, 2
0 13 22: 3247, 10, 3
0 13 44: 3260, 10, 3
0 13 54: 3247, 10, 3
0 13 58: 3248, 10, 3
0 14 5: 3318, 10, 1
0 14 8: 3319, 10, 3
0 14 9: 3319, 10, 2
0 14 11: 3317, 10, 0
0 14 12: 3311, 10, 0
0 14 13: 3319, 10, 1
0 14 15: 3319, 10, 3
0 14 16: 3310, 10, 2
0 14 17: 3310, 10, 2
0 14 18: 3310, 10, 2
0 14 19: 3320, 10, 2
0 14 52: 3260, 10, 2
0 14 58: 3249, 10, 1
0 15 4: 3312, 10, 1
0 15 11: 3320, 10, 3
0 15 12: 3310, 10, 2
0 15 13: 3319, 10, 2
0 15 46: 3248, 10, 0
0 15 47: 3247, 10, 0
0 15 51: 3247, 10, 0
0 15 58: 3261, 10, 1
0 16 4: 3316, 10, 1
0 16 30: 3257, 10, 2
0 16 58: 3248, 10, 1
0 17 4: 3314, 10, 1
0 17 5: 3315, 10, 1
0 17 8: 3319, 10, 0
0 17 9: 3310, 10, 0
0 17 10: 3310, 10, 0
0 17 11: 3319, 10, 1
0 17 22: 3249, 10, 1
0 17 58: 3249, 10, 3
0 18 5: 3318, 10, 1
0 18 8: 3310, 10, 3
0 18 12: 3317, 10, 1
0 18 22: 3247, 10, 3
0 18 39: 3243, 10, 3
0 18 47: 3243, 10, 0
0 18 58: 3247, 10, 1
0 19 4: 3310, 10, 1
0 19 8: 3310, 10, 3
0 19 12: 3311, 10, 1
0 19 20: 3317, 10, 0
0 19 21: 3311, 10, 0
0 19 22: 3310, 10, 0
0 19 23: 3319, 10, 1
0 19 56: 3243, 10, 1
0 20 5: 3317, 10, 1
0 20 8: 3310, 10, 3
0 20 13: 3320, 10, 1
0 20 19: 3318, 10, 3
0 20 23: 3310, 10, 1
0 20 51: 3247, 10, 0
0 20 52: 3247, 10, 0
0 20 53: 3248, 10, 0
0 20 54: 3247, 10, 0
0 20 55: 3247, 10, 0
0 21 4: 3314, 10, 2
0 21 5: 3315, 10, 2
0 21 8: 3310, 10, 3
0 21 14: 3319, 10, 1
0 21 19: 3312, 10, 3
0 21 24: 3320, 10, 1
0 22 4: 3314, 10, 1
0 22 5: 3315, 10, 1
0 22 8: 3311, 10, 3
0 22 14: 3310, 10, 1
0 22 19: 3310, 10, 3
0 22 25: 3319, 10, 1
0 22 40: 3247, 10, 3
0 22 48: 3247, 10, 1
0 23 5: 3311, 10, 1
0 23 8: 3317, 10, 3
0 23 14: 3310, 10, 1
0 23 15: 3249, 10, 0
0 23 16: 3247, 10, 2
0 23 17: 3248, 10, 0
0 23 18: 3247, 10, 2
0 23 19: 3310, 10, 3
0 23 25: 3310, 10, 1
0 23 32: 3243, 10, 2
0 23 40: 3249, 10, 3
0 23 48: 3258, 10, 2
0 23 57: 3247, 10, 1
0 24 5: 3312, 10, 1
0 24 9: 3318, 10, 2
0 24 10: 3312, 10, 2
0 24 14: 3319, 10, 2
0 24 19: 3310, 10, 3
0 24 25: 3310, 10, 1
0 24 26: 3247, 10, 2
0 24 27: 3248, 10, 2
0 24 28: 3249, 10, 0
0 24 29: 3247, 10, 2
0 24 30: 3248, 10, 0
0 24 31: 3247, 10, 2
0 24 50: 3260, 10, 1
0 24 57: 3249, 10, 3
0 25 4: 3314, 10, 2
0 25 5: 3315, 10, 2
0 25 11: 3319, 10, 3
0 25 12: 3310, 10, 2
0 25 13: 3320, 10, 2
0 25 19: 3319, 10, 3
0 25 25: 3319, 10, 2
0 25 57: 3261, 10, 1
0 26 4: 3318, 10, 1
0 26 12: 3247, 10, 1
0 26 20: 3318, 10, 2
0 26 21: 3312, 10, 2
0 26 22: 3310, 10, 2
0 26 23: 3311, 10, 2
0 26 24: 3317, 10, 2
0 26 57: 3249, 10, 1
0 27 3: 3310, 10, 1
0 27 12: 3249, 10, 1
0 27 40: 3247, 10, 3
0 27 51: 3247, 10, 3
0 27 57: 3247, 10, 1
0 28 4: 3313, 10, 1
0 28 12: 3261, 10, 3
0 28 40: 3249, 10, 1
0 28 51: 3248, 10, 1
0 28 57: 3258, 10, 2
0 29 5: 3317, 10, 1
0 29 12: 3258, 10, 2
0 29 38: 3243, 10, 0
0 29 51: 3247, 10, 3
0 29 59: 3258, 10, 0
0 30 5: 3314, 10, 1
0 30 6: 3315, 10, 1
0 30 14: 3249, 10, 0
0 30 15: 3261, 10, 0
0 30 16: 3248, 10, 2
0 30 17: 3247, 10, 0
0 30 21: 3248, 10, 0
0 30 22: 3249, 10, 0
0 30 23: 3247, 10, 0
0 30 24: 3248, 10, 2
0 30 25: 3247, 10, 0
0 30 26: 3247, 10, 0
0 30 27: 3261, 10, 0
0 30 28: 3248, 10, 0
0 30 29: 3247, 10, 0
0 30 30: 3249, 10, 0
0 30 31: 3247, 10, 0
0 30 32: 3249, 10, 0
0 30 33: 3247, 10, 0
0 30 34: 3248, 10, 2
0 30 35: 3247, 10, 0
0 30 36: 3247, 10, 0
0 30 37: 3247, 10, 0
0 30 49: 3243, 10, 3
0 31 5: 3314, 10, 2
0 31 6: 3315, 10, 2
0 31 42: 3247, 10, 0
0 31 43: 3249, 10, 2
0 31 44: 3247, 10, 0
0 31 45: 3261, 10, 2
0 31 46: 3247, 10, 0
0 31 47: 3248, 10, 2
0 31 48: 3247, 10, 0
0 32 4: 3314, 10, 2
0 32 5: 3315, 10, 2
0 33 4: 3318, 10, 1
0 33 39: 3249, 10, 3
0 33 55: 3257, 10, 1
0 34 4: 3317, 10, 1
0 34 39: 3247, 10, 3
0 34 60: 3247, 10, 1
0 35 4: 3314, 10, 1
0 35 5: 3315, 10, 1
0 35 26: 3319, 10, 0
0 35 27: 3310, 10, 0
0 35 28: 3312, 10, 0
0 35 29: 3318, 10, 0
0 35 60: 3247, 10, 1
0 36 5: 3311, 10, 1
0 36 25: 3320, 10, 0
0 36 30: 3310, 10, 0
0 36 31: 3319, 10, 1
0 36 58: 3243, 10, 1
0 37 5: 3310, 10, 1
0 37 22: 3317, 10, 0
0 37 23: 3311, 10, 0
0 37 24: 3310, 10, 0
0 37 31: 3310, 10, 1
0 37 32: 3247, 10, 0
0 37 33: 3247, 10, 0
0 37 34: 3258, 10, 0
0 38 5: 3312, 10, 1
0 38 18: 3317, 10, 0
0 38 19: 3311, 10, 0
0 38 20: 3310, 10, 0
0 38 21: 3310, 10, 0
0 38 31: 3312, 10, 1
0 38 39: 3247, 10, 3
0 39 5: 3316, 10, 1
0 39 9: 3243, 10, 3
0 39 17: 3318, 10, 3
0 39 31: 3318, 10, 1
0 39 35: 3258, 10, 2
0 39 37: 3243, 10, 2
0 40 5: 3318, 10, 1
0 40 17: 3312, 10, 3
0 40 30: 3319, 10, 2
0 40 52: 3243, 10, 2
0 40 59: 3249, 10, 3
0 41 4: 3312, 10, 1
0 41 13: 3248, 10, 2
0 41 14: 3249, 10, 0
0 41 15: 3248, 10, 2
0 41 16: 3247, 10, 0
0 41 17: 3310, 10, 3
0 41 29: 3320, 10, 2
0 41 45: 3256, 10, 2
0 41 59: 3261, 10, 3
0 42 4: 3318, 10, 1
0 42 16: 3318, 10, 3
0 42 28: 3310, 10, 1
0 42 59: 3252, 10, 1
0 43 3: 3310, 10, 1
0 43 16: 3312, 10, 3
0 43 28: 3312, 10, 1
0 43 38: 3247, 10, 3
0 44 4: 3317, 10, 1
0 44 16: 3310, 10, 3
0 44 28: 3318, 10, 1
0 44 53: 3247, 10, 1
0 44 60: 3247, 10, 3
0 45 4: 3314, 10, 1
0 45 5: 3315, 10, 1
0 45 16: 3311, 10, 3
0 45 27: 3320, 10, 2
0 45 53: 3248, 10, 1
0 45 60: 3248, 10, 1
0 46 5: 3311, 10, 1
0 46 16: 3317, 10, 3
0 46 26: 3310, 10, 1
0 46 53: 3249, 10, 3
0 46 60: 3261, 10, 3
0 47 5: 3310, 10, 1
0 47 17: 3319, 10, 3
0 47 26: 3312, 10, 1
0 47 38: 3261, 10, 3
0 47 51: 3243, 10, 0
0 47 60: 3249, 10, 3
0 48 5: 3310, 10, 1
0 48 18: 3320, 10, 3
0 48 26: 3318, 10, 1
0 48 38: 3247, 10, 3
0 48 58: 3243, 10, 1
0 49 5: 3312, 10, 1
0 49 19: 3318, 10, 2
0 49 20: 3312, 10, 2
0 49 21: 3310, 10, 2
0 49 22: 3310, 10, 2
0 49 23: 3310, 10, 2
0 49 24: 3311, 10, 2
0 49 25: 3317, 10, 2
0 49 30: 3257, 10, 0
0 49 38: 3249, 10, 3
0 50 5: 3318, 10, 1
0 50 10: 3257, 10, 3
0 50 21: 3248, 10, 3
0 50 38: 3247, 10, 3
0 50 62: 3249, 10, 2
0 50 63: 3247, 10, 0
0 51 4: 3310, 10, 1
0 51 21: 3249, 10, 1
0 51 38: 3249, 10, 3
0 51 44: 3243, 10, 1
0 51 52: 3247, 10, 3
0 52 5: 3312, 10, 0
0 52 6: 3315, 10, 1
0 52 21: 3248, 10, 1
0 52 38: 3261, 10, 3
0 52 50: 3260, 10, 2
0 52 59: 3248, 10, 1
0 53 6: 3314, 10, 1
0 53 7: 3315, 10, 1
0 53 21: 3247, 10, 3
0 53 38: 3247, 10, 3
0 53 48: 3249, 10, 0
0 53 49: 3247, 10, 0
0 53 59: 3249, 10, 3
0 54 7: 3314, 10, 1
0 54 8: 3318, 10, 0
0 54 21: 3247, 10, 3
0 54 38: 3248, 10, 1
0 54 57: 3243, 10, 3
0 55 9: 3313, 10, 1
0 55 19: 3243, 10, 2
0 55 38: 3249, 10, 3
0 56 10: 3317, 10, 1
0 56 38: 3247, 10, 3
0 56 40: 3317, 10, 0
0 56 41: 3315, 10, 1
0 57 10: 3314, 10, 1
0 57 11: 3318, 10, 0
0 57 36: 3315, 10, 0
0 57 37: 3311, 10, 0
0 57 38: 3310, 10, 0
0 57 39: 3310, 10, 0
0 57 41: 3314, 10, 1
0 57 42: 3318, 10, 0
0 57 43: 3317, 10, 0
0 57 44: 3311, 10, 0
0 57 45: 3312, 10, 0
0 57 46: 3316, 10, 0
0 57 47: 3318, 10, 0
0 57 48: 3317, 10, 0
0 57 49: 3316, 10, 0
0 57 50: 3315, 10, 1
0 58 12: 3312, 10, 0
0 58 13: 3315, 10, 1
0 58 27: 3315, 10, 0
0 58 28: 3316, 10, 0
0 58 29: 3315, 10, 1
0 58 30: 3315, 10, 0
0 58 31: 3315, 10, 1
0 58 33: 3317, 10, 0
0 58 34: 3311, 10, 0
0 58 35: 3312, 10, 0
0 58 36: 3314, 10, 0
0 58 50: 3314, 10, 1
0 58 51: 3318, 10, 0
0 58 62: 3317, 10, 0
0 58 63: 3311, 10, 0
0 59 13: 3314, 10, 1
0 59 14: 3318, 10, 0
0 59 15: 3317, 10, 0
0 59 16: 3311, 10, 0
0 59 17: 3313, 10, 1
0 59 24: 3317, 10, 0
0 59 25: 3311, 10, 0
0 59 26: 3312, 10, 0
0 59 27: 3314, 10, 0
0 59 29: 3314, 10, 1
0 59 30: 3314, 10, 0
0 59 31: 3314, 10, 1
0 59 32: 3311, 10, 0
0 59 52: 3312, 10, 0
0 59 53: 3318, 10, 0
0 59 57: 3317, 10, 0
0 59 58: 3316, 10, 0
0 59 59: 3311, 10, 0
0 59 60: 3310, 10, 0
0 59 61: 3310, 10, 0
0 60 18: 3312, 10, 0
0 60 19: 3316, 10, 0
0 60 20: 3311, 10, 0
0 60 21: 3312, 10, 0
0 60 22: 3316, 10, 0
0 60 23: 3311, 10, 0
0 60 54: 3312, 10, 0
0 60 55: 3316, 10, 0
0 60 56: 3311, 10, 0
1 0 3: 1459, 1, 1
1 0 4: 1459, 0, 2
1 0 5: 1459, 0, 2
1 0 6: 1459, 1, 2
1 0 11: 1459, 1, 1
1 0 12: 1459, 0, 2
1 0 13: 1459, 0, 2
1 0 14: 1459, 0, 2
1 0 15: 1459, 1, 2
1 0 18: 1459, 1, 1
1 0 19: 1459, 0, 2
1 0 20: 1459, 0, 2
1 0 21: 1459, 1, 2
1 0 25: 1459, 1, 1
1 0 26: 1459, 0, 2
1 0 27: 1459, 0, 2
1 0 28: 1459, 0, 2
1 0 29: 1459, 1, 2
1 0 32: 1459, 1, 1
1 0 33: 1459, 0, 2
1 0 34: 1459, 0, 2
1 0 35: 1459, 0, 2
1 0 36: 1459, 0, 2
1 0 37: 1459, 1, 2
1 0 50: 1459, 1, 1
1 0 51: 1459, 0, 2
1 0 52: 1459, 0, 2
1 0 53: 1459, 0, 2
1 0 54: 1459, 1, 2
1 0 62: 1459, 1, 1
1 0 63: 1459, 0, 2
1 1 1: 1459, 1, 1
1 1 2: 1459, 0, 2
1 1 3: 1459, 9, 1
1 1 4: 185, 22, 0
1 1 5: 185, 22, 0
1 1 6: 1459, 9, 2
1 1 7: 1459, 0, 2
1 1 8: 1459, 0, 2
1 1 9: 1459, 0, 2
1 1 10: 1459, 0, 2
1 1 11: 1459, 9, 1
1 1 13: 185, 22, 0
1 1 15: 1459, 9, 2
1 1 16: 1459, 0, 2
1 1 17: 1459, 0, 2
1 1 18: 1459, 9, 1
1 1 19: 185, 22, 0
1 1 21: 1459, 9, 2
1 1 22: 1459, 0, 2
1 1 23: 1459, 0, 2
1 1 24: 1459, 0, 2
1 1 25: 1459, 9, 1
1 1 26: 185, 22, 3
1 1 27: 185, 22, 2
1 1 28: 185, 22, 2
1 1 29: 1459, 9, 2
1 1 30: 1459, 0, 2
1 1 31: 1459, 0, 2
1 1 32: 1459, 9, 1
1 1 35: 185, 22, 1
1 1 37: 1459, 9, 2
1 1 38: 1459, 0, 2
1 1 39: 1459, 1, 2
1 1 41: 1459, 1, 1
1 1 42: 1459, 0, 2
1 1 43: 1459, 1, 2
1 1 47: 1459, 1, 1
1 1 48: 1459, 0, 2
1 1 49: 1459, 0, 2
1 1 50: 1459, 9, 1
1 1 52: 185, 22, 3
1 1 53: 185, 22, 2
1 1 54: 1459, 9, 2
1 1 55: 1459, 0, 2
1 1 56: 1459, 1, 2
1 1 59: 1459, 1, 1
1 1 60: 1459, 0, 2
1 1 61: 1459, 0, 2
1 1 62: 1459, 9, 1
1 1 63: 185, 22, 0
1 2 0: 1459, 1, 1
1 2 1: 1459, 9, 1
1 2 2: 185, 22, 1
1 2 4: 184, 22, 0
1 2 6: 185, 22, 3
1 2 8: 185, 22, 2
1 2 10: 185, 22, 1
1 2 11: 185, 22, 3
1 2 13: 185, 22, 1
1 2 14: 186, 22, 3
1 2 15: 185, 22, 1
1 2 16: 185, 22, 3
1 2 17: 184, 22, 2
1 2 18: 185, 22, 0
1 2 19: 186, 22, 0
1 2 20: 185, 22, 3
1 2 22: 185, 22, 3
1 2 24: 185, 22, 3
1 2 26: 185, 22, 2
1 2 27: 186, 22, 1
1 2 28: 185, 22, 2
1 2 29: 185, 22, 1
1 2 32: 185, 22, 1
1 2 33: 185, 22, 1
1 2 35: 185, 22, 0
1 2 36: 185, 22, 0
1 2 39: 1459, 9, 2
1 2 40: 1459, 0, 2
1 2 41: 1459, 9, 1
1 2 42: 185, 22, 2
1 2 43: 1459, 9, 2
1 2 44: 1459, 0, 2
1 2 45: 1459, 0, 2
1 2 46: 1459, 0, 2
1 2 47: 1459, 9, 1
1 2 48: 185, 22, 1
1 2 50: 185, 22, 3
1 2 51: 185, 22, 1
1 2 52: 185, 22, 0
1 2 53: 184, 22, 2
1 2 54: 185, 22, 1
1 2 56: 1459, 9, 2
1 2 57: 1459, 0, 2
1 2 58: 1459, 0, 2
1 2 59: 1459, 9, 1
1 2 60: 185, 22, 1
1 2 61: 185, 22, 2
1 2 62: 185, 22, 3
1 2 63: 185, 22, 1
1 3 0: 1459, 0, 1
1 3 1: 185, 22, 1
1 3 3: 185, 22, 1
1 3 4: 185, 22, 1
1 3 5: 185, 22, 2
1 3 7: 185, 22, 3
1 3 8: 185, 22, 2
1 3 9: 186, 22, 2
1 3 10: 185, 22, 3
1 3 11: 184, 22, 3
1 3 12: 185, 22, 2
1 3 14: 185, 22, 3
1 3 15: 185, 22, 2
1 3 17: 185, 22, 1
1 3 18: 185, 22, 1
1 3 19: 185, 22, 1
1 3 22: 185, 22, 2
1 3 23: 185, 22, 1
1 3 24: 185, 22, 3
1 3 25: 184, 22, 1
1 3 26: 185, 22, 1
1 3 27: 185, 22, 0
1 3 28: 185, 22, 0
1 3 30: 185, 22, 2
1 3 31: 185, 22, 1
1 3 32: 186, 22, 2
1 3 34: 185, 22, 3
1 3 35: 184, 22, 0
1 3 36: 185, 22, 2
1 3 38: 185, 22, 3
1 3 39: 185, 22, 0
1 3 41: 185, 22, 2
1 3 42: 185, 22, 1
1 3 45: 185, 22, 1
1 3 46: 185, 22, 3
1 3 47: 185, 22, 2
1 3 48: 185, 22, 1
1 3 49: 186, 22, 1
1 3 50: 185, 22, 2
1 3 51: 185, 22, 1
1 3 52: 185, 22, 3
1 3 53: 185, 22, 3
1 3 54: 185, 22, 0
1 3 55: 185, 22, 3
1 3 56: 185, 22, 0
1 3 57: 185, 22, 2
1 3 58: 185, 22, 2
1 3 59: 185, 22, 1
1 3 60: 185, 22, 0
1 3 61: 185, 22, 3
1 3 62: 185, 22, 3
1 3 63: 186, 22, 2
1 4 0: 1459, 1, 0
1 4 1: 185, 22, 2
1 4 1: 1459, 9, 0
1 4 2: 185, 22, 3
1 4 4: 185, 22, 3
1 4 5: 185, 22, 1
1 4 6: 185, 22, 3
1 4 8: 185, 22, 2
1 4 9: 185, 22, 1
1 4 10: 185, 22, 3
1 4 11: 185, 22, 1
1 4 24: 185, 22, 0
1 4 25: 185, 22, 0
1 4 32: 185, 22, 0
1 4 33: 185, 22, 3
1 4 35: 185, 22, 0
1 4 36: 185, 22, 2
1 4 37: 185, 22, 0
1 4 38: 186, 22, 3
1 4 40: 185, 22, 1
1 4 41: 185, 22, 3
1 4 42: 186, 22, 0
1 4 43: 185, 22, 3
1 4 44: 185, 22, 2
1 4 45: 185, 22, 1
1 4 46: 185, 22, 3
1 4 47: 185, 22, 2
1 4 53: 185, 22, 3
1 4 54: 185, 22, 2
1 4 55: 185, 22, 0
1 4 56: 186, 22, 3
1 4 57: 185, 22, 2
1 4 58: 185, 22, 2
1 4 59: 185, 22, 3
1 4 60: 185, 22, 1
1 4 61: 184, 22, 0
1 4 62: 185, 22, 1
1 4 63: 185, 22, 3
1 5 1: 1459, 0, 1
1 5 2: 185, 22, 3
1 5 3: 184, 22, 1
1 5 4: 185, 22, 2
1 5 9: 185, 22, 0
1 5 10: 185, 22, 0
1 5 34: 185, 22, 1
1 5 35: 185, 22, 1
1 5 36: 185, 22, 2
1 5 38: 185, 22, 3
1 5 39: 185, 22, 1
1 5 46: 185, 22, 0
1 5 55: 185, 22, 3
1 6 1: 1459, 0, 1
1 6 2: 185, 22, 0
1 6 4: 186, 22, 1
1 7 0: 1459, 1, 1
1 7 1: 1459, 9, 1
1 7 2: 185, 22, 1
1 7 3: 185, 22, 0
1 8 0: 1459, 0, 1
1 8 1: 185, 22, 1
1 8 2: 186, 22, 0
1 8 3: 185, 22, 3
1 8 4: 185, 22, 3
1 8 54: 185, 22, 2
1 8 54: 3246, 10, 3
1 8 55: 185, 22, 0
1 9 0: 1459, 0, 1
1 9 1: 185, 22, 3
1 9 3: 185, 22, 1
1 9 4: 185, 22, 2
1 9 18: 185, 22, 1
1 9 21: 186, 22, 1
1 9 54: 185, 22, 0
1 9 55: 185, 22, 1
1 9 56: 185, 22, 2
1 9 57: 185, 22, 1
1 10 0: 1459, 1, 0
1 10 1: 1459, 9, 0
1 10 2: 185, 22, 3
1 10 3: 184, 22, 2
1 10 4: 185, 22, 0
1 10 11: 184, 22, 2
1 10 17: 184, 22, 1
1 10 18: 185, 22, 0
1 10 19: 185, 22, 0
1 10 20: 185, 22, 2
1 10 21: 185, 22, 2
1 10 22: 185, 22, 2
1 10 25: 185, 22, 3
1 10 26: 185, 22, 3
1 10 27: 185, 22, 1
1 10 28: 184, 22, 2
1 10 29: 185, 22, 0
1 10 30: 186, 22, 3
1 10 31: 184, 22, 3
1 10 32: 185, 22, 3
1 10 33: 185, 22, 3
1 10 34: 185, 22, 0
1 10 34: 3246, 10, 0
1 10 35: 185, 22, 1
1 10 54: 185, 22, 3
1 10 58: 184, 22, 1
1 11 1: 1459, 0, 1
1 11 2: 185, 22, 0
1 11 3: 185, 22, 1
1 11 16: 185, 22, 3
1 11 18: 185, 22, 3
1 11 19: 184, 22, 1
1 11 20: 185, 22, 1
1 11 21: 184, 22, 3
1 11 22: 185, 22, 3
1 11 34: 185, 22, 3
1 11 35: 185, 22, 2
1 11 36: 185, 22, 2
1 11 37: 185, 22, 2
1 11 38: 3255, 10, 2
1 11 41: 186, 22, 3
1 11 42: 185, 22, 1
1 11 43: 184, 22, 1
1 11 54: 185, 22, 2
1 11 58: 185, 22, 3
1 12 1: 1459, 0, 1
1 12 3: 185, 22, 0
1 12 16: 184, 22, 2
1 12 17: 185, 22, 2
1 12 18: 186, 22, 0
1 12 19: 185, 22, 1
1 12 44: 185, 22, 3
1 12 54: 185, 22, 3
1 12 58: 185, 22, 2
1 13 1: 1459, 0, 1
1 13 2: 185, 22, 1
1 13 3: 185, 22, 2
1 13 8: 185, 22, 2
1 13 16: 185, 22, 0
1 13 17: 185, 22, 1
1 13 18: 185, 22, 0
1 13 19: 185, 22, 0
1 13 22: 185, 22, 2
1 13 44: 185, 22, 2
1 13 54: 184, 22, 2
1 13 58: 185, 22, 1
1 14 1: 1459, 0, 1
1 14 2: 185, 22, 1
1 14 3: 186, 22, 3
1 14 4: 185, 22, 2
1 14 17: 185, 22, 1
1 14 22: 3255, 10, 1
1 14 44: 184, 22, 0
1 14 54: 186, 22, 0
1 14 58: 184, 22, 0
1 15 0: 1459, 1, 1
1 15 1: 1459, 9, 1
1 15 2: 185, 22, 3
1 15 3: 185, 22, 2
1 15 45: 185, 22, 0
1 15 46: 186, 22, 1
1 15 47: 185, 22, 3
1 15 48: 3254, 10, 0
1 15 51: 185, 22, 2
1 15 52: 184, 22, 3
1 15 53: 185, 22, 1
1 15 54: 185, 22, 0
1 15 58: 185, 22, 3
1 16 0: 1459, 0, 1
1 16 1: 185, 22, 0
1 16 2: 185, 22, 1
1 16 3: 184, 22, 3
1 16 30: 3256, 10, 2
1 16 58: 186, 22, 3
1 17 0: 1459, 0, 1
1 17 1: 185, 22, 2
1 17 2: 185, 22, 1
1 17 3: 185, 22, 0
1 17 22: 185, 22, 0
1 17 58: 185, 22, 2
1 18 0: 1459, 0, 1
1 18 1: 185, 22, 3
1 18 2: 186, 22, 2
1 18 3: 185, 22, 0
1 18 4: 185, 22, 2
1 18 10: 184, 22, 3
1 18 11: 185, 22, 1
1 18 22: 185, 22, 3
1 18 58: 185, 22, 1
1 19 0: 1459, 0, 1
1 19 2: 185, 22, 0
1 19 3: 185, 22, 3
1 19 9: 185, 22, 2
1 19 10: 185, 22, 0
1 19 11: 185, 22, 0
1 19 22: 185, 22, 1
1 19 40: 185, 22, 1
1 19 40: 3246, 10, 2
1 19 41: 185, 22, 3
1 19 48: 185, 22, 2
1 19 49: 185, 22, 2
1 19 58: 185, 22, 0
1 20 0: 1459, 1, 0
1 20 1: 1459, 9, 0
1 20 3: 185, 22, 1
1 20 4: 185, 22, 2
1 20 9: 186, 22, 2
1 20 11: 185, 22, 3
1 20 12: 185, 22, 0
1 20 21: 185, 22, 2
1 20 23: 184, 22, 0
1 20 40: 185, 22, 3
1 20 41: 185, 22, 0
1 20 48: 185, 22, 1
1 20 49: 185, 22, 3
1 20 50: 185, 22, 3
1 20 51: 185, 22, 0
1 20 52: 185, 22, 1
1 20 53: 185, 22, 2
1 20 55: 185, 22, 3
1 20 56: 185, 22, 1
1 20 57: 185, 22, 2
1 20 57: 3246, 10, 2
1 20 58: 185, 22, 1
1 21 0: 1459, 1, 1
1 21 1: 1459, 9, 1
1 21 2: 185, 22, 0
1 21 3: 185, 22, 1
1 21 11: 186, 22, 3
1 21 12: 185, 22, 0
1 21 20: 185, 22, 2
1 21 22: 185, 22, 0
1 21 23: 185, 22, 0
1 21 40: 185, 22, 1
1 21 48: 185, 22, 2
1 21 57: 185, 22, 3
1 22 0: 1459, 0, 1
1 22 1: 185, 22, 1
1 22 2: 185, 22, 2
1 22 3: 184, 22, 0
1 22 9: 185, 22, 1
1 22 10: 185, 22, 0
1 22 12: 185, 22, 0
1 22 13: 185, 22, 1
1 22 21: 184, 22, 3
1 22 23: 185, 22, 0
1 22 24: 185, 22, 1
1 22 40: 185, 22, 0
1 22 48: 185, 22, 0
1 22 57: 185, 22, 1
1 23 0: 1459, 1, 0
1 23 1: 1459, 9, 0
1 23 2: 185, 22, 3
1 23 4: 185, 22, 3
1 23 10: 185, 22, 3
1 23 11: 185, 22, 3
1 23 12: 184, 22, 3
1 23 13: 185, 22, 2
1 23 15: 185, 22, 0
1 23 16: 185, 22, 2
1 23 17: 184, 22, 1
1 23 18: 185, 22, 3
1 23 20: 186, 22, 2
1 23 22: 185, 22, 1
1 23 24: 185, 22, 0
1 23 40: 185, 22, 1
1 23 48: 185, 22, 1
1 23 57: 185, 22, 3
1 24 1: 1459, 0, 1
1 24 2: 186, 22, 0
1 24 3: 185, 22, 0
1 24 4: 185, 22, 2
1 24 11: 185, 22, 2
1 24 12: 185, 22, 2
1 24 20: 185, 22, 3
1 24 21: 186, 22, 3
1 24 22: 185, 22, 2
1 24 23: 184, 22, 2
1 24 25: 185, 22, 3
1 24 27: 185, 22, 0
1 24 28: 185, 22, 2
1 24 29: 184, 22, 1
1 24 30: 185, 22, 3
1 24 31: 186, 22, 0
1 24 32: 185, 22, 2
1 24 33: 185, 22, 1
1 24 34: 185, 22, 0
1 24 34: 3274, 10, 2
1 24 40: 3254, 10, 3
1 24 49: 185, 22, 0
1 24 50: 185, 22, 1
1 24 57: 185, 22, 2
1 25 1: 1459, 0, 1
1 25 2: 185, 22, 3
1 25 3: 185, 22, 2
1 25 21: 185, 22, 2
1 25 22: 185, 22, 3
1 25 23: 185, 22, 2
1 25 24: 185, 22, 3
1 25 33: 185, 22, 3
1 25 34: 185, 22, 0
1 25 51: 185, 22, 0
1 25 57: 184, 22, 3
1 26 0: 1459, 1, 1
1 26 1: 1459, 9, 1
1 26 3: 185, 22, 2
1 26 12: 185, 22, 2
1 26 51: 185, 22, 1
1 26 57: 185, 22, 0
1 27 0: 1459, 1, 0
1 27 1: 1459, 9, 0
1 27 2: 185, 22, 3
1 27 12: 185, 22, 0
1 27 40: 184, 22, 0
1 27 51: 184, 22, 2
1 27 57: 185, 22, 3
1 28 1: 1459, 0, 1
1 28 2: 185, 22, 1
1 28 12: 185, 22, 3
1 28 51: 185, 22, 0
1 28 57: 186, 22, 2
1 29 0: 1459, 1, 1
1 29 1: 1459, 9, 1
1 29 2: 185, 22, 1
1 29 3: 185, 22, 2
1 29 4: 185, 22, 1
1 29 12: 185, 22, 2
1 29 51: 185, 22, 3
1 29 58: 185, 22, 1
1 29 59: 185, 22, 0
1 30 0: 1459, 0, 1
1 30 2: 185, 22, 2
1 30 3: 184, 22, 1
1 30 13: 185, 22, 0
1 30 16: 184, 22, 3
1 30 17: 185, 22, 1
1 30 18: 3254, 10, 2
1 30 21: 185, 22, 0
1 30 22: 186, 22, 3
1 30 23: 185, 22, 3
1 30 24: 185, 22, 1
1 30 25: 184, 22, 0
1 30 26: 185, 22, 0
1 30 27: 185, 22, 3
1 30 28: 186, 22, 1
1 30 29: 185, 22, 2
1 30 30: 185, 22, 1
1 30 31: 184, 22, 2
1 30 32: 185, 22, 0
1 30 33: 185, 22, 3
1 30 34: 185, 22, 2
1 30 35: 184, 22, 2
1 30 36: 185, 22, 0
1 30 37: 185, 22, 1
1 30 38: 185, 22, 2
1 30 39: 185, 22, 0
1 30 39: 3246, 10, 0
1 30 40: 185, 22, 1
1 30 60: 185, 22, 2
1 31 0: 1459, 0, 1
1 31 2: 185, 22, 3
1 31 3: 185, 22, 3
1 31 4: 185, 22, 3
1 31 39: 185, 22, 3
1 31 40: 185, 22, 2
1 31 41: 185, 22, 2
1 31 42: 185, 22, 2
1 31 43: 185, 22, 3
1 31 44: 184, 22, 3
1 31 45: 186, 22, 2
1 31 46: 185, 22, 1
1 31 47: 184, 22, 2
1 31 48: 185, 22, 0
1 31 49: 185, 22, 3
1 31 50: 3246, 10, 1
1 31 51: 185, 22, 3
1 31 60: 3255, 10, 3
1 32 0: 1459, 9, 1
1 32 2: 185, 22, 2
1 32 50: 185, 22, 1
1 32 51: 185, 22, 0
1 33 0: 1459, 9, 0
1 33 1: 185, 22, 0
1 33 3: 185, 22, 2
1 34 0: 1459, 0, 1
1 34 1: 185, 22, 0
1 34 2: 186, 22, 3
1 34 3: 185, 22, 1
1 34 60: 185, 22, 0
1 35 0: 1459, 0, 1
1 35 1: 185, 22, 1
1 35 2: 185, 22, 2
1 35 4: 185, 22, 0
1 35 39: 3255, 10, 1
1 35 60: 184, 22, 0
1 36 0: 1459, 1, 0
1 36 1: 1459, 9, 0
1 36 3: 185, 22, 3
1 36 4: 185, 22, 0
1 36 27: 185, 22, 3
1 36 28: 185, 22, 0
1 36 29: 185, 22, 0
1 36 60: 185, 22, 2
1 37 1: 1459, 0, 1
1 37 2: 185, 22, 3
1 37 4: 185, 22, 2
1 37 25: 185, 22, 2
1 37 26: 185, 22, 3
1 37 27: 185, 22, 2
1 37 28: 184, 22, 0
1 37 29: 185, 22, 1
1 37 30: 185, 22, 1
1 37 33: 185, 22, 2
1 37 34: 185, 22, 3
1 37 59: 3246, 10, 3
1 37 60: 185, 22, 1
1 38 1: 3222, 10, 1
1 38 2: 185, 22, 0
1 38 3: 184, 22, 2
1 38 4: 185, 22, 1
1 38 20: 185, 22, 1
1 38 20: 1631, 1, 1
1 38 21: 185, 22, 1
1 38 21: 1631, 0, 2
1 38 22: 185, 22, 1
1 38 22: 1631, 0, 2
1 38 23: 185, 22, 2
1 38 23: 1631, 0, 2
1 38 24: 185, 22, 3
1 38 24: 1631, 0, 2
1 38 25: 185, 22, 3
1 38 25: 1631, 0, 2
1 38 26: 185, 22, 2
1 38 26: 1631, 1, 2
1 38 27: 185, 22, 2
1 38 29: 185, 22, 1
1 38 30: 185, 22, 1
1 38 35: 184, 22, 3
1 38 59: 185, 22, 0
1 38 60: 185, 22, 3
1 39 1: 1459, 0, 1
1 39 4: 185, 22, 1
1 39 20: 185, 22, 1
1 39 20: 1631, 0, 1
1 39 21: 387, 10, 3
1 39 22: 1021, 4, 0
1 39 23: 423, 10, 0
1 39 23: 1020, 4, 0
1 39 24: 1019, 4, 0
1 39 26: 1631, 0, 3
1 39 27: 185, 22, 0
1 39 28: 186, 22, 0
1 39 30: 185, 22, 2
1 39 35: 185, 22, 1
1 39 59: 185, 22, 1
1 40 0: 1459, 1, 1
1 40 1: 1459, 9, 1
1 40 2: 185, 22, 2
1 40 3: 185, 22, 0
1 40 10: 185, 22, 2
1 40 10: 3246, 10, 2
1 40 11: 185, 22, 1
1 40 18: 185, 22, 2
1 40 19: 185, 22, 0
1 40 20: 1631, 0, 1
1 40 26: 184, 22, 0
1 40 26: 1631, 0, 3
1 40 27: 185, 22, 3
1 40 29: 185, 22, 3
1 40 36: 185, 22, 3
1 40 37: 185, 22, 0
1 40 38: 185, 22, 2
1 40 39: 185, 22, 0
1 40 59: 186, 22, 1
1 41 0: 1459, 0, 1
1 41 1: 185, 22, 0
1 41 2: 185, 22, 0
1 41 3: 185, 22, 1
1 41 10: 185, 22, 0
1 41 11: 185, 22, 1
1 41 12: 185, 22, 3
1 41 13: 186, 22, 2
1 41 14: 184, 22, 2
1 41 15: 185, 22, 2
1 41 16: 185, 22, 1
1 41 18: 184, 22, 3
1 41 19: 1631, 1, 1
1 41 20: 1631, 9, 1
1 41 24: 1631, 9, 3
1 41 25: 1631, 0, 0
1 41 26: 185, 22, 1
1 41 26: 1631, 1, 3
1 41 28: 186, 22, 1
1 41 38: 185, 22, 1
1 41 39: 184, 22, 0
1 41 45: 3256, 10, 2
1 41 53: 185, 22, 2
1 41 53: 3246, 10, 1
1 41 54: 185, 22, 3
1 41 59: 185, 22, 1
1 42 0: 1459, 1, 0
1 42 1: 1459, 9, 0
1 42 2: 185, 22, 3
1 42 3: 185, 22, 2
1 42 17: 185, 22, 3
1 42 19: 185, 22, 2
1 42 19: 1631, 0, 1
1 42 20: 1111, 10, 2
1 42 22: 692, 10, 2
1 42 23: 1019, 4, 1
1 42 24: 1631, 0, 3
1 42 25: 185, 22, 1
1 42 26: 185, 22, 2
1 42 27: 185, 22, 2
1 42 53: 185, 22, 3
1 42 54: 185, 22, 0
1 42 59: 184, 22, 3
1 43 1: 1459, 0, 1
1 43 2: 185, 22, 2
1 43 18: 185, 22, 2
1 43 19: 185, 22, 1
1 43 19: 1631, 0, 1
1 43 20: 616, 10, 2
1 43 20: 908, 4, 3
1 43 23: 1020, 4, 1
1 43 24: 1631, 0, 3
1 43 25: 185, 22, 0
1 43 26: 184, 22, 1
1 43 27: 185, 22, 3
1 43 38: 185, 22, 0
1 43 53: 185, 22, 0
1 43 60: 185, 22, 2
1 44 0: 1459, 1, 1
1 44 1: 1459, 9, 1
1 44 3: 185, 22, 3
1 44 17: 184, 22, 0
1 44 18: 185, 22, 2
1 44 19: 185, 22, 3
1 44 19: 1631, 0, 1
1 44 20: 1111, 10, 2
1 44 23: 1021, 4, 1
1 44 24: 185, 22, 1
1 44 24: 1631, 0, 3
1 44 25: 185, 22, 2
1 44 26: 185, 22, 3
1 44 27: 185, 22, 0
1 44 38: 3255, 10, 1
1 44 53: 185, 22, 1
1 44 60: 184, 22, 2
1 45 0: 1459, 0, 1
1 45 1: 186, 22, 2
1 45 3: 185, 22, 3
1 45 17: 185, 22, 0
1 45 18: 185, 22, 0
1 45 19: 185, 22, 1
1 45 19: 1631, 0, 1
1 45 20: 3272, 10, 0
1 45 21: 1822, 4, 2
1 45 23: 693, 10, 1
1 45 24: 185, 22, 2
1 45 24: 1631, 0, 3
1 45 25: 186, 22, 2
1 45 26: 185, 22, 3
1 45 53: 186, 22, 3
1 45 60: 185, 22, 0
1 46 0: 1459, 1, 0
1 46 1: 1459, 9, 0
1 46 2: 185, 22, 3
1 46 3: 185, 22, 0
1 46 18: 185, 22, 0
1 46 19: 185, 22, 1
1 46 19: 1631, 1, 0
1 46 20: 185, 22, 0
1 46 20: 1631, 0, 0
1 46 21: 185, 22, 2
1 46 21: 1631, 0, 0
1 46 21: 3362, 5, 0
1 46 22: 185, 22, 0
1 46 22: 3270, 0, 0
1 46 23: 907, 5, 0
1 46 23: 1631, 0, 0
1 46 24: 184, 22, 1
1 46 24: 1631, 1, 3
1 46 25: 185, 22, 2
1 46 53: 185, 22, 0
1 46 60: 186, 22, 0
1 47 1: 1459, 0, 1
1 47 3: 185, 22, 1
1 47 4: 185, 22, 2
1 47 5: 185, 22, 2
1 47 19: 185, 22, 1
1 47 20: 184, 22, 1
1 47 21: 185, 22, 3
1 47 22: 185, 22, 3
1 47 24: 185, 22, 3
1 47 25: 185, 22, 1
1 47 38: 184, 22, 2
1 47 60: 185, 22, 2
1 48 1: 1459, 0, 1
1 48 2: 185, 22, 2
1 48 3: 185, 22, 1
1 48 4: 186, 22, 1
1 48 5: 185, 22, 3
1 48 20: 185, 22, 0
1 48 21: 185, 22, 3
1 48 22: 185, 22, 2
1 48 23: 186, 22, 3
1 48 24: 185, 22, 0
1 48 25: 185, 22, 1
1 48 38: 185, 22, 3
1 48 52: 185, 22, 0
1 48 52: 3246, 10, 2
1 48 53: 185, 22, 0
1 48 60: 185, 22, 2
1 49 1: 1459, 0, 1
1 49 2: 185, 22, 1
1 49 4: 185, 22, 3
1 49 22: 185, 22, 1
1 49 30: 3256, 10, 0
1 49 38: 186, 22, 0
1 49 52: 185, 22, 1
1 49 53: 185, 22, 2
1 49 54: 185, 22, 1
1 49 55: 3255, 10, 0
1 49 58: 184, 22, 3
1 49 59: 185, 22, 3
1 49 59: 3246, 10, 0
1 49 60: 185, 22, 1
1 50 0: 1459, 1, 1
1 50 1: 1459, 9, 1
1 50 3: 185, 22, 2
1 50 4: 185, 22, 3
1 50 10: 3256, 10, 3
1 50 38: 185, 22, 0
1 50 52: 185, 22, 2
1 50 58: 185, 22, 3
1 50 59: 185, 22, 0
1 50 60: 185, 22, 0
1 50 61: 185, 22, 1
1 50 62: 185, 22, 0
1 50 63: 184, 22, 3
1 51 0: 1459, 0, 1
1 51 2: 185, 22, 1
1 51 3: 184, 22, 3
1 51 4: 185, 22, 0
1 51 38: 185, 22, 1
1 51 52: 185, 22, 1
1 51 59: 186, 22, 3
1 52 0: 1459, 0, 1
1 52 1: 185, 22, 1
1 52 2: 185, 22, 0
1 52 3: 185, 22, 2
1 52 21: 185, 22, 2
1 52 38: 184, 22, 3
1 52 45: 186, 22, 3
1 52 46: 185, 22, 0
1 52 52: 185, 22, 0
1 52 59: 186, 22, 2
1 53 0: 1459, 0, 1
1 53 1: 185, 22, 3
1 53 2: 186, 22, 0
1 53 3: 185, 22, 3
1 53 4: 185, 22, 2
1 53 5: 185, 22, 2
1 53 21: 184, 22, 3
1 53 38: 185, 22, 3
1 53 45: 185, 22, 2
1 53 46: 185, 22, 1
1 53 47: 184, 22, 0
1 53 48: 185, 22, 3
1 53 49: 184, 22, 0
1 53 50: 185, 22, 1
1 53 51: 186, 22, 3
1 53 59: 184, 22, 1
1 54 0: 1459, 0, 1
1 54 1: 185, 22, 3
1 54 2: 185, 22, 2
1 54 4: 185, 22, 2
1 54 5: 185, 22, 3
1 54 6: 185, 22, 2
1 54 21: 186, 22, 1
1 54 38: 184, 22, 0
1 54 59: 184, 22, 3
1 55 0: 1459, 0, 1
1 55 2: 185, 22, 0
1 55 4: 185, 22, 1
1 55 5: 186, 22, 3
1 55 6: 185, 22, 1
1 55 7: 185, 22, 1
1 55 21: 185, 22, 2
1 55 58: 186, 22, 3
1 55 59: 185, 22, 0
1 56 0: 1459, 1, 0
1 56 1: 1459, 9, 0
1 56 2: 185, 22, 0
1 56 4: 185, 22, 0
1 56 5: 185, 22, 1
1 56 6: 185, 22, 3
1 56 7: 185, 22, 2
1 56 8: 185, 22, 2
1 56 20: 185, 22, 3
1 56 20: 3246, 10, 3
1 56 21: 185, 22, 2
1 56 58: 185, 22, 3
1 56 59: 185, 22, 1
1 57 1: 1459, 0, 1
1 57 4: 185, 22, 0
1 57 7: 185, 22, 0
1 57 9: 185, 22, 3
1 57 20: 185, 22, 0
1 57 21: 185, 22, 1
1 57 38: 185, 22, 2
1 57 39: 185, 22, 1
1 58 1: 1459, 0, 1
1 58 3: 185, 22, 2
1 58 5: 185, 22, 2
1 58 7: 185, 22, 0
1 58 8: 184, 22, 2
1 58 9: 185, 22, 2
1 58 10: 185, 22, 2
1 58 11: 185, 22, 1
1 58 37: 185, 22, 3
1 58 38: 184, 22, 2
1 58 39: 185, 22, 0
1 58 41: 185, 22, 0
1 58 42: 185, 22, 2
1 58 44: 185, 22, 2
1 58 45: 185, 22, 1
1 58 46: 185, 22, 1
1 58 47: 185, 22, 3
1 58 49: 185, 22, 3
1 59 0: 1459, 1, 1
1 59 1: 1459, 9, 1
1 59 3: 185, 22, 3
1 59 4: 184, 22, 0
1 59 5: 185, 22, 2
1 59 6: 185, 22, 1
1 59 8: 185, 22, 0
1 59 9: 185, 22, 1
1 59 11: 185, 22, 2
1 59 12: 186, 22, 2
1 59 28: 185, 22, 2
1 59 33: 185, 22, 0
1 59 34: 185, 22, 1
1 59 35: 185, 22, 2
1 59 36: 185, 22, 3
1 59 37: 185, 22, 3
1 59 38: 185, 22, 3
1 59 39: 185, 22, 1
1 59 40: 185, 22, 3
1 59 41: 185, 22, 0
1 59 42: 186, 22, 0
1 59 43: 185, 22, 3
1 59 45: 185, 22, 2
1 59 46: 184, 22, 0
1 59 48: 185, 22, 3
1 59 49: 185, 22, 1
1 59 50: 184, 22, 1
1 59 51: 185, 22, 2
1 59 60: 185, 22, 1
1 59 61: 185, 22, 0
1 59 62: 184, 22, 2
1 59 63: 185, 22, 3
1 60 0: 1459, 1, 0
1 60 1: 1459, 9, 0
1 60 3: 185, 22, 3
1 60 4: 185, 22, 0
1 60 5: 185, 22, 1
1 60 7: 185, 22, 3
1 60 8: 185, 22, 3
1 60 9: 185, 22, 3
1 60 10: 185, 22, 0
1 60 11: 185, 22, 0
1 60 12: 185, 22, 3
1 60 13: 185, 22, 2
1 60 14: 185, 22, 3
1 60 15: 185, 22, 0
1 60 16: 184, 22, 0
1 60 17: 185, 22, 3
1 60 24: 186, 22, 0
1 60 25: 185, 22, 3
1 60 26: 185, 22, 0
1 60 27: 185, 22, 1
1 60 28: 185, 22, 1
1 60 29: 186, 22, 3
1 60 30: 185, 22, 0
1 60 31: 184, 22, 2
1 60 32: 185, 22, 1
1 60 33: 185, 22, 3
1 60 34: 186, 22, 2
1 60 35: 185, 22, 2
1 60 36: 184, 22, 3
1 60 38: 185, 22, 2
1 60 40: 184, 22, 0
1 60 41: 185, 22, 0
1 60 42: 185, 22, 0
1 60 43: 185, 22, 1
1 60 44: 185, 22, 2
1 60 46: 185, 22, 0
1 60 47: 186, 22, 1
1 60 48: 185, 22, 2
1 60 49: 185, 22, 3
1 60 50: 185, 22, 2
1 60 51: 185, 22, 2
1 60 52: 185, 22, 0
1 60 57: 185, 22, 1
1 60 58: 186, 22, 0
1 60 59: 185, 22, 3
1 60 60: 185, 22, 3
1 60 61: 185, 22, 1
1 60 62: 185, 22, 2
1 60 63: 185, 22, 3
1 61 1: 1459, 0, 1
1 61 3: 185, 22, 1
1 61 4: 185, 22, 2
1 61 5: 185, 22, 3
1 61 10: 186, 22, 3
1 61 12: 184, 22, 3
1 61 13: 185, 22, 0
1 61 14: 185, 22, 1
1 61 15: 185, 22, 1
1 61 17: 185, 22, 2
1 61 18: 185, 22, 0
1 61 19: 186, 22, 1
1 61 20: 185, 22, 2
1 61 21: 184, 22, 1
1 61 22: 185, 22, 3
1 61 23: 185, 22, 1
1 61 24: 185, 22, 2
1 61 25: 1459, 9, 3
1 61 26: 1459, 0, 0
1 61 27: 1459, 0, 0
1 61 28: 1459, 9, 0
1 61 29: 185, 22, 2
1 61 30: 185, 22, 3
1 61 31: 185, 22, 0
1 61 32: 185, 22, 1
1 61 34: 185, 22, 2
1 61 35: 185, 22, 1
1 61 36: 185, 22, 1
1 61 37: 185, 22, 1
1 61 39: 185, 22, 0
1 61 40: 185, 22, 3
1 61 41: 185, 22, 3
1 61 42: 185, 22, 3
1 61 43: 184, 22, 1
1 61 44: 185, 22, 2
1 61 46: 185, 22, 0
1 61 47: 185, 22, 0
1 61 48: 185, 22, 2
1 61 50: 186, 22, 2
1 61 51: 185, 22, 3
1 61 52: 184, 22, 1
1 61 53: 185, 22, 1
1 61 54: 185, 22, 0
1 61 56: 184, 22, 3
1 61 57: 185, 22, 0
1 61 58: 1459, 9, 3
1 61 59: 1459, 0, 0
1 61 60: 1459, 0, 0
1 61 61: 1459, 0, 0
1 61 62: 1459, 0, 0
1 61 63: 1459, 0, 0
1 62 1: 1459, 1, 0
1 62 2: 1459, 9, 0
1 62 5: 1459, 9, 3
1 62 6: 1459, 0, 0
1 62 7: 1459, 0, 0
1 62 8: 1459, 9, 0
1 62 9: 185, 22, 1
1 62 10: 185, 22, 2
1 62 11: 185, 22, 3
1 62 12: 185, 22, 0
1 62 14: 1459, 9, 3
1 62 15: 1459, 0, 0
1 62 16: 1459, 0, 0
1 62 17: 1459, 0, 0
1 62 18: 1459, 9, 0
1 62 19: 185, 22, 1
1 62 20: 185, 22, 1
1 62 21: 1459, 9, 3
1 62 22: 1459, 0, 0
1 62 23: 1459, 9, 0
1 62 24: 185, 22, 3
1 62 25: 1459, 0, 3
1 62 28: 1459, 0, 1
1 62 29: 185, 22, 3
1 62 31: 185, 22, 2
1 62 33: 1459, 9, 3
1 62 34: 1459, 0, 0
1 62 35: 1459, 0, 0
1 62 36: 1459, 9, 0
1 62 38: 185, 22, 0
1 62 39: 186, 22, 2
1 62 40: 185, 22, 2
1 62 41: 1459, 9, 3
1 62 42: 1459, 0, 0
1 62 43: 1459, 0, 0
1 62 44: 1459, 0, 0
1 62 45: 1459, 0, 0
1 62 46: 1459, 9, 0
1 62 47: 185, 22, 3
1 62 48: 1459, 9, 3
1 62 49: 1459, 0, 0
1 62 50: 1459, 9, 0
1 62 51: 185, 22, 0
1 62 52: 185, 22, 1
1 62 53: 185, 22, 2
1 62 54: 185, 22, 2
1 62 55: 185, 22, 3
1 62 56: 185, 22, 3
1 62 57: 1459, 9, 3
1 62 58: 1459, 1, 3
1 63 2: 1459, 1, 0
1 63 3: 1459, 0, 0
1 63 4: 1459, 0, 0
1 63 5: 1459, 1, 3
1 63 8: 1459, 1, 0
1 63 9: 1459, 0, 0
1 63 10: 1459, 0, 0
1 63 11: 1459, 0, 0
1 63 12: 1459, 0, 0
1 63 13: 1459, 0, 0
1 63 14: 1459, 1, 3
1 63 18: 1459, 1, 0
1 63 19: 1459, 0, 0
1 63 20: 1459, 0, 0
1 63 21: 1459, 1, 3
1 63 23: 1459, 1, 0
1 63 24: 1459, 0, 0
1 63 25: 1459, 1, 3
1 63 28: 1459, 1, 0
1 63 29: 1459, 9, 0
1 63 30: 1459, 9, 3
1 63 31: 1459, 0, 0
1 63 32: 1459, 0, 0
1 63 33: 1459, 1, 3
1 63 36: 1459, 1, 0
1 63 37: 1459, 0, 0
1 63 38: 1459, 9, 0
1 63 39: 185, 22, 1
1 63 40: 1459, 9, 3
1 63 41: 1459, 1, 3
1 63 46: 1459, 1, 0
1 63 47: 1459, 0, 0
1 63 48: 1459, 1, 3
1 63 50: 1459, 1, 0
1 63 51: 1459, 0, 0
1 63 52: 1459, 0, 0
1 63 53: 1459, 0, 0
1 63 54: 1459, 0, 0
1 63 55: 1459, 0, 0
1 63 56: 1459, 0, 0
1 63 57: 1459, 1, 3
2 0 0: 1460, 10, 1
2 0 1: 1460, 10, 1
2 0 2: 1460, 10, 1
2 0 3: 1469, 1, 1
2 0 4: 1469, 0, 2
2 0 5: 1469, 0, 2
2 0 6: 1469, 1, 2
2 0 7: 1460, 10, 1
2 0 8: 1460, 10, 1
2 0 9: 1460, 10, 1
2 0 10: 1460, 10, 1
2 0 11: 1469, 1, 1
2 0 12: 1469, 0, 2
2 0 13: 1469, 0, 2
2 0 14: 1469, 0, 2
2 0 15: 1469, 1, 2
2 0 16: 1460, 10, 1
2 0 17: 1460, 10, 1
2 0 18: 1469, 1, 1
2 0 19: 1469, 0, 2
2 0 20: 1469, 0, 2
2 0 21: 1469, 1, 2
2 0 22: 1460, 10, 1
2 0 23: 1460, 10, 1
2 0 24: 1460, 10, 1
2 0 25: 1469, 1, 1
2 0 26: 1469, 0, 2
2 0 27: 1469, 0, 2
2 0 28: 1469, 0, 2
2 0 29: 1469, 1, 2
2 0 30: 1460, 10, 1
2 0 31: 1460, 10, 1
2 0 32: 1469, 1, 1
2 0 33: 1469, 0, 2
2 0 34: 1469, 0, 2
2 0 35: 1469, 0, 2
2 0 36: 1469, 0, 2
2 0 37: 1469, 1, 2
2 0 38: 1460, 10, 1
2 0 39: 1460, 10, 1
2 0 40: 1460, 10, 1
2 0 41: 1460, 10, 1
2 0 42: 1460, 10, 1
2 0 43: 1460, 10, 1
2 0 44: 1460, 10, 1
2 0 45: 1460, 10, 1
2 0 46: 1460, 10, 1
2 0 47: 1460, 10, 1
2 0 48: 1460, 10, 1
2 0 49: 1460, 10, 1
2 0 50: 1469, 1, 1
2 0 51: 1469, 0, 2
2 0 52: 1469, 0, 2
2 0 53: 1469, 0, 2
2 0 54: 1469, 1, 2
2 0 55: 1460, 10, 1
2 0 56: 1460, 10, 1
2 0 57: 1460, 10, 1
2 0 58: 1460, 10, 1
2 0 59: 1460, 10, 1
2 0 60: 1460, 10, 1
2 0 61: 1460, 10, 1
2 0 62: 1469, 1, 1
2 0 63: 1469, 0, 2
2 1 0: 1460, 10, 1
2 1 1: 1469, 1, 1
2 1 2: 1469, 0, 2
2 1 3: 1469, 9, 1
2 1 6: 1469, 9, 2
2 1 7: 1469, 0, 2
2 1 8: 1469, 0, 2
2 1 9: 1469, 0, 2
2 1 10: 1469, 0, 2
2 1 11: 1469, 9, 1
2 1 15: 1469, 9, 2
2 1 16: 1469, 0, 2
2 1 17: 1469, 0, 2
2 1 18: 1469, 9, 1
2 1 21: 1469, 9, 2
2 1 22: 1469, 0, 2
2 1 23: 1469, 0, 2
2 1 24: 1469, 0, 2
2 1 25: 1469, 9, 1
2 1 29: 1469, 9, 2
2 1 30: 1469, 0, 2
2 1 31: 1469, 0, 2
2 1 32: 1469, 9, 1
2 1 37: 1469, 9, 2
2 1 38: 1469, 0, 2
2 1 39: 1469, 1, 2
2 1 40: 1460, 10, 1
2 1 41: 1469, 1, 1
2 1 42: 1469, 0, 2
2 1 43: 1469, 1, 2
2 1 44: 1460, 10, 1
2 1 45: 1460, 10, 1
2 1 46: 1460, 10, 1
2 1 47: 1469, 1, 1
2 1 48: 1469, 0, 2
2 1 49: 1469, 0, 2
2 1 50: 1469, 9, 1
2 1 54: 1469, 9, 2
2 1 55: 1469, 0, 2
2 1 56: 1469, 1, 2
2 1 57: 1460, 10, 1
2 1 58: 1460, 10, 1
2 1 59: 1469, 1, 1
2 1 60: 1469, 0, 2
2 1 61: 1469, 0, 2
2 1 62: 1469, 9, 1
2 2 0: 1469, 1, 1
2 2 1: 1469, 9, 1
2 2 39: 1469, 9, 2
2 2 40: 1469, 0, 2
2 2 41: 1469, 9, 1
2 2 43: 1469, 9, 2
2 2 44: 1469, 0, 2
2 2 45: 1469, 0, 2
2 2 46: 1469, 0, 2
2 2 47: 1469, 9, 1
2 2 56: 1469, 9, 2
2 2 57: 1469, 0, 2
2 2 58: 1469, 0, 2
2 2 59: 1469, 9, 1
2 3 0: 1469, 0, 1
2 4 0: 1469, 1, 0
2 4 1: 1469, 9, 0
2 5 0: 1460, 10, 1
2 5 1: 1469, 0, 1
2 6 0: 1460, 10, 1
2 6 1: 1469, 0, 1
2 7 0: 1469, 1, 1
2 7 1: 1469, 9, 1
2 8 0: 1469, 0, 1
2 9 0: 1469, 0, 1
2 10 0: 1469, 1, 0
2 10 1: 1469, 9, 0
2 11 0: 1460, 10, 1
2 11 1: 1469, 0, 1
2 12 0: 1460, 10, 1
2 12 1: 1469, 0, 1
2 13 0: 1460, 10, 1
2 13 1: 1469, 0, 1
2 14 0: 1460, 10, 1
2 14 1: 1469, 0, 1
2 15 0: 1469, 1, 1
2 15 1: 1469, 9, 1
2 16 0: 1469, 0, 1
2 17 0: 1469, 0, 1
2 18 0: 1469, 0, 1
2 19 0: 1469, 0, 1
2 20 0: 1469, 1, 0
2 20 1: 1469, 9, 0
2 21 0: 1469, 1, 1
2 21 1: 1469, 9, 1
2 22 0: 1469, 0, 1
2 23 0: 1469, 1, 0
2 23 1: 1469, 9, 0
2 24 0: 1460, 10, 1
2 24 1: 1469, 0, 1
2 25 0: 1460, 10, 1
2 25 1: 1469, 0, 1
2 26 0: 1469, 1, 1
2 26 1: 1469, 9, 1
2 27 0: 1469, 1, 0
2 27 1: 1469, 9, 0
2 28 0: 1460, 10, 1
2 28 1: 1469, 0, 1
2 29 0: 1469, 1, 1
2 29 1: 1469, 9, 1
2 30 0: 1469, 0, 1
2 31 0: 1469, 0, 1
2 32 0: 1469, 9, 1
2 33 0: 1469, 9, 0
2 34 0: 1469, 0, 1
2 35 0: 1469, 0, 1
2 36 0: 1469, 1, 0
2 36 1: 1469, 9, 0
2 37 0: 1460, 10, 1
2 37 1: 1469, 0, 1
2 38 0: 1460, 10, 1
2 38 1: 1469, 0, 1
2 38 20: 1793, 19, 1
2 38 21: 1793, 18, 2
2 38 22: 1793, 18, 2
2 38 23: 1793, 18, 2
2 38 24: 1793, 18, 2
2 38 25: 1793, 18, 2
2 38 26: 1793, 19, 2
2 39 0: 1460, 10, 1
2 39 1: 1469, 0, 1
2 39 20: 1793, 18, 1
2 39 21: 1640, 16, 1
2 39 22: 1640, 12, 2
2 39 23: 1640, 12, 2
2 39 24: 1640, 12, 2
2 39 25: 1640, 16, 2
2 39 26: 1793, 18, 3
2 40 0: 1469, 1, 1
2 40 1: 1469, 9, 1
2 40 20: 1793, 18, 1
2 40 21: 1640, 12, 1
2 40 22: 1640, 17, 3
2 40 23: 1640, 17, 3
2 40 24: 1640, 14, 3
2 40 25: 1640, 16, 3
2 40 26: 1793, 18, 3
2 41 0: 1469, 0, 1
2 41 19: 1793, 19, 1
2 41 20: 1640, 13, 1
2 41 21: 1640, 14, 1
2 41 22: 1640, 17, 3
2 41 23: 1640, 14, 3
2 41 24: 1640, 13, 3
2 41 25: 1793, 18, 0
2 41 26: 1793, 19, 3
2 42 0: 1469, 1, 0
2 42 1: 1469, 9, 0
2 42 19: 1793, 18, 1
2 42 20: 1640, 12, 1
2 42 21: 1640, 17, 3
2 42 22: 1640, 17, 3
2 42 23: 1640, 12, 3
2 42 24: 1793, 18, 3
2 43 0: 1460, 10, 1
2 43 1: 1469, 0, 1
2 43 19: 1793, 18, 1
2 43 20: 1640, 12, 1
2 43 21: 1640, 17, 3
2 43 22: 1640, 17, 3
2 43 23: 1640, 12, 3
2 43 24: 1793, 18, 3
2 44 0: 1469, 1, 1
2 44 1: 1469, 9, 1
2 44 19: 1793, 18, 1
2 44 20: 1640, 12, 1
2 44 21: 1640, 17, 3
2 44 22: 1640, 17, 3
2 44 23: 1640, 12, 3
2 44 24: 1793, 18, 3
2 45 0: 1469, 0, 1
2 45 19: 1793, 18, 1
2 45 20: 1640, 16, 0
2 45 21: 1640, 12, 0
2 45 22: 1640, 12, 0
2 45 23: 1640, 16, 3
2 45 24: 1793, 18, 3
2 46 0: 1469, 1, 0
2 46 1: 1469, 9, 0
2 46 19: 1793, 19, 0
2 46 20: 1793, 18, 0
2 46 21: 1793, 18, 0
2 46 22: 1793, 18, 0
2 46 23: 1793, 18, 0
2 46 24: 1793, 19, 3
2 47 0: 1460, 10, 1
2 47 1: 1469, 0, 1
2 48 0: 1460, 10, 1
2 48 1: 1469, 0, 1
2 49 0: 1460, 10, 1
2 49 1: 1469, 0, 1
2 50 0: 1469, 1, 1
2 50 1: 1469, 9, 1
2 51 0: 1469, 0, 1
2 52 0: 1469, 0, 1
2 53 0: 1469, 0, 1
2 54 0: 1469, 0, 1
2 55 0: 1469, 0, 1
2 56 0: 1469, 1, 0
2 56 1: 1469, 9, 0
2 57 0: 1460, 10, 1
2 57 1: 1469, 0, 1
2 58 0: 1460, 10, 1
2 58 1: 1469, 0, 1
2 59 0: 1469, 1, 1
2 59 1: 1469, 9, 1
2 60 0: 1469, 1, 0
2 60 1: 1469, 9, 0
2 61 0: 1460, 10, 1
2 61 1: 1469, 0, 1
2 61 25: 1469, 9, 3
2 61 26: 1469, 0, 0
2 61 27: 1469, 0, 0
2 61 28: 1469, 9, 0
2 61 58: 1469, 9, 3
2 61 59: 1469, 0, 0
2 61 60: 1469, 0, 0
2 61 61: 1469, 0, 0
2 61 62: 1469, 0, 0
2 61 63: 1469, 0, 0
2 62 0: 1460, 10, 1
2 62 1: 1469, 1, 0
2 62 2: 1469, 9, 0
2 62 5: 1469, 9, 3
2 62 6: 1469, 0, 0
2 62 7: 1469, 0, 0
2 62 8: 1469, 9, 0
2 62 14: 1469, 9, 3
2 62 15: 1469, 0, 0
2 62 16: 1469, 0, 0
2 62 17: 1469, 0, 0
2 62 18: 1469, 9, 0
2 62 21: 1469, 9, 3
2 62 22: 1469, 0, 0
2 62 23: 1469, 9, 0
2 62 25: 1469, 0, 3
2 62 26: 1460, 10, 1
2 62 27: 1460, 10, 1
2 62 28: 1469, 0, 1
2 62 33: 1469, 9, 3
2 62 34: 1469, 0, 0
2 62 35: 1469, 0, 0
2 62 36: 1469, 9, 0
2 62 41: 1469, 9, 3
2 62 42: 1469, 0, 0
2 62 43: 1469, 0, 0
2 62 44: 1469, 0, 0
2 62 45: 1469, 0, 0
2 62 46: 1469, 9, 0
2 62 48: 1469, 9, 3
2 62 49: 1469, 0, 0
2 62 50: 1469, 9, 0
2 62 57: 1469, 9, 3
2 62 58: 1469, 1, 3
2 62 59: 1460, 10, 1
2 62 60: 1460, 10, 1
2 62 61: 1460, 10, 1
2 62 62: 1460, 10, 1
2 62 63: 1460, 10, 1
2 63 0: 1460, 10, 1
2 63 1: 1460, 10, 1
2 63 2: 1469, 1, 0
2 63 3: 1469, 0, 0
2 63 4: 1469, 0, 0
2 63 5: 1469, 1, 3
2 63 6: 1460, 10, 1
2 63 7: 1460, 10, 1
2 63 8: 1469, 1, 0
2 63 9: 1469, 0, 0
2 63 10: 1469, 0, 0
2 63 11: 1469, 0, 0
2 63 12: 1469, 0, 0
2 63 13: 1469, 0, 0
2 63 14: 1469, 1, 3
2 63 15: 1460, 10, 1
2 63 16: 1460, 10, 1
2 63 17: 1460, 10, 1
2 63 18: 1469, 1, 0
2 63 19: 1469, 0, 0
2 63 20: 1469, 0, 0
2 63 21: 1469, 1, 3
2 63 22: 1460, 10, 1
2 63 23: 1469, 1, 0
2 63 24: 1469, 0, 0
2 63 25: 1469, 1, 3
2 63 26: 1460, 10, 1
2 63 27: 1460, 10, 1
2 63 28: 1469, 1, 0
2 63 29: 1469, 9, 0
2 63 30: 1469, 9, 3
2 63 31: 1469, 0, 0
2 63 32: 1469, 0, 0
2 63 33: 1469, 1, 3
2 63 34: 1460, 10, 1
2 63 35: 1460, 10, 1
2 63 36: 1469, 1, 0
2 63 37: 1469, 0, 0
2 63 38: 1469, 9, 0
2 63 40: 1469, 9, 3
2 63 41: 1469, 1, 3
2 63 42: 1460, 10, 1
2 63 43: 1460, 10, 1
2 63 44: 1460, 10, 1
2 63 45: 1460, 10, 1
2 63 46: 1469, 1, 0
2 63 47: 1469, 0, 0
2 63 48: 1469, 1, 3
2 63 49: 1460, 10, 1
2 63 50: 1469, 1, 0
2 63 51: 1469, 0, 0
2 63 52: 1469, 0, 0
2 63 53: 1469, 0, 0
2 63 54: 1469, 0, 0
2 63 55: 1469, 0, 0
2 63 56: 1469, 0, 0
2 63 57: 1469, 1, 3
2 63 58: 1460, 10, 1
2 63 59: 1460, 10, 1
2 63 60: 1460, 10, 1
2 63 61: 1460, 10, 1
2 63 62: 1460, 10, 1
2 63 63: 1460, 10, 1
3 0 0: 185, 22, 0
3 0 1: 186, 22, 3
3 0 2: 185, 22, 3
3 0 7: 186, 22, 2
3 0 8: 185, 22, 2
3 0 9: 184, 22, 0
3 0 10: 185, 22, 1
3 0 16: 184, 22, 3
3 0 17: 185, 22, 0
3 0 22: 185, 22, 3
3 0 23: 184, 22, 2
3 0 24: 186, 22, 1
3 0 30: 186, 22, 0
3 0 31: 185, 22, 1
3 0 38: 185, 22, 0
3 0 39: 184, 22, 0
3 0 40: 185, 22, 3
3 0 41: 186, 22, 3
3 0 42: 185, 22, 1
3 0 43: 185, 22, 0
3 0 44: 184, 22, 0
3 0 45: 185, 22, 3
3 0 46: 185, 22, 1
3 0 47: 185, 22, 0
3 0 48: 184, 22, 2
3 0 49: 185, 22, 3
3 0 55: 185, 22, 2
3 0 56: 184, 22, 1
3 0 57: 185, 22, 1
3 0 58: 185, 22, 0
3 0 59: 185, 22, 3
3 0 60: 184, 22, 3
3 0 61: 185, 22, 1
3 1 0: 184, 22, 2
3 1 40: 185, 22, 2
3 1 44: 186, 22, 2
3 1 45: 185, 22, 2
3 1 46: 184, 22, 3
3 1 57: 186, 22, 1
3 1 58: 184, 22, 2
3 5 0: 185, 22, 1
3 6 0: 185, 22, 3
3 11 0: 185, 22, 3
3 12 0: 184, 22, 2
3 13 0: 185, 22, 0
3 14 0: 186, 22, 0
3 24 0: 184, 22, 3
3 25 0: 185, 22, 1
3 28 0: 185, 22, 2
3 37 0: 186, 22, 1
3 38 0: 185, 22, 3
3 39 0: 184, 22, 0
3 43 0: 185, 22, 0
3 47 0: 186, 22, 1
3 48 0: 185, 22, 2
3 49 0: 184, 22, 0
3 57 0: 185, 22, 2
3 58 0: 184, 22, 1
3 61 0: 186, 22, 2
3 62 0: 185, 22, 3
3 62 26: 185, 22, 2
3 62 27: 184, 22, 1
3 62 59: 185, 22, 3
3 62 60: 184, 22, 2
3 62 61: 185, 22, 3
3 62 62: 186, 22, 2
3 63 0: 184, 22, 2
3 63 1: 185, 22, 1
3 63 6: 184, 22, 3
3 63 7: 186, 22, 3
3 63 15: 186, 22, 0
3 63 16: 185, 22, 1
3 63 17: 184, 22, 0
3 63 22: 186, 22, 1
3 63 26: 186, 22, 2
3 63 27: 185, 22, 3
3 63 34: 184, 22, 2
3 63 35: 185, 22, 0
3 63 42: 185, 22, 1
3 63 43: 185, 22, 2
3 63 44: 184, 22, 0
3 63 45: 186, 22, 3
3 63 49: 184, 22, 0
3 63 58: 184, 22, 1
3 63 59: 186, 22, 0
3 63 60: 185, 22, 1
3 63 61: 185, 22, 2
3 63 62: 184, 22, 3
3 63 63: 185, 22, 0
