2 0 0: 1460, 10, 0
2 0 1: 1460, 10, 0
2 0 2: 1460, 10, 0
2 0 3: 1460, 10, 0
2 0 4: 1460, 10, 0
2 0 5: 1460, 10, 0
2 0 6: 1460, 10, 0
2 0 7: 1460, 10, 0
2 0 8: 1460, 10, 0
2 0 9: 1460, 10, 0
2 0 10: 1460, 10, 0
2 0 11: 1460, 10, 0
2 0 12: 1460, 10, 0
2 0 13: 1460, 10, 0
2 0 14: 1460, 10, 0
2 0 15: 1460, 10, 0
2 0 16: 1460, 10, 0
2 1 0: 1460, 10, 0
2 1 1: 1460, 10, 0
2 1 2: 1460, 10, 0
2 1 3: 1460, 10, 0
2 1 4: 1460, 10, 0
2 1 5: 1460, 10, 0
2 1 6: 1460, 10, 0
2 1 7: 1460, 10, 0
2 1 8: 1460, 10, 0
2 1 9: 1460, 10, 0
2 1 10: 1460, 10, 0
2 1 11: 1460, 10, 0
2 1 12: 1460, 10, 0
2 1 13: 1460, 10, 0
2 1 14: 1460, 10, 0
2 1 15: 1460, 10, 0
2 1 16: 1460, 10, 0
2 2 0: 1460, 10, 0
2 2 1: 1460, 10, 0
2 2 2: 1460, 10, 0
2 2 3: 1460, 10, 0
2 2 4: 1460, 10, 0
2 2 5: 1460, 10, 0
2 2 6: 1460, 10, 0
2 2 7: 1460, 10, 0
2 2 8: 1460, 10, 0
2 2 9: 1460, 10, 0
2 2 10: 1460, 10, 0
2 2 11: 1460, 10, 0
2 2 12: 1460, 10, 0
2 2 13: 1460, 10, 0
2 2 14: 1460, 10, 0
2 2 15: 1460, 10, 0
2 2 16: 1460, 10, 0
2 3 0: 1460, 10, 0
2 3 1: 1460, 10, 0
2 3 2: 1460, 10, 0
2 3 3: 1460, 10, 0
2 3 4: 1460, 10, 0
2 3 5: 1460, 10, 0
2 3 6: 1460, 10, 0
2 3 7: 1460, 10, 0
2 3 8: 1460, 10, 0
2 3 9: 1460, 10, 0
2 3 10: 1460, 10, 0
2 3 11: 1460, 10, 0
2 3 12: 1460, 10, 0
2 3 13: 1460, 10, 0
2 3 14: 1460, 10, 0
2 3 15: 1460, 10, 0
2 3 16: 1460, 10, 0
2 4 0: 1460, 10, 0
2 4 1: 1460, 10, 0
2 4 2: 1460, 10, 0
2 4 3: 1460, 10, 0
2 4 4: 1460, 10, 0
2 4 5: 1460, 10, 0
2 4 6: 1460, 10, 0
2 4 7: 1460, 10, 0
2 4 8: 1460, 10, 0
2 4 9: 1460, 10, 0
2 4 10: 1460, 10, 0
2 4 11: 1460, 10, 0
2 4 12: 1460, 10, 0
2 4 13: 1460, 10, 0
2 4 14: 1460, 10, 0
2 4 15: 1460, 10, 0
2 4 16: 1460, 10, 0
2 5 0: 1460, 10, 0
2 5 1: 1460, 10, 0
2 5 2: 1460, 10, 0
2 5 3: 1460, 10, 0
2 5 4: 1460, 10, 0
2 5 5: 1460, 10, 0
2 5 6: 1460, 10, 0
2 5 7: 1460, 10, 0
2 5 8: 1460, 10, 0
2 5 9: 1460, 10, 0
2 5 10: 1460, 10, 0
2 5 11: 1460, 10, 0
2 5 12: 1460, 10, 0
2 5 13: 1460, 10, 0
2 5 14: 1460, 10, 0
2 5 15: 1460, 10, 0
2 5 16: 1460, 10, 0
2 6 0: 1460, 10, 0
2 6 1: 1460, 10, 0
2 6 2: 1460, 10, 0
2 6 3: 1460, 10, 0
2 6 4: 1460, 10, 0
2 6 5: 1460, 10, 0
2 6 6: 1460, 10, 0
2 6 7: 1460, 10, 0
2 6 8: 1460, 10, 0
2 6 9: 1460, 10, 0
2 6 10: 1460, 10, 0
2 6 11: 1460, 10, 0
2 6 12: 1460, 10, 0
2 6 13: 1460, 10, 0
2 6 14: 1460, 10, 0
2 6 15: 1460, 10, 0
2 6 16: 1460, 10, 0
2 7 0: 1460, 10, 0
2 7 1: 1460, 10, 0
2 7 2: 1460, 10, 0
2 7 3: 1460, 10, 0
2 7 4: 1460, 10, 0
2 7 5: 1460, 10, 0
2 7 6: 1460, 10, 0
2 7 7: 1460, 10, 0
2 7 8: 1460, 10, 0
2 7 9: 1460, 10, 0
2 7 10: 1460, 10, 0
2 7 11: 1460, 10, 0
2 7 12: 1460, 10, 0
2 7 13: 1460, 10, 0
2 7 14: 1460, 10, 0
2 7 15: 1460, 10, 0
2 7 16: 1460, 10, 0
2 8 0: 1460, 10, 0
2 8 1: 1460, 10, 0
2 8 2: 1460, 10, 0
2 8 3: 1460, 10, 0
2 8 4: 1460, 10, 0
2 8 5: 1460, 10, 0
2 8 6: 1460, 10, 0
2 8 7: 1460, 10, 0
2 8 8: 1460, 10, 0
2 8 9: 1460, 10, 0
2 8 10: 1460, 10, 0
2 8 11: 1460, 10, 0
2 8 12: 1460, 10, 0
2 8 13: 1460, 10, 0
2 8 14: 1460, 10, 0
2 8 15: 1460, 10, 0
2 8 16: 1460, 10, 0
2 9 0: 1460, 10, 0
2 9 1: 1460, 10, 0
2 9 2: 1460, 10, 0
2 9 3: 1460, 10, 0
2 9 4: 1460, 10, 0
2 9 5: 1460, 10, 0
2 9 6: 1460, 10, 0
2 9 7: 1460, 10, 0
2 9 8: 1460, 10, 0
2 9 9: 1460, 10, 0
2 9 10: 1460, 10, 0
2 9 11: 1460, 10, 0
2 9 12: 1460, 10, 0
2 9 13: 1460, 10, 0
2 9 14: 1460, 10, 0
2 9 15: 1460, 10, 0
2 9 16: 1460, 10, 0
2 10 0: 1460, 10, 0
2 10 1: 1460, 10, 0
2 10 2: 1460, 10, 0
2 10 3: 1460, 10, 0
2 10 4: 1460, 10, 0
2 10 5: 1460, 10, 0
2 10 6: 1460, 10, 0
2 10 7: 1460, 10, 0
2 10 8: 1460, 10, 0
2 10 9: 1460, 10, 0
2 10 10: 1460, 10, 0
2 10 11: 1460, 10, 0
2 10 12: 1460, 10, 0
2 10 13: 1460, 10, 0
2 10 14: 1460, 10, 0
2 10 15: 1460, 10, 0
2 10 16: 1460, 10, 0
2 11 0: 1460, 10, 0
2 11 1: 1460, 10, 0
2 11 2: 1460, 10, 0
2 11 3: 1460, 10, 0
2 11 4: 1460, 10, 0
2 11 5: 1460, 10, 0
2 11 6: 1460, 10, 0
2 11 7: 1460, 10, 0
2 11 8: 1460, 10, 0
2 11 9: 1460, 10, 0
2 11 10: 1460, 10, 0
2 11 11: 1460, 10, 0
2 11 12: 1460, 10, 0
2 11 13: 1460, 10, 0
2 11 14: 1460, 10, 0
2 11 15: 1460, 10, 0
2 11 16: 1460, 10, 0
2 12 0: 1460, 10, 0
2 12 1: 1460, 10, 0
2 12 2: 1460, 10, 0
2 12 3: 1460, 10, 0
2 12 4: 1460, 10, 0
2 12 5: 1460, 10, 0
2 12 6: 1460, 10, 0
2 12 7: 1460, 10, 0
2 12 8: 1460, 10, 0
2 12 9: 1460, 10, 0
2 12 10: 1460, 10, 0
2 12 11: 1460, 10, 0
2 12 12: 1460, 10, 0
2 12 13: 1460, 10, 0
2 12 14: 1460, 10, 0
2 12 15: 1460, 10, 0
2 12 16: 1460, 10, 0
2 13 0: 1460, 10, 0
2 13 1: 1460, 10, 0
2 13 2: 1460, 10, 0
2 13 3: 1460, 10, 0
2 13 4: 1460, 10, 0
2 13 5: 1460, 10, 0
2 13 6: 1460, 10, 0
2 13 7: 1460, 10, 0
2 13 8: 1460, 10, 0
2 13 9: 1460, 10, 0
2 13 10: 1460, 10, 0
2 13 11: 1460, 10, 0
2 13 12: 1460, 10, 0
2 13 13: 1460, 10, 0
2 13 14: 1460, 10, 0
2 13 15: 1460, 10, 0
2 13 16: 1460, 10, 0
2 14 0: 1460, 10, 0
2 14 1: 1460, 10, 0
2 14 2: 1460, 10, 0
2 14 3: 1460, 10, 0
2 14 4: 1460, 10, 0
2 14 5: 1460, 10, 0
2 14 6: 1460, 10, 0
2 14 7: 1460, 10, 0
2 14 8: 1460, 10, 0
2 14 9: 1460, 10, 0
2 14 10: 1460, 10, 0
2 14 11: 1460, 10, 0
2 14 12: 1460, 10, 0
2 14 13: 1460, 10, 0
2 14 14: 1460, 10, 0
2 14 15: 1460, 10, 0
2 14 16: 1460, 10, 0
2 15 0: 1460, 10, 0
2 15 1: 1460, 10, 0
2 15 2: 1460, 10, 0
2 15 3: 1460, 10, 0
2 15 4: 1460, 10, 0
2 15 5: 1460, 10, 0
2 15 6: 1460, 10, 0
2 15 7: 1460, 10, 0
2 15 8: 1460, 10, 0
2 15 9: 1460, 10, 0
2 15 10: 1460, 10, 0
2 15 11: 1460, 10, 0
2 15 12: 1460, 10, 0
2 15 13: 1460, 10, 0
2 15 14: 1460, 10, 0
2 15 15: 1460, 10, 0
2 15 16: 1460, 10, 0
2 16 0: 1460, 10, 0
2 16 1: 1460, 10, 0
2 16 2: 1460, 10, 0
2 16 3: 1460, 10, 0
2 16 4: 1460, 10, 0
2 16 5: 1460, 10, 0
2 16 6: 1460, 10, 0
2 16 7: 1460, 10, 0
2 16 8: 1460, 10, 0
2 16 9: 1460, 10, 0
2 16 10: 1460, 10, 0
2 16 11: 1460, 10, 0
2 16 12: 1460, 10, 0
2 16 13: 1460, 10, 0
2 16 14: 1460, 10, 0
2 16 15: 1460, 10, 0
2 16 16: 1460, 10, 0
