0 4 10: 1503, 10, 2
0 4 11: 1503, 10, 2
0 4 12: 1503, 10, 2
0 4 13: 1503, 10, 2
0 4 14: 1503, 10, 2
0 4 15: 1503, 10, 2
0 4 16: 1503, 10, 2
0 4 17: 1503, 10, 2
0 4 18: 1503, 10, 2
0 4 19: 1503, 10, 2
0 4 20: 1503, 10, 2
0 4 21: 1503, 10, 2
0 4 22: 1503, 10, 2
0 4 23: 1503, 10, 2
0 4 24: 1503, 10, 2
0 4 25: 1503, 10, 2
0 4 26: 1503, 10, 2
0 4 27: 1503, 10, 2
0 4 28: 1503, 10, 2
0 4 29: 1503, 10, 2
0 4 30: 1503, 10, 2
0 4 31: 1503, 10, 2
0 4 32: 1503, 10, 2
0 4 33: 1503, 10, 2
0 4 34: 1503, 10, 2
0 4 35: 1503, 10, 2
0 4 36: 1503, 10, 2
0 4 37: 1503, 10, 2
0 4 38: 1503, 10, 2
0 4 39: 1503, 10, 2
0 4 40: 1503, 10, 2
0 4 41: 1503, 10, 2
0 4 42: 1503, 10, 2
0 4 43: 1503, 10, 2
0 4 44: 1503, 10, 2
0 4 45: 1503, 10, 2
0 4 46: 1503, 10, 2
0 4 47: 1503, 10, 2
0 4 48: 1503, 10, 2
0 4 49: 1503, 10, 2
0 4 50: 1503, 10, 2
0 4 51: 1503, 10, 2
0 4 52: 1503, 10, 2
0 4 53: 1503, 10, 2
0 4 54: 1503, 10, 2
0 4 55: 1503, 10, 2
0 4 56: 1503, 10, 2
0 4 57: 1503, 10, 2
0 4 58: 1503, 10, 2
0 4 59: 1503, 10, 2
0 4 60: 1503, 10, 2
0 4 61: 1503, 10, 2
0 4 62: 1503, 10, 2
0 4 63: 1503, 10, 2
0 5 10: 1503, 10, 2
0 5 11: 1503, 10, 2
0 5 12: 1503, 10, 2
0 5 13: 1503, 10, 2
0 5 14: 1503, 10, 2
0 5 15: 1503, 10, 2
0 5 16: 1503, 10, 2
0 5 17: 1503, 10, 2
0 5 18: 1503, 10, 2
0 5 19: 1503, 10, 2
0 5 20: 1503, 10, 2
0 5 21: 1503, 10, 2
0 5 22: 1503, 10, 2
0 5 23: 1503, 10, 2
0 5 24: 1503, 10, 2
0 5 25: 1503, 10, 2
0 5 26: 1503, 10, 2
0 5 27: 1503, 10, 2
0 5 28: 1503, 10, 2
0 5 29: 1503, 10, 2
0 5 30: 1503, 10, 2
0 5 31: 1503, 10, 2
0 5 32: 1503, 10, 2
0 5 33: 1503, 10, 2
0 5 34: 1503, 10, 2
0 5 35: 1503, 10, 2
0 5 36: 1503, 10, 2
0 5 37: 1503, 10, 2
0 5 38: 1503, 10, 2
0 5 39: 1503, 10, 2
0 5 40: 1503, 10, 2
0 5 41: 1503, 10, 2
0 5 42: 1503, 10, 2
0 5 43: 1503, 10, 2
0 5 44: 1503, 10, 2
0 5 45: 1503, 10, 2
0 5 46: 1503, 10, 2
0 5 47: 1503, 10, 2
0 5 48: 1503, 10, 2
0 5 49: 1503, 10, 2
0 5 50: 1503, 10, 2
0 5 51: 1503, 10, 2
0 5 52: 1503, 10, 2
0 5 53: 1503, 10, 2
0 5 54: 1503, 10, 2
0 5 55: 1503, 10, 2
0 5 56: 1503, 10, 2
0 5 57: 1503, 10, 2
0 5 58: 1503, 10, 2
0 5 59: 1503, 10, 2
0 5 60: 1503, 10, 2
0 5 61: 1503, 10, 2
0 5 62: 1503, 10, 2
0 5 63: 1503, 10, 2
0 6 10: 1503, 10, 2
0 6 11: 1503, 10, 2
0 6 12: 1503, 10, 2
0 6 13: 1503, 10, 2
0 6 14: 1503, 10, 2
0 6 15: 1503, 10, 2
0 6 16: 1503, 10, 2
0 6 17: 1503, 10, 2
0 6 18: 1503, 10, 2
0 6 19: 1503, 10, 2
0 6 20: 1503, 10, 2
0 6 21: 1503, 10, 2
0 6 22: 1503, 10, 2
0 6 23: 1503, 10, 2
0 6 24: 1503, 10, 2
0 6 25: 1503, 10, 2
0 6 26: 1503, 10, 2
0 6 27: 1503, 10, 2
0 6 28: 1503, 10, 2
0 6 29: 1503, 10, 2
0 6 30: 1503, 10, 2
0 6 31: 1503, 10, 2
0 6 32: 1503, 10, 2
0 6 33: 1503, 10, 2
0 6 34: 1503, 10, 2
0 6 35: 1503, 10, 2
0 6 36: 1503, 10, 2
0 6 37: 1503, 10, 2
0 6 38: 1503, 10, 2
0 6 39: 1503, 10, 2
0 6 40: 1503, 10, 2
0 6 41: 1503, 10, 2
0 6 42: 1503, 10, 2
0 6 43: 1503, 10, 2
0 6 44: 1503, 10, 2
0 6 45: 1503, 10, 2
0 6 46: 1503, 10, 2
0 6 47: 1503, 10, 2
0 6 48: 1503, 10, 2
0 6 49: 1503, 10, 2
0 6 50: 1503, 10, 2
0 6 51: 1503, 10, 2
0 6 52: 1503, 10, 2
0 6 53: 1503, 10, 2
0 6 54: 1503, 10, 2
0 6 55: 1503, 10, 2
0 6 56: 1503, 10, 2
0 6 57: 1503, 10, 2
0 6 58: 1503, 10, 2
0 6 59: 1503, 10, 2
0 6 60: 1503, 10, 2
0 6 61: 1503, 10, 2
0 6 62: 1503, 10, 2
0 6 63: 1503, 10, 2
0 7 10: 1503, 10, 2
0 7 11: 1503, 10, 2
0 7 12: 1503, 10, 2
0 7 13: 1503, 10, 2
0 7 14: 1503, 10, 2
0 7 15: 1503, 10, 2
0 7 16: 1503, 10, 2
0 7 17: 1503, 10, 2
0 7 18: 1503, 10, 2
0 7 19: 1503, 10, 2
0 7 20: 1503, 10, 2
0 7 21: 1503, 10, 2
0 7 22: 1503, 10, 2
0 7 23: 1503, 10, 2
0 7 24: 1503, 10, 2
0 7 25: 1503, 10, 2
0 7 26: 1503, 10, 2
0 7 27: 1503, 10, 2
0 7 28: 1503, 10, 2
0 7 29: 1503, 10, 2
0 7 30: 1503, 10, 2
0 7 31: 1503, 10, 2
0 7 32: 1503, 10, 2
0 7 33: 1503, 10, 2
0 7 34: 1503, 10, 2
0 7 35: 1503, 10, 2
0 7 36: 1503, 10, 2
0 7 37: 1503, 10, 2
0 7 38: 1503, 10, 2
0 7 39: 1503, 10, 2
0 7 40: 1503, 10, 2
0 7 41: 1503, 10, 2
0 7 42: 1503, 10, 2
0 7 43: 1503, 10, 2
0 7 44: 1503, 10, 2
0 7 45: 1503, 10, 2
0 7 46: 1503, 10, 2
0 7 47: 1503, 10, 2
0 7 48: 1503, 10, 2
0 7 49: 1503, 10, 2
0 7 50: 1503, 10, 2
0 7 51: 1503, 10, 2
0 7 52: 1503, 10, 2
0 7 53: 1503, 10, 2
0 7 54: 1503, 10, 2
0 7 55: 1503, 10, 2
0 7 56: 1502, 1, 1
0 7 57: 1502, 0, 2
0 7 58: 1502, 1, 2
0 7 59: 1503, 10, 2
0 7 60: 1503, 10, 2
0 7 61: 1503, 10, 2
0 7 62: 1503, 10, 2
0 7 63: 1503, 10, 2
0 8 10: 1503, 10, 2
0 8 11: 1503, 10, 2
0 8 12: 1503, 10, 2
0 8 13: 1503, 10, 2
0 8 14: 1503, 10, 2
0 8 15: 1503, 10, 2
0 8 16: 1503, 10, 2
0 8 17: 1503, 10, 2
0 8 18: 1503, 10, 2
0 8 19: 1503, 10, 2
0 8 20: 1503, 10, 2
0 8 21: 1503, 10, 2
0 8 22: 1503, 10, 2
0 8 23: 1503, 10, 2
0 8 24: 1503, 10, 2
0 8 25: 1503, 10, 2
0 8 26: 1503, 10, 2
0 8 27: 1503, 10, 2
0 8 28: 1503, 10, 2
0 8 29: 1503, 10, 2
0 8 30: 1503, 10, 2
0 8 31: 1503, 10, 2
0 8 32: 1503, 10, 2
0 8 33: 1503, 10, 2
0 8 34: 1503, 10, 2
0 8 35: 1503, 10, 2
0 8 36: 1503, 10, 2
0 8 37: 1503, 10, 2
0 8 38: 1503, 10, 2
0 8 39: 1503, 10, 2
0 8 40: 1503, 10, 2
0 8 41: 1503, 10, 2
0 8 42: 1503, 10, 2
0 8 43: 1503, 10, 2
0 8 44: 1503, 10, 2
0 8 45: 1503, 10, 2
0 8 46: 1503, 10, 2
0 8 47: 1503, 10, 2
0 8 48: 1503, 10, 2
0 8 49: 1503, 10, 2
0 8 50: 1503, 10, 2
0 8 51: 1503, 10, 2
0 8 52: 1503, 10, 2
0 8 53: 1503, 10, 2
0 8 54: 1503, 10, 2
0 8 55: 1502, 1, 1
0 8 56: 1502, 9, 1
0 8 57: 665, 10, 3
0 8 58: 1502, 9, 2
0 8 59: 1502, 1, 2
0 8 60: 1503, 10, 2
0 8 61: 1503, 10, 2
0 8 62: 1503, 10, 2
0 8 63: 1503, 10, 2
0 9 10: 1503, 10, 2
0 9 11: 1503, 10, 2
0 9 12: 1503, 10, 2
0 9 13: 1503, 10, 2
0 9 14: 1503, 10, 2
0 9 15: 1503, 10, 2
0 9 16: 1503, 10, 2
0 9 17: 1503, 10, 2
0 9 18: 1503, 10, 2
0 9 19: 1503, 10, 2
0 9 20: 1503, 10, 2
0 9 21: 1503, 10, 2
0 9 22: 1503, 10, 2
0 9 23: 1503, 10, 2
0 9 24: 1503, 10, 2
0 9 25: 1503, 10, 2
0 9 26: 1503, 10, 2
0 9 27: 1503, 10, 2
0 9 28: 1503, 10, 2
0 9 29: 1503, 10, 2
0 9 30: 1503, 10, 2
0 9 31: 1503, 10, 2
0 9 32: 1503, 10, 2
0 9 33: 1503, 10, 2
0 9 34: 1503, 10, 2
0 9 35: 1503, 10, 2
0 9 36: 1503, 10, 2
0 9 37: 1503, 10, 2
0 9 38: 1503, 10, 2
0 9 39: 1503, 10, 2
0 9 40: 1503, 10, 2
0 9 41: 1503, 10, 2
0 9 42: 1503, 10, 2
0 9 43: 1503, 10, 2
0 9 44: 1503, 10, 2
0 9 45: 1503, 10, 2
0 9 46: 1503, 10, 2
0 9 47: 1503, 10, 2
0 9 48: 1503, 10, 2
0 9 49: 1503, 10, 2
0 9 50: 1503, 10, 2
0 9 51: 1503, 10, 2
0 9 52: 1503, 10, 2
0 9 53: 1503, 10, 2
0 9 54: 1502, 1, 1
0 9 55: 1502, 9, 1
0 9 56: 664, 10, 0
0 9 58: 1502, 9, 3
0 9 59: 1502, 1, 3
0 9 60: 1503, 10, 2
0 9 61: 1503, 10, 2
0 9 62: 1503, 10, 2
0 9 63: 1503, 10, 2
0 10 10: 1503, 10, 2
0 10 11: 1503, 10, 2
0 10 12: 1503, 10, 2
0 10 13: 1503, 10, 2
0 10 14: 1503, 10, 2
0 10 15: 1503, 10, 2
0 10 16: 1503, 10, 2
0 10 17: 1503, 10, 2
0 10 18: 1503, 10, 2
0 10 19: 1503, 10, 2
0 10 20: 1503, 10, 2
0 10 21: 1503, 10, 2
0 10 22: 1503, 10, 2
0 10 23: 1503, 10, 2
0 10 24: 1503, 10, 2
0 10 25: 1503, 10, 2
0 10 26: 1503, 10, 2
0 10 27: 1503, 10, 2
0 10 28: 1503, 10, 2
0 10 29: 1503, 10, 2
0 10 30: 1503, 10, 2
0 10 31: 1503, 10, 2
0 10 32: 1503, 10, 2
0 10 33: 1503, 10, 2
0 10 34: 1503, 10, 2
0 10 35: 1503, 10, 2
0 10 36: 1503, 10, 2
0 10 37: 1503, 10, 2
0 10 38: 1503, 10, 2
0 10 39: 1503, 10, 2
0 10 40: 1503, 10, 2
0 10 41: 1503, 10, 2
0 10 42: 1503, 10, 2
0 10 43: 1503, 10, 2
0 10 44: 1503, 10, 2
0 10 45: 1503, 10, 2
0 10 46: 1503, 10, 2
0 10 47: 1503, 10, 2
0 10 48: 1503, 10, 2
0 10 49: 1503, 10, 2
0 10 50: 1503, 10, 2
0 10 51: 1503, 10, 2
0 10 52: 1503, 10, 2
0 10 53: 1503, 10, 2
0 10 54: 1502, 0, 1
0 10 55: 665, 10, 2
0 10 56: 664, 10, 0
0 10 57: 665, 10, 0
0 10 58: 1502, 0, 3
0 10 59: 1503, 10, 2
0 10 60: 1503, 10, 2
0 10 61: 1503, 10, 2
0 10 62: 1503, 10, 2
0 10 63: 1503, 10, 2
0 11 10: 1503, 10, 2
0 11 11: 1503, 10, 2
0 11 12: 1503, 10, 2
0 11 13: 1503, 10, 2
0 11 14: 1503, 10, 2
0 11 15: 1503, 10, 2
0 11 16: 1503, 10, 2
0 11 17: 1503, 10, 2
0 11 18: 1502, 1, 1
0 11 19: 1502, 0, 2
0 11 20: 1502, 1, 2
0 11 21: 1503, 10, 2
0 11 22: 1503, 10, 2
0 11 23: 1503, 10, 2
0 11 24: 1503, 10, 2
0 11 25: 1503, 10, 2
0 11 26: 1503, 10, 2
0 11 27: 1503, 10, 2
0 11 28: 1503, 10, 2
0 11 29: 1503, 10, 2
0 11 30: 1503, 10, 2
0 11 31: 1503, 10, 2
0 11 32: 1503, 10, 2
0 11 33: 1503, 10, 2
0 11 34: 1503, 10, 2
0 11 35: 1503, 10, 2
0 11 36: 1503, 10, 2
0 11 37: 1503, 10, 2
0 11 38: 1503, 10, 2
0 11 39: 1503, 10, 2
0 11 40: 1503, 10, 2
0 11 41: 1503, 10, 2
0 11 42: 1503, 10, 2
0 11 43: 1503, 10, 2
0 11 44: 1503, 10, 2
0 11 45: 1503, 10, 2
0 11 46: 1503, 10, 2
0 11 47: 1503, 10, 2
0 11 48: 1503, 10, 2
0 11 49: 1503, 10, 2
0 11 50: 1503, 10, 2
0 11 51: 1503, 10, 2
0 11 52: 1503, 10, 2
0 11 53: 1502, 1, 1
0 11 54: 1502, 9, 1
0 11 56: 664, 10, 3
0 11 57: 665, 10, 0
0 11 58: 1502, 0, 3
0 11 59: 1503, 10, 2
0 11 60: 1503, 10, 2
0 11 61: 1503, 10, 2
0 11 62: 1503, 10, 2
0 11 63: 1503, 10, 2
0 12 10: 1503, 10, 2
0 12 11: 1503, 10, 2
0 12 12: 1503, 10, 2
0 12 13: 1503, 10, 2
0 12 14: 1503, 10, 2
0 12 15: 1503, 10, 2
0 12 16: 1503, 10, 2
0 12 17: 1502, 1, 1
0 12 18: 1502, 9, 1
0 12 19: 665, 10, 3
0 12 20: 1502, 9, 2
0 12 21: 1502, 1, 2
0 12 22: 1503, 10, 2
0 12 23: 1503, 10, 2
0 12 24: 1503, 10, 2
0 12 25: 1503, 10, 2
0 12 26: 1503, 10, 2
0 12 27: 1503, 10, 2
0 12 28: 1503, 10, 2
0 12 29: 1503, 10, 2
0 12 30: 1503, 10, 2
0 12 31: 1503, 10, 2
0 12 32: 1503, 10, 2
0 12 33: 1503, 10, 2
0 12 34: 1503, 10, 2
0 12 35: 1502, 1, 1
0 12 36: 1502, 0, 2
0 12 37: 1502, 0, 2
0 12 38: 1502, 0, 2
0 12 39: 1502, 0, 2
0 12 40: 1502, 1, 2
0 12 41: 1503, 10, 2
0 12 42: 1503, 10, 2
0 12 43: 1503, 10, 2
0 12 44: 1503, 10, 2
0 12 45: 1503, 10, 2
0 12 46: 1503, 10, 2
0 12 47: 1503, 10, 2
0 12 48: 1503, 10, 2
0 12 49: 1503, 10, 2
0 12 50: 1503, 10, 2
0 12 51: 1503, 10, 2
0 12 52: 1502, 1, 1
0 12 53: 1502, 9, 1
0 12 56: 664, 10, 2
0 12 57: 1502, 9, 3
0 12 58: 1502, 1, 3
0 12 59: 1503, 10, 2
0 12 60: 1503, 10, 2
0 12 61: 1503, 10, 2
0 12 62: 1503, 10, 2
0 12 63: 1503, 10, 2
0 13 10: 1503, 10, 2
0 13 11: 1503, 10, 2
0 13 12: 1503, 10, 2
0 13 13: 1503, 10, 2
0 13 14: 1503, 10, 2
0 13 15: 1503, 10, 2
0 13 16: 1503, 10, 2
0 13 17: 1502, 0, 1
0 13 18: 665, 10, 2
0 13 19: 664, 10, 1
0 13 20: 665, 10, 0
0 13 21: 1502, 0, 3
0 13 22: 1503, 10, 2
0 13 23: 1503, 10, 2
0 13 24: 1503, 10, 2
0 13 25: 1503, 10, 2
0 13 26: 1503, 10, 2
0 13 27: 1503, 10, 2
0 13 28: 1503, 10, 2
0 13 29: 1503, 10, 2
0 13 30: 1503, 10, 2
0 13 31: 1503, 10, 2
0 13 32: 1503, 10, 2
0 13 33: 1503, 10, 2
0 13 34: 1502, 1, 1
0 13 35: 1449, 7, 1
0 13 35: 1502, 9, 1
0 13 36: 665, 10, 3
0 13 36: 1449, 4, 0
0 13 37: 1448, 4, 0
0 13 38: 667, 10, 1
0 13 38: 1448, 4, 0
0 13 39: 1449, 4, 0
0 13 40: 1449, 7, 2
0 13 40: 1502, 9, 2
0 13 41: 1502, 0, 2
0 13 42: 1502, 1, 2
0 13 43: 1503, 10, 2
0 13 44: 1503, 10, 2
0 13 45: 1503, 10, 2
0 13 46: 1503, 10, 2
0 13 47: 1503, 10, 2
0 13 48: 1503, 10, 2
0 13 49: 1503, 10, 2
0 13 50: 1503, 10, 2
0 13 51: 1502, 1, 1
0 13 52: 1502, 9, 1
0 13 54: 664, 10, 3
0 13 55: 664, 10, 2
0 13 57: 1502, 9, 2
0 13 58: 1502, 1, 2
0 13 59: 1503, 10, 2
0 13 60: 1503, 10, 2
0 13 61: 1503, 10, 2
0 13 62: 1503, 10, 2
0 13 63: 1503, 10, 2
0 14 10: 1503, 10, 2
0 14 11: 1503, 10, 2
0 14 12: 1503, 10, 2
0 14 13: 1503, 10, 2
0 14 14: 1503, 10, 2
0 14 15: 1503, 10, 2
0 14 16: 1503, 10, 2
0 14 17: 1502, 0, 1
0 14 18: 665, 10, 2
0 14 21: 1502, 9, 2
0 14 22: 1502, 0, 2
0 14 23: 1502, 0, 2
0 14 24: 1502, 1, 2
0 14 25: 1503, 10, 2
0 14 26: 1503, 10, 2
0 14 27: 1503, 10, 2
0 14 28: 1503, 10, 2
0 14 29: 1503, 10, 2
0 14 30: 1503, 10, 2
0 14 31: 1503, 10, 2
0 14 32: 1503, 10, 2
0 14 33: 1503, 10, 2
0 14 34: 1502, 0, 1
0 14 36: 528, 10, 3
0 14 38: 664, 10, 3
0 14 39: 701, 10, 0
0 14 41: 665, 10, 3
0 14 42: 1450, 7, 2
0 14 42: 1502, 9, 2
0 14 43: 1502, 0, 2
0 14 44: 1502, 0, 2
0 14 45: 1502, 1, 2
0 14 46: 1503, 10, 2
0 14 47: 1503, 10, 2
0 14 48: 1503, 10, 2
0 14 49: 1503, 10, 2
0 14 50: 1503, 10, 2
0 14 51: 1502, 0, 1
0 14 52: 665, 10, 2
0 14 53: 664, 10, 0
0 14 55: 664, 10, 2
0 14 56: 664, 10, 2
0 14 57: 665, 10, 0
0 14 58: 1502, 0, 3
0 14 59: 1503, 10, 2
0 14 60: 1503, 10, 2
0 14 61: 1503, 10, 2
0 14 62: 1503, 10, 2
0 14 63: 1503, 10, 2
0 15 10: 1503, 10, 2
0 15 11: 1503, 10, 2
0 15 12: 1503, 10, 2
0 15 13: 1503, 10, 2
0 15 14: 1503, 10, 2
0 15 15: 1503, 10, 2
0 15 16: 1503, 10, 2
0 15 17: 1502, 1, 0
0 15 18: 1502, 9, 0
0 15 19: 664, 10, 3
0 15 22: 665, 10, 3
0 15 23: 665, 10, 3
0 15 24: 1502, 9, 2
0 15 25: 1502, 1, 2
0 15 26: 1503, 10, 2
0 15 27: 1503, 10, 2
0 15 28: 1503, 10, 2
0 15 29: 1503, 10, 2
0 15 30: 1503, 10, 2
0 15 31: 1503, 10, 2
0 15 32: 1502, 1, 1
0 15 33: 1502, 0, 2
0 15 34: 1449, 7, 1
0 15 34: 1502, 9, 1
0 15 40: 664, 10, 0
0 15 43: 667, 10, 1
0 15 43: 1448, 4, 0
0 15 44: 1449, 4, 0
0 15 45: 1449, 7, 2
0 15 45: 1502, 9, 2
0 15 46: 1502, 0, 2
0 15 47: 1502, 1, 2
0 15 48: 1503, 10, 2
0 15 49: 1502, 1, 1
0 15 50: 1502, 0, 2
0 15 51: 1502, 9, 1
0 15 54: 664, 10, 3
0 15 57: 1502, 9, 3
0 15 58: 1502, 1, 3
0 15 59: 1503, 10, 2
0 15 60: 1503, 10, 2
0 15 61: 1503, 10, 2
0 15 62: 1503, 10, 2
0 15 63: 1503, 10, 2
0 16 10: 1503, 10, 2
0 16 11: 1503, 10, 2
0 16 12: 1503, 10, 2
0 16 13: 1503, 10, 2
0 16 14: 1503, 10, 2
0 16 15: 1503, 10, 2
0 16 16: 1503, 10, 2
0 16 17: 1503, 10, 2
0 16 18: 1502, 0, 1
0 16 20: 664, 10, 2
0 16 21: 664, 10, 2
0 16 22: 664, 10, 1
0 16 24: 667, 10, 2
0 16 25: 1502, 0, 3
0 16 26: 1503, 10, 2
0 16 27: 1503, 10, 2
0 16 28: 1503, 10, 2
0 16 29: 1503, 10, 2
0 16 30: 1503, 10, 2
0 16 31: 1502, 1, 1
0 16 32: 1451, 7, 1
0 16 32: 1502, 9, 1
0 16 33: 665, 10, 3
0 16 33: 1449, 4, 0
0 16 34: 664, 10, 2
0 16 36: 530, 10, 1
0 16 41: 664, 10, 1
0 16 43: 736, 10, 1
0 16 44: 664, 10, 2
0 16 47: 1448, 7, 2
0 16 47: 1502, 9, 2
0 16 48: 1502, 0, 2
0 16 49: 1502, 9, 1
0 16 50: 665, 10, 3
0 16 54: 664, 10, 0
0 16 56: 1502, 9, 3
0 16 57: 1502, 1, 3
0 16 58: 1503, 10, 2
0 16 59: 1503, 10, 2
0 16 60: 1503, 10, 2
0 16 61: 1503, 10, 2
0 16 62: 1503, 10, 2
0 16 63: 1503, 10, 2
0 17 10: 1503, 10, 2
0 17 11: 1503, 10, 2
0 17 12: 1503, 10, 2
0 17 13: 1503, 10, 2
0 17 14: 1503, 10, 2
0 17 15: 1503, 10, 2
0 17 16: 1503, 10, 2
0 17 17: 1503, 10, 2
0 17 18: 1502, 1, 0
0 17 19: 1502, 9, 0
0 17 20: 665, 10, 1
0 17 25: 1502, 0, 3
0 17 26: 1503, 10, 2
0 17 27: 1503, 10, 2
0 17 28: 1503, 10, 2
0 17 29: 1503, 10, 2
0 17 30: 1503, 10, 2
0 17 31: 1502, 0, 1
0 17 32: 665, 10, 2
0 17 32: 1449, 4, 3
0 17 33: 1384, 10, 0
0 17 38: 1384, 10, 1
0 17 40: 530, 10, 0
0 17 48: 665, 10, 3
0 17 48: 1448, 4, 0
0 17 52: 665, 10, 1
0 17 53: 665, 10, 1
0 17 54: 1502, 9, 3
0 17 55: 1502, 0, 0
0 17 56: 1502, 1, 3
0 17 57: 1503, 10, 2
0 17 58: 1503, 10, 2
0 17 59: 1503, 10, 2
0 17 60: 1503, 10, 2
0 17 61: 1503, 10, 2
0 17 62: 1503, 10, 2
0 17 63: 1503, 10, 2
0 18 10: 1503, 10, 2
0 18 11: 1503, 10, 2
0 18 12: 1503, 10, 2
0 18 13: 1503, 10, 2
0 18 14: 1503, 10, 2
0 18 15: 1503, 10, 2
0 18 16: 1503, 10, 2
0 18 17: 1503, 10, 2
0 18 18: 1503, 10, 2
0 18 19: 1502, 1, 0
0 18 20: 1502, 0, 0
0 18 21: 1502, 0, 0
0 18 22: 1502, 9, 0
0 18 25: 1502, 9, 2
0 18 26: 1502, 0, 2
0 18 27: 1502, 1, 2
0 18 28: 1503, 10, 2
0 18 29: 1502, 1, 1
0 18 30: 1502, 0, 2
0 18 31: 1450, 7, 1
0 18 31: 1502, 9, 1
0 18 32: 664, 10, 1
0 18 33: 736, 10, 2
0 18 35: 530, 10, 3
0 18 36: 527, 10, 3
0 18 43: 1384, 10, 3
0 18 45: 701, 10, 3
0 18 47: 664, 10, 3
0 18 51: 1502, 9, 3
0 18 52: 1502, 0, 0
0 18 53: 1502, 0, 0
0 18 54: 1502, 1, 3
0 18 55: 1503, 10, 2
0 18 56: 1503, 10, 2
0 18 57: 1503, 10, 2
0 18 58: 1503, 10, 2
0 18 59: 1503, 10, 2
0 18 60: 1503, 10, 2
0 18 61: 1503, 10, 2
0 18 62: 1503, 10, 2
0 18 63: 1503, 10, 2
0 19 10: 1503, 10, 2
0 19 11: 1503, 10, 2
0 19 12: 1503, 10, 2
0 19 13: 1503, 10, 2
0 19 14: 1503, 10, 2
0 19 15: 1503, 10, 2
0 19 16: 1503, 10, 2
0 19 17: 1503, 10, 2
0 19 18: 1503, 10, 2
0 19 19: 1503, 10, 2
0 19 20: 1503, 10, 2
0 19 21: 1503, 10, 2
0 19 22: 1502, 0, 1
0 19 23: 665, 10, 2
0 19 26: 667, 10, 2
0 19 26: 1448, 4, 0
0 19 27: 1502, 9, 2
0 19 28: 1502, 0, 2
0 19 29: 1448, 7, 1
0 19 29: 1502, 9, 1
0 19 30: 1448, 4, 0
0 19 34: 1384, 10, 1
0 19 39: 530, 10, 3
0 19 40: 528, 10, 3
0 19 42: 530, 10, 1
0 19 46: 530, 10, 3
0 19 48: 528, 10, 0
0 19 51: 1449, 7, 2
0 19 51: 1502, 9, 2
0 19 52: 1502, 1, 2
0 19 53: 1503, 10, 2
0 19 54: 1503, 10, 2
0 19 55: 1503, 10, 2
0 19 56: 1503, 10, 2
0 19 57: 1503, 10, 2
0 19 58: 1503, 10, 2
0 19 59: 1503, 10, 2
0 19 60: 1503, 10, 2
0 19 61: 1503, 10, 2
0 19 62: 1503, 10, 2
0 19 63: 1503, 10, 2
0 20 10: 1503, 10, 2
0 20 11: 1503, 10, 2
0 20 12: 1503, 10, 2
0 20 13: 1503, 10, 2
0 20 14: 1503, 10, 2
0 20 15: 1503, 10, 2
0 20 16: 1503, 10, 2
0 20 17: 1503, 10, 2
0 20 18: 1503, 10, 2
0 20 19: 1503, 10, 2
0 20 20: 1503, 10, 2
0 20 21: 1503, 10, 2
0 20 22: 1502, 0, 1
0 20 23: 665, 10, 2
0 20 28: 1448, 4, 0
0 20 30: 664, 10, 0
0 20 32: 1384, 10, 3
0 20 42: 665, 10, 3
0 20 44: 1384, 10, 3
0 20 46: 1384, 10, 0
0 20 52: 1450, 7, 2
0 20 52: 1502, 9, 2
0 20 53: 1502, 1, 2
0 20 54: 1503, 10, 2
0 20 55: 1503, 10, 2
0 20 56: 1503, 10, 2
0 20 57: 1503, 10, 2
0 20 58: 1503, 10, 2
0 20 59: 1503, 10, 2
0 20 60: 1503, 10, 2
0 20 61: 1503, 10, 2
0 20 62: 1503, 10, 2
0 20 63: 1503, 10, 2
0 21 10: 1503, 10, 2
0 21 11: 1503, 10, 2
0 21 12: 1503, 10, 2
0 21 13: 1503, 10, 2
0 21 14: 1503, 10, 2
0 21 15: 1503, 10, 2
0 21 16: 1503, 10, 2
0 21 17: 1503, 10, 2
0 21 18: 1503, 10, 2
0 21 19: 1503, 10, 2
0 21 20: 1503, 10, 2
0 21 21: 1503, 10, 2
0 21 22: 1502, 0, 1
0 21 23: 1448, 4, 3
0 21 24: 664, 10, 0
0 21 27: 664, 10, 2
0 21 30: 665, 10, 0
0 21 31: 528, 10, 0
0 21 33: 701, 10, 1
0 21 44: 530, 10, 2
0 21 47: 664, 10, 0
0 21 51: 667, 10, 3
0 21 52: 1448, 4, 1
0 21 53: 1502, 0, 3
0 21 54: 1503, 10, 2
0 21 55: 1503, 10, 2
0 21 56: 1503, 10, 2
0 21 57: 1503, 10, 2
0 21 58: 1503, 10, 2
0 21 59: 1503, 10, 2
0 21 60: 1503, 10, 2
0 21 61: 1503, 10, 2
0 21 62: 1503, 10, 2
0 21 63: 1503, 10, 2
0 22 10: 1503, 10, 2
0 22 11: 1503, 10, 2
0 22 12: 1503, 10, 2
0 22 13: 1503, 10, 2
0 22 14: 1503, 10, 2
0 22 15: 1503, 10, 2
0 22 16: 1503, 10, 2
0 22 17: 1503, 10, 2
0 22 18: 1503, 10, 2
0 22 19: 1503, 10, 2
0 22 20: 1503, 10, 2
0 22 21: 1503, 10, 2
0 22 22: 1502, 0, 1
0 22 23: 664, 10, 3
0 22 26: 664, 10, 1
0 22 27: 530, 10, 2
0 22 29: 664, 10, 0
0 22 33: 530, 10, 0
0 22 35: 1384, 10, 0
0 22 36: 336, 22, 1
0 22 39: 666, 10, 0
0 22 40: 1384, 10, 3
0 22 47: 530, 10, 1
0 22 49: 701, 10, 2
0 22 50: 664, 10, 1
0 22 52: 1450, 7, 3
0 22 52: 1502, 9, 3
0 22 53: 1502, 1, 3
0 22 54: 1503, 10, 2
0 22 55: 1503, 10, 2
0 22 56: 1503, 10, 2
0 22 57: 1503, 10, 2
0 22 58: 1503, 10, 2
0 22 59: 1503, 10, 2
0 22 60: 1503, 10, 2
0 22 61: 1503, 10, 2
0 22 62: 1503, 10, 2
0 22 63: 1503, 10, 2
0 23 10: 1503, 10, 2
0 23 11: 1503, 10, 2
0 23 12: 1503, 10, 2
0 23 13: 1503, 10, 2
0 23 14: 1503, 10, 2
0 23 15: 1503, 10, 2
0 23 16: 1503, 10, 2
0 23 17: 1503, 10, 2
0 23 18: 1503, 10, 2
0 23 19: 1503, 10, 2
0 23 20: 1503, 10, 2
0 23 21: 1502, 1, 1
0 23 22: 1502, 9, 1
0 23 28: 527, 10, 0
0 23 31: 665, 10, 3
0 23 32: 530, 10, 3
0 23 35: 336, 22, 2
0 23 36: 335, 22, 1
0 23 37: 336, 22, 0
0 23 41: 336, 22, 0
0 23 45: 1384, 10, 1
0 23 51: 1450, 7, 3
0 23 51: 1502, 9, 3
0 23 52: 1502, 1, 3
0 23 53: 1503, 10, 2
0 23 54: 1503, 10, 2
0 23 55: 1503, 10, 2
0 23 56: 1503, 10, 2
0 23 57: 1503, 10, 2
0 23 58: 1503, 10, 2
0 23 59: 1503, 10, 2
0 23 60: 1503, 10, 2
0 23 61: 1503, 10, 2
0 23 62: 1503, 10, 2
0 23 63: 1503, 10, 2
0 24 10: 1503, 10, 2
0 24 11: 1503, 10, 2
0 24 12: 1503, 10, 2
0 24 13: 1503, 10, 2
0 24 14: 1503, 10, 2
0 24 15: 1503, 10, 2
0 24 16: 1503, 10, 2
0 24 17: 1503, 10, 2
0 24 18: 1503, 10, 2
0 24 19: 1503, 10, 2
0 24 20: 1503, 10, 2
0 24 21: 1502, 0, 1
0 24 22: 664, 10, 3
0 24 22: 1448, 4, 3
0 24 24: 736, 10, 3
0 24 25: 664, 10, 2
0 24 36: 336, 22, 1
0 24 37: 335, 22, 0
0 24 38: 336, 22, 2
0 24 38: 736, 10, 1
0 24 40: 336, 22, 0
0 24 41: 335, 22, 0
0 24 42: 336, 22, 2
0 24 44: 665, 10, 0
0 24 45: 530, 10, 1
0 24 47: 1384, 10, 3
0 24 49: 664, 10, 2
0 24 50: 1448, 4, 1
0 24 51: 1502, 0, 3
0 24 52: 1503, 10, 2
0 24 53: 1503, 10, 2
0 24 54: 1503, 10, 2
0 24 55: 1503, 10, 2
0 24 56: 1503, 10, 2
0 24 57: 1503, 10, 2
0 24 58: 1503, 10, 2
0 24 59: 1503, 10, 2
0 24 60: 1503, 10, 2
0 24 61: 1503, 10, 2
0 24 62: 1503, 10, 2
0 24 63: 1503, 10, 2
0 25 10: 1503, 10, 2
0 25 11: 1503, 10, 2
0 25 12: 1503, 10, 2
0 25 13: 1503, 10, 2
0 25 14: 1503, 10, 2
0 25 15: 1503, 10, 2
0 25 16: 1503, 10, 2
0 25 17: 1503, 10, 2
0 25 18: 1503, 10, 2
0 25 19: 1503, 10, 2
0 25 20: 1503, 10, 2
0 25 21: 1502, 0, 1
0 25 22: 1448, 4, 3
0 25 28: 530, 10, 0
0 25 29: 665, 10, 2
0 25 33: 336, 22, 0
0 25 34: 652, 22, 2
0 25 36: 653, 22, 3
0 25 37: 336, 22, 3
0 25 40: 336, 22, 2
0 25 40: 664, 10, 2
0 25 41: 336, 22, 2
0 25 48: 1384, 10, 0
0 25 50: 665, 10, 0
0 25 50: 1449, 4, 1
0 25 51: 1502, 0, 3
0 25 52: 1503, 10, 2
0 25 53: 1503, 10, 2
0 25 54: 1503, 10, 2
0 25 55: 1503, 10, 2
0 25 56: 1503, 10, 2
0 25 57: 1503, 10, 2
0 25 58: 1503, 10, 2
0 25 59: 1503, 10, 2
0 25 60: 1503, 10, 2
0 25 61: 1503, 10, 2
0 25 62: 1503, 10, 2
0 25 63: 1503, 10, 2
0 26 10: 1503, 10, 2
0 26 11: 1503, 10, 2
0 26 12: 1503, 10, 2
0 26 13: 1503, 10, 2
0 26 14: 1503, 10, 2
0 26 15: 1503, 10, 2
0 26 16: 1503, 10, 2
0 26 17: 1503, 10, 2
0 26 18: 1503, 10, 2
0 26 19: 1503, 10, 2
0 26 20: 1503, 10, 2
0 26 21: 1502, 0, 1
0 26 22: 528, 10, 0
0 26 22: 1448, 4, 3
0 26 24: 530, 10, 3
0 26 26: 1384, 10, 0
0 26 31: 1384, 10, 1
0 26 32: 336, 22, 1
0 26 33: 337, 22, 2
0 26 34: 336, 22, 3
0 26 35: 2496, 22, 2
0 26 35: 2501, 10, 0
0 26 36: 653, 22, 0
0 26 37: 2496, 22, 1
0 26 37: 2501, 10, 1
0 26 38: 653, 22, 2
0 26 39: 336, 22, 2
0 26 40: 337, 22, 3
0 26 41: 336, 22, 3
0 26 41: 667, 10, 2
0 26 43: 667, 10, 3
0 26 46: 1384, 10, 0
0 26 48: 527, 10, 2
0 26 51: 1449, 7, 2
0 26 51: 1502, 9, 2
0 26 52: 1502, 1, 2
0 26 53: 1503, 10, 2
0 26 54: 1503, 10, 2
0 26 55: 1503, 10, 2
0 26 56: 1503, 10, 2
0 26 57: 1503, 10, 2
0 26 58: 1503, 10, 2
0 26 59: 1503, 10, 2
0 26 60: 1503, 10, 2
0 26 61: 1503, 10, 2
0 26 62: 1503, 10, 2
0 26 63: 1503, 10, 2
0 27 10: 1503, 10, 2
0 27 11: 1503, 10, 2
0 27 12: 1503, 10, 2
0 27 13: 1503, 10, 2
0 27 14: 1503, 10, 2
0 27 15: 1503, 10, 2
0 27 16: 1503, 10, 2
0 27 17: 1503, 10, 2
0 27 18: 1503, 10, 2
0 27 19: 1502, 1, 1
0 27 20: 1502, 0, 2
0 27 21: 1448, 7, 1
0 27 21: 1502, 9, 1
0 27 25: 664, 10, 1
0 27 32: 652, 22, 3
0 27 33: 336, 22, 2
0 27 34: 336, 22, 0
0 27 35: 335, 22, 0
0 27 36: 336, 22, 2
0 27 37: 337, 22, 3
0 27 38: 652, 22, 3
0 27 39: 654, 22, 0
0 27 40: 336, 22, 0
0 27 43: 701, 10, 2
0 27 47: 530, 10, 3
0 27 50: 664, 10, 3
0 27 51: 1449, 4, 1
0 27 52: 1502, 0, 3
0 27 53: 1503, 10, 2
0 27 54: 1503, 10, 2
0 27 55: 1503, 10, 2
0 27 56: 1503, 10, 2
0 27 57: 1503, 10, 2
0 27 58: 1503, 10, 2
0 27 59: 1503, 10, 2
0 27 60: 1503, 10, 2
0 27 61: 1503, 10, 2
0 27 62: 1503, 10, 2
0 27 63: 1503, 10, 2
0 28 10: 1503, 10, 2
0 28 11: 1503, 10, 2
0 28 12: 1503, 10, 2
0 28 13: 1503, 10, 2
0 28 14: 1503, 10, 2
0 28 15: 1503, 10, 2
0 28 16: 1503, 10, 2
0 28 17: 1503, 10, 2
0 28 18: 1502, 1, 1
0 28 19: 1502, 9, 1
0 28 20: 1450, 4, 0
0 28 22: 530, 10, 1
0 28 26: 1384, 10, 1
0 28 27: 701, 10, 2
0 28 28: 530, 10, 0
0 28 31: 664, 10, 0
0 28 33: 2496, 22, 3
0 28 33: 2501, 10, 3
0 28 34: 336, 22, 2
0 28 35: 2488, 10, 0
0 28 38: 335, 22, 3
0 28 39: 2496, 22, 0
0 28 39: 2501, 10, 2
0 28 40: 654, 22, 1
0 28 42: 653, 22, 1
0 28 45: 530, 10, 2
0 28 47: 528, 10, 0
0 28 51: 665, 10, 0
0 28 51: 1448, 4, 1
0 28 52: 1502, 0, 3
0 28 53: 1503, 10, 2
0 28 54: 1503, 10, 2
0 28 55: 1503, 10, 2
0 28 56: 1503, 10, 2
0 28 57: 1503, 10, 2
0 28 58: 1503, 10, 2
0 28 59: 1503, 10, 2
0 28 60: 1503, 10, 2
0 28 61: 1503, 10, 2
0 28 62: 1503, 10, 2
0 28 63: 1503, 10, 2
0 29 10: 1503, 10, 2
0 29 11: 1503, 10, 2
0 29 12: 1503, 10, 2
0 29 13: 1503, 10, 2
0 29 14: 1503, 10, 2
0 29 15: 1503, 10, 2
0 29 16: 1503, 10, 2
0 29 17: 1503, 10, 2
0 29 18: 1502, 0, 1
0 29 19: 667, 10, 0
0 29 27: 528, 10, 1
0 29 29: 665, 10, 2
0 29 32: 653, 22, 3
0 29 34: 654, 22, 2
0 29 38: 336, 22, 3
0 29 41: 336, 22, 3
0 29 42: 336, 22, 2
0 29 46: 665, 10, 0
0 29 50: 667, 10, 0
0 29 51: 1448, 4, 1
0 29 52: 1502, 0, 3
0 29 53: 1503, 10, 2
0 29 54: 1503, 10, 2
0 29 55: 1503, 10, 2
0 29 56: 1503, 10, 2
0 29 57: 1503, 10, 2
0 29 58: 1503, 10, 2
0 29 59: 1503, 10, 2
0 29 60: 1503, 10, 2
0 29 61: 1503, 10, 2
0 29 62: 1503, 10, 2
0 29 63: 1503, 10, 2
0 30 10: 1503, 10, 2
0 30 11: 1503, 10, 2
0 30 12: 1503, 10, 2
0 30 13: 1503, 10, 2
0 30 14: 1503, 10, 2
0 30 15: 1503, 10, 2
0 30 16: 1503, 10, 2
0 30 17: 1503, 10, 2
0 30 18: 1502, 0, 1
0 30 19: 1448, 4, 3
0 30 22: 664, 10, 0
0 30 26: 530, 10, 1
0 30 29: 530, 10, 2
0 30 30: 665, 10, 3
0 30 33: 2496, 22, 0
0 30 33: 2501, 10, 2
0 30 34: 335, 22, 2
0 30 39: 2496, 22, 3
0 30 39: 2501, 10, 3
0 30 40: 336, 22, 0
0 30 41: 335, 22, 3
0 30 42: 337, 22, 2
0 30 43: 336, 22, 1
0 30 48: 530, 10, 1
0 30 49: 664, 10, 0
0 30 51: 1449, 4, 1
0 30 52: 1502, 0, 3
0 30 53: 1503, 10, 2
0 30 54: 1503, 10, 2
0 30 55: 1503, 10, 2
0 30 56: 1503, 10, 2
0 30 57: 1503, 10, 2
0 30 58: 1503, 10, 2
0 30 59: 1503, 10, 2
0 30 60: 1503, 10, 2
0 30 61: 1503, 10, 2
0 30 62: 1503, 10, 2
0 30 63: 1503, 10, 2
0 31 10: 1503, 10, 2
0 31 11: 1503, 10, 2
0 31 12: 1503, 10, 2
0 31 13: 1503, 10, 2
0 31 14: 1503, 10, 2
0 31 15: 1503, 10, 2
0 31 16: 1503, 10, 2
0 31 17: 1503, 10, 2
0 31 18: 1502, 0, 1
0 31 19: 665, 10, 2
0 31 19: 1448, 4, 3
0 31 30: 1384, 10, 2
0 31 32: 653, 22, 2
0 31 34: 336, 22, 2
0 31 36: 653, 22, 2
0 31 37: 335, 22, 1
0 31 38: 652, 22, 1
0 31 39: 336, 22, 3
0 31 40: 653, 22, 1
0 31 41: 336, 22, 3
0 31 42: 336, 22, 0
0 31 44: 1384, 10, 2
0 31 47: 701, 10, 1
0 31 49: 527, 10, 3
0 31 51: 664, 10, 1
0 31 52: 1502, 0, 3
0 31 53: 1503, 10, 2
0 31 54: 1503, 10, 2
0 31 55: 1503, 10, 2
0 31 56: 1503, 10, 2
0 31 57: 1503, 10, 2
0 31 58: 1503, 10, 2
0 31 59: 1503, 10, 2
0 31 60: 1503, 10, 2
0 31 61: 1503, 10, 2
0 31 62: 1503, 10, 2
0 31 63: 1503, 10, 2
0 32 10: 1503, 10, 2
0 32 11: 1503, 10, 2
0 32 12: 1503, 10, 2
0 32 13: 1503, 10, 2
0 32 14: 1503, 10, 2
0 32 15: 1503, 10, 2
0 32 16: 1503, 10, 2
0 32 17: 1503, 10, 2
0 32 18: 1502, 1, 0
0 32 19: 1502, 9, 0
0 32 22: 664, 10, 2
0 32 24: 664, 10, 3
0 32 25: 1384, 10, 0
0 32 29: 2475, 10, 0
0 32 33: 336, 22, 1
0 32 34: 337, 22, 3
0 32 35: 2496, 22, 3
0 32 35: 2501, 10, 3
0 32 37: 2496, 22, 2
0 32 37: 2501, 10, 0
0 32 38: 336, 22, 0
0 32 39: 337, 22, 3
0 32 40: 336, 22, 2
0 32 41: 653, 22, 2
0 32 45: 665, 10, 1
0 32 52: 1449, 7, 2
0 32 52: 1502, 9, 2
0 32 53: 1502, 1, 2
0 32 54: 1503, 10, 2
0 32 55: 1503, 10, 2
0 32 56: 1503, 10, 2
0 32 57: 1503, 10, 2
0 32 58: 1503, 10, 2
0 32 59: 1503, 10, 2
0 32 60: 1503, 10, 2
0 32 61: 1503, 10, 2
0 32 62: 1503, 10, 2
0 32 63: 1503, 10, 2
0 33 10: 1503, 10, 2
0 33 11: 1503, 10, 2
0 33 12: 1503, 10, 2
0 33 13: 1503, 10, 2
0 33 14: 1503, 10, 2
0 33 15: 1503, 10, 2
0 33 16: 1503, 10, 2
0 33 17: 1503, 10, 2
0 33 18: 1503, 10, 2
0 33 19: 1502, 0, 1
0 33 20: 667, 10, 3
0 33 23: 736, 10, 0
0 33 28: 1384, 10, 3
0 33 29: 530, 10, 2
0 33 30: 527, 10, 2
0 33 33: 1384, 10, 3
0 33 34: 336, 22, 1
0 33 35: 337, 22, 0
0 33 36: 336, 22, 3
0 33 37: 652, 22, 2
0 33 38: 336, 22, 3
0 33 39: 336, 22, 1
0 33 40: 652, 22, 3
0 33 41: 664, 10, 0
0 33 43: 1384, 10, 1
0 33 47: 530, 10, 2
0 33 48: 1384, 10, 1
0 33 53: 1451, 7, 2
0 33 53: 1502, 9, 2
0 33 54: 1502, 1, 2
0 33 55: 1503, 10, 2
0 33 56: 1503, 10, 2
0 33 57: 1503, 10, 2
0 33 58: 1503, 10, 2
0 33 59: 1503, 10, 2
0 33 60: 1503, 10, 2
0 33 61: 1503, 10, 2
0 33 62: 1503, 10, 2
0 33 63: 1503, 10, 2
0 34 10: 1503, 10, 2
0 34 11: 1503, 10, 2
0 34 12: 1503, 10, 2
0 34 13: 1503, 10, 2
0 34 14: 1503, 10, 2
0 34 15: 1503, 10, 2
0 34 16: 1503, 10, 2
0 34 17: 1503, 10, 2
0 34 18: 1503, 10, 2
0 34 19: 1502, 1, 0
0 34 20: 1450, 7, 0
0 34 20: 1502, 9, 0
0 34 21: 1450, 4, 2
0 34 26: 1384, 10, 2
0 34 27: 1384, 10, 3
0 34 35: 336, 22, 0
0 34 37: 336, 22, 0
0 34 38: 337, 22, 1
0 34 39: 336, 22, 2
0 34 49: 664, 10, 2
0 34 51: 530, 10, 3
0 34 52: 530, 10, 1
0 34 53: 665, 10, 0
0 34 53: 1448, 4, 1
0 34 54: 1502, 0, 3
0 34 55: 1503, 10, 2
0 34 56: 1503, 10, 2
0 34 57: 1503, 10, 2
0 34 58: 1503, 10, 2
0 34 59: 1503, 10, 2
0 34 60: 1503, 10, 2
0 34 61: 1503, 10, 2
0 34 62: 1503, 10, 2
0 34 63: 1503, 10, 2
0 35 10: 1503, 10, 2
0 35 11: 1503, 10, 2
0 35 12: 1503, 10, 2
0 35 13: 1503, 10, 2
0 35 14: 1503, 10, 2
0 35 15: 1503, 10, 2
0 35 16: 1503, 10, 2
0 35 17: 1503, 10, 2
0 35 18: 1503, 10, 2
0 35 19: 1503, 10, 2
0 35 20: 1502, 1, 0
0 35 21: 1502, 0, 0
0 35 22: 1448, 7, 0
0 35 22: 1502, 9, 0
0 35 23: 665, 10, 2
0 35 29: 530, 10, 0
0 35 31: 530, 10, 1
0 35 33: 701, 10, 3
0 35 34: 336, 22, 3
0 35 35: 335, 22, 3
0 35 36: 336, 22, 2
0 35 37: 652, 22, 0
0 35 38: 336, 22, 1
0 35 38: 664, 10, 3
0 35 43: 665, 10, 2
0 35 45: 665, 10, 1
0 35 47: 1384, 10, 1
0 35 51: 530, 10, 0
0 35 53: 1449, 4, 1
0 35 54: 1502, 0, 3
0 35 55: 1503, 10, 2
0 35 56: 1503, 10, 2
0 35 57: 1503, 10, 2
0 35 58: 1503, 10, 2
0 35 59: 1503, 10, 2
0 35 60: 1503, 10, 2
0 35 61: 1503, 10, 2
0 35 62: 1503, 10, 2
0 35 63: 1503, 10, 2
0 36 10: 1503, 10, 2
0 36 11: 1503, 10, 2
0 36 12: 1503, 10, 2
0 36 13: 1503, 10, 2
0 36 14: 1503, 10, 2
0 36 15: 1503, 10, 2
0 36 16: 1503, 10, 2
0 36 17: 1503, 10, 2
0 36 18: 1503, 10, 2
0 36 19: 1503, 10, 2
0 36 20: 1503, 10, 2
0 36 21: 1503, 10, 2
0 36 22: 1502, 1, 0
0 36 23: 1449, 7, 0
0 36 23: 1502, 9, 0
0 36 27: 530, 10, 1
0 36 35: 336, 22, 2
0 36 40: 666, 10, 1
0 36 43: 701, 10, 3
0 36 45: 530, 10, 0
0 36 47: 664, 10, 1
0 36 50: 664, 10, 3
0 36 53: 1450, 7, 3
0 36 53: 1502, 9, 3
0 36 54: 1502, 1, 3
0 36 55: 1503, 10, 2
0 36 56: 1503, 10, 2
0 36 57: 1503, 10, 2
0 36 58: 1503, 10, 2
0 36 59: 1503, 10, 2
0 36 60: 1503, 10, 2
0 36 61: 1503, 10, 2
0 36 62: 1503, 10, 2
0 36 63: 1503, 10, 2
0 37 10: 1503, 10, 2
0 37 11: 1503, 10, 2
0 37 12: 1503, 10, 2
0 37 13: 1503, 10, 2
0 37 14: 1503, 10, 2
0 37 15: 1503, 10, 2
0 37 16: 1503, 10, 2
0 37 17: 1503, 10, 2
0 37 18: 1503, 10, 2
0 37 19: 1503, 10, 2
0 37 20: 1503, 10, 2
0 37 21: 1503, 10, 2
0 37 22: 1503, 10, 2
0 37 23: 1502, 0, 1
0 37 27: 528, 10, 1
0 37 29: 530, 10, 0
0 37 31: 1384, 10, 2
0 37 32: 530, 10, 3
0 37 33: 665, 10, 2
0 37 35: 1384, 10, 0
0 37 37: 736, 10, 0
0 37 45: 1384, 10, 3
0 37 51: 1450, 7, 3
0 37 51: 1502, 9, 3
0 37 52: 1502, 0, 0
0 37 53: 1502, 1, 3
0 37 54: 1503, 10, 2
0 37 55: 1503, 10, 2
0 37 56: 1503, 10, 2
0 37 57: 1503, 10, 2
0 37 58: 1503, 10, 2
0 37 59: 1503, 10, 2
0 37 60: 1503, 10, 2
0 37 61: 1503, 10, 2
0 37 62: 1503, 10, 2
0 37 63: 1503, 10, 2
0 38 10: 1503, 10, 2
0 38 11: 1503, 10, 2
0 38 12: 1503, 10, 2
0 38 13: 1503, 10, 2
0 38 14: 1503, 10, 2
0 38 15: 1503, 10, 2
0 38 16: 1503, 10, 2
0 38 17: 1503, 10, 2
0 38 18: 1503, 10, 2
0 38 19: 1503, 10, 2
0 38 20: 1503, 10, 2
0 38 21: 1503, 10, 2
0 38 22: 1503, 10, 2
0 38 23: 1502, 0, 1
0 38 24: 665, 10, 2
0 38 24: 1448, 4, 3
0 38 26: 530, 10, 3
0 38 30: 1384, 10, 1
0 38 35: 665, 10, 1
0 38 38: 1384, 10, 0
0 38 40: 1384, 10, 1
0 38 44: 736, 10, 3
0 38 46: 664, 10, 0
0 38 48: 667, 10, 1
0 38 50: 1448, 4, 1
0 38 51: 1502, 0, 3
0 38 52: 1503, 10, 2
0 38 53: 1503, 10, 2
0 38 54: 1503, 10, 2
0 38 55: 1503, 10, 2
0 38 56: 1503, 10, 2
0 38 57: 1503, 10, 2
0 38 58: 1503, 10, 2
0 38 59: 1503, 10, 2
0 38 60: 1503, 10, 2
0 38 61: 1503, 10, 2
0 38 62: 1503, 10, 2
0 38 63: 1503, 10, 2
0 39 10: 1503, 10, 2
0 39 11: 1503, 10, 2
0 39 12: 1503, 10, 2
0 39 13: 1503, 10, 2
0 39 14: 1503, 10, 2
0 39 15: 1503, 10, 2
0 39 16: 1502, 1, 1
0 39 17: 1502, 0, 2
0 39 18: 1502, 0, 2
0 39 19: 1502, 1, 2
0 39 20: 1503, 10, 2
0 39 21: 1503, 10, 2
0 39 22: 1502, 1, 1
0 39 23: 1502, 9, 1
0 39 25: 664, 10, 1
0 39 33: 530, 10, 3
0 39 34: 1384, 10, 1
0 39 35: 530, 10, 2
0 39 36: 665, 10, 2
0 39 40: 665, 10, 1
0 39 42: 1384, 10, 3
0 39 43: 528, 10, 2
0 39 45: 1384, 10, 2
0 39 47: 665, 10, 1
0 39 47: 1449, 4, 2
0 39 48: 1450, 4, 2
0 39 49: 1450, 4, 2
0 39 50: 1449, 7, 3
0 39 50: 1502, 9, 3
0 39 51: 1502, 1, 3
0 39 52: 1503, 10, 2
0 39 53: 1503, 10, 2
0 39 54: 1503, 10, 2
0 39 55: 1503, 10, 2
0 39 56: 1503, 10, 2
0 39 57: 1503, 10, 2
0 39 58: 1503, 10, 2
0 39 59: 1503, 10, 2
0 39 60: 1503, 10, 2
0 39 61: 1503, 10, 2
0 39 62: 1503, 10, 2
0 39 63: 1503, 10, 2
0 40 10: 1503, 10, 2
0 40 11: 1503, 10, 2
0 40 12: 1503, 10, 2
0 40 13: 1503, 10, 2
0 40 14: 1503, 10, 2
0 40 15: 1502, 1, 1
0 40 16: 1502, 9, 1
0 40 18: 665, 10, 3
0 40 19: 1502, 9, 2
0 40 20: 1502, 0, 2
0 40 21: 1502, 0, 2
0 40 22: 1502, 9, 1
0 40 23: 664, 10, 0
0 40 25: 664, 10, 0
0 40 26: 665, 10, 1
0 40 26: 1448, 4, 2
0 40 28: 736, 10, 1
0 40 32: 1384, 10, 0
0 40 34: 528, 10, 0
0 40 37: 1384, 10, 2
0 40 40: 530, 10, 3
0 40 46: 1449, 7, 3
0 40 46: 1502, 9, 3
0 40 47: 1502, 0, 0
0 40 48: 1502, 0, 0
0 40 49: 1502, 0, 0
0 40 50: 1502, 1, 3
0 40 51: 1503, 10, 2
0 40 52: 1503, 10, 2
0 40 53: 1503, 10, 2
0 40 54: 1503, 10, 2
0 40 55: 1503, 10, 2
0 40 56: 1503, 10, 2
0 40 57: 1503, 10, 2
0 40 58: 1503, 10, 2
0 40 59: 1503, 10, 2
0 40 60: 1503, 10, 2
0 40 61: 1503, 10, 2
0 40 62: 1503, 10, 2
0 40 63: 1503, 10, 2
0 41 10: 1503, 10, 2
0 41 11: 1503, 10, 2
0 41 12: 1503, 10, 2
0 41 13: 1503, 10, 2
0 41 14: 1503, 10, 2
0 41 15: 1502, 0, 1
0 41 16: 665, 10, 2
0 41 19: 664, 10, 1
0 41 22: 664, 10, 2
0 41 25: 1502, 9, 3
0 41 26: 1502, 0, 0
0 41 27: 1448, 7, 0
0 41 27: 1502, 9, 0
0 41 32: 1384, 10, 3
0 41 33: 530, 10, 1
0 41 36: 530, 10, 1
0 41 39: 527, 10, 2
0 41 41: 1384, 10, 1
0 41 43: 664, 10, 0
0 41 45: 665, 10, 0
0 41 45: 1448, 4, 1
0 41 46: 1502, 0, 3
0 41 47: 1503, 10, 2
0 41 48: 1503, 10, 2
0 41 49: 1503, 10, 2
0 41 50: 1503, 10, 2
0 41 51: 1503, 10, 2
0 41 52: 1503, 10, 2
0 41 53: 1503, 10, 2
0 41 54: 1503, 10, 2
0 41 55: 1503, 10, 2
0 41 56: 1503, 10, 2
0 41 57: 1503, 10, 2
0 41 58: 1503, 10, 2
0 41 59: 1503, 10, 2
0 41 60: 1503, 10, 2
0 41 61: 1503, 10, 2
0 41 62: 1503, 10, 2
0 41 63: 1503, 10, 2
0 42 10: 1503, 10, 2
0 42 11: 1503, 10, 2
0 42 12: 1503, 10, 2
0 42 13: 1503, 10, 2
0 42 14: 1503, 10, 2
0 42 15: 1502, 0, 1
0 42 17: 664, 10, 0
0 42 20: 664, 10, 2
0 42 21: 664, 10, 3
0 42 24: 664, 10, 3
0 42 25: 1502, 0, 3
0 42 26: 1503, 10, 2
0 42 27: 1502, 1, 0
0 42 28: 1450, 7, 0
0 42 28: 1502, 9, 0
0 42 38: 1384, 10, 1
0 42 41: 530, 10, 2
0 42 46: 1449, 7, 2
0 42 46: 1502, 9, 2
0 42 47: 1502, 1, 2
0 42 48: 1503, 10, 2
0 42 49: 1503, 10, 2
0 42 50: 1503, 10, 2
0 42 51: 1503, 10, 2
0 42 52: 1503, 10, 2
0 42 53: 1503, 10, 2
0 42 54: 1503, 10, 2
0 42 55: 1503, 10, 2
0 42 56: 1503, 10, 2
0 42 57: 1503, 10, 2
0 42 58: 1503, 10, 2
0 42 59: 1503, 10, 2
0 42 60: 1503, 10, 2
0 42 61: 1503, 10, 2
0 42 62: 1503, 10, 2
0 42 63: 1503, 10, 2
0 43 10: 1503, 10, 2
0 43 11: 1503, 10, 2
0 43 12: 1503, 10, 2
0 43 13: 1503, 10, 2
0 43 14: 1503, 10, 2
0 43 15: 1502, 0, 1
0 43 16: 665, 10, 2
0 43 19: 664, 10, 3
0 43 22: 664, 10, 0
0 43 23: 664, 10, 1
0 43 25: 1502, 9, 2
0 43 26: 1502, 1, 2
0 43 27: 1503, 10, 2
0 43 28: 1502, 0, 1
0 43 29: 1448, 4, 3
0 43 30: 664, 10, 1
0 43 34: 664, 10, 3
0 43 39: 664, 10, 1
0 43 42: 664, 10, 1
0 43 45: 664, 10, 2
0 43 47: 1502, 0, 3
0 43 48: 1503, 10, 2
0 43 49: 1503, 10, 2
0 43 50: 1503, 10, 2
0 43 51: 1503, 10, 2
0 43 52: 1503, 10, 2
0 43 53: 1503, 10, 2
0 43 54: 1503, 10, 2
0 43 55: 1503, 10, 2
0 43 56: 1503, 10, 2
0 43 57: 1503, 10, 2
0 43 58: 1503, 10, 2
0 43 59: 1503, 10, 2
0 43 60: 1503, 10, 2
0 43 61: 1503, 10, 2
0 43 62: 1503, 10, 2
0 43 63: 1503, 10, 2
0 44 10: 1503, 10, 2
0 44 11: 1503, 10, 2
0 44 12: 1503, 10, 2
0 44 13: 1503, 10, 2
0 44 14: 1503, 10, 2
0 44 15: 1502, 1, 0
0 44 16: 1502, 9, 0
0 44 18: 664, 10, 2
0 44 20: 664, 10, 0
0 44 21: 664, 10, 0
0 44 25: 665, 10, 0
0 44 26: 1502, 0, 3
0 44 27: 1503, 10, 2
0 44 28: 1502, 0, 1
0 44 29: 1449, 4, 3
0 44 31: 664, 10, 0
0 44 33: 665, 10, 1
0 44 33: 1448, 4, 2
0 44 34: 1448, 4, 2
0 44 36: 664, 10, 2
0 44 37: 667, 10, 0
0 44 39: 665, 10, 1
0 44 39: 1449, 4, 2
0 44 40: 1448, 4, 2
0 44 41: 1448, 4, 2
0 44 43: 736, 10, 2
0 44 44: 664, 10, 3
0 44 47: 1502, 9, 2
0 44 48: 1502, 1, 2
0 44 49: 1503, 10, 2
0 44 50: 1503, 10, 2
0 44 51: 1503, 10, 2
0 44 52: 1503, 10, 2
0 44 53: 1503, 10, 2
0 44 54: 1503, 10, 2
0 44 55: 1503, 10, 2
0 44 56: 1503, 10, 2
0 44 57: 1503, 10, 2
0 44 58: 1503, 10, 2
0 44 59: 1503, 10, 2
0 44 60: 1503, 10, 2
0 44 61: 1503, 10, 2
0 44 62: 1503, 10, 2
0 44 63: 1503, 10, 2
0 45 10: 1503, 10, 2
0 45 11: 1503, 10, 2
0 45 12: 1503, 10, 2
0 45 13: 1503, 10, 2
0 45 14: 1503, 10, 2
0 45 15: 1503, 10, 2
0 45 16: 1502, 1, 0
0 45 17: 1502, 9, 0
0 45 19: 664, 10, 1
0 45 21: 1502, 9, 3
0 45 22: 1502, 0, 0
0 45 23: 1502, 9, 0
0 45 24: 665, 10, 1
0 45 25: 1502, 9, 3
0 45 26: 1502, 1, 3
0 45 27: 1503, 10, 2
0 45 28: 1502, 1, 0
0 45 29: 1451, 7, 0
0 45 29: 1502, 9, 0
0 45 30: 667, 10, 3
0 45 32: 1450, 7, 3
0 45 32: 1502, 9, 3
0 45 33: 1502, 0, 0
0 45 34: 1502, 0, 0
0 45 35: 1448, 7, 3
0 45 35: 1502, 9, 0
0 45 38: 1450, 7, 3
0 45 38: 1502, 9, 3
0 45 39: 1502, 0, 0
0 45 40: 1502, 0, 0
0 45 41: 1502, 0, 0
0 45 42: 1449, 7, 0
0 45 42: 1502, 9, 0
0 45 43: 665, 10, 1
0 45 44: 1448, 4, 2
0 45 48: 1502, 9, 2
0 45 49: 1502, 0, 2
0 45 50: 1502, 0, 2
0 45 51: 1502, 1, 2
0 45 52: 1503, 10, 2
0 45 53: 1503, 10, 2
0 45 54: 1503, 10, 2
0 45 55: 1503, 10, 2
0 45 56: 1503, 10, 2
0 45 57: 1503, 10, 2
0 45 58: 1503, 10, 2
0 45 59: 1503, 10, 2
0 45 60: 1503, 10, 2
0 45 61: 1503, 10, 2
0 45 62: 1503, 10, 2
0 45 63: 1503, 10, 2
0 46 10: 1503, 10, 2
0 46 11: 1503, 10, 2
0 46 12: 1503, 10, 2
0 46 13: 1503, 10, 2
0 46 14: 1503, 10, 2
0 46 15: 1503, 10, 2
0 46 16: 1503, 10, 2
0 46 17: 1502, 0, 1
0 46 18: 665, 10, 2
0 46 20: 1502, 9, 3
0 46 21: 1502, 1, 3
0 46 22: 1503, 10, 2
0 46 23: 1502, 1, 0
0 46 24: 1502, 0, 0
0 46 25: 1502, 1, 3
0 46 26: 1503, 10, 2
0 46 27: 1503, 10, 2
0 46 28: 1503, 10, 2
0 46 29: 1502, 1, 0
0 46 30: 1502, 0, 0
0 46 31: 1502, 0, 0
0 46 32: 1502, 1, 3
0 46 33: 1503, 10, 2
0 46 34: 1503, 10, 2
0 46 35: 1502, 1, 0
0 46 36: 1502, 0, 0
0 46 37: 1502, 0, 0
0 46 38: 1502, 1, 3
0 46 39: 1503, 10, 2
0 46 40: 1503, 10, 2
0 46 41: 1503, 10, 2
0 46 42: 1502, 1, 0
0 46 43: 1502, 0, 0
0 46 44: 1502, 0, 0
0 46 45: 1502, 9, 0
0 46 47: 664, 10, 1
0 46 50: 665, 10, 3
0 46 51: 1502, 9, 2
0 46 52: 1502, 0, 2
0 46 53: 1502, 1, 2
0 46 54: 1503, 10, 2
0 46 55: 1503, 10, 2
0 46 56: 1503, 10, 2
0 46 57: 1503, 10, 2
0 46 58: 1503, 10, 2
0 46 59: 1503, 10, 2
0 46 60: 1503, 10, 2
0 46 61: 1503, 10, 2
0 46 62: 1503, 10, 2
0 46 63: 1503, 10, 2
0 47 10: 1503, 10, 2
0 47 11: 1503, 10, 2
0 47 12: 1503, 10, 2
0 47 13: 1503, 10, 2
0 47 14: 1503, 10, 2
0 47 15: 1503, 10, 2
0 47 16: 1502, 1, 1
0 47 17: 1502, 9, 1
0 47 19: 665, 10, 0
0 47 20: 1502, 0, 3
0 47 21: 1503, 10, 2
0 47 22: 1503, 10, 2
0 47 23: 1503, 10, 2
0 47 24: 1503, 10, 2
0 47 25: 1503, 10, 2
0 47 26: 1503, 10, 2
0 47 27: 1503, 10, 2
0 47 28: 1503, 10, 2
0 47 29: 1503, 10, 2
0 47 30: 1503, 10, 2
0 47 31: 1503, 10, 2
0 47 32: 1503, 10, 2
0 47 33: 1503, 10, 2
0 47 34: 1503, 10, 2
0 47 35: 1503, 10, 2
0 47 36: 1503, 10, 2
0 47 37: 1503, 10, 2
0 47 38: 1503, 10, 2
0 47 39: 1503, 10, 2
0 47 40: 1503, 10, 2
0 47 41: 1503, 10, 2
0 47 42: 1503, 10, 2
0 47 43: 1503, 10, 2
0 47 44: 1503, 10, 2
0 47 45: 1502, 0, 1
0 47 51: 664, 10, 1
0 47 52: 665, 10, 3
0 47 53: 1502, 9, 2
0 47 54: 1502, 1, 2
0 47 55: 1503, 10, 2
0 47 56: 1502, 1, 1
0 47 57: 1502, 0, 2
0 47 58: 1502, 0, 2
0 47 59: 1502, 1, 2
0 47 60: 1503, 10, 2
0 47 61: 1503, 10, 2
0 47 62: 1503, 10, 2
0 47 63: 1503, 10, 2
0 48 10: 1503, 10, 2
0 48 11: 1503, 10, 2
0 48 12: 1503, 10, 2
0 48 13: 1503, 10, 2
0 48 14: 1503, 10, 2
0 48 15: 1503, 10, 2
0 48 16: 1502, 0, 1
0 48 17: 665, 10, 2
0 48 20: 1502, 9, 2
0 48 21: 1502, 1, 2
0 48 22: 1503, 10, 2
0 48 23: 1503, 10, 2
0 48 24: 1503, 10, 2
0 48 25: 1503, 10, 2
0 48 26: 1503, 10, 2
0 48 27: 1503, 10, 2
0 48 28: 1503, 10, 2
0 48 29: 1503, 10, 2
0 48 30: 1503, 10, 2
0 48 31: 1503, 10, 2
0 48 32: 1503, 10, 2
0 48 33: 1503, 10, 2
0 48 34: 1503, 10, 2
0 48 35: 1503, 10, 2
0 48 36: 1503, 10, 2
0 48 37: 1503, 10, 2
0 48 38: 1503, 10, 2
0 48 39: 1503, 10, 2
0 48 40: 1503, 10, 2
0 48 41: 1503, 10, 2
0 48 42: 1503, 10, 2
0 48 43: 1503, 10, 2
0 48 44: 1503, 10, 2
0 48 45: 1502, 0, 1
0 48 48: 664, 10, 3
0 48 50: 664, 10, 2
0 48 54: 1502, 9, 2
0 48 55: 1502, 0, 2
0 48 56: 1502, 9, 1
0 48 57: 665, 10, 3
0 48 59: 1502, 9, 2
0 48 60: 1502, 1, 2
0 48 61: 1503, 10, 2
0 48 62: 1503, 10, 2
0 48 63: 1503, 10, 2
0 49 10: 1503, 10, 2
0 49 11: 1503, 10, 2
0 49 12: 1503, 10, 2
0 49 13: 1503, 10, 2
0 49 14: 1503, 10, 2
0 49 15: 1503, 10, 2
0 49 16: 1502, 0, 1
0 49 17: 665, 10, 2
0 49 19: 664, 10, 3
0 49 21: 1502, 9, 2
0 49 22: 1502, 0, 2
0 49 23: 1502, 1, 2
0 49 24: 1503, 10, 2
0 49 25: 1503, 10, 2
0 49 26: 1503, 10, 2
0 49 27: 1503, 10, 2
0 49 28: 1503, 10, 2
0 49 29: 1503, 10, 2
0 49 30: 1503, 10, 2
0 49 31: 1503, 10, 2
0 49 32: 1503, 10, 2
0 49 33: 1503, 10, 2
0 49 34: 1503, 10, 2
0 49 35: 1503, 10, 2
0 49 36: 1503, 10, 2
0 49 37: 1503, 10, 2
0 49 38: 1503, 10, 2
0 49 39: 1503, 10, 2
0 49 40: 1503, 10, 2
0 49 41: 1503, 10, 2
0 49 42: 1503, 10, 2
0 49 43: 1503, 10, 2
0 49 44: 1503, 10, 2
0 49 45: 1502, 1, 0
0 49 46: 1502, 9, 0
0 49 47: 665, 10, 1
0 49 53: 664, 10, 3
0 49 57: 664, 10, 0
0 49 59: 665, 10, 0
0 49 60: 1502, 0, 3
0 49 61: 1503, 10, 2
0 49 62: 1503, 10, 2
0 49 63: 1503, 10, 2
0 50 10: 1503, 10, 2
0 50 11: 1503, 10, 2
0 50 12: 1503, 10, 2
0 50 13: 1503, 10, 2
0 50 14: 1503, 10, 2
0 50 15: 1503, 10, 2
0 50 16: 1502, 1, 0
0 50 17: 1502, 9, 0
0 50 20: 665, 10, 0
0 50 22: 665, 10, 3
0 50 23: 1502, 9, 2
0 50 24: 1502, 1, 2
0 50 25: 1503, 10, 2
0 50 26: 1503, 10, 2
0 50 27: 1503, 10, 2
0 50 28: 1503, 10, 2
0 50 29: 1503, 10, 2
0 50 30: 1503, 10, 2
0 50 31: 1503, 10, 2
0 50 32: 1503, 10, 2
0 50 33: 1503, 10, 2
0 50 34: 1503, 10, 2
0 50 35: 1503, 10, 2
0 50 36: 1503, 10, 2
0 50 37: 1503, 10, 2
0 50 38: 1503, 10, 2
0 50 39: 1503, 10, 2
0 50 40: 1503, 10, 2
0 50 41: 1503, 10, 2
0 50 42: 1503, 10, 2
0 50 43: 1503, 10, 2
0 50 44: 1503, 10, 2
0 50 45: 1503, 10, 2
0 50 46: 1502, 1, 0
0 50 47: 1502, 0, 0
0 50 48: 1502, 9, 0
0 50 49: 665, 10, 1
0 50 50: 1502, 9, 3
0 50 51: 1502, 0, 0
0 50 52: 1502, 9, 0
0 50 57: 664, 10, 3
0 50 59: 1502, 9, 3
0 50 60: 1502, 1, 3
0 50 61: 1503, 10, 2
0 50 62: 1503, 10, 2
0 50 63: 1503, 10, 2
0 51 10: 1503, 10, 2
0 51 11: 1503, 10, 2
0 51 12: 1503, 10, 2
0 51 13: 1503, 10, 2
0 51 14: 1503, 10, 2
0 51 15: 1503, 10, 2
0 51 16: 1503, 10, 2
0 51 17: 1502, 1, 0
0 51 18: 1502, 9, 0
0 51 21: 664, 10, 3
0 51 22: 664, 10, 2
0 51 23: 665, 10, 0
0 51 24: 1502, 0, 3
0 51 25: 1503, 10, 2
0 51 26: 1503, 10, 2
0 51 27: 1503, 10, 2
0 51 28: 1503, 10, 2
0 51 29: 1503, 10, 2
0 51 30: 1503, 10, 2
0 51 31: 1503, 10, 2
0 51 32: 1503, 10, 2
0 51 33: 1503, 10, 2
0 51 34: 1503, 10, 2
0 51 35: 1503, 10, 2
0 51 36: 1503, 10, 2
0 51 37: 1503, 10, 2
0 51 38: 1503, 10, 2
0 51 39: 1503, 10, 2
0 51 40: 1503, 10, 2
0 51 41: 1503, 10, 2
0 51 42: 1503, 10, 2
0 51 43: 1503, 10, 2
0 51 44: 1503, 10, 2
0 51 45: 1503, 10, 2
0 51 46: 1503, 10, 2
0 51 47: 1503, 10, 2
0 51 48: 1502, 1, 0
0 51 49: 1502, 0, 0
0 51 50: 1502, 1, 3
0 51 51: 1503, 10, 2
0 51 52: 1502, 1, 0
0 51 53: 1502, 9, 0
0 51 54: 665, 10, 1
0 51 56: 664, 10, 1
0 51 57: 664, 10, 2
0 51 58: 665, 10, 0
0 51 59: 1502, 0, 3
0 51 60: 1503, 10, 2
0 51 61: 1503, 10, 2
0 51 62: 1503, 10, 2
0 51 63: 1503, 10, 2
0 52 10: 1503, 10, 2
0 52 11: 1503, 10, 2
0 52 12: 1503, 10, 2
0 52 13: 1503, 10, 2
0 52 14: 1503, 10, 2
0 52 15: 1503, 10, 2
0 52 16: 1503, 10, 2
0 52 17: 1503, 10, 2
0 52 18: 1502, 1, 0
0 52 19: 1502, 9, 0
0 52 24: 1502, 0, 3
0 52 25: 1503, 10, 2
0 52 26: 1503, 10, 2
0 52 27: 1503, 10, 2
0 52 28: 1503, 10, 2
0 52 29: 1503, 10, 2
0 52 30: 1503, 10, 2
0 52 31: 1503, 10, 2
0 52 32: 1503, 10, 2
0 52 33: 1503, 10, 2
0 52 34: 1503, 10, 2
0 52 35: 1503, 10, 2
0 52 36: 1503, 10, 2
0 52 37: 1503, 10, 2
0 52 38: 1503, 10, 2
0 52 39: 1503, 10, 2
0 52 40: 1503, 10, 2
0 52 41: 1503, 10, 2
0 52 42: 1503, 10, 2
0 52 43: 1503, 10, 2
0 52 44: 1503, 10, 2
0 52 45: 1503, 10, 2
0 52 46: 1503, 10, 2
0 52 47: 1503, 10, 2
0 52 48: 1503, 10, 2
0 52 49: 1503, 10, 2
0 52 50: 1503, 10, 2
0 52 51: 1503, 10, 2
0 52 52: 1503, 10, 2
0 52 53: 1502, 1, 0
0 52 54: 1502, 0, 0
0 52 55: 1502, 9, 0
0 52 56: 665, 10, 1
0 52 57: 665, 10, 1
0 52 58: 1502, 9, 3
0 52 59: 1502, 1, 3
0 52 60: 1503, 10, 2
0 52 61: 1503, 10, 2
0 52 62: 1503, 10, 2
0 52 63: 1503, 10, 2
0 53 10: 1503, 10, 2
0 53 11: 1503, 10, 2
0 53 12: 1503, 10, 2
0 53 13: 1503, 10, 2
0 53 14: 1503, 10, 2
0 53 15: 1503, 10, 2
0 53 16: 1503, 10, 2
0 53 17: 1503, 10, 2
0 53 18: 1503, 10, 2
0 53 19: 1502, 0, 1
0 53 20: 665, 10, 2
0 53 21: 664, 10, 0
0 53 23: 1502, 9, 3
0 53 24: 1502, 1, 3
0 53 25: 1503, 10, 2
0 53 26: 1503, 10, 2
0 53 27: 1503, 10, 2
0 53 28: 1503, 10, 2
0 53 29: 1503, 10, 2
0 53 30: 1503, 10, 2
0 53 31: 1503, 10, 2
0 53 32: 1503, 10, 2
0 53 33: 1503, 10, 2
0 53 34: 1503, 10, 2
0 53 35: 1503, 10, 2
0 53 36: 1503, 10, 2
0 53 37: 1503, 10, 2
0 53 38: 1503, 10, 2
0 53 39: 1503, 10, 2
0 53 40: 1503, 10, 2
0 53 41: 1503, 10, 2
0 53 42: 1503, 10, 2
0 53 43: 1503, 10, 2
0 53 44: 1503, 10, 2
0 53 45: 1503, 10, 2
0 53 46: 1503, 10, 2
0 53 47: 1503, 10, 2
0 53 48: 1503, 10, 2
0 53 49: 1503, 10, 2
0 53 50: 1503, 10, 2
0 53 51: 1503, 10, 2
0 53 52: 1503, 10, 2
0 53 53: 1503, 10, 2
0 53 54: 1503, 10, 2
0 53 55: 1502, 1, 0
0 53 56: 1502, 0, 0
0 53 57: 1502, 0, 0
0 53 58: 1502, 1, 3
0 53 59: 1503, 10, 2
0 53 60: 1503, 10, 2
0 53 61: 1503, 10, 2
0 53 62: 1503, 10, 2
0 53 63: 1503, 10, 2
0 54 10: 1503, 10, 2
0 54 11: 1503, 10, 2
0 54 12: 1503, 10, 2
0 54 13: 1503, 10, 2
0 54 14: 1503, 10, 2
0 54 15: 1503, 10, 2
0 54 16: 1503, 10, 2
0 54 17: 1503, 10, 2
0 54 18: 1503, 10, 2
0 54 19: 1502, 0, 1
0 54 20: 665, 10, 2
0 54 21: 664, 10, 0
0 54 22: 665, 10, 0
0 54 23: 1502, 0, 3
0 54 24: 1503, 10, 2
0 54 25: 1503, 10, 2
0 54 26: 1503, 10, 2
0 54 27: 1503, 10, 2
0 54 28: 1503, 10, 2
0 54 29: 1503, 10, 2
0 54 30: 1503, 10, 2
0 54 31: 1503, 10, 2
0 54 32: 1503, 10, 2
0 54 33: 1503, 10, 2
0 54 34: 1503, 10, 2
0 54 35: 1503, 10, 2
0 54 36: 1503, 10, 2
0 54 37: 1503, 10, 2
0 54 38: 1503, 10, 2
0 54 39: 1503, 10, 2
0 54 40: 1503, 10, 2
0 54 41: 1503, 10, 2
0 54 42: 1503, 10, 2
0 54 43: 1503, 10, 2
0 54 44: 1503, 10, 2
0 54 45: 1503, 10, 2
0 54 46: 1503, 10, 2
0 54 47: 1503, 10, 2
0 54 48: 1503, 10, 2
0 54 49: 1503, 10, 2
0 54 50: 1503, 10, 2
0 54 51: 1503, 10, 2
0 54 52: 1503, 10, 2
0 54 53: 1503, 10, 2
0 54 54: 1503, 10, 2
0 54 55: 1503, 10, 2
0 54 56: 1503, 10, 2
0 54 57: 1503, 10, 2
0 54 58: 1503, 10, 2
0 54 59: 1503, 10, 2
0 54 60: 1503, 10, 2
0 54 61: 1503, 10, 2
0 54 62: 1503, 10, 2
0 54 63: 1503, 10, 2
0 55 10: 1503, 10, 2
0 55 11: 1503, 10, 2
0 55 12: 1503, 10, 2
0 55 13: 1503, 10, 2
0 55 14: 1503, 10, 2
0 55 15: 1503, 10, 2
0 55 16: 1503, 10, 2
0 55 17: 1503, 10, 2
0 55 18: 1503, 10, 2
0 55 19: 1502, 1, 0
0 55 20: 1502, 9, 0
0 55 21: 665, 10, 1
0 55 22: 1502, 9, 3
0 55 23: 1502, 1, 3
0 55 24: 1503, 10, 2
0 55 25: 1503, 10, 2
0 55 26: 1503, 10, 2
0 55 27: 1503, 10, 2
0 55 28: 1503, 10, 2
0 55 29: 1503, 10, 2
0 55 30: 1503, 10, 2
0 55 31: 1503, 10, 2
0 55 32: 1503, 10, 2
0 55 33: 1503, 10, 2
0 55 34: 1503, 10, 2
0 55 35: 1503, 10, 2
0 55 36: 1503, 10, 2
0 55 37: 1503, 10, 2
0 55 38: 1503, 10, 2
0 55 39: 1503, 10, 2
0 55 40: 1503, 10, 2
0 55 41: 1503, 10, 2
0 55 42: 1503, 10, 2
0 55 43: 1503, 10, 2
0 55 44: 1503, 10, 2
0 55 45: 1503, 10, 2
0 55 46: 1503, 10, 2
0 55 47: 1503, 10, 2
0 55 48: 1503, 10, 2
0 55 49: 1503, 10, 2
0 55 50: 1503, 10, 2
0 55 51: 1503, 10, 2
0 55 52: 1503, 10, 2
0 55 53: 1503, 10, 2
0 55 54: 1503, 10, 2
0 55 55: 1503, 10, 2
0 55 56: 1503, 10, 2
0 55 57: 1503, 10, 2
0 55 58: 1503, 10, 2
0 55 59: 1503, 10, 2
0 55 60: 1503, 10, 2
0 55 61: 1503, 10, 2
0 55 62: 1503, 10, 2
0 55 63: 1503, 10, 2
0 56 10: 1503, 10, 2
0 56 11: 1503, 10, 2
0 56 12: 1503, 10, 2
0 56 13: 1503, 10, 2
0 56 14: 1503, 10, 2
0 56 15: 1503, 10, 2
0 56 16: 1503, 10, 2
0 56 17: 1503, 10, 2
0 56 18: 1503, 10, 2
0 56 19: 1503, 10, 2
0 56 20: 1502, 1, 0
0 56 21: 1502, 0, 0
0 56 22: 1502, 1, 3
0 56 23: 1503, 10, 2
0 56 24: 1503, 10, 2
0 56 25: 1503, 10, 2
0 56 26: 1503, 10, 2
0 56 27: 1503, 10, 2
0 56 28: 1503, 10, 2
0 56 29: 1503, 10, 2
0 56 30: 1503, 10, 2
0 56 31: 1503, 10, 2
0 56 32: 1503, 10, 2
0 56 33: 1503, 10, 2
0 56 34: 1503, 10, 2
0 56 35: 1503, 10, 2
0 56 36: 1503, 10, 2
0 56 37: 1503, 10, 2
0 56 38: 1503, 10, 2
0 56 39: 1503, 10, 2
0 56 40: 1503, 10, 2
0 56 41: 1503, 10, 2
0 56 42: 1503, 10, 2
0 56 43: 1503, 10, 2
0 56 44: 1503, 10, 2
0 56 45: 1503, 10, 2
0 56 46: 1503, 10, 2
0 56 47: 1503, 10, 2
0 56 48: 1503, 10, 2
0 56 49: 1503, 10, 2
0 56 50: 1503, 10, 2
0 56 51: 1503, 10, 2
0 56 52: 1503, 10, 2
0 56 53: 1503, 10, 2
0 56 54: 1503, 10, 2
0 56 55: 1503, 10, 2
0 56 56: 1503, 10, 2
0 56 57: 1503, 10, 2
0 56 58: 1503, 10, 2
0 56 59: 1503, 10, 2
0 56 60: 1503, 10, 2
0 56 61: 1503, 10, 2
0 56 62: 1503, 10, 2
0 56 63: 1503, 10, 2
0 57 10: 1503, 10, 2
0 57 11: 1503, 10, 2
0 57 12: 1503, 10, 2
0 57 13: 1503, 10, 2
0 57 14: 1503, 10, 2
0 57 15: 1503, 10, 2
0 57 16: 1503, 10, 2
0 57 17: 1503, 10, 2
0 57 18: 1503, 10, 2
0 57 19: 1503, 10, 2
0 57 20: 1503, 10, 2
0 57 21: 1503, 10, 2
0 57 22: 1503, 10, 2
0 57 23: 1503, 10, 2
0 57 24: 1503, 10, 2
0 57 25: 1503, 10, 2
0 57 26: 1503, 10, 2
0 57 27: 1503, 10, 2
0 57 28: 1503, 10, 2
0 57 29: 1503, 10, 2
0 57 30: 1503, 10, 2
0 57 31: 1503, 10, 2
0 57 32: 1503, 10, 2
0 57 33: 1503, 10, 2
0 57 34: 1503, 10, 2
0 57 35: 1503, 10, 2
0 57 36: 1503, 10, 2
0 57 37: 1503, 10, 2
0 57 38: 1503, 10, 2
0 57 39: 1503, 10, 2
0 57 40: 1503, 10, 2
0 57 41: 1503, 10, 2
0 57 42: 1503, 10, 2
0 57 43: 1503, 10, 2
0 57 44: 1503, 10, 2
0 57 45: 1503, 10, 2
0 57 46: 1503, 10, 2
0 57 47: 1503, 10, 2
0 57 48: 1503, 10, 2
0 57 49: 1503, 10, 2
0 57 50: 1503, 10, 2
0 57 51: 1503, 10, 2
0 57 52: 1503, 10, 2
0 57 53: 1503, 10, 2
0 57 54: 1503, 10, 2
0 57 55: 1503, 10, 2
0 57 56: 1503, 10, 2
0 57 57: 1503, 10, 2
0 57 58: 1503, 10, 2
0 57 59: 1503, 10, 2
0 57 60: 1503, 10, 2
0 57 61: 1503, 10, 2
0 57 62: 1503, 10, 2
0 57 63: 1503, 10, 2
0 58 10: 1503, 10, 2
0 58 11: 1503, 10, 2
0 58 12: 1503, 10, 2
0 58 13: 1503, 10, 2
0 58 14: 1503, 10, 2
0 58 15: 1503, 10, 2
0 58 16: 1503, 10, 2
0 58 17: 1503, 10, 2
0 58 18: 1503, 10, 2
0 58 19: 1503, 10, 2
0 58 20: 1503, 10, 2
0 58 21: 1503, 10, 2
0 58 22: 1503, 10, 2
0 58 23: 1503, 10, 2
0 58 24: 1503, 10, 2
0 58 25: 1503, 10, 2
0 58 26: 1503, 10, 2
0 58 27: 1503, 10, 2
0 58 28: 1503, 10, 2
0 58 29: 1503, 10, 2
0 58 30: 1503, 10, 2
0 58 31: 1503, 10, 2
0 58 32: 1503, 10, 2
0 58 33: 1503, 10, 2
0 58 34: 1503, 10, 2
0 58 35: 1503, 10, 2
0 58 36: 1503, 10, 2
0 58 37: 1503, 10, 2
0 58 38: 1503, 10, 2
0 58 39: 1503, 10, 2
0 58 40: 1503, 10, 2
0 58 41: 1503, 10, 2
0 58 42: 1503, 10, 2
0 58 43: 1503, 10, 2
0 58 44: 1503, 10, 2
0 58 45: 1503, 10, 2
0 58 46: 1503, 10, 2
0 58 47: 1503, 10, 2
0 58 48: 1503, 10, 2
0 58 49: 1503, 10, 2
0 58 50: 1503, 10, 2
0 58 51: 1503, 10, 2
0 58 52: 1503, 10, 2
0 58 53: 1503, 10, 2
0 58 54: 1503, 10, 2
0 58 55: 1503, 10, 2
0 58 56: 1503, 10, 2
0 58 57: 1503, 10, 2
0 58 58: 1503, 10, 2
0 58 59: 1503, 10, 2
0 58 60: 1503, 10, 2
0 58 61: 1503, 10, 2
0 58 62: 1503, 10, 2
0 58 63: 1503, 10, 2
