1 52 52: 1434, 10, 0
1 52 53: 1434, 10, 0
1 52 54: 1434, 10, 0
1 52 55: 1434, 10, 0
1 52 56: 1434, 10, 0
1 52 57: 1434, 10, 0
1 52 58: 1434, 10, 0
1 52 59: 1434, 10, 0
1 52 60: 1434, 10, 0
1 52 61: 1434, 10, 0
1 52 62: 1434, 10, 0
1 52 63: 1434, 10, 0
1 53 52: 1434, 10, 0
1 53 53: 1434, 10, 0
1 53 54: 1434, 10, 0
1 53 55: 1434, 10, 0
1 53 56: 1434, 10, 0
1 53 57: 1434, 10, 0
1 53 58: 1434, 10, 0
1 53 59: 1434, 10, 0
1 53 60: 1434, 10, 0
1 53 61: 1434, 10, 0
1 53 62: 1434, 10, 0
1 53 63: 1434, 10, 0
1 54 52: 1434, 10, 0
1 54 53: 1434, 10, 0
1 54 54: 1434, 10, 0
1 54 55: 1434, 10, 0
1 54 56: 1434, 10, 0
1 54 57: 1434, 10, 0
1 54 58: 1434, 10, 0
1 54 59: 1434, 10, 0
1 54 60: 1434, 10, 0
1 54 61: 1434, 10, 0
1 54 62: 1434, 10, 0
1 54 63: 1434, 10, 0
1 55 52: 1434, 10, 0
1 55 53: 1434, 10, 0
1 55 54: 1434, 10, 0
1 55 55: 1434, 10, 0
1 55 56: 1434, 10, 0
1 55 57: 1434, 10, 0
1 55 58: 1434, 10, 0
1 55 59: 1434, 10, 0
1 55 60: 1434, 10, 0
1 55 61: 1434, 10, 0
1 55 62: 1434, 10, 0
1 55 63: 1434, 10, 0
1 56 52: 1434, 10, 0
1 56 53: 1434, 10, 0
1 56 54: 1434, 10, 0
1 56 55: 1434, 10, 0
1 56 56: 1434, 10, 0
1 56 57: 1434, 10, 0
1 56 58: 1434, 10, 0
1 56 59: 1434, 10, 0
1 56 60: 1434, 10, 0
1 56 61: 1434, 10, 0
1 56 62: 1434, 10, 0
1 56 63: 1434, 10, 0
1 57 52: 1434, 10, 0
1 57 53: 1434, 10, 0
1 57 54: 1434, 10, 0
1 57 55: 1434, 10, 0
1 57 56: 1434, 10, 0
1 57 57: 1434, 10, 0
1 57 58: 1434, 10, 0
1 57 59: 1434, 10, 0
1 57 60: 1434, 10, 0
1 57 61: 1434, 10, 0
1 57 62: 1434, 10, 0
1 57 63: 1434, 10, 0
1 58 52: 1434, 10, 0
1 58 53: 1434, 10, 0
1 58 54: 1434, 10, 0
1 58 55: 1434, 10, 0
1 58 56: 1434, 10, 0
1 58 57: 1434, 10, 0
1 58 58: 1434, 10, 0
1 58 59: 1434, 10, 0
1 58 60: 1434, 10, 0
1 58 61: 1434, 10, 0
1 58 62: 1434, 10, 0
1 58 63: 1434, 10, 0
1 59 52: 1434, 10, 0
1 59 53: 1434, 10, 0
1 59 54: 1434, 10, 0
1 59 55: 1434, 10, 0
1 59 56: 1434, 10, 0
1 59 57: 1434, 10, 0
1 59 58: 1434, 10, 0
1 59 59: 1434, 10, 0
1 59 60: 1434, 10, 0
1 59 61: 1434, 10, 0
1 59 62: 1434, 10, 0
1 59 63: 1434, 10, 0
1 60 52: 1434, 10, 0
1 60 53: 1434, 10, 0
1 60 54: 1434, 10, 0
1 60 55: 1434, 10, 0
1 60 56: 1434, 10, 0
1 60 57: 1434, 10, 0
1 60 58: 1434, 10, 0
1 60 59: 1434, 10, 0
1 60 60: 1434, 10, 0
1 60 61: 1434, 10, 0
1 60 62: 1434, 10, 0
1 60 63: 1434, 10, 0
1 61 52: 1434, 10, 0
1 61 53: 1434, 10, 0
1 61 54: 1434, 10, 0
1 61 55: 1434, 10, 0
1 61 56: 1434, 10, 0
1 61 57: 1434, 10, 0
1 61 58: 1434, 10, 0
1 61 59: 1434, 10, 0
1 61 60: 1434, 10, 0
1 61 61: 1434, 10, 0
1 61 62: 1434, 10, 0
1 61 63: 1434, 10, 0
1 62 52: 1434, 10, 0
1 62 53: 1434, 10, 0
1 62 54: 1434, 10, 0
1 62 55: 1434, 10, 0
1 62 56: 1434, 10, 0
1 62 57: 1434, 10, 0
1 62 58: 1434, 10, 0
1 62 59: 1434, 10, 0
1 62 60: 1434, 10, 0
1 62 61: 1434, 10, 0
1 62 62: 1434, 10, 0
1 62 63: 1434, 10, 0
1 63 52: 1434, 10, 0
1 63 53: 1434, 10, 0
1 63 54: 1434, 10, 0
1 63 55: 1434, 10, 0
1 63 56: 1434, 10, 0
1 63 57: 1434, 10, 0
1 63 58: 1434, 10, 0
1 63 59: 1434, 10, 0
1 63 60: 1434, 10, 0
1 63 61: 1434, 10, 0
1 63 62: 1434, 10, 0
1 63 63: 1434, 10, 0
