0 56 54: 1276, 10, 3
0 56 55: 1246, 22, 1
0 57 54: 1247, 22, 2
0 57 55: 1247, 22, 1
0 57 60: 1247, 22, 0
0 57 60: 1276, 10, 0
0 57 61: 1247, 22, 1
0 58 60: 1247, 22, 2
0 58 61: 1246, 22, 2
0 59 59: 1276, 10, 1
0 60 51: 1276, 10, 2
0 60 52: 1247, 22, 3
0 60 59: 1246, 22, 0
0 60 60: 1247, 22, 3
0 61 29: 1982, 0, 2
0 61 30: 1982, 0, 2
0 61 31: 1982, 0, 2
0 61 32: 1982, 0, 2
0 61 33: 1982, 0, 2
0 61 34: 1982, 0, 2
0 61 35: 1982, 0, 2
0 61 36: 1982, 0, 2
0 61 37: 1982, 0, 2
0 61 38: 1982, 0, 2
0 61 39: 1982, 0, 2
0 61 40: 1982, 0, 2
0 61 41: 1982, 0, 2
0 61 42: 1982, 0, 2
0 61 43: 1982, 0, 2
0 61 44: 1982, 0, 2
0 61 51: 1247, 22, 0
0 61 52: 1246, 22, 0
0 62 25: 1982, 0, 2
0 62 26: 1982, 0, 2
0 62 27: 1982, 0, 2
0 62 28: 1982, 9, 1
0 62 45: 1982, 9, 2
0 62 47: 1276, 10, 1
0 62 48: 1246, 22, 3
0 62 58: 1276, 10, 2
0 62 59: 1247, 22, 2
0 62 61: 1246, 22, 3
0 62 61: 1276, 10, 3
0 62 62: 1247, 22, 3
0 63 46: 1982, 9, 2
0 63 47: 1247, 22, 2
0 63 47: 1982, 0, 2
0 63 48: 1247, 22, 1
0 63 48: 1982, 0, 2
0 63 49: 1982, 0, 2
0 63 50: 1982, 0, 2
0 63 51: 1982, 0, 2
0 63 52: 1982, 0, 2
0 63 53: 1982, 0, 2
0 63 54: 1982, 0, 2
0 63 55: 1982, 0, 2
0 63 56: 1982, 0, 2
0 63 57: 1982, 0, 2
0 63 58: 1247, 22, 0
0 63 58: 1982, 0, 2
0 63 59: 1982, 0, 2
0 63 60: 1982, 0, 2
0 63 61: 1247, 22, 1
0 63 61: 1982, 0, 2
0 63 62: 1247, 22, 3
0 63 62: 1982, 0, 2
0 63 63: 1982, 0, 2
