0 0 5: 1468, 10, 2
0 0 6: 1459, 1, 1
0 0 7: 1459, 0, 2
0 0 8: 1459, 0, 2
0 0 9: 1459, 0, 2
0 0 10: 1459, 1, 2
0 0 11: 1468, 10, 3
0 0 25: 1468, 10, 2
0 0 26: 1459, 1, 1
0 0 27: 1459, 0, 2
0 0 28: 1459, 0, 2
0 0 29: 1459, 0, 2
0 0 30: 1459, 0, 2
0 0 31: 1459, 0, 2
0 0 32: 1459, 0, 2
0 0 33: 1459, 1, 2
0 0 34: 1468, 10, 3
0 0 57: 1468, 10, 2
0 0 58: 1459, 1, 1
0 0 59: 3223, 10, 2
0 0 60: 1459, 1, 2
0 0 61: 1468, 10, 3
0 1 0: 1459, 1, 2
0 1 1: 1468, 10, 3
0 1 4: 1468, 10, 2
0 1 5: 1459, 1, 1
0 1 6: 1459, 9, 1
0 1 8: 185, 22, 3
0 1 9: 185, 22, 3
0 1 10: 1459, 9, 2
0 1 11: 1459, 1, 2
0 1 12: 1468, 10, 3
0 1 20: 1468, 10, 2
0 1 21: 1459, 1, 1
0 1 22: 1459, 0, 2
0 1 23: 1459, 0, 2
0 1 24: 1459, 0, 2
0 1 25: 1459, 0, 2
0 1 26: 1459, 9, 1
0 1 28: 185, 22, 1
0 1 29: 550, 10, 1
0 1 33: 1459, 9, 2
0 1 34: 1459, 1, 2
0 1 35: 1468, 10, 3
0 1 57: 1460, 10, 2
0 1 58: 1459, 0, 1
0 1 60: 1459, 9, 2
0 1 61: 1459, 1, 2
0 2 0: 1459, 9, 2
0 2 1: 1459, 0, 2
0 2 2: 1459, 0, 2
0 2 3: 1459, 0, 2
0 2 4: 1459, 0, 2
0 2 5: 1459, 9, 1
0 2 6: 185, 22, 1
0 2 8: 184, 22, 0
0 2 11: 1459, 9, 2
0 2 12: 1459, 1, 2
0 2 13: 1468, 10, 3
0 2 20: 1459, 1, 1
0 2 21: 1459, 9, 1
0 2 22: 550, 10, 2
0 2 32: 184, 22, 0
0 2 34: 1459, 9, 2
0 2 35: 1459, 1, 2
0 2 36: 1468, 10, 3
0 2 51: 1468, 10, 2
0 2 52: 1459, 1, 1
0 2 53: 1459, 0, 2
0 2 54: 1459, 0, 2
0 2 55: 1459, 0, 2
0 2 56: 1459, 1, 2
0 2 57: 1460, 10, 3
0 2 58: 1459, 0, 1
0 2 59: 185, 22, 2
0 2 61: 1459, 0, 3
0 3 6: 185, 22, 1
0 3 7: 185, 22, 2
0 3 8: 185, 22, 2
0 3 9: 185, 22, 3
0 3 10: 185, 22, 3
0 3 12: 1459, 9, 2
0 3 13: 1459, 0, 2
0 3 14: 1459, 0, 2
0 3 15: 1459, 1, 2
0 3 16: 1468, 10, 3
0 3 19: 1468, 10, 2
0 3 20: 1459, 0, 1
0 3 25: 551, 10, 3
0 3 27: 185, 22, 0
0 3 28: 186, 22, 0
0 3 29: 185, 22, 2
0 3 30: 185, 22, 3
0 3 32: 551, 10, 0
0 3 34: 185, 22, 3
0 3 35: 1459, 9, 2
0 3 36: 1459, 0, 2
0 3 37: 1459, 0, 2
0 3 38: 1459, 0, 2
0 3 39: 1459, 0, 2
0 3 40: 1459, 1, 2
0 3 41: 1468, 10, 3
0 3 49: 1468, 10, 2
0 3 50: 1459, 1, 1
0 3 51: 1459, 0, 2
0 3 52: 1459, 9, 1
0 3 53: 184, 22, 1
0 3 56: 1459, 9, 2
0 3 57: 1459, 1, 2
0 3 58: 1459, 0, 1
0 3 60: 185, 22, 3
0 3 61: 1459, 0, 3
0 4 2: 185, 22, 0
0 4 4: 185, 22, 0
0 4 5: 185, 22, 1
0 4 6: 185, 22, 1
0 4 7: 550, 10, 1
0 4 9: 185, 22, 1
0 4 10: 186, 22, 1
0 4 11: 184, 22, 1
0 4 13: 185, 22, 3
0 4 14: 185, 22, 0
0 4 15: 1459, 9, 2
0 4 16: 1459, 0, 2
0 4 17: 1459, 1, 2
0 4 18: 1460, 10, 3
0 4 19: 1459, 1, 1
0 4 20: 1459, 9, 1
0 4 23: 185, 22, 2
0 4 24: 186, 22, 1
0 4 27: 185, 22, 0
0 4 29: 184, 22, 3
0 4 31: 185, 22, 0
0 4 35: 185, 22, 0
0 4 36: 185, 22, 0
0 4 40: 1459, 9, 2
0 4 41: 1459, 1, 2
0 4 42: 1468, 10, 3
0 4 49: 1459, 1, 1
0 4 50: 1459, 9, 1
0 4 51: 185, 22, 0
0 4 53: 185, 22, 3
0 4 55: 185, 22, 2
0 4 56: 184, 22, 2
0 4 57: 1459, 9, 2
0 4 58: 1459, 9, 1
0 4 59: 185, 22, 0
0 4 60: 1459, 9, 3
0 4 61: 1459, 1, 3
0 5 1: 185, 22, 2
0 5 3: 185, 22, 0
0 5 4: 185, 22, 0
0 5 5: 184, 22, 3
0 5 10: 185, 22, 1
0 5 11: 185, 22, 2
0 5 16: 185, 22, 1
0 5 17: 1459, 9, 2
0 5 18: 1459, 0, 2
0 5 19: 1459, 9, 1
0 5 20: 185, 22, 3
0 5 22: 185, 22, 0
0 5 24: 184, 22, 1
0 5 26: 185, 22, 3
0 5 30: 185, 22, 3
0 5 32: 184, 22, 1
0 5 33: 185, 22, 1
0 5 34: 186, 22, 1
0 5 38: 185, 22, 3
0 5 41: 1459, 9, 2
0 5 42: 1459, 1, 2
0 5 49: 1459, 1, 0
0 5 50: 1459, 9, 0
0 5 53: 185, 22, 1
0 5 54: 186, 22, 0
0 5 58: 185, 22, 3
0 5 60: 1459, 0, 3
0 5 61: 1468, 10, 0
0 6 4: 185, 22, 2
0 6 6: 185, 22, 1
0 6 7: 185, 22, 2
0 6 9: 551, 10, 3
0 6 16: 185, 22, 1
0 6 20: 185, 22, 2
0 6 21: 185, 22, 0
0 6 23: 185, 22, 0
0 6 24: 185, 22, 1
0 6 25: 185, 22, 2
0 6 27: 541, 10, 2
0 6 28: 542, 10, 3
0 6 30: 185, 22, 2
0 6 31: 186, 22, 1
0 6 33: 185, 22, 3
0 6 34: 185, 22, 3
0 6 36: 185, 22, 1
0 6 37: 185, 22, 2
0 6 39: 185, 22, 2
0 6 40: 185, 22, 3
0 6 42: 1459, 0, 3
0 6 48: 1468, 10, 2
0 6 49: 1460, 10, 3
0 6 50: 1459, 0, 1
0 6 52: 184, 22, 0
0 6 53: 1459, 9, 3
0 6 54: 1459, 0, 0
0 6 55: 1459, 0, 0
0 6 56: 1459, 0, 0
0 6 57: 1459, 9, 0
0 6 60: 1459, 0, 3
0 7 4: 185, 22, 1
0 7 5: 186, 22, 0
0 7 6: 185, 22, 1
0 7 7: 184, 22, 2
0 7 12: 185, 22, 0
0 7 13: 185, 22, 3
0 7 14: 185, 22, 3
0 7 15: 185, 22, 2
0 7 16: 185, 22, 1
0 7 22: 185, 22, 1
0 7 24: 185, 22, 1
0 7 27: 542, 10, 2
0 7 30: 185, 22, 2
0 7 31: 185, 22, 1
0 7 32: 185, 22, 0
0 7 33: 185, 22, 0
0 7 37: 185, 22, 1
0 7 39: 185, 22, 2
0 7 40: 550, 10, 2
0 7 42: 1459, 0, 3
0 7 43: 1468, 10, 3
0 7 47: 1468, 10, 2
0 7 48: 1459, 1, 1
0 7 49: 1459, 0, 2
0 7 50: 1459, 9, 1
0 7 51: 185, 22, 2
0 7 53: 1459, 0, 3
0 7 54: 1460, 10, 3
0 7 55: 1460, 10, 3
0 7 56: 1460, 10, 3
0 7 57: 1459, 1, 0
0 7 58: 1459, 9, 0
0 7 59: 1459, 9, 3
0 7 60: 1459, 1, 3
0 8 2: 185, 22, 2
0 8 3: 185, 22, 1
0 8 4: 185, 22, 1
0 8 6: 185, 22, 0
0 8 7: 185, 22, 3
0 8 8: 185, 22, 3
0 8 11: 185, 22, 0
0 8 13: 186, 22, 2
0 8 15: 184, 22, 2
0 8 26: 185, 22, 0
0 8 28: 185, 22, 3
0 8 29: 185, 22, 2
0 8 37: 185, 22, 1
0 8 42: 1459, 9, 2
0 8 43: 1459, 0, 2
0 8 44: 1459, 1, 2
0 8 45: 1468, 10, 3
0 8 46: 1468, 10, 2
0 8 47: 1459, 1, 1
0 8 48: 1459, 9, 1
0 8 52: 185, 22, 1
0 8 53: 1459, 9, 2
0 8 54: 1459, 0, 2
0 8 55: 1459, 0, 2
0 8 56: 1459, 1, 2
0 8 57: 1460, 10, 3
0 8 58: 1459, 1, 0
0 8 59: 1459, 1, 3
0 8 60: 1460, 10, 0
0 9 3: 184, 22, 0
0 9 5: 185, 22, 0
0 9 8: 185, 22, 2
0 9 12: 185, 22, 1
0 9 14: 185, 22, 3
0 9 16: 185, 22, 0
0 9 17: 550, 10, 3
0 9 19: 185, 22, 2
0 9 21: 185, 22, 3
0 9 23: 185, 22, 1
0 9 25: 185, 22, 1
0 9 27: 186, 22, 0
0 9 30: 185, 22, 2
0 9 31: 185, 22, 1
0 9 36: 185, 22, 3
0 9 38: 185, 22, 0
0 9 39: 185, 22, 0
0 9 40: 184, 22, 3
0 9 42: 185, 22, 2
0 9 43: 185, 22, 2
0 9 44: 1459, 9, 2
0 9 45: 1459, 0, 2
0 9 46: 1459, 0, 2
0 9 47: 1459, 9, 1
0 9 50: 184, 22, 3
0 9 52: 186, 22, 3
0 9 56: 1459, 9, 2
0 9 57: 1459, 1, 2
0 9 58: 1460, 10, 3
0 9 59: 1460, 10, 3
0 9 60: 1460, 10, 3
0 10 0: 185, 22, 2
0 10 2: 185, 22, 3
0 10 3: 186, 22, 3
0 10 6: 185, 22, 3
0 10 8: 185, 22, 2
0 10 10: 185, 22, 0
0 10 11: 185, 22, 0
0 10 12: 542, 10, 0
0 10 13: 541, 10, 2
0 10 15: 551, 10, 0
0 10 19: 185, 22, 2
0 10 21: 184, 22, 2
0 10 25: 185, 22, 1
0 10 26: 184, 22, 2
0 10 28: 185, 22, 3
0 10 29: 186, 22, 1
0 10 30: 184, 22, 3
0 10 34: 185, 22, 2
0 10 35: 185, 22, 3
0 10 37: 185, 22, 3
0 10 39: 551, 10, 0
0 10 41: 185, 22, 0
0 10 42: 185, 22, 1
0 10 49: 185, 22, 2
0 10 51: 185, 22, 3
0 10 53: 185, 22, 0
0 10 54: 542, 10, 3
0 10 57: 1459, 0, 3
0 10 58: 1460, 10, 3
0 10 59: 1460, 10, 3
0 10 60: 1460, 10, 3
0 11 2: 185, 22, 0
0 11 3: 185, 22, 0
0 11 4: 185, 22, 2
0 11 7: 3244, 10, 1
0 11 11: 185, 22, 3
0 11 13: 542, 10, 3
0 11 19: 185, 22, 1
0 11 20: 186, 22, 3
0 11 21: 185, 22, 3
0 11 22: 185, 22, 1
0 11 25: 185, 22, 2
0 11 26: 185, 22, 0
0 11 28: 185, 22, 2
0 11 29: 3244, 10, 0
0 11 32: 185, 22, 0
0 11 35: 185, 22, 1
0 11 36: 185, 22, 2
0 11 42: 185, 22, 3
0 11 43: 185, 22, 0
0 11 45: 185, 22, 1
0 11 52: 542, 10, 2
0 11 53: 541, 10, 2
0 11 56: 185, 22, 1
0 11 57: 1459, 9, 2
0 11 58: 1459, 1, 2
0 11 59: 1460, 10, 3
0 11 60: 1460, 10, 3
0 12 6: 185, 22, 1
0 12 10: 185, 22, 2
0 12 19: 185, 22, 0
0 12 20: 185, 22, 3
0 12 27: 185, 22, 3
0 12 32: 185, 22, 3
0 12 33: 185, 22, 2
0 12 34: 185, 22, 1
0 12 37: 542, 10, 3
0 12 38: 184, 22, 2
0 12 40: 184, 22, 0
0 12 41: 185, 22, 0
0 12 45: 185, 22, 3
0 12 48: 186, 22, 2
0 12 50: 186, 22, 1
0 12 52: 184, 22, 2
0 12 54: 542, 10, 0
0 12 58: 1459, 9, 2
0 12 59: 1459, 0, 2
0 12 60: 1459, 1, 2
0 12 61: 1468, 10, 3
0 13 3: 185, 22, 0
0 13 4: 185, 22, 0
0 13 6: 185, 22, 2
0 13 13: 185, 22, 1
0 13 14: 185, 22, 2
0 13 15: 185, 22, 3
0 13 17: 185, 22, 3
0 13 27: 185, 22, 0
0 13 28: 185, 22, 1
0 13 32: 186, 22, 2
0 13 33: 185, 22, 1
0 13 37: 541, 10, 1
0 13 39: 185, 22, 3
0 13 40: 185, 22, 3
0 13 42: 185, 22, 0
0 13 44: 184, 22, 2
0 13 46: 185, 22, 2
0 13 49: 185, 22, 2
0 13 51: 185, 22, 3
0 13 52: 185, 22, 0
0 13 53: 185, 22, 0
0 13 54: 185, 22, 1
0 13 60: 1459, 9, 2
0 13 61: 1459, 1, 2
0 14 1: 185, 22, 3
0 14 5: 185, 22, 1
0 14 6: 185, 22, 3
0 14 8: 185, 22, 0
0 14 10: 185, 22, 1
0 14 12: 185, 22, 1
0 14 14: 185, 22, 0
0 14 15: 185, 22, 0
0 14 18: 185, 22, 0
0 14 28: 185, 22, 1
0 14 30: 184, 22, 1
0 14 32: 185, 22, 0
0 14 34: 185, 22, 3
0 14 35: 185, 22, 1
0 14 36: 184, 22, 1
0 14 37: 542, 10, 1
0 14 38: 185, 22, 1
0 14 41: 185, 22, 2
0 14 43: 3244, 10, 0
0 14 46: 184, 22, 0
0 14 47: 185, 22, 1
0 14 48: 185, 22, 1
0 14 50: 184, 22, 1
0 14 51: 3244, 10, 2
0 14 55: 185, 22, 1
0 14 56: 184, 22, 1
0 14 61: 1459, 0, 3
0 15 0: 185, 22, 2
0 15 2: 185, 22, 3
0 15 3: 185, 22, 0
0 15 5: 185, 22, 1
0 15 7: 185, 22, 2
0 15 9: 185, 22, 3
0 15 11: 185, 22, 3
0 15 14: 3244, 10, 0
0 15 17: 185, 22, 2
0 15 19: 542, 10, 1
0 15 22: 185, 22, 1
0 15 24: 185, 22, 1
0 15 25: 185, 22, 2
0 15 26: 185, 22, 3
0 15 29: 185, 22, 2
0 15 30: 185, 22, 3
0 15 31: 185, 22, 0
0 15 35: 185, 22, 1
0 15 36: 185, 22, 2
0 15 37: 185, 22, 1
0 15 40: 185, 22, 2
0 15 58: 185, 22, 1
0 15 59: 185, 22, 1
0 15 61: 1459, 0, 3
0 15 62: 1468, 10, 3
0 16 1: 185, 22, 3
0 16 2: 186, 22, 2
0 16 4: 185, 22, 0
0 16 6: 185, 22, 2
0 16 8: 542, 10, 1
0 16 10: 185, 22, 0
0 16 11: 186, 22, 1
0 16 12: 185, 22, 3
0 16 13: 185, 22, 1
0 16 17: 185, 22, 0
0 16 19: 185, 22, 3
0 16 20: 541, 10, 3
0 16 22: 185, 22, 2
0 16 23: 185, 22, 1
0 16 24: 186, 22, 2
0 16 25: 185, 22, 0
0 16 26: 185, 22, 0
0 16 36: 185, 22, 3
0 16 40: 185, 22, 3
0 16 42: 184, 22, 0
0 16 47: 185, 22, 0
0 16 48: 186, 22, 2
0 16 49: 185, 22, 3
0 16 50: 185, 22, 0
0 16 54: 186, 22, 2
0 16 57: 185, 22, 0
0 16 59: 186, 22, 1
0 16 61: 1459, 9, 2
0 16 62: 1459, 1, 2
0 17 1: 185, 22, 2
0 17 2: 184, 22, 3
0 17 3: 185, 22, 1
0 17 4: 185, 22, 0
0 17 5: 185, 22, 0
0 17 6: 185, 22, 1
0 17 7: 541, 10, 2
0 17 10: 185, 22, 0
0 17 12: 185, 22, 1
0 17 13: 185, 22, 2
0 17 22: 185, 22, 2
0 17 23: 3244, 10, 2
0 17 26: 185, 22, 1
0 17 27: 185, 22, 3
0 17 34: 185, 22, 2
0 17 35: 185, 22, 1
0 17 37: 185, 22, 3
0 17 40: 185, 22, 0
0 17 41: 185, 22, 0
0 17 43: 184, 22, 1
0 17 46: 185, 22, 3
0 17 48: 550, 10, 0
0 17 50: 184, 22, 2
0 17 51: 185, 22, 3
0 17 52: 185, 22, 3
0 17 53: 185, 22, 0
0 17 57: 185, 22, 3
0 17 58: 184, 22, 0
0 17 59: 185, 22, 0
0 17 62: 1459, 0, 3
0 18 1: 185, 22, 1
0 18 2: 185, 22, 0
0 18 5: 185, 22, 3
0 18 9: 185, 22, 0
0 18 11: 185, 22, 3
0 18 12: 184, 22, 1
0 18 13: 185, 22, 2
0 18 14: 185, 22, 3
0 18 15: 185, 22, 3
0 18 16: 185, 22, 0
0 18 17: 185, 22, 1
0 18 22: 185, 22, 1
0 18 26: 185, 22, 2
0 18 33: 185, 22, 3
0 18 34: 186, 22, 1
0 18 35: 185, 22, 0
0 18 38: 185, 22, 3
0 18 42: 185, 22, 0
0 18 45: 185, 22, 3
0 18 46: 184, 22, 0
0 18 53: 186, 22, 0
0 18 55: 185, 22, 0
0 18 56: 185, 22, 2
0 18 58: 185, 22, 0
0 18 62: 1459, 0, 3
0 18 63: 1468, 10, 3
0 19 0: 185, 22, 1
0 19 1: 185, 22, 2
0 19 3: 185, 22, 3
0 19 7: 542, 10, 2
0 19 12: 185, 22, 2
0 19 13: 185, 22, 1
0 19 14: 185, 22, 1
0 19 15: 185, 22, 2
0 19 16: 185, 22, 2
0 19 20: 185, 22, 2
0 19 21: 185, 22, 1
0 19 22: 185, 22, 0
0 19 26: 185, 22, 3
0 19 32: 186, 22, 0
0 19 33: 185, 22, 0
0 19 34: 185, 22, 1
0 19 35: 185, 22, 2
0 19 41: 185, 22, 1
0 19 43: 185, 22, 1
0 19 44: 185, 22, 2
0 19 46: 551, 10, 1
0 19 50: 185, 22, 1
0 19 52: 184, 22, 3
0 19 53: 542, 10, 1
0 19 57: 185, 22, 2
0 19 58: 185, 22, 3
0 19 60: 185, 22, 0
0 19 62: 1459, 9, 2
0 19 63: 1459, 1, 2
0 20 2: 185, 22, 2
0 20 6: 185, 22, 3
0 20 7: 185, 22, 2
0 20 8: 185, 22, 1
0 20 9: 185, 22, 0
0 20 14: 185, 22, 1
0 20 15: 186, 22, 0
0 20 16: 185, 22, 2
0 20 17: 185, 22, 2
0 20 18: 185, 22, 3
0 20 23: 185, 22, 0
0 20 25: 185, 22, 0
0 20 26: 185, 22, 3
0 20 28: 185, 22, 2
0 20 29: 185, 22, 1
0 20 32: 185, 22, 3
0 20 33: 551, 10, 2
0 20 36: 185, 22, 3
0 20 40: 185, 22, 0
0 20 42: 185, 22, 2
0 20 45: 186, 22, 0
0 20 48: 186, 22, 3
0 20 51: 542, 10, 0
0 20 52: 541, 10, 0
0 20 56: 185, 22, 1
0 20 59: 186, 22, 2
0 20 63: 1459, 0, 3
0 21 6: 185, 22, 2
0 21 7: 185, 22, 3
0 21 8: 185, 22, 0
0 21 15: 185, 22, 3
0 21 16: 185, 22, 1
0 21 17: 184, 22, 2
0 21 18: 185, 22, 0
0 21 21: 185, 22, 2
0 21 23: 185, 22, 3
0 21 27: 185, 22, 2
0 21 30: 185, 22, 2
0 21 31: 185, 22, 3
0 21 32: 186, 22, 3
0 21 35: 184, 22, 3
0 21 36: 185, 22, 0
0 21 38: 185, 22, 3
0 21 40: 185, 22, 0
0 21 41: 184, 22, 2
0 21 42: 185, 22, 2
0 21 47: 185, 22, 0
0 21 49: 184, 22, 0
0 21 51: 185, 22, 0
0 21 54: 185, 22, 3
0 21 55: 184, 22, 0
0 21 57: 185, 22, 1
0 21 58: 185, 22, 1
0 21 59: 185, 22, 2
0 21 60: 185, 22, 3
0 21 63: 1459, 0, 3
0 22 13: 185, 22, 0
0 22 16: 185, 22, 1
0 22 18: 185, 22, 0
0 22 25: 185, 22, 0
0 22 26: 185, 22, 0
0 22 29: 184, 22, 2
0 22 30: 185, 22, 1
0 22 31: 185, 22, 1
0 22 32: 185, 22, 1
0 22 33: 185, 22, 0
0 22 35: 185, 22, 2
0 22 36: 185, 22, 0
0 22 40: 185, 22, 3
0 22 41: 185, 22, 2
0 22 44: 185, 22, 1
0 22 45: 185, 22, 0
0 22 47: 184, 22, 3
0 22 49: 185, 22, 2
0 22 50: 185, 22, 3
0 22 52: 185, 22, 1
0 22 54: 185, 22, 0
0 22 56: 551, 10, 3
0 22 62: 1459, 9, 3
0 22 63: 1459, 1, 3
0 23 1: 185, 22, 1
0 23 4: 185, 22, 3
0 23 7: 185, 22, 0
0 23 9: 185, 22, 1
0 23 14: 185, 22, 1
0 23 24: 185, 22, 3
0 23 25: 185, 22, 3
0 23 27: 3244, 10, 3
0 23 30: 185, 22, 0
0 23 31: 185, 22, 0
0 23 32: 185, 22, 1
0 23 33: 185, 22, 1
0 23 34: 185, 22, 0
0 23 35: 185, 22, 0
0 23 39: 185, 22, 2
0 23 41: 185, 22, 2
0 23 43: 185, 22, 1
0 23 44: 185, 22, 2
0 23 45: 185, 22, 3
0 23 47: 3244, 10, 1
0 23 51: 186, 22, 1
0 23 52: 185, 22, 1
0 23 55: 185, 22, 1
0 23 59: 184, 22, 0
0 23 62: 1459, 0, 3
0 23 63: 1468, 10, 0
0 24 2: 185, 22, 2
0 24 5: 185, 22, 3
0 24 6: 185, 22, 2
0 24 8: 185, 22, 1
0 24 9: 185, 22, 2
0 24 16: 185, 22, 2
0 24 17: 185, 22, 2
0 24 22: 185, 22, 1
0 24 25: 185, 22, 1
0 24 26: 186, 22, 1
0 24 30: 185, 22, 3
0 24 31: 185, 22, 0
0 24 32: 186, 22, 2
0 24 33: 185, 22, 2
0 24 34: 184, 22, 1
0 24 36: 185, 22, 1
0 24 37: 185, 22, 2
0 24 39: 185, 22, 2
0 24 46: 184, 22, 3
0 24 50: 184, 22, 1
0 24 54: 185, 22, 2
0 24 55: 184, 22, 2
0 24 58: 184, 22, 3
0 24 60: 185, 22, 0
0 24 61: 1459, 9, 3
0 24 62: 1459, 1, 3
0 25 3: 185, 22, 2
0 25 5: 185, 22, 3
0 25 6: 185, 22, 3
0 25 7: 3244, 10, 3
0 25 11: 185, 22, 2
0 25 17: 185, 22, 3
0 25 18: 185, 22, 0
0 25 20: 185, 22, 1
0 25 24: 185, 22, 1
0 25 26: 185, 22, 0
0 25 30: 185, 22, 3
0 25 32: 185, 22, 2
0 25 34: 3244, 10, 1
0 25 38: 185, 22, 1
0 25 40: 185, 22, 1
0 25 44: 185, 22, 2
0 25 50: 185, 22, 1
0 25 51: 185, 22, 1
0 25 52: 185, 22, 2
0 25 54: 185, 22, 2
0 25 59: 550, 10, 2
0 25 61: 1459, 0, 3
0 25 62: 1468, 10, 0
0 26 2: 185, 22, 1
0 26 5: 185, 22, 2
0 26 6: 185, 22, 3
0 26 10: 185, 22, 3
0 26 11: 185, 22, 3
0 26 13: 185, 22, 1
0 26 14: 185, 22, 2
0 26 15: 185, 22, 3
0 26 21: 185, 22, 1
0 26 22: 185, 22, 1
0 26 24: 185, 22, 0
0 26 25: 185, 22, 2
0 26 27: 184, 22, 0
0 26 29: 185, 22, 2
0 26 32: 185, 22, 0
0 26 33: 185, 22, 3
0 26 37: 184, 22, 2
0 26 38: 186, 22, 3
0 26 39: 185, 22, 1
0 26 46: 185, 22, 0
0 26 48: 185, 22, 2
0 26 49: 185, 22, 3
0 26 50: 185, 22, 0
0 26 51: 184, 22, 2
0 26 52: 186, 22, 2
0 26 55: 185, 22, 0
0 26 57: 186, 22, 0
0 26 58: 185, 22, 3
0 26 61: 1459, 0, 3
0 27 1: 185, 22, 3
0 27 2: 185, 22, 3
0 27 6: 185, 22, 2
0 27 11: 185, 22, 3
0 27 14: 185, 22, 1
0 27 17: 185, 22, 3
0 27 19: 185, 22, 1
0 27 20: 186, 22, 3
0 27 23: 185, 22, 0
0 27 24: 185, 22, 2
0 27 26: 184, 22, 0
0 27 27: 185, 22, 2
0 27 28: 185, 22, 1
0 27 29: 186, 22, 0
0 27 30: 185, 22, 1
0 27 31: 185, 22, 1
0 27 32: 185, 22, 2
0 27 33: 184, 22, 1
0 27 38: 185, 22, 3
0 27 41: 185, 22, 1
0 27 43: 185, 22, 3
0 27 45: 186, 22, 3
0 27 46: 185, 22, 1
0 27 48: 186, 22, 0
0 27 49: 185, 22, 3
0 27 50: 551, 10, 0
0 27 53: 185, 22, 0
0 27 54: 185, 22, 2
0 27 56: 185, 22, 0
0 27 58: 185, 22, 2
0 27 61: 1459, 0, 3
0 27 62: 1468, 10, 3
0 28 6: 185, 22, 1
0 28 7: 185, 22, 1
0 28 8: 185, 22, 1
0 28 9: 185, 22, 0
0 28 10: 185, 22, 3
0 28 12: 185, 22, 0
0 28 15: 185, 22, 0
0 28 18: 185, 22, 1
0 28 21: 185, 22, 0
0 28 23: 185, 22, 0
0 28 24: 186, 22, 0
0 28 26: 551, 10, 3
0 28 29: 185, 22, 0
0 28 30: 185, 22, 3
0 28 32: 185, 22, 2
0 28 35: 185, 22, 0
0 28 36: 186, 22, 0
0 28 37: 185, 22, 2
0 28 41: 185, 22, 0
0 28 44: 185, 22, 3
0 28 49: 185, 22, 0
0 28 52: 185, 22, 3
0 28 54: 185, 22, 2
0 28 56: 185, 22, 0
0 28 58: 185, 22, 0
0 28 61: 1459, 9, 2
0 28 62: 1459, 1, 2
0 28 63: 1468, 10, 3
0 29 3: 185, 22, 1
0 29 4: 185, 22, 2
0 29 6: 185, 22, 2
0 29 11: 184, 22, 0
0 29 12: 185, 22, 0
0 29 13: 185, 22, 1
0 29 15: 185, 22, 0
0 29 16: 185, 22, 0
0 29 17: 3244, 10, 1
0 29 20: 185, 22, 3
0 29 23: 185, 22, 1
0 29 24: 185, 22, 1
0 29 25: 185, 22, 2
0 29 28: 184, 22, 2
0 29 29: 185, 22, 3
0 29 31: 185, 22, 1
0 29 34: 185, 22, 0
0 29 35: 185, 22, 3
0 29 38: 185, 22, 3
0 29 40: 185, 22, 3
0 29 45: 185, 22, 1
0 29 47: 185, 22, 2
0 29 49: 185, 22, 0
0 29 50: 184, 22, 3
0 29 52: 185, 22, 3
0 29 53: 185, 22, 1
0 29 56: 185, 22, 0
0 29 62: 1459, 9, 2
0 29 63: 1459, 1, 2
0 30 4: 551, 10, 2
0 30 6: 185, 22, 3
0 30 8: 185, 22, 2
0 30 13: 186, 22, 3
0 30 14: 185, 22, 2
0 30 15: 185, 22, 2
0 30 25: 185, 22, 3
0 30 27: 186, 22, 1
0 30 28: 185, 22, 2
0 30 29: 185, 22, 2
0 30 30: 185, 22, 2
0 30 33: 185, 22, 1
0 30 34: 185, 22, 0
0 30 35: 186, 22, 1
0 30 36: 185, 22, 2
0 30 37: 185, 22, 3
0 30 46: 185, 22, 1
0 30 48: 185, 22, 3
0 30 49: 185, 22, 1
0 30 50: 185, 22, 2
0 30 52: 185, 22, 1
0 30 54: 185, 22, 1
0 30 55: 185, 22, 1
0 30 56: 185, 22, 0
0 30 58: 184, 22, 2
0 30 59: 185, 22, 2
0 30 60: 185, 22, 2
0 30 63: 1459, 0, 3
0 31 1: 185, 22, 3
0 31 2: 185, 22, 3
0 31 8: 185, 22, 1
0 31 10: 185, 22, 0
0 31 11: 185, 22, 3
0 31 15: 185, 22, 1
0 31 20: 185, 22, 3
0 31 26: 185, 22, 0
0 31 27: 185, 22, 1
0 31 28: 185, 22, 2
0 31 32: 185, 22, 2
0 31 33: 185, 22, 3
0 31 35: 185, 22, 3
0 31 36: 185, 22, 2
0 31 39: 185, 22, 2
0 31 40: 185, 22, 3
0 31 42: 185, 22, 0
0 31 43: 185, 22, 1
0 31 45: 185, 22, 0
0 31 46: 185, 22, 0
0 31 47: 184, 22, 1
0 31 54: 185, 22, 2
0 31 55: 185, 22, 2
0 31 56: 3244, 10, 3
0 31 63: 1459, 0, 3
0 32 0: 185, 22, 2
0 32 1: 185, 22, 2
0 32 2: 550, 10, 2
0 32 5: 185, 22, 3
0 32 7: 184, 22, 3
0 32 8: 185, 22, 0
0 32 9: 185, 22, 1
0 32 10: 186, 22, 2
0 32 14: 542, 10, 2
0 32 17: 184, 22, 3
0 32 18: 185, 22, 2
0 32 19: 185, 22, 1
0 32 20: 185, 22, 0
0 32 21: 185, 22, 1
0 32 23: 185, 22, 3
0 32 30: 185, 22, 1
0 32 31: 185, 22, 1
0 32 32: 542, 10, 1
0 32 33: 184, 22, 3
0 32 34: 185, 22, 0
0 32 38: 185, 22, 1
0 32 41: 185, 22, 0
0 32 42: 186, 22, 1
0 32 43: 185, 22, 1
0 32 45: 185, 22, 3
0 32 46: 3244, 10, 0
0 32 49: 186, 22, 3
0 32 51: 185, 22, 0
0 32 54: 185, 22, 2
0 32 59: 185, 22, 1
0 32 60: 186, 22, 3
0 32 61: 185, 22, 1
0 32 63: 1459, 0, 3
0 33 0: 185, 22, 2
0 33 4: 185, 22, 0
0 33 5: 185, 22, 3
0 33 6: 185, 22, 2
0 33 8: 185, 22, 3
0 33 9: 185, 22, 1
0 33 10: 185, 22, 1
0 33 11: 185, 22, 2
0 33 12: 542, 10, 1
0 33 13: 541, 10, 0
0 33 15: 185, 22, 1
0 33 16: 185, 22, 0
0 33 17: 185, 22, 0
0 33 18: 185, 22, 3
0 33 19: 185, 22, 1
0 33 21: 186, 22, 0
0 33 23: 542, 10, 0
0 33 24: 185, 22, 3
0 33 30: 185, 22, 1
0 33 31: 186, 22, 2
0 33 33: 541, 10, 1
0 33 34: 542, 10, 2
0 33 36: 185, 22, 3
0 33 37: 185, 22, 3
0 33 38: 185, 22, 0
0 33 39: 551, 10, 1
0 33 41: 185, 22, 3
0 33 42: 185, 22, 1
0 33 44: 185, 22, 0
0 33 45: 185, 22, 3
0 33 50: 186, 22, 0
0 33 51: 184, 22, 0
0 33 54: 185, 22, 3
0 33 55: 185, 22, 2
0 33 59: 185, 22, 1
0 33 62: 1459, 9, 3
0 33 63: 1459, 1, 3
0 34 1: 185, 22, 1
0 34 2: 185, 22, 1
0 34 3: 185, 22, 0
0 34 9: 185, 22, 2
0 34 10: 185, 22, 0
0 34 11: 186, 22, 1
0 34 13: 185, 22, 2
0 34 19: 185, 22, 1
0 34 20: 185, 22, 1
0 34 21: 185, 22, 0
0 34 22: 541, 10, 1
0 34 24: 185, 22, 3
0 34 30: 185, 22, 0
0 34 31: 185, 22, 3
0 34 32: 542, 10, 0
0 34 33: 184, 22, 2
0 34 36: 185, 22, 2
0 34 37: 186, 22, 2
0 34 41: 184, 22, 2
0 34 50: 185, 22, 3
0 34 53: 542, 10, 3
0 34 54: 185, 22, 0
0 34 57: 185, 22, 3
0 34 60: 185, 22, 0
0 34 62: 1459, 0, 3
0 34 63: 1468, 10, 0
0 35 7: 185, 22, 2
0 35 9: 185, 22, 2
0 35 10: 185, 22, 0
0 35 11: 185, 22, 3
0 35 12: 185, 22, 3
0 35 14: 185, 22, 1
0 35 16: 185, 22, 2
0 35 18: 185, 22, 0
0 35 21: 185, 22, 2
0 35 21: 542, 10, 3
0 35 23: 185, 22, 2
0 35 29: 185, 22, 1
0 35 31: 186, 22, 3
0 35 33: 185, 22, 2
0 35 34: 185, 22, 1
0 35 36: 185, 22, 1
0 35 37: 185, 22, 1
0 35 38: 185, 22, 0
0 35 39: 185, 22, 1
0 35 41: 185, 22, 2
0 35 43: 184, 22, 2
0 35 44: 542, 10, 3
0 35 45: 185, 22, 1
0 35 46: 184, 22, 3
0 35 49: 184, 22, 2
0 35 50: 185, 22, 0
0 35 51: 542, 10, 2
0 35 52: 541, 10, 3
0 35 55: 185, 22, 0
0 35 56: 185, 22, 1
0 35 57: 185, 22, 2
0 35 58: 185, 22, 2
0 35 59: 184, 22, 1
0 35 60: 185, 22, 3
0 35 62: 1459, 0, 3
0 36 2: 185, 22, 0
0 36 4: 185, 22, 1
0 36 6: 185, 22, 1
0 36 8: 184, 22, 1
0 36 9: 185, 22, 3
0 36 13: 184, 22, 2
0 36 14: 185, 22, 1
0 36 17: 185, 22, 3
0 36 30: 185, 22, 3
0 36 31: 185, 22, 2
0 36 32: 185, 22, 1
0 36 33: 186, 22, 0
0 36 34: 185, 22, 2
0 36 35: 185, 22, 3
0 36 38: 185, 22, 0
0 36 39: 186, 22, 3
0 36 43: 542, 10, 2
0 36 44: 541, 10, 2
0 36 45: 185, 22, 0
0 36 46: 185, 22, 0
0 36 47: 185, 22, 3
0 36 48: 185, 22, 2
0 36 49: 185, 22, 2
0 36 50: 185, 22, 1
0 36 51: 186, 22, 1
0 36 53: 185, 22, 3
0 36 54: 185, 22, 3
0 36 55: 185, 22, 0
0 36 59: 185, 22, 3
0 36 62: 1459, 0, 3
0 37 1: 185, 22, 0
0 37 7: 185, 22, 0
0 37 9: 185, 22, 3
0 37 13: 185, 22, 1
0 37 14: 3244, 10, 0
0 37 17: 185, 22, 3
0 37 21: 185, 22, 0
0 37 23: 185, 22, 3
0 37 24: 185, 22, 2
0 37 27: 1459, 9, 3
0 37 28: 1459, 0, 0
0 37 29: 1459, 0, 0
0 37 30: 1459, 9, 0
0 37 32: 185, 22, 3
0 37 34: 185, 22, 2
0 37 35: 1459, 9, 3
0 37 36: 1459, 0, 0
0 37 37: 1459, 9, 0
0 37 38: 185, 22, 3
0 37 39: 185, 22, 2
0 37 40: 185, 22, 1
0 37 41: 185, 22, 2
0 37 42: 185, 22, 2
0 37 43: 185, 22, 0
0 37 44: 185, 22, 1
0 37 45: 185, 22, 1
0 37 45: 542, 10, 0
0 37 46: 185, 22, 3
0 37 47: 185, 22, 0
0 37 48: 185, 22, 1
0 37 50: 184, 22, 1
0 37 51: 542, 10, 1
0 37 53: 185, 22, 2
0 37 54: 184, 22, 0
0 37 57: 185, 22, 2
0 37 58: 185, 22, 3
0 37 61: 1459, 9, 3
0 37 62: 1459, 1, 3
0 38 4: 185, 22, 2
0 38 13: 185, 22, 0
0 38 17: 185, 22, 0
0 38 24: 185, 22, 0
0 38 25: 1459, 9, 3
0 38 26: 1459, 0, 0
0 38 27: 1459, 1, 3
0 38 28: 1460, 10, 0
0 38 29: 1460, 10, 0
0 38 30: 1459, 1, 0
0 38 31: 1459, 0, 0
0 38 32: 1459, 0, 0
0 38 33: 1459, 0, 0
0 38 34: 1459, 0, 0
0 38 35: 1459, 1, 3
0 38 36: 1460, 10, 0
0 38 37: 1459, 0, 1
0 38 38: 185, 22, 0
0 38 39: 185, 22, 1
0 38 40: 185, 22, 0
0 38 42: 185, 22, 3
0 38 45: 186, 22, 2
0 38 46: 185, 22, 0
0 38 48: 186, 22, 2
0 38 49: 185, 22, 0
0 38 52: 186, 22, 1
0 38 53: 185, 22, 1
0 38 54: 550, 10, 2
0 38 56: 185, 22, 1
0 38 59: 1459, 9, 3
0 38 60: 1459, 0, 0
0 38 61: 1459, 1, 3
0 38 62: 1460, 10, 2
0 39 2: 185, 22, 0
0 39 3: 185, 22, 1
0 39 6: 185, 22, 3
0 39 13: 185, 22, 0
0 39 17: 185, 22, 1
0 39 18: 185, 22, 2
0 39 19: 185, 22, 2
0 39 22: 185, 22, 3
0 39 24: 185, 22, 2
0 39 25: 1459, 0, 3
0 39 26: 1460, 10, 0
0 39 27: 1460, 10, 0
0 39 28: 1460, 10, 0
0 39 29: 1460, 10, 0
0 39 30: 1460, 10, 0
0 39 31: 1459, 1, 1
0 39 32: 1459, 0, 2
0 39 33: 1459, 1, 2
0 39 34: 1460, 10, 0
0 39 35: 1460, 10, 0
0 39 36: 1460, 10, 0
0 39 37: 1459, 0, 1
0 39 39: 185, 22, 0
0 39 40: 186, 22, 0
0 39 42: 551, 10, 1
0 39 44: 184, 22, 1
0 39 45: 550, 10, 3
0 39 47: 184, 22, 1
0 39 48: 185, 22, 3
0 39 49: 185, 22, 0
0 39 50: 185, 22, 2
0 39 51: 185, 22, 3
0 39 52: 185, 22, 0
0 39 57: 1459, 9, 3
0 39 58: 1459, 0, 0
0 39 59: 1459, 1, 3
0 39 60: 1460, 10, 0
0 39 61: 1460, 10, 0
0 39 62: 1460, 10, 0
0 40 1: 185, 22, 3
0 40 2: 185, 22, 0
0 40 4: 3244, 10, 2
0 40 7: 185, 22, 0
0 40 14: 185, 22, 2
0 40 15: 185, 22, 2
0 40 16: 185, 22, 1
0 40 18: 184, 22, 1
0 40 19: 185, 22, 3
0 40 21: 185, 22, 2
0 40 22: 185, 22, 2
0 40 23: 184, 22, 0
0 40 24: 185, 22, 3
0 40 25: 1459, 9, 2
0 40 26: 1459, 0, 2
0 40 27: 1459, 0, 2
0 40 28: 1459, 0, 2
0 40 29: 1459, 0, 2
0 40 30: 1459, 0, 2
0 40 31: 1459, 9, 1
0 40 33: 1459, 9, 2
0 40 34: 1459, 0, 2
0 40 35: 1459, 1, 2
0 40 36: 1460, 10, 0
0 40 37: 1459, 1, 0
0 40 38: 1459, 9, 0
0 40 39: 185, 22, 0
0 40 40: 185, 22, 1
0 40 41: 185, 22, 2
0 40 48: 185, 22, 3
0 40 51: 184, 22, 3
0 40 52: 551, 10, 2
0 40 54: 186, 22, 1
0 40 55: 1459, 9, 3
0 40 56: 1459, 0, 0
0 40 57: 1459, 1, 3
0 40 58: 1460, 10, 2
0 40 59: 1460, 10, 0
0 40 60: 1460, 10, 0
0 40 61: 1460, 10, 0
0 40 62: 1460, 10, 0
0 41 1: 185, 22, 2
0 41 2: 184, 22, 0
0 41 7: 185, 22, 1
0 41 8: 185, 22, 2
0 41 10: 185, 22, 1
0 41 11: 185, 22, 1
0 41 12: 185, 22, 0
0 41 13: 185, 22, 3
0 41 14: 185, 22, 2
0 41 17: 186, 22, 3
0 41 19: 185, 22, 0
0 41 21: 185, 22, 1
0 41 24: 185, 22, 0
0 41 25: 184, 22, 1
0 41 27: 185, 22, 1
0 41 28: 186, 22, 1
0 41 29: 185, 22, 1
0 41 30: 184, 22, 2
0 41 31: 185, 22, 3
0 41 32: 185, 22, 2
0 41 34: 542, 10, 3
0 41 35: 1459, 9, 2
0 41 36: 1459, 0, 2
0 41 37: 1459, 1, 2
0 41 38: 1459, 1, 0
0 41 39: 1459, 9, 0
0 41 41: 185, 22, 2
0 41 42: 1459, 9, 3
0 41 43: 1459, 0, 0
0 41 44: 1459, 0, 0
0 41 45: 1459, 0, 0
0 41 46: 1459, 9, 0
0 41 47: 185, 22, 2
0 41 49: 185, 22, 1
0 41 50: 186, 22, 3
0 41 54: 1459, 9, 3
0 41 55: 1459, 1, 3
0 41 56: 1460, 10, 0
0 41 57: 1460, 10, 2
0 41 58: 1459, 1, 1
0 41 59: 1459, 0, 2
0 41 60: 1459, 0, 2
0 41 61: 1459, 0, 2
0 41 62: 1459, 1, 2
0 41 63: 1468, 10, 3
0 42 1: 185, 22, 1
0 42 10: 542, 10, 0
0 42 11: 185, 22, 1
0 42 12: 185, 22, 0
0 42 13: 184, 22, 2
0 42 14: 185, 22, 1
0 42 16: 185, 22, 2
0 42 17: 185, 22, 1
0 42 18: 185, 22, 0
0 42 22: 185, 22, 1
0 42 28: 185, 22, 3
0 42 29: 186, 22, 0
0 42 30: 185, 22, 0
0 42 32: 185, 22, 1
0 42 36: 185, 22, 0
0 42 37: 1459, 9, 2
0 42 38: 1459, 1, 2
0 42 39: 1459, 1, 0
0 42 40: 1459, 0, 0
0 42 41: 1459, 0, 0
0 42 42: 1459, 1, 3
0 42 43: 1459, 1, 1
0 42 44: 1459, 0, 2
0 42 45: 1459, 1, 2
0 42 46: 1459, 1, 0
0 42 47: 1459, 9, 0
0 42 49: 185, 22, 0
0 42 51: 184, 22, 2
0 42 52: 185, 22, 2
0 42 54: 1459, 0, 3
0 42 55: 1460, 10, 0
0 42 56: 1460, 10, 0
0 42 57: 1459, 1, 1
0 42 58: 1459, 9, 1
0 42 60: 185, 22, 3
0 42 60: 661, 10, 3
0 42 61: 185, 22, 0
0 42 62: 1459, 9, 2
0 42 63: 1459, 1, 2
0 43 0: 185, 22, 0
0 43 2: 551, 10, 1
0 43 5: 184, 22, 3
0 43 7: 185, 22, 2
0 43 8: 542, 10, 0
0 43 9: 541, 10, 3
0 43 11: 185, 22, 0
0 43 12: 185, 22, 0
0 43 13: 185, 22, 0
0 43 14: 185, 22, 1
0 43 23: 185, 22, 0
0 43 25: 1459, 9, 3
0 43 26: 1459, 0, 0
0 43 27: 1459, 0, 0
0 43 28: 1459, 0, 0
0 43 29: 1459, 0, 0
0 43 30: 1459, 9, 0
0 43 34: 185, 22, 0
0 43 35: 186, 22, 3
0 43 36: 185, 22, 0
0 43 36: 542, 10, 0
0 43 38: 1459, 9, 2
0 43 39: 1459, 1, 2
0 43 40: 1460, 10, 0
0 43 41: 1459, 1, 1
0 43 42: 1459, 0, 2
0 43 43: 1459, 9, 1
0 43 45: 1459, 9, 2
0 43 46: 1459, 1, 2
0 43 47: 1459, 0, 1
0 43 49: 185, 22, 1
0 43 50: 185, 22, 3
0 43 51: 185, 22, 3
0 43 52: 185, 22, 2
0 43 53: 1459, 9, 3
0 43 54: 1459, 1, 3
0 43 55: 1460, 10, 0
0 43 56: 1460, 10, 0
0 43 57: 1459, 0, 1
0 43 58: 185, 22, 3
0 43 59: 185, 22, 3
0 43 60: 184, 22, 3
0 43 61: 185, 22, 0
0 43 63: 1459, 0, 3
0 44 6: 185, 22, 1
0 44 7: 185, 22, 1
0 44 10: 186, 22, 3
0 44 11: 185, 22, 0
0 44 12: 185, 22, 3
0 44 15: 185, 22, 3
0 44 16: 185, 22, 3
0 44 25: 1459, 0, 3
0 44 26: 1460, 10, 0
0 44 27: 1460, 10, 0
0 44 28: 1460, 10, 0
0 44 29: 1460, 10, 0
0 44 30: 1459, 1, 0
0 44 31: 1459, 9, 0
0 44 34: 185, 22, 0
0 44 35: 185, 22, 2
0 44 36: 185, 22, 3
0 44 37: 185, 22, 1
0 44 39: 1459, 9, 2
0 44 40: 1459, 0, 2
0 44 41: 1459, 9, 1
0 44 43: 185, 22, 0
0 44 44: 186, 22, 1
0 44 46: 1459, 0, 3
0 44 47: 1459, 0, 1
0 44 52: 1459, 9, 3
0 44 53: 1459, 1, 3
0 44 54: 1460, 10, 0
0 44 55: 1460, 10, 0
0 44 56: 1460, 10, 0
0 44 57: 1459, 0, 1
0 44 58: 185, 22, 0
0 44 59: 186, 22, 1
0 44 60: 185, 22, 0
0 44 61: 185, 22, 1
0 44 62: 185, 22, 2
0 44 63: 1459, 0, 3
0 45 0: 185, 22, 0
0 45 1: 186, 22, 2
0 45 4: 185, 22, 2
0 45 5: 551, 10, 0
0 45 8: 185, 22, 0
0 45 11: 185, 22, 3
0 45 14: 185, 22, 3
0 45 16: 184, 22, 2
0 45 17: 185, 22, 0
0 45 20: 185, 22, 3
0 45 24: 185, 22, 0
0 45 25: 1459, 9, 2
0 45 26: 1459, 0, 2
0 45 27: 1459, 0, 2
0 45 28: 1459, 0, 2
0 45 29: 1459, 1, 2
0 45 30: 1460, 10, 0
0 45 31: 1459, 1, 0
0 45 32: 1459, 0, 0
0 45 33: 1459, 0, 0
0 45 34: 1459, 9, 0
0 45 35: 185, 22, 3
0 45 36: 185, 22, 2
0 45 41: 185, 22, 2
0 45 42: 184, 22, 3
0 45 43: 185, 22, 3
0 45 44: 185, 22, 2
0 45 45: 185, 22, 2
0 45 46: 1459, 0, 3
0 45 47: 1459, 1, 0
0 45 48: 1459, 9, 0
0 45 49: 185, 22, 0
0 45 51: 1459, 9, 3
0 45 52: 1459, 1, 3
0 45 53: 1460, 10, 0
0 45 54: 1459, 1, 1
0 45 55: 1459, 0, 2
0 45 56: 1459, 0, 2
0 45 57: 1459, 9, 1
0 45 58: 185, 22, 1
0 45 59: 185, 22, 3
0 45 60: 185, 22, 3
0 45 61: 186, 22, 2
0 45 63: 1459, 0, 3
0 46 0: 185, 22, 3
0 46 1: 185, 22, 2
0 46 2: 185, 22, 1
0 46 4: 185, 22, 3
0 46 7: 185, 22, 3
0 46 9: 185, 22, 3
0 46 11: 185, 22, 2
0 46 15: 185, 22, 2
0 46 17: 185, 22, 1
0 46 21: 185, 22, 0
0 46 22: 185, 22, 1
0 46 29: 1459, 9, 2
0 46 30: 1459, 1, 2
0 46 31: 1460, 10, 0
0 46 32: 1460, 10, 0
0 46 33: 1460, 10, 0
0 46 34: 1459, 1, 0
0 46 35: 1459, 9, 0
0 46 37: 185, 22, 3
0 46 38: 185, 22, 0
0 46 39: 185, 22, 0
0 46 42: 185, 22, 1
0 46 43: 185, 22, 1
0 46 45: 542, 10, 2
0 46 46: 1459, 0, 3
0 46 47: 1460, 10, 0
0 46 48: 1459, 1, 0
0 46 49: 1459, 0, 0
0 46 50: 1459, 0, 0
0 46 51: 1459, 1, 3
0 46 52: 1460, 10, 0
0 46 53: 1459, 1, 1
0 46 54: 1459, 9, 1
0 46 56: 662, 10, 3
0 46 57: 185, 22, 0
0 46 58: 185, 22, 1
0 46 59: 185, 22, 2
0 46 60: 184, 22, 1
0 46 62: 1459, 9, 3
0 46 63: 1459, 1, 3
0 47 0: 185, 22, 2
0 47 2: 542, 10, 2
0 47 3: 541, 10, 3
0 47 4: 542, 10, 2
0 47 8: 185, 22, 1
0 47 9: 185, 22, 2
0 47 10: 185, 22, 2
0 47 11: 185, 22, 2
0 47 13: 185, 22, 3
0 47 14: 186, 22, 1
0 47 15: 3244, 10, 3
0 47 18: 185, 22, 0
0 47 19: 185, 22, 3
0 47 27: 185, 22, 2
0 47 30: 1459, 9, 2
0 47 31: 1459, 1, 2
0 47 32: 1460, 10, 0
0 47 33: 1460, 10, 0
0 47 34: 1460, 10, 0
0 47 35: 1459, 1, 0
0 47 36: 1459, 0, 0
0 47 37: 1459, 9, 0
0 47 38: 186, 22, 0
0 47 40: 185, 22, 1
0 47 44: 541, 10, 2
0 47 46: 1459, 9, 2
0 47 47: 1459, 1, 2
0 47 48: 1460, 10, 0
0 47 49: 1460, 10, 0
0 47 50: 1460, 10, 0
0 47 51: 1460, 10, 0
0 47 52: 1459, 1, 1
0 47 53: 1459, 9, 1
0 47 55: 185, 22, 0
0 47 59: 185, 22, 2
0 47 60: 185, 22, 2
0 47 62: 1459, 0, 3
0 47 63: 1468, 10, 0
0 48 1: 185, 22, 1
0 48 2: 185, 22, 2
0 48 3: 184, 22, 1
0 48 5: 186, 22, 1
0 48 6: 185, 22, 2
0 48 7: 185, 22, 2
0 48 8: 185, 22, 3
0 48 11: 185, 22, 1
0 48 14: 185, 22, 0
0 48 18: 186, 22, 1
0 48 23: 185, 22, 1
0 48 25: 185, 22, 1
0 48 31: 1459, 9, 2
0 48 32: 1459, 0, 2
0 48 33: 1459, 0, 2
0 48 34: 1459, 1, 2
0 48 35: 1460, 10, 0
0 48 36: 1460, 10, 0
0 48 37: 1459, 1, 0
0 48 38: 1459, 9, 0
0 48 40: 185, 22, 2
0 48 41: 185, 22, 0
0 48 45: 185, 22, 2
0 48 46: 185, 22, 2
0 48 47: 1459, 9, 2
0 48 48: 1459, 1, 2
0 48 49: 1460, 10, 0
0 48 50: 1460, 10, 0
0 48 51: 1459, 1, 1
0 48 52: 1459, 9, 1
0 48 53: 186, 22, 1
0 48 54: 185, 22, 3
0 48 60: 185, 22, 2
0 48 61: 185, 22, 1
0 48 62: 1459, 0, 3
0 49 0: 185, 22, 1
0 49 3: 185, 22, 3
0 49 4: 185, 22, 0
0 49 5: 185, 22, 1
0 49 6: 185, 22, 1
0 49 7: 3244, 10, 1
0 49 10: 184, 22, 1
0 49 11: 185, 22, 1
0 49 13: 185, 22, 3
0 49 18: 185, 22, 1
0 49 19: 185, 22, 2
0 49 22: 185, 22, 1
0 49 24: 185, 22, 3
0 49 25: 541, 10, 2
0 49 26: 542, 10, 3
0 49 27: 185, 22, 1
0 49 29: 185, 22, 3
0 49 30: 185, 22, 3
0 49 34: 1459, 9, 2
0 49 35: 1459, 1, 2
0 49 36: 1460, 10, 0
0 49 37: 1460, 10, 0
0 49 38: 1459, 0, 1
0 49 39: 185, 22, 3
0 49 41: 184, 22, 2
0 49 42: 185, 22, 1
0 49 44: 185, 22, 3
0 49 46: 185, 22, 1
0 49 48: 1459, 9, 2
0 49 49: 1459, 0, 2
0 49 50: 1459, 0, 2
0 49 51: 1459, 9, 1
0 49 53: 185, 22, 0
0 49 54: 185, 22, 3
0 49 62: 1459, 0, 3
0 49 63: 1468, 10, 3
0 50 2: 185, 22, 3
0 50 3: 185, 22, 3
0 50 10: 185, 22, 0
0 50 11: 185, 22, 0
0 50 13: 185, 22, 0
0 50 14: 185, 22, 1
0 50 15: 185, 22, 1
0 50 16: 185, 22, 2
0 50 17: 184, 22, 3
0 50 21: 185, 22, 2
0 50 24: 542, 10, 0
0 50 26: 185, 22, 0
0 50 29: 185, 22, 0
0 50 30: 184, 22, 2
0 50 32: 550, 10, 1
0 50 35: 1459, 0, 3
0 50 36: 1460, 10, 0
0 50 37: 1460, 10, 0
0 50 38: 1459, 1, 0
0 50 39: 1459, 9, 0
0 50 41: 185, 22, 2
0 50 43: 185, 22, 2
0 50 44: 184, 22, 2
0 50 45: 185, 22, 0
0 50 47: 185, 22, 1
0 50 51: 185, 22, 1
0 50 52: 185, 22, 0
0 50 60: 186, 22, 0
0 50 61: 185, 22, 1
0 50 62: 185, 22, 1
0 50 62: 1459, 9, 2
0 50 63: 1459, 1, 2
0 51 0: 185, 22, 0
0 51 2: 186, 22, 0
0 51 3: 185, 22, 1
0 51 6: 185, 22, 2
0 51 10: 185, 22, 3
0 51 16: 185, 22, 3
0 51 17: 185, 22, 3
0 51 18: 185, 22, 0
0 51 19: 185, 22, 2
0 51 23: 185, 22, 2
0 51 24: 185, 22, 3
0 51 29: 185, 22, 1
0 51 30: 551, 10, 3
0 51 35: 1459, 0, 3
0 51 36: 1460, 10, 0
0 51 37: 1460, 10, 0
0 51 38: 1460, 10, 0
0 51 39: 1459, 0, 1
0 51 40: 661, 10, 1
0 51 41: 1459, 9, 3
0 51 42: 1459, 0, 0
0 51 43: 1459, 9, 0
0 51 48: 184, 22, 0
0 51 50: 185, 22, 1
0 51 63: 1459, 0, 3
0 52 0: 185, 22, 0
0 52 2: 185, 22, 3
0 52 5: 185, 22, 0
0 52 6: 185, 22, 3
0 52 7: 185, 22, 0
0 52 9: 185, 22, 1
0 52 19: 185, 22, 1
0 52 20: 184, 22, 1
0 52 21: 185, 22, 3
0 52 27: 185, 22, 2
0 52 33: 184, 22, 3
0 52 35: 1459, 9, 2
0 52 36: 1459, 1, 2
0 52 37: 1460, 10, 0
0 52 38: 1460, 10, 0
0 52 39: 1459, 1, 0
0 52 40: 1459, 0, 0
0 52 41: 1459, 1, 3
0 52 42: 1460, 10, 0
0 52 43: 1459, 1, 0
0 52 44: 1459, 9, 0
0 52 46: 185, 22, 3
0 52 49: 185, 22, 0
0 52 59: 184, 22, 2
0 52 61: 185, 22, 0
0 52 62: 185, 22, 0
0 52 63: 1459, 0, 3
0 53 5: 185, 22, 0
0 53 6: 186, 22, 3
0 53 7: 185, 22, 0
0 53 8: 184, 22, 0
0 53 9: 185, 22, 0
0 53 19: 185, 22, 1
0 53 20: 185, 22, 0
0 53 21: 185, 22, 0
0 53 22: 185, 22, 1
0 53 25: 185, 22, 1
0 53 29: 185, 22, 1
0 53 30: 186, 22, 3
0 53 31: 185, 22, 0
0 53 32: 185, 22, 0
0 53 34: 185, 22, 2
0 53 36: 1459, 9, 2
0 53 37: 1459, 0, 2
0 53 38: 1459, 0, 2
0 53 39: 1459, 1, 2
0 53 40: 1460, 10, 0
0 53 41: 1460, 10, 0
0 53 42: 1460, 10, 0
0 53 43: 1460, 10, 0
0 53 44: 1459, 0, 1
0 53 45: 660, 10, 0
0 53 46: 185, 22, 2
0 53 48: 185, 22, 3
0 53 50: 185, 22, 0
0 53 62: 185, 22, 3
0 53 62: 661, 10, 0
0 53 63: 1459, 0, 3
0 54 0: 185, 22, 0
0 54 3: 550, 10, 1
0 54 6: 185, 22, 2
0 54 7: 185, 22, 1
0 54 9: 185, 22, 3
0 54 15: 185, 22, 0
0 54 17: 185, 22, 2
0 54 18: 185, 22, 1
0 54 19: 185, 22, 1
0 54 19: 3244, 10, 0
0 54 22: 185, 22, 0
0 54 24: 185, 22, 0
0 54 26: 185, 22, 1
0 54 30: 185, 22, 3
0 54 39: 1459, 0, 3
0 54 40: 1460, 10, 0
0 54 41: 1460, 10, 0
0 54 42: 1460, 10, 0
0 54 43: 1460, 10, 0
0 54 44: 1459, 1, 0
0 54 45: 1459, 9, 0
0 54 47: 185, 22, 2
0 54 63: 1459, 0, 3
0 55 2: 185, 22, 1
0 55 5: 551, 10, 0
0 55 7: 185, 22, 2
0 55 8: 185, 22, 3
0 55 10: 185, 22, 0
0 55 11: 185, 22, 1
0 55 15: 185, 22, 0
0 55 18: 184, 22, 1
0 55 22: 185, 22, 3
0 55 23: 185, 22, 3
0 55 29: 185, 22, 2
0 55 30: 185, 22, 2
0 55 31: 542, 10, 2
0 55 34: 185, 22, 1
0 55 35: 185, 22, 2
0 55 39: 1459, 9, 2
0 55 40: 1459, 0, 2
0 55 41: 1459, 1, 2
0 55 42: 1460, 10, 0
0 55 43: 1460, 10, 0
0 55 44: 1460, 10, 0
0 55 45: 1459, 1, 0
0 55 46: 1459, 9, 0
0 55 48: 185, 22, 0
0 55 50: 185, 22, 1
0 55 51: 185, 22, 0
0 55 61: 185, 22, 2
0 55 62: 1459, 9, 3
0 55 63: 1459, 1, 3
0 56 2: 185, 22, 1
0 56 3: 185, 22, 2
0 56 4: 185, 22, 2
0 56 8: 185, 22, 2
0 56 10: 185, 22, 0
0 56 11: 542, 10, 3
0 56 12: 185, 22, 1
0 56 13: 185, 22, 1
0 56 14: 186, 22, 0
0 56 16: 185, 22, 3
0 56 17: 185, 22, 0
0 56 18: 185, 22, 0
0 56 22: 185, 22, 3
0 56 24: 542, 10, 2
0 56 25: 541, 10, 0
0 56 26: 185, 22, 0
0 56 29: 185, 22, 3
0 56 30: 184, 22, 3
0 56 32: 185, 22, 1
0 56 32: 541, 10, 3
0 56 33: 542, 10, 1
0 56 36: 185, 22, 3
0 56 38: 185, 22, 3
0 56 41: 1459, 0, 3
0 56 42: 1460, 10, 0
0 56 43: 1460, 10, 0
0 56 44: 1460, 10, 0
0 56 45: 1460, 10, 0
0 56 46: 1459, 1, 0
0 56 47: 1459, 9, 0
0 56 51: 186, 22, 3
0 56 52: 185, 22, 0
0 56 59: 185, 22, 1
0 56 60: 185, 22, 2
0 56 61: 1459, 9, 3
0 56 62: 1459, 1, 3
0 56 63: 1468, 10, 0
0 57 0: 1459, 9, 3
0 57 1: 1459, 0, 0
0 57 2: 1459, 0, 0
0 57 3: 1459, 9, 0
0 57 5: 185, 22, 3
0 57 6: 185, 22, 3
0 57 7: 184, 22, 3
0 57 9: 185, 22, 1
0 57 10: 185, 22, 3
0 57 11: 186, 22, 2
0 57 12: 541, 10, 1
0 57 14: 185, 22, 2
0 57 15: 185, 22, 2
0 57 16: 185, 22, 3
0 57 17: 186, 22, 3
0 57 18: 185, 22, 1
0 57 19: 185, 22, 1
0 57 20: 186, 22, 2
0 57 22: 185, 22, 2
0 57 23: 185, 22, 0
0 57 24: 185, 22, 2
0 57 25: 185, 22, 1
0 57 26: 542, 10, 1
0 57 27: 185, 22, 3
0 57 30: 185, 22, 0
0 57 31: 185, 22, 0
0 57 35: 185, 22, 0
0 57 36: 185, 22, 1
0 57 37: 185, 22, 1
0 57 41: 1459, 9, 2
0 57 42: 1459, 1, 2
0 57 43: 1460, 10, 0
0 57 44: 1460, 10, 0
0 57 45: 1460, 10, 0
0 57 46: 1460, 10, 0
0 57 47: 1459, 0, 1
0 57 49: 184, 22, 2
0 57 52: 185, 22, 1
0 57 58: 185, 22, 2
0 57 59: 186, 22, 3
0 57 61: 1459, 0, 3
0 57 62: 1468, 10, 0
0 58 0: 1459, 1, 3
0 58 1: 1468, 10, 0
0 58 2: 1468, 10, 1
0 58 3: 1459, 1, 0
0 58 4: 1459, 9, 0
0 58 7: 185, 22, 3
0 58 9: 185, 22, 1
0 58 11: 185, 22, 2
0 58 12: 184, 22, 2
0 58 13: 542, 10, 1
0 58 15: 185, 22, 2
0 58 18: 184, 22, 1
0 58 19: 185, 22, 2
0 58 21: 185, 22, 1
0 58 23: 185, 22, 0
0 58 25: 186, 22, 1
0 58 27: 184, 22, 3
0 58 32: 185, 22, 2
0 58 33: 185, 22, 3
0 58 34: 185, 22, 3
0 58 35: 186, 22, 2
0 58 36: 186, 22, 2
0 58 38: 184, 22, 0
0 58 39: 185, 22, 2
0 58 40: 185, 22, 1
0 58 42: 1459, 9, 2
0 58 43: 1459, 0, 2
0 58 44: 1459, 1, 2
0 58 45: 1460, 10, 0
0 58 46: 1460, 10, 0
0 58 47: 1459, 0, 1
0 58 49: 185, 22, 2
0 58 51: 184, 22, 1
0 58 53: 185, 22, 1
0 58 58: 185, 22, 3
0 58 60: 185, 22, 1
0 58 61: 1459, 0, 3
0 59 3: 1468, 10, 1
0 59 4: 1459, 1, 0
0 59 5: 1459, 0, 0
0 59 6: 1459, 0, 0
0 59 7: 1459, 0, 0
0 59 8: 1459, 9, 0
0 59 12: 185, 22, 2
0 59 14: 185, 22, 1
0 59 16: 185, 22, 0
0 59 17: 551, 10, 0
0 59 19: 185, 22, 2
0 59 21: 185, 22, 0
0 59 24: 1459, 9, 3
0 59 25: 1459, 0, 0
0 59 26: 1459, 0, 0
0 59 27: 1459, 9, 0
0 59 28: 185, 22, 1
0 59 31: 185, 22, 1
0 59 32: 551, 10, 1
0 59 34: 184, 22, 2
0 59 35: 185, 22, 1
0 59 36: 185, 22, 0
0 59 37: 185, 22, 3
0 59 38: 185, 22, 1
0 59 40: 185, 22, 1
0 59 41: 185, 22, 0
0 59 44: 1459, 9, 2
0 59 45: 1459, 1, 2
0 59 46: 1460, 10, 0
0 59 47: 1459, 1, 0
0 59 48: 1459, 9, 0
0 59 50: 185, 22, 3
0 59 51: 185, 22, 0
0 59 52: 185, 22, 1
0 59 53: 185, 22, 2
0 59 54: 185, 22, 2
0 59 55: 185, 22, 3
0 59 57: 184, 22, 0
0 59 59: 185, 22, 0
0 59 61: 1459, 0, 3
0 60 7: 1468, 10, 1
0 60 8: 1459, 1, 0
0 60 9: 1459, 9, 0
0 60 12: 185, 22, 1
0 60 14: 184, 22, 3
0 60 15: 550, 10, 0
0 60 20: 184, 22, 0
0 60 21: 185, 22, 3
0 60 23: 1459, 9, 3
0 60 24: 1459, 1, 3
0 60 25: 1460, 10, 0
0 60 26: 1460, 10, 0
0 60 27: 1459, 0, 1
0 60 34: 550, 10, 2
0 60 36: 551, 10, 2
0 60 39: 186, 22, 1
0 60 40: 185, 22, 0
0 60 42: 185, 22, 3
0 60 45: 1459, 0, 3
0 60 46: 1460, 10, 0
0 60 47: 1460, 10, 0
0 60 48: 1459, 1, 0
0 60 49: 1459, 9, 0
0 60 51: 661, 10, 1
0 60 53: 660, 10, 2
0 60 54: 185, 22, 0
0 60 55: 185, 22, 3
0 60 56: 186, 22, 2
0 60 57: 185, 22, 3
0 60 59: 185, 22, 0
0 60 60: 1459, 9, 3
0 60 61: 1459, 1, 3
0 61 8: 1468, 10, 1
0 61 9: 1459, 1, 0
0 61 10: 1459, 0, 0
0 61 11: 1459, 0, 0
0 61 12: 1459, 9, 0
0 61 13: 185, 22, 0
0 61 14: 185, 22, 3
0 61 15: 185, 22, 3
0 61 18: 185, 22, 2
0 61 19: 185, 22, 2
0 61 21: 1459, 9, 3
0 61 22: 1459, 0, 0
0 61 23: 1459, 1, 3
0 61 24: 1468, 10, 0
0 61 26: 1468, 10, 1
0 61 27: 1459, 1, 0
0 61 28: 1459, 9, 0
0 61 30: 185, 22, 1
0 61 38: 184, 22, 1
0 61 39: 185, 22, 3
0 61 40: 185, 22, 0
0 61 44: 1459, 9, 3
0 61 45: 1459, 1, 3
0 61 46: 1468, 10, 0
0 61 48: 1468, 10, 1
0 61 49: 1459, 1, 0
0 61 50: 1459, 0, 0
0 61 51: 1459, 0, 0
0 61 52: 1459, 0, 0
0 61 53: 1459, 9, 0
0 61 54: 185, 22, 1
0 61 55: 185, 22, 1
0 61 56: 185, 22, 2
0 61 57: 185, 22, 3
0 61 58: 661, 10, 1
0 61 59: 1459, 9, 3
0 61 60: 1459, 1, 3
0 61 61: 1468, 10, 0
0 62 11: 1468, 10, 1
0 62 12: 1459, 0, 1
0 62 16: 1459, 9, 3
0 62 17: 1459, 0, 0
0 62 18: 1459, 0, 0
0 62 19: 1459, 0, 0
0 62 20: 1459, 0, 0
0 62 21: 1459, 1, 3
0 62 22: 1468, 10, 0
0 62 27: 1468, 10, 1
0 62 28: 1459, 1, 0
0 62 29: 1459, 9, 0
0 62 32: 1459, 9, 3
0 62 33: 1459, 0, 0
0 62 34: 1459, 0, 0
0 62 35: 1459, 0, 0
0 62 36: 1459, 0, 0
0 62 37: 1459, 9, 0
0 62 39: 185, 22, 2
0 62 41: 1459, 9, 3
0 62 42: 1459, 0, 0
0 62 43: 1459, 0, 0
0 62 44: 1459, 1, 3
0 62 45: 1468, 10, 0
0 62 52: 1468, 10, 1
0 62 53: 1459, 1, 0
0 62 54: 1459, 0, 0
0 62 55: 1459, 0, 0
0 62 56: 1459, 0, 0
0 62 57: 1459, 0, 0
0 62 58: 1459, 0, 0
0 62 59: 1459, 1, 3
0 62 60: 1468, 10, 0
0 63 12: 1459, 1, 0
0 63 13: 1459, 0, 0
0 63 14: 1459, 0, 0
0 63 15: 1459, 0, 0
0 63 16: 1459, 1, 3
0 63 17: 1468, 10, 0
0 63 28: 1468, 10, 1
0 63 29: 1459, 1, 0
0 63 30: 1459, 0, 0
0 63 31: 1459, 0, 0
0 63 32: 1459, 1, 3
0 63 33: 1468, 10, 0
0 63 36: 1468, 10, 1
0 63 37: 1459, 1, 0
0 63 38: 1459, 0, 0
0 63 39: 1459, 0, 0
0 63 40: 1459, 0, 0
0 63 41: 1459, 1, 3
0 63 42: 1468, 10, 0
1 0 0: 1460, 10, 0
1 0 1: 1460, 10, 0
1 0 2: 1460, 10, 0
1 0 3: 1460, 10, 0
1 0 4: 1460, 10, 0
1 0 5: 1460, 10, 0
1 0 6: 1469, 1, 1
1 0 7: 1469, 0, 2
1 0 8: 1469, 0, 2
1 0 9: 1469, 0, 2
1 0 10: 1469, 1, 2
1 0 11: 1460, 10, 0
1 0 12: 1460, 10, 0
1 0 13: 1460, 10, 0
1 0 14: 1460, 10, 0
1 0 15: 1460, 10, 0
1 0 16: 1460, 10, 0
1 0 17: 1460, 10, 0
1 0 18: 1460, 10, 0
1 0 19: 1460, 10, 0
1 0 20: 1460, 10, 0
1 0 21: 1460, 10, 0
1 0 22: 1460, 10, 0
1 0 23: 1460, 10, 0
1 0 24: 1460, 10, 0
1 0 25: 1460, 10, 0
1 0 26: 1469, 1, 1
1 0 27: 1469, 0, 2
1 0 28: 1469, 0, 2
1 0 29: 1469, 0, 2
1 0 30: 1469, 0, 2
1 0 31: 1469, 0, 2
1 0 32: 1469, 0, 2
1 0 33: 1469, 1, 2
1 0 34: 1460, 10, 0
1 0 35: 1460, 10, 0
1 0 36: 1460, 10, 0
1 0 37: 1460, 10, 0
1 0 38: 1460, 10, 0
1 0 39: 1460, 10, 0
1 0 40: 1460, 10, 0
1 0 41: 1460, 10, 0
1 0 42: 1460, 10, 0
1 0 43: 1460, 10, 0
1 0 44: 1460, 10, 0
1 0 45: 1460, 10, 0
1 0 46: 1460, 10, 0
1 0 47: 1460, 10, 0
1 0 48: 1460, 10, 0
1 0 49: 1460, 10, 0
1 0 50: 1460, 10, 0
1 0 51: 1460, 10, 0
1 0 52: 1460, 10, 0
1 0 53: 1460, 10, 0
1 0 54: 1460, 10, 0
1 0 55: 1460, 10, 0
1 0 56: 1460, 10, 0
1 0 57: 1460, 10, 0
1 0 58: 1469, 1, 1
1 0 59: 1469, 0, 2
1 0 60: 1469, 1, 2
1 0 61: 1460, 10, 0
1 0 62: 1460, 10, 0
1 0 63: 1460, 10, 0
1 1 0: 1469, 1, 2
1 1 1: 1460, 10, 0
1 1 2: 1460, 10, 0
1 1 3: 1460, 10, 0
1 1 4: 1460, 10, 0
1 1 5: 1469, 1, 1
1 1 6: 1469, 9, 1
1 1 10: 1469, 9, 2
1 1 11: 1469, 1, 2
1 1 12: 1460, 10, 0
1 1 13: 1460, 10, 0
1 1 14: 1460, 10, 0
1 1 15: 1460, 10, 0
1 1 16: 1460, 10, 0
1 1 17: 1460, 10, 0
1 1 18: 1460, 10, 0
1 1 19: 1460, 10, 0
1 1 20: 1460, 10, 0
1 1 21: 1469, 1, 1
1 1 22: 1469, 0, 2
1 1 23: 1469, 0, 2
1 1 24: 1469, 0, 2
1 1 25: 1469, 0, 2
1 1 26: 1469, 9, 1
1 1 33: 1469, 9, 2
1 1 34: 1469, 1, 2
1 1 35: 1460, 10, 0
1 1 36: 1460, 10, 0
1 1 37: 1460, 10, 0
1 1 38: 1460, 10, 0
1 1 39: 1460, 10, 0
1 1 40: 1460, 10, 0
1 1 41: 1460, 10, 0
1 1 42: 1460, 10, 0
1 1 43: 1460, 10, 0
1 1 44: 1460, 10, 0
1 1 45: 1460, 10, 0
1 1 46: 1460, 10, 0
1 1 47: 1460, 10, 0
1 1 48: 1460, 10, 0
1 1 49: 1460, 10, 0
1 1 50: 1460, 10, 0
1 1 51: 1460, 10, 0
1 1 52: 1460, 10, 0
1 1 53: 1460, 10, 0
1 1 54: 1460, 10, 0
1 1 55: 1460, 10, 0
1 1 56: 1460, 10, 0
1 1 57: 1460, 10, 0
1 1 58: 1469, 0, 1
1 1 60: 1469, 9, 2
1 1 61: 1469, 1, 2
1 1 62: 1460, 10, 0
1 1 63: 1460, 10, 0
1 2 0: 1469, 9, 2
1 2 1: 1469, 0, 2
1 2 2: 1469, 0, 2
1 2 3: 1469, 0, 2
1 2 4: 1469, 0, 2
1 2 5: 1469, 9, 1
1 2 11: 1469, 9, 2
1 2 12: 1469, 1, 2
1 2 13: 1460, 10, 0
1 2 14: 1460, 10, 0
1 2 15: 1460, 10, 0
1 2 16: 1460, 10, 0
1 2 17: 1460, 10, 0
1 2 18: 1460, 10, 0
1 2 19: 1460, 10, 0
1 2 20: 1469, 1, 1
1 2 21: 1469, 9, 1
1 2 34: 1469, 9, 2
1 2 35: 1469, 1, 2
1 2 36: 1460, 10, 0
1 2 37: 1460, 10, 0
1 2 38: 1460, 10, 0
1 2 39: 1460, 10, 0
1 2 40: 1460, 10, 0
1 2 41: 1460, 10, 0
1 2 42: 1460, 10, 0
1 2 43: 1460, 10, 0
1 2 44: 1460, 10, 0
1 2 45: 1460, 10, 0
1 2 46: 1460, 10, 0
1 2 47: 1460, 10, 0
1 2 48: 1460, 10, 0
1 2 49: 1460, 10, 0
1 2 50: 1460, 10, 0
1 2 51: 1460, 10, 0
1 2 52: 1469, 1, 1
1 2 53: 1469, 0, 2
1 2 54: 1469, 0, 2
1 2 55: 1469, 0, 2
1 2 56: 1469, 1, 2
1 2 57: 1460, 10, 0
1 2 58: 1469, 0, 1
1 2 61: 1469, 0, 3
1 2 62: 1460, 10, 0
1 2 63: 1460, 10, 0
1 3 12: 1469, 9, 2
1 3 13: 1469, 0, 2
1 3 14: 1469, 0, 2
1 3 15: 1469, 1, 2
1 3 16: 1460, 10, 0
1 3 17: 1460, 10, 0
1 3 18: 1460, 10, 0
1 3 19: 1460, 10, 0
1 3 20: 1469, 0, 1
1 3 35: 1469, 9, 2
1 3 36: 1469, 0, 2
1 3 37: 1469, 0, 2
1 3 38: 1469, 0, 2
1 3 39: 1469, 0, 2
1 3 40: 1469, 1, 2
1 3 41: 1460, 10, 0
1 3 42: 1460, 10, 0
1 3 43: 1460, 10, 0
1 3 44: 1460, 10, 0
1 3 45: 1460, 10, 0
1 3 46: 1460, 10, 0
1 3 47: 1460, 10, 0
1 3 48: 1460, 10, 0
1 3 49: 1460, 10, 0
1 3 50: 1469, 1, 1
1 3 51: 1469, 0, 2
1 3 52: 1469, 9, 1
1 3 56: 1469, 9, 2
1 3 57: 1469, 1, 2
1 3 58: 1469, 0, 1
1 3 61: 1469, 0, 3
1 3 62: 1460, 10, 0
1 3 63: 1460, 10, 0
1 4 15: 1469, 9, 2
1 4 16: 1469, 0, 2
1 4 17: 1469, 1, 2
1 4 18: 1460, 10, 0
1 4 19: 1469, 1, 1
1 4 20: 1469, 9, 1
1 4 40: 1469, 9, 2
1 4 41: 1469, 1, 2
1 4 42: 1460, 10, 0
1 4 43: 1460, 10, 0
1 4 44: 1460, 10, 0
1 4 45: 1460, 10, 0
1 4 46: 1460, 10, 0
1 4 47: 1460, 10, 0
1 4 48: 1460, 10, 0
1 4 49: 1469, 1, 1
1 4 50: 1469, 9, 1
1 4 57: 1469, 9, 2
1 4 58: 1469, 9, 1
1 4 60: 1469, 9, 3
1 4 61: 1469, 1, 3
1 4 62: 1460, 10, 0
1 4 63: 1460, 10, 0
1 5 17: 1469, 9, 2
1 5 18: 1469, 0, 2
1 5 19: 1469, 9, 1
1 5 41: 1469, 9, 2
1 5 42: 1469, 1, 2
1 5 43: 1460, 10, 0
1 5 44: 1460, 10, 0
1 5 45: 1460, 10, 0
1 5 46: 1460, 10, 0
1 5 47: 1460, 10, 0
1 5 48: 1460, 10, 0
1 5 49: 1469, 1, 0
1 5 50: 1469, 9, 0
1 5 60: 1469, 0, 3
1 5 61: 1460, 10, 0
1 5 62: 1460, 10, 0
1 5 63: 1460, 10, 0
1 6 42: 1469, 0, 3
1 6 43: 1460, 10, 0
1 6 44: 1460, 10, 0
1 6 45: 1460, 10, 0
1 6 46: 1460, 10, 0
1 6 47: 1460, 10, 0
1 6 48: 1460, 10, 0
1 6 49: 1460, 10, 0
1 6 50: 1469, 0, 1
1 6 53: 1469, 9, 3
1 6 54: 1469, 0, 0
1 6 55: 1469, 0, 0
1 6 56: 1469, 0, 0
1 6 57: 1469, 9, 0
1 6 60: 1469, 0, 3
1 6 61: 1460, 10, 0
1 6 62: 1460, 10, 0
1 6 63: 1460, 10, 0
1 7 42: 1469, 0, 3
1 7 43: 1460, 10, 0
1 7 44: 1460, 10, 0
1 7 45: 1460, 10, 0
1 7 46: 1460, 10, 0
1 7 47: 1460, 10, 0
1 7 48: 1469, 1, 1
1 7 49: 1469, 0, 2
1 7 50: 1469, 9, 1
1 7 53: 1469, 0, 3
1 7 54: 1460, 10, 0
1 7 55: 1460, 10, 0
1 7 56: 1460, 10, 0
1 7 57: 1469, 1, 0
1 7 58: 1469, 9, 0
1 7 59: 1469, 9, 3
1 7 60: 1469, 1, 3
1 7 61: 1460, 10, 0
1 7 62: 1460, 10, 0
1 7 63: 1460, 10, 0
1 8 42: 1469, 9, 2
1 8 43: 1469, 0, 2
1 8 44: 1469, 1, 2
1 8 45: 1460, 10, 0
1 8 46: 1460, 10, 0
1 8 47: 1469, 1, 1
1 8 48: 1469, 9, 1
1 8 53: 1469, 9, 2
1 8 54: 1469, 0, 2
1 8 55: 1469, 0, 2
1 8 56: 1469, 1, 2
1 8 57: 1460, 10, 0
1 8 58: 1469, 1, 0
1 8 59: 1469, 1, 3
1 8 60: 1460, 10, 0
1 8 61: 1460, 10, 0
1 8 62: 1460, 10, 0
1 8 63: 1460, 10, 0
1 9 44: 1469, 9, 2
1 9 45: 1469, 0, 2
1 9 46: 1469, 0, 2
1 9 47: 1469, 9, 1
1 9 56: 1469, 9, 2
1 9 57: 1469, 1, 2
1 9 58: 1460, 10, 0
1 9 59: 1460, 10, 0
1 9 60: 1460, 10, 0
1 9 61: 1460, 10, 0
1 9 62: 1460, 10, 0
1 9 63: 1460, 10, 0
1 10 57: 1469, 0, 3
1 10 58: 1460, 10, 0
1 10 59: 1460, 10, 0
1 10 60: 1460, 10, 0
1 10 61: 1460, 10, 0
1 10 62: 1460, 10, 0
1 10 63: 1460, 10, 0
1 11 7: 3245, 10, 1
1 11 29: 3245, 10, 0
1 11 57: 1469, 9, 2
1 11 58: 1469, 1, 2
1 11 59: 1460, 10, 0
1 11 60: 1460, 10, 0
1 11 61: 1460, 10, 0
1 11 62: 1460, 10, 0
1 11 63: 1460, 10, 0
1 12 58: 1469, 9, 2
1 12 59: 1469, 0, 2
1 12 60: 1469, 1, 2
1 12 61: 1460, 10, 0
1 12 62: 1460, 10, 0
1 12 63: 1460, 10, 0
1 13 60: 1469, 9, 2
1 13 61: 1469, 1, 2
1 13 62: 1460, 10, 0
1 13 63: 1460, 10, 0
1 14 43: 3245, 10, 0
1 14 51: 3245, 10, 2
1 14 61: 1469, 0, 3
1 14 62: 1460, 10, 0
1 14 63: 1460, 10, 0
1 15 14: 3245, 10, 0
1 15 61: 1469, 0, 3
1 15 62: 1460, 10, 0
1 15 63: 1460, 10, 0
1 16 61: 1469, 9, 2
1 16 62: 1469, 1, 2
1 16 63: 1460, 10, 0
1 17 23: 3245, 10, 2
1 17 62: 1469, 0, 3
1 17 63: 1460, 10, 0
1 18 62: 1469, 0, 3
1 18 63: 1460, 10, 0
1 19 62: 1469, 9, 2
1 19 63: 1469, 1, 2
1 20 63: 1469, 0, 3
1 21 63: 1469, 0, 3
1 22 62: 1469, 9, 3
1 22 63: 1469, 1, 3
1 23 27: 3245, 10, 3
1 23 47: 3245, 10, 1
1 23 62: 1469, 0, 3
1 23 63: 1460, 10, 0
1 24 61: 1469, 9, 3
1 24 62: 1469, 1, 3
1 24 63: 1460, 10, 0
1 25 7: 3245, 10, 3
1 25 34: 3245, 10, 1
1 25 61: 1469, 0, 3
1 25 62: 1460, 10, 0
1 25 63: 1460, 10, 0
1 26 61: 1469, 0, 3
1 26 62: 1460, 10, 0
1 26 63: 1460, 10, 0
1 27 61: 1469, 0, 3
1 27 62: 1460, 10, 0
1 27 63: 1460, 10, 0
1 28 61: 1469, 9, 2
1 28 62: 1469, 1, 2
1 28 63: 1460, 10, 0
1 29 17: 3245, 10, 1
1 29 62: 1469, 9, 2
1 29 63: 1469, 1, 2
1 30 63: 1469, 0, 3
1 31 56: 3245, 10, 3
1 31 63: 1469, 0, 3
1 32 46: 3245, 10, 0
1 32 63: 1469, 0, 3
1 33 62: 1469, 9, 3
1 33 63: 1469, 1, 3
1 34 62: 1469, 0, 3
1 34 63: 1460, 10, 0
1 35 62: 1469, 0, 3
1 35 63: 1460, 10, 0
1 36 62: 1469, 0, 3
1 36 63: 1460, 10, 0
1 37 14: 3245, 10, 0
1 37 27: 1469, 9, 3
1 37 28: 1469, 0, 0
1 37 29: 1469, 0, 0
1 37 30: 1469, 9, 0
1 37 35: 1469, 9, 3
1 37 36: 1469, 0, 0
1 37 37: 1469, 9, 0
1 37 61: 1469, 9, 3
1 37 62: 1469, 1, 3
1 37 63: 1460, 10, 0
1 38 25: 1469, 9, 3
1 38 26: 1469, 0, 0
1 38 27: 1469, 1, 3
1 38 28: 1460, 10, 0
1 38 29: 1460, 10, 0
1 38 30: 1469, 1, 0
1 38 31: 1469, 0, 0
1 38 32: 1469, 0, 0
1 38 33: 1469, 0, 0
1 38 34: 1469, 0, 0
1 38 35: 1469, 1, 3
1 38 36: 1460, 10, 0
1 38 37: 1469, 0, 1
1 38 59: 1469, 9, 3
1 38 60: 1469, 0, 0
1 38 61: 1469, 1, 3
1 38 62: 1460, 10, 0
1 38 63: 1460, 10, 0
1 39 25: 1469, 0, 3
1 39 26: 1460, 10, 0
1 39 27: 1460, 10, 0
1 39 28: 1460, 10, 0
1 39 29: 1460, 10, 0
1 39 30: 1460, 10, 0
1 39 31: 1469, 1, 1
1 39 32: 1469, 0, 2
1 39 33: 1469, 1, 2
1 39 34: 1460, 10, 0
1 39 35: 1460, 10, 0
1 39 36: 1460, 10, 0
1 39 37: 1469, 0, 1
1 39 57: 1469, 9, 3
1 39 58: 1469, 0, 0
1 39 59: 1469, 1, 3
1 39 60: 1460, 10, 0
1 39 61: 1460, 10, 0
1 39 62: 1460, 10, 0
1 39 63: 1460, 10, 0
1 40 4: 3245, 10, 2
1 40 25: 1469, 9, 2
1 40 26: 1469, 0, 2
1 40 27: 1469, 0, 2
1 40 28: 1469, 0, 2
1 40 29: 1469, 0, 2
1 40 30: 1469, 0, 2
1 40 31: 1469, 9, 1
1 40 33: 1469, 9, 2
1 40 34: 1469, 0, 2
1 40 35: 1469, 1, 2
1 40 36: 1460, 10, 0
1 40 37: 1469, 1, 0
1 40 38: 1469, 9, 0
1 40 55: 1469, 9, 3
1 40 56: 1469, 0, 0
1 40 57: 1469, 1, 3
1 40 58: 1460, 10, 3
1 40 59: 1460, 10, 0
1 40 60: 1460, 10, 0
1 40 61: 1460, 10, 0
1 40 62: 1460, 10, 0
1 40 63: 1460, 10, 0
1 41 35: 1469, 9, 2
1 41 36: 1469, 0, 2
1 41 37: 1469, 1, 2
1 41 38: 1469, 1, 0
1 41 39: 1469, 9, 0
1 41 42: 1469, 9, 3
1 41 43: 1469, 0, 0
1 41 44: 1469, 0, 0
1 41 45: 1469, 0, 0
1 41 46: 1469, 9, 0
1 41 54: 1469, 9, 3
1 41 55: 1469, 1, 3
1 41 56: 1460, 10, 0
1 41 57: 1460, 10, 0
1 41 58: 1469, 1, 1
1 41 59: 1469, 0, 2
1 41 60: 1469, 0, 2
1 41 61: 1469, 0, 2
1 41 62: 1469, 1, 2
1 41 63: 1460, 10, 0
1 42 37: 1469, 9, 2
1 42 38: 1469, 1, 2
1 42 39: 1469, 1, 0
1 42 40: 1469, 0, 0
1 42 41: 1469, 0, 0
1 42 42: 1469, 1, 3
1 42 43: 1469, 1, 1
1 42 44: 1469, 0, 2
1 42 45: 1469, 1, 2
1 42 46: 1469, 1, 0
1 42 47: 1469, 9, 0
1 42 54: 1469, 0, 3
1 42 55: 1460, 10, 0
1 42 56: 1460, 10, 0
1 42 57: 1469, 1, 1
1 42 58: 1469, 9, 1
1 42 62: 1469, 9, 2
1 42 63: 1469, 1, 2
1 43 25: 1469, 9, 3
1 43 26: 1469, 0, 0
1 43 27: 1469, 0, 0
1 43 28: 1469, 0, 0
1 43 29: 1469, 0, 0
1 43 30: 1469, 9, 0
1 43 38: 1469, 9, 2
1 43 39: 1469, 1, 2
1 43 40: 1460, 10, 0
1 43 41: 1469, 1, 1
1 43 42: 1469, 0, 2
1 43 43: 1469, 9, 1
1 43 45: 1469, 9, 2
1 43 46: 1469, 1, 2
1 43 47: 1469, 0, 1
1 43 53: 1469, 9, 3
1 43 54: 1469, 1, 3
1 43 55: 1460, 10, 0
1 43 56: 1460, 10, 0
1 43 57: 1469, 0, 1
1 43 63: 1469, 0, 3
1 44 25: 1469, 0, 3
1 44 26: 1460, 10, 0
1 44 27: 1460, 10, 0
1 44 28: 1460, 10, 0
1 44 29: 1460, 10, 0
1 44 30: 1469, 1, 0
1 44 31: 1469, 9, 0
1 44 39: 1469, 9, 2
1 44 40: 1469, 0, 2
1 44 41: 1469, 9, 1
1 44 46: 1469, 0, 3
1 44 47: 1469, 0, 1
1 44 52: 1469, 9, 3
1 44 53: 1469, 1, 3
1 44 54: 1460, 10, 0
1 44 55: 1460, 10, 0
1 44 56: 1460, 10, 0
1 44 57: 1469, 0, 1
1 44 63: 1469, 0, 3
1 45 25: 1469, 9, 2
1 45 26: 1469, 0, 2
1 45 27: 1469, 0, 2
1 45 28: 1469, 0, 2
1 45 29: 1469, 1, 2
1 45 30: 1460, 10, 0
1 45 31: 1469, 1, 0
1 45 32: 1469, 0, 0
1 45 33: 1469, 0, 0
1 45 34: 1469, 9, 0
1 45 46: 1469, 0, 3
1 45 47: 1469, 1, 0
1 45 48: 1469, 9, 0
1 45 51: 1469, 9, 3
1 45 52: 1469, 1, 3
1 45 53: 1460, 10, 0
1 45 54: 1469, 1, 1
1 45 55: 1469, 0, 2
1 45 56: 1469, 0, 2
1 45 57: 1469, 9, 1
1 45 63: 1469, 0, 3
1 46 29: 1469, 9, 2
1 46 30: 1469, 1, 2
1 46 31: 1460, 10, 0
1 46 32: 1460, 10, 0
1 46 33: 1460, 10, 0
1 46 34: 1469, 1, 0
1 46 35: 1469, 9, 0
1 46 46: 1469, 0, 3
1 46 47: 1460, 10, 0
1 46 48: 1469, 1, 0
1 46 49: 1469, 0, 0
1 46 50: 1469, 0, 0
1 46 51: 1469, 1, 3
1 46 52: 1460, 10, 0
1 46 53: 1469, 1, 1
1 46 54: 1469, 9, 1
1 46 62: 1469, 9, 3
1 46 63: 1469, 1, 3
1 47 15: 3245, 10, 3
1 47 30: 1469, 9, 2
1 47 31: 1469, 1, 2
1 47 32: 1460, 10, 0
1 47 33: 1460, 10, 0
1 47 34: 1460, 10, 0
1 47 35: 1469, 1, 0
1 47 36: 1469, 0, 0
1 47 37: 1469, 9, 0
1 47 46: 1469, 9, 2
1 47 47: 1469, 1, 2
1 47 48: 1460, 10, 0
1 47 49: 1460, 10, 0
1 47 50: 1460, 10, 0
1 47 51: 1460, 10, 0
1 47 52: 1469, 1, 1
1 47 53: 1469, 9, 1
1 47 62: 1469, 0, 3
1 47 63: 1460, 10, 0
1 48 31: 1469, 9, 2
1 48 32: 1469, 0, 2
1 48 33: 1469, 0, 2
1 48 34: 1469, 1, 2
1 48 35: 1460, 10, 0
1 48 36: 1460, 10, 0
1 48 37: 1469, 1, 0
1 48 38: 1469, 9, 0
1 48 47: 1469, 9, 2
1 48 48: 1469, 1, 2
1 48 49: 1460, 10, 0
1 48 50: 1460, 10, 0
1 48 51: 1469, 1, 1
1 48 52: 1469, 9, 1
1 48 62: 1469, 0, 3
1 48 63: 1460, 10, 0
1 49 7: 3245, 10, 1
1 49 34: 1469, 9, 2
1 49 35: 1469, 1, 2
1 49 36: 1460, 10, 0
1 49 37: 1460, 10, 0
1 49 38: 1469, 0, 1
1 49 48: 1469, 9, 2
1 49 49: 1469, 0, 2
1 49 50: 1469, 0, 2
1 49 51: 1469, 9, 1
1 49 62: 1469, 0, 3
1 49 63: 1460, 10, 0
1 50 35: 1469, 0, 3
1 50 36: 1460, 10, 0
1 50 37: 1460, 10, 0
1 50 38: 1469, 1, 0
1 50 39: 1469, 9, 0
1 50 62: 1469, 9, 2
1 50 63: 1469, 1, 2
1 51 35: 1469, 0, 3
1 51 36: 1460, 10, 0
1 51 37: 1460, 10, 0
1 51 38: 1460, 10, 0
1 51 39: 1469, 0, 1
1 51 41: 1469, 9, 3
1 51 42: 1469, 0, 0
1 51 43: 1469, 9, 0
1 51 63: 1469, 0, 3
1 52 35: 1469, 9, 2
1 52 36: 1469, 1, 2
1 52 37: 1460, 10, 0
1 52 38: 1460, 10, 0
1 52 39: 1469, 1, 0
1 52 40: 1469, 0, 0
1 52 41: 1469, 1, 3
1 52 42: 1460, 10, 0
1 52 43: 1469, 1, 0
1 52 44: 1469, 9, 0
1 52 63: 1469, 0, 3
1 53 36: 1469, 9, 2
1 53 37: 1469, 0, 2
1 53 38: 1469, 0, 2
1 53 39: 1469, 1, 2
1 53 40: 1460, 10, 0
1 53 41: 1460, 10, 0
1 53 42: 1460, 10, 0
1 53 43: 1460, 10, 0
1 53 44: 1469, 0, 1
1 53 63: 1469, 0, 3
1 54 19: 3245, 10, 0
1 54 39: 1469, 0, 3
1 54 40: 1460, 10, 0
1 54 41: 1460, 10, 0
1 54 42: 1460, 10, 0
1 54 43: 1460, 10, 0
1 54 44: 1469, 1, 0
1 54 45: 1469, 9, 0
1 54 63: 1469, 0, 3
1 55 39: 1469, 9, 2
1 55 40: 1469, 0, 2
1 55 41: 1469, 1, 2
1 55 42: 1460, 10, 0
1 55 43: 1460, 10, 0
1 55 44: 1460, 10, 0
1 55 45: 1469, 1, 0
1 55 46: 1469, 9, 0
1 55 62: 1469, 9, 3
1 55 63: 1469, 1, 3
1 56 41: 1469, 0, 3
1 56 42: 1460, 10, 0
1 56 43: 1460, 10, 0
1 56 44: 1460, 10, 0
1 56 45: 1460, 10, 0
1 56 46: 1469, 1, 0
1 56 47: 1469, 9, 0
1 56 61: 1469, 9, 3
1 56 62: 1469, 1, 3
1 56 63: 1460, 10, 0
1 57 0: 1469, 9, 3
1 57 1: 1469, 0, 0
1 57 2: 1469, 0, 0
1 57 3: 1469, 9, 0
1 57 41: 1469, 9, 2
1 57 42: 1469, 1, 2
1 57 43: 1460, 10, 0
1 57 44: 1460, 10, 0
1 57 45: 1460, 10, 0
1 57 46: 1460, 10, 0
1 57 47: 1469, 0, 1
1 57 61: 1469, 0, 3
1 57 62: 1460, 10, 0
1 57 63: 1460, 10, 0
1 58 0: 1469, 1, 3
1 58 1: 1460, 10, 0
1 58 2: 1460, 10, 0
1 58 3: 1469, 1, 0
1 58 4: 1469, 9, 0
1 58 42: 1469, 9, 2
1 58 43: 1469, 0, 2
1 58 44: 1469, 1, 2
1 58 45: 1460, 10, 0
1 58 46: 1460, 10, 0
1 58 47: 1469, 0, 1
1 58 61: 1469, 0, 3
1 58 62: 1460, 10, 0
1 58 63: 1460, 10, 0
1 59 0: 1460, 10, 0
1 59 1: 1460, 10, 0
1 59 2: 1460, 10, 0
1 59 3: 1460, 10, 0
1 59 4: 1469, 1, 0
1 59 5: 1469, 0, 0
1 59 6: 1469, 0, 0
1 59 7: 1469, 0, 0
1 59 8: 1469, 9, 0
1 59 24: 1469, 9, 3
1 59 25: 1469, 0, 0
1 59 26: 1469, 0, 0
1 59 27: 1469, 9, 0
1 59 44: 1469, 9, 2
1 59 45: 1469, 1, 2
1 59 46: 1460, 10, 0
1 59 47: 1469, 1, 0
1 59 48: 1469, 9, 0
1 59 61: 1469, 0, 3
1 59 62: 1460, 10, 0
1 59 63: 1460, 10, 0
1 60 0: 1460, 10, 0
1 60 1: 1460, 10, 0
1 60 2: 1460, 10, 0
1 60 3: 1460, 10, 0
1 60 4: 1460, 10, 0
1 60 5: 1460, 10, 0
1 60 6: 1460, 10, 0
1 60 7: 1460, 10, 0
1 60 8: 1469, 1, 0
1 60 9: 1469, 9, 0
1 60 23: 1469, 9, 3
1 60 24: 1469, 1, 3
1 60 25: 1460, 10, 0
1 60 26: 1460, 10, 0
1 60 27: 1469, 0, 1
1 60 45: 1469, 0, 3
1 60 46: 1460, 10, 0
1 60 47: 1460, 10, 0
1 60 48: 1469, 1, 0
1 60 49: 1469, 9, 0
1 60 60: 1469, 9, 3
1 60 61: 1469, 1, 3
1 60 62: 1460, 10, 0
1 60 63: 1460, 10, 0
1 61 0: 1460, 10, 0
1 61 1: 1460, 10, 0
1 61 2: 1460, 10, 0
1 61 3: 1460, 10, 0
1 61 4: 1460, 10, 0
1 61 5: 1460, 10, 0
1 61 6: 1460, 10, 0
1 61 7: 1460, 10, 0
1 61 8: 1460, 10, 0
1 61 9: 1469, 1, 0
1 61 10: 1469, 0, 0
1 61 11: 1469, 0, 0
1 61 12: 1469, 9, 0
1 61 21: 1469, 9, 3
1 61 22: 1469, 0, 0
1 61 23: 1469, 1, 3
1 61 24: 1460, 10, 0
1 61 25: 1460, 10, 0
1 61 26: 1460, 10, 0
1 61 27: 1469, 1, 0
1 61 28: 1469, 9, 0
1 61 44: 1469, 9, 3
1 61 45: 1469, 1, 3
1 61 46: 1460, 10, 0
1 61 47: 1460, 10, 0
1 61 48: 1460, 10, 0
1 61 49: 1469, 1, 0
1 61 50: 1469, 0, 0
1 61 51: 1469, 0, 0
1 61 52: 1469, 0, 0
1 61 53: 1469, 9, 0
1 61 59: 1469, 9, 3
1 61 60: 1469, 1, 3
1 61 61: 1460, 10, 0
1 61 62: 1460, 10, 0
1 61 63: 1460, 10, 0
1 62 0: 1460, 10, 0
1 62 1: 1460, 10, 0
1 62 2: 1460, 10, 0
1 62 3: 1460, 10, 0
1 62 4: 1460, 10, 0
1 62 5: 1460, 10, 0
1 62 6: 1460, 10, 0
1 62 7: 1460, 10, 0
1 62 8: 1460, 10, 0
1 62 9: 1460, 10, 0
1 62 10: 1460, 10, 0
1 62 11: 1460, 10, 0
1 62 12: 1469, 0, 1
1 62 16: 1469, 9, 3
1 62 17: 1469, 0, 0
1 62 18: 1469, 0, 0
1 62 19: 1469, 0, 0
1 62 20: 1469, 0, 0
1 62 21: 1469, 1, 3
1 62 22: 1460, 10, 0
1 62 23: 1460, 10, 0
1 62 24: 1460, 10, 0
1 62 25: 1460, 10, 0
1 62 26: 1460, 10, 0
1 62 27: 1460, 10, 0
1 62 28: 1469, 1, 0
1 62 29: 1469, 9, 0
1 62 32: 1469, 9, 3
1 62 33: 1469, 0, 0
1 62 34: 1469, 0, 0
1 62 35: 1469, 0, 0
1 62 36: 1469, 0, 0
1 62 37: 1469, 9, 0
1 62 41: 1469, 9, 3
1 62 42: 1469, 0, 0
1 62 43: 1469, 0, 0
1 62 44: 1469, 1, 3
1 62 45: 1460, 10, 0
1 62 46: 1460, 10, 0
1 62 47: 1460, 10, 0
1 62 48: 1460, 10, 0
1 62 49: 1460, 10, 0
1 62 50: 1460, 10, 0
1 62 51: 1460, 10, 0
1 62 52: 1460, 10, 0
1 62 53: 1469, 1, 0
1 62 54: 1469, 0, 0
1 62 55: 1469, 0, 0
1 62 56: 1469, 0, 0
1 62 57: 1469, 0, 0
1 62 58: 1469, 0, 0
1 62 59: 1469, 1, 3
1 62 60: 1460, 10, 0
1 62 61: 1460, 10, 0
1 62 62: 1460, 10, 0
1 62 63: 1460, 10, 0
1 63 0: 1460, 10, 0
1 63 1: 1460, 10, 0
1 63 2: 1460, 10, 0
1 63 3: 1460, 10, 0
1 63 4: 1460, 10, 0
1 63 5: 1460, 10, 0
1 63 6: 1460, 10, 0
1 63 7: 1460, 10, 0
1 63 8: 1460, 10, 0
1 63 9: 1460, 10, 0
1 63 10: 1460, 10, 0
1 63 11: 1460, 10, 0
1 63 12: 1469, 1, 0
1 63 13: 1469, 0, 0
1 63 14: 1469, 0, 0
1 63 15: 1469, 0, 0
1 63 16: 1469, 1, 3
1 63 17: 1460, 10, 0
1 63 18: 1460, 10, 0
1 63 19: 1460, 10, 0
1 63 20: 1460, 10, 0
1 63 21: 1460, 10, 0
1 63 22: 1460, 10, 0
1 63 23: 1460, 10, 0
1 63 24: 1460, 10, 0
1 63 25: 1460, 10, 0
1 63 26: 1460, 10, 0
1 63 27: 1460, 10, 0
1 63 28: 1460, 10, 0
1 63 29: 1469, 1, 0
1 63 30: 1469, 0, 0
1 63 31: 1469, 0, 0
1 63 32: 1469, 1, 3
1 63 33: 1460, 10, 0
1 63 34: 1460, 10, 0
1 63 35: 1460, 10, 0
1 63 36: 1460, 10, 0
1 63 37: 1469, 1, 0
1 63 38: 1469, 0, 0
1 63 39: 1469, 0, 0
1 63 40: 1469, 0, 0
1 63 41: 1469, 1, 3
1 63 42: 1460, 10, 0
1 63 43: 1460, 10, 0
1 63 44: 1460, 10, 0
1 63 45: 1460, 10, 0
1 63 46: 1460, 10, 0
1 63 47: 1460, 10, 0
1 63 48: 1460, 10, 0
1 63 49: 1460, 10, 0
1 63 50: 1460, 10, 0
1 63 51: 1460, 10, 0
1 63 52: 1460, 10, 0
1 63 53: 1460, 10, 0
1 63 54: 1460, 10, 0
1 63 55: 1460, 10, 0
1 63 56: 1460, 10, 0
1 63 57: 1460, 10, 0
1 63 58: 1460, 10, 0
1 63 59: 1460, 10, 0
1 63 60: 1460, 10, 0
1 63 61: 1460, 10, 0
1 63 62: 1460, 10, 0
1 63 63: 1460, 10, 0
2 1 0: 1469, 1, 2
