0 51 33: 1247, 22, 1
0 51 33: 1281, 10, 2
0 51 35: 1246, 22, 3
0 52 20: 1281, 10, 1
0 52 22: 1247, 22, 2
0 52 31: 1247, 22, 3
0 52 31: 1276, 10, 3
0 52 32: 1247, 22, 0
0 52 35: 1247, 22, 3
0 52 61: 1281, 10, 2
0 53 20: 1247, 22, 3
0 53 32: 1246, 22, 0
0 53 34: 1247, 22, 2
0 53 36: 1247, 22, 0
0 53 36: 1276, 10, 1
0 53 37: 1247, 22, 1
0 54 10: 1276, 10, 0
0 54 11: 1247, 22, 0
0 54 13: 1276, 10, 3
0 54 20: 1246, 22, 0
0 54 21: 1247, 22, 0
0 54 36: 1246, 22, 2
0 54 47: 1276, 10, 1
0 54 61: 1246, 22, 3
0 55 10: 1247, 22, 0
0 55 11: 1246, 22, 1
0 55 14: 1246, 22, 3
0 55 26: 1189, 10, 2
0 55 28: 1247, 22, 2
0 55 28: 1278, 10, 1
0 55 29: 1247, 22, 2
0 55 34: 1276, 10, 2
0 55 35: 1247, 22, 1
0 55 42: 1276, 10, 3
0 55 43: 1247, 22, 3
0 55 53: 1276, 10, 1
0 55 54: 1247, 22, 3
0 55 59: 1276, 10, 3
0 55 60: 1246, 22, 0
0 56 5: 1281, 10, 2
0 56 6: 1247, 22, 0
0 56 9: 1247, 22, 2
0 56 9: 1278, 10, 3
0 56 16: 1276, 10, 0
0 56 17: 1247, 22, 2
0 56 28: 1247, 22, 3
0 56 29: 1246, 22, 1
0 56 34: 1247, 22, 2
0 56 42: 1247, 22, 0
0 56 43: 1247, 22, 2
0 56 44: 1276, 10, 2
0 56 45: 1247, 22, 2
0 56 53: 1247, 22, 0
0 56 54: 1246, 22, 0
0 56 59: 1247, 22, 3
0 57 7: 1247, 22, 1
0 57 10: 1247, 22, 1
0 57 11: 1276, 10, 1
0 57 12: 1247, 22, 2
0 57 13: 1189, 10, 0
0 57 16: 1247, 22, 0
0 57 22: 1247, 22, 2
0 57 22: 1278, 10, 2
0 57 23: 1246, 22, 2
0 57 31: 1278, 10, 3
0 57 32: 1247, 22, 1
0 57 44: 1247, 22, 1
0 57 51: 1276, 10, 2
0 57 52: 1246, 22, 2
0 57 55: 1281, 10, 3
0 57 56: 1247, 22, 1
0 57 58: 1276, 10, 0
0 58 0: 1247, 22, 0
0 58 0: 1276, 10, 2
0 58 5: 1246, 22, 1
0 58 6: 1247, 22, 0
0 58 7: 1246, 22, 2
0 58 11: 1247, 22, 1
0 58 12: 1246, 22, 1
0 58 20: 1189, 10, 3
0 58 23: 1247, 22, 0
0 58 31: 1247, 22, 0
0 58 36: 1281, 10, 0
0 58 37: 1247, 22, 0
0 58 38: 1246, 22, 1
0 58 51: 1247, 22, 1
0 58 52: 1247, 22, 2
0 58 58: 1247, 22, 0
0 58 59: 1246, 22, 1
0 58 62: 1189, 10, 1
0 59 1: 1247, 22, 2
0 59 8: 1276, 10, 1
0 59 9: 1247, 22, 3
0 59 12: 1247, 22, 0
0 59 12: 1276, 10, 2
0 59 13: 1246, 22, 0
0 59 16: 1276, 10, 3
0 59 17: 1247, 22, 3
0 59 26: 1189, 10, 3
0 59 38: 1247, 22, 3
0 59 42: 1189, 10, 3
0 59 45: 1189, 10, 2
0 59 55: 1247, 22, 2
0 59 57: 1246, 22, 2
0 59 61: 1189, 10, 2
0 60 8: 1247, 22, 0
0 60 16: 1247, 22, 2
0 60 21: 1982, 0, 2
0 60 22: 1982, 0, 2
0 60 23: 1982, 0, 2
0 60 24: 1982, 0, 2
0 60 25: 1982, 0, 2
0 60 26: 1982, 0, 2
0 60 27: 1982, 0, 2
0 60 28: 1982, 0, 2
0 60 29: 1982, 0, 2
0 60 30: 1982, 0, 2
0 60 31: 1982, 0, 2
0 60 32: 1982, 0, 2
0 60 33: 1982, 0, 2
0 60 36: 1247, 22, 2
0 60 47: 1189, 10, 1
0 60 47: 1982, 0, 2
0 60 48: 1189, 10, 1
0 60 48: 1982, 0, 2
0 60 49: 1982, 0, 2
0 60 50: 1982, 0, 2
0 60 51: 1982, 0, 2
0 60 52: 1982, 0, 2
0 60 53: 1982, 0, 2
0 60 54: 1982, 0, 2
0 60 55: 1982, 0, 2
0 60 59: 1189, 10, 0
0 61 9: 1247, 22, 2
0 61 9: 1276, 10, 2
0 61 10: 1247, 22, 1
0 61 12: 1246, 22, 3
0 61 12: 1276, 10, 0
0 61 13: 1247, 22, 3
0 61 20: 1982, 9, 1
0 61 34: 1982, 9, 2
0 61 46: 1982, 9, 1
0 61 56: 1982, 9, 2
0 61 58: 1189, 10, 2
0 61 61: 1982, 0, 2
0 61 62: 1189, 10, 3
0 61 62: 1982, 0, 2
0 61 63: 1982, 0, 2
0 62 6: 1982, 0, 2
0 62 7: 1982, 0, 2
0 62 8: 1982, 0, 2
0 62 9: 1982, 0, 2
0 62 10: 1982, 0, 2
0 62 11: 1982, 0, 2
0 62 12: 1247, 22, 2
0 62 12: 1982, 0, 2
0 62 13: 1982, 0, 2
0 62 14: 1982, 0, 2
0 62 15: 1982, 0, 2
0 62 16: 1982, 0, 2
0 62 17: 1982, 0, 2
0 62 18: 1982, 0, 2
0 62 19: 1982, 9, 1
0 62 30: 1189, 10, 0
0 62 35: 1982, 9, 2
0 62 40: 1982, 0, 2
0 62 41: 1982, 0, 2
0 62 42: 1982, 0, 2
0 62 43: 1982, 0, 2
0 62 44: 1982, 0, 2
0 62 45: 1982, 9, 1
0 62 57: 1982, 9, 2
0 62 58: 1982, 0, 2
0 62 59: 1982, 0, 2
0 62 60: 1982, 9, 1
0 63 0: 1982, 0, 2
0 63 1: 1982, 0, 2
0 63 2: 1982, 0, 2
0 63 3: 1982, 0, 2
0 63 4: 1982, 0, 2
0 63 5: 1982, 9, 1
0 63 22: 1189, 10, 0
0 63 29: 1189, 10, 2
0 63 36: 1982, 9, 2
0 63 37: 1982, 0, 2
0 63 38: 1982, 0, 2
0 63 39: 1982, 9, 1
