0 61 0: 1982, 0, 2
0 61 1: 1982, 0, 2
0 61 2: 1982, 0, 2
0 61 3: 1982, 0, 2
0 61 4: 1982, 0, 2
0 61 5: 1982, 0, 2
0 61 6: 1982, 0, 2
0 61 7: 1982, 0, 2
0 61 12: 1982, 0, 2
0 61 13: 1982, 0, 2
0 62 8: 1982, 9, 2
0 62 9: 1982, 0, 2
0 62 10: 1982, 0, 2
0 62 11: 1982, 9, 1
0 62 14: 1982, 9, 2
0 62 15: 1982, 0, 2
0 62 16: 1982, 0, 2
0 62 17: 1982, 0, 2
0 62 18: 1982, 0, 2
0 62 19: 1982, 0, 2
0 62 20: 1982, 0, 2
0 62 21: 1982, 0, 2
0 62 22: 1982, 0, 2
0 62 23: 1982, 0, 2
0 63 24: 1982, 9, 2
0 63 25: 1982, 0, 2
0 63 26: 1982, 0, 2
0 63 27: 1982, 0, 2
0 63 28: 1982, 0, 2
0 63 29: 1982, 0, 2
0 63 30: 1982, 0, 2
0 63 31: 1982, 0, 2
0 63 32: 1982, 0, 2
