0 0 15: 1258, 22, 1
0 1 14: 1257, 22, 0
0 1 15: 1257, 22, 1
0 2 13: 1257, 22, 0
0 2 14: 1258, 22, 1
0 3 12: 1257, 22, 1
0 3 13: 1259, 22, 2
0 3 14: 1258, 22, 0
0 3 15: 1257, 22, 3
0 4 12: 1257, 22, 1
0 4 13: 1257, 22, 2
0 4 14: 1257, 22, 0
0 5 10: 1257, 22, 2
0 5 11: 1258, 22, 0
0 5 12: 1258, 22, 3
0 5 13: 1257, 22, 3
0 6 9: 1257, 22, 3
0 6 10: 1258, 22, 0
0 6 11: 1259, 22, 3
0 6 12: 1258, 22, 2
0 6 13: 1257, 22, 0
0 7 7: 1257, 22, 2
0 7 8: 1257, 22, 2
0 7 9: 1258, 22, 2
0 7 10: 1259, 22, 0
0 7 11: 1258, 22, 0
0 7 12: 1257, 22, 1
0 8 6: 1257, 22, 1
0 8 7: 1258, 22, 2
0 8 8: 1257, 22, 0
0 8 9: 1257, 22, 1
0 8 10: 1257, 22, 3
0 8 11: 1257, 22, 2
0 9 2: 1257, 22, 3
0 9 3: 1259, 22, 2
0 9 4: 1258, 22, 2
0 9 5: 1257, 22, 0
0 9 6: 1258, 22, 3
0 9 7: 1257, 22, 3
0 9 8: 1257, 22, 3
0 10 2: 1257, 22, 0
0 10 3: 1258, 22, 0
0 10 4: 1257, 22, 2
0 10 5: 1257, 22, 0
0 10 6: 1281, 10, 3
0 10 7: 1257, 22, 1
0 11 8: 1247, 22, 3
0 12 0: 1982, 9, 2
0 12 6: 1247, 22, 2
0 13 1: 1982, 0, 3
0 14 1: 1982, 9, 2
0 15 2: 1982, 0, 3
0 15 5: 1247, 22, 1
0 15 5: 1278, 10, 3
0 15 6: 1247, 22, 3
0 16 2: 1982, 9, 2
0 16 4: 1246, 22, 3
0 16 5: 1246, 22, 0
0 17 3: 1982, 0, 3
0 18 3: 1982, 0, 3
0 19 3: 1982, 0, 3
0 20 1: 1189, 10, 2
0 20 3: 1982, 0, 3
0 21 2: 1246, 22, 2
0 21 3: 1982, 0, 3
0 21 5: 1189, 10, 1
0 22 1: 1246, 22, 1
0 22 1: 1278, 10, 2
0 22 3: 1982, 0, 3
0 22 4: 1189, 10, 2
0 22 9: 1281, 10, 3
0 22 10: 1247, 22, 3
0 23 1: 1246, 22, 1
0 23 2: 1247, 22, 1
0 23 3: 1982, 0, 3
0 23 5: 1246, 22, 0
0 23 5: 1278, 10, 0
0 23 6: 1247, 22, 1
0 23 11: 1247, 22, 0
0 24 3: 1982, 0, 3
0 24 5: 1247, 22, 2
0 24 9: 1246, 22, 2
0 25 3: 1982, 9, 2
0 25 4: 1257, 22, 0
0 25 6: 1278, 10, 1
0 25 7: 1247, 22, 0
0 26 3: 1257, 22, 3
0 26 4: 1257, 22, 1
0 26 4: 1982, 0, 3
0 26 5: 1257, 22, 2
0 26 6: 1247, 22, 1
0 27 1: 1247, 22, 1
0 27 1: 1278, 10, 1
0 27 2: 1247, 22, 2
0 27 3: 1257, 22, 2
0 27 4: 1258, 22, 1
0 27 4: 1982, 0, 3
0 27 5: 1257, 22, 2
0 27 9: 1278, 10, 2
0 28 1: 1247, 22, 0
0 28 2: 1247, 22, 2
0 28 3: 1257, 22, 1
0 28 4: 1259, 22, 2
0 28 4: 1982, 0, 3
0 28 5: 1257, 22, 0
0 28 6: 1258, 22, 3
0 28 7: 1278, 10, 1
0 28 8: 1246, 22, 1
0 28 9: 1247, 22, 3
0 29 3: 1257, 22, 0
0 29 4: 1258, 22, 1
0 29 4: 1982, 0, 3
0 29 5: 1258, 22, 0
0 29 6: 1257, 22, 0
0 29 7: 1258, 22, 2
0 30 2: 1257, 22, 3
0 30 3: 1258, 22, 0
0 30 4: 1258, 22, 2
0 30 4: 1982, 0, 3
0 30 5: 1259, 22, 0
0 30 6: 1257, 22, 1
0 30 7: 1278, 10, 2
0 30 9: 1278, 10, 0
0 30 10: 1247, 22, 1
0 31 2: 1257, 22, 3
0 31 3: 1257, 22, 2
0 31 4: 1257, 22, 1
0 31 4: 1982, 9, 2
0 31 5: 1259, 22, 3
0 31 6: 1257, 22, 3
0 31 7: 1246, 22, 0
0 31 10: 1247, 22, 0
0 32 0: 1246, 22, 3
0 32 0: 1276, 10, 3
0 32 1: 1247, 22, 3
0 32 3: 1257, 22, 3
0 32 4: 1257, 22, 0
0 32 5: 1257, 22, 2
0 32 5: 1982, 0, 3
0 32 6: 1258, 22, 2
0 32 7: 1257, 22, 0
0 33 0: 1247, 22, 2
0 33 1: 1246, 22, 1
0 33 5: 1257, 22, 1
0 33 5: 1982, 0, 3
0 33 6: 1257, 22, 3
0 34 3: 1189, 10, 3
0 34 5: 1982, 0, 3
0 34 6: 1246, 22, 1
0 35 4: 1982, 9, 3
0 36 3: 1982, 9, 3
0 36 5: 1247, 22, 2
0 36 5: 1281, 10, 0
0 36 6: 1247, 22, 3
0 37 3: 1982, 0, 3
0 37 4: 1246, 22, 0
0 37 5: 1247, 22, 2
0 37 7: 1247, 22, 2
0 38 2: 1982, 9, 3
0 39 2: 1982, 0, 3
0 39 4: 1189, 10, 0
0 39 5: 1246, 22, 0
0 39 7: 1278, 10, 0
0 40 2: 1982, 0, 3
0 40 7: 1247, 22, 1
0 40 8: 1247, 22, 0
0 41 1: 1257, 22, 3
0 41 2: 1982, 0, 3
0 42 0: 1257, 22, 1
0 42 1: 1258, 22, 2
0 42 2: 1257, 22, 1
0 42 2: 1982, 0, 3
0 43 0: 1257, 22, 0
0 43 1: 1258, 22, 2
0 43 2: 1258, 22, 3
0 43 2: 1982, 0, 3
0 43 4: 1278, 10, 0
0 43 5: 1247, 22, 3
0 44 1: 1258, 22, 0
0 44 2: 1257, 22, 2
0 44 2: 1982, 0, 3
0 44 3: 1247, 22, 0
0 44 4: 1247, 22, 3
0 45 1: 1257, 22, 0
0 45 2: 1982, 0, 3
0 45 5: 1247, 22, 2
0 45 5: 1278, 10, 3
0 46 1: 1982, 9, 3
0 46 6: 1247, 22, 1
0 47 1: 1982, 0, 3
0 47 2: 1278, 10, 2
0 47 3: 1247, 22, 2
0 47 4: 1278, 10, 2
0 47 7: 1189, 10, 3
0 48 1: 1982, 0, 3
0 48 2: 1247, 22, 1
0 48 3: 1246, 22, 2
0 48 5: 1247, 22, 0
0 48 6: 1257, 22, 2
0 48 7: 1257, 22, 1
0 48 8: 1281, 10, 3
0 48 9: 1247, 22, 3
0 49 1: 1189, 10, 3
0 49 1: 1982, 0, 3
0 49 5: 1257, 22, 3
0 49 6: 1258, 22, 0
0 49 7: 1258, 22, 1
0 49 8: 1247, 22, 0
0 49 10: 1247, 22, 2
0 50 1: 1982, 0, 3
0 50 2: 1189, 10, 3
0 50 4: 1257, 22, 1
0 50 5: 1258, 22, 2
0 50 6: 1258, 22, 2
0 50 7: 1258, 22, 0
0 50 9: 1246, 22, 2
0 51 1: 1982, 0, 3
0 51 3: 1257, 22, 3
0 51 4: 1257, 22, 0
0 51 5: 1258, 22, 2
0 51 6: 1257, 22, 0
0 51 7: 1257, 22, 0
0 51 8: 1257, 22, 2
0 52 1: 1982, 0, 3
0 52 3: 1189, 10, 0
0 52 4: 1257, 22, 1
0 52 5: 1247, 22, 0
0 52 5: 1281, 10, 3
0 52 6: 1247, 22, 0
0 53 1: 1982, 0, 3
0 53 2: 1189, 10, 2
0 53 5: 1247, 22, 3
0 53 7: 1247, 22, 1
0 54 1: 1257, 22, 1
0 54 1: 1982, 0, 3
0 54 2: 1257, 22, 0
0 54 5: 1246, 22, 1
0 54 6: 1246, 22, 3
0 55 0: 1257, 22, 0
0 55 1: 1258, 22, 2
0 55 1: 1982, 0, 3
0 55 2: 1258, 22, 2
0 55 3: 1257, 22, 3
0 56 0: 1257, 22, 3
0 56 1: 1258, 22, 0
0 56 1: 1982, 0, 3
0 56 2: 1259, 22, 1
0 56 3: 1258, 22, 2
0 56 4: 1257, 22, 1
0 56 7: 1278, 10, 1
0 56 8: 1247, 22, 1
0 57 0: 1257, 22, 2
0 57 1: 1257, 22, 1
0 57 1: 1982, 9, 2
0 57 2: 1258, 22, 0
0 57 3: 1258, 22, 3
0 57 4: 1246, 22, 0
0 57 7: 1247, 22, 2
0 57 8: 1246, 22, 1
0 58 2: 1257, 22, 2
0 58 2: 1982, 0, 3
0 58 3: 1257, 22, 3
0 59 2: 1982, 9, 2
0 59 4: 1247, 22, 3
0 59 4: 1278, 10, 3
0 59 5: 1247, 22, 0
0 60 3: 1982, 0, 3
0 60 4: 1247, 22, 2
0 60 5: 1246, 22, 3
0 61 2: 1982, 9, 3
0 62 1: 1982, 9, 3
0 62 8: 1247, 22, 1
0 62 8: 1278, 10, 0
0 63 0: 1982, 9, 3
0 63 8: 1246, 22, 0
0 63 9: 1247, 22, 0
