0 26 5: 325, 22, 0
0 26 6: 325, 22, 0
0 26 21: 1249, 22, 0
0 26 21: 1282, 10, 3
0 26 22: 1249, 22, 0
0 27 6: 326, 22, 2
0 27 7: 325, 22, 1
0 27 19: 1250, 22, 1
0 27 19: 1282, 10, 0
0 27 20: 1250, 22, 2
0 27 22: 1249, 22, 3
0 28 5: 325, 22, 3
0 28 6: 326, 22, 3
0 28 7: 325, 22, 2
0 28 8: 325, 22, 2
0 28 9: 325, 22, 3
0 28 10: 325, 22, 0
0 28 19: 1249, 22, 2
0 28 21: 1250, 22, 3
0 29 5: 325, 22, 3
0 29 6: 325, 22, 2
0 29 7: 325, 22, 2
0 29 9: 324, 22, 1
0 29 18: 326, 22, 2
0 29 19: 1250, 22, 1
0 29 20: 1249, 22, 1
0 29 20: 1282, 10, 2
0 29 21: 1249, 22, 0
0 29 22: 1250, 22, 1
0 29 22: 1282, 10, 1
0 29 23: 1249, 22, 0
0 30 6: 325, 22, 2
0 30 7: 325, 22, 2
0 30 8: 326, 22, 0
0 30 9: 325, 22, 1
0 30 10: 325, 22, 1
0 30 11: 325, 22, 1
0 30 14: 325, 22, 3
0 30 16: 326, 22, 3
0 30 17: 326, 22, 1
0 30 20: 1250, 22, 0
0 30 22: 1250, 22, 1
0 30 22: 1282, 10, 2
0 30 23: 1249, 22, 3
0 31 3: 1249, 22, 0
0 31 4: 1282, 10, 0
0 31 5: 1250, 22, 2
0 31 7: 325, 22, 1
0 31 8: 325, 22, 0
0 31 9: 326, 22, 0
0 31 10: 325, 22, 0
0 31 11: 325, 22, 2
0 31 13: 324, 22, 0
0 31 14: 325, 22, 0
0 31 18: 326, 22, 3
0 31 22: 1282, 10, 2
0 31 23: 1250, 22, 1
0 32 2: 1250, 22, 3
0 32 2: 1282, 10, 2
0 32 3: 1250, 22, 0
0 32 3: 1282, 10, 0
0 32 4: 1250, 22, 3
0 32 4: 1282, 10, 0
0 32 7: 325, 22, 1
0 32 8: 325, 22, 3
0 32 10: 325, 22, 2
0 32 11: 326, 22, 2
0 32 12: 325, 22, 2
0 32 13: 324, 22, 0
0 32 14: 325, 22, 0
0 32 17: 326, 22, 0
0 33 1: 1250, 22, 2
0 33 1: 1282, 10, 0
0 33 2: 1249, 22, 1
0 33 5: 1250, 22, 1
0 33 6: 1282, 10, 3
0 33 7: 325, 22, 1
0 33 8: 326, 22, 2
0 33 9: 325, 22, 3
0 33 10: 325, 22, 1
0 33 13: 325, 22, 1
0 33 14: 325, 22, 1
0 33 18: 326, 22, 0
0 34 2: 1250, 22, 1
0 34 4: 1282, 10, 1
0 34 5: 1249, 22, 0
0 34 7: 325, 22, 0
0 34 8: 325, 22, 2
0 34 9: 325, 22, 3
0 34 10: 325, 22, 2
0 34 11: 326, 22, 1
0 34 12: 325, 22, 0
0 34 19: 326, 22, 1
0 34 20: 326, 22, 0
0 35 0: 1282, 10, 0
0 35 1: 1250, 22, 0
0 35 3: 325, 22, 1
0 35 4: 1250, 22, 3
0 35 5: 1249, 22, 3
0 35 7: 1289, 10, 3
0 35 8: 325, 22, 2
0 35 9: 326, 22, 3
0 35 10: 325, 22, 2
0 35 11: 326, 22, 0
0 35 12: 325, 22, 0
0 35 17: 325, 22, 2
0 35 19: 326, 22, 1
0 35 26: 1282, 10, 2
0 35 27: 1249, 22, 0
0 35 28: 1250, 22, 3
0 36 0: 1249, 22, 2
0 36 1: 325, 22, 2
0 36 2: 325, 22, 3
0 36 2: 1289, 10, 2
0 36 4: 326, 22, 0
0 36 5: 325, 22, 0
0 36 5: 1289, 10, 0
0 36 6: 1282, 10, 3
0 36 7: 1250, 22, 2
0 36 8: 325, 22, 1
0 36 10: 325, 22, 2
0 36 11: 325, 22, 1
0 36 16: 325, 22, 2
0 36 17: 325, 22, 1
0 36 18: 325, 22, 1
0 36 19: 326, 22, 3
0 36 20: 326, 22, 0
0 36 26: 1250, 22, 3
0 36 28: 1250, 22, 2
0 37 1: 325, 22, 2
0 37 2: 326, 22, 0
0 37 3: 325, 22, 0
0 37 4: 1289, 10, 1
0 37 5: 1289, 10, 1
0 37 6: 325, 22, 0
0 37 7: 1249, 22, 2
0 37 9: 325, 22, 0
0 37 10: 325, 22, 3
0 37 11: 326, 22, 0
0 37 11: 1282, 10, 0
0 37 12: 325, 22, 0
0 37 15: 325, 22, 3
0 37 17: 326, 22, 3
0 37 18: 325, 22, 1
0 37 21: 325, 22, 1
0 37 22: 325, 22, 0
0 37 23: 1250, 22, 1
0 37 23: 1282, 10, 1
0 37 24: 1250, 22, 0
0 37 25: 1250, 22, 0
0 37 25: 1282, 10, 3
0 37 26: 1249, 22, 2
0 37 27: 1249, 22, 1
0 37 29: 1249, 22, 1
0 37 29: 1282, 10, 3
0 38 1: 326, 22, 0
0 38 2: 325, 22, 1
0 38 4: 325, 22, 1
0 38 5: 325, 22, 1
0 38 6: 325, 22, 0
0 38 9: 1282, 10, 2
0 38 10: 1250, 22, 1
0 38 11: 325, 22, 0
0 38 12: 1250, 22, 1
0 38 13: 324, 22, 3
0 38 16: 325, 22, 3
0 38 17: 325, 22, 3
0 38 18: 325, 22, 3
0 38 19: 326, 22, 2
0 38 20: 325, 22, 1
0 38 21: 325, 22, 2
0 38 22: 325, 22, 0
0 38 23: 1250, 22, 0
0 38 25: 1249, 22, 2
0 38 26: 1250, 22, 2
0 38 27: 1282, 10, 0
0 38 30: 1250, 22, 2
0 39 1: 325, 22, 2
0 39 2: 325, 22, 3
0 39 4: 325, 22, 2
0 39 5: 326, 22, 1
0 39 6: 326, 22, 1
0 39 8: 1289, 10, 2
0 39 9: 1250, 22, 1
0 39 10: 1250, 22, 0
0 39 11: 1289, 10, 1
0 39 18: 325, 22, 3
0 39 19: 325, 22, 3
0 39 25: 1249, 22, 2
0 39 28: 1250, 22, 1
0 39 29: 1249, 22, 3
0 40 1: 326, 22, 3
0 40 2: 325, 22, 0
0 40 3: 325, 22, 2
0 40 4: 325, 22, 2
0 40 5: 325, 22, 2
0 40 6: 326, 22, 0
0 40 7: 325, 22, 3
0 40 9: 1282, 10, 1
0 40 10: 1250, 22, 3
0 40 10: 1282, 10, 0
0 40 23: 325, 22, 3
0 40 27: 1282, 10, 3
0 40 28: 1282, 10, 0
0 41 1: 325, 22, 0
0 41 3: 325, 22, 3
0 41 5: 324, 22, 2
0 41 9: 1249, 22, 1
0 41 11: 1249, 22, 0
0 41 12: 1289, 10, 0
0 41 17: 325, 22, 1
0 41 18: 326, 22, 1
0 41 19: 325, 22, 0
0 41 21: 325, 22, 2
0 41 22: 326, 22, 3
0 41 23: 325, 22, 3
0 41 24: 325, 22, 2
0 41 25: 325, 22, 2
0 41 28: 1249, 22, 2
0 41 29: 1249, 22, 3
0 42 2: 326, 22, 1
0 42 10: 1282, 10, 0
0 42 11: 1249, 22, 3
0 42 11: 1282, 10, 0
0 42 12: 1250, 22, 2
0 42 14: 325, 22, 1
0 42 15: 325, 22, 0
0 42 17: 325, 22, 2
0 42 18: 326, 22, 1
0 42 19: 325, 22, 3
0 42 19: 1289, 10, 1
0 42 21: 325, 22, 2
0 42 22: 326, 22, 0
0 42 23: 325, 22, 0
0 42 24: 326, 22, 0
0 43 8: 326, 22, 2
0 43 10: 1249, 22, 2
0 43 10: 1282, 10, 0
0 43 11: 1250, 22, 2
0 43 13: 325, 22, 2
0 43 14: 326, 22, 3
0 43 15: 325, 22, 3
0 43 17: 325, 22, 2
0 43 18: 325, 22, 2
0 43 19: 326, 22, 0
0 43 22: 325, 22, 1
0 43 24: 325, 22, 0
0 43 25: 325, 22, 1
0 43 28: 326, 22, 3
0 43 29: 325, 22, 0
0 44 2: 520, 10, 2
0 44 6: 325, 22, 3
0 44 7: 324, 22, 3
0 44 8: 326, 22, 2
0 44 8: 1282, 10, 0
0 44 9: 1250, 22, 3
0 44 10: 1250, 22, 0
0 44 12: 1289, 10, 2
0 44 13: 1289, 10, 2
0 44 14: 325, 22, 2
0 44 15: 326, 22, 3
0 44 16: 325, 22, 0
0 44 19: 325, 22, 1
0 44 22: 325, 22, 3
0 44 23: 325, 22, 3
0 44 27: 326, 22, 3
0 44 30: 325, 22, 1
0 44 33: 1249, 22, 0
0 44 33: 1282, 10, 1
0 45 8: 1249, 22, 3
0 45 9: 1249, 22, 2
0 45 13: 1250, 22, 1
0 45 13: 1282, 10, 2
0 45 14: 325, 22, 2
0 45 15: 325, 22, 1
0 45 16: 325, 22, 1
0 45 22: 324, 22, 0
0 45 23: 325, 22, 2
0 45 24: 325, 22, 3
0 45 26: 325, 22, 3
0 45 28: 325, 22, 3
0 45 29: 326, 22, 0
0 45 30: 325, 22, 1
0 45 33: 1249, 22, 3
0 45 34: 1249, 22, 0
0 46 0: 519, 10, 1
0 46 2: 518, 10, 0
0 46 4: 520, 10, 3
0 46 10: 1289, 10, 0
0 46 11: 1289, 10, 3
0 46 13: 1250, 22, 2
0 46 14: 1249, 22, 1
0 46 15: 325, 22, 1
0 46 15: 1289, 10, 0
0 46 16: 326, 22, 2
0 46 16: 1289, 10, 0
0 46 17: 325, 22, 3
0 46 21: 325, 22, 1
0 46 22: 325, 22, 1
0 46 23: 325, 22, 2
0 46 25: 325, 22, 3
0 46 26: 325, 22, 2
0 46 27: 325, 22, 2
0 46 28: 325, 22, 3
0 46 29: 325, 22, 2
0 46 30: 325, 22, 2
0 47 6: 325, 22, 1
0 47 7: 325, 22, 2
0 47 8: 325, 22, 3
0 47 11: 520, 10, 2
0 47 14: 1250, 22, 0
0 47 14: 1282, 10, 1
0 47 15: 325, 22, 1
0 47 15: 1282, 10, 0
0 47 16: 324, 22, 0
0 47 17: 325, 22, 2
0 47 19: 324, 22, 1
0 47 22: 325, 22, 1
0 47 25: 325, 22, 3
0 47 26: 326, 22, 2
0 47 27: 325, 22, 1
0 47 30: 325, 22, 2
0 47 31: 325, 22, 2
0 47 32: 325, 22, 1
0 47 33: 325, 22, 1
0 47 36: 1250, 22, 3
0 47 36: 1282, 10, 2
0 47 37: 1249, 22, 1
0 47 39: 1282, 10, 0
0 47 40: 1250, 22, 1
0 47 40: 1282, 10, 0
0 47 41: 1249, 22, 2
0 48 2: 519, 10, 0
0 48 3: 325, 22, 0
0 48 5: 325, 22, 1
0 48 6: 326, 22, 1
0 48 7: 326, 22, 1
0 48 8: 325, 22, 3
0 48 12: 326, 22, 1
0 48 13: 1289, 10, 1
0 48 14: 1250, 22, 0
0 48 14: 1282, 10, 1
0 48 16: 326, 22, 1
0 48 17: 325, 22, 2
0 48 17: 1282, 10, 0
0 48 18: 1250, 22, 0
0 48 19: 326, 22, 1
0 48 19: 1289, 10, 1
0 48 20: 1289, 10, 1
0 48 24: 325, 22, 1
0 48 26: 1289, 10, 0
0 48 27: 325, 22, 1
0 48 29: 325, 22, 3
0 48 30: 326, 22, 1
0 48 31: 326, 22, 1
0 48 32: 324, 22, 1
0 48 33: 325, 22, 0
0 48 36: 1250, 22, 2
0 48 37: 1250, 22, 0
0 48 37: 1282, 10, 3
0 48 38: 1249, 22, 1
0 48 39: 1250, 22, 2
0 48 39: 1282, 10, 1
0 49 2: 325, 22, 2
0 49 3: 326, 22, 0
0 49 4: 325, 22, 0
0 49 6: 325, 22, 0
0 49 7: 325, 22, 0
0 49 11: 324, 22, 3
0 49 12: 326, 22, 2
0 49 13: 326, 22, 3
0 49 14: 1249, 22, 0
0 49 15: 1250, 22, 2
0 49 16: 325, 22, 0
0 49 16: 1289, 10, 3
0 49 17: 1250, 22, 1
0 49 18: 1282, 10, 0
0 49 19: 1250, 22, 3
0 49 21: 325, 22, 3
0 49 22: 325, 22, 3
0 49 23: 326, 22, 3
0 49 24: 325, 22, 1
0 49 30: 325, 22, 3
0 49 31: 325, 22, 3
0 49 32: 325, 22, 0
0 49 33: 325, 22, 0
0 49 38: 1249, 22, 0
0 49 39: 1249, 22, 0
0 49 40: 1250, 22, 1
0 50 2: 325, 22, 2
0 50 3: 326, 22, 3
0 50 4: 325, 22, 0
0 50 10: 1289, 10, 3
0 50 13: 326, 22, 2
0 50 18: 1249, 22, 3
0 50 18: 1282, 10, 0
0 50 19: 1250, 22, 2
0 50 20: 325, 22, 1
0 50 21: 324, 22, 1
0 50 23: 325, 22, 0
0 50 24: 325, 22, 0
0 50 41: 1282, 10, 2
0 50 42: 1250, 22, 3
0 51 3: 325, 22, 2
0 51 4: 325, 22, 3
0 51 5: 519, 10, 2
0 51 15: 326, 22, 0
0 51 17: 1250, 22, 1
0 51 17: 1282, 10, 0
0 51 18: 1282, 10, 0
0 51 19: 1249, 22, 2
0 51 21: 325, 22, 0
0 51 24: 325, 22, 0
0 51 25: 325, 22, 0
0 51 26: 325, 22, 1
0 51 27: 325, 22, 1
0 51 28: 325, 22, 2
0 51 41: 1250, 22, 0
0 51 42: 1250, 22, 3
0 52 3: 325, 22, 3
0 52 9: 1289, 10, 2
0 52 10: 1250, 22, 2
0 52 10: 1282, 10, 3
0 52 11: 325, 22, 2
0 52 15: 324, 22, 2
0 52 18: 1250, 22, 0
0 52 19: 1250, 22, 3
0 52 20: 1250, 22, 2
0 52 20: 1282, 10, 0
0 52 21: 1289, 10, 1
0 52 22: 1289, 10, 0
0 52 24: 325, 22, 0
0 52 25: 326, 22, 2
0 52 26: 324, 22, 3
0 52 27: 325, 22, 3
0 53 3: 519, 10, 1
0 53 5: 518, 10, 0
0 53 7: 519, 10, 3
0 53 9: 325, 22, 0
0 53 10: 326, 22, 2
0 53 11: 1249, 22, 0
0 53 12: 1289, 10, 0
0 53 18: 1249, 22, 1
0 53 18: 1289, 10, 2
0 53 20: 1249, 22, 3
0 53 20: 1289, 10, 0
0 53 21: 1250, 22, 1
0 53 24: 325, 22, 3
0 53 25: 325, 22, 3
0 53 26: 325, 22, 2
0 53 27: 325, 22, 2
0 53 28: 325, 22, 0
0 53 32: 325, 22, 0
0 53 35: 325, 22, 1
0 54 9: 325, 22, 1
0 54 10: 1289, 10, 1
0 54 11: 325, 22, 1
0 54 14: 326, 22, 3
0 54 15: 326, 22, 3
0 54 17: 1289, 10, 2
0 54 18: 1250, 22, 3
0 54 18: 1282, 10, 3
0 54 19: 1249, 22, 0
0 54 22: 325, 22, 1
0 54 24: 325, 22, 2
0 54 27: 325, 22, 2
0 54 28: 325, 22, 0
0 54 32: 325, 22, 0
0 54 34: 325, 22, 1
0 54 57: 1282, 10, 1
0 54 58: 1250, 22, 1
0 54 59: 1250, 22, 1
0 54 59: 1282, 10, 3
0 54 60: 1250, 22, 0
0 55 5: 519, 10, 0
0 55 6: 325, 22, 3
0 55 7: 325, 22, 3
0 55 13: 1289, 10, 3
0 55 18: 1250, 22, 0
0 55 19: 1250, 22, 0
0 55 20: 1282, 10, 3
0 55 21: 325, 22, 1
0 55 21: 1282, 10, 2
0 55 22: 326, 22, 3
0 55 23: 325, 22, 3
0 55 26: 325, 22, 2
0 55 27: 325, 22, 1
0 55 32: 325, 22, 0
0 55 57: 1250, 22, 1
0 55 58: 1250, 22, 3
0 55 58: 1282, 10, 0
0 55 60: 1250, 22, 0
0 56 6: 325, 22, 3
0 56 7: 324, 22, 1
0 56 8: 325, 22, 1
0 56 12: 325, 22, 3
0 56 12: 1289, 10, 0
0 56 13: 325, 22, 3
0 56 15: 1289, 10, 2
0 56 20: 1249, 22, 2
0 56 22: 325, 22, 1
0 56 23: 325, 22, 0
0 56 24: 325, 22, 0
0 56 25: 326, 22, 2
0 56 26: 325, 22, 2
0 56 36: 325, 22, 3
0 56 37: 325, 22, 3
0 56 51: 325, 22, 0
0 56 53: 326, 22, 0
0 56 54: 325, 22, 0
0 56 55: 325, 22, 3
0 56 56: 325, 22, 0
0 56 57: 325, 22, 0
0 56 58: 1250, 22, 3
0 56 59: 1250, 22, 2
0 56 62: 325, 22, 3
0 57 6: 325, 22, 2
0 57 7: 325, 22, 1
0 57 10: 325, 22, 3
0 57 11: 325, 22, 3
0 57 12: 325, 22, 1
0 57 13: 326, 22, 3
0 57 14: 325, 22, 2
0 57 14: 1289, 10, 1
0 57 15: 325, 22, 2
0 57 16: 325, 22, 1
0 57 17: 325, 22, 0
0 57 19: 1282, 10, 1
0 57 21: 1289, 10, 3
0 57 25: 325, 22, 1
0 57 26: 325, 22, 1
0 57 36: 325, 22, 2
0 57 37: 326, 22, 0
0 57 38: 325, 22, 3
0 57 39: 325, 22, 2
0 57 47: 1282, 10, 0
0 57 48: 1250, 22, 2
0 57 49: 1250, 22, 2
0 57 49: 1282, 10, 1
0 57 50: 1249, 22, 1
0 57 50: 1282, 10, 1
0 57 52: 325, 22, 1
0 57 53: 325, 22, 1
0 57 54: 325, 22, 3
0 57 55: 325, 22, 3
0 57 56: 326, 22, 2
0 57 57: 325, 22, 1
0 57 60: 325, 22, 0
0 57 61: 326, 22, 1
0 57 62: 325, 22, 3
0 57 63: 325, 22, 3
0 58 10: 324, 22, 0
0 58 11: 325, 22, 2
0 58 12: 325, 22, 2
0 58 13: 325, 22, 0
0 58 14: 326, 22, 2
0 58 15: 325, 22, 1
0 58 18: 324, 22, 2
0 58 19: 1249, 22, 1
0 58 20: 325, 22, 0
0 58 21: 325, 22, 0
0 58 22: 325, 22, 3
0 58 28: 1289, 10, 2
0 58 35: 325, 22, 1
0 58 37: 326, 22, 1
0 58 38: 326, 22, 1
0 58 39: 325, 22, 1
0 58 40: 325, 22, 1
0 58 41: 325, 22, 1
0 58 48: 1250, 22, 0
0 58 48: 1282, 10, 0
0 58 49: 1282, 10, 1
0 58 50: 1249, 22, 0
0 58 51: 1249, 22, 1
0 58 55: 326, 22, 3
0 58 56: 325, 22, 3
0 58 60: 325, 22, 1
0 58 61: 325, 22, 2
0 58 62: 325, 22, 2
0 58 63: 325, 22, 3
0 59 10: 325, 22, 2
0 59 11: 326, 22, 2
0 59 12: 325, 22, 1
0 59 13: 325, 22, 1
0 59 14: 325, 22, 0
0 59 15: 325, 22, 1
0 59 16: 325, 22, 1
0 59 17: 325, 22, 2
0 59 18: 325, 22, 2
0 59 19: 325, 22, 3
0 59 19: 1289, 10, 2
0 59 21: 326, 22, 1
0 59 22: 325, 22, 3
0 59 23: 325, 22, 3
0 59 36: 325, 22, 3
0 59 37: 326, 22, 2
0 59 38: 325, 22, 3
0 59 39: 326, 22, 2
0 59 41: 325, 22, 0
0 59 45: 325, 22, 2
0 59 48: 1250, 22, 1
0 59 49: 1250, 22, 0
0 59 51: 1250, 22, 3
0 59 51: 1282, 10, 2
0 59 54: 325, 22, 1
0 59 55: 325, 22, 1
0 59 56: 1282, 10, 2
0 59 57: 1249, 22, 0
0 59 58: 1250, 22, 1
0 59 58: 1282, 10, 3
0 59 59: 1250, 22, 0
0 59 62: 326, 22, 0
0 59 63: 326, 22, 3
0 60 10: 326, 22, 2
0 60 11: 326, 22, 1
0 60 12: 325, 22, 0
0 60 19: 325, 22, 3
0 60 20: 325, 22, 2
0 60 21: 325, 22, 1
0 60 22: 324, 22, 3
0 60 24: 325, 22, 2
0 60 37: 325, 22, 3
0 60 39: 325, 22, 0
0 60 40: 325, 22, 0
0 60 43: 325, 22, 3
0 60 44: 326, 22, 1
0 60 46: 325, 22, 0
0 60 49: 1250, 22, 1
0 60 52: 1249, 22, 3
0 60 56: 1249, 22, 1
0 60 57: 1250, 22, 0
0 60 59: 1250, 22, 3
0 60 59: 1282, 10, 0
0 60 61: 325, 22, 2
0 60 63: 325, 22, 0
0 61 9: 325, 22, 3
0 61 10: 325, 22, 3
0 61 12: 325, 22, 0
0 61 14: 324, 22, 3
0 61 19: 326, 22, 0
0 61 20: 325, 22, 0
0 61 21: 325, 22, 1
0 61 22: 324, 22, 0
0 61 23: 325, 22, 2
0 61 41: 325, 22, 0
0 61 42: 325, 22, 3
0 61 43: 325, 22, 0
0 61 44: 325, 22, 0
0 61 45: 325, 22, 1
0 61 46: 325, 22, 3
0 61 59: 1282, 10, 1
0 61 60: 1250, 22, 3
0 61 62: 325, 22, 1
0 62 11: 325, 22, 3
0 62 18: 325, 22, 0
0 62 19: 325, 22, 0
0 62 21: 325, 22, 0
0 62 22: 325, 22, 1
0 62 23: 325, 22, 1
0 62 40: 325, 22, 1
0 62 42: 326, 22, 3
0 62 43: 326, 22, 3
0 62 45: 326, 22, 2
0 62 46: 325, 22, 3
0 62 59: 1250, 22, 2
0 62 61: 325, 22, 3
0 62 62: 325, 22, 3
0 62 63: 325, 22, 3
0 63 43: 325, 22, 2
0 63 44: 325, 22, 2
0 63 46: 325, 22, 3
