0 47 30: 1282, 10, 0
0 48 58: 1282, 10, 2
0 49 29: 1250, 22, 0
0 49 45: 1282, 10, 3
0 49 46: 1250, 22, 2
0 49 47: 1249, 22, 3
0 49 47: 1282, 10, 0
0 49 59: 1282, 10, 2
0 49 60: 1250, 22, 2
0 50 26: 1289, 10, 2
0 50 27: 1282, 10, 1
0 50 28: 1250, 22, 0
0 50 28: 1282, 10, 2
0 50 29: 1250, 22, 3
0 50 31: 1289, 10, 2
0 50 44: 1282, 10, 3
0 50 45: 1250, 22, 3
0 50 45: 1282, 10, 3
0 50 46: 1249, 22, 1
0 50 48: 1250, 22, 1
0 50 55: 1289, 10, 0
0 50 57: 1289, 10, 3
0 50 58: 1250, 22, 3
0 50 60: 1250, 22, 1
0 50 61: 1289, 10, 3
0 51 15: 325, 22, 1
0 51 21: 325, 22, 0
0 51 22: 325, 22, 0
0 51 23: 325, 22, 0
0 51 27: 1289, 10, 3
0 51 28: 1249, 22, 2
0 51 29: 1282, 10, 2
0 51 31: 1250, 22, 2
0 51 37: 1289, 10, 0
0 51 42: 1250, 22, 0
0 51 42: 1282, 10, 2
0 51 44: 1282, 10, 2
0 51 45: 1250, 22, 0
0 51 55: 1289, 10, 0
0 51 57: 1249, 22, 2
0 51 57: 1282, 10, 0
0 51 58: 1250, 22, 0
0 51 59: 1282, 10, 1
0 52 14: 325, 22, 1
0 52 15: 325, 22, 1
0 52 16: 325, 22, 2
0 52 22: 325, 22, 1
0 52 23: 326, 22, 1
0 52 24: 325, 22, 3
0 52 26: 1289, 10, 3
0 52 28: 1249, 22, 3
0 52 28: 1282, 10, 0
0 52 29: 1249, 22, 2
0 52 30: 1250, 22, 1
0 52 32: 1289, 10, 1
0 52 36: 1282, 10, 3
0 52 37: 1249, 22, 3
0 52 41: 1250, 22, 3
0 52 42: 1250, 22, 0
0 52 44: 1249, 22, 0
0 52 44: 1282, 10, 2
0 52 45: 1250, 22, 1
0 52 45: 1282, 10, 1
0 52 46: 1250, 22, 2
0 52 48: 1289, 10, 0
0 52 57: 1250, 22, 0
0 52 60: 1282, 10, 1
0 52 61: 1249, 22, 0
0 52 62: 1289, 10, 3
0 53 12: 325, 22, 0
0 53 13: 325, 22, 0
0 53 14: 326, 22, 3
0 53 15: 326, 22, 2
0 53 17: 325, 22, 2
0 53 23: 325, 22, 2
0 53 24: 326, 22, 3
0 53 25: 325, 22, 2
0 53 28: 1282, 10, 0
0 53 29: 1250, 22, 2
0 53 30: 1250, 22, 1
0 53 30: 1289, 10, 1
0 53 31: 1289, 10, 1
0 53 32: 1250, 22, 2
0 53 33: 1250, 22, 2
0 53 33: 1282, 10, 2
0 53 34: 1250, 22, 0
0 53 34: 1282, 10, 2
0 53 35: 1250, 22, 1
0 53 36: 1282, 10, 3
0 53 39: 1289, 10, 3
0 53 40: 1250, 22, 0
0 53 49: 1289, 10, 3
0 53 54: 325, 22, 1
0 53 55: 325, 22, 0
0 53 58: 1249, 22, 1
0 53 58: 1282, 10, 0
0 53 60: 1250, 22, 0
0 53 61: 1250, 22, 0
0 53 61: 1289, 10, 0
0 54 4: 1282, 10, 3
0 54 6: 1282, 10, 3
0 54 13: 325, 22, 3
0 54 14: 326, 22, 3
0 54 15: 325, 22, 2
0 54 16: 326, 22, 2
0 54 20: 1289, 10, 3
0 54 22: 1289, 10, 0
0 54 23: 325, 22, 2
0 54 25: 326, 22, 1
0 54 26: 326, 22, 0
0 54 29: 1250, 22, 2
0 54 30: 1249, 22, 1
0 54 30: 1289, 10, 0
0 54 33: 1250, 22, 0
0 54 33: 1282, 10, 1
0 54 36: 1250, 22, 2
0 54 37: 1282, 10, 0
0 54 38: 1250, 22, 1
0 54 38: 1282, 10, 1
0 54 39: 1249, 22, 2
0 54 40: 1282, 10, 2
0 54 41: 1250, 22, 0
0 54 51: 1289, 10, 2
0 54 53: 325, 22, 1
0 54 54: 325, 22, 2
0 54 55: 326, 22, 1
0 54 56: 325, 22, 3
0 54 56: 1289, 10, 3
0 54 57: 1289, 10, 2
0 54 58: 1250, 22, 1
0 54 59: 1250, 22, 2
0 54 61: 325, 22, 2
0 54 62: 325, 22, 2
0 54 63: 325, 22, 1
0 55 6: 1282, 10, 2
0 55 9: 1282, 10, 3
0 55 16: 326, 22, 1
0 55 17: 325, 22, 1
0 55 19: 1289, 10, 3
0 55 21: 1282, 10, 3
0 55 23: 1250, 22, 3
0 55 25: 325, 22, 0
0 55 26: 325, 22, 1
0 55 27: 325, 22, 1
0 55 30: 325, 22, 0
0 55 31: 325, 22, 0
0 55 32: 325, 22, 3
0 55 33: 1250, 22, 3
0 55 35: 1250, 22, 1
0 55 40: 1250, 22, 3
0 55 41: 1250, 22, 3
0 55 43: 325, 22, 1
0 55 44: 325, 22, 1
0 55 45: 1289, 10, 1
0 55 47: 1250, 22, 1
0 55 48: 1250, 22, 2
0 55 50: 1250, 22, 2
0 55 53: 325, 22, 1
0 55 55: 325, 22, 1
0 55 56: 325, 22, 0
0 55 57: 325, 22, 1
0 55 59: 1289, 10, 1
0 55 60: 326, 22, 2
0 55 62: 326, 22, 2
0 55 63: 325, 22, 1
0 56 0: 325, 22, 3
0 56 1: 325, 22, 0
0 56 9: 1282, 10, 0
0 56 11: 1282, 10, 2
0 56 15: 326, 22, 0
0 56 16: 325, 22, 0
0 56 17: 325, 22, 1
0 56 20: 1289, 10, 3
0 56 22: 1250, 22, 2
0 56 23: 1250, 22, 3
0 56 24: 1289, 10, 1
0 56 27: 325, 22, 1
0 56 30: 325, 22, 1
0 56 31: 326, 22, 0
0 56 32: 325, 22, 3
0 56 34: 1289, 10, 1
0 56 35: 1289, 10, 2
0 56 36: 1289, 10, 3
0 56 37: 1250, 22, 0
0 56 39: 1282, 10, 3
0 56 40: 1249, 22, 1
0 56 42: 325, 22, 2
0 56 43: 324, 22, 3
0 56 44: 325, 22, 0
0 56 47: 1282, 10, 2
0 56 50: 1250, 22, 3
0 56 50: 1282, 10, 2
0 56 51: 1282, 10, 1
0 56 53: 325, 22, 2
0 56 54: 325, 22, 3
0 56 55: 325, 22, 2
0 56 56: 325, 22, 3
0 56 57: 326, 22, 0
0 56 58: 325, 22, 0
0 56 59: 325, 22, 2
0 56 60: 326, 22, 3
0 56 61: 325, 22, 0
0 56 62: 325, 22, 0
0 56 63: 326, 22, 1
0 57 0: 326, 22, 1
0 57 1: 325, 22, 1
0 57 8: 1282, 10, 1
0 57 16: 325, 22, 0
0 57 18: 1282, 10, 1
0 57 19: 1282, 10, 2
0 57 20: 1250, 22, 0
0 57 20: 1289, 10, 2
0 57 22: 1249, 22, 3
0 57 22: 1282, 10, 0
0 57 24: 1250, 22, 1
0 57 24: 1282, 10, 1
0 57 26: 1250, 22, 2
0 57 27: 1250, 22, 3
0 57 28: 1282, 10, 0
0 57 29: 1250, 22, 0
0 57 30: 325, 22, 0
0 57 31: 326, 22, 3
0 57 32: 325, 22, 2
0 57 33: 1250, 22, 1
0 57 36: 1250, 22, 0
0 57 38: 325, 22, 3
0 57 39: 1249, 22, 1
0 57 40: 325, 22, 0
0 57 41: 325, 22, 2
0 57 42: 325, 22, 3
0 57 43: 325, 22, 3
0 57 44: 325, 22, 0
0 57 45: 1282, 10, 1
0 57 47: 1250, 22, 1
0 57 47: 1282, 10, 0
0 57 48: 1249, 22, 2
0 57 49: 1250, 22, 3
0 57 53: 324, 22, 3
0 57 54: 325, 22, 3
0 57 57: 325, 22, 3
0 57 60: 325, 22, 1
0 57 61: 325, 22, 1
0 57 63: 325, 22, 3
0 58 0: 325, 22, 2
0 58 1: 326, 22, 1
0 58 2: 325, 22, 2
0 58 3: 325, 22, 2
0 58 4: 325, 22, 1
0 58 4: 1282, 10, 0
0 58 13: 1289, 10, 1
0 58 15: 1289, 10, 1
0 58 18: 1249, 22, 2
0 58 19: 1250, 22, 0
0 58 20: 1250, 22, 1
0 58 21: 1289, 10, 1
0 58 22: 1250, 22, 1
0 58 24: 1250, 22, 2
0 58 24: 1282, 10, 2
0 58 29: 1250, 22, 1
0 58 30: 325, 22, 1
0 58 31: 325, 22, 1
0 58 33: 1282, 10, 2
0 58 34: 1250, 22, 0
0 58 35: 1249, 22, 0
0 58 37: 1289, 10, 3
0 58 39: 324, 22, 0
0 58 40: 325, 22, 1
0 58 41: 325, 22, 2
0 58 45: 1249, 22, 1
0 58 48: 1250, 22, 0
0 58 49: 1282, 10, 0
0 58 52: 325, 22, 0
0 58 53: 325, 22, 0
0 58 55: 324, 22, 0
0 58 57: 1289, 10, 1
0 58 58: 324, 22, 1
0 58 60: 1249, 22, 2
0 58 60: 1282, 10, 3
0 58 61: 1250, 22, 0
0 58 62: 325, 22, 0
0 58 62: 1289, 10, 1
0 59 0: 325, 22, 0
0 59 1: 326, 22, 2
0 59 2: 325, 22, 3
0 59 4: 325, 22, 1
0 59 13: 1282, 10, 1
0 59 14: 1249, 22, 1
0 59 18: 324, 22, 3
0 59 19: 325, 22, 0
0 59 21: 1250, 22, 3
0 59 21: 1289, 10, 1
0 59 22: 1250, 22, 2
0 59 24: 1250, 22, 2
0 59 25: 1282, 10, 3
0 59 26: 1250, 22, 3
0 59 27: 1250, 22, 3
0 59 28: 325, 22, 1
0 59 29: 326, 22, 0
0 59 30: 325, 22, 2
0 59 38: 325, 22, 2
0 59 39: 325, 22, 2
0 59 40: 325, 22, 1
0 59 41: 326, 22, 2
0 59 42: 325, 22, 2
0 59 43: 325, 22, 2
0 59 44: 325, 22, 1
0 59 46: 1289, 10, 0
0 59 50: 1250, 22, 1
0 59 51: 1289, 10, 3
0 59 53: 325, 22, 1
0 59 57: 1289, 10, 2
0 59 58: 1282, 10, 2
0 59 60: 1249, 22, 2
0 59 61: 1250, 22, 0
0 59 62: 324, 22, 0
0 59 63: 325, 22, 0
0 60 0: 325, 22, 1
0 60 1: 325, 22, 1
0 60 2: 325, 22, 2
0 60 3: 326, 22, 2
0 60 4: 325, 22, 0
0 60 5: 325, 22, 0
0 60 14: 1289, 10, 0
0 60 17: 325, 22, 2
0 60 18: 325, 22, 1
0 60 19: 325, 22, 0
0 60 20: 325, 22, 1
0 60 23: 1289, 10, 0
0 60 25: 1250, 22, 0
0 60 26: 1250, 22, 0
0 60 27: 324, 22, 1
0 60 27: 1289, 10, 3
0 60 28: 325, 22, 0
0 60 29: 325, 22, 2
0 60 30: 325, 22, 0
0 60 32: 1250, 22, 1
0 60 32: 1282, 10, 3
0 60 33: 1250, 22, 2
0 60 34: 1250, 22, 2
0 60 35: 1250, 22, 0
0 60 35: 1282, 10, 1
0 60 40: 326, 22, 2
0 60 41: 325, 22, 3
0 60 42: 326, 22, 1
0 60 44: 325, 22, 1
0 60 46: 1289, 10, 1
0 60 49: 1250, 22, 0
0 60 51: 1250, 22, 1
0 60 52: 326, 22, 2
0 60 53: 325, 22, 1
0 60 56: 1289, 10, 2
0 60 58: 1250, 22, 2
0 60 59: 1250, 22, 3
0 60 59: 1282, 10, 0
0 60 60: 1250, 22, 0
0 60 62: 325, 22, 2
0 60 62: 1289, 10, 0
0 60 63: 325, 22, 3
0 61 1: 326, 22, 2
0 61 2: 325, 22, 1
0 61 3: 325, 22, 3
0 61 5: 325, 22, 0
0 61 6: 325, 22, 1
0 61 7: 325, 22, 1
0 61 16: 325, 22, 1
0 61 17: 325, 22, 2
0 61 18: 326, 22, 0
0 61 19: 325, 22, 2
0 61 20: 325, 22, 1
0 61 21: 325, 22, 0
0 61 22: 325, 22, 0
0 61 23: 1289, 10, 0
0 61 28: 326, 22, 1
0 61 29: 325, 22, 3
0 61 30: 325, 22, 3
0 61 33: 1282, 10, 0
0 61 34: 1250, 22, 1
0 61 39: 325, 22, 1
0 61 42: 325, 22, 0
0 61 43: 325, 22, 0
0 61 44: 326, 22, 0
0 61 45: 325, 22, 3
0 61 46: 325, 22, 2
0 61 47: 325, 22, 1
0 61 48: 325, 22, 1
0 61 49: 1289, 10, 2
0 61 50: 1250, 22, 0
0 61 50: 1289, 10, 3
0 61 52: 325, 22, 2
0 61 53: 325, 22, 2
0 61 54: 1289, 10, 0
0 61 55: 1289, 10, 0
0 61 57: 1282, 10, 1
0 61 59: 1249, 22, 3
0 61 59: 1282, 10, 1
0 61 61: 1289, 10, 0
0 62 1: 325, 22, 0
0 62 2: 325, 22, 1
0 62 3: 326, 22, 3
0 62 4: 325, 22, 3
0 62 5: 325, 22, 2
0 62 6: 325, 22, 3
0 62 7: 326, 22, 2
0 62 8: 325, 22, 0
0 62 15: 325, 22, 1
0 62 16: 325, 22, 1
0 62 17: 324, 22, 3
0 62 18: 325, 22, 3
0 62 19: 326, 22, 3
0 62 20: 325, 22, 1
0 62 21: 324, 22, 2
0 62 22: 325, 22, 3
0 62 29: 325, 22, 2
0 62 30: 326, 22, 2
0 62 31: 325, 22, 0
0 62 36: 325, 22, 3
0 62 39: 325, 22, 1
0 62 40: 325, 22, 1
0 62 43: 325, 22, 1
0 62 44: 324, 22, 2
0 62 45: 325, 22, 3
0 62 46: 326, 22, 3
0 62 47: 324, 22, 1
0 62 48: 325, 22, 1
0 62 50: 325, 22, 2
0 62 51: 325, 22, 3
0 62 52: 325, 22, 3
0 62 54: 325, 22, 0
0 62 57: 1249, 22, 1
0 62 59: 1250, 22, 1
0 62 60: 1250, 22, 0
0 62 61: 1289, 10, 3
0 63 1: 325, 22, 0
0 63 2: 325, 22, 3
0 63 3: 325, 22, 2
0 63 4: 325, 22, 0
0 63 5: 326, 22, 3
0 63 6: 325, 22, 3
0 63 7: 325, 22, 3
0 63 8: 325, 22, 0
0 63 17: 325, 22, 0
0 63 18: 324, 22, 2
0 63 20: 325, 22, 0
0 63 21: 326, 22, 2
0 63 22: 325, 22, 2
0 63 29: 325, 22, 2
0 63 30: 325, 22, 2
0 63 31: 325, 22, 1
0 63 37: 325, 22, 3
0 63 43: 325, 22, 1
0 63 44: 325, 22, 0
0 63 45: 325, 22, 0
0 63 46: 325, 22, 3
0 63 48: 325, 22, 0
0 63 55: 325, 22, 1
