0 0 1: 1247, 22, 3
0 0 15: 1257, 22, 0
0 0 16: 1258, 22, 3
0 0 17: 1257, 22, 3
0 0 21: 320, 22, 0
0 0 23: 320, 22, 3
0 0 25: 320, 22, 1
0 0 26: 320, 22, 0
0 0 27: 319, 22, 1
0 0 28: 319, 22, 2
0 0 29: 320, 22, 1
0 0 30: 320, 22, 1
0 0 50: 1124, 10, 0
0 0 54: 320, 22, 2
0 0 55: 321, 22, 1
0 0 56: 320, 22, 3
0 0 58: 320, 22, 0
0 1 0: 1246, 22, 0
0 1 0: 1276, 10, 1
0 1 10: 1276, 10, 2
0 1 11: 1247, 22, 0
0 1 14: 1257, 22, 1
0 1 15: 1257, 22, 1
0 1 16: 1259, 22, 0
0 1 17: 1258, 22, 0
0 1 20: 319, 22, 3
0 1 21: 321, 22, 0
0 1 22: 320, 22, 1
0 1 23: 319, 22, 0
0 1 24: 320, 22, 3
0 1 27: 320, 22, 0
0 1 28: 320, 22, 2
0 1 29: 320, 22, 1
0 1 30: 319, 22, 3
0 1 31: 320, 22, 3
0 1 35: 320, 22, 2
0 1 36: 321, 22, 0
0 1 46: 320, 22, 1
0 1 47: 319, 22, 2
0 1 48: 320, 22, 2
0 1 49: 321, 22, 1
0 1 51: 319, 22, 0
0 1 52: 321, 22, 2
0 1 54: 320, 22, 0
0 1 55: 319, 22, 3
0 1 57: 320, 22, 3
0 1 58: 319, 22, 2
0 2 0: 1247, 22, 2
0 2 1: 1247, 22, 0
0 2 2: 1281, 10, 3
0 2 3: 1247, 22, 2
0 2 4: 1246, 22, 3
0 2 5: 1276, 10, 0
0 2 6: 1247, 22, 2
0 2 10: 1247, 22, 2
0 2 11: 1246, 22, 3
0 2 12: 1281, 10, 0
0 2 13: 1247, 22, 0
0 2 14: 1247, 22, 3
0 2 15: 1258, 22, 1
0 2 16: 1259, 22, 3
0 2 20: 320, 22, 3
0 2 23: 1299, 11, 1
0 2 27: 1257, 22, 0
0 2 28: 1257, 22, 2
0 2 30: 320, 22, 3
0 2 32: 320, 22, 1
0 2 33: 320, 22, 2
0 2 36: 320, 22, 3
0 2 39: 320, 22, 0
0 2 47: 320, 22, 0
0 2 56: 320, 22, 3
0 2 57: 321, 22, 0
0 2 58: 320, 22, 2
0 2 59: 320, 22, 3
0 3 2: 1247, 22, 1
0 3 4: 1247, 22, 0
0 3 5: 1247, 22, 1
0 3 6: 1246, 22, 2
0 3 10: 1247, 22, 1
0 3 10: 1276, 11, 3
0 3 11: 1246, 22, 3
0 3 12: 1247, 22, 1
0 3 14: 1247, 22, 2
0 3 15: 1258, 22, 0
0 3 16: 1257, 22, 3
0 3 18: 320, 22, 0
0 3 23: 1902, 9, 3
0 3 24: 196, 5, 0
0 3 24: 1902, 0, 0
0 3 25: 896, 5, 0
0 3 25: 1902, 0, 0
0 3 26: 196, 5, 0
0 3 26: 1902, 0, 0
0 3 27: 1902, 9, 0
0 3 28: 1189, 10, 3
0 3 28: 1257, 22, 3
0 3 29: 1257, 22, 0
0 3 32: 321, 22, 1
0 3 33: 320, 22, 1
0 3 35: 321, 22, 2
0 3 36: 321, 22, 2
0 3 38: 320, 22, 2
0 3 39: 319, 22, 0
0 3 40: 320, 22, 1
0 3 41: 321, 22, 2
0 3 42: 320, 22, 0
0 3 43: 320, 22, 2
0 3 44: 319, 22, 3
0 3 45: 320, 22, 3
0 3 50: 319, 22, 1
0 3 51: 321, 22, 0
0 3 54: 1276, 10, 3
0 3 58: 320, 22, 2
0 3 59: 321, 22, 3
0 3 60: 320, 22, 0
0 3 62: 1278, 11, 3
0 4 2: 1247, 22, 3
0 4 4: 1252, 22, 3
0 4 5: 1276, 11, 2
0 4 6: 1247, 22, 2
0 4 10: 1247, 22, 1
0 4 14: 1246, 22, 0
0 4 15: 1259, 22, 2
0 4 17: 320, 22, 3
0 4 18: 319, 22, 2
0 4 19: 320, 22, 0
0 4 21: 1257, 22, 1
0 4 22: 1902, 9, 3
0 4 22: 1938, 8, 3
0 4 23: 1869, 10, 1
0 4 23: 1902, 1, 3
0 4 27: 1869, 10, 1
0 4 27: 1902, 1, 0
0 4 28: 1902, 9, 0
0 4 28: 1938, 8, 0
0 4 29: 1189, 10, 0
0 4 29: 1257, 22, 1
0 4 30: 1258, 22, 2
0 4 33: 320, 22, 3
0 4 34: 320, 22, 0
0 4 37: 320, 22, 1
0 4 38: 321, 22, 3
0 4 39: 320, 22, 0
0 4 40: 319, 22, 0
0 4 41: 320, 22, 2
0 4 42: 320, 22, 1
0 4 43: 321, 22, 1
0 4 44: 320, 22, 0
0 4 47: 1602, 1, 1
0 4 48: 1602, 0, 2
0 4 49: 1602, 0, 2
0 4 50: 1602, 0, 2
0 4 51: 1602, 0, 2
0 4 52: 1602, 0, 2
0 4 53: 1602, 0, 2
0 4 54: 1602, 0, 2
0 4 55: 1602, 0, 2
0 4 56: 1602, 0, 2
0 4 57: 1602, 1, 2
0 4 58: 320, 22, 1
0 4 59: 320, 22, 2
0 4 60: 319, 22, 1
0 4 61: 320, 22, 1
0 5 2: 1247, 22, 1
0 5 2: 1276, 11, 1
0 5 3: 1246, 22, 0
0 5 5: 1247, 22, 3
0 5 6: 1246, 22, 1
0 5 9: 1258, 22, 1
0 5 12: 1247, 22, 0
0 5 12: 1276, 11, 0
0 5 13: 1246, 22, 1
0 5 14: 1258, 22, 2
0 5 15: 1258, 22, 3
0 5 17: 321, 22, 1
0 5 18: 320, 22, 1
0 5 20: 1257, 22, 2
0 5 21: 1902, 9, 3
0 5 21: 1938, 8, 3
0 5 22: 1902, 1, 3
0 5 28: 1902, 1, 0
0 5 29: 1902, 9, 0
0 5 29: 1938, 8, 0
0 5 30: 1258, 22, 3
0 5 31: 1257, 22, 2
0 5 35: 320, 22, 3
0 5 38: 320, 22, 0
0 5 40: 320, 22, 3
0 5 46: 1124, 11, 0
0 5 47: 1602, 0, 1
0 5 48: 361, 10, 0
0 5 49: 380, 10, 0
0 5 51: 202, 10, 1
0 5 52: 380, 10, 0
0 5 54: 202, 10, 1
0 5 55: 380, 10, 0
0 5 57: 1602, 0, 3
0 5 58: 321, 22, 0
0 5 60: 320, 22, 3
0 6 3: 1247, 22, 0
0 6 5: 1258, 22, 2
0 6 8: 1259, 22, 1
0 6 9: 1259, 22, 1
0 6 10: 1258, 22, 2
0 6 13: 1247, 22, 0
0 6 14: 1257, 22, 2
0 6 17: 320, 22, 3
0 6 19: 1300, 11, 1
0 6 20: 1902, 9, 3
0 6 21: 1869, 10, 0
0 6 21: 1902, 1, 3
0 6 29: 1869, 10, 2
0 6 29: 1902, 1, 0
0 6 30: 1902, 9, 0
0 6 31: 1257, 22, 0
0 6 33: 319, 22, 3
0 6 34: 320, 22, 0
0 6 35: 321, 22, 3
0 6 36: 320, 22, 2
0 6 45: 1196, 10, 3
0 6 47: 1615, 0, 1
0 6 51: 1247, 22, 2
0 6 54: 920, 22, 3
0 6 55: 920, 22, 0
0 6 56: 1248, 22, 1
0 6 57: 1602, 0, 3
0 6 60: 321, 22, 2
0 6 61: 320, 22, 0
0 7 3: 1258, 22, 2
0 7 4: 1259, 22, 0
0 7 5: 1259, 22, 0
0 7 6: 1258, 22, 0
0 7 8: 1258, 22, 1
0 7 9: 1259, 22, 0
0 7 10: 1259, 22, 0
0 7 10: 1394, 10, 1
0 7 11: 1259, 22, 3
0 7 14: 1259, 22, 0
0 7 18: 1257, 22, 3
0 7 19: 1258, 22, 2
0 7 20: 196, 5, 3
0 7 20: 1902, 0, 3
0 7 24: 2207, 22, 0
0 7 25: 2204, 22, 0
0 7 26: 2201, 22, 0
0 7 30: 196, 5, 1
0 7 30: 1902, 0, 1
0 7 31: 1257, 22, 1
0 7 32: 1257, 22, 2
0 7 33: 321, 22, 1
0 7 34: 320, 22, 0
0 7 35: 320, 22, 1
0 7 43: 1124, 11, 3
0 7 44: 1196, 10, 0
0 7 45: 1124, 11, 0
0 7 46: 1196, 10, 2
0 7 47: 1602, 0, 1
0 7 50: 1102, 10, 2
0 7 51: 604, 10, 0
0 7 52: 1102, 10, 0
0 7 53: 604, 10, 3
0 7 54: 921, 22, 2
0 7 55: 921, 22, 0
0 7 56: 608, 10, 0
0 7 57: 1257, 22, 3
0 7 57: 1602, 0, 3
0 7 58: 1257, 22, 2
0 7 59: 319, 22, 0
0 7 60: 320, 22, 2
0 7 61: 321, 22, 1
0 7 62: 320, 22, 1
0 8 4: 1258, 22, 1
0 8 5: 1259, 22, 3
0 8 6: 1258, 22, 1
0 8 8: 1258, 22, 0
0 8 9: 1258, 22, 0
0 8 10: 1258, 22, 3
0 8 11: 1189, 10, 0
0 8 11: 1259, 22, 2
0 8 12: 1258, 22, 0
0 8 13: 1257, 22, 3
0 8 14: 1259, 22, 0
0 8 16: 320, 22, 0
0 8 18: 1257, 22, 1
0 8 19: 1259, 22, 2
0 8 20: 1902, 0, 3
0 8 21: 2210, 10, 2
0 8 24: 2208, 22, 0
0 8 25: 2205, 22, 0
0 8 26: 2202, 22, 0
0 8 28: 2190, 10, 1
0 8 30: 897, 5, 1
0 8 30: 1902, 0, 1
0 8 31: 1258, 22, 0
0 8 32: 1257, 22, 2
0 8 34: 320, 22, 1
0 8 35: 321, 22, 0
0 8 36: 320, 22, 3
0 8 40: 1246, 22, 0
0 8 40: 1281, 10, 0
0 8 41: 1246, 22, 1
0 8 42: 1246, 22, 2
0 8 45: 884, 10, 1
0 8 45: 2771, 22, 0
0 8 47: 1615, 0, 1
0 8 49: 1246, 22, 2
0 8 53: 2739, 22, 0
0 8 54: 921, 22, 2
0 8 55: 921, 22, 0
0 8 57: 1257, 22, 3
0 8 57: 1602, 0, 3
0 8 61: 320, 22, 0
0 9 4: 1258, 22, 0
0 9 5: 1189, 10, 2
0 9 5: 1259, 22, 2
0 9 6: 1259, 22, 2
0 9 7: 1278, 10, 3
0 9 8: 1247, 22, 0
0 9 10: 1258, 22, 3
0 9 11: 1189, 10, 1
0 9 13: 1258, 22, 2
0 9 14: 1257, 22, 2
0 9 16: 319, 22, 1
0 9 17: 320, 22, 1
0 9 19: 1257, 22, 2
0 9 20: 196, 5, 3
0 9 20: 1902, 0, 3
0 9 24: 2209, 22, 0
0 9 25: 2206, 22, 0
0 9 26: 2203, 22, 0
0 9 30: 196, 5, 1
0 9 30: 1902, 0, 1
0 9 31: 1189, 10, 0
0 9 31: 1258, 22, 3
0 9 32: 1257, 22, 3
0 9 34: 320, 22, 2
0 9 35: 320, 22, 0
0 9 37: 320, 22, 0
0 9 39: 1300, 11, 0
0 9 43: 1195, 10, 2
0 9 44: 1187, 10, 1
0 9 47: 1602, 0, 1
0 9 48: 1247, 22, 3
0 9 52: 1102, 10, 0
0 9 53: 604, 10, 0
0 9 54: 921, 22, 2
0 9 55: 921, 22, 0
0 9 56: 608, 10, 0
0 9 57: 1257, 22, 0
0 9 57: 1602, 0, 3
0 9 58: 1257, 22, 1
0 9 60: 320, 22, 2
0 9 61: 320, 22, 3
0 10 5: 1258, 22, 0
0 10 6: 1258, 22, 3
0 10 7: 1247, 22, 0
0 10 8: 1246, 22, 1
0 10 12: 1257, 22, 2
0 10 13: 1259, 22, 3
0 10 14: 1258, 22, 3
0 10 16: 320, 22, 2
0 10 17: 319, 22, 0
0 10 18: 320, 22, 3
0 10 19: 1257, 22, 0
0 10 20: 1902, 9, 2
0 10 21: 1869, 10, 0
0 10 21: 1902, 1, 2
0 10 29: 1869, 10, 2
0 10 29: 1902, 1, 1
0 10 30: 1902, 9, 1
0 10 31: 1257, 22, 3
0 10 35: 320, 22, 0
0 10 36: 320, 22, 2
0 10 37: 319, 22, 2
0 10 40: 1247, 22, 1
0 10 41: 1246, 22, 3
0 10 42: 1246, 22, 0
0 10 44: 1195, 10, 1
0 10 45: 1187, 10, 1
0 10 47: 1602, 0, 1
0 10 50: 1102, 10, 2
0 10 51: 595, 10, 0
0 10 52: 1246, 22, 3
0 10 54: 921, 22, 2
0 10 55: 921, 22, 0
0 10 57: 1602, 0, 3
0 10 60: 321, 22, 3
0 10 61: 319, 22, 3
0 10 62: 320, 22, 2
0 11 2: 1247, 22, 3
0 11 2: 1276, 10, 3
0 11 3: 1246, 22, 3
0 11 10: 1124, 10, 2
0 11 13: 1257, 22, 0
0 11 14: 1257, 22, 2
0 11 17: 320, 22, 1
0 11 20: 1258, 22, 1
0 11 21: 1902, 9, 2
0 11 21: 1938, 8, 2
0 11 22: 1902, 1, 2
0 11 28: 1902, 1, 1
0 11 29: 1902, 9, 1
0 11 29: 1938, 8, 1
0 11 30: 1257, 22, 3
0 11 31: 1257, 22, 2
0 11 34: 320, 22, 3
0 11 35: 321, 22, 0
0 11 36: 320, 22, 1
0 11 38: 1247, 22, 2
0 11 38: 1276, 10, 0
0 11 39: 1246, 22, 3
0 11 40: 1394, 10, 1
0 11 42: 1394, 10, 2
0 11 47: 1533, 0, 1
0 11 48: 919, 22, 2
0 11 50: 1102, 10, 1
0 11 53: 604, 10, 0
0 11 54: 920, 22, 2
0 11 55: 920, 22, 1
0 11 57: 1602, 0, 3
0 11 60: 320, 22, 1
0 11 61: 320, 22, 1
0 12 1: 1257, 22, 0
0 12 2: 1247, 22, 1
0 12 3: 1247, 22, 2
0 12 4: 1189, 10, 1
0 12 4: 1257, 22, 3
0 12 5: 1257, 22, 2
0 12 6: 1124, 10, 1
0 12 13: 1247, 22, 2
0 12 13: 1276, 10, 0
0 12 14: 1247, 22, 2
0 12 17: 320, 22, 2
0 12 18: 320, 22, 1
0 12 20: 1173, 11, 1
0 12 21: 1257, 22, 1
0 12 22: 1902, 9, 2
0 12 22: 1938, 8, 2
0 12 23: 1869, 10, 3
0 12 23: 1902, 1, 2
0 12 27: 1869, 10, 3
0 12 27: 1902, 1, 1
0 12 28: 1902, 9, 1
0 12 28: 1938, 8, 1
0 12 29: 1189, 10, 0
0 12 29: 1257, 22, 1
0 12 33: 320, 22, 1
0 12 35: 320, 22, 3
0 12 38: 1246, 22, 2
0 12 39: 1246, 22, 0
0 12 46: 1257, 22, 1
0 12 47: 1257, 22, 2
0 12 47: 1602, 0, 1
0 12 53: 1248, 22, 2
0 12 55: 2187, 10, 1
0 12 57: 1602, 0, 3
0 12 58: 1257, 22, 1
0 12 59: 1257, 22, 0
0 12 60: 321, 22, 1
0 12 61: 320, 22, 2
0 12 62: 320, 22, 1
0 13 1: 1257, 22, 1
0 13 2: 1257, 22, 2
0 13 3: 1189, 10, 3
0 13 3: 1258, 22, 2
0 13 4: 1257, 22, 3
0 13 5: 1258, 22, 1
0 13 6: 1257, 22, 1
0 13 9: 1247, 22, 3
0 13 9: 1278, 10, 0
0 13 10: 1246, 22, 1
0 13 13: 1246, 22, 2
0 13 14: 1247, 22, 3
0 13 18: 321, 22, 0
0 13 19: 320, 22, 3
0 13 22: 1257, 22, 0
0 13 23: 1902, 9, 2
0 13 24: 196, 5, 2
0 13 24: 1902, 0, 2
0 13 25: 896, 5, 2
0 13 25: 1902, 0, 2
0 13 26: 196, 5, 2
0 13 26: 1902, 0, 2
0 13 27: 1902, 9, 1
0 13 29: 1257, 22, 0
0 13 32: 320, 22, 2
0 13 33: 321, 22, 3
0 13 34: 320, 22, 0
0 13 38: 1276, 10, 1
0 13 39: 1247, 22, 3
0 13 40: 1394, 10, 1
0 13 46: 1257, 22, 0
0 13 47: 1189, 10, 3
0 13 47: 1257, 22, 3
0 13 47: 1602, 0, 1
0 13 48: 202, 11, 3
0 13 51: 1023, 4, 2
0 13 52: 2728, 10, 2
0 13 53: 2772, 22, 2
0 13 57: 1257, 22, 3
0 13 57: 1602, 0, 3
0 13 58: 1257, 22, 2
0 13 60: 320, 22, 3
0 13 61: 320, 22, 2
0 13 62: 321, 22, 1
0 13 63: 320, 22, 1
0 14 1: 1257, 22, 1
0 14 2: 1258, 22, 3
0 14 3: 1259, 22, 1
0 14 4: 1189, 10, 3
0 14 4: 1259, 22, 0
0 14 5: 1258, 22, 1
0 14 6: 1257, 22, 0
0 14 9: 1247, 22, 1
0 14 10: 1247, 22, 2
0 14 13: 1247, 22, 0
0 14 14: 1281, 10, 2
0 14 15: 1247, 22, 1
0 14 16: 1247, 22, 0
0 14 17: 1257, 22, 0
0 14 20: 320, 22, 1
0 14 30: 320, 22, 2
0 14 31: 321, 22, 0
0 14 32: 320, 22, 1
0 14 33: 320, 22, 3
0 14 39: 1246, 22, 2
0 14 43: 1189, 10, 2
0 14 47: 1602, 1, 0
0 14 48: 1189, 10, 2
0 14 48: 1602, 0, 0
0 14 49: 1189, 10, 1
0 14 49: 1615, 0, 0
0 14 50: 1602, 0, 0
0 14 51: 1602, 0, 0
0 14 52: 1394, 10, 1
0 14 52: 1602, 0, 0
0 14 53: 1602, 0, 0
0 14 54: 1602, 0, 0
0 14 55: 1615, 0, 0
0 14 56: 1257, 22, 0
0 14 56: 1602, 0, 0
0 14 57: 1259, 22, 2
0 14 57: 1602, 1, 3
0 14 58: 1257, 22, 0
0 14 60: 320, 22, 3
0 14 61: 321, 22, 3
0 14 62: 320, 22, 0
0 15 2: 1257, 22, 2
0 15 3: 1258, 22, 0
0 15 4: 1259, 22, 0
0 15 5: 1258, 22, 2
0 15 6: 1189, 10, 0
0 15 6: 1257, 22, 0
0 15 7: 1257, 22, 3
0 15 12: 1247, 22, 3
0 15 12: 1276, 10, 3
0 15 13: 1247, 22, 2
0 15 14: 1247, 22, 2
0 15 16: 1246, 22, 0
0 15 17: 1258, 22, 3
0 15 20: 319, 22, 3
0 15 21: 321, 22, 1
0 15 24: 1173, 11, 0
0 15 29: 321, 22, 3
0 15 30: 320, 22, 1
0 15 31: 320, 22, 0
0 15 32: 321, 22, 1
0 15 35: 1247, 22, 1
0 15 35: 1278, 10, 3
0 15 42: 1189, 10, 1
0 15 44: 1247, 22, 2
0 15 44: 1281, 10, 1
0 15 45: 1247, 22, 1
0 15 46: 1246, 22, 2
0 15 48: 1189, 10, 1
0 15 54: 1257, 22, 2
0 15 54: 1394, 10, 0
0 15 55: 1258, 22, 2
0 15 56: 1259, 22, 3
0 15 57: 1257, 22, 1
0 15 59: 319, 22, 2
0 15 60: 320, 22, 0
0 15 61: 321, 22, 3
0 15 62: 320, 22, 2
0 16 3: 1257, 22, 3
0 16 4: 1258, 22, 1
0 16 5: 1259, 22, 2
0 16 6: 1258, 22, 0
0 16 7: 1257, 22, 2
0 16 9: 1124, 10, 3
0 16 12: 1247, 22, 1
0 16 13: 1246, 22, 3
0 16 15: 1247, 22, 3
0 16 17: 1258, 22, 1
0 16 18: 1259, 22, 1
0 16 21: 320, 22, 2
0 16 22: 319, 22, 2
0 16 23: 319, 22, 2
0 16 24: 320, 22, 0
0 16 26: 320, 22, 0
0 16 28: 320, 22, 1
0 16 29: 321, 22, 2
0 16 30: 320, 22, 3
0 16 32: 320, 22, 3
0 16 35: 1247, 22, 3
0 16 36: 1247, 22, 3
0 16 39: 1248, 22, 3
0 16 40: 1189, 10, 0
0 16 42: 1247, 22, 2
0 16 44: 1246, 22, 0
0 16 47: 1246, 22, 2
0 16 47: 1276, 10, 2
0 16 48: 1246, 22, 3
0 16 49: 1246, 22, 1
0 16 49: 1281, 10, 2
0 16 50: 1247, 22, 0
0 16 51: 1246, 22, 2
0 16 53: 1257, 22, 1
0 16 54: 1257, 22, 3
0 16 55: 1258, 22, 2
0 16 56: 1259, 22, 0
0 16 59: 320, 22, 2
0 16 61: 320, 22, 1
0 17 5: 1257, 22, 0
0 17 6: 1124, 10, 1
0 17 6: 1257, 22, 1
0 17 7: 1247, 22, 0
0 17 16: 1278, 10, 3
0 17 17: 1247, 22, 0
0 17 18: 1257, 22, 1
0 17 19: 1258, 22, 3
0 17 22: 320, 22, 3
0 17 23: 320, 22, 1
0 17 25: 320, 22, 3
0 17 26: 321, 22, 2
0 17 27: 320, 22, 1
0 17 29: 320, 22, 2
0 17 35: 1173, 11, 0
0 17 42: 1276, 10, 2
0 17 43: 1247, 22, 0
0 17 44: 1246, 22, 3
0 17 45: 1246, 22, 2
0 17 47: 1247, 22, 1
0 17 51: 1246, 22, 3
0 17 58: 320, 22, 1
0 17 59: 319, 22, 1
0 17 60: 320, 22, 3
0 18 8: 1189, 10, 3
0 18 10: 1189, 10, 3
0 18 15: 1189, 10, 3
0 18 16: 1247, 22, 1
0 18 17: 1246, 22, 1
0 18 20: 1257, 22, 3
0 18 26: 320, 22, 2
0 18 32: 1281, 10, 0
0 18 33: 1247, 22, 1
0 18 34: 1246, 22, 3
0 18 35: 1247, 22, 0
0 18 35: 1278, 10, 0
0 18 41: 1189, 10, 3
0 18 42: 1246, 22, 2
0 18 43: 1247, 22, 0
0 18 45: 320, 22, 0
0 18 49: 1246, 22, 0
0 18 50: 1247, 22, 3
0 18 55: 320, 22, 2
0 18 57: 320, 22, 3
0 18 58: 321, 22, 0
0 18 59: 320, 22, 1
0 18 60: 320, 22, 1
0 19 9: 1189, 10, 1
0 19 10: 1257, 22, 0
0 19 11: 1257, 22, 0
0 19 11: 1394, 10, 1
0 19 12: 1257, 22, 3
0 19 17: 1189, 10, 2
0 19 18: 1189, 10, 0
0 19 21: 1278, 10, 2
0 19 25: 1278, 10, 3
0 19 26: 1246, 22, 0
0 19 29: 1247, 22, 3
0 19 29: 1278, 10, 1
0 19 30: 1247, 22, 0
0 19 32: 1247, 22, 2
0 19 34: 1247, 22, 0
0 19 35: 1247, 22, 2
0 19 36: 1247, 22, 1
0 19 39: 1247, 22, 0
0 19 39: 1278, 10, 1
0 19 40: 1247, 22, 2
0 19 44: 320, 22, 1
0 19 45: 319, 22, 1
0 19 46: 320, 22, 2
0 19 47: 320, 22, 3
0 19 52: 320, 22, 1
0 19 54: 320, 22, 3
0 19 55: 321, 22, 0
0 19 56: 320, 22, 1
0 19 57: 320, 22, 1
0 19 58: 320, 22, 2
0 19 59: 320, 22, 1
0 19 60: 319, 22, 0
0 20 0: 1257, 22, 1
0 20 1: 1257, 22, 0
0 20 9: 1247, 22, 0
0 20 9: 1394, 10, 2
0 20 10: 1246, 22, 0
0 20 11: 1257, 22, 2
0 20 12: 1257, 22, 2
0 20 13: 1257, 22, 2
0 20 17: 1189, 10, 1
0 20 22: 1246, 22, 2
0 20 23: 1276, 11, 2
0 20 24: 1247, 22, 2
0 20 25: 1247, 22, 1
0 20 26: 1247, 22, 0
0 20 29: 1246, 22, 1
0 20 30: 1247, 22, 3
0 20 32: 1246, 22, 2
0 20 33: 1247, 22, 3
0 20 39: 1247, 22, 3
0 20 42: 320, 22, 3
0 20 43: 320, 22, 3
0 20 44: 321, 22, 3
0 20 45: 319, 22, 0
0 20 46: 320, 22, 0
0 20 47: 319, 22, 0
0 20 48: 320, 22, 2
0 20 50: 320, 22, 2
0 20 51: 319, 22, 2
0 20 52: 320, 22, 3
0 20 55: 320, 22, 0
0 20 56: 320, 22, 3
0 20 57: 319, 22, 3
0 20 58: 320, 22, 3
0 21 0: 1258, 22, 3
0 21 1: 1258, 22, 3
0 21 2: 1258, 22, 2
0 21 8: 1257, 22, 1
0 21 9: 1257, 22, 0
0 21 10: 1247, 22, 1
0 21 11: 1257, 22, 0
0 21 12: 1257, 22, 1
0 21 13: 1257, 22, 3
0 21 13: 1394, 10, 0
0 21 15: 1124, 10, 1
0 21 21: 1278, 10, 0
0 21 23: 1247, 22, 1
0 21 24: 1246, 22, 3
0 21 33: 1189, 10, 1
0 21 36: 1257, 22, 0
0 21 37: 1257, 22, 3
0 21 38: 1257, 22, 2
0 21 41: 321, 22, 3
0 21 42: 319, 22, 3
0 21 43: 320, 22, 1
0 21 44: 321, 22, 3
0 21 45: 320, 22, 2
0 21 47: 320, 22, 1
0 21 49: 320, 22, 2
0 21 50: 320, 22, 1
0 21 51: 321, 22, 2
0 21 52: 320, 22, 0
0 21 53: 320, 22, 3
0 21 55: 320, 22, 1
0 21 57: 320, 22, 1
0 22 0: 1257, 22, 3
0 22 1: 1259, 22, 2
0 22 2: 1259, 22, 0
0 22 3: 1258, 22, 1
0 22 7: 1257, 22, 0
0 22 8: 1258, 22, 1
0 22 9: 1257, 22, 3
0 22 10: 1258, 22, 0
0 22 11: 1258, 22, 3
0 22 12: 1257, 22, 0
0 22 13: 1257, 22, 2
0 22 14: 1257, 22, 0
0 22 17: 1124, 10, 3
0 22 30: 1257, 22, 2
0 22 31: 1257, 22, 1
0 22 35: 1189, 10, 3
0 22 35: 1257, 22, 1
0 22 36: 1189, 10, 2
0 22 36: 1258, 22, 2
0 22 37: 1258, 22, 3
0 22 40: 320, 22, 2
0 22 42: 320, 22, 0
0 22 47: 320, 22, 1
0 22 48: 320, 22, 0
0 22 49: 321, 22, 1
0 22 50: 320, 22, 3
0 22 52: 320, 22, 1
0 22 53: 319, 22, 1
0 22 54: 320, 22, 0
0 22 55: 321, 22, 3
0 22 56: 320, 22, 0
0 22 62: 1189, 10, 0
0 23 0: 1257, 22, 3
0 23 1: 1257, 22, 3
0 23 2: 1258, 22, 0
0 23 3: 1257, 22, 3
0 23 8: 1257, 22, 3
0 23 9: 1258, 22, 1
0 23 10: 1259, 22, 0
0 23 11: 1259, 22, 0
0 23 11: 1394, 10, 3
0 23 12: 1259, 22, 3
0 23 13: 1259, 22, 3
0 23 14: 1257, 22, 2
0 23 15: 1257, 22, 1
0 23 16: 1257, 22, 0
0 23 29: 1257, 22, 3
0 23 30: 1258, 22, 1
0 23 31: 1259, 22, 2
0 23 32: 1257, 22, 0
0 23 33: 1189, 10, 1
0 23 35: 1257, 22, 2
0 23 36: 1259, 22, 0
0 23 38: 321, 22, 2
0 23 39: 320, 22, 2
0 23 43: 980, 9, 3
0 23 44: 980, 0, 0
0 23 45: 980, 0, 0
0 23 46: 980, 9, 0
0 23 49: 320, 22, 0
0 23 53: 320, 22, 2
0 23 55: 320, 22, 1
0 23 59: 1189, 10, 3
0 23 60: 1189, 10, 2
0 24 0: 1257, 22, 0
0 24 1: 1285, 10, 2
0 24 2: 1251, 22, 2
0 24 3: 1257, 22, 2
0 24 4: 1257, 22, 1
0 24 10: 1258, 22, 2
0 24 11: 1259, 22, 2
0 24 12: 1259, 22, 3
0 24 13: 1259, 22, 0
0 24 14: 1258, 22, 2
0 24 15: 1257, 22, 0
0 24 28: 1257, 22, 0
0 24 29: 1258, 22, 2
0 24 30: 1259, 22, 3
0 24 31: 1259, 22, 2
0 24 33: 1298, 11, 2
0 24 34: 1033, 11, 2
0 24 36: 321, 22, 1
0 24 37: 320, 22, 3
0 24 38: 320, 22, 0
0 24 42: 980, 9, 3
0 24 43: 980, 1, 3
0 24 46: 980, 1, 0
0 24 47: 980, 9, 0
0 25 0: 1252, 22, 1
0 25 0: 1285, 10, 0
0 25 1: 1252, 22, 2
0 25 2: 1285, 10, 1
0 25 3: 1251, 22, 1
0 25 4: 1257, 22, 2
0 25 10: 1173, 10, 3
0 25 11: 1258, 22, 3
0 25 12: 1258, 22, 1
0 25 13: 1258, 22, 0
0 25 14: 1257, 22, 2
0 25 15: 1257, 22, 1
0 25 24: 1281, 10, 0
0 25 25: 1247, 22, 2
0 25 26: 1247, 22, 3
0 25 27: 1247, 22, 0
0 25 27: 1276, 10, 0
0 25 28: 1247, 22, 2
0 25 29: 1259, 22, 3
0 25 30: 1258, 22, 0
0 25 31: 1257, 22, 3
0 25 33: 320, 22, 0
0 25 34: 321, 22, 0
0 25 35: 320, 22, 2
0 25 36: 320, 22, 3
0 25 39: 981, 3, 0
0 25 40: 980, 0, 0
0 25 41: 980, 0, 0
0 25 42: 980, 1, 3
0 25 44: 1248, 22, 0
0 25 45: 663, 10, 0
0 25 47: 980, 1, 0
0 25 48: 980, 0, 0
0 25 49: 981, 3, 3
0 25 49: 1247, 22, 2
0 25 49: 1276, 10, 1
0 25 50: 1247, 22, 3
0 25 51: 1281, 10, 0
0 25 52: 1247, 22, 1
0 25 53: 1247, 22, 0
0 25 54: 981, 3, 2
0 25 62: 1276, 10, 3
0 25 63: 1247, 22, 0
0 26 1: 1251, 22, 0
0 26 2: 1252, 22, 0
0 26 4: 1257, 22, 2
0 26 4: 1394, 10, 0
0 26 11: 1257, 22, 2
0 26 12: 1258, 22, 0
0 26 13: 1258, 22, 1
0 26 14: 1258, 22, 3
0 26 16: 1173, 10, 2
0 26 21: 1247, 22, 1
0 26 21: 1278, 10, 3
0 26 22: 1247, 22, 2
0 26 24: 1247, 22, 3
0 26 26: 1247, 22, 1
0 26 27: 1246, 22, 0
0 26 28: 1257, 22, 0
0 26 29: 1257, 22, 1
0 26 30: 1257, 22, 2
0 26 35: 1189, 10, 1
0 26 37: 1631, 0, 2
0 26 38: 1631, 0, 2
0 26 39: 1631, 0, 2
0 26 40: 1631, 0, 2
0 26 41: 1631, 0, 2
0 26 41: 1838, 5, 2
0 26 42: 1089, 10, 0
0 26 42: 1631, 0, 2
0 26 49: 1246, 22, 3
0 26 50: 1247, 22, 3
0 26 54: 980, 9, 2
0 26 55: 980, 1, 2
0 26 62: 1247, 22, 0
0 26 63: 1246, 22, 0
0 27 1: 1308, 10, 0
0 27 4: 1257, 22, 3
0 27 5: 1257, 22, 2
0 27 6: 1257, 22, 1
0 27 13: 1257, 22, 1
0 27 14: 1257, 22, 0
0 27 21: 1247, 22, 3
0 27 22: 1246, 22, 2
0 27 24: 1246, 22, 1
0 27 33: 1189, 10, 3
0 27 35: 1189, 10, 0
0 27 37: 1631, 0, 3
0 27 37: 2728, 10, 0
0 27 38: 2772, 22, 0
0 27 39: 197, 4, 0
0 27 39: 325, 22, 3
0 27 40: 324, 22, 3
0 27 41: 325, 22, 3
0 27 41: 1838, 4, 0
0 27 42: 326, 22, 1
0 27 42: 1631, 0, 1
0 27 43: 357, 10, 0
0 27 45: 1257, 22, 1
0 27 46: 1257, 22, 2
0 27 51: 1247, 22, 0
0 27 52: 1247, 22, 3
0 27 53: 1246, 22, 0
0 27 55: 980, 9, 2
0 27 56: 981, 3, 2
0 27 57: 1394, 10, 3
0 27 60: 1247, 22, 1
0 27 60: 1276, 10, 0
0 28 1: 1252, 22, 0
0 28 2: 1251, 22, 3
0 28 4: 1189, 10, 0
0 28 4: 1257, 22, 0
0 28 5: 1258, 22, 1
0 28 6: 1259, 22, 1
0 28 17: 1173, 11, 0
0 28 22: 1124, 10, 3
0 28 25: 1276, 10, 2
0 28 26: 1246, 22, 3
0 28 30: 1248, 22, 2
0 28 33: 1247, 22, 2
0 28 33: 1276, 10, 0
0 28 34: 1247, 22, 3
0 28 36: 1838, 4, 1
0 28 37: 326, 22, 1
0 28 37: 1631, 0, 3
0 28 37: 1838, 5, 3
0 28 38: 325, 22, 0
0 28 39: 325, 22, 0
0 28 42: 325, 22, 1
0 28 42: 1631, 0, 1
0 28 42: 1838, 5, 1
0 28 43: 356, 10, 3
0 28 43: 1838, 4, 3
0 28 45: 1258, 22, 0
0 28 46: 1258, 22, 1
0 28 46: 1394, 10, 3
0 28 47: 1257, 22, 2
0 28 53: 1276, 10, 3
0 28 54: 1247, 22, 2
0 28 56: 980, 0, 3
0 28 60: 1246, 22, 2
0 28 61: 1247, 22, 3
0 29 3: 1189, 10, 0
0 29 4: 1189, 10, 1
0 29 5: 1258, 22, 3
0 29 6: 1259, 22, 2
0 29 7: 1259, 22, 0
0 29 33: 1246, 22, 2
0 29 34: 1247, 22, 1
0 29 35: 1394, 10, 2
0 29 37: 325, 22, 3
0 29 37: 1631, 0, 3
0 29 39: 326, 22, 0
0 29 40: 325, 22, 0
0 29 40: 1089, 10, 1
0 29 42: 1246, 22, 1
0 29 42: 1631, 0, 1
0 29 44: 827, 22, 0
0 29 45: 1259, 22, 3
0 29 46: 1258, 22, 2
0 29 48: 1631, 9, 3
0 29 49: 197, 6, 0
0 29 49: 1631, 9, 0
0 29 51: 1089, 10, 2
0 29 53: 1246, 22, 1
0 29 56: 980, 0, 3
0 29 62: 1189, 10, 1
0 30 0: 1252, 22, 3
0 30 0: 1285, 10, 2
0 30 1: 1252, 22, 2
0 30 2: 1194, 10, 1
0 30 4: 1257, 22, 1
0 30 5: 1258, 22, 3
0 30 6: 1258, 22, 2
0 30 6: 1394, 10, 1
0 30 7: 1259, 22, 3
0 30 37: 1247, 22, 1
0 30 37: 1631, 0, 3
0 30 38: 1838, 4, 2
0 30 39: 197, 4, 2
0 30 39: 325, 22, 3
0 30 41: 197, 4, 2
0 30 42: 1631, 0, 1
0 30 44: 1259, 22, 0
0 30 45: 1259, 22, 2
0 30 47: 1631, 9, 3
0 30 47: 1838, 8, 3
0 30 48: 365, 11, 3
0 30 48: 1631, 1, 3
0 30 49: 325, 22, 3
0 30 49: 365, 11, 0
0 30 49: 1631, 1, 0
0 30 50: 1631, 9, 0
0 30 50: 1838, 8, 0
0 30 56: 980, 0, 3
0 30 59: 1394, 10, 3
0 30 61: 1189, 10, 0
0 31 0: 1252, 22, 2
0 31 1: 1251, 22, 3
0 31 3: 1194, 10, 3
0 31 4: 1257, 22, 2
0 31 5: 1189, 10, 2
0 31 5: 1257, 22, 2
0 31 6: 1258, 22, 0
0 31 7: 1258, 22, 1
0 31 21: 1124, 10, 3
0 31 31: 447, 10, 1
0 31 37: 1257, 22, 0
0 31 37: 1631, 0, 0
0 31 38: 1631, 0, 0
0 31 38: 1838, 5, 0
0 31 39: 1257, 22, 2
0 31 39: 1631, 0, 0
0 31 40: 1530, 0, 0
0 31 41: 1631, 0, 0
0 31 42: 1631, 0, 0
0 31 44: 1258, 22, 2
0 31 46: 1631, 9, 3
0 31 47: 326, 22, 3
0 31 47: 1631, 1, 3
0 31 48: 325, 22, 2
0 31 49: 326, 22, 2
0 31 50: 325, 22, 2
0 31 50: 1089, 10, 0
0 31 50: 1631, 1, 0
0 31 51: 1631, 9, 0
0 31 53: 1276, 10, 1
0 31 54: 1246, 22, 2
0 31 56: 980, 0, 3
0 31 58: 1394, 10, 2
0 31 62: 1189, 10, 3
0 32 2: 1194, 10, 2
0 32 6: 1257, 22, 2
0 32 7: 1258, 22, 0
0 32 14: 1176, 11, 3
0 32 26: 1257, 22, 0
0 32 27: 1257, 22, 1
0 32 28: 1257, 22, 2
0 32 29: 1257, 22, 2
0 32 30: 447, 10, 2
0 32 31: 444, 10, 1
0 32 33: 1189, 10, 2
0 32 37: 1257, 22, 0
0 32 38: 1258, 22, 3
0 32 39: 1258, 22, 0
0 32 40: 1258, 22, 0
0 32 41: 1258, 22, 1
0 32 42: 1257, 22, 0
0 32 43: 1257, 22, 0
0 32 43: 2732, 11, 2
0 32 44: 1257, 22, 1
0 32 46: 197, 6, 2
0 32 46: 1631, 9, 2
0 32 47: 325, 22, 1
0 32 47: 1631, 1, 2
0 32 48: 1089, 10, 1
0 32 49: 325, 22, 0
0 32 50: 1247, 22, 0
0 32 50: 1602, 1, 1
0 32 51: 1602, 1, 0
0 32 53: 1247, 22, 1
0 32 54: 1247, 22, 1
0 32 56: 980, 0, 3
0 33 1: 1194, 10, 0
0 33 3: 1251, 22, 2
0 33 3: 1308, 10, 3
0 33 4: 1252, 22, 0
0 33 6: 1257, 22, 3
0 33 7: 1257, 22, 2
0 33 24: 1257, 22, 2
0 33 25: 1124, 10, 3
0 33 25: 1257, 22, 2
0 33 26: 1257, 22, 0
0 33 27: 1258, 22, 1
0 33 28: 1258, 22, 1
0 33 29: 444, 10, 2
0 33 37: 1257, 22, 1
0 33 38: 1258, 22, 3
0 33 39: 1259, 22, 2
0 33 40: 1259, 22, 0
0 33 41: 1258, 22, 2
0 33 43: 1257, 22, 3
0 33 47: 1631, 9, 2
0 33 47: 1838, 8, 2
0 33 48: 1246, 22, 0
0 33 48: 1631, 1, 2
0 33 49: 1248, 22, 0
0 33 49: 1631, 1, 1
0 33 50: 197, 6, 1
0 33 50: 1631, 9, 1
0 33 55: 980, 9, 3
0 33 56: 981, 3, 3
0 33 60: 1276, 10, 3
0 33 61: 1247, 22, 2
0 34 3: 1252, 22, 0
0 34 4: 1252, 22, 2
0 34 24: 1257, 22, 3
0 34 25: 1258, 22, 3
0 34 26: 1259, 22, 1
0 34 27: 1189, 10, 1
0 34 27: 1259, 22, 3
0 34 28: 1259, 22, 0
0 34 31: 447, 10, 1
0 34 32: 1189, 10, 3
0 34 36: 1247, 22, 0
0 34 36: 1276, 10, 1
0 34 37: 1247, 22, 3
0 34 38: 1258, 22, 2
0 34 39: 1259, 22, 1
0 34 40: 1258, 22, 0
0 34 42: 1257, 22, 0
0 34 47: 1089, 10, 3
0 34 48: 1631, 9, 2
0 34 49: 1631, 9, 1
0 34 50: 1173, 11, 0
0 34 54: 980, 9, 3
0 34 55: 980, 1, 3
0 34 58: 1247, 22, 1
0 34 58: 1276, 10, 0
0 34 60: 1247, 22, 1
0 35 1: 1252, 22, 1
0 35 1: 1308, 10, 0
0 35 2: 1251, 22, 1
0 35 15: 2759, 22, 2
0 35 16: 1176, 10, 0
0 35 23: 1257, 22, 2
0 35 24: 1257, 22, 0
0 35 25: 1189, 10, 2
0 35 25: 1259, 22, 3
0 35 26: 1259, 22, 0
0 35 27: 1259, 22, 0
0 35 28: 1259, 22, 1
0 35 29: 1258, 22, 2
0 35 30: 445, 10, 1
0 35 36: 1247, 22, 2
0 35 37: 1246, 22, 2
0 35 38: 1258, 22, 2
0 35 39: 1258, 22, 1
0 35 40: 1257, 22, 2
0 35 40: 1631, 0, 1
0 35 41: 197, 5, 0
0 35 41: 1631, 0, 0
0 35 42: 325, 22, 0
0 35 42: 1530, 0, 0
0 35 43: 197, 5, 0
0 35 43: 1089, 10, 3
0 35 43: 1631, 0, 0
0 35 44: 1631, 0, 3
0 35 52: 663, 10, 2
0 35 54: 980, 0, 3
0 35 58: 1246, 22, 2
0 35 59: 1247, 22, 2
0 35 60: 1281, 10, 0
0 35 62: 1247, 22, 0
0 36 1: 1252, 22, 2
0 36 2: 1252, 22, 1
0 36 23: 1257, 22, 1
0 36 24: 1258, 22, 1
0 36 25: 1258, 22, 0
0 36 26: 1189, 10, 0
0 36 26: 1259, 22, 3
0 36 27: 1259, 22, 2
0 36 28: 1258, 22, 2
0 36 28: 1394, 10, 1
0 36 29: 1257, 22, 3
0 36 33: 1246, 22, 3
0 36 33: 1276, 10, 3
0 36 34: 1247, 22, 1
0 36 35: 1247, 22, 0
0 36 35: 1281, 10, 2
0 36 36: 1247, 22, 1
0 36 37: 1247, 22, 1
0 36 38: 1257, 22, 0
0 36 39: 1258, 22, 1
0 36 40: 1257, 22, 2
0 36 40: 1631, 0, 1
0 36 40: 1838, 5, 1
0 36 41: 325, 22, 1
0 36 41: 1089, 10, 2
0 36 41: 1838, 4, 3
0 36 42: 324, 22, 2
0 36 43: 325, 22, 3
0 36 43: 1838, 4, 1
0 36 44: 365, 10, 3
0 36 44: 1631, 0, 3
0 36 44: 1838, 5, 3
0 36 49: 827, 22, 2
0 36 50: 1257, 22, 1
0 36 51: 1257, 22, 1
0 36 52: 1257, 22, 0
0 36 54: 980, 0, 3
0 36 60: 1246, 22, 3
0 37 4: 1194, 10, 2
0 37 13: 1175, 10, 1
0 37 24: 1257, 22, 0
0 37 25: 1257, 22, 0
0 37 26: 1257, 22, 2
0 37 27: 1258, 22, 3
0 37 28: 1257, 22, 0
0 37 30: 1394, 10, 0
0 37 31: 1257, 22, 1
0 37 32: 1257, 22, 0
0 37 33: 1247, 22, 3
0 37 34: 1247, 22, 2
0 37 35: 1246, 22, 1
0 37 39: 1257, 22, 1
0 37 40: 1631, 0, 1
0 37 42: 325, 22, 2
0 37 43: 1246, 22, 3
0 37 44: 1631, 0, 3
0 37 49: 1257, 22, 3
0 37 50: 1259, 22, 0
0 37 51: 1259, 22, 3
0 37 52: 1258, 22, 2
0 37 53: 1257, 22, 3
0 37 54: 980, 9, 2
0 37 55: 980, 1, 2
0 37 57: 1276, 10, 2
0 37 58: 1247, 22, 0
0 37 60: 1247, 22, 0
0 37 61: 1247, 22, 1
0 37 62: 1247, 22, 3
0 38 5: 1189, 10, 0
0 38 27: 1257, 22, 2
0 38 28: 1257, 22, 1
0 38 28: 1394, 10, 1
0 38 30: 1257, 22, 2
0 38 31: 1257, 22, 2
0 38 32: 1258, 22, 1
0 38 35: 1247, 22, 3
0 38 37: 1247, 22, 3
0 38 40: 1631, 0, 1
0 38 40: 1838, 5, 1
0 38 41: 325, 22, 3
0 38 41: 599, 10, 0
0 38 41: 1838, 4, 3
0 38 42: 1247, 22, 2
0 38 43: 325, 22, 1
0 38 43: 1838, 4, 1
0 38 44: 357, 10, 2
0 38 44: 1631, 0, 3
0 38 44: 1838, 5, 3
0 38 45: 1299, 11, 0
0 38 48: 663, 10, 3
0 38 49: 1257, 22, 0
0 38 50: 1258, 22, 0
0 38 51: 1259, 22, 3
0 38 52: 1259, 22, 2
0 38 53: 1258, 22, 1
0 38 54: 1257, 22, 2
0 38 55: 980, 9, 2
0 38 56: 981, 3, 2
0 38 57: 1247, 22, 3
0 38 58: 1246, 22, 1
0 38 60: 1247, 22, 2
0 38 62: 1246, 22, 3
0 39 1: 1194, 10, 1
0 39 5: 1189, 10, 1
0 39 6: 1189, 10, 3
0 39 6: 1257, 22, 2
0 39 7: 1257, 22, 3
0 39 15: 1175, 10, 3
0 39 28: 1257, 22, 0
0 39 29: 1257, 22, 3
0 39 30: 1258, 22, 0
0 39 31: 1259, 22, 0
0 39 32: 1259, 22, 1
0 39 37: 1247, 22, 0
0 39 37: 1276, 10, 2
0 39 38: 1246, 22, 0
0 39 40: 1631, 0, 1
0 39 41: 197, 5, 2
0 39 41: 324, 22, 1
0 39 41: 1631, 0, 2
0 39 42: 325, 22, 2
0 39 42: 1631, 0, 2
0 39 43: 197, 5, 2
0 39 43: 326, 22, 3
0 39 43: 1631, 0, 2
0 39 44: 358, 10, 3
0 39 44: 1631, 0, 3
0 39 45: 357, 10, 1
0 39 51: 825, 22, 2
0 39 52: 1258, 22, 3
0 39 53: 1257, 22, 1
0 39 54: 1257, 22, 0
0 39 55: 724, 11, 0
0 39 55: 1257, 22, 2
0 39 56: 1257, 22, 2
0 39 57: 1257, 22, 2
0 39 58: 1247, 22, 1
0 39 58: 1281, 10, 1
0 39 60: 1246, 22, 2
0 39 61: 1173, 10, 0
0 40 3: 1252, 22, 3
0 40 3: 1285, 10, 1
0 40 4: 1251, 22, 0
0 40 5: 1257, 22, 1
0 40 6: 1257, 22, 1
0 40 7: 1258, 22, 1
0 40 8: 1258, 22, 2
0 40 9: 1257, 22, 0
0 40 27: 1257, 22, 1
0 40 28: 1189, 10, 2
0 40 28: 1258, 22, 3
0 40 29: 1258, 22, 3
0 40 30: 1189, 10, 1
0 40 30: 1258, 22, 1
0 40 31: 1259, 22, 0
0 40 32: 1259, 22, 0
0 40 32: 1394, 10, 0
0 40 37: 1247, 22, 1
0 40 38: 1247, 22, 3
0 40 45: 980, 9, 3
0 40 46: 980, 0, 0
0 40 47: 980, 0, 0
0 40 48: 980, 0, 0
0 40 48: 1189, 10, 0
0 40 49: 980, 0, 0
0 40 50: 980, 0, 0
0 40 51: 980, 9, 0
0 40 54: 1257, 22, 0
0 40 55: 1259, 22, 1
0 40 56: 1259, 22, 1
0 40 57: 1189, 10, 2
0 40 57: 1258, 22, 3
0 40 58: 1257, 22, 1
0 40 60: 1247, 22, 3
0 40 61: 1246, 22, 0
0 40 61: 1276, 10, 2
0 40 62: 1247, 22, 0
0 41 3: 1252, 22, 1
0 41 4: 1285, 10, 0
0 41 5: 1257, 22, 0
0 41 6: 1258, 22, 3
0 41 7: 1258, 22, 3
0 41 8: 1259, 22, 2
0 41 9: 1259, 22, 1
0 41 10: 1257, 22, 1
0 41 27: 1257, 22, 1
0 41 28: 1257, 22, 2
0 41 29: 1189, 10, 0
0 41 29: 1259, 22, 3
0 41 30: 1259, 22, 0
0 41 31: 1259, 22, 3
0 41 32: 1259, 22, 3
0 41 41: 981, 3, 0
0 41 42: 980, 0, 0
0 41 43: 980, 0, 0
0 41 44: 980, 0, 0
0 41 44: 1341, 11, 1
0 41 45: 981, 3, 3
0 41 47: 1189, 10, 1
0 41 48: 1189, 10, 3
0 41 49: 1394, 10, 2
0 41 51: 980, 1, 0
0 41 52: 980, 9, 0
0 41 53: 724, 11, 0
0 41 54: 1257, 22, 0
0 41 55: 1258, 22, 1
0 41 56: 1259, 22, 3
0 41 57: 1259, 22, 0
0 41 58: 1247, 22, 1
0 41 59: 1247, 22, 3
0 41 60: 1173, 10, 0
0 41 61: 1247, 22, 0
0 41 62: 1247, 22, 2
0 42 2: 1252, 22, 1
0 42 2: 1285, 10, 3
0 42 3: 1252, 22, 1
0 42 4: 1251, 22, 3
0 42 5: 1252, 22, 3
0 42 6: 1258, 22, 0
0 42 7: 1259, 22, 2
0 42 7: 1394, 10, 3
0 42 8: 1259, 22, 2
0 42 9: 1258, 22, 1
0 42 10: 1259, 22, 1
0 42 11: 1257, 22, 2
0 42 27: 1257, 22, 2
0 42 28: 1259, 22, 1
0 42 29: 1259, 22, 1
0 42 30: 1189, 10, 3
0 42 31: 1258, 22, 2
0 42 32: 1259, 22, 2
0 42 52: 981, 3, 0
0 42 54: 1257, 22, 0
0 42 55: 1258, 22, 1
0 42 56: 1258, 22, 0
0 42 57: 1258, 22, 3
0 42 58: 1257, 22, 3
0 42 59: 1247, 22, 3
0 42 59: 1276, 10, 1
0 42 60: 1247, 22, 0
0 42 63: 1173, 10, 0
0 43 2: 1252, 22, 2
0 43 3: 1285, 10, 1
0 43 4: 1252, 22, 0
0 43 5: 1257, 22, 3
0 43 6: 1258, 22, 0
0 43 7: 1258, 22, 0
0 43 8: 1257, 22, 1
0 43 9: 1259, 22, 3
0 43 10: 1259, 22, 0
0 43 11: 1258, 22, 0
0 43 21: 1189, 10, 1
0 43 28: 1257, 22, 3
0 43 29: 1258, 22, 0
0 43 45: 1189, 10, 2
0 43 46: 1257, 22, 0
0 43 53: 1251, 22, 1
0 43 53: 1308, 10, 2
0 43 55: 1189, 10, 1
0 43 55: 1257, 22, 1
0 43 56: 1257, 22, 2
0 43 57: 1257, 22, 2
0 43 58: 1189, 10, 0
0 43 59: 1247, 22, 1
0 43 60: 1246, 22, 3
0 44 3: 1251, 22, 2
0 44 5: 1257, 22, 3
0 44 6: 1257, 22, 3
0 44 7: 1257, 22, 2
0 44 8: 1257, 22, 2
0 44 9: 1257, 22, 1
0 44 10: 1258, 22, 3
0 44 11: 1258, 22, 0
0 44 12: 1258, 22, 0
0 44 20: 1189, 10, 0
0 44 21: 1394, 10, 1
0 44 22: 1189, 10, 3
0 44 37: 1258, 22, 0
0 44 45: 1258, 22, 1
0 44 46: 1259, 22, 2
0 44 47: 1189, 10, 1
0 44 47: 1257, 22, 3
0 44 49: 1308, 10, 0
0 44 51: 1308, 10, 2
0 45 9: 1257, 22, 0
0 45 10: 1258, 22, 3
0 45 10: 1394, 10, 2
0 45 11: 1258, 22, 0
0 45 14: 1308, 10, 0
0 45 15: 1252, 22, 1
0 45 18: 1394, 10, 3
0 45 22: 1257, 22, 1
0 45 23: 1257, 22, 0
0 45 36: 1258, 22, 2
0 45 37: 1258, 22, 3
0 45 46: 1258, 22, 2
0 45 47: 1259, 22, 1
0 45 48: 1258, 22, 3
0 45 49: 1251, 22, 3
0 45 51: 1251, 22, 3
0 46 1: 1252, 22, 2
0 46 1: 1285, 10, 0
0 46 2: 1251, 22, 1
0 46 9: 1257, 22, 0
0 46 10: 1257, 22, 3
0 46 11: 1257, 22, 3
0 46 14: 1252, 22, 2
0 46 15: 1251, 22, 3
0 46 19: 1394, 10, 2
0 46 22: 1257, 22, 1
0 46 23: 1259, 22, 3
0 46 24: 1257, 22, 3
0 46 47: 1259, 22, 0
0 46 48: 1257, 22, 1
0 46 49: 1257, 22, 1
0 46 60: 1298, 11, 3
0 47 1: 1252, 22, 3
0 47 2: 1252, 22, 1
0 47 14: 1252, 22, 2
0 47 14: 1308, 10, 1
0 47 15: 1252, 22, 3
0 47 16: 1308, 10, 2
0 47 20: 1257, 22, 0
0 47 21: 1258, 22, 0
0 47 22: 1258, 22, 3
0 47 23: 1252, 22, 0
0 47 23: 1308, 10, 3
0 47 27: 1189, 10, 0
0 47 29: 1189, 10, 2
0 47 48: 1257, 22, 2
0 47 49: 1259, 22, 1
0 47 50: 1257, 22, 3
0 47 51: 1257, 22, 1
0 48 4: 1247, 22, 0
0 48 4: 1276, 10, 2
0 48 5: 1247, 22, 0
0 48 6: 1194, 10, 0
0 48 8: 1276, 10, 2
0 48 14: 1251, 22, 2
0 48 15: 1252, 22, 1
0 48 16: 1252, 22, 1
0 48 17: 1252, 22, 3
0 48 19: 1257, 22, 3
0 48 20: 1257, 22, 0
0 48 21: 1258, 22, 0
0 48 22: 1259, 22, 1
0 48 23: 1251, 22, 1
0 48 24: 1252, 22, 1
0 48 27: 1189, 10, 1
0 48 29: 1258, 22, 3
0 48 30: 1258, 22, 3
0 48 31: 1258, 22, 0
0 48 32: 1259, 22, 2
0 48 33: 1257, 22, 0
0 48 41: 1259, 22, 1
0 48 42: 1259, 22, 0
0 48 48: 1259, 22, 3
0 48 49: 1259, 22, 1
0 48 50: 1257, 22, 3
0 48 61: 1257, 22, 2
0 48 62: 1298, 11, 0
0 49 5: 1246, 22, 0
0 49 9: 1246, 22, 0
0 49 10: 1194, 10, 3
0 49 19: 1257, 22, 3
0 49 20: 1259, 22, 2
0 49 21: 1259, 22, 2
0 49 22: 1258, 22, 1
0 49 23: 1257, 22, 2
0 49 29: 1258, 22, 2
0 49 30: 1259, 22, 0
0 49 31: 1251, 22, 1
0 49 31: 1285, 10, 0
0 49 32: 1252, 22, 1
0 49 33: 1258, 22, 1
0 49 34: 1257, 22, 0
0 49 37: 1252, 22, 3
0 49 37: 1308, 10, 0
0 49 38: 1251, 22, 1
0 49 39: 1257, 22, 1
0 49 40: 1259, 22, 3
0 49 41: 1258, 22, 3
0 49 41: 1308, 10, 1
0 49 42: 1252, 22, 1
0 49 49: 1258, 22, 0
0 49 50: 1298, 11, 3
0 49 61: 1257, 22, 0
0 49 62: 1257, 22, 2
0 49 63: 1257, 22, 1
0 50 3: 1247, 22, 1
0 50 3: 1276, 11, 0
0 50 4: 1247, 22, 2
0 50 5: 1281, 10, 0
0 50 6: 1247, 22, 3
0 50 7: 1247, 22, 1
0 50 8: 1276, 11, 1
0 50 9: 1247, 22, 2
0 50 13: 1194, 10, 1
0 50 14: 1189, 10, 0
0 50 19: 1257, 22, 2
0 50 20: 1258, 22, 3
0 50 21: 1258, 22, 0
0 50 22: 1258, 22, 0
0 50 23: 1257, 22, 1
0 50 26: 1308, 10, 0
0 50 27: 1251, 22, 3
0 50 29: 1252, 22, 0
0 50 29: 1308, 10, 2
0 50 30: 1252, 22, 1
0 50 31: 1257, 22, 3
0 50 32: 1252, 22, 2
0 50 32: 1285, 10, 3
0 50 33: 1251, 22, 3
0 50 34: 1257, 22, 1
0 50 37: 1252, 22, 1
0 50 38: 1252, 22, 3
0 50 39: 1257, 22, 1
0 50 40: 1257, 22, 1
0 50 41: 1258, 22, 1
0 50 42: 1251, 22, 3
0 50 43: 1259, 22, 0
0 50 44: 1259, 22, 3
0 50 62: 1257, 22, 2
0 50 63: 1258, 22, 2
0 51 3: 1247, 22, 1
0 51 4: 1246, 22, 1
0 51 5: 1247, 22, 0
0 51 9: 1246, 22, 3
0 51 10: 1247, 22, 0
0 51 10: 1276, 10, 3
0 51 17: 825, 22, 3
0 51 26: 1252, 22, 0
0 51 27: 1252, 22, 3
0 51 29: 1251, 22, 1
0 51 31: 1285, 10, 2
0 51 34: 1257, 22, 2
0 51 38: 1308, 10, 1
0 51 39: 1251, 22, 0
0 51 40: 1257, 22, 1
0 51 41: 1252, 22, 0
0 51 41: 1308, 10, 3
0 51 42: 1251, 22, 1
0 51 43: 1308, 10, 0
0 51 44: 1251, 22, 2
0 51 62: 1258, 22, 2
0 51 63: 1258, 22, 2
0 52 1: 1189, 10, 1
0 52 7: 1246, 22, 2
0 52 8: 1276, 10, 0
0 52 10: 1246, 22, 0
0 52 11: 1247, 22, 1
0 52 13: 1257, 22, 3
0 52 14: 1257, 22, 2
0 52 27: 1308, 10, 1
0 52 31: 1251, 22, 3
0 52 32: 1252, 22, 0
0 52 33: 1259, 22, 0
0 52 34: 1257, 22, 2
0 52 35: 828, 22, 0
0 52 36: 1252, 22, 3
0 52 36: 1285, 10, 1
0 52 37: 1251, 22, 3
0 52 38: 1252, 22, 3
0 52 39: 1252, 22, 1
0 52 41: 1252, 22, 3
0 52 42: 1252, 22, 1
0 52 43: 1252, 22, 3
0 52 44: 1252, 22, 2
0 52 55: 1257, 22, 0
0 52 56: 1259, 22, 2
0 52 62: 1258, 22, 3
0 52 63: 1259, 22, 2
0 53 3: 1194, 10, 1
0 53 9: 1246, 22, 3
0 53 11: 1257, 22, 0
0 53 12: 1257, 22, 3
0 53 13: 1258, 22, 2
0 53 14: 1258, 22, 0
0 53 15: 1257, 22, 1
0 53 27: 1251, 22, 2
0 53 28: 1252, 22, 2
0 53 31: 1257, 22, 3
0 53 32: 1258, 22, 3
0 53 33: 1258, 22, 3
0 53 34: 1189, 10, 3
0 53 34: 1257, 22, 2
0 53 36: 1252, 22, 3
0 53 37: 1252, 22, 0
0 53 37: 1285, 10, 2
0 53 38: 1251, 22, 2
0 53 43: 1308, 10, 2
0 53 44: 1252, 22, 1
0 53 45: 1251, 22, 1
0 53 45: 1285, 10, 3
0 53 46: 1251, 22, 0
0 53 54: 1252, 22, 1
0 53 54: 1308, 10, 2
0 53 55: 1252, 22, 2
0 53 56: 1259, 22, 2
0 53 57: 1258, 22, 3
0 53 63: 1257, 22, 2
0 54 0: 1189, 10, 3
0 54 1: 1189, 10, 3
0 54 7: 1194, 10, 0
0 54 10: 1257, 22, 1
0 54 11: 1189, 10, 0
0 54 11: 1257, 22, 2
0 54 12: 1189, 10, 2
0 54 12: 1259, 22, 2
0 54 13: 1259, 22, 3
0 54 14: 1258, 22, 0
0 54 15: 1259, 22, 1
0 54 16: 1276, 11, 0
0 54 17: 1247, 22, 3
0 54 22: 1394, 10, 0
0 54 27: 827, 22, 0
0 54 29: 1257, 22, 1
0 54 30: 1258, 22, 0
0 54 31: 1258, 22, 0
0 54 33: 1257, 22, 0
0 54 37: 1252, 22, 3
0 54 38: 1252, 22, 2
0 54 39: 1258, 22, 0
0 54 40: 1251, 22, 1
0 54 40: 1285, 10, 0
0 54 41: 1252, 22, 0
0 54 43: 1252, 22, 1
0 54 44: 1252, 22, 0
0 54 46: 1252, 22, 2
0 54 50: 1189, 10, 3
0 54 52: 1189, 10, 1
0 54 52: 1257, 22, 0
0 54 54: 1252, 22, 3
0 54 55: 1251, 22, 1
0 54 56: 1257, 22, 2
0 54 57: 1257, 22, 1
0 54 58: 1257, 22, 0
0 55 1: 1189, 10, 2
0 55 4: 1281, 10, 1
0 55 5: 1247, 22, 0
0 55 9: 1257, 22, 0
0 55 10: 1189, 10, 1
0 55 10: 1257, 22, 1
0 55 11: 1258, 22, 2
0 55 12: 1259, 22, 3
0 55 13: 1258, 22, 1
0 55 14: 1259, 22, 2
0 55 15: 1257, 22, 0
0 55 16: 1246, 22, 0
0 55 17: 1247, 22, 2
0 55 26: 825, 22, 1
0 55 30: 1257, 22, 2
0 55 33: 1189, 10, 0
0 55 34: 1189, 10, 2
0 55 38: 1257, 22, 1
0 55 39: 1258, 22, 0
0 55 40: 1252, 22, 1
0 55 41: 1252, 22, 3
0 55 42: 1189, 10, 2
0 55 43: 1258, 22, 3
0 55 48: 1252, 22, 3
0 55 48: 1308, 10, 3
0 55 49: 1251, 22, 0
0 55 51: 1189, 10, 0
0 55 51: 1257, 22, 2
0 55 52: 1258, 22, 1
0 55 53: 1258, 22, 1
0 55 54: 1257, 22, 3
0 55 56: 1257, 22, 3
0 56 4: 1247, 22, 1
0 56 6: 1246, 22, 1
0 56 7: 1276, 11, 2
0 56 9: 1257, 22, 0
0 56 10: 1258, 22, 1
0 56 11: 1259, 22, 0
0 56 12: 1258, 22, 0
0 56 13: 1258, 22, 0
0 56 14: 1257, 22, 3
0 56 15: 1257, 22, 0
0 56 16: 1257, 22, 3
0 56 17: 1257, 22, 3
0 56 25: 1394, 10, 3
0 56 37: 1257, 22, 1
0 56 38: 1257, 22, 2
0 56 39: 1258, 22, 3
0 56 40: 1259, 22, 3
0 56 41: 1259, 22, 2
0 56 42: 1258, 22, 1
0 56 44: 1189, 10, 1
0 56 45: 827, 22, 3
0 56 48: 1252, 22, 3
0 56 49: 1252, 22, 0
0 56 50: 1257, 22, 0
0 56 51: 1257, 22, 3
0 56 52: 1259, 22, 2
0 56 53: 1259, 22, 1
0 56 54: 1258, 22, 3
0 56 55: 1257, 22, 2
0 56 59: 1258, 22, 0
0 56 60: 1258, 22, 1
0 56 61: 1257, 22, 3
0 57 2: 1247, 22, 1
0 57 2: 1276, 11, 0
0 57 3: 1246, 22, 0
0 57 7: 1246, 22, 2
0 57 8: 1247, 22, 0
0 57 9: 1257, 22, 0
0 57 10: 1258, 22, 0
0 57 11: 1259, 22, 0
0 57 13: 1257, 22, 2
0 57 17: 1257, 22, 2
0 57 21: 1247, 22, 0
0 57 21: 1276, 10, 1
0 57 27: 1394, 10, 0
0 57 30: 1276, 11, 2
0 57 31: 1247, 22, 3
0 57 37: 1257, 22, 0
0 57 38: 1258, 22, 1
0 57 39: 1259, 22, 0
0 57 40: 1259, 22, 1
0 57 41: 1258, 22, 2
0 57 42: 1257, 22, 1
0 57 44: 1189, 10, 0
0 57 50: 1257, 22, 0
0 57 51: 1258, 22, 2
0 57 52: 1259, 22, 2
0 57 53: 1166, 10, 0
0 57 53: 1258, 22, 2
0 57 54: 1259, 22, 0
0 57 55: 1257, 22, 1
0 57 57: 1189, 10, 2
0 57 59: 1394, 10, 2
0 57 60: 1189, 10, 3
0 57 60: 1258, 22, 0
0 57 61: 1257, 22, 3
0 57 62: 1257, 22, 3
0 58 3: 1247, 22, 2
0 58 4: 1247, 22, 3
0 58 4: 1276, 11, 3
0 58 7: 1194, 10, 3
0 58 9: 1257, 22, 3
0 58 10: 1257, 22, 3
0 58 11: 1276, 11, 2
0 58 12: 1246, 22, 0
0 58 15: 1246, 22, 3
0 58 15: 1276, 11, 3
0 58 16: 1247, 22, 2
0 58 18: 1257, 22, 2
0 58 21: 1246, 22, 3
0 58 22: 1247, 22, 3
0 58 30: 1246, 22, 2
0 58 31: 1247, 22, 2
0 58 35: 1276, 11, 2
0 58 37: 1257, 22, 3
0 58 38: 1247, 22, 0
0 58 38: 1276, 10, 1
0 58 39: 1247, 22, 3
0 58 40: 1258, 22, 3
0 58 41: 1257, 22, 1
0 58 43: 1189, 10, 1
0 58 45: 1189, 10, 2
0 58 51: 1258, 22, 3
0 58 52: 1258, 22, 3
0 58 53: 1169, 10, 0
0 58 53: 1258, 22, 1
0 58 54: 1257, 22, 0
0 58 55: 1257, 22, 1
0 58 56: 1189, 10, 3
0 58 59: 1258, 22, 2
0 58 60: 1259, 22, 0
0 58 61: 1258, 22, 2
0 58 62: 1189, 10, 0
0 58 62: 1258, 22, 3
0 58 63: 1257, 22, 0
0 59 4: 1246, 22, 3
0 59 5: 1247, 22, 1
0 59 10: 1257, 22, 2
0 59 11: 1247, 22, 2
0 59 12: 1247, 22, 2
0 59 15: 1247, 22, 3
0 59 23: 1394, 10, 1
0 59 25: 1247, 22, 2
0 59 25: 1276, 11, 3
0 59 26: 1247, 22, 0
0 59 36: 1246, 22, 2
0 59 38: 1246, 22, 0
0 59 39: 1247, 22, 2
0 59 40: 1257, 22, 2
0 59 41: 1257, 22, 2
0 59 45: 1394, 10, 1
0 59 49: 1166, 10, 1
0 59 50: 1166, 10, 0
0 59 51: 1257, 22, 1
0 59 53: 1257, 22, 3
0 59 55: 1166, 10, 1
0 59 57: 1394, 10, 3
0 59 59: 1189, 10, 1
0 59 59: 1257, 22, 2
0 59 60: 1259, 22, 0
0 59 61: 1189, 10, 2
0 59 61: 1259, 22, 0
0 59 62: 1258, 22, 3
0 60 2: 1194, 10, 1
0 60 5: 1194, 10, 2
0 60 8: 1276, 10, 3
0 60 9: 1246, 22, 1
0 60 10: 1257, 22, 1
0 60 11: 1257, 22, 0
0 60 12: 1276, 10, 3
0 60 13: 1247, 22, 0
0 60 14: 1281, 10, 1
0 60 15: 1247, 22, 2
0 60 16: 1246, 22, 2
0 60 17: 1276, 10, 0
0 60 18: 1247, 22, 2
0 60 20: 1276, 11, 0
0 60 21: 1246, 22, 2
0 60 25: 1246, 22, 3
0 60 26: 1247, 22, 1
0 60 29: 1247, 22, 0
0 60 29: 1276, 10, 0
0 60 34: 1281, 10, 0
0 60 35: 1247, 22, 3
0 60 41: 1247, 22, 2
0 60 41: 1276, 11, 1
0 60 48: 1257, 22, 2
0 60 49: 1165, 10, 2
0 60 49: 1257, 22, 1
0 60 50: 1258, 22, 0
0 60 51: 1257, 22, 2
0 60 52: 1165, 10, 3
0 60 52: 1257, 22, 2
0 60 53: 1166, 10, 3
0 60 53: 1257, 22, 2
0 60 60: 1257, 22, 2
0 60 61: 1257, 22, 1
0 60 61: 1394, 10, 1
0 60 62: 1257, 22, 0
0 61 8: 1247, 22, 0
0 61 9: 1247, 22, 0
0 61 11: 1257, 22, 0
0 61 12: 1246, 22, 2
0 61 14: 1247, 22, 3
0 61 16: 1247, 22, 1
0 61 17: 1247, 22, 0
0 61 18: 1247, 22, 1
0 61 29: 1246, 22, 3
0 61 30: 1247, 22, 1
0 61 32: 1276, 11, 1
0 61 33: 1247, 22, 3
0 61 34: 1247, 22, 1
0 61 36: 1246, 22, 2
0 61 38: 1246, 22, 3
0 61 38: 1281, 10, 2
0 61 39: 1247, 22, 1
0 61 40: 1247, 22, 2
0 61 41: 1246, 22, 2
0 61 42: 1247, 22, 1
0 61 44: 1247, 22, 0
0 61 44: 1276, 10, 2
0 61 45: 1247, 22, 0
0 61 47: 1394, 10, 0
0 61 49: 1257, 22, 3
0 61 50: 1259, 22, 2
0 61 51: 1258, 22, 1
0 61 52: 1257, 22, 2
0 61 53: 1166, 10, 2
0 61 62: 1257, 22, 0
0 62 4: 1246, 22, 0
0 62 4: 1276, 10, 2
0 62 5: 1247, 22, 3
0 62 15: 1247, 22, 0
0 62 17: 1276, 10, 3
0 62 18: 1246, 22, 2
0 62 23: 1276, 10, 1
0 62 26: 827, 22, 2
0 62 32: 1247, 22, 2
0 62 33: 1246, 22, 0
0 62 35: 1247, 22, 0
0 62 36: 1247, 22, 2
0 62 38: 1247, 22, 0
0 62 41: 1276, 11, 0
0 62 44: 1246, 22, 0
0 62 45: 1247, 22, 3
0 62 49: 1257, 22, 3
0 62 50: 1259, 22, 3
0 62 51: 1259, 22, 3
0 62 52: 1258, 22, 3
0 62 53: 1257, 22, 3
0 62 54: 1257, 22, 0
0 62 55: 1257, 22, 0
0 62 59: 1257, 22, 0
0 62 59: 1394, 10, 0
0 62 60: 1257, 22, 0
0 62 61: 1257, 22, 3
0 63 5: 1247, 22, 1
0 63 18: 1247, 22, 0
0 63 24: 1246, 22, 0
0 63 39: 1247, 22, 3
0 63 42: 1246, 22, 1
0 63 50: 1257, 22, 0
0 63 51: 1257, 22, 1
0 63 52: 1257, 22, 1
0 63 53: 1257, 22, 3
0 63 54: 1258, 22, 2
0 63 55: 1258, 22, 1
0 63 56: 1257, 22, 1
0 63 59: 1257, 22, 0
0 63 60: 1258, 22, 0
0 63 61: 1257, 22, 2
1 2 23: 1790, 19, 1
1 2 24: 1790, 18, 2
1 2 25: 1790, 18, 2
1 2 26: 1790, 18, 2
1 2 27: 1790, 19, 2
1 3 22: 1790, 19, 1
1 3 23: 1924, 13, 1
1 3 24: 1924, 12, 2
1 3 25: 1924, 12, 2
1 3 26: 1924, 12, 2
1 3 27: 1924, 13, 2
1 3 28: 1790, 19, 2
1 4 21: 1790, 19, 1
1 4 22: 1924, 13, 1
1 4 23: 1924, 14, 1
1 4 24: 1924, 17, 1
1 4 25: 1924, 17, 1
1 4 26: 1924, 17, 1
1 4 27: 1924, 14, 2
1 4 28: 1924, 13, 2
1 4 29: 1790, 19, 2
1 4 47: 1792, 21, 1
1 4 48: 1792, 18, 2
1 4 49: 1792, 18, 2
1 4 50: 1792, 18, 2
1 4 51: 1792, 18, 2
1 4 52: 1792, 18, 2
1 4 53: 1792, 18, 2
1 4 54: 1792, 18, 2
1 4 55: 1792, 18, 2
1 4 56: 1792, 18, 2
1 4 57: 1792, 21, 2
1 5 20: 1790, 19, 1
1 5 21: 1924, 13, 1
1 5 22: 1924, 14, 1
1 5 23: 1924, 17, 1
1 5 24: 1924, 17, 1
1 5 25: 1924, 17, 1
1 5 26: 1924, 17, 1
1 5 27: 1924, 17, 1
1 5 28: 1924, 14, 2
1 5 29: 1924, 13, 2
1 5 30: 1790, 19, 2
1 5 47: 1792, 18, 1
1 5 48: 1926, 16, 1
1 5 49: 1604, 12, 2
1 5 50: 1604, 12, 2
1 5 51: 1604, 12, 2
1 5 52: 1604, 12, 2
1 5 53: 1604, 12, 2
1 5 54: 1604, 12, 2
1 5 55: 1604, 12, 2
1 5 56: 1926, 16, 2
1 5 57: 1792, 18, 3
1 6 19: 1790, 19, 1
1 6 20: 1924, 13, 1
1 6 21: 1924, 14, 1
1 6 22: 1924, 17, 1
1 6 23: 1924, 17, 1
1 6 24: 1924, 17, 1
1 6 25: 1924, 17, 1
1 6 26: 1924, 17, 1
1 6 27: 1924, 17, 1
1 6 28: 1924, 17, 1
1 6 29: 1924, 14, 2
1 6 30: 1924, 13, 2
1 6 31: 1790, 19, 2
1 6 47: 1792, 18, 1
1 6 48: 1604, 12, 1
1 6 49: 1604, 17, 3
1 6 50: 1604, 17, 3
1 6 51: 1604, 17, 3
1 6 52: 1604, 17, 3
1 6 53: 1604, 17, 3
1 6 54: 1604, 17, 3
1 6 55: 1604, 17, 3
1 6 56: 1604, 12, 3
1 6 57: 1792, 18, 3
1 7 19: 1790, 18, 1
1 7 20: 1924, 12, 1
1 7 21: 1924, 17, 1
1 7 22: 1924, 17, 1
1 7 23: 1924, 17, 1
1 7 24: 1924, 17, 1
1 7 25: 1924, 17, 1
1 7 26: 1924, 17, 1
1 7 27: 1924, 17, 1
1 7 28: 1924, 17, 1
1 7 29: 1924, 17, 1
1 7 30: 1924, 12, 3
1 7 31: 1790, 18, 3
1 7 47: 1792, 18, 1
1 7 48: 1604, 12, 1
1 7 49: 1604, 17, 3
1 7 50: 1604, 17, 3
1 7 51: 1604, 17, 3
1 7 52: 1604, 17, 3
1 7 53: 1604, 17, 3
1 7 54: 1604, 17, 3
1 7 55: 1604, 17, 3
1 7 56: 1604, 12, 3
1 7 57: 1792, 18, 3
1 8 19: 1790, 18, 1
1 8 23: 1924, 17, 1
1 8 24: 1924, 17, 1
1 8 25: 1924, 17, 1
1 8 26: 1924, 17, 1
1 8 27: 1924, 17, 1
1 8 28: 1924, 17, 1
1 8 29: 1924, 17, 1
1 8 30: 1924, 12, 3
1 8 31: 1790, 18, 3
1 8 47: 1792, 18, 1
1 8 48: 1604, 12, 1
1 8 49: 1604, 17, 3
1 8 50: 1604, 17, 3
1 8 51: 1604, 17, 3
1 8 52: 1604, 17, 3
1 8 53: 1604, 17, 3
1 8 54: 1604, 17, 3
1 8 55: 1604, 17, 3
1 8 56: 1604, 12, 3
1 8 57: 1792, 18, 3
1 9 19: 1790, 18, 1
1 9 20: 1924, 12, 1
1 9 21: 1924, 17, 1
1 9 22: 1924, 17, 1
1 9 23: 1924, 17, 1
1 9 24: 1924, 17, 1
1 9 25: 1924, 17, 1
1 9 26: 1924, 17, 1
1 9 27: 1924, 17, 1
1 9 28: 1924, 17, 1
1 9 29: 1924, 17, 1
1 9 30: 1924, 12, 3
1 9 31: 1790, 18, 3
1 9 47: 1792, 18, 1
1 9 48: 1604, 12, 1
1 9 49: 1604, 17, 3
1 9 50: 1604, 17, 3
1 9 51: 1604, 17, 3
1 9 52: 1604, 17, 3
1 9 53: 1604, 17, 3
1 9 54: 1604, 17, 3
1 9 55: 1604, 17, 3
1 9 56: 1604, 12, 3
1 9 57: 1792, 18, 3
1 10 19: 1790, 19, 0
1 10 20: 1924, 13, 0
1 10 21: 1924, 14, 0
1 10 22: 1924, 17, 1
1 10 23: 1924, 17, 1
1 10 24: 1924, 17, 1
1 10 25: 1924, 17, 1
1 10 26: 1924, 17, 1
1 10 27: 1924, 17, 1
1 10 28: 1924, 17, 1
1 10 29: 1924, 14, 3
1 10 30: 1924, 13, 3
1 10 31: 1790, 19, 3
1 10 47: 1792, 18, 1
1 10 48: 1604, 12, 1
1 10 49: 1604, 17, 3
1 10 50: 1604, 17, 3
1 10 51: 1604, 17, 3
1 10 52: 1604, 17, 3
1 10 53: 1604, 17, 3
1 10 54: 1604, 17, 3
1 10 55: 1604, 17, 3
1 10 56: 1604, 12, 3
1 10 57: 1792, 18, 3
1 11 20: 1790, 19, 0
1 11 21: 1924, 13, 0
1 11 22: 1924, 14, 0
1 11 23: 1924, 17, 1
1 11 24: 1924, 17, 1
1 11 25: 1924, 17, 1
1 11 26: 1924, 17, 1
1 11 27: 1924, 17, 1
1 11 28: 1924, 14, 3
1 11 29: 1924, 13, 3
1 11 30: 1790, 19, 3
1 11 47: 1792, 18, 1
1 11 48: 1604, 12, 1
1 11 49: 1604, 17, 3
1 11 50: 1604, 17, 3
1 11 51: 1604, 17, 3
1 11 52: 1604, 17, 3
1 11 53: 1604, 17, 3
1 11 54: 1604, 17, 3
1 11 55: 1604, 17, 3
1 11 56: 1604, 12, 3
1 11 57: 1792, 18, 3
1 12 21: 1790, 19, 0
1 12 22: 1924, 13, 0
1 12 23: 1924, 14, 0
1 12 24: 1924, 17, 1
1 12 25: 1924, 17, 1
1 12 26: 1924, 17, 1
1 12 27: 1924, 14, 3
1 12 28: 1924, 13, 3
1 12 29: 1790, 19, 3
1 12 47: 1792, 18, 1
1 12 48: 1604, 12, 1
1 12 49: 1604, 17, 3
1 12 50: 1604, 17, 3
1 12 51: 1604, 17, 3
1 12 52: 1604, 17, 3
1 12 53: 1604, 17, 3
1 12 54: 1604, 17, 3
1 12 55: 1604, 17, 3
1 12 56: 1604, 12, 3
1 12 57: 1792, 18, 3
1 13 22: 1790, 19, 0
1 13 23: 1924, 13, 0
1 13 24: 1924, 12, 0
1 13 25: 1924, 12, 0
1 13 26: 1924, 12, 0
1 13 27: 1924, 13, 3
1 13 28: 1790, 19, 3
1 13 47: 1792, 18, 1
1 13 48: 1926, 16, 0
1 13 49: 1604, 12, 0
1 13 50: 1604, 12, 0
1 13 51: 1604, 12, 0
1 13 52: 1604, 12, 0
1 13 53: 1604, 12, 0
1 13 54: 1604, 12, 0
1 13 55: 1604, 12, 0
1 13 56: 1926, 16, 3
1 13 57: 1792, 18, 3
1 14 23: 1790, 19, 0
1 14 24: 1790, 18, 0
1 14 25: 1790, 18, 0
1 14 26: 1790, 18, 0
1 14 27: 1790, 19, 3
1 14 47: 1792, 21, 0
1 14 48: 1792, 18, 0
1 14 49: 1792, 18, 0
1 14 50: 1792, 18, 0
1 14 51: 1792, 18, 0
1 14 52: 1792, 18, 0
1 14 53: 1792, 18, 0
1 14 54: 1792, 18, 0
1 14 55: 1792, 18, 0
1 14 56: 1792, 18, 0
1 14 57: 1792, 21, 3
1 26 37: 1793, 18, 2
1 26 38: 1793, 18, 2
1 26 39: 1793, 18, 2
1 26 40: 1793, 18, 2
1 26 41: 1793, 18, 2
1 26 42: 1793, 18, 2
1 27 37: 1640, 12, 2
1 27 38: 1640, 12, 2
1 27 39: 1640, 12, 2
1 27 40: 1640, 12, 2
1 27 41: 1640, 12, 2
1 27 42: 1640, 12, 2
1 28 37: 1640, 17, 1
1 28 38: 1640, 17, 1
1 28 39: 1640, 17, 1
1 28 40: 1640, 17, 1
1 28 41: 1640, 17, 1
1 28 42: 1640, 17, 1
1 28 48: 1793, 19, 1
1 28 49: 1793, 19, 2
1 29 37: 1640, 17, 1
1 29 38: 1640, 17, 1
1 29 39: 1640, 17, 1
1 29 40: 1640, 17, 1
1 29 41: 1640, 17, 1
1 29 42: 1640, 17, 1
1 29 47: 1793, 19, 1
1 29 48: 1933, 13, 1
1 29 49: 1933, 13, 2
1 29 50: 1793, 19, 2
1 30 37: 1640, 12, 0
1 30 38: 1640, 12, 0
1 30 39: 1640, 12, 0
1 30 40: 1640, 12, 0
1 30 41: 1640, 12, 0
1 30 42: 1640, 12, 0
1 30 46: 1793, 19, 1
1 30 47: 1933, 13, 1
1 30 48: 1933, 14, 1
1 30 49: 1933, 14, 2
1 30 50: 1933, 13, 2
1 30 51: 1793, 19, 2
1 31 37: 1793, 18, 0
1 31 38: 1793, 18, 0
1 31 39: 1793, 18, 0
1 31 40: 1793, 18, 0
1 31 41: 1793, 18, 0
1 31 42: 1793, 18, 0
1 31 45: 1793, 19, 1
1 31 46: 1933, 13, 1
1 31 47: 1933, 14, 1
1 31 48: 1933, 17, 3
1 31 49: 1933, 17, 3
1 31 50: 1933, 14, 2
1 31 51: 1933, 13, 2
1 31 52: 1793, 19, 2
1 32 45: 1793, 19, 0
1 32 46: 1933, 13, 0
1 32 47: 1933, 14, 0
1 32 48: 1933, 17, 3
1 32 49: 1933, 17, 3
1 32 50: 1933, 14, 3
1 32 51: 1933, 13, 3
1 32 52: 1793, 19, 3
1 33 46: 1793, 19, 0
1 33 47: 1933, 13, 0
1 33 48: 1933, 14, 0
1 33 49: 1933, 14, 3
1 33 50: 1933, 13, 3
1 33 51: 1793, 19, 3
1 34 47: 1793, 19, 0
1 34 48: 1933, 13, 0
1 34 49: 1933, 13, 3
1 34 50: 1793, 19, 3
1 35 40: 1793, 18, 1
1 35 41: 1640, 12, 1
1 35 42: 1640, 17, 1
1 35 43: 1640, 12, 3
1 35 44: 1793, 18, 3
1 35 48: 1793, 19, 0
1 35 49: 1793, 19, 3
1 36 40: 1793, 18, 1
1 36 41: 1640, 12, 1
1 36 42: 1640, 17, 1
1 36 43: 1640, 12, 3
1 36 44: 1793, 18, 3
1 37 40: 1793, 18, 1
1 37 41: 1640, 12, 1
1 37 42: 1640, 17, 1
1 37 43: 1640, 12, 3
1 37 44: 1793, 18, 3
1 38 40: 1793, 18, 1
1 38 41: 1640, 12, 1
1 38 42: 1640, 17, 1
1 38 43: 1640, 12, 3
1 38 44: 1793, 18, 3
1 39 40: 1793, 18, 1
1 39 41: 1640, 12, 1
1 39 42: 1640, 17, 1
1 39 43: 1640, 12, 3
1 39 44: 1793, 18, 3
