0 0 0: 1434, 10, 1
0 0 1: 1434, 10, 1
0 0 2: 1434, 10, 1
0 0 3: 1434, 10, 1
0 0 4: 1434, 10, 1
0 0 5: 1434, 10, 1
0 0 6: 1434, 10, 1
0 0 7: 1434, 10, 1
0 0 8: 1434, 10, 1
0 0 9: 1434, 10, 1
0 0 10: 1434, 10, 1
0 0 11: 1434, 10, 1
0 0 12: 1434, 10, 1
0 0 13: 1434, 10, 1
0 0 14: 1434, 10, 1
0 0 15: 1434, 10, 1
0 0 16: 1434, 10, 1
0 0 17: 1417, 1, 1
0 0 18: 1417, 0, 2
0 0 19: 1417, 0, 2
0 0 20: 1417, 0, 2
0 0 21: 1417, 1, 2
0 0 22: 1434, 10, 1
0 0 23: 1434, 10, 1
0 0 24: 1434, 10, 1
0 0 25: 1434, 10, 1
0 0 26: 1417, 1, 1
0 0 27: 1417, 0, 2
0 0 28: 1417, 0, 2
0 0 29: 1417, 1, 2
0 0 30: 1434, 10, 1
0 0 31: 1434, 10, 1
0 0 32: 1434, 10, 1
0 0 33: 1434, 10, 1
0 0 34: 1434, 10, 1
0 0 35: 1434, 10, 1
0 0 36: 1434, 10, 1
0 0 37: 1434, 10, 1
0 0 38: 1434, 10, 1
0 0 39: 1434, 10, 1
0 0 40: 1434, 10, 1
0 0 41: 1434, 10, 1
0 0 42: 1434, 10, 1
0 0 43: 1434, 10, 1
0 0 44: 1434, 10, 1
0 0 45: 1434, 10, 1
0 0 46: 1434, 10, 1
0 0 47: 1434, 10, 1
0 0 48: 1434, 10, 1
0 0 49: 1434, 10, 1
0 0 50: 1434, 10, 1
0 0 51: 1434, 10, 1
0 0 52: 1434, 10, 1
0 0 53: 1434, 10, 1
0 0 54: 1434, 10, 1
0 0 55: 1434, 10, 1
0 0 56: 1434, 10, 1
0 0 57: 1434, 10, 1
0 0 58: 1434, 10, 1
0 0 59: 1434, 10, 1
0 0 60: 1434, 10, 1
0 0 61: 1434, 10, 1
0 0 62: 1434, 10, 1
0 0 63: 1434, 10, 1
0 1 0: 1434, 10, 1
0 1 1: 1434, 10, 1
0 1 2: 1434, 10, 1
0 1 3: 1434, 10, 1
0 1 4: 1434, 10, 1
0 1 5: 1434, 10, 1
0 1 6: 1434, 10, 1
0 1 7: 1434, 10, 1
0 1 8: 1434, 10, 1
0 1 9: 1434, 10, 1
0 1 10: 1434, 10, 1
0 1 11: 1434, 10, 1
0 1 12: 1434, 10, 1
0 1 13: 1434, 10, 1
0 1 14: 1434, 10, 1
0 1 15: 1434, 10, 1
0 1 16: 1417, 1, 1
0 1 17: 325, 22, 3
0 1 17: 1417, 9, 1
0 1 19: 198, 4, 0
0 1 19: 324, 22, 3
0 1 20: 326, 22, 0
0 1 21: 1417, 9, 2
0 1 22: 1417, 1, 2
0 1 23: 1434, 10, 1
0 1 24: 1434, 10, 1
0 1 25: 1417, 1, 1
0 1 26: 324, 22, 3
0 1 26: 1417, 9, 1
0 1 27: 198, 4, 0
0 1 27: 326, 22, 3
0 1 28: 324, 22, 2
0 1 29: 324, 22, 2
0 1 29: 1417, 9, 2
0 1 30: 1417, 1, 2
0 1 31: 1434, 10, 1
0 1 32: 1434, 10, 1
0 1 33: 1434, 10, 1
0 1 34: 1434, 10, 1
0 1 35: 1434, 10, 1
0 1 36: 1434, 10, 1
0 1 37: 1434, 10, 1
0 1 38: 1434, 10, 1
0 1 39: 1434, 10, 1
0 1 40: 1434, 10, 1
0 1 41: 1434, 10, 1
0 1 42: 1434, 10, 1
0 1 43: 1434, 10, 1
0 1 44: 1434, 10, 1
0 1 45: 1434, 10, 1
0 1 46: 1434, 10, 1
0 1 47: 1434, 10, 1
0 1 48: 1417, 1, 1
0 1 49: 1417, 0, 2
0 1 50: 1417, 0, 2
0 1 51: 1417, 1, 2
0 1 52: 1434, 10, 1
0 1 53: 1434, 10, 1
0 1 54: 1417, 1, 1
0 1 55: 1417, 0, 2
0 1 56: 1417, 0, 2
0 1 57: 1417, 0, 2
0 1 58: 1417, 1, 2
0 1 59: 1434, 10, 1
0 1 60: 1434, 10, 1
0 1 61: 1434, 10, 1
0 1 62: 1434, 10, 1
0 1 63: 1434, 10, 1
0 2 0: 1434, 10, 1
0 2 1: 1434, 10, 1
0 2 2: 1434, 10, 1
0 2 3: 1434, 10, 1
0 2 4: 1434, 10, 1
0 2 5: 1434, 10, 1
0 2 6: 1434, 10, 1
0 2 7: 1434, 10, 1
0 2 8: 1434, 10, 1
0 2 9: 1434, 10, 1
0 2 10: 1434, 10, 1
0 2 11: 1434, 10, 1
0 2 12: 1434, 10, 1
0 2 13: 1434, 10, 1
0 2 14: 1434, 10, 1
0 2 15: 1417, 1, 1
0 2 16: 1417, 9, 1
0 2 20: 325, 22, 1
0 2 21: 324, 22, 1
0 2 22: 1417, 9, 2
0 2 23: 1417, 1, 2
0 2 24: 1417, 1, 1
0 2 25: 324, 22, 3
0 2 25: 1417, 9, 1
0 2 26: 325, 22, 3
0 2 27: 325, 22, 0
0 2 28: 324, 22, 2
0 2 29: 326, 22, 0
0 2 29: 1452, 4, 1
0 2 30: 1417, 0, 3
0 2 31: 1434, 10, 1
0 2 32: 1434, 10, 1
0 2 33: 1434, 10, 1
0 2 34: 1434, 10, 1
0 2 35: 1434, 10, 1
0 2 36: 1434, 10, 1
0 2 37: 1434, 10, 1
0 2 38: 1434, 10, 1
0 2 39: 1434, 10, 1
0 2 40: 1417, 1, 1
0 2 41: 1417, 0, 2
0 2 42: 1417, 1, 2
0 2 43: 1434, 10, 1
0 2 44: 1434, 10, 1
0 2 45: 1434, 10, 1
0 2 46: 1417, 1, 1
0 2 47: 1417, 0, 2
0 2 48: 1417, 9, 1
0 2 49: 198, 4, 0
0 2 49: 324, 22, 1
0 2 50: 326, 22, 1
0 2 51: 324, 22, 2
0 2 51: 1417, 9, 2
0 2 52: 1417, 0, 2
0 2 53: 1417, 0, 2
0 2 54: 1417, 9, 1
0 2 55: 324, 22, 3
0 2 56: 198, 4, 0
0 2 56: 326, 22, 1
0 2 57: 326, 22, 2
0 2 58: 324, 22, 1
0 2 58: 1417, 9, 2
0 2 59: 1417, 1, 2
0 2 60: 1434, 10, 1
0 2 61: 1434, 10, 1
0 2 62: 1434, 10, 1
0 2 63: 1434, 10, 1
0 3 0: 1434, 10, 1
0 3 1: 1434, 10, 1
0 3 2: 1434, 10, 1
0 3 3: 1434, 10, 1
0 3 4: 1434, 10, 1
0 3 5: 1434, 10, 1
0 3 6: 1434, 10, 1
0 3 7: 1434, 10, 1
0 3 8: 1434, 10, 1
0 3 9: 1434, 10, 1
0 3 10: 1434, 10, 1
0 3 11: 1434, 10, 1
0 3 12: 1434, 10, 1
0 3 13: 1434, 10, 1
0 3 14: 1434, 10, 1
0 3 15: 1417, 0, 1
0 3 21: 325, 22, 0
0 3 22: 326, 22, 1
0 3 22: 1454, 4, 1
0 3 23: 1417, 0, 3
0 3 24: 1417, 0, 1
0 3 25: 325, 22, 2
0 3 25: 473, 10, 3
0 3 28: 325, 22, 3
0 3 29: 1417, 9, 3
0 3 30: 1417, 1, 3
0 3 31: 1417, 1, 1
0 3 32: 1417, 0, 2
0 3 33: 1417, 0, 2
0 3 34: 1417, 1, 2
0 3 35: 1434, 10, 1
0 3 36: 1434, 10, 1
0 3 37: 1434, 10, 1
0 3 38: 1434, 10, 1
0 3 39: 1417, 1, 1
0 3 40: 324, 22, 0
0 3 40: 1417, 9, 1
0 3 41: 326, 22, 0
0 3 42: 1417, 9, 2
0 3 43: 1417, 1, 2
0 3 44: 1434, 10, 1
0 3 45: 1417, 1, 1
0 3 46: 1417, 9, 1
0 3 48: 2092, 10, 3
0 3 50: 2092, 10, 1
0 3 52: 2102, 10, 2
0 3 55: 324, 22, 3
0 3 56: 324, 22, 0
0 3 57: 324, 22, 1
0 3 58: 324, 22, 0
0 3 59: 1417, 9, 2
0 3 60: 1417, 1, 2
0 3 61: 1434, 10, 1
0 3 62: 1434, 10, 1
0 3 63: 1434, 10, 1
0 4 0: 1434, 10, 1
0 4 1: 1434, 10, 1
0 4 2: 1434, 10, 1
0 4 3: 1434, 10, 1
0 4 4: 1434, 10, 1
0 4 5: 1434, 10, 1
0 4 6: 1434, 10, 1
0 4 7: 1434, 10, 1
0 4 8: 1434, 10, 1
0 4 9: 1434, 10, 1
0 4 10: 1434, 10, 1
0 4 11: 1434, 10, 1
0 4 12: 1434, 10, 1
0 4 13: 1434, 10, 1
0 4 14: 1434, 10, 1
0 4 15: 1417, 0, 1
0 4 17: 324, 22, 0
0 4 19: 1248, 22, 1
0 4 22: 198, 4, 1
0 4 22: 324, 22, 2
0 4 23: 1417, 0, 3
0 4 24: 1417, 0, 1
0 4 29: 1417, 9, 2
0 4 30: 1417, 0, 2
0 4 31: 321, 22, 2
0 4 31: 1417, 9, 1
0 4 32: 320, 22, 2
0 4 33: 320, 22, 3
0 4 34: 321, 22, 1
0 4 34: 1417, 9, 2
0 4 35: 1417, 0, 2
0 4 36: 1417, 1, 2
0 4 37: 1434, 10, 1
0 4 38: 1434, 10, 1
0 4 39: 1417, 0, 1
0 4 40: 325, 22, 3
0 4 41: 325, 22, 0
0 4 42: 324, 22, 0
0 4 43: 324, 22, 0
0 4 43: 1417, 9, 2
0 4 44: 1417, 0, 2
0 4 45: 1417, 9, 1
0 4 46: 2092, 10, 2
0 4 47: 2092, 10, 3
0 4 48: 324, 22, 0
0 4 53: 2102, 10, 1
0 4 57: 324, 22, 2
0 4 58: 471, 10, 1
0 4 59: 324, 22, 1
0 4 59: 1454, 4, 1
0 4 60: 1417, 0, 3
0 4 61: 1434, 10, 1
0 4 62: 1434, 10, 1
0 4 63: 1434, 10, 1
0 5 0: 1434, 10, 1
0 5 1: 1434, 10, 1
0 5 2: 1434, 10, 1
0 5 3: 1434, 10, 1
0 5 4: 1434, 10, 1
0 5 5: 1434, 10, 1
0 5 6: 1434, 10, 1
0 5 7: 1434, 10, 1
0 5 8: 1434, 10, 1
0 5 9: 1434, 10, 1
0 5 10: 1434, 10, 1
0 5 11: 1434, 10, 1
0 5 12: 1434, 10, 1
0 5 13: 1434, 10, 1
0 5 14: 1434, 10, 1
0 5 15: 1417, 0, 1
0 5 21: 325, 22, 3
0 5 22: 325, 22, 2
0 5 22: 1417, 9, 3
0 5 23: 1417, 1, 3
0 5 24: 1417, 0, 1
0 5 25: 325, 22, 2
0 5 28: 1248, 22, 2
0 5 31: 320, 22, 2
0 5 32: 320, 22, 2
0 5 34: 320, 22, 1
0 5 35: 320, 22, 2
0 5 36: 320, 22, 1
0 5 36: 1417, 9, 2
0 5 37: 1417, 1, 2
0 5 38: 1434, 10, 1
0 5 39: 1417, 0, 1
0 5 40: 198, 4, 3
0 5 42: 324, 22, 1
0 5 44: 2092, 10, 2
0 5 51: 324, 22, 1
0 5 59: 324, 22, 1
0 5 59: 1452, 4, 1
0 5 60: 1417, 0, 3
0 5 61: 1434, 10, 1
0 5 62: 1434, 10, 1
0 5 63: 1434, 10, 1
0 6 0: 1434, 10, 1
0 6 1: 1434, 10, 1
0 6 2: 1434, 10, 1
0 6 3: 1434, 10, 1
0 6 4: 1434, 10, 1
0 6 5: 1434, 10, 1
0 6 6: 1434, 10, 1
0 6 7: 1434, 10, 1
0 6 8: 1434, 10, 1
0 6 9: 1434, 10, 1
0 6 10: 1434, 10, 1
0 6 11: 1434, 10, 1
0 6 12: 1434, 10, 1
0 6 13: 1434, 10, 1
0 6 14: 1417, 1, 1
0 6 15: 1417, 9, 1
0 6 18: 1417, 9, 3
0 6 19: 1417, 9, 0
0 6 20: 326, 22, 3
0 6 21: 1417, 9, 3
0 6 22: 1417, 1, 3
0 6 23: 1417, 1, 1
0 6 24: 1417, 9, 1
0 6 33: 1417, 9, 3
0 6 34: 1417, 9, 0
0 6 36: 320, 22, 2
0 6 36: 1452, 4, 1
0 6 37: 1417, 0, 3
0 6 38: 1434, 10, 1
0 6 39: 1417, 0, 1
0 6 46: 1248, 22, 0
0 6 54: 325, 22, 0
0 6 55: 326, 22, 2
0 6 56: 325, 22, 2
0 6 59: 1454, 4, 1
0 6 60: 1417, 0, 3
0 6 61: 1434, 10, 1
0 6 62: 1434, 10, 1
0 6 63: 1434, 10, 1
0 7 0: 1434, 10, 1
0 7 1: 1434, 10, 1
0 7 2: 1434, 10, 1
0 7 3: 1434, 10, 1
0 7 4: 1417, 1, 1
0 7 5: 1417, 0, 2
0 7 6: 1417, 0, 2
0 7 7: 1417, 0, 2
0 7 8: 1417, 0, 2
0 7 9: 1417, 0, 2
0 7 10: 1417, 1, 2
0 7 11: 1434, 10, 1
0 7 12: 1434, 10, 1
0 7 13: 1417, 1, 1
0 7 14: 1417, 9, 1
0 7 16: 324, 22, 3
0 7 17: 1454, 4, 1
0 7 18: 1417, 0, 3
0 7 19: 1417, 1, 0
0 7 20: 1417, 0, 0
0 7 21: 1417, 1, 3
0 7 22: 1417, 1, 1
0 7 23: 1417, 9, 1
0 7 24: 325, 22, 3
0 7 25: 1986, 10, 0
0 7 30: 1417, 9, 3
0 7 31: 1417, 0, 0
0 7 32: 1417, 0, 0
0 7 33: 1417, 1, 3
0 7 34: 1417, 0, 1
0 7 36: 1458, 4, 1
0 7 37: 1417, 0, 3
0 7 38: 1434, 10, 1
0 7 39: 1417, 1, 0
0 7 40: 1417, 9, 0
0 7 42: 2092, 10, 1
0 7 47: 326, 22, 0
0 7 52: 1417, 9, 3
0 7 52: 1454, 7, 3
0 7 53: 1417, 0, 0
0 7 54: 1417, 0, 0
0 7 55: 1417, 0, 0
0 7 56: 325, 22, 0
0 7 56: 1417, 9, 0
0 7 60: 1417, 9, 2
0 7 61: 1417, 0, 2
0 7 62: 1417, 1, 2
0 7 63: 1434, 10, 1
0 8 0: 1434, 10, 1
0 8 1: 1434, 10, 1
0 8 2: 1417, 1, 1
0 8 3: 1417, 0, 2
0 8 4: 1417, 9, 1
0 8 6: 1458, 4, 0
0 8 8: 198, 4, 0
0 8 9: 325, 22, 2
0 8 10: 325, 22, 2
0 8 10: 1417, 9, 2
0 8 11: 1417, 1, 2
0 8 12: 1434, 10, 1
0 8 13: 1417, 0, 1
0 8 17: 1417, 9, 3
0 8 18: 1417, 1, 3
0 8 19: 1434, 10, 1
0 8 20: 1434, 10, 1
0 8 21: 1417, 1, 1
0 8 22: 1417, 9, 1
0 8 30: 1417, 9, 2
0 8 31: 1417, 1, 2
0 8 32: 1434, 10, 1
0 8 33: 1434, 10, 1
0 8 34: 1417, 0, 1
0 8 37: 326, 22, 0
0 8 37: 1417, 9, 2
0 8 38: 1417, 1, 2
0 8 39: 1434, 10, 1
0 8 40: 1417, 1, 0
0 8 41: 324, 22, 1
0 8 41: 1417, 9, 0
0 8 42: 325, 22, 3
0 8 43: 325, 22, 2
0 8 44: 324, 22, 0
0 8 45: 324, 22, 2
0 8 45: 1454, 4, 2
0 8 47: 2092, 10, 0
0 8 51: 1417, 9, 3
0 8 51: 1452, 7, 3
0 8 52: 1417, 1, 3
0 8 53: 1434, 10, 3
0 8 54: 1434, 10, 3
0 8 55: 1434, 10, 3
0 8 56: 1417, 1, 0
0 8 57: 1417, 9, 0
0 8 61: 324, 22, 0
0 8 62: 324, 22, 0
0 8 62: 1417, 9, 2
0 8 63: 1417, 1, 2
0 9 0: 1434, 10, 1
0 9 1: 1417, 1, 1
0 9 2: 1417, 9, 1
0 9 3: 198, 4, 0
0 9 7: 325, 22, 3
0 9 11: 1417, 9, 2
0 9 12: 1417, 0, 2
0 9 13: 1417, 9, 1
0 9 16: 1417, 9, 3
0 9 17: 1417, 1, 3
0 9 18: 1434, 10, 1
0 9 19: 1434, 10, 1
0 9 20: 1417, 1, 1
0 9 21: 1417, 9, 1
0 9 22: 325, 22, 3
0 9 31: 1417, 9, 2
0 9 32: 1417, 0, 2
0 9 33: 1417, 0, 2
0 9 34: 1417, 9, 1
0 9 37: 326, 22, 1
0 9 38: 1417, 0, 3
0 9 39: 1434, 10, 1
0 9 40: 1434, 10, 1
0 9 41: 1417, 1, 0
0 9 42: 325, 22, 0
0 9 42: 1417, 9, 0
0 9 43: 326, 22, 3
0 9 44: 325, 22, 3
0 9 44: 1417, 9, 3
0 9 44: 1452, 7, 3
0 9 45: 1417, 0, 0
0 9 46: 1417, 9, 0
0 9 50: 1454, 4, 1
0 9 51: 1417, 0, 3
0 9 52: 1434, 10, 3
0 9 53: 1434, 10, 3
0 9 54: 1434, 10, 3
0 9 55: 1434, 10, 3
0 9 56: 1434, 10, 3
0 9 57: 1417, 0, 1
0 9 58: 325, 22, 3
0 9 61: 324, 22, 1
0 9 62: 326, 22, 0
0 9 62: 1454, 4, 1
0 9 63: 1417, 0, 3
0 10 0: 1417, 1, 1
0 10 1: 1417, 9, 1
0 10 3: 325, 22, 1
0 10 4: 325, 22, 2
0 10 4: 1417, 9, 3
0 10 5: 1417, 9, 0
0 10 11: 325, 22, 3
0 10 15: 1454, 4, 1
0 10 16: 1417, 0, 3
0 10 17: 1434, 10, 1
0 10 18: 1434, 10, 1
0 10 19: 1434, 10, 1
0 10 20: 1417, 0, 1
0 10 21: 198, 4, 3
0 10 21: 326, 22, 3
0 10 22: 325, 22, 0
0 10 33: 1458, 4, 0
0 10 36: 325, 22, 0
0 10 37: 324, 22, 1
0 10 38: 1417, 9, 2
0 10 39: 1417, 1, 2
0 10 40: 1434, 10, 1
0 10 41: 1434, 10, 1
0 10 42: 1417, 1, 0
0 10 43: 1417, 0, 0
0 10 44: 1417, 1, 3
0 10 45: 1434, 10, 1
0 10 46: 1417, 1, 0
0 10 47: 1417, 9, 0
0 10 50: 1452, 4, 1
0 10 51: 1417, 0, 3
0 10 52: 1434, 10, 3
0 10 53: 1434, 10, 3
0 10 54: 1434, 10, 3
0 10 55: 1434, 10, 3
0 10 56: 1434, 10, 3
0 10 57: 1417, 0, 1
0 10 62: 326, 22, 1
0 10 62: 1452, 4, 1
0 10 63: 1417, 0, 3
0 11 0: 1417, 0, 1
0 11 2: 325, 22, 1
0 11 3: 326, 22, 0
0 11 3: 1454, 4, 1
0 11 4: 1417, 0, 3
0 11 5: 1417, 0, 1
0 11 12: 1248, 22, 2
0 11 16: 1417, 9, 2
0 11 17: 1417, 1, 2
0 11 18: 1434, 10, 1
0 11 19: 1434, 10, 1
0 11 20: 1417, 0, 1
0 11 21: 325, 22, 2
0 11 22: 1985, 10, 1
0 11 28: 325, 22, 1
0 11 29: 198, 4, 2
0 11 29: 324, 22, 0
0 11 30: 325, 22, 2
0 11 38: 325, 22, 0
0 11 39: 324, 22, 2
0 11 39: 1417, 9, 2
0 11 40: 1417, 1, 2
0 11 41: 1434, 10, 1
0 11 42: 1434, 10, 1
0 11 43: 1434, 10, 1
0 11 44: 1434, 10, 1
0 11 45: 1434, 10, 1
0 11 46: 1434, 10, 1
0 11 47: 1417, 0, 1
0 11 48: 198, 4, 3
0 11 50: 325, 22, 3
0 11 51: 324, 22, 3
0 11 51: 1417, 9, 2
0 11 52: 1417, 1, 2
0 11 53: 1434, 10, 3
0 11 54: 1434, 10, 3
0 11 55: 1434, 10, 3
0 11 56: 1417, 1, 1
0 11 57: 326, 22, 1
0 11 57: 1417, 9, 1
0 11 58: 325, 22, 2
0 11 60: 326, 22, 1
0 11 62: 1417, 9, 3
0 11 62: 1454, 7, 3
0 11 63: 1417, 1, 3
0 12 0: 1417, 0, 1
0 12 2: 325, 22, 2
0 12 3: 325, 22, 3
0 12 3: 1417, 9, 3
0 12 4: 1417, 1, 3
0 12 5: 1417, 0, 1
0 12 8: 1417, 9, 3
0 12 9: 1417, 0, 0
0 12 10: 1417, 9, 0
0 12 17: 325, 22, 3
0 12 17: 1417, 9, 2
0 12 18: 1417, 1, 2
0 12 19: 1434, 10, 1
0 12 20: 1417, 0, 1
0 12 21: 325, 22, 1
0 12 26: 325, 22, 0
0 12 27: 324, 22, 3
0 12 28: 326, 22, 3
0 12 28: 1417, 9, 3
0 12 29: 1417, 0, 0
0 12 30: 1417, 0, 0
0 12 31: 325, 22, 3
0 12 31: 1417, 9, 0
0 12 32: 326, 22, 1
0 12 33: 324, 22, 3
0 12 34: 325, 22, 2
0 12 37: 1986, 10, 3
0 12 38: 325, 22, 1
0 12 39: 324, 22, 1
0 12 40: 324, 22, 1
0 12 40: 1417, 9, 2
0 12 41: 1417, 1, 2
0 12 42: 1434, 10, 1
0 12 43: 1434, 10, 1
0 12 44: 1434, 10, 1
0 12 45: 1434, 10, 1
0 12 46: 1434, 10, 1
0 12 47: 1417, 0, 1
0 12 50: 325, 22, 2
0 12 50: 471, 10, 1
0 12 51: 326, 22, 1
0 12 52: 1417, 0, 3
0 12 53: 1434, 10, 3
0 12 54: 1434, 10, 3
0 12 55: 1417, 1, 1
0 12 56: 326, 22, 0
0 12 56: 1417, 9, 1
0 12 57: 325, 22, 0
0 12 61: 1417, 9, 3
0 12 61: 1452, 7, 3
0 12 62: 1417, 1, 3
0 12 63: 1434, 10, 1
0 13 0: 1417, 0, 1
0 13 3: 1417, 9, 2
0 13 4: 1417, 0, 2
0 13 5: 1417, 9, 1
0 13 7: 1417, 9, 3
0 13 8: 1417, 1, 3
0 13 9: 1434, 10, 1
0 13 10: 1417, 1, 0
0 13 11: 1417, 9, 0
0 13 13: 198, 4, 2
0 13 16: 325, 22, 1
0 13 17: 324, 22, 2
0 13 17: 1452, 4, 1
0 13 18: 1417, 0, 3
0 13 19: 1434, 10, 1
0 13 20: 1417, 1, 0
0 13 21: 1417, 9, 0
0 13 26: 325, 22, 0
0 13 27: 325, 22, 1
0 13 27: 1417, 9, 3
0 13 28: 1417, 1, 3
0 13 29: 1434, 10, 1
0 13 30: 1434, 10, 1
0 13 31: 1417, 1, 0
0 13 32: 1417, 0, 0
0 13 33: 325, 22, 3
0 13 33: 1417, 9, 0
0 13 34: 324, 22, 0
0 13 39: 325, 22, 1
0 13 40: 198, 4, 1
0 13 40: 324, 22, 0
0 13 41: 1417, 0, 3
0 13 42: 1434, 10, 1
0 13 43: 1434, 10, 1
0 13 44: 1434, 10, 1
0 13 45: 1434, 10, 1
0 13 46: 1417, 1, 1
0 13 47: 1417, 9, 1
0 13 50: 325, 22, 2
0 13 51: 324, 22, 0
0 13 52: 1417, 0, 3
0 13 53: 1434, 10, 3
0 13 54: 1434, 10, 3
0 13 55: 1417, 0, 1
0 13 56: 325, 22, 1
0 13 59: 2100, 10, 3
0 13 60: 1452, 4, 1
0 13 61: 1417, 0, 3
0 13 62: 1434, 10, 1
0 13 63: 1434, 10, 1
0 14 0: 1417, 0, 1
0 14 6: 1417, 9, 3
0 14 7: 1417, 1, 3
0 14 8: 1434, 10, 1
0 14 9: 1434, 10, 1
0 14 10: 1434, 10, 1
0 14 11: 1417, 1, 0
0 14 12: 1417, 0, 0
0 14 13: 1417, 0, 0
0 14 14: 1417, 9, 0
0 14 17: 325, 22, 2
0 14 17: 1455, 4, 1
0 14 18: 1417, 0, 3
0 14 19: 1434, 10, 1
0 14 20: 1434, 10, 1
0 14 21: 1417, 0, 1
0 14 22: 474, 10, 3
0 14 26: 198, 4, 1
0 14 27: 1417, 0, 3
0 14 28: 1434, 10, 1
0 14 29: 1434, 10, 1
0 14 30: 1434, 10, 1
0 14 31: 1434, 10, 1
0 14 32: 1434, 10, 1
0 14 33: 1417, 0, 1
0 14 34: 198, 4, 3
0 14 34: 325, 22, 3
0 14 35: 325, 22, 3
0 14 40: 325, 22, 0
0 14 40: 1452, 4, 1
0 14 41: 1417, 0, 3
0 14 42: 1434, 10, 1
0 14 43: 1434, 10, 1
0 14 44: 1434, 10, 1
0 14 45: 1417, 1, 1
0 14 46: 1417, 9, 1
0 14 51: 325, 22, 1
0 14 52: 326, 22, 0
0 14 52: 1417, 9, 2
0 14 53: 1417, 0, 2
0 14 54: 1417, 0, 2
0 14 55: 1417, 9, 1
0 14 60: 198, 4, 1
0 14 61: 1417, 0, 3
0 14 62: 1434, 10, 1
0 14 63: 1434, 10, 1
0 15 0: 1417, 1, 0
0 15 1: 1417, 9, 0
0 15 5: 1455, 4, 1
0 15 6: 1417, 0, 3
0 15 7: 1434, 10, 1
0 15 8: 1434, 10, 1
0 15 9: 1434, 10, 1
0 15 10: 1434, 10, 1
0 15 11: 1434, 10, 1
0 15 12: 1434, 10, 1
0 15 13: 1434, 10, 1
0 15 14: 1417, 0, 1
0 15 17: 198, 4, 1
0 15 18: 1417, 0, 3
0 15 19: 1434, 10, 1
0 15 20: 1434, 10, 1
0 15 21: 1417, 0, 1
0 15 23: 325, 22, 1
0 15 26: 325, 22, 3
0 15 26: 1452, 4, 1
0 15 27: 1417, 0, 3
0 15 28: 1434, 10, 1
0 15 29: 1434, 10, 1
0 15 30: 1434, 10, 1
0 15 31: 1434, 10, 1
0 15 32: 1434, 10, 1
0 15 33: 1417, 0, 1
0 15 34: 325, 22, 0
0 15 38: 474, 10, 1
0 15 40: 198, 4, 1
0 15 41: 1417, 0, 3
0 15 42: 1434, 10, 1
0 15 43: 1434, 10, 1
0 15 44: 1417, 1, 1
0 15 45: 1417, 9, 1
0 15 46: 2109, 10, 1
0 15 49: 325, 22, 2
0 15 49: 1417, 9, 3
0 15 49: 1452, 7, 3
0 15 50: 326, 22, 1
0 15 50: 1417, 9, 0
0 15 54: 198, 4, 0
0 15 58: 2100, 10, 1
0 15 60: 1454, 4, 1
0 15 61: 1417, 0, 3
0 15 62: 1434, 10, 1
0 15 63: 1434, 10, 1
0 16 0: 1434, 10, 1
0 16 1: 1417, 0, 1
0 16 2: 198, 4, 3
0 16 4: 1248, 22, 0
0 16 5: 1452, 4, 1
0 16 6: 1417, 0, 3
0 16 7: 1434, 10, 1
0 16 8: 1434, 10, 1
0 16 9: 1434, 10, 1
0 16 10: 1434, 10, 1
0 16 11: 1434, 10, 1
0 16 12: 1434, 10, 1
0 16 13: 1417, 1, 1
0 16 14: 1417, 9, 1
0 16 18: 1417, 0, 3
0 16 19: 1434, 10, 1
0 16 20: 1417, 1, 1
0 16 21: 1417, 9, 1
0 16 23: 326, 22, 2
0 16 24: 325, 22, 2
0 16 27: 324, 22, 2
0 16 27: 1417, 9, 2
0 16 28: 1417, 1, 2
0 16 29: 1434, 10, 1
0 16 30: 1434, 10, 1
0 16 31: 1434, 10, 1
0 16 32: 1434, 10, 1
0 16 33: 1417, 0, 1
0 16 37: 1247, 22, 2
0 16 40: 1417, 9, 3
0 16 41: 1417, 1, 3
0 16 42: 1434, 10, 1
0 16 43: 1434, 10, 1
0 16 44: 1417, 0, 1
0 16 45: 324, 22, 2
0 16 48: 325, 22, 3
0 16 49: 326, 22, 0
0 16 49: 1417, 9, 2
0 16 50: 324, 22, 3
0 16 50: 1417, 9, 1
0 16 51: 325, 22, 2
0 16 57: 2100, 10, 2
0 16 60: 1417, 9, 3
0 16 60: 1453, 7, 3
0 16 61: 1417, 1, 3
0 16 62: 1434, 10, 1
0 16 63: 1434, 10, 1
0 17 0: 1434, 10, 1
0 17 1: 1417, 1, 0
0 17 2: 1417, 9, 0
0 17 5: 1453, 4, 1
0 17 6: 1417, 0, 3
0 17 7: 1434, 10, 1
0 17 8: 1434, 10, 1
0 17 9: 1434, 10, 1
0 17 10: 1434, 10, 1
0 17 11: 1434, 10, 1
0 17 12: 1417, 1, 1
0 17 13: 1417, 9, 1
0 17 17: 1417, 9, 3
0 17 18: 1417, 1, 3
0 17 19: 1434, 10, 1
0 17 20: 1417, 0, 1
0 17 21: 198, 4, 3
0 17 23: 325, 22, 2
0 17 27: 324, 22, 3
0 17 27: 1453, 4, 1
0 17 28: 325, 22, 2
0 17 28: 1417, 0, 3
0 17 29: 1434, 10, 1
0 17 30: 1434, 10, 1
0 17 31: 1434, 10, 1
0 17 32: 1434, 10, 1
0 17 33: 1417, 0, 1
0 17 34: 198, 4, 3
0 17 39: 1417, 9, 3
0 17 40: 1417, 1, 3
0 17 41: 1434, 10, 1
0 17 42: 1434, 10, 1
0 17 43: 1434, 10, 1
0 17 44: 1417, 0, 1
0 17 45: 198, 4, 3
0 17 45: 324, 22, 1
0 17 46: 324, 22, 0
0 17 49: 325, 22, 2
0 17 50: 325, 22, 3
0 17 51: 2108, 10, 2
0 17 59: 324, 22, 1
0 17 59: 1417, 9, 3
0 17 59: 1452, 7, 3
0 17 60: 1417, 1, 3
0 17 61: 1434, 10, 1
0 17 62: 1434, 10, 1
0 17 63: 1434, 10, 1
0 18 0: 1434, 10, 1
0 18 1: 1434, 10, 1
0 18 2: 1417, 1, 0
0 18 3: 1417, 9, 0
0 18 6: 1417, 9, 2
0 18 7: 1417, 1, 2
0 18 8: 1434, 10, 1
0 18 9: 1434, 10, 1
0 18 10: 1434, 10, 1
0 18 11: 1417, 1, 1
0 18 12: 1417, 9, 1
0 18 14: 324, 22, 1
0 18 16: 1417, 9, 3
0 18 17: 1417, 1, 3
0 18 18: 1434, 10, 1
0 18 19: 1434, 10, 1
0 18 20: 1417, 0, 1
0 18 26: 1246, 22, 3
0 18 28: 325, 22, 3
0 18 28: 1417, 9, 2
0 18 29: 1417, 1, 2
0 18 30: 1434, 10, 1
0 18 31: 1434, 10, 1
0 18 32: 1417, 1, 1
0 18 33: 1417, 9, 1
0 18 38: 1453, 4, 1
0 18 39: 1417, 0, 3
0 18 40: 1434, 10, 1
0 18 41: 1434, 10, 1
0 18 42: 1434, 10, 1
0 18 43: 1434, 10, 1
0 18 44: 1417, 0, 1
0 18 45: 326, 22, 0
0 18 46: 325, 22, 1
0 18 47: 325, 22, 2
0 18 54: 324, 22, 0
0 18 55: 324, 22, 3
0 18 58: 1454, 4, 1
0 18 58: 2100, 10, 0
0 18 59: 1417, 0, 3
0 18 60: 1434, 10, 1
0 18 61: 1434, 10, 1
0 18 62: 1434, 10, 1
0 18 63: 1434, 10, 1
0 19 0: 1434, 10, 1
0 19 1: 1434, 10, 1
0 19 2: 1434, 10, 1
0 19 3: 1417, 0, 1
0 19 7: 1417, 9, 2
0 19 8: 1417, 1, 2
0 19 9: 1434, 10, 1
0 19 10: 1434, 10, 1
0 19 11: 1417, 0, 1
0 19 13: 325, 22, 1
0 19 14: 325, 22, 0
0 19 16: 1417, 0, 3
0 19 17: 1434, 10, 1
0 19 18: 1434, 10, 1
0 19 19: 1417, 1, 1
0 19 20: 1417, 9, 1
0 19 24: 198, 4, 2
0 19 24: 325, 22, 2
0 19 29: 1417, 9, 2
0 19 30: 1417, 0, 2
0 19 31: 1417, 0, 2
0 19 32: 1417, 9, 1
0 19 35: 1246, 22, 2
0 19 39: 1417, 9, 2
0 19 40: 1417, 1, 2
0 19 41: 1434, 10, 1
0 19 42: 1434, 10, 1
0 19 43: 1434, 10, 1
0 19 44: 1417, 1, 0
0 19 45: 325, 22, 2
0 19 45: 1417, 9, 0
0 19 46: 325, 22, 2
0 19 47: 325, 22, 3
0 19 50: 2108, 10, 1
0 19 52: 2108, 10, 0
0 19 59: 1417, 9, 2
0 19 60: 1417, 0, 2
0 19 61: 1417, 1, 2
0 19 62: 1434, 10, 1
0 19 63: 1434, 10, 1
0 20 0: 1434, 10, 1
0 20 1: 1434, 10, 1
0 20 2: 1434, 10, 1
0 20 3: 1417, 0, 1
0 20 5: 326, 22, 3
0 20 7: 198, 4, 1
0 20 8: 1417, 0, 3
0 20 9: 1434, 10, 1
0 20 10: 1417, 1, 1
0 20 11: 1417, 9, 1
0 20 15: 1417, 9, 3
0 20 16: 1417, 1, 3
0 20 17: 1434, 10, 1
0 20 18: 1417, 1, 1
0 20 19: 1417, 9, 1
0 20 23: 1417, 9, 3
0 20 24: 1417, 0, 0
0 20 25: 1417, 9, 0
0 20 30: 198, 4, 0
0 20 37: 1985, 10, 2
0 20 39: 325, 22, 2
0 20 40: 1417, 0, 3
0 20 41: 1434, 10, 1
0 20 42: 1434, 10, 1
0 20 43: 1434, 10, 1
0 20 44: 1434, 10, 1
0 20 45: 1417, 0, 1
0 20 46: 324, 22, 2
0 20 58: 324, 22, 0
0 20 59: 325, 22, 3
0 20 60: 326, 22, 0
0 20 61: 1417, 9, 2
0 20 62: 1417, 1, 2
0 20 63: 1434, 10, 1
0 21 0: 1434, 10, 1
0 21 1: 1434, 10, 1
0 21 2: 1434, 10, 1
0 21 3: 1417, 0, 1
0 21 7: 1458, 4, 1
0 21 8: 1417, 0, 3
0 21 9: 1434, 10, 1
0 21 10: 1417, 0, 1
0 21 11: 198, 4, 3
0 21 11: 324, 22, 0
0 21 14: 1452, 4, 1
0 21 15: 1417, 0, 3
0 21 16: 1434, 10, 1
0 21 17: 1434, 10, 1
0 21 18: 1417, 0, 1
0 21 22: 198, 4, 1
0 21 23: 1417, 0, 3
0 21 24: 1434, 10, 1
0 21 25: 1417, 0, 1
0 21 26: 198, 4, 3
0 21 26: 325, 22, 2
0 21 35: 325, 22, 3
0 21 40: 325, 22, 3
0 21 40: 1417, 9, 2
0 21 41: 1417, 1, 2
0 21 42: 1434, 10, 1
0 21 43: 1434, 10, 1
0 21 44: 1434, 10, 1
0 21 45: 1417, 0, 1
0 21 49: 2108, 10, 3
0 21 52: 325, 22, 2
0 21 53: 325, 22, 3
0 21 56: 325, 22, 2
0 21 57: 325, 22, 1
0 21 59: 324, 22, 3
0 21 60: 325, 22, 2
0 21 61: 325, 22, 2
0 21 61: 1454, 4, 1
0 21 62: 1417, 0, 3
0 21 63: 1434, 10, 1
0 22 0: 1434, 10, 1
0 22 1: 1434, 10, 1
0 22 2: 1417, 1, 1
0 22 3: 1417, 9, 1
0 22 7: 1417, 9, 3
0 22 7: 1452, 7, 3
0 22 8: 1417, 1, 3
0 22 9: 1434, 10, 1
0 22 10: 1417, 1, 0
0 22 11: 1417, 9, 0
0 22 15: 1417, 9, 2
0 22 16: 1417, 0, 2
0 22 17: 1417, 0, 2
0 22 18: 1417, 9, 1
0 22 23: 1417, 9, 2
0 22 24: 1417, 1, 2
0 22 25: 1417, 0, 1
0 22 26: 325, 22, 3
0 22 34: 325, 22, 3
0 22 35: 326, 22, 0
0 22 36: 325, 22, 0
0 22 40: 325, 22, 2
0 22 41: 325, 22, 2
0 22 41: 1417, 9, 2
0 22 42: 1417, 1, 2
0 22 43: 1434, 10, 1
0 22 44: 1417, 1, 1
0 22 45: 1417, 9, 1
0 22 46: 325, 22, 2
0 22 51: 325, 22, 3
0 22 52: 326, 22, 1
0 22 53: 325, 22, 0
0 22 55: 325, 22, 1
0 22 56: 326, 22, 0
0 22 56: 1417, 9, 3
0 22 56: 1454, 7, 3
0 22 57: 1417, 0, 0
0 22 58: 1417, 9, 0
0 22 61: 198, 4, 1
0 22 61: 324, 22, 1
0 22 62: 1417, 0, 3
0 22 63: 1434, 10, 1
0 23 0: 1434, 10, 1
0 23 1: 1417, 1, 1
0 23 2: 1417, 9, 1
0 23 6: 1417, 9, 3
0 23 6: 1454, 7, 3
0 23 7: 1417, 1, 3
0 23 8: 1434, 10, 1
0 23 9: 1434, 10, 1
0 23 10: 1434, 10, 1
0 23 11: 1417, 1, 0
0 23 12: 1417, 9, 0
0 23 17: 198, 4, 0
0 23 18: 1986, 10, 0
0 23 23: 326, 22, 0
0 23 23: 1454, 4, 1
0 23 24: 1417, 0, 3
0 23 25: 1417, 0, 1
0 23 26: 325, 22, 0
0 23 28: 326, 22, 1
0 23 33: 326, 22, 3
0 23 34: 326, 22, 0
0 23 34: 1417, 9, 3
0 23 34: 1452, 7, 3
0 23 35: 1417, 0, 0
0 23 36: 1417, 0, 0
0 23 37: 1417, 9, 0
0 23 40: 325, 22, 2
0 23 41: 198, 4, 1
0 23 41: 326, 22, 1
0 23 42: 1417, 0, 3
0 23 43: 1434, 10, 1
0 23 44: 1417, 0, 1
0 23 45: 198, 4, 3
0 23 45: 326, 22, 3
0 23 46: 325, 22, 2
0 23 51: 325, 22, 2
0 23 52: 325, 22, 1
0 23 56: 325, 22, 0
0 23 56: 1417, 9, 2
0 23 57: 1417, 1, 2
0 23 58: 1417, 0, 1
0 23 61: 1453, 4, 1
0 23 62: 1417, 0, 3
0 23 63: 1434, 10, 1
0 24 0: 1434, 10, 1
0 24 1: 1417, 0, 1
0 24 4: 325, 22, 1
0 24 5: 198, 4, 1
0 24 6: 1417, 0, 3
0 24 7: 1434, 10, 1
0 24 8: 1434, 10, 1
0 24 9: 1434, 10, 1
0 24 10: 1434, 10, 1
0 24 11: 1434, 10, 1
0 24 12: 1417, 1, 0
0 24 13: 1417, 9, 0
0 24 24: 1417, 9, 2
0 24 25: 1417, 9, 1
0 24 30: 1985, 10, 2
0 24 33: 198, 4, 1
0 24 33: 325, 22, 2
0 24 34: 1417, 0, 3
0 24 35: 1434, 10, 1
0 24 36: 1434, 10, 1
0 24 37: 1417, 1, 0
0 24 38: 1417, 9, 0
0 24 41: 325, 22, 1
0 24 41: 1455, 4, 1
0 24 42: 1417, 0, 3
0 24 43: 1434, 10, 1
0 24 44: 1417, 1, 0
0 24 45: 1417, 9, 0
0 24 46: 324, 22, 2
0 24 47: 324, 22, 3
0 24 56: 198, 4, 1
0 24 56: 324, 22, 0
0 24 57: 1417, 0, 3
0 24 58: 1417, 0, 1
0 24 59: 325, 22, 1
0 24 61: 1417, 9, 3
0 24 61: 1453, 7, 3
0 24 62: 1417, 1, 3
0 24 63: 1434, 10, 1
0 25 0: 1434, 10, 1
0 25 1: 1417, 0, 1
0 25 6: 1417, 9, 2
0 25 7: 1417, 1, 2
0 25 8: 1434, 10, 1
0 25 9: 1434, 10, 1
0 25 10: 1434, 10, 1
0 25 11: 1434, 10, 1
0 25 12: 1434, 10, 1
0 25 13: 1417, 0, 1
0 25 25: 1986, 10, 3
0 25 33: 1452, 4, 1
0 25 34: 1417, 0, 3
0 25 35: 1434, 10, 1
0 25 36: 1434, 10, 1
0 25 37: 1434, 10, 1
0 25 38: 1417, 0, 1
0 25 40: 325, 22, 0
0 25 41: 325, 22, 0
0 25 41: 1417, 9, 3
0 25 42: 1417, 1, 3
0 25 43: 1434, 10, 1
0 25 44: 1434, 10, 1
0 25 45: 1417, 1, 0
0 25 46: 324, 22, 0
0 25 46: 1417, 9, 0
0 25 57: 324, 22, 0
0 25 57: 1417, 9, 2
0 25 58: 326, 22, 1
0 25 58: 1417, 9, 1
0 25 59: 325, 22, 3
0 25 60: 1453, 4, 1
0 25 61: 1417, 0, 3
0 25 62: 1434, 10, 1
0 25 63: 1434, 10, 1
0 26 0: 1434, 10, 1
0 26 1: 1417, 0, 1
0 26 2: 198, 4, 3
0 26 3: 325, 22, 2
0 26 4: 326, 22, 3
0 26 5: 325, 22, 2
0 26 7: 1417, 9, 2
0 26 8: 1417, 0, 2
0 26 9: 1417, 1, 2
0 26 10: 1434, 10, 1
0 26 11: 1434, 10, 1
0 26 12: 1434, 10, 1
0 26 13: 1417, 0, 1
0 26 14: 198, 4, 3
0 26 14: 326, 22, 0
0 26 20: 326, 22, 1
0 26 34: 326, 22, 1
0 26 34: 1417, 9, 2
0 26 35: 1417, 1, 2
0 26 36: 1434, 10, 1
0 26 37: 1434, 10, 1
0 26 38: 1417, 0, 1
0 26 40: 325, 22, 3
0 26 40: 1453, 4, 1
0 26 41: 1417, 0, 3
0 26 42: 1434, 10, 1
0 26 43: 1434, 10, 1
0 26 44: 1434, 10, 1
0 26 45: 1434, 10, 1
0 26 46: 1417, 1, 0
0 26 47: 1417, 0, 0
0 26 48: 1417, 9, 0
0 26 49: 325, 22, 1
0 26 53: 325, 22, 2
0 26 58: 325, 22, 0
0 26 61: 1417, 9, 2
0 26 62: 1417, 1, 2
0 26 63: 1434, 10, 1
0 27 0: 1434, 10, 1
0 27 1: 1417, 0, 1
0 27 9: 1417, 9, 2
0 27 10: 1417, 1, 2
0 27 11: 1434, 10, 1
0 27 12: 1434, 10, 1
0 27 13: 1417, 0, 1
0 27 14: 324, 22, 1
0 27 15: 326, 22, 1
0 27 29: 198, 4, 2
0 27 29: 325, 22, 2
0 27 30: 325, 22, 3
0 27 35: 1417, 9, 2
0 27 36: 1417, 0, 2
0 27 37: 1417, 0, 2
0 27 38: 1417, 9, 1
0 27 41: 325, 22, 3
0 27 41: 1417, 9, 2
0 27 41: 1454, 7, 2
0 27 42: 1417, 1, 2
0 27 43: 1434, 10, 1
0 27 44: 1434, 10, 1
0 27 45: 1434, 10, 1
0 27 46: 1434, 10, 1
0 27 47: 1434, 10, 1
0 27 48: 1417, 0, 1
0 27 49: 324, 22, 3
0 27 50: 325, 22, 2
0 27 61: 324, 22, 3
0 27 62: 324, 22, 0
0 27 62: 1417, 9, 2
0 27 63: 1417, 1, 2
0 28 0: 1434, 10, 1
0 28 1: 1417, 1, 0
0 28 2: 1417, 9, 0
0 28 7: 1248, 22, 3
0 28 9: 325, 22, 2
0 28 10: 325, 22, 2
0 28 10: 1417, 9, 2
0 28 11: 1417, 1, 2
0 28 12: 1434, 10, 1
0 28 13: 1417, 1, 0
0 28 14: 1417, 9, 0
0 28 15: 326, 22, 0
0 28 16: 324, 22, 3
0 28 18: 1246, 22, 0
0 28 19: 474, 10, 0
0 28 28: 1417, 9, 3
0 28 28: 1454, 7, 3
0 28 29: 1417, 0, 0
0 28 30: 325, 22, 3
0 28 30: 1417, 9, 0
0 28 31: 325, 22, 0
0 28 33: 1247, 22, 3
0 28 36: 324, 22, 2
0 28 37: 324, 22, 3
0 28 42: 325, 22, 0
0 28 42: 1417, 9, 2
0 28 42: 1455, 7, 2
0 28 43: 1417, 1, 2
0 28 44: 1434, 10, 1
0 28 45: 1434, 10, 1
0 28 46: 1434, 10, 1
0 28 47: 1417, 1, 1
0 28 48: 324, 22, 0
0 28 48: 1417, 9, 1
0 28 49: 325, 22, 3
0 28 52: 1248, 22, 0
0 28 57: 325, 22, 1
0 28 59: 474, 10, 1
0 28 61: 324, 22, 0
0 28 61: 471, 10, 2
0 28 62: 324, 22, 1
0 28 62: 1452, 4, 1
0 28 63: 1417, 0, 3
0 29 0: 1434, 10, 1
0 29 1: 1434, 10, 1
0 29 2: 1417, 1, 0
0 29 3: 1417, 9, 0
0 29 8: 325, 22, 1
0 29 9: 326, 22, 0
0 29 9: 474, 10, 1
0 29 10: 198, 4, 1
0 29 10: 325, 22, 3
0 29 11: 1417, 0, 3
0 29 12: 1434, 10, 1
0 29 13: 1434, 10, 1
0 29 14: 1417, 1, 0
0 29 15: 1417, 9, 0
0 29 17: 198, 4, 2
0 29 24: 1247, 22, 3
0 29 27: 1417, 9, 3
0 29 27: 1453, 7, 3
0 29 28: 1417, 1, 3
0 29 29: 1434, 10, 1
0 29 30: 1417, 1, 0
0 29 31: 325, 22, 1
0 29 31: 1417, 9, 0
0 29 40: 1246, 22, 1
0 29 42: 325, 22, 2
0 29 43: 325, 22, 1
0 29 43: 1417, 9, 2
0 29 43: 1452, 7, 2
0 29 44: 1417, 0, 2
0 29 45: 1417, 1, 2
0 29 46: 1434, 10, 1
0 29 47: 1417, 0, 1
0 29 48: 198, 4, 3
0 29 48: 326, 22, 2
0 29 49: 325, 22, 3
0 29 57: 325, 22, 2
0 29 62: 198, 4, 1
0 29 62: 324, 22, 3
0 29 63: 1417, 0, 3
0 30 0: 1434, 10, 1
0 30 1: 1434, 10, 1
0 30 2: 1434, 10, 1
0 30 3: 1417, 1, 0
0 30 4: 1417, 9, 0
0 30 9: 325, 22, 0
0 30 11: 1417, 0, 3
0 30 12: 1434, 10, 1
0 30 13: 1434, 10, 1
0 30 14: 1434, 10, 1
0 30 15: 1417, 1, 0
0 30 16: 1417, 0, 0
0 30 17: 1417, 0, 0
0 30 18: 1417, 9, 0
0 30 19: 325, 22, 0
0 30 21: 326, 22, 3
0 30 22: 198, 4, 2
0 30 22: 325, 22, 3
0 30 23: 326, 22, 2
0 30 26: 1417, 9, 3
0 30 26: 1454, 7, 3
0 30 27: 1417, 1, 3
0 30 28: 1434, 10, 1
0 30 29: 1434, 10, 1
0 30 30: 1434, 10, 1
0 30 31: 1417, 1, 0
0 30 32: 1417, 9, 0
0 30 41: 1982, 0, 2
0 30 43: 320, 22, 1
0 30 44: 321, 22, 3
0 30 45: 321, 22, 0
0 30 45: 1417, 9, 2
0 30 46: 1417, 1, 2
0 30 47: 1417, 1, 0
0 30 48: 324, 22, 2
0 30 48: 1417, 9, 0
0 30 52: 324, 22, 3
0 30 62: 1454, 4, 1
0 30 63: 1417, 0, 3
0 31 0: 1434, 10, 1
0 31 1: 1434, 10, 1
0 31 2: 1434, 10, 1
0 31 3: 1434, 10, 1
0 31 4: 1417, 0, 1
0 31 5: 198, 4, 3
0 31 10: 1417, 9, 3
0 31 10: 1454, 7, 3
0 31 11: 1417, 1, 3
0 31 12: 1434, 10, 1
0 31 13: 1434, 10, 1
0 31 14: 1434, 10, 1
0 31 15: 1417, 1, 1
0 31 16: 1417, 0, 2
0 31 17: 1417, 1, 2
0 31 18: 1417, 1, 0
0 31 19: 1417, 9, 0
0 31 20: 326, 22, 2
0 31 21: 1417, 9, 3
0 31 22: 1417, 0, 0
0 31 23: 1417, 9, 0
0 31 25: 1452, 4, 1
0 31 26: 1417, 0, 3
0 31 27: 1434, 10, 1
0 31 28: 1434, 10, 1
0 31 29: 1434, 10, 1
0 31 30: 1434, 10, 1
0 31 31: 1434, 10, 1
0 31 32: 1417, 0, 1
0 31 37: 326, 22, 2
0 31 40: 1982, 0, 1
0 31 41: 1755, 10, 3
0 31 42: 1982, 0, 3
0 31 44: 320, 22, 2
0 31 45: 198, 4, 1
0 31 46: 1417, 0, 3
0 31 47: 1434, 10, 1
0 31 48: 1417, 0, 1
0 31 55: 325, 22, 1
0 31 62: 1417, 9, 3
0 31 62: 1454, 7, 3
0 31 63: 1417, 1, 3
0 32 0: 1434, 10, 1
0 32 1: 1434, 10, 1
0 32 2: 1434, 10, 1
0 32 3: 1434, 10, 1
0 32 4: 1417, 0, 1
0 32 9: 1417, 9, 3
0 32 9: 1454, 7, 3
0 32 10: 1417, 1, 3
0 32 11: 1434, 10, 1
0 32 12: 1434, 10, 1
0 32 13: 1434, 10, 1
0 32 14: 1417, 1, 1
0 32 15: 325, 22, 2
0 32 15: 1417, 9, 1
0 32 16: 198, 4, 0
0 32 16: 326, 22, 1
0 32 17: 324, 22, 1
0 32 17: 1417, 9, 2
0 32 18: 1417, 1, 2
0 32 19: 1417, 1, 0
0 32 20: 1417, 0, 0
0 32 21: 1417, 1, 3
0 32 22: 1434, 10, 1
0 32 23: 1417, 0, 1
0 32 24: 198, 4, 3
0 32 25: 325, 22, 0
0 32 26: 1417, 9, 2
0 32 27: 1417, 0, 2
0 32 28: 1417, 0, 2
0 32 29: 1417, 1, 2
0 32 30: 1434, 10, 1
0 32 31: 1434, 10, 1
0 32 32: 1417, 0, 1
0 32 45: 320, 22, 2
0 32 45: 1452, 4, 1
0 32 46: 1417, 0, 3
0 32 47: 1434, 10, 1
0 32 48: 1417, 1, 0
0 32 49: 326, 22, 3
0 32 49: 1417, 9, 0
0 32 50: 325, 22, 2
0 32 51: 325, 22, 3
0 32 61: 1417, 9, 3
0 32 61: 1452, 7, 3
0 32 62: 1417, 1, 3
0 32 63: 1434, 10, 1
0 33 0: 1434, 10, 1
0 33 1: 1434, 10, 1
0 33 2: 1434, 10, 1
0 33 3: 1417, 1, 1
0 33 4: 325, 22, 2
0 33 4: 1417, 9, 1
0 33 5: 325, 22, 1
0 33 8: 1452, 4, 1
0 33 9: 1417, 0, 3
0 33 10: 1434, 10, 1
0 33 11: 1434, 10, 1
0 33 12: 1434, 10, 1
0 33 13: 1417, 1, 1
0 33 14: 326, 22, 0
0 33 14: 1417, 9, 1
0 33 16: 325, 22, 3
0 33 17: 325, 22, 2
0 33 18: 1417, 9, 2
0 33 19: 1417, 1, 2
0 33 20: 1434, 10, 1
0 33 21: 1417, 1, 1
0 33 22: 1417, 0, 2
0 33 23: 1417, 9, 1
0 33 26: 325, 22, 3
0 33 27: 326, 22, 2
0 33 28: 324, 22, 2
0 33 29: 1417, 9, 2
0 33 30: 1417, 1, 2
0 33 31: 1434, 10, 1
0 33 32: 1417, 0, 1
0 33 35: 1986, 10, 0
0 33 40: 326, 22, 0
0 33 45: 321, 22, 1
0 33 46: 320, 22, 3
0 33 46: 1417, 9, 2
0 33 47: 1417, 1, 2
0 33 48: 1434, 10, 1
0 33 49: 1417, 1, 0
0 33 50: 326, 22, 0
0 33 50: 1417, 9, 0
0 33 51: 325, 22, 0
0 33 58: 324, 22, 0
0 33 60: 198, 4, 1
0 33 60: 324, 22, 2
0 33 61: 1417, 0, 3
0 33 62: 1434, 10, 1
0 33 63: 1434, 10, 1
0 34 0: 1434, 10, 1
0 34 1: 1434, 10, 1
0 34 2: 1434, 10, 1
0 34 3: 1417, 0, 1
0 34 4: 326, 22, 0
0 34 5: 325, 22, 2
0 34 6: 1246, 22, 0
0 34 8: 1454, 4, 1
0 34 9: 1417, 0, 3
0 34 10: 1434, 10, 1
0 34 11: 1434, 10, 1
0 34 12: 1434, 10, 1
0 34 13: 1417, 0, 1
0 34 19: 1417, 9, 2
0 34 20: 1417, 0, 2
0 34 21: 1417, 9, 1
0 34 22: 198, 4, 0
0 34 27: 325, 22, 1
0 34 28: 325, 22, 0
0 34 29: 326, 22, 1
0 34 30: 1417, 9, 2
0 34 31: 1417, 0, 2
0 34 32: 1417, 9, 1
0 34 33: 1247, 22, 0
0 34 43: 1247, 22, 2
0 34 47: 321, 22, 0
0 34 47: 1417, 9, 2
0 34 48: 2451, 10, 0
0 34 49: 1417, 0, 2
0 34 50: 1417, 9, 1
0 34 51: 324, 22, 3
0 34 53: 1248, 22, 1
0 34 60: 326, 22, 3
0 34 61: 1417, 0, 3
0 34 62: 1434, 10, 1
0 34 63: 1434, 10, 1
0 35 0: 1434, 10, 1
0 35 1: 1434, 10, 1
0 35 2: 1434, 10, 1
0 35 3: 1417, 0, 1
0 35 4: 326, 22, 1
0 35 8: 198, 4, 1
0 35 9: 1417, 0, 3
0 35 10: 1434, 10, 1
0 35 11: 1434, 10, 1
0 35 12: 1434, 10, 1
0 35 13: 1417, 0, 1
0 35 14: 198, 4, 3
0 35 14: 324, 22, 0
0 35 16: 1986, 10, 1
0 35 23: 324, 22, 1
0 35 24: 325, 22, 3
0 35 28: 325, 22, 0
0 35 31: 1455, 4, 0
0 35 38: 325, 22, 2
0 35 40: 326, 22, 1
0 35 40: 1985, 10, 3
0 35 47: 320, 22, 0
0 35 56: 1248, 22, 2
0 35 60: 324, 22, 3
0 35 60: 1417, 9, 3
0 35 60: 1452, 7, 3
0 35 61: 1417, 1, 3
0 35 62: 1434, 10, 1
0 35 63: 1434, 10, 1
0 36 0: 1434, 10, 1
0 36 1: 1434, 10, 1
0 36 2: 1434, 10, 1
0 36 3: 1417, 1, 0
0 36 4: 325, 22, 2
0 36 4: 1417, 9, 0
0 36 5: 325, 22, 1
0 36 9: 1417, 9, 2
0 36 10: 1417, 1, 2
0 36 11: 1434, 10, 1
0 36 12: 1434, 10, 1
0 36 13: 1417, 0, 1
0 36 14: 326, 22, 3
0 36 17: 325, 22, 1
0 36 18: 324, 22, 1
0 36 22: 325, 22, 0
0 36 22: 1417, 9, 3
0 36 22: 1452, 7, 3
0 36 23: 1417, 0, 0
0 36 24: 325, 22, 0
0 36 24: 1417, 9, 0
0 36 25: 326, 22, 2
0 36 26: 1417, 9, 3
0 36 26: 1454, 7, 3
0 36 27: 1417, 0, 0
0 36 28: 1417, 9, 0
0 36 29: 324, 22, 2
0 36 34: 1986, 10, 3
0 36 53: 326, 22, 3
0 36 54: 474, 10, 2
0 36 59: 1454, 4, 1
0 36 60: 1417, 0, 3
0 36 61: 1434, 10, 1
0 36 62: 1434, 10, 1
0 36 63: 1434, 10, 1
0 37 0: 1434, 10, 1
0 37 1: 1434, 10, 1
0 37 2: 1434, 10, 1
0 37 3: 1434, 10, 1
0 37 4: 1417, 1, 0
0 37 5: 1417, 9, 0
0 37 8: 1248, 22, 2
0 37 10: 1417, 9, 2
0 37 11: 1417, 1, 2
0 37 12: 1434, 10, 1
0 37 13: 1417, 0, 1
0 37 14: 325, 22, 2
0 37 15: 325, 22, 0
0 37 18: 325, 22, 2
0 37 21: 1454, 4, 1
0 37 22: 1417, 0, 3
0 37 23: 1434, 10, 1
0 37 24: 1417, 1, 0
0 37 25: 1417, 0, 0
0 37 26: 1417, 1, 3
0 37 27: 1434, 10, 1
0 37 28: 1417, 1, 0
0 37 29: 1417, 9, 0
0 37 47: 1417, 9, 3
0 37 49: 1417, 0, 0
0 37 50: 326, 22, 3
0 37 50: 1417, 9, 0
0 37 59: 1452, 4, 1
0 37 60: 1417, 0, 3
0 37 61: 1434, 10, 1
0 37 62: 1434, 10, 1
0 37 63: 1434, 10, 1
0 38 0: 1434, 10, 1
0 38 1: 1434, 10, 1
0 38 2: 1434, 10, 1
0 38 3: 1434, 10, 1
0 38 4: 1434, 10, 1
0 38 5: 1417, 1, 0
0 38 6: 1417, 9, 0
0 38 10: 325, 22, 1
0 38 11: 325, 22, 1
0 38 11: 1417, 9, 2
0 38 12: 1417, 1, 2
0 38 13: 1417, 1, 0
0 38 14: 1417, 9, 0
0 38 15: 326, 22, 2
0 38 21: 198, 4, 1
0 38 22: 1417, 0, 3
0 38 23: 1434, 10, 1
0 38 24: 1434, 10, 1
0 38 25: 1434, 10, 1
0 38 26: 1434, 10, 1
0 38 27: 1434, 10, 1
0 38 28: 1434, 10, 1
0 38 29: 1417, 0, 1
0 38 30: 198, 4, 3
0 38 30: 326, 22, 3
0 38 38: 1246, 22, 0
0 38 41: 474, 10, 1
0 38 43: 1248, 22, 3
0 38 46: 1417, 9, 3
0 38 46: 1452, 7, 3
0 38 47: 1417, 1, 3
0 38 48: 1434, 10, 1
0 38 49: 1417, 1, 1
0 38 50: 1417, 9, 1
0 38 52: 473, 10, 1
0 38 54: 472, 10, 3
0 38 56: 473, 10, 3
0 38 59: 1454, 4, 1
0 38 60: 1417, 0, 3
0 38 61: 1434, 10, 1
0 38 62: 1434, 10, 1
0 38 63: 1434, 10, 1
0 39 0: 1434, 10, 1
0 39 1: 1434, 10, 1
0 39 2: 1434, 10, 1
0 39 3: 1434, 10, 1
0 39 4: 1434, 10, 1
0 39 5: 1434, 10, 1
0 39 6: 1417, 1, 0
0 39 7: 1417, 0, 0
0 39 8: 1417, 9, 0
0 39 10: 325, 22, 2
0 39 11: 326, 22, 3
0 39 11: 1458, 4, 1
0 39 12: 1417, 0, 3
0 39 13: 1434, 10, 1
0 39 14: 1417, 1, 0
0 39 15: 1417, 9, 0
0 39 16: 198, 4, 2
0 39 16: 325, 22, 1
0 39 19: 1248, 22, 1
0 39 20: 324, 22, 0
0 39 22: 1417, 9, 2
0 39 23: 1417, 1, 2
0 39 24: 1434, 10, 1
0 39 25: 1434, 10, 1
0 39 26: 1434, 10, 1
0 39 27: 1434, 10, 1
0 39 28: 1434, 10, 1
0 39 29: 1417, 0, 1
0 39 30: 324, 22, 1
0 39 30: 474, 10, 3
0 39 35: 198, 4, 2
0 39 45: 325, 22, 0
0 39 45: 1458, 4, 1
0 39 46: 1417, 0, 3
0 39 47: 1434, 10, 1
0 39 48: 1417, 1, 1
0 39 49: 1417, 9, 1
0 39 53: 1248, 22, 0
0 39 56: 324, 22, 1
0 39 59: 198, 4, 1
0 39 60: 1417, 0, 3
0 39 61: 1434, 10, 1
0 39 62: 1434, 10, 1
0 39 63: 1434, 10, 1
0 40 0: 1434, 10, 1
0 40 1: 1434, 10, 1
0 40 2: 1434, 10, 1
0 40 3: 1434, 10, 1
0 40 4: 1434, 10, 1
0 40 5: 1434, 10, 1
0 40 6: 1434, 10, 1
0 40 7: 1434, 10, 1
0 40 8: 1417, 0, 1
0 40 11: 325, 22, 2
0 40 12: 1417, 0, 3
0 40 13: 1434, 10, 1
0 40 14: 1434, 10, 1
0 40 15: 1417, 1, 0
0 40 16: 1417, 0, 0
0 40 17: 326, 22, 3
0 40 17: 1417, 9, 0
0 40 22: 1452, 4, 1
0 40 23: 1417, 0, 3
0 40 24: 1434, 10, 1
0 40 25: 1434, 10, 1
0 40 26: 1434, 10, 1
0 40 27: 1434, 10, 1
0 40 28: 1434, 10, 1
0 40 29: 1417, 0, 1
0 40 30: 326, 22, 2
0 40 31: 325, 22, 1
0 40 34: 1417, 9, 3
0 40 34: 1454, 7, 3
0 40 35: 1417, 0, 0
0 40 36: 1417, 9, 0
0 40 44: 325, 22, 3
0 40 45: 326, 22, 0
0 40 45: 1417, 9, 3
0 40 46: 1417, 1, 3
0 40 47: 1417, 1, 1
0 40 48: 324, 22, 0
0 40 48: 1417, 9, 1
0 40 49: 2097, 10, 1
0 40 52: 474, 10, 1
0 40 54: 471, 10, 0
0 40 56: 473, 10, 3
0 40 60: 324, 22, 2
0 40 60: 1417, 9, 2
0 40 61: 1417, 1, 2
0 40 62: 1434, 10, 1
0 40 63: 1434, 10, 1
0 41 0: 1434, 10, 1
0 41 1: 1434, 10, 1
0 41 2: 1434, 10, 1
0 41 3: 1434, 10, 1
0 41 4: 1434, 10, 1
0 41 5: 1434, 10, 1
0 41 6: 1434, 10, 1
0 41 7: 1417, 1, 1
0 41 8: 1417, 9, 1
0 41 11: 1417, 9, 3
0 41 11: 1452, 7, 3
0 41 12: 1417, 1, 3
0 41 13: 1434, 10, 1
0 41 14: 1434, 10, 1
0 41 15: 1434, 10, 1
0 41 16: 1434, 10, 1
0 41 17: 1417, 1, 0
0 41 18: 1417, 0, 0
0 41 19: 1417, 0, 0
0 41 20: 1417, 9, 0
0 41 23: 1417, 9, 2
0 41 24: 1417, 1, 2
0 41 25: 1434, 10, 1
0 41 26: 1434, 10, 1
0 41 27: 1434, 10, 1
0 41 28: 1417, 1, 1
0 41 29: 1417, 9, 1
0 41 30: 325, 22, 2
0 41 33: 1454, 4, 1
0 41 34: 1417, 0, 3
0 41 35: 1434, 10, 1
0 41 36: 1417, 1, 0
0 41 37: 1417, 9, 0
0 41 40: 325, 22, 3
0 41 41: 1985, 10, 0
0 41 44: 198, 4, 1
0 41 45: 325, 22, 2
0 41 45: 1417, 0, 3
0 41 46: 1434, 10, 1
0 41 47: 1417, 0, 1
0 41 48: 326, 22, 0
0 41 49: 324, 22, 3
0 41 61: 326, 22, 2
0 41 61: 1417, 9, 2
0 41 62: 1417, 1, 2
0 41 63: 1434, 10, 1
0 42 0: 1434, 10, 1
0 42 1: 1434, 10, 1
0 42 2: 1434, 10, 1
0 42 3: 1434, 10, 1
0 42 4: 1434, 10, 1
0 42 5: 1434, 10, 1
0 42 6: 1434, 10, 1
0 42 7: 1417, 0, 1
0 42 8: 198, 4, 3
0 42 10: 198, 4, 1
0 42 11: 1417, 0, 3
0 42 12: 1436, 10, 0
0 42 19: 1434, 10, 1
0 42 20: 1417, 0, 1
0 42 23: 325, 22, 0
0 42 24: 326, 22, 3
0 42 24: 1417, 9, 2
0 42 25: 1417, 1, 2
0 42 26: 1434, 10, 1
0 42 27: 1417, 1, 1
0 42 28: 1417, 9, 1
0 42 33: 1453, 4, 1
0 42 34: 1417, 0, 3
0 42 35: 1434, 10, 1
0 42 36: 1434, 10, 1
0 42 37: 1417, 0, 1
0 42 44: 1453, 4, 1
0 42 45: 1417, 0, 3
0 42 46: 1434, 10, 1
0 42 47: 1417, 0, 1
0 42 48: 198, 4, 3
0 42 48: 324, 22, 3
0 42 52: 326, 22, 2
0 42 53: 474, 10, 0
0 42 56: 326, 22, 1
0 42 58: 324, 22, 0
0 42 59: 325, 22, 3
0 42 61: 324, 22, 3
0 42 61: 1454, 4, 1
0 42 62: 1417, 0, 3
0 42 63: 1434, 10, 1
0 43 0: 1434, 10, 0
0 43 1: 1434, 10, 1
0 43 2: 1434, 10, 1
0 43 3: 1434, 10, 1
0 43 4: 1434, 10, 1
0 43 5: 1434, 10, 1
0 43 6: 1434, 10, 1
0 43 7: 1417, 0, 1
0 43 11: 1417, 0, 3
0 43 12: 1436, 10, 3
0 43 19: 1434, 10, 1
0 43 20: 1417, 1, 0
0 43 21: 1417, 9, 0
0 43 24: 324, 22, 0
0 43 25: 326, 22, 3
0 43 25: 1417, 9, 2
0 43 26: 1417, 0, 2
0 43 27: 1417, 9, 1
0 43 28: 325, 22, 2
0 43 33: 1248, 22, 1
0 43 34: 1417, 9, 2
0 43 35: 1417, 1, 2
0 43 36: 1434, 10, 1
0 43 37: 1417, 1, 0
0 43 38: 1417, 9, 0
0 43 44: 1454, 4, 1
0 43 45: 1417, 0, 3
0 43 46: 1434, 10, 1
0 43 47: 1417, 1, 0
0 43 48: 324, 22, 0
0 43 48: 1417, 9, 0
0 43 49: 324, 22, 2
0 43 61: 1452, 4, 1
0 43 62: 1417, 0, 3
0 43 63: 1434, 10, 1
0 44 7: 1417, 0, 1
0 44 8: 325, 22, 1
0 44 11: 1417, 9, 2
0 44 12: 1417, 0, 2
0 44 13: 1417, 1, 2
0 44 14: 1436, 10, 3
0 44 19: 1434, 10, 1
0 44 20: 1434, 10, 1
0 44 21: 1417, 0, 1
0 44 22: 198, 4, 3
0 44 24: 325, 22, 3
0 44 25: 324, 22, 1
0 44 26: 198, 4, 0
0 44 26: 325, 22, 3
0 44 31: 325, 22, 3
0 44 35: 1417, 9, 2
0 44 36: 1417, 0, 2
0 44 37: 1417, 0, 2
0 44 38: 1417, 9, 1
0 44 41: 1247, 22, 0
0 44 44: 198, 4, 1
0 44 45: 1417, 0, 3
0 44 46: 1434, 10, 1
0 44 47: 1434, 10, 1
0 44 48: 1417, 1, 0
0 44 49: 324, 22, 3
0 44 49: 1417, 9, 0
0 44 51: 324, 22, 2
0 44 58: 325, 22, 2
0 44 59: 324, 22, 3
0 44 61: 1454, 4, 1
0 44 62: 1417, 0, 3
0 44 63: 1434, 10, 1
0 45 6: 1436, 10, 2
0 45 7: 1417, 0, 1
0 45 8: 198, 4, 3
0 45 8: 325, 22, 2
0 45 12: 198, 4, 0
0 45 12: 325, 22, 0
0 45 13: 1417, 9, 2
0 45 14: 1417, 0, 2
0 45 15: 1417, 1, 2
0 45 16: 1436, 10, 3
0 45 19: 1434, 10, 1
0 45 20: 1417, 1, 1
0 45 21: 1417, 9, 1
0 45 27: 1454, 4, 2
0 45 28: 1452, 4, 2
0 45 29: 198, 4, 2
0 45 37: 198, 4, 0
0 45 40: 325, 22, 3
0 45 45: 1417, 9, 2
0 45 46: 1417, 1, 2
0 45 47: 1434, 10, 1
0 45 48: 1434, 10, 1
0 45 49: 1417, 1, 0
0 45 50: 1417, 0, 0
0 45 51: 1417, 0, 0
0 45 52: 1417, 9, 0
0 45 58: 325, 22, 1
0 45 59: 325, 22, 1
0 45 62: 324, 22, 2
0 45 62: 1417, 9, 2
0 45 63: 1417, 1, 2
0 46 5: 1436, 10, 2
0 46 6: 1417, 1, 1
0 46 7: 325, 22, 0
0 46 7: 1417, 9, 1
0 46 8: 325, 22, 3
0 46 15: 1417, 9, 2
0 46 16: 1417, 1, 2
0 46 19: 1417, 1, 1
0 46 20: 325, 22, 3
0 46 20: 1417, 9, 1
0 46 21: 325, 22, 0
0 46 26: 1417, 9, 3
0 46 26: 1455, 7, 3
0 46 27: 1417, 0, 0
0 46 28: 1417, 0, 0
0 46 29: 1417, 0, 0
0 46 30: 1417, 9, 0
0 46 33: 472, 10, 3
0 46 42: 1246, 22, 3
0 46 46: 1417, 9, 2
0 46 47: 1417, 0, 2
0 46 48: 1417, 0, 2
0 46 49: 1417, 0, 2
0 46 50: 1417, 1, 2
0 46 51: 1434, 10, 1
0 46 52: 1417, 1, 0
0 46 53: 326, 22, 2
0 46 53: 1417, 9, 0
0 46 62: 198, 4, 1
0 46 62: 326, 22, 0
0 46 63: 1417, 0, 3
0 47 5: 1417, 1, 1
0 47 6: 325, 22, 1
0 47 6: 1417, 9, 1
0 47 7: 326, 22, 1
0 47 11: 325, 22, 2
0 47 12: 325, 22, 1
0 47 15: 198, 4, 1
0 47 15: 324, 22, 1
0 47 16: 1417, 0, 3
0 47 19: 1417, 0, 1
0 47 20: 326, 22, 2
0 47 21: 325, 22, 3
0 47 25: 1417, 9, 3
0 47 25: 1452, 7, 3
0 47 26: 1417, 1, 3
0 47 27: 1434, 10, 1
0 47 28: 1434, 10, 1
0 47 29: 1434, 10, 1
0 47 30: 1417, 0, 1
0 47 31: 1458, 4, 3
0 47 33: 325, 22, 3
0 47 41: 1454, 4, 2
0 47 42: 1452, 4, 2
0 47 43: 198, 4, 2
0 47 49: 325, 22, 0
0 47 50: 1417, 9, 2
0 47 51: 1417, 1, 2
0 47 52: 1434, 10, 1
0 47 53: 1417, 1, 0
0 47 54: 1417, 9, 0
0 47 62: 324, 22, 3
0 47 63: 1417, 0, 3
0 48 5: 1417, 0, 1
0 48 6: 198, 4, 3
0 48 6: 326, 22, 0
0 48 7: 325, 22, 1
0 48 11: 325, 22, 1
0 48 12: 326, 22, 0
0 48 13: 325, 22, 3
0 48 15: 326, 22, 2
0 48 16: 1417, 0, 3
0 48 19: 1417, 0, 1
0 48 20: 198, 4, 3
0 48 20: 325, 22, 0
0 48 21: 325, 22, 1
0 48 22: 325, 22, 0
0 48 23: 325, 22, 1
0 48 24: 1417, 9, 3
0 48 24: 1452, 7, 3
0 48 25: 1417, 1, 3
0 48 26: 1434, 10, 1
0 48 27: 1417, 1, 1
0 48 28: 1417, 0, 2
0 48 29: 1417, 0, 2
0 48 30: 1417, 9, 1
0 48 36: 198, 4, 2
0 48 40: 1417, 9, 3
0 48 41: 1417, 0, 0
0 48 42: 1417, 0, 0
0 48 43: 1417, 0, 0
0 48 44: 325, 22, 3
0 48 44: 1417, 9, 0
0 48 49: 325, 22, 1
0 48 50: 324, 22, 3
0 48 51: 324, 22, 0
0 48 51: 1417, 9, 2
0 48 52: 1417, 1, 2
0 48 53: 1434, 10, 1
0 48 54: 1417, 0, 1
0 48 55: 198, 4, 3
0 48 58: 325, 22, 1
0 48 62: 1417, 9, 3
0 48 62: 1452, 7, 3
0 48 63: 1417, 1, 3
0 49 5: 1417, 0, 1
0 49 6: 325, 22, 0
0 49 9: 1246, 22, 2
0 49 12: 325, 22, 0
0 49 15: 325, 22, 1
0 49 15: 1453, 4, 1
0 49 16: 1417, 0, 3
0 49 19: 1417, 1, 0
0 49 20: 325, 22, 1
0 49 20: 1417, 9, 0
0 49 21: 324, 22, 2
0 49 22: 324, 22, 1
0 49 23: 1417, 9, 3
0 49 23: 1454, 7, 3
0 49 24: 1417, 1, 3
0 49 25: 1434, 10, 1
0 49 26: 1417, 1, 1
0 49 27: 1417, 9, 1
0 49 29: 198, 4, 0
0 49 35: 1417, 9, 3
0 49 36: 1417, 0, 0
0 49 37: 1417, 0, 0
0 49 38: 1417, 9, 0
0 49 39: 1452, 4, 1
0 49 40: 1417, 0, 3
0 49 41: 1434, 10, 1
0 49 42: 1434, 10, 1
0 49 43: 1434, 10, 1
0 49 44: 1417, 1, 0
0 49 45: 325, 22, 0
0 49 45: 1417, 9, 0
0 49 46: 325, 22, 3
0 49 48: 1986, 10, 3
0 49 50: 325, 22, 2
0 49 51: 326, 22, 1
0 49 51: 1454, 4, 1
0 49 52: 1417, 0, 3
0 49 53: 1434, 10, 1
0 49 54: 1417, 0, 1
0 49 55: 325, 22, 2
0 49 56: 324, 22, 1
0 49 58: 324, 22, 3
0 49 59: 325, 22, 0
0 49 61: 326, 22, 3
0 49 61: 1417, 9, 3
0 49 62: 1417, 1, 3
0 49 63: 1434, 10, 1
0 50 4: 1436, 10, 2
0 50 5: 1417, 0, 1
0 50 6: 198, 4, 3
0 50 6: 325, 22, 3
0 50 16: 1417, 0, 3
0 50 19: 1434, 10, 1
0 50 20: 1417, 1, 0
0 50 21: 1417, 0, 0
0 50 22: 1417, 0, 0
0 50 23: 1417, 1, 3
0 50 24: 1434, 10, 1
0 50 25: 1417, 1, 1
0 50 26: 1417, 9, 1
0 50 34: 198, 4, 1
0 50 35: 1417, 0, 3
0 50 36: 1434, 10, 1
0 50 37: 1434, 10, 1
0 50 38: 1417, 0, 1
0 50 39: 325, 22, 0
0 50 40: 1417, 9, 2
0 50 41: 1417, 0, 2
0 50 42: 1417, 1, 2
0 50 43: 1434, 10, 1
0 50 44: 1434, 10, 1
0 50 45: 1417, 0, 1
0 50 46: 326, 22, 0
0 50 50: 325, 22, 3
0 50 51: 198, 4, 1
0 50 51: 324, 22, 1
0 50 52: 1417, 0, 3
0 50 53: 1434, 10, 1
0 50 54: 1417, 0, 1
0 50 55: 325, 22, 3
0 50 56: 324, 22, 2
0 50 57: 325, 22, 2
0 50 58: 325, 22, 1
0 50 59: 325, 22, 0
0 50 60: 1454, 4, 1
0 50 60: 2096, 10, 1
0 50 61: 1417, 0, 3
0 50 62: 1434, 10, 1
0 50 63: 1434, 10, 1
0 51 3: 1436, 10, 2
0 51 4: 1417, 1, 1
0 51 5: 1417, 9, 1
0 51 9: 1247, 22, 2
0 51 15: 198, 4, 1
0 51 15: 326, 22, 3
0 51 16: 1417, 0, 3
0 51 19: 1434, 10, 1
0 51 20: 1434, 10, 1
0 51 21: 1434, 10, 1
0 51 22: 1434, 10, 1
0 51 23: 1434, 10, 1
0 51 24: 1434, 10, 1
0 51 25: 1417, 0, 1
0 51 26: 325, 22, 2
0 51 32: 1248, 22, 0
0 51 34: 1452, 4, 1
0 51 35: 1417, 0, 3
0 51 36: 1434, 10, 1
0 51 37: 1434, 10, 1
0 51 38: 1417, 0, 1
0 51 39: 325, 22, 1
0 51 41: 325, 22, 1
0 51 42: 1417, 9, 2
0 51 43: 1417, 0, 2
0 51 44: 1417, 0, 2
0 51 45: 325, 22, 0
0 51 45: 1417, 9, 1
0 51 46: 325, 22, 3
0 51 51: 326, 22, 2
0 51 51: 1452, 4, 1
0 51 52: 1417, 0, 3
0 51 53: 1434, 10, 1
0 51 54: 1417, 0, 1
0 51 56: 325, 22, 2
0 51 60: 1454, 4, 1
0 51 61: 1417, 0, 3
0 51 62: 1434, 10, 1
0 51 63: 1434, 10, 1
0 52 2: 1436, 10, 2
0 52 3: 1417, 1, 1
0 52 4: 198, 7, 1
0 52 4: 1417, 9, 1
0 52 7: 652, 22, 3
0 52 8: 653, 22, 0
0 52 9: 325, 22, 2
0 52 12: 1247, 22, 1
0 52 15: 1417, 9, 3
0 52 15: 1452, 7, 3
0 52 16: 1417, 1, 3
0 52 19: 1434, 10, 1
0 52 20: 1434, 10, 1
0 52 21: 1434, 10, 1
0 52 22: 1434, 10, 1
0 52 23: 1434, 10, 1
0 52 24: 1417, 1, 1
0 52 25: 326, 22, 2
0 52 25: 1417, 9, 1
0 52 26: 324, 22, 0
0 52 27: 325, 22, 3
0 52 31: 325, 22, 3
0 52 34: 1454, 4, 1
0 52 35: 1417, 0, 3
0 52 36: 1434, 10, 1
0 52 37: 1434, 10, 1
0 52 38: 1417, 0, 1
0 52 44: 198, 4, 0
0 52 51: 1417, 9, 3
0 52 51: 1454, 7, 3
0 52 52: 1417, 1, 3
0 52 53: 1434, 10, 1
0 52 54: 1417, 0, 1
0 52 55: 198, 4, 3
0 52 60: 1454, 4, 1
0 52 60: 2096, 10, 2
0 52 61: 1417, 0, 3
0 52 62: 1434, 10, 1
0 52 63: 1434, 10, 1
0 53 1: 1436, 10, 2
0 53 2: 1417, 1, 1
0 53 3: 1417, 9, 1
0 53 8: 325, 22, 1
0 53 9: 326, 22, 1
0 53 10: 325, 22, 0
0 53 14: 326, 22, 0
0 53 14: 2450, 10, 0
0 53 15: 1417, 0, 3
0 53 16: 1436, 10, 0
0 53 19: 1434, 10, 1
0 53 20: 1434, 10, 1
0 53 21: 1434, 10, 1
0 53 22: 1434, 10, 1
0 53 23: 1434, 10, 1
0 53 24: 1417, 1, 0
0 53 25: 326, 22, 3
0 53 25: 1417, 9, 0
0 53 26: 325, 22, 2
0 53 29: 1985, 10, 0
0 53 33: 1246, 22, 1
0 53 35: 1417, 9, 2
0 53 36: 1417, 1, 2
0 53 37: 1434, 10, 1
0 53 38: 1417, 0, 1
0 53 48: 325, 22, 3
0 53 49: 325, 22, 0
0 53 50: 1417, 9, 3
0 53 50: 1452, 7, 3
0 53 51: 1417, 1, 3
0 53 52: 1434, 10, 1
0 53 53: 1417, 1, 1
0 53 54: 1417, 9, 1
0 53 58: 2096, 10, 3
0 53 61: 326, 22, 2
0 53 61: 1417, 9, 2
0 53 62: 1417, 1, 2
0 53 63: 1434, 10, 1
0 54 1: 1417, 1, 1
0 54 2: 324, 22, 2
0 54 2: 1417, 9, 1
0 54 3: 324, 22, 3
0 54 3: 2450, 10, 2
0 54 6: 325, 22, 1
0 54 7: 1246, 22, 3
0 54 8: 652, 22, 3
0 54 9: 325, 22, 1
0 54 13: 2449, 10, 3
0 54 14: 1417, 9, 3
0 54 14: 1452, 7, 3
0 54 15: 1417, 1, 3
0 54 19: 1434, 10, 1
0 54 20: 1434, 10, 1
0 54 21: 1434, 10, 1
0 54 22: 1434, 10, 1
0 54 23: 1434, 10, 1
0 54 24: 1434, 10, 1
0 54 25: 1417, 0, 1
0 54 26: 198, 4, 3
0 54 26: 325, 22, 0
0 54 33: 1247, 22, 1
0 54 36: 1417, 9, 2
0 54 37: 1417, 1, 2
0 54 38: 1417, 1, 0
0 54 39: 1417, 9, 0
0 54 41: 472, 10, 1
0 54 46: 1453, 4, 2
0 54 47: 198, 4, 2
0 54 47: 325, 22, 0
0 54 48: 326, 22, 1
0 54 48: 1452, 4, 2
0 54 49: 325, 22, 2
0 54 49: 1417, 9, 3
0 54 49: 1454, 7, 3
0 54 50: 1417, 1, 3
0 54 51: 1434, 10, 1
0 54 52: 1417, 1, 1
0 54 53: 1417, 9, 1
0 54 54: 2097, 11, 3
0 54 56: 325, 22, 3
0 54 61: 2096, 10, 3
0 54 62: 1417, 9, 2
0 54 63: 1417, 1, 2
0 55 1: 1423, 0, 1
0 55 2: 326, 22, 1
0 55 3: 325, 22, 3
0 55 4: 325, 22, 2
0 55 4: 2449, 10, 1
0 55 6: 325, 22, 0
0 55 7: 653, 22, 3
0 55 12: 198, 7, 3
0 55 12: 1417, 9, 3
0 55 13: 1417, 0, 0
0 55 14: 1417, 1, 3
0 55 15: 1436, 10, 0
0 55 19: 1434, 10, 1
0 55 20: 1434, 10, 1
0 55 21: 1434, 10, 1
0 55 22: 1434, 10, 1
0 55 23: 1434, 10, 1
0 55 24: 1434, 10, 1
0 55 25: 1417, 1, 0
0 55 26: 1417, 9, 0
0 55 34: 1247, 22, 0
0 55 36: 198, 4, 1
0 55 37: 1417, 0, 3
0 55 38: 1434, 10, 1
0 55 39: 1417, 1, 0
0 55 40: 325, 22, 3
0 55 40: 1417, 9, 0
0 55 41: 325, 22, 0
0 55 42: 325, 22, 1
0 55 43: 325, 22, 0
0 55 45: 325, 22, 1
0 55 45: 1417, 9, 3
0 55 45: 1452, 7, 3
0 55 46: 1417, 0, 0
0 55 47: 1417, 0, 0
0 55 48: 1417, 0, 0
0 55 49: 1417, 1, 3
0 55 50: 1434, 10, 1
0 55 51: 1417, 1, 1
0 55 52: 1417, 9, 1
0 55 54: 2098, 10, 1
0 55 55: 325, 22, 0
0 55 56: 324, 22, 3
0 55 57: 325, 22, 2
0 55 57: 2096, 10, 0
0 55 59: 2109, 11, 3
0 55 62: 1454, 4, 1
0 55 63: 1417, 0, 3
0 56 1: 1424, 0, 1
0 56 2: 324, 22, 3
0 56 2: 2450, 10, 3
0 56 3: 324, 22, 3
0 56 5: 1246, 22, 1
0 56 8: 1247, 22, 0
0 56 12: 1417, 0, 3
0 56 13: 1436, 10, 0
0 56 19: 1434, 10, 1
0 56 20: 1434, 10, 1
0 56 21: 1434, 10, 1
0 56 22: 1434, 10, 1
0 56 23: 1434, 10, 1
0 56 24: 1434, 10, 1
0 56 25: 1434, 10, 1
0 56 26: 1417, 1, 0
0 56 27: 1417, 9, 0
0 56 37: 325, 22, 1
0 56 37: 1417, 9, 2
0 56 38: 1417, 1, 2
0 56 39: 1434, 10, 1
0 56 40: 1417, 1, 0
0 56 41: 1417, 9, 0
0 56 42: 198, 4, 2
0 56 42: 326, 22, 2
0 56 43: 324, 22, 3
0 56 43: 1453, 4, 2
0 56 44: 325, 22, 2
0 56 44: 1417, 9, 3
0 56 44: 1454, 7, 3
0 56 45: 1417, 1, 3
0 56 46: 1434, 10, 1
0 56 47: 1434, 10, 1
0 56 48: 1434, 10, 1
0 56 49: 1434, 10, 1
0 56 50: 1417, 1, 1
0 56 51: 324, 22, 3
0 56 51: 1417, 9, 1
0 56 52: 324, 22, 3
0 56 52: 2093, 11, 3
0 56 53: 2098, 10, 2
0 56 56: 325, 22, 1
0 56 60: 324, 22, 3
0 56 60: 2096, 10, 2
0 56 62: 198, 4, 1
0 56 63: 1417, 0, 3
0 57 1: 1417, 1, 0
0 57 2: 1417, 9, 0
0 57 3: 325, 22, 3
0 57 3: 2450, 10, 0
0 57 11: 1455, 4, 1
0 57 12: 1417, 0, 3
0 57 19: 1434, 10, 1
0 57 20: 1434, 10, 1
0 57 21: 1434, 10, 1
0 57 22: 1434, 10, 1
0 57 23: 1434, 10, 1
0 57 24: 1434, 10, 1
0 57 25: 1434, 10, 1
0 57 26: 1434, 10, 1
0 57 27: 1417, 0, 1
0 57 36: 325, 22, 0
0 57 37: 324, 22, 2
0 57 37: 1453, 4, 1
0 57 38: 1417, 0, 3
0 57 39: 1434, 10, 1
0 57 40: 1434, 10, 1
0 57 41: 1417, 1, 0
0 57 42: 1417, 0, 0
0 57 43: 1417, 0, 0
0 57 44: 1417, 1, 3
0 57 45: 1434, 10, 1
0 57 46: 1434, 10, 1
0 57 47: 1434, 10, 1
0 57 48: 1434, 10, 1
0 57 49: 1434, 10, 1
0 57 50: 1417, 0, 1
0 57 51: 198, 4, 3
0 57 51: 326, 22, 1
0 57 52: 324, 22, 1
0 57 58: 2096, 10, 1
0 57 59: 325, 22, 0
0 57 61: 324, 22, 0
0 57 62: 1453, 4, 1
0 57 63: 1417, 0, 3
0 58 1: 1436, 10, 1
0 58 2: 1417, 1, 0
0 58 3: 198, 7, 0
0 58 3: 1417, 9, 0
0 58 4: 324, 22, 0
0 58 5: 325, 22, 2
0 58 11: 326, 22, 0
0 58 11: 2449, 11, 3
0 58 12: 1417, 0, 3
0 58 19: 1434, 10, 1
0 58 20: 1434, 10, 1
0 58 21: 1434, 10, 1
0 58 22: 1434, 10, 1
0 58 23: 1434, 10, 1
0 58 24: 1434, 10, 1
0 58 25: 1434, 10, 1
0 58 26: 1434, 10, 1
0 58 27: 1417, 0, 1
0 58 28: 198, 4, 3
0 58 28: 325, 22, 3
0 58 29: 325, 22, 0
0 58 33: 1985, 10, 2
0 58 36: 325, 22, 3
0 58 37: 324, 22, 1
0 58 37: 1452, 4, 1
0 58 38: 1417, 0, 3
0 58 39: 1434, 10, 1
0 58 40: 1434, 10, 1
0 58 41: 1434, 10, 1
0 58 42: 1434, 10, 1
0 58 43: 1434, 10, 1
0 58 44: 1434, 10, 1
0 58 45: 1434, 10, 1
0 58 46: 1434, 10, 1
0 58 47: 1434, 10, 1
0 58 48: 1434, 10, 1
0 58 49: 1434, 10, 1
0 58 50: 1417, 0, 1
0 58 51: 324, 22, 3
0 58 53: 2098, 10, 0
0 58 55: 2096, 10, 1
0 58 58: 325, 22, 2
0 58 59: 324, 22, 0
0 58 60: 2109, 11, 0
0 58 60: 2741, 22, 0
0 58 61: 2108, 11, 3
0 58 62: 1452, 4, 1
0 58 63: 1417, 0, 3
0 59 2: 1436, 10, 1
0 59 3: 1417, 1, 0
0 59 4: 324, 22, 3
0 59 4: 1417, 9, 0
0 59 5: 326, 22, 1
0 59 5: 2449, 10, 3
0 59 6: 324, 22, 2
0 59 6: 2449, 11, 0
0 59 7: 325, 22, 1
0 59 10: 324, 22, 1
0 59 10: 2449, 11, 2
0 59 11: 1417, 9, 3
0 59 11: 1452, 7, 3
0 59 12: 1417, 1, 3
0 59 19: 1434, 10, 1
0 59 20: 1434, 10, 1
0 59 21: 1434, 10, 1
0 59 22: 1434, 10, 1
0 59 23: 1434, 10, 1
0 59 24: 1434, 10, 1
0 59 25: 1434, 10, 1
0 59 26: 1434, 10, 1
0 59 27: 1417, 1, 0
0 59 28: 325, 22, 0
0 59 28: 1417, 9, 0
0 59 29: 324, 22, 3
0 59 30: 325, 22, 0
0 59 31: 474, 10, 3
0 59 37: 326, 22, 1
0 59 37: 1417, 9, 3
0 59 37: 1455, 7, 3
0 59 38: 1417, 1, 3
0 59 39: 1434, 10, 1
0 59 40: 1434, 10, 1
0 59 41: 1434, 10, 1
0 59 42: 1434, 10, 1
0 59 43: 1434, 10, 1
0 59 44: 1434, 10, 1
0 59 45: 1434, 10, 1
0 59 46: 1434, 10, 1
0 59 47: 1434, 10, 1
0 59 48: 1434, 10, 1
0 59 49: 1434, 10, 1
0 59 50: 1417, 0, 1
0 59 51: 2098, 10, 1
0 59 56: 2109, 11, 3
0 59 61: 324, 22, 3
0 59 62: 198, 4, 1
0 59 62: 324, 22, 3
0 59 63: 1417, 0, 3
0 60 3: 1436, 10, 1
0 60 4: 1417, 1, 0
0 60 5: 1417, 0, 0
0 60 6: 1417, 9, 0
0 60 7: 198, 4, 2
0 60 7: 324, 22, 1
0 60 8: 326, 22, 2
0 60 8: 1454, 4, 2
0 60 8: 1752, 10, 1
0 60 9: 198, 4, 2
0 60 9: 326, 22, 1
0 60 10: 1417, 9, 3
0 60 10: 1454, 7, 3
0 60 11: 1417, 1, 3
0 60 12: 1436, 10, 0
0 60 19: 1434, 10, 1
0 60 20: 1434, 10, 1
0 60 21: 1434, 10, 1
0 60 22: 1434, 10, 1
0 60 23: 1434, 10, 1
0 60 24: 1434, 10, 1
0 60 25: 1434, 10, 1
0 60 26: 1434, 10, 1
0 60 27: 1434, 10, 1
0 60 28: 1417, 1, 0
0 60 29: 1417, 9, 0
0 60 30: 325, 22, 3
0 60 36: 1417, 9, 3
0 60 36: 1454, 7, 3
0 60 37: 1417, 1, 3
0 60 38: 1434, 10, 1
0 60 39: 1434, 10, 1
0 60 40: 1434, 10, 1
0 60 41: 1434, 10, 1
0 60 42: 1434, 10, 1
0 60 43: 1434, 10, 1
0 60 44: 1434, 10, 1
0 60 45: 1434, 10, 1
0 60 46: 1434, 10, 1
0 60 47: 1434, 10, 1
0 60 48: 1434, 10, 1
0 60 49: 1434, 10, 1
0 60 50: 1417, 0, 1
0 60 51: 198, 4, 3
0 60 58: 2096, 10, 2
0 60 60: 2103, 10, 0
0 60 62: 326, 22, 2
0 60 63: 1417, 0, 3
0 61 5: 1436, 10, 1
0 61 6: 1417, 1, 0
0 61 7: 1417, 0, 0
0 61 8: 1417, 0, 0
0 61 9: 1417, 0, 0
0 61 10: 1417, 1, 3
0 61 11: 1436, 10, 0
0 61 19: 1434, 10, 1
0 61 20: 1434, 10, 1
0 61 21: 1434, 10, 1
0 61 22: 1434, 10, 1
0 61 23: 1434, 10, 1
0 61 24: 1434, 10, 1
0 61 25: 1434, 10, 1
0 61 26: 1434, 10, 1
0 61 27: 1434, 10, 1
0 61 28: 1434, 10, 1
0 61 29: 1417, 0, 1
0 61 30: 326, 22, 0
0 61 31: 471, 10, 2
0 61 34: 325, 22, 0
0 61 35: 198, 4, 1
0 61 35: 325, 22, 1
0 61 36: 1417, 0, 3
0 61 37: 1434, 10, 1
0 61 38: 1434, 10, 1
0 61 39: 1434, 10, 1
0 61 40: 1434, 10, 1
0 61 41: 1434, 10, 1
0 61 42: 1434, 10, 1
0 61 43: 1434, 10, 1
0 61 44: 1434, 10, 1
0 61 45: 1434, 10, 1
0 61 46: 1434, 10, 1
0 61 47: 1434, 10, 1
0 61 48: 1434, 10, 1
0 61 49: 1434, 10, 1
0 61 50: 1417, 1, 0
0 61 51: 1417, 9, 0
0 61 52: 2105, 10, 3
0 61 54: 324, 22, 1
0 61 54: 2105, 10, 2
0 61 56: 198, 4, 2
0 61 57: 1452, 4, 2
0 61 60: 324, 22, 2
0 61 60: 2102, 11, 3
0 61 61: 326, 22, 1
0 61 62: 1417, 9, 3
0 61 62: 1454, 7, 3
0 61 63: 1417, 1, 3
0 62 19: 1434, 10, 1
0 62 20: 1434, 10, 1
0 62 21: 1434, 10, 1
0 62 22: 1434, 10, 1
0 62 23: 1434, 10, 1
0 62 24: 1434, 10, 1
0 62 25: 1434, 10, 1
0 62 26: 1434, 10, 1
0 62 27: 1434, 10, 1
0 62 28: 1434, 10, 1
0 62 29: 1417, 1, 0
0 62 30: 326, 22, 3
0 62 30: 1417, 9, 0
0 62 31: 325, 22, 1
0 62 31: 1454, 4, 2
0 62 32: 198, 4, 2
0 62 33: 325, 22, 1
0 62 33: 1452, 4, 2
0 62 34: 324, 22, 1
0 62 34: 1453, 4, 2
0 62 35: 326, 22, 0
0 62 35: 1417, 9, 3
0 62 35: 1452, 7, 3
0 62 36: 1417, 1, 3
0 62 37: 1434, 10, 1
0 62 38: 1434, 10, 1
0 62 39: 1434, 10, 1
0 62 40: 1434, 10, 1
0 62 41: 1434, 10, 1
0 62 42: 1434, 10, 1
0 62 43: 1434, 10, 1
0 62 44: 1434, 10, 1
0 62 45: 1434, 10, 1
0 62 46: 1434, 10, 1
0 62 47: 1434, 10, 1
0 62 48: 1434, 10, 1
0 62 49: 1434, 10, 1
0 62 50: 1434, 10, 1
0 62 51: 1417, 1, 0
0 62 52: 326, 22, 0
0 62 52: 1417, 9, 0
0 62 53: 324, 22, 2
0 62 53: 1454, 4, 2
0 62 54: 326, 22, 1
0 62 54: 1452, 4, 2
0 62 55: 324, 22, 3
0 62 55: 1417, 9, 3
0 62 55: 1454, 7, 3
0 62 56: 1417, 0, 0
0 62 57: 1417, 0, 0
0 62 58: 326, 22, 1
0 62 58: 1417, 9, 0
0 62 59: 324, 22, 3
0 62 59: 1454, 4, 2
0 62 60: 324, 22, 3
0 62 60: 1452, 4, 2
0 62 60: 2105, 11, 3
0 62 61: 326, 22, 0
0 62 61: 1417, 9, 3
0 62 61: 1454, 7, 3
0 62 62: 1417, 1, 3
0 62 63: 1434, 10, 1
0 63 19: 1434, 10, 1
0 63 20: 1434, 10, 1
0 63 21: 1434, 10, 1
0 63 22: 1434, 10, 1
0 63 23: 1434, 10, 1
0 63 24: 1434, 10, 1
0 63 25: 1434, 10, 1
0 63 26: 1434, 10, 1
0 63 27: 1434, 10, 1
0 63 28: 1434, 10, 1
0 63 29: 1434, 10, 1
0 63 30: 1417, 1, 0
0 63 31: 1417, 0, 0
0 63 32: 1417, 0, 0
0 63 33: 1417, 0, 0
0 63 34: 1417, 0, 0
0 63 35: 1417, 1, 3
0 63 36: 1434, 10, 1
0 63 37: 1434, 10, 1
0 63 38: 1434, 10, 1
0 63 39: 1434, 10, 1
0 63 40: 1434, 10, 1
0 63 41: 1434, 10, 1
0 63 42: 1434, 10, 1
0 63 43: 1434, 10, 1
0 63 44: 1434, 10, 1
0 63 45: 1434, 10, 1
0 63 46: 1434, 10, 1
0 63 47: 1434, 10, 1
0 63 48: 1434, 10, 1
0 63 49: 1434, 10, 1
0 63 50: 1434, 10, 1
0 63 51: 1434, 10, 1
0 63 52: 1417, 1, 0
0 63 53: 1417, 0, 0
0 63 54: 1417, 0, 0
0 63 55: 1417, 1, 3
0 63 56: 1434, 10, 1
0 63 57: 1434, 10, 1
0 63 58: 1417, 1, 0
0 63 59: 1417, 0, 0
0 63 60: 1417, 0, 0
0 63 61: 1417, 1, 3
0 63 62: 1434, 10, 1
0 63 63: 1434, 10, 1
1 0 12: 321, 22, 2
1 0 13: 320, 22, 0
1 0 16: 1435, 10, 2
1 0 22: 1435, 10, 3
1 0 23: 321, 22, 0
1 0 24: 320, 22, 0
1 0 25: 1435, 10, 2
1 0 30: 1435, 10, 3
1 0 35: 320, 22, 2
1 0 36: 320, 22, 3
1 0 42: 321, 22, 3
1 0 43: 320, 22, 3
1 0 45: 320, 22, 0
1 0 49: 320, 22, 2
1 0 52: 320, 22, 3
1 0 53: 319, 22, 2
1 0 54: 320, 22, 0
1 0 55: 320, 22, 1
1 0 60: 320, 22, 1
1 0 62: 321, 22, 0
1 0 63: 320, 22, 0
1 1 12: 320, 22, 2
1 1 15: 1435, 10, 2
1 1 23: 1435, 10, 3
1 1 24: 1435, 10, 2
1 1 37: 321, 22, 3
1 1 38: 320, 22, 1
1 1 44: 320, 22, 2
1 1 45: 321, 22, 1
1 1 46: 320, 22, 1
1 1 47: 1435, 10, 2
1 1 52: 1435, 10, 3
1 1 53: 1435, 10, 2
1 1 59: 1435, 10, 3
1 1 62: 320, 22, 0
1 2 2: 320, 22, 1
1 2 3: 320, 22, 3
1 2 4: 320, 22, 3
1 2 8: 320, 22, 1
1 2 31: 1435, 10, 3
1 2 37: 320, 22, 2
1 2 39: 1435, 10, 2
1 2 43: 1435, 10, 3
1 2 44: 320, 22, 2
1 2 45: 1435, 10, 2
1 2 60: 1435, 10, 3
1 3 3: 321, 22, 3
1 3 4: 319, 22, 2
1 3 13: 320, 22, 3
1 3 14: 320, 22, 2
1 3 35: 1435, 10, 3
1 3 36: 320, 22, 3
1 3 37: 319, 22, 0
1 3 38: 1435, 10, 2
1 3 61: 320, 22, 3
1 4 6: 321, 22, 2
1 4 7: 320, 22, 0
1 4 12: 320, 22, 0
1 4 14: 321, 22, 1
1 4 61: 319, 22, 2
1 4 62: 321, 22, 3
1 5 0: 320, 22, 1
1 5 6: 320, 22, 3
1 5 7: 319, 22, 3
1 5 14: 1435, 10, 2
1 5 38: 320, 22, 3
1 5 61: 320, 22, 2
1 5 62: 320, 22, 2
1 6 0: 321, 22, 0
1 6 5: 320, 22, 2
1 6 6: 320, 22, 0
1 6 7: 320, 22, 1
1 6 8: 320, 22, 0
1 6 13: 1435, 10, 2
1 6 38: 320, 22, 3
1 6 61: 1435, 10, 3
1 6 62: 320, 22, 0
1 7 3: 1435, 10, 2
1 7 11: 1435, 10, 3
1 7 12: 1435, 10, 2
1 7 63: 1435, 10, 3
1 8 1: 1435, 10, 2
1 8 32: 320, 22, 3
1 8 33: 321, 22, 1
1 8 53: 320, 22, 1
1 8 54: 320, 22, 2
1 9 0: 1435, 10, 2
1 9 18: 320, 22, 2
1 9 39: 320, 22, 2
1 9 40: 321, 22, 0
1 9 56: 320, 22, 1
1 10 17: 320, 22, 2
1 10 18: 321, 22, 1
1 10 40: 320, 22, 1
1 10 45: 321, 22, 3
1 10 52: 320, 22, 0
1 10 55: 320, 22, 0
1 10 56: 321, 22, 2
1 11 18: 320, 22, 0
1 11 45: 320, 22, 1
1 11 46: 319, 22, 1
1 11 53: 320, 22, 3
1 11 55: 320, 22, 3
1 12 19: 320, 22, 0
1 12 53: 320, 22, 2
1 12 63: 1435, 10, 0
1 13 9: 320, 22, 0
1 13 19: 320, 22, 3
1 13 29: 319, 22, 3
1 13 30: 320, 22, 3
1 13 53: 319, 22, 3
1 13 54: 320, 22, 1
1 13 62: 1435, 10, 0
1 14 8: 320, 22, 3
1 14 9: 321, 22, 0
1 14 10: 320, 22, 1
1 14 19: 321, 22, 2
1 14 20: 320, 22, 3
1 14 28: 320, 22, 1
1 14 29: 320, 22, 0
1 14 32: 320, 22, 2
1 14 42: 320, 22, 0
1 14 62: 320, 22, 3
1 15 8: 320, 22, 2
1 15 9: 320, 22, 2
1 15 11: 320, 22, 2
1 15 12: 320, 22, 0
1 15 13: 320, 22, 3
1 15 19: 320, 22, 2
1 15 20: 319, 22, 3
1 15 28: 320, 22, 2
1 15 30: 321, 22, 0
1 15 42: 321, 22, 2
1 15 62: 321, 22, 1
1 16 0: 1435, 10, 1
1 16 7: 320, 22, 3
1 16 9: 320, 22, 0
1 16 12: 321, 22, 0
1 16 19: 320, 22, 2
1 16 62: 320, 22, 2
1 16 63: 320, 22, 1
1 17 7: 321, 22, 3
1 17 8: 320, 22, 2
1 17 29: 320, 22, 0
1 17 31: 320, 22, 2
1 17 32: 320, 22, 0
1 17 41: 320, 22, 0
1 17 43: 320, 22, 1
1 17 61: 1435, 10, 0
1 17 62: 320, 22, 1
1 18 0: 320, 22, 2
1 18 1: 1435, 10, 1
1 18 8: 320, 22, 1
1 18 30: 320, 22, 3
1 18 31: 321, 22, 3
1 18 40: 320, 22, 3
1 18 41: 321, 22, 1
1 18 43: 320, 22, 0
1 18 61: 1435, 10, 3
1 19 0: 321, 22, 0
1 19 1: 320, 22, 1
1 19 2: 1435, 10, 1
1 19 17: 320, 22, 0
1 19 18: 320, 22, 0
1 19 43: 320, 22, 1
1 19 62: 1435, 10, 3
1 20 0: 320, 22, 0
1 20 1: 321, 22, 3
1 20 2: 320, 22, 3
1 20 17: 319, 22, 3
1 20 44: 321, 22, 1
1 21 2: 1435, 10, 2
1 21 16: 320, 22, 2
1 21 17: 320, 22, 2
1 21 24: 320, 22, 3
1 21 44: 320, 22, 3
1 22 1: 1435, 10, 2
1 23 8: 320, 22, 0
1 24 7: 320, 22, 1
1 24 8: 321, 22, 3
1 24 9: 320, 22, 3
1 24 35: 319, 22, 1
1 25 8: 320, 22, 2
1 25 35: 320, 22, 1
1 25 36: 321, 22, 1
1 25 37: 320, 22, 0
1 25 43: 320, 22, 3
1 26 12: 320, 22, 0
1 26 36: 320, 22, 2
1 26 37: 320, 22, 3
1 26 42: 320, 22, 0
1 26 43: 321, 22, 3
1 26 45: 320, 22, 3
1 26 63: 1435, 10, 3
1 27 12: 321, 22, 3
1 27 43: 320, 22, 3
1 27 45: 320, 22, 0
1 27 46: 321, 22, 2
1 27 47: 320, 22, 3
1 28 12: 320, 22, 3
1 28 46: 320, 22, 1
1 29 0: 320, 22, 2
1 29 1: 1435, 10, 1
1 29 12: 320, 22, 2
1 30 0: 320, 22, 1
1 30 2: 1435, 10, 1
1 30 14: 319, 22, 2
1 30 28: 320, 22, 2
1 30 30: 321, 22, 2
1 31 0: 321, 22, 2
1 31 1: 320, 22, 0
1 31 3: 1435, 10, 1
1 31 13: 320, 22, 0
1 31 14: 320, 22, 1
1 31 27: 320, 22, 1
1 31 28: 319, 22, 1
1 31 31: 320, 22, 1
1 31 47: 321, 22, 1
1 32 1: 320, 22, 3
1 32 3: 1435, 10, 2
1 32 13: 320, 22, 3
1 32 22: 320, 22, 0
1 32 30: 320, 22, 3
1 32 31: 321, 22, 1
1 32 47: 320, 22, 0
1 32 63: 1435, 10, 0
1 33 0: 320, 22, 3
1 33 2: 319, 22, 1
1 33 10: 321, 22, 2
1 33 11: 320, 22, 1
1 33 20: 320, 22, 1
1 33 31: 320, 22, 0
1 33 62: 1435, 10, 0
1 34 10: 320, 22, 0
1 34 12: 320, 22, 3
1 35 0: 320, 22, 1
1 35 12: 321, 22, 2
1 35 63: 320, 22, 0
1 36 12: 320, 22, 2
1 36 61: 1435, 10, 0
1 36 62: 320, 22, 3
1 37 2: 320, 22, 0
1 37 3: 1435, 10, 1
1 37 23: 320, 22, 3
1 37 27: 320, 22, 1
1 37 61: 320, 22, 2
1 37 62: 321, 22, 3
1 38 1: 320, 22, 3
1 38 2: 319, 22, 1
1 38 3: 320, 22, 1
1 38 4: 1435, 10, 1
1 38 23: 321, 22, 3
1 38 24: 320, 22, 2
1 38 27: 321, 22, 1
1 38 28: 320, 22, 0
1 39 1: 321, 22, 1
1 39 2: 320, 22, 2
1 39 5: 1435, 10, 1
1 39 13: 320, 22, 1
1 39 24: 320, 22, 1
1 39 61: 1435, 10, 3
1 40 2: 320, 22, 3
1 40 4: 320, 22, 0
1 40 6: 1435, 10, 1
1 40 13: 320, 22, 2
1 40 14: 320, 22, 3
1 40 27: 321, 22, 0
1 40 28: 320, 22, 0
1 40 62: 1435, 10, 3
1 41 2: 321, 22, 0
1 41 15: 320, 22, 0
1 41 26: 320, 22, 1
1 41 27: 320, 22, 2
1 41 35: 321, 22, 1
1 41 46: 320, 22, 0
1 42 3: 320, 22, 2
1 42 4: 320, 22, 1
1 42 12: 1434, 10, 1
1 42 13: 1434, 10, 1
1 42 14: 1434, 10, 1
1 42 15: 1434, 10, 1
1 42 16: 1434, 10, 1
1 42 17: 1434, 10, 1
1 42 18: 1434, 10, 1
1 42 26: 320, 22, 0
1 42 35: 320, 22, 1
1 42 36: 320, 22, 3
1 42 46: 319, 22, 0
1 43 10: 1454, 4, 1
1 43 11: 1428, 0, 3
1 43 18: 1434, 10, 1
1 43 36: 319, 22, 0
1 43 46: 320, 22, 3
1 44 0: 1431, 10, 1
1 44 1: 1431, 10, 1
1 44 2: 1431, 10, 1
1 44 3: 1431, 10, 1
1 44 4: 1431, 10, 1
1 44 5: 1431, 10, 1
1 44 6: 1431, 10, 1
1 44 7: 1429, 0, 1
1 44 11: 1428, 9, 2
1 44 12: 1428, 0, 2
1 44 13: 1428, 1, 2
1 44 18: 1434, 10, 1
1 44 20: 320, 22, 2
1 44 63: 1435, 10, 3
1 45 7: 1428, 0, 1
1 45 13: 1428, 9, 2
1 45 14: 1428, 0, 2
1 45 15: 1428, 1, 2
1 45 18: 1434, 10, 1
1 45 47: 320, 22, 3
1 45 48: 319, 22, 3
1 46 6: 1428, 1, 1
1 46 7: 1428, 9, 1
1 46 15: 1428, 9, 2
1 46 16: 1428, 1, 2
1 46 18: 1434, 10, 1
1 46 51: 320, 22, 3
1 47 5: 1428, 1, 1
1 47 6: 1428, 9, 1
1 47 15: 1453, 4, 1
1 47 16: 1428, 0, 3
1 47 18: 1434, 10, 1
1 47 28: 320, 22, 2
1 47 29: 319, 22, 3
1 47 52: 319, 22, 2
1 48 5: 1428, 0, 1
1 48 16: 1428, 0, 3
1 48 18: 1434, 10, 1
1 48 26: 319, 22, 1
1 48 53: 320, 22, 1
1 49 5: 1428, 0, 1
1 49 15: 1454, 4, 1
1 49 16: 1428, 0, 3
1 49 18: 1434, 10, 1
1 49 25: 320, 22, 3
1 49 41: 319, 22, 3
1 49 42: 320, 22, 1
1 49 43: 320, 22, 3
1 49 53: 321, 22, 1
1 49 63: 1435, 10, 0
1 50 5: 1428, 0, 1
1 50 15: 1455, 4, 1
1 50 16: 1428, 0, 3
1 50 18: 1434, 10, 1
1 50 19: 1435, 10, 1
1 50 36: 320, 22, 3
1 50 37: 320, 22, 3
1 50 43: 320, 22, 0
1 50 44: 319, 22, 2
1 50 53: 320, 22, 0
1 50 62: 1435, 10, 0
1 51 4: 1428, 1, 1
1 51 5: 1428, 9, 1
1 51 16: 1428, 0, 3
1 51 18: 1434, 10, 1
1 51 21: 320, 22, 3
1 51 22: 320, 22, 0
1 51 23: 1435, 10, 1
1 51 36: 319, 22, 0
1 51 37: 320, 22, 1
1 51 63: 321, 22, 0
1 52 3: 1428, 1, 1
1 52 4: 1428, 9, 1
1 52 15: 1428, 9, 3
1 52 16: 1428, 1, 3
1 52 18: 1434, 10, 1
1 52 20: 320, 22, 1
1 52 21: 321, 22, 1
1 52 23: 320, 22, 2
1 52 37: 320, 22, 2
1 52 62: 1435, 10, 3
1 53 2: 1428, 1, 1
1 53 3: 1428, 9, 1
1 53 15: 1428, 0, 3
1 53 18: 1434, 10, 1
1 53 22: 320, 22, 3
1 53 23: 320, 22, 0
1 53 52: 320, 22, 3
1 53 63: 1435, 10, 3
1 54 1: 1428, 1, 1
1 54 2: 1428, 9, 1
1 54 14: 1428, 9, 3
1 54 15: 1428, 1, 3
1 54 18: 1434, 10, 1
1 54 24: 1435, 10, 1
1 54 51: 320, 22, 2
1 55 1: 1428, 0, 1
1 55 12: 1428, 9, 3
1 55 13: 1428, 0, 0
1 55 14: 1428, 1, 3
1 55 18: 1434, 10, 1
1 55 22: 320, 22, 0
1 56 1: 1428, 0, 1
1 56 12: 1428, 0, 3
1 56 18: 1434, 10, 1
1 56 25: 1435, 10, 1
1 56 46: 1435, 10, 0
1 56 47: 320, 22, 1
1 56 48: 319, 22, 1
1 56 49: 1435, 10, 1
1 57 1: 1428, 1, 0
1 57 2: 1428, 9, 0
1 57 12: 1428, 0, 3
1 57 18: 1434, 10, 1
1 57 25: 320, 22, 1
1 57 26: 1435, 10, 1
1 57 39: 1435, 10, 0
1 57 40: 1435, 10, 1
1 57 45: 1435, 10, 0
1 57 48: 320, 22, 1
1 57 49: 320, 22, 0
1 58 2: 1428, 1, 0
1 58 3: 1428, 9, 0
1 58 12: 1428, 0, 3
1 58 18: 1434, 10, 1
1 58 21: 320, 22, 1
1 58 24: 320, 22, 2
1 58 25: 321, 22, 3
1 58 26: 320, 22, 0
1 58 41: 320, 22, 0
1 58 42: 320, 22, 0
1 58 43: 320, 22, 1
1 58 44: 319, 22, 0
1 58 48: 321, 22, 2
1 58 49: 320, 22, 3
1 59 3: 1428, 1, 0
1 59 4: 1428, 9, 0
1 59 11: 1428, 9, 3
1 59 12: 1428, 1, 3
1 59 18: 1434, 10, 1
1 59 21: 320, 22, 2
1 59 24: 320, 22, 3
1 59 25: 320, 22, 1
1 59 26: 320, 22, 2
1 59 42: 320, 22, 2
1 59 43: 321, 22, 1
1 59 44: 320, 22, 3
1 59 49: 320, 22, 1
1 60 4: 1428, 1, 0
1 60 5: 1428, 0, 0
1 60 6: 1428, 9, 0
1 60 8: 1748, 10, 1
1 60 9: 1454, 4, 2
1 60 10: 1428, 9, 3
1 60 11: 1428, 1, 3
1 60 18: 1434, 10, 1
1 60 21: 321, 22, 2
1 60 25: 321, 22, 3
1 60 27: 1435, 10, 1
1 60 38: 1435, 10, 0
1 61 6: 1428, 1, 0
1 61 7: 1428, 0, 0
1 61 8: 1428, 0, 0
1 61 9: 1428, 0, 0
1 61 10: 1428, 1, 3
1 61 18: 1434, 10, 1
1 61 22: 320, 22, 3
1 61 25: 320, 22, 0
1 61 28: 1435, 10, 1
1 61 37: 1435, 10, 0
1 61 39: 320, 22, 3
1 61 40: 321, 22, 3
1 62 18: 1434, 10, 1
1 62 39: 319, 22, 2
1 62 40: 320, 22, 2
1 62 44: 320, 22, 1
1 62 45: 319, 22, 3
1 62 46: 320, 22, 3
1 62 50: 1435, 10, 1
1 62 63: 1435, 10, 0
1 63 26: 321, 22, 1
1 63 29: 1435, 10, 1
1 63 36: 1435, 10, 0
1 63 40: 320, 22, 1
1 63 51: 1435, 10, 1
1 63 56: 1435, 10, 0
1 63 57: 1435, 10, 1
1 63 62: 1435, 10, 0
2 43 12: 1434, 10, 1
2 43 13: 1434, 10, 1
2 43 14: 1434, 10, 1
2 43 15: 1434, 10, 1
2 43 16: 1434, 10, 1
2 43 17: 1434, 10, 1
2 44 13: 1428, 1, 2
2 44 14: 1434, 10, 1
2 44 15: 1434, 10, 1
2 44 16: 1434, 10, 1
2 44 17: 1434, 10, 1
2 45 0: 1431, 10, 1
2 45 1: 1431, 10, 1
2 45 2: 1431, 10, 1
2 45 3: 1431, 10, 1
2 45 4: 1431, 10, 1
2 45 5: 1431, 10, 1
2 45 6: 1431, 10, 1
2 45 7: 1429, 0, 1
2 45 13: 1428, 9, 2
2 45 14: 1428, 0, 2
2 45 15: 1428, 1, 2
2 45 16: 1434, 10, 1
2 45 17: 1434, 10, 1
2 46 0: 1434, 10, 1
2 46 1: 1434, 10, 1
2 46 2: 1434, 10, 1
2 46 3: 1434, 10, 1
2 46 4: 1434, 10, 1
2 46 5: 1434, 10, 1
2 46 6: 1428, 1, 1
2 46 7: 1428, 9, 1
2 46 15: 1428, 9, 2
2 46 16: 1428, 1, 2
2 46 17: 1434, 10, 1
2 47 0: 1434, 10, 1
2 47 1: 1434, 10, 1
2 47 2: 1434, 10, 1
2 47 3: 1434, 10, 1
2 47 4: 1434, 10, 1
2 47 5: 1428, 1, 1
2 47 6: 1428, 9, 1
2 47 15: 1455, 4, 1
2 47 16: 1428, 0, 3
2 47 17: 1434, 10, 1
2 48 0: 1434, 10, 1
2 48 1: 1434, 10, 1
2 48 2: 1434, 10, 1
2 48 3: 1434, 10, 1
2 48 4: 1434, 10, 1
2 48 5: 1428, 0, 1
2 48 16: 1428, 0, 3
2 48 17: 1434, 10, 1
2 49 0: 1434, 10, 1
2 49 1: 1434, 10, 1
2 49 2: 1434, 10, 1
2 49 3: 1434, 10, 1
2 49 4: 1434, 10, 1
2 49 5: 1428, 0, 1
2 49 16: 1428, 0, 3
2 49 17: 1434, 10, 1
2 50 0: 1434, 10, 1
2 50 1: 1434, 10, 1
2 50 2: 1434, 10, 1
2 50 3: 1434, 10, 1
2 50 4: 1434, 10, 1
2 50 5: 1428, 0, 1
2 50 15: 1453, 4, 1
2 50 16: 1428, 0, 3
2 50 17: 1434, 10, 1
2 51 0: 1434, 10, 1
2 51 1: 1434, 10, 1
2 51 2: 1434, 10, 1
2 51 3: 1434, 10, 1
2 51 4: 1428, 1, 1
2 51 5: 1428, 9, 1
2 51 15: 1455, 4, 1
2 51 16: 1428, 0, 3
2 51 17: 1434, 10, 1
2 52 0: 1434, 10, 1
2 52 1: 1434, 10, 1
2 52 2: 1434, 10, 1
2 52 3: 1428, 1, 1
2 52 4: 1428, 9, 1
2 52 15: 1428, 9, 3
2 52 16: 1428, 1, 3
2 52 17: 1434, 10, 1
2 53 0: 1434, 10, 1
2 53 1: 1434, 10, 1
2 53 2: 1428, 1, 1
2 53 3: 1428, 9, 1
2 53 14: 1455, 4, 1
2 53 15: 1428, 0, 3
2 53 16: 1434, 10, 2
2 53 17: 1434, 10, 1
2 54 0: 1434, 10, 1
2 54 1: 1428, 1, 1
2 54 2: 1428, 9, 1
2 54 14: 1428, 9, 3
2 54 15: 1428, 1, 3
2 54 16: 1434, 10, 2
2 54 17: 1434, 10, 1
2 55 0: 1434, 10, 1
2 55 1: 1428, 0, 1
2 55 12: 1428, 9, 3
2 55 12: 1452, 7, 3
2 55 13: 1428, 0, 0
2 55 14: 1428, 1, 3
2 55 15: 1434, 10, 2
2 55 16: 1434, 10, 2
2 55 17: 1434, 10, 1
2 56 0: 1434, 10, 1
2 56 1: 1428, 0, 1
2 56 12: 1428, 0, 3
2 56 13: 1434, 10, 2
2 56 14: 1434, 10, 2
2 56 15: 1434, 10, 2
2 56 16: 1434, 10, 2
2 56 17: 1434, 10, 1
2 57 0: 1434, 10, 1
2 57 1: 1428, 1, 0
2 57 2: 1428, 9, 0
2 57 11: 1453, 4, 1
2 57 12: 1428, 0, 3
2 57 13: 1434, 10, 2
2 57 14: 1434, 10, 2
2 57 15: 1434, 10, 2
2 57 16: 1434, 10, 2
2 57 17: 1434, 10, 1
2 58 0: 1434, 10, 1
2 58 1: 1434, 10, 2
2 58 2: 1428, 1, 0
2 58 3: 1428, 9, 0
2 58 12: 1428, 0, 3
2 58 13: 1434, 10, 2
2 58 14: 1434, 10, 2
2 58 15: 1434, 10, 2
2 58 16: 1434, 10, 2
2 58 17: 1434, 10, 1
2 59 0: 1434, 10, 1
2 59 1: 1434, 10, 2
2 59 2: 1434, 10, 2
2 59 3: 1428, 1, 0
2 59 4: 1428, 9, 0
2 59 11: 1428, 9, 3
2 59 11: 1452, 7, 3
2 59 12: 1428, 1, 3
2 59 13: 1434, 10, 2
2 59 14: 1434, 10, 2
2 59 15: 1434, 10, 2
2 59 16: 1434, 10, 2
2 59 17: 1434, 10, 1
2 60 0: 1434, 10, 1
2 60 1: 1434, 10, 2
2 60 2: 1434, 10, 2
2 60 3: 1434, 10, 2
2 60 4: 1428, 1, 0
2 60 5: 1428, 0, 0
2 60 6: 1428, 9, 0
2 60 7: 1452, 4, 2
2 60 8: 1748, 10, 1
2 60 10: 1428, 9, 3
2 60 11: 1428, 1, 3
2 60 12: 1434, 10, 2
2 60 13: 1434, 10, 2
2 60 14: 1434, 10, 2
2 60 15: 1434, 10, 2
2 60 16: 1434, 10, 2
2 60 17: 1434, 10, 1
2 61 0: 1434, 10, 1
2 61 1: 1434, 10, 2
2 61 2: 1434, 10, 2
2 61 3: 1434, 10, 2
2 61 4: 1434, 10, 2
2 61 5: 1434, 10, 2
2 61 6: 1428, 1, 0
2 61 7: 1428, 0, 0
2 61 8: 1428, 0, 0
2 61 9: 1428, 0, 0
2 61 10: 1428, 1, 3
2 61 11: 1434, 10, 2
2 61 12: 1434, 10, 2
2 61 13: 1434, 10, 2
2 61 14: 1434, 10, 2
2 61 15: 1434, 10, 2
2 61 16: 1434, 10, 2
2 61 17: 1434, 10, 1
2 62 0: 1434, 10, 1
2 62 1: 1434, 10, 2
2 62 2: 1434, 10, 2
2 62 3: 1434, 10, 2
2 62 4: 1434, 10, 2
2 62 5: 1434, 10, 2
2 62 6: 1434, 10, 2
2 62 7: 1434, 10, 2
2 62 8: 1434, 10, 2
2 62 9: 1434, 10, 2
2 62 10: 1434, 10, 1
2 62 11: 1434, 10, 1
2 62 12: 1434, 10, 2
2 62 13: 1434, 10, 2
2 62 14: 1434, 10, 2
2 62 15: 1434, 10, 2
2 62 16: 1434, 10, 2
2 62 17: 1434, 10, 1
2 63 0: 1434, 10, 1
2 63 1: 1434, 10, 1
2 63 2: 1434, 10, 1
2 63 3: 1434, 10, 1
2 63 4: 1434, 10, 1
2 63 5: 1434, 10, 1
2 63 6: 1434, 10, 1
2 63 7: 1434, 10, 1
2 63 8: 1434, 10, 1
2 63 9: 1434, 10, 1
2 63 10: 1434, 10, 1
2 63 11: 1434, 10, 1
2 63 12: 1434, 10, 1
2 63 13: 1434, 10, 1
2 63 14: 1434, 10, 1
2 63 15: 1434, 10, 1
2 63 16: 1434, 10, 1
2 63 17: 1434, 10, 1
3 44 14: 320, 22, 0
3 44 15: 319, 22, 1
3 44 16: 320, 22, 1
3 45 16: 320, 22, 3
3 45 17: 320, 22, 0
3 48 3: 321, 22, 1
3 48 4: 320, 22, 2
3 49 3: 320, 22, 1
3 49 4: 320, 22, 2
3 49 17: 320, 22, 0
3 50 2: 321, 22, 2
3 50 17: 321, 22, 2
3 51 2: 320, 22, 2
3 53 16: 320, 22, 3
3 57 15: 320, 22, 2
3 57 16: 320, 22, 2
3 58 1: 320, 22, 3
3 58 15: 321, 22, 2
3 59 1: 321, 22, 0
3 59 2: 320, 22, 0
3 59 16: 320, 22, 0
3 60 1: 320, 22, 1
3 60 2: 320, 22, 3
3 60 3: 320, 22, 0
3 60 8: 1748, 10, 1
3 60 13: 321, 22, 3
3 61 1: 320, 22, 2
3 61 2: 321, 22, 3
3 61 5: 320, 22, 2
3 61 12: 320, 22, 3
3 62 3: 320, 22, 1
3 62 4: 321, 22, 0
