0 47 47: 1490, 10, 0
0 47 48: 1490, 10, 0
0 47 49: 1490, 10, 0
0 47 50: 1490, 10, 0
0 47 51: 1490, 10, 0
0 47 52: 1490, 10, 0
0 47 53: 1490, 10, 0
0 47 54: 1490, 10, 0
0 47 55: 1490, 10, 0
0 47 56: 1490, 10, 0
0 47 57: 1490, 10, 0
0 47 58: 1490, 10, 0
0 47 59: 1490, 10, 0
0 47 60: 1490, 10, 0
0 47 61: 1490, 10, 0
0 47 62: 1490, 10, 0
0 47 63: 1490, 10, 0
0 48 47: 1490, 10, 0
0 48 48: 1490, 10, 0
0 48 49: 1490, 10, 0
0 48 50: 1490, 10, 0
0 48 51: 1490, 10, 0
0 48 52: 1490, 10, 0
0 48 53: 1490, 10, 0
0 48 54: 1490, 10, 0
0 48 55: 1490, 10, 0
0 48 56: 1490, 10, 0
0 48 57: 1490, 10, 0
0 48 58: 1490, 10, 0
0 48 59: 1490, 10, 0
0 48 60: 1490, 10, 0
0 48 61: 1490, 10, 0
0 48 62: 1490, 10, 0
0 48 63: 1490, 10, 0
0 49 47: 1490, 10, 0
0 49 48: 1490, 10, 0
0 49 49: 1490, 10, 0
0 49 50: 1490, 10, 0
0 49 51: 1490, 10, 0
0 49 52: 1490, 10, 0
0 49 53: 1490, 10, 0
0 49 54: 1490, 10, 0
0 49 55: 1490, 10, 0
0 49 56: 1490, 10, 0
0 49 57: 1490, 10, 0
0 49 58: 1490, 10, 0
0 49 59: 1490, 10, 0
0 49 60: 1490, 10, 0
0 49 61: 1490, 10, 0
0 49 62: 1490, 10, 0
0 49 63: 1490, 10, 0
0 50 47: 1490, 10, 0
0 50 48: 1490, 10, 0
0 50 49: 1490, 10, 0
0 50 50: 1490, 10, 0
0 50 51: 1490, 10, 0
0 50 52: 1490, 10, 0
0 50 53: 1490, 10, 0
0 50 54: 1490, 10, 0
0 50 55: 1490, 10, 0
0 50 56: 1490, 10, 0
0 50 57: 1490, 10, 0
0 50 58: 1490, 10, 0
0 50 59: 1490, 10, 0
0 50 60: 1490, 10, 0
0 50 61: 1490, 10, 0
0 50 62: 1490, 10, 0
0 50 63: 1490, 10, 0
0 51 47: 1490, 10, 0
0 51 48: 1490, 10, 0
0 51 49: 1490, 10, 0
0 51 50: 1490, 10, 0
0 51 51: 1490, 10, 0
0 51 52: 1490, 10, 0
0 51 53: 1490, 10, 0
0 51 54: 1490, 10, 0
0 51 55: 1490, 10, 0
0 51 56: 1490, 10, 0
0 51 57: 1490, 10, 0
0 51 58: 1490, 10, 0
0 51 59: 1490, 10, 0
0 51 60: 1490, 10, 0
0 51 61: 1490, 10, 0
0 51 62: 1490, 10, 0
0 51 63: 1490, 10, 0
0 52 47: 1490, 10, 0
0 52 48: 1490, 10, 0
0 52 49: 1490, 10, 0
0 52 50: 1490, 10, 0
0 52 51: 1490, 10, 0
0 52 52: 1490, 10, 0
0 52 53: 1490, 10, 0
0 52 54: 1490, 10, 0
0 52 55: 1490, 10, 0
0 52 56: 1490, 10, 0
0 52 57: 1490, 10, 0
0 52 58: 1490, 10, 0
0 52 59: 1490, 10, 0
0 52 60: 1490, 10, 0
0 52 61: 1490, 10, 0
0 52 62: 1490, 10, 0
0 52 63: 1490, 10, 0
0 53 47: 1490, 10, 0
0 53 48: 1490, 10, 0
0 53 49: 1490, 10, 0
0 53 50: 1490, 10, 0
0 53 51: 1490, 10, 0
0 53 52: 1490, 10, 0
0 53 53: 1490, 10, 0
0 53 54: 1490, 10, 0
0 53 55: 1490, 10, 0
0 53 56: 1490, 10, 0
0 53 57: 1490, 10, 0
0 53 58: 1490, 10, 0
0 53 59: 1490, 10, 0
0 53 60: 1490, 10, 0
0 53 61: 1490, 10, 0
0 53 62: 1490, 10, 0
0 53 63: 1490, 10, 0
0 54 47: 1490, 10, 0
0 54 48: 1490, 10, 0
0 54 49: 1490, 10, 0
0 54 50: 1490, 10, 0
0 54 51: 1490, 10, 0
0 54 52: 1490, 10, 0
0 54 53: 1490, 10, 0
0 54 54: 1490, 10, 0
0 54 55: 1490, 10, 0
0 54 56: 1490, 10, 0
0 54 57: 1490, 10, 0
0 54 58: 1490, 10, 0
0 54 59: 1490, 10, 0
0 54 60: 1490, 10, 0
0 54 61: 1490, 10, 0
0 54 62: 1490, 10, 0
0 54 63: 1490, 10, 0
0 55 47: 1490, 10, 0
0 55 48: 1490, 10, 0
0 55 49: 1490, 10, 0
0 55 50: 1490, 10, 0
0 55 51: 1490, 10, 0
0 55 52: 1490, 10, 0
0 55 53: 1490, 10, 0
0 55 54: 1490, 10, 0
0 55 55: 1490, 10, 0
0 55 56: 1490, 10, 0
0 55 57: 1490, 10, 0
0 55 58: 1490, 10, 0
0 55 59: 1490, 10, 0
0 55 60: 1490, 10, 0
0 55 61: 1490, 10, 0
0 55 62: 1490, 10, 0
0 55 63: 1490, 10, 0
0 56 47: 1490, 10, 0
0 56 48: 1490, 10, 0
0 56 49: 1490, 10, 0
0 56 50: 1490, 10, 0
0 56 51: 1490, 10, 0
0 56 52: 1490, 10, 0
0 56 53: 1490, 10, 0
0 56 54: 1490, 10, 0
0 56 55: 1490, 10, 0
0 56 56: 1490, 10, 0
0 56 57: 1490, 10, 0
0 56 58: 1490, 10, 0
0 56 59: 1490, 10, 0
0 56 60: 1490, 10, 0
0 56 61: 1490, 10, 0
0 56 62: 1490, 10, 0
0 56 63: 1490, 10, 0
0 57 47: 1490, 10, 0
0 57 48: 1490, 10, 0
0 57 49: 1490, 10, 0
0 57 50: 1490, 10, 0
0 57 51: 1490, 10, 0
0 57 52: 1490, 10, 0
0 57 53: 1490, 10, 0
0 57 54: 1490, 10, 0
0 57 55: 1490, 10, 0
0 57 56: 1490, 10, 0
0 57 57: 1490, 10, 0
0 57 58: 1490, 10, 0
0 57 59: 1490, 10, 0
0 57 60: 1490, 10, 0
0 57 61: 1490, 10, 0
0 57 62: 1490, 10, 0
0 57 63: 1490, 10, 0
0 58 47: 1490, 10, 0
0 58 48: 1490, 10, 0
0 58 49: 1490, 10, 0
0 58 50: 1490, 10, 0
0 58 51: 1490, 10, 0
0 58 52: 1490, 10, 0
0 58 53: 1490, 10, 0
0 58 54: 1490, 10, 0
0 58 55: 1490, 10, 0
0 58 56: 1490, 10, 0
0 58 57: 1490, 10, 0
0 58 58: 1490, 10, 0
0 58 59: 1490, 10, 0
0 58 60: 1490, 10, 0
0 58 61: 1490, 10, 0
0 58 62: 1490, 10, 0
0 58 63: 1490, 10, 0
0 59 47: 1490, 10, 0
0 59 48: 1490, 10, 0
0 59 49: 1490, 10, 0
0 59 50: 1490, 10, 0
0 59 51: 1490, 10, 0
0 59 52: 1490, 10, 0
0 59 53: 1490, 10, 0
0 59 54: 1490, 10, 0
0 59 55: 1490, 10, 0
0 59 56: 1490, 10, 0
0 59 57: 1490, 10, 0
0 59 58: 1490, 10, 0
0 59 59: 1490, 10, 0
0 59 60: 1490, 10, 0
0 59 61: 1490, 10, 0
0 59 62: 1490, 10, 0
0 59 63: 1490, 10, 0
0 60 47: 1490, 10, 0
0 60 48: 1490, 10, 0
0 60 49: 1490, 10, 0
0 60 50: 1490, 10, 0
0 60 51: 1490, 10, 0
0 60 52: 1490, 10, 0
0 60 53: 1490, 10, 0
0 60 54: 1490, 10, 0
0 60 55: 1490, 10, 0
0 60 56: 1490, 10, 0
0 60 57: 1490, 10, 0
0 60 58: 1490, 10, 0
0 60 59: 1490, 10, 0
0 60 60: 1490, 10, 0
0 60 61: 1490, 10, 0
0 60 62: 1490, 10, 0
0 60 63: 1490, 10, 0
0 61 47: 1490, 10, 0
0 61 48: 1490, 10, 0
0 61 49: 1490, 10, 0
0 61 50: 1490, 10, 0
0 61 51: 1490, 10, 0
0 61 52: 1490, 10, 0
0 61 53: 1490, 10, 0
0 61 54: 1490, 10, 0
0 61 55: 1490, 10, 0
0 61 56: 1490, 10, 0
0 61 57: 1490, 10, 0
0 61 58: 1490, 10, 0
0 61 59: 1490, 10, 0
0 61 60: 1490, 10, 0
0 61 61: 1490, 10, 0
0 61 62: 1490, 10, 0
0 61 63: 1490, 10, 0
0 62 47: 1490, 10, 0
0 62 48: 1490, 10, 0
0 62 49: 1490, 10, 0
0 62 50: 1490, 10, 0
0 62 51: 1490, 10, 0
0 62 52: 1490, 10, 0
0 62 53: 1490, 10, 0
0 62 54: 1490, 10, 0
0 62 55: 1490, 10, 0
0 62 56: 1490, 10, 0
0 62 57: 1490, 10, 0
0 62 58: 1490, 10, 0
0 62 59: 1490, 10, 0
0 62 60: 1490, 10, 0
0 62 61: 1490, 10, 0
0 62 62: 1490, 10, 0
0 62 63: 1490, 10, 0
0 63 47: 1490, 10, 0
0 63 48: 1490, 10, 0
0 63 49: 1490, 10, 0
0 63 50: 1490, 10, 0
0 63 51: 1490, 10, 0
0 63 52: 1490, 10, 0
0 63 53: 1490, 10, 0
0 63 54: 1490, 10, 0
0 63 55: 1490, 10, 0
0 63 56: 1490, 10, 0
0 63 57: 1490, 10, 0
0 63 58: 1490, 10, 0
0 63 59: 1490, 10, 0
0 63 60: 1490, 10, 0
0 63 61: 1490, 10, 0
0 63 62: 1490, 10, 0
0 63 63: 1490, 10, 0
1 0 52: 1434, 10, 0
1 0 53: 1434, 10, 0
1 0 54: 1434, 10, 0
1 0 55: 1434, 10, 0
1 0 56: 1434, 10, 0
1 0 57: 1434, 10, 0
1 0 58: 1434, 10, 0
1 0 59: 1434, 10, 0
1 0 60: 1434, 10, 0
1 0 61: 1434, 10, 0
1 0 62: 1434, 10, 0
1 0 63: 1434, 10, 0
1 1 52: 1434, 10, 0
1 1 53: 1434, 10, 0
1 1 54: 1434, 10, 0
1 1 55: 1434, 10, 0
1 1 56: 1434, 10, 0
1 1 57: 1434, 10, 0
1 1 58: 1434, 10, 0
1 1 59: 1434, 10, 0
1 1 60: 1434, 10, 0
1 1 61: 1434, 10, 0
1 1 62: 1434, 10, 0
1 1 63: 1434, 10, 0
1 2 52: 1434, 10, 0
1 2 53: 1434, 10, 0
1 2 54: 1434, 10, 0
1 2 55: 1434, 10, 0
1 2 56: 1434, 10, 0
1 2 57: 1434, 10, 0
1 2 58: 1434, 10, 0
1 2 59: 1434, 10, 0
1 2 60: 1434, 10, 0
1 2 61: 1434, 10, 0
1 2 62: 1434, 10, 0
1 2 63: 1434, 10, 0
1 3 52: 1434, 10, 0
1 3 53: 1434, 10, 0
1 3 54: 1434, 10, 0
1 3 55: 1434, 10, 0
1 3 56: 1434, 10, 0
1 3 57: 1434, 10, 0
1 3 58: 1434, 10, 0
1 3 59: 1434, 10, 0
1 3 60: 1434, 10, 0
1 3 61: 1434, 10, 0
1 3 62: 1434, 10, 0
1 3 63: 1434, 10, 0
1 4 52: 1434, 10, 0
1 4 53: 1434, 10, 0
1 4 54: 1434, 10, 0
1 4 55: 1434, 10, 0
1 4 56: 1434, 10, 0
1 4 57: 1434, 10, 0
1 4 58: 1434, 10, 0
1 4 59: 1434, 10, 0
1 4 60: 1434, 10, 0
1 4 61: 1434, 10, 0
1 4 62: 1434, 10, 0
1 4 63: 1434, 10, 0
1 5 52: 1434, 10, 0
1 5 53: 1434, 10, 0
1 5 54: 1434, 10, 0
1 5 55: 1434, 10, 0
1 5 56: 1434, 10, 0
1 5 57: 1434, 10, 0
1 5 58: 1434, 10, 0
1 5 59: 1434, 10, 0
1 5 60: 1434, 10, 0
1 5 61: 1434, 10, 0
1 5 62: 1434, 10, 0
1 5 63: 1434, 10, 0
1 6 52: 1434, 10, 0
1 6 53: 1434, 10, 0
1 6 54: 1434, 10, 0
1 6 55: 1434, 10, 0
1 6 56: 1434, 10, 0
1 6 57: 1434, 10, 0
1 6 58: 1434, 10, 0
1 6 59: 1434, 10, 0
1 6 60: 1434, 10, 0
1 6 61: 1434, 10, 0
1 6 62: 1434, 10, 0
1 6 63: 1434, 10, 0
1 7 52: 1434, 10, 0
1 7 53: 1434, 10, 0
1 7 54: 1434, 10, 0
1 7 55: 1434, 10, 0
1 7 56: 1434, 10, 0
1 7 57: 1434, 10, 0
1 7 58: 1434, 10, 0
1 7 59: 1434, 10, 0
1 7 60: 1434, 10, 0
1 7 61: 1434, 10, 0
1 7 62: 1434, 10, 0
1 7 63: 1434, 10, 0
1 8 52: 1434, 10, 0
1 8 53: 1434, 10, 0
1 8 54: 1434, 10, 0
1 8 55: 1434, 10, 0
1 8 56: 1434, 10, 0
1 8 57: 1434, 10, 0
1 8 58: 1434, 10, 0
1 8 59: 1434, 10, 0
1 8 60: 1434, 10, 0
1 8 61: 1434, 10, 0
1 8 62: 1434, 10, 0
1 8 63: 1434, 10, 0
1 9 52: 1434, 10, 0
1 9 53: 1434, 10, 0
1 9 54: 1434, 10, 0
1 9 55: 1434, 10, 0
1 9 56: 1434, 10, 0
1 9 57: 1434, 10, 0
1 9 58: 1434, 10, 0
1 9 59: 1434, 10, 0
1 9 60: 1434, 10, 0
1 9 61: 1434, 10, 0
1 9 62: 1434, 10, 0
1 9 63: 1434, 10, 0
1 10 52: 1434, 10, 0
1 10 53: 1434, 10, 0
1 10 54: 1434, 10, 0
1 10 55: 1434, 10, 0
1 10 56: 1434, 10, 0
1 10 57: 1434, 10, 0
1 10 58: 1434, 10, 0
1 10 59: 1434, 10, 0
1 10 60: 1434, 10, 0
1 10 61: 1434, 10, 0
1 10 62: 1434, 10, 0
1 10 63: 1434, 10, 0
1 11 52: 1434, 10, 0
1 11 53: 1434, 10, 0
1 11 54: 1434, 10, 0
1 11 55: 1434, 10, 0
1 11 56: 1434, 10, 0
1 11 57: 1434, 10, 0
1 11 58: 1434, 10, 0
1 11 59: 1434, 10, 0
1 11 60: 1434, 10, 0
1 11 61: 1434, 10, 0
1 11 62: 1434, 10, 0
1 11 63: 1434, 10, 0
