0 0 0: 1434, 10, 0
0 0 1: 1434, 10, 0
0 0 2: 1434, 10, 0
0 0 3: 1434, 10, 0
0 0 4: 1434, 10, 0
0 0 5: 1434, 10, 0
0 0 6: 1434, 10, 0
0 0 7: 1434, 10, 0
0 0 8: 1434, 10, 0
0 1 0: 1434, 10, 0
0 1 1: 1434, 10, 0
0 1 2: 1434, 10, 0
0 1 3: 1434, 10, 0
0 1 4: 1434, 10, 0
0 1 5: 1434, 10, 0
0 1 6: 1434, 10, 0
0 1 7: 1434, 10, 0
0 1 8: 1434, 10, 0
0 2 0: 1434, 10, 0
0 2 1: 1434, 10, 0
0 2 2: 1434, 10, 0
0 2 3: 1434, 10, 0
0 2 4: 1434, 10, 0
0 2 5: 1434, 10, 0
0 2 6: 1434, 10, 0
0 2 7: 1434, 10, 0
0 2 8: 1434, 10, 0
0 3 0: 1434, 10, 0
0 3 1: 1434, 10, 0
0 3 2: 1434, 10, 0
0 3 3: 1434, 10, 0
0 3 4: 1434, 10, 0
0 3 5: 1434, 10, 0
0 3 6: 1434, 10, 0
0 3 7: 1434, 10, 0
0 3 8: 1434, 10, 0
0 4 0: 1434, 10, 0
0 4 1: 1434, 10, 0
0 4 2: 1434, 10, 0
0 4 3: 1434, 10, 0
0 4 4: 1434, 10, 0
0 4 5: 1434, 10, 0
0 4 6: 1434, 10, 0
0 4 7: 1434, 10, 0
0 4 8: 1434, 10, 0
0 5 0: 1434, 10, 0
0 5 1: 1434, 10, 0
0 5 2: 1434, 10, 0
0 5 3: 1434, 10, 0
0 5 4: 1434, 10, 0
0 5 5: 1434, 10, 0
0 5 6: 1434, 10, 0
0 5 7: 1434, 10, 0
0 5 8: 1434, 10, 0
0 6 0: 1434, 10, 0
0 6 1: 1434, 10, 0
0 6 2: 1434, 10, 0
0 6 3: 1434, 10, 0
0 6 4: 1434, 10, 0
0 6 5: 1434, 10, 0
0 6 6: 1434, 10, 0
0 6 7: 1434, 10, 0
0 6 8: 1434, 10, 0
0 7 0: 1434, 10, 0
0 7 1: 1434, 10, 0
0 7 2: 1434, 10, 0
0 7 3: 1434, 10, 0
0 7 4: 1434, 10, 0
0 7 5: 1434, 10, 0
0 7 6: 1434, 10, 0
0 7 7: 1434, 10, 0
0 7 8: 1434, 10, 0
0 8 0: 1434, 10, 0
0 8 1: 1434, 10, 0
0 8 2: 1434, 10, 0
0 8 3: 1434, 10, 0
0 8 4: 1434, 10, 0
0 8 5: 1434, 10, 0
0 8 6: 1434, 10, 0
0 8 7: 1434, 10, 0
0 8 8: 1434, 10, 0
0 9 0: 1434, 10, 0
0 9 1: 1434, 10, 0
0 9 2: 1434, 10, 0
0 9 3: 1434, 10, 0
0 9 4: 1434, 10, 0
0 9 5: 1434, 10, 0
0 9 6: 1434, 10, 0
0 9 7: 1434, 10, 0
0 9 8: 1434, 10, 0
0 10 0: 1434, 10, 0
0 10 1: 1434, 10, 0
0 10 2: 1434, 10, 0
0 10 3: 1434, 10, 0
0 10 4: 1434, 10, 0
0 10 5: 1434, 10, 0
0 10 6: 1434, 10, 0
0 10 7: 1434, 10, 0
0 10 8: 1434, 10, 0
0 53 0: 1434, 10, 0
0 53 1: 1434, 10, 0
0 53 2: 1434, 10, 0
0 53 3: 1434, 10, 0
0 53 4: 1434, 10, 0
0 53 5: 1434, 10, 0
0 53 6: 1434, 10, 0
0 53 7: 1434, 10, 0
0 54 0: 1434, 10, 0
0 54 1: 1434, 10, 0
0 54 2: 1434, 10, 0
0 54 3: 1434, 10, 0
0 54 4: 1434, 10, 0
0 54 5: 1434, 10, 0
0 54 6: 1434, 10, 0
0 54 7: 1434, 10, 0
0 55 0: 1434, 10, 0
0 55 1: 1434, 10, 0
0 55 2: 1434, 10, 0
0 55 3: 1434, 10, 0
0 55 4: 1434, 10, 0
0 55 5: 1434, 10, 0
0 55 6: 1434, 10, 0
0 55 7: 1434, 10, 0
0 56 0: 1434, 10, 0
0 56 1: 1434, 10, 0
0 56 2: 1434, 10, 0
0 56 3: 1434, 10, 0
0 56 4: 1434, 10, 0
0 56 5: 1434, 10, 0
0 56 6: 1434, 10, 0
0 56 7: 1434, 10, 0
0 57 0: 1434, 10, 0
0 57 1: 1434, 10, 0
0 57 2: 1434, 10, 0
0 57 3: 1434, 10, 0
0 57 4: 1434, 10, 0
0 57 5: 1434, 10, 0
0 57 6: 1434, 10, 0
0 57 7: 1434, 10, 0
0 58 0: 1434, 10, 0
0 58 1: 1434, 10, 0
0 58 2: 1434, 10, 0
0 58 3: 1434, 10, 0
0 58 4: 1434, 10, 0
0 58 5: 1434, 10, 0
0 58 6: 1434, 10, 0
0 58 7: 1434, 10, 0
0 59 0: 1434, 10, 0
0 59 1: 1434, 10, 0
0 59 2: 1434, 10, 0
0 59 3: 1434, 10, 0
0 59 4: 1434, 10, 0
0 59 5: 1434, 10, 0
0 59 6: 1434, 10, 0
0 59 7: 1434, 10, 0
0 60 0: 1434, 10, 0
0 60 1: 1434, 10, 0
0 60 2: 1434, 10, 0
0 60 3: 1434, 10, 0
0 60 4: 1434, 10, 0
0 60 5: 1434, 10, 0
0 60 6: 1434, 10, 0
0 60 7: 1434, 10, 0
0 61 0: 1434, 10, 0
0 61 1: 1434, 10, 0
0 61 2: 1434, 10, 0
0 61 3: 1434, 10, 0
0 61 4: 1434, 10, 0
0 61 5: 1434, 10, 0
0 61 6: 1434, 10, 0
0 61 7: 1434, 10, 0
0 62 0: 1434, 10, 0
0 62 1: 1434, 10, 0
0 62 2: 1434, 10, 0
0 62 3: 1434, 10, 0
0 62 4: 1434, 10, 0
0 62 5: 1434, 10, 0
0 62 6: 1434, 10, 0
0 62 7: 1434, 10, 0
0 63 0: 1434, 10, 0
0 63 1: 1434, 10, 0
0 63 2: 1434, 10, 0
0 63 3: 1434, 10, 0
0 63 4: 1434, 10, 0
0 63 5: 1434, 10, 0
0 63 6: 1434, 10, 0
0 63 7: 1434, 10, 0
