0 0 4: 1490, 10, 1
0 0 5: 1490, 10, 1
0 0 6: 1490, 10, 1
0 0 7: 1490, 10, 1
0 0 8: 1490, 10, 1
0 0 9: 1490, 10, 1
0 0 10: 1490, 10, 1
0 0 11: 1490, 10, 1
0 0 12: 1490, 10, 1
0 0 13: 1490, 10, 1
0 0 14: 1490, 10, 1
0 0 15: 1490, 10, 1
0 0 16: 1490, 10, 1
0 0 17: 1490, 10, 1
0 0 18: 1490, 10, 1
0 0 19: 1490, 10, 1
0 0 20: 1490, 10, 1
0 0 21: 1490, 10, 1
0 0 22: 1490, 10, 1
0 0 23: 1490, 10, 1
0 0 24: 1490, 10, 1
0 0 25: 1490, 10, 1
0 0 26: 1490, 10, 1
0 0 27: 1490, 10, 1
0 0 28: 1490, 10, 1
0 0 29: 1490, 10, 1
0 0 30: 1490, 10, 1
0 0 31: 1490, 10, 1
0 0 32: 1490, 10, 1
0 0 33: 1490, 10, 1
0 0 34: 1490, 10, 1
0 0 35: 1490, 10, 1
0 0 36: 1490, 10, 1
0 0 37: 1490, 10, 1
0 0 38: 1490, 10, 1
0 0 39: 1490, 10, 1
0 0 40: 1490, 10, 1
0 0 41: 1490, 10, 1
0 0 42: 1490, 10, 1
0 0 43: 1490, 10, 1
0 0 44: 1489, 1, 1
0 0 45: 1489, 0, 2
0 0 46: 1489, 0, 2
0 0 47: 1489, 0, 2
0 0 48: 1489, 1, 2
0 0 49: 1490, 10, 1
0 0 50: 1490, 10, 1
0 0 51: 1490, 10, 1
0 0 52: 1490, 10, 1
0 0 53: 1490, 10, 1
0 0 54: 1490, 10, 1
0 0 55: 1490, 10, 1
0 0 56: 1490, 10, 1
0 0 57: 1490, 10, 1
0 0 58: 1490, 10, 1
0 0 59: 1490, 10, 1
0 0 60: 1490, 10, 1
0 0 61: 1490, 10, 1
0 0 62: 1490, 10, 1
0 0 63: 1490, 10, 1
0 1 4: 1490, 10, 1
0 1 5: 1490, 10, 1
0 1 6: 1490, 10, 1
0 1 7: 1490, 10, 1
0 1 8: 1490, 10, 1
0 1 9: 1490, 10, 1
0 1 10: 1490, 10, 1
0 1 11: 1490, 10, 1
0 1 12: 1490, 10, 1
0 1 13: 1490, 10, 1
0 1 14: 1490, 10, 1
0 1 15: 1490, 10, 1
0 1 16: 1490, 10, 1
0 1 17: 1490, 10, 1
0 1 18: 1490, 10, 1
0 1 19: 1490, 10, 1
0 1 20: 1490, 10, 1
0 1 21: 1490, 10, 1
0 1 22: 1490, 10, 1
0 1 23: 1490, 10, 1
0 1 24: 1490, 10, 1
0 1 25: 1490, 10, 1
0 1 26: 1490, 10, 1
0 1 27: 1490, 10, 1
0 1 28: 1490, 10, 1
0 1 29: 1490, 10, 1
0 1 30: 1490, 10, 1
0 1 31: 1490, 10, 1
0 1 32: 1490, 10, 1
0 1 33: 1490, 10, 1
0 1 34: 1490, 10, 1
0 1 35: 1490, 10, 1
0 1 36: 1490, 10, 1
0 1 37: 1490, 10, 1
0 1 38: 1490, 10, 1
0 1 39: 1490, 10, 1
0 1 40: 1490, 10, 1
0 1 41: 1490, 10, 1
0 1 42: 1489, 1, 1
0 1 43: 1489, 0, 2
0 1 44: 1489, 9, 1
0 1 48: 1489, 9, 2
0 1 49: 1489, 0, 2
0 1 50: 1489, 0, 2
0 1 51: 1489, 1, 2
0 1 52: 1490, 10, 1
0 1 53: 1490, 10, 1
0 1 54: 1490, 10, 1
0 1 55: 1490, 10, 1
0 1 56: 1490, 10, 1
0 1 57: 1490, 10, 1
0 1 58: 1490, 10, 1
0 1 59: 1490, 10, 1
0 1 60: 1490, 10, 1
0 1 61: 1490, 10, 1
0 1 62: 1490, 10, 1
0 1 63: 1490, 10, 1
0 2 4: 1490, 10, 1
0 2 5: 1490, 10, 1
0 2 6: 1490, 10, 1
0 2 7: 1490, 10, 1
0 2 8: 1490, 10, 1
0 2 9: 1490, 10, 1
0 2 10: 1490, 10, 1
0 2 11: 1490, 10, 1
0 2 12: 1490, 10, 1
0 2 13: 1490, 10, 1
0 2 14: 1490, 10, 1
0 2 15: 1490, 10, 1
0 2 16: 1490, 10, 1
0 2 17: 1490, 10, 1
0 2 18: 1490, 10, 1
0 2 19: 1490, 10, 1
0 2 20: 1490, 10, 1
0 2 21: 1490, 10, 1
0 2 22: 1490, 10, 1
0 2 23: 1490, 10, 1
0 2 24: 1490, 10, 1
0 2 25: 1490, 10, 1
0 2 26: 1490, 10, 1
0 2 27: 1490, 10, 1
0 2 28: 1490, 10, 1
0 2 29: 1490, 10, 1
0 2 30: 1490, 10, 1
0 2 31: 1490, 10, 1
0 2 32: 1490, 10, 1
0 2 33: 1490, 10, 1
0 2 34: 1490, 10, 1
0 2 35: 1490, 10, 1
0 2 36: 1490, 10, 1
0 2 37: 1490, 10, 1
0 2 38: 1490, 10, 1
0 2 39: 1490, 10, 1
0 2 40: 1490, 10, 1
0 2 41: 1489, 1, 1
0 2 42: 1489, 9, 1
0 2 44: 336, 22, 2
0 2 45: 336, 22, 2
0 2 46: 336, 22, 3
0 2 47: 336, 22, 3
0 2 49: 336, 22, 0
0 2 51: 1489, 9, 2
0 2 52: 1489, 0, 2
0 2 53: 1489, 0, 2
0 2 54: 1489, 1, 2
0 2 55: 1490, 10, 1
0 2 56: 1490, 10, 1
0 2 57: 1490, 10, 1
0 2 58: 1490, 10, 1
0 2 59: 1490, 10, 1
0 2 60: 1490, 10, 1
0 2 61: 1490, 10, 1
0 2 62: 1490, 10, 1
0 2 63: 1490, 10, 1
0 3 4: 1490, 10, 1
0 3 5: 1490, 10, 1
0 3 6: 1490, 10, 1
0 3 7: 1490, 10, 1
0 3 8: 1490, 10, 1
0 3 9: 1490, 10, 1
0 3 10: 1490, 10, 1
0 3 11: 1490, 10, 1
0 3 12: 1490, 10, 1
0 3 13: 1490, 10, 1
0 3 14: 1490, 10, 1
0 3 15: 1490, 10, 1
0 3 16: 1490, 10, 1
0 3 17: 1490, 10, 1
0 3 18: 1490, 10, 1
0 3 19: 1490, 10, 1
0 3 20: 1490, 10, 1
0 3 21: 1490, 10, 1
0 3 22: 1490, 10, 1
0 3 23: 1490, 10, 1
0 3 24: 1490, 10, 1
0 3 25: 1490, 10, 1
0 3 26: 1490, 10, 1
0 3 27: 1490, 10, 1
0 3 28: 1490, 10, 1
0 3 29: 1490, 10, 1
0 3 30: 1490, 10, 1
0 3 31: 1490, 10, 1
0 3 32: 1490, 10, 1
0 3 33: 1490, 10, 1
0 3 34: 1490, 10, 1
0 3 35: 1490, 10, 1
0 3 36: 1490, 10, 1
0 3 37: 1490, 10, 1
0 3 38: 1490, 10, 1
0 3 39: 1490, 10, 1
0 3 40: 1490, 10, 1
0 3 41: 1489, 0, 1
0 3 42: 336, 22, 0
0 3 43: 337, 22, 0
0 3 45: 337, 22, 0
0 3 47: 337, 22, 3
0 3 51: 336, 22, 1
0 3 54: 1489, 9, 2
0 3 55: 1489, 0, 2
0 3 56: 1489, 1, 2
0 3 57: 1490, 10, 1
0 3 58: 1490, 10, 1
0 3 59: 1490, 10, 1
0 3 60: 1490, 10, 1
0 3 61: 1490, 10, 1
0 3 62: 1490, 10, 1
0 3 63: 1490, 10, 1
0 4 4: 1490, 10, 1
0 4 5: 1490, 10, 1
0 4 6: 1490, 10, 1
0 4 7: 1490, 10, 1
0 4 8: 1490, 10, 1
0 4 9: 1490, 10, 1
0 4 10: 1490, 10, 1
0 4 11: 1490, 10, 1
0 4 12: 1490, 10, 1
0 4 13: 1490, 10, 1
0 4 14: 1490, 10, 1
0 4 15: 1490, 10, 1
0 4 16: 1490, 10, 1
0 4 17: 1490, 10, 1
0 4 18: 1490, 10, 1
0 4 19: 1490, 10, 1
0 4 20: 1490, 10, 1
0 4 21: 1490, 10, 1
0 4 22: 1490, 10, 1
0 4 23: 1490, 10, 1
0 4 24: 1490, 10, 1
0 4 25: 1490, 10, 1
0 4 26: 1490, 10, 1
0 4 27: 1490, 10, 1
0 4 28: 1490, 10, 1
0 4 29: 1490, 10, 1
0 4 30: 1490, 10, 1
0 4 31: 1490, 10, 1
0 4 32: 1490, 10, 1
0 4 33: 1490, 10, 1
0 4 34: 1490, 10, 1
0 4 35: 1490, 10, 1
0 4 36: 1490, 10, 1
0 4 37: 1490, 10, 1
0 4 38: 1490, 10, 2
0 4 39: 1489, 1, 1
0 4 40: 1489, 0, 2
0 4 41: 1489, 9, 1
0 4 42: 336, 22, 0
0 4 43: 531, 10, 0
0 4 45: 336, 22, 3
0 4 49: 2873, 10, 0
0 4 52: 335, 22, 2
0 4 53: 336, 22, 0
0 4 54: 336, 22, 1
0 4 56: 1489, 9, 2
0 4 57: 1489, 1, 2
0 4 58: 1490, 10, 1
0 4 59: 1490, 10, 1
0 4 60: 1490, 10, 1
0 4 61: 1490, 10, 1
0 4 62: 1490, 10, 1
0 4 63: 1490, 10, 1
0 5 4: 1490, 10, 1
0 5 5: 1490, 10, 1
0 5 6: 1490, 10, 1
0 5 7: 1490, 10, 1
0 5 8: 1490, 10, 1
0 5 9: 1490, 10, 1
0 5 10: 1490, 10, 1
0 5 11: 1490, 10, 1
0 5 12: 1490, 10, 1
0 5 13: 1490, 10, 1
0 5 14: 1490, 10, 1
0 5 15: 1490, 10, 1
0 5 16: 1490, 10, 1
0 5 17: 1490, 10, 1
0 5 18: 1490, 10, 1
0 5 19: 1490, 10, 1
0 5 20: 1490, 10, 1
0 5 21: 1490, 10, 1
0 5 22: 1490, 10, 1
0 5 23: 1490, 10, 1
0 5 24: 1490, 10, 1
0 5 25: 1490, 10, 1
0 5 26: 1490, 10, 1
0 5 27: 1490, 10, 1
0 5 28: 1490, 10, 1
0 5 29: 1490, 10, 1
0 5 30: 1489, 1, 1
0 5 31: 1489, 0, 2
0 5 32: 1489, 0, 2
0 5 33: 1489, 0, 2
0 5 34: 1489, 1, 2
0 5 35: 1490, 10, 1
0 5 36: 1490, 10, 1
0 5 37: 1490, 10, 1
0 5 38: 1489, 1, 1
0 5 39: 1489, 9, 1
0 5 43: 335, 22, 3
0 5 44: 336, 22, 1
0 5 45: 532, 10, 0
0 5 46: 336, 22, 3
0 5 47: 336, 22, 3
0 5 51: 336, 22, 1
0 5 54: 336, 22, 2
0 5 55: 336, 22, 3
0 5 56: 336, 22, 2
0 5 57: 1489, 0, 3
0 5 58: 1490, 10, 1
0 5 59: 1490, 10, 1
0 5 60: 1490, 10, 1
0 5 61: 1490, 10, 1
0 5 62: 1490, 10, 1
0 5 63: 1490, 10, 1
0 6 4: 1490, 10, 1
0 6 5: 1490, 10, 1
0 6 6: 1490, 10, 1
0 6 7: 1490, 10, 1
0 6 8: 1490, 10, 1
0 6 9: 1490, 10, 1
0 6 10: 1490, 10, 1
0 6 11: 1490, 10, 1
0 6 12: 1490, 10, 1
0 6 13: 1490, 10, 1
0 6 14: 1490, 10, 1
0 6 15: 1490, 10, 1
0 6 16: 1489, 1, 1
0 6 17: 1489, 0, 2
0 6 18: 1489, 0, 2
0 6 19: 1489, 1, 2
0 6 20: 1490, 10, 1
0 6 21: 1490, 10, 1
0 6 22: 1490, 10, 1
0 6 23: 1490, 10, 1
0 6 24: 1490, 10, 1
0 6 25: 1490, 10, 1
0 6 26: 1490, 10, 1
0 6 27: 1490, 10, 1
0 6 28: 1489, 1, 1
0 6 29: 1489, 0, 2
0 6 30: 1489, 9, 1
0 6 33: 337, 22, 2
0 6 34: 1489, 9, 2
0 6 35: 1489, 0, 2
0 6 36: 1489, 0, 2
0 6 37: 1489, 0, 2
0 6 38: 1489, 9, 1
0 6 40: 524, 10, 3
0 6 42: 336, 22, 3
0 6 43: 336, 22, 1
0 6 45: 336, 22, 3
0 6 46: 335, 22, 1
0 6 47: 336, 22, 0
0 6 49: 337, 22, 2
0 6 51: 336, 22, 0
0 6 52: 523, 10, 0
0 6 54: 336, 22, 2
0 6 55: 337, 22, 3
0 6 56: 1489, 9, 3
0 6 57: 1489, 1, 3
0 6 58: 1490, 10, 1
0 6 59: 1490, 10, 1
0 6 60: 1490, 10, 1
0 6 61: 1490, 10, 1
0 6 62: 1490, 10, 1
0 6 63: 1490, 10, 1
0 7 4: 1490, 10, 1
0 7 5: 1490, 10, 1
0 7 6: 1490, 10, 1
0 7 7: 1490, 10, 1
0 7 8: 1490, 10, 1
0 7 9: 1490, 10, 1
0 7 10: 1490, 10, 1
0 7 11: 1490, 10, 1
0 7 12: 1490, 10, 1
0 7 13: 1490, 10, 1
0 7 14: 1489, 1, 1
0 7 15: 1489, 0, 2
0 7 16: 1489, 9, 1
0 7 17: 337, 22, 3
0 7 19: 1489, 9, 2
0 7 20: 1489, 0, 2
0 7 21: 1489, 1, 2
0 7 22: 1490, 10, 1
0 7 23: 1490, 10, 1
0 7 24: 1490, 10, 1
0 7 25: 1490, 10, 1
0 7 26: 1490, 10, 1
0 7 27: 1489, 1, 1
0 7 28: 1489, 9, 1
0 7 32: 336, 22, 1
0 7 36: 336, 22, 0
0 7 39: 337, 22, 1
0 7 41: 336, 22, 1
0 7 42: 336, 22, 2
0 7 43: 531, 10, 3
0 7 44: 336, 22, 1
0 7 46: 336, 22, 3
0 7 48: 336, 22, 0
0 7 50: 335, 22, 1
0 7 51: 336, 22, 3
0 7 54: 336, 22, 3
0 7 56: 1489, 0, 3
0 7 57: 1490, 10, 1
0 7 58: 1490, 10, 1
0 7 59: 1490, 10, 1
0 7 60: 1490, 10, 1
0 7 61: 1490, 10, 1
0 7 62: 1490, 10, 1
0 7 63: 1490, 10, 1
0 8 4: 1490, 10, 1
0 8 5: 1490, 10, 1
0 8 6: 1490, 10, 1
0 8 7: 1490, 10, 1
0 8 8: 1490, 10, 1
0 8 9: 1490, 10, 1
0 8 10: 1490, 10, 1
0 8 11: 1490, 10, 1
0 8 12: 1490, 10, 1
0 8 13: 1490, 10, 1
0 8 14: 1489, 0, 1
0 8 17: 524, 10, 2
0 8 19: 337, 22, 0
0 8 21: 1489, 9, 2
0 8 22: 1489, 0, 2
0 8 23: 1489, 1, 2
0 8 24: 1490, 10, 1
0 8 25: 1489, 1, 1
0 8 26: 1489, 0, 2
0 8 27: 1489, 9, 1
0 8 29: 532, 10, 3
0 8 30: 336, 22, 2
0 8 31: 531, 10, 1
0 8 32: 335, 22, 3
0 8 33: 336, 22, 3
0 8 35: 532, 10, 2
0 8 36: 336, 22, 2
0 8 37: 337, 22, 1
0 8 39: 336, 22, 3
0 8 41: 335, 22, 2
0 8 43: 337, 22, 2
0 8 44: 335, 22, 2
0 8 45: 336, 22, 3
0 8 46: 336, 22, 3
0 8 47: 337, 22, 1
0 8 47: 533, 10, 3
0 8 51: 337, 22, 1
0 8 52: 336, 22, 2
0 8 53: 336, 22, 2
0 8 54: 336, 22, 3
0 8 55: 336, 22, 0
0 8 56: 337, 22, 0
0 8 56: 1489, 9, 2
0 8 57: 1489, 1, 2
0 8 58: 1490, 10, 1
0 8 59: 1490, 10, 1
0 8 60: 1490, 10, 1
0 8 61: 1490, 10, 1
0 8 62: 1490, 10, 1
0 8 63: 1490, 10, 1
0 9 4: 1490, 10, 1
0 9 5: 1490, 10, 1
0 9 6: 1490, 10, 1
0 9 7: 1490, 10, 1
0 9 8: 1490, 10, 1
0 9 9: 1490, 10, 1
0 9 10: 1490, 10, 1
0 9 11: 1490, 10, 1
0 9 12: 1490, 10, 1
0 9 13: 1489, 1, 1
0 9 14: 1489, 9, 1
0 9 16: 336, 22, 0
0 9 20: 336, 22, 1
0 9 21: 336, 22, 0
0 9 22: 335, 22, 3
0 9 23: 1489, 9, 2
0 9 24: 1489, 0, 2
0 9 25: 1489, 9, 1
0 9 28: 336, 22, 0
0 9 30: 337, 22, 3
0 9 31: 336, 22, 0
0 9 34: 337, 22, 2
0 9 36: 336, 22, 1
0 9 37: 336, 22, 1
0 9 38: 335, 22, 1
0 9 40: 336, 22, 3
0 9 44: 336, 22, 3
0 9 46: 337, 22, 1
0 9 49: 337, 22, 0
0 9 51: 336, 22, 3
0 9 52: 336, 22, 0
0 9 54: 337, 22, 2
0 9 57: 1489, 0, 3
0 9 58: 1490, 10, 1
0 9 59: 1490, 10, 1
0 9 60: 1490, 10, 1
0 9 61: 1490, 10, 1
0 9 62: 1490, 10, 1
0 9 63: 1490, 10, 1
0 10 4: 1490, 10, 1
0 10 5: 1490, 10, 1
0 10 6: 1490, 10, 1
0 10 7: 1490, 10, 1
0 10 8: 1490, 10, 1
0 10 9: 1490, 10, 1
0 10 10: 1490, 10, 1
0 10 11: 1489, 1, 1
0 10 12: 1489, 0, 2
0 10 13: 1489, 9, 1
0 10 14: 336, 22, 2
0 10 15: 335, 22, 1
0 10 16: 336, 22, 0
0 10 18: 336, 22, 2
0 10 19: 336, 22, 1
0 10 20: 532, 10, 1
0 10 21: 337, 22, 1
0 10 23: 337, 22, 2
0 10 25: 336, 22, 2
0 10 25: 3206, 10, 0
0 10 26: 336, 22, 2
0 10 27: 335, 22, 2
0 10 29: 336, 22, 1
0 10 31: 336, 22, 3
0 10 33: 335, 22, 0
0 10 35: 336, 22, 1
0 10 36: 336, 22, 2
0 10 38: 336, 22, 0
0 10 41: 336, 22, 0
0 10 42: 336, 22, 1
0 10 43: 337, 22, 3
0 10 45: 337, 22, 0
0 10 47: 336, 22, 3
0 10 48: 336, 22, 2
0 10 50: 336, 22, 2
0 10 54: 532, 10, 0
0 10 57: 1489, 0, 3
0 10 58: 1490, 10, 1
0 10 59: 1490, 10, 1
0 10 60: 1490, 10, 1
0 10 61: 1490, 10, 1
0 10 62: 1490, 10, 1
0 10 63: 1490, 10, 1
0 11 4: 1490, 10, 1
0 11 5: 1490, 10, 1
0 11 6: 1490, 10, 1
0 11 7: 1490, 10, 1
0 11 8: 1490, 10, 1
0 11 9: 1490, 10, 1
0 11 10: 1490, 10, 1
0 11 11: 1489, 0, 1
0 11 12: 336, 22, 2
0 11 13: 336, 22, 3
0 11 14: 336, 22, 3
0 11 16: 336, 22, 3
0 11 17: 337, 22, 2
0 11 17: 531, 10, 2
0 11 18: 336, 22, 1
0 11 19: 337, 22, 1
0 11 20: 336, 22, 2
0 11 22: 336, 22, 2
0 11 23: 531, 10, 3
0 11 24: 336, 22, 3
0 11 26: 336, 22, 1
0 11 28: 337, 22, 1
0 11 29: 336, 22, 2
0 11 30: 531, 10, 0
0 11 32: 336, 22, 1
0 11 34: 531, 10, 3
0 11 36: 336, 22, 3
0 11 37: 532, 10, 1
0 11 40: 335, 22, 2
0 11 43: 337, 22, 3
0 11 46: 336, 22, 0
0 11 49: 335, 22, 0
0 11 52: 2875, 10, 0
0 11 54: 336, 22, 1
0 11 55: 336, 22, 3
0 11 56: 337, 22, 1
0 11 57: 1489, 0, 3
0 11 58: 1490, 10, 1
0 11 59: 1490, 10, 1
0 11 60: 1490, 10, 1
0 11 61: 1490, 10, 1
0 11 62: 1490, 10, 1
0 11 63: 1490, 10, 1
0 12 4: 1490, 10, 1
0 12 5: 1490, 10, 1
0 12 6: 1490, 10, 1
0 12 7: 1490, 10, 1
0 12 8: 1490, 10, 1
0 12 9: 1490, 10, 1
0 12 10: 1490, 10, 1
0 12 11: 1489, 0, 1
0 12 12: 336, 22, 2
0 12 14: 337, 22, 3
0 12 14: 2879, 10, 0
0 12 15: 336, 22, 2
0 12 18: 336, 22, 0
0 12 19: 336, 22, 0
0 12 20: 336, 22, 0
0 12 21: 335, 22, 0
0 12 22: 336, 22, 1
0 12 25: 335, 22, 1
0 12 26: 336, 22, 0
0 12 29: 336, 22, 3
0 12 30: 337, 22, 0
0 12 31: 336, 22, 1
0 12 32: 337, 22, 0
0 12 34: 336, 22, 0
0 12 36: 337, 22, 3
0 12 38: 337, 22, 2
0 12 39: 336, 22, 3
0 12 42: 335, 22, 3
0 12 46: 336, 22, 0
0 12 47: 336, 22, 1
0 12 54: 336, 22, 2
0 12 56: 336, 22, 3
0 12 57: 1489, 9, 2
0 12 58: 1489, 1, 2
0 12 59: 1490, 10, 1
0 12 60: 1490, 10, 1
0 12 61: 1490, 10, 1
0 12 62: 1490, 10, 1
0 12 63: 1490, 10, 1
0 13 4: 1490, 10, 1
0 13 5: 1490, 10, 1
0 13 6: 1490, 10, 1
0 13 7: 1490, 10, 1
0 13 8: 1490, 10, 1
0 13 9: 1490, 10, 1
0 13 10: 1490, 10, 1
0 13 11: 1489, 0, 1
0 13 12: 336, 22, 2
0 13 13: 337, 22, 0
0 13 16: 336, 22, 1
0 13 17: 335, 22, 0
0 13 18: 336, 22, 2
0 13 19: 337, 22, 0
0 13 20: 336, 22, 0
0 13 22: 336, 22, 1
0 13 23: 336, 22, 1
0 13 24: 532, 10, 2
0 13 25: 336, 22, 0
0 13 27: 1489, 9, 3
0 13 28: 1489, 0, 0
0 13 29: 1489, 9, 0
0 13 31: 336, 22, 1
0 13 32: 1489, 9, 3
0 13 33: 1489, 0, 0
0 13 34: 1489, 0, 0
0 13 35: 1489, 0, 0
0 13 36: 1489, 0, 0
0 13 37: 1489, 9, 0
0 13 39: 531, 10, 2
0 13 40: 336, 22, 2
0 13 41: 533, 10, 1
0 13 44: 337, 22, 1
0 13 46: 337, 22, 3
0 13 47: 336, 22, 2
0 13 48: 335, 22, 3
0 13 50: 336, 22, 1
0 13 51: 337, 22, 2
0 13 52: 336, 22, 2
0 13 53: 337, 22, 3
0 13 55: 335, 22, 3
0 13 57: 336, 22, 1
0 13 58: 1489, 0, 3
0 13 59: 1490, 10, 1
0 13 60: 1490, 10, 1
0 13 61: 1490, 10, 1
0 13 62: 1490, 10, 1
0 13 63: 1490, 10, 1
0 14 4: 1490, 10, 1
0 14 5: 1490, 10, 1
0 14 6: 1490, 10, 1
0 14 7: 1490, 10, 1
0 14 8: 1490, 10, 1
0 14 9: 1490, 10, 1
0 14 10: 1490, 10, 1
0 14 11: 1489, 1, 0
0 14 12: 1489, 9, 0
0 14 14: 335, 22, 2
0 14 16: 336, 22, 1
0 14 18: 336, 22, 0
0 14 19: 336, 22, 3
0 14 20: 336, 22, 1
0 14 21: 337, 22, 2
0 14 24: 336, 22, 0
0 14 25: 1489, 9, 3
0 14 26: 1489, 0, 0
0 14 27: 1489, 1, 3
0 14 28: 1490, 10, 1
0 14 29: 1489, 1, 0
0 14 30: 1489, 0, 0
0 14 31: 1489, 0, 0
0 14 32: 1489, 1, 3
0 14 33: 1490, 10, 1
0 14 34: 1490, 10, 1
0 14 35: 1490, 10, 1
0 14 36: 1490, 10, 1
0 14 37: 1489, 1, 0
0 14 38: 1489, 0, 0
0 14 39: 1489, 9, 0
0 14 41: 336, 22, 1
0 14 42: 337, 22, 0
0 14 43: 336, 22, 2
0 14 44: 336, 22, 0
0 14 45: 336, 22, 0
0 14 48: 336, 22, 3
0 14 50: 336, 22, 2
0 14 55: 336, 22, 3
0 14 56: 337, 22, 2
0 14 57: 1489, 9, 3
0 14 58: 1489, 1, 3
0 14 59: 1490, 10, 1
0 14 60: 1490, 10, 1
0 14 61: 1490, 10, 1
0 14 62: 1490, 10, 1
0 14 63: 1490, 10, 1
0 15 4: 1490, 10, 1
0 15 5: 1490, 10, 1
0 15 6: 1490, 10, 1
0 15 7: 1490, 10, 1
0 15 8: 1490, 10, 1
0 15 9: 1490, 10, 1
0 15 10: 1490, 10, 1
0 15 11: 1490, 10, 1
0 15 12: 1489, 0, 1
0 15 14: 336, 22, 0
0 15 15: 336, 22, 0
0 15 17: 336, 22, 0
0 15 19: 335, 22, 3
0 15 20: 336, 22, 2
0 15 21: 525, 10, 2
0 15 23: 335, 22, 1
0 15 24: 336, 22, 3
0 15 25: 1489, 0, 3
0 15 26: 1490, 10, 1
0 15 27: 1490, 10, 1
0 15 28: 1490, 10, 1
0 15 29: 1490, 10, 1
0 15 30: 1490, 10, 1
0 15 31: 1490, 10, 1
0 15 32: 1490, 10, 1
0 15 33: 1490, 10, 1
0 15 34: 1490, 10, 1
0 15 35: 1490, 10, 1
0 15 36: 1490, 10, 1
0 15 37: 1490, 10, 1
0 15 38: 1490, 10, 1
0 15 39: 1489, 0, 1
0 15 41: 337, 22, 3
0 15 43: 336, 22, 1
0 15 44: 337, 22, 2
0 15 46: 336, 22, 3
0 15 47: 337, 22, 0
0 15 48: 336, 22, 0
0 15 49: 337, 22, 1
0 15 51: 531, 10, 2
0 15 52: 336, 22, 0
0 15 53: 337, 22, 1
0 15 55: 336, 22, 0
0 15 57: 1489, 0, 3
0 15 58: 1490, 10, 1
0 15 59: 1490, 10, 1
0 15 60: 1490, 10, 1
0 15 61: 1490, 10, 1
0 15 62: 1490, 10, 1
0 15 63: 1490, 10, 1
0 16 4: 1490, 10, 1
0 16 5: 1490, 10, 1
0 16 6: 1490, 10, 1
0 16 7: 1490, 10, 1
0 16 8: 1490, 10, 1
0 16 9: 1490, 10, 1
0 16 10: 1490, 10, 1
0 16 11: 1490, 10, 1
0 16 12: 1489, 0, 1
0 16 13: 336, 22, 2
0 16 14: 336, 22, 2
0 16 15: 486, 10, 2
0 16 17: 336, 22, 3
0 16 18: 336, 22, 0
0 16 19: 336, 22, 1
0 16 20: 336, 22, 2
0 16 24: 336, 22, 2
0 16 25: 1489, 0, 3
0 16 26: 1490, 10, 1
0 16 27: 1490, 10, 1
0 16 28: 1490, 10, 1
0 16 29: 1490, 10, 1
0 16 30: 1490, 10, 1
0 16 31: 1490, 10, 1
0 16 32: 1490, 10, 1
0 16 33: 1490, 10, 1
0 16 34: 1490, 10, 1
0 16 35: 1490, 10, 1
0 16 36: 1490, 10, 1
0 16 37: 1490, 10, 1
0 16 38: 1490, 10, 1
0 16 39: 1489, 1, 0
0 16 40: 1489, 9, 0
0 16 41: 336, 22, 0
0 16 45: 531, 10, 3
0 16 46: 335, 22, 1
0 16 52: 336, 22, 3
0 16 53: 335, 22, 1
0 16 54: 336, 22, 1
0 16 56: 337, 22, 3
0 16 57: 1489, 0, 3
0 16 58: 1490, 10, 1
0 16 59: 1490, 10, 1
0 16 60: 1490, 10, 1
0 16 61: 1490, 10, 1
0 16 62: 1490, 10, 1
0 16 63: 1490, 10, 1
0 17 4: 1490, 10, 1
0 17 5: 1490, 10, 1
0 17 6: 1490, 10, 1
0 17 7: 1490, 10, 1
0 17 8: 1490, 10, 1
0 17 9: 1490, 10, 1
0 17 10: 1490, 10, 1
0 17 11: 1490, 10, 1
0 17 12: 1489, 1, 0
0 17 13: 1489, 9, 0
0 17 14: 336, 22, 2
0 17 17: 532, 10, 0
0 17 18: 336, 22, 2
0 17 19: 486, 10, 0
0 17 22: 336, 22, 0
0 17 23: 336, 22, 0
0 17 24: 1489, 9, 3
0 17 25: 1489, 1, 3
0 17 26: 1490, 10, 1
0 17 27: 1490, 10, 1
0 17 28: 1490, 10, 1
0 17 29: 1490, 10, 1
0 17 30: 1490, 10, 1
0 17 31: 1490, 10, 1
0 17 32: 1490, 10, 1
0 17 33: 1490, 10, 1
0 17 34: 1490, 10, 1
0 17 35: 1490, 10, 1
0 17 36: 1490, 10, 1
0 17 37: 1490, 10, 1
0 17 38: 1490, 10, 1
0 17 39: 1490, 10, 1
0 17 40: 1489, 0, 1
0 17 42: 336, 22, 3
0 17 43: 336, 22, 2
0 17 45: 337, 22, 1
0 17 51: 337, 22, 1
0 17 55: 336, 22, 1
0 17 57: 1489, 0, 3
0 17 58: 1490, 10, 1
0 17 59: 1490, 10, 1
0 17 60: 1490, 10, 1
0 17 61: 1490, 10, 1
0 17 62: 1490, 10, 1
0 17 63: 1490, 10, 1
0 18 4: 1490, 10, 1
0 18 5: 1490, 10, 1
0 18 6: 1490, 10, 1
0 18 7: 1490, 10, 1
0 18 8: 1490, 10, 1
0 18 9: 1490, 10, 1
0 18 10: 1490, 10, 1
0 18 11: 1490, 10, 1
0 18 12: 1490, 10, 1
0 18 13: 1489, 0, 1
0 18 14: 336, 22, 1
0 18 15: 336, 22, 0
0 18 16: 336, 22, 3
0 18 18: 335, 22, 0
0 18 21: 336, 22, 2
0 18 22: 1489, 9, 3
0 18 23: 1489, 0, 0
0 18 24: 1489, 1, 3
0 18 25: 1490, 10, 1
0 18 26: 1490, 10, 1
0 18 27: 1490, 10, 1
0 18 28: 1490, 10, 1
0 18 29: 1490, 10, 1
0 18 30: 1490, 10, 1
0 18 31: 1490, 10, 1
0 18 32: 1490, 10, 1
0 18 33: 1490, 10, 1
0 18 34: 1490, 10, 1
0 18 35: 1490, 10, 1
0 18 36: 1490, 10, 1
0 18 37: 1490, 10, 1
0 18 38: 1490, 10, 1
0 18 39: 1490, 10, 1
0 18 40: 1489, 0, 1
0 18 42: 337, 22, 0
0 18 43: 335, 22, 0
0 18 44: 336, 22, 3
0 18 46: 336, 22, 2
0 18 48: 335, 22, 0
0 18 50: 336, 22, 3
0 18 51: 532, 10, 3
0 18 53: 525, 10, 0
0 18 57: 1489, 0, 3
0 18 58: 1490, 10, 1
0 18 59: 1490, 10, 1
0 18 60: 1490, 10, 1
0 18 61: 1490, 10, 1
0 18 62: 1490, 10, 1
0 18 63: 1490, 10, 1
0 19 4: 1490, 10, 1
0 19 5: 1490, 10, 1
0 19 6: 1490, 10, 1
0 19 7: 1490, 10, 1
0 19 8: 1490, 10, 1
0 19 9: 1490, 10, 1
0 19 10: 1490, 10, 1
0 19 11: 1490, 10, 1
0 19 12: 1490, 10, 1
0 19 13: 1489, 1, 0
0 19 14: 1489, 9, 0
0 19 16: 337, 22, 1
0 19 17: 337, 22, 3
0 19 21: 1489, 9, 3
0 19 22: 1489, 1, 3
0 19 23: 1490, 10, 1
0 19 24: 1490, 10, 1
0 19 25: 1490, 10, 1
0 19 26: 1490, 10, 1
0 19 27: 1490, 10, 1
0 19 28: 1490, 10, 1
0 19 29: 1490, 10, 1
0 19 30: 1490, 10, 1
0 19 31: 1490, 10, 1
0 19 32: 1490, 10, 1
0 19 33: 1490, 10, 1
0 19 34: 1490, 10, 1
0 19 35: 1490, 10, 1
0 19 36: 1490, 10, 1
0 19 37: 1490, 10, 1
0 19 38: 1490, 10, 1
0 19 39: 1490, 10, 1
0 19 40: 1489, 1, 0
0 19 41: 1489, 9, 0
0 19 45: 532, 10, 1
0 19 46: 336, 22, 1
0 19 47: 336, 22, 1
0 19 51: 336, 22, 3
0 19 55: 337, 22, 0
0 19 56: 1489, 9, 3
0 19 57: 1489, 1, 3
0 19 58: 1490, 10, 1
0 19 59: 1490, 10, 1
0 19 60: 1490, 10, 1
0 19 61: 1490, 10, 1
0 19 62: 1490, 10, 1
0 19 63: 1490, 10, 1
0 20 4: 1490, 10, 1
0 20 5: 1490, 10, 1
0 20 6: 1490, 10, 1
0 20 7: 1490, 10, 1
0 20 8: 1490, 10, 1
0 20 9: 1490, 10, 1
0 20 10: 1490, 10, 1
0 20 11: 1490, 10, 1
0 20 12: 1490, 10, 1
0 20 13: 1490, 10, 1
0 20 14: 1489, 1, 0
0 20 15: 1489, 0, 0
0 20 16: 1489, 9, 0
0 20 18: 336, 22, 1
0 20 19: 1489, 9, 3
0 20 20: 1489, 0, 0
0 20 21: 1489, 1, 3
0 20 22: 1490, 10, 1
0 20 23: 1490, 10, 1
0 20 24: 1490, 10, 1
0 20 25: 1490, 10, 1
0 20 26: 1490, 10, 1
0 20 27: 1490, 10, 1
0 20 28: 1490, 10, 1
0 20 29: 1490, 10, 1
0 20 30: 1490, 10, 1
0 20 31: 1490, 10, 1
0 20 32: 1490, 10, 1
0 20 33: 1490, 10, 1
0 20 34: 1490, 10, 1
0 20 35: 1490, 10, 1
0 20 36: 1490, 10, 1
0 20 37: 1490, 10, 1
0 20 38: 1490, 10, 1
0 20 39: 1490, 10, 1
0 20 40: 1490, 10, 1
0 20 41: 1489, 0, 1
0 20 42: 336, 22, 1
0 20 44: 337, 22, 3
0 20 49: 2874, 10, 0
0 20 52: 336, 22, 2
0 20 53: 337, 22, 1
0 20 56: 1489, 0, 3
0 20 57: 1490, 10, 1
0 20 58: 1490, 10, 1
0 20 59: 1490, 10, 1
0 20 60: 1490, 10, 1
0 20 61: 1490, 10, 1
0 20 62: 1490, 10, 1
0 20 63: 1490, 10, 1
0 21 4: 1490, 10, 1
0 21 5: 1490, 10, 1
0 21 6: 1490, 10, 1
0 21 7: 1490, 10, 1
0 21 8: 1490, 10, 1
0 21 9: 1490, 10, 1
0 21 10: 1490, 10, 1
0 21 11: 1490, 10, 1
0 21 12: 1490, 10, 1
0 21 13: 1490, 10, 1
0 21 14: 1490, 10, 1
0 21 15: 1490, 10, 1
0 21 16: 1489, 1, 0
0 21 17: 1489, 0, 0
0 21 18: 1489, 0, 0
0 21 19: 1489, 1, 3
0 21 20: 1490, 10, 1
0 21 21: 1490, 10, 1
0 21 22: 1490, 10, 1
0 21 23: 1490, 10, 1
0 21 24: 1490, 10, 1
0 21 25: 1490, 10, 1
0 21 26: 1490, 10, 1
0 21 27: 1490, 10, 1
0 21 28: 1490, 10, 1
0 21 29: 1490, 10, 1
0 21 30: 1490, 10, 1
0 21 31: 1490, 10, 1
0 21 32: 1490, 10, 1
0 21 33: 1490, 10, 1
0 21 34: 1490, 10, 1
0 21 35: 1490, 10, 1
0 21 36: 1490, 10, 1
0 21 37: 1490, 10, 1
0 21 38: 1490, 10, 1
0 21 39: 1490, 10, 1
0 21 40: 1490, 10, 1
0 21 41: 1489, 1, 0
0 21 42: 1489, 9, 0
0 21 43: 336, 22, 1
0 21 45: 337, 22, 2
0 21 46: 336, 22, 0
0 21 47: 336, 22, 3
0 21 51: 335, 22, 3
0 21 52: 336, 22, 0
0 21 53: 336, 22, 3
0 21 55: 1489, 9, 3
0 21 56: 1489, 1, 3
0 21 57: 1490, 10, 1
0 21 58: 1490, 10, 1
0 21 59: 1490, 10, 1
0 21 60: 1490, 10, 1
0 21 61: 1490, 10, 1
0 21 62: 1490, 10, 1
0 21 63: 1490, 10, 1
0 22 4: 1490, 10, 1
0 22 5: 1490, 10, 1
0 22 6: 1490, 10, 1
0 22 7: 1490, 10, 1
0 22 8: 1490, 10, 1
0 22 9: 1490, 10, 1
0 22 10: 1490, 10, 1
0 22 11: 1490, 10, 1
0 22 12: 1490, 10, 1
0 22 13: 1490, 10, 1
0 22 14: 1490, 10, 1
0 22 15: 1490, 10, 1
0 22 16: 1490, 10, 1
0 22 17: 1490, 10, 1
0 22 18: 1490, 10, 1
0 22 19: 1490, 10, 1
0 22 20: 1490, 10, 1
0 22 21: 1490, 10, 1
0 22 22: 1490, 10, 1
0 22 23: 1490, 10, 1
0 22 24: 1490, 10, 1
0 22 25: 1490, 10, 1
0 22 26: 1490, 10, 1
0 22 27: 1490, 10, 1
0 22 28: 1490, 10, 1
0 22 29: 1490, 10, 1
0 22 30: 1490, 10, 1
0 22 31: 1490, 10, 1
0 22 32: 1490, 10, 1
0 22 33: 1490, 10, 1
0 22 34: 1490, 10, 1
0 22 35: 1490, 10, 1
0 22 36: 1490, 10, 1
0 22 37: 1490, 10, 1
0 22 38: 1490, 10, 1
0 22 39: 1490, 10, 1
0 22 40: 1490, 10, 1
0 22 41: 1490, 10, 1
0 22 42: 1489, 1, 0
0 22 43: 1489, 9, 0
0 22 44: 336, 22, 2
0 22 45: 336, 22, 3
0 22 46: 336, 22, 2
0 22 47: 335, 22, 3
0 22 48: 336, 22, 2
0 22 51: 336, 22, 2
0 22 53: 1489, 9, 3
0 22 54: 1489, 0, 0
0 22 55: 1489, 1, 3
0 22 56: 1490, 10, 1
0 22 57: 1490, 10, 1
0 22 58: 1490, 10, 1
0 22 59: 1490, 10, 1
0 22 60: 1490, 10, 1
0 22 61: 1490, 10, 1
0 22 62: 1490, 10, 1
0 22 63: 1490, 10, 1
0 23 4: 1490, 10, 1
0 23 5: 1490, 10, 1
0 23 6: 1490, 10, 1
0 23 7: 1490, 10, 1
0 23 8: 1490, 10, 1
0 23 9: 1490, 10, 1
0 23 10: 1490, 10, 1
0 23 11: 1490, 10, 1
0 23 12: 1490, 10, 1
0 23 13: 1490, 10, 1
0 23 14: 1490, 10, 1
0 23 15: 1490, 10, 1
0 23 16: 1490, 10, 1
0 23 17: 1490, 10, 1
0 23 18: 1490, 10, 1
0 23 19: 1490, 10, 1
0 23 20: 1490, 10, 1
0 23 21: 1490, 10, 1
0 23 22: 1490, 10, 1
0 23 23: 1490, 10, 1
0 23 24: 1490, 10, 1
0 23 25: 1490, 10, 1
0 23 26: 1490, 10, 1
0 23 27: 1490, 10, 1
0 23 28: 1490, 10, 1
0 23 29: 1490, 10, 1
0 23 30: 1490, 10, 1
0 23 31: 1490, 10, 1
0 23 32: 1490, 10, 1
0 23 33: 1490, 10, 1
0 23 34: 1490, 10, 1
0 23 35: 1490, 10, 1
0 23 36: 1490, 10, 1
0 23 37: 1490, 10, 1
0 23 38: 1490, 10, 1
0 23 39: 1490, 10, 1
0 23 40: 1490, 10, 1
0 23 41: 1490, 10, 1
0 23 42: 1490, 10, 1
0 23 43: 1489, 1, 0
0 23 44: 1489, 0, 0
0 23 45: 1489, 9, 0
0 23 47: 336, 22, 0
0 23 48: 336, 22, 1
0 23 49: 1489, 9, 3
0 23 50: 1489, 0, 0
0 23 51: 1489, 0, 0
0 23 52: 1489, 0, 0
0 23 53: 1489, 1, 3
0 23 54: 1490, 10, 1
0 23 55: 1490, 10, 1
0 23 56: 1490, 10, 1
0 23 57: 1490, 10, 1
0 23 58: 1490, 10, 1
0 23 59: 1490, 10, 1
0 23 60: 1490, 10, 1
0 23 61: 1490, 10, 1
0 23 62: 1490, 10, 1
0 23 63: 1490, 10, 1
0 24 4: 1490, 10, 1
0 24 5: 1490, 10, 1
0 24 6: 1490, 10, 1
0 24 7: 1490, 10, 1
0 24 8: 1490, 10, 1
0 24 9: 1490, 10, 1
0 24 10: 1490, 10, 1
0 24 11: 1490, 10, 1
0 24 12: 1490, 10, 1
0 24 13: 1490, 10, 1
0 24 14: 1490, 10, 1
0 24 15: 1490, 10, 1
0 24 16: 1490, 10, 1
0 24 17: 1490, 10, 1
0 24 18: 1490, 10, 1
0 24 19: 1490, 10, 1
0 24 20: 1490, 10, 1
0 24 21: 1490, 10, 1
0 24 22: 1490, 10, 1
0 24 23: 1490, 10, 1
0 24 24: 1490, 10, 1
0 24 25: 1490, 10, 1
0 24 26: 1490, 10, 1
0 24 27: 1490, 10, 1
0 24 28: 1490, 10, 1
0 24 29: 1490, 10, 1
0 24 30: 1490, 10, 1
0 24 31: 1490, 10, 1
0 24 32: 1490, 10, 1
0 24 33: 1490, 10, 1
0 24 34: 1490, 10, 1
0 24 35: 1490, 10, 1
0 24 36: 1490, 10, 1
0 24 37: 1490, 10, 1
0 24 38: 1490, 10, 1
0 24 39: 1490, 10, 1
0 24 40: 1490, 10, 1
0 24 41: 1490, 10, 1
0 24 42: 1490, 10, 1
0 24 43: 1490, 10, 1
0 24 44: 1490, 10, 1
0 24 45: 1489, 1, 0
0 24 46: 1489, 0, 0
0 24 47: 1489, 0, 0
0 24 48: 1489, 0, 0
0 24 49: 1489, 1, 3
0 24 50: 1490, 10, 1
0 24 51: 1490, 10, 1
0 24 52: 1490, 10, 1
0 24 53: 1490, 10, 1
0 24 54: 1490, 10, 1
0 24 55: 1490, 10, 1
0 24 56: 1490, 10, 1
0 24 57: 1490, 10, 1
0 24 58: 1490, 10, 1
0 24 59: 1490, 10, 1
0 24 60: 1490, 10, 1
0 24 61: 1490, 10, 1
0 24 62: 1490, 10, 1
0 24 63: 1490, 10, 1
0 25 4: 1490, 10, 1
0 25 5: 1490, 10, 1
0 25 6: 1490, 10, 1
0 25 7: 1490, 10, 1
0 25 8: 1490, 10, 1
0 25 9: 1490, 10, 1
0 25 10: 1490, 10, 1
0 25 11: 1490, 10, 1
0 25 12: 1490, 10, 1
0 25 13: 1490, 10, 1
0 25 14: 1490, 10, 1
0 25 15: 1490, 10, 1
0 25 16: 1490, 10, 1
0 25 17: 1490, 10, 1
0 25 18: 1490, 10, 1
0 25 19: 1490, 10, 1
0 25 20: 1490, 10, 1
0 25 21: 1490, 10, 1
0 25 22: 1490, 10, 1
0 25 23: 1490, 10, 1
0 25 24: 1490, 10, 1
0 25 25: 1490, 10, 1
0 25 26: 1490, 10, 1
0 25 27: 1490, 10, 1
0 25 28: 1490, 10, 1
0 25 29: 1490, 10, 1
0 25 30: 1490, 10, 1
0 25 31: 1490, 10, 1
0 25 32: 1490, 10, 1
0 25 33: 1490, 10, 1
0 25 34: 1490, 10, 1
0 25 35: 1490, 10, 1
0 25 36: 1490, 10, 1
0 25 37: 1490, 10, 1
0 25 38: 1490, 10, 1
0 25 39: 1490, 10, 1
0 25 40: 1490, 10, 1
0 25 41: 1490, 10, 1
0 25 42: 1490, 10, 1
0 25 43: 1490, 10, 1
0 25 44: 1490, 10, 1
0 25 45: 1490, 10, 1
0 25 46: 1490, 10, 1
0 25 47: 1490, 10, 1
0 25 48: 1490, 10, 1
0 25 49: 1490, 10, 1
0 25 50: 1490, 10, 1
0 25 51: 1490, 10, 1
0 25 52: 1490, 10, 1
0 25 53: 1490, 10, 1
0 25 54: 1490, 10, 1
0 25 55: 1490, 10, 1
0 25 56: 1490, 10, 1
0 25 57: 1490, 10, 1
0 25 58: 1490, 10, 1
0 25 59: 1490, 10, 1
0 25 60: 1490, 10, 1
0 25 61: 1490, 10, 1
0 25 62: 1490, 10, 1
0 25 63: 1490, 10, 1
0 26 4: 1490, 10, 1
0 26 5: 1490, 10, 1
0 26 6: 1490, 10, 1
0 26 7: 1490, 10, 1
0 26 8: 1490, 10, 1
0 26 9: 1490, 10, 1
0 26 10: 1490, 10, 1
0 26 11: 1490, 10, 1
0 26 12: 1490, 10, 1
0 26 13: 1490, 10, 1
0 26 14: 1490, 10, 1
0 26 15: 1490, 10, 1
0 26 16: 1490, 10, 1
0 26 17: 1490, 10, 1
0 26 18: 1490, 10, 1
0 26 19: 1490, 10, 1
0 26 20: 1490, 10, 1
0 26 21: 1490, 10, 1
0 26 22: 1490, 10, 1
0 26 23: 1490, 10, 1
0 26 24: 1490, 10, 1
0 26 25: 1490, 10, 1
0 26 26: 1490, 10, 1
0 26 27: 1490, 10, 1
0 26 28: 1490, 10, 1
0 26 29: 1490, 10, 1
0 26 30: 1490, 10, 1
0 26 31: 1490, 10, 1
0 26 32: 1490, 10, 1
0 26 33: 1490, 10, 1
0 26 34: 1490, 10, 1
0 26 35: 1490, 10, 1
0 26 36: 1490, 10, 1
0 26 37: 1490, 10, 1
0 26 38: 1490, 10, 1
0 26 39: 1490, 10, 1
0 26 40: 1490, 10, 1
0 26 41: 1490, 10, 1
0 26 42: 1490, 10, 1
0 26 43: 1490, 10, 1
0 26 44: 1490, 10, 1
0 26 45: 1490, 10, 1
0 26 46: 1490, 10, 1
0 26 47: 1490, 10, 1
0 26 48: 1490, 10, 1
0 26 49: 1490, 10, 1
0 26 50: 1490, 10, 1
0 26 51: 1490, 10, 1
0 26 52: 1490, 10, 1
0 26 53: 1490, 10, 1
0 26 54: 1490, 10, 1
0 26 55: 1490, 10, 1
0 26 56: 1490, 10, 1
0 26 57: 1490, 10, 1
0 26 58: 1490, 10, 1
0 26 59: 1490, 10, 1
0 26 60: 1490, 10, 1
0 26 61: 1490, 10, 1
0 26 62: 1490, 10, 1
0 26 63: 1490, 10, 1
0 27 4: 1490, 10, 1
0 27 5: 1490, 10, 1
0 27 6: 1490, 10, 1
0 27 7: 1490, 10, 1
0 27 8: 1490, 10, 1
0 27 9: 1490, 10, 1
0 27 10: 1490, 10, 1
0 27 11: 1490, 10, 1
0 27 12: 1490, 10, 1
0 27 13: 1490, 10, 1
0 27 14: 1490, 10, 1
0 27 15: 1490, 10, 1
0 27 16: 1490, 10, 1
0 27 17: 1490, 10, 1
0 27 18: 1490, 10, 1
0 27 19: 1490, 10, 1
0 27 20: 1490, 10, 1
0 27 21: 1490, 10, 1
0 27 22: 1490, 10, 1
0 27 23: 1490, 10, 1
0 27 24: 1490, 10, 1
0 27 25: 1490, 10, 1
0 27 26: 1490, 10, 1
0 27 27: 1490, 10, 1
0 27 28: 1490, 10, 1
0 27 29: 1490, 10, 1
0 27 30: 1490, 10, 1
0 27 31: 1490, 10, 1
0 27 32: 1490, 10, 1
0 27 33: 1490, 10, 1
0 27 34: 1490, 10, 1
0 27 35: 1490, 10, 1
0 27 36: 1490, 10, 1
0 27 37: 1490, 10, 1
0 27 38: 1490, 10, 1
0 27 39: 1490, 10, 1
0 27 40: 1490, 10, 1
0 27 41: 1490, 10, 1
0 27 42: 1490, 10, 1
0 27 43: 1490, 10, 1
0 27 44: 1490, 10, 1
0 27 45: 1490, 10, 1
0 27 46: 1490, 10, 1
0 27 47: 1490, 10, 1
0 27 48: 1490, 10, 1
0 27 49: 1490, 10, 1
0 27 50: 1490, 10, 1
0 27 51: 1490, 10, 1
0 27 52: 1490, 10, 1
0 27 53: 1490, 10, 1
0 27 54: 1490, 10, 1
0 27 55: 1490, 10, 1
0 27 56: 1490, 10, 1
0 27 57: 1490, 10, 1
0 27 58: 1490, 10, 1
0 27 59: 1490, 10, 1
0 27 60: 1490, 10, 1
0 27 61: 1490, 10, 1
0 27 62: 1490, 10, 1
0 27 63: 1490, 10, 1
0 28 4: 1490, 10, 1
0 28 5: 1490, 10, 1
0 28 6: 1490, 10, 1
0 28 7: 1490, 10, 1
0 28 8: 1490, 10, 1
0 28 9: 1490, 10, 1
0 28 10: 1490, 10, 1
0 28 11: 1490, 10, 1
0 28 12: 1490, 10, 1
0 28 13: 1490, 10, 1
0 28 14: 1490, 10, 1
0 28 15: 1490, 10, 1
0 28 16: 1490, 10, 1
0 28 17: 1490, 10, 1
0 28 18: 1490, 10, 1
0 28 19: 1490, 10, 1
0 28 20: 1490, 10, 1
0 28 21: 1490, 10, 1
0 28 22: 1490, 10, 1
0 28 23: 1490, 10, 1
0 28 24: 1490, 10, 1
0 28 25: 1490, 10, 1
0 28 26: 1490, 10, 1
0 28 27: 1490, 10, 1
0 28 28: 1490, 10, 1
0 28 29: 1490, 10, 1
0 28 30: 1490, 10, 1
0 28 31: 1490, 10, 1
0 28 32: 1490, 10, 1
0 28 33: 1490, 10, 1
0 28 34: 1490, 10, 2
0 28 35: 1490, 10, 2
0 28 36: 1490, 10, 2
0 28 37: 1490, 10, 2
0 28 38: 1490, 10, 2
0 28 39: 1490, 10, 2
0 28 40: 1490, 10, 2
0 28 41: 1490, 10, 2
0 28 42: 1490, 10, 2
0 28 43: 1490, 10, 2
0 28 44: 1490, 10, 2
0 28 45: 1490, 10, 2
0 28 46: 1490, 10, 2
0 28 47: 1490, 10, 2
0 28 48: 1490, 10, 2
0 28 49: 1490, 10, 2
0 28 50: 1490, 10, 2
0 28 51: 1490, 10, 2
0 28 52: 1490, 10, 2
0 28 53: 1490, 10, 2
0 28 54: 1490, 10, 2
0 28 55: 1490, 10, 2
0 28 56: 1490, 10, 2
0 28 57: 1490, 10, 2
0 28 58: 1490, 10, 2
0 28 59: 1490, 10, 2
0 28 60: 1490, 10, 1
0 28 61: 1490, 10, 1
0 28 62: 1490, 10, 2
0 28 63: 1490, 10, 1
0 29 4: 1490, 10, 1
0 29 5: 1490, 10, 1
0 29 6: 1490, 10, 1
0 29 7: 1490, 10, 1
0 29 8: 1490, 10, 1
0 29 9: 1490, 10, 1
0 29 10: 1490, 10, 1
0 29 11: 1490, 10, 1
0 29 12: 1490, 10, 1
0 29 13: 1490, 10, 1
0 29 14: 1490, 10, 1
0 29 15: 1490, 10, 1
0 29 16: 1490, 10, 1
0 29 17: 1490, 10, 1
0 29 18: 1490, 10, 1
0 29 19: 1490, 10, 1
0 29 20: 1490, 10, 1
0 29 21: 1490, 10, 1
0 29 22: 1490, 10, 1
0 29 23: 1490, 10, 1
0 29 24: 1490, 10, 1
0 29 25: 1490, 10, 1
0 29 26: 1490, 10, 1
0 29 27: 1490, 10, 1
0 29 28: 1490, 10, 1
0 29 29: 1490, 10, 1
0 29 30: 1490, 10, 1
0 29 31: 1490, 10, 1
0 29 32: 1490, 10, 1
0 29 33: 1490, 10, 1
0 29 34: 1490, 10, 2
0 29 35: 1490, 10, 2
0 29 36: 1490, 10, 2
0 29 37: 1490, 10, 2
0 29 38: 1490, 10, 2
0 29 39: 1490, 10, 2
0 29 40: 1490, 10, 2
0 29 41: 1490, 10, 2
0 29 42: 1490, 10, 2
0 29 43: 1490, 10, 2
0 29 44: 1490, 10, 2
0 29 45: 1490, 10, 2
0 29 46: 1490, 10, 2
0 29 47: 1490, 10, 2
0 29 48: 1490, 10, 2
0 29 49: 1490, 10, 2
0 29 50: 1490, 10, 2
0 29 51: 1490, 10, 2
0 29 52: 1490, 10, 2
0 29 53: 1490, 10, 2
0 29 54: 1490, 10, 2
0 29 55: 1490, 10, 2
0 29 56: 1490, 10, 2
0 29 57: 1490, 10, 2
0 29 58: 1490, 10, 2
0 29 59: 1490, 10, 2
0 29 60: 1490, 10, 2
0 29 61: 1490, 10, 2
0 29 62: 1490, 10, 2
0 29 63: 1490, 10, 2
0 30 4: 1490, 10, 1
0 30 5: 1490, 10, 1
0 30 6: 1490, 10, 1
0 30 7: 1490, 10, 1
0 30 8: 1490, 10, 1
0 30 9: 1490, 10, 1
0 30 10: 1490, 10, 1
0 30 11: 1490, 10, 1
0 30 12: 1490, 10, 1
0 30 13: 1490, 10, 1
0 30 14: 1490, 10, 1
0 30 15: 1490, 10, 1
0 30 16: 1490, 10, 1
0 30 17: 1490, 10, 1
0 30 18: 1490, 10, 1
0 30 19: 1490, 10, 1
0 30 20: 1490, 10, 1
0 30 21: 1490, 10, 1
0 30 22: 1490, 10, 1
0 30 23: 1490, 10, 1
0 30 24: 1490, 10, 1
0 30 25: 1490, 10, 1
0 30 26: 1490, 10, 1
0 30 27: 1490, 10, 1
0 30 28: 1490, 10, 1
0 30 29: 1490, 10, 1
0 30 30: 1490, 10, 1
0 30 31: 1490, 10, 1
0 30 32: 1490, 10, 1
0 30 33: 1490, 10, 1
0 30 34: 1490, 10, 2
0 30 35: 1490, 10, 2
0 30 36: 1490, 10, 2
0 30 37: 1490, 10, 2
0 30 38: 1490, 10, 2
0 30 39: 1490, 10, 2
0 30 40: 1490, 10, 2
0 30 41: 1490, 10, 2
0 30 42: 1490, 10, 2
0 30 43: 1490, 10, 2
0 30 44: 1490, 10, 2
0 30 45: 1490, 10, 2
0 30 46: 1490, 10, 2
0 30 47: 1490, 10, 2
0 30 48: 1490, 10, 2
0 30 49: 1490, 10, 2
0 30 50: 1490, 10, 2
0 30 51: 1490, 10, 2
0 30 52: 1490, 10, 2
0 30 53: 1490, 10, 2
0 30 54: 1490, 10, 2
0 30 55: 1490, 10, 2
0 30 56: 1490, 10, 2
0 30 57: 1490, 10, 2
0 30 58: 1490, 10, 2
0 30 59: 1490, 10, 2
0 30 60: 1490, 10, 2
0 30 61: 1490, 10, 2
0 30 62: 1490, 10, 2
0 30 63: 1490, 10, 2
0 31 4: 1490, 10, 1
0 31 5: 1490, 10, 1
0 31 6: 1490, 10, 1
0 31 7: 1490, 10, 1
0 31 8: 1490, 10, 1
0 31 9: 1490, 10, 1
0 31 10: 1490, 10, 1
0 31 11: 1490, 10, 1
0 31 12: 1490, 10, 1
0 31 13: 1490, 10, 1
0 31 14: 1490, 10, 1
0 31 15: 1490, 10, 1
0 31 16: 1490, 10, 1
0 31 17: 1490, 10, 1
0 31 18: 1490, 10, 1
0 31 19: 1490, 10, 1
0 31 20: 1490, 10, 1
0 31 21: 1490, 10, 1
0 31 22: 1490, 10, 1
0 31 23: 1490, 10, 1
0 31 24: 1490, 10, 1
0 31 25: 1490, 10, 1
0 31 26: 1490, 10, 1
0 31 27: 1490, 10, 1
0 31 28: 1490, 10, 1
0 31 29: 1490, 10, 1
0 31 30: 1490, 10, 1
0 31 31: 1490, 10, 1
0 31 32: 1490, 10, 1
0 31 33: 1490, 10, 1
0 31 34: 1490, 10, 2
0 31 35: 1490, 10, 2
0 31 36: 1490, 10, 2
0 31 37: 1490, 10, 2
0 31 38: 1490, 10, 2
0 31 39: 1490, 10, 2
0 31 40: 1490, 10, 2
0 31 41: 1490, 10, 2
0 31 42: 1490, 10, 2
0 31 43: 1490, 10, 2
0 31 44: 1490, 10, 2
0 31 45: 1490, 10, 2
0 31 46: 1490, 10, 2
0 31 47: 1490, 10, 2
0 31 48: 1490, 10, 2
0 31 49: 1490, 10, 2
0 31 50: 1490, 10, 2
0 31 51: 1490, 10, 2
0 31 52: 1490, 10, 2
0 31 53: 1490, 10, 2
0 31 54: 1490, 10, 2
0 31 55: 1490, 10, 2
0 31 56: 1490, 10, 2
0 31 57: 1490, 10, 2
0 31 58: 1490, 10, 2
0 31 59: 1490, 10, 2
0 31 60: 1490, 10, 2
0 31 61: 1490, 10, 2
0 31 62: 1490, 10, 2
0 31 63: 1490, 10, 2
0 32 4: 1490, 10, 1
0 32 5: 1490, 10, 1
0 32 6: 1490, 10, 1
0 32 7: 1490, 10, 1
0 32 8: 1490, 10, 1
0 32 9: 1490, 10, 1
0 32 10: 1490, 10, 1
0 32 11: 1490, 10, 1
0 32 12: 1490, 10, 1
0 32 13: 1490, 10, 1
0 32 14: 1490, 10, 1
0 32 15: 1490, 10, 1
0 32 16: 1490, 10, 1
0 32 17: 1490, 10, 1
0 32 18: 1490, 10, 1
0 32 19: 1490, 10, 1
0 32 20: 1490, 10, 1
0 32 21: 1490, 10, 1
0 32 22: 1490, 10, 1
0 32 23: 1490, 10, 1
0 32 24: 1490, 10, 1
0 32 25: 1490, 10, 1
0 32 26: 1490, 10, 1
0 32 27: 1490, 10, 1
0 32 28: 1490, 10, 1
0 32 29: 1490, 10, 1
0 32 30: 1490, 10, 1
0 32 31: 1490, 10, 1
0 32 32: 1490, 10, 1
0 32 33: 1490, 10, 1
0 32 34: 1490, 10, 2
0 32 35: 1490, 10, 2
0 32 36: 1490, 10, 2
0 32 37: 1490, 10, 2
0 32 38: 1490, 10, 2
0 32 39: 1490, 10, 2
0 32 40: 1489, 1, 1
0 32 41: 1489, 0, 2
0 32 42: 1489, 0, 2
0 32 43: 1489, 0, 2
0 32 44: 1489, 1, 2
0 32 45: 1490, 10, 2
0 32 46: 1490, 10, 2
0 32 47: 1490, 10, 2
0 32 48: 1490, 10, 2
0 32 49: 1490, 10, 2
0 32 50: 1490, 10, 2
0 32 51: 1490, 10, 2
0 32 52: 1490, 10, 1
0 32 53: 1490, 10, 1
0 32 54: 1490, 10, 1
0 32 55: 1490, 10, 1
0 32 56: 1490, 10, 1
0 32 57: 1490, 10, 2
0 32 58: 1490, 10, 2
0 32 59: 1490, 10, 2
0 32 60: 1490, 10, 2
0 32 61: 1490, 10, 2
0 32 62: 1490, 10, 2
0 32 63: 1490, 10, 2
0 33 26: 1490, 10, 1
0 33 27: 1490, 10, 1
0 33 28: 1490, 10, 1
0 33 29: 1490, 10, 1
0 33 30: 1490, 10, 1
0 33 31: 1490, 10, 1
0 33 32: 1490, 10, 1
0 33 33: 1490, 10, 1
0 33 34: 1490, 10, 2
0 33 35: 1490, 10, 2
0 33 36: 1490, 10, 2
0 33 37: 1490, 10, 2
0 33 38: 1490, 10, 2
0 33 39: 1489, 1, 1
0 33 40: 1489, 9, 1
0 33 42: 337, 22, 1
0 33 44: 1489, 9, 2
0 33 45: 1489, 0, 2
0 33 46: 1489, 1, 2
0 33 47: 1490, 10, 2
0 33 48: 1490, 10, 2
0 33 49: 1490, 10, 2
0 33 50: 1490, 10, 2
0 33 51: 1490, 10, 1
0 33 52: 1490, 10, 1
0 33 53: 1490, 10, 1
0 33 54: 1490, 10, 1
0 33 55: 1490, 10, 1
0 33 56: 1490, 10, 1
0 33 57: 1490, 10, 1
0 33 58: 1490, 10, 1
0 33 59: 1490, 10, 2
0 33 60: 1490, 10, 2
0 33 61: 1490, 10, 2
0 33 62: 1490, 10, 2
0 33 63: 1490, 10, 2
0 34 26: 1490, 10, 1
0 34 27: 1490, 10, 1
0 34 28: 1490, 10, 1
0 34 29: 1490, 10, 1
0 34 30: 1490, 10, 1
0 34 31: 1490, 10, 1
0 34 32: 1490, 10, 1
0 34 33: 1490, 10, 1
0 34 34: 1490, 10, 2
0 34 35: 1490, 10, 2
0 34 36: 1490, 10, 2
0 34 37: 1490, 10, 2
0 34 38: 1489, 1, 1
0 34 39: 1489, 9, 1
0 34 41: 336, 22, 0
0 34 43: 336, 22, 1
0 34 44: 335, 22, 3
0 34 46: 1489, 9, 2
0 34 47: 1489, 0, 2
0 34 48: 1489, 1, 2
0 34 49: 1489, 1, 1
0 34 50: 1489, 0, 2
0 34 51: 1489, 0, 2
0 34 52: 1489, 1, 2
0 34 53: 1490, 10, 1
0 34 54: 1490, 10, 1
0 34 55: 1490, 10, 1
0 34 56: 1490, 10, 1
0 34 57: 1490, 10, 1
0 34 58: 1490, 10, 1
0 34 59: 1490, 10, 2
0 34 60: 1490, 10, 2
0 34 61: 1490, 10, 2
0 34 62: 1490, 10, 2
0 34 63: 1490, 10, 2
0 35 26: 1490, 10, 1
0 35 27: 1490, 10, 1
0 35 28: 1490, 10, 1
0 35 29: 1490, 10, 1
0 35 30: 1490, 10, 1
0 35 31: 1490, 10, 1
0 35 32: 1490, 10, 1
0 35 33: 1490, 10, 1
0 35 34: 1490, 10, 2
0 35 35: 1490, 10, 2
0 35 36: 1490, 10, 2
0 35 37: 1490, 10, 2
0 35 38: 1489, 0, 1
0 35 39: 336, 22, 3
0 35 40: 336, 22, 3
0 35 41: 524, 10, 1
0 35 43: 336, 22, 2
0 35 45: 336, 22, 1
0 35 46: 336, 22, 0
0 35 47: 336, 22, 1
0 35 48: 1489, 9, 2
0 35 49: 1489, 9, 1
0 35 51: 336, 22, 3
0 35 52: 1489, 0, 3
0 35 53: 1490, 10, 1
0 35 54: 1490, 10, 1
0 35 55: 1490, 10, 1
0 35 56: 1490, 10, 1
0 35 57: 1490, 10, 1
0 35 58: 1490, 10, 1
0 35 59: 1490, 10, 1
0 35 60: 1490, 10, 2
0 35 61: 1490, 10, 2
0 35 62: 1490, 10, 2
0 35 63: 1490, 10, 2
0 36 26: 1490, 10, 1
0 36 27: 1490, 10, 1
0 36 28: 1490, 10, 1
0 36 29: 1490, 10, 1
0 36 30: 1490, 10, 1
0 36 31: 1490, 10, 1
0 36 32: 1490, 10, 1
0 36 33: 1490, 10, 1
0 36 34: 1490, 10, 2
0 36 35: 1490, 10, 2
0 36 36: 1490, 10, 2
0 36 37: 1490, 10, 2
0 36 38: 1489, 0, 1
0 36 40: 335, 22, 2
0 36 43: 531, 10, 0
0 36 45: 336, 22, 2
0 36 46: 335, 22, 0
0 36 48: 337, 22, 3
0 36 49: 336, 22, 1
0 36 50: 337, 22, 0
0 36 51: 1489, 9, 3
0 36 52: 1489, 1, 3
0 36 53: 1490, 10, 1
0 36 54: 1490, 10, 1
0 36 55: 1490, 10, 1
0 36 56: 1490, 10, 1
0 36 57: 1490, 10, 1
0 36 58: 1490, 10, 1
0 36 59: 1490, 10, 1
0 36 60: 1490, 10, 1
0 36 61: 1490, 10, 2
0 36 62: 1490, 10, 2
0 36 63: 1490, 10, 2
0 37 26: 1490, 10, 1
0 37 27: 1490, 10, 1
0 37 28: 1490, 10, 1
0 37 29: 1490, 10, 1
0 37 30: 1490, 10, 1
0 37 31: 1490, 10, 1
0 37 32: 1490, 10, 1
0 37 33: 1490, 10, 1
0 37 34: 1490, 10, 2
0 37 35: 1490, 10, 2
0 37 36: 1490, 10, 2
0 37 37: 1490, 10, 2
0 37 38: 1489, 0, 1
0 37 39: 336, 22, 2
0 37 41: 336, 22, 0
0 37 42: 336, 22, 0
0 37 47: 2877, 10, 3
0 37 48: 366, 10, 0
0 37 49: 336, 22, 3
0 37 50: 336, 22, 2
0 37 51: 1489, 0, 3
0 37 52: 1490, 10, 1
0 37 53: 1490, 10, 1
0 37 54: 1490, 10, 1
0 37 55: 1490, 10, 1
0 37 56: 1490, 10, 1
0 37 57: 1490, 10, 1
0 37 58: 1490, 10, 1
0 37 59: 1490, 10, 1
0 37 60: 1490, 10, 1
0 37 61: 1490, 10, 2
0 37 62: 1490, 10, 2
0 37 63: 1490, 10, 2
0 38 26: 1490, 10, 1
0 38 27: 1490, 10, 1
0 38 28: 1490, 10, 1
0 38 29: 1490, 10, 1
0 38 30: 1490, 10, 1
0 38 31: 1490, 10, 1
0 38 32: 1490, 10, 1
0 38 33: 1490, 10, 1
0 38 34: 1490, 10, 2
0 38 35: 1490, 10, 2
0 38 36: 1490, 10, 2
0 38 37: 1490, 10, 2
0 38 38: 1489, 0, 1
0 38 40: 336, 22, 2
0 38 41: 337, 22, 3
0 38 43: 336, 22, 0
0 38 44: 335, 22, 1
0 38 45: 362, 10, 3
0 38 46: 336, 22, 2
0 38 46: 718, 10, 3
0 38 48: 355, 10, 0
0 38 49: 336, 22, 0
0 38 50: 1489, 9, 3
0 38 51: 1489, 1, 3
0 38 52: 1490, 10, 1
0 38 53: 1490, 10, 1
0 38 54: 1490, 10, 1
0 38 55: 1490, 10, 1
0 38 56: 1490, 10, 1
0 38 57: 1490, 10, 1
0 38 58: 1490, 10, 1
0 38 59: 1490, 10, 1
0 38 60: 1490, 10, 1
0 38 61: 1490, 10, 1
0 38 62: 1490, 10, 2
0 38 63: 1490, 10, 2
0 39 26: 1490, 10, 1
0 39 27: 1490, 10, 1
0 39 28: 1490, 10, 1
0 39 29: 1490, 10, 1
0 39 30: 1490, 10, 1
0 39 31: 1490, 10, 1
0 39 32: 1490, 10, 1
0 39 33: 1490, 10, 1
0 39 34: 1490, 10, 2
0 39 35: 1490, 10, 2
0 39 36: 1490, 10, 2
0 39 37: 1490, 10, 2
0 39 38: 1489, 1, 0
0 39 39: 1489, 9, 0
0 39 40: 336, 22, 3
0 39 42: 532, 10, 2
0 39 45: 531, 10, 2
0 39 47: 335, 22, 1
0 39 48: 354, 10, 0
0 39 49: 336, 22, 3
0 39 49: 362, 10, 0
0 39 50: 1489, 0, 3
0 39 51: 1490, 10, 1
0 39 52: 1490, 10, 1
0 39 53: 1490, 10, 1
0 39 54: 1490, 10, 1
0 39 55: 1490, 10, 1
0 39 56: 1490, 10, 1
0 39 57: 1490, 10, 1
0 39 58: 1490, 10, 1
0 39 59: 1490, 10, 1
0 39 60: 1490, 10, 1
0 39 61: 1490, 10, 1
0 39 62: 1490, 10, 2
0 39 63: 1490, 10, 2
0 40 26: 1490, 10, 1
0 40 27: 1490, 10, 1
0 40 28: 1490, 10, 1
0 40 29: 1490, 10, 1
0 40 30: 1490, 10, 1
0 40 31: 1490, 10, 1
0 40 32: 1490, 10, 1
0 40 33: 1490, 10, 1
0 40 34: 1490, 10, 2
0 40 35: 1490, 10, 2
0 40 36: 1490, 10, 2
0 40 37: 1490, 10, 2
0 40 38: 1489, 1, 1
0 40 39: 1489, 9, 1
0 40 41: 336, 22, 3
0 40 42: 335, 22, 0
0 40 43: 336, 22, 0
0 40 45: 336, 22, 3
0 40 46: 2876, 10, 3
0 40 48: 362, 10, 2
0 40 49: 336, 22, 3
0 40 50: 1489, 0, 3
0 40 51: 1490, 10, 1
0 40 52: 1490, 10, 1
0 40 53: 1490, 10, 1
0 40 54: 1490, 10, 1
0 40 55: 1490, 10, 1
0 40 56: 1490, 10, 1
0 40 57: 1490, 10, 1
0 40 58: 1490, 10, 1
0 40 59: 1490, 10, 1
0 40 60: 1490, 10, 1
0 40 61: 1490, 10, 1
0 40 62: 1490, 10, 2
0 40 63: 1490, 10, 2
0 41 26: 1490, 10, 1
0 41 27: 1490, 10, 1
0 41 28: 1490, 10, 1
0 41 29: 1490, 10, 1
0 41 30: 1490, 10, 1
0 41 31: 1490, 10, 1
0 41 32: 1490, 10, 1
0 41 33: 1490, 10, 1
0 41 34: 1490, 10, 2
0 41 35: 1490, 10, 2
0 41 36: 1490, 10, 2
0 41 37: 1490, 10, 2
0 41 38: 1489, 1, 0
0 41 39: 1489, 9, 0
0 41 40: 336, 22, 0
0 41 41: 336, 22, 2
0 41 43: 336, 22, 0
0 41 44: 337, 22, 1
0 41 45: 336, 22, 2
0 41 48: 335, 22, 3
0 41 48: 362, 10, 2
0 41 50: 1489, 0, 3
0 41 51: 1490, 10, 1
0 41 52: 1490, 10, 1
0 41 53: 1490, 10, 1
0 41 54: 1490, 10, 1
0 41 55: 1490, 10, 1
0 41 56: 1490, 10, 1
0 41 57: 1490, 10, 1
0 41 58: 1490, 10, 1
0 41 59: 1490, 10, 1
0 41 60: 1490, 10, 1
0 41 61: 1490, 10, 1
0 41 62: 1490, 10, 2
0 41 63: 1490, 10, 2
0 42 26: 1490, 10, 1
0 42 27: 1490, 10, 1
0 42 28: 1490, 10, 1
0 42 29: 1490, 10, 1
0 42 30: 1490, 10, 1
0 42 31: 1490, 10, 1
0 42 32: 1490, 10, 1
0 42 33: 1490, 10, 1
0 42 34: 1490, 10, 2
0 42 35: 1490, 10, 2
0 42 36: 1490, 10, 2
0 42 37: 1490, 10, 2
0 42 38: 1490, 10, 2
0 42 39: 1489, 0, 1
0 42 41: 532, 10, 0
0 42 42: 336, 22, 1
0 42 43: 335, 22, 2
0 42 46: 335, 22, 3
0 42 47: 336, 22, 2
0 42 49: 336, 22, 0
0 42 50: 1489, 9, 2
0 42 51: 1489, 1, 2
0 42 52: 1490, 10, 1
0 42 53: 1490, 10, 1
0 42 54: 1490, 10, 1
0 42 55: 1490, 10, 1
0 42 56: 1490, 10, 1
0 42 57: 1490, 10, 1
0 42 58: 1490, 10, 1
0 42 59: 1490, 10, 1
0 42 60: 1490, 10, 1
0 42 61: 1490, 10, 2
0 42 62: 1490, 10, 2
0 42 63: 1490, 10, 2
0 43 26: 1490, 10, 1
0 43 27: 1490, 10, 1
0 43 28: 1490, 10, 1
0 43 29: 1490, 10, 1
0 43 30: 1490, 10, 1
0 43 31: 1490, 10, 1
0 43 32: 1490, 10, 1
0 43 33: 1490, 10, 1
0 43 34: 1490, 10, 2
0 43 35: 1490, 10, 2
0 43 36: 1490, 10, 2
0 43 37: 1490, 10, 2
0 43 38: 1490, 10, 2
0 43 39: 1489, 0, 1
0 43 41: 336, 22, 1
0 43 44: 336, 22, 1
0 43 44: 531, 10, 1
0 43 45: 336, 22, 0
0 43 48: 336, 22, 1
0 43 48: 532, 10, 1
0 43 49: 336, 22, 1
0 43 50: 336, 22, 2
0 43 51: 1489, 0, 3
0 43 52: 1490, 10, 1
0 43 53: 1490, 10, 1
0 43 54: 1490, 10, 1
0 43 55: 1490, 10, 1
0 43 56: 1490, 10, 1
0 43 57: 1490, 10, 1
0 43 58: 1490, 10, 1
0 43 59: 1490, 10, 1
0 43 60: 1490, 10, 1
0 43 61: 1490, 10, 2
0 43 62: 1490, 10, 2
0 43 63: 1490, 10, 2
0 44 26: 1490, 10, 1
0 44 27: 1490, 10, 1
0 44 28: 1490, 10, 1
0 44 29: 1490, 10, 1
0 44 30: 1490, 10, 1
0 44 31: 1490, 10, 1
0 44 32: 1490, 10, 1
0 44 33: 1490, 10, 1
0 44 34: 1490, 10, 2
0 44 35: 1490, 10, 2
0 44 36: 1490, 10, 2
0 44 37: 1490, 10, 2
0 44 38: 1490, 10, 2
0 44 39: 1489, 0, 1
0 44 40: 336, 22, 1
0 44 41: 335, 22, 1
0 44 42: 336, 22, 2
0 44 44: 337, 22, 1
0 44 46: 336, 22, 3
0 44 47: 335, 22, 0
0 44 49: 337, 22, 2
0 44 50: 336, 22, 0
0 44 51: 1489, 0, 3
0 44 52: 1490, 10, 1
0 44 53: 1490, 10, 1
0 44 54: 1490, 10, 1
0 44 55: 1490, 10, 1
0 44 56: 1490, 10, 1
0 44 57: 1490, 10, 1
0 44 58: 1490, 10, 1
0 44 59: 1490, 10, 1
0 44 60: 1490, 10, 1
0 44 61: 1490, 10, 2
0 44 62: 1490, 10, 2
0 44 63: 1490, 10, 2
0 45 26: 1490, 10, 1
0 45 27: 1490, 10, 1
0 45 28: 1490, 10, 1
0 45 29: 1490, 10, 1
0 45 30: 1490, 10, 1
0 45 31: 1490, 10, 1
0 45 32: 1490, 10, 1
0 45 33: 1490, 10, 1
0 45 34: 1490, 10, 2
0 45 35: 1490, 10, 2
0 45 36: 1490, 10, 2
0 45 37: 1490, 10, 2
0 45 38: 1489, 1, 1
0 45 39: 1489, 9, 1
0 45 40: 336, 22, 2
0 45 42: 335, 22, 3
0 45 43: 336, 22, 3
0 45 44: 336, 22, 3
0 45 45: 336, 22, 0
0 45 47: 336, 22, 2
0 45 47: 2878, 10, 0
0 45 49: 336, 22, 3
0 45 50: 336, 22, 0
0 45 51: 1489, 0, 3
0 45 52: 1490, 10, 1
0 45 53: 1490, 10, 1
0 45 54: 1490, 10, 1
0 45 55: 1490, 10, 1
0 45 56: 1490, 10, 1
0 45 57: 1490, 10, 1
0 45 58: 1490, 10, 1
0 45 59: 1490, 10, 1
0 45 60: 1490, 10, 1
0 45 61: 1490, 10, 2
0 45 62: 1490, 10, 2
0 45 63: 1490, 10, 2
0 46 26: 1490, 10, 1
0 46 27: 1490, 10, 1
0 46 28: 1490, 10, 1
0 46 29: 1490, 10, 1
0 46 30: 1490, 10, 1
0 46 31: 1490, 10, 1
0 46 32: 1490, 10, 1
0 46 33: 1490, 10, 1
0 46 34: 1490, 10, 2
0 46 35: 1490, 10, 2
0 46 36: 1490, 10, 2
0 46 37: 1490, 10, 2
0 46 38: 1489, 0, 1
0 46 40: 336, 22, 3
0 46 41: 2872, 10, 1
0 46 45: 335, 22, 2
0 46 46: 336, 22, 2
0 46 50: 336, 22, 3
0 46 51: 1489, 0, 3
0 46 52: 1490, 10, 1
0 46 53: 1490, 10, 1
0 46 54: 1490, 10, 1
0 46 55: 1490, 10, 1
0 46 56: 1490, 10, 1
0 46 57: 1490, 10, 1
0 46 58: 1490, 10, 1
0 46 59: 1490, 10, 1
0 46 60: 1490, 10, 1
0 46 61: 1490, 10, 2
0 46 62: 1490, 10, 2
0 46 63: 1490, 10, 2
0 47 26: 1490, 10, 1
0 47 27: 1490, 10, 1
0 47 28: 1490, 10, 1
0 47 29: 1490, 10, 1
0 47 30: 1490, 10, 1
0 47 31: 1490, 10, 1
0 47 32: 1490, 10, 1
0 47 33: 1490, 10, 1
0 47 34: 1490, 10, 2
0 47 35: 1490, 10, 2
0 47 36: 1490, 10, 2
0 47 37: 1490, 10, 2
0 47 38: 1489, 0, 1
0 47 39: 336, 22, 0
0 47 40: 532, 10, 0
0 47 41: 337, 22, 2
0 47 42: 336, 22, 1
0 47 43: 486, 10, 3
0 47 45: 336, 22, 1
0 47 46: 336, 22, 1
0 47 47: 336, 22, 0
0 47 51: 1489, 0, 3
0 47 52: 1490, 10, 1
0 47 53: 1490, 10, 1
0 47 54: 1490, 10, 1
0 47 55: 1490, 10, 1
0 47 56: 1490, 10, 1
0 47 57: 1490, 10, 1
0 47 58: 1490, 10, 1
0 47 59: 1490, 10, 1
0 47 60: 1490, 10, 1
0 47 61: 1490, 10, 2
0 47 62: 1490, 10, 2
0 47 63: 1490, 10, 2
0 48 26: 1490, 10, 1
0 48 27: 1490, 10, 1
0 48 28: 1490, 10, 1
0 48 29: 1490, 10, 1
0 48 30: 1490, 10, 1
0 48 31: 1490, 10, 1
0 48 32: 1490, 10, 1
0 48 33: 1490, 10, 1
0 48 34: 1490, 10, 2
0 48 35: 1490, 10, 2
0 48 36: 1490, 10, 2
0 48 37: 1490, 10, 2
0 48 38: 1489, 0, 1
0 48 40: 336, 22, 1
0 48 41: 531, 10, 0
0 48 45: 336, 22, 3
0 48 46: 337, 22, 0
0 48 48: 335, 22, 2
0 48 50: 336, 22, 2
0 48 51: 1489, 9, 2
0 48 52: 1489, 1, 2
0 48 53: 1490, 10, 1
0 48 54: 1490, 10, 1
0 48 55: 1490, 10, 1
0 48 56: 1490, 10, 1
0 48 57: 1490, 10, 1
0 48 58: 1490, 10, 1
0 48 59: 1490, 10, 1
0 48 60: 1490, 10, 1
0 48 61: 1490, 10, 2
0 48 62: 1490, 10, 2
0 48 63: 1490, 10, 2
0 49 26: 1490, 10, 1
0 49 27: 1490, 10, 1
0 49 28: 1490, 10, 1
0 49 29: 1490, 10, 1
0 49 30: 1490, 10, 1
0 49 31: 1490, 10, 1
0 49 32: 1490, 10, 1
0 49 33: 1490, 10, 1
0 49 34: 1490, 10, 2
0 49 35: 1490, 10, 2
0 49 36: 1490, 10, 2
0 49 37: 1489, 1, 1
0 49 38: 1489, 9, 1
0 49 41: 335, 22, 0
0 49 43: 336, 22, 2
0 49 46: 532, 10, 2
0 49 47: 486, 10, 2
0 49 49: 531, 10, 3
0 49 50: 336, 22, 1
0 49 51: 1489, 9, 3
0 49 52: 1489, 1, 3
0 49 53: 1490, 10, 1
0 49 54: 1490, 10, 1
0 49 55: 1490, 10, 1
0 49 56: 1490, 10, 1
0 49 57: 1490, 10, 1
0 49 58: 1490, 10, 1
0 49 59: 1490, 10, 1
0 49 60: 1490, 10, 1
0 49 61: 1490, 10, 1
0 49 62: 1490, 10, 2
0 49 63: 1490, 10, 2
0 50 26: 1490, 10, 1
0 50 27: 1490, 10, 1
0 50 28: 1490, 10, 1
0 50 29: 1490, 10, 1
0 50 30: 1490, 10, 1
0 50 31: 1490, 10, 1
0 50 32: 1490, 10, 1
0 50 33: 1490, 10, 1
0 50 34: 1490, 10, 2
0 50 35: 1490, 10, 2
0 50 36: 1490, 10, 2
0 50 37: 1489, 1, 0
0 50 38: 1489, 9, 0
0 50 39: 335, 22, 3
0 50 42: 337, 22, 3
0 50 43: 1489, 9, 3
0 50 44: 1489, 0, 0
0 50 45: 1489, 9, 0
0 50 49: 336, 22, 0
0 50 50: 337, 22, 3
0 50 51: 1489, 0, 3
0 50 52: 1490, 10, 1
0 50 53: 1490, 10, 1
0 50 54: 1490, 10, 1
0 50 55: 1490, 10, 1
0 50 56: 1490, 10, 1
0 50 57: 1490, 10, 1
0 50 58: 1490, 10, 1
0 50 59: 1490, 10, 1
0 50 60: 1490, 10, 1
0 50 61: 1490, 10, 1
0 50 62: 1490, 10, 2
0 50 63: 1490, 10, 2
0 51 26: 1490, 10, 1
0 51 27: 1490, 10, 1
0 51 28: 1490, 10, 1
0 51 29: 1490, 10, 1
0 51 30: 1490, 10, 1
0 51 31: 1490, 10, 1
0 51 32: 1490, 10, 1
0 51 33: 1490, 10, 1
0 51 34: 1490, 10, 2
0 51 35: 1490, 10, 2
0 51 36: 1490, 10, 2
0 51 37: 1490, 10, 1
0 51 38: 1489, 1, 0
0 51 39: 1489, 0, 0
0 51 40: 1489, 0, 0
0 51 41: 1489, 0, 0
0 51 42: 1489, 0, 0
0 51 43: 1489, 1, 3
0 51 44: 1490, 10, 1
0 51 45: 1489, 1, 0
0 51 46: 1489, 0, 0
0 51 47: 1489, 9, 0
0 51 48: 336, 22, 3
0 51 49: 336, 22, 0
0 51 50: 1489, 9, 3
0 51 51: 1489, 1, 3
0 51 52: 1490, 10, 1
0 51 53: 1490, 10, 1
0 51 54: 1490, 10, 1
0 51 55: 1490, 10, 1
0 51 56: 1490, 10, 1
0 51 57: 1490, 10, 1
0 51 58: 1490, 10, 1
0 51 59: 1490, 10, 1
0 51 60: 1490, 10, 1
0 51 61: 1490, 10, 1
0 51 62: 1490, 10, 2
0 51 63: 1490, 10, 2
0 52 26: 1490, 10, 1
0 52 27: 1490, 10, 1
0 52 28: 1490, 10, 1
0 52 29: 1490, 10, 1
0 52 30: 1490, 10, 1
0 52 31: 1490, 10, 1
0 52 32: 1490, 10, 1
0 52 33: 1490, 10, 1
0 52 34: 1490, 10, 2
0 52 35: 1490, 10, 2
0 52 36: 1490, 10, 1
0 52 37: 1490, 10, 1
0 52 38: 1490, 10, 1
0 52 39: 1490, 10, 1
0 52 40: 1490, 10, 1
0 52 41: 1490, 10, 1
0 52 42: 1490, 10, 1
0 52 43: 1490, 10, 1
0 52 44: 1490, 10, 1
0 52 45: 1490, 10, 1
0 52 46: 1490, 10, 1
0 52 47: 1489, 1, 0
0 52 48: 1489, 0, 0
0 52 49: 1489, 0, 0
0 52 50: 1489, 1, 3
0 52 51: 1490, 10, 1
0 52 52: 1490, 10, 1
0 52 53: 1490, 10, 1
0 52 54: 1490, 10, 1
0 52 55: 1490, 10, 1
0 52 56: 1490, 10, 1
0 52 57: 1490, 10, 1
0 52 58: 1490, 10, 1
0 52 59: 1490, 10, 1
0 52 60: 1490, 10, 1
0 52 61: 1490, 10, 1
0 52 62: 1490, 10, 1
0 52 63: 1490, 10, 1
0 53 26: 1490, 10, 1
0 53 27: 1490, 10, 1
0 53 28: 1490, 10, 1
0 53 29: 1490, 10, 1
0 53 30: 1490, 10, 1
0 53 31: 1490, 10, 1
0 53 32: 1490, 10, 1
0 53 33: 1490, 10, 1
0 53 34: 1490, 10, 2
0 53 35: 1490, 10, 2
0 53 36: 1490, 10, 2
0 53 37: 1490, 10, 2
0 53 38: 1490, 10, 1
0 53 39: 1490, 10, 1
0 53 40: 1490, 10, 1
0 53 41: 1490, 10, 1
0 53 42: 1490, 10, 1
0 53 43: 1490, 10, 1
0 53 44: 1490, 10, 1
0 53 45: 1490, 10, 1
0 53 46: 1490, 10, 1
0 53 47: 1490, 10, 1
0 53 48: 1490, 10, 1
0 53 49: 1490, 10, 1
0 53 50: 1490, 10, 1
0 53 51: 1490, 10, 1
0 53 52: 1490, 10, 1
0 53 53: 1490, 10, 1
0 53 54: 1490, 10, 1
0 53 55: 1490, 10, 1
0 53 56: 1490, 10, 1
0 53 57: 1490, 10, 1
0 53 58: 1490, 10, 1
0 53 59: 1490, 10, 1
0 53 60: 1490, 10, 1
0 53 61: 1490, 10, 1
0 53 62: 1490, 10, 1
0 53 63: 1490, 10, 1
0 54 26: 1490, 10, 1
0 54 27: 1490, 10, 1
0 54 28: 1490, 10, 1
0 54 29: 1490, 10, 1
0 54 30: 1490, 10, 1
0 54 31: 1490, 10, 1
0 54 32: 1490, 10, 1
0 54 33: 1490, 10, 1
0 54 34: 1490, 10, 2
0 54 35: 1490, 10, 2
0 54 36: 1490, 10, 2
0 54 37: 1490, 10, 2
0 54 38: 1490, 10, 2
0 54 39: 1490, 10, 1
0 54 40: 1490, 10, 1
0 54 41: 1490, 10, 1
0 54 42: 1490, 10, 1
0 54 43: 1490, 10, 1
0 54 44: 1490, 10, 1
0 54 45: 1490, 10, 1
0 54 46: 1490, 10, 1
0 54 47: 1490, 10, 1
0 54 48: 1490, 10, 1
0 54 49: 1490, 10, 1
0 54 50: 1490, 10, 1
0 54 51: 1490, 10, 1
0 54 52: 1490, 10, 1
0 54 53: 1490, 10, 1
0 54 54: 1490, 10, 1
0 54 55: 1490, 10, 1
0 54 56: 1490, 10, 1
0 54 57: 1490, 10, 1
0 54 58: 1490, 10, 1
0 54 59: 1490, 10, 1
0 54 60: 1490, 10, 1
0 54 61: 1490, 10, 1
0 54 62: 1490, 10, 1
0 54 63: 1490, 10, 1
0 55 26: 1490, 10, 1
0 55 27: 1490, 10, 1
0 55 28: 1490, 10, 1
0 55 29: 1490, 10, 1
0 55 30: 1490, 10, 1
0 55 31: 1490, 10, 1
0 55 32: 1490, 10, 1
0 55 33: 1490, 10, 1
0 55 34: 1490, 10, 2
0 55 35: 1490, 10, 2
0 55 36: 1490, 10, 2
0 55 37: 1490, 10, 2
0 55 38: 1490, 10, 2
0 55 39: 1490, 10, 1
0 55 40: 1490, 10, 1
0 55 41: 1490, 10, 1
0 55 42: 1490, 10, 1
0 55 43: 1490, 10, 1
0 55 44: 1490, 10, 1
0 55 45: 1490, 10, 1
0 55 46: 1490, 10, 1
0 55 47: 1490, 10, 1
0 55 48: 1490, 10, 1
0 55 49: 1490, 10, 1
0 55 50: 1490, 10, 1
0 55 51: 1490, 10, 1
0 55 52: 1490, 10, 1
0 55 53: 1490, 10, 1
0 55 54: 1490, 10, 1
0 55 55: 1490, 10, 1
0 55 56: 1490, 10, 1
0 55 57: 1490, 10, 1
0 55 58: 1490, 10, 1
0 55 59: 1490, 10, 1
0 55 60: 1490, 10, 1
0 55 61: 1490, 10, 1
0 55 62: 1490, 10, 1
0 55 63: 1490, 10, 1
0 56 26: 1490, 10, 1
0 56 27: 1490, 10, 1
0 56 28: 1490, 10, 1
0 56 29: 1490, 10, 1
0 56 30: 1490, 10, 1
0 56 31: 1490, 10, 1
0 56 32: 1490, 10, 1
0 56 33: 1490, 10, 1
0 56 34: 1490, 10, 2
0 56 35: 1490, 10, 2
0 56 36: 1490, 10, 2
0 56 37: 1490, 10, 2
0 56 38: 1490, 10, 2
0 56 39: 1490, 10, 1
0 56 40: 1490, 10, 1
0 56 41: 1490, 10, 1
0 56 42: 1490, 10, 1
0 56 43: 1490, 10, 1
0 56 44: 1490, 10, 1
0 56 45: 1490, 10, 1
0 56 46: 1490, 10, 1
0 56 47: 1490, 10, 1
0 56 48: 1490, 10, 1
0 56 49: 1490, 10, 1
0 56 50: 1490, 10, 1
0 56 51: 1490, 10, 1
0 56 52: 1490, 10, 1
0 56 53: 1490, 10, 1
0 56 54: 1490, 10, 1
0 56 55: 1490, 10, 1
0 56 56: 1490, 10, 1
0 56 57: 1490, 10, 1
0 56 58: 1490, 10, 1
0 56 59: 1490, 10, 1
0 56 60: 1490, 10, 1
0 56 61: 1490, 10, 1
0 56 62: 1490, 10, 1
0 56 63: 1490, 10, 1
0 57 26: 1490, 10, 1
0 57 27: 1490, 10, 1
0 57 28: 1490, 10, 1
0 57 29: 1490, 10, 1
0 57 30: 1490, 10, 1
0 57 31: 1490, 10, 1
0 57 32: 1490, 10, 1
0 57 33: 1490, 10, 1
0 57 34: 1490, 10, 2
0 57 35: 1490, 10, 2
0 57 36: 1490, 10, 2
0 57 37: 1490, 10, 2
0 57 38: 1490, 10, 2
0 57 39: 1490, 10, 1
0 57 40: 1490, 10, 1
0 57 41: 1490, 10, 1
0 57 42: 1490, 10, 1
0 57 43: 1490, 10, 1
0 57 44: 1490, 10, 1
0 57 45: 1490, 10, 1
0 57 46: 1490, 10, 1
0 57 47: 1490, 10, 1
0 57 48: 1490, 10, 1
0 57 49: 1490, 10, 1
0 57 50: 1490, 10, 1
0 57 51: 1490, 10, 1
0 57 52: 1490, 10, 1
0 57 53: 1490, 10, 1
0 57 54: 1490, 10, 1
0 57 55: 1490, 10, 1
0 57 56: 1490, 10, 1
0 57 57: 1490, 10, 1
0 57 58: 1490, 10, 1
0 57 59: 1490, 10, 1
0 57 60: 1490, 10, 1
0 57 61: 1490, 10, 1
0 57 62: 1490, 10, 1
0 57 63: 1490, 10, 1
0 58 26: 1490, 10, 1
0 58 27: 1490, 10, 1
0 58 28: 1490, 10, 1
0 58 29: 1490, 10, 1
0 58 30: 1490, 10, 1
0 58 31: 1490, 10, 1
0 58 32: 1490, 10, 1
0 58 33: 1490, 10, 1
0 58 34: 1490, 10, 2
0 58 35: 1490, 10, 2
0 58 36: 1490, 10, 2
0 58 37: 1490, 10, 2
0 58 38: 1490, 10, 2
0 58 39: 1490, 10, 1
0 58 40: 1490, 10, 1
0 58 41: 1490, 10, 1
0 58 42: 1490, 10, 1
0 58 43: 1490, 10, 1
0 58 44: 1490, 10, 1
0 58 45: 1490, 10, 1
0 58 46: 1490, 10, 1
0 58 47: 1490, 10, 1
0 58 48: 1490, 10, 1
0 58 49: 1490, 10, 1
0 58 50: 1490, 10, 1
0 58 51: 1490, 10, 1
0 58 52: 1490, 10, 1
0 58 53: 1490, 10, 1
0 58 54: 1490, 10, 1
0 58 55: 1490, 10, 1
0 58 56: 1490, 10, 1
0 58 57: 1490, 10, 1
0 58 58: 1490, 10, 1
0 58 59: 1490, 10, 1
0 58 60: 1490, 10, 1
0 58 61: 1490, 10, 1
0 58 62: 1490, 10, 1
0 58 63: 1490, 10, 1
0 59 26: 1490, 10, 1
0 59 27: 1490, 10, 1
0 59 28: 1490, 10, 1
0 59 29: 1490, 10, 1
0 59 30: 1490, 10, 1
0 59 31: 1490, 10, 1
0 59 32: 1490, 10, 1
0 59 33: 1490, 10, 1
0 59 34: 1490, 10, 2
0 59 35: 1490, 10, 2
0 59 36: 1490, 10, 2
0 59 37: 1490, 10, 2
0 59 38: 1490, 10, 2
0 59 39: 1490, 10, 2
0 59 40: 1490, 10, 1
0 59 41: 1490, 10, 1
0 59 42: 1490, 10, 1
0 59 43: 1490, 10, 1
0 59 44: 1490, 10, 1
0 59 45: 1490, 10, 1
0 59 46: 1490, 10, 1
0 59 47: 1490, 10, 1
0 59 48: 1490, 10, 1
0 59 49: 1490, 10, 1
0 59 50: 1490, 10, 1
0 59 51: 1490, 10, 1
0 59 52: 1490, 10, 1
0 59 53: 1490, 10, 1
0 59 54: 1490, 10, 1
0 59 55: 1490, 10, 1
0 59 56: 1490, 10, 1
0 59 57: 1490, 10, 1
0 59 58: 1490, 10, 1
0 59 59: 1490, 10, 1
0 59 60: 1490, 10, 1
0 59 61: 1490, 10, 1
0 59 62: 1490, 10, 1
0 59 63: 1490, 10, 2
0 60 26: 1490, 10, 1
0 60 27: 1490, 10, 1
0 60 28: 1490, 10, 1
0 60 29: 1490, 10, 1
0 60 30: 1490, 10, 1
0 60 31: 1490, 10, 1
0 60 32: 1490, 10, 1
0 60 33: 1490, 10, 1
0 60 34: 1490, 10, 2
0 60 35: 1490, 10, 2
0 60 36: 1490, 10, 2
0 60 37: 1490, 10, 2
0 60 38: 1490, 10, 2
0 60 39: 1490, 10, 2
0 60 40: 1490, 10, 2
0 60 41: 1490, 10, 2
0 60 42: 1490, 10, 2
0 60 43: 1490, 10, 1
0 60 44: 1490, 10, 1
0 60 45: 1490, 10, 1
0 60 46: 1490, 10, 1
0 60 47: 1490, 10, 1
0 60 48: 1490, 10, 1
0 60 49: 1490, 10, 1
0 60 50: 1490, 10, 1
0 60 51: 1490, 10, 1
0 60 52: 1490, 10, 1
0 60 53: 1490, 10, 1
0 60 54: 1490, 10, 1
0 60 55: 1490, 10, 1
0 60 56: 1490, 10, 1
0 60 57: 1490, 10, 1
0 60 58: 1490, 10, 1
0 60 59: 1490, 10, 1
0 60 60: 1490, 10, 1
0 60 61: 1490, 10, 1
0 60 62: 1490, 10, 1
0 60 63: 1490, 10, 2
0 61 26: 1490, 10, 1
0 61 27: 1490, 10, 1
0 61 28: 1490, 10, 1
0 61 29: 1490, 10, 1
0 61 30: 1490, 10, 1
0 61 31: 1490, 10, 1
0 61 32: 1490, 10, 1
0 61 33: 1490, 10, 1
0 61 34: 1490, 10, 2
0 61 35: 1490, 10, 2
0 61 36: 1490, 10, 2
0 61 37: 1490, 10, 2
0 61 38: 1490, 10, 2
0 61 39: 1490, 10, 2
0 61 40: 1490, 10, 2
0 61 41: 1490, 10, 2
0 61 42: 1490, 10, 2
0 61 43: 1490, 10, 2
0 61 44: 1490, 10, 2
0 61 45: 1490, 10, 2
0 61 46: 1490, 10, 2
0 61 47: 1490, 10, 2
0 61 48: 1490, 10, 1
0 61 49: 1490, 10, 2
0 61 50: 1490, 10, 1
0 61 51: 1490, 10, 1
0 61 52: 1490, 10, 1
0 61 53: 1490, 10, 1
0 61 54: 1490, 10, 1
0 61 55: 1490, 10, 1
0 61 56: 1490, 10, 1
0 61 57: 1490, 10, 1
0 61 58: 1490, 10, 1
0 61 59: 1490, 10, 1
0 61 60: 1490, 10, 1
0 61 61: 1490, 10, 1
0 61 62: 1490, 10, 2
0 61 63: 1490, 10, 2
0 62 26: 1490, 10, 1
0 62 27: 1490, 10, 1
0 62 28: 1490, 10, 1
0 62 29: 1490, 10, 1
0 62 30: 1490, 10, 1
0 62 31: 1490, 10, 1
0 62 32: 1490, 10, 1
0 62 33: 1490, 10, 1
0 62 34: 1490, 10, 2
0 62 35: 1490, 10, 2
0 62 36: 1490, 10, 2
0 62 37: 1490, 10, 2
0 62 38: 1490, 10, 2
0 62 39: 1490, 10, 2
0 62 40: 1490, 10, 2
0 62 41: 1490, 10, 2
0 62 42: 1490, 10, 2
0 62 43: 1490, 10, 2
0 62 44: 1490, 10, 2
0 62 45: 1490, 10, 2
0 62 46: 1490, 10, 2
0 62 47: 1490, 10, 2
0 62 48: 1490, 10, 2
0 62 49: 1490, 10, 2
0 62 50: 1490, 10, 1
0 62 51: 1490, 10, 1
0 62 52: 1490, 10, 1
0 62 53: 1490, 10, 1
0 62 54: 1490, 10, 1
0 62 55: 1490, 10, 1
0 62 56: 1490, 10, 1
0 62 57: 1490, 10, 1
0 62 58: 1490, 10, 1
0 62 59: 1490, 10, 1
0 62 60: 1490, 10, 2
0 62 61: 1490, 10, 2
0 62 62: 1490, 10, 2
0 62 63: 1490, 10, 2
0 63 26: 1490, 10, 1
0 63 27: 1490, 10, 1
0 63 28: 1490, 10, 1
0 63 29: 1490, 10, 1
0 63 30: 1490, 10, 1
0 63 31: 1490, 10, 1
0 63 32: 1490, 10, 1
0 63 33: 1490, 10, 1
0 63 34: 1490, 10, 2
0 63 35: 1490, 10, 2
0 63 36: 1490, 10, 2
0 63 37: 1490, 10, 2
0 63 38: 1490, 10, 2
0 63 39: 1490, 10, 2
0 63 40: 1490, 10, 2
0 63 41: 1490, 10, 2
0 63 42: 1490, 10, 2
0 63 43: 1490, 10, 2
0 63 44: 1490, 10, 2
0 63 45: 1490, 10, 2
0 63 46: 1490, 10, 2
0 63 47: 1490, 10, 2
0 63 48: 1490, 10, 2
0 63 49: 1490, 10, 2
0 63 50: 1490, 10, 2
0 63 51: 1490, 10, 2
0 63 52: 1490, 10, 2
0 63 53: 1490, 10, 2
0 63 54: 1490, 10, 1
0 63 55: 1490, 10, 1
0 63 56: 1490, 10, 1
0 63 57: 1490, 10, 2
0 63 58: 1490, 10, 2
0 63 59: 1490, 10, 2
0 63 60: 1490, 10, 2
0 63 61: 1490, 10, 2
0 63 62: 1490, 10, 2
0 63 63: 1490, 10, 2
1 0 42: 336, 22, 3
1 0 43: 1492, 10, 2
1 0 44: 335, 22, 0
1 0 45: 337, 22, 1
1 0 46: 336, 22, 3
1 0 47: 335, 22, 3
1 0 48: 336, 22, 0
1 0 49: 1492, 10, 3
1 0 50: 336, 22, 0
1 0 51: 336, 22, 2
1 1 41: 1492, 10, 2
1 1 42: 336, 22, 0
1 1 43: 336, 22, 1
1 1 49: 336, 22, 1
1 1 50: 335, 22, 3
1 1 51: 336, 22, 1
1 1 52: 1492, 10, 3
1 1 53: 336, 22, 3
1 1 54: 336, 22, 0
1 2 40: 336, 22, 3
1 2 41: 336, 22, 2
1 2 52: 336, 22, 2
1 2 53: 335, 22, 2
1 2 54: 336, 22, 1
1 2 55: 1492, 10, 3
1 3 39: 336, 22, 1
1 3 40: 1492, 10, 2
1 3 41: 336, 22, 1
1 3 55: 336, 22, 2
1 3 56: 336, 22, 3
1 3 57: 1492, 10, 3
1 4 31: 336, 22, 3
1 4 32: 336, 22, 1
1 4 33: 336, 22, 2
1 4 38: 1492, 10, 2
1 4 39: 335, 22, 1
1 4 40: 336, 22, 2
1 4 57: 336, 22, 0
1 4 58: 336, 22, 1
1 5 17: 336, 22, 3
1 5 18: 336, 22, 1
1 5 19: 336, 22, 0
1 5 28: 336, 22, 3
1 5 29: 1492, 10, 2
1 5 30: 336, 22, 1
1 5 31: 335, 22, 3
1 5 32: 336, 22, 2
1 5 33: 337, 22, 3
1 5 34: 336, 22, 3
1 5 35: 1492, 10, 3
1 5 36: 336, 22, 1
1 5 37: 1492, 10, 2
1 5 38: 336, 22, 0
1 5 57: 335, 22, 0
1 6 14: 336, 22, 1
1 6 15: 1492, 10, 2
1 6 16: 336, 22, 3
1 6 17: 335, 22, 2
1 6 18: 337, 22, 3
1 6 19: 336, 22, 0
1 6 20: 1492, 10, 3
1 6 21: 336, 22, 3
1 6 27: 1492, 10, 2
1 6 28: 336, 22, 0
1 6 29: 337, 22, 0
1 6 35: 336, 22, 2
1 6 36: 335, 22, 2
1 6 37: 336, 22, 3
1 6 57: 336, 22, 3
1 6 58: 336, 22, 2
1 7 13: 336, 22, 0
1 7 14: 336, 22, 2
1 7 15: 336, 22, 1
1 7 20: 337, 22, 2
1 7 21: 335, 22, 1
1 7 22: 1492, 10, 3
1 7 26: 1492, 10, 2
1 7 27: 336, 22, 1
1 7 56: 336, 22, 0
1 7 57: 336, 22, 1
1 8 13: 1492, 10, 2
1 8 14: 335, 22, 3
1 8 22: 336, 22, 0
1 8 23: 335, 22, 0
1 8 24: 336, 22, 2
1 8 25: 337, 22, 1
1 8 26: 336, 22, 0
1 8 57: 335, 22, 3
1 9 12: 1492, 10, 2
1 9 13: 337, 22, 0
1 9 24: 336, 22, 3
1 9 57: 336, 22, 0
1 9 58: 336, 22, 3
1 10 11: 335, 22, 0
1 10 12: 336, 22, 0
1 10 57: 337, 22, 3
1 10 58: 336, 22, 2
1 11 10: 336, 22, 2
1 11 11: 336, 22, 3
1 11 57: 336, 22, 1
1 11 58: 1492, 10, 3
1 12 10: 336, 22, 1
1 12 11: 337, 22, 1
1 12 58: 336, 22, 0
1 13 10: 336, 22, 0
1 13 11: 335, 22, 1
1 13 28: 336, 22, 1
1 13 33: 335, 22, 0
1 13 34: 337, 22, 0
1 13 35: 335, 22, 1
1 13 36: 336, 22, 0
1 13 58: 336, 22, 1
1 13 59: 336, 22, 3
1 14 11: 336, 22, 2
1 14 26: 336, 22, 3
1 14 27: 336, 22, 2
1 14 28: 335, 22, 1
1 14 29: 337, 22, 2
1 14 30: 337, 22, 3
1 14 31: 335, 22, 2
1 14 32: 336, 22, 1
1 14 33: 1492, 10, 0
1 14 34: 336, 22, 0
1 14 35: 336, 22, 3
1 14 36: 1492, 10, 1
1 14 37: 336, 22, 1
1 14 38: 335, 22, 3
1 14 58: 336, 22, 2
1 14 59: 336, 22, 2
1 15 11: 1492, 10, 1
1 15 12: 337, 22, 2
1 15 25: 336, 22, 0
1 15 26: 1492, 10, 0
1 15 29: 336, 22, 2
1 15 30: 336, 22, 3
1 15 38: 1492, 10, 1
1 15 39: 336, 22, 3
1 15 57: 336, 22, 3
1 15 58: 1492, 10, 0
1 16 11: 336, 22, 3
1 16 12: 335, 22, 2
1 16 25: 335, 22, 0
1 16 26: 336, 22, 1
1 16 39: 336, 22, 3
1 16 57: 335, 22, 2
1 16 58: 336, 22, 1
1 17 11: 336, 22, 0
1 17 12: 336, 22, 1
1 17 25: 336, 22, 3
1 17 26: 336, 22, 2
1 17 39: 1492, 10, 1
1 17 40: 336, 22, 1
1 17 57: 336, 22, 1
1 17 58: 336, 22, 3
1 18 12: 1492, 10, 1
1 18 13: 335, 22, 3
1 18 23: 335, 22, 3
1 18 24: 336, 22, 0
1 18 25: 1492, 10, 0
1 18 39: 336, 22, 2
1 18 40: 335, 22, 2
1 18 57: 337, 22, 2
1 18 58: 336, 22, 2
1 19 12: 336, 22, 1
1 19 13: 336, 22, 2
1 19 22: 336, 22, 1
1 19 23: 1492, 10, 0
1 19 39: 336, 22, 3
1 19 40: 336, 22, 0
1 19 57: 336, 22, 0
1 20 13: 1492, 10, 1
1 20 14: 336, 22, 0
1 20 15: 335, 22, 1
1 20 21: 336, 22, 2
1 20 22: 1492, 10, 0
1 20 40: 1492, 10, 1
1 20 41: 337, 22, 1
1 20 56: 337, 22, 1
1 20 57: 1492, 10, 0
1 21 14: 336, 22, 3
1 21 15: 1492, 10, 1
1 21 16: 335, 22, 2
1 21 17: 336, 22, 2
1 21 18: 337, 22, 3
1 21 19: 335, 22, 2
1 21 20: 1492, 10, 0
1 21 40: 336, 22, 0
1 21 41: 336, 22, 1
1 21 56: 336, 22, 1
1 21 57: 336, 22, 2
1 22 17: 336, 22, 3
1 22 18: 336, 22, 0
1 22 41: 1492, 10, 1
1 22 42: 336, 22, 3
1 22 54: 335, 22, 1
1 22 55: 336, 22, 3
1 22 56: 1492, 10, 0
1 23 42: 1492, 10, 1
1 23 43: 337, 22, 2
1 23 44: 336, 22, 2
1 23 50: 336, 22, 0
1 23 51: 337, 22, 0
1 23 52: 335, 22, 0
1 23 53: 336, 22, 1
1 23 54: 1492, 10, 0
1 23 55: 336, 22, 0
1 24 44: 1492, 10, 1
1 24 45: 336, 22, 0
1 24 46: 336, 22, 1
1 24 47: 336, 22, 2
1 24 48: 337, 22, 3
1 24 49: 336, 22, 2
1 24 50: 1492, 10, 0
1 24 51: 336, 22, 3
1 24 52: 336, 22, 3
1 25 46: 336, 22, 3
1 25 47: 336, 22, 2
1 25 48: 336, 22, 0
1 31 40: 336, 22, 3
1 31 42: 336, 22, 2
1 31 44: 336, 22, 1
1 32 39: 1492, 10, 2
1 32 40: 337, 22, 3
1 32 41: 336, 22, 0
1 32 42: 335, 22, 1
1 32 43: 337, 22, 0
1 32 45: 1492, 10, 3
1 33 38: 1492, 10, 2
1 33 39: 335, 22, 3
1 33 45: 335, 22, 2
1 33 47: 1492, 10, 3
1 33 48: 336, 22, 2
1 33 49: 336, 22, 3
1 33 50: 336, 22, 1
1 34 37: 336, 22, 0
1 34 47: 335, 22, 3
1 34 48: 337, 22, 1
1 34 49: 335, 22, 0
1 34 50: 337, 22, 3
1 35 38: 337, 22, 2
1 36 38: 335, 22, 2
1 36 52: 337, 22, 0
1 36 53: 336, 22, 1
1 37 37: 336, 22, 3
1 37 38: 336, 22, 3
1 37 52: 1492, 10, 0
1 38 37: 336, 22, 0
1 38 38: 337, 22, 3
1 39 38: 336, 22, 1
1 39 51: 1492, 10, 0
1 40 37: 336, 22, 2
1 40 38: 337, 22, 2
1 40 50: 335, 22, 0
1 40 51: 336, 22, 1
1 41 51: 1492, 10, 3
1 42 38: 1492, 10, 1
1 42 39: 335, 22, 0
1 43 37: 336, 22, 3
1 43 51: 337, 22, 1
1 43 52: 336, 22, 0
1 44 38: 1492, 10, 2
1 44 39: 337, 22, 1
1 44 52: 336, 22, 3
1 45 51: 335, 22, 1
1 46 37: 336, 22, 0
1 46 38: 335, 22, 3
1 46 51: 337, 22, 2
1 46 52: 336, 22, 2
1 47 52: 1492, 10, 3
1 48 37: 1492, 10, 2
1 49 36: 336, 22, 2
1 49 37: 337, 22, 3
1 49 52: 335, 22, 2
1 49 53: 336, 22, 1
1 50 36: 336, 22, 3
1 50 52: 1492, 10, 0
1 51 37: 1492, 10, 1
1 51 39: 337, 22, 0
1 51 41: 335, 22, 2
1 51 43: 336, 22, 2
1 51 45: 337, 22, 2
1 51 46: 335, 22, 0
1 52 39: 336, 22, 0
1 52 40: 336, 22, 1
1 52 41: 336, 22, 0
1 52 42: 336, 22, 1
1 52 44: 336, 22, 2
1 52 46: 1492, 10, 1
1 52 48: 337, 22, 1
1 52 49: 335, 22, 3
1 52 51: 1492, 10, 0
1 53 47: 336, 22, 3
1 53 48: 336, 22, 3
1 53 49: 336, 22, 0
