0 0 9: 1276, 10, 2
0 0 10: 1247, 22, 0
0 0 18: 1189, 10, 2
0 0 21: 1247, 22, 3
0 0 21: 1276, 10, 1
0 1 9: 1247, 22, 1
0 1 10: 1246, 22, 1
0 1 13: 1247, 22, 1
0 1 13: 1276, 10, 3
0 1 14: 1246, 22, 1
0 1 16: 1189, 10, 3
0 1 18: 1189, 10, 0
0 1 19: 1189, 10, 1
0 1 21: 1246, 22, 3
0 1 22: 1247, 22, 2
0 2 10: 1247, 22, 2
0 2 10: 1281, 10, 0
0 2 11: 1247, 22, 2
0 2 12: 1247, 22, 0
0 2 14: 1247, 22, 2
0 2 23: 1257, 22, 3
0 3 8: 1247, 22, 2
0 3 8: 1276, 10, 3
0 3 9: 1247, 22, 3
0 3 10: 1247, 22, 3
0 3 12: 1246, 22, 0
0 3 18: 1276, 10, 1
0 3 19: 1246, 22, 2
0 3 22: 1257, 22, 3
0 3 23: 1257, 22, 0
0 3 24: 1257, 22, 2
0 4 8: 1246, 22, 2
0 4 9: 1247, 22, 1
0 4 10: 1246, 22, 3
0 4 11: 1247, 22, 0
0 4 18: 1247, 22, 3
0 4 19: 1247, 22, 2
0 4 22: 1257, 22, 0
0 4 23: 1259, 22, 1
0 4 24: 1258, 22, 2
0 4 25: 1257, 22, 1
0 5 11: 1276, 10, 1
0 5 12: 1247, 22, 3
0 5 15: 1247, 22, 3
0 5 15: 1276, 10, 2
0 5 16: 1247, 22, 3
0 5 19: 1276, 10, 0
0 5 20: 1247, 22, 0
0 5 22: 1258, 22, 1
0 5 23: 1166, 10, 2
0 5 23: 1259, 22, 0
0 5 24: 1258, 22, 2
0 5 25: 1257, 22, 0
0 6 7: 1257, 22, 0
0 6 8: 1257, 22, 0
0 6 9: 1257, 22, 3
0 6 11: 1247, 22, 2
0 6 12: 1247, 22, 1
0 6 15: 1246, 22, 0
0 6 19: 1247, 22, 1
0 6 20: 1246, 22, 3
0 6 22: 1258, 22, 0
0 6 23: 1166, 10, 0
0 6 23: 1258, 22, 3
0 6 24: 1165, 10, 1
0 6 24: 1259, 22, 0
0 6 25: 1258, 22, 0
0 6 26: 1257, 22, 3
0 7 5: 1257, 22, 0
0 7 6: 1257, 22, 1
0 7 7: 1258, 22, 2
0 7 8: 1189, 10, 2
0 7 8: 1259, 22, 3
0 7 9: 1189, 10, 2
0 7 9: 1259, 22, 2
0 7 10: 1258, 22, 3
0 7 11: 1257, 22, 1
0 7 12: 1257, 22, 1
0 7 22: 1257, 22, 3
0 7 23: 1259, 22, 0
0 7 24: 1259, 22, 1
0 7 25: 1259, 22, 1
0 7 26: 1189, 10, 3
0 7 27: 1189, 10, 2
0 8 3: 1189, 10, 3
0 8 5: 1189, 10, 0
0 8 6: 1258, 22, 2
0 8 7: 1259, 22, 3
0 8 8: 1258, 22, 2
0 8 9: 1259, 22, 0
0 8 10: 1189, 10, 0
0 8 10: 1259, 22, 1
0 8 11: 1189, 10, 2
0 8 11: 1259, 22, 0
0 8 12: 1257, 22, 0
0 8 22: 1166, 10, 3
0 8 23: 1257, 22, 2
0 8 24: 1258, 22, 2
0 8 24: 1394, 10, 0
0 8 25: 1258, 22, 2
0 8 27: 1189, 10, 1
0 8 27: 1257, 22, 3
0 9 4: 1257, 22, 2
0 9 5: 1257, 22, 1
0 9 6: 1258, 22, 1
0 9 7: 1258, 22, 0
0 9 9: 1257, 22, 3
0 9 10: 1257, 22, 3
0 9 11: 1189, 10, 1
0 9 11: 1257, 22, 0
0 9 19: 1189, 10, 2
0 9 20: 1189, 10, 1
0 9 24: 1257, 22, 1
0 9 25: 1257, 22, 2
0 9 27: 1257, 22, 1
0 9 28: 1258, 22, 3
0 9 29: 1257, 22, 2
0 10 4: 1189, 10, 1
0 10 4: 1258, 22, 3
0 10 5: 1259, 22, 0
0 10 9: 1257, 22, 2
0 10 19: 1189, 10, 0
0 10 28: 1258, 22, 2
0 10 29: 1259, 22, 1
0 10 30: 1258, 22, 0
0 11 3: 1257, 22, 2
0 11 4: 1257, 22, 3
0 11 6: 1259, 22, 0
0 11 7: 1259, 22, 1
0 11 8: 1257, 22, 0
0 11 23: 1315, 10, 0
0 11 24: 1247, 22, 0
0 11 28: 1257, 22, 3
0 11 29: 1258, 22, 1
0 11 30: 1257, 22, 2
0 12 2: 1394, 10, 3
0 12 3: 1257, 22, 1
0 12 5: 1257, 22, 0
0 12 6: 1257, 22, 3
0 12 7: 1257, 22, 0
0 12 23: 1247, 22, 1
0 12 28: 1166, 10, 1
0 12 28: 1257, 22, 0
0 12 29: 1166, 10, 3
0 12 29: 1258, 22, 0
0 12 30: 1259, 22, 3
0 13 2: 1257, 22, 1
0 13 5: 1257, 22, 3
0 13 6: 1394, 10, 2
0 13 22: 1316, 10, 0
0 13 25: 1247, 22, 3
0 13 25: 1315, 10, 3
0 13 26: 1247, 22, 1
0 13 29: 1165, 10, 0
0 13 29: 1258, 22, 1
0 13 30: 1259, 22, 2
0 13 31: 1257, 22, 1
0 13 31: 1394, 10, 0
0 13 32: 1259, 22, 1
0 13 33: 1259, 22, 1
0 13 35: 1252, 22, 3
0 13 35: 1308, 10, 2
0 13 36: 1252, 22, 0
0 14 3: 1258, 22, 1
0 14 3: 1394, 10, 3
0 14 11: 1257, 22, 2
0 14 11: 1394, 10, 0
0 14 22: 1246, 22, 0
0 14 24: 1247, 22, 3
0 14 25: 1247, 22, 1
0 14 26: 1247, 22, 2
0 14 31: 1258, 22, 2
0 14 32: 1258, 22, 3
0 14 33: 1259, 22, 0
0 14 34: 1258, 22, 2
0 14 35: 1252, 22, 1
0 14 36: 1251, 22, 0
0 15 2: 1394, 10, 2
0 15 5: 1189, 10, 2
0 15 6: 1166, 10, 0
0 15 13: 1394, 10, 2
0 15 23: 1247, 22, 2
0 15 24: 1247, 22, 0
0 15 32: 1257, 22, 2
0 15 33: 1259, 22, 0
0 15 33: 1394, 10, 3
0 15 34: 1259, 22, 3
0 15 35: 1258, 22, 1
0 15 37: 825, 22, 2
0 16 4: 1394, 10, 2
0 16 6: 1189, 10, 1
0 16 22: 1247, 22, 2
0 16 22: 1315, 10, 3
0 16 23: 1247, 22, 1
0 16 25: 1315, 10, 1
0 16 26: 1247, 22, 2
0 16 28: 1247, 22, 1
0 16 28: 1315, 10, 2
0 16 34: 1257, 22, 0
0 16 35: 1257, 22, 3
0 16 38: 1252, 22, 2
0 16 38: 1308, 10, 1
0 16 39: 1251, 22, 3
0 17 2: 1394, 10, 1
0 17 6: 1189, 10, 1
0 17 7: 1189, 10, 3
0 17 13: 1257, 22, 0
0 17 13: 1394, 10, 3
0 17 22: 1247, 22, 0
0 17 23: 1247, 22, 2
0 17 25: 1247, 22, 3
0 17 28: 1246, 22, 2
0 17 38: 1258, 22, 1
0 17 39: 1257, 22, 2
0 17 40: 1308, 10, 3
0 17 41: 1252, 22, 3
0 18 28: 1316, 10, 2
0 18 29: 1246, 22, 2
0 18 38: 1257, 22, 3
0 18 39: 1259, 22, 2
0 18 40: 1258, 22, 2
0 18 41: 1257, 22, 0
0 19 5: 1189, 10, 2
0 19 11: 1257, 22, 2
0 19 11: 1394, 10, 2
0 19 23: 1247, 22, 1
0 19 23: 1315, 10, 0
0 19 24: 1247, 22, 3
0 19 28: 1247, 22, 0
0 19 30: 1246, 22, 3
0 19 36: 1276, 10, 0
0 19 37: 1247, 22, 0
0 19 38: 1257, 22, 0
0 19 39: 1258, 22, 3
0 19 40: 1259, 22, 1
0 19 41: 1258, 22, 2
0 19 42: 1257, 22, 3
0 19 43: 1189, 10, 3
0 20 2: 1166, 10, 2
0 20 2: 1259, 22, 3
0 20 3: 1166, 10, 3
0 20 23: 1247, 22, 0
0 20 24: 1246, 22, 1
0 20 25: 1189, 10, 2
0 20 28: 1247, 22, 0
0 20 29: 1247, 22, 2
0 20 31: 1315, 10, 0
0 20 32: 1247, 22, 2
0 20 36: 1246, 22, 2
0 20 37: 1247, 22, 1
0 20 39: 1257, 22, 1
0 20 40: 1259, 22, 0
0 20 41: 1189, 10, 0
0 20 41: 1259, 22, 0
0 20 42: 1259, 22, 3
0 20 43: 1259, 22, 2
0 20 47: 1252, 22, 2
0 20 47: 1308, 10, 3
0 20 48: 1252, 22, 0
0 20 61: 1251, 22, 2
0 20 61: 1308, 10, 3
0 20 62: 1252, 22, 3
0 21 0: 1257, 22, 2
0 21 1: 1257, 22, 3
0 21 2: 1259, 22, 3
0 21 3: 1257, 22, 0
0 21 4: 1257, 22, 1
0 21 10: 1189, 10, 1
0 21 22: 1246, 22, 3
0 21 22: 1316, 10, 0
0 21 23: 1247, 22, 3
0 21 26: 1189, 10, 0
0 21 27: 1189, 10, 1
0 21 29: 1315, 10, 3
0 21 30: 1247, 22, 1
0 21 31: 1247, 22, 3
0 21 37: 1281, 10, 2
0 21 38: 1246, 22, 3
0 21 39: 1247, 22, 1
0 21 40: 1258, 22, 1
0 21 41: 1258, 22, 0
0 21 42: 1258, 22, 2
0 21 43: 1189, 10, 3
0 21 43: 1257, 22, 1
0 21 44: 1189, 10, 2
0 21 44: 1258, 22, 3
0 21 47: 1252, 22, 2
0 21 48: 1251, 22, 2
0 21 59: 1252, 22, 1
0 21 59: 1308, 10, 1
0 21 61: 1252, 22, 0
0 22 0: 1257, 22, 1
0 22 1: 1258, 22, 2
0 22 2: 1259, 22, 2
0 22 3: 1259, 22, 0
0 22 4: 1257, 22, 2
0 22 5: 1257, 22, 3
0 22 8: 1189, 10, 3
0 22 22: 1247, 22, 0
0 22 24: 1246, 22, 0
0 22 25: 1258, 22, 0
0 22 26: 1258, 22, 0
0 22 29: 1247, 22, 0
0 22 30: 1247, 22, 1
0 22 34: 1257, 22, 3
0 22 37: 1247, 22, 3
0 22 39: 1246, 22, 0
0 22 40: 1257, 22, 2
0 22 41: 1257, 22, 3
0 22 42: 1257, 22, 0
0 22 43: 1257, 22, 1
0 22 44: 1257, 22, 2
0 22 45: 1189, 10, 1
0 22 49: 1251, 22, 1
0 22 49: 1308, 10, 2
0 22 50: 1252, 22, 3
0 22 57: 1308, 10, 1
0 22 58: 1252, 22, 0
0 22 59: 1251, 22, 3
0 22 60: 1252, 22, 2
0 23 0: 1257, 22, 1
0 23 1: 1258, 22, 2
0 23 2: 1259, 22, 1
0 23 3: 1258, 22, 0
0 23 4: 1259, 22, 1
0 23 5: 1257, 22, 1
0 23 9: 1189, 10, 0
0 23 10: 1189, 10, 1
0 23 22: 1247, 22, 1
0 23 23: 1247, 22, 2
0 23 25: 1259, 22, 2
0 23 26: 1259, 22, 2
0 23 27: 1258, 22, 2
0 23 28: 1258, 22, 2
0 23 32: 1257, 22, 0
0 23 33: 1258, 22, 2
0 23 34: 1258, 22, 2
0 23 35: 1247, 22, 3
0 23 35: 1276, 10, 1
0 23 36: 1247, 22, 2
0 23 37: 1247, 22, 2
0 23 39: 1247, 22, 0
0 23 42: 1247, 22, 3
0 23 42: 1276, 10, 3
0 23 43: 1246, 22, 0
0 23 45: 1189, 10, 0
0 23 49: 1252, 22, 0
0 23 50: 1252, 22, 0
0 23 57: 1252, 22, 3
0 23 58: 1251, 22, 0
0 23 61: 1252, 22, 0
0 23 61: 1308, 10, 2
0 23 62: 1251, 22, 1
0 24 0: 1257, 22, 0
0 24 1: 1257, 22, 2
0 24 2: 1258, 22, 0
0 24 3: 1259, 22, 1
0 24 4: 1258, 22, 1
0 24 9: 1189, 10, 3
0 24 21: 1259, 22, 3
0 24 22: 1259, 22, 3
0 24 23: 1258, 22, 1
0 24 24: 1258, 22, 1
0 24 25: 1258, 22, 2
0 24 31: 1257, 22, 3
0 24 32: 1258, 22, 3
0 24 33: 1259, 22, 1
0 24 34: 1259, 22, 3
0 24 35: 1247, 22, 0
0 24 36: 1246, 22, 1
0 24 42: 1247, 22, 1
0 24 43: 1247, 22, 0
0 24 47: 825, 22, 2
0 24 50: 1258, 22, 3
0 24 51: 1257, 22, 0
0 24 61: 1252, 22, 2
0 24 62: 1252, 22, 1
0 25 0: 1257, 22, 0
0 25 1: 1257, 22, 2
0 25 2: 1258, 22, 1
0 25 5: 1257, 22, 3
0 25 6: 1258, 22, 2
0 25 7: 1257, 22, 3
0 25 8: 1257, 22, 2
0 25 23: 1258, 22, 0
0 25 25: 1258, 22, 3
0 25 26: 1247, 22, 2
0 25 26: 1315, 10, 1
0 25 27: 1247, 22, 0
0 25 32: 1257, 22, 2
0 25 33: 1257, 22, 2
0 25 34: 1258, 22, 0
0 25 35: 1258, 22, 3
0 25 36: 1257, 22, 3
0 25 38: 1247, 22, 2
0 25 38: 1276, 10, 0
0 25 39: 1247, 22, 3
0 25 40: 1247, 22, 0
0 25 40: 1281, 10, 3
0 25 49: 1257, 22, 1
0 25 50: 1258, 22, 3
0 25 51: 1257, 22, 3
0 25 56: 1258, 22, 2
0 25 57: 1258, 22, 1
0 25 58: 1189, 10, 2
0 25 58: 1257, 22, 3
0 26 2: 1189, 10, 3
0 26 3: 1189, 10, 0
0 26 3: 1257, 22, 2
0 26 4: 1257, 22, 3
0 26 5: 1259, 22, 1
0 26 6: 1258, 22, 2
0 26 7: 1257, 22, 3
0 26 8: 1257, 22, 2
0 26 9: 1189, 10, 0
0 26 19: 1246, 22, 1
0 26 19: 1316, 10, 0
0 26 20: 1247, 22, 0
0 26 21: 1246, 22, 2
0 26 26: 1246, 22, 2
0 26 27: 1247, 22, 3
0 26 32: 1257, 22, 2
0 26 35: 1257, 22, 0
0 26 38: 1247, 22, 1
0 26 39: 1247, 22, 1
0 26 40: 1246, 22, 2
0 26 42: 1247, 22, 3
0 26 44: 1246, 22, 2
0 26 44: 1276, 10, 2
0 26 45: 1247, 22, 2
0 26 47: 1189, 10, 3
0 26 48: 1257, 22, 3
0 26 49: 1259, 22, 0
0 26 50: 1259, 22, 3
0 26 52: 444, 10, 2
0 26 52: 1258, 22, 0
0 26 54: 447, 10, 2
0 26 54: 1257, 22, 3
0 26 55: 1257, 22, 0
0 26 56: 1257, 22, 2
0 26 57: 1259, 22, 3
0 26 58: 1259, 22, 2
0 26 59: 1257, 22, 2
0 27 2: 1189, 10, 0
0 27 2: 1257, 22, 1
0 27 3: 1257, 22, 3
0 27 4: 1259, 22, 1
0 27 5: 1259, 22, 1
0 27 6: 1258, 22, 1
0 27 7: 1257, 22, 0
0 27 21: 1247, 22, 3
0 27 23: 1247, 22, 1
0 27 23: 1315, 10, 0
0 27 41: 1247, 22, 2
0 27 44: 1247, 22, 1
0 27 48: 1189, 10, 2
0 27 48: 1257, 22, 3
0 27 49: 1258, 22, 3
0 27 50: 447, 10, 3
0 27 52: 1258, 22, 1
0 27 54: 444, 10, 3
0 27 54: 1258, 22, 2
0 27 55: 1258, 22, 2
0 27 56: 1257, 22, 1
0 27 57: 1257, 22, 0
0 27 58: 1259, 22, 0
0 27 59: 1189, 10, 3
0 27 59: 1257, 22, 2
0 28 0: 1189, 10, 1
0 28 2: 1257, 22, 2
0 28 5: 1258, 22, 1
0 28 19: 1246, 22, 0
0 28 21: 1247, 22, 2
0 28 23: 1246, 22, 3
0 28 24: 1247, 22, 0
0 28 47: 1189, 10, 1
0 28 48: 1259, 22, 2
0 28 49: 1259, 22, 1
0 28 51: 447, 10, 0
0 28 52: 445, 10, 1
0 28 52: 1257, 22, 1
0 28 53: 1257, 22, 2
0 28 56: 447, 10, 1
0 28 57: 1259, 22, 0
0 28 58: 1258, 22, 0
0 28 59: 1257, 22, 1
0 28 60: 1247, 22, 2
0 28 60: 1276, 10, 2
0 28 61: 1247, 22, 3
0 29 2: 1257, 22, 1
0 29 3: 1257, 22, 0
0 29 4: 1257, 22, 1
0 29 5: 1257, 22, 0
0 29 41: 1247, 22, 3
0 29 41: 1276, 10, 1
0 29 42: 1247, 22, 0
0 29 48: 1257, 22, 2
0 29 49: 1258, 22, 0
0 29 50: 1259, 22, 1
0 29 51: 1257, 22, 0
0 29 52: 1257, 22, 3
0 29 53: 1257, 22, 2
0 29 56: 1259, 22, 1
0 29 60: 1247, 22, 0
0 29 61: 1246, 22, 1
0 30 2: 1257, 22, 1
0 30 3: 1257, 22, 1
0 30 4: 1394, 10, 0
0 30 27: 325, 22, 2
0 30 33: 325, 22, 1
0 30 40: 1257, 22, 2
0 30 42: 1247, 22, 2
0 30 43: 1257, 22, 2
0 30 45: 1247, 22, 3
0 30 45: 1315, 10, 3
0 30 46: 1247, 22, 0
0 30 48: 1257, 22, 2
0 30 49: 1259, 22, 2
0 30 50: 1259, 22, 2
0 30 56: 1259, 22, 1
0 30 57: 1189, 10, 0
0 30 59: 1247, 22, 0
0 30 59: 1281, 10, 1
0 30 60: 1247, 22, 1
0 30 61: 1247, 22, 2
0 31 3: 1394, 10, 3
0 31 8: 323, 22, 1
0 31 9: 320, 22, 1
0 31 10: 320, 22, 1
0 31 22: 325, 22, 3
0 31 24: 849, 10, 2
0 31 25: 849, 10, 2
0 31 26: 325, 22, 1
0 31 26: 849, 10, 2
0 31 27: 324, 22, 2
0 31 28: 325, 22, 3
0 31 28: 849, 10, 2
0 31 29: 849, 10, 2
0 31 30: 325, 22, 0
0 31 32: 325, 22, 2
0 31 33: 324, 22, 1
0 31 34: 325, 22, 0
0 31 34: 1298, 10, 1
0 31 35: 1646, 4, 2
0 31 40: 1258, 22, 3
0 31 41: 1259, 22, 0
0 31 42: 1258, 22, 2
0 31 43: 1257, 22, 0
0 31 45: 1247, 22, 1
0 31 46: 1246, 22, 1
0 31 49: 1257, 22, 1
0 31 51: 1257, 22, 2
0 31 52: 1276, 10, 1
0 31 53: 1247, 22, 1
0 31 54: 1189, 10, 2
0 31 57: 1247, 22, 3
0 31 57: 1276, 10, 3
0 31 58: 1246, 22, 0
0 31 61: 1247, 22, 3
0 32 6: 323, 22, 2
0 32 7: 320, 22, 0
0 32 8: 320, 22, 3
0 32 9: 319, 22, 3
0 32 10: 320, 22, 0
0 32 19: 1342, 10, 1
0 32 21: 325, 22, 2
0 32 21: 1620, 3, 1
0 32 22: 326, 22, 2
0 32 22: 1620, 0, 2
0 32 23: 325, 22, 1
0 32 23: 1620, 0, 2
0 32 24: 1620, 0, 2
0 32 25: 1620, 0, 2
0 32 25: 1646, 5, 2
0 32 26: 1620, 0, 2
0 32 27: 325, 22, 0
0 32 27: 1620, 0, 2
0 32 28: 1620, 0, 2
0 32 29: 325, 22, 1
0 32 29: 1620, 0, 2
0 32 30: 326, 22, 3
0 32 30: 1620, 0, 2
0 32 30: 1646, 5, 2
0 32 31: 325, 22, 3
0 32 31: 1620, 9, 3
0 32 32: 1620, 0, 0
0 32 32: 1872, 5, 0
0 32 33: 1620, 0, 0
0 32 33: 1872, 5, 0
0 32 34: 1620, 0, 0
0 32 35: 1620, 0, 0
0 32 35: 1646, 5, 0
0 32 36: 1620, 9, 0
0 32 37: 358, 10, 0
0 32 40: 1257, 22, 3
0 32 41: 1259, 22, 3
0 32 42: 1259, 22, 3
0 32 43: 1258, 22, 0
0 32 44: 1257, 22, 0
0 32 49: 1257, 22, 3
0 32 50: 1259, 22, 0
0 32 51: 1257, 22, 2
0 32 53: 1247, 22, 2
0 32 56: 1259, 22, 1
0 32 58: 1247, 22, 1
0 32 59: 1247, 22, 1
0 32 61: 1246, 22, 2
0 33 4: 323, 22, 3
0 33 5: 320, 22, 1
0 33 6: 323, 22, 2
0 33 7: 319, 22, 1
0 33 8: 321, 22, 1
0 33 9: 320, 22, 3
0 33 20: 325, 22, 1
0 33 21: 1620, 0, 1
0 33 22: 326, 22, 2
0 33 22: 1286, 10, 3
0 33 23: 325, 22, 2
0 33 23: 1872, 4, 0
0 33 24: 324, 22, 2
0 33 24: 1872, 4, 0
0 33 25: 324, 22, 1
0 33 25: 1646, 4, 0
0 33 26: 325, 22, 3
0 33 27: 1872, 4, 0
0 33 28: 1872, 4, 0
0 33 30: 1646, 4, 0
0 33 36: 325, 22, 0
0 33 36: 1183, 5, 1
0 33 36: 1620, 0, 1
0 33 36: 1870, 10, 0
0 33 39: 357, 10, 2
0 33 40: 362, 10, 2
0 33 41: 1258, 22, 1
0 33 42: 1259, 22, 2
0 33 43: 1258, 22, 3
0 33 44: 1257, 22, 1
0 33 47: 1247, 22, 3
0 33 47: 1315, 10, 0
0 33 50: 1259, 22, 2
0 33 51: 1259, 22, 3
0 33 52: 1259, 22, 3
0 33 53: 1247, 22, 1
0 33 53: 1315, 10, 3
0 33 54: 1246, 22, 0
0 33 55: 1259, 22, 3
0 33 56: 1259, 22, 0
0 33 57: 1258, 22, 3
0 34 4: 320, 22, 0
0 34 5: 321, 22, 3
0 34 6: 320, 22, 1
0 34 7: 319, 22, 2
0 34 8: 320, 22, 1
0 34 9: 323, 22, 0
0 34 21: 325, 22, 0
0 34 21: 1620, 0, 1
0 34 22: 325, 22, 1
0 34 22: 1183, 4, 3
0 34 23: 325, 22, 2
0 34 24: 325, 22, 1
0 34 25: 325, 22, 0
0 34 33: 1281, 10, 2
0 34 34: 1247, 22, 0
0 34 35: 1246, 22, 3
0 34 36: 1620, 0, 1
0 34 36: 1872, 5, 1
0 34 37: 325, 22, 2
0 34 38: 357, 10, 0
0 34 39: 362, 10, 3
0 34 40: 357, 10, 1
0 34 41: 362, 10, 1
0 34 41: 1257, 22, 2
0 34 42: 1259, 22, 2
0 34 43: 1257, 22, 0
0 34 44: 1247, 22, 0
0 34 44: 1315, 10, 1
0 34 47: 1246, 22, 0
0 34 48: 1247, 22, 2
0 34 50: 1257, 22, 0
0 34 51: 1257, 22, 3
0 34 52: 1258, 22, 1
0 34 53: 1247, 22, 0
0 34 54: 1247, 22, 3
0 35 2: 323, 22, 1
0 35 3: 320, 22, 2
0 35 4: 319, 22, 0
0 35 5: 320, 22, 3
0 35 6: 319, 22, 1
0 35 7: 321, 22, 3
0 35 8: 320, 22, 2
0 35 9: 323, 22, 3
0 35 14: 1247, 22, 3
0 35 14: 1315, 10, 0
0 35 15: 1246, 22, 1
0 35 19: 325, 22, 3
0 35 21: 1620, 0, 1
0 35 22: 325, 22, 3
0 35 24: 1631, 1, 1
0 35 25: 1631, 0, 2
0 35 26: 1631, 0, 2
0 35 27: 1631, 0, 2
0 35 28: 1631, 1, 2
0 35 32: 325, 22, 2
0 35 33: 1247, 22, 2
0 35 35: 1247, 22, 1
0 35 36: 1620, 0, 1
0 35 36: 1872, 5, 1
0 35 37: 326, 22, 0
0 35 38: 306, 10, 3
0 35 38: 325, 22, 3
0 35 43: 1257, 22, 1
0 35 44: 1247, 22, 1
0 35 45: 1247, 22, 2
0 35 52: 1316, 10, 0
0 35 53: 1247, 22, 0
0 35 55: 1247, 22, 2
0 35 55: 1315, 10, 1
0 35 56: 1247, 22, 3
0 35 57: 1194, 10, 0
0 35 60: 1315, 10, 2
0 36 1: 320, 22, 3
0 36 2: 321, 22, 0
0 36 3: 320, 22, 3
0 36 4: 320, 22, 0
0 36 5: 321, 22, 2
0 36 6: 320, 22, 2
0 36 7: 319, 22, 1
0 36 8: 320, 22, 3
0 36 14: 1247, 22, 2
0 36 15: 1247, 22, 1
0 36 21: 325, 22, 1
0 36 21: 1620, 0, 1
0 36 21: 1646, 5, 1
0 36 22: 1646, 4, 3
0 36 24: 1631, 0, 1
0 36 25: 1747, 10, 2
0 36 28: 326, 22, 3
0 36 29: 325, 22, 3
0 36 30: 325, 22, 2
0 36 31: 325, 22, 1
0 36 32: 324, 22, 2
0 36 33: 325, 22, 3
0 36 34: 1246, 22, 2
0 36 35: 1247, 22, 0
0 36 36: 325, 22, 1
0 36 36: 1620, 0, 1
0 36 36: 1646, 5, 1
0 36 36: 1870, 10, 0
0 36 37: 325, 22, 0
0 36 37: 1646, 4, 3
0 36 44: 1259, 22, 0
0 36 50: 1315, 10, 2
0 36 51: 1247, 22, 2
0 36 52: 1247, 22, 3
0 36 54: 1246, 22, 3
0 36 55: 1246, 22, 0
0 36 56: 1247, 22, 1
0 36 60: 1247, 22, 0
0 36 62: 1247, 22, 2
0 37 0: 323, 22, 1
0 37 1: 320, 22, 0
0 37 2: 319, 22, 0
0 37 3: 321, 22, 2
0 37 4: 320, 22, 2
0 37 5: 320, 22, 1
0 37 6: 320, 22, 0
0 37 7: 323, 22, 3
0 37 8: 320, 22, 2
0 37 15: 1247, 22, 0
0 37 15: 1315, 10, 3
0 37 16: 1247, 22, 3
0 37 20: 325, 22, 2
0 37 20: 849, 10, 1
0 37 21: 324, 22, 1
0 37 21: 1620, 0, 1
0 37 23: 1286, 10, 0
0 37 24: 1631, 0, 1
0 37 25: 1626, 0, 0
0 37 26: 2305, 10, 2
0 37 27: 2305, 10, 0
0 37 28: 1631, 0, 3
0 37 32: 325, 22, 0
0 37 36: 1620, 0, 1
0 37 36: 1872, 5, 1
0 37 48: 1194, 10, 0
0 37 50: 1247, 22, 2
0 37 51: 1246, 22, 1
0 37 53: 1247, 22, 2
0 37 58: 1247, 22, 3
0 37 59: 1316, 10, 2
0 37 60: 1247, 22, 0
0 37 61: 1247, 22, 3
0 37 62: 1315, 10, 1
0 37 63: 1247, 22, 1
0 38 1: 320, 22, 2
0 38 2: 320, 22, 1
0 38 3: 323, 22, 3
0 38 9: 1257, 22, 2
0 38 12: 1315, 10, 2
0 38 15: 1246, 22, 3
0 38 16: 1247, 22, 3
0 38 20: 849, 10, 1
0 38 21: 325, 22, 3
0 38 21: 1620, 0, 1
0 38 23: 325, 22, 3
0 38 24: 1631, 0, 1
0 38 26: 2305, 10, 3
0 38 27: 2305, 10, 3
0 38 28: 1631, 0, 3
0 38 30: 325, 22, 1
0 38 33: 325, 22, 2
0 38 36: 1620, 0, 1
0 38 36: 1872, 5, 1
0 38 37: 325, 22, 3
0 38 45: 1257, 22, 1
0 38 46: 1257, 22, 2
0 38 59: 1247, 22, 2
0 38 63: 1246, 22, 3
0 39 7: 1257, 22, 0
0 39 8: 1257, 22, 3
0 39 9: 1189, 10, 3
0 39 9: 1259, 22, 3
0 39 10: 1257, 22, 1
0 39 11: 1257, 22, 0
0 39 13: 1246, 22, 2
0 39 20: 849, 10, 1
0 39 21: 1620, 0, 1
0 39 24: 1631, 0, 1
0 39 26: 2305, 11, 2
0 39 27: 2305, 10, 2
0 39 28: 1631, 0, 3
0 39 29: 325, 22, 1
0 39 30: 326, 22, 1
0 39 31: 325, 22, 3
0 39 33: 325, 22, 3
0 39 36: 325, 22, 0
0 39 36: 1620, 0, 1
0 39 36: 1870, 10, 0
0 39 37: 325, 22, 2
0 39 44: 1257, 22, 0
0 39 45: 1258, 22, 2
0 39 46: 1258, 22, 2
0 39 47: 1257, 22, 3
0 39 53: 1247, 22, 2
0 39 53: 1315, 10, 1
0 39 54: 1246, 22, 3
0 39 57: 1315, 10, 3
0 39 59: 1246, 22, 1
0 39 61: 1247, 22, 1
0 40 7: 1257, 22, 3
0 40 8: 1259, 22, 1
0 40 9: 1258, 22, 3
0 40 10: 1259, 22, 2
0 40 11: 1258, 22, 0
0 40 12: 1257, 22, 3
0 40 20: 849, 10, 1
0 40 21: 1620, 0, 1
0 40 22: 1286, 10, 1
0 40 24: 325, 22, 3
0 40 24: 1631, 0, 1
0 40 28: 1631, 0, 3
0 40 30: 325, 22, 2
0 40 31: 1626, 1, 1
0 40 32: 1947, 0, 2
0 40 33: 1948, 10, 2
0 40 34: 1947, 0, 2
0 40 36: 1620, 0, 1
0 40 36: 1872, 5, 1
0 40 37: 326, 22, 3
0 40 37: 1391, 10, 0
0 40 38: 325, 22, 1
0 40 43: 1257, 22, 3
0 40 44: 1259, 22, 3
0 40 45: 1258, 22, 3
0 40 46: 1258, 22, 0
0 40 47: 1258, 22, 3
0 40 48: 1257, 22, 0
0 40 51: 1315, 10, 0
0 40 52: 1247, 22, 0
0 40 54: 1247, 22, 1
0 41 6: 1257, 22, 1
0 41 6: 1394, 10, 1
0 41 7: 1259, 22, 0
0 41 8: 1259, 22, 2
0 41 9: 1258, 22, 3
0 41 10: 1257, 22, 2
0 41 12: 1394, 10, 3
0 41 20: 849, 10, 1
0 41 21: 325, 22, 3
0 41 21: 1620, 0, 1
0 41 21: 1646, 5, 1
0 41 22: 325, 22, 2
0 41 22: 1646, 4, 3
0 41 24: 1631, 0, 1
0 41 28: 1631, 0, 3
0 41 29: 1118, 10, 2
0 41 31: 1626, 0, 1
0 41 33: 325, 22, 2
0 41 34: 1624, 0, 1
0 41 36: 1620, 0, 1
0 41 36: 1646, 5, 1
0 41 37: 324, 22, 1
0 41 37: 1646, 4, 3
0 41 38: 325, 22, 0
0 41 44: 1189, 10, 1
0 41 44: 1258, 22, 0
0 41 45: 1259, 22, 0
0 41 46: 1258, 22, 3
0 41 47: 1258, 22, 0
0 41 48: 1257, 22, 1
0 41 51: 1247, 22, 3
0 41 52: 1246, 22, 2
0 41 60: 1194, 10, 3
0 41 62: 1247, 22, 2
0 41 62: 1316, 10, 1
0 41 63: 1246, 22, 0
0 42 6: 1258, 22, 2
0 42 7: 1257, 22, 0
0 42 8: 1257, 22, 0
0 42 13: 1257, 22, 2
0 42 17: 1342, 10, 2
0 42 20: 849, 10, 1
0 42 21: 1620, 0, 1
0 42 22: 326, 22, 0
0 42 24: 1631, 0, 1
0 42 25: 2284, 10, 3
0 42 27: 1631, 0, 3
0 42 28: 1631, 0, 3
0 42 31: 1624, 0, 1
0 42 32: 325, 22, 1
0 42 32: 2310, 4, 3
0 42 33: 326, 22, 2
0 42 34: 1625, 0, 1
0 42 36: 325, 22, 3
0 42 36: 1620, 0, 1
0 42 36: 1870, 10, 0
0 42 37: 325, 22, 1
0 42 44: 1258, 22, 0
0 42 45: 1259, 22, 3
0 42 46: 1189, 10, 1
0 42 46: 1258, 22, 3
0 42 47: 1189, 10, 2
0 42 47: 1258, 22, 1
0 42 48: 1258, 22, 2
0 42 49: 1257, 22, 1
0 42 58: 1246, 22, 2
0 42 58: 1316, 10, 0
0 42 60: 1247, 22, 2
0 42 62: 1247, 22, 3
0 43 12: 1257, 22, 0
0 43 13: 1259, 22, 0
0 43 14: 1259, 22, 2
0 43 14: 1394, 10, 2
0 43 15: 1257, 22, 0
0 43 20: 849, 10, 1
0 43 21: 1620, 0, 1
0 43 22: 325, 22, 3
0 43 25: 326, 22, 2
0 43 26: 325, 22, 2
0 43 27: 325, 22, 0
0 43 30: 325, 22, 1
0 43 31: 1631, 0, 1
0 43 32: 1945, 0, 2
0 43 33: 325, 22, 0
0 43 33: 1948, 10, 2
0 43 34: 1624, 2, 1
0 43 36: 1620, 0, 1
0 43 36: 1873, 5, 1
0 43 37: 1391, 10, 2
0 43 37: 1873, 4, 3
0 43 43: 1257, 22, 2
0 43 44: 1258, 22, 3
0 43 45: 1189, 10, 0
0 43 45: 1258, 22, 3
0 43 46: 1189, 10, 3
0 43 46: 1259, 22, 1
0 43 47: 1258, 22, 2
0 43 48: 1257, 22, 2
0 43 49: 1246, 22, 1
0 43 49: 1315, 10, 2
0 43 50: 1247, 22, 2
0 43 56: 1247, 22, 1
0 43 56: 1315, 10, 2
0 43 58: 1247, 22, 0
0 43 62: 1247, 22, 1
0 43 63: 1247, 22, 0
0 44 4: 1394, 10, 0
0 44 5: 1258, 22, 3
0 44 13: 1257, 22, 3
0 44 14: 1259, 22, 1
0 44 15: 1257, 22, 1
0 44 21: 325, 22, 2
0 44 21: 1620, 0, 1
0 44 22: 325, 22, 2
0 44 25: 325, 22, 0
0 44 26: 325, 22, 1
0 44 29: 325, 22, 2
0 44 30: 326, 22, 3
0 44 31: 325, 22, 3
0 44 31: 1625, 0, 1
0 44 32: 325, 22, 1
0 44 33: 326, 22, 0
0 44 34: 325, 22, 3
0 44 34: 1625, 0, 1
0 44 36: 1620, 0, 1
0 44 36: 1872, 5, 1
0 44 38: 325, 22, 2
0 44 39: 325, 22, 3
0 44 45: 1257, 22, 1
0 44 46: 1258, 22, 2
0 44 47: 1258, 22, 3
0 44 49: 1247, 22, 2
0 44 50: 1247, 22, 0
0 44 53: 1246, 22, 1
0 44 53: 1315, 10, 3
0 44 54: 1247, 22, 3
0 44 56: 1246, 22, 3
0 44 57: 1247, 22, 2
0 44 60: 1247, 22, 3
0 45 4: 1258, 22, 0
0 45 5: 1259, 22, 1
0 45 9: 1177, 10, 2
0 45 14: 1257, 22, 3
0 45 21: 1620, 0, 1
0 45 27: 325, 22, 3
0 45 29: 325, 22, 3
0 45 30: 325, 22, 2
0 45 30: 1124, 10, 2
0 45 31: 325, 22, 3
0 45 31: 1624, 0, 1
0 45 32: 2310, 4, 3
0 45 33: 325, 22, 2
0 45 34: 1626, 0, 1
0 45 36: 325, 22, 2
0 45 36: 1620, 0, 1
0 45 36: 1870, 10, 0
0 45 37: 326, 22, 2
0 45 38: 325, 22, 3
0 45 39: 325, 22, 3
0 45 40: 1391, 10, 1
0 45 46: 1257, 22, 0
0 45 47: 1257, 22, 3
0 45 51: 1257, 22, 3
0 45 52: 1257, 22, 2
0 45 53: 1247, 22, 0
0 45 57: 1194, 10, 1
0 45 59: 1315, 10, 0
0 46 3: 1189, 10, 3
0 46 4: 1258, 22, 2
0 46 15: 1257, 22, 2
0 46 20: 849, 10, 1
0 46 21: 1620, 0, 1
0 46 21: 1646, 5, 1
0 46 22: 1646, 4, 3
0 46 24: 325, 22, 1
0 46 25: 325, 22, 0
0 46 26: 326, 22, 0
0 46 27: 324, 22, 2
0 46 28: 325, 22, 2
0 46 31: 1625, 0, 1
0 46 32: 1947, 0, 2
0 46 33: 325, 22, 1
0 46 33: 1948, 10, 2
0 46 34: 1624, 2, 1
0 46 36: 1620, 0, 1
0 46 36: 1646, 5, 1
0 46 37: 1646, 4, 3
0 46 38: 325, 22, 0
0 46 39: 325, 22, 2
0 46 40: 325, 22, 1
0 46 49: 1257, 22, 1
0 46 50: 1258, 22, 3
0 46 51: 1258, 22, 2
0 46 52: 1257, 22, 1
0 46 53: 1257, 22, 0
0 46 60: 1246, 22, 3
0 46 63: 1194, 10, 2
0 47 3: 1189, 10, 0
0 47 4: 1257, 22, 1
0 47 15: 1258, 22, 3
0 47 20: 849, 10, 1
0 47 21: 1620, 0, 1
0 47 23: 325, 22, 0
0 47 28: 1162, 10, 1
0 47 32: 325, 22, 0
0 47 33: 324, 22, 3
0 47 34: 325, 22, 3
0 47 36: 1872, 5, 1
0 47 36: 1879, 0, 1
0 47 37: 326, 22, 3
0 47 37: 1391, 10, 1
0 47 38: 326, 22, 0
0 47 39: 1391, 10, 0
0 47 40: 326, 22, 1
0 47 41: 325, 22, 0
0 47 41: 1391, 10, 0
0 47 42: 1391, 10, 3
0 47 48: 1257, 22, 2
0 47 49: 1258, 22, 2
0 47 50: 1259, 22, 0
0 47 51: 1258, 22, 3
0 47 52: 1259, 22, 1
0 47 53: 1258, 22, 1
0 47 54: 1258, 22, 0
0 47 55: 1194, 10, 0
0 47 55: 1257, 22, 3
0 48 2: 1165, 10, 0
0 48 3: 1258, 22, 2
0 48 4: 1259, 22, 2
0 48 5: 1189, 10, 1
0 48 9: 1176, 10, 0
0 48 15: 1258, 22, 2
0 48 20: 849, 10, 1
0 48 21: 1620, 0, 1
0 48 23: 1162, 10, 0
0 48 25: 2026, 10, 3
0 48 29: 1162, 10, 0
0 48 33: 325, 22, 0
0 48 36: 325, 22, 1
0 48 36: 1870, 10, 0
0 48 36: 1872, 5, 1
0 48 36: 1878, 0, 1
0 48 37: 326, 22, 1
0 48 38: 1391, 10, 2
0 48 40: 1391, 10, 3
0 48 49: 1257, 22, 3
0 48 50: 1258, 22, 0
0 48 51: 1259, 22, 3
0 48 52: 1258, 22, 0
0 48 53: 1259, 22, 2
0 48 54: 1258, 22, 1
0 48 55: 1257, 22, 2
0 48 56: 1257, 22, 1
0 49 4: 1189, 10, 3
0 49 4: 1258, 22, 3
0 49 11: 1177, 10, 3
0 49 15: 1258, 22, 1
0 49 20: 849, 10, 1
0 49 21: 1620, 0, 1
0 49 22: 325, 22, 2
0 49 27: 2026, 10, 0
0 49 30: 325, 22, 1
0 49 36: 325, 22, 3
0 49 36: 1183, 4, 2
0 49 36: 1620, 0, 1
0 49 37: 326, 22, 1
0 49 37: 997, 0, 2
0 49 38: 325, 22, 2
0 49 38: 997, 0, 2
0 49 39: 325, 22, 2
0 49 39: 997, 0, 2
0 49 40: 997, 0, 2
0 49 41: 325, 22, 0
0 49 41: 997, 0, 2
0 49 42: 997, 0, 2
0 49 43: 849, 10, 2
0 49 43: 997, 0, 2
0 49 44: 849, 10, 2
0 49 44: 997, 0, 2
0 49 45: 849, 10, 2
0 49 45: 997, 0, 2
0 49 46: 849, 10, 2
0 49 46: 997, 0, 2
0 49 47: 849, 10, 2
0 49 47: 997, 0, 2
0 49 48: 849, 10, 2
0 49 48: 997, 0, 2
0 49 49: 2116, 0, 2
0 49 50: 1257, 22, 0
0 49 50: 2115, 0, 2
0 49 51: 849, 10, 2
0 49 51: 997, 0, 2
0 49 51: 1257, 22, 1
0 49 52: 849, 10, 2
0 49 52: 997, 0, 2
0 49 52: 1257, 22, 2
0 49 53: 848, 11, 1
0 49 53: 1258, 22, 2
0 49 54: 1257, 22, 3
0 49 55: 1257, 22, 0
0 49 58: 1194, 10, 3
0 49 60: 1246, 22, 2
0 49 60: 1315, 10, 2
0 49 61: 1247, 22, 1
0 50 4: 1258, 22, 2
0 50 7: 1175, 10, 0
0 50 8: 1175, 10, 0
0 50 17: 307, 10, 3
0 50 20: 849, 10, 1
0 50 21: 1620, 0, 1
0 50 22: 326, 22, 2
0 50 25: 2026, 10, 2
0 50 27: 1177, 10, 2
0 50 30: 326, 22, 1
0 50 33: 325, 22, 1
0 50 36: 326, 22, 2
0 50 36: 1620, 2, 3
0 50 37: 325, 22, 1
0 50 37: 1620, 0, 0
0 50 38: 1620, 0, 0
0 50 39: 325, 22, 0
0 50 39: 1620, 0, 0
0 50 40: 1620, 0, 0
0 50 41: 1620, 0, 0
0 50 42: 325, 22, 0
0 50 42: 1620, 0, 0
0 50 43: 324, 22, 1
0 50 43: 1620, 2, 0
0 50 44: 1872, 4, 3
0 50 45: 1602, 3, 0
0 50 48: 1602, 3, 0
0 50 50: 1602, 3, 0
0 50 53: 997, 9, 2
0 50 54: 1257, 22, 0
0 50 56: 1315, 10, 0
0 50 57: 1247, 22, 2
0 50 60: 1247, 22, 3
0 51 1: 1166, 10, 1
0 51 2: 1257, 22, 1
0 51 3: 1189, 10, 2
0 51 3: 1257, 22, 0
0 51 4: 1259, 22, 3
0 51 20: 849, 10, 1
0 51 21: 325, 22, 0
0 51 21: 1620, 0, 1
0 51 22: 325, 22, 0
0 51 27: 2026, 10, 1
0 51 30: 325, 22, 0
0 51 31: 1759, 10, 0
0 51 32: 325, 22, 3
0 51 33: 326, 22, 1
0 51 34: 325, 22, 0
0 51 35: 325, 22, 3
0 51 36: 325, 22, 2
0 51 36: 1620, 0, 3
0 51 37: 595, 10, 2
0 51 38: 325, 22, 2
0 51 40: 595, 10, 2
0 51 41: 918, 22, 2
0 51 42: 918, 22, 0
0 51 43: 325, 22, 3
0 51 53: 1257, 22, 2
0 51 53: 1602, 3, 0
0 51 54: 849, 10, 3
0 51 54: 997, 0, 3
0 51 54: 1259, 22, 0
0 51 55: 1257, 22, 1
0 51 56: 1247, 22, 0
0 51 57: 1247, 22, 1
0 52 1: 1257, 22, 3
0 52 2: 1257, 22, 1
0 52 3: 1258, 22, 2
0 52 4: 1258, 22, 0
0 52 9: 1175, 10, 1
0 52 20: 325, 22, 1
0 52 20: 849, 10, 1
0 52 21: 324, 22, 0
0 52 21: 1620, 0, 1
0 52 22: 325, 22, 3
0 52 30: 325, 22, 0
0 52 33: 325, 22, 2
0 52 34: 325, 22, 2
0 52 35: 324, 22, 3
0 52 36: 1620, 0, 3
0 52 37: 325, 22, 0
0 52 38: 324, 22, 0
0 52 39: 325, 22, 2
0 52 41: 918, 22, 2
0 52 42: 918, 22, 0
0 52 43: 325, 22, 1
0 52 43: 1620, 0, 1
0 52 44: 1872, 4, 3
0 52 49: 320, 22, 1
0 52 53: 1257, 22, 3
0 52 54: 849, 10, 3
0 52 54: 997, 0, 3
0 52 54: 1258, 22, 3
0 52 55: 1258, 22, 0
0 52 56: 1257, 22, 0
0 53 0: 1257, 22, 3
0 53 1: 1257, 22, 2
0 53 2: 1169, 10, 0
0 53 2: 1258, 22, 1
0 53 3: 1166, 10, 2
0 53 3: 1259, 22, 0
0 53 4: 1257, 22, 2
0 53 14: 1394, 10, 1
0 53 17: 357, 10, 2
0 53 18: 356, 10, 1
0 53 21: 325, 22, 2
0 53 21: 1620, 0, 1
0 53 23: 325, 22, 1
0 53 28: 1162, 10, 3
0 53 29: 325, 22, 3
0 53 30: 324, 22, 0
0 53 30: 1626, 0, 2
0 53 31: 1625, 0, 2
0 53 32: 1624, 0, 2
0 53 35: 325, 22, 2
0 53 36: 325, 22, 3
0 53 36: 1620, 2, 2
0 53 37: 325, 22, 3
0 53 37: 1620, 0, 2
0 53 38: 325, 22, 0
0 53 38: 1620, 0, 2
0 53 39: 1620, 0, 2
0 53 40: 1620, 0, 2
0 53 41: 364, 10, 1
0 53 41: 1620, 0, 2
0 53 42: 325, 22, 2
0 53 42: 364, 10, 1
0 53 42: 1620, 0, 2
0 53 43: 324, 22, 3
0 53 43: 1620, 2, 1
0 53 48: 320, 22, 0
0 53 49: 319, 22, 0
0 53 50: 320, 22, 0
0 53 52: 1122, 10, 0
0 53 54: 849, 10, 3
0 53 54: 997, 0, 3
0 53 54: 1259, 22, 2
0 53 55: 1259, 22, 0
0 53 56: 1258, 22, 3
0 53 57: 1194, 10, 1
0 53 57: 1257, 22, 3
0 53 62: 1194, 10, 3
0 54 1: 1165, 10, 0
0 54 1: 1257, 22, 1
0 54 2: 1166, 10, 3
0 54 2: 1258, 22, 0
0 54 3: 1259, 22, 3
0 54 4: 1257, 22, 3
0 54 15: 1394, 10, 0
0 54 17: 356, 10, 0
0 54 21: 1620, 0, 1
0 54 24: 325, 22, 0
0 54 27: 325, 22, 2
0 54 30: 2306, 22, 2
0 54 31: 2306, 22, 3
0 54 32: 2280, 10, 0
0 54 32: 2306, 22, 0
0 54 33: 2306, 22, 1
0 54 36: 1118, 10, 2
0 54 37: 205, 4, 0
0 54 38: 325, 22, 1
0 54 39: 325, 22, 1
0 54 39: 1299, 10, 3
0 54 39: 1620, 0, 1
0 54 40: 326, 22, 0
0 54 40: 366, 10, 1
0 54 41: 325, 22, 3
0 54 41: 366, 11, 1
0 54 41: 1183, 4, 0
0 54 42: 205, 4, 0
0 54 47: 1646, 4, 2
0 54 48: 1286, 10, 0
0 54 48: 1874, 4, 2
0 54 49: 320, 22, 0
0 54 52: 1646, 4, 2
0 54 53: 1602, 3, 1
0 54 54: 849, 10, 3
0 54 54: 997, 0, 3
0 54 54: 1258, 22, 3
0 54 55: 1259, 22, 1
0 54 56: 1259, 22, 3
0 54 57: 1257, 22, 2
0 54 60: 1194, 10, 0
0 55 2: 1257, 22, 0
0 55 3: 1259, 22, 1
0 55 14: 1394, 10, 3
0 55 21: 325, 22, 2
0 55 21: 1173, 10, 0
0 55 21: 1620, 0, 1
0 55 27: 325, 22, 3
0 55 28: 324, 22, 3
0 55 29: 325, 22, 3
0 55 30: 2282, 10, 0
0 55 30: 2306, 22, 1
0 55 31: 2306, 22, 0
0 55 32: 2306, 22, 3
0 55 33: 2306, 22, 2
0 55 37: 315, 22, 0
0 55 39: 325, 22, 1
0 55 39: 1620, 0, 1
0 55 40: 325, 22, 0
0 55 40: 1872, 4, 3
0 55 46: 326, 22, 1
0 55 46: 365, 10, 0
0 55 46: 1620, 2, 3
0 55 47: 325, 22, 0
0 55 47: 365, 10, 1
0 55 47: 1620, 0, 0
0 55 47: 1646, 5, 0
0 55 48: 1620, 0, 0
0 55 48: 1874, 5, 0
0 55 49: 1544, 0, 0
0 55 50: 1542, 0, 0
0 55 51: 325, 22, 1
0 55 51: 1620, 0, 0
0 55 52: 325, 22, 3
0 55 52: 1620, 0, 0
0 55 52: 1646, 5, 0
0 55 53: 326, 22, 0
0 55 53: 375, 10, 1
0 55 53: 1023, 5, 1
0 55 53: 1620, 2, 0
0 55 54: 997, 0, 3
0 55 54: 1258, 22, 1
0 55 55: 1315, 10, 3
0 55 56: 1247, 22, 1
0 55 61: 1194, 10, 1
0 56 13: 1189, 10, 1
0 56 16: 1189, 10, 0
0 56 20: 325, 22, 1
0 56 21: 324, 22, 3
0 56 21: 1631, 1, 0
0 56 22: 1620, 9, 0
0 56 22: 1646, 8, 0
0 56 30: 2306, 22, 2
0 56 31: 2306, 22, 3
0 56 32: 2280, 10, 2
0 56 32: 2306, 22, 0
0 56 33: 2306, 22, 1
0 56 39: 325, 22, 1
0 56 39: 2287, 10, 3
0 56 45: 1646, 4, 1
0 56 46: 325, 22, 2
0 56 46: 1620, 0, 3
0 56 46: 1646, 5, 3
0 56 47: 324, 22, 0
0 56 48: 325, 22, 3
0 56 53: 325, 22, 3
0 56 53: 1023, 5, 1
0 56 53: 1620, 0, 1
0 56 54: 997, 0, 3
0 56 55: 1247, 22, 2
0 56 56: 1247, 22, 3
0 57 13: 1394, 10, 0
0 57 16: 1394, 10, 0
0 57 21: 325, 22, 0
0 57 22: 325, 22, 3
0 57 22: 1631, 1, 0
0 57 23: 1620, 9, 0
0 57 32: 1646, 4, 2
0 57 37: 1646, 4, 2
0 57 38: 325, 22, 2
0 57 39: 326, 22, 2
0 57 39: 1298, 10, 3
0 57 39: 1620, 0, 1
0 57 40: 325, 22, 2
0 57 40: 1872, 4, 3
0 57 46: 1102, 10, 2
0 57 46: 1620, 0, 3
0 57 47: 325, 22, 1
0 57 48: 1102, 10, 2
0 57 50: 325, 22, 2
0 57 53: 1023, 5, 1
0 57 53: 1102, 10, 2
0 57 53: 1620, 0, 1
0 57 54: 997, 0, 3
0 57 59: 1194, 10, 2
0 58 18: 1189, 10, 2
0 58 23: 1631, 1, 0
0 58 24: 1620, 0, 0
0 58 25: 1620, 0, 0
0 58 26: 1620, 0, 0
0 58 27: 1879, 0, 0
0 58 28: 1878, 0, 0
0 58 29: 1620, 0, 0
0 58 30: 1620, 0, 0
0 58 31: 1620, 0, 0
0 58 32: 1620, 0, 0
0 58 32: 1646, 5, 0
0 58 33: 1620, 0, 0
0 58 34: 1620, 0, 0
0 58 35: 1620, 0, 0
0 58 36: 1173, 10, 2
0 58 36: 1620, 0, 0
0 58 37: 1620, 0, 0
0 58 37: 1646, 5, 0
0 58 38: 1620, 0, 0
0 58 39: 1298, 10, 3
0 58 39: 1620, 2, 0
0 58 40: 325, 22, 1
0 58 45: 1263, 22, 0
0 58 46: 325, 22, 0
0 58 46: 595, 10, 3
0 58 46: 1620, 0, 3
0 58 49: 325, 22, 1
0 58 50: 326, 22, 3
0 58 50: 1102, 10, 2
0 58 51: 325, 22, 3
0 58 52: 595, 10, 3
0 58 53: 325, 22, 1
0 58 53: 1620, 0, 1
0 58 54: 997, 0, 3
0 59 39: 1620, 0, 1
0 59 40: 1124, 10, 3
0 59 41: 1286, 10, 0
0 59 43: 304, 10, 2
0 59 44: 1183, 4, 2
0 59 44: 1263, 22, 1
0 59 45: 304, 10, 3
0 59 45: 1262, 22, 1
0 59 45: 1873, 4, 1
0 59 46: 326, 22, 2
0 59 46: 1102, 10, 2
0 59 46: 1620, 2, 2
0 59 47: 325, 22, 3
0 59 47: 1102, 10, 2
0 59 47: 1620, 0, 2
0 59 48: 1620, 0, 2
0 59 49: 1620, 0, 2
0 59 50: 325, 22, 0
0 59 50: 1620, 0, 2
0 59 51: 1620, 0, 2
0 59 52: 325, 22, 2
0 59 52: 1102, 10, 2
0 59 52: 1620, 0, 2
0 59 53: 324, 22, 0
0 59 53: 1102, 10, 2
0 59 53: 1620, 2, 1
0 59 54: 997, 0, 3
0 60 15: 1189, 10, 3
0 60 39: 1620, 1, 0
0 60 40: 1173, 10, 3
0 60 40: 1620, 0, 0
0 60 41: 1620, 0, 0
0 60 42: 1620, 0, 0
0 60 43: 1620, 0, 0
0 60 44: 1620, 0, 0
0 60 45: 1620, 0, 0
0 60 46: 997, 0, 0
0 60 47: 997, 0, 0
0 60 48: 997, 0, 0
0 60 49: 997, 0, 0
0 60 50: 997, 0, 0
0 60 51: 997, 0, 0
0 60 52: 997, 0, 0
0 60 52: 1173, 10, 1
0 60 53: 997, 0, 0
1 31 31: 1622, 1, 1
1 31 32: 1622, 0, 2
1 31 33: 1622, 0, 2
1 31 34: 1622, 0, 2
1 31 35: 1622, 0, 2
1 31 36: 1622, 1, 2
1 32 22: 1622, 0, 2
1 32 23: 1622, 0, 2
1 32 24: 1622, 0, 2
1 32 25: 1622, 0, 2
1 32 26: 1622, 0, 2
1 32 27: 1622, 0, 2
1 32 28: 1622, 0, 2
1 32 29: 1622, 0, 2
1 32 30: 1622, 0, 2
1 32 31: 994, 1, 1
1 32 31: 1622, 9, 1
1 32 32: 994, 0, 2
1 32 33: 994, 0, 2
1 32 34: 994, 0, 2
1 32 35: 994, 0, 2
1 32 36: 994, 1, 2
1 32 36: 1622, 9, 2
1 32 37: 1622, 1, 2
1 33 21: 1622, 0, 1
1 33 22: 994, 0, 2
1 33 23: 994, 0, 2
1 33 24: 994, 0, 2
1 33 25: 994, 0, 2
1 33 26: 994, 0, 2
1 33 27: 994, 0, 2
1 33 28: 994, 0, 2
1 33 29: 994, 0, 2
1 33 30: 994, 0, 2
1 33 31: 994, 9, 1
1 33 36: 994, 0, 3
1 33 37: 1622, 0, 3
1 34 21: 1622, 0, 1
1 34 36: 994, 0, 3
1 34 37: 1622, 0, 3
1 35 21: 1622, 0, 1
1 35 24: 1631, 1, 1
1 35 25: 1631, 0, 2
1 35 26: 1631, 0, 2
1 35 26: 1844, 5, 2
1 35 27: 1631, 0, 2
1 35 28: 1631, 1, 2
1 35 36: 994, 0, 3
1 35 37: 1622, 0, 3
1 36 21: 1622, 0, 1
1 36 24: 1631, 0, 1
1 36 25: 3205, 10, 2
1 36 26: 768, 22, 1
1 36 26: 1844, 4, 0
1 36 27: 1865, 22, 1
1 36 28: 1631, 0, 3
1 36 36: 994, 0, 3
1 36 37: 1622, 0, 3
1 37 21: 1622, 0, 1
1 37 24: 1631, 0, 1
1 37 27: 1844, 4, 1
1 37 27: 1865, 22, 1
1 37 28: 1631, 0, 3
1 37 28: 1844, 5, 3
1 37 36: 994, 0, 3
1 37 37: 1622, 0, 3
1 38 21: 1622, 0, 1
1 38 24: 1631, 0, 1
1 38 27: 1865, 22, 1
1 38 28: 1631, 0, 3
1 38 36: 994, 0, 3
1 38 37: 1622, 0, 3
1 39 21: 1622, 0, 1
1 39 24: 1631, 0, 1
1 39 27: 1844, 4, 1
1 39 27: 2302, 22, 1
1 39 28: 1631, 0, 3
1 39 28: 1844, 5, 3
1 39 36: 994, 0, 3
1 39 37: 1622, 0, 3
1 40 21: 1622, 0, 1
1 40 24: 1631, 0, 1
1 40 25: 767, 22, 3
1 40 26: 767, 22, 3
1 40 27: 767, 22, 3
1 40 28: 1631, 0, 3
1 40 36: 994, 0, 3
1 40 37: 1622, 0, 3
1 41 21: 1622, 0, 1
1 41 24: 1631, 0, 1
1 41 24: 1844, 5, 1
1 41 25: 686, 22, 3
1 41 25: 1844, 4, 3
1 41 27: 1844, 4, 1
1 41 28: 1631, 0, 3
1 41 28: 1844, 5, 3
1 41 36: 994, 0, 3
1 41 37: 1622, 0, 3
1 42 21: 1622, 0, 1
1 42 24: 1631, 0, 1
1 42 27: 1631, 2, 2
1 42 28: 1631, 0, 3
1 42 36: 994, 0, 3
1 42 37: 1622, 0, 3
1 43 21: 1622, 0, 1
1 43 31: 1629, 22, 1
1 43 36: 994, 0, 3
1 43 37: 1622, 0, 3
1 44 21: 1622, 0, 1
1 44 36: 994, 0, 3
1 44 37: 1622, 0, 3
1 45 21: 1622, 0, 1
1 45 36: 994, 0, 3
1 45 37: 1622, 0, 3
1 46 21: 1622, 0, 1
1 46 26: 2291, 22, 3
1 46 36: 994, 0, 3
1 46 37: 1622, 0, 3
1 47 21: 1622, 0, 1
1 47 26: 2293, 22, 3
1 47 36: 994, 0, 3
1 47 37: 1622, 0, 3
1 48 21: 1622, 0, 1
1 48 26: 2293, 22, 3
1 48 36: 994, 0, 3
1 48 37: 1622, 0, 3
1 49 21: 1622, 0, 1
1 49 26: 2292, 22, 3
1 49 36: 994, 0, 3
1 49 37: 1622, 0, 3
1 49 38: 1793, 18, 2
1 49 39: 1793, 18, 2
1 49 40: 1793, 18, 2
1 49 41: 1793, 18, 2
1 49 42: 1793, 18, 2
1 49 43: 1793, 18, 2
1 49 44: 1793, 19, 2
1 50 21: 1622, 0, 1
1 50 26: 2293, 22, 3
1 50 36: 1640, 16, 1
1 50 37: 1640, 12, 2
1 50 38: 1933, 12, 2
1 50 39: 1933, 12, 2
1 50 40: 1933, 12, 2
1 50 41: 1933, 12, 2
1 50 42: 1933, 12, 2
1 50 43: 1933, 16, 2
1 50 44: 1793, 18, 3
1 50 49: 1559, 10, 0
1 51 21: 1622, 0, 1
1 51 26: 2292, 22, 3
1 51 36: 1640, 12, 1
1 51 37: 1933, 17, 0
1 51 38: 1933, 17, 0
1 51 39: 1933, 17, 0
1 51 40: 1933, 17, 0
1 51 41: 1933, 17, 0
1 51 42: 1933, 17, 0
1 51 43: 1933, 12, 3
1 51 44: 1793, 18, 3
1 52 21: 1622, 0, 1
1 52 26: 2291, 22, 3
1 52 36: 1640, 12, 1
1 52 37: 1933, 17, 0
1 52 38: 1933, 17, 0
1 52 39: 1933, 17, 0
1 52 40: 1933, 17, 0
1 52 41: 1933, 17, 0
1 52 42: 1933, 17, 0
1 52 43: 1933, 12, 3
1 52 44: 1793, 18, 3
1 53 21: 1622, 0, 1
1 53 26: 2293, 22, 3
1 53 36: 1640, 16, 0
1 53 37: 1640, 12, 0
1 53 38: 1640, 12, 0
1 53 39: 1640, 12, 0
1 53 40: 1640, 12, 0
1 53 41: 1640, 12, 0
1 53 42: 1640, 12, 0
1 53 43: 1640, 16, 3
1 53 44: 1793, 18, 3
1 54 21: 1622, 0, 1
1 54 26: 2294, 22, 3
1 54 32: 2279, 10, 0
1 54 39: 1622, 0, 1
1 54 45: 1793, 19, 1
1 54 46: 1793, 18, 2
1 54 47: 1793, 18, 2
1 54 48: 1793, 18, 2
1 54 49: 1793, 18, 2
1 54 50: 1793, 18, 2
1 54 51: 1793, 18, 2
1 54 52: 1793, 18, 2
1 54 53: 1793, 18, 2
1 54 54: 1793, 19, 2
1 55 21: 1622, 0, 1
1 55 39: 1622, 0, 1
1 55 45: 1793, 18, 1
1 55 46: 1933, 16, 1
1 55 47: 1933, 12, 2
1 55 48: 1646, 4, 2
1 55 48: 1933, 12, 2
1 55 49: 1933, 12, 2
1 55 50: 1933, 12, 2
1 55 51: 1646, 4, 2
1 55 51: 1933, 12, 2
1 55 52: 1933, 12, 2
1 55 53: 1933, 16, 2
1 55 54: 1793, 18, 3
1 56 22: 1622, 9, 0
1 56 32: 2279, 10, 2
1 56 39: 1622, 0, 1
1 56 45: 1793, 18, 1
1 56 46: 1933, 12, 1
1 56 47: 1620, 2, 3
1 56 48: 1620, 0, 0
1 56 48: 1646, 5, 0
1 56 49: 1620, 0, 0
1 56 50: 1620, 0, 0
1 56 51: 1620, 0, 0
1 56 51: 1646, 5, 0
1 56 52: 1620, 2, 0
1 56 53: 1933, 12, 3
1 56 54: 1793, 18, 3
1 57 23: 1622, 9, 0
1 57 39: 1622, 0, 1
1 57 45: 1793, 18, 1
1 57 46: 1646, 4, 1
1 57 46: 1933, 12, 1
1 57 47: 1620, 0, 3
1 57 47: 1646, 5, 3
1 57 52: 1620, 0, 1
1 57 52: 1646, 5, 1
1 57 53: 1646, 4, 3
1 57 53: 1933, 12, 3
1 57 54: 1793, 18, 3
1 58 24: 1622, 0, 0
1 58 25: 1622, 0, 0
1 58 26: 1622, 0, 0
1 58 27: 1622, 0, 0
1 58 28: 1622, 0, 0
1 58 29: 1622, 0, 0
1 58 30: 1622, 0, 0
1 58 31: 1622, 0, 0
1 58 32: 1622, 0, 0
1 58 33: 1622, 0, 0
1 58 34: 1622, 0, 0
1 58 35: 1622, 0, 0
1 58 36: 1622, 0, 0
1 58 37: 1622, 0, 0
1 58 38: 1622, 0, 0
1 58 39: 1622, 2, 0
1 58 45: 1793, 18, 1
1 58 46: 1933, 12, 1
1 58 47: 1620, 2, 2
1 58 48: 1620, 0, 2
1 58 48: 1646, 5, 2
1 58 49: 1620, 0, 2
1 58 50: 1620, 0, 2
1 58 51: 1620, 0, 2
1 58 51: 1646, 5, 2
1 58 52: 1620, 2, 1
1 58 53: 1933, 12, 3
1 58 54: 1793, 18, 3
1 59 39: 1622, 0, 1
1 59 45: 1793, 18, 1
1 59 46: 1933, 16, 0
1 59 47: 1933, 12, 0
1 59 48: 1646, 4, 0
1 59 48: 1933, 12, 0
1 59 49: 1933, 12, 0
1 59 50: 1933, 12, 0
1 59 51: 1646, 4, 0
1 59 51: 1933, 12, 0
1 59 52: 1933, 12, 0
1 59 53: 1933, 16, 3
1 59 54: 1793, 18, 3
1 60 39: 1622, 1, 0
1 60 40: 1622, 0, 0
1 60 41: 1622, 0, 0
1 60 42: 1622, 0, 0
1 60 43: 1622, 0, 0
1 60 44: 1622, 0, 0
1 60 45: 1622, 0, 0
1 60 46: 1793, 18, 0
1 60 47: 1793, 18, 0
1 60 48: 1793, 18, 0
1 60 49: 1793, 18, 0
1 60 50: 1793, 18, 0
1 60 51: 1793, 18, 0
1 60 52: 1793, 18, 0
1 60 53: 1793, 18, 0
1 60 54: 1793, 19, 3
2 35 24: 1793, 19, 1
2 35 25: 1793, 18, 2
2 35 26: 1793, 18, 2
2 35 27: 1793, 18, 2
2 35 28: 1793, 19, 2
2 36 24: 1793, 18, 1
2 36 25: 1933, 16, 1
2 36 26: 1933, 12, 2
2 36 27: 1933, 16, 2
2 36 28: 1793, 18, 3
2 37 24: 1793, 18, 1
2 37 25: 1933, 12, 1
2 37 26: 1933, 17, 0
2 37 27: 1933, 12, 3
2 37 28: 1793, 18, 3
2 38 24: 1793, 18, 1
2 38 25: 1933, 12, 1
2 38 26: 1933, 17, 0
2 38 27: 1933, 12, 3
2 38 28: 1793, 18, 3
2 39 24: 1793, 18, 1
2 39 25: 1933, 12, 1
2 39 26: 1933, 17, 0
2 39 27: 1933, 12, 3
2 39 28: 1793, 18, 3
2 40 24: 1793, 18, 1
2 40 25: 1933, 12, 1
2 40 26: 1933, 17, 0
2 40 27: 1933, 12, 3
2 40 28: 1793, 18, 3
2 41 24: 1793, 18, 1
2 41 25: 1933, 12, 1
2 41 26: 1933, 17, 0
2 41 27: 1933, 12, 3
2 41 28: 1793, 18, 3
2 42 24: 1793, 18, 1
2 42 25: 1933, 16, 0
2 42 26: 1933, 12, 0
2 42 27: 1933, 16, 3
2 42 28: 1793, 18, 3
2 43 24: 1793, 19, 0
2 43 25: 1793, 18, 0
2 43 26: 1793, 18, 0
2 43 27: 1793, 18, 0
2 43 28: 1793, 19, 3
2 55 46: 1793, 19, 1
2 55 47: 1793, 18, 2
2 55 48: 1793, 18, 2
2 55 49: 1793, 18, 2
2 55 50: 1793, 18, 2
2 55 51: 1793, 18, 2
2 55 52: 1793, 18, 2
2 55 53: 1793, 19, 2
2 56 46: 1793, 18, 1
2 56 47: 1933, 16, 1
2 56 48: 1933, 12, 2
2 56 49: 1933, 12, 2
2 56 50: 1933, 12, 2
2 56 51: 1933, 12, 2
2 56 52: 1933, 16, 2
2 56 53: 1793, 18, 3
2 57 46: 1793, 18, 1
2 57 47: 1933, 12, 1
2 57 48: 1933, 17, 1
2 57 49: 1933, 17, 1
2 57 50: 1933, 17, 1
2 57 51: 1933, 17, 1
2 57 52: 1933, 12, 3
2 57 53: 1793, 18, 3
2 58 46: 1793, 18, 1
2 58 47: 1933, 16, 0
2 58 48: 1933, 12, 0
2 58 49: 1933, 12, 0
2 58 50: 1933, 12, 0
2 58 51: 1933, 12, 0
2 58 52: 1933, 16, 3
2 58 53: 1793, 18, 3
2 59 46: 1793, 19, 0
2 59 47: 1793, 18, 0
2 59 48: 1793, 18, 0
2 59 49: 1793, 18, 0
2 59 50: 1793, 18, 0
2 59 51: 1793, 18, 0
2 59 52: 1793, 18, 0
2 59 53: 1793, 19, 3
