0 17 58: 1631, 0, 2
0 17 59: 1631, 0, 2
0 17 60: 1631, 0, 2
0 17 61: 1631, 0, 2
0 17 62: 1631, 0, 2
0 18 57: 1631, 0, 1
0 18 60: 877, 4, 0
0 18 61: 877, 4, 0
0 18 62: 877, 4, 0
0 18 63: 1631, 0, 3
0 19 57: 1631, 0, 1
0 19 63: 1878, 0, 3
0 20 57: 1631, 0, 1
0 20 63: 1879, 0, 3
0 21 57: 1631, 0, 1
0 21 63: 1631, 0, 3
0 22 57: 1631, 0, 1
0 22 59: 1247, 22, 0
0 22 62: 197, 4, 1
0 22 63: 1631, 0, 3
0 23 56: 1631, 0, 2
0 23 57: 1631, 9, 1
0 23 63: 1878, 0, 3
0 24 54: 1631, 0, 2
0 24 55: 1631, 9, 1
0 24 63: 1879, 0, 3
0 25 43: 1631, 0, 2
0 25 53: 1631, 9, 1
0 25 63: 1631, 0, 3
0 26 42: 1631, 2, 1
0 26 44: 1631, 9, 2
0 26 52: 1624, 0, 2
0 26 52: 1631, 9, 1
0 26 53: 1626, 0, 2
0 26 54: 1625, 0, 2
0 26 55: 1631, 0, 2
0 26 56: 1631, 3, 2
0 26 62: 197, 4, 1
0 26 63: 1631, 0, 3
0 27 41: 1631, 9, 1
0 27 42: 877, 4, 0
0 27 45: 1631, 0, 3
0 27 51: 1879, 0, 1
0 27 54: 1631, 0, 1
0 27 56: 197, 5, 3
0 27 56: 1631, 0, 3
0 27 63: 1878, 0, 3
0 28 40: 1631, 2, 1
0 28 45: 1631, 9, 2
0 28 51: 1878, 0, 1
0 28 54: 1631, 0, 1
0 28 56: 197, 5, 3
0 28 56: 1247, 22, 1
0 28 56: 1631, 0, 3
0 28 63: 1879, 0, 3
0 29 39: 1631, 9, 1
0 29 44: 1246, 22, 0
0 29 46: 1631, 9, 2
0 29 47: 1631, 0, 2
0 29 48: 1631, 0, 2
0 29 49: 1631, 0, 2
0 29 50: 1631, 0, 2
0 29 51: 1631, 2, 1
0 29 52: 1625, 0, 0
0 29 54: 1624, 0, 0
0 29 55: 1631, 0, 0
0 29 56: 1631, 3, 3
0 29 58: 1626, 3, 0
0 29 63: 1631, 0, 3
0 30 38: 1631, 0, 1
0 30 39: 877, 4, 3
0 30 47: 197, 4, 0
0 30 47: 325, 22, 1
0 30 47: 1624, 0, 3
0 30 48: 325, 22, 3
0 30 49: 197, 4, 0
0 30 51: 197, 4, 0
0 30 51: 325, 22, 3
0 30 51: 1625, 0, 1
0 30 55: 1629, 22, 1
0 30 56: 1626, 0, 3
0 30 62: 197, 4, 1
0 30 63: 1631, 0, 3
0 31 39: 1631, 9, 0
0 31 45: 1626, 3, 3
0 31 46: 1629, 22, 1
0 31 47: 325, 22, 0
0 31 49: 325, 22, 2
0 31 51: 1629, 22, 1
0 31 55: 1630, 22, 1
0 31 56: 1626, 3, 3
0 31 63: 1878, 0, 3
0 32 40: 1631, 9, 0
0 32 46: 1630, 22, 1
0 32 51: 325, 22, 2
0 32 51: 1626, 0, 1
0 32 55: 1629, 22, 1
0 32 63: 1879, 0, 3
0 33 40: 1631, 0, 1
0 33 47: 197, 4, 2
0 33 47: 1625, 0, 3
0 33 49: 197, 4, 2
0 33 50: 325, 22, 1
0 33 51: 197, 4, 2
0 33 51: 326, 22, 2
0 33 51: 1624, 0, 1
0 33 55: 1630, 22, 1
0 33 56: 1626, 3, 3
0 33 63: 1631, 0, 3
0 34 40: 1631, 0, 1
0 34 47: 1631, 2, 3
0 34 48: 1631, 0, 0
0 34 49: 1631, 0, 0
0 34 50: 1631, 0, 0
0 34 51: 1631, 2, 0
0 34 52: 1626, 0, 2
0 34 54: 1625, 0, 2
0 34 55: 1629, 22, 1
0 34 55: 1631, 0, 2
0 34 56: 1631, 3, 2
0 34 60: 1247, 22, 3
0 34 62: 197, 4, 1
0 34 63: 1631, 0, 3
0 35 41: 1631, 2, 0
0 35 42: 197, 4, 3
0 35 42: 326, 22, 2
0 35 42: 1625, 0, 0
0 35 43: 325, 22, 3
0 35 44: 1626, 0, 0
0 35 45: 1626, 3, 0
0 35 45: 1629, 22, 0
0 35 46: 1624, 0, 0
0 35 47: 1631, 0, 3
0 35 51: 1879, 0, 1
0 35 54: 1631, 0, 1
0 35 56: 197, 5, 3
0 35 56: 1631, 0, 3
0 35 58: 1626, 3, 1
0 35 63: 1878, 0, 3
0 36 41: 1631, 0, 1
0 36 42: 325, 22, 2
0 36 46: 325, 22, 0
0 36 47: 325, 22, 2
0 36 47: 1631, 9, 2
0 36 51: 1878, 0, 1
0 36 54: 1631, 0, 1
0 36 56: 197, 5, 3
0 36 56: 1631, 0, 3
0 36 63: 1879, 0, 3
0 37 41: 1631, 0, 1
0 37 42: 325, 22, 1
0 37 43: 325, 22, 2
0 37 44: 1629, 22, 0
0 37 46: 1629, 22, 0
0 37 47: 325, 22, 3
0 37 47: 1626, 3, 3
0 37 48: 1631, 0, 3
0 37 51: 1631, 0, 1
0 37 52: 1625, 0, 0
0 37 54: 1624, 0, 0
0 37 55: 1631, 0, 0
0 37 56: 1631, 3, 3
0 37 63: 1631, 0, 3
0 38 41: 1631, 0, 1
0 38 42: 197, 4, 3
0 38 42: 325, 22, 0
0 38 45: 1247, 22, 1
0 38 47: 197, 4, 1
0 38 47: 325, 22, 3
0 38 48: 1631, 0, 3
0 38 52: 1631, 9, 0
0 38 62: 197, 4, 1
0 38 63: 1631, 0, 3
0 39 42: 1631, 9, 0
0 39 44: 325, 22, 0
0 39 45: 325, 22, 0
0 39 48: 325, 22, 2
0 39 48: 1631, 9, 2
0 39 53: 1631, 9, 0
0 39 63: 1878, 0, 3
0 40 43: 1631, 9, 0
0 40 45: 326, 22, 3
0 40 46: 325, 22, 2
0 40 48: 326, 22, 2
0 40 49: 1631, 0, 3
0 40 54: 1631, 0, 0
0 40 55: 1631, 9, 0
0 40 63: 1879, 0, 3
0 41 44: 1631, 9, 0
0 41 46: 325, 22, 2
0 41 48: 325, 22, 3
0 41 49: 1878, 0, 3
0 41 56: 1631, 0, 0
0 41 57: 1631, 9, 0
0 41 63: 1631, 0, 3
0 42 45: 1631, 9, 0
0 42 49: 1879, 0, 3
0 42 57: 1631, 0, 1
0 42 62: 197, 4, 1
0 42 63: 1631, 0, 3
0 43 45: 1631, 0, 1
0 43 46: 197, 4, 3
0 43 47: 1246, 22, 1
0 43 49: 1631, 0, 3
0 43 57: 1631, 0, 1
0 43 58: 877, 4, 3
0 43 60: 1247, 22, 2
0 43 63: 1878, 0, 3
0 44 45: 1631, 9, 1
0 44 47: 1246, 22, 1
0 44 48: 1631, 9, 3
0 44 57: 1631, 0, 1
0 44 63: 1879, 0, 3
0 45 44: 1631, 0, 1
0 45 45: 325, 22, 1
0 45 47: 197, 4, 1
0 45 48: 1631, 0, 3
0 45 57: 1631, 0, 1
0 45 58: 877, 4, 3
0 45 63: 1631, 0, 3
0 46 44: 1631, 0, 1
0 46 45: 326, 22, 3
0 46 46: 325, 22, 0
0 46 48: 1631, 0, 3
0 46 58: 1631, 9, 0
0 46 62: 1247, 22, 1
0 46 63: 1631, 9, 2
0 47 45: 325, 22, 2
0 47 45: 1631, 9, 0
0 47 46: 325, 22, 3
0 47 48: 1631, 0, 3
0 47 59: 1631, 9, 0
0 48 45: 1631, 0, 1
0 48 47: 325, 22, 3
0 48 48: 1631, 0, 3
0 48 60: 1631, 9, 0
0 49 45: 1631, 0, 1
0 49 47: 197, 4, 1
0 49 47: 325, 22, 3
0 49 48: 1631, 2, 2
0 49 61: 1631, 9, 0
0 50 45: 1631, 0, 1
0 50 47: 325, 22, 0
0 50 48: 326, 22, 0
0 50 49: 326, 22, 1
0 50 49: 1631, 9, 2
0 50 62: 1631, 9, 0
0 51 45: 1631, 0, 1
0 51 46: 197, 4, 2
0 51 48: 325, 22, 3
0 51 49: 325, 22, 2
0 51 50: 1631, 0, 3
0 51 56: 1631, 0, 2
0 51 57: 1631, 0, 2
0 51 63: 1631, 9, 0
0 52 46: 1631, 0, 0
0 52 47: 1631, 9, 0
0 52 49: 197, 4, 1
0 52 49: 325, 22, 1
0 52 50: 1631, 0, 3
0 52 55: 325, 22, 1
0 52 55: 1631, 9, 1
0 52 56: 197, 4, 0
0 52 56: 326, 22, 1
0 52 57: 325, 22, 2
0 52 58: 1631, 9, 2
0 53 47: 1631, 0, 1
0 53 48: 1247, 22, 0
0 53 50: 1631, 9, 2
0 53 54: 1631, 0, 1
0 53 56: 325, 22, 3
0 53 59: 1631, 9, 2
0 54 48: 1631, 9, 0
0 54 51: 1631, 9, 2
0 54 52: 1631, 0, 2
0 54 53: 1631, 0, 2
0 54 54: 1625, 0, 1
0 54 54: 1631, 9, 1
0 54 57: 1246, 22, 3
0 54 60: 1631, 9, 2
0 55 48: 1631, 0, 1
0 55 49: 325, 22, 0
0 55 52: 325, 22, 2
0 55 54: 325, 22, 1
0 55 54: 1626, 0, 1
0 55 56: 325, 22, 1
0 55 58: 325, 22, 2
0 55 61: 1631, 0, 3
0 56 48: 1631, 0, 1
0 56 49: 197, 4, 3
0 56 49: 326, 22, 2
0 56 50: 325, 22, 1
0 56 54: 1630, 22, 1
0 56 58: 1247, 22, 3
0 56 61: 1878, 0, 3
0 57 49: 325, 22, 2
0 57 49: 1631, 9, 0
0 57 50: 326, 22, 3
0 57 51: 325, 22, 0
0 57 52: 326, 22, 0
0 57 54: 1629, 22, 1
0 57 57: 325, 22, 0
0 57 59: 1246, 22, 0
0 57 61: 1879, 0, 3
0 58 50: 1631, 0, 0
0 58 51: 1631, 9, 0
0 58 54: 1626, 0, 1
0 58 57: 1247, 22, 2
0 58 60: 325, 22, 1
0 58 61: 1631, 0, 3
0 59 52: 1631, 0, 0
0 59 53: 325, 22, 3
0 59 53: 1631, 9, 0
0 59 54: 1624, 0, 1
0 59 58: 1755, 10, 0
0 59 59: 325, 22, 0
0 59 60: 197, 4, 1
0 59 60: 326, 22, 0
0 59 61: 1631, 0, 3
0 60 54: 1631, 0, 0
0 60 55: 1631, 0, 0
0 60 56: 1631, 9, 0
0 60 57: 197, 4, 2
0 60 59: 325, 22, 3
0 60 60: 325, 22, 2
0 60 60: 1631, 9, 3
0 61 57: 1631, 0, 0
0 61 58: 1631, 0, 0
0 61 59: 1631, 0, 0
1 16 58: 325, 22, 2
1 16 59: 325, 22, 3
1 16 60: 326, 22, 1
1 16 61: 325, 22, 2
1 17 53: 325, 22, 0
1 17 56: 325, 22, 0
1 18 56: 325, 22, 3
1 19 55: 325, 22, 2
1 19 56: 326, 22, 2
1 20 49: 325, 22, 2
1 20 50: 325, 22, 3
1 20 56: 325, 22, 3
1 24 39: 325, 22, 0
1 24 44: 325, 22, 1
1 25 40: 325, 22, 2
1 25 46: 325, 22, 1
1 25 50: 325, 22, 0
1 25 51: 325, 22, 3
1 26 40: 325, 22, 2
1 26 49: 325, 22, 1
1 26 50: 326, 22, 3
1 27 46: 325, 22, 2
1 27 50: 325, 22, 3
1 28 38: 325, 22, 1
1 28 48: 325, 22, 3
1 28 49: 325, 22, 0
1 34 39: 325, 22, 2
1 35 48: 325, 22, 0
1 35 49: 326, 22, 0
1 35 50: 325, 22, 2
1 36 39: 325, 22, 3
1 36 40: 326, 22, 1
1 36 49: 325, 22, 3
1 36 50: 325, 22, 3
1 37 40: 325, 22, 0
1 38 50: 325, 22, 1
1 40 41: 325, 22, 1
1 41 52: 325, 22, 0
1 42 52: 325, 22, 1
1 42 55: 325, 22, 0
1 42 56: 325, 22, 1
1 43 42: 325, 22, 2
1 43 44: 325, 22, 2
1 43 55: 325, 22, 1
1 43 56: 326, 22, 2
1 44 56: 325, 22, 3
1 45 49: 325, 22, 2
1 46 49: 325, 22, 3
1 47 50: 325, 22, 1
1 48 44: 325, 22, 3
1 48 49: 324, 22, 1
1 48 50: 325, 22, 0
1 48 53: 325, 22, 2
1 49 43: 325, 22, 2
1 49 44: 325, 22, 0
1 49 50: 325, 22, 2
1 49 51: 325, 22, 0
1 49 59: 325, 22, 1
1 50 43: 325, 22, 3
1 50 44: 325, 22, 1
1 50 53: 325, 22, 1
1 51 44: 326, 22, 2
1 51 52: 325, 22, 1
1 51 53: 325, 22, 0
1 52 44: 325, 22, 0
1 52 52: 324, 22, 2
1 52 61: 326, 22, 1
1 53 45: 325, 22, 1
1 53 46: 325, 22, 0
1 53 52: 324, 22, 3
1 54 44: 325, 22, 0
1 54 45: 326, 22, 3
1 55 45: 325, 22, 2
1 55 46: 325, 22, 2
1 55 47: 325, 22, 3
1 55 62: 325, 22, 2
1 56 62: 325, 22, 3
1 58 62: 325, 22, 0
1 59 50: 326, 22, 0
1 60 49: 325, 22, 1
1 60 50: 325, 22, 0
1 60 51: 325, 22, 0
1 60 62: 325, 22, 1
1 61 53: 326, 22, 3
1 61 62: 326, 22, 2
1 61 63: 325, 22, 0
1 62 61: 325, 22, 1
