0 0 10: 997, 9, 0
0 0 12: 731, 10, 3
0 0 13: 997, 9, 2
0 1 3: 1173, 10, 2
0 1 4: 1624, 1, 1
0 1 5: 1624, 0, 2
0 1 6: 1626, 0, 2
0 1 7: 1626, 0, 2
0 1 8: 1626, 1, 2
0 1 10: 997, 0, 1
0 1 12: 731, 10, 1
0 1 14: 997, 9, 2
0 1 20: 997, 0, 2
0 1 21: 997, 0, 2
0 1 22: 997, 0, 2
0 1 23: 997, 0, 2
0 1 24: 997, 0, 2
0 1 25: 997, 0, 2
0 1 26: 997, 0, 2
0 1 39: 320, 22, 1
0 1 43: 1391, 10, 3
0 1 45: 1391, 10, 0
0 1 46: 1391, 10, 1
0 1 58: 325, 22, 1
0 2 3: 1626, 1, 1
0 2 4: 1626, 9, 1
0 2 6: 320, 22, 0
0 2 7: 321, 22, 1
0 2 8: 1626, 9, 2
0 2 9: 1173, 10, 3
0 2 9: 1626, 1, 2
0 2 11: 997, 9, 0
0 2 13: 731, 10, 2
0 2 14: 732, 10, 3
0 2 14: 1602, 3, 0
0 2 15: 997, 0, 3
0 2 18: 997, 9, 3
0 2 19: 320, 22, 3
0 2 19: 724, 10, 3
0 2 20: 320, 22, 1
0 2 20: 1602, 3, 3
0 2 21: 1173, 10, 2
0 2 22: 1602, 3, 0
0 2 24: 320, 22, 0
0 2 24: 1602, 3, 0
0 2 26: 1602, 3, 0
0 2 27: 320, 22, 1
0 2 28: 724, 10, 0
0 2 38: 320, 22, 2
0 2 39: 319, 22, 3
0 2 40: 320, 22, 3
0 2 43: 320, 22, 3
0 2 44: 1391, 10, 2
0 2 50: 320, 22, 2
0 2 51: 319, 22, 3
0 2 52: 320, 22, 0
0 2 57: 325, 22, 2
0 2 58: 326, 22, 0
0 2 59: 325, 22, 0
0 3 1: 1626, 1, 1
0 3 2: 1173, 10, 1
0 3 2: 1624, 0, 2
0 3 3: 1626, 9, 1
0 3 4: 320, 22, 1
0 3 7: 320, 22, 3
0 3 8: 320, 22, 2
0 3 8: 859, 10, 0
0 3 9: 1624, 9, 2
0 3 12: 997, 9, 0
0 3 12: 1602, 3, 2
0 3 13: 731, 10, 3
0 3 15: 997, 0, 3
0 3 17: 997, 9, 3
0 3 18: 320, 22, 2
0 3 19: 319, 22, 3
0 3 20: 320, 22, 0
0 3 23: 320, 22, 3
0 3 24: 321, 22, 1
0 3 25: 320, 22, 1
0 3 27: 320, 22, 1
0 3 28: 319, 22, 2
0 3 30: 1391, 10, 1
0 3 33: 859, 10, 0
0 3 39: 320, 22, 0
0 3 42: 320, 22, 0
0 3 43: 321, 22, 3
0 3 44: 320, 22, 3
0 3 49: 320, 22, 1
0 3 51: 320, 22, 1
0 3 53: 320, 22, 2
0 3 56: 325, 22, 3
0 3 57: 326, 22, 1
0 3 58: 325, 22, 3
0 3 60: 325, 22, 0
0 4 0: 1626, 1, 1
0 4 1: 1626, 9, 1
0 4 2: 320, 22, 0
0 4 2: 724, 10, 2
0 4 3: 320, 22, 3
0 4 7: 320, 22, 2
0 4 10: 1982, 0, 0
0 4 10: 2384, 22, 3
0 4 12: 997, 0, 1
0 4 13: 731, 10, 0
0 4 15: 997, 0, 3
0 4 16: 1982, 0, 0
0 4 16: 2384, 22, 3
0 4 19: 320, 22, 1
0 4 20: 1602, 3, 2
0 4 22: 1602, 3, 2
0 4 23: 724, 10, 1
0 4 24: 320, 22, 2
0 4 24: 1602, 3, 2
0 4 26: 1173, 10, 1
0 4 26: 1602, 3, 1
0 4 28: 320, 22, 3
0 4 29: 320, 22, 2
0 4 31: 320, 22, 2
0 4 36: 1602, 3, 2
0 4 38: 724, 10, 3
0 4 38: 1602, 3, 1
0 4 42: 320, 22, 1
0 4 43: 319, 22, 2
0 4 44: 321, 22, 2
0 4 45: 320, 22, 2
0 4 48: 320, 22, 3
0 4 49: 321, 22, 0
0 4 50: 320, 22, 0
0 4 53: 320, 22, 3
0 4 54: 321, 22, 0
0 4 56: 325, 22, 0
0 4 57: 326, 22, 3
0 4 58: 325, 22, 2
0 4 59: 325, 22, 1
0 4 60: 326, 22, 2
0 4 61: 325, 22, 3
0 5 0: 1625, 0, 1
0 5 1: 321, 22, 0
0 5 1: 1391, 10, 0
0 5 2: 320, 22, 1
0 5 3: 319, 22, 0
0 5 4: 320, 22, 1
0 5 6: 320, 22, 3
0 5 7: 319, 22, 3
0 5 8: 320, 22, 1
0 5 10: 1982, 0, 2
0 5 10: 2384, 22, 3
0 5 12: 997, 9, 1
0 5 15: 997, 0, 3
0 5 16: 1982, 0, 2
0 5 16: 2384, 22, 3
0 5 19: 997, 9, 3
0 5 20: 997, 0, 0
0 5 21: 997, 0, 0
0 5 21: 1173, 10, 2
0 5 22: 997, 0, 0
0 5 23: 997, 0, 0
0 5 24: 997, 0, 0
0 5 25: 997, 0, 0
0 5 26: 997, 0, 0
0 5 27: 997, 9, 0
0 5 32: 320, 22, 0
0 5 35: 997, 9, 3
0 5 36: 997, 0, 0
0 5 37: 997, 0, 0
0 5 38: 997, 0, 0
0 5 39: 997, 9, 0
0 5 41: 320, 22, 2
0 5 42: 319, 22, 0
0 5 43: 320, 22, 1
0 5 44: 320, 22, 0
0 5 47: 724, 10, 0
0 5 49: 325, 22, 0
0 5 49: 1602, 3, 3
0 5 50: 326, 22, 3
0 5 51: 324, 22, 1
0 5 54: 320, 22, 1
0 5 55: 320, 22, 0
0 5 56: 324, 22, 1
0 5 56: 1391, 10, 2
0 5 57: 325, 22, 1
0 5 60: 325, 22, 2
0 6 0: 1624, 0, 1
0 6 1: 320, 22, 2
0 6 3: 320, 22, 2
0 6 7: 320, 22, 0
0 6 8: 320, 22, 2
0 6 8: 859, 10, 0
0 6 9: 1624, 9, 3
0 6 11: 997, 0, 1
0 6 12: 731, 10, 1
0 6 14: 732, 10, 2
0 6 14: 1602, 3, 1
0 6 15: 997, 0, 3
0 6 17: 859, 10, 0
0 6 17: 997, 0, 0
0 6 18: 997, 0, 0
0 6 28: 997, 9, 0
0 6 29: 1602, 3, 2
0 6 31: 320, 22, 1
0 6 31: 724, 10, 2
0 6 32: 321, 22, 2
0 6 33: 320, 22, 2
0 6 33: 1173, 10, 0
0 6 33: 1602, 3, 1
0 6 34: 997, 9, 3
0 6 36: 325, 22, 3
0 6 37: 325, 22, 2
0 6 38: 326, 22, 1
0 6 40: 997, 9, 0
0 6 41: 724, 10, 3
0 6 42: 320, 22, 1
0 6 45: 320, 22, 3
0 6 47: 997, 9, 3
0 6 48: 325, 22, 3
0 6 49: 325, 22, 0
0 6 49: 1300, 10, 2
0 6 50: 325, 22, 1
0 6 51: 326, 22, 2
0 6 52: 325, 22, 3
0 6 52: 724, 10, 2
0 6 56: 325, 22, 2
0 6 62: 325, 22, 0
0 7 0: 1625, 0, 1
0 7 1: 724, 10, 1
0 7 6: 320, 22, 3
0 7 7: 319, 22, 2
0 7 8: 1626, 9, 3
0 7 9: 1626, 1, 3
0 7 11: 997, 9, 1
0 7 14: 997, 9, 3
0 7 15: 997, 9, 0
0 7 21: 997, 9, 3
0 7 22: 325, 22, 3
0 7 22: 997, 0, 0
0 7 23: 324, 22, 0
0 7 23: 997, 0, 0
0 7 24: 325, 22, 0
0 7 24: 997, 0, 0
0 7 25: 325, 22, 2
0 7 25: 997, 0, 0
0 7 26: 997, 9, 0
0 7 29: 997, 0, 0
0 7 30: 997, 0, 0
0 7 31: 997, 0, 0
0 7 32: 997, 0, 0
0 7 33: 997, 0, 0
0 7 34: 997, 0, 2
0 7 35: 997, 0, 2
0 7 36: 997, 0, 2
0 7 37: 1602, 3, 2
0 7 38: 325, 22, 1
0 7 39: 325, 22, 1
0 7 40: 325, 22, 3
0 7 41: 997, 0, 0
0 7 42: 997, 0, 3
0 7 43: 320, 22, 2
0 7 44: 320, 22, 1
0 7 45: 319, 22, 1
0 7 46: 997, 9, 3
0 7 47: 325, 22, 2
0 7 49: 1391, 10, 3
0 7 51: 1300, 10, 1
0 7 52: 325, 22, 2
0 7 53: 325, 22, 1
0 7 55: 321, 22, 2
0 7 56: 325, 22, 3
0 7 57: 325, 22, 3
0 7 61: 325, 22, 2
0 7 62: 326, 22, 1
0 7 63: 325, 22, 1
0 8 0: 1624, 1, 0
0 8 1: 1626, 9, 0
0 8 2: 320, 22, 0
0 8 4: 1173, 10, 3
0 8 5: 320, 22, 1
0 8 6: 1624, 9, 3
0 8 7: 1626, 0, 0
0 8 8: 1624, 1, 3
0 8 10: 997, 9, 1
0 8 12: 731, 10, 3
0 8 13: 997, 9, 3
0 8 15: 1602, 3, 0
0 8 16: 997, 0, 0
0 8 17: 997, 0, 0
0 8 18: 997, 0, 0
0 8 19: 997, 0, 0
0 8 20: 997, 0, 0
0 8 21: 325, 22, 1
0 8 21: 1602, 3, 3
0 8 23: 325, 22, 1
0 8 24: 325, 22, 3
0 8 25: 324, 22, 1
0 8 26: 325, 22, 1
0 8 26: 1602, 3, 0
0 8 27: 997, 0, 0
0 8 28: 997, 9, 0
0 8 29: 2804, 10, 3
0 8 33: 997, 0, 0
0 8 34: 1247, 22, 0
0 8 34: 1301, 11, 3
0 8 37: 997, 9, 2
0 8 38: 997, 0, 2
0 8 39: 325, 22, 0
0 8 39: 997, 0, 2
0 8 40: 997, 0, 2
0 8 41: 326, 22, 1
0 8 42: 724, 10, 2
0 8 42: 997, 0, 3
0 8 44: 320, 22, 1
0 8 45: 320, 22, 2
0 8 46: 997, 0, 3
0 8 47: 1391, 10, 3
0 8 48: 325, 22, 1
0 8 54: 319, 22, 1
0 8 54: 2788, 0, 0
0 8 55: 320, 22, 1
0 8 55: 2789, 0, 0
0 8 57: 326, 22, 0
0 8 58: 325, 22, 0
0 8 60: 325, 22, 1
0 8 61: 326, 22, 2
0 8 62: 325, 22, 2
0 9 1: 1626, 1, 0
0 9 2: 1624, 9, 0
0 9 4: 320, 22, 0
0 9 5: 321, 22, 3
0 9 5: 859, 10, 3
0 9 6: 1626, 0, 3
0 9 9: 997, 9, 1
0 9 12: 997, 9, 3
0 9 13: 724, 10, 3
0 9 20: 325, 22, 3
0 9 21: 326, 22, 3
0 9 22: 325, 22, 0
0 9 25: 325, 22, 0
0 9 26: 325, 22, 0
0 9 27: 325, 22, 0
0 9 28: 175, 22, 0
0 9 28: 859, 10, 1
0 9 32: 1247, 22, 3
0 9 33: 859, 10, 1
0 9 35: 1247, 22, 1
0 9 36: 1247, 22, 1
0 9 36: 1301, 10, 1
0 9 37: 1301, 10, 1
0 9 39: 1247, 22, 0
0 9 39: 1301, 10, 0
0 9 40: 1247, 22, 3
0 9 41: 997, 9, 2
0 9 42: 997, 0, 3
0 9 44: 319, 22, 2
0 9 45: 320, 22, 0
0 9 46: 997, 0, 3
0 9 47: 325, 22, 0
0 9 50: 1301, 10, 1
0 9 54: 320, 22, 0
0 9 57: 325, 22, 1
0 9 58: 325, 22, 2
0 9 61: 325, 22, 0
0 9 62: 325, 22, 2
0 10 2: 1626, 0, 1
0 10 5: 1626, 9, 3
0 10 6: 1626, 1, 3
0 10 8: 997, 0, 1
0 10 9: 1602, 3, 3
0 10 10: 731, 10, 3
0 10 11: 732, 10, 1
0 10 11: 1602, 3, 0
0 10 12: 997, 0, 3
0 10 15: 2793, 10, 0
0 10 21: 325, 22, 3
0 10 27: 325, 22, 2
0 10 28: 326, 22, 2
0 10 29: 325, 22, 0
0 10 35: 1247, 22, 3
0 10 35: 1301, 10, 3
0 10 36: 1247, 22, 3
0 10 37: 1301, 10, 2
0 10 38: 1247, 22, 2
0 10 38: 1301, 10, 3
0 10 40: 1247, 22, 2
0 10 41: 1298, 10, 0
0 10 41: 1602, 3, 0
0 10 44: 320, 22, 3
0 10 46: 997, 0, 3
0 10 49: 1300, 11, 2
0 10 52: 325, 22, 2
0 10 56: 325, 22, 2
0 10 56: 1391, 10, 2
0 10 57: 326, 22, 1
0 10 58: 324, 22, 0
0 10 59: 325, 22, 0
0 10 61: 325, 22, 3
0 10 62: 324, 22, 0
0 10 63: 325, 22, 0
0 11 0: 997, 0, 2
0 11 3: 2384, 22, 0
0 11 3: 2832, 10, 1
0 11 4: 2384, 22, 0
0 11 4: 2832, 10, 1
0 11 8: 997, 0, 1
0 11 9: 731, 10, 0
0 11 10: 731, 10, 0
0 11 12: 997, 0, 3
0 11 20: 997, 0, 2
0 11 21: 997, 0, 2
0 11 23: 1391, 10, 1
0 11 28: 325, 22, 2
0 11 32: 654, 22, 3
0 11 36: 1247, 22, 2
0 11 36: 1301, 10, 0
0 11 38: 1246, 22, 1
0 11 43: 325, 22, 0
0 11 43: 724, 10, 1
0 11 46: 997, 9, 0
0 11 46: 1602, 3, 3
0 11 49: 325, 22, 1
0 11 50: 325, 22, 3
0 11 51: 326, 22, 2
0 11 52: 325, 22, 0
0 11 56: 325, 22, 1
0 11 57: 325, 22, 2
0 11 58: 325, 22, 3
0 11 58: 1391, 10, 0
0 11 61: 324, 22, 3
0 11 62: 325, 22, 1
0 12 1: 997, 9, 2
0 12 6: 997, 0, 2
0 12 7: 997, 0, 2
0 12 8: 997, 9, 1
0 12 9: 731, 10, 2
0 12 10: 731, 10, 1
0 12 12: 176, 22, 0
0 12 12: 997, 0, 3
0 12 13: 724, 10, 1
0 12 14: 1602, 3, 2
0 12 17: 1602, 3, 1
0 12 19: 997, 9, 1
0 12 21: 732, 10, 2
0 12 21: 1602, 3, 0
0 12 22: 997, 9, 2
0 12 24: 1391, 10, 2
0 12 28: 325, 22, 0
0 12 32: 325, 22, 3
0 12 33: 325, 22, 0
0 12 37: 1247, 22, 1
0 12 38: 1391, 10, 1
0 12 42: 1391, 10, 0
0 12 43: 325, 22, 3
0 12 44: 326, 22, 1
0 12 46: 997, 0, 1
0 12 48: 325, 22, 0
0 12 49: 326, 22, 3
0 12 50: 326, 22, 3
0 12 51: 325, 22, 1
0 12 52: 324, 22, 1
0 12 55: 320, 22, 1
0 12 56: 326, 22, 3
0 12 57: 325, 22, 0
0 12 57: 1391, 10, 3
0 12 61: 325, 22, 3
0 12 62: 326, 22, 0
0 12 63: 325, 22, 2
0 13 0: 731, 10, 2
0 13 1: 731, 10, 3
0 13 2: 997, 0, 3
0 13 5: 997, 9, 1
0 13 8: 731, 10, 2
0 13 11: 997, 9, 3
0 13 12: 997, 0, 0
0 13 13: 997, 0, 0
0 13 14: 997, 0, 0
0 13 15: 997, 0, 0
0 13 16: 997, 0, 0
0 13 17: 997, 0, 0
0 13 18: 997, 9, 0
0 13 19: 997, 9, 0
0 13 22: 731, 10, 2
0 13 23: 997, 9, 2
0 13 24: 1391, 10, 3
0 13 25: 1391, 10, 0
0 13 27: 325, 22, 2
0 13 28: 326, 22, 3
0 13 29: 325, 22, 1
0 13 31: 325, 22, 3
0 13 32: 326, 22, 1
0 13 33: 325, 22, 2
0 13 33: 550, 10, 2
0 13 37: 1391, 10, 3
0 13 38: 1391, 10, 0
0 13 41: 1391, 10, 3
0 13 44: 325, 22, 1
0 13 44: 724, 10, 0
0 13 46: 320, 22, 0
0 13 46: 997, 0, 1
0 13 49: 325, 22, 3
0 13 50: 326, 22, 0
0 13 51: 325, 22, 1
0 13 52: 325, 22, 0
0 13 54: 320, 22, 2
0 13 55: 321, 22, 2
0 13 56: 325, 22, 3
0 13 58: 325, 22, 2
0 13 62: 325, 22, 1
0 13 63: 325, 22, 0
0 14 0: 732, 10, 1
0 14 2: 997, 9, 2
0 14 2: 1602, 3, 1
0 14 3: 997, 0, 2
0 14 4: 997, 9, 1
0 14 6: 731, 10, 1
0 14 8: 732, 10, 0
0 14 10: 997, 9, 3
0 14 16: 1624, 0, 2
0 14 17: 1626, 0, 2
0 14 18: 1624, 1, 2
0 14 19: 997, 0, 0
0 14 20: 997, 0, 0
0 14 21: 997, 0, 0
0 14 22: 997, 9, 0
0 14 23: 732, 10, 3
0 14 23: 1602, 3, 0
0 14 24: 997, 0, 3
0 14 28: 325, 22, 1
0 14 30: 325, 22, 0
0 14 31: 326, 22, 2
0 14 32: 325, 22, 2
0 14 43: 325, 22, 0
0 14 44: 325, 22, 3
0 14 45: 320, 22, 1
0 14 45: 1602, 3, 1
0 14 46: 997, 9, 1
0 14 47: 325, 22, 0
0 14 50: 325, 22, 2
0 14 54: 320, 22, 3
0 14 55: 320, 22, 0
0 14 56: 326, 22, 3
0 14 56: 724, 10, 3
0 14 57: 325, 22, 1
0 14 58: 326, 22, 2
0 14 59: 325, 22, 3
0 14 62: 325, 22, 0
0 14 63: 325, 22, 2
0 15 0: 731, 10, 0
0 15 2: 732, 10, 3
0 15 5: 731, 10, 0
0 15 8: 731, 10, 3
0 15 10: 997, 0, 3
0 15 12: 1624, 1, 1
0 15 13: 1624, 0, 2
0 15 14: 1624, 9, 1
0 15 15: 724, 10, 2
0 15 16: 2827, 10, 1
0 15 17: 320, 22, 3
0 15 17: 724, 10, 3
0 15 18: 1626, 9, 2
0 15 19: 1626, 0, 2
0 15 20: 1624, 1, 2
0 15 22: 997, 0, 1
0 15 24: 997, 9, 2
0 15 26: 1247, 22, 1
0 15 26: 1301, 10, 3
0 15 27: 1247, 22, 0
0 15 31: 325, 22, 1
0 15 31: 550, 10, 1
0 15 33: 548, 10, 2
0 15 38: 1391, 10, 2
0 15 42: 325, 22, 0
0 15 43: 324, 22, 0
0 15 45: 997, 9, 1
0 15 46: 325, 22, 1
0 15 47: 326, 22, 3
0 15 48: 325, 22, 3
0 15 52: 320, 22, 2
0 15 56: 325, 22, 2
0 15 58: 325, 22, 0
0 15 61: 325, 22, 0
0 15 62: 326, 22, 1
0 15 63: 325, 22, 2
0 16 1: 731, 10, 1
0 16 2: 731, 10, 2
0 16 3: 731, 10, 3
0 16 5: 731, 10, 1
0 16 6: 732, 10, 1
0 16 7: 731, 10, 0
0 16 9: 997, 9, 3
0 16 12: 1626, 9, 1
0 16 13: 320, 22, 3
0 16 16: 320, 22, 2
0 16 17: 319, 22, 0
0 16 18: 320, 22, 1
0 16 20: 1626, 9, 2
0 16 22: 997, 0, 1
0 16 25: 997, 9, 2
0 16 26: 1247, 22, 1
0 16 27: 1247, 22, 3
0 16 42: 325, 22, 2
0 16 43: 325, 22, 1
0 16 43: 724, 10, 3
0 16 44: 997, 0, 1
0 16 45: 326, 22, 0
0 16 46: 326, 22, 0
0 16 47: 325, 22, 3
0 16 49: 325, 22, 1
0 16 50: 724, 10, 2
0 16 55: 325, 22, 2
0 16 62: 325, 22, 1
0 17 1: 732, 10, 0
0 17 1: 1602, 3, 1
0 17 4: 732, 10, 3
0 17 5: 731, 10, 1
0 17 8: 997, 9, 3
0 17 11: 1626, 0, 1
0 17 12: 319, 22, 3
0 17 13: 320, 22, 1
0 17 17: 320, 22, 0
0 17 20: 724, 10, 1
0 17 23: 997, 9, 0
0 17 24: 731, 10, 3
0 17 26: 859, 10, 0
0 17 26: 997, 0, 3
0 17 27: 1246, 22, 0
0 17 27: 1301, 10, 0
0 17 28: 1247, 22, 0
0 17 45: 997, 9, 0
0 17 46: 326, 22, 3
0 17 48: 325, 22, 2
0 17 49: 326, 22, 2
0 17 51: 320, 22, 1
0 17 54: 325, 22, 1
0 17 55: 326, 22, 2
0 17 56: 325, 22, 2
0 17 59: 325, 22, 1
0 17 60: 325, 22, 2
0 18 0: 997, 0, 0
0 18 1: 997, 0, 0
0 18 2: 997, 9, 0
0 18 5: 732, 10, 2
0 18 8: 997, 0, 3
0 18 11: 1626, 0, 1
0 18 12: 320, 22, 0
0 18 14: 1630, 22, 0
0 18 15: 1630, 22, 0
0 18 20: 851, 10, 2
0 18 21: 1626, 0, 3
0 18 23: 997, 0, 1
0 18 26: 997, 0, 3
0 18 26: 1301, 10, 2
0 18 27: 1301, 10, 2
0 18 28: 1247, 22, 1
0 18 32: 549, 10, 1
0 18 34: 550, 10, 3
0 18 41: 325, 22, 3
0 18 43: 1391, 10, 2
0 18 45: 319, 22, 3
0 18 45: 859, 10, 2
0 18 45: 997, 0, 1
0 18 46: 325, 22, 2
0 18 48: 325, 22, 3
0 18 49: 325, 22, 0
0 18 51: 321, 22, 3
0 18 52: 320, 22, 3
0 18 53: 859, 10, 1
0 18 54: 325, 22, 0
0 18 55: 325, 22, 1
0 18 58: 325, 22, 0
0 18 59: 326, 22, 2
0 18 60: 325, 22, 1
0 18 62: 325, 22, 3
0 19 3: 997, 9, 0
0 19 4: 1602, 3, 2
0 19 6: 1602, 3, 1
0 19 7: 997, 9, 3
0 19 11: 1624, 0, 1
0 19 13: 1173, 11, 2
0 19 18: 1624, 2, 3
0 19 19: 1630, 22, 0
0 19 20: 724, 10, 0
0 19 20: 1629, 22, 0
0 19 21: 1625, 0, 3
0 19 22: 1173, 10, 2
0 19 23: 997, 0, 1
0 19 25: 731, 10, 0
0 19 26: 997, 0, 3
0 19 26: 1247, 22, 2
0 19 26: 1301, 10, 1
0 19 27: 1246, 22, 3
0 19 27: 1301, 10, 1
0 19 28: 1246, 22, 3
0 19 28: 1301, 10, 1
0 19 29: 1247, 22, 2
0 19 39: 1391, 10, 3
0 19 40: 325, 22, 0
0 19 41: 325, 22, 1
0 19 42: 325, 22, 0
0 19 44: 325, 22, 0
0 19 45: 997, 0, 1
0 19 47: 1173, 10, 3
0 19 49: 325, 22, 1
0 19 51: 320, 22, 0
0 19 52: 320, 22, 2
0 19 54: 325, 22, 2
0 19 55: 324, 22, 2
0 19 56: 325, 22, 0
0 19 59: 325, 22, 3
0 19 61: 325, 22, 0
0 19 62: 326, 22, 3
0 19 63: 325, 22, 3
0 20 4: 997, 0, 0
0 20 5: 997, 0, 0
0 20 6: 997, 0, 0
0 20 7: 997, 9, 0
0 20 11: 1624, 1, 0
0 20 12: 1624, 9, 0
0 20 16: 1391, 10, 3
0 20 16: 1630, 22, 3
0 20 18: 1629, 22, 3
0 20 19: 320, 22, 3
0 20 19: 1391, 10, 2
0 20 20: 319, 22, 2
0 20 21: 1624, 0, 3
0 20 23: 997, 0, 1
0 20 24: 731, 10, 1
0 20 26: 997, 0, 3
0 20 27: 1247, 22, 3
0 20 28: 1301, 10, 1
0 20 29: 1246, 22, 2
0 20 32: 550, 10, 0
0 20 40: 325, 22, 2
0 20 41: 326, 22, 1
0 20 42: 324, 22, 2
0 20 44: 325, 22, 1
0 20 44: 1173, 10, 0
0 20 45: 326, 22, 2
0 20 45: 997, 0, 1
0 20 51: 320, 22, 0
0 20 52: 321, 22, 2
0 20 53: 320, 22, 0
0 20 55: 325, 22, 3
0 20 62: 325, 22, 1
0 20 63: 325, 22, 2
0 21 3: 1982, 0, 3
0 21 3: 2384, 22, 0
0 21 4: 1982, 0, 1
0 21 4: 2384, 22, 0
0 21 8: 997, 0, 0
0 21 9: 997, 0, 0
0 21 10: 997, 0, 0
0 21 12: 1624, 1, 0
0 21 13: 1624, 9, 0
0 21 16: 1630, 22, 3
0 21 17: 1391, 10, 0
0 21 18: 1630, 22, 3
0 21 19: 320, 22, 2
0 21 20: 1626, 9, 3
0 21 21: 1626, 1, 3
0 21 23: 997, 9, 1
0 21 26: 997, 0, 3
0 21 26: 1301, 10, 1
0 21 27: 1247, 22, 0
0 21 40: 325, 22, 1
0 21 41: 324, 22, 3
0 21 42: 325, 22, 3
0 21 42: 1391, 10, 1
0 21 43: 1302, 11, 3
0 21 45: 325, 22, 3
0 21 45: 997, 0, 1
0 21 50: 724, 10, 0
0 21 52: 320, 22, 2
0 21 56: 325, 22, 3
0 21 57: 325, 22, 0
0 21 60: 325, 22, 1
0 22 2: 1626, 0, 1
0 22 5: 1626, 9, 2
0 22 6: 1626, 1, 2
0 22 12: 1624, 1, 1
0 22 13: 1626, 9, 1
0 22 16: 1629, 22, 3
0 22 18: 1629, 22, 3
0 22 19: 1624, 9, 3
0 22 20: 1626, 1, 3
0 22 22: 997, 9, 1
0 22 25: 731, 10, 3
0 22 26: 997, 0, 3
0 22 41: 1391, 10, 0
0 22 43: 325, 22, 2
0 22 45: 997, 9, 1
0 22 54: 320, 22, 0
0 22 57: 326, 22, 0
0 22 58: 325, 22, 1
0 22 59: 326, 22, 3
0 22 60: 325, 22, 2
0 23 1: 1626, 1, 1
0 23 2: 1624, 9, 1
0 23 3: 320, 22, 0
0 23 5: 320, 22, 3
0 23 5: 859, 10, 1
0 23 6: 1626, 9, 2
0 23 7: 1626, 1, 2
0 23 10: 1624, 1, 1
0 23 11: 1624, 0, 2
0 23 12: 1626, 9, 1
0 23 14: 320, 22, 2
0 23 16: 1626, 2, 3
0 23 17: 1630, 22, 0
0 23 18: 1624, 0, 0
0 23 19: 1624, 0, 3
0 23 21: 997, 0, 1
0 23 24: 731, 10, 3
0 23 25: 997, 9, 3
0 23 25: 1602, 3, 2
0 23 29: 2791, 10, 0
0 23 42: 325, 22, 1
0 23 43: 326, 22, 3
0 23 43: 1602, 3, 1
0 23 44: 997, 9, 1
0 23 47: 1626, 1, 1
0 23 48: 1626, 9, 1
0 23 49: 1624, 9, 2
0 23 50: 1626, 1, 2
0 23 53: 320, 22, 1
0 23 54: 321, 22, 1
0 23 55: 320, 22, 3
0 23 58: 325, 22, 0
0 23 59: 325, 22, 3
0 24 0: 1626, 1, 1
0 24 1: 1626, 9, 1
0 24 5: 320, 22, 0
0 24 6: 319, 22, 2
0 24 7: 1626, 0, 3
0 24 8: 1391, 10, 0
0 24 9: 1624, 1, 1
0 24 10: 1626, 9, 1
0 24 11: 1173, 11, 0
0 24 13: 320, 22, 3
0 24 14: 319, 22, 0
0 24 15: 320, 22, 1
0 24 16: 1629, 22, 3
0 24 17: 320, 22, 1
0 24 18: 1626, 9, 3
0 24 19: 1624, 1, 3
0 24 21: 997, 9, 1
0 24 25: 859, 10, 0
0 24 25: 997, 0, 3
0 24 26: 724, 10, 1
0 24 36: 550, 10, 0
0 24 41: 1301, 10, 2
0 24 42: 325, 22, 0
0 24 42: 1301, 10, 2
0 24 43: 325, 22, 0
0 24 43: 997, 0, 1
0 24 46: 1626, 1, 1
0 24 47: 1626, 2, 1
0 24 48: 320, 22, 1
0 24 49: 321, 22, 2
0 24 50: 1624, 0, 3
0 24 52: 325, 22, 3
0 24 54: 320, 22, 3
0 24 57: 320, 22, 1
0 24 57: 1602, 3, 1
0 25 0: 1626, 0, 1
0 25 1: 1626, 0, 0
0 25 2: 1626, 3, 0
0 25 2: 1630, 22, 0
0 25 3: 1630, 22, 0
0 25 4: 1629, 22, 0
0 25 6: 320, 22, 1
0 25 7: 1624, 9, 2
0 25 8: 1624, 0, 2
0 25 9: 1624, 9, 1
0 25 14: 320, 22, 0
0 25 16: 1630, 22, 3
0 25 17: 1626, 9, 3
0 25 20: 997, 9, 1
0 25 23: 732, 10, 0
0 25 24: 997, 9, 3
0 25 24: 1602, 3, 2
0 25 25: 1301, 10, 3
0 25 26: 1247, 22, 1
0 25 27: 1247, 22, 3
0 25 27: 1301, 10, 1
0 25 42: 1301, 10, 3
0 25 43: 997, 0, 1
0 25 45: 724, 10, 0
0 25 45: 1626, 1, 1
0 25 46: 1624, 9, 1
0 25 49: 320, 22, 2
0 25 50: 724, 10, 3
0 25 50: 1626, 2, 2
0 25 51: 1626, 1, 2
0 25 55: 320, 22, 1
0 25 56: 320, 22, 2
0 25 57: 319, 22, 0
0 25 57: 997, 0, 1
0 26 0: 1624, 1, 0
0 26 1: 1624, 9, 0
0 26 3: 320, 22, 1
0 26 5: 1626, 3, 1
0 26 8: 724, 10, 3
0 26 9: 320, 22, 2
0 26 16: 1626, 9, 3
0 26 16: 1630, 22, 3
0 26 19: 997, 0, 1
0 26 20: 732, 10, 3
0 26 20: 1602, 3, 2
0 26 21: 731, 10, 0
0 26 23: 997, 9, 3
0 26 26: 1247, 22, 0
0 26 27: 1246, 22, 1
0 26 27: 1301, 10, 2
0 26 28: 1247, 22, 3
0 26 29: 1301, 10, 2
0 26 30: 1247, 22, 2
0 26 41: 445, 10, 0
0 26 43: 997, 0, 1
0 26 45: 1626, 0, 1
0 26 46: 851, 10, 0
0 26 49: 320, 22, 0
0 26 50: 321, 22, 2
0 26 51: 1626, 9, 2
0 26 52: 325, 22, 0
0 26 52: 1626, 1, 2
0 26 55: 319, 22, 2
0 26 56: 320, 22, 0
0 26 57: 320, 22, 0
0 26 57: 997, 0, 1
0 26 58: 859, 10, 1
0 26 60: 2806, 11, 2
0 27 0: 1391, 10, 0
0 27 1: 1391, 10, 1
0 27 1: 1626, 1, 0
0 27 2: 1626, 9, 0
0 27 4: 1626, 0, 3
0 27 4: 1630, 22, 0
0 27 5: 1629, 22, 0
0 27 6: 1624, 3, 2
0 27 8: 320, 22, 3
0 27 9: 319, 22, 1
0 27 10: 320, 22, 1
0 27 10: 1391, 10, 1
0 27 11: 320, 22, 2
0 27 12: 1626, 9, 3
0 27 13: 1625, 0, 0
0 27 14: 1173, 10, 0
0 27 14: 1626, 0, 0
0 27 15: 1624, 0, 0
0 27 16: 1624, 1, 3
0 27 19: 997, 9, 1
0 27 21: 731, 10, 1
0 27 22: 997, 0, 1
0 27 23: 997, 0, 0
0 27 24: 997, 0, 0
0 27 25: 997, 0, 0
0 27 26: 997, 9, 0
0 27 26: 1602, 3, 1
0 27 27: 1247, 22, 1
0 27 28: 1247, 22, 2
0 27 28: 1301, 10, 1
0 27 29: 1247, 22, 3
0 27 43: 997, 0, 1
0 27 45: 1626, 0, 1
0 27 46: 320, 22, 3
0 27 50: 320, 22, 3
0 27 51: 320, 22, 1
0 27 51: 851, 10, 2
0 27 52: 1626, 0, 3
0 27 53: 325, 22, 1
0 27 55: 320, 22, 3
0 27 57: 997, 0, 1
0 28 1: 1391, 10, 3
0 28 2: 1626, 1, 0
0 28 3: 1626, 9, 0
0 28 4: 321, 22, 0
0 28 4: 724, 10, 0
0 28 4: 1625, 0, 3
0 28 5: 320, 22, 2
0 28 6: 724, 10, 1
0 28 6: 1625, 0, 3
0 28 8: 1630, 22, 3
0 28 9: 320, 22, 0
0 28 10: 320, 22, 0
0 28 11: 319, 22, 1
0 28 12: 1626, 0, 3
0 28 13: 1173, 10, 3
0 28 18: 997, 9, 1
0 28 22: 997, 9, 3
0 28 27: 997, 9, 0
0 28 29: 1246, 22, 3
0 28 29: 1301, 10, 0
0 28 30: 1246, 22, 0
0 28 31: 1391, 10, 1
0 28 34: 2791, 10, 3
0 28 42: 859, 11, 2
0 28 42: 1602, 3, 1
0 28 43: 997, 9, 1
0 28 45: 1624, 0, 1
0 28 46: 321, 22, 1
0 28 46: 851, 10, 0
0 28 47: 320, 22, 2
0 28 49: 320, 22, 3
0 28 50: 320, 22, 2
0 28 51: 1626, 9, 3
0 28 52: 1626, 1, 3
0 28 54: 320, 22, 2
0 28 57: 1602, 3, 0
0 29 3: 724, 10, 2
0 29 3: 1624, 1, 0
0 29 4: 1626, 0, 0
0 29 5: 1624, 0, 0
0 29 6: 1173, 10, 1
0 29 6: 1625, 0, 0
0 29 7: 1626, 9, 0
0 29 8: 1629, 22, 3
0 29 11: 320, 22, 3
0 29 12: 1626, 9, 2
0 29 13: 1626, 1, 2
0 29 16: 1298, 10, 3
0 29 17: 997, 0, 1
0 29 19: 731, 10, 2
0 29 21: 997, 9, 3
0 29 23: 1624, 1, 1
0 29 24: 1624, 0, 2
0 29 25: 1626, 0, 2
0 29 26: 1624, 1, 2
0 29 28: 997, 9, 0
0 29 29: 1247, 22, 1
0 29 41: 1391, 10, 2
0 29 42: 997, 0, 1
0 29 45: 724, 10, 3
0 29 45: 1626, 1, 0
0 29 46: 1626, 9, 0
0 29 47: 320, 22, 1
0 29 48: 320, 22, 0
0 29 49: 321, 22, 0
0 29 50: 1624, 9, 3
0 29 51: 724, 10, 2
0 29 51: 1626, 1, 3
0 29 54: 321, 22, 1
0 29 55: 320, 22, 1
0 30 0: 997, 0, 2
0 30 7: 1624, 1, 0
0 30 8: 1626, 9, 0
0 30 13: 1626, 9, 2
0 30 14: 1626, 1, 2
0 30 17: 997, 0, 1
0 30 20: 997, 9, 3
0 30 22: 1626, 1, 1
0 30 23: 1624, 9, 1
0 30 24: 2826, 10, 1
0 30 25: 320, 22, 2
0 30 26: 1624, 9, 2
0 30 27: 1626, 1, 2
0 30 29: 997, 9, 0
0 30 29: 1602, 3, 1
0 30 30: 724, 10, 0
0 30 41: 859, 11, 1
0 30 42: 997, 0, 1
0 30 46: 1626, 1, 0
0 30 47: 1626, 9, 0
0 30 49: 1624, 9, 3
0 30 50: 1626, 1, 3
0 30 51: 325, 22, 2
0 30 54: 320, 22, 0
0 31 1: 997, 9, 2
0 31 3: 2810, 10, 3
0 31 8: 1626, 0, 1
0 31 9: 724, 10, 2
0 31 13: 320, 22, 2
0 31 14: 1624, 9, 2
0 31 15: 1624, 1, 2
0 31 17: 997, 9, 1
0 31 19: 997, 9, 3
0 31 22: 1624, 0, 1
0 31 23: 859, 11, 3
0 31 24: 320, 22, 3
0 31 25: 1301, 11, 2
0 31 27: 1298, 10, 1
0 31 27: 1624, 0, 3
0 31 30: 997, 9, 0
0 31 41: 1391, 10, 3
0 31 42: 997, 0, 1
0 31 47: 1173, 10, 2
0 31 47: 1626, 1, 0
0 31 48: 1624, 0, 0
0 31 49: 325, 22, 0
0 31 49: 724, 10, 1
0 31 49: 1626, 1, 3
0 31 50: 325, 22, 1
0 32 2: 997, 9, 2
0 32 3: 997, 0, 2
0 32 8: 1626, 0, 1
0 32 13: 320, 22, 3
0 32 14: 319, 22, 2
0 32 15: 1624, 0, 3
0 32 16: 997, 0, 1
0 32 18: 732, 10, 2
0 32 18: 1602, 3, 0
0 32 19: 997, 0, 3
0 32 21: 1624, 1, 1
0 32 22: 1624, 9, 1
0 32 23: 320, 22, 2
0 32 24: 319, 22, 3
0 32 25: 320, 22, 1
0 32 27: 1626, 9, 2
0 32 28: 1255, 22, 2
0 32 28: 1626, 0, 2
0 32 29: 1626, 1, 2
0 32 31: 997, 9, 0
0 32 31: 1602, 3, 1
0 32 32: 1391, 10, 2
0 32 38: 2791, 10, 3
0 32 42: 997, 0, 1
0 32 43: 724, 10, 3
0 32 51: 320, 22, 1
0 33 0: 732, 10, 3
0 33 3: 732, 10, 1
0 33 3: 1602, 3, 3
0 33 4: 997, 9, 2
0 33 8: 1624, 0, 1
0 33 9: 319, 22, 2
0 33 9: 724, 10, 1
0 33 14: 320, 22, 2
0 33 14: 859, 10, 2
0 33 15: 1626, 0, 3
0 33 16: 997, 0, 1
0 33 19: 997, 0, 3
0 33 21: 1624, 9, 1
0 33 24: 320, 22, 0
0 33 26: 320, 22, 3
0 33 27: 1391, 10, 0
0 33 27: 1630, 22, 1
0 33 28: 321, 22, 1
0 33 29: 1626, 0, 3
0 33 31: 997, 0, 1
0 33 32: 1247, 22, 0
0 33 32: 1391, 10, 0
0 33 33: 1247, 22, 1
0 33 35: 1298, 10, 2
0 33 39: 1173, 10, 3
0 33 41: 1602, 3, 1
0 33 42: 997, 9, 1
0 33 47: 724, 10, 2
0 33 50: 320, 22, 0
0 33 51: 319, 22, 3
0 33 52: 320, 22, 2
0 33 54: 1391, 10, 2
0 34 1: 731, 10, 3
0 34 2: 731, 10, 1
0 34 5: 997, 9, 2
0 34 8: 1626, 1, 0
0 34 9: 1626, 9, 0
0 34 16: 997, 0, 1
0 34 19: 997, 0, 3
0 34 21: 1982, 0, 3
0 34 27: 1630, 22, 1
0 34 28: 320, 22, 0
0 34 29: 1624, 0, 3
0 34 31: 997, 0, 1
0 34 33: 1391, 10, 3
0 34 40: 325, 22, 0
0 34 41: 325, 22, 3
0 34 41: 997, 9, 1
0 34 42: 724, 10, 2
0 34 51: 320, 22, 3
0 34 52: 724, 10, 0
0 34 53: 1391, 10, 0
0 35 0: 731, 10, 3
0 35 3: 731, 10, 0
0 35 6: 997, 0, 3
0 35 9: 1626, 1, 0
0 35 10: 1626, 9, 0
0 35 11: 320, 22, 1
0 35 12: 320, 22, 0
0 35 16: 997, 0, 1
0 35 17: 731, 10, 3
0 35 18: 732, 10, 1
0 35 18: 1602, 3, 1
0 35 19: 997, 0, 3
0 35 21: 1982, 0, 2
0 35 21: 2831, 10, 2
0 35 24: 320, 22, 3
0 35 27: 851, 10, 2
0 35 28: 1626, 9, 3
0 35 29: 1626, 1, 3
0 35 31: 997, 0, 1
0 35 32: 325, 22, 1
0 35 33: 1246, 22, 3
0 35 33: 1301, 10, 3
0 35 34: 1247, 22, 3
0 35 35: 1247, 22, 2
0 35 35: 2791, 10, 3
0 35 36: 1246, 22, 0
0 35 38: 724, 10, 3
0 35 39: 325, 22, 1
0 35 39: 859, 11, 2
0 35 40: 324, 22, 1
0 35 40: 997, 9, 1
0 35 41: 324, 22, 1
0 36 1: 732, 10, 3
0 36 2: 732, 10, 0
0 36 5: 732, 10, 0
0 36 5: 1602, 3, 1
0 36 6: 997, 0, 3
0 36 10: 1626, 1, 0
0 36 11: 1626, 9, 0
0 36 12: 319, 22, 0
0 36 13: 320, 22, 0
0 36 13: 859, 11, 1
0 36 14: 1624, 9, 3
0 36 16: 997, 0, 1
0 36 19: 997, 9, 2
0 36 22: 1626, 9, 0
0 36 23: 320, 22, 2
0 36 23: 859, 10, 3
0 36 24: 319, 22, 0
0 36 25: 320, 22, 1
0 36 26: 859, 10, 3
0 36 27: 1626, 9, 3
0 36 28: 1173, 10, 0
0 36 28: 1626, 1, 3
0 36 30: 997, 9, 1
0 36 31: 997, 0, 0
0 36 32: 997, 9, 2
0 36 33: 326, 22, 2
0 36 34: 1246, 22, 2
0 36 34: 1301, 10, 2
0 36 35: 1246, 22, 1
0 36 35: 1301, 10, 1
0 36 37: 1390, 11, 2
0 36 38: 325, 22, 1
0 36 38: 1602, 3, 1
0 36 39: 325, 22, 1
0 36 39: 997, 9, 1
0 36 40: 325, 22, 0
0 36 40: 724, 10, 1
0 36 41: 325, 22, 3
0 36 47: 320, 22, 1
0 36 50: 859, 11, 1
0 37 0: 731, 10, 2
0 37 3: 731, 10, 3
0 37 5: 731, 10, 1
0 37 6: 997, 9, 2
0 37 11: 1624, 1, 0
0 37 12: 1626, 0, 0
0 37 13: 1624, 0, 0
0 37 16: 997, 0, 1
0 37 18: 731, 10, 0
0 37 20: 997, 9, 2
0 37 22: 1626, 1, 0
0 37 23: 1626, 0, 0
0 37 26: 1626, 0, 0
0 37 27: 1624, 1, 3
0 37 29: 997, 9, 1
0 37 31: 732, 10, 2
0 37 33: 325, 22, 0
0 37 33: 997, 0, 3
0 37 34: 326, 22, 1
0 37 35: 325, 22, 3
0 37 36: 859, 10, 3
0 37 38: 325, 22, 2
0 37 38: 997, 9, 1
0 37 39: 324, 22, 2
0 37 40: 325, 22, 2
0 37 41: 326, 22, 2
0 37 43: 724, 10, 3
0 37 44: 320, 22, 2
0 37 46: 320, 22, 2
0 37 47: 319, 22, 0
0 37 49: 326, 22, 1
0 37 58: 1247, 22, 1
0 37 58: 1276, 10, 2
0 37 59: 1247, 22, 0
0 37 62: 1276, 10, 1
0 37 63: 1247, 22, 0
0 38 1: 731, 10, 2
0 38 2: 731, 10, 2
0 38 4: 731, 10, 1
0 38 6: 731, 10, 0
0 38 7: 997, 9, 2
0 38 8: 997, 0, 2
0 38 9: 997, 0, 2
0 38 10: 997, 0, 2
0 38 11: 997, 0, 2
0 38 12: 997, 0, 2
0 38 13: 997, 0, 2
0 38 14: 997, 0, 2
0 38 15: 997, 0, 2
0 38 16: 997, 9, 1
0 38 18: 731, 10, 1
0 38 21: 997, 9, 2
0 38 22: 997, 0, 2
0 38 23: 997, 0, 2
0 38 24: 997, 0, 2
0 38 25: 997, 0, 2
0 38 26: 997, 0, 2
0 38 27: 997, 0, 2
0 38 28: 997, 9, 1
0 38 30: 731, 10, 0
0 38 33: 997, 0, 0
0 38 33: 997, 9, 2
0 38 34: 997, 0, 0
0 38 35: 325, 22, 2
0 38 35: 997, 0, 0
0 38 36: 325, 22, 2
0 38 36: 997, 0, 0
0 38 37: 326, 22, 2
0 38 37: 997, 0, 0
0 38 38: 325, 22, 0
0 38 40: 326, 22, 3
0 38 41: 859, 11, 1
0 38 43: 320, 22, 0
0 38 44: 319, 22, 1
0 38 45: 320, 22, 1
0 38 47: 724, 10, 1
0 38 48: 325, 22, 0
0 38 58: 1246, 22, 1
0 38 59: 1247, 22, 3
0 38 62: 1246, 22, 3
0 38 63: 1247, 22, 1
0 39 3: 732, 10, 2
0 39 9: 732, 10, 0
0 39 9: 1602, 3, 1
0 39 12: 731, 10, 3
0 39 12: 1602, 3, 1
0 39 15: 731, 10, 2
0 39 17: 732, 10, 0
0 39 18: 731, 10, 0
0 39 20: 732, 10, 2
0 39 22: 732, 10, 1
0 39 22: 1602, 3, 3
0 39 27: 732, 10, 0
0 39 27: 1602, 3, 0
0 39 30: 731, 10, 2
0 39 32: 731, 10, 3
0 39 34: 325, 22, 1
0 39 34: 997, 9, 2
0 39 35: 326, 22, 3
0 39 36: 325, 22, 1
0 39 37: 325, 22, 1
0 39 38: 324, 22, 0
0 39 39: 326, 22, 0
0 39 40: 324, 22, 3
0 39 40: 1391, 10, 0
0 39 44: 320, 22, 3
0 39 48: 326, 22, 2
0 39 49: 325, 22, 1
0 39 56: 1247, 22, 1
0 39 56: 1276, 10, 3
0 39 57: 1246, 22, 2
0 40 0: 731, 10, 0
0 40 6: 732, 10, 0
0 40 6: 1602, 3, 1
0 40 7: 997, 9, 3
0 40 8: 997, 0, 0
0 40 9: 997, 0, 0
0 40 10: 997, 0, 0
0 40 11: 997, 0, 0
0 40 12: 997, 0, 0
0 40 13: 997, 0, 0
0 40 14: 997, 9, 0
0 40 16: 731, 10, 1
0 40 19: 731, 10, 3
0 40 21: 731, 10, 2
0 40 25: 732, 10, 3
0 40 25: 1602, 3, 2
0 40 29: 731, 10, 1
0 40 30: 732, 10, 3
0 40 30: 1602, 3, 1
0 40 32: 732, 10, 1
0 40 34: 326, 22, 1
0 40 34: 997, 9, 3
0 40 35: 325, 22, 3
0 40 36: 324, 22, 2
0 40 38: 324, 22, 1
0 40 42: 320, 22, 2
0 40 46: 325, 22, 3
0 40 48: 325, 22, 2
0 40 57: 1247, 22, 2
0 40 59: 1247, 22, 3
0 40 59: 1276, 10, 0
0 40 60: 1246, 22, 1
0 40 63: 1257, 22, 1
0 41 1: 732, 10, 1
0 41 3: 731, 10, 0
0 41 6: 997, 9, 3
0 41 9: 1624, 1, 1
0 41 10: 1624, 0, 2
0 41 11: 1624, 0, 2
0 41 12: 1624, 1, 2
0 41 15: 997, 9, 0
0 41 18: 732, 10, 2
0 41 21: 732, 10, 3
0 41 24: 997, 9, 3
0 41 25: 997, 0, 0
0 41 26: 997, 0, 0
0 41 27: 326, 22, 3
0 41 27: 997, 0, 0
0 41 28: 325, 22, 0
0 41 28: 997, 0, 0
0 41 29: 326, 22, 0
0 41 29: 997, 0, 0
0 41 30: 325, 22, 2
0 41 30: 997, 0, 0
0 41 31: 997, 9, 0
0 41 33: 997, 9, 3
0 41 34: 325, 22, 1
0 41 37: 724, 10, 0
0 41 38: 320, 22, 2
0 41 41: 320, 22, 0
0 41 42: 319, 22, 3
0 41 43: 320, 22, 1
0 41 45: 325, 22, 0
0 41 46: 326, 22, 0
0 41 47: 325, 22, 2
0 41 59: 1247, 22, 1
0 41 60: 1247, 22, 0
0 41 61: 1276, 10, 3
0 41 62: 1247, 22, 2
0 41 63: 1257, 22, 2
0 42 3: 731, 10, 2
0 42 4: 731, 10, 3
0 42 6: 997, 0, 3
0 42 8: 1624, 1, 1
0 42 9: 1624, 9, 1
0 42 10: 319, 22, 1
0 42 11: 320, 22, 3
0 42 11: 859, 11, 0
0 42 12: 1626, 9, 2
0 42 13: 1626, 1, 2
0 42 16: 997, 0, 0
0 42 17: 997, 9, 0
0 42 19: 997, 9, 3
0 42 20: 326, 22, 2
0 42 20: 997, 0, 0
0 42 21: 997, 0, 0
0 42 22: 997, 0, 0
0 42 23: 997, 0, 0
0 42 26: 1626, 1, 1
0 42 27: 325, 22, 1
0 42 27: 1626, 0, 2
0 42 28: 326, 22, 2
0 42 28: 1626, 1, 2
0 42 29: 325, 22, 3
0 42 30: 325, 22, 0
0 42 32: 997, 0, 0
0 42 33: 324, 22, 0
0 42 36: 320, 22, 0
0 42 37: 320, 22, 3
0 42 38: 319, 22, 0
0 42 39: 320, 22, 1
0 42 42: 320, 22, 3
0 42 42: 724, 10, 3
0 42 46: 325, 22, 1
0 42 47: 325, 22, 0
0 42 62: 1246, 22, 2
0 42 63: 1258, 22, 3
0 43 5: 732, 10, 2
0 43 5: 1602, 3, 1
0 43 6: 997, 0, 3
0 43 7: 1173, 10, 2
0 43 7: 1626, 1, 1
0 43 8: 1626, 9, 1
0 43 9: 320, 22, 1
0 43 9: 851, 10, 0
0 43 10: 320, 22, 0
0 43 12: 320, 22, 2
0 43 13: 1390, 10, 2
0 43 13: 1624, 0, 3
0 43 17: 325, 22, 1
0 43 18: 997, 0, 0
0 43 20: 1626, 1, 1
0 43 21: 1626, 0, 2
0 43 22: 1625, 0, 2
0 43 23: 1624, 0, 2
0 43 26: 1626, 9, 1
0 43 28: 1626, 9, 2
0 43 29: 325, 22, 3
0 43 29: 1626, 1, 2
0 43 30: 326, 22, 3
0 43 31: 325, 22, 1
0 43 35: 320, 22, 1
0 43 36: 321, 22, 1
0 43 37: 320, 22, 3
0 43 38: 320, 22, 0
0 43 39: 320, 22, 1
0 43 41: 320, 22, 1
0 43 42: 1391, 10, 2
0 43 43: 324, 22, 0
0 43 44: 2807, 10, 2
0 43 46: 325, 22, 3
0 43 47: 326, 22, 3
0 43 48: 325, 22, 1
0 43 49: 325, 22, 1
0 43 57: 1276, 10, 3
0 43 58: 1247, 22, 3
0 43 59: 1281, 10, 3
0 43 60: 1247, 22, 2
0 43 61: 1247, 22, 0
0 43 62: 1257, 22, 3
0 43 63: 1258, 22, 3
0 44 1: 731, 10, 1
0 44 5: 997, 9, 3
0 44 7: 1624, 0, 1
0 44 8: 1298, 10, 1
0 44 11: 320, 22, 1
0 44 12: 319, 22, 2
0 44 13: 1626, 0, 3
0 44 15: 325, 22, 0
0 44 16: 325, 22, 2
0 44 16: 1391, 10, 3
0 44 17: 326, 22, 2
0 44 18: 325, 22, 3
0 44 19: 1624, 1, 1
0 44 20: 1626, 9, 1
0 44 22: 320, 22, 1
0 44 23: 319, 22, 1
0 44 23: 724, 10, 0
0 44 24: 320, 22, 3
0 44 26: 724, 10, 1
0 44 27: 1629, 22, 0
0 44 28: 1630, 22, 0
0 44 29: 1173, 10, 1
0 44 29: 1625, 0, 3
0 44 30: 325, 22, 3
0 44 36: 320, 22, 2
0 44 38: 319, 22, 2
0 44 39: 321, 22, 2
0 44 40: 320, 22, 2
0 44 41: 319, 22, 1
0 44 41: 1391, 10, 3
0 44 42: 320, 22, 0
0 44 43: 326, 22, 2
0 44 47: 325, 22, 2
0 44 49: 325, 22, 0
0 44 51: 325, 22, 0
0 44 57: 1246, 22, 0
0 44 58: 1247, 22, 0
0 44 59: 1247, 22, 3
0 44 61: 1247, 22, 0
0 44 62: 1258, 22, 3
0 44 63: 1258, 22, 0
0 45 3: 732, 10, 1
0 45 3: 1602, 3, 2
0 45 4: 997, 9, 3
0 45 7: 1626, 0, 1
0 45 8: 320, 22, 0
0 45 11: 320, 22, 0
0 45 11: 1173, 11, 2
0 45 12: 1624, 9, 3
0 45 13: 1626, 1, 3
0 45 14: 325, 22, 3
0 45 15: 326, 22, 0
0 45 15: 1391, 10, 2
0 45 16: 325, 22, 1
0 45 17: 326, 22, 2
0 45 18: 325, 22, 0
0 45 18: 1624, 1, 1
0 45 19: 1626, 9, 1
0 45 22: 1173, 11, 3
0 45 23: 320, 22, 1
0 45 27: 320, 22, 2
0 45 28: 320, 22, 0
0 45 29: 1624, 0, 3
0 45 35: 320, 22, 3
0 45 38: 321, 22, 3
0 45 39: 320, 22, 3
0 45 41: 320, 22, 3
0 45 42: 1391, 10, 1
0 45 47: 325, 22, 2
0 45 48: 325, 22, 0
0 45 49: 324, 22, 3
0 45 50: 325, 22, 1
0 45 60: 1247, 22, 3
0 45 62: 1257, 22, 1
0 45 63: 1257, 22, 1
0 46 2: 997, 9, 3
0 46 3: 997, 0, 0
0 46 7: 1624, 0, 1
0 46 8: 319, 22, 0
0 46 9: 320, 22, 3
0 46 11: 1626, 9, 3
0 46 12: 1626, 1, 3
0 46 13: 325, 22, 1
0 46 14: 326, 22, 0
0 46 14: 1298, 10, 0
0 46 15: 325, 22, 2
0 46 16: 325, 22, 2
0 46 17: 325, 22, 3
0 46 17: 1391, 10, 1
0 46 18: 1298, 10, 2
0 46 18: 1624, 0, 1
0 46 20: 320, 22, 0
0 46 26: 320, 22, 1
0 46 27: 319, 22, 2
0 46 28: 1624, 9, 3
0 46 29: 859, 11, 0
0 46 29: 1624, 1, 3
0 46 32: 724, 10, 3
0 46 34: 320, 22, 0
0 46 35: 319, 22, 3
0 46 36: 320, 22, 2
0 46 37: 320, 22, 3
0 46 37: 1391, 10, 2
0 46 38: 320, 22, 2
0 46 45: 325, 22, 3
0 46 47: 325, 22, 2
0 46 48: 325, 22, 0
0 46 49: 325, 22, 2
0 46 62: 1246, 22, 0
0 46 62: 1276, 10, 2
0 46 63: 1247, 22, 3
0 47 0: 732, 10, 0
0 47 0: 1602, 3, 1
0 47 1: 997, 9, 3
0 47 7: 1624, 1, 0
0 47 8: 1626, 9, 0
0 47 9: 859, 10, 2
0 47 10: 1624, 9, 3
0 47 11: 1173, 10, 0
0 47 11: 1626, 1, 3
0 47 13: 325, 22, 0
0 47 14: 326, 22, 3
0 47 15: 325, 22, 0
0 47 16: 326, 22, 1
0 47 17: 324, 22, 1
0 47 18: 325, 22, 0
0 47 18: 1626, 1, 0
0 47 19: 1624, 9, 0
0 47 20: 319, 22, 0
0 47 21: 320, 22, 3
0 47 26: 320, 22, 3
0 47 27: 1626, 9, 3
0 47 28: 1173, 10, 2
0 47 28: 1626, 1, 3
0 47 35: 320, 22, 2
0 47 36: 1391, 10, 1
0 47 37: 320, 22, 0
0 47 38: 321, 22, 2
0 47 38: 1391, 10, 3
0 47 39: 320, 22, 1
0 47 44: 325, 22, 0
0 47 45: 326, 22, 1
0 47 46: 325, 22, 1
0 47 47: 325, 22, 3
0 47 48: 324, 22, 0
0 47 49: 325, 22, 1
0 47 50: 325, 22, 3
0 47 62: 1247, 22, 2
0 48 0: 997, 0, 0
0 48 4: 2384, 22, 0
0 48 5: 2384, 22, 0
0 48 8: 1391, 10, 3
0 48 8: 1626, 1, 0
0 48 9: 1626, 0, 0
0 48 10: 325, 22, 0
0 48 10: 1298, 10, 3
0 48 10: 1626, 1, 3
0 48 14: 325, 22, 2
0 48 16: 324, 22, 3
0 48 17: 325, 22, 1
0 48 18: 325, 22, 0
0 48 19: 1173, 10, 3
0 48 19: 1626, 0, 1
0 48 20: 320, 22, 2
0 48 21: 1301, 10, 1
0 48 25: 1626, 3, 2
0 48 26: 1624, 9, 3
0 48 27: 1626, 1, 3
0 48 32: 320, 22, 1
0 48 35: 1391, 10, 0
0 48 36: 321, 22, 0
0 48 37: 319, 22, 2
0 48 38: 321, 22, 2
0 48 39: 321, 22, 1
0 48 40: 320, 22, 0
0 48 45: 325, 22, 2
0 48 46: 326, 22, 0
0 48 47: 325, 22, 3
0 48 48: 325, 22, 2
0 48 49: 325, 22, 0
0 48 50: 324, 22, 2
0 48 51: 325, 22, 2
0 48 58: 320, 22, 3
0 48 62: 1257, 22, 3
0 48 63: 1258, 22, 3
0 49 0: 325, 22, 3
0 49 2: 1391, 10, 3
0 49 6: 1301, 10, 2
0 49 9: 325, 22, 0
0 49 10: 326, 22, 3
0 49 11: 325, 22, 1
0 49 12: 324, 22, 2
0 49 17: 325, 22, 1
0 49 18: 326, 22, 3
0 49 19: 325, 22, 3
0 49 19: 1626, 1, 0
0 49 20: 1624, 9, 0
0 49 25: 1624, 9, 3
0 49 25: 1626, 3, 2
0 49 28: 1298, 10, 3
0 49 29: 1391, 10, 2
0 49 31: 320, 22, 0
0 49 32: 319, 22, 1
0 49 33: 320, 22, 1
0 49 37: 724, 10, 1
0 49 40: 320, 22, 0
0 49 41: 320, 22, 1
0 49 42: 320, 22, 3
0 49 45: 1391, 10, 3
0 49 47: 325, 22, 2
0 49 50: 325, 22, 1
0 49 54: 859, 10, 3
0 49 55: 320, 22, 2
0 49 57: 320, 22, 0
0 49 58: 321, 22, 1
0 49 59: 320, 22, 2
0 49 59: 859, 10, 3
0 49 61: 1257, 22, 2
0 49 62: 1257, 22, 0
0 49 63: 1258, 22, 2
0 50 0: 324, 22, 3
0 50 1: 325, 22, 0
0 50 2: 325, 22, 1
0 50 5: 320, 22, 3
0 50 8: 326, 22, 0
0 50 9: 1301, 11, 1
0 50 10: 325, 22, 2
0 50 15: 320, 22, 2
0 50 18: 325, 22, 2
0 50 19: 325, 22, 1
0 50 20: 326, 22, 2
0 50 20: 1626, 1, 0
0 50 21: 325, 22, 3
0 50 21: 1626, 0, 0
0 50 22: 1626, 0, 0
0 50 23: 325, 22, 0
0 50 23: 1626, 0, 0
0 50 24: 1624, 0, 0
0 50 26: 1302, 11, 0
0 50 32: 320, 22, 0
0 50 33: 724, 10, 2
0 50 41: 319, 22, 1
0 50 42: 321, 22, 1
0 50 43: 320, 22, 3
0 50 46: 325, 22, 0
0 50 47: 326, 22, 3
0 50 48: 325, 22, 3
0 50 54: 320, 22, 1
0 50 55: 321, 22, 0
0 50 56: 320, 22, 3
0 50 58: 320, 22, 1
0 50 62: 1257, 22, 1
0 50 63: 1258, 22, 1
0 51 0: 325, 22, 2
0 51 1: 325, 22, 2
0 51 2: 324, 22, 2
0 51 2: 1298, 10, 2
0 51 3: 325, 22, 0
0 51 3: 859, 10, 1
0 51 4: 320, 22, 0
0 51 5: 319, 22, 0
0 51 6: 320, 22, 1
0 51 7: 859, 10, 1
0 51 8: 325, 22, 1
0 51 9: 325, 22, 2
0 51 9: 1298, 10, 3
0 51 15: 320, 22, 3
0 51 16: 319, 22, 3
0 51 17: 320, 22, 2
0 51 20: 325, 22, 0
0 51 21: 326, 22, 1
0 51 22: 325, 22, 2
0 51 23: 326, 22, 0
0 51 24: 325, 22, 0
0 51 24: 859, 11, 3
0 51 30: 319, 22, 1
0 51 31: 320, 22, 1
0 51 34: 1626, 1, 1
0 51 35: 1626, 0, 2
0 51 36: 1626, 0, 2
0 51 38: 1298, 10, 2
0 51 40: 325, 22, 3
0 51 42: 859, 11, 0
0 51 43: 319, 22, 2
0 51 44: 320, 22, 1
0 51 47: 325, 22, 1
0 51 55: 320, 22, 0
0 51 57: 320, 22, 1
0 51 62: 1257, 22, 2
0 51 63: 1257, 22, 2
0 52 0: 325, 22, 1
0 52 1: 326, 22, 2
0 52 2: 325, 22, 3
0 52 3: 325, 22, 2
0 52 5: 320, 22, 3
0 52 8: 325, 22, 0
0 52 9: 326, 22, 2
0 52 10: 325, 22, 3
0 52 12: 320, 22, 2
0 52 13: 320, 22, 1
0 52 16: 320, 22, 1
0 52 21: 325, 22, 1
0 52 23: 325, 22, 2
0 52 30: 320, 22, 0
0 52 33: 1624, 1, 1
0 52 34: 1626, 9, 1
0 52 35: 320, 22, 0
0 52 35: 859, 11, 3
0 52 36: 321, 22, 0
0 52 37: 1624, 9, 2
0 52 38: 1626, 0, 2
0 52 39: 325, 22, 0
0 52 39: 1624, 1, 2
0 52 40: 326, 22, 2
0 52 41: 325, 22, 2
0 52 43: 320, 22, 0
0 52 46: 320, 22, 3
0 52 56: 320, 22, 2
0 52 57: 319, 22, 3
0 52 58: 320, 22, 3
0 52 63: 1257, 22, 3
0 53 1: 325, 22, 3
0 53 2: 324, 22, 1
0 53 3: 324, 22, 1
0 53 9: 325, 22, 2
0 53 9: 724, 10, 2
0 53 11: 320, 22, 1
0 53 13: 1391, 10, 2
0 53 19: 320, 22, 0
0 53 20: 321, 22, 1
0 53 20: 2787, 0, 3
0 53 21: 320, 22, 1
0 53 29: 320, 22, 3
0 53 31: 325, 22, 3
0 53 33: 1625, 0, 1
0 53 34: 851, 10, 2
0 53 36: 320, 22, 1
0 53 37: 320, 22, 3
0 53 37: 446, 10, 3
0 53 38: 320, 22, 2
0 53 38: 1173, 11, 1
0 53 39: 1624, 9, 2
0 53 40: 325, 22, 1
0 53 40: 1626, 1, 2
0 53 45: 320, 22, 2
0 53 46: 319, 22, 3
0 53 47: 320, 22, 0
0 53 47: 1391, 10, 0
0 53 53: 1391, 10, 1
0 53 56: 320, 22, 3
0 53 57: 320, 22, 1
0 54 0: 325, 22, 2
0 54 1: 324, 22, 0
0 54 2: 325, 22, 0
0 54 3: 325, 22, 1
0 54 4: 326, 22, 2
0 54 7: 320, 22, 0
0 54 10: 320, 22, 2
0 54 11: 319, 22, 1
0 54 12: 320, 22, 0
0 54 12: 1391, 10, 1
0 54 15: 859, 11, 2
0 54 18: 320, 22, 3
0 54 19: 319, 22, 1
0 54 20: 320, 22, 2
0 54 20: 2786, 0, 3
0 54 21: 320, 22, 3
0 54 22: 320, 22, 0
0 54 24: 320, 22, 3
0 54 26: 724, 10, 0
0 54 28: 320, 22, 2
0 54 29: 319, 22, 2
0 54 31: 324, 22, 0
0 54 32: 325, 22, 2
0 54 33: 1626, 0, 1
0 54 40: 1624, 0, 3
0 54 42: 325, 22, 0
0 54 43: 724, 10, 2
0 54 46: 320, 22, 2
0 54 51: 1391, 10, 2
0 54 54: 1391, 10, 0
0 54 56: 321, 22, 0
0 54 57: 320, 22, 2
0 55 2: 325, 22, 1
0 55 3: 324, 22, 3
0 55 4: 325, 22, 3
0 55 5: 326, 22, 3
0 55 6: 1391, 10, 0
0 55 7: 319, 22, 2
0 55 7: 1391, 10, 3
0 55 8: 320, 22, 1
0 55 11: 320, 22, 3
0 55 21: 724, 10, 3
0 55 22: 319, 22, 0
0 55 23: 320, 22, 1
0 55 24: 320, 22, 2
0 55 25: 319, 22, 3
0 55 26: 320, 22, 1
0 55 29: 1391, 10, 1
0 55 31: 325, 22, 0
0 55 33: 1624, 0, 1
0 55 40: 1626, 9, 2
0 55 41: 325, 22, 3
0 55 41: 1626, 1, 2
0 55 42: 326, 22, 1
0 55 43: 325, 22, 2
0 55 52: 1391, 10, 3
0 55 54: 1391, 10, 2
0 55 56: 320, 22, 1
0 55 62: 1247, 22, 0
0 55 62: 1276, 10, 1
0 55 63: 1247, 22, 1
0 56 3: 325, 22, 1
0 56 4: 325, 22, 2
0 56 5: 324, 22, 0
0 56 6: 325, 22, 0
0 56 7: 1391, 10, 2
0 56 10: 1391, 10, 1
0 56 14: 1390, 10, 2
0 56 25: 320, 22, 0
0 56 28: 724, 10, 1
0 56 30: 325, 22, 1
0 56 31: 325, 22, 0
0 56 33: 1626, 1, 0
0 56 34: 1624, 9, 0
0 56 35: 1173, 11, 2
0 56 36: 320, 22, 3
0 56 36: 447, 10, 3
0 56 37: 320, 22, 3
0 56 37: 2732, 10, 0
0 56 39: 1173, 11, 3
0 56 40: 446, 10, 2
0 56 41: 1626, 9, 2
0 56 42: 325, 22, 1
0 56 44: 2808, 10, 2
0 56 49: 859, 11, 0
0 56 56: 320, 22, 0
0 56 62: 1247, 22, 3
0 56 63: 1246, 22, 3
0 57 3: 325, 22, 3
0 57 5: 325, 22, 1
0 57 23: 1301, 11, 0
0 57 25: 2809, 10, 1
0 57 29: 325, 22, 1
0 57 30: 326, 22, 3
0 57 31: 326, 22, 3
0 57 32: 325, 22, 0
0 57 32: 859, 11, 2
0 57 33: 325, 22, 3
0 57 33: 1298, 10, 0
0 57 34: 1626, 1, 0
0 57 35: 1626, 9, 0
0 57 36: 320, 22, 2
0 57 37: 321, 22, 3
0 57 37: 1302, 11, 0
0 57 38: 320, 22, 0
0 57 39: 320, 22, 1
0 57 40: 320, 22, 0
0 57 41: 320, 22, 3
0 57 41: 859, 10, 1
0 57 42: 1624, 0, 3
0 57 48: 320, 22, 0
0 57 52: 724, 10, 3
0 57 54: 320, 22, 2
0 57 55: 319, 22, 2
0 57 56: 320, 22, 3
0 57 58: 1257, 22, 1
0 57 59: 1257, 22, 1
0 58 2: 325, 22, 1
0 58 3: 324, 22, 2
0 58 4: 325, 22, 2
0 58 30: 325, 22, 2
0 58 31: 325, 22, 3
0 58 32: 325, 22, 1
0 58 33: 326, 22, 2
0 58 34: 325, 22, 2
0 58 35: 1626, 1, 0
0 58 36: 1626, 9, 0
0 58 37: 320, 22, 1
0 58 38: 320, 22, 2
0 58 39: 319, 22, 1
0 58 40: 321, 22, 2
0 58 41: 1626, 9, 3
0 58 42: 1626, 1, 3
0 58 46: 1390, 11, 1
0 58 47: 320, 22, 3
0 58 48: 319, 22, 0
0 58 49: 320, 22, 1
0 58 56: 859, 11, 3
0 58 57: 1257, 22, 2
0 58 58: 1257, 22, 0
0 58 59: 1257, 22, 0
0 58 60: 1257, 22, 3
0 59 2: 325, 22, 0
0 59 3: 325, 22, 1
0 59 17: 1124, 10, 0
0 59 30: 325, 22, 0
0 59 31: 325, 22, 2
0 59 32: 326, 22, 1
0 59 33: 325, 22, 0
0 59 35: 325, 22, 1
0 59 36: 326, 22, 3
0 59 36: 1624, 1, 0
0 59 37: 325, 22, 3
0 59 37: 1624, 0, 0
0 59 38: 1626, 0, 0
0 59 39: 1626, 0, 0
0 59 40: 1624, 0, 0
0 59 41: 1624, 1, 3
0 59 48: 320, 22, 2
0 59 51: 320, 22, 1
0 59 56: 1257, 22, 3
0 59 57: 1258, 22, 1
0 59 58: 1258, 22, 3
0 59 59: 1257, 22, 3
0 59 60: 1247, 22, 1
0 59 60: 1276, 10, 0
0 59 61: 1246, 22, 2
0 59 63: 1257, 22, 3
0 60 15: 1302, 10, 3
0 60 29: 325, 22, 3
0 60 30: 326, 22, 0
0 60 31: 325, 22, 1
0 60 32: 325, 22, 3
0 60 33: 1298, 10, 0
0 60 34: 325, 22, 3
0 60 36: 325, 22, 0
0 60 38: 325, 22, 0
0 60 40: 326, 22, 1
0 60 42: 859, 11, 3
0 60 50: 320, 22, 2
0 60 51: 319, 22, 1
0 60 52: 320, 22, 0
0 60 54: 724, 10, 0
0 60 56: 1258, 22, 2
0 60 57: 1259, 22, 1
0 60 58: 1259, 22, 3
0 60 59: 1258, 22, 2
0 60 61: 1247, 22, 2
0 60 62: 1257, 22, 2
0 60 63: 1258, 22, 0
0 61 8: 1301, 10, 2
0 61 30: 325, 22, 2
0 61 33: 325, 22, 0
0 61 34: 324, 22, 3
0 61 35: 325, 22, 1
0 61 36: 325, 22, 0
0 61 37: 325, 22, 1
0 61 38: 324, 22, 1
0 61 39: 325, 22, 3
0 61 41: 325, 22, 3
0 61 43: 1302, 10, 1
0 61 48: 859, 11, 3
0 61 51: 320, 22, 3
0 61 54: 1391, 10, 1
0 61 56: 1257, 22, 1
0 61 57: 1259, 22, 2
0 61 58: 1259, 22, 2
0 61 59: 1257, 22, 3
0 61 62: 1257, 22, 2
0 61 63: 1258, 22, 3
0 62 19: 1124, 10, 3
0 62 22: 1184, 10, 2
0 62 33: 325, 22, 3
0 62 34: 324, 22, 2
0 62 35: 325, 22, 2
0 62 36: 325, 22, 1
0 62 37: 326, 22, 0
0 62 38: 325, 22, 2
0 62 40: 325, 22, 0
0 62 41: 324, 22, 0
0 62 42: 325, 22, 2
0 62 50: 997, 0, 1
0 62 50: 1630, 22, 3
0 62 51: 1630, 22, 1
0 62 57: 1257, 22, 3
0 62 58: 1258, 22, 1
0 62 61: 1247, 22, 1
0 62 61: 1276, 10, 3
0 62 62: 1246, 22, 1
0 63 11: 1628, 0, 2
0 63 12: 1124, 10, 2
0 63 12: 1628, 0, 2
0 63 13: 1627, 0, 2
0 63 14: 1628, 0, 2
0 63 15: 1628, 0, 2
0 63 16: 1628, 0, 2
0 63 17: 1628, 0, 2
0 63 18: 1628, 0, 2
0 63 19: 1628, 0, 2
0 63 20: 1628, 0, 2
0 63 21: 1628, 0, 2
0 63 22: 1627, 0, 2
0 63 23: 1627, 0, 2
0 63 24: 1628, 0, 2
0 63 25: 1628, 0, 2
0 63 26: 1628, 0, 2
0 63 27: 1628, 0, 2
0 63 28: 1628, 0, 2
0 63 29: 1628, 0, 2
0 63 30: 1628, 0, 2
0 63 31: 1628, 0, 2
0 63 32: 1628, 0, 2
0 63 33: 1628, 0, 2
0 63 34: 325, 22, 1
0 63 37: 325, 22, 3
0 63 41: 325, 22, 1
0 63 50: 997, 0, 1
0 63 50: 1629, 22, 2
0 63 51: 1630, 22, 3
0 63 61: 1247, 22, 0
0 63 62: 1247, 22, 0
0 63 63: 1257, 22, 0
1 4 11: 1982, 0, 0
1 4 11: 2384, 22, 3
1 4 12: 1982, 0, 0
1 4 12: 2384, 22, 3
1 4 13: 1982, 0, 0
1 4 13: 2384, 22, 3
1 4 14: 1982, 0, 0
1 4 14: 2384, 22, 3
1 4 15: 1982, 0, 0
1 4 15: 2384, 22, 3
1 5 11: 1982, 0, 2
1 5 11: 2384, 22, 3
1 5 12: 1982, 0, 2
1 5 12: 2386, 22, 3
1 5 13: 1982, 0, 2
1 5 13: 2384, 22, 3
1 5 14: 1982, 0, 2
1 5 14: 2384, 22, 3
1 5 15: 1982, 0, 2
1 5 15: 2384, 22, 3
1 8 54: 1559, 10, 0
1 12 3: 1982, 0, 3
1 12 3: 2384, 22, 0
1 12 4: 1982, 0, 1
1 12 4: 2384, 22, 0
1 13 3: 1982, 0, 3
1 13 3: 2384, 22, 0
1 13 4: 1982, 0, 1
1 13 4: 2384, 22, 0
1 14 3: 1982, 0, 3
1 14 3: 2386, 22, 2
1 14 4: 1982, 0, 1
1 14 4: 2384, 22, 0
1 15 3: 1982, 0, 3
1 15 3: 2384, 22, 0
1 15 4: 1982, 0, 1
1 15 4: 2386, 22, 2
1 16 3: 1982, 0, 3
1 16 3: 2384, 22, 0
1 16 4: 1982, 0, 1
1 16 4: 2384, 22, 0
1 17 3: 1982, 0, 3
1 17 3: 2384, 22, 0
1 17 4: 1982, 0, 1
1 17 4: 2384, 22, 0
1 18 3: 1982, 0, 3
1 18 3: 2386, 22, 0
1 18 4: 1982, 0, 1
1 18 4: 2386, 22, 2
1 19 3: 1982, 0, 3
1 19 3: 2384, 22, 0
1 19 4: 1982, 0, 1
1 19 4: 2384, 22, 0
1 20 3: 1982, 0, 3
1 20 3: 2384, 22, 0
1 20 4: 1982, 0, 1
1 20 4: 2384, 22, 0
1 33 4: 1982, 0, 3
1 33 4: 2384, 22, 0
1 33 5: 1982, 0, 1
1 33 5: 2384, 22, 0
1 34 4: 1982, 0, 3
1 34 4: 2384, 22, 0
1 34 5: 1982, 0, 1
1 34 5: 2384, 22, 0
1 34 15: 1982, 0, 0
1 34 15: 2384, 22, 1
1 34 16: 1982, 0, 0
1 34 16: 2386, 22, 1
1 34 17: 1982, 0, 0
1 34 17: 2384, 22, 1
1 34 18: 2384, 22, 3
1 34 18: 2830, 10, 2
1 35 4: 1982, 0, 3
1 35 4: 2384, 22, 0
1 35 5: 1982, 0, 1
1 35 5: 2384, 22, 0
1 35 15: 1982, 0, 2
1 35 15: 2384, 22, 1
1 35 16: 1982, 0, 2
1 35 16: 2384, 22, 1
1 35 17: 1982, 0, 2
1 35 17: 2384, 22, 1
1 35 18: 2386, 22, 3
1 36 4: 1982, 0, 3
1 36 4: 2384, 22, 0
1 36 5: 1982, 0, 1
1 36 5: 2384, 22, 0
1 37 4: 1982, 0, 3
1 37 4: 2384, 22, 0
1 37 5: 1982, 0, 1
1 37 5: 2384, 22, 0
1 37 24: 1982, 0, 3
1 37 24: 2384, 22, 2
1 37 25: 1982, 0, 1
1 37 25: 2384, 22, 2
1 38 4: 1982, 0, 3
1 38 4: 2384, 22, 0
1 38 5: 1982, 0, 1
1 38 5: 2384, 22, 0
1 38 24: 1982, 0, 3
1 38 24: 2384, 22, 2
1 38 25: 1982, 0, 1
1 38 25: 2384, 22, 2
1 39 4: 1982, 0, 3
1 39 4: 2384, 22, 0
1 39 5: 1982, 0, 1
1 39 5: 2384, 22, 0
1 39 24: 1982, 0, 3
1 39 24: 2386, 22, 0
1 39 25: 1982, 0, 1
1 39 25: 2384, 22, 2
1 40 4: 1982, 0, 3
1 40 4: 2384, 22, 0
1 40 5: 1982, 0, 1
1 40 5: 2384, 22, 0
1 40 24: 1982, 0, 3
1 40 24: 2384, 22, 2
1 40 25: 1982, 0, 1
1 40 25: 2384, 22, 2
1 41 4: 1982, 0, 3
1 41 4: 2384, 22, 0
1 41 5: 1982, 0, 1
1 41 5: 2384, 22, 0
1 41 24: 1982, 0, 3
1 41 24: 2384, 22, 2
1 41 25: 1982, 0, 1
1 41 25: 2386, 22, 0
1 42 4: 1982, 0, 3
1 42 4: 2384, 22, 0
1 42 5: 1982, 0, 1
1 42 5: 2384, 22, 0
1 42 24: 1982, 0, 3
1 42 24: 2384, 22, 2
1 42 25: 1982, 0, 1
1 42 25: 2384, 22, 2
1 43 4: 1982, 0, 3
1 43 4: 2384, 22, 0
1 43 5: 1982, 0, 1
1 43 5: 2384, 22, 0
1 43 24: 1982, 0, 3
1 43 24: 2384, 22, 2
1 43 25: 1982, 0, 1
1 43 25: 2384, 22, 2
1 44 4: 1982, 0, 3
1 44 4: 2384, 22, 0
1 44 5: 1982, 0, 1
1 44 5: 2384, 22, 0
1 45 4: 1982, 0, 3
1 45 4: 2384, 22, 0
1 45 5: 1982, 0, 1
1 45 5: 2384, 22, 0
1 46 4: 1982, 0, 3
1 46 4: 2384, 22, 0
1 46 5: 1982, 0, 1
1 46 5: 2384, 22, 0
1 47 4: 1982, 0, 3
1 47 4: 2384, 22, 0
1 47 5: 1982, 0, 1
1 47 5: 2384, 22, 0
1 53 20: 1559, 10, 3
