0 0 0: 1434, 10, 0
0 0 1: 1434, 10, 0
0 0 2: 1434, 10, 0
0 0 3: 1434, 10, 0
0 0 4: 1434, 10, 0
0 0 5: 1434, 10, 0
0 0 6: 1434, 10, 0
0 0 7: 1434, 10, 0
0 0 8: 1434, 10, 0
0 0 9: 1434, 10, 0
0 0 10: 1434, 10, 0
0 0 11: 1434, 10, 0
0 0 12: 1434, 10, 0
0 0 13: 1434, 10, 0
0 0 14: 1434, 10, 0
0 0 15: 1434, 10, 0
0 0 16: 1434, 10, 0
0 0 17: 1434, 10, 0
0 0 18: 1434, 10, 0
0 0 19: 1434, 10, 0
0 0 20: 1434, 10, 0
0 0 21: 1434, 10, 0
0 0 22: 1434, 10, 0
0 0 23: 1434, 10, 0
0 0 24: 1434, 10, 0
0 0 25: 1434, 10, 0
0 0 26: 1434, 10, 0
0 0 27: 1434, 10, 0
0 0 28: 1434, 10, 0
0 0 29: 1434, 10, 0
0 0 30: 1434, 10, 0
0 0 31: 1434, 10, 0
0 0 32: 1434, 10, 0
0 0 33: 1434, 10, 0
0 0 34: 1434, 10, 0
0 0 35: 1434, 10, 0
0 0 36: 1434, 10, 0
0 0 37: 1434, 10, 0
0 0 38: 1434, 10, 0
0 0 39: 1434, 10, 0
0 0 40: 1434, 10, 0
0 0 41: 1434, 10, 0
0 0 42: 1434, 10, 0
0 0 43: 1434, 10, 0
0 0 44: 1434, 10, 0
0 0 45: 1434, 10, 0
0 0 46: 1434, 10, 0
0 0 47: 1434, 10, 0
0 0 48: 1434, 10, 0
0 0 49: 1434, 10, 0
0 0 50: 1434, 10, 0
0 0 51: 1434, 10, 0
0 0 52: 1434, 10, 0
0 0 53: 1434, 10, 0
0 0 54: 1434, 10, 0
0 0 55: 1434, 10, 0
0 0 56: 1434, 10, 0
0 0 57: 1434, 10, 0
0 0 58: 1434, 10, 0
0 0 59: 1434, 10, 0
0 0 60: 1434, 10, 0
0 0 61: 1434, 10, 0
0 0 62: 1434, 10, 0
0 0 63: 1434, 10, 0
0 1 0: 1434, 10, 0
0 1 1: 1434, 10, 0
0 1 2: 1434, 10, 0
0 1 3: 1434, 10, 0
0 1 4: 1434, 10, 0
0 1 5: 1434, 10, 0
0 1 6: 1434, 10, 0
0 1 7: 1434, 10, 0
0 1 8: 1434, 10, 0
0 1 9: 1434, 10, 0
0 1 10: 1434, 10, 0
0 1 11: 1434, 10, 0
0 1 12: 1434, 10, 0
0 1 13: 1434, 10, 0
0 1 14: 1434, 10, 0
0 1 15: 1434, 10, 0
0 1 16: 1434, 10, 0
0 1 17: 1434, 10, 0
0 1 18: 1434, 10, 0
0 1 19: 1434, 10, 0
0 1 20: 1434, 10, 0
0 1 21: 1434, 10, 0
0 1 22: 1434, 10, 0
0 1 23: 1434, 10, 0
0 1 24: 1434, 10, 0
0 1 25: 1434, 10, 0
0 1 26: 1434, 10, 0
0 1 27: 1434, 10, 0
0 1 28: 1434, 10, 0
0 1 29: 1434, 10, 0
0 1 30: 1434, 10, 0
0 1 31: 1434, 10, 0
0 1 32: 1434, 10, 0
0 1 33: 1434, 10, 0
0 1 34: 1434, 10, 0
0 1 35: 1434, 10, 0
0 1 36: 1434, 10, 0
0 1 37: 1434, 10, 0
0 1 38: 1434, 10, 0
0 1 39: 1434, 10, 0
0 1 40: 1434, 10, 0
0 1 41: 1434, 10, 0
0 1 42: 1434, 10, 0
0 1 43: 1434, 10, 0
0 1 44: 1434, 10, 0
0 1 45: 1434, 10, 0
0 1 46: 1434, 10, 0
0 1 47: 1434, 10, 0
0 1 48: 1434, 10, 0
0 1 49: 1434, 10, 0
0 1 50: 1434, 10, 0
0 1 51: 1434, 10, 0
0 1 52: 1434, 10, 0
0 1 53: 1434, 10, 0
0 1 54: 1434, 10, 0
0 1 55: 1434, 10, 0
0 1 56: 1434, 10, 0
0 1 57: 1434, 10, 0
0 1 58: 1434, 10, 0
0 1 59: 1434, 10, 0
0 1 60: 1434, 10, 0
0 1 61: 1434, 10, 0
0 1 62: 1434, 10, 0
0 1 63: 1434, 10, 0
0 2 0: 1434, 10, 0
0 2 1: 1434, 10, 0
0 2 2: 1434, 10, 0
0 2 3: 1434, 10, 0
0 2 4: 1434, 10, 0
0 2 5: 1434, 10, 0
0 2 6: 1434, 10, 0
0 2 7: 1434, 10, 0
0 2 8: 1434, 10, 0
0 2 9: 1434, 10, 0
0 2 10: 1434, 10, 0
0 2 11: 1434, 10, 0
0 2 12: 1434, 10, 0
0 2 13: 1434, 10, 0
0 2 14: 1434, 10, 0
0 2 15: 1434, 10, 0
0 2 16: 1434, 10, 0
0 2 17: 1434, 10, 0
0 2 18: 1434, 10, 0
0 2 19: 1434, 10, 0
0 2 20: 1434, 10, 0
0 2 21: 1434, 10, 0
0 2 22: 1434, 10, 0
0 2 23: 1434, 10, 0
0 2 24: 1434, 10, 0
0 2 25: 1434, 10, 0
0 2 26: 1434, 10, 0
0 2 27: 1434, 10, 0
0 2 28: 1434, 10, 0
0 2 29: 1434, 10, 0
0 2 30: 1434, 10, 0
0 2 31: 1434, 10, 0
0 2 32: 1434, 10, 0
0 2 33: 1434, 10, 0
0 2 34: 1434, 10, 0
0 2 35: 1434, 10, 0
0 2 36: 1434, 10, 0
0 2 37: 1434, 10, 0
0 2 38: 1434, 10, 0
0 2 39: 1434, 10, 0
0 2 40: 1434, 10, 0
0 2 41: 1434, 10, 0
0 2 42: 1434, 10, 0
0 2 43: 1434, 10, 0
0 2 44: 1434, 10, 0
0 2 45: 1434, 10, 0
0 2 46: 1434, 10, 0
0 2 47: 1434, 10, 0
0 2 48: 1434, 10, 0
0 2 49: 1434, 10, 0
0 2 50: 1434, 10, 0
0 2 51: 1434, 10, 0
0 2 52: 1434, 10, 0
0 2 53: 1434, 10, 0
0 2 54: 1434, 10, 0
0 2 55: 1434, 10, 0
0 2 56: 1434, 10, 0
0 2 57: 1434, 10, 0
0 2 58: 1434, 10, 0
0 2 59: 1434, 10, 0
0 2 60: 1434, 10, 0
0 2 61: 1434, 10, 0
0 2 62: 1434, 10, 0
0 2 63: 1434, 10, 0
0 3 0: 1434, 10, 0
0 3 1: 1434, 10, 0
0 3 2: 1434, 10, 0
0 3 3: 1434, 10, 0
0 3 4: 1434, 10, 0
0 3 5: 1434, 10, 0
0 3 6: 1434, 10, 0
0 3 7: 1434, 10, 0
0 3 8: 1434, 10, 0
0 3 9: 1434, 10, 0
0 3 10: 1434, 10, 0
0 3 11: 1434, 10, 0
0 3 12: 1434, 10, 0
0 3 13: 1434, 10, 0
0 3 14: 1434, 10, 0
0 3 15: 1434, 10, 0
0 3 16: 1434, 10, 0
0 3 17: 1434, 10, 0
0 3 18: 1434, 10, 0
0 3 19: 1434, 10, 0
0 3 20: 1434, 10, 0
0 3 21: 1434, 10, 0
0 3 22: 1434, 10, 0
0 3 23: 1434, 10, 0
0 3 24: 1434, 10, 0
0 3 25: 1434, 10, 0
0 3 26: 1434, 10, 0
0 3 27: 1434, 10, 0
0 3 28: 1434, 10, 0
0 3 29: 1434, 10, 0
0 3 30: 1434, 10, 0
0 3 31: 1434, 10, 0
0 3 32: 1434, 10, 0
0 3 33: 1434, 10, 0
0 3 34: 1434, 10, 0
0 3 35: 1434, 10, 0
0 3 36: 1434, 10, 0
0 3 37: 1434, 10, 0
0 3 38: 1434, 10, 0
0 3 39: 1434, 10, 0
0 3 40: 1434, 10, 0
0 3 41: 1434, 10, 0
0 3 42: 1434, 10, 0
0 3 43: 1434, 10, 0
0 3 44: 1434, 10, 0
0 3 45: 1434, 10, 0
0 3 46: 1434, 10, 0
0 3 47: 1434, 10, 0
0 3 48: 1434, 10, 0
0 3 49: 1434, 10, 0
0 3 50: 1434, 10, 0
0 3 51: 1434, 10, 0
0 3 52: 1434, 10, 0
0 3 53: 1434, 10, 0
0 3 54: 1434, 10, 0
0 3 55: 1434, 10, 0
0 3 56: 1434, 10, 0
0 3 57: 1434, 10, 0
0 3 58: 1434, 10, 0
0 3 59: 1434, 10, 0
0 3 60: 1434, 10, 0
0 3 61: 1434, 10, 0
0 3 62: 1434, 10, 0
0 3 63: 1434, 10, 0
0 4 0: 1434, 10, 0
0 4 1: 1434, 10, 0
0 4 2: 1434, 10, 0
0 4 3: 1434, 10, 0
0 4 4: 1434, 10, 0
0 4 5: 1434, 10, 0
0 4 6: 1434, 10, 0
0 4 7: 1434, 10, 0
0 4 8: 1434, 10, 0
0 4 9: 1434, 10, 0
0 4 10: 1434, 10, 0
0 4 11: 1434, 10, 0
0 4 12: 1434, 10, 0
0 4 13: 1434, 10, 0
0 4 14: 1434, 10, 0
0 4 15: 1434, 10, 0
0 4 16: 1434, 10, 0
0 4 17: 1434, 10, 0
0 4 18: 1434, 10, 0
0 4 19: 1434, 10, 0
0 4 20: 1434, 10, 0
0 4 21: 1434, 10, 0
0 4 22: 1434, 10, 0
0 4 23: 1434, 10, 0
0 4 24: 1434, 10, 0
0 4 25: 1434, 10, 0
0 4 26: 1434, 10, 0
0 4 27: 1434, 10, 0
0 4 28: 1434, 10, 0
0 4 29: 1434, 10, 0
0 4 30: 1434, 10, 0
0 4 31: 1434, 10, 0
0 4 32: 1434, 10, 0
0 4 33: 1434, 10, 0
0 4 34: 1434, 10, 0
0 4 35: 1434, 10, 0
0 4 36: 1434, 10, 0
0 4 37: 1434, 10, 0
0 4 38: 1434, 10, 0
0 4 39: 1434, 10, 0
0 4 40: 1434, 10, 0
0 4 41: 1434, 10, 0
0 4 42: 1434, 10, 0
0 4 43: 1434, 10, 0
0 4 44: 1434, 10, 1
0 4 45: 1434, 10, 1
0 4 46: 1434, 10, 0
0 4 47: 1434, 10, 0
0 4 48: 1434, 10, 0
0 4 49: 1434, 10, 0
0 4 50: 1434, 10, 0
0 4 51: 1434, 10, 0
0 4 52: 1434, 10, 0
0 4 53: 1434, 10, 0
0 4 54: 1434, 10, 0
0 4 55: 1434, 10, 0
0 4 56: 1434, 10, 0
0 4 57: 1434, 10, 0
0 4 58: 1434, 10, 0
0 4 59: 1434, 10, 0
0 4 60: 1434, 10, 0
0 4 61: 1434, 10, 0
0 4 62: 1434, 10, 0
0 4 63: 1434, 10, 0
0 5 0: 1434, 10, 0
0 5 1: 1434, 10, 0
0 5 2: 1434, 10, 0
0 5 3: 1434, 10, 0
0 5 4: 1434, 10, 0
0 5 5: 1434, 10, 0
0 5 6: 1434, 10, 0
0 5 7: 1434, 10, 0
0 5 8: 1434, 10, 0
0 5 9: 1434, 10, 0
0 5 10: 1434, 10, 0
0 5 11: 1434, 10, 0
0 5 12: 1434, 10, 0
0 5 13: 1434, 10, 0
0 5 14: 1434, 10, 0
0 5 15: 1434, 10, 0
0 5 16: 1434, 10, 0
0 5 17: 1434, 10, 0
0 5 18: 1434, 10, 0
0 5 19: 1434, 10, 0
0 5 20: 1434, 10, 0
0 5 21: 1434, 10, 0
0 5 22: 1434, 10, 0
0 5 23: 1434, 10, 0
0 5 24: 1434, 10, 0
0 5 25: 1434, 10, 0
0 5 26: 1434, 10, 0
0 5 27: 1434, 10, 0
0 5 28: 1434, 10, 0
0 5 29: 1434, 10, 0
0 5 30: 1434, 10, 0
0 5 31: 1434, 10, 0
0 5 32: 1434, 10, 0
0 5 33: 1434, 10, 0
0 5 34: 1434, 10, 0
0 5 35: 1434, 10, 0
0 5 36: 1434, 10, 0
0 5 37: 1434, 10, 0
0 5 38: 1434, 10, 0
0 5 39: 1434, 10, 0
0 5 40: 1434, 10, 0
0 5 41: 1434, 10, 0
0 5 42: 1434, 10, 0
0 5 43: 1434, 10, 0
0 5 44: 1434, 10, 0
0 5 45: 1434, 10, 0
0 5 46: 1434, 10, 0
0 5 47: 1434, 10, 0
0 5 48: 1434, 10, 0
0 5 49: 1434, 10, 0
0 5 50: 1434, 10, 0
0 5 51: 1434, 10, 0
0 5 52: 1434, 10, 0
0 5 53: 1434, 10, 0
0 5 54: 1434, 10, 0
0 5 55: 1434, 10, 0
0 5 56: 1434, 10, 0
0 5 57: 1434, 10, 0
0 5 58: 1434, 10, 0
0 5 59: 1434, 10, 0
0 5 60: 1434, 10, 0
0 5 61: 1434, 10, 0
0 5 62: 1434, 10, 0
0 5 63: 1434, 10, 0
0 6 0: 1434, 10, 0
0 6 1: 1434, 10, 0
0 6 2: 1434, 10, 0
0 6 3: 1434, 10, 0
0 6 4: 1434, 10, 0
0 6 5: 1434, 10, 0
0 6 6: 1434, 10, 0
0 6 7: 1434, 10, 0
0 6 8: 1434, 10, 0
0 6 9: 1434, 10, 0
0 6 10: 1434, 10, 0
0 6 11: 1434, 10, 0
0 6 12: 1434, 10, 0
0 6 13: 1434, 10, 0
0 6 14: 1434, 10, 0
0 6 15: 1434, 10, 0
0 6 16: 1434, 10, 0
0 6 17: 1434, 10, 0
0 6 18: 1434, 10, 0
0 6 19: 1434, 10, 0
0 6 20: 1434, 10, 0
0 6 21: 1434, 10, 0
0 6 22: 1434, 10, 0
0 6 23: 1434, 10, 0
0 6 24: 1434, 10, 0
0 6 25: 1434, 10, 0
0 6 26: 1434, 10, 0
0 6 27: 1434, 10, 0
0 6 28: 1434, 10, 0
0 6 29: 1434, 10, 0
0 6 30: 1434, 10, 0
0 6 31: 1434, 10, 0
0 6 32: 1434, 10, 0
0 6 33: 1434, 10, 0
0 6 34: 1434, 10, 0
0 6 35: 1434, 10, 0
0 6 36: 1434, 10, 0
0 6 37: 1434, 10, 0
0 6 38: 1434, 10, 0
0 6 39: 1434, 10, 0
0 6 40: 1434, 10, 0
0 6 41: 1434, 10, 0
0 6 42: 1434, 10, 0
0 6 43: 1434, 10, 0
0 6 44: 1434, 10, 0
0 6 45: 1434, 10, 0
0 6 46: 1434, 10, 0
0 6 47: 1434, 10, 0
0 6 48: 1434, 10, 0
0 6 49: 1434, 10, 0
0 6 50: 1434, 10, 0
0 6 51: 1434, 10, 0
0 6 52: 1434, 10, 0
0 6 53: 1434, 10, 0
0 6 54: 1434, 10, 0
0 6 55: 1434, 10, 0
0 6 56: 1434, 10, 0
0 6 57: 1434, 10, 0
0 6 58: 1434, 10, 0
0 6 59: 1434, 10, 0
0 6 60: 1434, 10, 0
0 6 61: 1434, 10, 0
0 6 62: 1434, 10, 0
0 6 63: 1434, 10, 0
0 7 0: 1434, 10, 0
0 7 1: 1434, 10, 0
0 7 2: 1434, 10, 0
0 7 3: 1434, 10, 0
0 7 4: 1434, 10, 0
0 7 5: 1434, 10, 0
0 7 6: 1434, 10, 0
0 7 7: 1434, 10, 0
0 7 8: 1434, 10, 0
0 7 9: 1434, 10, 0
0 7 10: 1434, 10, 0
0 7 11: 1434, 10, 0
0 7 12: 1434, 10, 0
0 7 13: 1434, 10, 0
0 7 14: 1434, 10, 0
0 7 15: 1434, 10, 0
0 7 16: 1434, 10, 0
0 7 17: 1434, 10, 0
0 7 18: 1434, 10, 0
0 7 19: 1434, 10, 0
0 7 20: 1434, 10, 0
0 7 21: 1434, 10, 0
0 7 22: 1434, 10, 0
0 7 23: 1434, 10, 0
0 7 24: 1434, 10, 0
0 7 25: 1434, 10, 0
0 7 26: 1434, 10, 0
0 7 27: 1434, 10, 0
0 7 28: 1434, 10, 0
0 7 29: 1434, 10, 0
0 7 30: 1434, 10, 0
0 7 31: 1434, 10, 0
0 7 32: 1434, 10, 0
0 7 33: 1434, 10, 0
0 7 34: 1434, 10, 0
0 7 35: 1434, 10, 0
0 7 36: 1434, 10, 0
0 7 37: 1434, 10, 0
0 7 38: 1434, 10, 0
0 7 39: 1434, 10, 0
0 7 40: 1434, 10, 0
0 7 41: 1434, 10, 0
0 7 42: 1434, 10, 0
0 7 43: 1434, 10, 0
0 7 44: 1434, 10, 0
0 7 45: 1434, 10, 0
0 7 46: 1434, 10, 0
0 7 47: 1434, 10, 0
0 7 48: 1434, 10, 0
0 7 49: 1434, 10, 0
0 7 50: 1434, 10, 0
0 7 51: 1434, 10, 0
0 7 52: 1434, 10, 0
0 7 53: 1434, 10, 0
0 7 54: 1434, 10, 0
0 7 55: 1434, 10, 0
0 7 56: 1434, 10, 0
0 7 57: 1434, 10, 0
0 7 58: 1434, 10, 0
0 7 59: 1434, 10, 0
0 7 60: 1434, 10, 0
0 7 61: 1434, 10, 0
0 7 62: 1434, 10, 0
0 7 63: 1434, 10, 0
0 8 0: 1434, 10, 0
0 8 1: 1434, 10, 0
0 8 2: 1434, 10, 0
0 8 3: 1434, 10, 0
0 8 4: 1434, 10, 0
0 8 5: 1434, 10, 0
0 8 6: 1434, 10, 0
0 8 7: 1434, 10, 0
0 8 8: 1434, 10, 0
0 8 9: 1434, 10, 0
0 8 10: 1434, 10, 0
0 8 11: 1434, 10, 0
0 8 12: 1434, 10, 0
0 8 13: 1434, 10, 0
0 8 14: 1434, 10, 0
0 8 15: 1434, 10, 0
0 8 16: 1434, 10, 0
0 8 17: 1434, 10, 0
0 8 18: 1434, 10, 0
0 8 19: 1434, 10, 0
0 8 20: 1434, 10, 0
0 8 21: 1434, 10, 0
0 8 22: 1434, 10, 0
0 8 23: 1434, 10, 0
0 8 24: 1434, 10, 0
0 8 25: 1434, 10, 0
0 8 26: 1434, 10, 0
0 8 27: 1434, 10, 0
0 8 28: 1434, 10, 0
0 8 29: 1434, 10, 0
0 8 30: 1434, 10, 0
0 8 31: 1434, 10, 0
0 8 32: 1434, 10, 0
0 8 33: 1434, 10, 0
0 8 34: 1434, 10, 0
0 8 35: 1434, 10, 0
0 8 36: 1434, 10, 0
0 8 37: 1434, 10, 0
0 8 38: 1434, 10, 0
0 8 39: 1434, 10, 0
0 8 40: 1434, 10, 0
0 8 41: 1434, 10, 0
0 8 42: 1434, 10, 0
0 8 43: 1434, 10, 0
0 8 44: 1434, 10, 0
0 8 45: 1434, 10, 0
0 8 46: 1434, 10, 0
0 8 47: 1434, 10, 0
0 8 48: 1434, 10, 0
0 8 49: 1434, 10, 0
0 8 50: 1434, 10, 0
0 8 51: 1434, 10, 0
0 8 52: 1434, 10, 0
0 8 53: 1434, 10, 0
0 8 54: 1434, 10, 0
0 8 55: 1434, 10, 0
0 8 56: 1434, 10, 0
0 8 57: 1434, 10, 0
0 8 58: 1434, 10, 0
0 8 59: 1434, 10, 0
0 8 60: 1434, 10, 0
0 8 61: 1434, 10, 0
0 8 62: 1434, 10, 0
0 8 63: 1434, 10, 0
0 9 0: 1434, 10, 0
0 9 1: 1434, 10, 0
0 9 2: 1434, 10, 0
0 9 3: 1434, 10, 0
0 9 4: 1434, 10, 0
0 9 5: 1434, 10, 0
0 9 6: 1434, 10, 0
0 9 7: 1434, 10, 0
0 9 8: 1434, 10, 0
0 9 9: 1434, 10, 0
0 9 10: 1434, 10, 0
0 9 11: 1434, 10, 0
0 9 12: 1434, 10, 0
0 9 13: 1434, 10, 0
0 9 14: 1434, 10, 0
0 9 15: 1434, 10, 0
0 9 16: 1434, 10, 0
0 9 17: 1434, 10, 0
0 9 18: 1434, 10, 0
0 9 19: 1434, 10, 0
0 9 20: 1434, 10, 0
0 9 21: 1434, 10, 0
0 9 22: 1434, 10, 0
0 9 23: 1434, 10, 0
0 9 24: 1434, 10, 0
0 9 25: 1434, 10, 0
0 9 26: 1434, 10, 0
0 9 27: 1434, 10, 0
0 9 28: 1434, 10, 0
0 9 29: 1434, 10, 0
0 9 30: 1434, 10, 0
0 9 31: 1434, 10, 0
0 9 32: 1434, 10, 0
0 9 33: 1434, 10, 0
0 9 34: 1434, 10, 0
0 9 35: 1434, 10, 0
0 9 36: 1434, 10, 0
0 9 37: 1434, 10, 0
0 9 38: 1434, 10, 0
0 9 39: 1434, 10, 0
0 9 40: 1434, 10, 0
0 9 41: 1434, 10, 0
0 9 42: 1434, 10, 0
0 9 43: 1434, 10, 0
0 9 44: 1434, 10, 0
0 9 45: 1434, 10, 0
0 9 46: 1434, 10, 0
0 9 47: 1434, 10, 0
0 9 48: 1434, 10, 0
0 9 49: 1434, 10, 0
0 9 50: 1434, 10, 0
0 9 51: 1434, 10, 0
0 9 52: 1434, 10, 0
0 9 53: 1434, 10, 0
0 9 54: 1434, 10, 0
0 9 55: 1434, 10, 0
0 9 56: 1434, 10, 0
0 9 57: 1434, 10, 0
0 9 58: 1434, 10, 0
0 9 59: 1434, 10, 0
0 9 60: 1434, 10, 0
0 9 61: 1434, 10, 0
0 9 62: 1434, 10, 0
0 9 63: 1434, 10, 0
0 10 0: 1434, 10, 0
0 10 1: 1434, 10, 0
0 10 2: 1434, 10, 0
0 10 3: 1434, 10, 0
0 10 4: 1434, 10, 0
0 10 5: 1434, 10, 0
0 10 6: 1434, 10, 0
0 10 7: 1434, 10, 0
0 10 8: 1434, 10, 0
0 10 9: 1434, 10, 0
0 10 10: 1434, 10, 0
0 10 11: 1434, 10, 0
0 10 12: 1434, 10, 0
0 10 13: 1434, 10, 0
0 10 14: 1434, 10, 0
0 10 15: 1434, 10, 0
0 10 16: 1434, 10, 0
0 10 17: 1434, 10, 0
0 10 18: 1434, 10, 0
0 10 19: 1434, 10, 0
0 10 20: 1434, 10, 0
0 10 21: 1434, 10, 0
0 10 22: 1434, 10, 0
0 10 23: 1434, 10, 0
0 10 24: 1434, 10, 0
0 10 25: 1434, 10, 0
0 10 26: 1434, 10, 0
0 10 27: 1434, 10, 0
0 10 28: 1434, 10, 0
0 10 29: 1434, 10, 0
0 10 30: 1434, 10, 0
0 10 31: 1434, 10, 0
0 10 32: 1434, 10, 0
0 10 33: 1434, 10, 0
0 10 34: 1434, 10, 0
0 10 35: 1434, 10, 0
0 10 36: 1434, 10, 0
0 10 37: 1434, 10, 0
0 10 38: 1434, 10, 0
0 10 39: 1434, 10, 0
0 10 40: 1434, 10, 0
0 10 41: 1434, 10, 0
0 10 42: 1434, 10, 0
0 10 43: 1434, 10, 0
0 10 44: 1434, 10, 0
0 10 45: 1434, 10, 0
0 10 46: 1434, 10, 0
0 10 47: 1434, 10, 0
0 10 48: 1434, 10, 0
0 10 49: 1434, 10, 0
0 10 50: 1434, 10, 0
0 10 51: 1434, 10, 0
0 10 52: 1434, 10, 0
0 10 53: 1434, 10, 0
0 10 54: 1434, 10, 0
0 10 55: 1434, 10, 0
0 10 56: 1434, 10, 0
0 10 57: 1434, 10, 0
0 10 58: 1434, 10, 0
0 10 59: 1434, 10, 0
0 10 60: 1434, 10, 0
0 10 61: 1434, 10, 0
0 10 62: 1434, 10, 0
0 10 63: 1434, 10, 0
0 11 0: 1434, 10, 0
0 11 1: 1434, 10, 0
0 11 2: 1434, 10, 0
0 11 3: 1434, 10, 0
0 11 4: 1434, 10, 0
0 11 5: 1434, 10, 0
0 11 6: 1434, 10, 0
0 11 7: 1434, 10, 0
0 11 8: 1434, 10, 0
0 11 9: 1434, 10, 0
0 11 10: 1434, 10, 0
0 11 11: 1434, 10, 0
0 11 12: 1434, 10, 0
0 11 13: 1434, 10, 0
0 11 14: 1434, 10, 0
0 11 15: 1434, 10, 0
0 11 16: 1434, 10, 0
0 11 17: 1434, 10, 0
0 11 18: 1434, 10, 0
0 11 19: 1434, 10, 0
0 11 20: 1434, 10, 0
0 11 21: 1434, 10, 0
0 11 22: 1434, 10, 0
0 11 23: 1434, 10, 0
0 11 24: 1434, 10, 0
0 11 25: 1434, 10, 0
0 11 26: 1434, 10, 0
0 11 27: 1434, 10, 0
0 11 28: 1434, 10, 0
0 11 29: 1434, 10, 0
0 11 30: 1434, 10, 0
0 11 31: 1434, 10, 0
0 11 32: 1434, 10, 0
0 11 33: 1434, 10, 0
0 11 34: 1434, 10, 0
0 11 35: 1434, 10, 0
0 11 36: 1434, 10, 0
0 11 37: 1434, 10, 0
0 11 38: 1434, 10, 0
0 11 39: 1434, 10, 0
0 11 40: 1434, 10, 0
0 11 41: 1434, 10, 0
0 11 42: 1434, 10, 0
0 11 43: 1434, 10, 0
0 11 44: 1434, 10, 0
0 11 45: 1434, 10, 0
0 11 46: 1434, 10, 0
0 11 47: 1434, 10, 0
0 11 48: 1434, 10, 0
0 11 49: 1434, 10, 0
0 11 50: 1434, 10, 0
0 11 51: 1434, 10, 0
0 11 52: 1434, 10, 0
0 11 53: 1434, 10, 0
0 11 54: 1434, 10, 0
0 11 55: 1434, 10, 0
0 11 56: 1434, 10, 0
0 11 57: 1434, 10, 0
0 11 58: 1434, 10, 0
0 11 59: 1434, 10, 0
0 11 60: 1434, 10, 0
0 11 61: 1434, 10, 0
0 11 62: 1434, 10, 0
0 11 63: 1434, 10, 0
0 12 0: 1434, 10, 0
0 12 1: 1434, 10, 0
0 12 2: 1434, 10, 0
0 12 3: 1434, 10, 0
0 12 4: 1434, 10, 0
0 12 5: 1434, 10, 0
0 12 6: 1434, 10, 0
0 12 7: 1434, 10, 0
0 12 8: 1434, 10, 0
0 12 9: 1434, 10, 0
0 12 10: 1434, 10, 0
0 12 11: 1434, 10, 0
0 12 12: 1434, 10, 0
0 12 13: 1434, 10, 0
0 12 14: 1434, 10, 0
0 12 15: 1434, 10, 0
0 12 16: 1434, 10, 0
0 12 17: 1434, 10, 0
0 12 18: 1434, 10, 0
0 12 19: 1434, 10, 0
0 12 20: 1434, 10, 0
0 12 21: 1434, 10, 0
0 12 22: 1434, 10, 0
0 12 23: 1434, 10, 0
0 12 24: 1434, 10, 0
0 12 25: 1434, 10, 0
0 12 26: 1434, 10, 0
0 12 27: 1434, 10, 0
0 12 28: 1434, 10, 0
0 12 29: 1434, 10, 0
0 12 30: 1434, 10, 0
0 12 31: 1434, 10, 0
0 12 32: 1434, 10, 0
0 12 33: 1434, 10, 0
0 12 34: 1434, 10, 0
0 12 35: 1434, 10, 0
0 12 36: 1434, 10, 0
0 12 37: 1434, 10, 0
0 12 38: 1434, 10, 0
0 12 39: 1434, 10, 0
0 12 40: 1434, 10, 0
0 12 41: 1434, 10, 0
0 12 42: 1434, 10, 0
0 12 43: 1434, 10, 0
0 12 44: 1434, 10, 0
0 12 45: 1434, 10, 0
0 12 46: 1434, 10, 0
0 12 47: 1434, 10, 0
0 12 48: 1434, 10, 0
0 12 49: 1434, 10, 0
0 12 50: 1434, 10, 0
0 12 51: 1434, 10, 0
0 12 52: 1434, 10, 0
0 12 53: 1434, 10, 0
0 12 54: 1434, 10, 0
0 12 55: 1434, 10, 0
0 12 56: 1434, 10, 0
0 12 57: 1434, 10, 0
0 12 58: 1434, 10, 0
0 12 59: 1434, 10, 0
0 12 60: 1434, 10, 0
0 12 61: 1434, 10, 0
0 12 62: 1434, 10, 0
0 12 63: 1434, 10, 0
0 13 0: 1434, 10, 0
0 13 1: 1434, 10, 0
0 13 2: 1434, 10, 0
0 13 3: 1434, 10, 0
0 13 4: 1434, 10, 0
0 13 5: 1434, 10, 0
0 13 6: 1434, 10, 0
0 13 7: 1434, 10, 0
0 13 8: 1434, 10, 0
0 13 9: 1434, 10, 0
0 13 10: 1434, 10, 0
0 13 11: 1434, 10, 0
0 13 12: 1434, 10, 0
0 13 13: 1434, 10, 0
0 13 14: 1434, 10, 0
0 13 15: 1434, 10, 0
0 13 16: 1434, 10, 0
0 13 17: 1434, 10, 0
0 13 18: 1434, 10, 0
0 13 19: 1434, 10, 0
0 13 20: 1434, 10, 0
0 13 21: 1434, 10, 0
0 13 22: 1434, 10, 0
0 13 23: 1434, 10, 0
0 13 24: 1434, 10, 0
0 13 25: 1434, 10, 0
0 13 26: 1434, 10, 0
0 13 27: 1434, 10, 0
0 13 28: 1434, 10, 0
0 13 29: 1434, 10, 0
0 13 30: 1434, 10, 0
0 13 31: 1434, 10, 0
0 13 32: 1434, 10, 0
0 13 33: 1434, 10, 0
0 13 34: 1434, 10, 0
0 13 35: 1434, 10, 0
0 13 36: 1434, 10, 0
0 13 37: 1434, 10, 0
0 13 38: 1434, 10, 0
0 13 39: 1434, 10, 0
0 13 40: 1434, 10, 0
0 13 41: 1434, 10, 0
0 13 42: 1434, 10, 0
0 13 43: 1434, 10, 0
0 13 44: 1434, 10, 0
0 13 45: 1434, 10, 0
0 13 46: 1434, 10, 0
0 13 47: 1434, 10, 0
0 13 48: 1434, 10, 0
0 13 49: 1434, 10, 0
0 13 50: 1434, 10, 0
0 13 51: 1434, 10, 0
0 13 52: 1434, 10, 0
0 13 53: 1434, 10, 0
0 13 54: 1434, 10, 0
0 13 55: 1434, 10, 0
0 13 56: 1434, 10, 0
0 13 57: 1434, 10, 0
0 13 58: 1434, 10, 0
0 13 59: 1434, 10, 0
0 13 60: 1434, 10, 0
0 13 61: 1434, 10, 0
0 13 62: 1434, 10, 0
0 13 63: 1434, 10, 0
0 14 0: 1434, 10, 0
0 14 1: 1434, 10, 0
0 14 2: 1434, 10, 0
0 14 3: 1434, 10, 0
0 14 4: 1434, 10, 0
0 14 5: 1434, 10, 0
0 14 6: 1434, 10, 0
0 14 7: 1434, 10, 0
0 14 8: 1434, 10, 0
0 14 9: 1434, 10, 0
0 14 10: 1434, 10, 0
0 14 11: 1434, 10, 0
0 14 12: 1434, 10, 0
0 14 13: 1434, 10, 0
0 14 14: 1434, 10, 0
0 14 15: 1434, 10, 0
0 14 16: 1434, 10, 0
0 14 17: 1434, 10, 0
0 14 18: 1434, 10, 0
0 14 19: 1434, 10, 0
0 14 20: 1434, 10, 0
0 14 21: 1434, 10, 0
0 14 22: 1434, 10, 0
0 14 23: 1434, 10, 0
0 14 24: 1434, 10, 0
0 14 25: 1434, 10, 0
0 14 26: 1434, 10, 0
0 14 27: 1434, 10, 0
0 14 28: 1434, 10, 0
0 14 29: 1434, 10, 0
0 14 30: 1434, 10, 0
0 14 31: 1434, 10, 0
0 14 32: 1434, 10, 0
0 14 33: 1434, 10, 0
0 14 34: 1434, 10, 0
0 14 35: 1434, 10, 0
0 14 36: 1434, 10, 0
0 14 37: 1434, 10, 0
0 14 38: 1434, 10, 0
0 14 39: 1434, 10, 0
0 14 40: 1434, 10, 0
0 14 41: 1434, 10, 0
0 14 42: 1434, 10, 0
0 14 43: 1434, 10, 0
0 14 44: 1434, 10, 0
0 14 45: 1434, 10, 0
0 14 46: 1434, 10, 0
0 14 47: 1434, 10, 0
0 14 48: 1434, 10, 0
0 14 49: 1434, 10, 0
0 14 50: 1434, 10, 0
0 14 51: 1434, 10, 0
0 14 52: 1434, 10, 0
0 14 53: 1434, 10, 0
0 14 54: 1434, 10, 0
0 14 55: 1434, 10, 0
0 14 56: 1434, 10, 0
0 14 57: 1434, 10, 0
0 14 58: 1434, 10, 0
0 14 59: 1434, 10, 0
0 14 60: 1434, 10, 0
0 14 61: 1434, 10, 0
0 14 62: 1434, 10, 0
0 14 63: 1434, 10, 0
0 15 0: 1434, 10, 0
0 15 1: 1434, 10, 0
0 15 2: 1434, 10, 0
0 15 3: 1434, 10, 0
0 15 4: 1434, 10, 0
0 15 5: 1434, 10, 0
0 15 6: 1434, 10, 0
0 15 7: 1434, 10, 0
0 15 8: 1434, 10, 0
0 15 9: 1434, 10, 0
0 15 10: 1434, 10, 0
0 15 11: 1434, 10, 0
0 15 12: 1434, 10, 0
0 15 13: 1434, 10, 0
0 15 14: 1434, 10, 0
0 15 15: 1434, 10, 0
0 15 16: 1434, 10, 0
0 15 17: 1434, 10, 0
0 15 18: 1434, 10, 0
0 15 19: 1434, 10, 0
0 15 20: 1434, 10, 0
0 15 21: 1434, 10, 0
0 15 22: 1434, 10, 0
0 15 23: 1434, 10, 0
0 15 24: 1434, 10, 0
0 15 25: 1434, 10, 0
0 15 26: 1434, 10, 0
0 15 27: 1434, 10, 0
0 15 28: 1434, 10, 0
0 15 29: 1434, 10, 0
0 15 30: 1434, 10, 0
0 15 31: 1434, 10, 0
0 15 32: 1434, 10, 0
0 15 33: 1434, 10, 0
0 15 34: 1434, 10, 0
0 15 35: 1434, 10, 0
0 15 36: 1434, 10, 0
0 15 37: 1434, 10, 0
0 15 38: 1434, 10, 0
0 15 39: 1434, 10, 0
0 15 40: 1434, 10, 0
0 15 41: 1434, 10, 0
0 15 42: 1434, 10, 0
0 15 43: 1434, 10, 0
0 15 44: 1434, 10, 0
0 15 45: 1434, 10, 0
0 15 46: 1434, 10, 0
0 15 47: 1434, 10, 0
0 15 48: 1434, 10, 0
0 15 49: 1434, 10, 0
0 15 50: 1434, 10, 0
0 15 51: 1434, 10, 0
0 15 52: 1434, 10, 0
0 15 53: 1434, 10, 0
0 15 54: 1434, 10, 0
0 15 55: 1434, 10, 0
0 15 56: 1434, 10, 0
0 15 57: 1434, 10, 0
0 15 58: 1434, 10, 0
0 15 59: 1434, 10, 0
0 15 60: 1434, 10, 0
0 15 61: 1434, 10, 0
0 15 62: 1434, 10, 0
0 15 63: 1434, 10, 0
0 16 0: 1434, 10, 0
0 16 1: 1434, 10, 0
0 16 2: 1434, 10, 0
0 16 3: 1434, 10, 0
0 16 4: 1434, 10, 0
0 16 5: 1434, 10, 0
0 16 6: 1434, 10, 0
0 16 7: 1434, 10, 0
0 16 8: 1434, 10, 0
0 16 9: 1434, 10, 0
0 16 10: 1434, 10, 0
0 16 11: 1434, 10, 0
0 16 12: 1434, 10, 0
0 16 13: 1434, 10, 0
0 16 14: 1434, 10, 0
0 16 15: 1434, 10, 0
0 16 16: 1434, 10, 0
0 16 17: 1434, 10, 0
0 16 18: 1434, 10, 0
0 16 19: 1434, 10, 0
0 16 20: 1434, 10, 0
0 16 21: 1434, 10, 0
0 16 22: 1434, 10, 0
0 16 23: 1434, 10, 0
0 16 24: 1434, 10, 0
0 16 25: 1434, 10, 0
0 16 26: 1434, 10, 0
0 16 27: 1434, 10, 0
0 16 28: 1434, 10, 0
0 16 29: 1434, 10, 0
0 16 30: 1434, 10, 0
0 16 31: 1434, 10, 0
0 16 32: 1434, 10, 0
0 16 33: 1434, 10, 0
0 16 34: 1434, 10, 0
0 16 35: 1434, 10, 0
0 16 36: 1434, 10, 0
0 16 37: 1434, 10, 0
0 16 38: 1434, 10, 0
0 16 39: 1434, 10, 0
0 16 40: 1434, 10, 0
0 16 41: 1434, 10, 0
0 16 42: 1434, 10, 0
0 16 43: 1434, 10, 0
0 16 44: 1434, 10, 0
0 16 45: 1434, 10, 0
0 16 46: 1434, 10, 0
0 16 47: 1434, 10, 0
0 16 48: 1434, 10, 0
0 16 49: 1434, 10, 0
0 16 50: 1434, 10, 0
0 16 51: 1434, 10, 0
0 16 52: 1434, 10, 0
0 16 53: 1434, 10, 0
0 16 54: 1434, 10, 0
0 16 55: 1434, 10, 0
0 16 56: 1434, 10, 0
0 16 57: 1434, 10, 0
0 16 58: 1434, 10, 0
0 16 59: 1434, 10, 0
0 16 60: 1434, 10, 0
0 16 61: 1434, 10, 0
0 16 62: 1434, 10, 0
0 16 63: 1434, 10, 0
0 17 0: 1434, 10, 0
0 17 1: 1434, 10, 0
0 17 2: 1434, 10, 0
0 17 3: 1434, 10, 0
0 17 4: 1434, 10, 0
0 17 5: 1434, 10, 0
0 17 6: 1434, 10, 0
0 17 7: 1434, 10, 0
0 17 8: 1434, 10, 0
0 17 9: 1434, 10, 0
0 17 10: 1434, 10, 0
0 17 11: 1434, 10, 0
0 17 12: 1434, 10, 0
0 17 13: 1434, 10, 0
0 17 14: 1434, 10, 0
0 17 15: 1434, 10, 0
0 17 16: 1434, 10, 0
0 17 17: 1434, 10, 0
0 17 18: 1434, 10, 0
0 17 19: 1434, 10, 0
0 17 20: 1434, 10, 0
0 17 21: 1434, 10, 0
0 17 22: 1434, 10, 0
0 17 23: 1434, 10, 0
0 17 24: 1434, 10, 0
0 17 25: 1434, 10, 0
0 17 26: 1434, 10, 0
0 17 27: 1434, 10, 0
0 17 28: 1434, 10, 0
0 17 29: 1434, 10, 0
0 17 30: 1434, 10, 0
0 17 31: 1434, 10, 0
0 17 32: 1434, 10, 0
0 17 33: 1434, 10, 0
0 17 34: 1434, 10, 0
0 17 35: 1434, 10, 0
0 17 36: 1434, 10, 0
0 17 37: 1434, 10, 0
0 17 38: 1434, 10, 0
0 17 39: 1434, 10, 0
0 17 40: 1434, 10, 0
0 17 41: 1434, 10, 0
0 17 42: 1434, 10, 0
0 17 43: 1434, 10, 0
0 17 44: 1434, 10, 0
0 17 45: 1434, 10, 0
0 17 46: 1434, 10, 0
0 17 47: 1434, 10, 0
0 17 48: 1434, 10, 0
0 17 49: 1434, 10, 0
0 17 50: 1434, 10, 0
0 17 51: 1434, 10, 0
0 17 52: 1434, 10, 0
0 17 53: 1434, 10, 0
0 17 54: 1434, 10, 0
0 17 55: 1434, 10, 0
0 17 56: 1434, 10, 0
0 17 57: 1434, 10, 0
0 17 58: 1434, 10, 0
0 17 59: 1434, 10, 0
0 17 60: 1434, 10, 0
0 17 61: 1434, 10, 0
0 17 62: 1434, 10, 0
0 17 63: 1434, 10, 0
0 18 0: 1434, 10, 0
0 18 1: 1434, 10, 0
0 18 2: 1434, 10, 0
0 18 3: 1434, 10, 0
0 18 4: 1434, 10, 0
0 18 5: 1434, 10, 0
0 18 6: 1434, 10, 0
0 18 7: 1434, 10, 0
0 18 8: 1434, 10, 0
0 18 9: 1434, 10, 0
0 18 10: 1434, 10, 0
0 18 11: 1434, 10, 0
0 18 12: 1434, 10, 0
0 18 13: 1434, 10, 0
0 18 14: 1434, 10, 0
0 18 15: 1434, 10, 0
0 18 16: 1434, 10, 0
0 18 17: 1434, 10, 0
0 18 18: 1434, 10, 0
0 18 19: 1434, 10, 0
0 18 20: 1434, 10, 0
0 18 21: 1434, 10, 0
0 18 22: 1434, 10, 0
0 18 23: 1434, 10, 0
0 18 24: 1434, 10, 0
0 18 25: 1434, 10, 0
0 18 26: 1434, 10, 0
0 18 27: 1434, 10, 0
0 18 28: 1434, 10, 0
0 18 29: 1434, 10, 0
0 18 30: 1434, 10, 0
0 18 31: 1434, 10, 0
0 18 32: 1434, 10, 0
0 18 33: 1434, 10, 0
0 18 34: 1434, 10, 0
0 18 35: 1434, 10, 0
0 18 36: 1434, 10, 0
0 18 37: 1434, 10, 0
0 18 38: 1434, 10, 0
0 18 39: 1434, 10, 0
0 18 40: 1434, 10, 0
0 18 41: 1434, 10, 0
0 18 42: 1434, 10, 0
0 18 43: 1434, 10, 0
0 18 44: 1434, 10, 0
0 18 45: 1434, 10, 0
0 18 46: 1434, 10, 0
0 18 47: 1434, 10, 0
0 18 48: 1434, 10, 0
0 18 49: 1434, 10, 0
0 18 50: 1434, 10, 0
0 18 51: 1434, 10, 0
0 18 52: 1434, 10, 0
0 18 53: 1434, 10, 0
0 18 54: 1434, 10, 0
0 18 55: 1434, 10, 0
0 18 56: 1434, 10, 0
0 18 57: 1434, 10, 0
0 18 58: 1434, 10, 0
0 18 59: 1434, 10, 0
0 18 60: 1434, 10, 0
0 18 61: 1434, 10, 0
0 18 62: 1434, 10, 0
0 18 63: 1434, 10, 0
0 19 0: 1434, 10, 0
0 19 1: 1434, 10, 0
0 19 2: 1434, 10, 0
0 19 3: 1434, 10, 0
0 19 4: 1434, 10, 0
0 19 5: 1434, 10, 0
0 19 6: 1434, 10, 0
0 19 7: 1434, 10, 0
0 19 8: 1434, 10, 0
0 19 9: 1434, 10, 0
0 19 10: 1434, 10, 0
0 19 11: 1434, 10, 0
0 19 12: 1434, 10, 0
0 19 13: 1434, 10, 0
0 19 14: 1434, 10, 0
0 19 15: 1434, 10, 0
0 19 16: 1434, 10, 0
0 19 17: 1434, 10, 0
0 19 18: 1434, 10, 0
0 19 19: 1434, 10, 0
0 19 20: 1434, 10, 0
0 19 21: 1434, 10, 0
0 19 22: 1434, 10, 0
0 19 23: 1434, 10, 0
0 19 24: 1434, 10, 0
0 19 25: 1434, 10, 0
0 19 26: 1434, 10, 0
0 19 27: 1434, 10, 0
0 19 28: 1434, 10, 0
0 19 29: 1434, 10, 0
0 19 30: 1434, 10, 0
0 19 31: 1434, 10, 0
0 19 32: 1434, 10, 0
0 19 33: 1434, 10, 0
0 19 34: 1434, 10, 0
0 19 35: 1434, 10, 0
0 19 36: 1434, 10, 0
0 19 37: 1434, 10, 0
0 19 38: 1434, 10, 0
0 19 39: 1434, 10, 0
0 19 40: 1434, 10, 0
0 19 41: 1434, 10, 0
0 19 42: 1434, 10, 0
0 19 43: 1434, 10, 0
0 19 44: 1434, 10, 0
0 19 45: 1434, 10, 0
0 19 46: 1434, 10, 0
0 19 47: 1434, 10, 0
0 19 48: 1434, 10, 0
0 19 49: 1434, 10, 0
0 19 50: 1434, 10, 0
0 19 51: 1434, 10, 0
0 19 52: 1434, 10, 0
0 19 53: 1434, 10, 0
0 19 54: 1434, 10, 0
0 19 55: 1434, 10, 0
0 19 56: 1434, 10, 0
0 19 57: 1434, 10, 0
0 19 58: 1434, 10, 0
0 19 59: 1434, 10, 0
0 19 60: 1434, 10, 0
0 19 61: 1434, 10, 0
0 19 62: 1434, 10, 0
0 19 63: 1434, 10, 0
0 20 0: 1434, 10, 0
0 20 1: 1434, 10, 0
0 20 2: 1434, 10, 0
0 20 3: 1434, 10, 0
0 20 4: 1434, 10, 0
0 20 5: 1434, 10, 0
0 20 6: 1434, 10, 0
0 20 7: 1434, 10, 0
0 20 8: 1434, 10, 0
0 20 9: 1434, 10, 0
0 20 10: 1434, 10, 0
0 20 11: 1434, 10, 0
0 20 12: 1434, 10, 0
0 20 13: 1434, 10, 0
0 20 14: 1434, 10, 0
0 20 15: 1434, 10, 0
0 20 16: 1434, 10, 0
0 20 17: 1434, 10, 0
0 20 18: 1434, 10, 0
0 20 19: 1434, 10, 0
0 20 20: 1434, 10, 0
0 20 21: 1434, 10, 0
0 20 22: 1434, 10, 0
0 20 23: 1434, 10, 0
0 20 24: 1434, 10, 0
0 20 25: 1434, 10, 0
0 20 26: 1434, 10, 0
0 20 27: 1434, 10, 0
0 20 28: 1434, 10, 0
0 20 29: 1434, 10, 0
0 20 30: 1434, 10, 0
0 20 31: 1434, 10, 0
0 20 32: 1434, 10, 0
0 20 33: 1434, 10, 0
0 20 34: 1434, 10, 0
0 20 35: 1434, 10, 0
0 20 36: 1434, 10, 0
0 20 37: 1434, 10, 0
0 20 38: 1434, 10, 0
0 20 39: 1434, 10, 0
0 20 40: 1434, 10, 0
0 20 41: 1434, 10, 0
0 20 42: 1434, 10, 0
0 20 43: 1434, 10, 0
0 20 44: 1434, 10, 0
0 20 45: 1434, 10, 0
0 20 46: 1434, 10, 0
0 20 47: 1434, 10, 0
0 20 48: 1434, 10, 0
0 20 49: 1434, 10, 0
0 20 50: 1434, 10, 0
0 20 51: 1434, 10, 0
0 20 52: 1434, 10, 0
0 20 53: 1434, 10, 0
0 20 54: 1434, 10, 0
0 20 55: 1434, 10, 0
0 20 56: 1434, 10, 0
0 20 57: 1434, 10, 0
0 20 58: 1434, 10, 0
0 20 59: 1434, 10, 0
0 20 60: 1434, 10, 0
0 20 61: 1434, 10, 0
0 20 62: 1434, 10, 0
0 20 63: 1434, 10, 0
0 21 0: 1434, 10, 0
0 21 1: 1434, 10, 0
0 21 2: 1434, 10, 0
0 21 3: 1434, 10, 0
0 21 4: 1434, 10, 0
0 21 5: 1434, 10, 0
0 21 6: 1434, 10, 0
0 21 7: 1434, 10, 0
0 21 8: 1434, 10, 0
0 21 9: 1434, 10, 0
0 21 10: 1434, 10, 0
0 21 11: 1434, 10, 0
0 21 12: 1434, 10, 0
0 21 13: 1434, 10, 0
0 21 14: 1434, 10, 0
0 21 15: 1434, 10, 0
0 21 16: 1434, 10, 0
0 21 17: 1434, 10, 0
0 21 18: 1434, 10, 0
0 21 19: 1434, 10, 0
0 21 20: 1434, 10, 0
0 21 21: 1434, 10, 0
0 21 22: 1434, 10, 0
0 21 23: 1434, 10, 0
0 21 24: 1434, 10, 0
0 21 25: 1434, 10, 0
0 21 26: 1434, 10, 0
0 21 27: 1434, 10, 0
0 21 28: 1434, 10, 0
0 21 29: 1434, 10, 0
0 21 30: 1434, 10, 0
0 21 31: 1434, 10, 0
0 21 32: 1434, 10, 0
0 21 33: 1434, 10, 0
0 21 34: 1434, 10, 0
0 21 35: 1434, 10, 0
0 21 36: 1434, 10, 0
0 21 37: 1434, 10, 0
0 21 38: 1434, 10, 0
0 21 39: 1434, 10, 0
0 21 40: 1434, 10, 0
0 21 41: 1434, 10, 0
0 21 42: 1434, 10, 0
0 21 43: 1434, 10, 0
0 21 44: 1434, 10, 0
0 21 45: 1434, 10, 0
0 21 46: 1434, 10, 0
0 21 47: 1434, 10, 0
0 21 48: 1434, 10, 0
0 21 49: 1434, 10, 0
0 21 50: 1434, 10, 0
0 21 51: 1434, 10, 0
0 21 52: 1434, 10, 0
0 21 53: 1434, 10, 0
0 21 54: 1434, 10, 0
0 21 55: 1434, 10, 0
0 21 56: 1434, 10, 0
0 21 57: 1434, 10, 0
0 21 58: 1434, 10, 0
0 21 59: 1434, 10, 0
0 21 60: 1434, 10, 0
0 21 61: 1434, 10, 0
0 21 62: 1434, 10, 0
0 21 63: 1434, 10, 0
0 22 0: 1434, 10, 0
0 22 1: 1434, 10, 0
0 22 2: 1434, 10, 0
0 22 3: 1434, 10, 0
0 22 4: 1434, 10, 0
0 22 5: 1434, 10, 0
0 22 6: 1434, 10, 0
0 22 7: 1434, 10, 0
0 22 8: 1434, 10, 0
0 22 9: 1434, 10, 0
0 22 10: 1434, 10, 0
0 22 11: 1434, 10, 0
0 22 12: 1434, 10, 0
0 22 13: 1434, 10, 0
0 22 14: 1434, 10, 0
0 22 15: 1434, 10, 0
0 22 16: 1434, 10, 0
0 22 17: 1434, 10, 0
0 22 18: 1434, 10, 0
0 22 19: 1434, 10, 0
0 22 20: 1434, 10, 0
0 22 21: 1434, 10, 0
0 22 22: 1434, 10, 0
0 22 23: 1434, 10, 0
0 22 24: 1434, 10, 0
0 22 25: 1434, 10, 0
0 22 26: 1434, 10, 0
0 22 27: 1434, 10, 0
0 22 28: 1434, 10, 0
0 22 29: 1434, 10, 0
0 22 30: 1434, 10, 0
0 22 31: 1434, 10, 0
0 22 32: 1434, 10, 0
0 22 33: 1434, 10, 0
0 22 34: 1434, 10, 0
0 22 35: 1434, 10, 0
0 22 36: 1434, 10, 0
0 22 37: 1434, 10, 0
0 22 38: 1434, 10, 0
0 22 39: 1434, 10, 0
0 22 40: 1434, 10, 0
0 22 41: 1434, 10, 0
0 22 42: 1434, 10, 0
0 22 43: 1434, 10, 0
0 22 44: 1434, 10, 0
0 22 45: 1434, 10, 0
0 22 46: 1434, 10, 0
0 22 47: 1434, 10, 0
0 22 48: 1434, 10, 0
0 22 49: 1434, 10, 0
0 22 50: 1434, 10, 0
0 22 51: 1434, 10, 0
0 22 52: 1434, 10, 0
0 22 53: 1434, 10, 0
0 22 54: 1434, 10, 0
0 22 55: 1434, 10, 0
0 22 56: 1434, 10, 0
0 22 57: 1434, 10, 0
0 22 58: 1434, 10, 0
0 22 59: 1434, 10, 0
0 22 60: 1434, 10, 0
0 22 61: 1434, 10, 0
0 22 62: 1434, 10, 0
0 22 63: 1434, 10, 0
0 23 0: 1434, 10, 0
0 23 1: 1434, 10, 0
0 23 2: 1434, 10, 0
0 23 3: 1434, 10, 0
0 23 4: 1434, 10, 0
0 23 5: 1434, 10, 0
0 23 6: 1434, 10, 0
0 23 7: 1434, 10, 0
0 23 8: 1434, 10, 0
0 23 9: 1434, 10, 0
0 23 10: 1434, 10, 0
0 23 11: 1434, 10, 0
0 23 12: 1434, 10, 0
0 23 13: 1434, 10, 0
0 23 14: 1434, 10, 0
0 23 15: 1434, 10, 0
0 23 16: 1434, 10, 0
0 23 17: 1434, 10, 0
0 23 18: 1434, 10, 0
0 23 19: 1434, 10, 0
0 23 20: 1434, 10, 0
0 23 21: 1434, 10, 0
0 23 22: 1434, 10, 0
0 23 23: 1434, 10, 0
0 23 24: 1434, 10, 0
0 23 25: 1434, 10, 0
0 23 26: 1434, 10, 0
0 23 27: 1434, 10, 0
0 23 28: 1434, 10, 0
0 23 29: 1434, 10, 0
0 23 30: 1434, 10, 0
0 23 31: 1434, 10, 0
0 23 32: 1434, 10, 0
0 23 33: 1434, 10, 0
0 23 34: 1434, 10, 0
0 23 35: 1434, 10, 0
0 23 36: 1434, 10, 0
0 23 37: 1434, 10, 0
0 23 38: 1434, 10, 0
0 23 39: 1434, 10, 0
0 23 40: 1434, 10, 0
0 23 41: 1434, 10, 0
0 23 42: 1434, 10, 0
0 23 43: 1434, 10, 0
0 23 44: 1434, 10, 0
0 23 45: 1434, 10, 0
0 23 46: 1434, 10, 0
0 23 47: 1434, 10, 0
0 23 48: 1434, 10, 0
0 23 49: 1434, 10, 0
0 23 50: 1434, 10, 0
0 23 51: 1434, 10, 0
0 23 52: 1434, 10, 0
0 23 53: 1434, 10, 0
0 23 54: 1434, 10, 0
0 23 55: 1434, 10, 0
0 23 56: 1434, 10, 0
0 23 57: 1434, 10, 0
0 23 58: 1434, 10, 0
0 23 59: 1434, 10, 0
0 23 60: 1434, 10, 0
0 23 61: 1434, 10, 0
0 23 62: 1434, 10, 0
0 23 63: 1434, 10, 0
0 24 0: 1434, 10, 0
0 24 1: 1434, 10, 0
0 24 2: 1434, 10, 0
0 24 3: 1434, 10, 0
0 24 4: 1434, 10, 0
0 24 5: 1434, 10, 0
0 24 6: 1434, 10, 0
0 24 7: 1434, 10, 0
0 24 8: 1434, 10, 0
0 24 9: 1434, 10, 0
0 24 10: 1434, 10, 0
0 24 11: 1434, 10, 0
0 24 12: 1434, 10, 0
0 24 13: 1434, 10, 0
0 24 14: 1434, 10, 0
0 24 15: 1434, 10, 0
0 24 16: 1434, 10, 0
0 24 17: 1434, 10, 0
0 24 18: 1434, 10, 0
0 24 19: 1434, 10, 0
0 24 20: 1434, 10, 0
0 24 21: 1434, 10, 0
0 24 22: 1434, 10, 0
0 24 23: 1434, 10, 0
0 24 24: 1434, 10, 0
0 24 25: 1434, 10, 0
0 24 26: 1434, 10, 0
0 24 27: 1434, 10, 0
0 24 28: 1434, 10, 0
0 24 29: 1434, 10, 0
0 24 30: 1434, 10, 0
0 24 31: 1434, 10, 0
0 24 32: 1434, 10, 0
0 24 33: 1434, 10, 0
0 24 34: 1434, 10, 0
0 24 35: 1434, 10, 0
0 24 36: 1434, 10, 0
0 24 37: 1434, 10, 0
0 24 38: 1434, 10, 0
0 24 39: 1434, 10, 0
0 24 40: 1434, 10, 0
0 24 41: 1434, 10, 0
0 24 42: 1434, 10, 0
0 24 43: 1434, 10, 0
0 24 44: 1434, 10, 0
0 24 45: 1434, 10, 0
0 24 46: 1434, 10, 0
0 24 47: 1434, 10, 0
0 24 48: 1434, 10, 0
0 24 49: 1434, 10, 0
0 24 50: 1434, 10, 0
0 24 51: 1434, 10, 0
0 24 52: 1434, 10, 0
0 24 53: 1434, 10, 0
0 24 54: 1434, 10, 0
0 24 55: 1434, 10, 0
0 24 56: 1434, 10, 0
0 24 57: 1434, 10, 0
0 24 58: 1434, 10, 0
0 24 59: 1434, 10, 0
0 24 60: 1434, 10, 0
0 24 61: 1434, 10, 0
0 24 62: 1434, 10, 0
0 24 63: 1434, 10, 0
0 25 0: 1434, 10, 0
0 25 1: 1434, 10, 0
0 25 2: 1434, 10, 0
0 25 3: 1434, 10, 0
0 25 4: 1434, 10, 0
0 25 5: 1434, 10, 0
0 25 6: 1434, 10, 0
0 25 7: 1434, 10, 0
0 25 8: 1434, 10, 0
0 25 9: 1434, 10, 0
0 25 10: 1434, 10, 0
0 25 11: 1434, 10, 0
0 25 12: 1434, 10, 0
0 25 13: 1434, 10, 0
0 25 14: 1434, 10, 0
0 25 15: 1434, 10, 0
0 25 16: 1434, 10, 0
0 25 17: 1434, 10, 0
0 25 18: 1434, 10, 0
0 25 19: 1434, 10, 0
0 25 20: 1434, 10, 0
0 25 21: 1434, 10, 0
0 25 22: 1434, 10, 0
0 25 23: 1434, 10, 0
0 25 24: 1434, 10, 0
0 25 25: 1434, 10, 0
0 25 26: 1434, 10, 0
0 25 27: 1434, 10, 0
0 25 28: 1434, 10, 0
0 25 29: 1434, 10, 0
0 25 30: 1434, 10, 0
0 25 31: 1434, 10, 0
0 25 32: 1434, 10, 0
0 25 33: 1434, 10, 0
0 25 34: 1434, 10, 0
0 25 35: 1434, 10, 0
0 25 36: 1434, 10, 0
0 25 37: 1434, 10, 0
0 25 38: 1434, 10, 0
0 25 39: 1434, 10, 0
0 25 40: 1434, 10, 0
0 25 41: 1434, 10, 0
0 25 42: 1434, 10, 0
0 25 43: 1434, 10, 0
0 25 44: 1434, 10, 0
0 25 45: 1434, 10, 0
0 25 46: 1434, 10, 0
0 25 47: 1434, 10, 0
0 25 48: 1434, 10, 0
0 25 49: 1434, 10, 0
0 25 50: 1434, 10, 0
0 25 51: 1434, 10, 0
0 25 52: 1434, 10, 0
0 25 53: 1434, 10, 0
0 25 54: 1434, 10, 0
0 25 55: 1434, 10, 0
0 25 56: 1434, 10, 0
0 25 57: 1434, 10, 0
0 25 58: 1434, 10, 0
0 25 59: 1434, 10, 0
0 25 60: 1434, 10, 0
0 25 61: 1434, 10, 0
0 25 62: 1434, 10, 0
0 25 63: 1434, 10, 0
0 26 0: 1434, 10, 0
0 26 1: 1434, 10, 0
0 26 2: 1434, 10, 0
0 26 3: 1434, 10, 0
0 26 4: 1434, 10, 0
0 26 5: 1434, 10, 0
0 26 6: 1434, 10, 0
0 26 7: 1434, 10, 0
0 26 8: 1434, 10, 0
0 26 9: 1434, 10, 0
0 26 10: 1434, 10, 0
0 26 11: 1434, 10, 0
0 26 12: 1434, 10, 0
0 26 13: 1434, 10, 0
0 26 14: 1434, 10, 0
0 26 15: 1434, 10, 0
0 26 16: 1434, 10, 0
0 26 17: 1434, 10, 0
0 26 18: 1434, 10, 0
0 26 19: 1434, 10, 0
0 26 20: 1434, 10, 0
0 26 21: 1434, 10, 0
0 26 22: 1434, 10, 0
0 26 23: 1434, 10, 0
0 26 24: 1434, 10, 0
0 26 25: 1434, 10, 0
0 26 26: 1434, 10, 0
0 26 27: 1434, 10, 0
0 26 28: 1434, 10, 0
0 26 29: 1434, 10, 0
0 26 30: 1434, 10, 0
0 26 31: 1434, 10, 0
0 26 32: 1434, 10, 0
0 26 33: 1434, 10, 0
0 26 34: 1434, 10, 0
0 26 35: 1434, 10, 0
0 26 36: 1434, 10, 0
0 26 37: 1434, 10, 0
0 26 38: 1434, 10, 0
0 26 39: 1434, 10, 0
0 26 40: 1434, 10, 0
0 26 41: 1434, 10, 0
0 26 42: 1434, 10, 0
0 26 43: 1434, 10, 0
0 26 44: 1434, 10, 0
0 26 45: 1434, 10, 0
0 26 46: 1434, 10, 0
0 26 47: 1434, 10, 0
0 26 48: 1434, 10, 0
0 26 49: 1434, 10, 0
0 26 50: 1434, 10, 0
0 26 51: 1434, 10, 0
0 26 52: 1434, 10, 0
0 26 53: 1434, 10, 0
0 26 54: 1434, 10, 0
0 26 55: 1434, 10, 0
0 26 56: 1434, 10, 0
0 26 57: 1434, 10, 0
0 26 58: 1434, 10, 0
0 26 59: 1434, 10, 0
0 26 60: 1434, 10, 0
0 26 61: 1434, 10, 0
0 26 62: 1434, 10, 0
0 26 63: 1434, 10, 0
0 27 0: 1434, 10, 0
0 27 1: 1434, 10, 0
0 27 2: 1434, 10, 0
0 27 3: 1434, 10, 0
0 27 4: 1434, 10, 0
0 27 5: 1434, 10, 0
0 27 6: 1434, 10, 0
0 27 7: 1434, 10, 0
0 27 8: 1434, 10, 0
0 27 9: 1434, 10, 0
0 27 10: 1434, 10, 0
0 27 11: 1434, 10, 0
0 27 12: 1434, 10, 0
0 27 13: 1434, 10, 0
0 27 14: 1434, 10, 0
0 27 15: 1434, 10, 0
0 27 16: 1434, 10, 0
0 27 17: 1434, 10, 0
0 27 18: 1434, 10, 0
0 27 19: 1434, 10, 0
0 27 20: 1434, 10, 0
0 27 21: 1434, 10, 0
0 27 22: 1434, 10, 0
0 27 23: 1434, 10, 0
0 27 24: 1434, 10, 0
0 27 25: 1434, 10, 0
0 27 26: 1434, 10, 0
0 27 27: 1434, 10, 0
0 27 28: 1434, 10, 0
0 27 29: 1434, 10, 0
0 27 30: 1434, 10, 0
0 27 31: 1434, 10, 0
0 27 32: 1434, 10, 0
0 27 33: 1434, 10, 0
0 27 34: 1434, 10, 0
0 27 35: 1434, 10, 0
0 27 36: 1434, 10, 0
0 27 37: 1434, 10, 0
0 27 38: 1434, 10, 0
0 27 39: 1434, 10, 0
0 27 40: 1434, 10, 0
0 27 41: 1434, 10, 0
0 27 42: 1434, 10, 0
0 27 43: 1434, 10, 0
0 27 44: 1434, 10, 0
0 27 45: 1434, 10, 0
0 27 46: 1434, 10, 0
0 27 47: 1434, 10, 0
0 27 48: 1434, 10, 0
0 27 49: 1434, 10, 0
0 27 50: 1434, 10, 0
0 27 51: 1434, 10, 0
0 27 52: 1434, 10, 0
0 27 53: 1434, 10, 0
0 27 54: 1434, 10, 0
0 27 55: 1434, 10, 0
0 27 56: 1434, 10, 0
0 27 57: 1434, 10, 0
0 27 58: 1434, 10, 0
0 27 59: 1434, 10, 0
0 27 60: 1434, 10, 0
0 27 61: 1434, 10, 0
0 27 62: 1434, 10, 0
0 27 63: 1434, 10, 0
0 28 34: 1490, 10, 0
0 28 35: 1490, 10, 0
0 28 36: 1490, 10, 0
0 28 37: 1490, 10, 0
0 28 38: 1490, 10, 0
0 28 39: 1490, 10, 0
0 28 40: 1490, 10, 0
0 28 41: 1490, 10, 0
0 28 42: 1490, 10, 0
0 28 43: 1490, 10, 0
0 28 44: 1490, 10, 0
0 28 45: 1490, 10, 0
0 28 46: 1490, 10, 0
0 28 47: 1490, 10, 0
0 28 48: 1490, 10, 0
0 28 49: 1490, 10, 0
0 28 50: 1490, 10, 0
0 28 51: 1490, 10, 0
0 28 52: 1490, 10, 0
0 28 53: 1490, 10, 0
0 28 54: 1490, 10, 0
0 28 55: 1490, 10, 0
0 28 56: 1490, 10, 0
0 28 57: 1490, 10, 0
0 28 58: 1490, 10, 0
0 28 59: 1490, 10, 0
0 28 60: 1490, 10, 0
0 28 61: 1490, 10, 0
0 28 62: 1490, 10, 0
0 28 63: 1490, 10, 0
0 29 34: 1490, 10, 0
0 29 35: 1490, 10, 0
0 29 36: 1490, 10, 0
0 29 37: 1490, 10, 0
0 29 38: 1490, 10, 0
0 29 39: 1490, 10, 0
0 29 40: 1490, 10, 0
0 29 41: 1490, 10, 0
0 29 42: 1490, 10, 0
0 29 43: 1490, 10, 0
0 29 44: 1490, 10, 0
0 29 45: 1490, 10, 0
0 29 46: 1490, 10, 0
0 29 47: 1490, 10, 0
0 29 48: 1490, 10, 0
0 29 49: 1490, 10, 0
0 29 50: 1490, 10, 0
0 29 51: 1490, 10, 0
0 29 52: 1490, 10, 0
0 29 53: 1490, 10, 0
0 29 54: 1490, 10, 0
0 29 55: 1490, 10, 0
0 29 56: 1490, 10, 0
0 29 57: 1490, 10, 0
0 29 58: 1490, 10, 0
0 29 59: 1490, 10, 0
0 29 60: 1490, 10, 0
0 29 61: 1490, 10, 0
0 29 62: 1490, 10, 0
0 29 63: 1490, 10, 0
0 30 34: 1490, 10, 0
0 30 35: 1490, 10, 0
0 30 36: 1490, 10, 0
0 30 37: 1490, 10, 0
0 30 38: 1490, 10, 0
0 30 39: 1490, 10, 0
0 30 40: 1490, 10, 0
0 30 41: 1490, 10, 0
0 30 42: 1490, 10, 0
0 30 43: 1490, 10, 0
0 30 44: 1490, 10, 0
0 30 45: 1490, 10, 0
0 30 46: 1490, 10, 0
0 30 47: 1490, 10, 0
0 30 48: 1490, 10, 0
0 30 49: 1490, 10, 0
0 30 50: 1490, 10, 0
0 30 51: 1490, 10, 0
0 30 52: 1490, 10, 0
0 30 53: 1490, 10, 0
0 30 54: 1490, 10, 0
0 30 55: 1490, 10, 0
0 30 56: 1490, 10, 0
0 30 57: 1490, 10, 0
0 30 58: 1490, 10, 0
0 30 59: 1490, 10, 0
0 30 60: 1490, 10, 0
0 30 61: 1490, 10, 0
0 30 62: 1490, 10, 0
0 30 63: 1490, 10, 0
0 31 34: 1490, 10, 0
0 31 35: 1490, 10, 0
0 31 36: 1490, 10, 0
0 31 37: 1490, 10, 0
0 31 38: 1490, 10, 0
0 31 39: 1490, 10, 0
0 31 40: 1490, 10, 0
0 31 41: 1490, 10, 0
0 31 42: 1490, 10, 0
0 31 43: 1490, 10, 0
0 31 44: 1490, 10, 0
0 31 45: 1490, 10, 0
0 31 46: 1490, 10, 0
0 31 47: 1490, 10, 0
0 31 48: 1490, 10, 0
0 31 49: 1490, 10, 0
0 31 50: 1490, 10, 0
0 31 51: 1490, 10, 0
0 31 52: 1490, 10, 0
0 31 53: 1490, 10, 0
0 31 54: 1490, 10, 0
0 31 55: 1490, 10, 0
0 31 56: 1490, 10, 0
0 31 57: 1490, 10, 0
0 31 58: 1490, 10, 0
0 31 59: 1490, 10, 0
0 31 60: 1490, 10, 0
0 31 61: 1490, 10, 0
0 31 62: 1490, 10, 0
0 31 63: 1490, 10, 0
0 32 34: 1490, 10, 0
0 32 35: 1490, 10, 0
0 32 36: 1490, 10, 0
0 32 37: 1490, 10, 0
0 32 38: 1490, 10, 0
0 32 39: 1490, 10, 0
0 32 40: 1490, 10, 0
0 32 41: 1490, 10, 0
0 32 42: 1490, 10, 0
0 32 43: 1490, 10, 0
0 32 44: 1490, 10, 0
0 32 45: 1490, 10, 0
0 32 46: 1490, 10, 0
0 32 47: 1490, 10, 0
0 32 48: 1490, 10, 0
0 32 49: 1490, 10, 0
0 32 50: 1490, 10, 0
0 32 51: 1490, 10, 0
0 32 52: 1490, 10, 0
0 32 53: 1490, 10, 0
0 32 54: 1490, 10, 0
0 32 55: 1490, 10, 0
0 32 56: 1490, 10, 0
0 32 57: 1490, 10, 0
0 32 58: 1490, 10, 0
0 32 59: 1490, 10, 0
0 32 60: 1490, 10, 0
0 32 61: 1490, 10, 0
0 32 62: 1490, 10, 0
0 32 63: 1490, 10, 0
0 33 34: 1490, 10, 0
0 33 35: 1490, 10, 0
0 33 36: 1490, 10, 0
0 33 37: 1490, 10, 0
0 33 38: 1490, 10, 0
0 33 39: 1490, 10, 0
0 33 40: 1490, 10, 0
0 33 41: 1490, 10, 0
0 33 42: 1490, 10, 0
0 33 43: 1490, 10, 0
0 33 44: 1490, 10, 0
0 33 45: 1490, 10, 0
0 33 46: 1490, 10, 0
0 33 47: 1490, 10, 0
0 33 48: 1490, 10, 0
0 33 49: 1490, 10, 0
0 33 50: 1490, 10, 0
0 33 51: 1490, 10, 0
0 33 52: 1490, 10, 0
0 33 53: 1490, 10, 0
0 33 54: 1490, 10, 0
0 33 55: 1490, 10, 0
0 33 56: 1490, 10, 0
0 33 57: 1490, 10, 0
0 33 58: 1490, 10, 0
0 33 59: 1490, 10, 0
0 33 60: 1490, 10, 0
0 33 61: 1490, 10, 0
0 33 62: 1490, 10, 0
0 33 63: 1490, 10, 0
0 34 34: 1490, 10, 0
0 34 35: 1490, 10, 0
0 34 36: 1490, 10, 0
0 34 37: 1490, 10, 0
0 34 38: 1490, 10, 0
0 34 39: 1490, 10, 0
0 34 40: 1490, 10, 0
0 34 41: 1490, 10, 0
0 34 42: 1490, 10, 0
0 34 43: 1490, 10, 0
0 34 44: 1490, 10, 0
0 34 45: 1490, 10, 0
0 34 46: 1490, 10, 0
0 34 47: 1490, 10, 0
0 34 48: 1490, 10, 0
0 34 49: 1490, 10, 0
0 34 50: 1490, 10, 0
0 34 51: 1490, 10, 0
0 34 52: 1490, 10, 0
0 34 53: 1490, 10, 0
0 34 54: 1490, 10, 0
0 34 55: 1490, 10, 0
0 34 56: 1490, 10, 0
0 34 57: 1490, 10, 0
0 34 58: 1490, 10, 0
0 34 59: 1490, 10, 0
0 34 60: 1490, 10, 0
0 34 61: 1490, 10, 0
0 34 62: 1490, 10, 0
0 34 63: 1490, 10, 0
0 35 34: 1490, 10, 0
0 35 35: 1490, 10, 0
0 35 36: 1490, 10, 0
0 35 37: 1490, 10, 0
0 35 38: 1490, 10, 0
0 35 39: 1490, 10, 0
0 35 40: 1490, 10, 0
0 35 41: 1490, 10, 0
0 35 42: 1490, 10, 0
0 35 43: 1490, 10, 0
0 35 44: 1490, 10, 0
0 35 45: 1490, 10, 0
0 35 46: 1490, 10, 0
0 35 47: 1490, 10, 0
0 35 48: 1490, 10, 0
0 35 49: 1490, 10, 0
0 35 50: 1490, 10, 0
0 35 51: 1490, 10, 0
0 35 52: 1490, 10, 0
0 35 53: 1490, 10, 0
0 35 54: 1490, 10, 0
0 35 55: 1490, 10, 0
0 35 56: 1490, 10, 0
0 35 57: 1490, 10, 0
0 35 58: 1490, 10, 0
0 35 59: 1490, 10, 0
0 35 60: 1490, 10, 0
0 35 61: 1490, 10, 0
0 35 62: 1490, 10, 0
0 35 63: 1490, 10, 0
0 36 34: 1490, 10, 0
0 36 35: 1490, 10, 0
0 36 36: 1490, 10, 0
0 36 37: 1490, 10, 0
0 36 38: 1490, 10, 0
0 36 39: 1490, 10, 0
0 36 40: 1490, 10, 0
0 36 41: 1490, 10, 0
0 36 42: 1490, 10, 0
0 36 43: 1490, 10, 0
0 36 44: 1490, 10, 0
0 36 45: 1490, 10, 0
0 36 46: 1490, 10, 0
0 36 47: 1490, 10, 0
0 36 48: 1490, 10, 0
0 36 49: 1490, 10, 0
0 36 50: 1490, 10, 0
0 36 51: 1490, 10, 0
0 36 52: 1490, 10, 0
0 36 53: 1490, 10, 0
0 36 54: 1490, 10, 0
0 36 55: 1490, 10, 0
0 36 56: 1490, 10, 0
0 36 57: 1490, 10, 0
0 36 58: 1490, 10, 0
0 36 59: 1490, 10, 0
0 36 60: 1490, 10, 0
0 36 61: 1490, 10, 0
0 36 62: 1490, 10, 0
0 36 63: 1490, 10, 0
0 37 34: 1490, 10, 0
0 37 35: 1490, 10, 0
0 37 36: 1490, 10, 0
0 37 37: 1490, 10, 0
0 37 38: 1490, 10, 0
0 37 39: 1490, 10, 0
0 37 40: 1490, 10, 0
0 37 41: 1490, 10, 0
0 37 42: 1490, 10, 0
0 37 43: 1490, 10, 0
0 37 44: 1490, 10, 0
0 37 45: 1490, 10, 0
0 37 46: 1490, 10, 0
0 37 47: 1490, 10, 0
0 37 48: 1490, 10, 0
0 37 49: 1490, 10, 0
0 37 50: 1490, 10, 0
0 37 51: 1490, 10, 0
0 37 52: 1490, 10, 0
0 37 53: 1490, 10, 0
0 37 54: 1490, 10, 0
0 37 55: 1490, 10, 0
0 37 56: 1490, 10, 0
0 37 57: 1490, 10, 0
0 37 58: 1490, 10, 0
0 37 59: 1490, 10, 0
0 37 60: 1490, 10, 0
0 37 61: 1490, 10, 0
0 37 62: 1490, 10, 0
0 37 63: 1490, 10, 0
0 38 34: 1490, 10, 0
0 38 35: 1490, 10, 0
0 38 36: 1490, 10, 0
0 38 37: 1490, 10, 0
0 38 38: 1490, 10, 0
0 38 39: 1490, 10, 0
0 38 40: 1490, 10, 0
0 38 41: 1490, 10, 0
0 38 42: 1490, 10, 0
0 38 43: 1490, 10, 0
0 38 44: 1490, 10, 0
0 38 45: 1490, 10, 0
0 38 46: 1490, 10, 0
0 38 47: 1490, 10, 0
0 38 48: 1490, 10, 0
0 38 49: 1490, 10, 0
0 38 50: 1490, 10, 0
0 38 51: 1490, 10, 0
0 38 52: 1489, 1, 1
0 38 53: 1489, 0, 2
0 38 54: 1489, 0, 2
0 38 55: 1489, 0, 2
0 38 56: 1489, 0, 2
0 38 57: 1489, 0, 2
0 38 58: 1489, 0, 2
0 38 59: 1489, 1, 2
0 38 60: 1490, 10, 0
0 38 61: 1490, 10, 0
0 38 62: 1490, 10, 0
0 38 63: 1490, 10, 0
0 39 34: 1490, 10, 0
0 39 35: 1490, 10, 0
0 39 36: 1490, 10, 0
0 39 37: 1490, 10, 0
0 39 38: 1490, 10, 0
0 39 39: 1490, 10, 0
0 39 40: 1490, 10, 0
0 39 41: 1490, 10, 0
0 39 42: 1490, 10, 0
0 39 43: 1490, 10, 0
0 39 44: 1490, 10, 0
0 39 45: 1490, 10, 0
0 39 46: 1490, 10, 0
0 39 47: 1490, 10, 0
0 39 48: 1490, 10, 0
0 39 49: 1490, 10, 0
0 39 50: 1490, 10, 0
0 39 51: 1489, 1, 1
0 39 52: 1489, 9, 1
0 39 54: 198, 4, 0
0 39 57: 198, 4, 0
0 39 59: 1489, 9, 2
0 39 60: 1489, 1, 2
0 39 61: 1490, 10, 0
0 39 62: 1490, 10, 0
0 39 63: 1490, 10, 0
0 40 34: 1490, 10, 0
0 40 35: 1490, 10, 0
0 40 36: 1490, 10, 0
0 40 37: 1490, 10, 0
0 40 38: 1490, 10, 0
0 40 39: 1490, 10, 0
0 40 40: 1490, 10, 0
0 40 41: 1490, 10, 0
0 40 42: 1490, 10, 0
0 40 43: 1490, 10, 0
0 40 44: 1490, 10, 0
0 40 45: 1490, 10, 0
0 40 46: 1490, 10, 0
0 40 47: 1490, 10, 0
0 40 48: 1490, 10, 0
0 40 49: 1489, 1, 1
0 40 50: 1489, 0, 2
0 40 51: 1489, 9, 1
0 40 60: 1489, 9, 2
0 40 61: 1489, 1, 2
0 40 62: 1490, 10, 0
0 40 63: 1490, 10, 0
0 41 34: 1490, 10, 0
0 41 35: 1490, 10, 0
0 41 36: 1490, 10, 0
0 41 37: 1490, 10, 0
0 41 38: 1490, 10, 0
0 41 39: 1490, 10, 0
0 41 40: 1490, 10, 0
0 41 41: 1490, 10, 0
0 41 42: 1490, 10, 0
0 41 43: 1490, 10, 0
0 41 44: 1490, 10, 0
0 41 45: 1490, 10, 0
0 41 46: 1490, 10, 0
0 41 47: 1489, 1, 1
0 41 48: 1489, 0, 2
0 41 49: 198, 7, 1
0 41 49: 1489, 9, 1
0 41 61: 1489, 0, 3
0 41 62: 1490, 10, 0
0 41 63: 1490, 10, 0
0 42 34: 1489, 1, 2
0 42 35: 1490, 10, 0
0 42 36: 1490, 10, 0
0 42 37: 1490, 10, 0
0 42 38: 1490, 10, 0
0 42 39: 1490, 10, 0
0 42 40: 1490, 10, 0
0 42 41: 1490, 10, 0
0 42 42: 1490, 10, 0
0 42 43: 1490, 10, 0
0 42 44: 1490, 10, 0
0 42 45: 1490, 10, 0
0 42 46: 1489, 1, 1
0 42 47: 1489, 9, 1
0 42 48: 1493, 4, 0
0 42 60: 198, 4, 1
0 42 61: 1489, 0, 3
0 42 62: 1490, 10, 0
0 42 63: 1490, 10, 0
0 43 34: 197, 7, 2
0 43 34: 1489, 9, 2
0 43 35: 1489, 1, 2
0 43 36: 1490, 10, 0
0 43 37: 1490, 10, 0
0 43 38: 1490, 10, 0
0 43 39: 1490, 10, 0
0 43 40: 1489, 1, 1
0 43 41: 1489, 0, 2
0 43 42: 1489, 0, 2
0 43 43: 1489, 0, 2
0 43 44: 1495, 0, 2
0 43 45: 1494, 0, 2
0 43 46: 1489, 9, 1
0 43 60: 1493, 4, 1
0 43 61: 1489, 0, 3
0 43 62: 1490, 10, 0
0 43 63: 1490, 10, 0
0 44 35: 1489, 0, 3
0 44 36: 1490, 10, 0
0 44 37: 1490, 10, 0
0 44 38: 1490, 10, 0
0 44 39: 1489, 1, 1
0 44 40: 197, 7, 1
0 44 40: 1489, 9, 1
0 44 42: 1247, 22, 3
0 44 44: 2002, 0, 1
0 44 61: 1489, 0, 3
0 44 62: 1490, 10, 0
0 44 63: 1490, 10, 0
0 45 34: 1247, 22, 0
0 45 35: 1489, 9, 2
0 45 36: 1495, 0, 2
0 45 37: 1494, 0, 2
0 45 38: 1489, 0, 2
0 45 39: 1489, 9, 1
0 45 43: 1489, 9, 3
0 45 44: 1494, 0, 0
0 45 45: 1495, 0, 0
0 45 46: 1489, 9, 0
0 45 47: 1493, 4, 2
0 45 60: 198, 4, 1
0 45 61: 1489, 0, 3
0 45 62: 1490, 10, 0
0 45 63: 1490, 10, 0
0 46 36: 2002, 0, 1
0 46 39: 1247, 22, 1
0 46 41: 1248, 22, 2
0 46 42: 1489, 9, 3
0 46 43: 1489, 1, 3
0 46 44: 1490, 10, 0
0 46 45: 1490, 10, 0
0 46 46: 1489, 1, 0
0 46 47: 1489, 0, 0
0 46 48: 1489, 0, 0
0 46 49: 198, 7, 0
0 46 49: 1489, 9, 0
0 46 61: 1489, 0, 3
0 46 62: 1490, 10, 0
0 46 63: 1490, 10, 0
0 47 34: 1489, 9, 3
0 47 35: 1489, 0, 0
0 47 36: 1494, 0, 0
0 47 37: 1495, 0, 0
0 47 38: 1489, 0, 0
0 47 39: 1489, 9, 0
0 47 41: 1489, 9, 3
0 47 42: 1489, 1, 3
0 47 43: 1490, 10, 0
0 47 44: 1490, 10, 0
0 47 45: 1490, 10, 0
0 47 46: 1490, 10, 0
0 47 47: 1490, 10, 0
0 47 48: 1490, 10, 0
0 47 49: 1489, 1, 0
0 47 50: 1489, 0, 0
0 47 51: 1489, 9, 0
0 47 60: 1489, 9, 3
0 47 61: 1489, 1, 3
0 47 62: 1490, 10, 0
0 47 63: 1490, 10, 0
0 48 34: 1489, 1, 3
0 48 35: 1490, 10, 0
0 48 36: 1490, 10, 0
0 48 37: 1490, 10, 0
0 48 38: 1490, 10, 0
0 48 39: 1489, 1, 0
0 48 40: 1489, 0, 0
0 48 41: 1489, 1, 3
0 48 42: 1490, 10, 0
0 48 43: 1490, 10, 0
0 48 44: 1490, 10, 0
0 48 45: 1490, 10, 0
0 48 46: 1490, 10, 0
0 48 47: 1490, 10, 0
0 48 48: 1490, 10, 0
0 48 49: 1490, 10, 0
0 48 50: 1490, 10, 0
0 48 51: 1489, 1, 0
0 48 52: 1489, 9, 0
0 48 54: 198, 4, 2
0 48 55: 1493, 4, 2
0 48 57: 198, 4, 2
0 48 58: 1493, 4, 2
0 48 59: 1489, 9, 3
0 48 60: 1489, 1, 3
0 48 61: 1490, 10, 0
0 48 62: 1490, 10, 0
0 48 63: 1490, 10, 0
0 49 34: 1490, 10, 0
0 49 35: 1490, 10, 0
0 49 36: 1490, 10, 0
0 49 37: 1490, 10, 0
0 49 38: 1490, 10, 0
0 49 39: 1490, 10, 0
0 49 40: 1490, 10, 0
0 49 41: 1490, 10, 0
0 49 42: 1490, 10, 0
0 49 43: 1490, 10, 0
0 49 44: 1490, 10, 0
0 49 45: 1490, 10, 0
0 49 46: 1490, 10, 0
0 49 47: 1490, 10, 0
0 49 48: 1490, 10, 0
0 49 49: 1490, 10, 0
0 49 50: 1490, 10, 0
0 49 51: 1490, 10, 0
0 49 52: 1489, 1, 0
0 49 53: 1489, 0, 0
0 49 54: 1489, 0, 0
0 49 55: 1489, 0, 0
0 49 56: 1489, 0, 0
0 49 57: 1489, 0, 0
0 49 58: 1489, 0, 0
0 49 59: 1489, 1, 3
0 49 60: 1490, 10, 0
0 49 61: 1490, 10, 0
0 49 62: 1490, 10, 0
0 49 63: 1490, 10, 0
0 50 34: 1490, 10, 0
0 50 35: 1490, 10, 0
0 50 36: 1490, 10, 0
0 50 37: 1490, 10, 0
0 50 38: 1490, 10, 0
0 50 39: 1490, 10, 0
0 50 40: 1490, 10, 0
0 50 41: 1490, 10, 0
0 50 42: 1490, 10, 0
0 50 43: 1490, 10, 0
0 50 44: 1490, 10, 0
0 50 45: 1490, 10, 0
0 50 46: 1490, 10, 0
0 50 47: 1490, 10, 0
0 50 48: 1490, 10, 0
0 50 49: 1490, 10, 0
0 50 50: 1490, 10, 0
0 50 51: 1490, 10, 0
0 50 52: 1490, 10, 0
0 50 53: 1490, 10, 0
0 50 54: 1490, 10, 0
0 50 55: 1490, 10, 0
0 50 56: 1490, 10, 0
0 50 57: 1490, 10, 0
0 50 58: 1490, 10, 0
0 50 59: 1490, 10, 0
0 50 60: 1490, 10, 0
0 50 61: 1490, 10, 0
0 50 62: 1490, 10, 0
0 50 63: 1490, 10, 0
0 51 34: 1490, 10, 0
0 51 35: 1490, 10, 0
0 51 36: 1490, 10, 0
0 51 37: 1490, 10, 0
0 51 38: 1490, 10, 0
0 51 39: 1490, 10, 0
0 51 40: 1490, 10, 0
0 51 41: 1490, 10, 0
0 51 42: 1490, 10, 0
0 51 43: 1490, 10, 0
0 51 44: 1490, 10, 0
0 51 45: 1490, 10, 0
0 51 46: 1490, 10, 0
0 51 47: 1490, 10, 0
0 51 48: 1490, 10, 0
0 51 49: 1490, 10, 0
0 51 50: 1490, 10, 0
0 51 51: 1490, 10, 0
0 51 52: 1490, 10, 0
0 51 53: 1490, 10, 0
0 51 54: 1490, 10, 0
0 51 55: 1490, 10, 0
0 51 56: 1490, 10, 0
0 51 57: 1490, 10, 0
0 51 58: 1490, 10, 0
0 51 59: 1490, 10, 0
0 51 60: 1490, 10, 0
0 51 61: 1490, 10, 0
0 51 62: 1490, 10, 0
0 51 63: 1490, 10, 0
0 52 34: 1490, 10, 0
0 52 35: 1490, 10, 0
0 52 36: 1490, 10, 0
0 52 37: 1490, 10, 0
0 52 38: 1490, 10, 0
0 52 39: 1490, 10, 0
0 52 40: 1490, 10, 0
0 52 41: 1490, 10, 0
0 52 42: 1490, 10, 0
0 52 43: 1490, 10, 0
0 52 44: 1490, 10, 0
0 52 45: 1490, 10, 0
0 52 46: 1490, 10, 0
0 52 47: 1490, 10, 0
0 52 48: 1490, 10, 0
0 52 49: 1490, 10, 0
0 52 50: 1490, 10, 0
0 52 51: 1490, 10, 0
0 52 52: 1490, 10, 0
0 52 53: 1490, 10, 0
0 52 54: 1490, 10, 0
0 52 55: 1490, 10, 0
0 52 56: 1490, 10, 0
0 52 57: 1490, 10, 0
0 52 58: 1490, 10, 0
0 52 59: 1490, 10, 0
0 52 60: 1490, 10, 0
0 52 61: 1490, 10, 0
0 52 62: 1490, 10, 0
0 52 63: 1490, 10, 0
0 53 34: 1490, 10, 0
0 53 35: 1490, 10, 0
0 53 36: 1490, 10, 0
0 53 37: 1490, 10, 0
0 53 38: 1490, 10, 0
0 53 39: 1490, 10, 0
0 53 40: 1490, 10, 0
0 53 41: 1490, 10, 0
0 53 42: 1490, 10, 0
0 53 43: 1490, 10, 0
0 53 44: 1490, 10, 0
0 53 45: 1490, 10, 0
0 53 46: 1490, 10, 0
0 53 47: 1490, 10, 0
0 53 48: 1490, 10, 0
0 53 49: 1490, 10, 0
0 53 50: 1490, 10, 0
0 53 51: 1490, 10, 0
0 53 52: 1490, 10, 0
0 53 53: 1490, 10, 0
0 53 54: 1490, 10, 0
0 53 55: 1490, 10, 0
0 53 56: 1490, 10, 0
0 53 57: 1490, 10, 0
0 53 58: 1490, 10, 0
0 53 59: 1490, 10, 0
0 53 60: 1490, 10, 0
0 53 61: 1490, 10, 0
0 53 62: 1490, 10, 0
0 53 63: 1490, 10, 0
0 54 34: 1490, 10, 0
0 54 35: 1490, 10, 0
0 54 36: 1490, 10, 0
0 54 37: 1490, 10, 0
0 54 38: 1490, 10, 0
0 54 39: 1490, 10, 0
0 54 40: 1490, 10, 0
0 54 41: 1490, 10, 0
0 54 42: 1490, 10, 0
0 54 43: 1490, 10, 0
0 54 44: 1490, 10, 0
0 54 45: 1490, 10, 0
0 54 46: 1490, 10, 0
0 54 47: 1490, 10, 0
0 54 48: 1490, 10, 0
0 54 49: 1490, 10, 0
0 54 50: 1490, 10, 0
0 54 51: 1490, 10, 0
0 54 52: 1490, 10, 0
0 54 53: 1490, 10, 0
0 54 54: 1490, 10, 0
0 54 55: 1490, 10, 0
0 54 56: 1490, 10, 0
0 54 57: 1490, 10, 0
0 54 58: 1490, 10, 0
0 54 59: 1490, 10, 0
0 54 60: 1490, 10, 0
0 54 61: 1490, 10, 0
0 54 62: 1490, 10, 0
0 54 63: 1490, 10, 0
0 55 34: 1490, 10, 0
0 55 35: 1490, 10, 0
0 55 36: 1490, 10, 0
0 55 37: 1490, 10, 0
0 55 38: 1490, 10, 0
0 55 39: 1490, 10, 0
0 55 40: 1490, 10, 0
0 55 41: 1490, 10, 0
0 55 42: 1490, 10, 0
0 55 43: 1490, 10, 0
0 55 44: 1490, 10, 0
0 55 45: 1490, 10, 0
0 55 46: 1490, 10, 0
0 55 47: 1490, 10, 0
0 55 48: 1490, 10, 0
0 55 49: 1490, 10, 0
0 55 50: 1490, 10, 0
0 55 51: 1490, 10, 0
0 55 52: 1490, 10, 0
0 55 53: 1490, 10, 0
0 55 54: 1490, 10, 0
0 55 55: 1490, 10, 0
0 55 56: 1490, 10, 0
0 55 57: 1490, 10, 0
0 55 58: 1490, 10, 0
0 55 59: 1490, 10, 0
0 55 60: 1490, 10, 0
0 55 61: 1490, 10, 0
0 55 62: 1490, 10, 0
0 55 63: 1490, 10, 0
0 56 34: 1490, 10, 0
0 56 35: 1490, 10, 0
0 56 36: 1490, 10, 0
0 56 37: 1490, 10, 0
0 56 38: 1490, 10, 0
0 56 39: 1490, 10, 0
0 56 40: 1490, 10, 0
0 56 41: 1490, 10, 0
0 56 42: 1490, 10, 0
0 56 43: 1490, 10, 0
0 56 44: 1490, 10, 0
0 56 45: 1490, 10, 0
0 56 46: 1490, 10, 0
0 56 47: 1490, 10, 0
0 56 48: 1490, 10, 0
0 56 49: 1490, 10, 0
0 56 50: 1490, 10, 0
0 56 51: 1490, 10, 0
0 56 52: 1490, 10, 0
0 56 53: 1490, 10, 0
0 56 54: 1490, 10, 0
0 56 55: 1490, 10, 0
0 56 56: 1490, 10, 0
0 56 57: 1490, 10, 0
0 56 58: 1490, 10, 0
0 56 59: 1490, 10, 0
0 56 60: 1490, 10, 0
0 56 61: 1490, 10, 0
0 56 62: 1490, 10, 0
0 56 63: 1490, 10, 0
0 57 34: 1490, 10, 0
0 57 35: 1490, 10, 0
0 57 36: 1490, 10, 0
0 57 37: 1490, 10, 0
0 57 38: 1490, 10, 0
0 57 39: 1490, 10, 0
0 57 40: 1490, 10, 0
0 57 41: 1490, 10, 0
0 57 42: 1490, 10, 0
0 57 43: 1490, 10, 0
0 57 44: 1490, 10, 0
0 57 45: 1490, 10, 0
0 57 46: 1490, 10, 0
0 57 47: 1490, 10, 0
0 57 48: 1490, 10, 0
0 57 49: 1490, 10, 0
0 57 50: 1490, 10, 0
0 57 51: 1490, 10, 0
0 57 52: 1490, 10, 0
0 57 53: 1490, 10, 0
0 57 54: 1490, 10, 0
0 57 55: 1490, 10, 0
0 57 56: 1490, 10, 0
0 57 57: 1490, 10, 0
0 57 58: 1490, 10, 0
0 57 59: 1490, 10, 0
0 57 60: 1490, 10, 0
0 57 61: 1490, 10, 0
0 57 62: 1490, 10, 0
0 57 63: 1490, 10, 0
0 58 0: 1490, 10, 0
0 58 1: 1490, 10, 0
0 58 2: 1490, 10, 0
0 58 3: 1490, 10, 0
0 58 4: 1490, 10, 0
0 58 5: 1490, 10, 0
0 58 6: 1490, 10, 0
0 58 7: 1490, 10, 0
0 58 8: 1490, 10, 0
0 58 9: 1490, 10, 0
0 58 10: 1490, 10, 0
0 58 11: 1490, 10, 0
0 58 12: 1490, 10, 0
0 58 13: 1490, 10, 0
0 58 14: 1490, 10, 0
0 58 15: 1490, 10, 0
0 58 16: 1490, 10, 0
0 58 17: 1490, 10, 0
0 58 18: 1490, 10, 0
0 58 19: 1490, 10, 0
0 58 20: 1490, 10, 0
0 58 21: 1490, 10, 0
0 58 22: 1490, 10, 0
0 58 23: 1490, 10, 0
0 58 24: 1490, 10, 0
0 58 25: 1490, 10, 0
0 58 26: 1490, 10, 0
0 58 27: 1490, 10, 0
0 58 28: 1490, 10, 0
0 58 29: 1490, 10, 0
0 58 30: 1490, 10, 0
0 58 31: 1490, 10, 0
0 58 32: 1490, 10, 0
0 58 33: 1490, 10, 0
0 58 34: 1490, 10, 0
0 58 35: 1490, 10, 0
0 58 36: 1490, 10, 0
0 58 37: 1490, 10, 0
0 58 38: 1490, 10, 0
0 58 39: 1490, 10, 0
0 58 40: 1490, 10, 0
0 58 41: 1490, 10, 0
0 58 42: 1490, 10, 0
0 58 43: 1490, 10, 0
0 58 44: 1490, 10, 0
0 58 45: 1490, 10, 0
0 58 46: 1490, 10, 0
0 58 47: 1490, 10, 0
0 58 48: 1490, 10, 0
0 58 49: 1490, 10, 0
0 58 50: 1490, 10, 0
0 58 51: 1490, 10, 0
0 58 52: 1490, 10, 0
0 58 53: 1490, 10, 0
0 58 54: 1490, 10, 0
0 58 55: 1490, 10, 0
0 58 56: 1490, 10, 0
0 58 57: 1490, 10, 0
0 58 58: 1490, 10, 0
0 58 59: 1490, 10, 0
0 58 60: 1490, 10, 0
0 58 61: 1490, 10, 0
0 58 62: 1490, 10, 0
0 58 63: 1490, 10, 0
0 59 0: 1490, 10, 0
0 59 1: 1490, 10, 0
0 59 2: 1490, 10, 0
0 59 3: 1490, 10, 0
0 59 4: 1490, 10, 0
0 59 5: 1490, 10, 0
0 59 6: 1490, 10, 0
0 59 7: 1490, 10, 0
0 59 8: 1490, 10, 0
0 59 9: 1490, 10, 0
0 59 10: 1490, 10, 0
0 59 11: 1490, 10, 0
0 59 12: 1490, 10, 0
0 59 13: 1490, 10, 0
0 59 14: 1490, 10, 0
0 59 15: 1490, 10, 0
0 59 16: 1490, 10, 0
0 59 17: 1490, 10, 0
0 59 18: 1490, 10, 0
0 59 19: 1490, 10, 0
0 59 20: 1490, 10, 0
0 59 21: 1490, 10, 0
0 59 22: 1490, 10, 0
0 59 23: 1490, 10, 0
0 59 24: 1490, 10, 0
0 59 25: 1490, 10, 0
0 59 26: 1490, 10, 0
0 59 27: 1490, 10, 0
0 59 28: 1490, 10, 0
0 59 29: 1490, 10, 0
0 59 30: 1490, 10, 0
0 59 31: 1490, 10, 0
0 59 32: 1490, 10, 0
0 59 33: 1490, 10, 0
0 59 34: 1490, 10, 0
0 59 35: 1490, 10, 0
0 59 36: 1490, 10, 0
0 59 37: 1490, 10, 0
0 59 38: 1490, 10, 0
0 59 39: 1490, 10, 0
0 59 40: 1490, 10, 0
0 59 41: 1490, 10, 0
0 59 42: 1490, 10, 0
0 59 43: 1490, 10, 0
0 59 44: 1490, 10, 0
0 59 45: 1490, 10, 0
0 59 46: 1490, 10, 0
0 59 47: 1490, 10, 0
0 59 48: 1490, 10, 0
0 59 49: 1490, 10, 0
0 59 50: 1490, 10, 0
0 59 51: 1490, 10, 0
0 59 52: 1490, 10, 0
0 59 53: 1490, 10, 0
0 59 54: 1490, 10, 0
0 59 55: 1490, 10, 0
0 59 56: 1490, 10, 0
0 59 57: 1490, 10, 0
0 59 58: 1490, 10, 0
0 59 59: 1490, 10, 0
0 59 60: 1490, 10, 0
0 59 61: 1490, 10, 0
0 59 62: 1490, 10, 0
0 59 63: 1490, 10, 0
0 60 0: 1490, 10, 0
0 60 1: 1490, 10, 0
0 60 2: 1490, 10, 0
0 60 3: 1490, 10, 0
0 60 4: 1490, 10, 0
0 60 5: 1490, 10, 0
0 60 6: 1490, 10, 0
0 60 7: 1490, 10, 0
0 60 8: 1490, 10, 0
0 60 9: 1490, 10, 0
0 60 10: 1490, 10, 0
0 60 11: 1490, 10, 0
0 60 12: 1490, 10, 0
0 60 13: 1490, 10, 0
0 60 14: 1490, 10, 0
0 60 15: 1490, 10, 0
0 60 16: 1490, 10, 0
0 60 17: 1490, 10, 0
0 60 18: 1490, 10, 0
0 60 19: 1490, 10, 0
0 60 20: 1490, 10, 0
0 60 21: 1490, 10, 0
0 60 22: 1490, 10, 0
0 60 23: 1490, 10, 0
0 60 24: 1490, 10, 0
0 60 25: 1490, 10, 0
0 60 26: 1490, 10, 0
0 60 27: 1490, 10, 0
0 60 28: 1490, 10, 0
0 60 29: 1490, 10, 0
0 60 30: 1490, 10, 0
0 60 31: 1490, 10, 0
0 60 32: 1490, 10, 0
0 60 33: 1490, 10, 0
0 60 34: 1490, 10, 0
0 60 35: 1490, 10, 0
0 60 36: 1490, 10, 0
0 60 37: 1490, 10, 0
0 60 38: 1490, 10, 0
0 60 39: 1490, 10, 0
0 60 40: 1490, 10, 0
0 60 41: 1490, 10, 0
0 60 42: 1490, 10, 0
0 60 43: 1490, 10, 0
0 60 44: 1490, 10, 0
0 60 45: 1490, 10, 0
0 60 46: 1490, 10, 0
0 60 47: 1490, 10, 0
0 60 48: 1490, 10, 0
0 60 49: 1490, 10, 0
0 60 50: 1490, 10, 0
0 60 51: 1490, 10, 0
0 60 52: 1490, 10, 0
0 60 53: 1490, 10, 0
0 60 54: 1490, 10, 0
0 60 55: 1490, 10, 0
0 60 56: 1490, 10, 0
0 60 57: 1490, 10, 0
0 60 58: 1490, 10, 0
0 60 59: 1490, 10, 0
0 60 60: 1490, 10, 0
0 60 61: 1490, 10, 0
0 60 62: 1490, 10, 0
0 60 63: 1490, 10, 0
0 61 0: 1490, 10, 0
0 61 1: 1490, 10, 0
0 61 2: 1490, 10, 0
0 61 3: 1490, 10, 0
0 61 4: 1490, 10, 0
0 61 5: 1490, 10, 0
0 61 6: 1490, 10, 0
0 61 7: 1490, 10, 0
0 61 8: 1490, 10, 0
0 61 9: 1490, 10, 0
0 61 10: 1490, 10, 0
0 61 11: 1490, 10, 0
0 61 12: 1490, 10, 0
0 61 13: 1490, 10, 0
0 61 14: 1490, 10, 0
0 61 15: 1490, 10, 0
0 61 16: 1490, 10, 0
0 61 17: 1490, 10, 0
0 61 18: 1490, 10, 0
0 61 19: 1490, 10, 0
0 61 20: 1490, 10, 0
0 61 21: 1490, 10, 0
0 61 22: 1490, 10, 0
0 61 23: 1490, 10, 0
0 61 24: 1490, 10, 0
0 61 25: 1490, 10, 0
0 61 26: 1490, 10, 0
0 61 27: 1490, 10, 0
0 61 28: 1490, 10, 0
0 61 29: 1490, 10, 0
0 61 30: 1490, 10, 0
0 61 31: 1490, 10, 0
0 61 32: 1490, 10, 0
0 61 33: 1490, 10, 0
0 61 34: 1490, 10, 0
0 61 35: 1490, 10, 0
0 61 36: 1490, 10, 0
0 61 37: 1490, 10, 0
0 61 38: 1490, 10, 0
0 61 39: 1490, 10, 0
0 61 40: 1490, 10, 0
0 61 41: 1490, 10, 0
0 61 42: 1490, 10, 0
0 61 43: 1490, 10, 0
0 61 44: 1490, 10, 0
0 61 45: 1490, 10, 0
0 61 46: 1490, 10, 0
0 61 47: 1490, 10, 0
0 61 48: 1490, 10, 0
0 61 49: 1490, 10, 0
0 61 50: 1490, 10, 0
0 61 51: 1490, 10, 0
0 61 52: 1490, 10, 0
0 61 53: 1490, 10, 0
0 61 54: 1490, 10, 0
0 61 55: 1490, 10, 0
0 61 56: 1490, 10, 0
0 61 57: 1490, 10, 0
0 61 58: 1490, 10, 0
0 61 59: 1490, 10, 0
0 61 60: 1490, 10, 0
0 61 61: 1490, 10, 0
0 61 62: 1490, 10, 0
0 61 63: 1490, 10, 0
0 62 0: 1490, 10, 0
0 62 1: 1490, 10, 0
0 62 2: 1490, 10, 0
0 62 3: 1490, 10, 0
0 62 4: 1490, 10, 0
0 62 5: 1490, 10, 0
0 62 6: 1490, 10, 0
0 62 7: 1490, 10, 0
0 62 8: 1490, 10, 0
0 62 9: 1490, 10, 0
0 62 10: 1490, 10, 0
0 62 11: 1490, 10, 0
0 62 12: 1490, 10, 0
0 62 13: 1490, 10, 0
0 62 14: 1490, 10, 0
0 62 15: 1490, 10, 0
0 62 16: 1490, 10, 0
0 62 17: 1490, 10, 0
0 62 18: 1490, 10, 0
0 62 19: 1490, 10, 0
0 62 20: 1490, 10, 0
0 62 21: 1490, 10, 0
0 62 22: 1490, 10, 0
0 62 23: 1490, 10, 0
0 62 24: 1490, 10, 0
0 62 25: 1490, 10, 0
0 62 26: 1490, 10, 0
0 62 27: 1490, 10, 0
0 62 28: 1490, 10, 0
0 62 29: 1490, 10, 0
0 62 30: 1490, 10, 0
0 62 31: 1490, 10, 0
0 62 32: 1490, 10, 0
0 62 33: 1490, 10, 0
0 62 34: 1490, 10, 0
0 62 35: 1490, 10, 0
0 62 36: 1490, 10, 0
0 62 37: 1490, 10, 0
0 62 38: 1490, 10, 0
0 62 39: 1490, 10, 0
0 62 40: 1490, 10, 0
0 62 41: 1490, 10, 0
0 62 42: 1490, 10, 0
0 62 43: 1490, 10, 0
0 62 44: 1490, 10, 0
0 62 45: 1490, 10, 0
0 62 46: 1490, 10, 0
0 62 47: 1490, 10, 0
0 62 48: 1490, 10, 0
0 62 49: 1490, 10, 0
0 62 50: 1490, 10, 0
0 62 51: 1490, 10, 0
0 62 52: 1490, 10, 0
0 62 53: 1490, 10, 0
0 62 54: 1490, 10, 0
0 62 55: 1490, 10, 0
0 62 56: 1490, 10, 0
0 62 57: 1490, 10, 0
0 62 58: 1490, 10, 0
0 62 59: 1490, 10, 0
0 62 60: 1490, 10, 0
0 62 61: 1490, 10, 0
0 62 62: 1490, 10, 0
0 62 63: 1490, 10, 0
0 63 0: 1490, 10, 0
0 63 1: 1490, 10, 0
0 63 2: 1490, 10, 0
0 63 3: 1490, 10, 0
0 63 4: 1490, 10, 0
0 63 5: 1490, 10, 0
0 63 6: 1490, 10, 0
0 63 7: 1490, 10, 0
0 63 8: 1490, 10, 0
0 63 9: 1490, 10, 0
0 63 10: 1490, 10, 0
0 63 11: 1490, 10, 0
0 63 12: 1490, 10, 0
0 63 13: 1490, 10, 0
0 63 14: 1490, 10, 0
0 63 15: 1490, 10, 0
0 63 16: 1490, 10, 0
0 63 17: 1490, 10, 0
0 63 18: 1490, 10, 0
0 63 19: 1490, 10, 0
0 63 20: 1490, 10, 0
0 63 21: 1490, 10, 0
0 63 22: 1490, 10, 0
0 63 23: 1490, 10, 0
0 63 24: 1490, 10, 0
0 63 25: 1490, 10, 0
0 63 26: 1490, 10, 0
0 63 27: 1490, 10, 0
0 63 28: 1490, 10, 0
0 63 29: 1490, 10, 0
0 63 30: 1490, 10, 0
0 63 31: 1490, 10, 0
0 63 32: 1490, 10, 0
0 63 33: 1490, 10, 0
0 63 34: 1490, 10, 0
0 63 35: 1490, 10, 0
0 63 36: 1490, 10, 0
0 63 37: 1490, 10, 0
0 63 38: 1490, 10, 0
0 63 39: 1490, 10, 0
0 63 40: 1490, 10, 0
0 63 41: 1490, 10, 0
0 63 42: 1490, 10, 0
0 63 43: 1490, 10, 0
0 63 44: 1490, 10, 0
0 63 45: 1490, 10, 0
0 63 46: 1490, 10, 0
0 63 47: 1490, 10, 0
0 63 48: 1490, 10, 0
0 63 49: 1490, 10, 0
0 63 50: 1490, 10, 0
0 63 51: 1490, 10, 0
0 63 52: 1490, 10, 0
0 63 53: 1490, 10, 0
0 63 54: 1490, 10, 0
0 63 55: 1490, 10, 0
0 63 56: 1490, 10, 0
0 63 57: 1490, 10, 0
0 63 58: 1490, 10, 0
0 63 59: 1490, 10, 0
0 63 60: 1490, 10, 0
0 63 61: 1490, 10, 0
0 63 62: 1490, 10, 0
0 63 63: 1490, 10, 0
1 36 53: 336, 22, 1
1 36 54: 336, 22, 2
1 36 55: 336, 22, 3
1 36 61: 336, 22, 3
1 36 62: 336, 22, 0
1 37 53: 336, 22, 1
1 37 54: 335, 22, 1
1 37 55: 337, 22, 1
1 37 57: 337, 22, 1
1 37 58: 336, 22, 1
1 37 61: 336, 22, 1
1 37 62: 336, 22, 1
1 38 49: 337, 22, 1
1 38 51: 1492, 10, 2
1 38 60: 1492, 10, 3
1 39 48: 335, 22, 1
1 39 49: 336, 22, 1
1 39 50: 1492, 10, 2
1 39 61: 1492, 10, 3
1 40 48: 1492, 10, 2
1 40 53: 2004, 10, 0
1 40 55: 2004, 10, 0
1 40 57: 2004, 10, 0
1 41 46: 1492, 10, 2
1 42 41: 336, 22, 1
1 42 42: 335, 22, 1
1 42 43: 337, 22, 1
1 42 45: 1492, 10, 2
1 42 62: 335, 22, 1
1 43 39: 1492, 10, 2
1 43 54: 2019, 10, 0
1 43 59: 2006, 10, 0
1 43 62: 337, 22, 1
1 44 38: 1492, 10, 2
1 44 59: 2005, 10, 0
1 44 62: 336, 22, 1
1 46 44: 1492, 10, 0
1 46 45: 1492, 10, 1
1 47 43: 1492, 10, 0
1 47 48: 1492, 10, 1
1 47 53: 2004, 10, 0
1 47 55: 2004, 10, 0
1 47 57: 2004, 10, 0
1 48 38: 1492, 10, 1
1 48 42: 1492, 10, 0
1 48 44: 336, 22, 1
1 48 46: 335, 22, 1
1 48 47: 337, 22, 1
1 48 50: 1492, 10, 1
1 48 61: 1492, 10, 0
1 48 62: 337, 22, 1
1 49 51: 1492, 10, 1
1 49 60: 1492, 10, 0
1 50 50: 336, 22, 1
1 50 51: 337, 22, 1
1 50 53: 337, 22, 1
1 50 55: 336, 22, 1
1 50 58: 337, 22, 1
1 50 59: 335, 22, 1
1 51 56: 335, 22, 1
1 51 57: 336, 22, 1
1 51 61: 336, 22, 1
1 53 58: 337, 22, 1
1 62 54: 336, 22, 1
1 62 55: 336, 22, 2
1 62 56: 336, 22, 3
1 62 62: 336, 22, 3
1 62 63: 336, 22, 0
1 63 54: 336, 22, 1
1 63 55: 335, 22, 1
1 63 56: 337, 22, 1
1 63 59: 336, 22, 1
1 63 62: 336, 22, 1
1 63 63: 336, 22, 1
2 0 0: 1434, 10, 0
2 0 1: 1434, 10, 0
2 0 2: 1434, 10, 0
2 0 3: 1434, 10, 0
2 0 4: 1434, 10, 0
2 0 5: 1434, 10, 0
2 0 6: 1434, 10, 0
2 0 7: 1434, 10, 0
2 0 8: 1434, 10, 0
2 0 9: 1434, 10, 0
2 0 10: 1434, 10, 0
2 0 11: 1434, 10, 0
2 0 12: 1434, 10, 0
2 0 13: 1434, 10, 0
2 0 14: 1434, 10, 0
2 0 15: 1434, 10, 0
2 0 16: 1434, 10, 0
2 0 17: 1434, 10, 0
2 1 0: 1434, 10, 0
2 1 1: 1434, 10, 0
2 1 2: 1434, 10, 0
2 1 3: 1434, 10, 0
2 1 4: 1434, 10, 0
2 1 5: 1434, 10, 0
2 1 6: 1434, 10, 0
2 1 7: 1434, 10, 0
2 1 8: 1434, 10, 0
2 1 9: 1434, 10, 0
2 1 10: 1434, 10, 0
2 1 11: 1434, 10, 0
2 1 12: 1434, 10, 0
2 1 13: 1434, 10, 0
2 1 14: 1434, 10, 0
2 1 15: 1434, 10, 0
2 1 16: 1434, 10, 0
2 1 17: 1434, 10, 0
2 2 0: 1434, 10, 0
2 2 1: 1434, 10, 0
2 2 2: 1434, 10, 0
2 2 3: 1434, 10, 0
2 2 4: 1434, 10, 0
2 2 5: 1434, 10, 0
2 2 6: 1434, 10, 0
2 2 7: 1434, 10, 0
2 2 8: 1434, 10, 0
2 2 9: 1434, 10, 0
2 2 10: 1434, 10, 0
2 2 11: 1434, 10, 0
2 2 12: 1434, 10, 0
2 2 13: 1434, 10, 0
2 2 14: 1434, 10, 0
2 2 15: 1434, 10, 0
2 2 16: 1434, 10, 0
2 2 17: 1434, 10, 0
2 3 0: 1434, 10, 0
2 3 1: 1434, 10, 0
2 3 2: 1434, 10, 0
2 3 3: 1434, 10, 0
2 3 4: 1434, 10, 0
2 3 5: 1434, 10, 0
2 3 6: 1434, 10, 0
2 3 7: 1434, 10, 0
2 3 8: 1434, 10, 0
2 3 9: 1434, 10, 0
2 3 10: 1434, 10, 0
2 3 11: 1434, 10, 0
2 3 12: 1434, 10, 0
2 3 13: 1434, 10, 0
2 3 14: 1434, 10, 0
2 3 15: 1434, 10, 0
2 3 16: 1434, 10, 0
2 3 17: 1434, 10, 0
2 4 0: 1434, 10, 0
2 4 1: 1434, 10, 0
2 4 2: 1434, 10, 0
2 4 3: 1434, 10, 0
2 4 4: 1434, 10, 0
2 4 5: 1434, 10, 0
2 4 6: 1434, 10, 0
2 4 7: 1434, 10, 0
2 4 8: 1434, 10, 0
2 4 9: 1434, 10, 0
2 4 10: 1434, 10, 0
2 4 11: 1434, 10, 0
2 4 12: 1434, 10, 0
2 4 13: 1434, 10, 0
2 4 14: 1434, 10, 0
2 4 15: 1434, 10, 0
2 4 16: 1434, 10, 0
2 4 17: 1434, 10, 0
2 5 0: 1434, 10, 0
2 5 1: 1434, 10, 0
2 5 2: 1434, 10, 0
2 5 3: 1434, 10, 0
2 5 4: 1434, 10, 0
2 5 5: 1434, 10, 0
2 5 6: 1434, 10, 0
2 5 7: 1434, 10, 0
2 5 8: 1434, 10, 0
2 5 9: 1434, 10, 0
2 5 10: 1434, 10, 0
2 5 11: 1434, 10, 0
2 5 12: 1434, 10, 0
2 5 13: 1434, 10, 0
2 5 14: 1434, 10, 0
2 5 15: 1434, 10, 0
2 5 16: 1434, 10, 0
2 5 17: 1434, 10, 0
2 6 0: 1434, 10, 0
2 6 1: 1434, 10, 0
2 6 2: 1434, 10, 0
2 6 3: 1434, 10, 0
2 6 4: 1434, 10, 0
2 6 5: 1434, 10, 0
2 6 6: 1434, 10, 0
2 6 7: 1434, 10, 0
2 6 8: 1434, 10, 0
2 6 9: 1434, 10, 0
2 6 10: 1434, 10, 0
2 6 11: 1434, 10, 0
2 6 12: 1434, 10, 0
2 6 13: 1434, 10, 0
2 6 14: 1434, 10, 0
2 6 15: 1434, 10, 0
2 6 16: 1434, 10, 0
2 6 17: 1434, 10, 0
2 7 0: 1434, 10, 0
2 7 1: 1434, 10, 0
2 7 2: 1434, 10, 0
2 7 3: 1434, 10, 0
2 7 4: 1434, 10, 0
2 7 5: 1434, 10, 0
2 7 6: 1434, 10, 0
2 7 7: 1434, 10, 0
2 7 8: 1434, 10, 0
2 7 9: 1434, 10, 0
2 7 10: 1434, 10, 0
2 7 11: 1434, 10, 0
2 7 12: 1434, 10, 0
2 7 13: 1434, 10, 0
2 7 14: 1434, 10, 0
2 7 15: 1434, 10, 0
2 7 16: 1434, 10, 0
2 7 17: 1434, 10, 0
2 8 0: 1434, 10, 0
2 8 1: 1434, 10, 0
2 8 2: 1434, 10, 0
2 8 3: 1434, 10, 0
2 8 4: 1434, 10, 0
2 8 5: 1434, 10, 0
2 8 6: 1434, 10, 0
2 8 7: 1434, 10, 0
2 8 8: 1434, 10, 0
2 8 9: 1434, 10, 0
2 8 10: 1434, 10, 0
2 8 11: 1434, 10, 0
2 8 12: 1434, 10, 0
2 8 13: 1434, 10, 0
2 8 14: 1434, 10, 0
2 8 15: 1434, 10, 0
2 8 16: 1434, 10, 0
2 8 17: 1434, 10, 0
3 43 54: 2014, 10, 0
