0 0 0: 1257, 22, 0
0 0 1: 1258, 22, 2
0 0 2: 1259, 22, 3
0 0 3: 1259, 22, 0
0 0 4: 1259, 22, 1
0 0 5: 1259, 22, 1
0 0 6: 1259, 22, 2
0 0 7: 1258, 22, 1
0 0 8: 1257, 22, 3
0 0 9: 979, 1, 0
0 0 9: 1257, 22, 3
0 0 10: 979, 9, 0
0 0 14: 1257, 22, 2
0 0 16: 1259, 22, 0
0 0 17: 1259, 22, 1
0 0 18: 1257, 22, 1
0 0 22: 980, 0, 1
0 0 22: 1286, 10, 3
0 0 23: 1286, 10, 1
0 0 24: 1247, 22, 2
0 0 25: 1246, 22, 1
0 0 25: 1623, 1, 1
0 0 26: 1620, 9, 1
0 0 28: 1750, 10, 0
0 0 30: 1620, 9, 2
0 0 31: 1248, 22, 2
0 0 31: 1623, 1, 2
0 0 32: 1247, 22, 3
0 0 32: 1286, 10, 2
0 0 33: 980, 0, 3
0 0 35: 1286, 10, 0
0 0 37: 1257, 22, 1
0 0 38: 1257, 22, 1
0 0 39: 1257, 22, 2
0 0 40: 1259, 22, 3
0 0 41: 1257, 22, 3
0 0 42: 1257, 22, 2
0 0 42: 1394, 10, 3
0 0 56: 1257, 22, 2
0 0 57: 1189, 10, 1
0 0 57: 1257, 22, 2
0 1 0: 1257, 22, 0
0 1 2: 1258, 22, 2
0 1 3: 1259, 22, 3
0 1 4: 1258, 22, 3
0 1 5: 1259, 22, 2
0 1 6: 1258, 22, 2
0 1 7: 1257, 22, 0
0 1 8: 1257, 22, 0
0 1 10: 979, 1, 0
0 1 10: 1257, 22, 2
0 1 11: 979, 9, 0
0 1 11: 1257, 22, 2
0 1 14: 1257, 22, 2
0 1 16: 1258, 22, 3
0 1 17: 1259, 22, 2
0 1 18: 1258, 22, 1
0 1 20: 1282, 10, 3
0 1 22: 980, 0, 1
0 1 23: 1246, 22, 3
0 1 25: 1248, 22, 3
0 1 25: 1623, 0, 1
0 1 25: 1938, 5, 1
0 1 26: 1102, 10, 3
0 1 26: 1938, 4, 3
0 1 30: 1102, 10, 0
0 1 30: 1938, 4, 1
0 1 31: 1623, 0, 3
0 1 31: 1938, 5, 3
0 1 32: 1246, 22, 0
0 1 33: 980, 0, 3
0 1 35: 1286, 10, 0
0 1 37: 1257, 22, 3
0 1 38: 1258, 22, 2
0 1 39: 1258, 22, 0
0 1 40: 1259, 22, 1
0 1 40: 1394, 10, 2
0 1 41: 1258, 22, 0
0 1 46: 2759, 22, 0
0 1 55: 1257, 22, 1
0 1 56: 1258, 22, 1
0 1 57: 1258, 22, 1
0 1 58: 1257, 22, 3
0 2 0: 1257, 22, 3
0 2 1: 981, 3, 1
0 2 2: 981, 0, 2
0 2 3: 981, 0, 2
0 2 4: 981, 0, 2
0 2 5: 981, 0, 2
0 2 5: 1258, 22, 2
0 2 6: 981, 0, 2
0 2 7: 981, 0, 2
0 2 8: 981, 3, 2
0 2 11: 979, 1, 0
0 2 12: 979, 9, 0
0 2 15: 1257, 22, 3
0 2 16: 1258, 22, 0
0 2 17: 1258, 22, 0
0 2 18: 1259, 22, 2
0 2 19: 1258, 22, 1
0 2 21: 1246, 22, 3
0 2 22: 980, 0, 1
0 2 24: 1286, 10, 2
0 2 25: 1623, 0, 1
0 2 26: 598, 10, 0
0 2 26: 908, 4, 3
0 2 28: 1754, 10, 3
0 2 28: 2745, 22, 0
0 2 30: 598, 10, 0
0 2 30: 908, 4, 1
0 2 31: 1286, 10, 0
0 2 31: 1623, 0, 3
0 2 33: 980, 0, 3
0 2 38: 1257, 22, 3
0 2 39: 1259, 22, 0
0 2 40: 1258, 22, 1
0 2 42: 1308, 10, 1
0 2 56: 1259, 22, 2
0 2 57: 1259, 22, 1
0 2 58: 1258, 22, 0
0 2 59: 1257, 22, 0
0 3 0: 981, 3, 1
0 3 1: 981, 9, 1
0 3 2: 1187, 10, 2
0 3 3: 1188, 10, 2
0 3 4: 1196, 10, 2
0 3 5: 1195, 10, 2
0 3 6: 1187, 10, 1
0 3 7: 1187, 10, 0
0 3 8: 981, 9, 2
0 3 9: 981, 3, 2
0 3 12: 979, 1, 0
0 3 13: 979, 9, 0
0 3 16: 1281, 10, 0
0 3 17: 1257, 22, 0
0 3 18: 1257, 22, 1
0 3 19: 1258, 22, 0
0 3 22: 980, 0, 1
0 3 24: 1247, 22, 3
0 3 25: 1623, 0, 1
0 3 25: 1938, 5, 1
0 3 26: 1102, 10, 0
0 3 26: 1938, 4, 3
0 3 30: 1938, 4, 1
0 3 31: 1623, 0, 3
0 3 31: 1938, 5, 3
0 3 32: 1247, 22, 2
0 3 33: 980, 0, 3
0 3 38: 1257, 22, 1
0 3 39: 1257, 22, 1
0 3 43: 1246, 22, 3
0 3 53: 1258, 22, 3
0 3 54: 1246, 22, 2
0 3 55: 1259, 22, 2
0 3 56: 1258, 22, 2
0 3 57: 1259, 22, 1
0 3 57: 1276, 10, 3
0 3 58: 1246, 22, 1
0 3 59: 1257, 22, 1
0 3 60: 1189, 10, 0
0 4 0: 981, 0, 1
0 4 8: 1194, 10, 2
0 4 9: 981, 9, 2
0 4 10: 981, 3, 2
0 4 13: 979, 0, 1
0 4 18: 1258, 22, 0
0 4 19: 1257, 22, 1
0 4 22: 980, 0, 1
0 4 23: 1286, 10, 2
0 4 25: 1246, 22, 0
0 4 25: 1623, 1, 0
0 4 26: 1020, 7, 0
0 4 26: 1620, 9, 0
0 4 27: 1938, 4, 2
0 4 29: 1938, 4, 2
0 4 30: 1019, 7, 3
0 4 30: 1620, 9, 3
0 4 31: 1623, 1, 3
0 4 32: 1286, 10, 3
0 4 33: 980, 0, 3
0 4 35: 1282, 10, 2
0 4 37: 1257, 22, 3
0 4 49: 1248, 22, 1
0 4 52: 1258, 22, 2
0 4 53: 1259, 22, 3
0 4 54: 1259, 22, 3
0 4 56: 1248, 22, 1
0 4 59: 1257, 22, 2
0 4 60: 1257, 22, 0
0 4 61: 1257, 22, 0
0 5 0: 981, 0, 1
0 5 1: 1192, 10, 1
0 5 3: 1161, 10, 0
0 5 4: 1161, 10, 0
0 5 5: 1161, 10, 0
0 5 6: 1161, 10, 0
0 5 7: 1161, 10, 0
0 5 9: 1191, 10, 1
0 5 10: 981, 0, 3
0 5 11: 1281, 10, 1
0 5 13: 979, 0, 1
0 5 13: 1257, 22, 2
0 5 16: 1246, 22, 2
0 5 18: 1257, 22, 3
0 5 19: 1257, 22, 0
0 5 22: 980, 0, 1
0 5 23: 1247, 22, 1
0 5 24: 1282, 10, 1
0 5 26: 1286, 10, 1
0 5 26: 1623, 1, 0
0 5 27: 1623, 0, 0
0 5 27: 1938, 5, 0
0 5 28: 176, 22, 2
0 5 28: 2554, 0, 0
0 5 29: 1623, 0, 0
0 5 29: 1938, 5, 0
0 5 30: 1623, 1, 3
0 5 31: 1248, 22, 2
0 5 33: 980, 0, 3
0 5 52: 1276, 10, 0
0 5 57: 1258, 22, 3
0 5 58: 1258, 22, 1
0 5 60: 1246, 22, 2
0 5 61: 1257, 22, 0
0 6 0: 981, 0, 1
0 6 1: 1193, 10, 1
0 6 2: 1257, 22, 3
0 6 3: 2531, 22, 0
0 6 4: 2532, 22, 0
0 6 5: 2531, 22, 0
0 6 6: 313, 10, 1
0 6 7: 313, 10, 1
0 6 9: 1191, 10, 1
0 6 10: 981, 0, 3
0 6 12: 1257, 22, 3
0 6 13: 979, 0, 1
0 6 13: 1257, 22, 2
0 6 17: 1258, 22, 3
0 6 18: 1258, 22, 2
0 6 19: 1258, 22, 1
0 6 21: 1247, 22, 0
0 6 22: 981, 3, 0
0 6 23: 980, 9, 0
0 6 25: 1248, 22, 3
0 6 26: 1248, 22, 2
0 6 28: 176, 22, 2
0 6 29: 1247, 22, 3
0 6 30: 1246, 22, 2
0 6 32: 1246, 22, 2
0 6 33: 980, 0, 3
0 6 33: 1286, 10, 1
0 6 42: 2759, 22, 0
0 6 50: 3000, 10, 3
0 6 52: 1264, 22, 1
0 6 53: 1247, 22, 3
0 6 54: 1248, 22, 2
0 6 55: 1102, 10, 0
0 6 57: 1247, 22, 3
0 6 58: 1259, 22, 0
0 6 59: 1258, 22, 1
0 6 61: 1257, 22, 1
0 6 63: 1264, 22, 0
0 7 0: 981, 0, 1
0 7 1: 1198, 10, 1
0 7 2: 1258, 22, 1
0 7 3: 312, 10, 1
0 7 4: 312, 10, 1
0 7 5: 312, 10, 1
0 7 6: 312, 10, 1
0 7 7: 312, 10, 1
0 7 9: 1190, 10, 1
0 7 10: 981, 0, 3
0 7 12: 1257, 22, 2
0 7 13: 979, 0, 1
0 7 13: 1257, 22, 1
0 7 17: 1258, 22, 0
0 7 18: 1259, 22, 1
0 7 19: 1258, 22, 1
0 7 21: 1246, 22, 1
0 7 22: 1286, 10, 1
0 7 23: 981, 3, 0
0 7 24: 980, 9, 0
0 7 25: 1286, 10, 1
0 7 26: 1248, 22, 3
0 7 29: 1286, 10, 3
0 7 30: 1282, 10, 0
0 7 32: 980, 9, 3
0 7 33: 981, 3, 3
0 7 50: 1864, 10, 3
0 7 58: 1247, 22, 1
0 7 59: 1259, 22, 3
0 7 60: 1258, 22, 1
0 7 61: 1258, 22, 3
0 7 62: 1257, 22, 2
0 8 0: 981, 0, 1
0 8 1: 1192, 10, 1
0 8 2: 1258, 22, 3
0 8 3: 1259, 22, 3
0 8 4: 1259, 22, 0
0 8 5: 1258, 22, 1
0 8 6: 2739, 22, 0
0 8 7: 1257, 22, 0
0 8 9: 1187, 10, 2
0 8 10: 981, 9, 2
0 8 11: 981, 3, 2
0 8 12: 1257, 22, 2
0 8 13: 979, 0, 1
0 8 13: 1257, 22, 0
0 8 14: 1281, 10, 2
0 8 18: 1257, 22, 1
0 8 19: 1259, 22, 1
0 8 20: 1259, 22, 0
0 8 24: 980, 0, 1
0 8 26: 1286, 10, 2
0 8 27: 176, 22, 2
0 8 28: 1248, 22, 3
0 8 32: 980, 0, 3
0 8 50: 1864, 10, 3
0 8 53: 1247, 22, 3
0 8 55: 1247, 22, 0
0 8 56: 309, 10, 1
0 8 57: 309, 10, 2
0 8 59: 1257, 22, 1
0 8 60: 1259, 22, 1
0 8 61: 1258, 22, 3
0 8 62: 1257, 22, 2
0 9 0: 981, 0, 1
0 9 1: 1194, 10, 0
0 9 2: 1189, 10, 1
0 9 2: 1257, 22, 2
0 9 3: 1259, 22, 1
0 9 5: 1259, 22, 3
0 9 7: 1257, 22, 2
0 9 8: 1257, 22, 2
0 9 10: 1194, 10, 3
0 9 11: 981, 0, 3
0 9 12: 1258, 22, 2
0 9 13: 979, 0, 1
0 9 13: 1259, 22, 2
0 9 17: 1247, 22, 0
0 9 18: 1189, 10, 1
0 9 18: 1258, 22, 2
0 9 19: 1258, 22, 1
0 9 20: 1259, 22, 0
0 9 23: 1248, 22, 3
0 9 24: 980, 0, 1
0 9 25: 1247, 22, 2
0 9 28: 1247, 22, 0
0 9 29: 1286, 10, 1
0 9 30: 1247, 22, 3
0 9 31: 980, 9, 3
0 9 32: 981, 3, 3
0 9 43: 1246, 22, 3
0 9 50: 1864, 10, 3
0 9 52: 1247, 22, 0
0 9 54: 1246, 22, 2
0 9 59: 1257, 22, 1
0 9 60: 1257, 22, 0
0 9 61: 1248, 22, 1
0 9 62: 1257, 22, 3
0 10 0: 981, 0, 1
0 10 1: 1194, 10, 1
0 10 2: 1257, 22, 2
0 10 2: 1602, 3, 1
0 10 3: 1602, 0, 2
0 10 4: 1187, 10, 0
0 10 4: 1602, 0, 2
0 10 4: 1828, 5, 2
0 10 5: 1530, 0, 2
0 10 6: 1187, 10, 2
0 10 6: 1602, 0, 2
0 10 6: 1828, 5, 2
0 10 7: 1188, 10, 3
0 10 7: 1602, 0, 2
0 10 8: 1257, 22, 3
0 10 8: 1602, 3, 2
0 10 9: 1257, 22, 1
0 10 10: 1194, 10, 3
0 10 11: 981, 0, 3
0 10 13: 979, 0, 1
0 10 13: 1258, 22, 0
0 10 17: 1257, 22, 2
0 10 18: 1258, 22, 3
0 10 19: 1259, 22, 3
0 10 20: 1257, 22, 0
0 10 22: 1247, 22, 0
0 10 24: 981, 3, 0
0 10 25: 980, 9, 0
0 10 26: 1286, 10, 2
0 10 27: 176, 22, 2
0 10 29: 980, 9, 3
0 10 30: 980, 0, 0
0 10 31: 981, 3, 3
0 10 36: 1247, 22, 1
0 10 47: 1278, 10, 0
0 10 48: 1264, 22, 0
0 10 50: 1864, 10, 3
0 10 57: 364, 10, 0
0 10 58: 362, 10, 3
0 10 60: 1258, 22, 1
0 10 61: 1258, 22, 0
0 10 62: 1258, 22, 3
0 11 0: 981, 0, 1
0 11 1: 1298, 10, 0
0 11 2: 1257, 22, 1
0 11 2: 1602, 0, 1
0 11 3: 347, 10, 3
0 11 4: 943, 22, 3
0 11 4: 1832, 4, 0
0 11 5: 944, 22, 3
0 11 6: 943, 22, 0
0 11 6: 1832, 4, 0
0 11 7: 350, 10, 1
0 11 8: 1258, 22, 2
0 11 8: 1602, 0, 3
0 11 9: 1257, 22, 2
0 11 10: 1185, 10, 3
0 11 11: 981, 0, 3
0 11 12: 1257, 22, 3
0 11 13: 979, 0, 1
0 11 13: 1259, 22, 1
0 11 18: 1257, 22, 2
0 11 19: 1258, 22, 3
0 11 20: 1257, 22, 0
0 11 23: 1286, 10, 0
0 11 25: 981, 3, 0
0 11 26: 980, 0, 0
0 11 28: 980, 0, 0
0 11 29: 981, 3, 3
0 11 42: 1264, 22, 3
0 11 43: 1246, 22, 0
0 11 45: 1189, 10, 2
0 11 50: 3046, 10, 3
0 11 53: 1246, 22, 3
0 11 56: 2732, 10, 0
0 11 58: 362, 10, 0
0 11 62: 1264, 22, 1
0 12 0: 981, 0, 1
0 12 1: 1299, 10, 0
0 12 2: 1602, 0, 1
0 12 2: 1828, 5, 1
0 12 3: 1832, 4, 3
0 12 4: 944, 22, 2
0 12 5: 945, 22, 2
0 12 6: 944, 22, 0
0 12 7: 1832, 4, 1
0 12 8: 1189, 10, 0
0 12 8: 1259, 22, 3
0 12 8: 1602, 0, 3
0 12 8: 1828, 5, 3
0 12 11: 981, 0, 3
0 12 12: 1257, 22, 3
0 12 13: 979, 0, 1
0 12 13: 1258, 22, 2
0 12 18: 1257, 22, 2
0 12 19: 1257, 22, 3
0 12 20: 444, 10, 0
0 12 20: 1257, 22, 3
0 12 23: 1246, 22, 0
0 12 26: 1248, 22, 3
0 12 28: 1257, 22, 1
0 12 33: 1247, 22, 2
0 12 41: 1118, 10, 0
0 12 44: 1248, 22, 0
0 12 46: 1248, 22, 2
0 12 47: 1246, 22, 0
0 12 51: 1278, 10, 0
0 12 62: 1246, 22, 1
0 12 63: 1246, 22, 1
0 13 0: 981, 0, 1
0 13 1: 1300, 10, 0
0 13 2: 1602, 0, 1
0 13 3: 347, 10, 3
0 13 4: 943, 22, 2
0 13 5: 944, 22, 1
0 13 6: 943, 22, 1
0 13 7: 683, 10, 0
0 13 8: 1259, 22, 2
0 13 8: 1602, 0, 3
0 13 10: 1185, 10, 3
0 13 11: 981, 0, 3
0 13 12: 1258, 22, 2
0 13 13: 979, 0, 1
0 13 13: 1258, 22, 3
0 13 16: 1281, 10, 1
0 13 24: 1247, 22, 3
0 13 27: 1257, 22, 2
0 13 28: 1259, 22, 2
0 13 39: 444, 10, 0
0 13 40: 1246, 22, 0
0 13 45: 1189, 10, 1
0 13 49: 1257, 22, 0
0 13 52: 1264, 22, 1
0 13 56: 2732, 10, 3
0 13 58: 361, 10, 0
0 13 59: 1247, 22, 3
0 13 61: 1257, 22, 1
0 14 0: 981, 0, 1
0 14 1: 1299, 10, 0
0 14 2: 1602, 0, 1
0 14 2: 1828, 5, 1
0 14 3: 1602, 0, 0
0 14 3: 1832, 4, 3
0 14 4: 1602, 0, 0
0 14 5: 1530, 0, 0
0 14 6: 1602, 0, 0
0 14 6: 2524, 10, 0
0 14 7: 1602, 0, 0
0 14 8: 1259, 22, 1
0 14 8: 1602, 0, 3
0 14 9: 1248, 22, 3
0 14 10: 1870, 10, 1
0 14 11: 981, 0, 3
0 14 12: 1257, 22, 2
0 14 13: 979, 0, 1
0 14 13: 1259, 22, 0
0 14 23: 446, 10, 3
0 14 27: 1259, 22, 3
0 14 28: 1257, 22, 3
0 14 36: 445, 10, 0
0 14 42: 1189, 10, 3
0 14 47: 1257, 22, 3
0 14 48: 1257, 22, 1
0 14 49: 1276, 10, 1
0 14 54: 309, 10, 2
0 14 56: 1246, 22, 3
0 14 60: 1258, 22, 2
0 14 61: 1258, 22, 3
0 14 62: 1257, 22, 0
0 15 0: 981, 0, 1
0 15 1: 1300, 10, 0
0 15 2: 1602, 0, 1
0 15 3: 1722, 10, 1
0 15 7: 1832, 4, 1
0 15 8: 1258, 22, 3
0 15 8: 1602, 0, 3
0 15 8: 1828, 5, 3
0 15 11: 981, 0, 3
0 15 12: 1258, 22, 3
0 15 13: 979, 0, 1
0 15 13: 1258, 22, 1
0 15 19: 445, 10, 3
0 15 21: 446, 10, 0
0 15 27: 1257, 22, 0
0 15 28: 1259, 22, 3
0 15 39: 981, 3, 2
0 15 46: 1257, 22, 0
0 15 47: 1257, 22, 3
0 15 50: 1264, 22, 2
0 15 55: 1247, 22, 0
0 15 59: 1257, 22, 2
0 15 60: 1259, 22, 2
0 15 61: 1259, 22, 2
0 16 0: 981, 0, 1
0 16 1: 1300, 10, 0
0 16 2: 1602, 0, 1
0 16 6: 598, 10, 3
0 16 7: 1102, 10, 1
0 16 8: 1258, 22, 1
0 16 8: 1602, 0, 3
0 16 10: 1870, 10, 1
0 16 11: 981, 0, 3
0 16 12: 1257, 22, 2
0 16 13: 979, 0, 1
0 16 13: 1258, 22, 3
0 16 23: 1281, 10, 1
0 16 27: 1258, 22, 3
0 16 28: 1257, 22, 3
0 16 39: 980, 9, 2
0 16 40: 980, 1, 2
0 16 45: 1257, 22, 0
0 16 46: 1257, 22, 0
0 16 47: 1259, 22, 0
0 16 48: 1259, 22, 3
0 16 49: 1258, 22, 1
0 16 53: 1247, 22, 1
0 16 60: 1259, 22, 0
0 16 61: 1258, 22, 1
0 16 62: 1257, 22, 2
0 17 0: 981, 0, 1
0 17 1: 1299, 10, 0
0 17 2: 1602, 0, 1
0 17 2: 1828, 5, 1
0 17 3: 1832, 4, 3
0 17 4: 1832, 4, 2
0 17 5: 916, 22, 3
0 17 6: 1102, 10, 1
0 17 6: 1832, 4, 2
0 17 7: 1832, 4, 1
0 17 8: 1602, 0, 3
0 17 8: 1828, 5, 3
0 17 11: 981, 0, 3
0 17 12: 1257, 22, 1
0 17 13: 979, 0, 1
0 17 13: 1258, 22, 2
0 17 27: 1258, 22, 2
0 17 28: 1257, 22, 3
0 17 29: 1257, 22, 2
0 17 37: 1308, 10, 0
0 17 40: 980, 0, 3
0 17 46: 1259, 22, 1
0 17 47: 1259, 22, 2
0 17 48: 1259, 22, 3
0 17 49: 1257, 22, 2
0 17 52: 1257, 22, 1
0 17 60: 1258, 22, 0
0 17 61: 1258, 22, 3
0 17 62: 1264, 22, 2
0 18 0: 981, 0, 1
0 18 1: 1298, 10, 0
0 18 2: 1257, 22, 0
0 18 2: 1602, 3, 0
0 18 3: 1602, 0, 0
0 18 4: 1191, 10, 0
0 18 4: 1602, 0, 0
0 18 4: 1828, 5, 0
0 18 5: 1530, 0, 0
0 18 6: 1191, 10, 0
0 18 6: 1602, 0, 0
0 18 6: 1828, 5, 0
0 18 7: 1602, 0, 0
0 18 8: 1257, 22, 1
0 18 8: 1602, 3, 3
0 18 9: 1185, 10, 2
0 18 9: 1257, 22, 1
0 18 11: 981, 0, 3
0 18 12: 1257, 22, 1
0 18 13: 979, 0, 1
0 18 13: 1259, 22, 3
0 18 19: 1265, 22, 2
0 18 26: 1394, 10, 3
0 18 27: 1259, 22, 1
0 18 28: 1259, 22, 3
0 18 29: 1259, 22, 3
0 18 30: 1308, 10, 0
0 18 38: 1246, 22, 0
0 18 40: 980, 0, 3
0 18 41: 1394, 10, 1
0 18 45: 1257, 22, 1
0 18 46: 1258, 22, 3
0 18 47: 1258, 22, 0
0 18 48: 1258, 22, 0
0 18 49: 1257, 22, 1
0 18 53: 1259, 22, 1
0 18 53: 3000, 10, 2
0 18 54: 1259, 22, 3
0 18 54: 1864, 10, 2
0 18 55: 1864, 10, 2
0 18 56: 1864, 10, 2
0 18 57: 3046, 10, 2
0 19 0: 981, 0, 1
0 19 3: 1257, 22, 3
0 19 3: 1870, 10, 2
0 19 4: 1257, 22, 3
0 19 6: 1870, 10, 3
0 19 7: 1257, 22, 2
0 19 8: 1257, 22, 0
0 19 10: 1870, 10, 1
0 19 11: 981, 0, 3
0 19 12: 1258, 22, 1
0 19 13: 979, 0, 1
0 19 13: 1258, 22, 0
0 19 16: 1870, 10, 1
0 19 18: 336, 22, 2
0 19 19: 1870, 10, 1
0 19 27: 1259, 22, 3
0 19 28: 1258, 22, 0
0 19 30: 1246, 22, 1
0 19 31: 1247, 22, 2
0 19 40: 980, 0, 3
0 19 42: 1248, 22, 1
0 19 45: 1257, 22, 2
0 19 46: 1257, 22, 3
0 19 47: 1257, 22, 0
0 19 48: 1257, 22, 1
0 19 51: 1257, 22, 3
0 19 52: 1258, 22, 1
0 20 0: 981, 3, 0
0 20 1: 981, 0, 0
0 20 2: 981, 0, 0
0 20 3: 981, 0, 0
0 20 4: 981, 0, 0
0 20 6: 981, 0, 0
0 20 7: 981, 0, 0
0 20 7: 1257, 22, 2
0 20 8: 981, 0, 0
0 20 9: 981, 0, 0
0 20 9: 1257, 22, 1
0 20 10: 981, 0, 0
0 20 11: 981, 3, 3
0 20 13: 979, 0, 1
0 20 13: 1257, 22, 0
0 20 17: 336, 22, 1
0 20 18: 337, 22, 3
0 20 19: 336, 22, 3
0 20 21: 1394, 10, 3
0 20 25: 1257, 22, 1
0 20 26: 1257, 22, 1
0 20 27: 1248, 22, 0
0 20 39: 980, 9, 3
0 20 40: 980, 1, 3
0 20 50: 1281, 10, 2
0 20 51: 1257, 22, 0
0 20 52: 1247, 22, 0
0 20 53: 1258, 22, 0
0 21 4: 1257, 22, 2
0 21 5: 1257, 22, 3
0 21 6: 1257, 22, 0
0 21 7: 1257, 22, 1
0 21 8: 1257, 22, 2
0 21 9: 1257, 22, 3
0 21 10: 1257, 22, 0
0 21 13: 979, 0, 1
0 21 13: 1257, 22, 3
0 21 18: 336, 22, 1
0 21 24: 980, 9, 3
0 21 24: 1248, 22, 3
0 21 25: 320, 22, 0
0 21 25: 980, 0, 0
0 21 26: 980, 0, 0
0 21 27: 980, 0, 0
0 21 28: 320, 22, 3
0 21 28: 980, 0, 0
0 21 29: 980, 0, 0
0 21 30: 320, 22, 1
0 21 30: 980, 0, 0
0 21 31: 321, 22, 2
0 21 31: 980, 0, 0
0 21 32: 980, 0, 0
0 21 34: 1870, 10, 0
0 21 36: 1247, 22, 1
0 21 36: 1870, 10, 0
0 21 38: 980, 0, 0
0 21 39: 980, 1, 3
0 21 41: 1248, 22, 0
0 21 48: 1248, 22, 3
0 21 50: 1248, 22, 0
0 21 52: 1247, 22, 2
0 21 55: 447, 10, 0
0 22 3: 1258, 22, 2
0 22 4: 1258, 22, 0
0 22 5: 1258, 22, 3
0 22 5: 1602, 3, 1
0 22 6: 1259, 22, 1
0 22 6: 1602, 0, 2
0 22 6: 1828, 5, 2
0 22 7: 1258, 22, 3
0 22 7: 1602, 0, 2
0 22 8: 1259, 22, 0
0 22 8: 1602, 0, 2
0 22 8: 1828, 5, 2
0 22 9: 1258, 22, 1
0 22 9: 1602, 0, 2
0 22 10: 1258, 22, 0
0 22 10: 1602, 0, 2
0 22 11: 1602, 3, 2
0 22 12: 1257, 22, 0
0 22 13: 979, 0, 1
0 22 14: 1257, 22, 2
0 22 15: 1257, 22, 1
0 22 18: 336, 22, 1
0 22 21: 1602, 3, 0
0 22 22: 1602, 3, 0
0 22 23: 1602, 3, 0
0 22 24: 320, 22, 0
0 22 25: 319, 22, 1
0 22 26: 321, 22, 3
0 22 28: 1602, 3, 1
0 22 29: 980, 0, 2
0 22 30: 980, 0, 2
0 22 31: 320, 22, 2
0 22 31: 980, 0, 2
0 22 32: 980, 0, 2
0 22 34: 1870, 10, 0
0 22 36: 1870, 10, 0
0 22 38: 980, 0, 2
0 22 39: 980, 1, 2
0 22 47: 1257, 22, 1
0 22 51: 1247, 22, 1
0 22 56: 1247, 22, 1
0 22 57: 1247, 22, 0
0 22 63: 1246, 22, 0
0 23 3: 1257, 22, 0
0 23 4: 1259, 22, 3
0 23 5: 1259, 22, 2
0 23 5: 1602, 0, 1
0 23 6: 1830, 4, 0
0 23 7: 917, 22, 3
0 23 7: 1102, 10, 3
0 23 8: 612, 10, 0
0 23 8: 917, 22, 0
0 23 8: 1830, 4, 0
0 23 10: 1830, 4, 1
0 23 11: 1602, 0, 3
0 23 11: 1823, 5, 3
0 23 12: 1258, 22, 0
0 23 13: 979, 0, 1
0 23 13: 1258, 22, 3
0 23 14: 1257, 22, 3
0 23 15: 1258, 22, 1
0 23 17: 336, 22, 3
0 23 18: 335, 22, 1
0 23 19: 336, 22, 0
0 23 23: 320, 22, 0
0 23 24: 320, 22, 0
0 23 25: 980, 0, 2
0 23 26: 1602, 3, 2
0 23 39: 980, 9, 2
0 23 40: 980, 1, 2
0 23 46: 1257, 22, 2
0 23 47: 1259, 22, 2
0 23 48: 1259, 22, 1
0 23 49: 1258, 22, 1
0 23 50: 1257, 22, 0
0 23 54: 447, 10, 1
0 24 4: 1258, 22, 2
0 24 5: 1259, 22, 0
0 24 5: 1602, 0, 1
0 24 6: 350, 10, 3
0 24 7: 918, 22, 2
0 24 8: 918, 22, 0
0 24 9: 1247, 22, 0
0 24 10: 916, 22, 2
0 24 11: 1530, 0, 3
0 24 12: 1258, 22, 1
0 24 13: 979, 0, 1
0 24 13: 1258, 22, 3
0 24 14: 1257, 22, 0
0 24 15: 1258, 22, 3
0 24 16: 1258, 22, 1
0 24 16: 1870, 10, 1
0 24 18: 336, 22, 0
0 24 19: 1870, 10, 1
0 24 22: 320, 22, 0
0 24 22: 1602, 3, 1
0 24 23: 980, 0, 2
0 24 24: 980, 9, 3
0 24 29: 444, 10, 0
0 24 30: 1246, 22, 2
0 24 31: 1298, 10, 1
0 24 40: 980, 0, 3
0 24 45: 1258, 22, 3
0 24 46: 1259, 22, 3
0 24 47: 1259, 22, 2
0 24 48: 1259, 22, 0
0 24 49: 1258, 22, 1
0 24 50: 1257, 22, 3
0 24 61: 1246, 22, 3
0 24 63: 1264, 22, 0
0 25 0: 1905, 3, 2
0 25 5: 1258, 22, 1
0 25 5: 1602, 0, 1
0 25 6: 350, 10, 3
0 25 6: 1830, 4, 2
0 25 7: 917, 22, 2
0 25 7: 962, 4, 2
0 25 8: 917, 22, 1
0 25 9: 962, 4, 2
0 25 10: 1830, 4, 1
0 25 11: 1602, 0, 3
0 25 11: 1823, 5, 3
0 25 12: 1259, 22, 2
0 25 13: 979, 0, 1
0 25 13: 1259, 22, 1
0 25 14: 1259, 22, 0
0 25 15: 1259, 22, 3
0 25 27: 1248, 22, 1
0 25 27: 1394, 10, 0
0 25 35: 1246, 22, 1
0 25 40: 981, 3, 3
0 25 43: 1394, 10, 0
0 25 44: 1259, 22, 2
0 25 45: 1259, 22, 3
0 25 46: 1259, 22, 0
0 25 47: 1259, 22, 0
0 25 48: 1258, 22, 2
0 25 49: 1257, 22, 2
0 25 50: 447, 10, 3
0 25 52: 446, 10, 3
0 25 56: 1246, 22, 0
0 25 60: 1258, 22, 1
0 25 61: 1257, 22, 1
0 26 0: 1905, 0, 3
0 26 5: 1602, 3, 0
0 26 6: 1602, 0, 0
0 26 6: 1872, 5, 0
0 26 7: 1602, 0, 0
0 26 8: 1602, 0, 0
0 26 9: 1602, 0, 0
0 26 10: 1602, 0, 0
0 26 11: 1602, 3, 3
0 26 12: 1259, 22, 3
0 26 13: 979, 0, 1
0 26 14: 979, 3, 2
0 26 18: 336, 22, 0
0 26 24: 1246, 22, 1
0 26 42: 1248, 22, 0
0 26 43: 1257, 22, 2
0 26 44: 1258, 22, 1
0 26 46: 1257, 22, 0
0 26 48: 1257, 22, 1
0 26 55: 1264, 22, 3
0 26 58: 1257, 22, 1
0 26 59: 1257, 22, 2
0 26 60: 1258, 22, 1
0 26 61: 1259, 22, 0
0 26 62: 1257, 22, 3
0 26 63: 1257, 22, 2
0 27 0: 1905, 0, 3
0 27 22: 1281, 10, 2
0 27 23: 1265, 22, 2
0 27 25: 1173, 10, 0
0 27 43: 1257, 22, 2
0 27 45: 1257, 22, 3
0 27 46: 1118, 10, 1
0 27 59: 1258, 22, 2
0 27 60: 1258, 22, 2
0 27 61: 1259, 22, 0
0 27 62: 1258, 22, 0
0 27 63: 1257, 22, 1
0 28 0: 1905, 0, 3
0 28 8: 1248, 22, 1
0 28 17: 1247, 22, 1
0 28 22: 1247, 22, 1
0 28 24: 1247, 22, 0
0 28 32: 826, 22, 2
0 28 38: 1247, 22, 3
0 28 44: 1118, 10, 0
0 28 50: 1247, 22, 1
0 28 53: 447, 10, 1
0 28 56: 1264, 22, 0
0 28 61: 1259, 22, 2
0 28 62: 1259, 22, 2
0 28 63: 1258, 22, 3
0 29 0: 1905, 0, 3
0 29 3: 1247, 22, 1
0 29 5: 1602, 3, 1
0 29 6: 1602, 0, 2
0 29 6: 1872, 5, 2
0 29 7: 1602, 0, 2
0 29 8: 1602, 0, 2
0 29 9: 1602, 0, 2
0 29 10: 1602, 0, 2
0 29 10: 1872, 5, 2
0 29 11: 1602, 3, 2
0 29 13: 979, 0, 1
0 29 14: 979, 3, 3
0 29 21: 1247, 22, 2
0 29 23: 1246, 22, 3
0 29 49: 1246, 22, 2
0 29 55: 1248, 22, 3
0 29 57: 1246, 22, 1
0 29 62: 1258, 22, 3
0 29 63: 1259, 22, 1
0 30 0: 1905, 0, 3
0 30 5: 1602, 0, 1
0 30 6: 1830, 4, 0
0 30 7: 888, 4, 0
0 30 8: 925, 22, 3
0 30 9: 348, 10, 0
0 30 9: 887, 4, 0
0 30 9: 926, 22, 3
0 30 10: 348, 10, 0
0 30 10: 925, 22, 0
0 30 10: 1830, 4, 0
0 30 11: 1602, 0, 3
0 30 13: 979, 0, 1
0 30 16: 1394, 10, 1
0 30 22: 1298, 10, 1
0 30 35: 447, 10, 1
0 30 36: 1247, 22, 0
0 30 38: 1247, 22, 3
0 30 55: 1264, 22, 1
0 30 57: 1257, 22, 2
0 31 0: 1905, 0, 3
0 31 2: 1246, 22, 1
0 31 5: 1602, 0, 1
0 31 6: 1722, 10, 1
0 31 8: 926, 22, 2
0 31 9: 927, 22, 2
0 31 10: 926, 22, 0
0 31 10: 1830, 4, 1
0 31 11: 1602, 0, 3
0 31 11: 1823, 5, 3
0 31 13: 979, 0, 1
0 31 14: 1394, 10, 2
0 31 20: 1254, 22, 1
0 31 34: 1247, 22, 3
0 31 40: 1299, 10, 3
0 31 42: 1299, 10, 3
0 31 46: 1247, 22, 1
0 31 53: 1257, 22, 3
0 31 54: 1257, 22, 0
0 32 0: 1905, 3, 3
0 32 5: 1602, 0, 1
0 32 7: 2739, 22, 2
0 32 8: 926, 22, 2
0 32 9: 595, 10, 2
0 32 9: 927, 22, 2
0 32 10: 926, 22, 0
0 32 11: 2054, 0, 3
0 32 12: 1247, 22, 2
0 32 13: 979, 0, 1
0 32 17: 1278, 10, 0
0 32 18: 1246, 22, 2
0 32 33: 1247, 22, 3
0 32 34: 1247, 22, 0
0 32 37: 1257, 22, 0
0 32 47: 1265, 22, 1
0 32 49: 1257, 22, 0
0 32 51: 1247, 22, 2
0 32 53: 445, 10, 3
0 32 55: 1259, 22, 3
0 32 56: 1259, 22, 3
0 32 57: 1257, 22, 0
0 33 0: 1257, 22, 3
0 33 1: 1257, 22, 3
0 33 2: 1257, 22, 2
0 33 3: 1257, 22, 1
0 33 5: 1602, 0, 1
0 33 8: 926, 22, 2
0 33 8: 1090, 10, 2
0 33 9: 927, 22, 2
0 33 10: 926, 22, 0
0 33 10: 1090, 10, 0
0 33 10: 1830, 4, 1
0 33 11: 1602, 0, 3
0 33 11: 1823, 5, 3
0 33 13: 979, 0, 1
0 33 17: 1265, 22, 0
0 33 37: 1257, 22, 3
0 33 38: 1257, 22, 1
0 33 39: 1257, 22, 2
0 33 40: 1257, 22, 3
0 33 48: 1257, 22, 1
0 33 49: 1258, 22, 3
0 33 50: 1247, 22, 3
0 33 55: 1257, 22, 2
0 33 57: 1257, 22, 2
0 33 58: 447, 10, 3
0 34 0: 1258, 22, 1
0 34 1: 1258, 22, 1
0 34 2: 1258, 22, 0
0 34 3: 1257, 22, 1
0 34 4: 1257, 22, 0
0 34 5: 1602, 0, 1
0 34 7: 2727, 10, 2
0 34 8: 925, 22, 2
0 34 8: 1830, 4, 2
0 34 9: 889, 4, 2
0 34 9: 926, 22, 1
0 34 9: 1090, 10, 1
0 34 10: 925, 22, 1
0 34 10: 1830, 4, 2
0 34 11: 1602, 0, 3
0 34 13: 979, 0, 1
0 34 16: 1247, 22, 1
0 34 28: 1171, 10, 3
0 34 33: 167, 0, 2
0 34 34: 166, 0, 2
0 34 37: 1257, 22, 2
0 34 38: 1259, 22, 0
0 34 39: 1259, 22, 0
0 34 40: 1194, 10, 1
0 34 40: 1257, 22, 0
0 34 42: 1299, 10, 0
0 34 44: 1194, 10, 0
0 34 45: 1264, 22, 2
0 34 47: 1246, 22, 1
0 34 48: 1258, 22, 0
0 34 49: 1257, 22, 2
0 34 53: 1247, 22, 3
0 35 0: 1259, 22, 0
0 35 1: 1259, 22, 3
0 35 2: 1258, 22, 0
0 35 3: 1258, 22, 0
0 35 4: 1257, 22, 0
0 35 5: 1257, 22, 3
0 35 5: 1602, 3, 0
0 35 6: 1602, 0, 0
0 35 6: 1828, 5, 0
0 35 7: 1602, 0, 0
0 35 8: 1602, 0, 0
0 35 8: 1828, 5, 0
0 35 9: 1602, 0, 0
0 35 10: 1602, 0, 0
0 35 10: 1828, 5, 0
0 35 11: 1602, 3, 3
0 35 13: 979, 0, 1
0 35 23: 980, 9, 3
0 35 24: 980, 0, 0
0 35 24: 1248, 22, 3
0 35 25: 980, 0, 0
0 35 26: 980, 0, 0
0 35 27: 980, 0, 0
0 35 27: 1171, 10, 2
0 35 28: 980, 0, 0
0 35 29: 980, 0, 0
0 35 30: 980, 0, 0
0 35 31: 980, 0, 0
0 35 32: 980, 0, 0
0 35 32: 1032, 10, 3
0 35 35: 980, 0, 0
0 35 35: 1032, 10, 3
0 35 36: 980, 2, 0
0 35 37: 1257, 22, 2
0 35 38: 1194, 10, 2
0 35 38: 1257, 22, 1
0 35 39: 1259, 22, 3
0 35 40: 1257, 22, 0
0 35 41: 1257, 22, 2
0 35 45: 1257, 22, 3
0 35 46: 1258, 22, 3
0 35 47: 1258, 22, 2
0 35 48: 1259, 22, 0
0 35 51: 447, 10, 2
0 35 55: 1247, 22, 2
0 35 62: 1264, 22, 0
0 36 0: 1259, 22, 0
0 36 1: 1259, 22, 2
0 36 2: 1189, 10, 0
0 36 2: 1259, 22, 2
0 36 3: 1258, 22, 2
0 36 4: 1258, 22, 2
0 36 5: 1257, 22, 3
0 36 13: 979, 3, 0
0 36 23: 980, 0, 3
0 36 24: 1171, 10, 3
0 36 26: 1102, 10, 3
0 36 29: 1171, 10, 1
0 36 36: 980, 0, 1
0 36 38: 1248, 22, 0
0 36 39: 1259, 22, 2
0 36 40: 1258, 22, 1
0 36 42: 1247, 22, 3
0 36 44: 1257, 22, 2
0 36 45: 1259, 22, 3
0 36 46: 1194, 10, 0
0 36 46: 1259, 22, 0
0 36 47: 1259, 22, 3
0 36 48: 1258, 22, 1
0 36 54: 1265, 22, 0
0 36 58: 1247, 22, 0
0 36 60: 1246, 22, 0
0 36 61: 1264, 22, 1
0 37 0: 1258, 22, 0
0 37 1: 1258, 22, 1
0 37 2: 1257, 22, 1
0 37 3: 1257, 22, 1
0 37 5: 1257, 22, 2
0 37 6: 1257, 22, 3
0 37 7: 1248, 22, 2
0 37 13: 1247, 22, 2
0 37 23: 980, 0, 3
0 37 28: 1248, 22, 3
0 37 30: 1248, 22, 3
0 37 33: 1248, 22, 2
0 37 36: 980, 0, 1
0 37 39: 1259, 22, 2
0 37 40: 1258, 22, 2
0 37 41: 1247, 22, 0
0 37 44: 1257, 22, 1
0 37 45: 1259, 22, 3
0 37 46: 1259, 22, 0
0 37 47: 1259, 22, 1
0 37 48: 1259, 22, 1
0 38 23: 980, 0, 3
0 38 23: 1171, 10, 2
0 38 25: 1248, 22, 3
0 38 26: 2732, 10, 3
0 38 27: 1247, 22, 2
0 38 28: 1102, 10, 0
0 38 31: 1246, 22, 1
0 38 35: 1248, 22, 2
0 38 36: 980, 0, 1
0 38 41: 1257, 22, 1
0 38 43: 1257, 22, 0
0 38 44: 1194, 10, 1
0 38 44: 1257, 22, 1
0 38 45: 1258, 22, 2
0 38 46: 1259, 22, 0
0 38 46: 1299, 10, 0
0 38 47: 1259, 22, 3
0 38 50: 1264, 22, 1
0 38 58: 1247, 22, 3
0 39 21: 1258, 22, 1
0 39 23: 980, 0, 3
0 39 28: 1248, 22, 2
0 39 33: 325, 22, 1
0 39 36: 980, 0, 1
0 39 40: 1257, 22, 0
0 39 41: 1258, 22, 0
0 39 44: 1257, 22, 3
0 39 45: 1259, 22, 1
0 39 46: 1194, 10, 2
0 39 46: 1259, 22, 1
0 39 49: 1264, 22, 2
0 39 57: 1247, 22, 0
0 40 20: 1258, 22, 0
0 40 23: 980, 0, 3
0 40 24: 1247, 22, 3
0 40 25: 1248, 22, 0
0 40 26: 1102, 10, 1
0 40 30: 1631, 3, 1
0 40 31: 325, 22, 2
0 40 35: 309, 10, 3
0 40 35: 1631, 3, 2
0 40 36: 980, 0, 1
0 40 39: 1257, 22, 3
0 40 40: 1258, 22, 3
0 40 41: 1259, 22, 3
0 40 42: 1257, 22, 2
0 40 43: 1264, 22, 1
0 40 45: 1194, 10, 3
0 40 45: 1258, 22, 3
0 40 46: 1258, 22, 2
0 40 47: 1258, 22, 1
0 40 54: 1264, 22, 0
0 40 57: 1246, 22, 1
0 40 59: 1179, 10, 3
0 41 2: 1247, 22, 3
0 41 13: 979, 3, 1
0 41 18: 1248, 22, 0
0 41 19: 1258, 22, 3
0 41 20: 1259, 22, 2
0 41 23: 980, 0, 3
0 41 30: 1247, 22, 2
0 41 30: 1631, 3, 1
0 41 32: 325, 22, 2
0 41 33: 325, 22, 1
0 41 35: 1631, 3, 2
0 41 36: 980, 0, 1
0 41 39: 1257, 22, 3
0 41 40: 1259, 22, 0
0 41 41: 1258, 22, 2
0 41 42: 1257, 22, 2
0 41 43: 1247, 22, 1
0 41 45: 1258, 22, 0
0 41 46: 1258, 22, 0
0 41 47: 1257, 22, 1
0 41 49: 1257, 22, 0
0 41 52: 1264, 22, 1
0 41 61: 1265, 22, 2
0 42 13: 979, 0, 1
0 42 15: 1259, 22, 0
0 42 16: 1258, 22, 0
0 42 18: 1258, 22, 1
0 42 19: 1259, 22, 3
0 42 20: 1258, 22, 2
0 42 23: 980, 0, 3
0 42 28: 1246, 22, 2
0 42 30: 1631, 3, 1
0 42 32: 325, 22, 2
0 42 33: 326, 22, 1
0 42 34: 325, 22, 0
0 42 35: 309, 10, 2
0 42 35: 1631, 3, 2
0 42 36: 980, 0, 1
0 42 39: 1257, 22, 2
0 42 40: 1247, 22, 0
0 42 41: 1258, 22, 1
0 42 42: 1257, 22, 3
0 42 45: 1257, 22, 2
0 42 46: 1247, 22, 0
0 42 48: 1257, 22, 1
0 42 49: 1257, 22, 3
0 42 58: 1178, 10, 0
0 43 9: 1258, 22, 1
0 43 10: 1257, 22, 2
0 43 11: 1257, 22, 0
0 43 13: 979, 0, 1
0 43 15: 1258, 22, 2
0 43 15: 1394, 10, 0
0 43 16: 1259, 22, 1
0 43 17: 1258, 22, 3
0 43 18: 1258, 22, 1
0 43 23: 980, 0, 3
0 43 25: 1246, 22, 3
0 43 28: 1631, 3, 1
0 43 29: 898, 5, 2
0 43 29: 1631, 0, 2
0 43 30: 1631, 0, 2
0 43 31: 1631, 0, 2
0 43 32: 325, 22, 2
0 43 34: 325, 22, 3
0 43 35: 309, 10, 2
0 43 35: 1631, 3, 2
0 43 36: 980, 0, 1
0 43 41: 1257, 22, 0
0 43 42: 1257, 22, 1
0 43 43: 1194, 10, 1
0 43 44: 1247, 22, 2
0 43 47: 1246, 22, 2
0 43 57: 1179, 10, 0
0 43 59: 1299, 10, 3
0 44 1: 1258, 22, 3
0 44 6: 1258, 22, 1
0 44 7: 1259, 22, 3
0 44 8: 1259, 22, 3
0 44 9: 1258, 22, 1
0 44 10: 1281, 10, 0
0 44 13: 979, 0, 1
0 44 15: 1259, 22, 0
0 44 16: 1259, 22, 1
0 44 18: 1265, 22, 1
0 44 18: 1278, 10, 2
0 44 23: 980, 0, 3
0 44 28: 1631, 0, 1
0 44 28: 1873, 5, 1
0 44 29: 197, 4, 0
0 44 29: 325, 22, 0
0 44 30: 325, 22, 2
0 44 31: 197, 4, 0
0 44 31: 326, 22, 1
0 44 32: 325, 22, 2
0 44 33: 325, 22, 0
0 44 34: 324, 22, 3
0 44 35: 1631, 0, 3
0 44 35: 1873, 5, 3
0 44 36: 980, 0, 1
0 44 39: 1247, 22, 1
0 44 40: 1259, 22, 1
0 44 41: 1259, 22, 1
0 44 42: 1258, 22, 0
0 44 44: 1246, 22, 1
0 44 46: 1257, 22, 0
0 44 47: 1258, 22, 1
0 44 48: 1258, 22, 1
0 44 54: 1247, 22, 3
0 44 56: 1178, 10, 2
0 44 57: 1178, 10, 2
0 44 60: 1179, 10, 2
0 44 62: 1265, 22, 3
0 45 1: 1257, 22, 3
0 45 2: 1257, 22, 3
0 45 3: 1257, 22, 0
0 45 4: 1258, 22, 1
0 45 5: 1257, 22, 1
0 45 6: 1258, 22, 0
0 45 7: 1258, 22, 2
0 45 8: 1257, 22, 2
0 45 9: 1259, 22, 2
0 45 13: 979, 0, 1
0 45 15: 1246, 22, 3
0 45 19: 1247, 22, 0
0 45 23: 980, 0, 3
0 45 27: 446, 10, 0
0 45 27: 1248, 22, 0
0 45 28: 1631, 0, 1
0 45 29: 655, 4, 3
0 45 29: 1248, 22, 3
0 45 30: 325, 22, 1
0 45 31: 325, 22, 3
0 45 32: 165, 10, 2
0 45 33: 324, 22, 0
0 45 34: 326, 22, 0
0 45 35: 1631, 0, 3
0 45 36: 980, 0, 1
0 45 38: 1194, 10, 2
0 45 39: 1259, 22, 0
0 45 40: 1259, 22, 0
0 45 41: 1259, 22, 3
0 45 42: 1257, 22, 3
0 45 43: 1257, 22, 2
0 45 45: 1257, 22, 0
0 45 46: 1258, 22, 0
0 45 47: 1258, 22, 3
0 45 48: 1259, 22, 0
0 45 49: 1257, 22, 3
0 45 56: 1178, 10, 1
0 45 58: 1179, 10, 1
0 46 0: 980, 0, 2
0 46 1: 980, 0, 2
0 46 2: 980, 0, 2
0 46 3: 981, 3, 2
0 46 4: 981, 3, 1
0 46 5: 980, 0, 2
0 46 5: 1258, 22, 3
0 46 6: 980, 0, 2
0 46 7: 980, 0, 2
0 46 8: 981, 3, 2
0 46 9: 1258, 22, 2
0 46 13: 979, 0, 1
0 46 17: 1247, 22, 1
0 46 23: 980, 0, 3
0 46 28: 1631, 0, 1
0 46 29: 197, 4, 3
0 46 29: 652, 22, 3
0 46 30: 324, 22, 3
0 46 31: 653, 22, 0
0 46 34: 1248, 22, 3
0 46 35: 1631, 0, 3
0 46 36: 980, 0, 1
0 46 36: 1248, 22, 2
0 46 39: 1257, 22, 1
0 46 40: 1258, 22, 3
0 46 41: 1257, 22, 0
0 46 42: 1257, 22, 3
0 46 43: 1247, 22, 1
0 46 44: 1264, 22, 2
0 46 45: 1257, 22, 3
0 46 46: 1258, 22, 3
0 46 47: 1257, 22, 1
0 46 48: 1259, 22, 3
0 46 49: 1257, 22, 2
0 46 55: 1247, 22, 2
0 46 58: 1247, 22, 3
0 47 5: 1248, 22, 0
0 47 8: 980, 9, 2
0 47 9: 980, 0, 2
0 47 10: 980, 0, 2
0 47 10: 1257, 22, 3
0 47 11: 980, 3, 2
0 47 11: 1247, 22, 2
0 47 12: 1257, 22, 2
0 47 13: 979, 0, 1
0 47 15: 1278, 10, 3
0 47 18: 1281, 10, 2
0 47 20: 1246, 22, 3
0 47 23: 980, 0, 3
0 47 24: 445, 10, 0
0 47 28: 1248, 22, 3
0 47 28: 1631, 0, 1
0 47 28: 1873, 5, 1
0 47 29: 326, 22, 2
0 47 30: 197, 4, 2
0 47 30: 325, 22, 1
0 47 31: 656, 4, 2
0 47 32: 1248, 22, 0
0 47 35: 1631, 0, 3
0 47 35: 1873, 5, 3
0 47 36: 980, 0, 1
0 47 40: 1259, 22, 0
0 47 41: 1258, 22, 2
0 47 45: 1257, 22, 2
0 47 46: 1257, 22, 2
0 47 47: 1258, 22, 3
0 47 47: 1299, 10, 0
0 47 48: 1259, 22, 3
0 47 49: 1259, 22, 3
0 47 50: 1247, 22, 3
0 47 51: 1246, 22, 1
0 47 57: 1247, 22, 0
0 48 11: 980, 9, 2
0 48 12: 980, 3, 2
0 48 13: 979, 0, 1
0 48 16: 1247, 22, 1
0 48 19: 1247, 22, 0
0 48 22: 1258, 22, 1
0 48 23: 980, 0, 3
0 48 27: 1248, 22, 3
0 48 28: 447, 10, 1
0 48 28: 1631, 3, 0
0 48 29: 1631, 0, 0
0 48 29: 1873, 5, 0
0 48 30: 1631, 0, 0
0 48 31: 1631, 0, 0
0 48 31: 1873, 5, 0
0 48 32: 1631, 0, 0
0 48 32: 1873, 5, 0
0 48 33: 1631, 0, 0
0 48 34: 1631, 0, 0
0 48 34: 1873, 5, 0
0 48 35: 1246, 22, 1
0 48 35: 1631, 3, 3
0 48 36: 980, 0, 1
0 48 38: 1248, 22, 3
0 48 40: 1257, 22, 1
0 48 44: 1247, 22, 2
0 48 48: 1258, 22, 3
0 48 49: 1258, 22, 2
0 48 50: 1258, 22, 1
0 48 51: 1264, 22, 2
0 48 55: 1179, 10, 3
0 48 56: 1179, 10, 1
0 49 0: 980, 0, 0
0 49 1: 980, 0, 0
0 49 2: 980, 0, 0
0 49 3: 980, 0, 0
0 49 4: 980, 0, 0
0 49 4: 1258, 22, 0
0 49 5: 980, 0, 0
0 49 6: 980, 9, 2
0 49 6: 1258, 22, 2
0 49 7: 980, 0, 2
0 49 8: 980, 0, 2
0 49 12: 980, 0, 3
0 49 13: 979, 0, 1
0 49 15: 446, 10, 0
0 49 20: 1247, 22, 2
0 49 23: 980, 2, 2
0 49 23: 1257, 22, 1
0 49 24: 980, 0, 2
0 49 25: 980, 0, 2
0 49 26: 980, 0, 2
0 49 27: 980, 0, 2
0 49 28: 980, 0, 2
0 49 29: 980, 0, 2
0 49 30: 980, 0, 2
0 49 31: 980, 0, 2
0 49 31: 1246, 22, 1
0 49 32: 980, 0, 2
0 49 33: 980, 0, 2
0 49 34: 980, 0, 2
0 49 35: 980, 0, 2
0 49 36: 980, 2, 1
0 49 38: 1257, 22, 0
0 49 39: 1258, 22, 2
0 49 40: 1247, 22, 2
0 49 45: 1247, 22, 1
0 49 48: 1299, 10, 3
0 49 51: 1299, 10, 2
0 49 55: 1179, 10, 3
0 49 62: 1299, 10, 0
0 50 1: 1247, 22, 0
0 50 9: 980, 9, 0
0 50 12: 980, 0, 3
0 50 13: 979, 0, 1
0 50 18: 1246, 22, 2
0 50 21: 445, 10, 3
0 50 25: 1257, 22, 1
0 50 26: 1257, 22, 2
0 50 37: 1257, 22, 0
0 50 38: 1259, 22, 3
0 50 39: 1259, 22, 2
0 50 40: 1258, 22, 0
0 50 41: 1257, 22, 2
0 50 54: 1264, 22, 2
0 51 0: 997, 0, 1
0 51 1: 997, 0, 0
0 51 2: 997, 0, 0
0 51 3: 997, 0, 0
0 51 4: 997, 0, 0
0 51 4: 1823, 4, 2
0 51 5: 997, 0, 0
0 51 6: 997, 0, 0
0 51 6: 1823, 4, 2
0 51 7: 997, 0, 0
0 51 8: 997, 0, 0
0 51 9: 997, 0, 3
0 51 10: 980, 9, 0
0 51 12: 980, 9, 2
0 51 13: 979, 0, 1
0 51 14: 979, 3, 2
0 51 16: 447, 10, 0
0 51 19: 444, 10, 0
0 51 23: 1278, 10, 1
0 51 27: 1257, 22, 2
0 51 28: 1257, 22, 3
0 51 29: 1257, 22, 0
0 51 30: 1259, 22, 1
0 51 37: 1257, 22, 2
0 51 38: 1259, 22, 1
0 51 39: 1258, 22, 3
0 51 40: 1258, 22, 0
0 51 44: 1264, 22, 3
0 51 46: 1246, 22, 1
0 51 47: 1299, 10, 0
0 51 53: 1246, 22, 1
0 51 57: 1299, 10, 3
0 52 0: 997, 0, 1
0 52 1: 1602, 0, 1
0 52 2: 1602, 0, 0
0 52 3: 1602, 0, 0
0 52 4: 1602, 0, 0
0 52 4: 1824, 5, 0
0 52 5: 1602, 0, 0
0 52 6: 1602, 0, 0
0 52 6: 1824, 5, 0
0 52 7: 1602, 0, 0
0 52 8: 1602, 0, 3
0 52 9: 997, 0, 3
0 52 10: 980, 0, 1
0 52 13: 981, 3, 3
0 52 24: 1247, 22, 1
0 52 27: 1257, 22, 1
0 52 29: 1259, 22, 1
0 52 30: 1258, 22, 2
0 52 31: 1259, 22, 0
0 52 32: 1257, 22, 0
0 52 36: 1259, 22, 0
0 52 37: 1257, 22, 3
0 52 38: 1257, 22, 0
0 52 39: 1257, 22, 1
0 52 40: 1257, 22, 3
0 52 42: 1246, 22, 2
0 52 44: 1258, 22, 2
0 52 52: 1299, 10, 3
0 52 60: 1246, 22, 2
0 53 0: 997, 0, 1
0 53 1: 1602, 0, 1
0 53 1: 1838, 5, 1
0 53 2: 981, 0, 0
0 53 2: 1838, 4, 3
0 53 3: 2215, 10, 0
0 53 7: 1824, 4, 1
0 53 7: 2214, 10, 0
0 53 8: 1602, 0, 3
0 53 8: 1823, 5, 3
0 53 9: 997, 0, 3
0 53 10: 981, 3, 0
0 53 25: 1257, 22, 3
0 53 26: 1257, 22, 0
0 53 27: 1258, 22, 0
0 53 28: 1257, 22, 2
0 53 30: 1258, 22, 1
0 53 31: 1257, 22, 1
0 53 32: 1259, 22, 3
0 53 33: 1257, 22, 2
0 53 35: 1246, 22, 0
0 53 37: 1257, 22, 3
0 53 38: 1247, 22, 1
0 53 42: 1189, 10, 3
0 53 44: 1259, 22, 0
0 53 45: 1258, 22, 0
0 53 46: 1258, 22, 0
0 53 50: 1246, 22, 2
0 53 57: 1247, 22, 1
0 54 0: 997, 0, 1
0 54 1: 1602, 0, 1
0 54 3: 2215, 10, 0
0 54 7: 2214, 10, 0
0 54 8: 1602, 0, 3
0 54 9: 997, 0, 3
0 54 13: 979, 0, 1
0 54 14: 979, 3, 3
0 54 24: 1257, 22, 3
0 54 25: 1259, 22, 2
0 54 26: 1259, 22, 1
0 54 27: 1259, 22, 1
0 54 28: 1258, 22, 1
0 54 29: 1258, 22, 2
0 54 30: 1257, 22, 3
0 54 32: 1257, 22, 2
0 54 39: 1247, 22, 1
0 54 43: 1258, 22, 3
0 54 44: 1259, 22, 2
0 54 46: 1264, 22, 2
0 54 48: 1189, 10, 1
0 54 61: 1246, 22, 1
0 55 0: 997, 0, 1
0 55 1: 1602, 0, 1
0 55 1: 1838, 5, 1
0 55 2: 1838, 4, 3
0 55 3: 2213, 10, 0
0 55 6: 1602, 0, 1
0 55 7: 1602, 0, 0
0 55 9: 997, 0, 3
0 55 12: 979, 1, 1
0 55 13: 979, 9, 1
0 55 13: 1257, 22, 0
0 55 14: 1257, 22, 3
0 55 15: 1257, 22, 2
0 55 18: 1602, 3, 1
0 55 19: 980, 0, 2
0 55 20: 980, 0, 2
0 55 21: 980, 0, 2
0 55 22: 980, 0, 2
0 55 23: 1602, 3, 2
0 55 24: 1257, 22, 2
0 55 25: 1259, 22, 2
0 55 26: 1258, 22, 3
0 55 27: 1258, 22, 2
0 55 27: 1602, 3, 1
0 55 28: 980, 0, 2
0 55 28: 1257, 22, 2
0 55 29: 980, 0, 2
0 55 29: 1257, 22, 0
0 55 30: 980, 0, 2
0 55 31: 1602, 3, 2
0 55 33: 1602, 3, 1
0 55 34: 980, 0, 2
0 55 35: 980, 1, 2
0 55 42: 1258, 22, 2
0 55 43: 1259, 22, 1
0 55 45: 1246, 22, 3
0 55 56: 1246, 22, 2
0 55 63: 1189, 10, 0
0 56 0: 997, 0, 1
0 56 1: 1602, 0, 1
0 56 2: 961, 4, 3
0 56 3: 591, 10, 0
0 56 6: 1509, 0, 0
0 56 11: 979, 1, 1
0 56 12: 979, 9, 1
0 56 13: 1258, 22, 1
0 56 14: 1259, 22, 3
0 56 14: 1769, 3, 1
0 56 15: 1769, 0, 2
0 56 15: 1821, 5, 2
0 56 16: 1769, 0, 2
0 56 17: 1530, 0, 2
0 56 18: 1769, 0, 2
0 56 18: 1821, 5, 2
0 56 19: 1769, 0, 2
0 56 20: 1769, 3, 2
0 56 23: 980, 9, 2
0 56 24: 980, 0, 2
0 56 25: 980, 0, 2
0 56 26: 980, 0, 2
0 56 27: 980, 9, 1
0 56 28: 1297, 10, 1
0 56 31: 980, 9, 2
0 56 32: 980, 0, 2
0 56 33: 980, 9, 1
0 56 34: 1341, 10, 2
0 56 35: 980, 9, 2
0 56 36: 980, 1, 2
0 56 36: 1189, 10, 2
0 56 38: 1247, 22, 2
0 56 40: 21, 11, 2
0 56 43: 1258, 22, 1
0 56 49: 1246, 22, 0
0 56 53: 1246, 22, 1
0 56 57: 1257, 22, 1
0 56 58: 1257, 22, 1
0 56 61: 1264, 22, 1
0 57 0: 997, 0, 1
0 57 1: 1602, 0, 1
0 57 1: 1838, 5, 1
0 57 2: 1838, 4, 3
0 57 6: 1510, 0, 2
0 57 8: 2738, 22, 2
0 57 11: 979, 0, 1
0 57 12: 1259, 22, 1
0 57 13: 1258, 22, 2
0 57 14: 1769, 0, 1
0 57 15: 1821, 4, 0
0 57 16: 197, 4, 0
0 57 16: 688, 22, 3
0 57 18: 1821, 4, 0
0 57 19: 355, 10, 3
0 57 19: 1821, 4, 1
0 57 20: 1769, 0, 3
0 57 20: 1821, 5, 3
0 57 21: 1247, 22, 2
0 57 22: 1246, 22, 0
0 57 24: 1247, 22, 2
0 57 26: 1341, 10, 3
0 57 29: 1247, 22, 3
0 57 31: 1247, 22, 1
0 57 32: 1297, 10, 3
0 57 36: 980, 9, 2
0 57 37: 1602, 3, 2
0 57 46: 1189, 10, 0
0 57 48: 1246, 22, 2
0 57 55: 1299, 10, 0
0 57 57: 1257, 22, 2
0 57 58: 1257, 22, 1
0 57 59: 1257, 22, 0
0 58 0: 997, 0, 1
0 58 1: 1602, 0, 1
0 58 2: 961, 4, 3
0 58 3: 2213, 10, 0
0 58 6: 1602, 0, 1
0 58 7: 1602, 0, 2
0 58 8: 1602, 3, 2
0 58 9: 997, 0, 3
0 58 11: 979, 0, 1
0 58 12: 1259, 22, 0
0 58 13: 1259, 22, 3
0 58 14: 1769, 0, 1
0 58 14: 1821, 5, 1
0 58 15: 1821, 4, 3
0 58 18: 1247, 22, 2
0 58 19: 354, 10, 2
0 58 20: 1769, 0, 3
0 58 22: 1341, 10, 3
0 58 27: 1247, 22, 1
0 58 30: 1341, 10, 3
0 58 37: 980, 0, 3
0 58 51: 1189, 10, 2
0 58 57: 1257, 22, 0
0 58 58: 1259, 22, 0
0 58 59: 1257, 22, 0
0 58 60: 1264, 22, 0
0 58 62: 1189, 10, 2
0 59 0: 997, 0, 1
0 59 1: 1602, 0, 1
0 59 1: 1838, 5, 1
0 59 2: 1838, 4, 3
0 59 3: 2213, 10, 0
0 59 7: 1106, 10, 0
0 59 7: 1824, 4, 1
0 59 8: 1602, 0, 3
0 59 8: 1823, 5, 3
0 59 9: 997, 0, 3
0 59 11: 979, 0, 1
0 59 12: 1258, 22, 3
0 59 13: 1257, 22, 1
0 59 14: 1769, 0, 1
0 59 16: 1246, 22, 2
0 59 17: 686, 22, 3
0 59 19: 2784, 4, 1
0 59 20: 1769, 0, 3
0 59 20: 1821, 5, 3
0 59 23: 1246, 22, 1
0 59 25: 1341, 10, 3
0 59 26: 1248, 22, 0
0 59 28: 1341, 10, 3
0 59 32: 1248, 22, 3
0 59 33: 1341, 10, 1
0 59 35: 1246, 22, 1
0 59 37: 980, 0, 3
0 59 43: 1258, 22, 3
0 59 44: 1247, 22, 1
0 59 45: 1247, 22, 1
0 59 56: 1257, 22, 1
0 59 57: 1258, 22, 0
0 59 58: 1259, 22, 0
0 59 59: 1258, 22, 3
0 59 60: 1258, 22, 2
0 60 0: 997, 0, 1
0 60 1: 1602, 0, 1
0 60 3: 590, 10, 0
0 60 8: 1602, 0, 3
0 60 9: 997, 0, 3
0 60 11: 979, 0, 1
0 60 12: 1259, 22, 1
0 60 13: 1258, 22, 0
0 60 14: 1257, 22, 0
0 60 14: 1769, 0, 1
0 60 15: 609, 10, 3
0 60 19: 197, 4, 2
0 60 19: 1246, 22, 1
0 60 20: 1769, 0, 3
0 60 21: 1248, 22, 3
0 60 29: 1246, 22, 1
0 60 31: 1247, 22, 2
0 60 37: 980, 0, 3
0 60 43: 1258, 22, 0
0 60 44: 1258, 22, 1
0 60 45: 1258, 22, 2
0 60 54: 1246, 22, 2
0 60 56: 1257, 22, 1
0 60 57: 1258, 22, 3
0 60 58: 1259, 22, 2
0 60 59: 1259, 22, 3
0 60 60: 1246, 22, 3
0 61 0: 997, 0, 1
0 61 1: 1602, 0, 1
0 61 1: 1838, 5, 1
0 61 2: 1838, 4, 3
0 61 4: 1824, 4, 2
0 61 5: 1106, 10, 1
0 61 6: 1824, 4, 2
0 61 7: 1824, 4, 1
0 61 8: 1602, 0, 3
0 61 8: 1823, 5, 3
0 61 9: 997, 0, 3
0 61 11: 979, 0, 1
0 61 12: 1258, 22, 1
0 61 13: 1259, 22, 0
0 61 14: 1257, 22, 0
0 61 14: 1769, 0, 1
0 61 14: 1821, 5, 1
0 61 15: 1821, 4, 3
0 61 16: 1247, 22, 3
0 61 17: 1821, 4, 1
0 61 18: 362, 10, 3
0 61 18: 1769, 2, 3
0 61 19: 309, 10, 0
0 61 19: 1769, 0, 0
0 61 20: 1769, 3, 3
0 61 21: 1341, 10, 0
0 61 23: 1247, 22, 1
0 61 24: 1341, 10, 0
0 61 26: 1297, 10, 0
0 61 29: 1341, 10, 2
0 61 30: 1247, 22, 0
0 61 33: 1246, 22, 0
0 61 35: 1248, 22, 0
0 61 36: 1341, 10, 3
0 61 37: 980, 0, 3
0 61 40: 1247, 22, 2
0 61 43: 1258, 22, 0
0 61 44: 1259, 22, 1
0 61 45: 1258, 22, 3
0 61 48: 1258, 22, 1
0 61 50: 1246, 22, 2
0 61 52: 1258, 22, 1
0 61 57: 1258, 22, 2
0 61 58: 1259, 22, 1
0 61 59: 1258, 22, 1
0 61 60: 1257, 22, 3
0 62 0: 997, 0, 1
0 62 1: 1247, 22, 1
0 62 1: 1602, 3, 0
0 62 2: 1602, 0, 0
0 62 3: 1602, 0, 0
0 62 4: 1602, 0, 0
0 62 4: 1823, 5, 0
0 62 5: 1602, 0, 0
0 62 6: 1602, 0, 0
0 62 6: 1823, 5, 0
0 62 7: 1602, 0, 0
0 62 8: 1602, 3, 3
0 62 9: 997, 0, 3
0 62 11: 979, 0, 1
0 62 12: 1257, 22, 3
0 62 13: 1258, 22, 0
0 62 14: 1769, 0, 1
0 62 15: 197, 4, 2
0 62 15: 362, 10, 3
0 62 17: 197, 4, 2
0 62 17: 361, 10, 3
0 62 18: 362, 10, 3
0 62 18: 1769, 0, 3
0 62 19: 309, 10, 0
0 62 20: 309, 10, 1
0 62 22: 309, 10, 1
0 62 30: 980, 9, 3
0 62 31: 980, 0, 0
0 62 32: 980, 9, 0
0 62 33: 1341, 10, 0
0 62 36: 980, 9, 3
0 62 37: 1602, 3, 3
0 62 41: 1246, 22, 2
0 62 43: 1258, 22, 1
0 62 44: 1259, 22, 0
0 62 45: 1259, 22, 3
0 62 46: 1247, 22, 2
0 62 47: 1259, 22, 2
0 62 48: 1258, 22, 2
0 62 50: 1259, 22, 0
0 62 51: 1258, 22, 0
0 62 52: 1259, 22, 2
0 62 53: 1258, 22, 0
0 62 57: 1246, 22, 3
0 62 58: 1258, 22, 3
0 62 59: 1257, 22, 2
0 62 60: 1257, 22, 3
0 62 61: 1189, 10, 3
0 63 0: 1602, 3, 0
0 63 1: 997, 0, 0
0 63 2: 997, 0, 0
0 63 3: 997, 0, 0
0 63 4: 997, 0, 0
0 63 5: 997, 0, 0
0 63 6: 997, 0, 0
0 63 7: 997, 0, 0
0 63 8: 997, 0, 0
0 63 9: 1602, 3, 3
0 63 11: 979, 0, 1
0 63 13: 1257, 22, 2
0 63 14: 1769, 3, 0
0 63 15: 1769, 0, 0
0 63 16: 1769, 0, 0
0 63 17: 1769, 0, 0
0 63 18: 1769, 3, 3
0 63 19: 980, 0, 0
0 63 20: 980, 0, 0
0 63 21: 980, 0, 0
0 63 22: 980, 0, 0
0 63 23: 980, 0, 0
0 63 24: 980, 0, 0
0 63 25: 980, 0, 0
0 63 28: 980, 0, 0
0 63 29: 980, 0, 0
0 63 32: 1602, 3, 0
0 63 33: 980, 0, 0
0 63 34: 980, 0, 0
0 63 35: 980, 0, 0
0 63 36: 1602, 3, 3
0 63 39: 1247, 22, 3
0 63 44: 1258, 22, 2
0 63 45: 1258, 22, 3
0 63 47: 1258, 22, 0
0 63 48: 1258, 22, 3
0 63 49: 1247, 22, 3
0 63 50: 1247, 22, 3
0 63 52: 1247, 22, 2
0 63 53: 1259, 22, 1
0 63 54: 1258, 22, 3
0 63 55: 1258, 22, 2
0 63 58: 1257, 22, 1
0 63 59: 1257, 22, 2
0 63 63: 1189, 10, 2
1 0 25: 1623, 1, 1
1 0 26: 1620, 9, 1
1 0 28: 1749, 10, 0
1 0 30: 1620, 9, 2
1 0 31: 1623, 1, 2
1 1 25: 1623, 0, 1
1 1 25: 1938, 5, 1
1 1 26: 1938, 4, 3
1 1 30: 1938, 4, 1
1 1 31: 1623, 0, 3
1 1 31: 1938, 5, 3
1 2 25: 1623, 0, 1
1 2 28: 593, 10, 0
1 2 31: 1623, 0, 3
1 3 25: 1623, 0, 1
1 3 25: 1938, 5, 1
1 3 26: 1938, 4, 3
1 3 30: 1938, 4, 1
1 3 31: 1623, 0, 3
1 3 31: 1938, 5, 3
1 4 25: 1623, 1, 0
1 4 26: 1620, 9, 0
1 4 27: 1938, 4, 2
1 4 29: 1938, 4, 2
1 4 30: 1620, 9, 3
1 4 31: 1623, 1, 3
1 5 26: 1623, 1, 0
1 5 27: 1623, 0, 0
1 5 27: 1938, 5, 0
1 5 28: 1623, 0, 0
1 5 29: 1623, 0, 0
1 5 29: 1938, 5, 0
1 5 30: 1623, 1, 3
1 10 2: 1792, 21, 1
1 10 3: 1792, 18, 2
1 10 4: 1792, 18, 2
1 10 5: 1792, 18, 2
1 10 6: 1792, 18, 2
1 10 7: 1792, 18, 2
1 10 8: 1792, 21, 2
1 11 2: 1792, 18, 1
1 11 3: 1641, 16, 1
1 11 4: 1605, 12, 2
1 11 5: 1605, 12, 2
1 11 6: 1605, 12, 2
1 11 7: 1641, 16, 2
1 11 8: 1792, 18, 3
1 12 2: 1792, 18, 1
1 12 3: 1605, 12, 1
1 12 4: 1605, 17, 2
1 12 5: 1605, 17, 2
1 12 6: 1605, 17, 2
1 12 7: 1605, 12, 3
1 12 8: 1792, 18, 3
1 13 2: 1792, 18, 1
1 13 3: 1605, 12, 1
1 13 4: 1605, 17, 2
1 13 5: 1605, 17, 2
1 13 6: 1605, 17, 2
1 13 7: 1605, 12, 3
1 13 8: 981, 0, 2
1 13 8: 1792, 18, 3
1 13 9: 981, 0, 2
1 13 10: 981, 0, 2
1 13 11: 981, 3, 2
1 14 2: 1602, 0, 1
1 14 3: 1602, 0, 0
1 14 4: 1602, 0, 0
1 14 5: 680, 10, 3
1 14 5: 1602, 0, 0
1 14 6: 1602, 0, 0
1 14 7: 1602, 0, 0
1 14 8: 1155, 10, 2
1 14 8: 1602, 0, 3
1 14 9: 1153, 10, 2
1 14 10: 1158, 10, 2
1 14 11: 981, 0, 3
1 15 2: 1602, 0, 1
1 15 2: 1828, 5, 1
1 15 3: 994, 0, 2
1 15 3: 1832, 4, 3
1 15 4: 994, 0, 2
1 15 5: 943, 22, 3
1 15 6: 944, 22, 3
1 15 7: 943, 22, 0
1 15 7: 1832, 4, 1
1 15 8: 1602, 0, 3
1 15 8: 1828, 5, 3
1 15 9: 1102, 10, 1
1 15 10: 1102, 10, 2
1 15 11: 981, 0, 3
1 16 2: 1602, 0, 1
1 16 3: 1723, 10, 1
1 16 5: 682, 10, 3
1 16 5: 944, 22, 2
1 16 5: 994, 0, 3
1 16 6: 945, 22, 3
1 16 7: 944, 22, 0
1 16 8: 1533, 0, 3
1 16 9: 598, 10, 2
1 16 10: 1102, 10, 2
1 16 11: 981, 0, 3
1 17 2: 1602, 0, 1
1 17 5: 944, 22, 2
1 17 5: 994, 0, 3
1 17 6: 945, 22, 3
1 17 7: 944, 22, 0
1 17 8: 1602, 0, 3
1 17 9: 1102, 10, 3
1 17 11: 981, 0, 3
1 18 2: 1602, 0, 1
1 18 2: 1828, 5, 1
1 18 3: 1832, 4, 3
1 18 5: 943, 22, 2
1 18 6: 944, 22, 1
1 18 7: 943, 22, 1
1 18 7: 1832, 4, 1
1 18 8: 1602, 0, 3
1 18 8: 1828, 5, 3
1 18 11: 981, 0, 3
1 18 15: 1793, 19, 1
1 18 16: 1793, 18, 2
1 18 17: 1793, 18, 2
1 18 18: 1793, 18, 2
1 18 19: 1793, 18, 2
1 18 20: 1793, 18, 2
1 18 21: 1793, 19, 2
1 19 2: 1602, 0, 1
1 19 4: 1832, 4, 2
1 19 6: 1832, 4, 2
1 19 7: 683, 10, 1
1 19 8: 1153, 10, 2
1 19 8: 1602, 0, 3
1 19 9: 1154, 10, 2
1 19 10: 1158, 10, 2
1 19 11: 981, 0, 3
1 19 15: 1793, 18, 1
1 19 16: 1640, 16, 1
1 19 17: 1640, 12, 2
1 19 18: 1640, 12, 2
1 19 19: 1640, 12, 2
1 19 20: 1640, 16, 2
1 19 21: 1793, 18, 3
1 20 2: 1602, 3, 0
1 20 3: 1602, 0, 0
1 20 3: 1607, 22, 0
1 20 4: 1602, 0, 0
1 20 4: 1607, 22, 0
1 20 4: 1828, 5, 0
1 20 5: 1602, 0, 0
1 20 5: 1607, 22, 0
1 20 6: 1602, 0, 0
1 20 6: 1607, 22, 0
1 20 6: 1828, 5, 0
1 20 7: 1602, 0, 0
1 20 7: 1607, 22, 0
1 20 8: 981, 0, 0
1 20 9: 981, 0, 0
1 20 10: 981, 0, 0
1 20 11: 981, 3, 3
1 20 15: 1793, 18, 1
1 20 16: 1640, 12, 1
1 20 17: 1640, 17, 2
1 20 18: 1640, 17, 2
1 20 19: 1640, 17, 2
1 20 20: 1640, 12, 3
1 20 21: 1793, 18, 3
1 21 15: 1793, 18, 1
1 21 16: 1640, 12, 1
1 21 17: 1640, 17, 2
1 21 18: 1640, 17, 2
1 21 19: 1640, 17, 2
1 21 20: 1640, 12, 3
1 21 21: 1793, 18, 3
1 21 33: 767, 22, 3
1 21 33: 980, 0, 0
1 21 34: 767, 22, 3
1 21 34: 980, 0, 0
1 21 35: 767, 22, 3
1 21 35: 980, 0, 0
1 21 36: 767, 22, 3
1 21 36: 980, 0, 0
1 21 37: 767, 22, 3
1 21 37: 980, 0, 0
1 22 5: 1602, 3, 1
1 22 6: 1602, 0, 2
1 22 7: 1602, 0, 2
1 22 7: 1828, 5, 2
1 22 8: 1602, 0, 2
1 22 9: 1602, 0, 2
1 22 9: 1828, 5, 2
1 22 10: 1602, 0, 2
1 22 11: 1602, 3, 2
1 22 15: 1793, 18, 1
1 22 16: 1640, 12, 1
1 22 17: 1640, 17, 2
1 22 18: 1640, 17, 2
1 22 19: 1640, 17, 2
1 22 20: 1640, 12, 3
1 22 21: 1793, 18, 3
1 22 33: 767, 22, 1
1 22 33: 980, 0, 2
1 22 34: 767, 22, 1
1 22 34: 980, 0, 2
1 22 35: 767, 22, 1
1 22 35: 980, 0, 2
1 22 36: 767, 22, 1
1 22 36: 980, 0, 2
1 22 37: 767, 22, 1
1 22 37: 980, 0, 2
1 23 5: 1602, 0, 1
1 23 5: 1828, 5, 1
1 23 6: 1829, 4, 3
1 23 7: 871, 10, 0
1 23 7: 1829, 4, 0
1 23 9: 1829, 4, 0
1 23 10: 689, 10, 0
1 23 10: 1824, 4, 1
1 23 11: 1602, 0, 3
1 23 11: 1823, 5, 3
1 23 15: 1793, 18, 1
1 23 16: 1640, 12, 1
1 23 17: 1640, 17, 2
1 23 18: 1640, 17, 2
1 23 19: 1640, 17, 2
1 23 20: 1640, 12, 3
1 23 21: 1793, 18, 3
1 24 5: 1602, 0, 1
1 24 7: 875, 10, 0
1 24 10: 690, 10, 1
1 24 11: 1602, 0, 3
1 24 15: 1793, 18, 1
1 24 16: 1640, 16, 0
1 24 17: 1640, 12, 0
1 24 18: 1640, 12, 0
1 24 19: 1640, 12, 0
1 24 20: 1640, 16, 3
1 24 21: 1793, 18, 3
1 25 0: 1792, 21, 2
1 25 5: 1602, 0, 1
1 25 5: 1828, 5, 1
1 25 6: 592, 10, 1
1 25 6: 1829, 4, 3
1 25 7: 592, 10, 0
1 25 10: 1829, 4, 1
1 25 11: 1602, 0, 3
1 25 11: 1828, 5, 3
1 25 15: 1793, 19, 0
1 25 16: 1793, 18, 0
1 25 17: 1793, 18, 0
1 25 18: 1793, 18, 0
1 25 19: 1793, 18, 0
1 25 20: 1793, 18, 0
1 25 21: 1793, 19, 3
1 26 0: 1792, 18, 3
1 26 5: 1602, 0, 1
1 26 5: 1607, 22, 1
1 26 6: 925, 22, 3
1 26 6: 1602, 0, 0
1 26 7: 926, 22, 3
1 26 7: 1602, 0, 0
1 26 8: 926, 22, 3
1 26 8: 1533, 0, 0
1 26 9: 926, 22, 3
1 26 9: 1602, 0, 0
1 26 10: 925, 22, 0
1 26 10: 1602, 0, 0
1 26 11: 840, 5, 3
1 26 11: 1602, 0, 3
1 26 11: 1607, 22, 3
1 27 0: 1792, 18, 3
1 27 5: 1602, 0, 1
1 27 5: 1607, 22, 1
1 27 6: 925, 22, 2
1 27 6: 1602, 0, 2
1 27 7: 926, 22, 1
1 27 7: 1533, 0, 2
1 27 8: 926, 22, 1
1 27 8: 1602, 0, 2
1 27 9: 926, 22, 1
1 27 10: 925, 22, 1
1 27 10: 1824, 4, 1
1 27 11: 1602, 0, 3
1 27 11: 1607, 22, 3
1 27 11: 1823, 5, 3
1 28 0: 1792, 18, 3
1 28 5: 1602, 0, 1
1 28 5: 1607, 22, 1
1 28 6: 683, 10, 3
1 28 8: 374, 10, 0
1 28 8: 1602, 0, 1
1 28 10: 417, 10, 1
1 28 11: 840, 5, 3
1 28 11: 1602, 0, 3
1 28 11: 1607, 22, 3
1 29 0: 1792, 18, 3
1 29 5: 1602, 0, 1
1 29 5: 1607, 22, 1
1 29 8: 1602, 0, 1
1 29 9: 352, 10, 2
1 29 9: 1602, 0, 2
1 29 10: 1602, 0, 2
1 29 10: 1824, 4, 1
1 29 11: 1602, 0, 3
1 29 11: 1607, 22, 3
1 29 11: 1823, 5, 3
1 30 0: 1792, 18, 3
1 30 5: 1602, 0, 1
1 30 5: 1828, 5, 1
1 30 6: 1829, 4, 3
1 30 9: 906, 4, 0
1 30 10: 906, 4, 0
1 30 11: 1602, 0, 3
1 31 0: 1792, 18, 3
1 31 5: 1602, 0, 1
1 31 6: 994, 0, 2
1 31 7: 994, 0, 2
1 31 8: 994, 1, 2
1 31 9: 952, 22, 0
1 31 10: 950, 22, 0
1 31 10: 1829, 4, 1
1 31 11: 1602, 0, 3
1 31 11: 1828, 5, 3
1 32 0: 1792, 21, 3
1 32 5: 1602, 0, 1
1 32 6: 1723, 10, 1
1 32 8: 994, 0, 3
1 32 9: 953, 22, 0
1 32 10: 951, 22, 0
1 32 11: 1602, 0, 3
1 33 5: 1602, 0, 1
1 33 8: 994, 0, 3
1 33 9: 952, 22, 0
1 33 10: 950, 22, 0
1 33 10: 1829, 4, 1
1 33 11: 1602, 0, 3
1 33 11: 1828, 5, 3
1 34 5: 1602, 0, 1
1 34 5: 1828, 5, 1
1 34 6: 1829, 4, 3
1 34 7: 1829, 4, 2
1 34 9: 953, 22, 0
1 34 9: 1829, 4, 2
1 34 10: 951, 22, 0
1 34 11: 1602, 0, 3
1 35 5: 1602, 3, 0
1 35 6: 1602, 0, 0
1 35 7: 1602, 0, 0
1 35 7: 1828, 5, 0
1 35 8: 1602, 0, 0
1 35 9: 1602, 0, 0
1 35 9: 1828, 5, 0
1 35 10: 1602, 0, 0
1 35 11: 1602, 3, 3
1 40 30: 1793, 21, 1
1 40 31: 1793, 18, 2
1 40 32: 1793, 18, 2
1 40 33: 1793, 18, 2
1 40 34: 1793, 18, 2
1 40 35: 1793, 21, 2
1 41 30: 1793, 18, 1
1 41 31: 1933, 16, 1
1 41 32: 1933, 12, 2
1 41 33: 1933, 12, 2
1 41 34: 1933, 16, 2
1 41 35: 1793, 18, 3
1 42 30: 1793, 18, 1
1 42 31: 1933, 12, 1
1 42 32: 1933, 17, 1
1 42 33: 1933, 17, 1
1 42 34: 1933, 12, 3
1 42 35: 1793, 18, 3
1 43 28: 1793, 21, 1
1 43 29: 1793, 18, 2
1 43 30: 1793, 20, 1
1 43 31: 1933, 12, 1
1 43 32: 1933, 17, 1
1 43 33: 1933, 17, 1
1 43 34: 1933, 12, 3
1 43 35: 1793, 18, 3
1 44 28: 1793, 18, 1
1 44 29: 1933, 16, 1
1 44 30: 1933, 12, 2
1 44 31: 1933, 14, 1
1 44 32: 1933, 17, 1
1 44 33: 1933, 17, 1
1 44 34: 1933, 12, 3
1 44 35: 1793, 18, 3
1 45 28: 1793, 18, 1
1 45 29: 1933, 12, 1
1 45 30: 1933, 17, 1
1 45 31: 1933, 17, 1
1 45 32: 1933, 17, 1
1 45 33: 1933, 17, 1
1 45 34: 1933, 12, 3
1 45 35: 1793, 18, 3
1 46 28: 1793, 18, 1
1 46 29: 1933, 12, 1
1 46 30: 1933, 17, 1
1 46 31: 1933, 17, 1
1 46 32: 1933, 17, 1
1 46 33: 1933, 17, 1
1 46 34: 1933, 12, 3
1 46 35: 1793, 18, 3
1 47 28: 1793, 18, 1
1 47 29: 1933, 16, 0
1 47 30: 1933, 12, 0
1 47 31: 1933, 12, 0
1 47 32: 1933, 12, 0
1 47 33: 1933, 12, 0
1 47 34: 1933, 16, 3
1 47 35: 1793, 18, 3
1 48 28: 1793, 21, 0
1 48 29: 1793, 18, 0
1 48 30: 1793, 18, 0
1 48 31: 1793, 18, 0
1 48 32: 1793, 18, 0
1 48 33: 1793, 18, 0
1 48 34: 1793, 18, 0
1 48 35: 1793, 21, 3
1 49 0: 1602, 3, 2
1 50 0: 1602, 0, 3
1 50 0: 1607, 22, 3
1 51 0: 1602, 0, 3
1 51 0: 1607, 22, 3
1 51 1: 1792, 19, 1
1 51 2: 1792, 18, 2
1 51 3: 1792, 18, 2
1 51 4: 1792, 18, 2
1 51 5: 1792, 18, 2
1 51 6: 1792, 18, 2
1 51 7: 1792, 18, 2
1 52 0: 1602, 0, 3
1 52 0: 1607, 22, 3
1 52 0: 1823, 4, 3
1 52 1: 1792, 18, 1
1 52 2: 1926, 16, 1
1 52 3: 1604, 12, 2
1 52 4: 1604, 12, 2
1 52 5: 1604, 12, 2
1 52 6: 1604, 12, 2
1 52 7: 1604, 12, 2
1 53 0: 1602, 0, 3
1 53 0: 1607, 22, 3
1 53 1: 1792, 18, 1
1 53 2: 1605, 12, 1
1 53 3: 1605, 17, 2
1 53 4: 1605, 17, 2
1 53 5: 1605, 17, 2
1 53 6: 1605, 17, 2
1 53 7: 1605, 17, 2
1 54 0: 1602, 0, 3
1 54 0: 1607, 22, 3
1 54 1: 1792, 18, 1
1 54 2: 1605, 12, 1
1 54 3: 1605, 17, 1
1 54 4: 1605, 17, 1
1 54 5: 1605, 17, 3
1 54 6: 1926, 15, 3
1 54 7: 1604, 12, 0
1 55 0: 1602, 0, 3
1 55 0: 1607, 22, 3
1 55 1: 1792, 18, 1
1 55 2: 1604, 12, 1
1 55 3: 1605, 17, 2
1 55 4: 1605, 17, 2
1 55 5: 1605, 17, 3
1 55 6: 1605, 12, 3
1 55 7: 1792, 20, 3
1 56 0: 1602, 0, 3
1 56 0: 1607, 22, 3
1 56 0: 1823, 4, 3
1 56 1: 1792, 18, 1
1 56 2: 1604, 12, 1
1 56 3: 1605, 17, 2
1 56 4: 1605, 17, 2
1 56 5: 1605, 17, 3
1 56 6: 1605, 12, 3
1 56 7: 1792, 18, 3
1 56 14: 1792, 21, 1
1 56 15: 1792, 18, 2
1 56 16: 1792, 18, 2
1 56 17: 1792, 18, 2
1 56 18: 1792, 18, 2
1 56 19: 1792, 18, 2
1 56 20: 1792, 21, 2
1 57 0: 1602, 0, 3
1 57 0: 1607, 22, 3
1 57 1: 1792, 18, 1
1 57 2: 1604, 12, 1
1 57 3: 1605, 17, 2
1 57 4: 1605, 17, 2
1 57 5: 1605, 17, 3
1 57 6: 1605, 12, 3
1 57 7: 1792, 18, 3
1 57 14: 1792, 18, 1
1 57 15: 1641, 16, 1
1 57 16: 1641, 12, 2
1 57 17: 1641, 12, 2
1 57 18: 1641, 12, 2
1 57 19: 1641, 16, 2
1 57 20: 1792, 18, 3
1 58 0: 1602, 0, 3
1 58 0: 1607, 22, 3
1 58 1: 1792, 18, 1
1 58 2: 1604, 12, 1
1 58 3: 1605, 17, 1
1 58 4: 1605, 17, 1
1 58 5: 1605, 17, 3
1 58 6: 1605, 12, 3
1 58 7: 1792, 20, 2
1 58 14: 1792, 18, 1
1 58 15: 1641, 12, 1
1 58 16: 1641, 17, 3
1 58 17: 1641, 17, 3
1 58 18: 1641, 17, 3
1 58 19: 1641, 12, 3
1 58 20: 1792, 18, 3
1 59 0: 1602, 3, 3
1 59 1: 1792, 18, 1
1 59 2: 1605, 12, 1
1 59 3: 1605, 17, 1
1 59 4: 1605, 17, 1
1 59 5: 1605, 17, 3
1 59 6: 1926, 15, 2
1 59 7: 1604, 12, 2
1 59 14: 1792, 18, 1
1 59 15: 1641, 12, 1
1 59 16: 1641, 17, 3
1 59 17: 1641, 17, 3
1 59 18: 1641, 17, 3
1 59 19: 1641, 12, 3
1 59 20: 1792, 18, 3
1 60 1: 1792, 18, 1
1 60 2: 1605, 12, 1
1 60 3: 1605, 17, 1
1 60 4: 1605, 17, 1
1 60 5: 1605, 17, 1
1 60 6: 1605, 17, 1
1 60 7: 1605, 17, 1
1 60 14: 1792, 18, 1
1 60 15: 1641, 12, 1
1 60 16: 1641, 17, 3
1 60 17: 1641, 14, 3
1 60 18: 1641, 12, 0
1 60 19: 1641, 16, 3
1 60 20: 1792, 18, 3
1 61 1: 1792, 18, 1
1 61 2: 1926, 16, 0
1 61 3: 1604, 12, 0
1 61 4: 1604, 12, 0
1 61 5: 1604, 12, 0
1 61 6: 1604, 12, 0
1 61 7: 1604, 12, 0
1 61 14: 1792, 18, 1
1 61 15: 1641, 12, 1
1 61 16: 1641, 17, 3
1 61 17: 1641, 12, 3
1 61 18: 1792, 20, 3
1 61 19: 1792, 18, 0
1 61 20: 1792, 21, 3
1 62 1: 1792, 19, 0
1 62 2: 1792, 18, 0
1 62 3: 1792, 18, 0
1 62 4: 1792, 18, 0
1 62 5: 1792, 18, 0
1 62 6: 1792, 18, 0
1 62 7: 1792, 18, 0
1 62 14: 1792, 18, 1
1 62 15: 1641, 16, 0
1 62 16: 1641, 12, 0
1 62 17: 1641, 16, 3
1 62 18: 1792, 18, 3
1 63 14: 1792, 21, 0
1 63 15: 1792, 18, 0
1 63 16: 1792, 18, 0
1 63 17: 1792, 18, 0
1 63 18: 1792, 21, 3
2 0 25: 1622, 1, 1
2 0 26: 1622, 9, 1
2 0 27: 1623, 1, 1
2 0 28: 1623, 0, 2
2 0 29: 1623, 1, 2
2 0 30: 1622, 9, 2
2 0 31: 1622, 1, 2
2 1 25: 1622, 0, 1
2 1 26: 1623, 1, 1
2 1 27: 1620, 9, 1
2 1 29: 1620, 9, 2
2 1 30: 1623, 1, 2
2 1 31: 1622, 0, 3
2 2 25: 1622, 0, 1
2 2 26: 1623, 0, 1
2 2 30: 1623, 0, 3
2 2 31: 1622, 0, 3
2 3 25: 1622, 0, 1
2 3 26: 1623, 1, 0
2 3 27: 1620, 9, 0
2 3 29: 1620, 9, 3
2 3 30: 1623, 1, 3
2 3 31: 1622, 0, 3
2 4 25: 1622, 1, 0
2 4 26: 1622, 9, 0
2 4 27: 1623, 1, 0
2 4 28: 1623, 0, 0
2 4 29: 1623, 1, 3
2 4 30: 1622, 9, 3
2 4 31: 1622, 1, 3
2 5 26: 1622, 1, 0
2 5 27: 1622, 0, 0
2 5 28: 1622, 0, 0
2 5 29: 1622, 0, 0
2 5 30: 1622, 1, 3
2 14 2: 1792, 18, 1
2 14 3: 1604, 12, 1
2 14 4: 1605, 17, 1
2 14 5: 1605, 17, 1
2 14 6: 1605, 17, 1
2 14 7: 1604, 12, 3
2 14 8: 1792, 18, 3
2 15 2: 1792, 18, 1
2 15 3: 1604, 12, 1
2 15 7: 1604, 12, 3
2 15 8: 1792, 18, 3
2 16 2: 1792, 18, 1
2 16 3: 1604, 12, 1
2 16 7: 1604, 12, 3
2 16 8: 1792, 18, 3
2 17 2: 1792, 18, 1
2 17 3: 1604, 12, 1
2 17 7: 1604, 12, 3
2 17 8: 1792, 18, 3
2 18 2: 1792, 18, 1
2 18 3: 1604, 12, 1
2 18 7: 1604, 12, 3
2 18 8: 1792, 18, 3
2 19 2: 1792, 18, 1
2 19 3: 1604, 12, 1
2 19 4: 1605, 17, 1
2 19 5: 1605, 17, 1
2 19 6: 1605, 17, 1
2 19 7: 1604, 12, 3
2 19 8: 1792, 18, 3
2 23 5: 1792, 18, 1
2 23 6: 1604, 12, 1
2 23 7: 1605, 17, 1
2 23 8: 1605, 17, 1
2 23 9: 1605, 17, 1
2 23 10: 1604, 12, 3
2 23 11: 1792, 18, 3
2 24 5: 1792, 18, 1
2 24 6: 1604, 12, 1
2 24 10: 1604, 12, 3
2 24 11: 1792, 18, 3
2 25 5: 1792, 18, 1
2 25 6: 1604, 12, 1
2 25 10: 1604, 12, 3
2 25 11: 1792, 18, 3
2 26 5: 1792, 18, 1
2 26 6: 1604, 12, 1
2 26 10: 1604, 12, 3
2 26 11: 1792, 18, 3
2 27 5: 1792, 18, 1
2 27 6: 1604, 12, 1
2 27 10: 1604, 12, 3
2 27 11: 1792, 18, 3
2 28 5: 1792, 18, 1
2 28 6: 1604, 12, 1
2 28 10: 1604, 12, 3
2 28 11: 1792, 18, 3
2 29 5: 1792, 18, 1
2 29 6: 1604, 12, 1
2 29 10: 1604, 12, 3
2 29 11: 1792, 18, 3
2 30 5: 1792, 18, 1
2 30 6: 1604, 12, 1
2 30 10: 1604, 12, 3
2 30 11: 1792, 18, 3
2 31 5: 1792, 18, 1
2 31 6: 1604, 12, 1
2 31 10: 1604, 12, 3
2 31 11: 1792, 18, 3
2 32 5: 1792, 18, 1
2 32 6: 1604, 12, 1
2 32 10: 1604, 12, 3
2 32 11: 1792, 18, 3
2 33 5: 1792, 18, 1
2 33 6: 1604, 12, 1
2 33 10: 1604, 12, 3
2 33 11: 1792, 18, 3
2 34 5: 1792, 18, 1
2 34 6: 1604, 12, 1
2 34 7: 1605, 17, 1
2 34 8: 1605, 17, 1
2 34 9: 1605, 17, 1
2 34 10: 1604, 12, 3
2 34 11: 1792, 18, 3
2 49 0: 1792, 19, 2
2 50 0: 1792, 18, 3
2 51 0: 1792, 18, 3
2 52 0: 1792, 18, 3
2 53 0: 1792, 18, 3
2 53 3: 1926, 16, 1
2 53 4: 1605, 12, 2
2 53 5: 1926, 16, 2
2 54 0: 1792, 18, 3
2 54 3: 1605, 12, 1
2 54 4: 1605, 17, 2
2 54 5: 1605, 12, 3
2 55 0: 1792, 18, 3
2 55 3: 1604, 12, 1
2 55 4: 1605, 17, 2
2 55 5: 1605, 12, 3
2 56 0: 1792, 18, 3
2 56 3: 1604, 12, 1
2 56 4: 1605, 17, 2
2 56 5: 1605, 12, 3
2 57 0: 1792, 18, 3
2 57 3: 1604, 12, 1
2 57 4: 1605, 17, 2
2 57 5: 1605, 12, 3
2 58 0: 1792, 18, 3
2 58 3: 1604, 12, 1
2 58 4: 1605, 17, 2
2 58 5: 1605, 12, 3
2 59 0: 1792, 19, 3
2 59 3: 1605, 12, 1
2 59 4: 1605, 17, 2
2 59 5: 1605, 12, 3
2 60 3: 1926, 16, 0
2 60 4: 1605, 12, 0
2 60 5: 1926, 16, 3
3 0 27: 1793, 19, 1
3 0 28: 1793, 18, 2
3 0 29: 1793, 19, 2
3 1 26: 1793, 19, 1
3 1 27: 1933, 13, 1
3 1 28: 1933, 12, 2
3 1 29: 1933, 13, 2
3 1 30: 1793, 19, 2
3 2 26: 1793, 18, 1
3 2 27: 1933, 12, 1
3 2 28: 1933, 17, 1
3 2 29: 1933, 12, 3
3 2 30: 1793, 18, 3
3 3 26: 1793, 19, 0
3 3 27: 1933, 13, 0
3 3 28: 1933, 12, 0
3 3 29: 1933, 13, 3
3 3 30: 1793, 19, 3
3 4 27: 1793, 19, 0
3 4 28: 1793, 18, 0
3 4 29: 1793, 19, 3
3 14 4: 1604, 12, 1
3 14 5: 1605, 17, 1
3 14 6: 1604, 12, 3
3 15 4: 1604, 12, 1
3 15 5: 1605, 17, 1
3 15 6: 1604, 12, 3
3 16 4: 1604, 12, 1
3 16 5: 1605, 17, 1
3 16 6: 1604, 12, 3
3 17 4: 1604, 12, 1
3 17 5: 1605, 17, 1
3 17 6: 1604, 12, 3
3 18 4: 1604, 12, 1
3 18 5: 1605, 17, 1
3 18 6: 1604, 12, 3
3 19 4: 1604, 12, 1
3 19 5: 1605, 17, 1
3 19 6: 1604, 12, 3
3 23 7: 1604, 12, 1
3 23 8: 1605, 17, 1
3 23 9: 1604, 12, 3
3 24 7: 1604, 12, 1
3 24 8: 1605, 17, 1
3 24 9: 1604, 12, 3
3 25 7: 1604, 12, 1
3 25 8: 1605, 17, 1
3 25 9: 1604, 12, 3
3 26 7: 1604, 12, 1
3 26 8: 1605, 17, 1
3 26 9: 1604, 12, 3
3 27 7: 1604, 12, 1
3 27 8: 1605, 17, 1
3 27 9: 1604, 12, 3
3 28 7: 1604, 12, 1
3 28 8: 1605, 17, 1
3 28 9: 1604, 12, 3
3 29 7: 1604, 12, 1
3 29 8: 1605, 17, 1
3 29 9: 1604, 12, 3
3 30 7: 1604, 12, 1
3 30 8: 1605, 17, 1
3 30 9: 1604, 12, 3
3 31 7: 1604, 12, 1
3 31 8: 1605, 17, 1
3 31 9: 1604, 12, 3
3 32 7: 1604, 12, 1
3 32 8: 1605, 17, 1
3 32 9: 1604, 12, 3
3 33 7: 1604, 12, 1
3 33 8: 1605, 17, 1
3 33 9: 1604, 12, 3
3 34 7: 1604, 12, 1
3 34 8: 1605, 17, 1
3 34 9: 1604, 12, 3
