0 0 0: 1938, 4, 1
0 0 1: 1911, 0, 3
0 0 1: 1938, 5, 3
0 0 3: 1911, 0, 3
0 0 8: 1247, 22, 2
0 0 8: 1276, 11, 0
0 0 9: 1247, 22, 1
0 0 21: 1189, 10, 2
0 0 21: 1258, 22, 3
0 0 22: 1258, 22, 3
0 0 23: 1257, 22, 0
0 0 24: 1602, 1, 1
0 0 25: 1602, 0, 2
0 0 25: 1823, 5, 2
0 0 28: 1298, 10, 0
0 0 28: 1602, 0, 2
0 0 28: 1823, 5, 2
0 0 29: 1602, 1, 2
0 0 36: 1911, 0, 1
0 0 37: 196, 4, 3
0 0 37: 1246, 22, 0
0 0 38: 1911, 0, 1
0 0 39: 1258, 22, 3
0 0 40: 1259, 22, 1
0 0 41: 1257, 22, 2
0 0 47: 2798, 10, 2
0 0 59: 2798, 10, 2
0 1 1: 1911, 0, 3
0 1 3: 1911, 0, 3
0 1 5: 1247, 22, 3
0 1 5: 1278, 11, 1
0 1 6: 1247, 22, 3
0 1 8: 1247, 22, 3
0 1 9: 1247, 22, 1
0 1 11: 1276, 11, 3
0 1 12: 1247, 22, 0
0 1 18: 1248, 22, 2
0 1 20: 1257, 22, 1
0 1 21: 1258, 22, 2
0 1 22: 1258, 22, 0
0 1 22: 1298, 10, 3
0 1 23: 1257, 22, 3
0 1 23: 1602, 1, 1
0 1 24: 1602, 9, 1
0 1 25: 1823, 4, 0
0 1 26: 1520, 0, 3
0 1 27: 1517, 0, 1
0 1 28: 1823, 4, 0
0 1 29: 1602, 9, 2
0 1 30: 1602, 1, 2
0 1 36: 1911, 0, 1
0 1 36: 2298, 5, 1
0 1 38: 1911, 0, 1
0 1 39: 1259, 22, 1
0 1 40: 1258, 22, 0
0 1 41: 1258, 22, 1
0 1 42: 1257, 22, 1
0 1 50: 1247, 22, 3
0 1 51: 1247, 22, 2
0 1 52: 2798, 10, 3
0 1 54: 2798, 10, 2
0 1 57: 2798, 10, 0
0 1 62: 1278, 10, 0
0 2 1: 1246, 22, 3
0 2 1: 1911, 0, 3
0 2 2: 604, 10, 0
0 2 3: 1911, 0, 3
0 2 5: 1247, 22, 0
0 2 6: 1247, 22, 0
0 2 11: 1246, 22, 3
0 2 12: 1247, 22, 3
0 2 14: 1257, 22, 0
0 2 16: 980, 0, 3
0 2 19: 980, 0, 3
0 2 19: 1257, 22, 3
0 2 20: 1189, 10, 1
0 2 20: 1259, 22, 1
0 2 21: 1259, 22, 3
0 2 22: 1258, 22, 1
0 2 22: 1602, 1, 1
0 2 23: 1602, 9, 1
0 2 25: 917, 22, 3
0 2 26: 918, 22, 3
0 2 27: 918, 22, 3
0 2 28: 917, 22, 0
0 2 29: 354, 11, 1
0 2 30: 1602, 9, 2
0 2 31: 1298, 11, 2
0 2 31: 1602, 1, 2
0 2 36: 1911, 0, 1
0 2 38: 1911, 0, 1
0 2 38: 1938, 5, 1
0 2 39: 1257, 22, 1
0 2 39: 1938, 4, 3
0 2 40: 1259, 22, 0
0 2 41: 1257, 22, 3
0 2 42: 1257, 22, 0
0 2 50: 1247, 22, 3
0 2 50: 2798, 10, 1
0 3 1: 1911, 0, 3
0 3 2: 196, 4, 1
0 3 2: 1248, 22, 3
0 3 3: 1911, 0, 3
0 3 6: 1902, 3, 1
0 3 7: 1904, 0, 2
0 3 8: 1828, 5, 2
0 3 8: 1904, 0, 2
0 3 9: 1904, 0, 2
0 3 10: 1533, 0, 2
0 3 11: 1904, 0, 2
0 3 12: 1153, 10, 3
0 3 12: 1832, 5, 2
0 3 12: 1904, 0, 2
0 3 13: 1152, 10, 3
0 3 13: 1257, 22, 3
0 3 13: 1904, 0, 2
0 3 14: 1258, 22, 2
0 3 14: 1902, 3, 2
0 3 15: 1257, 22, 1
0 3 16: 980, 0, 3
0 3 19: 980, 0, 3
0 3 19: 1257, 22, 0
0 3 20: 1259, 22, 1
0 3 21: 1257, 22, 2
0 3 21: 1602, 1, 1
0 3 22: 1602, 9, 1
0 3 23: 359, 10, 3
0 3 25: 917, 22, 2
0 3 26: 918, 22, 1
0 3 27: 918, 22, 1
0 3 28: 917, 22, 1
0 3 29: 354, 11, 2
0 3 30: 354, 10, 2
0 3 31: 1602, 9, 2
0 3 32: 1602, 1, 2
0 3 34: 1247, 22, 3
0 3 34: 1276, 10, 1
0 3 35: 1247, 22, 0
0 3 36: 1911, 0, 1
0 3 37: 196, 4, 3
0 3 38: 1247, 22, 3
0 3 38: 1911, 0, 1
0 3 39: 1257, 22, 0
0 3 40: 1259, 22, 3
0 3 41: 1258, 22, 2
0 3 42: 1257, 22, 3
0 3 47: 1246, 22, 0
0 3 52: 1246, 22, 1
0 3 53: 2798, 10, 1
0 4 0: 1938, 4, 1
0 4 1: 1911, 0, 3
0 4 1: 1938, 5, 3
0 4 3: 1911, 0, 3
0 4 6: 1904, 0, 1
0 4 7: 1158, 10, 0
0 4 8: 1832, 4, 0
0 4 9: 196, 4, 0
0 4 11: 196, 4, 0
0 4 12: 1102, 10, 0
0 4 12: 1832, 4, 0
0 4 13: 598, 11, 3
0 4 14: 1257, 22, 2
0 4 14: 1904, 0, 3
0 4 15: 1257, 22, 1
0 4 16: 980, 9, 0
0 4 19: 980, 0, 3
0 4 20: 1257, 22, 1
0 4 20: 1602, 1, 1
0 4 21: 1602, 9, 1
0 4 22: 360, 10, 0
0 4 23: 1247, 22, 2
0 4 25: 1247, 22, 1
0 4 30: 357, 10, 2
0 4 31: 358, 10, 2
0 4 32: 1602, 9, 2
0 4 33: 1602, 1, 2
0 4 35: 1247, 22, 1
0 4 36: 1911, 0, 1
0 4 38: 1911, 0, 1
0 4 39: 1259, 22, 2
0 4 40: 1259, 22, 0
0 4 41: 825, 22, 1
0 4 46: 1247, 22, 1
0 4 47: 1286, 10, 3
0 4 48: 325, 22, 2
0 4 50: 325, 22, 1
0 4 53: 325, 22, 3
0 4 58: 1246, 22, 2
0 5 1: 1911, 0, 3
0 5 3: 1911, 0, 3
0 5 4: 1189, 10, 0
0 5 6: 1828, 5, 1
0 5 6: 1904, 0, 1
0 5 7: 1832, 4, 3
0 5 8: 943, 22, 3
0 5 9: 944, 22, 3
0 5 10: 944, 22, 3
0 5 11: 944, 22, 3
0 5 12: 943, 22, 0
0 5 13: 598, 11, 3
0 5 13: 1832, 4, 1
0 5 14: 1259, 22, 0
0 5 14: 1828, 5, 3
0 5 14: 1904, 0, 3
0 5 15: 1258, 22, 3
0 5 16: 980, 0, 1
0 5 19: 980, 0, 3
0 5 19: 1257, 22, 2
0 5 20: 1257, 22, 2
0 5 20: 1602, 0, 1
0 5 21: 1014, 10, 3
0 5 22: 1246, 22, 2
0 5 24: 603, 10, 2
0 5 26: 1102, 10, 2
0 5 27: 603, 10, 2
0 5 28: 1102, 10, 2
0 5 29: 952, 22, 0
0 5 30: 950, 22, 0
0 5 32: 1013, 10, 1
0 5 33: 1602, 0, 3
0 5 35: 1247, 22, 0
0 5 35: 1276, 10, 2
0 5 36: 1911, 0, 1
0 5 37: 1248, 22, 2
0 5 38: 1911, 0, 1
0 5 39: 1257, 22, 3
0 5 40: 1259, 22, 0
0 5 41: 1258, 22, 3
0 5 43: 1246, 22, 3
0 5 47: 325, 22, 1
0 5 47: 1631, 1, 1
0 5 48: 326, 22, 3
0 5 48: 1631, 0, 2
0 5 49: 325, 22, 3
0 5 49: 1631, 0, 2
0 5 50: 324, 22, 2
0 5 50: 1631, 0, 2
0 5 51: 325, 22, 0
0 5 51: 1631, 0, 2
0 5 52: 325, 22, 2
0 5 52: 733, 10, 2
0 5 53: 324, 22, 1
0 5 53: 1631, 1, 2
0 5 54: 325, 22, 0
0 5 57: 1247, 22, 0
0 5 58: 2798, 10, 0
0 6 1: 1911, 0, 3
0 6 3: 1911, 0, 3
0 6 6: 1904, 0, 1
0 6 7: 381, 10, 3
0 6 8: 944, 22, 2
0 6 9: 945, 22, 0
0 6 10: 945, 22, 0
0 6 11: 945, 22, 0
0 6 12: 944, 22, 0
0 6 13: 1102, 10, 3
0 6 14: 1152, 10, 3
0 6 14: 1259, 22, 0
0 6 14: 1904, 0, 3
0 6 15: 1258, 22, 3
0 6 16: 980, 0, 1
0 6 16: 1257, 22, 2
0 6 19: 980, 0, 3
0 6 19: 1257, 22, 1
0 6 20: 1259, 22, 3
0 6 20: 1602, 0, 1
0 6 20: 1821, 5, 1
0 6 21: 874, 10, 3
0 6 23: 1102, 10, 3
0 6 26: 2770, 22, 3
0 6 29: 953, 22, 0
0 6 30: 951, 22, 0
0 6 32: 391, 4, 1
0 6 32: 2728, 10, 1
0 6 33: 1602, 0, 3
0 6 35: 1246, 22, 0
0 6 36: 1247, 22, 2
0 6 36: 1911, 0, 1
0 6 37: 196, 4, 3
0 6 38: 1911, 0, 1
0 6 38: 1938, 5, 1
0 6 39: 1257, 22, 3
0 6 39: 1938, 4, 3
0 6 40: 1259, 22, 0
0 6 42: 1247, 22, 0
0 6 43: 1286, 10, 2
0 6 46: 325, 22, 0
0 6 46: 1631, 1, 1
0 6 47: 197, 7, 1
0 6 47: 1631, 9, 1
0 6 48: 1089, 10, 0
0 6 48: 1872, 4, 0
0 6 50: 1246, 22, 2
0 6 51: 686, 22, 0
0 6 51: 1872, 4, 0
0 6 53: 197, 7, 2
0 6 53: 1631, 9, 2
0 6 54: 326, 22, 2
0 6 54: 1631, 1, 2
0 6 55: 325, 22, 1
0 6 56: 1246, 22, 3
0 6 58: 1247, 22, 1
0 7 1: 1911, 0, 3
0 7 3: 1911, 0, 3
0 7 6: 1189, 10, 3
0 7 6: 1904, 0, 1
0 7 7: 196, 4, 3
0 7 8: 943, 22, 2
0 7 9: 944, 22, 1
0 7 10: 944, 22, 1
0 7 10: 1088, 10, 3
0 7 11: 944, 22, 1
0 7 11: 1088, 10, 3
0 7 12: 943, 22, 1
0 7 13: 196, 4, 1
0 7 14: 1154, 10, 3
0 7 14: 1259, 22, 3
0 7 14: 1904, 0, 3
0 7 15: 1259, 22, 0
0 7 16: 980, 0, 1
0 7 16: 1258, 22, 2
0 7 19: 980, 0, 3
0 7 19: 1257, 22, 1
0 7 20: 1258, 22, 2
0 7 20: 1602, 0, 1
0 7 20: 1821, 5, 1
0 7 21: 391, 4, 3
0 7 21: 2771, 22, 0
0 7 23: 1102, 10, 0
0 7 25: 1102, 10, 1
0 7 28: 1102, 10, 0
0 7 31: 1246, 22, 0
0 7 32: 391, 4, 1
0 7 32: 2772, 22, 0
0 7 33: 1602, 0, 3
0 7 36: 1911, 0, 1
0 7 38: 1911, 0, 1
0 7 39: 1257, 22, 2
0 7 40: 1258, 22, 2
0 7 41: 1257, 22, 1
0 7 43: 1247, 22, 1
0 7 45: 325, 22, 3
0 7 46: 326, 22, 2
0 7 46: 1631, 0, 1
0 7 47: 1872, 4, 3
0 7 48: 827, 22, 0
0 7 49: 1248, 22, 1
0 7 50: 994, 0, 2
0 7 51: 994, 0, 2
0 7 52: 825, 22, 2
0 7 52: 994, 0, 2
0 7 53: 994, 0, 2
0 7 53: 1246, 22, 0
0 7 53: 1872, 4, 1
0 7 54: 325, 22, 0
0 7 54: 1631, 0, 3
0 7 56: 1286, 10, 0
0 7 57: 1247, 22, 3
0 8 0: 1938, 4, 1
0 8 1: 1911, 0, 3
0 8 1: 1938, 5, 3
0 8 2: 196, 4, 1
0 8 2: 1247, 22, 3
0 8 3: 1911, 0, 3
0 8 5: 1189, 10, 2
0 8 6: 1904, 0, 1
0 8 7: 381, 10, 3
0 8 10: 595, 10, 3
0 8 13: 683, 10, 0
0 8 14: 1152, 10, 3
0 8 14: 1259, 22, 3
0 8 14: 1904, 0, 3
0 8 15: 1258, 22, 0
0 8 16: 980, 9, 1
0 8 19: 980, 0, 3
0 8 20: 1257, 22, 0
0 8 20: 1602, 0, 1
0 8 21: 2727, 10, 3
0 8 25: 1246, 22, 3
0 8 26: 1248, 22, 0
0 8 28: 1247, 22, 0
0 8 30: 595, 10, 0
0 8 32: 1013, 10, 1
0 8 33: 1602, 0, 3
0 8 36: 1911, 0, 1
0 8 37: 595, 10, 2
0 8 38: 1911, 0, 1
0 8 39: 1259, 22, 3
0 8 41: 1257, 22, 0
0 8 46: 325, 22, 2
0 8 46: 1631, 0, 1
0 8 46: 1873, 5, 1
0 8 47: 1873, 4, 3
0 8 48: 686, 22, 0
0 8 50: 994, 0, 3
0 8 53: 197, 4, 1
0 8 54: 326, 22, 3
0 8 54: 1631, 0, 3
0 8 55: 325, 22, 0
0 9 1: 1911, 0, 3
0 9 3: 1911, 0, 3
0 9 5: 1173, 10, 2
0 9 5: 1257, 22, 3
0 9 6: 1828, 5, 1
0 9 6: 1904, 0, 1
0 9 7: 1832, 4, 3
0 9 11: 1088, 10, 1
0 9 13: 1832, 4, 1
0 9 14: 1259, 22, 1
0 9 14: 1828, 5, 3
0 9 14: 1904, 0, 3
0 9 15: 1173, 10, 0
0 9 15: 1257, 22, 1
0 9 16: 980, 0, 3
0 9 19: 980, 9, 2
0 9 20: 980, 1, 2
0 9 21: 1602, 9, 0
0 9 22: 357, 10, 2
0 9 23: 356, 10, 2
0 9 29: 1102, 10, 3
0 9 31: 1102, 10, 0
0 9 32: 1602, 9, 3
0 9 33: 1257, 22, 0
0 9 33: 1602, 1, 3
0 9 34: 1247, 22, 0
0 9 34: 1276, 10, 3
0 9 36: 1911, 0, 1
0 9 38: 1911, 0, 1
0 9 39: 1258, 22, 0
0 9 40: 1257, 22, 2
0 9 46: 733, 10, 1
0 9 48: 1248, 22, 3
0 9 50: 1733, 10, 2
0 9 53: 1023, 4, 1
0 9 54: 324, 22, 2
0 9 54: 1631, 0, 3
0 9 55: 1246, 22, 2
0 9 58: 1247, 22, 2
0 10 1: 1911, 0, 3
0 10 3: 1911, 0, 3
0 10 4: 1257, 22, 0
0 10 5: 1257, 22, 2
0 10 6: 1257, 22, 2
0 10 6: 1904, 0, 1
0 10 7: 604, 10, 3
0 10 8: 1832, 4, 2
0 10 9: 196, 4, 2
0 10 10: 2724, 10, 2
0 10 11: 196, 4, 2
0 10 12: 1832, 4, 2
0 10 13: 350, 10, 1
0 10 14: 1257, 22, 0
0 10 14: 1904, 0, 3
0 10 16: 980, 0, 3
0 10 20: 980, 0, 3
0 10 21: 1602, 1, 0
0 10 22: 1602, 9, 0
0 10 23: 358, 10, 3
0 10 24: 357, 10, 0
0 10 25: 917, 22, 3
0 10 26: 918, 22, 3
0 10 27: 918, 22, 3
0 10 28: 917, 22, 0
0 10 29: 1248, 22, 3
0 10 31: 1602, 9, 3
0 10 32: 1259, 22, 3
0 10 32: 1602, 1, 3
0 10 33: 1258, 22, 0
0 10 34: 1246, 22, 1
0 10 35: 1247, 22, 1
0 10 36: 1911, 0, 1
0 10 37: 196, 4, 3
0 10 38: 1911, 0, 1
0 10 38: 1938, 5, 1
0 10 39: 1257, 22, 2
0 10 39: 1938, 4, 3
0 10 42: 1247, 22, 2
0 10 46: 325, 22, 0
0 10 46: 733, 10, 1
0 10 49: 687, 22, 0
0 10 51: 2745, 22, 0
0 10 53: 1023, 4, 1
0 10 54: 325, 22, 0
0 10 54: 1631, 0, 3
0 10 55: 325, 22, 2
0 10 55: 1286, 10, 2
0 10 57: 1246, 22, 3
0 10 58: 1286, 10, 1
0 10 59: 1247, 22, 1
0 11 1: 1247, 22, 2
0 11 1: 1911, 0, 3
0 11 2: 595, 10, 0
0 11 3: 1911, 0, 3
0 11 5: 1258, 22, 0
0 11 6: 1259, 22, 0
0 11 6: 1902, 3, 0
0 11 7: 1259, 22, 3
0 11 7: 1904, 0, 0
0 11 8: 1258, 22, 1
0 11 8: 1828, 5, 0
0 11 8: 1904, 0, 0
0 11 9: 1258, 22, 1
0 11 9: 1904, 0, 0
0 11 10: 1258, 22, 0
0 11 10: 1904, 0, 0
0 11 11: 1257, 22, 1
0 11 11: 1904, 0, 0
0 11 12: 1828, 5, 0
0 11 12: 1904, 0, 0
0 11 13: 1257, 22, 2
0 11 13: 1904, 0, 0
0 11 14: 1173, 10, 2
0 11 14: 1257, 22, 3
0 11 14: 1902, 3, 3
0 11 16: 981, 3, 3
0 11 20: 980, 0, 3
0 11 22: 1602, 1, 0
0 11 23: 1602, 9, 0
0 11 24: 356, 10, 3
0 11 25: 917, 22, 2
0 11 26: 918, 22, 1
0 11 27: 918, 22, 1
0 11 28: 917, 22, 1
0 11 30: 1602, 9, 3
0 11 31: 1259, 22, 0
0 11 31: 1602, 1, 3
0 11 32: 1259, 22, 2
0 11 33: 1258, 22, 2
0 11 34: 1257, 22, 3
0 11 35: 1247, 22, 3
0 11 35: 1276, 10, 0
0 11 36: 1247, 22, 2
0 11 36: 1911, 0, 1
0 11 38: 1911, 0, 1
0 11 41: 1247, 22, 3
0 11 42: 1286, 10, 1
0 11 43: 1246, 22, 2
0 11 45: 326, 22, 3
0 11 46: 325, 22, 1
0 11 46: 706, 5, 1
0 11 46: 1631, 0, 1
0 11 47: 1247, 22, 2
0 11 49: 706, 4, 1
0 11 50: 994, 0, 3
0 11 53: 197, 4, 1
0 11 54: 326, 22, 2
0 11 54: 1631, 0, 3
0 11 55: 325, 22, 2
0 11 56: 325, 22, 1
0 12 0: 1938, 4, 1
0 12 1: 1247, 22, 2
0 12 1: 1911, 0, 3
0 12 1: 1938, 5, 3
0 12 3: 1911, 0, 3
0 12 5: 1258, 22, 1
0 12 6: 1258, 22, 1
0 12 7: 1258, 22, 2
0 12 8: 1259, 22, 2
0 12 9: 1257, 22, 3
0 12 13: 1276, 10, 3
0 12 14: 1247, 22, 2
0 12 20: 980, 0, 3
0 12 23: 1602, 1, 0
0 12 24: 1602, 9, 0
0 12 25: 1823, 4, 2
0 12 26: 1517, 0, 3
0 12 27: 1520, 0, 1
0 12 28: 1823, 4, 2
0 12 29: 1602, 9, 3
0 12 30: 1257, 22, 3
0 12 30: 1602, 1, 3
0 12 31: 1257, 22, 0
0 12 32: 1164, 10, 1
0 12 32: 1258, 22, 0
0 12 33: 1259, 22, 2
0 12 34: 1257, 22, 2
0 12 35: 1247, 22, 0
0 12 36: 1911, 0, 1
0 12 38: 1911, 0, 1
0 12 45: 325, 22, 0
0 12 46: 324, 22, 0
0 12 46: 909, 5, 1
0 12 46: 1631, 0, 1
0 12 47: 688, 22, 0
0 12 47: 1872, 4, 3
0 12 49: 1248, 22, 2
0 12 50: 825, 22, 3
0 12 50: 994, 0, 0
0 12 51: 994, 0, 0
0 12 52: 994, 0, 0
0 12 52: 1247, 22, 1
0 12 53: 994, 0, 0
0 12 53: 1872, 4, 1
0 12 54: 325, 22, 1
0 12 54: 1631, 0, 3
0 12 55: 325, 22, 1
0 13 1: 1911, 0, 3
0 13 3: 1911, 0, 3
0 13 4: 1247, 22, 1
0 13 4: 1276, 10, 3
0 13 5: 1247, 22, 3
0 13 7: 1257, 22, 0
0 13 8: 1257, 22, 3
0 13 9: 1246, 22, 0
0 13 9: 1276, 10, 0
0 13 10: 1247, 22, 0
0 13 12: 1124, 11, 2
0 13 13: 1247, 22, 3
0 13 14: 1247, 22, 1
0 13 20: 981, 3, 3
0 13 21: 1247, 22, 0
0 13 21: 1276, 10, 2
0 13 22: 1247, 22, 2
0 13 24: 1602, 1, 0
0 13 25: 1602, 0, 0
0 13 25: 1823, 5, 0
0 13 28: 1257, 22, 2
0 13 28: 1602, 0, 0
0 13 28: 1823, 5, 0
0 13 29: 1257, 22, 0
0 13 29: 1602, 1, 3
0 13 30: 1259, 22, 3
0 13 30: 1298, 11, 1
0 13 31: 1257, 22, 2
0 13 33: 1257, 22, 1
0 13 34: 1246, 22, 2
0 13 34: 1276, 10, 2
0 13 35: 1247, 22, 1
0 13 36: 1911, 0, 1
0 13 37: 196, 4, 3
0 13 38: 1911, 0, 1
0 13 39: 1257, 22, 1
0 13 45: 325, 22, 2
0 13 46: 326, 22, 2
0 13 46: 1631, 1, 0
0 13 47: 197, 7, 0
0 13 47: 1631, 9, 0
0 13 48: 1872, 4, 2
0 13 50: 1089, 10, 3
0 13 51: 688, 22, 0
0 13 51: 1872, 4, 2
0 13 53: 197, 7, 3
0 13 53: 1631, 9, 3
0 13 54: 324, 22, 3
0 13 54: 1631, 1, 3
0 13 55: 325, 22, 0
0 13 59: 1246, 22, 0
0 14 1: 1911, 0, 3
0 14 2: 604, 10, 2
0 14 3: 1911, 0, 3
0 14 4: 1247, 22, 2
0 14 7: 1247, 22, 0
0 14 7: 1276, 10, 2
0 14 8: 1246, 22, 3
0 14 9: 1247, 22, 3
0 14 16: 336, 22, 2
0 14 21: 1247, 22, 1
0 14 22: 1247, 22, 2
0 14 23: 1257, 22, 0
0 14 24: 1257, 22, 2
0 14 25: 1298, 10, 2
0 14 29: 1164, 10, 0
0 14 29: 1257, 22, 3
0 14 30: 1257, 22, 1
0 14 31: 1247, 22, 1
0 14 31: 1276, 10, 1
0 14 32: 1246, 22, 3
0 14 34: 1164, 10, 2
0 14 34: 1247, 22, 2
0 14 36: 1911, 0, 1
0 14 37: 1247, 22, 2
0 14 38: 1911, 0, 1
0 14 38: 1938, 5, 1
0 14 39: 1257, 22, 1
0 14 39: 1938, 4, 3
0 14 40: 1257, 22, 2
0 14 46: 325, 22, 1
0 14 47: 325, 22, 3
0 14 47: 1631, 1, 0
0 14 48: 324, 22, 0
0 14 48: 1631, 0, 0
0 14 49: 326, 22, 0
0 14 49: 1631, 0, 0
0 14 50: 325, 22, 2
0 14 50: 1631, 0, 0
0 14 51: 325, 22, 3
0 14 51: 1631, 0, 0
0 14 52: 733, 10, 0
0 14 53: 325, 22, 2
0 14 53: 1631, 1, 3
0 14 54: 325, 22, 3
0 14 58: 1247, 22, 0
0 14 59: 1286, 10, 3
0 15 1: 1911, 0, 3
0 15 3: 1911, 0, 3
0 15 7: 1247, 22, 2
0 15 8: 1247, 22, 1
0 15 9: 1247, 22, 2
0 15 9: 1281, 10, 0
0 15 11: 1247, 22, 1
0 15 14: 1124, 11, 3
0 15 22: 1257, 22, 0
0 15 23: 1247, 22, 2
0 15 23: 1281, 10, 3
0 15 24: 1247, 22, 1
0 15 31: 1247, 22, 2
0 15 32: 1247, 22, 1
0 15 33: 1247, 22, 3
0 15 33: 1281, 10, 2
0 15 35: 1246, 22, 1
0 15 36: 1911, 0, 1
0 15 38: 1248, 22, 0
0 15 38: 1911, 0, 1
0 15 39: 1257, 22, 3
0 15 40: 1257, 22, 3
0 15 41: 1257, 22, 0
0 15 44: 1246, 22, 2
0 15 49: 325, 22, 1
0 15 50: 325, 22, 0
0 15 50: 1124, 10, 2
0 15 51: 1122, 10, 3
0 15 56: 1246, 22, 1
0 15 56: 1286, 10, 3
0 15 59: 1247, 22, 3
0 16 0: 1938, 4, 1
0 16 1: 1911, 0, 3
0 16 1: 1938, 5, 3
0 16 2: 196, 4, 1
0 16 3: 1911, 0, 3
0 16 7: 1276, 10, 2
0 16 8: 1247, 22, 0
0 16 11: 1246, 22, 1
0 16 19: 336, 22, 3
0 16 22: 1258, 22, 0
0 16 23: 1246, 22, 0
0 16 25: 1246, 22, 1
0 16 29: 1247, 22, 2
0 16 29: 1276, 10, 3
0 16 30: 1247, 22, 3
0 16 31: 1276, 10, 0
0 16 32: 1247, 22, 3
0 16 36: 1911, 0, 1
0 16 37: 196, 4, 3
0 16 38: 1911, 0, 1
0 16 39: 1257, 22, 3
0 16 40: 1259, 22, 3
0 16 41: 1257, 22, 0
0 16 44: 1286, 10, 0
0 16 49: 1247, 22, 3
0 16 55: 1246, 22, 2
0 17 1: 1911, 0, 3
0 17 3: 1911, 0, 3
0 17 7: 1247, 22, 3
0 17 8: 1246, 22, 2
0 17 9: 1247, 22, 0
0 17 11: 1247, 22, 3
0 17 14: 1276, 10, 1
0 17 23: 1247, 22, 1
0 17 24: 1247, 22, 3
0 17 25: 1259, 22, 2
0 17 29: 1246, 22, 0
0 17 32: 1164, 10, 3
0 17 33: 1246, 22, 0
0 17 34: 1247, 22, 3
0 17 35: 1247, 22, 1
0 17 36: 1911, 0, 1
0 17 38: 1911, 0, 1
0 17 39: 1258, 22, 0
0 17 40: 1259, 22, 3
0 17 41: 1257, 22, 1
0 17 42: 1257, 22, 3
0 17 44: 1247, 22, 2
0 17 47: 1124, 10, 2
0 17 48: 1246, 22, 0
0 17 49: 1124, 10, 1
0 17 50: 1247, 22, 0
0 17 53: 1247, 22, 1
0 17 54: 1124, 10, 0
0 18 1: 1911, 0, 3
0 18 3: 1246, 22, 0
0 18 3: 1911, 0, 3
0 18 5: 1189, 10, 1
0 18 8: 1189, 10, 0
0 18 9: 1276, 10, 1
0 18 10: 1247, 22, 2
0 18 15: 1246, 22, 2
0 18 17: 981, 3, 2
0 18 24: 1164, 10, 3
0 18 24: 1259, 22, 3
0 18 25: 1258, 22, 1
0 18 30: 1247, 22, 1
0 18 30: 1276, 10, 3
0 18 31: 1247, 22, 0
0 18 32: 1276, 10, 1
0 18 36: 1911, 0, 1
0 18 38: 1911, 0, 1
0 18 38: 1938, 5, 1
0 18 39: 1258, 22, 1
0 18 39: 1938, 4, 3
0 18 40: 1259, 22, 0
0 18 41: 1259, 22, 3
0 18 42: 1257, 22, 3
0 18 47: 1246, 22, 1
0 18 54: 1247, 22, 3
0 19 1: 1911, 0, 3
0 19 2: 1248, 22, 0
0 19 3: 1911, 0, 3
0 19 9: 1247, 22, 1
0 19 10: 1246, 22, 1
0 19 13: 1276, 10, 3
0 19 17: 980, 9, 2
0 19 18: 980, 0, 2
0 19 19: 980, 0, 2
0 19 20: 981, 3, 2
0 19 30: 1247, 22, 3
0 19 33: 1246, 22, 0
0 19 36: 1911, 0, 1
0 19 37: 196, 4, 3
0 19 37: 1246, 22, 3
0 19 38: 1911, 0, 1
0 19 40: 1259, 22, 3
0 19 41: 1259, 22, 2
0 19 42: 1258, 22, 2
0 19 44: 825, 22, 0
0 19 53: 1122, 10, 2
0 19 62: 1276, 10, 0
0 20 0: 1938, 4, 1
0 20 1: 1911, 0, 3
0 20 1: 1938, 5, 3
0 20 2: 196, 4, 1
0 20 2: 1102, 10, 3
0 20 3: 1257, 22, 3
0 20 3: 1911, 0, 3
0 20 6: 1276, 10, 0
0 20 14: 1246, 22, 0
0 20 26: 1248, 22, 0
0 20 31: 1246, 22, 3
0 20 31: 1276, 10, 2
0 20 32: 1247, 22, 2
0 20 36: 1911, 0, 1
0 20 38: 1911, 0, 1
0 20 39: 1257, 22, 0
0 20 40: 1258, 22, 3
0 20 41: 1259, 22, 2
0 20 42: 1258, 22, 1
0 20 43: 1258, 22, 1
0 20 49: 1247, 22, 1
0 20 62: 1246, 22, 3
0 21 0: 1911, 9, 3
0 21 1: 1911, 1, 3
0 21 3: 1257, 22, 2
0 21 3: 1911, 0, 3
0 21 4: 1189, 10, 3
0 21 4: 1257, 22, 2
0 21 8: 1189, 10, 3
0 21 9: 1189, 10, 0
0 21 11: 1602, 3, 2
0 21 13: 1602, 3, 2
0 21 17: 1602, 3, 1
0 21 20: 1602, 3, 1
0 21 22: 1248, 22, 1
0 21 25: 336, 22, 0
0 21 26: 336, 22, 1
0 21 31: 1247, 22, 1
0 21 34: 1246, 22, 3
0 21 34: 1276, 10, 3
0 21 35: 1247, 22, 0
0 21 36: 1911, 0, 1
0 21 38: 1911, 0, 1
0 21 39: 1278, 10, 3
0 21 40: 1247, 22, 0
0 21 41: 1258, 22, 2
0 21 42: 1259, 22, 2
0 21 43: 1258, 22, 0
0 21 48: 1246, 22, 3
0 21 55: 1124, 10, 3
0 22 0: 1911, 1, 3
0 22 2: 1911, 9, 3
0 22 3: 1258, 22, 3
0 22 3: 1911, 1, 3
0 22 4: 1257, 22, 1
0 22 10: 997, 9, 3
0 22 11: 997, 0, 0
0 22 11: 2496, 22, 3
0 22 12: 997, 0, 0
0 22 13: 997, 0, 0
0 22 14: 997, 0, 0
0 22 15: 997, 0, 0
0 22 16: 997, 0, 0
0 22 17: 997, 0, 0
0 22 18: 997, 0, 0
0 22 19: 997, 0, 0
0 22 20: 997, 0, 0
0 22 20: 2496, 22, 3
0 22 21: 997, 9, 0
0 22 24: 336, 22, 3
0 22 25: 335, 22, 0
0 22 29: 825, 22, 0
0 22 34: 1247, 22, 1
0 22 36: 1911, 0, 1
0 22 37: 196, 4, 3
0 22 38: 1911, 0, 1
0 22 38: 1938, 5, 1
0 22 39: 1938, 4, 3
0 22 40: 1247, 22, 1
0 22 41: 1257, 22, 1
0 22 42: 1259, 22, 1
0 22 43: 1258, 22, 0
0 22 45: 1258, 22, 1
0 22 47: 1246, 22, 1
0 22 48: 1322, 10, 0
0 22 49: 1247, 22, 3
0 22 52: 1258, 22, 2
0 22 53: 1258, 22, 3
0 23 1: 1911, 9, 3
0 23 2: 1259, 22, 3
0 23 2: 1911, 1, 3
0 23 3: 1189, 10, 2
0 23 3: 1258, 22, 3
0 23 4: 1257, 22, 0
0 23 5: 1276, 10, 2
0 23 6: 1246, 22, 3
0 23 9: 997, 9, 3
0 23 13: 1196, 10, 1
0 23 16: 1257, 22, 3
0 23 17: 1257, 22, 3
0 23 18: 1257, 22, 2
0 23 19: 1257, 22, 0
0 23 20: 1257, 22, 3
0 23 21: 1164, 10, 0
0 23 22: 997, 9, 0
0 23 26: 336, 22, 3
0 23 27: 653, 22, 0
0 23 31: 1247, 22, 0
0 23 31: 1276, 10, 2
0 23 32: 1246, 22, 2
0 23 36: 1911, 0, 1
0 23 37: 1102, 10, 3
0 23 38: 1911, 0, 1
0 23 39: 1278, 10, 0
0 23 40: 1246, 22, 0
0 23 41: 1278, 10, 2
0 23 42: 1247, 22, 0
0 23 43: 1257, 22, 0
0 23 45: 1257, 22, 1
0 23 46: 1258, 22, 2
0 23 48: 1247, 22, 2
0 23 52: 1259, 22, 3
0 23 53: 1258, 22, 0
0 23 57: 1247, 22, 0
0 23 57: 1276, 10, 0
0 23 58: 1246, 22, 0
0 24 0: 1247, 22, 2
0 24 1: 1258, 22, 1
0 24 1: 1911, 0, 3
0 24 2: 1258, 22, 1
0 24 3: 1257, 22, 2
0 24 4: 1257, 22, 3
0 24 8: 997, 9, 3
0 24 12: 1195, 10, 0
0 24 13: 1907, 1, 1
0 24 14: 1904, 0, 2
0 24 14: 1938, 5, 2
0 24 15: 1601, 0, 2
0 24 16: 1600, 0, 2
0 24 17: 1257, 22, 0
0 24 17: 1904, 0, 2
0 24 18: 1258, 22, 2
0 24 18: 1907, 1, 2
0 24 19: 1196, 10, 1
0 24 19: 1258, 22, 1
0 24 20: 1257, 22, 3
0 24 21: 1257, 22, 1
0 24 22: 1257, 22, 1
0 24 23: 997, 9, 0
0 24 32: 1247, 22, 3
0 24 36: 1911, 0, 1
0 24 37: 595, 10, 2
0 24 38: 1911, 0, 1
0 24 40: 1247, 22, 2
0 24 42: 1257, 22, 3
0 24 43: 1257, 22, 0
0 24 45: 1122, 10, 1
0 24 45: 1247, 22, 2
0 24 46: 1247, 22, 3
0 24 47: 1259, 22, 3
0 24 48: 1257, 22, 2
0 24 50: 1258, 22, 0
0 24 51: 1259, 22, 0
0 24 52: 1258, 22, 1
0 24 58: 1247, 22, 1
0 25 1: 1258, 22, 0
0 25 1: 1911, 0, 3
0 25 2: 1258, 22, 3
0 25 3: 1257, 22, 1
0 25 7: 1602, 3, 0
0 25 8: 997, 0, 3
0 25 9: 83, 0, 1
0 25 9: 2496, 22, 0
0 25 10: 1196, 10, 0
0 25 11: 1195, 10, 1
0 25 11: 1258, 22, 0
0 25 12: 1196, 10, 3
0 25 12: 1258, 22, 2
0 25 12: 1907, 1, 1
0 25 13: 196, 7, 1
0 25 13: 1904, 9, 1
0 25 14: 683, 10, 3
0 25 14: 1938, 4, 0
0 25 17: 683, 10, 3
0 25 18: 196, 7, 2
0 25 18: 1904, 9, 2
0 25 19: 1195, 10, 3
0 25 19: 1259, 22, 1
0 25 19: 1907, 1, 2
0 25 20: 1195, 10, 2
0 25 20: 1258, 22, 0
0 25 21: 1196, 10, 2
0 25 21: 1258, 22, 0
0 25 22: 83, 0, 1
0 25 22: 2496, 22, 3
0 25 23: 997, 0, 1
0 25 23: 1257, 22, 1
0 25 24: 1602, 3, 3
0 25 26: 652, 22, 3
0 25 27: 825, 22, 1
0 25 29: 1247, 22, 0
0 25 29: 1276, 10, 2
0 25 30: 1247, 22, 0
0 25 36: 1911, 0, 1
0 25 37: 1248, 22, 1
0 25 38: 1911, 0, 1
0 25 39: 1257, 22, 2
0 25 40: 1247, 22, 3
0 25 40: 1278, 10, 1
0 25 41: 1246, 22, 1
0 25 46: 1247, 22, 2
0 25 47: 1257, 22, 0
0 25 48: 1259, 22, 3
0 25 49: 1194, 10, 2
0 25 49: 1259, 22, 2
0 25 50: 1258, 22, 2
0 25 51: 1258, 22, 0
0 25 52: 1257, 22, 0
0 25 56: 1247, 22, 1
0 25 56: 1281, 10, 0
0 25 59: 1276, 10, 3
0 25 60: 1247, 22, 2
0 26 0: 196, 4, 1
0 26 1: 1258, 22, 3
0 26 1: 1911, 0, 3
0 26 2: 1257, 22, 0
0 26 3: 1257, 22, 1
0 26 8: 997, 0, 3
0 26 9: 1196, 10, 2
0 26 10: 1195, 10, 2
0 26 10: 1258, 22, 1
0 26 11: 1196, 10, 1
0 26 11: 1259, 22, 2
0 26 11: 1907, 1, 1
0 26 12: 1904, 9, 1
0 26 13: 604, 10, 3
0 26 19: 1904, 9, 2
0 26 19: 1938, 8, 2
0 26 20: 1196, 10, 0
0 26 20: 1259, 22, 0
0 26 20: 1907, 1, 2
0 26 21: 1195, 10, 1
0 26 21: 1259, 22, 2
0 26 22: 1257, 22, 3
0 26 23: 997, 0, 1
0 26 23: 1257, 22, 1
0 26 24: 336, 22, 0
0 26 29: 1247, 22, 1
0 26 30: 1246, 22, 1
0 26 31: 1124, 11, 3
0 26 34: 1246, 22, 0
0 26 34: 1276, 10, 1
0 26 35: 1247, 22, 2
0 26 36: 1911, 0, 1
0 26 37: 196, 4, 3
0 26 37: 1247, 22, 1
0 26 38: 1911, 0, 1
0 26 38: 1938, 5, 1
0 26 39: 1257, 22, 3
0 26 39: 1938, 4, 3
0 26 41: 1247, 22, 2
0 26 48: 1257, 22, 3
0 26 49: 1259, 22, 2
0 26 50: 1257, 22, 3
0 26 51: 1257, 22, 1
0 26 52: 1276, 10, 2
0 26 53: 1247, 22, 2
0 26 56: 1246, 22, 0
0 26 58: 1247, 22, 0
0 26 59: 1247, 22, 3
0 26 60: 1246, 22, 2
0 27 1: 1257, 22, 3
0 27 1: 1911, 0, 3
0 27 2: 1257, 22, 0
0 27 3: 1300, 10, 1
0 27 5: 1276, 10, 2
0 27 6: 1246, 22, 1
0 27 8: 997, 0, 3
0 27 10: 1196, 10, 3
0 27 10: 1259, 22, 1
0 27 10: 1907, 1, 1
0 27 11: 1904, 9, 1
0 27 11: 1938, 8, 1
0 27 12: 1102, 11, 2
0 27 19: 574, 11, 3
0 27 20: 1904, 9, 2
0 27 21: 1196, 10, 3
0 27 21: 1259, 22, 3
0 27 21: 1907, 1, 2
0 27 22: 1195, 10, 0
0 27 22: 1257, 22, 3
0 27 23: 997, 0, 1
0 27 23: 1257, 22, 2
0 27 28: 1257, 22, 3
0 27 29: 1257, 22, 3
0 27 30: 1124, 10, 1
0 27 32: 827, 22, 1
0 27 34: 1247, 22, 3
0 27 36: 1911, 0, 1
0 27 36: 2824, 10, 0
0 27 38: 1911, 0, 1
0 27 39: 1257, 22, 3
0 27 40: 1257, 22, 3
0 27 46: 1194, 10, 2
0 27 48: 1194, 10, 2
0 27 49: 1257, 22, 2
0 27 52: 1247, 22, 3
0 27 53: 1246, 22, 3
0 27 57: 1246, 22, 1
0 28 1: 1257, 22, 2
0 28 1: 1911, 0, 3
0 28 2: 1247, 22, 0
0 28 3: 1247, 22, 1
0 28 6: 1247, 22, 2
0 28 8: 997, 0, 3
0 28 9: 1907, 1, 1
0 28 10: 196, 7, 1
0 28 10: 1904, 9, 1
0 28 11: 202, 11, 2
0 28 21: 196, 7, 2
0 28 21: 1904, 9, 2
0 28 22: 1257, 22, 2
0 28 22: 1907, 1, 2
0 28 23: 997, 0, 1
0 28 27: 981, 3, 2
0 28 28: 1258, 22, 0
0 28 29: 1257, 22, 0
0 28 30: 1257, 22, 0
0 28 31: 1299, 11, 1
0 28 36: 1911, 0, 1
0 28 37: 1102, 10, 2
0 28 38: 1911, 0, 1
0 28 39: 1258, 22, 3
0 28 40: 1257, 22, 0
0 28 46: 1194, 10, 1
0 28 50: 1246, 22, 3
0 28 50: 1276, 10, 0
0 28 52: 1247, 22, 2
0 28 52: 1276, 10, 1
0 28 53: 1247, 22, 1
0 29 1: 1911, 9, 2
0 29 2: 1911, 1, 2
0 29 3: 1246, 22, 2
0 29 5: 1281, 10, 2
0 29 6: 1247, 22, 2
0 29 7: 1247, 22, 0
0 29 7: 1602, 3, 0
0 29 8: 997, 0, 3
0 29 9: 1904, 0, 1
0 29 10: 380, 10, 3
0 29 12: 928, 22, 3
0 29 13: 929, 22, 3
0 29 14: 929, 22, 3
0 29 15: 929, 22, 3
0 29 16: 928, 22, 0
0 29 17: 202, 10, 2
0 29 21: 1158, 10, 0
0 29 21: 1938, 4, 1
0 29 22: 1164, 10, 2
0 29 22: 1904, 0, 3
0 29 22: 1938, 5, 3
0 29 23: 997, 0, 1
0 29 23: 1196, 10, 0
0 29 24: 1602, 3, 3
0 29 27: 980, 0, 3
0 29 27: 1257, 22, 1
0 29 28: 1258, 22, 3
0 29 29: 1164, 10, 2
0 29 29: 1257, 22, 1
0 29 31: 1124, 10, 0
0 29 32: 320, 22, 0
0 29 32: 1828, 4, 2
0 29 33: 319, 22, 3
0 29 34: 320, 22, 3
0 29 34: 1828, 4, 2
0 29 35: 1124, 10, 3
0 29 36: 1911, 0, 1
0 29 37: 196, 4, 3
0 29 37: 604, 10, 0
0 29 38: 1911, 0, 1
0 29 39: 1259, 22, 2
0 29 40: 1258, 22, 1
0 29 41: 1257, 22, 0
0 29 43: 1124, 10, 3
0 29 50: 1247, 22, 0
0 29 51: 1247, 22, 3
0 29 52: 1247, 22, 3
0 29 53: 1246, 22, 0
0 29 56: 1276, 10, 3
0 29 57: 1247, 22, 3
0 29 60: 1193, 10, 3
0 29 62: 1193, 10, 1
0 30 0: 1911, 1, 2
0 30 2: 1911, 9, 2
0 30 3: 1911, 1, 2
0 30 5: 1247, 22, 3
0 30 7: 1247, 22, 3
0 30 8: 997, 0, 3
0 30 8: 1196, 10, 2
0 30 9: 1904, 0, 1
0 30 12: 929, 22, 2
0 30 13: 930, 22, 3
0 30 14: 930, 22, 3
0 30 15: 930, 22, 3
0 30 16: 929, 22, 0
0 30 17: 1722, 10, 0
0 30 21: 618, 10, 2
0 30 22: 1904, 0, 3
0 30 23: 997, 0, 1
0 30 25: 827, 22, 2
0 30 27: 980, 0, 3
0 30 27: 1258, 22, 1
0 30 28: 1164, 10, 0
0 30 28: 1257, 22, 2
0 30 30: 320, 22, 1
0 30 30: 1828, 5, 1
0 30 30: 1911, 0, 1
0 30 31: 364, 10, 2
0 30 31: 1832, 4, 3
0 30 31: 1911, 0, 0
0 30 32: 1832, 5, 0
0 30 32: 1911, 0, 0
0 30 33: 196, 5, 0
0 30 33: 1911, 0, 0
0 30 34: 1832, 5, 0
0 30 34: 1911, 0, 0
0 30 35: 196, 5, 0
0 30 35: 1911, 0, 0
0 30 36: 374, 10, 1
0 30 36: 1911, 2, 0
0 30 38: 1911, 0, 1
0 30 38: 1938, 5, 1
0 30 39: 1259, 22, 3
0 30 39: 1938, 4, 3
0 30 40: 1259, 22, 3
0 30 41: 1258, 22, 0
0 30 42: 1257, 22, 1
0 30 46: 1194, 10, 2
0 30 56: 1247, 22, 2
0 30 57: 1247, 22, 0
0 30 61: 1192, 10, 0
0 31 0: 1911, 9, 2
0 31 1: 1911, 1, 2
0 31 3: 1911, 0, 3
0 31 5: 1246, 22, 3
0 31 7: 1246, 22, 0
0 31 8: 997, 0, 3
0 31 9: 1904, 0, 1
0 31 10: 380, 10, 3
0 31 12: 929, 22, 2
0 31 13: 930, 22, 3
0 31 14: 930, 22, 3
0 31 15: 930, 22, 3
0 31 16: 929, 22, 0
0 31 22: 1904, 0, 3
0 31 23: 997, 0, 1
0 31 23: 1164, 10, 1
0 31 27: 980, 0, 3
0 31 27: 1258, 22, 2
0 31 28: 1258, 22, 3
0 31 29: 1258, 22, 2
0 31 30: 319, 22, 3
0 31 30: 1124, 10, 2
0 31 30: 1911, 0, 1
0 31 31: 364, 10, 2
0 31 33: 1088, 11, 2
0 31 34: 1088, 10, 3
0 31 36: 196, 5, 1
0 31 36: 1911, 0, 1
0 31 37: 1248, 22, 3
0 31 38: 1911, 0, 1
0 31 40: 1258, 22, 2
0 31 41: 1258, 22, 3
0 31 42: 1257, 22, 2
0 31 51: 1124, 10, 2
0 31 54: 1194, 10, 2
0 31 61: 1193, 10, 2
0 32 1: 1246, 22, 1
0 32 1: 1911, 0, 3
0 32 2: 604, 10, 2
0 32 3: 1911, 0, 3
0 32 7: 1602, 3, 1
0 32 8: 997, 0, 3
0 32 9: 1904, 0, 1
0 32 9: 1938, 5, 1
0 32 10: 1938, 4, 3
0 32 12: 928, 22, 2
0 32 13: 929, 22, 1
0 32 14: 929, 22, 1
0 32 15: 929, 22, 1
0 32 16: 928, 22, 1
0 32 17: 202, 10, 2
0 32 21: 1158, 10, 0
0 32 22: 1257, 22, 0
0 32 22: 1904, 0, 3
0 32 23: 997, 0, 1
0 32 24: 1602, 3, 2
0 32 27: 980, 0, 3
0 32 27: 1257, 22, 3
0 32 28: 1259, 22, 0
0 32 30: 320, 22, 0
0 32 30: 1124, 10, 2
0 32 30: 1828, 5, 1
0 32 30: 1911, 0, 1
0 32 31: 1832, 4, 3
0 32 33: 595, 10, 1
0 32 36: 1102, 10, 3
0 32 36: 1911, 0, 1
0 32 37: 196, 4, 3
0 32 38: 1911, 0, 1
0 32 39: 1258, 22, 2
0 32 40: 1259, 22, 0
0 32 41: 1259, 22, 1
0 32 43: 1246, 22, 3
0 32 43: 1276, 10, 2
0 32 44: 1247, 22, 0
0 32 47: 1122, 10, 2
0 32 48: 1246, 22, 0
0 32 58: 1194, 10, 3
0 33 1: 1911, 0, 3
0 33 2: 1102, 10, 3
0 33 3: 1911, 0, 3
0 33 5: 1247, 22, 1
0 33 5: 1276, 10, 1
0 33 6: 1246, 22, 1
0 33 8: 997, 0, 3
0 33 9: 1196, 10, 3
0 33 9: 1907, 1, 0
0 33 10: 196, 7, 0
0 33 10: 1904, 9, 0
0 33 11: 202, 11, 1
0 33 12: 994, 3, 1
0 33 13: 994, 0, 2
0 33 19: 1102, 10, 1
0 33 20: 604, 10, 2
0 33 21: 196, 7, 3
0 33 21: 1904, 9, 3
0 33 22: 1196, 10, 3
0 33 22: 1257, 22, 2
0 33 22: 1907, 1, 3
0 33 23: 997, 0, 1
0 33 23: 1257, 22, 3
0 33 27: 980, 0, 3
0 33 27: 1257, 22, 0
0 33 28: 1257, 22, 3
0 33 29: 1257, 22, 3
0 33 30: 1911, 0, 1
0 33 31: 196, 4, 3
0 33 33: 921, 22, 2
0 33 33: 1088, 11, 1
0 33 34: 921, 22, 0
0 33 34: 1088, 10, 1
0 33 36: 899, 5, 1
0 33 36: 1911, 0, 1
0 33 37: 595, 10, 2
0 33 38: 1911, 0, 1
0 33 39: 1258, 22, 1
0 33 40: 1247, 22, 2
0 33 40: 1278, 10, 0
0 33 41: 1246, 22, 0
0 33 43: 1247, 22, 1
0 33 47: 1246, 22, 2
0 33 50: 1247, 22, 2
0 33 50: 1281, 10, 0
0 33 51: 1247, 22, 1
0 33 52: 1246, 22, 2
0 33 54: 1124, 10, 1
0 33 58: 1276, 10, 0
0 33 59: 1247, 22, 1
0 34 1: 1911, 0, 3
0 34 2: 595, 10, 0
0 34 3: 1257, 22, 3
0 34 3: 1911, 0, 3
0 34 4: 1257, 22, 3
0 34 6: 1247, 22, 0
0 34 8: 997, 0, 3
0 34 10: 1195, 10, 2
0 34 10: 1907, 1, 0
0 34 11: 1021, 7, 0
0 34 11: 1904, 9, 0
0 34 12: 994, 0, 1
0 34 13: 1754, 10, 0
0 34 15: 950, 22, 3
0 34 16: 951, 22, 3
0 34 19: 574, 11, 0
0 34 20: 1904, 9, 3
0 34 20: 1938, 8, 3
0 34 21: 1195, 10, 2
0 34 21: 1259, 22, 3
0 34 21: 1907, 1, 3
0 34 22: 1258, 22, 2
0 34 23: 997, 0, 1
0 34 23: 1257, 22, 2
0 34 27: 981, 3, 3
0 34 28: 1258, 22, 1
0 34 29: 1257, 22, 2
0 34 30: 1530, 0, 1
0 34 31: 919, 22, 2
0 34 33: 921, 22, 2
0 34 34: 682, 10, 0
0 34 34: 921, 22, 0
0 34 35: 680, 10, 0
0 34 36: 901, 5, 1
0 34 36: 1911, 0, 1
0 34 38: 1911, 0, 1
0 34 38: 1938, 5, 1
0 34 39: 1257, 22, 0
0 34 39: 1938, 4, 3
0 34 40: 1257, 22, 2
0 34 41: 1247, 22, 3
0 34 50: 1246, 22, 3
0 34 52: 1247, 22, 3
0 34 58: 1247, 22, 3
0 34 59: 1246, 22, 0
0 35 0: 1938, 4, 1
0 35 1: 1911, 0, 3
0 35 1: 1938, 5, 3
0 35 2: 1248, 22, 1
0 35 3: 1258, 22, 2
0 35 3: 1911, 0, 3
0 35 4: 1257, 22, 0
0 35 8: 997, 0, 3
0 35 10: 1196, 10, 1
0 35 11: 1196, 10, 0
0 35 11: 1907, 1, 0
0 35 12: 994, 3, 0
0 35 12: 1904, 9, 0
0 35 12: 1938, 8, 0
0 35 13: 994, 0, 0
0 35 15: 952, 22, 3
0 35 16: 953, 22, 3
0 35 19: 1019, 7, 3
0 35 19: 1904, 9, 3
0 35 20: 1196, 10, 2
0 35 20: 1259, 22, 3
0 35 20: 1907, 1, 3
0 35 21: 1196, 10, 1
0 35 21: 1259, 22, 0
0 35 22: 1257, 22, 2
0 35 23: 997, 0, 1
0 35 27: 981, 3, 1
0 35 28: 1258, 22, 0
0 35 29: 1258, 22, 0
0 35 30: 1911, 0, 1
0 35 31: 196, 4, 3
0 35 33: 921, 22, 2
0 35 34: 921, 22, 0
0 35 36: 1911, 0, 1
0 35 37: 1102, 10, 2
0 35 38: 1246, 22, 3
0 35 38: 1911, 0, 1
0 35 39: 1257, 22, 3
0 35 48: 1276, 10, 1
0 35 49: 1247, 22, 3
0 35 50: 1247, 22, 2
0 35 52: 1247, 22, 0
0 35 56: 1247, 22, 0
0 35 56: 1276, 10, 2
0 35 57: 1247, 22, 3
0 35 61: 1194, 10, 2
0 36 1: 1911, 0, 3
0 36 2: 1102, 10, 0
0 36 3: 1258, 22, 2
0 36 3: 1911, 0, 3
0 36 4: 1257, 22, 0
0 36 5: 1258, 22, 2
0 36 7: 1602, 3, 1
0 36 8: 997, 0, 3
0 36 9: 83, 0, 1
0 36 9: 2496, 22, 1
0 36 9: 2498, 10, 1
0 36 11: 1195, 10, 2
0 36 12: 1195, 10, 0
0 36 12: 1907, 1, 0
0 36 13: 1183, 6, 0
0 36 13: 1904, 9, 0
0 36 14: 683, 10, 1
0 36 17: 683, 10, 1
0 36 18: 196, 7, 3
0 36 18: 1904, 9, 3
0 36 19: 1195, 10, 3
0 36 19: 1258, 22, 1
0 36 19: 1907, 1, 3
0 36 20: 1195, 10, 0
0 36 20: 1258, 22, 3
0 36 21: 1257, 22, 3
0 36 22: 83, 0, 1
0 36 22: 2496, 22, 2
0 36 22: 2498, 10, 1
0 36 23: 997, 0, 1
0 36 24: 1602, 3, 2
0 36 27: 980, 0, 1
0 36 28: 1257, 22, 3
0 36 29: 1257, 22, 1
0 36 30: 320, 22, 3
0 36 30: 1124, 10, 0
0 36 30: 1828, 5, 1
0 36 30: 1911, 0, 1
0 36 31: 1832, 4, 3
0 36 36: 1911, 0, 1
0 36 37: 196, 4, 3
0 36 38: 1911, 0, 1
0 36 41: 1247, 22, 1
0 36 41: 1278, 10, 1
0 36 42: 1246, 22, 0
0 36 48: 1247, 22, 1
0 36 52: 1276, 10, 0
0 36 53: 1246, 22, 1
0 36 56: 1247, 22, 1
0 36 57: 1246, 22, 1
0 36 59: 1257, 22, 1
0 36 60: 1257, 22, 1
0 36 61: 1276, 10, 3
0 37 1: 1911, 0, 3
0 37 2: 1247, 22, 3
0 37 3: 1258, 22, 2
0 37 3: 1911, 0, 3
0 37 4: 1259, 22, 0
0 37 5: 1257, 22, 3
0 37 6: 1189, 10, 1
0 37 6: 1257, 22, 1
0 37 8: 997, 9, 2
0 37 9: 1189, 10, 3
0 37 12: 1196, 10, 3
0 37 12: 1257, 22, 2
0 37 13: 1258, 22, 3
0 37 13: 1907, 1, 0
0 37 14: 1904, 0, 0
0 37 15: 1600, 0, 0
0 37 16: 1601, 0, 0
0 37 17: 1904, 0, 0
0 37 18: 1257, 22, 0
0 37 18: 1907, 1, 3
0 37 19: 1257, 22, 0
0 37 20: 1189, 10, 0
0 37 20: 1257, 22, 3
0 37 23: 997, 9, 1
0 37 25: 1248, 22, 3
0 37 27: 980, 0, 1
0 37 29: 1257, 22, 0
0 37 30: 319, 22, 2
0 37 30: 1124, 10, 1
0 37 30: 1911, 0, 1
0 37 35: 1747, 10, 2
0 37 36: 1911, 0, 1
0 37 38: 1911, 0, 1
0 37 42: 1247, 22, 0
0 37 47: 1124, 10, 3
0 37 51: 1124, 10, 2
0 37 52: 1247, 22, 2
0 37 55: 1247, 22, 0
0 37 55: 1281, 10, 0
0 37 56: 1247, 22, 2
0 37 58: 1278, 10, 3
0 37 59: 1257, 22, 3
0 37 60: 1257, 22, 2
0 37 61: 1246, 22, 3
0 37 62: 1247, 22, 0
0 38 1: 1911, 0, 3
0 38 2: 196, 4, 1
0 38 3: 1258, 22, 0
0 38 3: 1911, 0, 3
0 38 4: 1189, 10, 0
0 38 4: 1258, 22, 3
0 38 5: 1259, 22, 3
0 38 6: 1257, 22, 3
0 38 7: 1257, 22, 1
0 38 9: 997, 9, 2
0 38 13: 1257, 22, 3
0 38 18: 1257, 22, 1
0 38 19: 1196, 10, 2
0 38 19: 1259, 22, 3
0 38 21: 1196, 10, 1
0 38 22: 997, 9, 1
0 38 27: 980, 1, 0
0 38 28: 980, 9, 0
0 38 29: 1257, 22, 0
0 38 30: 320, 22, 0
0 38 30: 1828, 5, 1
0 38 30: 1911, 0, 1
0 38 31: 202, 11, 3
0 38 31: 1832, 4, 3
0 38 31: 1911, 0, 2
0 38 32: 357, 10, 2
0 38 32: 1911, 0, 2
0 38 33: 196, 5, 2
0 38 33: 357, 10, 1
0 38 33: 1911, 0, 2
0 38 34: 1832, 5, 2
0 38 34: 1911, 0, 2
0 38 35: 196, 5, 2
0 38 35: 1911, 0, 2
0 38 36: 1911, 2, 1
0 38 37: 1102, 10, 1
0 38 38: 1911, 0, 1
0 38 38: 1938, 5, 1
0 38 39: 1938, 4, 3
0 38 41: 1278, 10, 0
0 38 42: 1247, 22, 3
0 38 43: 1278, 10, 0
0 38 44: 1247, 22, 1
0 38 55: 1246, 22, 0
0 38 56: 1247, 22, 0
0 38 58: 1246, 22, 2
0 38 59: 1257, 22, 2
0 38 60: 1258, 22, 3
0 38 61: 1258, 22, 3
0 38 62: 1257, 22, 2
0 39 0: 1938, 4, 1
0 39 1: 1911, 0, 3
0 39 1: 1938, 5, 3
0 39 3: 1259, 22, 3
0 39 3: 1911, 0, 3
0 39 4: 1259, 22, 2
0 39 5: 1189, 10, 3
0 39 5: 1259, 22, 2
0 39 6: 1259, 22, 1
0 39 7: 1257, 22, 0
0 39 8: 1257, 22, 0
0 39 10: 997, 9, 2
0 39 11: 997, 0, 2
0 39 12: 997, 0, 2
0 39 14: 825, 22, 2
0 39 16: 1246, 22, 2
0 39 18: 1258, 22, 3
0 39 19: 997, 0, 2
0 39 20: 997, 0, 2
0 39 21: 997, 9, 1
0 39 23: 1189, 10, 2
0 39 23: 1258, 22, 0
0 39 28: 980, 0, 1
0 39 30: 320, 22, 1
0 39 31: 319, 22, 1
0 39 32: 320, 22, 2
0 39 32: 1828, 4, 0
0 39 33: 320, 22, 3
0 39 34: 319, 22, 0
0 39 34: 1828, 4, 0
0 39 35: 320, 22, 2
0 39 35: 876, 4, 0
0 39 36: 1911, 0, 1
0 39 37: 196, 4, 3
0 39 38: 1911, 0, 1
0 39 41: 1246, 22, 1
0 39 42: 1247, 22, 2
0 39 44: 1246, 22, 2
0 39 46: 1189, 10, 0
0 39 48: 1246, 22, 1
0 39 48: 1276, 10, 2
0 39 51: 1276, 10, 1
0 39 52: 1247, 22, 2
0 39 56: 1247, 22, 3
0 39 57: 1246, 22, 3
0 39 58: 1258, 22, 0
0 39 59: 1259, 22, 1
0 39 60: 1259, 22, 3
0 39 61: 1258, 22, 2
0 39 62: 1257, 22, 3
0 39 63: 1257, 22, 3
0 40 1: 1911, 0, 3
0 40 3: 1258, 22, 1
0 40 3: 1911, 0, 3
0 40 4: 1259, 22, 1
0 40 5: 1259, 22, 0
0 40 5: 1902, 0, 2
0 40 6: 1259, 22, 0
0 40 6: 1902, 0, 2
0 40 7: 1257, 22, 2
0 40 7: 1902, 0, 2
0 40 8: 1821, 5, 2
0 40 8: 1902, 0, 2
0 40 9: 1902, 0, 2
0 40 10: 1902, 3, 2
0 40 11: 1602, 3, 3
0 40 13: 997, 9, 2
0 40 14: 1602, 3, 2
0 40 17: 1602, 3, 1
0 40 18: 997, 9, 1
0 40 20: 1602, 3, 0
0 40 21: 1257, 22, 2
0 40 22: 447, 10, 1
0 40 22: 1257, 22, 3
0 40 23: 1258, 22, 1
0 40 27: 980, 1, 1
0 40 28: 980, 9, 1
0 40 30: 1257, 22, 1
0 40 31: 1257, 22, 1
0 40 32: 1259, 22, 3
0 40 33: 1259, 22, 3
0 40 34: 1259, 22, 2
0 40 35: 1259, 22, 0
0 40 36: 1258, 22, 0
0 40 36: 1911, 0, 1
0 40 37: 1247, 22, 0
0 40 38: 1911, 0, 1
0 40 39: 1278, 10, 3
0 40 40: 1246, 22, 3
0 40 48: 1247, 22, 3
0 40 49: 1247, 22, 0
0 40 51: 1247, 22, 1
0 40 52: 1246, 22, 2
0 40 57: 1257, 22, 1
0 40 58: 1258, 22, 1
0 40 59: 1258, 22, 2
0 40 60: 1259, 22, 2
0 40 61: 1258, 22, 1
0 40 62: 1257, 22, 0
0 41 1: 1911, 0, 3
0 41 2: 1247, 22, 1
0 41 3: 1257, 22, 1
0 41 3: 1911, 0, 3
0 41 4: 1259, 22, 2
0 41 5: 1022, 4, 0
0 41 5: 1902, 0, 3
0 41 6: 1023, 4, 0
0 41 7: 1023, 4, 0
0 41 8: 1821, 4, 0
0 41 10: 1902, 0, 3
0 41 13: 83, 0, 1
0 41 13: 2496, 22, 3
0 41 18: 83, 0, 1
0 41 18: 2496, 22, 0
0 41 19: 1189, 10, 1
0 41 21: 447, 10, 2
0 41 21: 1257, 22, 1
0 41 22: 444, 10, 3
0 41 22: 1258, 22, 2
0 41 23: 1259, 22, 0
0 41 24: 447, 10, 0
0 41 24: 1259, 22, 0
0 41 27: 980, 0, 1
0 41 28: 447, 10, 0
0 41 28: 1257, 22, 3
0 41 31: 1257, 22, 2
0 41 32: 1257, 22, 0
0 41 33: 1259, 22, 3
0 41 34: 827, 22, 3
0 41 35: 1259, 22, 1
0 41 36: 1106, 10, 0
0 41 36: 1258, 22, 1
0 41 36: 1911, 0, 1
0 41 38: 1911, 0, 1
0 41 40: 1247, 22, 2
0 41 41: 1124, 10, 0
0 41 45: 1189, 10, 2
0 41 46: 1189, 10, 1
0 41 51: 1276, 10, 0
0 41 53: 1278, 10, 3
0 41 57: 1257, 22, 1
0 41 58: 1124, 10, 1
0 41 58: 1257, 22, 0
0 41 59: 1257, 22, 3
0 41 60: 1258, 22, 0
0 41 61: 1257, 22, 1
0 41 62: 1257, 22, 0
0 42 1: 1911, 0, 3
0 42 2: 196, 4, 1
0 42 2: 1102, 10, 2
0 42 3: 1911, 0, 3
0 42 4: 1259, 22, 2
0 42 5: 1902, 0, 3
0 42 6: 994, 0, 2
0 42 7: 994, 0, 2
0 42 9: 1822, 4, 1
0 42 10: 1821, 5, 3
0 42 10: 1902, 0, 3
0 42 11: 1247, 22, 3
0 42 13: 1247, 22, 1
0 42 16: 1247, 22, 1
0 42 20: 445, 10, 2
0 42 20: 1257, 22, 0
0 42 21: 1259, 22, 3
0 42 22: 1259, 22, 1
0 42 23: 1259, 22, 1
0 42 27: 980, 0, 1
0 42 28: 1257, 22, 3
0 42 29: 447, 10, 3
0 42 29: 1257, 22, 0
0 42 32: 1257, 22, 3
0 42 33: 1257, 22, 2
0 42 34: 1258, 22, 3
0 42 35: 1258, 22, 2
0 42 36: 1258, 22, 1
0 42 36: 1911, 0, 1
0 42 37: 196, 4, 3
0 42 38: 1911, 0, 1
0 42 38: 1938, 5, 1
0 42 39: 1938, 4, 3
0 42 52: 1246, 22, 3
0 42 54: 1246, 22, 0
0 42 57: 1122, 10, 3
0 42 57: 1247, 22, 0
0 42 59: 1257, 22, 3
0 42 60: 1257, 22, 1
0 42 61: 1257, 22, 1
0 42 61: 1278, 10, 3
0 42 62: 1246, 22, 2
0 43 0: 1938, 4, 1
0 43 1: 1911, 0, 3
0 43 1: 1938, 5, 3
0 43 3: 1257, 22, 0
0 43 3: 1911, 0, 3
0 43 5: 1902, 0, 3
0 43 6: 994, 0, 3
0 43 6: 1733, 10, 1
0 43 7: 994, 0, 1
0 43 10: 1533, 0, 3
0 43 13: 1247, 22, 3
0 43 17: 336, 22, 3
0 43 19: 1257, 22, 3
0 43 20: 1259, 22, 2
0 43 21: 1259, 22, 1
0 43 22: 447, 10, 1
0 43 22: 1259, 22, 1
0 43 27: 980, 0, 1
0 43 28: 1258, 22, 2
0 43 29: 1257, 22, 1
0 43 31: 653, 22, 3
0 43 34: 1257, 22, 2
0 43 35: 1258, 22, 3
0 43 36: 1259, 22, 0
0 43 36: 1911, 0, 1
0 43 37: 1102, 10, 1
0 43 38: 1911, 0, 1
0 43 39: 1124, 10, 2
0 43 46: 1122, 10, 1
0 43 49: 1189, 10, 3
0 43 57: 1247, 22, 0
0 43 58: 1246, 22, 1
0 43 61: 1247, 22, 2
0 43 62: 1247, 22, 2
0 44 1: 1911, 0, 3
0 44 3: 1257, 22, 0
0 44 3: 1911, 0, 3
0 44 5: 1902, 0, 3
0 44 6: 994, 0, 3
0 44 7: 994, 0, 1
0 44 9: 1822, 4, 1
0 44 10: 1821, 5, 3
0 44 10: 1902, 0, 3
0 44 11: 1187, 11, 0
0 44 11: 1247, 22, 2
0 44 13: 1246, 22, 3
0 44 14: 1247, 22, 0
0 44 27: 980, 0, 1
0 44 27: 1248, 22, 3
0 44 28: 1258, 22, 3
0 44 29: 1257, 22, 2
0 44 30: 1257, 22, 3
0 44 31: 649, 10, 0
0 44 32: 653, 22, 0
0 44 33: 825, 22, 2
0 44 34: 1257, 22, 1
0 44 35: 1258, 22, 2
0 44 36: 1259, 22, 2
0 44 36: 1911, 0, 1
0 44 38: 1911, 0, 1
0 44 53: 1124, 10, 0
0 44 55: 1189, 10, 1
0 44 57: 1189, 10, 0
0 45 1: 1911, 0, 3
0 45 2: 196, 4, 1
0 45 3: 1257, 22, 3
0 45 3: 1911, 0, 3
0 45 5: 1902, 0, 3
0 45 6: 994, 0, 3
0 45 7: 994, 0, 1
0 45 7: 2745, 22, 0
0 45 9: 1154, 10, 3
0 45 10: 1852, 10, 3
0 45 12: 1257, 22, 0
0 45 13: 827, 22, 3
0 45 16: 1248, 22, 2
0 45 19: 336, 22, 3
0 45 22: 1246, 22, 1
0 45 24: 336, 22, 1
0 45 27: 981, 3, 0
0 45 28: 1259, 22, 1
0 45 29: 1258, 22, 3
0 45 30: 652, 22, 2
0 45 32: 1257, 22, 3
0 45 33: 1257, 22, 3
0 45 34: 1257, 22, 0
0 45 35: 1258, 22, 2
0 45 36: 1106, 10, 0
0 45 36: 1259, 22, 2
0 45 36: 1911, 0, 1
0 45 38: 1911, 0, 1
0 45 45: 1122, 10, 2
0 45 52: 1247, 22, 1
0 45 52: 1276, 10, 1
0 45 53: 1247, 22, 2
0 46 1: 1911, 0, 3
0 46 3: 1257, 22, 0
0 46 3: 1911, 0, 3
0 46 5: 1902, 0, 3
0 46 9: 1155, 10, 3
0 46 11: 1258, 22, 0
0 46 12: 1259, 22, 0
0 46 16: 1257, 22, 1
0 46 16: 1394, 10, 2
0 46 17: 1257, 22, 2
0 46 23: 827, 22, 0
0 46 29: 1259, 22, 0
0 46 30: 1258, 22, 3
0 46 31: 1257, 22, 1
0 46 32: 1257, 22, 2
0 46 33: 1258, 22, 3
0 46 34: 1258, 22, 0
0 46 35: 1258, 22, 1
0 46 36: 1258, 22, 2
0 46 36: 1911, 0, 1
0 46 37: 196, 4, 3
0 46 37: 1246, 22, 2
0 46 38: 1911, 0, 1
0 46 38: 1938, 5, 1
0 46 39: 1938, 4, 3
0 46 49: 1189, 10, 2
0 46 52: 1246, 22, 0
0 46 55: 1247, 22, 2
0 46 55: 1276, 10, 3
0 46 56: 1247, 22, 1
0 46 58: 1189, 10, 3
0 47 0: 1938, 4, 1
0 47 1: 1911, 0, 3
0 47 1: 1938, 5, 3
0 47 2: 604, 10, 3
0 47 3: 1257, 22, 0
0 47 3: 1911, 0, 3
0 47 5: 202, 10, 0
0 47 5: 1902, 0, 3
0 47 8: 1821, 4, 2
0 47 9: 1158, 10, 3
0 47 11: 1259, 22, 1
0 47 12: 1258, 22, 3
0 47 16: 1259, 22, 2
0 47 17: 1258, 22, 0
0 47 19: 1870, 10, 1
0 47 22: 1870, 10, 1
0 47 29: 1259, 22, 3
0 47 30: 1258, 22, 1
0 47 31: 825, 22, 3
0 47 32: 652, 22, 1
0 47 33: 1258, 22, 0
0 47 34: 1258, 22, 3
0 47 35: 1258, 22, 2
0 47 36: 1258, 22, 2
0 47 36: 1911, 0, 1
0 47 38: 1911, 0, 1
0 47 53: 1246, 22, 2
0 47 53: 1276, 10, 2
0 47 55: 1246, 22, 1
0 48 1: 1911, 0, 3
0 48 2: 196, 4, 1
0 48 3: 1258, 22, 2
0 48 3: 1911, 0, 3
0 48 4: 1257, 22, 1
0 48 5: 1902, 0, 0
0 48 6: 1902, 0, 0
0 48 7: 1902, 0, 0
0 48 8: 1821, 5, 0
0 48 8: 1902, 0, 0
0 48 9: 1902, 0, 0
0 48 10: 1258, 22, 3
0 48 10: 1902, 3, 3
0 48 11: 1257, 22, 2
0 48 12: 1257, 22, 1
0 48 16: 1258, 22, 3
0 48 16: 1902, 0, 2
0 48 17: 1259, 22, 1
0 48 17: 1902, 0, 2
0 48 18: 1821, 5, 2
0 48 18: 1902, 0, 2
0 48 19: 1902, 1, 2
0 48 22: 1902, 1, 1
0 48 23: 1124, 10, 2
0 48 23: 1821, 5, 2
0 48 23: 1902, 0, 2
0 48 24: 1039, 5, 2
0 48 24: 1902, 0, 2
0 48 25: 1902, 0, 2
0 48 30: 1258, 22, 1
0 48 31: 1257, 22, 0
0 48 32: 1258, 22, 1
0 48 33: 1258, 22, 0
0 48 34: 1259, 22, 0
0 48 35: 1088, 11, 0
0 48 35: 1259, 22, 3
0 48 35: 1911, 1, 1
0 48 36: 196, 7, 1
0 48 36: 1911, 9, 1
0 48 38: 1911, 0, 1
0 48 46: 1124, 11, 1
0 48 51: 1124, 10, 0
0 48 53: 1247, 22, 0
0 48 54: 1247, 22, 3
0 49 1: 1247, 22, 0
0 49 1: 1911, 0, 3
0 49 2: 1102, 10, 1
0 49 3: 1259, 22, 2
0 49 3: 1911, 0, 3
0 49 4: 1258, 22, 1
0 49 5: 1257, 22, 3
0 49 8: 196, 6, 3
0 49 8: 1902, 9, 3
0 49 9: 1838, 8, 0
0 49 9: 1902, 9, 0
0 49 10: 1124, 11, 2
0 49 10: 1259, 22, 1
0 49 11: 1258, 22, 2
0 49 12: 1257, 22, 0
0 49 14: 336, 22, 0
0 49 16: 196, 5, 3
0 49 16: 1902, 0, 3
0 49 17: 1158, 10, 1
0 49 18: 1822, 4, 0
0 49 23: 1822, 4, 0
0 49 24: 1158, 10, 1
0 49 25: 196, 5, 1
0 49 25: 1902, 0, 1
0 49 26: 447, 10, 2
0 49 31: 1257, 22, 2
0 49 32: 1257, 22, 2
0 49 33: 1258, 22, 2
0 49 34: 1088, 11, 0
0 49 34: 1259, 22, 0
0 49 34: 1911, 1, 1
0 49 35: 1911, 9, 1
0 49 36: 1248, 22, 0
0 49 37: 1246, 22, 2
0 49 38: 1911, 0, 1
0 49 48: 1124, 10, 1
0 50 1: 1911, 0, 3
0 50 2: 595, 10, 0
0 50 3: 1259, 22, 1
0 50 3: 1911, 0, 3
0 50 4: 1259, 22, 1
0 50 5: 1258, 22, 0
0 50 6: 1257, 22, 0
0 50 7: 1821, 7, 3
0 50 7: 1902, 9, 3
0 50 8: 598, 10, 0
0 50 8: 1902, 1, 3
0 50 9: 1102, 10, 3
0 50 9: 1902, 1, 0
0 50 10: 196, 6, 0
0 50 10: 1902, 9, 0
0 50 11: 1259, 22, 0
0 50 13: 1257, 22, 3
0 50 15: 1821, 4, 1
0 50 16: 1822, 5, 3
0 50 16: 1902, 0, 3
0 50 19: 917, 22, 3
0 50 20: 918, 22, 3
0 50 21: 918, 22, 3
0 50 22: 917, 22, 0
0 50 25: 1822, 5, 1
0 50 25: 1902, 0, 1
0 50 26: 1821, 4, 3
0 50 28: 825, 22, 2
0 50 29: 1248, 22, 1
0 50 31: 1257, 22, 2
0 50 32: 1258, 22, 1
0 50 33: 1259, 22, 1
0 50 33: 1911, 1, 1
0 50 34: 1911, 9, 1
0 50 37: 1911, 1, 1
0 50 38: 1911, 9, 1
0 50 41: 1247, 22, 1
0 50 46: 1278, 10, 0
0 50 47: 1247, 22, 2
0 50 51: 1124, 10, 2
0 50 53: 1257, 22, 2
0 50 54: 1257, 22, 2
0 50 58: 1281, 10, 1
0 50 59: 1246, 22, 2
0 51 0: 1938, 4, 1
0 51 1: 1911, 0, 3
0 51 1: 1938, 5, 3
0 51 3: 1259, 22, 0
0 51 3: 1911, 0, 3
0 51 4: 1258, 22, 3
0 51 5: 1257, 22, 1
0 51 6: 1902, 9, 3
0 51 6: 2784, 6, 3
0 51 7: 1902, 1, 3
0 51 8: 1102, 10, 0
0 51 12: 1531, 9, 1
0 51 13: 1259, 22, 2
0 51 16: 1088, 10, 2
0 51 16: 1902, 0, 3
0 51 17: 590, 10, 0
0 51 18: 1088, 11, 3
0 51 19: 917, 22, 2
0 51 20: 918, 22, 1
0 51 21: 918, 22, 1
0 51 22: 917, 22, 1
0 51 23: 1088, 10, 2
0 51 24: 591, 10, 2
0 51 25: 961, 5, 1
0 51 25: 1088, 10, 0
0 51 25: 1902, 0, 1
0 51 26: 1394, 10, 0
0 51 32: 1258, 22, 1
0 51 33: 196, 7, 1
0 51 33: 1911, 1, 2
0 51 33: 1911, 9, 1
0 51 35: 1102, 10, 0
0 51 35: 1246, 22, 1
0 51 36: 1911, 1, 1
0 51 37: 1911, 9, 1
0 51 37: 1938, 8, 1
0 51 40: 1246, 22, 0
0 51 44: 1246, 22, 3
0 51 44: 1276, 10, 2
0 51 45: 1247, 22, 1
0 51 47: 1246, 22, 1
0 51 52: 1257, 22, 0
0 51 53: 1257, 22, 1
0 51 54: 1258, 22, 0
0 51 55: 1258, 22, 3
0 51 56: 1257, 22, 3
0 51 58: 1247, 22, 1
0 51 60: 1247, 22, 3
0 52 1: 1911, 0, 3
0 52 3: 1258, 22, 2
0 52 3: 1911, 0, 3
0 52 4: 1257, 22, 2
0 52 5: 1821, 7, 3
0 52 5: 1902, 9, 3
0 52 6: 336, 22, 1
0 52 6: 1902, 1, 3
0 52 12: 196, 6, 0
0 52 12: 1902, 9, 0
0 52 13: 1259, 22, 3
0 52 16: 961, 5, 3
0 52 16: 1088, 10, 2
0 52 16: 1902, 0, 3
0 52 21: 2738, 22, 0
0 52 25: 1088, 11, 0
0 52 25: 1902, 0, 1
0 52 26: 1247, 22, 0
0 52 27: 1247, 22, 3
0 52 32: 1773, 11, 0
0 52 33: 1911, 9, 2
0 52 34: 1102, 10, 3
0 52 34: 1911, 1, 2
0 52 35: 598, 10, 3
0 52 35: 1911, 1, 1
0 52 36: 1911, 9, 1
0 52 37: 1298, 10, 3
0 52 38: 849, 11, 3
0 52 41: 1276, 10, 1
0 52 42: 1247, 22, 1
0 52 44: 1247, 22, 3
0 52 46: 1246, 22, 2
0 52 46: 1276, 10, 1
0 52 51: 1247, 22, 0
0 52 51: 1276, 10, 0
0 52 52: 1247, 22, 2
0 52 53: 1247, 22, 0
0 52 53: 1276, 10, 3
0 52 54: 1258, 22, 2
0 52 55: 1259, 22, 2
0 52 56: 1257, 22, 0
0 52 57: 1257, 22, 2
0 52 59: 1247, 22, 2
0 52 60: 1246, 22, 1
0 53 1: 1911, 0, 3
0 53 2: 1102, 10, 2
0 53 3: 1257, 22, 3
0 53 3: 1911, 0, 3
0 53 4: 196, 6, 3
0 53 4: 1902, 9, 3
0 53 5: 336, 22, 0
0 53 5: 1102, 10, 1
0 53 5: 1902, 1, 3
0 53 6: 337, 22, 2
0 53 6: 2783, 10, 3
0 53 7: 336, 22, 2
0 53 8: 2743, 22, 0
0 53 9: 336, 22, 1
0 53 9: 2783, 10, 3
0 53 10: 336, 22, 3
0 53 12: 1902, 1, 0
0 53 13: 1838, 8, 0
0 53 13: 1902, 9, 0
0 53 15: 1821, 4, 1
0 53 16: 1822, 5, 3
0 53 16: 1902, 0, 3
0 53 25: 1822, 5, 1
0 53 25: 1902, 0, 1
0 53 26: 1821, 4, 3
0 53 33: 1173, 10, 0
0 53 34: 1911, 9, 2
0 53 35: 1911, 9, 1
0 53 35: 1938, 8, 1
0 53 36: 1299, 10, 1
0 53 37: 849, 11, 3
0 53 45: 1124, 11, 2
0 53 46: 1247, 22, 0
0 53 47: 1247, 22, 3
0 53 51: 1246, 22, 2
0 53 52: 1247, 22, 0
0 53 53: 1257, 22, 0
0 53 54: 1246, 22, 1
0 53 55: 1259, 22, 3
0 53 56: 1258, 22, 2
0 53 57: 1257, 22, 3
0 53 58: 1247, 22, 0
0 54 1: 1911, 0, 3
0 54 2: 1246, 22, 2
0 54 3: 1911, 0, 3
0 54 4: 1902, 9, 2
0 54 5: 337, 22, 1
0 54 5: 1902, 1, 2
0 54 6: 336, 22, 3
0 54 6: 1102, 10, 0
0 54 9: 336, 22, 0
0 54 10: 335, 22, 1
0 54 11: 336, 22, 1
0 54 12: 1102, 10, 3
0 54 12: 1902, 1, 1
0 54 13: 196, 6, 1
0 54 13: 1902, 9, 1
0 54 16: 196, 5, 3
0 54 16: 1902, 0, 3
0 54 16: 2215, 10, 1
0 54 17: 590, 10, 3
0 54 19: 2213, 10, 1
0 54 20: 2213, 10, 1
0 54 21: 2215, 10, 1
0 54 22: 2213, 10, 1
0 54 23: 590, 10, 3
0 54 25: 196, 5, 1
0 54 25: 1902, 0, 1
0 54 25: 2215, 10, 1
0 54 26: 1258, 22, 1
0 54 27: 1258, 22, 0
0 54 28: 1257, 22, 2
0 54 29: 1257, 22, 0
0 54 31: 1247, 22, 0
0 54 34: 1773, 11, 0
0 54 35: 1257, 22, 0
0 54 36: 849, 11, 3
0 54 36: 1259, 22, 1
0 54 37: 1257, 22, 1
0 54 38: 1247, 22, 1
0 54 39: 1246, 22, 1
0 54 41: 1247, 22, 3
0 54 41: 1281, 10, 0
0 54 43: 1246, 22, 1
0 54 49: 1276, 10, 3
0 54 50: 1247, 22, 1
0 54 51: 1281, 10, 2
0 54 52: 1247, 22, 3
0 54 54: 1257, 22, 3
0 54 55: 1258, 22, 1
0 54 55: 1276, 10, 2
0 54 56: 1246, 22, 0
0 54 57: 1257, 22, 1
0 54 58: 1124, 10, 3
0 55 0: 1938, 4, 1
0 55 1: 1911, 0, 3
0 55 1: 1938, 5, 3
0 55 2: 196, 4, 1
0 55 3: 1257, 22, 2
0 55 3: 1911, 0, 3
0 55 5: 1902, 9, 2
0 55 6: 1902, 1, 2
0 55 7: 336, 22, 1
0 55 9: 336, 22, 2
0 55 10: 336, 22, 2
0 55 11: 1902, 1, 1
0 55 12: 1821, 7, 1
0 55 12: 1902, 9, 1
0 55 16: 1902, 0, 3
0 55 25: 1902, 0, 1
0 55 26: 1259, 22, 2
0 55 27: 1259, 22, 1
0 55 28: 1258, 22, 3
0 55 29: 1257, 22, 2
0 55 29: 1773, 11, 2
0 55 33: 1247, 22, 1
0 55 35: 827, 22, 3
0 55 36: 1259, 22, 3
0 55 37: 1258, 22, 1
0 55 38: 1247, 22, 2
0 55 41: 1247, 22, 2
0 55 44: 1246, 22, 1
0 55 44: 1276, 10, 1
0 55 45: 1247, 22, 3
0 55 50: 1246, 22, 0
0 55 51: 1247, 22, 2
0 55 53: 1247, 22, 0
0 55 54: 1257, 22, 2
0 55 56: 1247, 22, 1
0 56 1: 1911, 0, 3
0 56 3: 1258, 22, 1
0 56 3: 1911, 0, 3
0 56 4: 1257, 22, 0
0 56 6: 1902, 9, 2
0 56 6: 2784, 6, 2
0 56 7: 1902, 1, 2
0 56 8: 1102, 10, 0
0 56 9: 335, 22, 2
0 56 9: 2783, 10, 3
0 56 10: 336, 22, 1
0 56 10: 1902, 1, 1
0 56 11: 1902, 9, 1
0 56 11: 2784, 6, 1
0 56 16: 196, 5, 3
0 56 16: 1902, 0, 3
0 56 17: 591, 10, 3
0 56 17: 1838, 4, 2
0 56 18: 961, 4, 2
0 56 19: 961, 4, 2
0 56 21: 590, 10, 3
0 56 23: 961, 4, 2
0 56 24: 1838, 4, 2
0 56 25: 196, 5, 1
0 56 25: 1102, 10, 0
0 56 25: 1902, 0, 1
0 56 26: 1258, 22, 3
0 56 27: 1259, 22, 3
0 56 28: 196, 6, 3
0 56 28: 1911, 9, 3
0 56 29: 1911, 9, 0
0 56 30: 1257, 22, 1
0 56 32: 827, 22, 0
0 56 35: 1257, 22, 1
0 56 36: 1257, 22, 1
0 56 37: 1257, 22, 3
0 56 41: 1247, 22, 2
0 56 43: 1247, 22, 1
0 56 44: 1247, 22, 0
0 56 48: 1276, 10, 0
0 56 49: 1247, 22, 0
0 56 52: 1246, 22, 3
0 56 62: 1189, 10, 1
0 57 1: 1248, 22, 2
0 57 1: 1911, 0, 3
0 57 3: 1258, 22, 2
0 57 3: 1911, 0, 3
0 57 4: 1258, 22, 0
0 57 5: 1247, 22, 2
0 57 5: 1276, 11, 2
0 57 7: 1902, 9, 2
0 57 8: 1902, 1, 2
0 57 9: 1902, 1, 1
0 57 10: 1821, 7, 1
0 57 10: 1902, 9, 1
0 57 12: 1260, 22, 0
0 57 13: 1258, 22, 1
0 57 16: 1902, 0, 0
0 57 17: 1838, 5, 0
0 57 17: 1902, 0, 0
0 57 18: 1902, 0, 0
0 57 19: 1902, 0, 0
0 57 20: 1902, 0, 0
0 57 21: 1902, 0, 0
0 57 22: 1902, 0, 0
0 57 23: 1902, 0, 0
0 57 24: 1838, 5, 0
0 57 24: 1902, 0, 0
0 57 25: 1902, 0, 0
0 57 26: 1257, 22, 3
0 57 27: 1911, 9, 3
0 57 28: 598, 10, 3
0 57 28: 1911, 1, 3
0 57 29: 1247, 22, 3
0 57 29: 1911, 1, 0
0 57 30: 1911, 9, 0
0 57 31: 1257, 22, 3
0 57 31: 1773, 11, 2
0 57 36: 1257, 22, 2
0 57 37: 1257, 22, 2
0 57 38: 1257, 22, 3
0 57 39: 1247, 22, 3
0 57 40: 1246, 22, 2
0 57 42: 1276, 10, 0
0 57 43: 1246, 22, 3
0 57 48: 1246, 22, 2
0 57 51: 1278, 10, 1
0 57 53: 1276, 10, 2
0 57 54: 1246, 22, 2
0 57 55: 1276, 10, 2
0 57 56: 1246, 22, 3
0 57 58: 1189, 10, 0
0 58 1: 1911, 0, 3
0 58 2: 196, 4, 1
0 58 3: 1259, 22, 0
0 58 3: 1911, 0, 3
0 58 4: 1259, 22, 1
0 58 5: 1258, 22, 3
0 58 6: 1247, 22, 1
0 58 8: 1902, 9, 2
0 58 8: 2784, 6, 2
0 58 9: 196, 6, 1
0 58 9: 1902, 9, 1
0 58 12: 1258, 22, 0
0 58 13: 1246, 22, 2
0 58 15: 1246, 22, 1
0 58 18: 336, 22, 0
0 58 19: 336, 22, 0
0 58 21: 336, 22, 1
0 58 26: 1911, 9, 3
0 58 27: 1911, 1, 3
0 58 28: 1102, 10, 3
0 58 29: 1911, 1, 1
0 58 30: 1911, 9, 1
0 58 30: 1938, 8, 1
0 58 31: 1173, 10, 3
0 58 32: 849, 11, 3
0 58 32: 1257, 22, 3
0 58 43: 1257, 22, 2
0 58 46: 1166, 10, 3
0 58 48: 1281, 10, 3
0 58 50: 1247, 22, 0
0 58 52: 1247, 22, 3
0 58 55: 1247, 22, 2
0 58 59: 1246, 22, 2
0 58 59: 1276, 10, 0
0 58 60: 1247, 22, 3
0 59 0: 1938, 4, 1
0 59 1: 1911, 0, 3
0 59 1: 1938, 5, 3
0 59 3: 1911, 9, 2
0 59 4: 1259, 22, 3
0 59 4: 1911, 0, 2
0 59 5: 1259, 22, 2
0 59 5: 1911, 0, 2
0 59 6: 1258, 22, 2
0 59 6: 1911, 0, 2
0 59 7: 1911, 0, 2
0 59 8: 1911, 0, 2
0 59 9: 1911, 0, 2
0 59 10: 1911, 0, 2
0 59 11: 1911, 0, 2
0 59 12: 1911, 0, 2
0 59 13: 1911, 0, 2
0 59 14: 1911, 0, 2
0 59 15: 1911, 0, 2
0 59 16: 1911, 0, 2
0 59 17: 1911, 0, 2
0 59 18: 1911, 0, 2
0 59 19: 1911, 0, 2
0 59 20: 1911, 0, 2
0 59 21: 1911, 0, 2
0 59 22: 1911, 0, 2
0 59 23: 1911, 0, 2
0 59 24: 1911, 0, 2
0 59 25: 196, 6, 3
0 59 25: 1911, 1, 2
0 59 25: 1911, 9, 3
0 59 26: 1911, 1, 3
0 59 28: 1246, 22, 1
0 59 28: 1911, 1, 1
0 59 29: 1911, 9, 1
0 59 30: 1259, 22, 2
0 59 31: 849, 11, 3
0 59 31: 1258, 22, 0
0 59 32: 1257, 22, 2
0 59 52: 1247, 22, 2
0 59 52: 1281, 10, 2
0 59 53: 1247, 22, 2
0 59 54: 1247, 22, 0
0 59 59: 1247, 22, 0
0 60 1: 1911, 9, 2
0 60 2: 1911, 1, 2
0 60 4: 196, 4, 0
0 60 5: 1247, 22, 1
0 60 8: 196, 4, 0
0 60 9: 1102, 10, 3
0 60 10: 595, 10, 3
0 60 11: 1246, 22, 3
0 60 14: 196, 4, 0
0 60 17: 196, 4, 0
0 60 17: 1102, 10, 3
0 60 18: 595, 10, 3
0 60 19: 1246, 22, 0
0 60 20: 1102, 10, 0
0 60 21: 196, 4, 0
0 60 21: 1248, 22, 3
0 60 22: 604, 10, 2
0 60 24: 196, 4, 0
0 60 27: 1911, 1, 1
0 60 28: 1911, 9, 1
0 60 28: 1938, 8, 1
0 60 29: 1259, 22, 1
0 60 30: 849, 11, 3
0 60 30: 1258, 22, 1
0 60 31: 1173, 10, 2
0 60 32: 1257, 22, 0
0 60 33: 1257, 22, 2
0 60 42: 1257, 22, 3
0 60 48: 1246, 22, 2
0 60 49: 1246, 22, 2
0 60 50: 1247, 22, 2
0 60 56: 1276, 10, 1
0 60 57: 1247, 22, 1
0 60 60: 1189, 10, 0
0 61 2: 1911, 9, 2
0 61 3: 1911, 0, 2
0 61 4: 1911, 0, 2
0 61 5: 1911, 0, 2
0 61 6: 1911, 0, 2
0 61 6: 1938, 5, 2
0 61 7: 1911, 0, 2
0 61 8: 1911, 0, 2
0 61 9: 1911, 0, 2
0 61 10: 1911, 0, 2
0 61 10: 1938, 5, 2
0 61 11: 1911, 0, 2
0 61 12: 1911, 0, 2
0 61 13: 1911, 0, 2
0 61 14: 1911, 0, 2
0 61 14: 1938, 5, 2
0 61 15: 1911, 0, 2
0 61 16: 1911, 0, 2
0 61 17: 1911, 0, 2
0 61 18: 1247, 22, 2
0 61 18: 1911, 0, 2
0 61 18: 1938, 5, 2
0 61 19: 1911, 0, 2
0 61 20: 1911, 0, 2
0 61 21: 1911, 0, 2
0 61 22: 1911, 0, 2
0 61 22: 1938, 5, 2
0 61 23: 1911, 0, 2
0 61 24: 1911, 0, 2
0 61 25: 1911, 0, 2
0 61 26: 1911, 0, 2
0 61 26: 1938, 5, 2
0 61 27: 1911, 9, 1
0 61 28: 1298, 10, 1
0 61 29: 849, 11, 3
0 61 29: 1257, 22, 1
0 61 30: 1247, 22, 1
0 61 30: 1278, 10, 3
0 61 31: 1258, 22, 3
0 61 32: 1258, 22, 1
0 61 33: 1281, 10, 3
0 61 34: 1247, 22, 0
0 61 35: 1247, 22, 1
0 61 36: 981, 3, 0
0 61 37: 980, 0, 0
0 61 37: 1276, 10, 0
0 61 38: 980, 0, 0
0 61 38: 1246, 22, 0
0 61 39: 980, 9, 0
0 61 50: 1246, 22, 3
0 61 50: 1276, 10, 0
0 61 51: 1247, 22, 1
0 61 52: 1247, 22, 3
0 61 54: 1246, 22, 0
0 61 57: 1246, 22, 1
0 61 62: 1189, 10, 1
0 62 6: 1938, 4, 0
0 62 10: 1938, 4, 0
0 62 14: 1938, 4, 0
0 62 18: 1938, 4, 0
0 62 22: 1938, 4, 0
0 62 26: 1938, 4, 0
0 62 28: 1257, 22, 3
0 62 29: 1257, 22, 2
0 62 30: 1257, 22, 1
0 62 31: 1247, 22, 3
0 62 33: 1247, 22, 3
0 62 35: 1246, 22, 2
0 62 39: 980, 1, 0
0 62 39: 1276, 10, 3
0 62 40: 980, 0, 0
0 62 40: 1246, 22, 3
0 62 41: 981, 3, 3
0 62 41: 1257, 22, 2
0 62 42: 1257, 22, 0
0 62 43: 1257, 22, 1
0 62 44: 1257, 22, 3
0 62 48: 1257, 22, 2
0 62 49: 1257, 22, 1
0 62 50: 1247, 22, 0
0 62 54: 1257, 22, 2
0 62 60: 1189, 10, 2
0 62 61: 1189, 10, 3
0 63 41: 1257, 22, 2
0 63 42: 1257, 22, 1
0 63 43: 1257, 22, 0
0 63 44: 1257, 22, 0
0 63 45: 1257, 22, 3
0 63 47: 1257, 22, 1
0 63 48: 1257, 22, 0
0 63 49: 1257, 22, 0
0 63 50: 1257, 22, 0
0 63 53: 1257, 22, 0
0 63 54: 1257, 22, 0
0 63 55: 1257, 22, 3
0 63 62: 1189, 10, 2
1 0 1: 1913, 0, 3
1 0 3: 1913, 0, 3
1 0 24: 1792, 19, 1
1 0 25: 1792, 18, 2
1 0 26: 1792, 18, 2
1 0 27: 1792, 18, 2
1 0 28: 1792, 18, 2
1 0 29: 1792, 19, 2
1 0 36: 1913, 0, 1
1 0 38: 336, 22, 3
1 0 38: 1913, 0, 1
1 1 1: 1913, 0, 3
1 1 2: 336, 22, 3
1 1 3: 1913, 0, 3
1 1 23: 1792, 19, 1
1 1 24: 1926, 13, 1
1 1 25: 1926, 12, 2
1 1 26: 1926, 12, 2
1 1 27: 1926, 12, 2
1 1 28: 1926, 12, 2
1 1 29: 1926, 13, 2
1 1 30: 1792, 19, 2
1 1 36: 1913, 0, 1
1 1 37: 336, 22, 3
1 1 38: 1913, 0, 1
1 2 1: 1913, 0, 3
1 2 3: 1913, 0, 3
1 2 22: 1792, 19, 1
1 2 23: 1926, 13, 1
1 2 24: 1926, 14, 1
1 2 25: 1926, 17, 1
1 2 26: 1926, 17, 1
1 2 27: 1926, 17, 1
1 2 28: 1926, 17, 1
1 2 29: 1926, 14, 2
1 2 30: 1926, 13, 2
1 2 31: 1792, 19, 2
1 2 36: 1913, 0, 1
1 2 37: 335, 22, 1
1 2 38: 1913, 0, 1
1 3 1: 336, 22, 2
1 3 1: 1913, 0, 3
1 3 3: 1913, 0, 3
1 3 6: 1792, 19, 1
1 3 7: 1792, 18, 2
1 3 8: 1792, 18, 2
1 3 9: 1792, 18, 2
1 3 10: 1792, 18, 2
1 3 11: 1792, 18, 2
1 3 12: 1792, 18, 2
1 3 13: 1792, 18, 2
1 3 14: 1792, 19, 2
1 3 21: 1792, 19, 1
1 3 22: 1926, 13, 1
1 3 23: 1926, 14, 1
1 3 24: 1926, 17, 1
1 3 25: 1926, 17, 1
1 3 26: 1926, 17, 0
1 3 27: 1926, 17, 0
1 3 28: 1926, 17, 0
1 3 29: 1926, 17, 1
1 3 30: 1926, 14, 2
1 3 31: 1926, 13, 2
1 3 32: 1792, 19, 2
1 3 36: 1913, 0, 1
1 3 37: 336, 22, 0
1 3 38: 1247, 22, 2
1 3 38: 1913, 0, 1
1 4 1: 1913, 0, 3
1 4 3: 1913, 0, 3
1 4 6: 1792, 18, 1
1 4 7: 1926, 16, 1
1 4 8: 1926, 12, 2
1 4 9: 1926, 12, 2
1 4 10: 1926, 12, 2
1 4 11: 1926, 12, 2
1 4 12: 1926, 12, 2
1 4 13: 1926, 16, 2
1 4 14: 1792, 18, 3
1 4 20: 1792, 19, 1
1 4 21: 1926, 13, 1
1 4 22: 1926, 14, 1
1 4 23: 1926, 17, 1
1 4 24: 1926, 17, 1
1 4 25: 1926, 17, 0
1 4 26: 1926, 17, 0
1 4 27: 1926, 17, 0
1 4 28: 1926, 17, 0
1 4 29: 1926, 17, 0
1 4 30: 1926, 17, 1
1 4 31: 1926, 14, 2
1 4 32: 1926, 13, 2
1 4 33: 1792, 19, 2
1 4 36: 1913, 0, 1
1 4 37: 827, 22, 0
1 4 38: 1913, 0, 1
1 5 1: 1913, 0, 3
1 5 2: 825, 22, 1
1 5 3: 1913, 0, 3
1 5 6: 1792, 18, 1
1 5 7: 1926, 12, 1
1 5 8: 1926, 17, 3
1 5 9: 1926, 17, 3
1 5 10: 1926, 17, 3
1 5 11: 1926, 17, 3
1 5 12: 1926, 17, 3
1 5 13: 1926, 12, 3
1 5 14: 1792, 18, 3
1 5 20: 1792, 18, 1
1 5 21: 1926, 12, 1
1 5 22: 1926, 17, 1
1 5 23: 1926, 17, 1
1 5 24: 1926, 17, 1
1 5 25: 1926, 17, 0
1 5 26: 1926, 17, 0
1 5 27: 1926, 17, 1
1 5 28: 1926, 17, 0
1 5 29: 1926, 17, 0
1 5 30: 1926, 17, 0
1 5 31: 1926, 17, 1
1 5 32: 1926, 12, 3
1 5 33: 1792, 18, 3
1 5 36: 1913, 0, 1
1 5 38: 1913, 0, 1
1 5 47: 1791, 19, 1
1 5 48: 1791, 18, 2
1 5 49: 1791, 18, 2
1 5 50: 1791, 18, 2
1 5 51: 1791, 18, 2
1 5 52: 1791, 18, 2
1 5 53: 1791, 19, 2
1 6 1: 1913, 0, 3
1 6 3: 1913, 0, 3
1 6 6: 1792, 18, 1
1 6 7: 1926, 12, 1
1 6 8: 1926, 17, 3
1 6 9: 1926, 17, 3
1 6 10: 1926, 17, 3
1 6 11: 1926, 17, 3
1 6 12: 1926, 17, 3
1 6 13: 1926, 12, 3
1 6 14: 1792, 18, 3
1 6 20: 1792, 18, 1
1 6 21: 1926, 12, 1
1 6 22: 1926, 17, 1
1 6 23: 1926, 17, 1
1 6 24: 1926, 17, 1
1 6 25: 1926, 17, 0
1 6 26: 1926, 17, 0
1 6 27: 1926, 17, 0
1 6 28: 1926, 17, 0
1 6 29: 1926, 17, 0
1 6 30: 1926, 17, 1
1 6 31: 1926, 17, 1
1 6 32: 1926, 12, 3
1 6 33: 1792, 18, 3
1 6 36: 1913, 0, 1
1 6 38: 1913, 0, 1
1 6 46: 1791, 19, 1
1 6 47: 1643, 13, 1
1 6 48: 1643, 12, 2
1 6 49: 1643, 12, 2
1 6 50: 1643, 12, 2
1 6 51: 1643, 12, 2
1 6 52: 1643, 12, 2
1 6 53: 1643, 13, 2
1 6 54: 1791, 19, 2
1 7 1: 1913, 0, 3
1 7 3: 1913, 0, 3
1 7 6: 1792, 18, 1
1 7 7: 1926, 12, 1
1 7 8: 1926, 17, 3
1 7 9: 1926, 17, 3
1 7 10: 1926, 17, 3
1 7 11: 1926, 17, 3
1 7 12: 1926, 17, 3
1 7 13: 1926, 12, 3
1 7 14: 1792, 18, 3
1 7 20: 1792, 18, 1
1 7 21: 1926, 12, 1
1 7 22: 1926, 17, 1
1 7 23: 1926, 17, 1
1 7 24: 1926, 17, 1
1 7 25: 1926, 17, 0
1 7 26: 1926, 17, 1
1 7 27: 1926, 17, 0
1 7 28: 1926, 17, 0
1 7 29: 1926, 17, 1
1 7 30: 1926, 17, 1
1 7 31: 1926, 17, 1
1 7 32: 1926, 12, 3
1 7 33: 1792, 18, 3
1 7 36: 1913, 0, 1
1 7 38: 1913, 0, 1
1 7 46: 1791, 18, 1
1 7 47: 1643, 12, 1
1 7 48: 1643, 17, 1
1 7 49: 1643, 17, 1
1 7 50: 1643, 17, 1
1 7 51: 1643, 17, 1
1 7 52: 1643, 17, 1
1 7 53: 1643, 12, 3
1 7 54: 1791, 18, 3
1 8 1: 1913, 0, 3
1 8 2: 1247, 22, 2
1 8 3: 1913, 0, 3
1 8 6: 1792, 18, 1
1 8 7: 1926, 12, 1
1 8 8: 1926, 17, 3
1 8 9: 1926, 17, 3
1 8 10: 1926, 17, 3
1 8 11: 1926, 17, 3
1 8 12: 1926, 17, 3
1 8 13: 1926, 12, 3
1 8 14: 1792, 18, 3
1 8 20: 1792, 18, 1
1 8 21: 1926, 12, 1
1 8 22: 1926, 17, 1
1 8 23: 1926, 17, 1
1 8 24: 1926, 17, 1
1 8 25: 1926, 17, 1
1 8 26: 1926, 17, 1
1 8 27: 1926, 17, 1
1 8 28: 1926, 17, 1
1 8 29: 1926, 17, 1
1 8 30: 1926, 17, 1
1 8 31: 1926, 17, 1
1 8 32: 1926, 12, 3
1 8 33: 1792, 18, 3
1 8 36: 1913, 0, 1
1 8 38: 1913, 0, 1
1 8 46: 1791, 18, 1
1 8 47: 1643, 12, 1
1 8 48: 1643, 17, 1
1 8 49: 1643, 17, 1
1 8 50: 1643, 17, 1
1 8 51: 1643, 17, 1
1 8 52: 1643, 17, 1
1 8 53: 1643, 12, 3
1 8 54: 1791, 18, 3
1 9 1: 1913, 0, 3
1 9 3: 1913, 0, 3
1 9 6: 1792, 18, 1
1 9 7: 1926, 12, 1
1 9 8: 1926, 17, 3
1 9 9: 1926, 17, 3
1 9 10: 1926, 17, 3
1 9 11: 1926, 17, 3
1 9 12: 1926, 17, 3
1 9 13: 1926, 12, 3
1 9 14: 1792, 18, 3
1 9 20: 1792, 19, 0
1 9 21: 1926, 13, 0
1 9 22: 1926, 14, 0
1 9 23: 1926, 17, 1
1 9 24: 1926, 17, 1
1 9 25: 1926, 17, 1
1 9 26: 1926, 17, 1
1 9 27: 1926, 17, 1
1 9 28: 1926, 17, 1
1 9 29: 1926, 17, 1
1 9 30: 1926, 17, 1
1 9 31: 1926, 14, 3
1 9 32: 1926, 13, 3
1 9 33: 1792, 19, 3
1 9 36: 1913, 0, 1
1 9 38: 1913, 0, 1
1 9 46: 1791, 18, 1
1 9 47: 1643, 12, 1
1 9 48: 1643, 17, 1
1 9 49: 1643, 17, 1
1 9 50: 1643, 17, 1
1 9 51: 1643, 17, 1
1 9 52: 1643, 17, 1
1 9 53: 1643, 12, 3
1 9 54: 1791, 18, 3
1 10 1: 1913, 0, 3
1 10 3: 1913, 0, 3
1 10 6: 1792, 18, 1
1 10 7: 1926, 16, 0
1 10 8: 1926, 12, 0
1 10 9: 1926, 12, 0
1 10 10: 1926, 12, 0
1 10 11: 1926, 12, 0
1 10 12: 1926, 12, 0
1 10 13: 1926, 16, 3
1 10 14: 1792, 18, 3
1 10 21: 1792, 19, 0
1 10 22: 1926, 13, 0
1 10 23: 1926, 14, 0
1 10 24: 1926, 17, 1
1 10 25: 1926, 17, 1
1 10 26: 1926, 17, 1
1 10 27: 1926, 17, 1
1 10 28: 1926, 17, 1
1 10 29: 1926, 17, 1
1 10 30: 1926, 14, 3
1 10 31: 1926, 13, 3
1 10 32: 1792, 19, 3
1 10 36: 1913, 0, 1
1 10 37: 825, 22, 2
1 10 38: 1913, 0, 1
1 10 46: 1791, 18, 1
1 10 47: 1643, 12, 1
1 10 48: 1643, 17, 1
1 10 49: 1643, 17, 1
1 10 50: 1643, 17, 1
1 10 51: 1643, 17, 1
1 10 52: 1643, 17, 1
1 10 53: 1643, 12, 3
1 10 54: 1791, 18, 3
1 11 1: 1913, 0, 3
1 11 3: 1913, 0, 3
1 11 6: 1792, 19, 0
1 11 7: 1792, 18, 0
1 11 8: 1792, 18, 0
1 11 9: 1792, 18, 0
1 11 10: 1792, 18, 0
1 11 11: 1792, 18, 0
1 11 12: 1792, 18, 0
1 11 13: 1792, 18, 0
1 11 14: 1792, 19, 3
1 11 22: 1792, 19, 0
1 11 23: 1926, 13, 0
1 11 24: 1926, 14, 0
1 11 25: 1926, 17, 1
1 11 26: 1926, 17, 1
1 11 27: 1926, 17, 1
1 11 28: 1926, 17, 1
1 11 29: 1926, 14, 3
1 11 30: 1926, 13, 3
1 11 31: 1792, 19, 3
1 11 36: 1913, 0, 1
1 11 38: 1913, 0, 1
1 11 46: 1791, 18, 1
1 11 47: 1643, 12, 1
1 11 48: 1643, 17, 1
1 11 49: 1643, 17, 1
1 11 50: 1643, 17, 1
1 11 51: 1643, 17, 1
1 11 52: 1643, 17, 1
1 11 53: 1643, 12, 3
1 11 54: 1791, 18, 3
1 12 1: 1913, 0, 3
1 12 3: 1913, 0, 3
1 12 23: 1792, 19, 0
1 12 24: 1926, 13, 0
1 12 25: 1926, 12, 0
1 12 26: 1926, 12, 0
1 12 27: 1926, 12, 0
1 12 28: 1926, 12, 0
1 12 29: 1926, 13, 3
1 12 30: 1792, 19, 3
1 12 36: 1913, 0, 1
1 12 38: 1913, 0, 1
1 12 46: 1791, 18, 1
1 12 47: 1643, 12, 1
1 12 48: 1643, 17, 1
1 12 49: 1643, 17, 1
1 12 50: 1643, 17, 1
1 12 51: 1643, 17, 1
1 12 52: 1643, 17, 1
1 12 53: 1643, 12, 3
1 12 54: 1791, 18, 3
1 13 1: 1246, 22, 1
1 13 1: 1913, 0, 3
1 13 3: 1913, 0, 3
1 13 24: 1792, 19, 0
1 13 25: 1792, 18, 0
1 13 26: 1792, 18, 0
1 13 27: 1792, 18, 0
1 13 28: 1792, 18, 0
1 13 29: 1792, 19, 3
1 13 36: 1913, 0, 1
1 13 38: 1913, 0, 1
1 13 46: 1791, 19, 0
1 13 47: 1643, 13, 0
1 13 48: 1643, 12, 0
1 13 49: 1643, 12, 0
1 13 50: 1643, 12, 0
1 13 51: 1643, 12, 0
1 13 52: 1643, 12, 0
1 13 53: 1643, 13, 3
1 13 54: 1791, 19, 3
1 14 1: 1913, 0, 3
1 14 3: 1913, 0, 3
1 14 36: 1913, 0, 1
1 14 38: 336, 22, 2
1 14 38: 1913, 0, 1
1 14 47: 1791, 19, 0
1 14 48: 1791, 18, 0
1 14 49: 1791, 18, 0
1 14 50: 1791, 18, 0
1 14 51: 1791, 18, 0
1 14 52: 1791, 18, 0
1 14 53: 1791, 19, 3
1 15 1: 1913, 0, 3
1 15 3: 1913, 0, 3
1 15 36: 1913, 0, 1
1 15 37: 336, 22, 2
1 15 38: 335, 22, 0
1 15 38: 1913, 0, 1
1 16 1: 1913, 0, 3
1 16 2: 336, 22, 2
1 16 3: 1913, 0, 3
1 16 36: 1913, 0, 1
1 16 37: 1247, 22, 3
1 16 38: 336, 22, 1
1 16 38: 1913, 0, 1
1 17 1: 336, 22, 1
1 17 1: 1913, 0, 3
1 17 2: 335, 22, 3
1 17 3: 1913, 0, 3
1 17 36: 1913, 0, 1
1 17 38: 1913, 0, 1
1 18 1: 1913, 0, 3
1 18 2: 336, 22, 3
1 18 3: 1913, 0, 3
1 18 36: 1913, 0, 1
1 18 38: 1913, 0, 1
1 19 1: 1913, 0, 3
1 19 3: 1913, 0, 3
1 19 36: 1913, 0, 1
1 19 38: 1913, 0, 1
1 20 1: 1913, 0, 3
1 20 3: 1913, 0, 3
1 20 36: 1913, 0, 1
1 20 38: 336, 22, 0
1 20 38: 1913, 0, 1
1 21 0: 1913, 9, 3
1 21 1: 827, 22, 3
1 21 1: 1913, 1, 3
1 21 3: 1913, 0, 3
1 21 36: 1913, 0, 1
1 21 38: 1913, 0, 1
1 22 0: 1913, 1, 3
1 22 2: 1913, 9, 3
1 22 3: 1913, 1, 3
1 22 36: 1913, 0, 1
1 22 38: 1246, 22, 0
1 22 38: 1913, 0, 1
1 23 1: 1913, 9, 3
1 23 2: 1913, 1, 3
1 23 36: 1913, 0, 1
1 23 38: 1913, 0, 1
1 24 1: 1913, 0, 3
1 24 13: 1902, 1, 1
1 24 14: 1902, 0, 2
1 24 15: 1902, 0, 2
1 24 16: 1902, 0, 2
1 24 17: 1902, 0, 2
1 24 18: 1902, 1, 2
1 24 36: 1913, 0, 1
1 24 38: 1913, 0, 1
1 25 1: 1913, 0, 3
1 25 12: 1902, 1, 1
1 25 13: 1902, 9, 1
1 25 13: 1938, 8, 1
1 25 14: 196, 4, 0
1 25 15: 619, 10, 3
1 25 17: 196, 4, 0
1 25 18: 1902, 9, 2
1 25 18: 1938, 8, 2
1 25 19: 1902, 1, 2
1 25 36: 1913, 0, 1
1 25 38: 1913, 0, 1
1 26 0: 336, 22, 0
1 26 1: 1913, 0, 3
1 26 11: 1902, 1, 1
1 26 12: 1902, 9, 1
1 26 13: 336, 22, 2
1 26 14: 335, 22, 2
1 26 15: 336, 22, 3
1 26 19: 908, 7, 2
1 26 19: 1902, 9, 2
1 26 20: 1902, 1, 2
1 26 36: 1913, 0, 1
1 26 37: 825, 22, 0
1 26 38: 1913, 0, 1
1 27 1: 1913, 0, 3
1 27 10: 1902, 1, 1
1 27 11: 907, 7, 1
1 27 11: 1902, 9, 1
1 27 14: 994, 1, 1
1 27 15: 994, 0, 2
1 27 16: 994, 0, 2
1 27 17: 994, 1, 2
1 27 19: 336, 22, 2
1 27 20: 1902, 9, 2
1 27 21: 1902, 1, 2
1 27 36: 1913, 0, 1
1 27 38: 1913, 0, 1
1 28 1: 1913, 0, 3
1 28 9: 1902, 1, 1
1 28 10: 1902, 9, 1
1 28 10: 1938, 8, 1
1 28 13: 994, 1, 1
1 28 14: 994, 9, 1
1 28 17: 994, 9, 2
1 28 18: 994, 1, 2
1 28 21: 1902, 9, 2
1 28 21: 1938, 8, 2
1 28 22: 1902, 1, 2
1 28 36: 1913, 0, 1
1 28 38: 1913, 0, 1
1 29 1: 1913, 9, 2
1 29 2: 1913, 1, 2
1 29 9: 1902, 0, 1
1 29 10: 196, 4, 3
1 29 10: 928, 22, 3
1 29 11: 928, 22, 0
1 29 12: 994, 0, 2
1 29 13: 994, 9, 1
1 29 18: 994, 9, 2
1 29 19: 994, 0, 2
1 29 20: 928, 22, 3
1 29 21: 196, 4, 1
1 29 21: 928, 22, 0
1 29 22: 1902, 0, 3
1 29 34: 1821, 4, 2
1 29 36: 1913, 0, 1
1 29 38: 336, 22, 3
1 29 38: 1913, 0, 1
1 30 0: 1913, 1, 2
1 30 2: 1913, 9, 2
1 30 3: 1913, 1, 2
1 30 9: 1902, 0, 1
1 30 10: 380, 10, 3
1 30 10: 929, 22, 2
1 30 11: 929, 22, 0
1 30 12: 1722, 10, 0
1 30 18: 1723, 10, 0
1 30 20: 929, 22, 2
1 30 21: 380, 10, 1
1 30 21: 929, 22, 0
1 30 22: 1902, 0, 3
1 30 30: 1821, 5, 1
1 30 30: 1911, 0, 1
1 30 31: 419, 10, 2
1 30 31: 1822, 4, 3
1 30 31: 1902, 0, 0
1 30 32: 1902, 0, 0
1 30 33: 1902, 2, 0
1 30 34: 1822, 5, 0
1 30 34: 1902, 0, 0
1 30 35: 362, 10, 3
1 30 35: 1902, 0, 0
1 30 36: 362, 10, 0
1 30 36: 1902, 2, 0
1 30 38: 1913, 0, 1
1 31 0: 1913, 9, 2
1 31 1: 1913, 1, 2
1 31 3: 1913, 0, 3
1 31 9: 1902, 0, 1
1 31 10: 929, 22, 2
1 31 11: 929, 22, 0
1 31 20: 929, 22, 2
1 31 21: 929, 22, 0
1 31 22: 1902, 0, 3
1 31 30: 1911, 0, 1
1 31 31: 419, 10, 2
1 31 33: 916, 22, 2
1 31 33: 1530, 0, 1
1 31 34: 917, 22, 3
1 31 35: 917, 22, 0
1 31 36: 196, 5, 1
1 31 36: 362, 10, 0
1 31 36: 1902, 0, 1
1 31 38: 1913, 0, 1
1 32 1: 1913, 0, 3
1 32 3: 1913, 0, 3
1 32 9: 1902, 0, 1
1 32 10: 196, 4, 3
1 32 10: 928, 22, 2
1 32 11: 928, 22, 1
1 32 12: 994, 0, 0
1 32 13: 994, 9, 0
1 32 18: 994, 9, 3
1 32 19: 994, 0, 0
1 32 20: 928, 22, 2
1 32 21: 196, 4, 1
1 32 21: 928, 22, 1
1 32 22: 1902, 0, 3
1 32 30: 1821, 5, 1
1 32 30: 1911, 0, 1
1 32 31: 1822, 4, 3
1 32 33: 916, 22, 2
1 32 33: 1902, 0, 1
1 32 34: 918, 22, 2
1 32 35: 918, 22, 0
1 32 36: 1902, 0, 1
1 32 37: 336, 22, 2
1 32 38: 1913, 0, 1
1 33 1: 1913, 0, 3
1 33 2: 1247, 22, 3
1 33 3: 1913, 0, 3
1 33 9: 1902, 1, 0
1 33 10: 1902, 9, 0
1 33 10: 1938, 8, 0
1 33 12: 336, 22, 2
1 33 13: 994, 1, 0
1 33 14: 994, 9, 0
1 33 17: 994, 9, 3
1 33 18: 994, 1, 3
1 33 19: 336, 22, 0
1 33 21: 1902, 9, 3
1 33 21: 1938, 8, 3
1 33 22: 1902, 1, 3
1 33 30: 1911, 0, 1
1 33 31: 602, 10, 2
1 33 31: 1902, 0, 2
1 33 32: 196, 5, 2
1 33 32: 1902, 0, 2
1 33 33: 1902, 2, 1
1 33 34: 918, 22, 2
1 33 35: 918, 22, 0
1 33 36: 375, 10, 2
1 33 36: 1902, 0, 1
1 33 38: 1913, 0, 1
1 34 1: 1913, 0, 3
1 34 3: 1913, 0, 3
1 34 10: 1902, 1, 0
1 34 11: 907, 7, 0
1 34 11: 1902, 9, 0
1 34 14: 994, 1, 0
1 34 15: 994, 0, 0
1 34 16: 994, 0, 0
1 34 17: 994, 1, 3
1 34 18: 336, 22, 1
1 34 19: 335, 22, 1
1 34 20: 1020, 7, 3
1 34 20: 1902, 9, 3
1 34 21: 1902, 1, 3
1 34 30: 1911, 0, 1
1 34 34: 918, 22, 2
1 34 35: 918, 22, 0
1 34 36: 196, 5, 1
1 34 36: 1902, 0, 1
1 34 38: 1913, 0, 1
1 35 1: 1913, 0, 3
1 35 3: 1913, 0, 3
1 35 11: 1902, 1, 0
1 35 12: 908, 7, 0
1 35 12: 1902, 9, 0
1 35 13: 336, 22, 0
1 35 15: 2735, 22, 0
1 35 19: 1021, 7, 3
1 35 19: 1902, 9, 3
1 35 20: 1902, 1, 3
1 35 30: 1911, 0, 1
1 35 31: 419, 10, 2
1 35 31: 1902, 0, 0
1 35 32: 1902, 0, 0
1 35 33: 1902, 2, 0
1 35 34: 918, 22, 2
1 35 35: 918, 22, 0
1 35 36: 1902, 0, 1
1 35 38: 1913, 0, 1
1 36 1: 335, 22, 0
1 36 1: 1913, 0, 3
1 36 3: 1913, 0, 3
1 36 12: 1902, 1, 0
1 36 13: 1902, 9, 0
1 36 13: 1938, 8, 0
1 36 14: 196, 4, 2
1 36 14: 598, 10, 0
1 36 15: 618, 10, 3
1 36 17: 196, 4, 2
1 36 18: 1902, 9, 3
1 36 18: 1938, 8, 3
1 36 19: 1902, 1, 3
1 36 30: 1821, 5, 1
1 36 30: 1911, 0, 1
1 36 31: 1822, 4, 3
1 36 33: 916, 22, 2
1 36 33: 1902, 0, 1
1 36 34: 917, 22, 2
1 36 35: 917, 22, 1
1 36 36: 1902, 0, 1
1 36 37: 336, 22, 1
1 36 38: 1247, 22, 0
1 36 38: 1913, 0, 1
1 37 1: 1913, 0, 3
1 37 2: 1248, 22, 1
1 37 3: 1913, 0, 3
1 37 13: 1902, 1, 0
1 37 14: 205, 5, 0
1 37 14: 1902, 0, 0
1 37 15: 1902, 0, 0
1 37 16: 1902, 0, 0
1 37 17: 205, 5, 0
1 37 17: 1902, 0, 0
1 37 18: 1902, 1, 3
1 37 30: 1911, 0, 1
1 37 33: 1530, 0, 1
1 37 35: 1746, 10, 2
1 37 36: 196, 5, 1
1 37 36: 1902, 0, 1
1 37 37: 336, 22, 1
1 37 38: 1913, 0, 1
1 38 1: 1913, 0, 3
1 38 3: 1913, 0, 3
1 38 30: 1821, 5, 1
1 38 30: 1911, 0, 1
1 38 31: 419, 10, 2
1 38 31: 1822, 4, 3
1 38 31: 1902, 0, 2
1 38 32: 1902, 0, 2
1 38 33: 1902, 2, 1
1 38 34: 1822, 5, 2
1 38 34: 1902, 0, 2
1 38 35: 887, 5, 2
1 38 35: 1902, 0, 2
1 38 36: 1902, 2, 1
1 38 38: 1913, 0, 1
1 39 1: 1913, 0, 3
1 39 3: 1913, 0, 3
1 39 34: 1821, 4, 0
1 39 36: 1913, 0, 1
1 39 38: 336, 22, 0
1 39 38: 1913, 0, 1
1 40 1: 1913, 0, 3
1 40 3: 1913, 0, 3
1 40 4: 1792, 19, 1
1 40 5: 1792, 18, 2
1 40 6: 1792, 18, 2
1 40 7: 1792, 18, 2
1 40 8: 1792, 18, 2
1 40 9: 1792, 18, 2
1 40 10: 1792, 19, 2
1 40 36: 1913, 0, 1
1 40 38: 1913, 0, 1
1 41 1: 1913, 0, 3
1 41 3: 1913, 0, 3
1 41 4: 1792, 18, 1
1 41 5: 1926, 16, 1
1 41 6: 1926, 12, 2
1 41 7: 1926, 12, 2
1 41 8: 1926, 12, 2
1 41 9: 1926, 16, 2
1 41 10: 1792, 18, 3
1 41 36: 1913, 0, 1
1 41 38: 1913, 0, 1
1 42 1: 825, 22, 3
1 42 1: 1913, 0, 3
1 42 2: 825, 22, 3
1 42 3: 1913, 0, 3
1 42 4: 1792, 18, 1
1 42 5: 1926, 12, 1
1 42 6: 1926, 17, 2
1 42 7: 1926, 17, 2
1 42 8: 1926, 17, 2
1 42 9: 1926, 12, 3
1 42 10: 1792, 18, 3
1 42 36: 1913, 0, 1
1 42 37: 1248, 22, 2
1 42 38: 1913, 0, 1
1 43 1: 1913, 0, 3
1 43 3: 1913, 0, 3
1 43 4: 1792, 18, 1
1 43 5: 1926, 12, 1
1 43 6: 1926, 17, 2
1 43 7: 1926, 17, 2
1 43 8: 1926, 17, 2
1 43 9: 1926, 12, 3
1 43 10: 1792, 18, 3
1 43 36: 1913, 0, 1
1 43 37: 336, 22, 2
1 43 38: 1913, 0, 1
1 44 1: 1913, 0, 3
1 44 3: 1913, 0, 3
1 44 4: 1792, 18, 1
1 44 5: 1926, 12, 1
1 44 6: 1926, 17, 2
1 44 7: 1926, 17, 2
1 44 8: 1926, 17, 2
1 44 9: 1926, 12, 3
1 44 10: 1792, 18, 3
1 44 36: 1913, 0, 1
1 44 38: 1248, 22, 1
1 44 38: 1913, 0, 1
1 45 1: 1247, 22, 0
1 45 1: 1913, 0, 3
1 45 2: 827, 22, 2
1 45 3: 1913, 0, 3
1 45 4: 1792, 18, 1
1 45 5: 1926, 12, 1
1 45 6: 1926, 17, 2
1 45 7: 1926, 17, 2
1 45 8: 1926, 17, 2
1 45 9: 1926, 12, 3
1 45 10: 1792, 18, 3
1 45 36: 1913, 0, 1
1 45 38: 1913, 0, 1
1 46 1: 1913, 0, 3
1 46 3: 1913, 0, 3
1 46 4: 1792, 18, 1
1 46 5: 1926, 12, 1
1 46 6: 1926, 17, 2
1 46 7: 1926, 17, 2
1 46 8: 1926, 17, 2
1 46 9: 1926, 12, 3
1 46 10: 1792, 18, 3
1 46 18: 1792, 19, 1
1 46 19: 1792, 18, 2
1 46 20: 1792, 18, 2
1 46 21: 1792, 18, 2
1 46 22: 1792, 18, 2
1 46 23: 1792, 19, 2
1 46 36: 1913, 0, 1
1 46 37: 825, 22, 3
1 46 38: 1913, 0, 1
1 47 1: 1913, 0, 3
1 47 3: 1913, 0, 3
1 47 4: 1792, 18, 1
1 47 5: 1926, 16, 0
1 47 6: 1926, 12, 0
1 47 7: 1926, 12, 0
1 47 8: 1926, 12, 0
1 47 9: 1926, 16, 3
1 47 10: 1792, 18, 3
1 47 18: 1792, 18, 1
1 47 19: 1926, 16, 1
1 47 20: 1926, 12, 2
1 47 21: 1926, 12, 2
1 47 22: 1926, 16, 2
1 47 23: 1792, 18, 3
1 47 36: 1913, 0, 1
1 47 38: 1913, 0, 1
1 48 1: 1913, 0, 3
1 48 3: 1913, 0, 3
1 48 4: 1792, 19, 0
1 48 5: 1792, 18, 0
1 48 6: 1792, 18, 0
1 48 7: 1792, 18, 0
1 48 8: 1792, 18, 0
1 48 9: 1792, 18, 0
1 48 10: 1792, 19, 3
1 48 15: 1792, 19, 1
1 48 16: 1792, 18, 2
1 48 17: 1792, 18, 2
1 48 18: 1792, 20, 1
1 48 19: 1926, 12, 1
1 48 20: 1604, 17, 1
1 48 21: 1604, 17, 1
1 48 22: 1926, 12, 3
1 48 23: 1792, 20, 2
1 48 24: 1792, 18, 2
1 48 25: 1792, 18, 2
1 48 26: 1792, 19, 2
1 48 35: 1913, 1, 1
1 48 36: 1913, 9, 1
1 48 38: 1913, 0, 1
1 49 1: 1913, 0, 3
1 49 3: 1913, 0, 3
1 49 7: 1792, 19, 1
1 49 8: 1926, 13, 1
1 49 9: 1926, 13, 2
1 49 10: 1792, 19, 2
1 49 15: 1792, 18, 1
1 49 16: 1926, 16, 1
1 49 17: 1926, 12, 2
1 49 18: 1926, 12, 2
1 49 19: 1926, 14, 1
1 49 20: 1604, 17, 1
1 49 21: 1604, 17, 1
1 49 22: 1926, 14, 2
1 49 23: 1926, 12, 2
1 49 24: 1926, 12, 2
1 49 25: 1926, 16, 2
1 49 26: 1792, 18, 3
1 49 34: 1913, 1, 1
1 49 35: 1913, 9, 1
1 49 37: 336, 22, 1
1 49 38: 1913, 0, 1
1 50 1: 1913, 0, 3
1 50 3: 1913, 0, 3
1 50 6: 1792, 19, 1
1 50 7: 1926, 13, 1
1 50 8: 1926, 14, 1
1 50 9: 1926, 14, 2
1 50 10: 1926, 13, 2
1 50 11: 1792, 19, 2
1 50 15: 1792, 18, 1
1 50 16: 1926, 12, 1
1 50 17: 1604, 17, 1
1 50 18: 1604, 17, 1
1 50 19: 1604, 17, 1
1 50 20: 1604, 17, 1
1 50 21: 1604, 17, 1
1 50 22: 1604, 17, 1
1 50 23: 1604, 17, 1
1 50 24: 1604, 17, 1
1 50 25: 1926, 12, 3
1 50 26: 1792, 18, 3
1 50 33: 1913, 1, 1
1 50 34: 1913, 9, 1
1 50 36: 1247, 22, 2
1 50 37: 335, 22, 3
1 50 37: 1913, 1, 1
1 50 38: 1913, 9, 1
1 51 1: 1913, 0, 3
1 51 3: 1913, 0, 3
1 51 5: 1792, 19, 1
1 51 6: 1926, 13, 1
1 51 7: 1926, 14, 1
1 51 8: 1604, 17, 2
1 51 9: 1604, 17, 2
1 51 10: 1926, 14, 2
1 51 11: 1926, 13, 2
1 51 12: 1792, 19, 2
1 51 15: 1792, 18, 1
1 51 16: 1926, 12, 1
1 51 17: 1604, 17, 1
1 51 18: 1604, 17, 1
1 51 19: 1604, 17, 1
1 51 20: 1604, 17, 1
1 51 21: 1604, 17, 1
1 51 22: 1604, 17, 1
1 51 23: 1604, 17, 1
1 51 24: 1604, 17, 1
1 51 25: 1926, 12, 3
1 51 26: 1792, 18, 3
1 51 33: 1913, 1, 2
1 51 33: 1913, 9, 1
1 51 36: 336, 22, 0
1 51 36: 1913, 1, 1
1 51 37: 1913, 9, 1
1 52 1: 1913, 0, 3
1 52 3: 1913, 0, 3
1 52 4: 1792, 19, 1
1 52 5: 1926, 13, 1
1 52 6: 1926, 14, 1
1 52 7: 1604, 17, 2
1 52 8: 1604, 17, 2
1 52 9: 1604, 17, 2
1 52 10: 1604, 17, 2
1 52 11: 1926, 14, 2
1 52 12: 1926, 13, 2
1 52 13: 1792, 19, 2
1 52 15: 1792, 18, 1
1 52 16: 1926, 12, 1
1 52 17: 1604, 17, 1
1 52 18: 1604, 17, 1
1 52 19: 1604, 17, 1
1 52 20: 1604, 17, 1
1 52 21: 1604, 17, 1
1 52 22: 1604, 17, 1
1 52 23: 1604, 17, 1
1 52 24: 1604, 17, 1
1 52 25: 1926, 12, 3
1 52 26: 1792, 18, 3
1 52 32: 1774, 11, 0
1 52 33: 1913, 9, 2
1 52 34: 336, 22, 3
1 52 34: 1913, 1, 2
1 52 35: 1913, 1, 1
1 52 36: 1913, 9, 1
1 53 1: 1913, 0, 3
1 53 3: 1792, 19, 1
1 53 3: 1913, 0, 3
1 53 4: 1926, 13, 1
1 53 5: 1926, 14, 1
1 53 6: 1604, 17, 2
1 53 7: 1604, 17, 2
1 53 8: 1604, 17, 2
1 53 9: 1604, 17, 2
1 53 10: 1604, 17, 2
1 53 11: 1604, 17, 2
1 53 12: 1926, 14, 2
1 53 13: 1926, 13, 2
1 53 14: 1792, 19, 2
1 53 15: 1792, 18, 1
1 53 16: 1926, 12, 1
1 53 17: 1604, 17, 1
1 53 18: 1604, 17, 1
1 53 19: 1604, 17, 1
1 53 20: 1604, 17, 1
1 53 21: 1604, 17, 1
1 53 22: 1604, 17, 1
1 53 23: 1604, 17, 1
1 53 24: 1604, 17, 1
1 53 25: 1926, 12, 3
1 53 26: 1792, 18, 3
1 53 34: 1913, 9, 2
1 53 35: 1913, 9, 1
1 54 1: 1913, 0, 3
1 54 3: 1792, 19, 0
1 54 3: 1913, 0, 3
1 54 4: 1926, 13, 0
1 54 5: 1926, 14, 0
1 54 6: 1604, 17, 2
1 54 7: 1604, 17, 2
1 54 8: 1604, 17, 2
1 54 9: 1604, 17, 2
1 54 10: 1604, 17, 2
1 54 11: 1604, 17, 2
1 54 12: 1926, 14, 3
1 54 13: 1926, 13, 3
1 54 14: 1792, 19, 3
1 54 15: 1792, 18, 1
1 54 16: 1926, 12, 1
1 54 17: 1604, 17, 1
1 54 18: 1604, 17, 1
1 54 19: 1604, 17, 1
1 54 20: 1604, 17, 1
1 54 21: 1604, 17, 1
1 54 22: 1604, 17, 1
1 54 23: 1604, 17, 1
1 54 24: 1604, 17, 1
1 54 25: 1926, 12, 3
1 54 26: 1792, 18, 3
1 54 34: 1774, 11, 0
1 55 1: 1913, 0, 3
1 55 3: 1913, 0, 3
1 55 4: 1792, 19, 0
1 55 5: 1926, 13, 0
1 55 6: 1926, 14, 0
1 55 7: 1604, 17, 2
1 55 8: 1604, 17, 2
1 55 9: 1604, 17, 2
1 55 10: 1604, 17, 2
1 55 11: 1926, 14, 3
1 55 12: 1926, 13, 3
1 55 13: 1792, 19, 3
1 55 15: 1792, 18, 1
1 55 16: 1926, 12, 1
1 55 17: 1604, 17, 1
1 55 18: 1604, 17, 1
1 55 19: 1604, 17, 1
1 55 20: 1604, 17, 1
1 55 21: 1604, 17, 1
1 55 22: 1604, 17, 1
1 55 23: 1604, 17, 1
1 55 24: 1604, 17, 1
1 55 25: 1926, 12, 3
1 55 26: 1792, 18, 3
1 55 29: 1774, 11, 2
1 56 1: 1913, 0, 3
1 56 2: 336, 22, 0
1 56 3: 1913, 0, 3
1 56 5: 1792, 19, 0
1 56 6: 1926, 13, 0
1 56 7: 1926, 14, 0
1 56 8: 1604, 17, 2
1 56 9: 1604, 17, 2
1 56 10: 1926, 14, 3
1 56 11: 1926, 13, 3
1 56 12: 1792, 19, 3
1 56 15: 1792, 18, 1
1 56 16: 1926, 16, 0
1 56 17: 1926, 12, 0
1 56 18: 1926, 12, 0
1 56 19: 1926, 12, 0
1 56 20: 1926, 12, 0
1 56 21: 1926, 12, 0
1 56 22: 1926, 12, 0
1 56 23: 1926, 12, 0
1 56 24: 1926, 12, 0
1 56 25: 1926, 16, 3
1 56 26: 1792, 18, 3
1 56 28: 1913, 9, 3
1 56 29: 1913, 9, 0
1 57 1: 336, 22, 3
1 57 1: 1913, 0, 3
1 57 2: 335, 22, 1
1 57 3: 1913, 0, 3
1 57 6: 1792, 19, 0
1 57 7: 1926, 13, 0
1 57 8: 1926, 14, 0
1 57 9: 1926, 14, 3
1 57 10: 1926, 13, 3
1 57 11: 1792, 19, 3
1 57 15: 1792, 19, 0
1 57 16: 1792, 18, 0
1 57 17: 1792, 18, 0
1 57 18: 1792, 18, 0
1 57 19: 1792, 18, 0
1 57 20: 1792, 18, 0
1 57 21: 1792, 18, 0
1 57 22: 1792, 18, 0
1 57 23: 1792, 18, 0
1 57 24: 1792, 18, 0
1 57 25: 1792, 18, 0
1 57 26: 1792, 19, 3
1 57 27: 1913, 9, 3
1 57 28: 1913, 1, 3
1 57 29: 1913, 1, 0
1 57 30: 1913, 9, 0
1 57 31: 1774, 11, 2
1 58 1: 1913, 0, 3
1 58 2: 336, 22, 3
1 58 3: 1913, 0, 3
1 58 7: 1792, 19, 0
1 58 8: 1926, 13, 0
1 58 9: 1926, 13, 3
1 58 10: 1792, 19, 3
1 58 26: 1913, 9, 3
1 58 27: 1913, 1, 3
1 58 29: 1913, 1, 1
1 58 30: 1913, 9, 1
1 59 1: 1913, 0, 3
1 59 3: 1913, 9, 2
1 59 4: 1913, 0, 2
1 59 5: 1913, 0, 2
1 59 6: 1913, 0, 2
1 59 7: 1913, 0, 2
1 59 8: 1792, 19, 0
1 59 8: 1913, 0, 2
1 59 9: 1792, 19, 3
1 59 9: 1913, 0, 2
1 59 10: 1913, 0, 2
1 59 11: 1913, 0, 2
1 59 12: 1913, 0, 2
1 59 13: 1913, 0, 2
1 59 14: 1913, 0, 2
1 59 15: 1913, 0, 2
1 59 16: 1913, 0, 2
1 59 17: 1913, 0, 2
1 59 18: 1913, 0, 2
1 59 19: 1913, 0, 2
1 59 20: 1913, 0, 2
1 59 21: 1913, 0, 2
1 59 22: 1913, 0, 2
1 59 23: 1913, 0, 2
1 59 24: 1913, 0, 2
1 59 25: 1913, 1, 2
1 59 25: 1913, 9, 3
1 59 26: 335, 22, 2
1 59 26: 1913, 1, 3
1 59 27: 1248, 22, 0
1 59 28: 1913, 1, 1
1 59 29: 1913, 9, 1
1 60 1: 1913, 9, 2
1 60 2: 1913, 1, 2
1 60 7: 1247, 22, 1
1 60 16: 1247, 22, 2
1 60 17: 336, 22, 0
1 60 26: 336, 22, 2
1 60 27: 1913, 1, 1
1 60 28: 1913, 9, 1
1 61 2: 1913, 9, 2
1 61 3: 1913, 0, 2
1 61 4: 1913, 0, 2
1 61 5: 1913, 0, 2
1 61 6: 1913, 0, 2
1 61 7: 1913, 0, 2
1 61 8: 1913, 0, 2
1 61 9: 1913, 0, 2
1 61 10: 336, 22, 1
1 61 10: 1913, 0, 2
1 61 11: 1913, 0, 2
1 61 12: 1913, 0, 2
1 61 13: 1913, 0, 2
1 61 14: 1913, 0, 2
1 61 15: 1913, 0, 2
1 61 16: 1913, 0, 2
1 61 17: 1913, 0, 2
1 61 18: 1913, 0, 2
1 61 19: 1913, 0, 2
1 61 20: 1913, 0, 2
1 61 21: 1913, 0, 2
1 61 22: 1913, 0, 2
1 61 23: 1913, 0, 2
1 61 24: 1913, 0, 2
1 61 25: 1913, 0, 2
1 61 26: 336, 22, 3
1 61 26: 1913, 0, 2
1 61 27: 1913, 9, 1
2 3 25: 1602, 9, 3
2 3 26: 1602, 0, 0
2 3 27: 1602, 0, 0
2 3 28: 1602, 9, 0
2 4 24: 1602, 9, 3
2 4 24: 1823, 7, 3
2 4 25: 1602, 1, 3
2 4 28: 1602, 1, 0
2 4 29: 1602, 9, 0
2 4 29: 1823, 7, 0
2 5 23: 1602, 9, 3
2 5 24: 1602, 1, 3
2 5 29: 1602, 1, 0
2 5 30: 1602, 9, 0
2 6 23: 1602, 0, 3
2 6 30: 1602, 0, 1
2 7 23: 1602, 0, 3
2 7 30: 1602, 0, 1
2 8 23: 1602, 9, 2
2 8 24: 1602, 1, 2
2 8 29: 1602, 1, 1
2 8 30: 1602, 9, 1
2 9 24: 1602, 9, 2
2 9 24: 1823, 7, 2
2 9 25: 1602, 1, 2
2 9 28: 1602, 1, 1
2 9 29: 1602, 9, 1
2 9 29: 1823, 7, 1
2 10 25: 1602, 9, 2
2 10 26: 1602, 0, 2
2 10 27: 1602, 0, 2
2 10 28: 1602, 9, 1
2 24 13: 1902, 1, 1
2 24 14: 577, 5, 2
2 24 14: 1902, 0, 2
2 24 15: 1602, 3, 2
2 24 15: 2158, 10, 2
2 24 16: 1602, 3, 1
2 24 17: 577, 5, 2
2 24 17: 1902, 0, 2
2 24 18: 1902, 1, 2
2 25 12: 1902, 1, 1
2 25 13: 1019, 7, 1
2 25 13: 1902, 9, 1
2 25 14: 2496, 22, 2
2 25 14: 2500, 10, 2
2 25 15: 2158, 10, 0
2 25 17: 2496, 22, 0
2 25 17: 2500, 10, 1
2 25 18: 908, 7, 2
2 25 18: 1902, 9, 2
2 25 19: 1902, 1, 2
2 26 11: 1902, 1, 1
2 26 12: 1902, 9, 1
2 26 12: 1938, 8, 1
2 26 13: 2496, 22, 1
2 26 13: 2500, 10, 3
2 26 14: 336, 22, 1
2 26 18: 2496, 22, 0
2 26 18: 2500, 10, 0
2 26 19: 908, 7, 2
2 26 19: 1902, 9, 2
2 26 20: 1902, 1, 2
2 27 10: 1902, 1, 1
2 27 11: 1020, 7, 1
2 27 11: 1902, 9, 1
2 27 13: 336, 22, 0
2 27 14: 335, 22, 1
2 27 15: 336, 22, 3
2 27 18: 593, 10, 0
2 27 20: 1902, 9, 2
2 27 20: 1938, 8, 2
2 27 21: 1902, 1, 2
2 28 9: 1902, 1, 1
2 28 10: 1019, 7, 1
2 28 10: 1902, 9, 1
2 28 11: 2496, 22, 2
2 28 11: 2500, 10, 0
2 28 20: 336, 22, 3
2 28 20: 1102, 10, 3
2 28 21: 706, 7, 2
2 28 21: 1902, 9, 2
2 28 22: 1902, 1, 2
2 29 9: 577, 5, 1
2 29 9: 1902, 0, 1
2 29 10: 2496, 22, 3
2 29 10: 2500, 10, 1
2 29 12: 994, 0, 2
2 29 13: 994, 0, 2
2 29 14: 994, 0, 2
2 29 15: 928, 22, 3
2 29 16: 929, 22, 3
2 29 17: 929, 22, 3
2 29 18: 929, 22, 3
2 29 18: 1102, 10, 2
2 29 19: 928, 22, 0
2 29 20: 619, 10, 3
2 29 21: 335, 22, 2
2 29 22: 1902, 0, 3
2 29 30: 1792, 19, 1
2 29 31: 1792, 18, 2
2 29 32: 1792, 18, 2
2 29 33: 1792, 18, 2
2 29 34: 1792, 18, 2
2 29 35: 1792, 18, 2
2 29 36: 1792, 18, 2
2 29 37: 1792, 19, 2
2 30 9: 1602, 3, 0
2 30 9: 2157, 10, 1
2 30 10: 2157, 10, 3
2 30 12: 994, 0, 3
2 30 13: 1723, 10, 0
2 30 15: 929, 22, 2
2 30 16: 930, 22, 2
2 30 17: 930, 22, 2
2 30 18: 930, 22, 2
2 30 19: 929, 22, 0
2 30 21: 380, 10, 1
2 30 22: 1902, 0, 3
2 30 30: 1792, 18, 1
2 30 31: 1926, 16, 1
2 30 32: 1926, 12, 2
2 30 33: 1926, 12, 2
2 30 34: 1926, 12, 2
2 30 35: 1926, 12, 2
2 30 36: 1926, 16, 2
2 30 37: 1792, 18, 3
2 31 9: 1602, 3, 1
2 31 12: 994, 0, 3
2 31 15: 929, 22, 2
2 31 16: 930, 22, 2
2 31 17: 930, 22, 2
2 31 18: 930, 22, 2
2 31 19: 929, 22, 0
2 31 22: 1902, 0, 3
2 31 30: 1792, 18, 1
2 31 31: 1926, 12, 1
2 31 32: 1926, 17, 2
2 31 33: 1926, 17, 2
2 31 34: 1926, 17, 2
2 31 35: 1926, 17, 2
2 31 36: 1926, 12, 3
2 31 37: 1792, 18, 3
2 32 9: 577, 5, 1
2 32 9: 1902, 0, 1
2 32 10: 2496, 22, 0
2 32 10: 2500, 10, 2
2 32 12: 994, 0, 0
2 32 13: 994, 0, 0
2 32 14: 994, 0, 0
2 32 15: 928, 22, 2
2 32 16: 929, 22, 1
2 32 17: 929, 22, 1
2 32 18: 929, 22, 1
2 32 19: 928, 22, 1
2 32 20: 618, 10, 1
2 32 22: 1902, 0, 3
2 32 30: 1792, 18, 1
2 32 31: 1926, 12, 1
2 32 32: 1926, 17, 2
2 32 33: 1926, 17, 2
2 32 34: 1926, 17, 2
2 32 35: 1926, 17, 2
2 32 36: 1926, 12, 3
2 32 37: 1792, 18, 3
2 33 9: 1902, 1, 0
2 33 10: 840, 7, 0
2 33 10: 1902, 9, 0
2 33 11: 2496, 22, 3
2 33 11: 2500, 10, 3
2 33 18: 336, 22, 1
2 33 21: 1020, 7, 3
2 33 21: 1902, 9, 3
2 33 22: 1902, 1, 3
2 33 30: 1792, 18, 1
2 33 31: 1926, 12, 1
2 33 32: 1926, 17, 2
2 33 33: 1926, 17, 2
2 33 34: 1926, 17, 2
2 33 35: 1926, 17, 2
2 33 36: 1926, 12, 3
2 33 37: 1792, 18, 3
2 34 10: 1902, 1, 0
2 34 11: 1902, 9, 0
2 34 11: 1938, 8, 0
2 34 13: 336, 22, 3
2 34 17: 336, 22, 1
2 34 18: 336, 22, 0
2 34 20: 1021, 7, 3
2 34 20: 1902, 9, 3
2 34 21: 1902, 1, 3
2 34 30: 1792, 18, 1
2 34 31: 1926, 12, 1
2 34 32: 1926, 17, 2
2 34 33: 1926, 17, 2
2 34 34: 1926, 17, 2
2 34 35: 1926, 17, 2
2 34 36: 1926, 12, 3
2 34 37: 1792, 18, 3
2 35 11: 1902, 1, 0
2 35 12: 1021, 7, 0
2 35 12: 1902, 9, 0
2 35 13: 2496, 22, 1
2 35 13: 2500, 10, 0
2 35 14: 336, 22, 1
2 35 17: 336, 22, 2
2 35 18: 2496, 22, 0
2 35 18: 2500, 10, 3
2 35 19: 1902, 9, 3
2 35 19: 1938, 8, 3
2 35 20: 1902, 1, 3
2 35 30: 1792, 18, 1
2 35 31: 1926, 12, 1
2 35 32: 1926, 17, 2
2 35 33: 1926, 17, 2
2 35 34: 1926, 17, 2
2 35 35: 1926, 17, 2
2 35 36: 1926, 12, 3
2 35 37: 1792, 18, 3
2 36 12: 1902, 1, 0
2 36 13: 1902, 9, 0
2 36 14: 2496, 22, 2
2 36 14: 2500, 10, 1
2 36 15: 2156, 10, 2
2 36 17: 2496, 22, 1
2 36 17: 2500, 10, 2
2 36 18: 1902, 9, 3
2 36 19: 1902, 1, 3
2 36 30: 1792, 18, 1
2 36 31: 1926, 12, 1
2 36 32: 1926, 17, 2
2 36 33: 1926, 17, 2
2 36 34: 1926, 17, 2
2 36 35: 1926, 17, 2
2 36 36: 1926, 12, 3
2 36 37: 1792, 18, 3
2 37 13: 1902, 1, 0
2 37 14: 577, 5, 0
2 37 14: 1902, 0, 0
2 37 15: 1602, 3, 3
2 37 15: 2156, 10, 0
2 37 16: 1602, 3, 0
2 37 17: 577, 5, 0
2 37 17: 1902, 0, 0
2 37 18: 1902, 1, 3
2 37 30: 1792, 18, 1
2 37 31: 1926, 12, 1
2 37 32: 1926, 17, 2
2 37 33: 1926, 17, 2
2 37 34: 1926, 17, 2
2 37 35: 1926, 17, 2
2 37 36: 1926, 12, 3
2 37 37: 1792, 18, 3
2 38 30: 1792, 18, 1
2 38 31: 1926, 16, 0
2 38 32: 1926, 12, 0
2 38 33: 1926, 12, 0
2 38 34: 1926, 12, 0
2 38 35: 1926, 12, 0
2 38 36: 1926, 16, 3
2 38 37: 1792, 18, 3
2 39 30: 1792, 19, 0
2 39 31: 1792, 18, 0
2 39 32: 1792, 18, 0
2 39 33: 1792, 18, 0
2 39 34: 1792, 18, 0
2 39 35: 1792, 18, 0
2 39 36: 1792, 18, 0
2 39 37: 1792, 19, 3
2 51 31: 994, 1, 1
2 51 32: 994, 0, 2
2 51 33: 994, 1, 2
2 52 30: 994, 1, 1
2 52 31: 994, 9, 1
2 52 32: 849, 11, 2
2 52 33: 994, 9, 2
2 52 34: 994, 1, 2
2 53 29: 994, 1, 1
2 53 30: 994, 9, 1
2 53 32: 1870, 11, 1
2 53 33: 849, 11, 2
2 53 34: 994, 9, 2
2 53 35: 994, 1, 2
2 54 28: 994, 1, 1
2 54 29: 994, 9, 1
2 54 33: 1870, 11, 3
2 54 34: 849, 11, 3
2 54 35: 994, 0, 3
2 55 28: 994, 0, 1
2 55 29: 849, 11, 0
2 55 30: 1870, 11, 1
2 55 33: 849, 11, 3
2 55 34: 994, 9, 3
2 55 35: 994, 1, 3
2 56 28: 994, 1, 0
2 56 29: 994, 9, 0
2 56 30: 849, 11, 0
2 56 31: 1870, 11, 3
2 56 32: 849, 11, 3
2 56 33: 994, 9, 3
2 56 34: 994, 1, 3
2 57 29: 994, 1, 0
2 57 30: 994, 9, 0
2 57 31: 849, 11, 3
2 57 32: 994, 9, 3
2 57 33: 994, 1, 3
2 58 30: 994, 1, 0
2 58 31: 994, 0, 0
2 58 32: 994, 1, 3
3 2 25: 1792, 19, 1
3 2 26: 1792, 18, 2
3 2 27: 1792, 18, 2
3 2 28: 1792, 19, 2
3 3 24: 1792, 19, 1
3 3 25: 1926, 13, 1
3 3 26: 1926, 12, 2
3 3 27: 1926, 12, 2
3 3 28: 1926, 13, 2
3 3 29: 1792, 19, 2
3 4 23: 1792, 19, 1
3 4 24: 1926, 13, 1
3 4 25: 1641, 14, 1
3 4 26: 1926, 17, 1
3 4 27: 1926, 17, 1
3 4 28: 1641, 14, 2
3 4 29: 1926, 13, 2
3 4 30: 1792, 19, 2
3 5 22: 1792, 19, 1
3 5 23: 1926, 13, 1
3 5 24: 1641, 14, 1
3 5 25: 1926, 17, 1
3 5 26: 1926, 17, 1
3 5 27: 1926, 17, 1
3 5 28: 1926, 17, 1
3 5 29: 1641, 14, 2
3 5 30: 1926, 13, 2
3 5 31: 1792, 19, 2
3 6 22: 1792, 18, 1
3 6 23: 1926, 12, 1
3 6 24: 1926, 17, 1
3 6 25: 1926, 17, 1
3 6 26: 1926, 17, 1
3 6 27: 1926, 17, 1
3 6 28: 1926, 17, 1
3 6 29: 1926, 17, 1
3 6 30: 1926, 12, 3
3 6 31: 1792, 18, 3
3 7 22: 1792, 18, 1
3 7 23: 1926, 12, 1
3 7 24: 1926, 17, 1
3 7 25: 1926, 17, 1
3 7 26: 1926, 17, 1
3 7 27: 1926, 17, 1
3 7 28: 1926, 17, 1
3 7 29: 1926, 17, 1
3 7 30: 1926, 12, 3
3 7 31: 1792, 18, 3
3 8 22: 1792, 19, 0
3 8 23: 1926, 13, 0
3 8 24: 1641, 14, 0
3 8 25: 1926, 17, 1
3 8 26: 1926, 17, 1
3 8 27: 1926, 17, 1
3 8 28: 1926, 17, 1
3 8 29: 1641, 14, 3
3 8 30: 1926, 13, 3
3 8 31: 1792, 19, 3
3 9 23: 1792, 19, 0
3 9 24: 1926, 13, 0
3 9 25: 1641, 14, 0
3 9 26: 1926, 17, 1
3 9 27: 1926, 17, 1
3 9 28: 1641, 14, 3
3 9 29: 1926, 13, 3
3 9 30: 1792, 19, 3
3 10 24: 1792, 19, 0
3 10 25: 1926, 13, 0
3 10 26: 1926, 12, 0
3 10 27: 1926, 12, 0
3 10 28: 1926, 13, 3
3 10 29: 1792, 19, 3
3 11 25: 1792, 19, 0
3 11 26: 1792, 18, 0
3 11 27: 1792, 18, 0
3 11 28: 1792, 19, 3
3 24 13: 1792, 19, 1
3 24 14: 1792, 18, 2
3 24 15: 1792, 18, 2
3 24 16: 1792, 18, 2
3 24 17: 1792, 18, 2
3 24 18: 1792, 19, 2
3 25 12: 1792, 19, 1
3 25 13: 1926, 13, 1
3 25 14: 1926, 12, 2
3 25 15: 1926, 12, 2
3 25 16: 1926, 12, 2
3 25 17: 1926, 12, 2
3 25 18: 1926, 13, 2
3 25 19: 1792, 19, 2
3 26 11: 1792, 19, 1
3 26 12: 1926, 13, 1
3 26 13: 1926, 14, 1
3 26 14: 1926, 17, 2
3 26 15: 1926, 17, 2
3 26 16: 1926, 17, 2
3 26 17: 1926, 17, 2
3 26 18: 1926, 14, 2
3 26 19: 1926, 13, 2
3 26 20: 1792, 19, 2
3 27 10: 1792, 19, 1
3 27 11: 1926, 13, 1
3 27 12: 1926, 14, 1
3 27 13: 1926, 17, 2
3 27 14: 1926, 17, 2
3 27 15: 1926, 17, 2
3 27 16: 1926, 17, 2
3 27 17: 1926, 17, 2
3 27 18: 1926, 17, 2
3 27 19: 1926, 14, 2
3 27 20: 1926, 13, 2
3 27 21: 1792, 19, 2
3 28 9: 1792, 19, 1
3 28 10: 1926, 13, 1
3 28 11: 1926, 14, 1
3 28 12: 1926, 17, 2
3 28 13: 1926, 17, 2
3 28 14: 1926, 17, 2
3 28 15: 1926, 17, 2
3 28 16: 1926, 17, 2
3 28 17: 1926, 17, 2
3 28 18: 1926, 17, 2
3 28 19: 1926, 17, 2
3 28 20: 1926, 14, 2
3 28 21: 1926, 13, 2
3 28 22: 1792, 19, 2
3 29 9: 1792, 18, 1
3 29 10: 1926, 12, 1
3 29 11: 1926, 17, 2
3 29 12: 1926, 17, 2
3 29 13: 1926, 17, 2
3 29 14: 1926, 17, 2
3 29 15: 1926, 17, 2
3 29 16: 1926, 17, 2
3 29 17: 1926, 17, 2
3 29 18: 1926, 17, 2
3 29 19: 1926, 17, 2
3 29 20: 1926, 17, 2
3 29 21: 1926, 12, 3
3 29 22: 1792, 18, 3
3 30 9: 1792, 18, 1
3 30 10: 1926, 12, 1
3 30 11: 1926, 17, 2
3 30 12: 1926, 17, 2
3 30 13: 1926, 17, 2
3 30 14: 1926, 17, 2
3 30 15: 1926, 17, 2
3 30 16: 1926, 17, 2
3 30 17: 1926, 17, 2
3 30 18: 1926, 17, 2
3 30 19: 1926, 17, 2
3 30 20: 1926, 17, 2
3 30 21: 1926, 12, 3
3 30 22: 1792, 18, 3
3 31 9: 1792, 18, 1
3 31 10: 1926, 12, 1
3 31 11: 1926, 17, 2
3 31 12: 1926, 17, 2
3 31 13: 1926, 17, 2
3 31 14: 1926, 17, 2
3 31 15: 1926, 17, 2
3 31 16: 1926, 17, 2
3 31 17: 1926, 17, 2
3 31 18: 1926, 17, 2
3 31 19: 1926, 17, 2
3 31 20: 1926, 17, 2
3 31 21: 1926, 12, 3
3 31 22: 1792, 18, 3
3 32 9: 1792, 18, 1
3 32 10: 1926, 12, 1
3 32 11: 1926, 17, 2
3 32 12: 1926, 17, 2
3 32 13: 1926, 17, 2
3 32 14: 1926, 17, 2
3 32 15: 1926, 17, 2
3 32 16: 1926, 17, 2
3 32 17: 1926, 17, 2
3 32 18: 1926, 17, 2
3 32 19: 1926, 17, 2
3 32 20: 1926, 17, 2
3 32 21: 1926, 12, 3
3 32 22: 1792, 18, 3
3 33 9: 1792, 19, 0
3 33 10: 1926, 13, 0
3 33 11: 1926, 14, 0
3 33 12: 1926, 17, 2
3 33 13: 1926, 17, 2
3 33 14: 1926, 17, 2
3 33 15: 1926, 17, 2
3 33 16: 1926, 17, 2
3 33 17: 1926, 17, 2
3 33 18: 1926, 17, 2
3 33 19: 1926, 17, 2
3 33 20: 1926, 14, 3
3 33 21: 1926, 13, 3
3 33 22: 1792, 19, 3
3 34 10: 1792, 19, 0
3 34 11: 1926, 13, 0
3 34 12: 1926, 14, 0
3 34 13: 1926, 17, 2
3 34 14: 1926, 17, 2
3 34 15: 1926, 17, 2
3 34 16: 1926, 17, 2
3 34 17: 1926, 17, 2
3 34 18: 1926, 17, 2
3 34 19: 1926, 14, 3
3 34 20: 1926, 13, 3
3 34 21: 1792, 19, 3
3 35 11: 1792, 19, 0
3 35 12: 1926, 13, 0
3 35 13: 1926, 14, 0
3 35 14: 1926, 17, 2
3 35 15: 1926, 17, 2
3 35 16: 1926, 17, 2
3 35 17: 1926, 17, 2
3 35 18: 1926, 14, 3
3 35 19: 1926, 13, 3
3 35 20: 1792, 19, 3
3 36 12: 1792, 19, 0
3 36 13: 1926, 13, 0
3 36 14: 1926, 12, 0
3 36 15: 1926, 12, 0
3 36 16: 1926, 12, 0
3 36 17: 1926, 12, 0
3 36 18: 1926, 13, 3
3 36 19: 1792, 19, 3
3 37 13: 1792, 19, 0
3 37 14: 1792, 18, 0
3 37 15: 1792, 18, 0
3 37 16: 1792, 18, 0
3 37 17: 1792, 18, 0
3 37 18: 1792, 19, 3
3 51 31: 1792, 19, 1
3 51 32: 1792, 18, 2
3 51 33: 1792, 19, 2
3 52 30: 1792, 19, 1
3 52 31: 1926, 13, 1
3 52 32: 1926, 12, 2
3 52 33: 1926, 13, 2
3 52 34: 1792, 19, 2
3 53 29: 1792, 19, 1
3 53 30: 1926, 13, 1
3 53 31: 1926, 14, 1
3 53 32: 1926, 17, 0
3 53 33: 1926, 14, 2
3 53 34: 1926, 13, 2
3 53 35: 1792, 19, 2
3 54 28: 1792, 19, 1
3 54 29: 1926, 13, 1
3 54 30: 1926, 14, 1
3 54 31: 1926, 17, 0
3 54 32: 1926, 17, 0
3 54 33: 1926, 17, 0
3 54 34: 1926, 12, 3
3 54 35: 1792, 18, 3
3 55 28: 1792, 18, 1
3 55 29: 1926, 12, 1
3 55 30: 1926, 17, 0
3 55 31: 1926, 17, 0
3 55 32: 1926, 17, 0
3 55 33: 1926, 14, 3
3 55 34: 1926, 13, 3
3 55 35: 1792, 19, 3
3 56 28: 1792, 19, 0
3 56 29: 1926, 13, 0
3 56 30: 1926, 14, 0
3 56 31: 1926, 17, 0
3 56 32: 1926, 14, 3
3 56 33: 1926, 13, 3
3 56 34: 1792, 19, 3
3 57 29: 1792, 19, 0
3 57 30: 1926, 13, 0
3 57 31: 1926, 12, 0
3 57 32: 1926, 13, 3
3 57 33: 1792, 19, 3
3 58 30: 1792, 19, 0
3 58 31: 1792, 18, 0
3 58 32: 1792, 19, 3
