0 0 0: 1434, 10, 3
0 0 1: 1434, 10, 3
0 0 2: 1434, 10, 3
0 0 3: 1434, 10, 3
0 0 4: 1434, 10, 3
0 0 5: 1434, 10, 3
0 0 6: 1434, 10, 3
0 0 7: 1434, 10, 3
0 0 8: 1434, 10, 3
0 0 9: 1434, 10, 3
0 0 10: 1434, 10, 3
0 0 11: 1434, 10, 3
0 0 12: 1434, 10, 3
0 0 13: 1434, 10, 3
0 0 14: 1434, 10, 3
0 0 15: 1434, 10, 3
0 0 16: 1434, 10, 3
0 0 17: 1434, 10, 3
0 0 18: 1434, 10, 3
0 0 19: 1434, 10, 3
0 0 20: 1434, 10, 3
0 0 21: 1434, 10, 3
0 0 22: 1434, 10, 3
0 0 23: 1434, 10, 3
0 0 24: 1434, 10, 3
0 0 25: 1434, 10, 3
0 0 26: 1434, 10, 3
0 0 27: 1434, 10, 3
0 0 28: 1434, 10, 3
0 0 29: 1434, 10, 3
0 0 30: 1434, 10, 3
0 0 31: 1434, 10, 3
0 0 32: 1434, 10, 3
0 0 33: 1434, 10, 3
0 0 34: 1434, 10, 3
0 0 35: 1434, 10, 3
0 0 36: 1434, 10, 3
0 0 37: 1434, 10, 3
0 0 38: 1434, 10, 3
0 0 39: 1434, 10, 3
0 0 40: 1434, 10, 3
0 0 41: 1434, 10, 3
0 0 42: 1434, 10, 3
0 0 43: 1434, 10, 3
0 0 44: 1434, 10, 3
0 0 45: 1434, 10, 3
0 0 46: 1434, 10, 3
0 0 47: 1434, 10, 3
0 0 48: 1434, 10, 3
0 0 49: 1434, 10, 3
0 0 50: 1434, 10, 3
0 0 51: 1434, 10, 3
0 0 52: 1434, 10, 3
0 0 53: 1434, 10, 3
0 0 54: 1434, 10, 3
0 0 55: 1434, 10, 3
0 0 56: 1434, 10, 3
0 0 57: 1434, 10, 3
0 0 58: 1434, 10, 3
0 0 59: 1434, 10, 3
0 0 60: 1434, 10, 3
0 0 61: 1434, 10, 3
0 0 62: 1434, 10, 3
0 0 63: 1434, 10, 3
0 1 0: 1434, 10, 3
0 1 1: 1434, 10, 3
0 1 2: 1434, 10, 3
0 1 3: 1434, 10, 3
0 1 4: 1434, 10, 3
0 1 5: 1434, 10, 3
0 1 6: 1434, 10, 3
0 1 7: 1434, 10, 3
0 1 8: 1434, 10, 3
0 1 9: 1434, 10, 3
0 1 10: 1434, 10, 3
0 1 11: 1434, 10, 3
0 1 12: 1434, 10, 3
0 1 13: 1434, 10, 3
0 1 14: 1434, 10, 3
0 1 15: 1434, 10, 3
0 1 16: 1434, 10, 3
0 1 17: 1434, 10, 3
0 1 18: 1434, 10, 3
0 1 19: 1434, 10, 3
0 1 20: 1434, 10, 3
0 1 21: 1434, 10, 3
0 1 22: 1434, 10, 3
0 1 23: 1434, 10, 3
0 1 24: 1434, 10, 3
0 1 25: 1434, 10, 0
0 1 26: 1434, 10, 3
0 1 27: 1434, 10, 3
0 1 28: 1434, 10, 3
0 1 29: 1434, 10, 3
0 1 30: 1434, 10, 3
0 1 31: 1434, 10, 3
0 1 32: 1434, 10, 3
0 1 33: 1434, 10, 3
0 1 34: 1434, 10, 3
0 1 35: 1434, 10, 3
0 1 36: 1434, 10, 3
0 1 37: 1434, 10, 3
0 1 38: 1434, 10, 3
0 1 39: 1434, 10, 3
0 1 40: 1434, 10, 3
0 1 41: 1434, 10, 3
0 1 42: 1434, 10, 3
0 1 43: 1434, 10, 3
0 1 44: 1434, 10, 3
0 1 45: 1434, 10, 3
0 1 46: 1434, 10, 3
0 1 47: 1434, 10, 3
0 1 48: 1434, 10, 3
0 1 49: 1434, 10, 3
0 1 50: 1434, 10, 3
0 1 51: 1434, 10, 3
0 1 52: 1434, 10, 3
0 1 53: 1434, 10, 3
0 1 54: 1434, 10, 3
0 1 55: 1434, 10, 3
0 1 56: 1434, 10, 3
0 1 57: 1434, 10, 3
0 1 58: 1434, 10, 3
0 1 59: 1434, 10, 3
0 1 60: 1434, 10, 3
0 1 61: 1434, 10, 3
0 1 62: 1434, 10, 3
0 1 63: 1434, 10, 3
0 2 0: 1434, 10, 3
0 2 1: 1434, 10, 3
0 2 2: 1434, 10, 3
0 2 3: 1434, 10, 3
0 2 4: 1434, 10, 3
0 2 5: 1434, 10, 3
0 2 6: 1434, 10, 3
0 2 7: 1434, 10, 3
0 2 8: 1434, 10, 3
0 2 9: 1434, 10, 3
0 2 10: 1434, 10, 3
0 2 11: 1434, 10, 3
0 2 12: 1434, 10, 3
0 2 13: 1434, 10, 3
0 2 14: 1434, 10, 3
0 2 15: 1434, 10, 3
0 2 16: 1434, 10, 3
0 2 17: 1434, 10, 3
0 2 18: 1434, 10, 3
0 2 19: 1434, 10, 3
0 2 20: 1434, 10, 3
0 2 21: 1434, 10, 3
0 2 22: 1434, 10, 3
0 2 23: 1434, 10, 3
0 2 24: 1434, 10, 3
0 2 25: 1434, 10, 3
0 2 26: 1434, 10, 3
0 2 27: 1434, 10, 0
0 2 28: 1434, 10, 0
0 2 29: 1434, 10, 0
0 2 31: 1436, 10, 2
0 2 32: 1417, 1, 1
0 2 33: 1417, 0, 2
0 2 34: 1417, 0, 2
0 2 35: 1417, 0, 2
0 2 36: 321, 22, 1
0 2 36: 1417, 1, 2
0 2 37: 1436, 10, 3
0 2 63: 1434, 10, 3
0 3 0: 1434, 10, 3
0 3 1: 1434, 10, 3
0 3 2: 1434, 10, 3
0 3 3: 1434, 10, 3
0 3 4: 1434, 10, 3
0 3 5: 1434, 10, 3
0 3 6: 1434, 10, 3
0 3 7: 1434, 10, 3
0 3 8: 1434, 10, 3
0 3 9: 1434, 10, 3
0 3 10: 1434, 10, 3
0 3 11: 1434, 10, 3
0 3 12: 1434, 10, 3
0 3 13: 1434, 10, 3
0 3 14: 1434, 10, 3
0 3 15: 1434, 10, 3
0 3 16: 1434, 10, 3
0 3 17: 1434, 10, 3
0 3 18: 1434, 10, 3
0 3 19: 1434, 10, 3
0 3 20: 1434, 10, 3
0 3 21: 1434, 10, 3
0 3 22: 1434, 10, 3
0 3 23: 1434, 10, 3
0 3 24: 1434, 10, 3
0 3 25: 1434, 10, 3
0 3 26: 1434, 10, 3
0 3 27: 1434, 10, 0
0 3 28: 1434, 10, 0
0 3 30: 1436, 10, 2
0 3 31: 1417, 1, 1
0 3 32: 1417, 9, 1
0 3 33: 319, 22, 1
0 3 34: 321, 22, 2
0 3 35: 198, 4, 0
0 3 35: 320, 22, 3
0 3 36: 1417, 9, 2
0 3 37: 1417, 1, 2
0 3 38: 1436, 10, 3
0 3 63: 1434, 10, 3
0 4 21: 1436, 10, 2
0 4 22: 1417, 1, 1
0 4 23: 1417, 0, 2
0 4 24: 1417, 0, 2
0 4 25: 1417, 0, 2
0 4 26: 1417, 1, 2
0 4 27: 1436, 10, 3
0 4 29: 1436, 10, 2
0 4 30: 1417, 1, 1
0 4 31: 319, 22, 2
0 4 31: 1417, 9, 1
0 4 32: 320, 22, 0
0 4 33: 320, 22, 2
0 4 34: 321, 22, 3
0 4 35: 320, 22, 2
0 4 36: 321, 22, 0
0 4 37: 320, 22, 0
0 4 37: 1417, 9, 2
0 4 38: 1417, 1, 2
0 4 63: 1434, 10, 3
0 5 21: 1417, 1, 1
0 5 22: 1417, 9, 1
0 5 23: 198, 4, 0
0 5 24: 321, 22, 3
0 5 26: 1417, 9, 2
0 5 27: 1417, 0, 2
0 5 28: 1417, 0, 2
0 5 29: 1417, 0, 2
0 5 30: 1417, 9, 1
0 5 31: 320, 22, 1
0 5 32: 320, 22, 1
0 5 33: 320, 22, 3
0 5 34: 320, 22, 1
0 5 35: 320, 22, 0
0 5 36: 320, 22, 3
0 5 37: 320, 22, 2
0 5 37: 1454, 4, 1
0 5 38: 1417, 0, 3
0 5 39: 1436, 10, 3
0 5 63: 1434, 10, 3
0 6 20: 1436, 10, 2
0 6 21: 1417, 0, 1
0 6 23: 321, 22, 1
0 6 28: 198, 4, 0
0 6 29: 320, 22, 0
0 6 32: 320, 22, 2
0 6 32: 542, 10, 2
0 6 33: 319, 22, 3
0 6 35: 320, 22, 0
0 6 36: 542, 10, 2
0 6 37: 320, 22, 2
0 6 38: 1417, 9, 2
0 6 39: 1417, 0, 2
0 6 40: 1417, 0, 2
0 6 41: 1417, 1, 2
0 6 42: 1436, 10, 3
0 6 63: 1434, 10, 3
0 7 19: 1436, 10, 2
0 7 20: 321, 22, 2
0 7 20: 1417, 1, 1
0 7 21: 1417, 9, 1
0 7 22: 320, 22, 1
0 7 27: 321, 22, 2
0 7 33: 320, 22, 1
0 7 35: 542, 10, 1
0 7 36: 541, 10, 1
0 7 37: 320, 22, 3
0 7 39: 198, 4, 0
0 7 39: 319, 22, 3
0 7 41: 320, 22, 0
0 7 41: 1417, 9, 2
0 7 42: 1417, 1, 2
0 7 43: 1436, 10, 3
0 7 63: 1434, 10, 3
0 8 19: 1417, 1, 1
0 8 20: 1417, 9, 1
0 8 21: 319, 22, 3
0 8 22: 320, 22, 2
0 8 27: 319, 22, 1
0 8 36: 320, 22, 0
0 8 37: 320, 22, 1
0 8 38: 320, 22, 2
0 8 40: 320, 22, 3
0 8 41: 319, 22, 1
0 8 42: 1417, 9, 2
0 8 43: 319, 22, 3
0 8 43: 1417, 0, 2
0 8 44: 1417, 0, 2
0 8 45: 1417, 0, 2
0 8 46: 1417, 1, 2
0 8 47: 1436, 10, 3
0 8 63: 1434, 10, 3
0 9 19: 1417, 0, 1
0 9 20: 321, 22, 3
0 9 21: 320, 22, 3
0 9 22: 321, 22, 3
0 9 23: 320, 22, 0
0 9 28: 543, 11, 1
0 9 33: 320, 22, 3
0 9 38: 542, 11, 3
0 9 41: 320, 22, 1
0 9 42: 320, 22, 0
0 9 44: 198, 4, 0
0 9 44: 320, 22, 1
0 9 46: 1417, 9, 2
0 9 47: 1417, 1, 2
0 9 63: 1434, 10, 3
0 10 18: 1436, 10, 2
0 10 19: 1417, 0, 1
0 10 20: 198, 4, 3
0 10 22: 320, 22, 0
0 10 33: 319, 22, 0
0 10 34: 320, 22, 2
0 10 39: 320, 22, 1
0 10 42: 320, 22, 2
0 10 44: 320, 22, 2
0 10 45: 320, 22, 1
0 10 47: 319, 22, 2
0 10 47: 1417, 0, 3
0 10 48: 1436, 10, 3
0 10 63: 1434, 10, 3
0 11 17: 1436, 10, 2
0 11 18: 321, 22, 1
0 11 18: 1417, 1, 1
0 11 19: 1417, 9, 1
0 11 20: 321, 22, 2
0 11 21: 321, 22, 2
0 11 23: 1247, 22, 2
0 11 28: 321, 22, 3
0 11 33: 320, 22, 1
0 11 35: 543, 11, 3
0 11 41: 320, 22, 1
0 11 42: 319, 22, 2
0 11 43: 320, 22, 0
0 11 46: 320, 22, 0
0 11 47: 1417, 9, 2
0 11 48: 1417, 1, 2
0 11 49: 1436, 10, 3
0 11 63: 1434, 10, 3
0 12 17: 1417, 1, 1
0 12 18: 1417, 9, 1
0 12 19: 320, 22, 3
0 12 20: 320, 22, 2
0 12 21: 320, 22, 1
0 12 22: 542, 11, 1
0 12 25: 319, 22, 0
0 12 38: 543, 10, 1
0 12 42: 320, 22, 3
0 12 45: 320, 22, 2
0 12 46: 320, 22, 2
0 12 47: 319, 22, 0
0 12 48: 320, 22, 2
0 12 48: 1417, 9, 2
0 12 49: 1417, 0, 2
0 12 50: 1417, 0, 2
0 12 51: 1417, 0, 2
0 12 52: 1417, 1, 2
0 12 53: 1436, 10, 3
0 12 63: 1434, 10, 3
0 13 16: 1436, 10, 2
0 13 17: 1417, 0, 1
0 13 19: 320, 22, 0
0 13 20: 321, 22, 3
0 13 21: 320, 22, 3
0 13 23: 825, 22, 1
0 13 33: 1163, 10, 1
0 13 43: 543, 10, 0
0 13 44: 320, 22, 3
0 13 45: 319, 22, 0
0 13 46: 320, 22, 2
0 13 47: 320, 22, 3
0 13 49: 198, 4, 0
0 13 52: 1417, 9, 2
0 13 53: 1417, 1, 2
0 13 54: 1436, 10, 3
0 13 63: 1434, 10, 3
0 14 16: 1417, 1, 1
0 14 17: 1417, 9, 1
0 14 18: 320, 22, 2
0 14 19: 320, 22, 0
0 14 20: 319, 22, 1
0 14 21: 320, 22, 2
0 14 27: 321, 22, 0
0 14 31: 1248, 22, 3
0 14 35: 541, 11, 1
0 14 36: 542, 10, 1
0 14 37: 321, 22, 3
0 14 45: 320, 22, 0
0 14 46: 541, 10, 0
0 14 47: 542, 10, 0
0 14 49: 543, 10, 3
0 14 53: 321, 22, 1
0 14 53: 1417, 9, 2
0 14 54: 1417, 0, 2
0 14 55: 1417, 0, 2
0 14 56: 1417, 0, 2
0 14 57: 1417, 0, 2
0 14 58: 1417, 1, 2
0 14 59: 1436, 10, 3
0 14 63: 1434, 10, 3
0 15 16: 1417, 0, 1
0 15 17: 320, 22, 3
0 15 18: 321, 22, 0
0 15 19: 320, 22, 1
0 15 20: 320, 22, 1
0 15 24: 543, 11, 2
0 15 35: 825, 22, 0
0 15 41: 319, 22, 0
0 15 46: 542, 10, 3
0 15 47: 464, 10, 1
0 15 51: 321, 22, 2
0 15 51: 541, 11, 1
0 15 53: 321, 22, 3
0 15 54: 198, 4, 0
0 15 54: 321, 22, 0
0 15 55: 320, 22, 0
0 15 56: 321, 22, 2
0 15 57: 198, 4, 0
0 15 58: 1417, 9, 2
0 15 59: 1417, 1, 2
0 15 60: 1436, 10, 3
0 15 63: 1434, 10, 3
0 16 16: 1417, 0, 1
0 16 17: 198, 4, 3
0 16 18: 320, 22, 0
0 16 18: 1170, 10, 1
0 16 25: 542, 10, 1
0 16 31: 543, 11, 0
0 16 45: 542, 10, 3
0 16 54: 321, 22, 0
0 16 55: 319, 22, 1
0 16 56: 320, 22, 3
0 16 57: 319, 22, 2
0 16 58: 321, 22, 0
0 16 59: 198, 7, 2
0 16 59: 1417, 9, 2
0 16 60: 1417, 1, 2
0 16 61: 1436, 10, 3
0 16 63: 1434, 10, 3
0 17 15: 1436, 10, 2
0 17 16: 1417, 0, 1
0 17 21: 541, 11, 1
0 17 24: 542, 10, 0
0 17 25: 465, 10, 0
0 17 27: 542, 10, 0
0 17 33: 1246, 22, 2
0 17 38: 465, 10, 0
0 17 40: 320, 22, 3
0 17 49: 1248, 22, 0
0 17 53: 321, 22, 3
0 17 54: 320, 22, 1
0 17 56: 543, 11, 1
0 17 57: 320, 22, 3
0 17 58: 320, 22, 2
0 17 58: 542, 10, 2
0 17 59: 320, 22, 2
0 17 60: 1417, 9, 2
0 17 61: 1417, 1, 2
0 17 63: 1434, 10, 3
0 18 14: 1436, 10, 2
0 18 15: 319, 22, 0
0 18 15: 1417, 1, 1
0 18 16: 319, 22, 0
0 18 16: 1417, 9, 1
0 18 17: 319, 22, 0
0 18 26: 321, 22, 1
0 18 27: 541, 10, 3
0 18 28: 319, 22, 3
0 18 28: 542, 10, 2
0 18 36: 542, 11, 1
0 18 51: 1246, 22, 1
0 18 53: 320, 22, 1
0 18 56: 320, 22, 3
0 18 57: 320, 22, 1
0 18 58: 321, 22, 2
0 18 59: 320, 22, 0
0 18 59: 541, 10, 3
0 18 60: 319, 22, 3
0 18 60: 542, 10, 1
0 18 60: 1454, 4, 1
0 18 61: 1417, 0, 3
0 18 63: 1434, 10, 3
0 19 14: 1417, 1, 1
0 19 15: 1417, 9, 1
0 19 16: 320, 22, 0
0 19 17: 320, 22, 3
0 19 26: 542, 10, 3
0 19 39: 319, 22, 1
0 19 41: 321, 22, 1
0 19 45: 319, 22, 3
0 19 49: 542, 11, 3
0 19 57: 320, 22, 3
0 19 59: 320, 22, 3
0 19 59: 542, 10, 2
0 19 60: 319, 22, 2
0 19 60: 1454, 4, 1
0 19 61: 1417, 0, 3
0 19 62: 1436, 10, 3
0 19 63: 1434, 10, 3
0 20 14: 1417, 0, 1
0 20 15: 321, 22, 3
0 20 16: 319, 22, 3
0 20 17: 320, 22, 2
0 20 18: 320, 22, 1
0 20 20: 320, 22, 2
0 20 20: 542, 10, 0
0 20 43: 543, 11, 2
0 20 49: 825, 22, 3
0 20 55: 542, 11, 1
0 20 56: 320, 22, 3
0 20 57: 321, 22, 1
0 20 58: 320, 22, 1
0 20 59: 320, 22, 0
0 20 60: 320, 22, 2
0 20 61: 1417, 9, 2
0 20 62: 1417, 1, 2
0 20 63: 1434, 10, 3
0 21 13: 1436, 10, 2
0 21 14: 319, 22, 3
0 21 14: 1417, 0, 1
0 21 15: 320, 22, 1
0 21 16: 320, 22, 3
0 21 17: 321, 22, 2
0 21 19: 542, 10, 3
0 21 20: 464, 10, 1
0 21 28: 319, 22, 3
0 21 31: 319, 22, 2
0 21 42: 319, 22, 1
0 21 44: 320, 22, 2
0 21 47: 321, 22, 3
0 21 57: 320, 22, 2
0 21 58: 321, 22, 1
0 21 61: 198, 4, 1
0 21 62: 1417, 0, 3
0 21 63: 1434, 10, 3
0 22 13: 1417, 1, 1
0 22 14: 198, 7, 1
0 22 14: 1417, 9, 1
0 22 15: 319, 22, 1
0 22 16: 320, 22, 0
0 22 17: 320, 22, 1
0 22 19: 320, 22, 0
0 22 21: 321, 22, 0
0 22 22: 542, 10, 2
0 22 23: 319, 22, 2
0 22 43: 321, 22, 0
0 22 53: 319, 22, 1
0 22 54: 320, 22, 1
0 22 57: 1247, 22, 1
0 22 58: 320, 22, 1
0 22 59: 543, 10, 0
0 22 61: 1452, 4, 1
0 22 62: 319, 22, 1
0 22 62: 1417, 0, 3
0 22 63: 1434, 10, 3
0 23 13: 1417, 0, 1
0 23 15: 321, 22, 1
0 23 16: 320, 22, 3
0 23 18: 320, 22, 1
0 23 20: 320, 22, 1
0 23 20: 542, 10, 0
0 23 21: 319, 22, 0
0 23 21: 541, 10, 2
0 23 22: 320, 22, 3
0 23 31: 827, 22, 1
0 23 33: 321, 22, 1
0 23 37: 859, 11, 2
0 23 39: 321, 22, 0
0 23 42: 319, 22, 2
0 23 45: 859, 11, 3
0 23 53: 1247, 22, 2
0 23 61: 1454, 4, 1
0 23 62: 1417, 0, 3
0 23 63: 1434, 10, 3
0 24 12: 1436, 10, 2
0 24 13: 1417, 0, 1
0 24 14: 321, 22, 1
0 24 18: 543, 10, 0
0 24 20: 320, 22, 2
0 24 21: 320, 22, 2
0 24 21: 542, 10, 1
0 24 22: 320, 22, 3
0 24 29: 319, 22, 3
0 24 39: 660, 10, 0
0 24 40: 320, 22, 3
0 24 43: 319, 22, 3
0 24 57: 542, 10, 0
0 24 60: 543, 11, 3
0 24 61: 319, 22, 0
0 24 61: 1454, 4, 1
0 24 62: 1417, 0, 3
0 24 63: 1434, 10, 3
0 25 2: 1436, 10, 2
0 25 3: 1417, 1, 1
0 25 4: 1417, 0, 2
0 25 5: 1417, 0, 2
0 25 6: 1417, 0, 2
0 25 7: 1417, 0, 2
0 25 8: 1417, 0, 2
0 25 9: 1417, 0, 2
0 25 10: 1417, 0, 2
0 25 11: 1417, 0, 2
0 25 12: 1417, 0, 2
0 25 13: 1417, 9, 1
0 25 25: 542, 10, 1
0 25 41: 1247, 22, 3
0 25 46: 735, 11, 0
0 25 50: 859, 11, 3
0 25 53: 321, 22, 2
0 25 56: 542, 10, 1
0 25 57: 320, 22, 1
0 25 57: 541, 10, 1
0 25 59: 542, 10, 3
0 25 61: 198, 4, 1
0 25 62: 1417, 0, 3
0 25 63: 1434, 10, 3
0 26 1: 1436, 10, 2
0 26 2: 1417, 1, 1
0 26 3: 319, 22, 2
0 26 3: 1417, 9, 1
0 26 4: 198, 4, 0
0 26 4: 320, 22, 0
0 26 6: 543, 10, 1
0 26 7: 319, 22, 1
0 26 8: 198, 4, 0
0 26 8: 321, 22, 0
0 26 9: 320, 22, 1
0 26 10: 321, 22, 3
0 26 11: 319, 22, 0
0 26 12: 198, 4, 0
0 26 18: 1248, 22, 3
0 26 25: 541, 11, 3
0 26 26: 542, 10, 0
0 26 37: 735, 11, 3
0 26 40: 859, 10, 3
0 26 42: 859, 10, 3
0 26 47: 1364, 10, 3
0 26 56: 542, 10, 2
0 26 61: 1417, 9, 3
0 26 61: 1452, 7, 3
0 26 62: 1417, 1, 3
0 26 63: 1434, 10, 3
0 27 0: 1417, 0, 2
0 27 1: 1417, 0, 2
0 27 2: 1417, 9, 1
0 27 4: 320, 22, 3
0 27 9: 321, 22, 2
0 27 11: 321, 22, 3
0 27 22: 1247, 22, 1
0 27 25: 542, 10, 0
0 27 35: 735, 11, 3
0 27 36: 735, 11, 2
0 27 37: 1368, 10, 1
0 27 46: 735, 10, 3
0 27 56: 319, 22, 1
0 27 60: 1452, 4, 1
0 27 61: 1417, 0, 3
0 27 62: 1436, 10, 0
0 27 63: 1434, 10, 3
0 28 0: 2815, 0, 3
0 28 5: 320, 22, 2
0 28 6: 321, 22, 2
0 28 10: 320, 22, 3
0 28 15: 321, 22, 2
0 28 18: 1247, 22, 1
0 28 26: 319, 22, 1
0 28 32: 1247, 22, 1
0 28 35: 1368, 10, 0
0 28 37: 735, 10, 2
0 28 45: 735, 10, 3
0 28 52: 660, 10, 2
0 28 59: 321, 22, 0
0 28 60: 320, 22, 0
0 28 60: 1454, 4, 1
0 28 61: 1417, 0, 3
0 28 63: 1434, 10, 3
0 29 0: 2814, 0, 3
0 29 8: 319, 22, 1
0 29 17: 320, 22, 3
0 29 31: 859, 11, 2
0 29 34: 735, 11, 3
0 29 35: 735, 11, 0
0 29 36: 735, 11, 2
0 29 42: 1247, 22, 0
0 29 45: 735, 10, 3
0 29 47: 735, 11, 3
0 29 48: 735, 11, 2
0 29 55: 543, 11, 0
0 29 57: 321, 22, 3
0 29 58: 320, 22, 2
0 29 59: 320, 22, 1
0 29 60: 1417, 9, 3
0 29 60: 1452, 7, 3
0 29 61: 1417, 1, 3
0 29 63: 1434, 10, 3
0 30 0: 1417, 0, 0
0 30 1: 1417, 0, 0
0 30 2: 1417, 9, 0
0 30 3: 319, 22, 3
0 30 4: 321, 22, 3
0 30 7: 321, 22, 3
0 30 11: 543, 10, 3
0 30 18: 827, 22, 2
0 30 35: 735, 10, 3
0 30 37: 735, 10, 1
0 30 41: 2816, 10, 0
0 30 45: 735, 10, 2
0 30 46: 735, 10, 0
0 30 47: 735, 10, 2
0 30 48: 735, 10, 1
0 30 49: 735, 10, 3
0 30 57: 321, 22, 0
0 30 59: 198, 4, 1
0 30 59: 319, 22, 2
0 30 60: 1417, 0, 3
0 30 61: 1436, 10, 0
0 30 63: 1434, 10, 3
0 31 1: 1436, 10, 1
0 31 2: 1417, 1, 0
0 31 3: 1417, 9, 0
0 31 4: 320, 22, 0
0 31 4: 1454, 4, 2
0 31 5: 198, 4, 2
0 31 5: 321, 22, 0
0 31 6: 319, 22, 0
0 31 6: 1454, 4, 2
0 31 7: 1452, 4, 2
0 31 8: 1454, 4, 2
0 31 9: 198, 4, 2
0 31 9: 321, 22, 1
0 31 10: 1453, 4, 2
0 31 11: 1452, 4, 2
0 31 12: 1454, 4, 2
0 31 13: 1454, 4, 2
0 31 14: 198, 4, 2
0 31 14: 320, 22, 2
0 31 16: 543, 10, 2
0 31 27: 542, 11, 2
0 31 34: 735, 11, 0
0 31 35: 735, 10, 3
0 31 36: 735, 11, 2
0 31 37: 1367, 10, 3
0 31 45: 735, 11, 1
0 31 46: 735, 11, 0
0 31 47: 735, 10, 3
0 31 49: 735, 11, 0
0 31 59: 1454, 4, 1
0 31 60: 1417, 0, 3
0 31 63: 1434, 10, 3
0 32 2: 1436, 10, 1
0 32 3: 1417, 1, 0
0 32 4: 1417, 0, 0
0 32 5: 1417, 0, 0
0 32 6: 1417, 0, 0
0 32 7: 1417, 0, 0
0 32 8: 1417, 0, 0
0 32 9: 1417, 0, 0
0 32 10: 1417, 0, 0
0 32 11: 1417, 0, 0
0 32 12: 319, 22, 0
0 32 12: 1417, 0, 0
0 32 13: 1417, 0, 0
0 32 14: 319, 22, 0
0 32 14: 1417, 0, 0
0 32 15: 1417, 9, 0
0 32 16: 319, 22, 3
0 32 19: 319, 22, 0
0 32 22: 543, 11, 3
0 32 24: 319, 22, 2
0 32 34: 735, 10, 3
0 32 35: 735, 11, 1
0 32 37: 735, 10, 1
0 32 45: 735, 10, 0
0 32 46: 735, 10, 0
0 32 47: 735, 11, 3
0 32 48: 735, 10, 2
0 32 56: 320, 22, 1
0 32 59: 319, 22, 2
0 32 59: 1452, 4, 1
0 32 60: 1417, 0, 3
0 32 63: 1434, 10, 3
0 33 14: 1436, 10, 1
0 33 15: 1417, 1, 0
0 33 16: 198, 7, 0
0 33 16: 1417, 9, 0
0 33 18: 320, 22, 0
0 33 20: 465, 10, 3
0 33 34: 1367, 10, 3
0 33 35: 735, 10, 2
0 33 36: 735, 10, 0
0 33 37: 735, 11, 1
0 33 44: 735, 11, 3
0 33 46: 735, 11, 0
0 33 47: 735, 10, 1
0 33 48: 735, 10, 3
0 33 49: 735, 11, 2
0 33 59: 321, 22, 3
0 33 59: 1454, 4, 1
0 33 60: 1417, 0, 3
0 33 63: 1434, 10, 3
0 34 15: 1436, 10, 1
0 34 16: 1417, 1, 0
0 34 17: 320, 22, 2
0 34 17: 1417, 9, 0
0 34 18: 320, 22, 1
0 34 19: 320, 22, 2
0 34 20: 320, 22, 3
0 34 23: 1246, 22, 3
0 34 33: 1366, 10, 1
0 34 34: 735, 10, 2
0 34 35: 735, 11, 3
0 34 36: 735, 10, 3
0 34 37: 735, 10, 0
0 34 38: 1367, 10, 3
0 34 44: 1368, 10, 3
0 34 45: 735, 10, 0
0 34 46: 735, 10, 0
0 34 47: 735, 11, 3
0 34 48: 735, 10, 0
0 34 49: 735, 11, 1
0 34 57: 319, 22, 0
0 34 58: 321, 22, 1
0 34 59: 198, 4, 1
0 34 59: 321, 22, 3
0 34 60: 1417, 0, 3
0 34 63: 1434, 10, 3
0 35 16: 1436, 10, 1
0 35 17: 1417, 1, 0
0 35 18: 1417, 9, 0
0 35 20: 321, 22, 2
0 35 28: 542, 10, 3
0 35 32: 1364, 10, 2
0 35 35: 735, 10, 1
0 35 36: 1368, 10, 3
0 35 37: 1367, 10, 2
0 35 38: 735, 11, 0
0 35 44: 735, 11, 2
0 35 45: 735, 10, 1
0 35 46: 735, 11, 2
0 35 47: 735, 11, 1
0 35 48: 735, 10, 0
0 35 58: 321, 22, 2
0 35 59: 320, 22, 3
0 35 59: 1417, 9, 3
0 35 59: 1454, 7, 3
0 35 60: 1417, 1, 3
0 35 63: 1434, 10, 3
0 36 17: 1417, 1, 1
0 36 18: 320, 22, 0
0 36 18: 1417, 9, 1
0 36 19: 320, 22, 2
0 36 23: 321, 22, 0
0 36 30: 542, 10, 2
0 36 35: 735, 10, 2
0 36 36: 735, 11, 1
0 36 37: 735, 10, 0
0 36 38: 735, 10, 0
0 36 44: 735, 11, 1
0 36 45: 735, 10, 3
0 36 46: 735, 10, 3
0 36 47: 735, 10, 3
0 36 48: 735, 11, 1
0 36 49: 735, 11, 3
0 36 54: 321, 22, 2
0 36 56: 320, 22, 0
0 36 57: 321, 22, 1
0 36 58: 1452, 4, 1
0 36 59: 1417, 0, 3
0 36 60: 1434, 10, 0
0 36 61: 1436, 10, 3
0 36 63: 1434, 10, 3
0 37 17: 1417, 0, 1
0 37 18: 198, 4, 3
0 37 35: 735, 11, 1
0 37 36: 1367, 10, 2
0 37 37: 1367, 10, 1
0 37 38: 735, 10, 0
0 37 39: 735, 11, 1
0 37 40: 735, 11, 2
0 37 41: 735, 11, 3
0 37 42: 735, 11, 0
0 37 43: 1366, 10, 0
0 37 44: 735, 10, 0
0 37 46: 735, 10, 0
0 37 47: 735, 10, 3
0 37 48: 1366, 10, 0
0 37 56: 319, 22, 2
0 37 57: 320, 22, 2
0 37 58: 541, 10, 0
0 37 59: 1417, 9, 2
0 37 60: 1417, 0, 2
0 37 61: 1417, 0, 2
0 37 62: 1417, 1, 2
0 37 63: 1434, 10, 3
0 38 17: 1417, 1, 0
0 38 18: 1417, 9, 0
0 38 19: 319, 22, 0
0 38 33: 1367, 10, 0
0 38 34: 735, 11, 1
0 38 36: 735, 10, 2
0 38 37: 735, 11, 2
0 38 39: 735, 10, 0
0 38 40: 735, 11, 1
0 38 42: 735, 10, 0
0 38 43: 735, 11, 1
0 38 44: 735, 10, 0
0 38 45: 735, 10, 0
0 38 47: 735, 11, 3
0 38 48: 735, 10, 3
0 38 53: 1247, 22, 0
0 38 58: 320, 22, 3
0 38 59: 543, 10, 3
0 38 60: 2813, 10, 0
0 38 62: 1417, 0, 3
0 38 63: 1434, 10, 3
0 39 17: 1436, 10, 1
0 39 18: 1417, 1, 0
0 39 19: 319, 22, 0
0 39 19: 1417, 9, 0
0 39 20: 1454, 4, 2
0 39 21: 1452, 4, 2
0 39 36: 735, 10, 0
0 39 37: 735, 10, 3
0 39 38: 735, 10, 3
0 39 39: 1367, 10, 3
0 39 40: 735, 11, 0
0 39 41: 735, 10, 0
0 39 42: 1367, 10, 0
0 39 43: 735, 10, 0
0 39 45: 735, 10, 2
0 39 46: 735, 11, 2
0 39 47: 735, 10, 2
0 39 55: 320, 22, 1
0 39 59: 321, 22, 0
0 39 62: 1417, 0, 3
0 39 63: 1434, 10, 3
0 40 18: 1436, 10, 1
0 40 19: 1417, 1, 0
0 40 20: 1417, 0, 0
0 40 21: 1417, 0, 0
0 40 22: 319, 22, 3
0 40 22: 1417, 9, 0
0 40 28: 320, 22, 1
0 40 37: 735, 11, 2
0 40 38: 735, 11, 3
0 40 39: 735, 10, 2
0 40 41: 735, 11, 1
0 40 42: 735, 10, 1
0 40 43: 1367, 10, 1
0 40 44: 735, 11, 0
0 40 45: 735, 11, 0
0 40 46: 735, 11, 2
0 40 47: 1366, 10, 3
0 40 52: 1246, 22, 0
0 40 59: 320, 22, 0
0 40 62: 1417, 0, 3
0 40 63: 1434, 10, 3
0 41 21: 1436, 10, 1
0 41 22: 1417, 0, 1
0 41 23: 198, 4, 3
0 41 37: 735, 11, 0
0 41 39: 735, 10, 0
0 41 40: 1367, 10, 3
0 41 41: 735, 10, 1
0 41 43: 735, 11, 0
0 41 45: 735, 11, 1
0 41 46: 1366, 10, 0
0 41 49: 1247, 22, 0
0 41 54: 319, 22, 2
0 41 56: 319, 22, 0
0 41 58: 320, 22, 3
0 41 59: 319, 22, 1
0 41 61: 1417, 9, 3
0 41 62: 1417, 1, 3
0 41 63: 1434, 10, 3
0 42 22: 1417, 0, 1
0 42 23: 319, 22, 2
0 42 26: 542, 10, 0
0 42 39: 735, 10, 3
0 42 40: 735, 11, 2
0 42 42: 735, 10, 1
0 42 43: 735, 10, 1
0 42 57: 319, 22, 3
0 42 59: 1417, 9, 3
0 42 60: 1417, 0, 0
0 42 61: 1417, 1, 3
0 42 62: 1436, 10, 0
0 42 63: 1434, 10, 3
0 43 22: 1417, 0, 1
0 43 26: 541, 11, 3
0 43 27: 542, 10, 3
0 43 30: 319, 22, 2
0 43 31: 662, 10, 0
0 43 48: 859, 11, 0
0 43 51: 1248, 22, 0
0 43 55: 541, 11, 3
0 43 58: 198, 4, 1
0 43 58: 319, 22, 2
0 43 59: 1417, 0, 3
0 43 60: 1436, 10, 0
0 43 63: 1434, 10, 3
0 44 22: 1417, 0, 1
0 44 23: 320, 22, 2
0 44 27: 542, 10, 2
0 44 34: 1248, 22, 2
0 44 55: 542, 10, 3
0 44 56: 542, 10, 0
0 44 58: 1453, 4, 1
0 44 59: 1417, 0, 3
0 44 63: 1434, 10, 3
0 45 11: 1436, 10, 2
0 45 12: 1417, 1, 1
0 45 13: 1417, 0, 2
0 45 14: 1417, 0, 2
0 45 15: 1417, 0, 2
0 45 16: 1417, 1, 2
0 45 17: 1436, 10, 3
0 45 21: 1436, 10, 2
0 45 22: 1417, 0, 1
0 45 23: 198, 4, 3
0 45 24: 319, 22, 2
0 45 41: 662, 10, 1
0 45 44: 543, 10, 3
0 45 51: 1247, 22, 3
0 45 58: 1452, 4, 1
0 45 59: 1417, 0, 3
0 45 63: 1434, 10, 3
0 46 8: 1436, 10, 2
0 46 9: 1417, 1, 1
0 46 10: 1417, 0, 2
0 46 11: 1417, 0, 2
0 46 12: 198, 7, 1
0 46 12: 1417, 9, 1
0 46 15: 198, 4, 0
0 46 16: 1417, 9, 2
0 46 17: 1417, 1, 2
0 46 18: 1436, 10, 3
0 46 21: 1417, 1, 1
0 46 22: 320, 22, 0
0 46 22: 1417, 9, 1
0 46 33: 1246, 22, 0
0 46 47: 319, 22, 0
0 46 48: 320, 22, 1
0 46 57: 543, 10, 0
0 46 58: 1454, 4, 1
0 46 59: 1417, 0, 3
0 46 63: 1434, 10, 3
0 47 7: 1436, 10, 2
0 47 8: 1417, 1, 1
0 47 9: 1417, 9, 1
0 47 11: 542, 10, 1
0 47 17: 1417, 9, 2
0 47 18: 1417, 1, 2
0 47 21: 1417, 0, 1
0 47 23: 320, 22, 3
0 47 26: 827, 22, 3
0 47 27: 1247, 22, 2
0 47 31: 320, 22, 0
0 47 35: 321, 22, 3
0 47 47: 320, 22, 0
0 47 54: 825, 22, 1
0 47 56: 319, 22, 2
0 47 58: 1417, 9, 3
0 47 58: 1455, 7, 3
0 47 59: 1417, 1, 3
0 47 63: 1434, 10, 3
0 48 7: 1417, 1, 1
0 48 8: 1417, 9, 1
0 48 10: 541, 10, 0
0 48 17: 1452, 4, 1
0 48 18: 1417, 0, 3
0 48 19: 1436, 10, 3
0 48 20: 1436, 10, 2
0 48 21: 1417, 0, 1
0 48 22: 320, 22, 0
0 48 27: 1247, 22, 2
0 48 39: 319, 22, 3
0 48 44: 321, 22, 0
0 48 46: 464, 10, 2
0 48 52: 825, 22, 2
0 48 57: 319, 22, 0
0 48 58: 1417, 0, 3
0 48 59: 1436, 10, 0
0 48 63: 1434, 10, 3
0 49 7: 1417, 0, 1
0 49 9: 542, 10, 3
0 49 10: 542, 10, 2
0 49 12: 542, 10, 1
0 49 17: 320, 22, 2
0 49 17: 1454, 4, 1
0 49 18: 1417, 0, 3
0 49 19: 1434, 10, 2
0 49 20: 1417, 1, 1
0 49 21: 1417, 9, 1
0 49 22: 320, 22, 0
0 49 34: 542, 10, 2
0 49 35: 541, 10, 0
0 49 44: 320, 22, 2
0 49 49: 543, 11, 0
0 49 54: 320, 22, 3
0 49 57: 198, 4, 1
0 49 58: 1417, 0, 3
0 49 63: 1434, 10, 3
0 50 6: 1436, 10, 2
0 50 7: 1417, 0, 1
0 50 15: 541, 11, 2
0 50 18: 198, 7, 2
0 50 18: 1417, 9, 2
0 50 19: 1417, 1, 2
0 50 20: 1417, 0, 1
0 50 21: 198, 4, 3
0 50 21: 319, 22, 2
0 50 24: 320, 22, 1
0 50 29: 321, 22, 1
0 50 30: 320, 22, 0
0 50 32: 542, 11, 2
0 50 35: 319, 22, 0
0 50 35: 542, 10, 2
0 50 37: 542, 10, 2
0 50 42: 541, 11, 1
0 50 51: 320, 22, 0
0 50 57: 320, 22, 0
0 50 57: 1417, 9, 3
0 50 57: 1452, 7, 3
0 50 58: 1417, 1, 3
0 50 63: 1434, 10, 3
0 51 6: 1417, 1, 1
0 51 7: 198, 7, 1
0 51 7: 1417, 9, 1
0 51 13: 654, 22, 3
0 51 18: 320, 22, 3
0 51 19: 319, 22, 0
0 51 19: 1417, 9, 2
0 51 20: 320, 22, 1
0 51 20: 1417, 9, 1
0 51 21: 321, 22, 0
0 51 21: 859, 10, 0
0 51 22: 320, 22, 2
0 51 29: 320, 22, 1
0 51 39: 466, 10, 3
0 51 50: 320, 22, 3
0 51 51: 321, 22, 3
0 51 52: 320, 22, 2
0 51 53: 320, 22, 2
0 51 56: 319, 22, 3
0 51 56: 1417, 9, 3
0 51 56: 1455, 7, 3
0 51 57: 1417, 1, 3
0 51 58: 1436, 10, 0
0 51 63: 1434, 10, 3
0 52 6: 1417, 0, 1
0 52 19: 320, 22, 3
0 52 20: 997, 9, 0
0 52 21: 319, 22, 3
0 52 22: 321, 22, 0
0 52 24: 825, 22, 0
0 52 26: 320, 22, 2
0 52 27: 321, 22, 0
0 52 44: 542, 11, 0
0 52 51: 320, 22, 2
0 52 54: 320, 22, 0
0 52 55: 320, 22, 1
0 52 55: 1417, 9, 3
0 52 55: 1455, 7, 3
0 52 56: 1417, 1, 3
0 52 57: 1436, 10, 0
0 52 63: 1434, 10, 3
0 53 6: 1417, 0, 1
0 53 7: 198, 4, 3
0 53 8: 320, 22, 3
0 53 13: 543, 11, 2
0 53 18: 543, 11, 1
0 53 21: 997, 9, 0
0 53 27: 320, 22, 0
0 53 29: 541, 11, 2
0 53 36: 543, 11, 1
0 53 49: 542, 11, 3
0 53 50: 320, 22, 0
0 53 51: 319, 22, 3
0 53 52: 320, 22, 1
0 53 53: 320, 22, 2
0 53 54: 198, 4, 1
0 53 54: 320, 22, 3
0 53 55: 1417, 0, 3
0 53 56: 1436, 10, 0
0 53 63: 1434, 10, 3
0 54 6: 1417, 0, 1
0 54 14: 654, 22, 0
0 54 22: 997, 9, 0
0 54 23: 321, 22, 3
0 54 23: 1032, 11, 3
0 54 24: 319, 22, 2
0 54 27: 697, 11, 1
0 54 28: 320, 22, 2
0 54 49: 320, 22, 3
0 54 50: 321, 22, 2
0 54 51: 542, 10, 1
0 54 54: 1417, 9, 3
0 54 54: 1455, 7, 3
0 54 55: 1417, 1, 3
0 54 63: 1434, 10, 3
0 55 6: 1417, 0, 1
0 55 15: 827, 22, 0
0 55 22: 198, 7, 3
0 55 22: 1417, 9, 3
0 55 23: 320, 22, 2
0 55 23: 1417, 9, 0
0 55 24: 198, 4, 2
0 55 25: 321, 22, 3
0 55 25: 1452, 4, 2
0 55 26: 1454, 4, 2
0 55 27: 320, 22, 3
0 55 28: 321, 22, 2
0 55 29: 320, 22, 1
0 55 29: 700, 11, 0
0 55 32: 542, 11, 0
0 55 37: 320, 22, 3
0 55 42: 542, 11, 0
0 55 45: 1248, 22, 1
0 55 48: 320, 22, 3
0 55 49: 320, 22, 2
0 55 50: 320, 22, 0
0 55 51: 542, 10, 0
0 55 52: 321, 22, 1
0 55 52: 542, 10, 0
0 55 53: 1417, 9, 3
0 55 54: 1417, 1, 3
0 55 55: 1436, 10, 0
0 55 63: 1434, 10, 3
0 56 6: 1417, 0, 1
0 56 21: 319, 22, 3
0 56 21: 1452, 4, 1
0 56 22: 1417, 0, 3
0 56 23: 1417, 1, 0
0 56 24: 1417, 0, 0
0 56 25: 1417, 0, 0
0 56 26: 1417, 0, 0
0 56 27: 1417, 9, 0
0 56 28: 320, 22, 0
0 56 29: 320, 22, 1
0 56 31: 702, 11, 0
0 56 33: 697, 10, 0
0 56 34: 320, 22, 3
0 56 36: 320, 22, 1
0 56 37: 319, 22, 2
0 56 38: 320, 22, 3
0 56 46: 543, 11, 2
0 56 49: 320, 22, 0
0 56 50: 319, 22, 0
0 56 50: 542, 10, 2
0 56 51: 319, 22, 1
0 56 52: 198, 4, 1
0 56 53: 1417, 0, 3
0 56 54: 1436, 10, 0
0 56 63: 1434, 10, 3
0 57 6: 1417, 0, 1
0 57 10: 700, 11, 1
0 57 14: 654, 22, 2
0 57 18: 321, 22, 1
0 57 21: 198, 4, 1
0 57 21: 321, 22, 1
0 57 22: 1417, 0, 3
0 57 23: 1436, 10, 0
0 57 26: 1436, 10, 1
0 57 27: 1417, 1, 0
0 57 28: 198, 7, 0
0 57 28: 1417, 9, 0
0 57 30: 699, 10, 3
0 57 31: 321, 22, 2
0 57 33: 320, 22, 1
0 57 34: 319, 22, 3
0 57 35: 320, 22, 2
0 57 35: 700, 11, 3
0 57 37: 320, 22, 2
0 57 48: 320, 22, 1
0 57 49: 321, 22, 0
0 57 50: 320, 22, 3
0 57 51: 320, 22, 1
0 57 52: 1417, 9, 3
0 57 52: 1454, 7, 3
0 57 53: 1417, 1, 3
0 57 63: 1434, 10, 3
0 58 6: 1417, 1, 0
0 58 7: 198, 7, 0
0 58 7: 1417, 9, 0
0 58 21: 543, 10, 1
0 58 21: 1454, 4, 1
0 58 22: 1417, 0, 3
0 58 27: 1436, 10, 1
0 58 28: 1417, 1, 0
0 58 29: 1417, 9, 0
0 58 30: 1454, 4, 2
0 58 31: 1454, 4, 2
0 58 32: 702, 11, 3
0 58 32: 1452, 4, 2
0 58 33: 1417, 9, 3
0 58 33: 1452, 7, 3
0 58 34: 1417, 0, 0
0 58 35: 1417, 0, 0
0 58 36: 319, 22, 2
0 58 36: 1417, 9, 0
0 58 37: 198, 4, 2
0 58 38: 319, 22, 1
0 58 38: 1454, 4, 2
0 58 39: 1454, 4, 2
0 58 40: 543, 10, 2
0 58 42: 319, 22, 3
0 58 46: 542, 10, 0
0 58 49: 320, 22, 2
0 58 50: 542, 10, 1
0 58 51: 1417, 9, 3
0 58 51: 1452, 7, 3
0 58 52: 1417, 1, 3
0 58 53: 1436, 10, 0
0 58 63: 1434, 10, 3
0 59 6: 1436, 10, 1
0 59 7: 1417, 1, 0
0 59 8: 1417, 9, 0
0 59 9: 700, 11, 2
0 59 11: 702, 11, 1
0 59 21: 1455, 4, 1
0 59 22: 1417, 0, 3
0 59 28: 1436, 10, 1
0 59 29: 1417, 1, 0
0 59 30: 1417, 0, 0
0 59 31: 1417, 0, 0
0 59 32: 1417, 0, 0
0 59 33: 1417, 1, 3
0 59 34: 1436, 10, 0
0 59 35: 1436, 10, 1
0 59 36: 1417, 1, 0
0 59 37: 1417, 0, 0
0 59 38: 1417, 0, 0
0 59 39: 1417, 0, 0
0 59 40: 319, 22, 0
0 59 40: 1417, 9, 0
0 59 41: 1454, 4, 2
0 59 42: 198, 4, 2
0 59 44: 319, 22, 3
0 59 45: 542, 10, 1
0 59 46: 541, 11, 0
0 59 47: 542, 10, 3
0 59 49: 320, 22, 0
0 59 50: 198, 7, 3
0 59 50: 1417, 9, 3
0 59 51: 1417, 1, 3
0 59 52: 1436, 10, 0
0 59 63: 1434, 10, 3
0 60 7: 1436, 10, 1
0 60 8: 1417, 1, 0
0 60 9: 1417, 9, 0
0 60 13: 700, 11, 0
0 60 19: 1455, 4, 2
0 60 21: 1417, 9, 3
0 60 21: 1455, 7, 3
0 60 22: 1417, 1, 3
0 60 39: 1436, 10, 1
0 60 40: 1417, 1, 0
0 60 41: 1417, 0, 0
0 60 42: 1417, 0, 0
0 60 43: 1417, 9, 0
0 60 44: 198, 4, 2
0 60 45: 1454, 4, 2
0 60 46: 1452, 4, 2
0 60 47: 1454, 4, 2
0 60 48: 198, 4, 2
0 60 49: 1417, 9, 3
0 60 49: 1454, 7, 3
0 60 50: 1417, 1, 3
0 60 51: 1436, 10, 0
0 60 63: 1434, 10, 3
0 61 8: 1436, 10, 1
0 61 9: 1417, 1, 0
0 61 10: 198, 7, 0
0 61 10: 1417, 9, 0
0 61 13: 1452, 4, 2
0 61 14: 198, 4, 2
0 61 15: 320, 22, 0
0 61 15: 1454, 4, 2
0 61 16: 1452, 4, 2
0 61 17: 198, 7, 3
0 61 17: 1417, 9, 3
0 61 18: 1417, 0, 0
0 61 19: 1417, 0, 0
0 61 20: 1417, 0, 0
0 61 21: 1417, 1, 3
0 61 22: 1436, 10, 0
0 61 42: 1436, 10, 1
0 61 43: 1417, 1, 0
0 61 44: 1417, 0, 0
0 61 45: 1417, 0, 0
0 61 46: 1417, 0, 0
0 61 47: 1417, 0, 0
0 61 48: 1417, 0, 0
0 61 49: 1417, 1, 3
0 61 50: 1436, 10, 0
0 61 63: 1434, 10, 3
0 62 9: 1436, 10, 1
0 62 10: 1417, 1, 0
0 62 11: 1417, 0, 0
0 62 12: 1417, 0, 0
0 62 13: 1417, 0, 0
0 62 14: 1417, 0, 0
0 62 15: 1417, 0, 0
0 62 16: 1417, 0, 0
0 62 17: 1417, 1, 3
0 62 18: 1436, 10, 0
0 62 63: 1434, 10, 3
0 63 63: 1434, 10, 3
1 0 18: 1434, 10, 0
1 0 19: 1434, 10, 0
1 0 20: 1434, 10, 0
1 0 21: 1434, 10, 0
1 0 22: 1434, 10, 0
1 0 23: 1434, 10, 0
1 0 24: 1434, 10, 0
1 0 25: 1434, 10, 0
1 0 26: 1434, 10, 0
1 0 27: 1434, 10, 0
1 0 28: 1434, 10, 0
1 0 29: 1434, 10, 0
1 0 30: 1434, 10, 0
1 0 31: 1434, 10, 0
1 0 32: 1434, 10, 0
1 0 33: 1434, 10, 0
1 0 34: 1434, 10, 0
1 0 35: 1434, 10, 0
1 0 36: 1434, 10, 0
1 0 37: 1434, 10, 0
1 0 38: 1434, 10, 0
1 0 39: 1434, 10, 0
1 0 40: 1434, 10, 0
1 0 41: 1434, 10, 0
1 0 42: 1434, 10, 0
1 0 43: 1434, 10, 0
1 0 44: 1434, 10, 0
1 0 45: 1434, 10, 0
1 0 46: 1434, 10, 0
1 0 47: 1434, 10, 0
1 0 48: 1434, 10, 0
1 0 49: 1434, 10, 0
1 0 50: 1434, 10, 0
1 0 51: 1434, 10, 0
1 0 52: 1434, 10, 0
1 0 53: 1434, 10, 0
1 0 54: 1434, 10, 0
1 0 55: 1434, 10, 0
1 0 56: 1434, 10, 0
1 0 57: 1434, 10, 0
1 0 58: 1434, 10, 0
1 0 59: 1434, 10, 0
1 0 60: 1434, 10, 0
1 0 61: 1434, 10, 0
1 0 62: 1434, 10, 0
1 0 63: 1434, 10, 0
1 1 18: 1434, 10, 0
1 1 19: 1434, 10, 0
1 1 20: 1434, 10, 0
1 1 21: 1434, 10, 0
1 1 22: 1434, 10, 0
1 1 23: 1434, 10, 0
1 1 24: 1434, 10, 0
1 1 25: 1434, 10, 0
1 1 26: 1434, 10, 0
1 1 27: 1434, 10, 0
1 1 28: 1434, 10, 0
1 1 29: 1434, 10, 0
1 1 30: 1434, 10, 0
1 1 31: 1434, 10, 0
1 1 32: 1434, 10, 0
1 1 33: 1434, 10, 0
1 1 34: 1434, 10, 0
1 1 35: 1434, 10, 0
1 1 36: 1434, 10, 0
1 1 37: 1434, 10, 0
1 1 38: 1434, 10, 0
1 1 39: 1434, 10, 0
1 1 40: 1434, 10, 0
1 1 41: 1434, 10, 0
1 1 42: 1434, 10, 0
1 1 43: 1434, 10, 0
1 1 44: 1434, 10, 0
1 1 45: 1434, 10, 0
1 1 46: 1434, 10, 0
1 1 47: 1434, 10, 0
1 1 48: 1434, 10, 0
1 1 49: 1434, 10, 0
1 1 50: 1434, 10, 0
1 1 51: 1434, 10, 0
1 1 52: 1434, 10, 0
1 1 53: 1434, 10, 0
1 1 54: 1434, 10, 0
1 1 55: 1434, 10, 0
1 1 56: 1434, 10, 0
1 1 57: 1434, 10, 0
1 1 58: 1434, 10, 0
1 1 59: 1434, 10, 0
1 1 60: 1434, 10, 0
1 1 61: 1434, 10, 0
1 1 62: 1434, 10, 0
1 1 63: 1434, 10, 0
1 2 18: 1434, 10, 0
1 2 19: 1434, 10, 0
1 2 20: 1434, 10, 0
1 2 21: 1434, 10, 0
1 2 22: 1434, 10, 0
1 2 23: 1434, 10, 0
1 2 24: 1434, 10, 0
1 2 25: 1434, 10, 0
1 2 26: 1434, 10, 0
1 2 27: 1434, 10, 0
1 2 28: 1434, 10, 0
1 2 29: 1434, 10, 0
1 2 30: 1434, 10, 0
1 2 31: 1434, 10, 0
1 2 32: 1428, 1, 1
1 2 33: 1428, 0, 2
1 2 34: 1428, 0, 2
1 2 35: 1428, 0, 2
1 2 36: 1428, 1, 2
1 2 37: 1434, 10, 0
1 2 38: 1434, 10, 0
1 2 39: 1434, 10, 0
1 2 40: 1434, 10, 0
1 2 41: 1434, 10, 0
1 2 42: 1434, 10, 0
1 2 43: 1434, 10, 0
1 2 44: 1434, 10, 0
1 2 45: 1434, 10, 0
1 2 46: 1434, 10, 0
1 2 47: 1434, 10, 0
1 2 48: 1434, 10, 0
1 2 49: 1434, 10, 0
1 2 50: 1434, 10, 0
1 2 51: 1434, 10, 0
1 2 52: 1434, 10, 0
1 2 53: 1434, 10, 0
1 2 54: 1434, 10, 0
1 2 55: 1434, 10, 0
1 2 56: 1434, 10, 0
1 2 57: 1434, 10, 0
1 2 58: 1434, 10, 0
1 2 59: 1434, 10, 0
1 2 60: 1434, 10, 0
1 2 61: 1434, 10, 0
1 2 62: 1434, 10, 0
1 2 63: 1434, 10, 0
1 3 18: 1434, 10, 0
1 3 19: 1434, 10, 0
1 3 20: 1434, 10, 0
1 3 21: 1434, 10, 0
1 3 22: 1434, 10, 0
1 3 23: 1434, 10, 0
1 3 24: 1434, 10, 0
1 3 25: 1434, 10, 0
1 3 26: 1434, 10, 0
1 3 27: 1434, 10, 0
1 3 28: 1434, 10, 0
1 3 29: 1434, 10, 0
1 3 30: 1434, 10, 0
1 3 31: 1428, 1, 1
1 3 32: 1428, 9, 1
1 3 36: 1428, 9, 2
1 3 37: 1428, 1, 2
1 3 38: 1434, 10, 0
1 3 39: 1434, 10, 0
1 3 40: 1434, 10, 0
1 3 41: 1434, 10, 0
1 3 42: 1434, 10, 0
1 3 43: 1434, 10, 0
1 3 44: 1434, 10, 0
1 3 45: 1434, 10, 0
1 3 46: 1434, 10, 0
1 3 47: 1434, 10, 0
1 3 48: 1434, 10, 0
1 3 49: 1434, 10, 0
1 3 50: 1434, 10, 0
1 3 51: 1434, 10, 0
1 3 52: 1434, 10, 0
1 3 53: 1434, 10, 0
1 3 54: 1434, 10, 0
1 3 55: 1434, 10, 0
1 3 56: 1434, 10, 0
1 3 57: 1434, 10, 0
1 3 58: 1434, 10, 0
1 3 59: 1434, 10, 0
1 3 60: 1434, 10, 0
1 3 61: 1434, 10, 0
1 3 62: 1434, 10, 0
1 3 63: 1434, 10, 0
1 4 18: 1434, 10, 0
1 4 19: 1434, 10, 0
1 4 20: 1434, 10, 0
1 4 21: 1434, 10, 0
1 4 22: 1428, 1, 1
1 4 23: 1428, 0, 2
1 4 24: 1428, 0, 2
1 4 25: 1428, 0, 2
1 4 26: 1428, 1, 2
1 4 27: 1434, 10, 0
1 4 28: 1434, 10, 0
1 4 29: 1434, 10, 0
1 4 30: 1428, 1, 1
1 4 31: 1428, 9, 1
1 4 37: 1428, 9, 2
1 4 38: 1428, 1, 2
1 4 39: 1434, 10, 0
1 4 40: 1434, 10, 0
1 4 41: 1434, 10, 0
1 4 42: 1434, 10, 0
1 4 43: 1434, 10, 0
1 4 44: 1434, 10, 0
1 4 45: 1434, 10, 0
1 4 46: 1434, 10, 0
1 4 47: 1434, 10, 0
1 4 48: 1434, 10, 0
1 4 49: 1434, 10, 0
1 4 50: 1434, 10, 0
1 4 51: 1434, 10, 0
1 4 52: 1434, 10, 0
1 4 53: 1434, 10, 0
1 4 54: 1434, 10, 0
1 4 55: 1434, 10, 0
1 4 56: 1434, 10, 0
1 4 57: 1434, 10, 0
1 4 58: 1434, 10, 0
1 4 59: 1434, 10, 0
1 4 60: 1434, 10, 0
1 4 61: 1434, 10, 0
1 4 62: 1434, 10, 0
1 4 63: 1434, 10, 0
1 5 18: 1434, 10, 0
1 5 19: 1434, 10, 0
1 5 20: 1434, 10, 0
1 5 21: 1428, 1, 1
1 5 22: 1428, 9, 1
1 5 26: 1428, 9, 2
1 5 27: 1428, 0, 2
1 5 28: 1428, 0, 2
1 5 29: 1428, 0, 2
1 5 30: 1428, 9, 1
1 5 38: 1428, 0, 3
1 5 39: 1434, 10, 0
1 5 40: 1434, 10, 0
1 5 41: 1434, 10, 0
1 5 42: 1434, 10, 0
1 5 43: 1434, 10, 0
1 5 44: 1434, 10, 0
1 5 45: 1434, 10, 0
1 5 46: 1434, 10, 0
1 5 47: 1434, 10, 0
1 5 48: 1434, 10, 0
1 5 49: 1434, 10, 0
1 5 50: 1434, 10, 0
1 5 51: 1434, 10, 0
1 5 52: 1434, 10, 0
1 5 53: 1434, 10, 0
1 5 54: 1434, 10, 0
1 5 55: 1434, 10, 0
1 5 56: 1434, 10, 0
1 5 57: 1434, 10, 0
1 5 58: 1434, 10, 0
1 5 59: 1434, 10, 0
1 5 60: 1434, 10, 0
1 5 61: 1434, 10, 0
1 5 62: 1434, 10, 0
1 5 63: 1434, 10, 0
1 6 17: 1434, 10, 0
1 6 18: 1434, 10, 0
1 6 19: 1434, 10, 0
1 6 20: 1434, 10, 0
1 6 21: 1428, 0, 1
1 6 38: 1428, 9, 2
1 6 39: 1428, 0, 2
1 6 40: 1428, 0, 2
1 6 41: 1428, 1, 2
1 6 42: 1434, 10, 0
1 6 43: 1434, 10, 0
1 6 44: 1434, 10, 0
1 6 45: 1434, 10, 0
1 6 46: 1434, 10, 0
1 6 47: 1434, 10, 0
1 6 48: 1434, 10, 0
1 6 49: 1434, 10, 0
1 6 50: 1434, 10, 0
1 6 51: 1434, 10, 0
1 6 52: 1434, 10, 0
1 6 53: 1434, 10, 0
1 6 54: 1434, 10, 0
1 6 55: 1434, 10, 0
1 6 56: 1434, 10, 0
1 6 57: 1434, 10, 0
1 6 58: 1434, 10, 0
1 6 59: 1434, 10, 0
1 6 60: 1434, 10, 0
1 6 61: 1434, 10, 0
1 6 62: 1434, 10, 0
1 6 63: 1434, 10, 0
1 7 16: 1434, 10, 0
1 7 17: 1434, 10, 0
1 7 18: 1434, 10, 0
1 7 19: 1434, 10, 0
1 7 20: 1428, 1, 1
1 7 21: 1428, 9, 1
1 7 41: 1428, 9, 2
1 7 42: 1428, 1, 2
1 7 43: 1434, 10, 0
1 7 44: 1434, 10, 0
1 7 45: 1434, 10, 0
1 7 46: 1434, 10, 0
1 7 47: 1434, 10, 0
1 7 48: 1434, 10, 0
1 7 49: 1434, 10, 0
1 7 50: 1434, 10, 0
1 7 51: 1434, 10, 0
1 7 52: 1434, 10, 0
1 7 53: 1434, 10, 0
1 7 54: 1434, 10, 0
1 7 55: 1434, 10, 0
1 7 56: 1434, 10, 0
1 7 57: 1434, 10, 0
1 7 58: 1434, 10, 0
1 7 59: 1434, 10, 0
1 7 60: 1434, 10, 0
1 7 61: 1434, 10, 0
1 7 62: 1434, 10, 0
1 7 63: 1434, 10, 0
1 8 14: 1434, 10, 0
1 8 15: 1434, 10, 0
1 8 16: 1434, 10, 0
1 8 17: 1434, 10, 0
1 8 18: 1434, 10, 0
1 8 19: 1428, 1, 1
1 8 20: 1428, 9, 1
1 8 42: 1428, 9, 2
1 8 43: 1428, 0, 2
1 8 44: 1428, 0, 2
1 8 45: 1428, 0, 2
1 8 46: 1428, 1, 2
1 8 47: 1434, 10, 0
1 8 48: 1434, 10, 0
1 8 49: 1434, 10, 0
1 8 50: 1434, 10, 0
1 8 51: 1434, 10, 0
1 8 52: 1434, 10, 0
1 8 53: 1434, 10, 0
1 8 54: 1434, 10, 0
1 8 55: 1434, 10, 0
1 8 56: 1434, 10, 0
1 8 57: 1434, 10, 0
1 8 58: 1434, 10, 0
1 8 59: 1434, 10, 0
1 8 60: 1434, 10, 0
1 8 61: 1434, 10, 0
1 8 62: 1434, 10, 0
1 8 63: 1434, 10, 0
1 9 13: 1434, 10, 0
1 9 14: 1434, 10, 0
1 9 15: 1434, 10, 0
1 9 16: 1434, 10, 0
1 9 17: 1434, 10, 0
1 9 18: 1434, 10, 0
1 9 19: 1428, 0, 1
1 9 46: 1428, 9, 2
1 9 47: 1428, 1, 2
1 9 48: 1434, 10, 0
1 9 49: 1434, 10, 0
1 9 50: 1434, 10, 0
1 9 51: 1434, 10, 0
1 9 52: 1434, 10, 0
1 9 53: 1434, 10, 0
1 9 54: 1434, 10, 0
1 9 55: 1434, 10, 0
1 9 56: 1434, 10, 0
1 9 57: 1434, 10, 0
1 9 58: 1434, 10, 0
1 9 59: 1434, 10, 0
1 9 60: 1434, 10, 0
1 9 61: 1434, 10, 0
1 9 62: 1434, 10, 0
1 9 63: 1434, 10, 0
1 10 11: 1434, 10, 0
1 10 12: 1434, 10, 0
1 10 13: 1434, 10, 0
1 10 14: 1434, 10, 0
1 10 15: 1434, 10, 0
1 10 16: 1434, 10, 0
1 10 17: 1434, 10, 0
1 10 18: 1434, 10, 0
1 10 19: 1428, 0, 1
1 10 47: 1428, 0, 3
1 10 48: 1434, 10, 0
1 10 49: 1434, 10, 0
1 10 50: 1434, 10, 0
1 10 51: 1434, 10, 0
1 10 52: 1434, 10, 0
1 10 53: 1434, 10, 0
1 10 54: 1434, 10, 0
1 10 55: 1434, 10, 0
1 10 56: 1434, 10, 0
1 10 57: 1434, 10, 0
1 10 58: 1434, 10, 0
1 10 59: 1434, 10, 0
1 10 60: 1434, 10, 0
1 10 61: 1434, 10, 0
1 10 62: 1434, 10, 0
1 10 63: 1434, 10, 0
1 11 9: 1434, 10, 0
1 11 10: 1434, 10, 0
1 11 11: 1434, 10, 0
1 11 12: 1434, 10, 0
1 11 13: 1434, 10, 0
1 11 14: 1434, 10, 0
1 11 15: 1434, 10, 0
1 11 16: 1434, 10, 0
1 11 17: 1434, 10, 0
1 11 18: 1428, 1, 1
1 11 19: 1428, 9, 1
1 11 47: 1428, 9, 2
1 11 48: 1428, 1, 2
1 11 49: 1434, 10, 0
1 11 50: 1434, 10, 0
1 11 51: 1434, 10, 0
1 11 52: 1434, 10, 0
1 11 53: 1434, 10, 0
1 11 54: 1434, 10, 0
1 11 55: 1434, 10, 0
1 11 56: 1434, 10, 0
1 11 57: 1434, 10, 0
1 11 58: 1434, 10, 0
1 11 59: 1434, 10, 0
1 11 60: 1434, 10, 0
1 11 61: 1434, 10, 0
1 11 62: 1434, 10, 0
1 11 63: 1434, 10, 0
1 12 8: 1434, 10, 0
1 12 10: 1434, 10, 0
1 12 11: 1434, 10, 0
1 12 12: 1434, 10, 0
1 12 13: 1434, 10, 0
1 12 14: 1434, 10, 0
1 12 15: 1434, 10, 0
1 12 16: 1434, 10, 0
1 12 17: 1428, 1, 1
1 12 18: 1428, 9, 1
1 12 48: 1428, 9, 2
1 12 49: 1428, 0, 2
1 12 50: 1428, 0, 2
1 12 51: 1428, 0, 2
1 12 52: 1428, 1, 2
1 12 53: 1434, 10, 0
1 12 54: 1434, 10, 0
1 12 55: 1434, 10, 0
1 12 56: 1434, 10, 0
1 12 57: 1434, 10, 0
1 12 58: 1434, 10, 0
1 12 59: 1434, 10, 0
1 12 60: 1434, 10, 0
1 12 61: 1434, 10, 0
1 12 62: 1434, 10, 0
1 12 63: 1434, 10, 0
1 13 4: 1434, 10, 0
1 13 5: 1434, 10, 0
1 13 6: 1434, 10, 0
1 13 7: 1434, 10, 0
1 13 8: 1434, 10, 0
1 13 9: 1434, 10, 0
1 13 10: 1434, 10, 0
1 13 11: 1434, 10, 0
1 13 12: 1434, 10, 0
1 13 13: 1434, 10, 0
1 13 14: 1434, 10, 0
1 13 15: 1434, 10, 0
1 13 16: 1434, 10, 0
1 13 17: 1428, 0, 1
1 13 52: 1428, 9, 2
1 13 53: 1428, 1, 2
1 13 54: 1434, 10, 0
1 13 55: 1434, 10, 0
1 13 56: 1434, 10, 0
1 13 57: 1434, 10, 0
1 13 58: 1434, 10, 0
1 13 59: 1434, 10, 0
1 13 60: 1434, 10, 0
1 13 61: 1434, 10, 0
1 13 62: 1434, 10, 0
1 13 63: 1434, 10, 0
1 14 0: 1434, 10, 0
1 14 1: 1434, 10, 0
1 14 2: 1434, 10, 0
1 14 3: 1434, 10, 0
1 14 4: 1434, 10, 0
1 14 5: 1434, 10, 0
1 14 6: 1434, 10, 0
1 14 7: 1434, 10, 0
1 14 8: 1434, 10, 0
1 14 9: 1434, 10, 0
1 14 10: 1434, 10, 0
1 14 11: 1434, 10, 0
1 14 12: 1434, 10, 0
1 14 13: 1434, 10, 0
1 14 14: 1434, 10, 0
1 14 15: 1434, 10, 0
1 14 16: 1428, 1, 1
1 14 17: 1428, 9, 1
1 14 53: 1428, 9, 2
1 14 54: 1428, 0, 2
1 14 55: 1428, 0, 2
1 14 56: 1428, 0, 2
1 14 57: 1428, 0, 2
1 14 58: 1428, 1, 2
1 14 59: 1434, 10, 0
1 14 60: 1434, 10, 0
1 14 61: 1434, 10, 0
1 14 62: 1434, 10, 0
1 14 63: 1434, 10, 0
1 15 0: 1434, 10, 0
1 15 1: 1434, 10, 0
1 15 2: 1434, 10, 0
1 15 3: 1434, 10, 0
1 15 4: 1434, 10, 0
1 15 5: 1434, 10, 0
1 15 6: 1434, 10, 0
1 15 7: 1434, 10, 0
1 15 8: 1434, 10, 0
1 15 9: 1434, 10, 0
1 15 10: 1434, 10, 0
1 15 11: 1434, 10, 0
1 15 12: 1434, 10, 0
1 15 13: 1434, 10, 0
1 15 14: 1434, 10, 0
1 15 15: 1434, 10, 0
1 15 16: 1428, 0, 1
1 15 58: 1428, 9, 2
1 15 59: 1428, 1, 2
1 15 60: 1434, 10, 0
1 15 61: 1434, 10, 0
1 15 62: 1434, 10, 0
1 15 63: 1434, 10, 0
1 16 0: 1434, 10, 0
1 16 1: 1434, 10, 0
1 16 2: 1434, 10, 0
1 16 3: 1434, 10, 0
1 16 4: 1434, 10, 0
1 16 5: 1434, 10, 0
1 16 6: 1434, 10, 0
1 16 7: 1434, 10, 0
1 16 8: 1434, 10, 0
1 16 9: 1434, 10, 0
1 16 10: 1434, 10, 0
1 16 11: 1434, 10, 0
1 16 12: 1434, 10, 0
1 16 13: 1434, 10, 0
1 16 14: 1434, 10, 0
1 16 15: 1434, 10, 0
1 16 16: 1428, 0, 1
1 16 59: 1428, 9, 2
1 16 60: 1428, 1, 2
1 16 61: 1434, 10, 0
1 16 62: 1434, 10, 0
1 16 63: 1434, 10, 0
1 17 0: 1434, 10, 0
1 17 1: 1434, 10, 0
1 17 2: 1434, 10, 0
1 17 3: 1434, 10, 0
1 17 4: 1434, 10, 0
1 17 5: 1434, 10, 0
1 17 6: 1434, 10, 0
1 17 7: 1434, 10, 0
1 17 8: 1434, 10, 0
1 17 9: 1434, 10, 0
1 17 10: 1434, 10, 0
1 17 11: 1434, 10, 0
1 17 12: 1434, 10, 0
1 17 13: 1434, 10, 0
1 17 14: 1434, 10, 0
1 17 15: 1434, 10, 0
1 17 16: 1428, 0, 1
1 17 60: 1428, 9, 2
1 17 61: 1428, 1, 2
1 17 62: 1434, 10, 0
1 17 63: 1434, 10, 0
1 18 0: 1434, 10, 0
1 18 1: 1434, 10, 0
1 18 2: 1434, 10, 0
1 18 3: 1434, 10, 0
1 18 4: 1434, 10, 0
1 18 5: 1434, 10, 0
1 18 6: 1434, 10, 0
1 18 7: 1434, 10, 0
1 18 8: 1434, 10, 0
1 18 9: 1434, 10, 0
1 18 10: 1434, 10, 0
1 18 11: 1434, 10, 0
1 18 12: 1434, 10, 0
1 18 13: 1434, 10, 0
1 18 14: 1434, 10, 0
1 18 15: 1428, 1, 1
1 18 16: 1428, 9, 1
1 18 60: 1454, 4, 1
1 18 61: 1428, 0, 3
1 18 62: 1434, 10, 0
1 18 63: 1434, 10, 0
1 19 0: 1434, 10, 0
1 19 1: 1434, 10, 0
1 19 2: 1434, 10, 0
1 19 3: 1434, 10, 0
1 19 4: 1434, 10, 0
1 19 5: 1434, 10, 0
1 19 6: 1434, 10, 0
1 19 7: 1434, 10, 0
1 19 8: 1434, 10, 0
1 19 9: 1434, 10, 0
1 19 10: 1434, 10, 0
1 19 11: 1434, 10, 0
1 19 12: 1434, 10, 0
1 19 13: 1434, 10, 0
1 19 14: 1428, 1, 1
1 19 15: 1428, 9, 1
1 19 60: 1452, 4, 1
1 19 61: 1428, 0, 3
1 19 62: 1434, 10, 0
1 19 63: 1434, 10, 0
1 20 0: 1434, 10, 0
1 20 1: 1434, 10, 0
1 20 2: 1434, 10, 0
1 20 3: 1434, 10, 0
1 20 4: 1434, 10, 0
1 20 5: 1434, 10, 0
1 20 6: 1434, 10, 0
1 20 7: 1434, 10, 0
1 20 8: 1434, 10, 0
1 20 9: 1434, 10, 0
1 20 10: 1434, 10, 0
1 20 11: 1434, 10, 0
1 20 12: 1434, 10, 0
1 20 13: 1434, 10, 0
1 20 14: 1428, 0, 1
1 20 61: 1428, 9, 2
1 20 62: 1428, 1, 2
1 20 63: 1434, 10, 0
1 21 0: 1434, 10, 0
1 21 1: 1434, 10, 0
1 21 2: 1434, 10, 0
1 21 3: 1434, 10, 0
1 21 4: 1434, 10, 0
1 21 5: 1434, 10, 0
1 21 6: 1434, 10, 0
1 21 7: 1434, 10, 0
1 21 8: 1434, 10, 0
1 21 9: 1434, 10, 0
1 21 10: 1434, 10, 0
1 21 11: 1434, 10, 0
1 21 12: 1434, 10, 0
1 21 13: 1434, 10, 0
1 21 14: 1428, 0, 1
1 21 61: 1455, 4, 1
1 21 62: 1428, 0, 3
1 21 63: 1434, 10, 0
1 22 0: 1434, 10, 0
1 22 1: 1434, 10, 0
1 22 2: 1434, 10, 0
1 22 3: 1434, 10, 0
1 22 4: 1434, 10, 0
1 22 5: 1434, 10, 0
1 22 6: 1434, 10, 0
1 22 7: 1434, 10, 0
1 22 8: 1434, 10, 0
1 22 9: 1434, 10, 0
1 22 10: 1434, 10, 0
1 22 11: 1434, 10, 0
1 22 12: 1434, 10, 0
1 22 13: 1428, 1, 1
1 22 14: 1428, 9, 1
1 22 61: 1454, 4, 1
1 22 62: 1428, 0, 3
1 22 63: 1434, 10, 0
1 23 0: 1434, 10, 0
1 23 1: 1434, 10, 0
1 23 2: 1434, 10, 0
1 23 3: 1434, 10, 0
1 23 4: 1434, 10, 0
1 23 5: 1434, 10, 0
1 23 6: 1434, 10, 0
1 23 7: 1434, 10, 0
1 23 8: 1434, 10, 0
1 23 9: 1434, 10, 0
1 23 10: 1434, 10, 0
1 23 11: 1434, 10, 0
1 23 12: 1434, 10, 0
1 23 13: 1428, 0, 1
1 23 61: 1452, 4, 1
1 23 62: 1428, 0, 3
1 23 63: 1434, 10, 0
1 24 0: 1434, 10, 0
1 24 1: 1434, 10, 0
1 24 2: 1434, 10, 0
1 24 3: 1434, 10, 0
1 24 4: 1434, 10, 0
1 24 5: 1434, 10, 0
1 24 6: 1434, 10, 0
1 24 7: 1434, 10, 0
1 24 8: 1434, 10, 0
1 24 9: 1434, 10, 0
1 24 10: 1434, 10, 0
1 24 11: 1434, 10, 0
1 24 12: 1434, 10, 0
1 24 13: 1428, 0, 1
1 24 61: 1454, 4, 1
1 24 62: 1428, 0, 3
1 24 63: 1434, 10, 0
1 25 0: 1434, 10, 0
1 25 1: 1434, 10, 0
1 25 2: 1434, 10, 0
1 25 3: 1428, 1, 1
1 25 4: 1428, 0, 2
1 25 5: 1428, 0, 2
1 25 6: 1428, 0, 2
1 25 7: 1428, 0, 2
1 25 8: 1428, 0, 2
1 25 9: 1428, 0, 2
1 25 10: 1428, 0, 2
1 25 11: 1428, 0, 2
1 25 12: 1428, 0, 2
1 25 13: 1428, 9, 1
1 25 61: 1452, 4, 1
1 25 62: 1428, 0, 3
1 25 63: 1434, 10, 0
1 26 0: 1434, 10, 0
1 26 1: 1434, 10, 0
1 26 2: 1428, 1, 1
1 26 3: 1428, 9, 1
1 26 61: 1428, 9, 3
1 26 62: 1428, 1, 3
1 26 63: 1434, 10, 0
1 27 0: 1428, 0, 2
1 27 1: 1428, 0, 2
1 27 2: 1428, 9, 1
1 27 60: 1452, 4, 1
1 27 61: 1428, 0, 3
1 27 62: 1434, 10, 0
1 27 63: 1434, 10, 0
1 28 0: 1559, 10, 3
1 28 60: 1454, 4, 1
1 28 61: 1428, 0, 3
1 28 62: 1434, 10, 0
1 28 63: 1434, 10, 0
1 29 60: 1428, 9, 3
1 29 60: 1452, 7, 3
1 29 61: 1428, 1, 3
1 29 62: 1434, 10, 0
1 29 63: 1434, 10, 0
1 30 0: 1428, 0, 0
1 30 1: 1428, 0, 0
1 30 2: 1428, 9, 0
1 30 59: 1452, 4, 1
1 30 60: 1428, 0, 3
1 30 61: 1434, 10, 0
1 30 62: 1434, 10, 0
1 30 63: 1434, 10, 0
1 31 0: 1434, 10, 0
1 31 1: 1434, 10, 0
1 31 2: 1428, 1, 0
1 31 3: 1428, 9, 0
1 31 6: 1454, 4, 2
1 31 7: 1454, 4, 2
1 31 11: 1454, 4, 2
1 31 12: 1454, 4, 2
1 31 59: 1455, 4, 1
1 31 60: 1428, 0, 3
1 31 61: 1434, 10, 0
1 31 62: 1434, 10, 0
1 31 63: 1434, 10, 0
1 32 0: 1434, 10, 0
1 32 1: 1434, 10, 0
1 32 2: 1434, 10, 0
1 32 3: 1428, 1, 0
1 32 4: 1428, 0, 0
1 32 5: 1428, 0, 0
1 32 6: 1428, 0, 0
1 32 7: 1428, 0, 0
1 32 8: 1428, 0, 0
1 32 9: 1428, 0, 0
1 32 10: 1428, 0, 0
1 32 11: 1428, 0, 0
1 32 12: 1428, 0, 0
1 32 13: 1428, 0, 0
1 32 14: 1428, 0, 0
1 32 15: 1428, 9, 0
1 32 59: 1454, 4, 1
1 32 60: 1428, 0, 3
1 32 61: 1434, 10, 0
1 32 62: 1434, 10, 0
1 32 63: 1434, 10, 0
1 33 0: 1434, 10, 0
1 33 1: 1434, 10, 0
1 33 2: 1434, 10, 0
1 33 3: 1434, 10, 0
1 33 4: 1434, 10, 0
1 33 5: 1434, 10, 0
1 33 6: 1434, 10, 0
1 33 7: 1434, 10, 0
1 33 8: 1434, 10, 0
1 33 9: 1434, 10, 0
1 33 10: 1434, 10, 0
1 33 11: 1434, 10, 0
1 33 12: 1434, 10, 0
1 33 13: 1434, 10, 0
1 33 14: 1434, 10, 0
1 33 15: 1428, 1, 0
1 33 16: 1428, 9, 0
1 33 59: 1454, 4, 1
1 33 60: 1428, 0, 3
1 33 61: 1434, 10, 0
1 33 62: 1434, 10, 0
1 33 63: 1434, 10, 0
1 34 0: 1434, 10, 0
1 34 1: 1434, 10, 0
1 34 2: 1434, 10, 0
1 34 3: 1434, 10, 0
1 34 4: 1434, 10, 0
1 34 5: 1434, 10, 0
1 34 6: 1434, 10, 0
1 34 7: 1434, 10, 0
1 34 8: 1434, 10, 0
1 34 9: 1434, 10, 0
1 34 10: 1434, 10, 0
1 34 11: 1434, 10, 0
1 34 12: 1434, 10, 0
1 34 13: 1434, 10, 0
1 34 14: 1434, 10, 0
1 34 15: 1434, 10, 0
1 34 16: 1428, 1, 0
1 34 17: 1428, 9, 0
1 34 59: 1454, 4, 1
1 34 60: 1428, 0, 3
1 34 61: 1434, 10, 0
1 34 62: 1434, 10, 0
1 34 63: 1434, 10, 0
1 35 0: 1434, 10, 0
1 35 1: 1434, 10, 0
1 35 2: 1434, 10, 0
1 35 3: 1434, 10, 0
1 35 4: 1434, 10, 0
1 35 5: 1434, 10, 0
1 35 6: 1434, 10, 0
1 35 7: 1434, 10, 0
1 35 8: 1434, 10, 0
1 35 9: 1434, 10, 0
1 35 10: 1434, 10, 0
1 35 11: 1434, 10, 0
1 35 12: 1434, 10, 0
1 35 13: 1434, 10, 0
1 35 14: 1434, 10, 0
1 35 15: 1434, 10, 0
1 35 16: 1434, 10, 0
1 35 17: 1428, 1, 0
1 35 18: 1428, 9, 0
1 35 59: 1428, 9, 3
1 35 59: 1454, 7, 3
1 35 60: 1428, 1, 3
1 35 61: 1434, 10, 0
1 35 62: 1434, 10, 0
1 35 63: 1434, 10, 0
1 36 0: 1434, 10, 0
1 36 1: 1434, 10, 0
1 36 2: 1434, 10, 0
1 36 3: 1434, 10, 0
1 36 4: 1434, 10, 0
1 36 5: 1434, 10, 0
1 36 6: 1434, 10, 0
1 36 7: 1434, 10, 0
1 36 8: 1434, 10, 0
1 36 9: 1434, 10, 0
1 36 10: 1434, 10, 0
1 36 11: 1434, 10, 0
1 36 12: 1434, 10, 0
1 36 13: 1434, 10, 0
1 36 14: 1434, 10, 0
1 36 15: 1434, 10, 0
1 36 16: 1434, 10, 0
1 36 17: 1428, 1, 1
1 36 18: 1428, 9, 1
1 36 58: 1455, 4, 1
1 36 59: 1428, 0, 3
1 36 60: 1434, 10, 0
1 36 61: 1434, 10, 0
1 36 62: 1434, 10, 0
1 36 63: 1434, 10, 0
1 37 0: 1434, 10, 0
1 37 1: 1434, 10, 0
1 37 2: 1434, 10, 0
1 37 3: 1434, 10, 0
1 37 4: 1434, 10, 0
1 37 5: 1434, 10, 0
1 37 6: 1434, 10, 0
1 37 7: 1434, 10, 0
1 37 8: 1434, 10, 0
1 37 9: 1434, 10, 0
1 37 10: 1434, 10, 0
1 37 11: 1434, 10, 0
1 37 12: 1434, 10, 0
1 37 13: 1434, 10, 0
1 37 14: 1434, 10, 0
1 37 15: 1434, 10, 0
1 37 16: 1434, 10, 0
1 37 17: 1428, 0, 1
1 37 59: 1428, 9, 2
1 37 60: 1428, 0, 2
1 37 61: 1428, 0, 2
1 37 62: 1428, 1, 2
1 37 63: 1434, 10, 0
1 38 0: 1434, 10, 0
1 38 1: 1434, 10, 0
1 38 2: 1434, 10, 0
1 38 3: 1434, 10, 0
1 38 4: 1434, 10, 0
1 38 5: 1434, 10, 0
1 38 6: 1434, 10, 0
1 38 7: 1434, 10, 0
1 38 8: 1434, 10, 0
1 38 9: 1434, 10, 0
1 38 10: 1434, 10, 0
1 38 11: 1434, 10, 0
1 38 12: 1434, 10, 0
1 38 13: 1434, 10, 0
1 38 14: 1434, 10, 0
1 38 15: 1434, 10, 0
1 38 16: 1434, 10, 0
1 38 17: 1428, 1, 0
1 38 18: 1428, 9, 0
1 38 61: 1455, 4, 1
1 38 62: 1428, 0, 3
1 38 63: 1434, 10, 0
1 39 0: 1434, 10, 0
1 39 1: 1434, 10, 0
1 39 2: 1434, 10, 0
1 39 3: 1434, 10, 0
1 39 4: 1434, 10, 0
1 39 5: 1434, 10, 0
1 39 6: 1434, 10, 0
1 39 7: 1434, 10, 0
1 39 8: 1434, 10, 0
1 39 9: 1434, 10, 0
1 39 10: 1434, 10, 0
1 39 11: 1434, 10, 0
1 39 12: 1434, 10, 0
1 39 13: 1434, 10, 0
1 39 14: 1434, 10, 0
1 39 15: 1434, 10, 0
1 39 16: 1434, 10, 0
1 39 17: 1434, 10, 0
1 39 18: 1428, 1, 0
1 39 19: 1428, 9, 0
1 39 21: 1455, 4, 2
1 39 61: 1454, 4, 1
1 39 62: 1428, 0, 3
1 39 63: 1434, 10, 0
1 40 0: 1434, 10, 0
1 40 1: 1434, 10, 0
1 40 2: 1434, 10, 0
1 40 3: 1434, 10, 0
1 40 4: 1434, 10, 0
1 40 5: 1434, 10, 0
1 40 6: 1434, 10, 0
1 40 7: 1434, 10, 0
1 40 8: 1434, 10, 0
1 40 9: 1434, 10, 0
1 40 10: 1434, 10, 0
1 40 11: 1434, 10, 0
1 40 12: 1434, 10, 0
1 40 13: 1434, 10, 0
1 40 14: 1434, 10, 0
1 40 15: 1434, 10, 0
1 40 16: 1434, 10, 0
1 40 17: 1434, 10, 0
1 40 18: 1434, 10, 0
1 40 19: 1428, 1, 0
1 40 20: 1428, 0, 0
1 40 21: 1428, 0, 0
1 40 22: 1428, 9, 0
1 40 61: 1455, 4, 1
1 40 62: 1428, 0, 3
1 40 63: 1434, 10, 0
1 41 0: 1434, 10, 0
1 41 1: 1434, 10, 0
1 41 2: 1434, 10, 0
1 41 3: 1434, 10, 0
1 41 4: 1434, 10, 0
1 41 5: 1434, 10, 0
1 41 6: 1434, 10, 0
1 41 7: 1434, 10, 0
1 41 8: 1434, 10, 0
1 41 9: 1434, 10, 0
1 41 10: 1434, 10, 0
1 41 11: 1434, 10, 0
1 41 12: 1434, 10, 0
1 41 13: 1434, 10, 0
1 41 14: 1434, 10, 0
1 41 15: 1434, 10, 0
1 41 16: 1434, 10, 0
1 41 17: 1434, 10, 0
1 41 18: 1434, 10, 0
1 41 19: 1434, 10, 0
1 41 20: 1434, 10, 0
1 41 21: 1434, 10, 0
1 41 22: 1428, 0, 1
1 41 61: 1428, 9, 3
1 41 61: 1453, 7, 3
1 41 62: 1428, 1, 3
1 41 63: 1434, 10, 0
1 42 0: 1434, 10, 0
1 42 1: 1434, 10, 0
1 42 2: 1434, 10, 0
1 42 3: 1434, 10, 0
1 42 4: 1434, 10, 0
1 42 5: 1434, 10, 0
1 42 6: 1434, 10, 0
1 42 7: 1434, 10, 0
1 42 8: 1434, 10, 0
1 42 9: 1434, 10, 0
1 42 10: 1434, 10, 0
1 42 11: 1434, 10, 0
1 42 12: 1434, 10, 0
1 42 13: 1434, 10, 0
1 42 14: 1434, 10, 0
1 42 15: 1434, 10, 0
1 42 16: 1434, 10, 0
1 42 17: 1434, 10, 0
1 42 18: 1434, 10, 0
1 42 19: 1434, 10, 0
1 42 20: 1434, 10, 0
1 42 21: 1434, 10, 0
1 42 22: 1428, 0, 1
1 42 59: 1428, 9, 3
1 42 59: 1452, 7, 3
1 42 60: 1428, 0, 0
1 42 61: 1428, 1, 3
1 42 62: 1434, 10, 0
1 42 63: 1434, 10, 0
1 43 0: 1434, 10, 0
1 43 1: 1434, 10, 0
1 43 2: 1434, 10, 0
1 43 3: 1434, 10, 0
1 43 4: 1434, 10, 0
1 43 5: 1434, 10, 0
1 43 6: 1434, 10, 0
1 43 7: 1434, 10, 0
1 43 8: 1434, 10, 0
1 43 9: 1434, 10, 0
1 43 10: 1434, 10, 0
1 43 11: 1434, 10, 0
1 43 12: 1434, 10, 0
1 43 13: 1434, 10, 0
1 43 14: 1434, 10, 0
1 43 15: 1434, 10, 0
1 43 16: 1434, 10, 0
1 43 17: 1434, 10, 0
1 43 18: 1434, 10, 0
1 43 19: 1434, 10, 0
1 43 20: 1434, 10, 0
1 43 21: 1434, 10, 0
1 43 22: 1428, 0, 1
1 43 58: 1454, 4, 1
1 43 59: 1428, 0, 3
1 43 60: 1434, 10, 0
1 43 61: 1434, 10, 0
1 43 62: 1434, 10, 0
1 43 63: 1434, 10, 0
1 44 0: 1434, 10, 0
1 44 1: 1434, 10, 0
1 44 2: 1434, 10, 0
1 44 3: 1434, 10, 0
1 44 4: 1434, 10, 0
1 44 5: 1434, 10, 0
1 44 6: 1434, 10, 0
1 44 7: 1434, 10, 0
1 44 8: 1434, 10, 0
1 44 9: 1434, 10, 0
1 44 10: 1434, 10, 0
1 44 11: 1434, 10, 0
1 44 12: 1434, 10, 0
1 44 13: 1434, 10, 0
1 44 14: 1434, 10, 0
1 44 15: 1434, 10, 0
1 44 16: 1434, 10, 0
1 44 17: 1434, 10, 0
1 44 18: 1434, 10, 0
1 44 19: 1434, 10, 0
1 44 20: 1434, 10, 0
1 44 21: 1434, 10, 0
1 44 22: 1428, 0, 1
1 44 58: 1454, 4, 1
1 44 59: 1428, 0, 3
1 44 60: 1434, 10, 0
1 44 61: 1434, 10, 0
1 44 62: 1434, 10, 0
1 44 63: 1434, 10, 0
1 45 0: 1434, 10, 0
1 45 1: 1434, 10, 0
1 45 2: 1434, 10, 0
1 45 3: 1434, 10, 0
1 45 4: 1434, 10, 0
1 45 5: 1434, 10, 0
1 45 6: 1434, 10, 0
1 45 7: 1434, 10, 0
1 45 8: 1434, 10, 0
1 45 9: 1434, 10, 0
1 45 10: 1434, 10, 0
1 45 11: 1434, 10, 0
1 45 12: 1428, 1, 1
1 45 13: 1428, 0, 2
1 45 14: 1428, 0, 2
1 45 15: 1428, 0, 2
1 45 16: 1428, 1, 2
1 45 17: 1434, 10, 0
1 45 18: 1434, 10, 0
1 45 19: 1434, 10, 0
1 45 20: 1434, 10, 0
1 45 21: 1434, 10, 0
1 45 22: 1428, 0, 1
1 45 58: 1455, 4, 1
1 45 59: 1428, 0, 3
1 45 60: 1434, 10, 0
1 45 61: 1434, 10, 0
1 45 62: 1434, 10, 0
1 45 63: 1434, 10, 0
1 46 0: 1434, 10, 0
1 46 1: 1434, 10, 0
1 46 2: 1434, 10, 0
1 46 3: 1434, 10, 0
1 46 4: 1434, 10, 0
1 46 5: 1434, 10, 0
1 46 6: 1434, 10, 0
1 46 7: 1434, 10, 0
1 46 8: 1434, 10, 0
1 46 9: 1428, 1, 1
1 46 10: 1428, 0, 2
1 46 11: 1428, 0, 2
1 46 12: 1428, 9, 1
1 46 16: 1428, 9, 2
1 46 17: 1428, 1, 2
1 46 18: 1434, 10, 0
1 46 19: 1434, 10, 0
1 46 20: 1434, 10, 0
1 46 21: 1428, 1, 1
1 46 22: 1428, 9, 1
1 46 58: 1454, 4, 1
1 46 59: 1428, 0, 3
1 46 60: 1434, 10, 0
1 46 61: 1434, 10, 0
1 46 62: 1434, 10, 0
1 46 63: 1434, 10, 0
1 47 0: 1434, 10, 0
1 47 1: 1434, 10, 0
1 47 2: 1434, 10, 0
1 47 3: 1434, 10, 0
1 47 4: 1434, 10, 0
1 47 5: 1434, 10, 0
1 47 6: 1434, 10, 0
1 47 7: 1434, 10, 0
1 47 8: 1428, 1, 1
1 47 9: 1428, 9, 1
1 47 17: 1428, 9, 2
1 47 18: 1428, 1, 2
1 47 19: 1434, 10, 0
1 47 20: 1434, 10, 0
1 47 21: 1428, 0, 1
1 47 58: 1428, 9, 3
1 47 59: 1428, 1, 3
1 47 60: 1434, 10, 0
1 47 61: 1434, 10, 0
1 47 62: 1434, 10, 0
1 47 63: 1434, 10, 0
1 48 0: 1434, 10, 0
1 48 1: 1434, 10, 0
1 48 2: 1434, 10, 0
1 48 3: 1434, 10, 0
1 48 4: 1434, 10, 0
1 48 5: 1434, 10, 0
1 48 6: 1434, 10, 0
1 48 7: 1428, 1, 1
1 48 8: 1428, 9, 1
1 48 18: 1428, 0, 3
1 48 19: 1434, 10, 0
1 48 20: 1434, 10, 0
1 48 21: 1428, 0, 1
1 48 57: 1452, 4, 1
1 48 58: 1428, 0, 3
1 48 59: 1434, 10, 0
1 48 60: 1434, 10, 0
1 48 61: 1434, 10, 0
1 48 62: 1434, 10, 0
1 48 63: 1434, 10, 0
1 49 0: 1434, 10, 0
1 49 1: 1434, 10, 0
1 49 2: 1434, 10, 0
1 49 3: 1434, 10, 0
1 49 4: 1434, 10, 0
1 49 5: 1434, 10, 0
1 49 6: 1434, 10, 0
1 49 7: 1428, 0, 1
1 49 18: 1428, 0, 3
1 49 19: 1434, 10, 0
1 49 20: 1428, 1, 1
1 49 21: 1428, 9, 1
1 49 57: 1452, 4, 1
1 49 58: 1428, 0, 3
1 49 59: 1434, 10, 0
1 49 60: 1434, 10, 0
1 49 61: 1434, 10, 0
1 49 62: 1434, 10, 0
1 49 63: 1434, 10, 0
1 50 0: 1434, 10, 0
1 50 1: 1434, 10, 0
1 50 2: 1434, 10, 0
1 50 3: 1434, 10, 0
1 50 4: 1434, 10, 0
1 50 5: 1434, 10, 0
1 50 6: 1434, 10, 0
1 50 7: 1428, 0, 1
1 50 18: 1428, 9, 2
1 50 19: 1428, 1, 2
1 50 20: 1428, 0, 1
1 50 57: 1428, 9, 3
1 50 57: 1452, 7, 3
1 50 58: 1428, 1, 3
1 50 59: 1434, 10, 0
1 50 60: 1434, 10, 0
1 50 61: 1434, 10, 0
1 50 62: 1434, 10, 0
1 50 63: 1434, 10, 0
1 51 0: 1434, 10, 0
1 51 1: 1434, 10, 0
1 51 2: 1434, 10, 0
1 51 3: 1434, 10, 0
1 51 4: 1434, 10, 0
1 51 5: 1434, 10, 0
1 51 6: 1428, 1, 1
1 51 7: 1428, 9, 1
1 51 19: 1428, 9, 2
1 51 20: 1428, 9, 1
1 51 56: 1428, 9, 3
1 51 56: 1453, 7, 3
1 51 57: 1428, 1, 3
1 51 58: 1434, 10, 0
1 51 59: 1434, 10, 0
1 51 60: 1434, 10, 0
1 51 61: 1434, 10, 0
1 51 62: 1434, 10, 0
1 51 63: 1434, 10, 0
1 52 0: 1434, 10, 0
1 52 1: 1434, 10, 0
1 52 2: 1434, 10, 0
1 52 3: 1434, 10, 0
1 52 4: 1434, 10, 0
1 52 5: 1434, 10, 0
1 52 6: 1428, 0, 1
1 52 55: 1428, 9, 3
1 52 55: 1452, 7, 3
1 52 56: 1428, 1, 3
1 52 57: 1434, 10, 0
1 52 58: 1434, 10, 0
1 52 59: 1434, 10, 0
1 52 60: 1434, 10, 0
1 52 61: 1434, 10, 0
1 52 62: 1434, 10, 0
1 52 63: 1434, 10, 0
1 53 0: 1434, 10, 0
1 53 1: 1434, 10, 0
1 53 2: 1434, 10, 0
1 53 3: 1434, 10, 0
1 53 4: 1434, 10, 0
1 53 5: 1434, 10, 0
1 53 6: 1428, 0, 1
1 53 54: 1454, 4, 1
1 53 55: 1428, 0, 3
1 53 56: 1434, 10, 0
1 53 57: 1434, 10, 0
1 53 58: 1434, 10, 0
1 53 59: 1434, 10, 0
1 53 60: 1434, 10, 0
1 53 61: 1434, 10, 0
1 53 62: 1434, 10, 0
1 53 63: 1434, 10, 0
1 54 0: 1434, 10, 0
1 54 1: 1434, 10, 0
1 54 2: 1434, 10, 0
1 54 3: 1434, 10, 0
1 54 4: 1434, 10, 0
1 54 5: 1434, 10, 0
1 54 6: 1428, 0, 1
1 54 54: 1428, 9, 3
1 54 55: 1428, 1, 3
1 54 56: 1434, 10, 0
1 54 57: 1434, 10, 0
1 54 58: 1434, 10, 0
1 54 59: 1434, 10, 0
1 54 60: 1434, 10, 0
1 54 61: 1434, 10, 0
1 54 62: 1434, 10, 0
1 54 63: 1434, 10, 0
1 55 0: 1434, 10, 0
1 55 1: 1434, 10, 0
1 55 2: 1434, 10, 0
1 55 3: 1434, 10, 0
1 55 4: 1434, 10, 0
1 55 5: 1434, 10, 0
1 55 6: 1428, 0, 1
1 55 22: 1428, 9, 3
1 55 23: 1428, 9, 0
1 55 24: 1455, 4, 2
1 55 25: 1454, 4, 2
1 55 26: 1455, 4, 2
1 55 53: 1428, 9, 3
1 55 53: 1452, 7, 3
1 55 54: 1428, 1, 3
1 55 55: 1434, 10, 0
1 55 56: 1434, 10, 0
1 55 57: 1434, 10, 0
1 55 58: 1434, 10, 0
1 55 59: 1434, 10, 0
1 55 60: 1434, 10, 0
1 55 61: 1434, 10, 0
1 55 62: 1434, 10, 0
1 55 63: 1434, 10, 0
1 56 0: 1434, 10, 0
1 56 1: 1434, 10, 0
1 56 2: 1434, 10, 0
1 56 3: 1434, 10, 0
1 56 4: 1434, 10, 0
1 56 5: 1434, 10, 0
1 56 6: 1428, 0, 1
1 56 21: 1454, 4, 1
1 56 22: 1428, 0, 3
1 56 23: 1428, 1, 0
1 56 24: 1428, 0, 0
1 56 25: 1428, 0, 0
1 56 26: 1428, 0, 0
1 56 27: 1428, 9, 0
1 56 52: 1452, 4, 1
1 56 53: 1428, 0, 3
1 56 54: 1434, 10, 0
1 56 55: 1434, 10, 0
1 56 56: 1434, 10, 0
1 56 57: 1434, 10, 0
1 56 58: 1434, 10, 0
1 56 59: 1434, 10, 0
1 56 60: 1434, 10, 0
1 56 61: 1434, 10, 0
1 56 62: 1434, 10, 0
1 56 63: 1434, 10, 0
1 57 0: 1434, 10, 0
1 57 1: 1434, 10, 0
1 57 2: 1434, 10, 0
1 57 3: 1434, 10, 0
1 57 4: 1434, 10, 0
1 57 5: 1434, 10, 0
1 57 6: 1428, 0, 1
1 57 21: 1452, 4, 1
1 57 22: 1428, 0, 3
1 57 23: 1434, 10, 0
1 57 24: 1434, 10, 0
1 57 25: 1434, 10, 0
1 57 26: 1434, 10, 0
1 57 27: 1428, 1, 0
1 57 28: 1428, 9, 0
1 57 52: 1428, 9, 3
1 57 52: 1454, 7, 3
1 57 53: 1428, 1, 3
1 57 54: 1434, 10, 0
1 57 55: 1434, 10, 0
1 57 56: 1434, 10, 0
1 57 57: 1434, 10, 0
1 57 58: 1434, 10, 0
1 57 59: 1434, 10, 0
1 57 60: 1434, 10, 0
1 57 61: 1434, 10, 0
1 57 62: 1434, 10, 0
1 57 63: 1434, 10, 0
1 58 0: 1434, 10, 0
1 58 1: 1434, 10, 0
1 58 2: 1434, 10, 0
1 58 3: 1434, 10, 0
1 58 4: 1434, 10, 0
1 58 5: 1434, 10, 0
1 58 6: 1428, 1, 0
1 58 7: 1428, 9, 0
1 58 21: 1454, 4, 1
1 58 22: 1428, 0, 3
1 58 23: 1434, 10, 0
1 58 24: 1434, 10, 0
1 58 25: 1434, 10, 0
1 58 26: 1434, 10, 0
1 58 27: 1434, 10, 0
1 58 28: 1428, 1, 0
1 58 29: 1428, 9, 0
1 58 30: 1455, 4, 2
1 58 31: 1453, 4, 2
1 58 32: 1454, 4, 2
1 58 33: 1428, 9, 3
1 58 34: 1428, 0, 0
1 58 35: 1428, 0, 0
1 58 36: 1428, 9, 0
1 58 37: 1455, 4, 2
1 58 38: 1453, 4, 2
1 58 39: 1455, 4, 2
1 58 51: 1428, 9, 3
1 58 51: 1452, 7, 3
1 58 52: 1428, 1, 3
1 58 53: 1434, 10, 0
1 58 54: 1434, 10, 0
1 58 55: 1434, 10, 0
1 58 56: 1434, 10, 0
1 58 57: 1434, 10, 0
1 58 58: 1434, 10, 0
1 58 59: 1434, 10, 0
1 58 60: 1434, 10, 0
1 58 61: 1434, 10, 0
1 58 62: 1434, 10, 0
1 58 63: 1434, 10, 0
1 59 0: 1434, 10, 0
1 59 1: 1434, 10, 0
1 59 2: 1434, 10, 0
1 59 3: 1434, 10, 0
1 59 4: 1434, 10, 0
1 59 5: 1434, 10, 0
1 59 6: 1434, 10, 0
1 59 7: 1428, 1, 0
1 59 8: 1428, 9, 0
1 59 21: 1454, 4, 1
1 59 22: 1428, 0, 3
1 59 23: 1434, 10, 0
1 59 24: 1434, 10, 0
1 59 25: 1434, 10, 0
1 59 26: 1434, 10, 0
1 59 27: 1434, 10, 0
1 59 28: 1434, 10, 0
1 59 29: 1428, 1, 0
1 59 30: 1428, 0, 0
1 59 31: 1428, 0, 0
1 59 32: 1428, 0, 0
1 59 33: 1428, 1, 3
1 59 34: 1434, 10, 0
1 59 35: 1434, 10, 0
1 59 36: 1428, 1, 0
1 59 37: 1428, 0, 0
1 59 38: 1428, 0, 0
1 59 39: 1428, 0, 0
1 59 40: 1428, 9, 0
1 59 41: 1454, 4, 2
1 59 42: 1454, 4, 2
1 59 50: 1428, 9, 3
1 59 50: 1454, 7, 3
1 59 51: 1428, 1, 3
1 59 52: 1434, 10, 0
1 59 53: 1434, 10, 0
1 59 54: 1434, 10, 0
1 59 55: 1434, 10, 0
1 59 56: 1434, 10, 0
1 59 57: 1434, 10, 0
1 59 58: 1434, 10, 0
1 59 59: 1434, 10, 0
1 59 60: 1434, 10, 0
1 59 61: 1434, 10, 0
1 59 62: 1434, 10, 0
1 59 63: 1434, 10, 0
1 60 0: 1434, 10, 0
1 60 1: 1434, 10, 0
1 60 2: 1434, 10, 0
1 60 3: 1434, 10, 0
1 60 4: 1434, 10, 0
1 60 5: 1434, 10, 0
1 60 6: 1434, 10, 0
1 60 7: 1434, 10, 0
1 60 8: 1428, 1, 0
1 60 9: 1428, 9, 0
1 60 18: 1455, 4, 2
1 60 19: 1454, 4, 2
1 60 20: 1454, 4, 2
1 60 21: 1428, 9, 3
1 60 21: 1454, 7, 3
1 60 22: 1428, 1, 3
1 60 23: 1434, 10, 0
1 60 24: 1434, 10, 0
1 60 25: 1434, 10, 0
1 60 26: 1434, 10, 0
1 60 27: 1434, 10, 0
1 60 28: 1434, 10, 0
1 60 29: 1434, 10, 0
1 60 30: 1434, 10, 0
1 60 31: 1434, 10, 0
1 60 32: 1434, 10, 0
1 60 33: 1434, 10, 0
1 60 34: 1434, 10, 0
1 60 35: 1434, 10, 0
1 60 36: 1434, 10, 0
1 60 37: 1434, 10, 0
1 60 38: 1434, 10, 0
1 60 39: 1434, 10, 0
1 60 40: 1428, 1, 0
1 60 41: 1428, 0, 0
1 60 42: 1428, 0, 0
1 60 43: 1428, 9, 0
1 60 45: 1454, 4, 2
1 60 46: 1452, 4, 2
1 60 47: 1454, 4, 2
1 60 48: 1455, 4, 2
1 60 49: 1428, 9, 3
1 60 50: 1428, 1, 3
1 60 51: 1434, 10, 0
1 60 52: 1434, 10, 0
1 60 53: 1434, 10, 0
1 60 54: 1434, 10, 0
1 60 55: 1434, 10, 0
1 60 56: 1434, 10, 0
1 60 57: 1434, 10, 0
1 60 58: 1434, 10, 0
1 60 59: 1434, 10, 0
1 60 60: 1434, 10, 0
1 60 61: 1434, 10, 0
1 60 62: 1434, 10, 0
1 60 63: 1434, 10, 0
1 61 0: 1434, 10, 0
1 61 1: 1434, 10, 0
1 61 2: 1434, 10, 0
1 61 3: 1434, 10, 0
1 61 4: 1434, 10, 0
1 61 5: 1434, 10, 0
1 61 6: 1434, 10, 0
1 61 7: 1434, 10, 0
1 61 8: 1434, 10, 0
1 61 9: 1428, 1, 0
1 61 10: 1428, 9, 0
1 61 11: 1454, 4, 2
1 61 12: 1452, 4, 2
1 61 13: 1454, 4, 2
1 61 15: 1454, 4, 2
1 61 17: 1428, 9, 3
1 61 17: 1452, 7, 3
1 61 18: 1428, 0, 0
1 61 19: 1428, 0, 0
1 61 20: 1428, 0, 0
1 61 21: 1428, 1, 3
1 61 22: 1434, 10, 0
1 61 23: 1434, 10, 0
1 61 24: 1434, 10, 0
1 61 25: 1434, 10, 0
1 61 26: 1434, 10, 0
1 61 27: 1434, 10, 0
1 61 28: 1434, 10, 0
1 61 29: 1434, 10, 0
1 61 30: 1434, 10, 0
1 61 31: 1434, 10, 0
1 61 32: 1434, 10, 0
1 61 33: 1434, 10, 0
1 61 34: 1434, 10, 0
1 61 35: 1434, 10, 0
1 61 36: 1434, 10, 0
1 61 37: 1434, 10, 0
1 61 38: 1434, 10, 0
1 61 39: 1434, 10, 0
1 61 40: 1434, 10, 0
1 61 41: 1434, 10, 0
1 61 42: 1434, 10, 0
1 61 43: 1428, 1, 0
1 61 44: 1428, 0, 0
1 61 45: 1428, 0, 0
1 61 46: 1428, 0, 0
1 61 47: 1428, 0, 0
1 61 48: 1428, 0, 0
1 61 49: 1428, 1, 3
1 61 50: 1434, 10, 0
1 61 51: 1434, 10, 0
1 61 52: 1434, 10, 0
1 61 53: 1434, 10, 0
1 61 54: 1434, 10, 0
1 61 55: 1434, 10, 0
1 61 56: 1434, 10, 0
1 61 57: 1434, 10, 0
1 61 58: 1434, 10, 0
1 61 59: 1434, 10, 0
1 61 60: 1434, 10, 0
1 61 61: 1434, 10, 0
1 61 62: 1434, 10, 0
1 61 63: 1434, 10, 0
1 62 0: 1434, 10, 0
1 62 1: 1434, 10, 0
1 62 2: 1434, 10, 0
1 62 3: 1434, 10, 0
1 62 4: 1434, 10, 0
1 62 5: 1434, 10, 0
1 62 6: 1434, 10, 0
1 62 7: 1434, 10, 0
1 62 8: 1434, 10, 0
1 62 9: 1434, 10, 0
1 62 10: 1428, 1, 0
1 62 11: 1428, 0, 0
1 62 12: 1428, 0, 0
1 62 13: 1428, 0, 0
1 62 14: 1428, 0, 0
1 62 15: 1428, 0, 0
1 62 16: 1428, 0, 0
1 62 17: 1428, 1, 3
1 62 18: 1434, 10, 0
1 62 19: 1434, 10, 0
1 62 20: 1434, 10, 0
1 62 21: 1434, 10, 0
1 62 22: 1434, 10, 0
1 62 23: 1434, 10, 0
1 62 24: 1434, 10, 0
1 62 25: 1434, 10, 0
1 62 26: 1434, 10, 0
1 62 27: 1434, 10, 0
1 62 28: 1434, 10, 0
1 62 29: 1434, 10, 0
1 62 30: 1434, 10, 0
1 62 31: 1434, 10, 0
1 62 32: 1434, 10, 0
1 62 33: 1434, 10, 0
1 62 34: 1434, 10, 0
1 62 35: 1434, 10, 0
1 62 36: 1434, 10, 0
1 62 37: 1434, 10, 0
1 62 38: 1434, 10, 0
1 62 39: 1434, 10, 0
1 62 40: 1434, 10, 0
1 62 41: 1434, 10, 0
1 62 42: 1434, 10, 0
1 62 43: 1434, 10, 0
1 62 44: 1434, 10, 0
1 62 45: 1434, 10, 0
1 62 46: 1434, 10, 0
1 62 47: 1434, 10, 0
1 62 48: 1434, 10, 0
1 62 49: 1434, 10, 0
1 62 50: 1434, 10, 0
1 62 51: 1434, 10, 0
1 62 52: 1434, 10, 0
1 62 53: 1434, 10, 0
1 62 54: 1434, 10, 0
1 62 55: 1434, 10, 0
1 62 56: 1434, 10, 0
1 62 57: 1434, 10, 0
1 62 58: 1434, 10, 0
1 62 59: 1434, 10, 0
1 62 60: 1434, 10, 0
1 62 61: 1434, 10, 0
1 62 62: 1434, 10, 0
1 62 63: 1434, 10, 0
1 63 0: 1434, 10, 0
1 63 1: 1434, 10, 0
1 63 2: 1434, 10, 0
1 63 3: 1434, 10, 0
1 63 4: 1434, 10, 0
1 63 5: 1434, 10, 0
1 63 6: 1434, 10, 0
1 63 7: 1434, 10, 0
1 63 8: 1434, 10, 0
1 63 9: 1434, 10, 0
1 63 10: 1434, 10, 0
1 63 11: 1434, 10, 0
1 63 12: 1434, 10, 0
1 63 13: 1434, 10, 0
1 63 14: 1434, 10, 0
1 63 15: 1434, 10, 0
1 63 16: 1434, 10, 0
1 63 17: 1434, 10, 0
1 63 18: 1434, 10, 0
1 63 19: 1434, 10, 0
1 63 20: 1434, 10, 0
1 63 21: 1434, 10, 0
1 63 22: 1434, 10, 0
1 63 23: 1434, 10, 0
1 63 24: 1434, 10, 0
1 63 25: 1434, 10, 0
1 63 26: 1434, 10, 0
1 63 27: 1434, 10, 0
1 63 28: 1434, 10, 0
1 63 29: 1434, 10, 0
1 63 30: 1434, 10, 0
1 63 31: 1434, 10, 0
1 63 32: 1434, 10, 0
1 63 33: 1434, 10, 0
1 63 34: 1434, 10, 0
1 63 35: 1434, 10, 0
1 63 36: 1434, 10, 0
1 63 37: 1434, 10, 0
1 63 38: 1434, 10, 0
1 63 39: 1434, 10, 0
1 63 40: 1434, 10, 0
1 63 41: 1434, 10, 0
1 63 42: 1434, 10, 0
1 63 43: 1434, 10, 0
1 63 44: 1434, 10, 0
1 63 45: 1434, 10, 0
1 63 46: 1434, 10, 0
1 63 47: 1434, 10, 0
1 63 48: 1434, 10, 0
1 63 49: 1434, 10, 0
1 63 50: 1434, 10, 0
1 63 51: 1434, 10, 0
1 63 52: 1434, 10, 0
1 63 53: 1434, 10, 0
1 63 54: 1434, 10, 0
1 63 55: 1434, 10, 0
1 63 56: 1434, 10, 0
1 63 57: 1434, 10, 0
1 63 58: 1434, 10, 0
1 63 59: 1434, 10, 0
1 63 60: 1434, 10, 0
1 63 61: 1434, 10, 0
1 63 62: 1434, 10, 0
1 63 63: 1434, 10, 0
2 0 29: 320, 22, 3
2 0 34: 320, 22, 2
2 1 25: 320, 22, 2
2 1 29: 319, 22, 3
2 1 32: 320, 22, 2
2 1 33: 321, 22, 3
2 1 34: 319, 22, 3
2 1 35: 320, 22, 1
2 1 37: 321, 22, 3
2 2 18: 320, 22, 3
2 2 23: 320, 22, 0
2 2 29: 321, 22, 3
2 2 30: 320, 22, 0
2 2 37: 319, 22, 3
2 2 38: 320, 22, 0
2 3 23: 320, 22, 2
2 3 24: 320, 22, 3
2 3 40: 320, 22, 3
2 4 20: 321, 22, 1
2 4 21: 320, 22, 2
2 4 27: 320, 22, 1
2 4 28: 321, 22, 0
2 4 29: 320, 22, 0
2 4 42: 320, 22, 1
2 5 19: 320, 22, 2
2 5 20: 320, 22, 3
2 5 39: 320, 22, 3
2 5 40: 321, 22, 1
2 5 41: 320, 22, 2
2 6 43: 320, 22, 1
2 6 44: 320, 22, 0
2 6 54: 320, 22, 0
2 7 18: 320, 22, 1
2 7 19: 320, 22, 0
2 7 44: 321, 22, 2
2 7 45: 320, 22, 0
2 7 48: 320, 22, 3
2 8 18: 321, 22, 3
2 8 47: 320, 22, 0
2 8 48: 321, 22, 0
2 8 49: 320, 22, 1
2 9 15: 319, 22, 3
2 9 18: 320, 22, 1
2 9 48: 320, 22, 1
2 10 18: 321, 22, 0
2 10 51: 320, 22, 0
2 10 52: 321, 22, 3
2 11 50: 320, 22, 3
2 11 51: 320, 22, 3
2 11 52: 320, 22, 2
2 11 55: 320, 22, 1
2 12 55: 321, 22, 3
2 12 56: 320, 22, 1
2 13 54: 320, 22, 2
2 13 56: 320, 22, 0
2 13 57: 320, 22, 1
2 14 59: 320, 22, 0
2 14 60: 321, 22, 2
2 14 61: 319, 22, 3
2 15 60: 320, 22, 0
2 15 61: 320, 22, 0
2 16 13: 320, 22, 2
2 16 15: 320, 22, 2
2 16 61: 320, 22, 0
2 17 13: 320, 22, 1
2 17 14: 320, 22, 2
2 17 15: 321, 22, 1
2 18 13: 321, 22, 3
2 18 14: 320, 22, 1
2 18 15: 320, 22, 3
2 19 11: 320, 22, 1
2 20 10: 320, 22, 2
2 20 11: 321, 22, 1
2 20 12: 319, 22, 0
2 20 13: 320, 22, 1
2 20 63: 320, 22, 0
2 21 11: 320, 22, 3
2 21 13: 320, 22, 3
2 21 63: 321, 22, 2
2 22 63: 320, 22, 1
2 23 6: 320, 22, 1
2 23 11: 319, 22, 0
2 23 12: 320, 22, 0
2 23 63: 320, 22, 2
2 24 5: 320, 22, 2
2 24 6: 321, 22, 0
2 24 7: 320, 22, 3
2 24 10: 320, 22, 2
2 24 11: 320, 22, 1
2 24 12: 321, 22, 0
2 28 62: 321, 22, 2
2 28 63: 320, 22, 0
2 29 62: 320, 22, 0
2 30 62: 320, 22, 3
2 33 3: 320, 22, 2
2 33 4: 320, 22, 3
2 33 5: 320, 22, 1
2 33 6: 321, 22, 0
2 33 7: 320, 22, 3
2 33 8: 321, 22, 3
2 33 11: 320, 22, 0
2 33 14: 320, 22, 1
2 33 61: 320, 22, 0
2 34 5: 320, 22, 0
2 34 6: 319, 22, 1
2 34 12: 321, 22, 3
2 34 14: 320, 22, 0
2 34 15: 320, 22, 2
2 34 61: 320, 22, 3
2 35 15: 321, 22, 2
2 35 16: 320, 22, 3
2 35 61: 321, 22, 1
2 36 60: 320, 22, 2
2 36 61: 319, 22, 3
2 37 16: 320, 22, 2
2 37 63: 321, 22, 1
2 38 16: 321, 22, 2
2 38 63: 320, 22, 1
2 39 16: 320, 22, 3
2 39 17: 320, 22, 0
2 40 17: 320, 22, 1
2 40 63: 320, 22, 3
2 41 63: 320, 22, 2
2 43 13: 320, 22, 0
2 43 14: 320, 22, 3
2 43 20: 320, 22, 0
2 43 60: 320, 22, 1
2 44 12: 320, 22, 3
2 44 13: 320, 22, 1
2 44 14: 321, 22, 1
2 44 15: 320, 22, 3
2 44 19: 321, 22, 0
2 44 21: 320, 22, 0
2 44 60: 321, 22, 3
2 44 61: 320, 22, 0
2 45 9: 320, 22, 1
2 45 10: 321, 22, 3
2 45 11: 319, 22, 3
2 45 62: 320, 22, 1
2 46 60: 320, 22, 3
2 47 19: 320, 22, 2
2 47 20: 321, 22, 3
2 48 6: 320, 22, 1
2 48 19: 320, 22, 0
2 48 20: 320, 22, 1
2 49 5: 320, 22, 1
2 49 6: 321, 22, 2
2 49 59: 320, 22, 2
2 50 5: 320, 22, 1
2 50 6: 320, 22, 2
2 50 59: 321, 22, 1
2 50 60: 320, 22, 1
2 51 58: 321, 22, 2
2 51 59: 320, 22, 3
2 52 60: 320, 22, 3
2 53 4: 320, 22, 0
2 53 56: 320, 22, 0
2 54 4: 321, 22, 1
2 54 5: 320, 22, 0
2 54 56: 321, 22, 2
2 54 57: 320, 22, 1
2 55 5: 320, 22, 3
2 55 55: 320, 22, 2
2 55 56: 320, 22, 3
2 56 5: 320, 22, 2
2 57 23: 321, 22, 3
2 57 24: 320, 22, 1
2 57 54: 320, 22, 1
2 58 23: 320, 22, 3
2 58 25: 320, 22, 0
2 58 53: 321, 22, 0
2 58 54: 320, 22, 0
2 58 58: 321, 22, 1
2 59 23: 320, 22, 2
2 59 35: 320, 22, 0
2 59 52: 320, 22, 3
2 60 7: 320, 22, 2
2 60 29: 320, 22, 3
2 60 30: 321, 22, 2
2 60 31: 320, 22, 1
2 60 32: 320, 22, 2
2 60 37: 320, 22, 1
2 60 38: 320, 22, 2
2 60 39: 320, 22, 3
2 60 51: 320, 22, 1
2 60 53: 320, 22, 2
2 61 7: 321, 22, 0
2 61 8: 320, 22, 2
2 61 31: 321, 22, 2
2 61 34: 320, 22, 3
2 61 38: 321, 22, 1
2 61 39: 319, 22, 3
2 62 32: 320, 22, 0
2 62 44: 320, 22, 0
2 62 45: 321, 22, 0
2 62 46: 320, 22, 3
2 63 11: 320, 22, 0
2 63 13: 320, 22, 3
2 63 14: 321, 22, 3
