0 0 19: 1658, 1, 1
0 0 20: 1658, 0, 2
0 0 21: 1658, 0, 2
0 0 22: 1658, 0, 2
0 0 23: 1658, 1, 2
0 0 32: 1658, 1, 1
0 0 33: 1658, 0, 2
0 0 34: 1658, 0, 2
0 0 35: 1658, 0, 2
0 0 36: 1658, 0, 2
0 0 37: 1658, 0, 2
0 0 38: 1658, 0, 2
0 0 39: 1658, 0, 2
0 0 40: 1658, 0, 2
0 0 41: 1658, 0, 2
0 0 42: 1658, 0, 2
0 0 43: 1658, 0, 2
0 0 44: 1658, 0, 2
0 0 45: 1658, 0, 2
0 0 46: 1658, 0, 2
0 0 47: 1658, 0, 2
0 0 48: 1658, 0, 2
0 0 49: 1658, 1, 2
0 1 3: 1658, 1, 1
0 1 4: 1658, 0, 2
0 1 5: 1658, 0, 2
0 1 6: 1658, 0, 2
0 1 7: 1658, 0, 2
0 1 8: 1658, 0, 2
0 1 9: 1658, 1, 2
0 1 19: 1658, 0, 1
0 1 20: 326, 22, 0
0 1 21: 197, 4, 0
0 1 21: 325, 22, 3
0 1 22: 325, 22, 3
0 1 22: 1755, 10, 0
0 1 23: 1658, 0, 3
0 1 31: 1658, 1, 1
0 1 32: 326, 22, 3
0 1 32: 1658, 9, 1
0 1 36: 325, 22, 3
0 1 38: 325, 22, 2
0 1 42: 197, 4, 0
0 1 42: 325, 22, 0
0 1 45: 325, 22, 1
0 1 47: 1247, 22, 3
0 1 48: 197, 4, 0
0 1 49: 1658, 9, 2
0 1 50: 1658, 1, 2
0 1 54: 1658, 1, 1
0 1 55: 1658, 0, 2
0 1 56: 1658, 0, 2
0 1 57: 1658, 0, 2
0 1 58: 1658, 0, 2
0 1 59: 1658, 0, 2
0 1 60: 1658, 0, 2
0 1 61: 1658, 0, 2
0 1 62: 1658, 0, 2
0 1 63: 1658, 1, 2
0 2 2: 1658, 1, 1
0 2 3: 326, 22, 2
0 2 3: 1658, 9, 1
0 2 4: 422, 10, 3
0 2 4: 1624, 0, 3
0 2 5: 325, 22, 2
0 2 5: 422, 10, 3
0 2 6: 325, 22, 2
0 2 6: 422, 10, 3
0 2 7: 326, 22, 0
0 2 7: 1625, 0, 1
0 2 8: 325, 22, 1
0 2 9: 1658, 9, 2
0 2 10: 1658, 1, 2
0 2 19: 1658, 0, 1
0 2 20: 325, 22, 2
0 2 21: 325, 22, 0
0 2 22: 326, 22, 1
0 2 23: 1658, 0, 3
0 2 26: 1658, 1, 1
0 2 27: 1658, 0, 2
0 2 28: 1658, 0, 2
0 2 29: 1658, 0, 2
0 2 30: 1658, 0, 2
0 2 31: 325, 22, 2
0 2 31: 1658, 9, 1
0 2 32: 1247, 22, 2
0 2 34: 326, 22, 3
0 2 34: 1658, 9, 3
0 2 35: 1658, 0, 0
0 2 36: 1658, 0, 0
0 2 37: 1658, 0, 0
0 2 38: 1658, 0, 0
0 2 39: 1658, 0, 0
0 2 40: 1658, 0, 0
0 2 41: 1658, 0, 0
0 2 42: 326, 22, 0
0 2 42: 1658, 9, 0
0 2 43: 325, 22, 1
0 2 44: 325, 22, 0
0 2 44: 661, 10, 1
0 2 45: 197, 4, 2
0 2 48: 325, 22, 0
0 2 50: 1658, 0, 3
0 2 53: 1658, 1, 1
0 2 54: 1658, 9, 1
0 2 55: 326, 22, 0
0 2 61: 325, 22, 0
0 2 62: 326, 22, 3
0 2 63: 1658, 0, 3
0 3 2: 1658, 0, 1
0 3 3: 197, 4, 3
0 3 3: 325, 22, 3
0 3 4: 1629, 22, 3
0 3 7: 325, 22, 1
0 3 7: 1626, 3, 1
0 3 8: 1630, 22, 3
0 3 9: 1089, 10, 3
0 3 10: 1658, 9, 2
0 3 11: 1658, 1, 2
0 3 13: 1658, 1, 1
0 3 14: 1658, 0, 2
0 3 15: 1658, 1, 2
0 3 19: 1658, 0, 1
0 3 20: 197, 4, 1
0 3 21: 1659, 2, 3
0 3 22: 1658, 0, 0
0 3 23: 1658, 1, 3
0 3 25: 1658, 1, 1
0 3 26: 325, 22, 3
0 3 26: 1658, 9, 1
0 3 27: 326, 22, 2
0 3 28: 324, 22, 2
0 3 28: 997, 0, 1
0 3 29: 197, 4, 0
0 3 29: 1621, 3, 2
0 3 30: 724, 10, 0
0 3 31: 325, 22, 2
0 3 33: 326, 22, 2
0 3 33: 1658, 9, 3
0 3 34: 1658, 1, 3
0 3 42: 1658, 1, 0
0 3 43: 1658, 0, 0
0 3 44: 1658, 0, 0
0 3 45: 1658, 0, 0
0 3 46: 1658, 0, 0
0 3 47: 1658, 0, 0
0 3 48: 1658, 9, 0
0 3 50: 1658, 0, 3
0 3 52: 1658, 1, 1
0 3 53: 1658, 9, 1
0 3 54: 325, 22, 0
0 3 55: 197, 4, 1
0 3 56: 1659, 2, 3
0 3 57: 1658, 0, 0
0 3 58: 1658, 0, 0
0 3 59: 1658, 0, 0
0 3 60: 1659, 2, 0
0 3 62: 325, 22, 2
0 3 63: 1658, 0, 3
0 4 2: 1658, 0, 1
0 4 4: 1626, 2, 2
0 4 5: 175, 22, 2
0 4 7: 1626, 3, 1
0 4 8: 1629, 22, 3
0 4 11: 1658, 9, 2
0 4 12: 1658, 0, 2
0 4 13: 325, 22, 0
0 4 13: 1658, 9, 1
0 4 14: 197, 4, 0
0 4 14: 326, 22, 1
0 4 15: 325, 22, 0
0 4 15: 1658, 9, 2
0 4 16: 1658, 0, 2
0 4 17: 1658, 0, 2
0 4 18: 1658, 0, 2
0 4 19: 1659, 2, 1
0 4 20: 325, 22, 2
0 4 21: 1658, 0, 3
0 4 24: 1658, 1, 1
0 4 25: 1658, 9, 1
0 4 26: 325, 22, 3
0 4 27: 325, 22, 0
0 4 28: 325, 22, 0
0 4 28: 997, 0, 1
0 4 30: 997, 0, 2
0 4 31: 997, 0, 2
0 4 32: 997, 0, 2
0 4 33: 997, 0, 2
0 4 33: 1658, 9, 2
0 4 34: 1658, 1, 2
0 4 37: 1658, 1, 1
0 4 38: 1658, 0, 2
0 4 39: 1658, 0, 2
0 4 40: 1658, 0, 2
0 4 41: 1658, 0, 2
0 4 42: 1658, 0, 2
0 4 43: 1658, 0, 2
0 4 44: 1658, 0, 2
0 4 45: 1658, 1, 2
0 4 48: 1658, 0, 1
0 4 49: 325, 22, 1
0 4 50: 1658, 0, 3
0 4 52: 1658, 0, 1
0 4 53: 326, 22, 1
0 4 56: 1659, 2, 2
0 4 57: 1658, 0, 2
0 4 58: 1658, 0, 2
0 4 59: 1658, 1, 2
0 4 60: 1658, 0, 1
0 4 61: 325, 22, 1
0 4 62: 325, 22, 2
0 4 63: 1658, 0, 3
0 5 1: 1658, 1, 1
0 5 2: 325, 22, 0
0 5 2: 1658, 9, 1
0 5 5: 1629, 22, 0
0 5 6: 1629, 22, 0
0 5 7: 1630, 22, 3
0 5 9: 175, 22, 1
0 5 12: 1530, 0, 1
0 5 14: 325, 22, 1
0 5 21: 1658, 0, 3
0 5 24: 1658, 0, 1
0 5 26: 660, 10, 0
0 5 26: 1630, 22, 2
0 5 28: 997, 0, 1
0 5 29: 1621, 3, 2
0 5 30: 326, 22, 2
0 5 30: 997, 0, 3
0 5 31: 325, 22, 0
0 5 31: 1624, 3, 3
0 5 32: 1246, 22, 3
0 5 32: 1624, 3, 3
0 5 33: 325, 22, 3
0 5 34: 1658, 0, 3
0 5 36: 1658, 1, 1
0 5 37: 197, 7, 1
0 5 37: 324, 22, 2
0 5 37: 1658, 9, 1
0 5 38: 324, 22, 2
0 5 39: 197, 4, 0
0 5 39: 325, 22, 2
0 5 40: 325, 22, 2
0 5 43: 197, 4, 0
0 5 43: 324, 22, 2
0 5 44: 326, 22, 1
0 5 45: 197, 7, 2
0 5 45: 324, 22, 3
0 5 45: 1658, 9, 2
0 5 46: 1658, 1, 2
0 5 48: 1658, 0, 1
0 5 50: 1658, 0, 3
0 5 52: 1658, 0, 1
0 5 53: 197, 4, 3
0 5 53: 325, 22, 1
0 5 57: 1247, 22, 1
0 5 59: 1658, 9, 2
0 5 60: 1658, 1, 2
0 5 61: 325, 22, 2
0 5 61: 1658, 9, 0
0 5 62: 326, 22, 1
0 5 63: 1658, 0, 3
0 6 1: 1658, 0, 1
0 6 2: 197, 4, 3
0 6 2: 324, 22, 1
0 6 2: 375, 10, 0
0 6 3: 325, 22, 3
0 6 4: 1089, 10, 0
0 6 7: 174, 22, 2
0 6 10: 1658, 9, 3
0 6 11: 1658, 0, 0
0 6 12: 1658, 0, 0
0 6 13: 325, 22, 2
0 6 13: 1658, 9, 0
0 6 14: 197, 4, 2
0 6 14: 324, 22, 0
0 6 15: 325, 22, 2
0 6 15: 1658, 9, 3
0 6 16: 1658, 0, 0
0 6 17: 1658, 0, 0
0 6 18: 1658, 0, 0
0 6 19: 1659, 2, 0
0 6 20: 197, 4, 3
0 6 20: 325, 22, 1
0 6 21: 1658, 0, 3
0 6 24: 1658, 0, 1
0 6 27: 1755, 10, 0
0 6 28: 997, 0, 1
0 6 30: 997, 0, 3
0 6 31: 1755, 10, 0
0 6 32: 325, 22, 0
0 6 33: 660, 10, 0
0 6 33: 1630, 22, 3
0 6 34: 1658, 0, 3
0 6 36: 1658, 0, 1
0 6 37: 326, 22, 0
0 6 38: 324, 22, 3
0 6 39: 325, 22, 3
0 6 42: 1755, 10, 0
0 6 44: 324, 22, 3
0 6 45: 326, 22, 0
0 6 46: 1658, 0, 3
0 6 48: 1658, 0, 1
0 6 50: 1658, 0, 3
0 6 52: 1658, 0, 1
0 6 55: 197, 4, 2
0 6 57: 197, 4, 2
0 6 60: 1658, 9, 2
0 6 61: 1658, 1, 2
0 6 62: 1658, 0, 0
0 6 63: 1658, 1, 3
0 7 1: 1658, 0, 1
0 7 2: 325, 22, 3
0 7 2: 375, 10, 0
0 7 3: 325, 22, 2
0 7 9: 1658, 9, 3
0 7 10: 1658, 1, 3
0 7 13: 1658, 1, 0
0 7 14: 1658, 0, 0
0 7 15: 1658, 1, 3
0 7 19: 1658, 0, 1
0 7 21: 1658, 0, 3
0 7 24: 1658, 0, 1
0 7 26: 660, 10, 1
0 7 26: 1624, 3, 1
0 7 27: 1624, 3, 1
0 7 28: 324, 22, 3
0 7 28: 997, 0, 1
0 7 29: 1621, 3, 1
0 7 30: 324, 22, 0
0 7 30: 997, 0, 3
0 7 32: 325, 22, 3
0 7 33: 326, 22, 3
0 7 34: 1658, 0, 3
0 7 36: 1658, 0, 1
0 7 37: 197, 4, 3
0 7 37: 325, 22, 3
0 7 41: 27, 10, 0
0 7 41: 325, 22, 1
0 7 42: 325, 22, 2
0 7 45: 197, 4, 1
0 7 45: 324, 22, 3
0 7 46: 1658, 0, 3
0 7 48: 1658, 0, 1
0 7 49: 325, 22, 0
0 7 50: 1658, 0, 3
0 7 52: 1658, 0, 1
0 7 54: 324, 22, 1
0 7 55: 1659, 2, 3
0 7 56: 1658, 0, 0
0 7 57: 1659, 2, 0
0 7 58: 324, 22, 2
0 7 58: 1625, 0, 0
0 7 59: 1629, 22, 0
0 7 60: 326, 22, 0
0 7 61: 1658, 0, 3
0 8 1: 1658, 0, 1
0 8 2: 197, 4, 3
0 8 2: 1625, 0, 0
0 8 3: 1626, 0, 0
0 8 4: 1630, 22, 0
0 8 5: 1630, 22, 0
0 8 6: 1629, 22, 0
0 8 7: 1626, 0, 0
0 8 8: 197, 4, 1
0 8 8: 325, 22, 2
0 8 8: 1624, 0, 0
0 8 9: 1658, 0, 3
0 8 19: 1658, 0, 1
0 8 20: 1247, 22, 1
0 8 21: 1658, 0, 3
0 8 24: 1658, 0, 1
0 8 25: 997, 0, 0
0 8 26: 997, 0, 0
0 8 27: 997, 0, 0
0 8 28: 997, 0, 0
0 8 29: 997, 0, 1
0 8 30: 997, 0, 0
0 8 31: 997, 0, 0
0 8 32: 325, 22, 3
0 8 32: 997, 0, 0
0 8 33: 326, 22, 0
0 8 33: 661, 10, 0
0 8 33: 997, 0, 0
0 8 34: 1658, 0, 3
0 8 36: 1658, 0, 1
0 8 37: 325, 22, 3
0 8 40: 325, 22, 2
0 8 41: 1620, 2, 3
0 8 42: 1620, 2, 0
0 8 43: 25, 10, 1
0 8 43: 325, 22, 2
0 8 45: 325, 22, 1
0 8 46: 1658, 0, 3
0 8 48: 1658, 0, 1
0 8 50: 1658, 0, 3
0 8 52: 1658, 0, 1
0 8 53: 1247, 22, 0
0 8 54: 197, 4, 1
0 8 55: 1658, 0, 3
0 8 57: 1658, 0, 1
0 8 58: 325, 22, 2
0 8 59: 325, 22, 1
0 8 60: 197, 4, 1
0 8 61: 1658, 0, 3
0 9 1: 1658, 0, 1
0 9 3: 174, 22, 3
0 9 5: 1102, 10, 3
0 9 7: 325, 22, 1
0 9 8: 326, 22, 1
0 9 8: 1102, 10, 0
0 9 9: 1658, 0, 3
0 9 13: 1658, 1, 1
0 9 14: 1658, 0, 2
0 9 15: 1658, 0, 2
0 9 16: 1658, 0, 2
0 9 17: 1658, 0, 2
0 9 18: 1658, 0, 2
0 9 19: 1659, 2, 1
0 9 20: 197, 4, 1
0 9 21: 1658, 0, 3
0 9 24: 1658, 0, 1
0 9 25: 325, 22, 3
0 9 27: 1755, 10, 0
0 9 28: 324, 22, 2
0 9 29: 997, 0, 1
0 9 30: 324, 22, 1
0 9 31: 1630, 22, 3
0 9 31: 1755, 10, 0
0 9 33: 325, 22, 1
0 9 34: 1658, 0, 3
0 9 36: 1658, 0, 1
0 9 40: 28, 10, 3
0 9 41: 1620, 2, 2
0 9 42: 1620, 2, 1
0 9 46: 1658, 0, 3
0 9 47: 1658, 1, 1
0 9 48: 1658, 9, 1
0 9 50: 1658, 0, 3
0 9 52: 1658, 0, 1
0 9 55: 1658, 0, 3
0 9 57: 1658, 0, 1
0 9 58: 324, 22, 3
0 9 61: 1658, 0, 3
0 10 1: 1658, 0, 1
0 10 2: 197, 4, 3
0 10 2: 325, 22, 2
0 10 4: 595, 10, 1
0 10 7: 175, 22, 3
0 10 8: 325, 22, 0
0 10 8: 1658, 9, 3
0 10 9: 1658, 1, 3
0 10 12: 1658, 1, 1
0 10 13: 325, 22, 1
0 10 13: 1658, 9, 1
0 10 14: 326, 22, 2
0 10 15: 197, 4, 0
0 10 15: 325, 22, 1
0 10 19: 197, 4, 0
0 10 20: 325, 22, 3
0 10 21: 1658, 0, 3
0 10 24: 1658, 0, 1
0 10 25: 325, 22, 0
0 10 25: 997, 0, 2
0 10 26: 997, 0, 2
0 10 27: 997, 0, 2
0 10 28: 997, 0, 2
0 10 29: 997, 0, 1
0 10 30: 997, 0, 2
0 10 31: 997, 0, 2
0 10 32: 325, 22, 0
0 10 32: 997, 0, 2
0 10 33: 326, 22, 1
0 10 33: 997, 0, 2
0 10 34: 1658, 0, 3
0 10 36: 1658, 0, 1
0 10 37: 197, 4, 3
0 10 37: 325, 22, 3
0 10 41: 325, 22, 0
0 10 42: 30, 10, 2
0 10 43: 325, 22, 1
0 10 45: 197, 4, 1
0 10 45: 325, 22, 1
0 10 46: 1658, 0, 3
0 10 47: 1658, 0, 1
0 10 48: 326, 22, 3
0 10 50: 1658, 0, 3
0 10 52: 1658, 0, 1
0 10 53: 197, 4, 3
0 10 54: 325, 22, 1
0 10 55: 1658, 0, 3
0 10 57: 1658, 1, 0
0 10 58: 324, 22, 0
0 10 58: 1658, 9, 0
0 10 59: 325, 22, 0
0 10 61: 1658, 0, 3
0 11 1: 1658, 0, 1
0 11 2: 326, 22, 2
0 11 3: 325, 22, 3
0 11 4: 1102, 10, 1
0 11 5: 1102, 10, 1
0 11 7: 1658, 9, 3
0 11 8: 1658, 1, 3
0 11 11: 1658, 1, 1
0 11 12: 1658, 9, 1
0 11 13: 325, 22, 3
0 11 14: 325, 22, 2
0 11 17: 197, 4, 2
0 11 18: 325, 22, 1
0 11 19: 325, 22, 2
0 11 20: 326, 22, 0
0 11 21: 1658, 0, 3
0 11 24: 1658, 0, 1
0 11 25: 326, 22, 1
0 11 26: 325, 22, 1
0 11 26: 1624, 3, 0
0 11 27: 1624, 3, 0
0 11 28: 324, 22, 3
0 11 28: 997, 0, 1
0 11 29: 997, 0, 1
0 11 30: 324, 22, 2
0 11 31: 1624, 3, 3
0 11 32: 325, 22, 3
0 11 32: 1624, 3, 3
0 11 33: 326, 22, 2
0 11 34: 1658, 0, 3
0 11 36: 1658, 0, 1
0 11 37: 326, 22, 3
0 11 38: 324, 22, 1
0 11 45: 325, 22, 1
0 11 46: 1658, 0, 3
0 11 47: 1658, 0, 1
0 11 49: 1658, 9, 3
0 11 50: 1658, 1, 3
0 11 51: 1658, 1, 1
0 11 52: 1658, 9, 1
0 11 54: 325, 22, 2
0 11 55: 1658, 0, 3
0 11 58: 1658, 0, 1
0 11 59: 197, 4, 3
0 11 61: 1658, 0, 3
0 12 1: 1658, 1, 0
0 12 2: 326, 22, 1
0 12 2: 1658, 9, 0
0 12 3: 197, 4, 2
0 12 3: 326, 22, 2
0 12 4: 325, 22, 2
0 12 5: 197, 4, 2
0 12 6: 1658, 9, 3
0 12 7: 1658, 1, 3
0 12 10: 1658, 1, 1
0 12 11: 1658, 9, 1
0 12 15: 1658, 9, 3
0 12 16: 1658, 0, 0
0 12 17: 1658, 0, 0
0 12 18: 1658, 0, 0
0 12 19: 1658, 0, 0
0 12 20: 1658, 0, 0
0 12 21: 1658, 1, 3
0 12 24: 1658, 0, 1
0 12 25: 324, 22, 3
0 12 26: 325, 22, 2
0 12 26: 660, 10, 1
0 12 27: 1755, 10, 0
0 12 28: 997, 0, 1
0 12 29: 997, 0, 1
0 12 31: 1755, 10, 0
0 12 33: 325, 22, 1
0 12 34: 1658, 0, 3
0 12 36: 1658, 1, 0
0 12 37: 196, 7, 0
0 12 37: 324, 22, 0
0 12 37: 1658, 9, 0
0 12 38: 197, 7, 0
0 12 38: 324, 22, 2
0 12 39: 325, 22, 1
0 12 44: 324, 22, 2
0 12 45: 197, 7, 3
0 12 45: 326, 22, 1
0 12 45: 1658, 9, 3
0 12 46: 1658, 1, 3
0 12 47: 1658, 0, 1
0 12 49: 1658, 0, 3
0 12 50: 1658, 1, 1
0 12 51: 1658, 9, 1
0 12 53: 325, 22, 3
0 12 54: 325, 22, 1
0 12 54: 1658, 9, 3
0 12 55: 1658, 1, 3
0 12 58: 1658, 0, 1
0 12 59: 325, 22, 3
0 12 61: 1658, 0, 3
0 13 2: 1658, 1, 0
0 13 3: 1658, 0, 0
0 13 4: 1658, 0, 0
0 13 5: 1658, 0, 0
0 13 6: 1658, 1, 3
0 13 9: 1658, 1, 1
0 13 10: 1658, 9, 1
0 13 11: 325, 22, 0
0 13 13: 325, 22, 3
0 13 14: 325, 22, 0
0 13 14: 1658, 9, 3
0 13 15: 1658, 1, 3
0 13 24: 1658, 0, 1
0 13 25: 325, 22, 3
0 13 25: 661, 10, 2
0 13 26: 1629, 22, 3
0 13 28: 997, 0, 1
0 13 29: 997, 0, 1
0 13 32: 1630, 22, 2
0 13 33: 325, 22, 2
0 13 34: 1658, 0, 3
0 13 38: 325, 22, 1
0 13 38: 1658, 9, 0
0 13 39: 325, 22, 2
0 13 43: 325, 22, 2
0 13 44: 326, 22, 2
0 13 44: 1658, 9, 3
0 13 45: 1658, 1, 3
0 13 47: 1658, 0, 1
0 13 49: 1658, 0, 3
0 13 50: 1658, 0, 1
0 13 53: 1658, 9, 3
0 13 54: 1658, 1, 3
0 13 55: 1658, 1, 1
0 13 56: 1658, 0, 2
0 13 57: 1658, 1, 2
0 13 58: 1658, 0, 1
0 13 61: 1658, 0, 3
0 14 4: 1658, 1, 1
0 14 5: 1658, 0, 2
0 14 6: 1658, 0, 2
0 14 7: 1658, 0, 2
0 14 8: 1658, 0, 2
0 14 9: 325, 22, 2
0 14 9: 1658, 9, 1
0 14 13: 325, 22, 1
0 14 13: 1658, 9, 3
0 14 14: 1658, 1, 3
0 14 24: 1658, 0, 1
0 14 26: 1626, 3, 1
0 14 26: 1629, 22, 3
0 14 27: 1626, 3, 1
0 14 28: 997, 0, 1
0 14 29: 997, 0, 1
0 14 30: 1246, 22, 2
0 14 31: 1626, 3, 2
0 14 32: 1626, 3, 2
0 14 34: 1658, 0, 3
0 14 38: 1658, 0, 1
0 14 39: 326, 22, 3
0 14 39: 1625, 0, 0
0 14 41: 1629, 22, 0
0 14 42: 324, 22, 0
0 14 42: 1626, 0, 0
0 14 43: 326, 22, 2
0 14 43: 1624, 0, 0
0 14 44: 1658, 0, 3
0 14 47: 1658, 0, 1
0 14 49: 1658, 0, 3
0 14 50: 1658, 0, 1
0 14 52: 1658, 9, 3
0 14 53: 1658, 1, 3
0 14 54: 1658, 1, 1
0 14 55: 1658, 9, 1
0 14 56: 325, 22, 1
0 14 57: 1658, 0, 3
0 14 58: 1658, 0, 1
0 14 60: 197, 4, 1
0 14 61: 1658, 0, 3
0 15 3: 1658, 1, 1
0 15 4: 326, 22, 3
0 15 4: 1658, 9, 1
0 15 5: 324, 22, 2
0 15 6: 325, 22, 1
0 15 6: 1625, 0, 1
0 15 7: 325, 22, 0
0 15 8: 325, 22, 0
0 15 9: 325, 22, 3
0 15 10: 1247, 22, 1
0 15 12: 325, 22, 2
0 15 13: 1658, 0, 3
0 15 24: 1658, 1, 0
0 15 25: 1658, 9, 0
0 15 28: 997, 0, 1
0 15 29: 997, 0, 1
0 15 31: 1586, 0, 2
0 15 32: 325, 22, 2
0 15 33: 326, 22, 1
0 15 33: 1658, 9, 3
0 15 34: 1658, 1, 3
0 15 38: 1658, 0, 1
0 15 39: 324, 22, 1
0 15 42: 325, 22, 0
0 15 43: 324, 22, 0
0 15 44: 1658, 0, 3
0 15 47: 1658, 0, 1
0 15 48: 1530, 0, 2
0 15 49: 1659, 2, 2
0 15 50: 1659, 2, 1
0 15 51: 1530, 0, 2
0 15 52: 1658, 0, 3
0 15 54: 1658, 0, 1
0 15 55: 1755, 10, 0
0 15 56: 325, 22, 2
0 15 57: 1658, 0, 3
0 15 58: 1658, 0, 1
0 15 61: 1658, 0, 3
0 16 3: 1658, 0, 1
0 16 4: 324, 22, 3
0 16 4: 661, 10, 2
0 16 5: 325, 22, 2
0 16 6: 1629, 22, 1
0 16 7: 325, 22, 1
0 16 8: 325, 22, 1
0 16 10: 325, 22, 3
0 16 12: 325, 22, 0
0 16 13: 326, 22, 2
0 16 13: 1658, 9, 2
0 16 14: 1658, 1, 2
0 16 25: 1658, 1, 0
0 16 26: 1658, 0, 0
0 16 27: 1658, 0, 0
0 16 28: 1658, 0, 0
0 16 29: 1659, 2, 0
0 16 30: 1631, 0, 0
0 16 32: 1659, 2, 3
0 16 33: 1658, 1, 3
0 16 38: 1658, 1, 0
0 16 39: 1620, 9, 0
0 16 43: 1658, 9, 3
0 16 44: 1658, 1, 3
0 16 46: 1658, 1, 1
0 16 47: 326, 22, 2
0 16 47: 1658, 9, 1
0 16 49: 197, 4, 0
0 16 49: 325, 22, 0
0 16 50: 197, 4, 0
0 16 50: 324, 22, 2
0 16 52: 326, 22, 2
0 16 52: 1658, 9, 2
0 16 53: 1658, 1, 2
0 16 54: 1658, 0, 1
0 16 57: 1658, 0, 3
0 16 58: 1658, 0, 1
0 16 61: 1658, 0, 3
0 17 2: 1658, 1, 1
0 17 3: 326, 22, 0
0 17 3: 1658, 9, 1
0 17 6: 1626, 0, 1
0 17 7: 1630, 22, 0
0 17 8: 1629, 22, 0
0 17 10: 1246, 22, 0
0 17 11: 1629, 22, 0
0 17 13: 325, 22, 3
0 17 14: 1658, 9, 2
0 17 15: 1658, 1, 2
0 17 29: 1658, 0, 1
0 17 30: 1247, 22, 2
0 17 32: 1658, 0, 3
0 17 39: 1658, 1, 0
0 17 40: 1620, 9, 0
0 17 43: 1658, 9, 2
0 17 44: 1658, 0, 2
0 17 45: 1658, 0, 2
0 17 46: 1659, 2, 1
0 17 47: 197, 4, 3
0 17 47: 324, 22, 1
0 17 48: 325, 22, 1
0 17 50: 325, 22, 1
0 17 52: 197, 4, 1
0 17 52: 326, 22, 3
0 17 53: 1658, 0, 3
0 17 54: 1658, 0, 1
0 17 57: 197, 7, 2
0 17 57: 1658, 9, 2
0 17 58: 325, 22, 0
0 17 58: 1620, 0, 1
0 17 58: 1658, 9, 1
0 17 59: 197, 4, 3
0 17 61: 1658, 9, 2
0 17 62: 1658, 1, 2
0 18 2: 1658, 0, 1
0 18 3: 326, 22, 1
0 18 4: 325, 22, 2
0 18 6: 1629, 22, 1
0 18 8: 1247, 22, 0
0 18 10: 325, 22, 2
0 18 13: 325, 22, 2
0 18 14: 324, 22, 1
0 18 15: 1658, 0, 3
0 18 28: 1658, 1, 1
0 18 29: 1659, 2, 1
0 18 32: 1658, 0, 3
0 18 40: 1658, 1, 0
0 18 41: 1620, 9, 0
0 18 46: 325, 22, 3
0 18 47: 325, 22, 2
0 18 53: 1658, 0, 3
0 18 54: 1658, 0, 1
0 18 58: 325, 22, 1
0 18 58: 1620, 0, 1
0 18 61: 1247, 22, 2
0 18 62: 1658, 9, 2
0 18 63: 1658, 1, 2
0 19 2: 1659, 2, 1
0 19 3: 325, 22, 0
0 19 4: 325, 22, 3
0 19 6: 1624, 0, 1
0 19 7: 997, 0, 2
0 19 8: 997, 0, 2
0 19 9: 997, 0, 2
0 19 10: 997, 0, 2
0 19 13: 325, 22, 1
0 19 13: 661, 10, 1
0 19 14: 326, 22, 0
0 19 15: 1659, 2, 2
0 19 16: 1658, 0, 2
0 19 17: 1658, 0, 2
0 19 18: 1658, 0, 2
0 19 19: 1658, 0, 2
0 19 20: 1658, 0, 2
0 19 21: 1658, 0, 2
0 19 22: 1658, 0, 2
0 19 23: 1658, 0, 2
0 19 24: 1658, 0, 2
0 19 25: 1658, 0, 2
0 19 26: 1658, 0, 2
0 19 27: 1658, 0, 2
0 19 28: 1659, 2, 1
0 19 29: 326, 22, 3
0 19 30: 325, 22, 3
0 19 31: 325, 22, 1
0 19 32: 1658, 0, 3
0 19 41: 1658, 1, 0
0 19 42: 1620, 9, 0
0 19 53: 1658, 0, 3
0 19 54: 1658, 0, 1
0 19 55: 326, 22, 1
0 19 55: 1620, 0, 0
0 19 56: 39, 0, 0
0 19 57: 1620, 0, 0
0 19 58: 324, 22, 1
0 19 58: 1620, 0, 0
0 19 59: 1620, 9, 0
0 19 59: 1624, 0, 3
0 19 62: 326, 22, 3
0 19 63: 1658, 0, 3
0 20 0: 324, 22, 2
0 20 0: 1658, 2, 3
0 20 1: 1659, 0, 0
0 20 2: 1659, 0, 0
0 20 3: 1620, 0, 0
0 20 4: 1620, 0, 0
0 20 5: 197, 4, 2
0 20 5: 325, 22, 2
0 20 5: 1620, 0, 0
0 20 6: 1620, 0, 0
0 20 8: 325, 22, 3
0 20 10: 1247, 22, 1
0 20 11: 1620, 0, 0
0 20 12: 325, 22, 3
0 20 12: 1620, 0, 0
0 20 13: 1620, 0, 0
0 20 14: 325, 22, 0
0 20 14: 1620, 0, 0
0 20 15: 325, 22, 1
0 20 16: 197, 4, 2
0 20 18: 325, 22, 1
0 20 19: 197, 4, 0
0 20 20: 325, 22, 2
0 20 22: 197, 4, 2
0 20 24: 325, 22, 0
0 20 25: 197, 4, 0
0 20 27: 325, 22, 1
0 20 28: 197, 4, 2
0 20 29: 325, 22, 2
0 20 30: 325, 22, 2
0 20 31: 197, 4, 2
0 20 31: 326, 22, 2
0 20 32: 1658, 0, 3
0 20 42: 1658, 1, 0
0 20 43: 1658, 0, 0
0 20 44: 1658, 0, 0
0 20 45: 1658, 0, 0
0 20 46: 1659, 2, 0
0 20 47: 197, 4, 3
0 20 47: 324, 22, 0
0 20 51: 1247, 22, 1
0 20 52: 197, 4, 1
0 20 52: 324, 22, 1
0 20 53: 1658, 0, 3
0 20 54: 1658, 0, 1
0 20 57: 174, 22, 2
0 20 58: 1630, 22, 3
0 20 59: 324, 22, 1
0 20 59: 1624, 1, 0
0 20 60: 324, 22, 2
0 20 60: 1620, 9, 0
0 20 62: 197, 4, 1
0 20 63: 1658, 0, 3
0 21 0: 1659, 0, 3
0 21 1: 1659, 2, 3
0 21 2: 1658, 0, 0
0 21 3: 1658, 0, 0
0 21 4: 1658, 0, 0
0 21 5: 1658, 0, 0
0 21 6: 1659, 2, 0
0 21 7: 997, 0, 0
0 21 8: 997, 0, 0
0 21 9: 997, 0, 0
0 21 10: 997, 0, 0
0 21 11: 1659, 2, 3
0 21 12: 1658, 0, 0
0 21 13: 1658, 0, 0
0 21 14: 1658, 0, 0
0 21 15: 1658, 0, 0
0 21 16: 1658, 0, 0
0 21 17: 1658, 0, 0
0 21 18: 1658, 0, 0
0 21 19: 1658, 0, 0
0 21 20: 1658, 0, 0
0 21 21: 1658, 0, 0
0 21 22: 1658, 0, 0
0 21 23: 1658, 0, 0
0 21 24: 1658, 0, 0
0 21 25: 1658, 0, 0
0 21 26: 1658, 0, 0
0 21 27: 1658, 0, 0
0 21 28: 1658, 0, 0
0 21 29: 1658, 0, 0
0 21 30: 1658, 0, 0
0 21 31: 1658, 0, 0
0 21 32: 1658, 1, 3
0 21 46: 1658, 1, 0
0 21 47: 326, 22, 3
0 21 47: 1658, 9, 0
0 21 49: 197, 4, 2
0 21 50: 197, 4, 2
0 21 52: 326, 22, 2
0 21 52: 1658, 9, 3
0 21 53: 1658, 1, 3
0 21 54: 1658, 0, 1
0 21 55: 325, 22, 3
0 21 60: 997, 0, 1
0 21 63: 1658, 0, 3
0 22 0: 325, 22, 1
0 22 0: 1659, 0, 3
0 22 1: 1659, 2, 2
0 22 2: 1658, 1, 2
0 22 4: 1658, 1, 1
0 22 5: 1658, 0, 2
0 22 6: 1659, 2, 1
0 22 7: 325, 22, 0
0 22 8: 325, 22, 0
0 22 9: 325, 22, 3
0 22 11: 1659, 2, 2
0 22 12: 1658, 0, 2
0 22 13: 1658, 0, 2
0 22 14: 1658, 0, 2
0 22 15: 1658, 1, 2
0 22 20: 1658, 1, 1
0 22 21: 1658, 0, 2
0 22 22: 1658, 0, 2
0 22 23: 1658, 0, 2
0 22 24: 1658, 0, 2
0 22 25: 1658, 1, 2
0 22 30: 1658, 1, 1
0 22 31: 660, 10, 0
0 22 31: 1880, 0, 2
0 22 32: 1881, 0, 2
0 22 33: 1658, 1, 2
0 22 35: 1658, 1, 1
0 22 36: 660, 10, 3
0 22 36: 1880, 0, 2
0 22 37: 1881, 0, 2
0 22 38: 1658, 1, 2
0 22 40: 1658, 1, 1
0 22 41: 1880, 0, 2
0 22 42: 660, 10, 2
0 22 42: 1881, 0, 2
0 22 43: 1658, 1, 2
0 22 47: 1658, 0, 1
0 22 48: 1530, 0, 0
0 22 49: 1659, 2, 3
0 22 50: 1659, 2, 0
0 22 51: 197, 4, 1
0 22 51: 1530, 0, 0
0 22 52: 1658, 0, 3
0 22 54: 325, 22, 2
0 22 54: 1658, 0, 1
0 22 55: 324, 22, 0
0 22 58: 1630, 22, 3
0 22 60: 997, 0, 1
0 22 63: 1658, 0, 3
0 23 0: 325, 22, 3
0 23 0: 1659, 0, 3
0 23 1: 326, 22, 0
0 23 2: 1658, 0, 3
0 23 4: 1658, 0, 1
0 23 6: 1625, 0, 1
0 23 7: 325, 22, 1
0 23 8: 325, 22, 3
0 23 9: 325, 22, 0
0 23 10: 1626, 3, 3
0 23 11: 1624, 0, 3
0 23 15: 1658, 9, 2
0 23 16: 1658, 1, 2
0 23 20: 1658, 0, 1
0 23 21: 326, 22, 3
0 23 22: 197, 4, 0
0 23 22: 325, 22, 3
0 23 23: 325, 22, 1
0 23 24: 197, 4, 0
0 23 24: 324, 22, 0
0 23 25: 1659, 2, 2
0 23 26: 1658, 0, 2
0 23 27: 1658, 0, 2
0 23 28: 1658, 0, 2
0 23 29: 1658, 0, 2
0 23 30: 1659, 2, 1
0 23 31: 197, 4, 3
0 23 31: 325, 22, 3
0 23 32: 197, 4, 1
0 23 32: 326, 22, 2
0 23 33: 1659, 2, 2
0 23 34: 1658, 0, 2
0 23 35: 1659, 2, 1
0 23 36: 197, 4, 3
0 23 36: 324, 22, 2
0 23 37: 197, 4, 1
0 23 37: 325, 22, 0
0 23 38: 1659, 2, 2
0 23 39: 1658, 0, 2
0 23 40: 1659, 2, 1
0 23 41: 197, 4, 3
0 23 41: 325, 22, 1
0 23 42: 197, 4, 1
0 23 42: 326, 22, 0
0 23 43: 1659, 2, 2
0 23 44: 1658, 0, 2
0 23 45: 1658, 0, 2
0 23 46: 1658, 0, 2
0 23 47: 1659, 2, 1
0 23 48: 197, 4, 1
0 23 49: 1658, 0, 3
0 23 50: 1658, 0, 1
0 23 52: 1658, 0, 3
0 23 53: 1658, 1, 1
0 23 54: 197, 7, 1
0 23 54: 326, 22, 2
0 23 54: 1625, 0, 1
0 23 54: 1658, 9, 1
0 23 55: 325, 22, 1
0 23 58: 1629, 22, 3
0 23 60: 325, 22, 2
0 23 60: 997, 0, 1
0 23 61: 1620, 3, 3
0 23 62: 197, 4, 1
0 23 63: 1658, 0, 3
0 24 0: 1659, 2, 0
0 24 1: 325, 22, 0
0 24 2: 1658, 0, 3
0 24 3: 1658, 1, 1
0 24 4: 325, 22, 1
0 24 4: 1658, 9, 1
0 24 5: 1626, 3, 0
0 24 6: 724, 10, 2
0 24 6: 1626, 0, 1
0 24 8: 325, 22, 1
0 24 10: 325, 22, 0
0 24 11: 724, 10, 0
0 24 13: 325, 22, 3
0 24 14: 714, 10, 1
0 24 15: 197, 4, 1
0 24 16: 1658, 0, 3
0 24 20: 1658, 0, 1
0 24 21: 197, 4, 3
0 24 21: 325, 22, 0
0 24 24: 325, 22, 2
0 24 25: 325, 22, 0
0 24 27: 325, 22, 1
0 24 31: 325, 22, 3
0 24 36: 325, 22, 0
0 24 44: 325, 22, 0
0 24 45: 197, 4, 2
0 24 46: 325, 22, 3
0 24 49: 1658, 0, 3
0 24 50: 1658, 0, 1
0 24 51: 325, 22, 2
0 24 52: 1658, 0, 3
0 24 53: 1658, 0, 1
0 24 54: 326, 22, 1
0 24 55: 325, 22, 2
0 24 58: 174, 22, 2
0 24 60: 997, 0, 1
0 24 63: 1658, 0, 3
0 25 0: 1658, 0, 1
0 25 1: 197, 4, 1
0 25 2: 1658, 0, 3
0 25 3: 1658, 0, 1
0 25 4: 197, 4, 3
0 25 4: 326, 22, 0
0 25 5: 325, 22, 2
0 25 5: 1089, 10, 3
0 25 6: 1629, 22, 1
0 25 7: 325, 22, 0
0 25 8: 325, 22, 2
0 25 11: 1626, 3, 3
0 25 11: 1629, 22, 3
0 25 12: 1630, 22, 0
0 25 13: 1629, 22, 0
0 25 14: 1630, 22, 0
0 25 15: 325, 22, 2
0 25 15: 1624, 0, 0
0 25 16: 1658, 0, 3
0 25 20: 1658, 0, 1
0 25 23: 175, 22, 0
0 25 26: 197, 4, 1
0 25 27: 1659, 2, 3
0 25 28: 1658, 0, 0
0 25 29: 1658, 0, 0
0 25 30: 1659, 2, 0
0 25 31: 197, 4, 3
0 25 31: 326, 22, 2
0 25 32: 197, 4, 1
0 25 32: 325, 22, 2
0 25 33: 1659, 2, 3
0 25 34: 1658, 0, 0
0 25 35: 1659, 2, 0
0 25 36: 197, 4, 3
0 25 36: 326, 22, 3
0 25 37: 197, 4, 1
0 25 37: 324, 22, 3
0 25 38: 1659, 2, 3
0 25 39: 1658, 0, 0
0 25 40: 1659, 2, 0
0 25 41: 197, 4, 3
0 25 41: 325, 22, 2
0 25 42: 197, 4, 1
0 25 42: 325, 22, 1
0 25 43: 1659, 2, 3
0 25 44: 1658, 0, 0
0 25 45: 1658, 0, 0
0 25 46: 1658, 0, 0
0 25 47: 1658, 0, 0
0 25 48: 1658, 0, 0
0 25 49: 1658, 1, 3
0 25 50: 1658, 0, 1
0 25 51: 197, 4, 3
0 25 52: 1658, 0, 3
0 25 53: 1658, 0, 1
0 25 54: 325, 22, 3
0 25 58: 1629, 22, 3
0 25 60: 997, 0, 1
0 25 61: 1620, 3, 3
0 25 63: 1658, 0, 3
0 26 0: 1658, 0, 1
0 26 2: 1658, 0, 3
0 26 3: 1658, 0, 1
0 26 4: 325, 22, 3
0 26 5: 325, 22, 2
0 26 9: 325, 22, 3
0 26 11: 1247, 22, 2
0 26 11: 1626, 0, 3
0 26 12: 325, 22, 3
0 26 13: 1089, 10, 0
0 26 15: 325, 22, 1
0 26 16: 1658, 0, 3
0 26 20: 1658, 0, 1
0 26 21: 197, 4, 3
0 26 21: 325, 22, 1
0 26 23: 1247, 22, 3
0 26 26: 325, 22, 3
0 26 27: 1658, 0, 3
0 26 30: 1658, 1, 0
0 26 31: 660, 10, 0
0 26 31: 1881, 0, 0
0 26 32: 660, 10, 1
0 26 32: 1880, 0, 0
0 26 33: 1658, 1, 3
0 26 35: 1658, 1, 0
0 26 36: 1881, 0, 0
0 26 37: 660, 10, 2
0 26 37: 1880, 0, 0
0 26 38: 1658, 1, 3
0 26 40: 1658, 1, 0
0 26 41: 660, 10, 3
0 26 41: 1881, 0, 0
0 26 42: 1880, 0, 0
0 26 43: 1658, 1, 3
0 26 49: 1658, 1, 1
0 26 50: 1658, 9, 1
0 26 52: 1658, 0, 3
0 26 53: 1658, 0, 1
0 26 54: 40, 10, 0
0 26 60: 997, 0, 1
0 26 62: 197, 4, 1
0 26 63: 1658, 0, 3
0 27 0: 1658, 0, 1
0 27 2: 1658, 0, 3
0 27 3: 1658, 0, 1
0 27 4: 326, 22, 0
0 27 5: 325, 22, 3
0 27 6: 724, 10, 2
0 27 6: 1629, 22, 1
0 27 8: 325, 22, 2
0 27 10: 175, 22, 3
0 27 11: 325, 22, 2
0 27 11: 724, 10, 2
0 27 12: 326, 22, 0
0 27 13: 325, 22, 0
0 27 14: 325, 22, 0
0 27 15: 197, 4, 1
0 27 15: 326, 22, 2
0 27 16: 1658, 0, 3
0 27 20: 1658, 0, 1
0 27 21: 324, 22, 0
0 27 22: 325, 22, 0
0 27 25: 325, 22, 2
0 27 26: 197, 4, 1
0 27 26: 324, 22, 1
0 27 27: 1658, 0, 3
0 27 39: 1658, 1, 1
0 27 40: 1658, 0, 2
0 27 41: 1658, 0, 2
0 27 42: 1658, 0, 2
0 27 43: 1658, 0, 2
0 27 44: 1658, 1, 2
0 27 48: 1658, 1, 1
0 27 49: 1658, 9, 1
0 27 50: 325, 22, 1
0 27 51: 325, 22, 0
0 27 52: 1658, 0, 3
0 27 53: 1658, 0, 1
0 27 58: 1629, 22, 3
0 27 60: 997, 0, 1
0 27 61: 1620, 3, 3
0 27 63: 1658, 0, 3
0 28 0: 1658, 0, 1
0 28 1: 197, 4, 1
0 28 2: 1658, 0, 3
0 28 3: 1658, 0, 1
0 28 4: 197, 4, 3
0 28 4: 325, 22, 0
0 28 6: 1630, 22, 1
0 28 8: 1247, 22, 3
0 28 9: 325, 22, 2
0 28 10: 325, 22, 2
0 28 11: 1629, 22, 3
0 28 12: 325, 22, 1
0 28 13: 326, 22, 3
0 28 13: 2732, 10, 2
0 28 14: 325, 22, 3
0 28 14: 660, 10, 1
0 28 15: 325, 22, 2
0 28 15: 1658, 9, 3
0 28 16: 1658, 1, 3
0 28 20: 1658, 0, 1
0 28 21: 325, 22, 0
0 28 21: 1625, 0, 0
0 28 22: 1630, 22, 0
0 28 23: 1626, 0, 0
0 28 24: 197, 4, 1
0 28 24: 1624, 0, 0
0 28 25: 1659, 2, 3
0 28 26: 1658, 0, 0
0 28 27: 1658, 1, 3
0 28 36: 1658, 1, 1
0 28 37: 1658, 0, 2
0 28 38: 1658, 0, 2
0 28 39: 1658, 9, 1
0 28 40: 207, 4, 0
0 28 40: 325, 22, 1
0 28 41: 326, 22, 0
0 28 42: 1620, 0, 3
0 28 43: 325, 22, 3
0 28 44: 197, 7, 2
0 28 44: 1658, 9, 2
0 28 45: 1658, 0, 2
0 28 46: 1658, 0, 2
0 28 47: 1658, 0, 2
0 28 48: 197, 7, 1
0 28 48: 1658, 9, 1
0 28 51: 197, 7, 3
0 28 51: 1658, 9, 3
0 28 52: 1658, 1, 3
0 28 53: 1658, 0, 1
0 28 60: 997, 0, 1
0 28 63: 1658, 0, 3
0 29 0: 1658, 0, 1
0 29 1: 325, 22, 3
0 29 2: 1658, 0, 3
0 29 3: 1658, 1, 0
0 29 4: 1658, 9, 0
0 29 9: 325, 22, 1
0 29 10: 325, 22, 1
0 29 11: 1630, 22, 3
0 29 12: 1089, 10, 1
0 29 13: 660, 10, 2
0 29 14: 325, 22, 1
0 29 14: 1658, 9, 3
0 29 15: 1658, 1, 3
0 29 19: 1658, 1, 1
0 29 20: 1658, 9, 1
0 29 21: 325, 22, 3
0 29 22: 325, 22, 1
0 29 24: 325, 22, 1
0 29 25: 1658, 0, 3
0 29 35: 1658, 1, 1
0 29 36: 325, 22, 0
0 29 36: 1658, 9, 1
0 29 37: 207, 4, 0
0 29 37: 326, 22, 3
0 29 38: 325, 22, 3
0 29 41: 325, 22, 1
0 29 42: 325, 22, 3
0 29 50: 1658, 9, 3
0 29 51: 1658, 1, 3
0 29 53: 1658, 0, 1
0 29 54: 325, 22, 3
0 29 55: 174, 22, 1
0 29 60: 997, 0, 1
0 29 61: 1620, 3, 3
0 29 62: 197, 4, 1
0 29 63: 1658, 0, 3
0 30 0: 1658, 0, 1
0 30 1: 326, 22, 2
0 30 2: 1658, 0, 3
0 30 4: 1658, 0, 1
0 30 5: 325, 22, 3
0 30 5: 1625, 0, 0
0 30 6: 324, 22, 3
0 30 7: 1626, 3, 3
0 30 8: 324, 22, 2
0 30 11: 1625, 0, 3
0 30 13: 325, 22, 2
0 30 13: 1658, 9, 3
0 30 14: 1658, 1, 3
0 30 18: 1658, 1, 1
0 30 19: 324, 22, 1
0 30 19: 1658, 9, 1
0 30 23: 325, 22, 0
0 30 24: 324, 22, 0
0 30 25: 1658, 0, 3
0 30 34: 1658, 1, 1
0 30 35: 325, 22, 3
0 30 35: 1658, 9, 1
0 30 36: 325, 22, 0
0 30 39: 1620, 1, 1
0 30 40: 1620, 0, 2
0 30 41: 1620, 0, 2
0 30 42: 1620, 0, 3
0 30 43: 326, 22, 0
0 30 44: 325, 22, 2
0 30 48: 325, 22, 2
0 30 49: 1658, 9, 3
0 30 50: 1658, 1, 3
0 30 53: 1658, 0, 1
0 30 54: 325, 22, 1
0 30 54: 1624, 0, 2
0 30 55: 325, 22, 2
0 30 60: 997, 0, 1
0 30 63: 1658, 0, 3
0 31 0: 1658, 0, 1
0 31 1: 197, 4, 1
0 31 1: 325, 22, 1
0 31 2: 1658, 0, 3
0 31 4: 1658, 1, 0
0 31 5: 1658, 0, 0
0 31 6: 1658, 0, 0
0 31 7: 1659, 2, 0
0 31 8: 197, 4, 3
0 31 9: 197, 4, 1
0 31 10: 1659, 2, 3
0 31 11: 1658, 0, 0
0 31 12: 1658, 0, 0
0 31 13: 1658, 1, 3
0 31 15: 1658, 1, 1
0 31 16: 1658, 0, 2
0 31 17: 1658, 0, 2
0 31 18: 1658, 9, 1
0 31 21: 1247, 22, 0
0 31 23: 325, 22, 0
0 31 24: 197, 4, 1
0 31 24: 326, 22, 2
0 31 25: 1658, 0, 3
0 31 34: 1658, 0, 1
0 31 35: 207, 4, 3
0 31 35: 326, 22, 2
0 31 36: 325, 22, 0
0 31 38: 1620, 1, 1
0 31 39: 197, 6, 1
0 31 39: 1620, 9, 1
0 31 42: 197, 6, 2
0 31 42: 326, 22, 3
0 31 42: 1620, 9, 2
0 31 43: 326, 22, 2
0 31 43: 1620, 1, 2
0 31 48: 197, 7, 3
0 31 48: 1658, 9, 3
0 31 49: 1658, 1, 3
0 31 52: 1658, 1, 1
0 31 53: 197, 7, 1
0 31 53: 325, 22, 1
0 31 53: 1658, 9, 1
0 31 54: 325, 22, 2
0 31 56: 1629, 22, 0
0 31 57: 1629, 22, 0
0 31 60: 1620, 0, 1
0 31 61: 33, 4, 3
0 31 61: 1620, 3, 3
0 31 63: 1658, 0, 3
0 32 0: 1658, 0, 1
0 32 2: 1658, 0, 3
0 32 7: 1658, 0, 1
0 32 10: 1658, 0, 3
0 32 14: 1658, 1, 1
0 32 15: 326, 22, 1
0 32 15: 1658, 9, 1
0 32 16: 197, 4, 0
0 32 16: 325, 22, 0
0 32 18: 1624, 0, 3
0 32 19: 1247, 22, 3
0 32 23: 325, 22, 0
0 32 24: 325, 22, 1
0 32 24: 1658, 9, 3
0 32 25: 1658, 1, 3
0 32 34: 325, 22, 2
0 32 34: 1658, 0, 1
0 32 35: 325, 22, 3
0 32 35: 1625, 0, 0
0 32 36: 1629, 22, 0
0 32 37: 1626, 0, 0
0 32 38: 1620, 0, 1
0 32 38: 1629, 22, 0
0 32 43: 1620, 2, 3
0 32 44: 1625, 0, 0
0 32 46: 324, 22, 1
0 32 46: 1089, 10, 3
0 32 46: 1626, 0, 0
0 32 47: 197, 4, 1
0 32 47: 324, 22, 0
0 32 47: 1624, 0, 0
0 32 48: 1658, 0, 3
0 32 51: 1658, 1, 1
0 32 52: 325, 22, 0
0 32 52: 1620, 0, 2
0 32 52: 1658, 9, 1
0 32 53: 326, 22, 3
0 32 53: 1620, 0, 2
0 32 54: 325, 22, 3
0 32 54: 1620, 0, 2
0 32 55: 1620, 0, 2
0 32 56: 1620, 0, 2
0 32 58: 1620, 0, 2
0 32 59: 1620, 0, 2
0 32 60: 1620, 2, 1
0 32 62: 197, 4, 1
0 32 63: 1658, 0, 3
0 33 0: 1658, 0, 1
0 33 2: 1658, 0, 3
0 33 7: 1658, 0, 1
0 33 8: 325, 22, 1
0 33 10: 326, 22, 2
0 33 10: 1658, 9, 2
0 33 11: 1658, 0, 2
0 33 12: 1658, 0, 2
0 33 13: 1658, 0, 2
0 33 14: 325, 22, 3
0 33 14: 1658, 9, 1
0 33 15: 325, 22, 0
0 33 18: 1247, 22, 0
0 33 22: 325, 22, 3
0 33 23: 325, 22, 1
0 33 23: 1658, 9, 3
0 33 24: 1658, 1, 3
0 33 33: 1658, 1, 1
0 33 34: 1658, 9, 1
0 33 35: 325, 22, 0
0 33 38: 326, 22, 1
0 33 38: 1620, 0, 1
0 33 43: 1620, 0, 3
0 33 46: 325, 22, 0
0 33 47: 325, 22, 1
0 33 48: 1658, 0, 3
0 33 51: 1658, 0, 1
0 33 53: 325, 22, 0
0 33 57: 1541, 0, 3
0 33 60: 326, 22, 1
0 33 60: 1620, 0, 1
0 33 61: 34, 4, 3
0 33 62: 1658, 9, 3
0 33 63: 1658, 1, 3
0 34 0: 1658, 0, 1
0 34 2: 1658, 9, 2
0 34 3: 1658, 1, 2
0 34 7: 1658, 0, 1
0 34 8: 197, 4, 3
0 34 8: 326, 22, 2
0 34 11: 1247, 22, 1
0 34 13: 325, 22, 1
0 34 17: 325, 22, 3
0 34 18: 197, 4, 2
0 34 18: 325, 22, 1
0 34 18: 1625, 0, 3
0 34 19: 325, 22, 2
0 34 21: 197, 4, 2
0 34 22: 325, 22, 0
0 34 22: 1658, 9, 3
0 34 23: 1658, 1, 3
0 34 33: 1658, 0, 1
0 34 34: 325, 22, 3
0 34 38: 1620, 0, 1
0 34 43: 1620, 0, 3
0 34 45: 1247, 22, 3
0 34 47: 325, 22, 2
0 34 47: 1089, 10, 2
0 34 48: 1658, 0, 3
0 34 51: 1658, 0, 1
0 34 53: 325, 22, 1
0 34 60: 1620, 0, 1
0 34 62: 1658, 0, 3
0 35 0: 1658, 0, 1
0 35 3: 197, 7, 2
0 35 3: 1658, 9, 2
0 35 4: 1658, 1, 2
0 35 7: 1658, 1, 0
0 35 8: 326, 22, 3
0 35 8: 1658, 9, 0
0 35 9: 325, 22, 3
0 35 10: 197, 4, 2
0 35 12: 325, 22, 0
0 35 12: 1658, 9, 3
0 35 13: 1658, 0, 0
0 35 14: 326, 22, 0
0 35 14: 1658, 9, 0
0 35 15: 325, 22, 0
0 35 16: 197, 4, 2
0 35 16: 325, 22, 0
0 35 17: 326, 22, 3
0 35 17: 1658, 9, 3
0 35 18: 1658, 0, 0
0 35 19: 1658, 0, 0
0 35 20: 1658, 0, 0
0 35 21: 1658, 0, 0
0 35 22: 1658, 1, 3
0 35 32: 1658, 1, 1
0 35 33: 324, 22, 1
0 35 33: 1658, 9, 1
0 35 34: 1629, 22, 0
0 35 35: 1629, 22, 0
0 35 36: 1630, 22, 0
0 35 38: 1620, 0, 1
0 35 38: 1629, 22, 0
0 35 43: 1620, 2, 2
0 35 44: 1530, 0, 2
0 35 45: 175, 22, 0
0 35 45: 1620, 0, 2
0 35 46: 1620, 0, 2
0 35 47: 197, 4, 1
0 35 47: 1620, 0, 2
0 35 48: 1658, 0, 3
0 35 51: 1658, 0, 1
0 35 52: 326, 22, 0
0 35 52: 1620, 0, 2
0 35 53: 1620, 0, 2
0 35 54: 1620, 0, 2
0 35 55: 1620, 0, 2
0 35 56: 1620, 0, 2
0 35 57: 37, 0, 2
0 35 58: 1620, 0, 2
0 35 59: 1620, 0, 2
0 35 60: 326, 22, 0
0 35 60: 1620, 2, 1
0 35 62: 1658, 0, 3
0 36 0: 1658, 0, 1
0 36 1: 1247, 22, 2
0 36 4: 1658, 9, 2
0 36 5: 1658, 1, 2
0 36 8: 1658, 1, 0
0 36 9: 1658, 0, 0
0 36 10: 1658, 0, 0
0 36 11: 1658, 0, 0
0 36 12: 1658, 1, 3
0 36 14: 1658, 1, 0
0 36 15: 1658, 0, 0
0 36 16: 1658, 0, 0
0 36 17: 1658, 1, 3
0 36 32: 1658, 0, 1
0 36 33: 207, 4, 3
0 36 33: 326, 22, 1
0 36 34: 324, 22, 2
0 36 35: 325, 22, 1
0 36 38: 1247, 22, 0
0 36 38: 1620, 1, 0
0 36 39: 197, 6, 0
0 36 39: 1620, 9, 0
0 36 42: 197, 6, 3
0 36 42: 1620, 9, 3
0 36 43: 1620, 1, 3
0 36 45: 1624, 0, 3
0 36 46: 324, 22, 1
0 36 47: 326, 22, 2
0 36 48: 1658, 0, 3
0 36 51: 1658, 0, 1
0 36 52: 326, 22, 1
0 36 53: 324, 22, 0
0 36 54: 325, 22, 3
0 36 56: 197, 4, 0
0 36 58: 197, 4, 0
0 36 62: 1658, 0, 3
0 37 0: 1658, 0, 1
0 37 4: 325, 22, 3
0 37 5: 197, 7, 2
0 37 5: 325, 22, 0
0 37 5: 1658, 9, 2
0 37 6: 1658, 1, 2
0 37 32: 1658, 1, 0
0 37 33: 324, 22, 3
0 37 33: 1658, 9, 0
0 37 34: 324, 22, 2
0 37 38: 1247, 22, 0
0 37 39: 1620, 1, 0
0 37 40: 1620, 0, 0
0 37 41: 1620, 0, 0
0 37 42: 1620, 0, 3
0 37 45: 1630, 22, 2
0 37 47: 325, 22, 0
0 37 48: 1631, 0, 3
0 37 48: 1658, 9, 2
0 37 49: 1658, 1, 2
0 37 51: 1658, 1, 0
0 37 52: 197, 7, 0
0 37 52: 324, 22, 1
0 37 52: 1658, 9, 0
0 37 53: 324, 22, 2
0 37 54: 325, 22, 2
0 37 62: 325, 22, 2
0 37 62: 1658, 9, 2
0 37 63: 1658, 1, 2
0 38 0: 1658, 1, 0
0 38 1: 1658, 9, 0
0 38 4: 325, 22, 0
0 38 5: 326, 22, 1
0 38 6: 325, 22, 1
0 38 6: 1658, 9, 2
0 38 7: 1658, 1, 2
0 38 25: 1658, 1, 1
0 38 26: 1658, 0, 2
0 38 27: 1658, 0, 2
0 38 28: 1658, 1, 2
0 38 33: 1658, 0, 1
0 38 34: 325, 22, 0
0 38 34: 1625, 0, 0
0 38 35: 1626, 0, 0
0 38 36: 1630, 22, 0
0 38 37: 1630, 22, 0
0 38 38: 1626, 0, 0
0 38 39: 1629, 22, 0
0 38 40: 1626, 0, 0
0 38 41: 1624, 0, 0
0 38 42: 1620, 0, 3
0 38 45: 1630, 22, 3
0 38 47: 325, 22, 2
0 38 48: 1530, 0, 3
0 38 49: 325, 22, 1
0 38 49: 1658, 9, 2
0 38 50: 1658, 1, 2
0 38 52: 1658, 1, 0
0 38 53: 324, 22, 0
0 38 53: 1658, 9, 0
0 38 54: 1630, 22, 0
0 38 55: 1629, 22, 0
0 38 56: 1626, 2, 3
0 38 57: 1629, 22, 0
0 38 58: 1629, 22, 0
0 38 59: 1626, 3, 0
0 38 59: 1629, 22, 0
0 38 61: 325, 22, 1
0 38 62: 197, 4, 1
0 38 62: 325, 22, 0
0 38 63: 1658, 0, 3
0 39 1: 1658, 0, 1
0 39 2: 197, 4, 3
0 39 2: 325, 22, 3
0 39 3: 325, 22, 3
0 39 6: 197, 4, 1
0 39 6: 325, 22, 3
0 39 7: 1658, 0, 3
0 39 25: 1658, 0, 1
0 39 26: 326, 22, 1
0 39 27: 325, 22, 3
0 39 28: 1658, 0, 3
0 39 32: 1658, 1, 1
0 39 33: 324, 22, 3
0 39 33: 1658, 9, 1
0 39 34: 325, 22, 3
0 39 35: 325, 22, 1
0 39 37: 1629, 22, 3
0 39 45: 326, 22, 3
0 39 45: 1625, 0, 3
0 39 46: 325, 22, 3
0 39 47: 326, 22, 3
0 39 48: 1620, 0, 3
0 39 49: 325, 22, 2
0 39 50: 1658, 9, 2
0 39 51: 1658, 1, 2
0 39 53: 1658, 1, 0
0 39 54: 197, 7, 0
0 39 54: 1658, 9, 0
0 39 55: 325, 22, 1
0 39 56: 325, 22, 2
0 39 59: 1629, 22, 1
0 39 61: 325, 22, 1
0 39 62: 325, 22, 1
0 39 62: 1658, 9, 3
0 39 63: 1658, 1, 3
0 40 1: 1658, 1, 0
0 40 2: 326, 22, 0
0 40 2: 1658, 9, 0
0 40 3: 325, 22, 0
0 40 7: 1658, 9, 2
0 40 8: 1658, 1, 2
0 40 25: 1658, 0, 1
0 40 26: 325, 22, 0
0 40 28: 1658, 0, 3
0 40 32: 1658, 0, 1
0 40 33: 207, 4, 3
0 40 33: 326, 22, 2
0 40 34: 324, 22, 1
0 40 37: 1629, 22, 3
0 40 42: 1620, 0, 3
0 40 43: 325, 22, 2
0 40 44: 1620, 2, 3
0 40 45: 1620, 0, 0
0 40 46: 1620, 0, 0
0 40 47: 1620, 0, 0
0 40 48: 1620, 9, 0
0 40 50: 325, 22, 2
0 40 51: 325, 22, 1
0 40 51: 1658, 9, 2
0 40 52: 1658, 1, 2
0 40 54: 1658, 1, 0
0 40 55: 325, 22, 2
0 40 55: 1658, 9, 0
0 40 56: 197, 4, 2
0 40 56: 326, 22, 3
0 40 56: 1625, 0, 3
0 40 57: 325, 22, 0
0 40 59: 197, 4, 2
0 40 59: 326, 22, 2
0 40 59: 1624, 0, 1
0 40 61: 1658, 9, 3
0 40 62: 1658, 1, 3
0 41 2: 1658, 1, 0
0 41 3: 1658, 0, 0
0 41 4: 197, 7, 0
0 41 4: 1658, 9, 0
0 41 8: 1658, 9, 2
0 41 9: 1658, 1, 2
0 41 25: 1658, 0, 1
0 41 27: 1247, 22, 1
0 41 28: 1658, 0, 3
0 41 32: 1658, 1, 0
0 41 33: 324, 22, 2
0 41 33: 1658, 9, 0
0 41 34: 325, 22, 2
0 41 37: 1629, 22, 3
0 41 42: 1620, 0, 3
0 41 43: 326, 22, 0
0 41 44: 1620, 0, 3
0 41 48: 1620, 1, 0
0 41 49: 196, 7, 0
0 41 49: 1620, 9, 0
0 41 50: 325, 22, 1
0 41 51: 197, 4, 1
0 41 51: 326, 22, 3
0 41 52: 1658, 0, 3
0 41 55: 1658, 1, 0
0 41 56: 1658, 0, 0
0 41 57: 1658, 0, 0
0 41 58: 1658, 0, 0
0 41 59: 1658, 0, 0
0 41 60: 1658, 0, 0
0 41 61: 1658, 1, 3
0 42 4: 1658, 1, 0
0 42 5: 1658, 9, 0
0 42 6: 197, 4, 2
0 42 6: 1247, 22, 3
0 42 9: 1658, 0, 3
0 42 25: 1658, 1, 0
0 42 26: 1659, 2, 0
0 42 28: 1658, 0, 3
0 42 33: 1658, 0, 1
0 42 34: 197, 4, 3
0 42 34: 325, 22, 2
0 42 34: 1620, 0, 0
0 42 35: 1620, 0, 0
0 42 36: 1620, 0, 0
0 42 37: 1620, 0, 0
0 42 38: 1530, 0, 0
0 42 39: 325, 22, 1
0 42 39: 1620, 0, 0
0 42 40: 197, 4, 1
0 42 40: 325, 22, 2
0 42 40: 1620, 0, 0
0 42 41: 1620, 2, 3
0 42 42: 1620, 0, 0
0 42 43: 1620, 0, 0
0 42 49: 1620, 0, 1
0 42 51: 325, 22, 0
0 42 52: 1658, 0, 3
0 43 5: 1658, 1, 0
0 43 6: 1658, 0, 0
0 43 7: 1658, 9, 0
0 43 9: 1658, 0, 3
0 43 26: 1658, 0, 1
0 43 28: 1658, 0, 3
0 43 33: 1658, 0, 1
0 43 34: 324, 22, 2
0 43 41: 1620, 0, 3
0 43 49: 1620, 0, 1
0 43 51: 325, 22, 3
0 43 52: 1658, 0, 3
0 44 7: 1658, 0, 1
0 44 9: 1658, 0, 3
0 44 19: 1658, 1, 1
0 44 20: 1658, 0, 2
0 44 21: 1658, 0, 2
0 44 22: 1658, 0, 2
0 44 23: 1658, 1, 2
0 44 26: 1658, 0, 1
0 44 27: 325, 22, 3
0 44 28: 1658, 0, 3
0 44 32: 1658, 1, 1
0 44 33: 326, 22, 0
0 44 33: 1658, 9, 1
0 44 34: 326, 22, 0
0 44 35: 325, 22, 2
0 44 40: 325, 22, 1
0 44 41: 1620, 0, 3
0 44 48: 1620, 1, 1
0 44 49: 196, 7, 1
0 44 49: 1620, 9, 1
0 44 50: 325, 22, 3
0 44 51: 197, 4, 1
0 44 51: 326, 22, 2
0 44 52: 1658, 0, 3
0 45 7: 1658, 0, 1
0 45 9: 1658, 9, 2
0 45 10: 1658, 1, 2
0 45 18: 1658, 1, 1
0 45 19: 1658, 9, 1
0 45 20: 197, 4, 0
0 45 20: 1624, 0, 3
0 45 21: 325, 22, 3
0 45 22: 197, 4, 0
0 45 22: 326, 22, 1
0 45 22: 1625, 0, 1
0 45 23: 325, 22, 2
0 45 23: 1658, 9, 2
0 45 24: 1658, 1, 2
0 45 26: 1658, 0, 1
0 45 28: 1658, 0, 3
0 45 32: 1658, 0, 1
0 45 33: 207, 4, 3
0 45 33: 326, 22, 1
0 45 33: 1624, 0, 2
0 45 34: 326, 22, 3
0 45 34: 1626, 0, 2
0 45 36: 1626, 0, 2
0 45 39: 325, 22, 0
0 45 39: 1626, 0, 2
0 45 40: 197, 4, 1
0 45 40: 326, 22, 0
0 45 40: 1625, 0, 2
0 45 41: 1620, 2, 2
0 45 42: 1620, 0, 2
0 45 43: 1620, 0, 2
0 45 44: 1620, 0, 2
0 45 45: 1620, 0, 2
0 45 46: 1620, 0, 2
0 45 47: 1620, 0, 2
0 45 48: 1620, 9, 1
0 45 50: 325, 22, 2
0 45 51: 1658, 9, 3
0 45 52: 1658, 1, 3
0 46 7: 1658, 0, 1
0 46 10: 1658, 9, 2
0 46 11: 1658, 0, 2
0 46 12: 1658, 0, 2
0 46 13: 1658, 0, 2
0 46 14: 1658, 0, 2
0 46 15: 1658, 0, 2
0 46 16: 1658, 0, 2
0 46 17: 1658, 0, 2
0 46 18: 197, 7, 1
0 46 18: 1658, 9, 1
0 46 19: 325, 22, 0
0 46 20: 1626, 3, 2
0 46 21: 1626, 3, 2
0 46 22: 1630, 22, 1
0 46 23: 325, 22, 3
0 46 24: 197, 7, 2
0 46 24: 1658, 9, 2
0 46 25: 1658, 0, 2
0 46 26: 1659, 2, 1
0 46 27: 325, 22, 2
0 46 28: 1659, 2, 2
0 46 29: 1658, 0, 2
0 46 30: 1658, 1, 2
0 46 32: 1658, 1, 0
0 46 33: 324, 22, 2
0 46 33: 1658, 9, 0
0 46 34: 324, 22, 0
0 46 35: 1630, 22, 0
0 46 37: 1630, 22, 0
0 46 38: 1629, 22, 0
0 46 40: 325, 22, 1
0 46 41: 324, 22, 3
0 46 42: 197, 4, 0
0 46 42: 326, 22, 0
0 46 43: 324, 22, 1
0 46 44: 325, 22, 2
0 46 45: 325, 22, 0
0 46 47: 197, 4, 0
0 46 50: 1658, 9, 3
0 46 51: 1658, 1, 3
0 47 7: 1658, 1, 0
0 47 8: 197, 7, 0
0 47 8: 1658, 9, 0
0 47 11: 1629, 22, 2
0 47 12: 197, 4, 0
0 47 12: 325, 22, 1
0 47 13: 1629, 22, 2
0 47 14: 1626, 0, 2
0 47 16: 1247, 22, 0
0 47 17: 197, 4, 0
0 47 17: 1625, 0, 1
0 47 19: 1629, 22, 1
0 47 22: 1626, 0, 1
0 47 23: 1247, 22, 2
0 47 26: 325, 22, 1
0 47 29: 197, 4, 0
0 47 30: 325, 22, 2
0 47 30: 1658, 9, 2
0 47 31: 1658, 1, 2
0 47 33: 324, 22, 3
0 47 33: 1658, 0, 1
0 47 34: 326, 22, 3
0 47 35: 324, 22, 1
0 47 42: 324, 22, 1
0 47 43: 324, 22, 2
0 47 44: 325, 22, 1
0 47 45: 197, 4, 2
0 47 49: 1658, 9, 3
0 47 50: 1658, 1, 3
0 48 8: 1658, 1, 0
0 48 9: 1658, 9, 0
0 48 10: 197, 4, 2
0 48 10: 325, 22, 2
0 48 10: 1624, 0, 1
0 48 11: 324, 22, 2
0 48 12: 325, 22, 1
0 48 14: 324, 22, 3
0 48 14: 1624, 0, 1
0 48 15: 197, 4, 2
0 48 15: 325, 22, 2
0 48 19: 325, 22, 1
0 48 22: 1629, 22, 1
0 48 26: 325, 22, 2
0 48 27: 197, 4, 2
0 48 30: 325, 22, 1
0 48 31: 326, 22, 2
0 48 31: 1658, 9, 2
0 48 32: 1658, 1, 2
0 48 33: 1658, 0, 1
0 48 34: 197, 4, 3
0 48 34: 324, 22, 2
0 48 35: 325, 22, 1
0 48 40: 1247, 22, 0
0 48 43: 197, 4, 1
0 48 44: 1659, 2, 3
0 48 45: 1658, 0, 0
0 48 46: 1658, 0, 0
0 48 47: 1658, 0, 0
0 48 48: 1658, 0, 0
0 48 49: 1658, 1, 3
0 49 9: 1658, 1, 0
0 49 10: 1658, 0, 0
0 49 11: 1658, 0, 0
0 49 12: 1658, 0, 0
0 49 13: 1658, 0, 0
0 49 14: 1658, 0, 0
0 49 15: 1658, 0, 0
0 49 16: 1658, 0, 0
0 49 17: 1658, 0, 0
0 49 18: 197, 7, 0
0 49 18: 1658, 9, 0
0 49 19: 1630, 22, 1
0 49 22: 325, 22, 2
0 49 22: 1626, 0, 1
0 49 23: 325, 22, 2
0 49 24: 197, 7, 3
0 49 24: 1658, 9, 3
0 49 25: 1658, 0, 0
0 49 26: 1658, 0, 0
0 49 27: 1658, 0, 0
0 49 28: 1658, 9, 0
0 49 30: 325, 22, 1
0 49 31: 326, 22, 1
0 49 32: 1658, 0, 3
0 49 33: 1658, 1, 0
0 49 34: 325, 22, 2
0 49 34: 1658, 9, 0
0 49 37: 715, 0, 2
0 49 37: 1247, 22, 3
0 49 41: 715, 0, 2
0 49 43: 326, 22, 0
0 49 44: 1658, 0, 3
0 50 18: 1658, 1, 0
0 50 19: 1658, 9, 0
0 50 20: 197, 4, 2
0 50 20: 1625, 0, 3
0 50 21: 325, 22, 1
0 50 22: 197, 4, 2
0 50 22: 324, 22, 0
0 50 22: 1624, 0, 1
0 50 23: 325, 22, 1
0 50 23: 1658, 9, 3
0 50 24: 1658, 1, 3
0 50 28: 1658, 1, 0
0 50 29: 1658, 9, 0
0 50 31: 325, 22, 0
0 50 32: 1658, 0, 3
0 50 34: 1658, 1, 0
0 50 35: 1658, 9, 0
0 50 36: 715, 0, 2
0 50 38: 715, 0, 2
0 50 40: 715, 0, 2
0 50 42: 324, 22, 1
0 50 42: 715, 0, 2
0 50 43: 1658, 9, 3
0 50 44: 1658, 1, 3
0 50 54: 1658, 1, 1
0 50 55: 1658, 0, 2
0 50 56: 1658, 0, 2
0 50 57: 1658, 1, 2
0 51 19: 1658, 1, 0
0 51 20: 1658, 0, 0
0 51 21: 1658, 0, 0
0 51 22: 1658, 0, 0
0 51 23: 1658, 1, 3
0 51 29: 1658, 0, 1
0 51 30: 175, 22, 3
0 51 31: 197, 4, 1
0 51 32: 1658, 0, 3
0 51 35: 325, 22, 0
0 51 35: 1658, 0, 1
0 51 36: 197, 4, 3
0 51 36: 325, 22, 3
0 51 36: 716, 9, 3
0 51 37: 715, 0, 0
0 51 41: 715, 0, 0
0 51 42: 197, 4, 1
0 51 42: 326, 22, 1
0 51 42: 716, 9, 0
0 51 43: 1658, 0, 3
0 51 54: 1658, 0, 1
0 51 55: 326, 22, 0
0 51 56: 325, 22, 0
0 51 57: 1658, 0, 3
0 52 29: 1658, 0, 1
0 52 31: 325, 22, 1
0 52 32: 1658, 0, 3
0 52 35: 1658, 1, 0
0 52 36: 324, 22, 3
0 52 36: 1658, 9, 0
0 52 37: 324, 22, 1
0 52 37: 716, 9, 3
0 52 38: 325, 22, 3
0 52 38: 715, 0, 0
0 52 39: 324, 22, 2
0 52 40: 715, 0, 0
0 52 41: 324, 22, 0
0 52 41: 716, 9, 0
0 52 42: 324, 22, 3
0 52 42: 1658, 9, 3
0 52 43: 1658, 1, 3
0 52 51: 1658, 1, 1
0 52 52: 1658, 0, 2
0 52 53: 1658, 0, 2
0 52 54: 1659, 2, 1
0 52 55: 197, 4, 3
0 52 55: 325, 22, 2
0 52 56: 197, 4, 1
0 52 57: 1659, 2, 2
0 52 58: 1658, 0, 2
0 52 59: 1658, 0, 2
0 52 60: 1658, 0, 2
0 52 61: 1658, 0, 2
0 52 62: 1658, 1, 2
0 53 29: 1658, 0, 1
0 53 30: 197, 4, 3
0 53 31: 325, 22, 0
0 53 32: 1658, 0, 3
0 53 36: 1658, 1, 0
0 53 37: 324, 22, 0
0 53 37: 1658, 9, 0
0 53 38: 197, 4, 2
0 53 38: 715, 0, 2
0 53 39: 715, 0, 2
0 53 40: 197, 4, 2
0 53 40: 715, 0, 2
0 53 41: 1658, 9, 3
0 53 42: 1658, 1, 3
0 53 46: 1658, 1, 1
0 53 47: 1658, 0, 2
0 53 48: 1658, 0, 2
0 53 49: 1658, 1, 2
0 53 50: 1658, 1, 1
0 53 51: 326, 22, 3
0 53 51: 1658, 9, 1
0 53 52: 325, 22, 1
0 53 54: 1247, 22, 1
0 53 56: 325, 22, 3
0 53 59: 197, 4, 0
0 53 59: 325, 22, 1
0 53 60: 325, 22, 3
0 53 61: 324, 22, 0
0 53 62: 1658, 0, 3
0 54 28: 1658, 1, 1
0 54 29: 1658, 9, 1
0 54 32: 1658, 9, 2
0 54 33: 1658, 1, 2
0 54 37: 1658, 1, 0
0 54 38: 1658, 0, 0
0 54 39: 1658, 0, 0
0 54 40: 1658, 0, 0
0 54 41: 1658, 1, 3
0 54 46: 1658, 0, 1
0 54 47: 197, 4, 3
0 54 47: 326, 22, 3
0 54 48: 197, 4, 1
0 54 48: 325, 22, 2
0 54 49: 1658, 0, 3
0 54 50: 1658, 0, 1
0 54 51: 197, 4, 3
0 54 51: 325, 22, 2
0 54 53: 197, 7, 3
0 54 53: 1658, 9, 3
0 54 54: 1659, 2, 0
0 54 55: 325, 22, 2
0 54 56: 326, 22, 1
0 54 57: 1659, 2, 3
0 54 58: 1658, 0, 0
0 54 59: 1658, 0, 0
0 54 60: 1659, 2, 0
0 54 61: 325, 22, 2
0 54 62: 1658, 0, 3
0 55 24: 1658, 1, 1
0 55 25: 1658, 0, 2
0 55 26: 1658, 0, 2
0 55 27: 1658, 0, 2
0 55 28: 197, 7, 1
0 55 28: 1658, 9, 1
0 55 30: 325, 22, 0
0 55 31: 325, 22, 1
0 55 33: 197, 7, 2
0 55 33: 1658, 9, 2
0 55 34: 1658, 0, 2
0 55 35: 1658, 0, 2
0 55 36: 1658, 0, 2
0 55 37: 1658, 0, 2
0 55 38: 1658, 0, 2
0 55 39: 1658, 0, 2
0 55 40: 1658, 0, 2
0 55 41: 1658, 0, 2
0 55 42: 1658, 0, 2
0 55 43: 1658, 0, 2
0 55 44: 1658, 0, 2
0 55 45: 1658, 0, 2
0 55 46: 1659, 2, 1
0 55 47: 325, 22, 0
0 55 49: 1659, 2, 2
0 55 50: 1659, 2, 1
0 55 52: 325, 22, 3
0 55 53: 1658, 0, 3
0 55 54: 1658, 1, 0
0 55 55: 1658, 0, 0
0 55 56: 1658, 0, 0
0 55 57: 1658, 1, 3
0 55 60: 1658, 0, 1
0 55 61: 197, 4, 1
0 55 62: 1658, 0, 3
0 56 24: 1658, 0, 1
0 56 25: 326, 22, 3
0 56 26: 325, 22, 3
0 56 27: 325, 22, 2
0 56 30: 325, 22, 3
0 56 31: 326, 22, 1
0 56 32: 325, 22, 1
0 56 33: 1247, 22, 0
0 56 35: 197, 4, 0
0 56 38: 197, 4, 2
0 56 39: 325, 22, 3
0 56 40: 325, 22, 0
0 56 41: 197, 4, 0
0 56 42: 1247, 22, 3
0 56 44: 325, 22, 0
0 56 45: 197, 4, 2
0 56 47: 1247, 22, 2
0 56 51: 325, 22, 0
0 56 52: 324, 22, 1
0 56 53: 1658, 0, 3
0 56 60: 1658, 0, 1
0 56 62: 1658, 0, 3
0 57 24: 1658, 1, 0
0 57 25: 1658, 0, 0
0 57 26: 1658, 0, 0
0 57 27: 1658, 0, 0
0 57 28: 197, 7, 0
0 57 28: 1658, 9, 0
0 57 31: 325, 22, 2
0 57 33: 197, 7, 3
0 57 33: 1658, 9, 3
0 57 34: 1658, 0, 0
0 57 35: 1658, 0, 0
0 57 36: 1658, 0, 0
0 57 37: 1658, 0, 0
0 57 38: 1658, 0, 0
0 57 39: 1658, 0, 0
0 57 40: 1658, 0, 0
0 57 41: 1658, 0, 0
0 57 42: 1658, 0, 0
0 57 43: 1658, 0, 0
0 57 44: 1658, 0, 0
0 57 45: 1658, 0, 0
0 57 46: 1659, 2, 0
0 57 48: 325, 22, 3
0 57 49: 1659, 2, 3
0 57 50: 1658, 0, 0
0 57 51: 1658, 0, 0
0 57 52: 1658, 0, 0
0 57 53: 1658, 1, 3
0 57 60: 1658, 0, 1
0 57 61: 197, 4, 3
0 57 62: 1658, 0, 3
0 58 28: 1658, 1, 0
0 58 29: 1658, 9, 0
0 58 32: 1658, 9, 3
0 58 33: 1658, 1, 3
0 58 46: 1658, 1, 0
0 58 47: 1658, 0, 0
0 58 48: 1658, 0, 0
0 58 49: 1658, 1, 3
0 58 59: 1658, 1, 1
0 58 60: 326, 22, 1
0 58 60: 1658, 9, 1
0 58 61: 325, 22, 0
0 58 62: 324, 22, 0
0 58 62: 1658, 9, 2
0 58 63: 1658, 1, 2
0 59 29: 1658, 0, 1
0 59 30: 325, 22, 3
0 59 31: 197, 4, 1
0 59 32: 1658, 0, 3
0 59 59: 1658, 0, 1
0 59 60: 325, 22, 1
0 59 62: 325, 22, 1
0 59 63: 1658, 0, 3
0 60 29: 1658, 0, 1
0 60 30: 326, 22, 0
0 60 31: 325, 22, 0
0 60 32: 1658, 0, 3
0 60 59: 1658, 0, 1
0 60 60: 197, 4, 3
0 60 62: 197, 4, 1
0 60 62: 325, 22, 0
0 60 63: 1658, 0, 3
0 61 29: 1658, 1, 0
0 61 30: 1658, 0, 0
0 61 31: 1658, 0, 0
0 61 32: 1658, 1, 3
0 61 59: 1658, 0, 1
0 61 60: 325, 22, 0
0 61 61: 1755, 10, 0
0 61 62: 325, 22, 1
0 61 63: 1658, 0, 3
0 62 59: 1658, 0, 1
0 62 60: 324, 22, 1
0 62 61: 325, 22, 2
0 62 62: 326, 22, 2
0 62 63: 1658, 0, 3
0 63 59: 1658, 1, 0
0 63 60: 1658, 0, 0
0 63 61: 1658, 0, 0
0 63 62: 1658, 0, 0
0 63 63: 1658, 1, 3
1 0 2: 325, 22, 0
1 0 4: 325, 22, 3
1 0 11: 324, 22, 0
1 0 18: 324, 22, 0
1 0 27: 324, 22, 3
1 0 28: 326, 22, 0
1 0 29: 325, 22, 3
1 0 55: 326, 22, 1
1 1 1: 324, 22, 1
1 1 2: 326, 22, 0
1 1 10: 325, 22, 0
1 1 11: 325, 22, 2
1 1 16: 325, 22, 2
1 1 24: 326, 22, 3
1 1 25: 325, 22, 1
1 1 28: 325, 22, 0
1 1 52: 325, 22, 2
1 1 53: 325, 22, 3
1 2 11: 326, 22, 2
1 2 12: 325, 22, 3
1 2 15: 326, 22, 1
1 2 17: 325, 22, 3
1 2 18: 325, 22, 2
1 2 24: 325, 22, 2
1 2 52: 326, 22, 0
1 3 12: 325, 22, 0
1 3 18: 326, 22, 0
1 3 34: 326, 22, 1
1 3 36: 325, 22, 3
1 3 37: 326, 22, 0
1 3 38: 325, 22, 1
1 3 39: 325, 22, 2
1 3 51: 325, 22, 3
1 4 0: 326, 22, 3
1 4 51: 325, 22, 3
1 5 22: 325, 22, 2
1 6 22: 326, 22, 2
1 6 23: 325, 22, 3
1 6 51: 326, 22, 0
1 7 0: 325, 22, 1
1 7 16: 325, 22, 2
1 7 17: 326, 22, 1
1 7 18: 325, 22, 1
1 7 22: 325, 22, 0
1 7 51: 325, 22, 2
1 7 62: 326, 22, 0
1 8 0: 326, 22, 0
1 8 13: 326, 22, 2
1 8 18: 325, 22, 2
1 9 0: 325, 22, 1
1 9 10: 325, 22, 0
1 9 12: 325, 22, 2
1 9 22: 325, 22, 0
1 9 35: 325, 22, 0
1 9 51: 325, 22, 0
1 10 10: 324, 22, 1
1 10 22: 325, 22, 3
1 10 35: 325, 22, 1
1 10 51: 326, 22, 2
1 10 56: 325, 22, 1
1 11 10: 325, 22, 1
1 11 22: 325, 22, 2
1 11 23: 325, 22, 3
1 11 57: 326, 22, 3
1 12 8: 326, 22, 2
1 12 24: 324, 22, 0
1 12 57: 325, 22, 3
1 12 62: 326, 22, 3
1 13 8: 325, 22, 0
1 13 16: 326, 22, 3
1 13 17: 325, 22, 1
1 13 18: 325, 22, 3
1 13 22: 325, 22, 3
1 13 36: 325, 22, 1
1 13 46: 324, 22, 3
1 13 57: 325, 22, 3
1 14 1: 324, 22, 0
1 14 3: 325, 22, 0
1 14 16: 325, 22, 1
1 14 17: 325, 22, 1
1 14 36: 325, 22, 0
1 14 37: 324, 22, 0
1 14 45: 325, 22, 1
1 14 46: 325, 22, 2
1 15 2: 325, 22, 1
1 15 14: 325, 22, 3
1 15 15: 325, 22, 2
1 15 17: 325, 22, 2
1 15 21: 326, 22, 1
1 15 37: 325, 22, 3
1 15 46: 325, 22, 1
1 15 62: 325, 22, 2
1 16 15: 326, 22, 0
1 16 20: 325, 22, 0
1 16 45: 326, 22, 2
1 16 62: 326, 22, 1
1 16 63: 325, 22, 3
1 17 2: 325, 22, 0
1 17 16: 325, 22, 3
1 17 25: 325, 22, 3
1 17 28: 326, 22, 3
1 17 32: 325, 22, 3
1 17 36: 325, 22, 3
1 17 38: 325, 22, 1
1 17 63: 324, 22, 0
1 18 0: 326, 22, 1
1 18 16: 324, 22, 1
1 18 17: 325, 22, 0
1 18 24: 325, 22, 0
1 18 25: 326, 22, 0
1 18 26: 325, 22, 0
1 18 35: 325, 22, 2
1 18 36: 325, 22, 0
1 18 37: 325, 22, 1
1 18 38: 325, 22, 3
1 18 39: 324, 22, 3
1 19 36: 326, 22, 1
1 19 39: 325, 22, 2
1 20 33: 325, 22, 0
1 20 34: 325, 22, 3
1 21 44: 325, 22, 3
1 21 45: 326, 22, 1
1 22 19: 326, 22, 1
1 22 39: 325, 22, 0
1 22 45: 325, 22, 2
1 23 2: 324, 22, 0
1 23 17: 325, 22, 0
1 24 17: 324, 22, 0
1 26 17: 325, 22, 0
1 26 18: 325, 22, 3
1 26 28: 325, 22, 0
1 26 29: 326, 22, 2
1 26 34: 325, 22, 0
1 26 45: 324, 22, 0
1 26 46: 325, 22, 1
1 26 48: 325, 22, 0
1 27 18: 326, 22, 2
1 27 19: 325, 22, 2
1 27 29: 325, 22, 1
1 27 30: 325, 22, 0
1 27 34: 325, 22, 2
1 27 35: 325, 22, 2
1 27 36: 325, 22, 1
1 27 47: 326, 22, 3
1 28 18: 325, 22, 2
1 28 27: 324, 22, 3
1 29 27: 325, 22, 0
1 29 52: 324, 22, 3
1 30 3: 324, 22, 1
1 30 18: 326, 22, 1
1 30 28: 325, 22, 0
1 30 29: 325, 22, 1
1 31 3: 325, 22, 0
1 31 14: 325, 22, 0
1 31 26: 325, 22, 3
1 31 29: 326, 22, 2
1 31 30: 325, 22, 1
1 31 51: 325, 22, 3
1 31 52: 325, 22, 3
1 32 4: 325, 22, 3
1 32 5: 325, 22, 3
1 32 6: 324, 22, 3
1 32 13: 325, 22, 1
1 32 29: 325, 22, 0
1 33 6: 325, 22, 0
1 33 27: 325, 22, 2
1 33 31: 325, 22, 3
1 33 33: 324, 22, 2
1 34 23: 326, 22, 3
1 34 26: 325, 22, 3
1 34 27: 326, 22, 1
1 34 28: 325, 22, 3
1 34 30: 325, 22, 2
1 34 31: 326, 22, 1
1 34 49: 325, 22, 1
1 35 27: 325, 22, 0
1 35 31: 325, 22, 2
1 35 49: 326, 22, 2
1 35 50: 325, 22, 3
1 36 5: 326, 22, 2
1 36 18: 326, 22, 2
1 36 20: 325, 22, 0
1 36 49: 325, 22, 3
1 37 8: 325, 22, 3
1 37 9: 324, 22, 0
1 37 10: 325, 22, 2
1 37 11: 325, 22, 3
1 37 12: 326, 22, 0
1 37 18: 325, 22, 2
1 37 20: 325, 22, 2
1 37 25: 324, 22, 2
1 37 31: 325, 22, 2
1 38 9: 325, 22, 3
1 38 20: 325, 22, 0
1 38 31: 325, 22, 3
1 38 32: 324, 22, 1
1 39 14: 325, 22, 1
1 39 19: 325, 22, 3
1 39 20: 325, 22, 3
1 39 21: 325, 22, 1
1 40 0: 325, 22, 0
1 40 12: 325, 22, 1
1 40 20: 325, 22, 2
1 40 63: 326, 22, 0
1 41 1: 325, 22, 1
1 41 12: 325, 22, 0
1 41 13: 325, 22, 0
1 41 17: 325, 22, 0
1 41 18: 326, 22, 0
1 41 19: 325, 22, 3
1 41 24: 324, 22, 3
1 41 31: 325, 22, 2
1 41 32: 324, 22, 1
1 41 47: 325, 22, 0
1 41 54: 325, 22, 3
1 41 62: 325, 22, 2
1 42 1: 326, 22, 2
1 42 2: 325, 22, 1
1 42 3: 326, 22, 2
1 42 13: 325, 22, 3
1 42 18: 325, 22, 0
1 42 32: 325, 22, 1
1 42 47: 325, 22, 1
1 42 48: 325, 22, 1
1 42 54: 326, 22, 2
1 42 55: 325, 22, 2
1 42 59: 325, 22, 3
1 43 1: 325, 22, 2
1 43 3: 325, 22, 0
1 43 4: 325, 22, 3
1 43 10: 326, 22, 3
1 43 14: 325, 22, 3
1 43 31: 326, 22, 0
1 43 42: 324, 22, 0
1 43 43: 325, 22, 1
1 43 44: 325, 22, 2
1 43 53: 325, 22, 1
1 43 56: 325, 22, 1
1 43 58: 325, 22, 2
1 43 59: 326, 22, 1
1 43 60: 325, 22, 3
1 43 61: 325, 22, 3
1 44 2: 325, 22, 1
1 44 3: 325, 22, 1
1 44 14: 325, 22, 2
1 44 18: 325, 22, 1
1 44 23: 326, 22, 3
1 44 29: 325, 22, 2
1 44 31: 325, 22, 1
1 44 42: 325, 22, 2
1 44 43: 325, 22, 2
1 45 2: 325, 22, 2
1 45 3: 325, 22, 1
1 45 6: 325, 22, 1
1 45 13: 325, 22, 1
1 45 14: 326, 22, 1
1 45 15: 325, 22, 0
1 45 17: 326, 22, 0
1 45 25: 326, 22, 2
1 45 29: 326, 22, 3
1 45 30: 325, 22, 3
1 45 55: 325, 22, 2
1 45 56: 325, 22, 2
1 45 57: 325, 22, 3
1 46 5: 325, 22, 2
1 46 6: 326, 22, 1
1 46 55: 325, 22, 3
1 46 56: 325, 22, 3
1 47 5: 325, 22, 1
1 47 6: 325, 22, 2
1 47 32: 324, 22, 0
1 47 61: 324, 22, 3
1 48 54: 325, 22, 1
1 48 56: 325, 22, 0
1 48 61: 324, 22, 3
1 49 7: 325, 22, 2
1 49 45: 324, 22, 1
1 49 46: 325, 22, 3
1 49 53: 325, 22, 2
1 49 54: 325, 22, 1
1 49 55: 326, 22, 1
1 49 56: 325, 22, 1
1 50 9: 325, 22, 3
1 50 10: 325, 22, 2
1 50 11: 324, 22, 3
1 50 12: 325, 22, 2
1 50 17: 324, 22, 2
1 50 27: 325, 22, 0
1 50 33: 324, 22, 1
1 50 45: 325, 22, 0
1 50 46: 325, 22, 0
1 50 48: 325, 22, 1
1 50 49: 325, 22, 2
1 50 52: 325, 22, 2
1 50 53: 325, 22, 1
1 51 10: 325, 22, 1
1 51 18: 326, 22, 0
1 51 26: 325, 22, 3
1 51 27: 324, 22, 3
1 51 28: 325, 22, 1
1 51 33: 325, 22, 0
1 51 34: 325, 22, 3
1 51 44: 326, 22, 1
1 51 45: 325, 22, 0
1 51 47: 325, 22, 0
1 51 48: 326, 22, 0
1 51 52: 325, 22, 2
1 51 53: 324, 22, 0
1 51 58: 324, 22, 3
1 51 60: 326, 22, 0
1 52 14: 326, 22, 3
1 52 23: 326, 22, 3
1 52 26: 325, 22, 2
1 52 27: 325, 22, 2
1 52 44: 325, 22, 3
1 52 48: 325, 22, 3
1 53 9: 326, 22, 0
1 53 17: 325, 22, 3
1 53 28: 326, 22, 0
1 53 35: 325, 22, 3
1 53 43: 325, 22, 3
1 54 16: 325, 22, 2
1 54 17: 324, 22, 0
1 54 19: 325, 22, 2
1 54 23: 324, 22, 2
1 54 35: 325, 22, 0
1 54 36: 324, 22, 2
1 54 42: 326, 22, 2
1 54 43: 325, 22, 0
1 54 44: 325, 22, 0
1 54 45: 326, 22, 1
1 55 18: 325, 22, 1
1 55 20: 325, 22, 0
1 55 23: 324, 22, 0
1 55 59: 326, 22, 3
1 56 23: 326, 22, 1
1 56 54: 326, 22, 1
1 58 27: 324, 22, 3
1 58 34: 325, 22, 3
1 58 36: 325, 22, 1
1 58 37: 326, 22, 2
1 58 38: 325, 22, 3
1 58 41: 325, 22, 2
1 58 42: 326, 22, 2
1 58 43: 325, 22, 0
1 58 44: 325, 22, 3
1 58 59: 324, 22, 3
1 59 24: 326, 22, 3
1 59 37: 325, 22, 0
1 59 42: 325, 22, 1
1 59 45: 325, 22, 2
1 59 47: 325, 22, 1
1 59 48: 325, 22, 0
1 59 51: 326, 22, 2
1 60 34: 325, 22, 0
1 60 51: 326, 22, 2
1 61 28: 326, 22, 2
1 61 34: 326, 22, 1
1 61 35: 325, 22, 0
1 61 58: 326, 22, 0
1 62 41: 324, 22, 2
1 63 55: 326, 22, 3
