0 0 0: 1434, 10, 0
0 0 1: 1434, 10, 0
0 0 56: 1434, 10, 2
0 0 57: 1434, 10, 2
0 0 58: 1434, 10, 2
0 0 59: 1434, 10, 2
0 0 60: 1434, 10, 2
0 0 61: 1434, 10, 2
0 0 62: 1434, 10, 2
0 0 63: 1434, 10, 2
0 1 0: 1434, 10, 0
0 1 1: 1434, 10, 0
0 1 56: 1434, 10, 2
0 1 57: 1434, 10, 2
0 1 58: 1434, 10, 2
0 1 59: 1434, 10, 2
0 1 60: 1434, 10, 2
0 1 61: 1434, 10, 2
0 1 62: 1434, 10, 2
0 1 63: 1434, 10, 2
0 2 0: 1434, 10, 0
0 2 1: 1434, 10, 0
0 2 56: 1434, 10, 2
0 2 57: 1434, 10, 2
0 2 58: 1434, 10, 2
0 2 59: 1434, 10, 2
0 2 60: 1434, 10, 2
0 2 61: 1434, 10, 2
0 2 62: 1434, 10, 2
0 2 63: 1434, 10, 2
0 3 0: 1434, 10, 0
0 3 1: 1434, 10, 0
0 3 56: 1434, 10, 2
0 3 57: 1434, 10, 2
0 3 58: 1434, 10, 2
0 3 59: 1434, 10, 2
0 3 60: 1434, 10, 2
0 3 61: 1434, 10, 2
0 3 62: 1434, 10, 2
0 3 63: 1434, 10, 2
0 4 0: 1434, 10, 0
0 4 1: 1434, 10, 0
0 4 56: 1434, 10, 2
0 4 57: 1434, 10, 2
0 4 58: 1434, 10, 2
0 4 59: 1434, 10, 2
0 4 60: 1434, 10, 2
0 4 61: 1434, 10, 2
0 4 62: 1434, 10, 2
0 4 63: 1434, 10, 2
0 5 0: 1434, 10, 0
0 5 1: 1434, 10, 0
0 5 56: 1434, 10, 2
0 5 57: 1434, 10, 2
0 5 58: 1434, 10, 2
0 5 59: 1434, 10, 2
0 5 60: 1434, 10, 2
0 5 61: 1434, 10, 2
0 5 62: 1434, 10, 2
0 5 63: 1434, 10, 2
0 6 0: 1434, 10, 0
0 6 1: 1434, 10, 0
0 6 56: 1434, 10, 2
0 6 57: 1434, 10, 2
0 6 58: 1434, 10, 2
0 6 59: 1434, 10, 2
0 6 60: 1434, 10, 2
0 6 61: 1434, 10, 2
0 6 62: 1434, 10, 2
0 6 63: 1434, 10, 2
0 7 0: 1434, 10, 0
0 7 1: 1434, 10, 0
0 7 56: 1434, 10, 2
0 7 57: 1434, 10, 2
0 7 58: 1434, 10, 2
0 7 59: 1434, 10, 2
0 7 60: 1434, 10, 2
0 7 61: 1434, 10, 2
0 7 62: 1434, 10, 2
0 7 63: 1434, 10, 2
0 8 0: 1434, 10, 0
0 8 1: 1434, 10, 0
0 8 56: 1434, 10, 2
0 8 57: 1434, 10, 2
0 8 58: 1434, 10, 2
0 8 59: 1434, 10, 2
0 8 60: 1434, 10, 2
0 8 61: 1434, 10, 2
0 8 62: 1434, 10, 2
0 8 63: 1434, 10, 2
0 9 0: 1434, 10, 0
0 9 1: 1434, 10, 0
0 9 56: 1434, 10, 2
0 9 57: 1434, 10, 2
0 9 58: 1434, 10, 2
0 9 59: 1434, 10, 2
0 9 60: 1434, 10, 2
0 9 61: 1434, 10, 2
0 9 62: 1434, 10, 2
0 9 63: 1434, 10, 2
0 10 0: 1434, 10, 0
0 10 1: 1434, 10, 0
0 10 56: 1434, 10, 2
0 10 57: 1434, 10, 2
0 10 58: 1434, 10, 2
0 10 59: 1434, 10, 2
0 10 60: 1434, 10, 2
0 10 61: 1434, 10, 2
0 10 62: 1434, 10, 2
0 10 63: 1434, 10, 2
0 11 0: 1434, 10, 0
0 11 1: 1434, 10, 0
0 11 56: 1434, 10, 2
0 11 57: 1434, 10, 2
0 11 58: 1434, 10, 2
0 11 59: 1434, 10, 2
0 11 60: 1434, 10, 2
0 11 61: 1434, 10, 2
0 11 62: 1434, 10, 2
0 11 63: 1434, 10, 2
0 12 0: 1434, 10, 0
0 12 1: 1434, 10, 0
0 12 56: 1434, 10, 2
0 12 57: 1434, 10, 2
0 12 58: 1434, 10, 2
0 12 59: 1434, 10, 2
0 12 60: 1434, 10, 2
0 12 61: 1434, 10, 2
0 12 62: 1434, 10, 2
0 12 63: 1434, 10, 2
0 13 0: 1434, 10, 0
0 13 1: 1434, 10, 0
0 13 12: 1488, 0, 2
0 13 13: 1488, 0, 2
0 13 34: 1658, 1, 1
0 13 35: 1658, 0, 2
0 13 36: 1658, 0, 2
0 13 37: 1658, 1, 2
0 13 56: 1434, 10, 2
0 13 57: 1434, 10, 2
0 13 58: 1434, 10, 2
0 13 59: 1434, 10, 2
0 13 60: 1434, 10, 2
0 13 61: 1434, 10, 2
0 13 62: 1434, 10, 2
0 13 63: 1434, 10, 2
0 14 0: 1434, 10, 0
0 14 1: 1434, 10, 0
0 14 8: 1488, 1, 1
0 14 9: 1488, 0, 2
0 14 10: 1488, 0, 2
0 14 11: 1488, 2, 1
0 14 12: 96, 10, 3
0 14 14: 1488, 2, 2
0 14 15: 1488, 0, 2
0 14 16: 1488, 0, 2
0 14 17: 1488, 1, 2
0 14 31: 1658, 1, 1
0 14 32: 1658, 0, 2
0 14 33: 1658, 0, 2
0 14 34: 1659, 2, 1
0 14 35: 96, 10, 3
0 14 37: 1659, 2, 2
0 14 38: 1658, 0, 2
0 14 39: 1658, 0, 2
0 14 40: 1658, 1, 2
0 14 56: 1434, 10, 2
0 14 57: 1434, 10, 2
0 14 58: 1434, 10, 2
0 14 59: 1434, 10, 2
0 14 60: 1434, 10, 2
0 14 61: 1434, 10, 2
0 14 62: 1434, 10, 2
0 14 63: 1434, 10, 2
0 15 0: 1434, 10, 0
0 15 1: 1434, 10, 0
0 15 8: 1488, 0, 1
0 15 17: 1488, 0, 3
0 15 31: 1658, 0, 1
0 15 32: 208, 11, 0
0 15 33: 325, 22, 1
0 15 34: 706, 4, 0
0 15 38: 325, 22, 1
0 15 38: 706, 4, 0
0 15 39: 208, 11, 1
0 15 39: 324, 22, 0
0 15 40: 1658, 0, 3
0 15 56: 1434, 10, 2
0 15 57: 1434, 10, 2
0 15 58: 1434, 10, 2
0 15 59: 1434, 10, 2
0 15 60: 1434, 10, 2
0 15 61: 1434, 10, 2
0 15 62: 1434, 10, 2
0 15 63: 1434, 10, 2
0 16 0: 1434, 10, 0
0 16 1: 1434, 10, 0
0 16 8: 1488, 0, 1
0 16 17: 1488, 0, 3
0 16 31: 1658, 0, 1
0 16 32: 325, 22, 3
0 16 37: 706, 4, 3
0 16 39: 325, 22, 0
0 16 40: 1658, 0, 3
0 16 56: 1434, 10, 2
0 16 57: 1434, 10, 2
0 16 58: 1434, 10, 2
0 16 59: 1434, 10, 2
0 16 60: 1434, 10, 2
0 16 61: 1434, 10, 2
0 16 62: 1434, 10, 2
0 16 63: 1434, 10, 2
0 17 0: 1434, 10, 0
0 17 1: 1434, 10, 0
0 17 8: 1488, 0, 1
0 17 17: 1488, 0, 3
0 17 31: 1658, 0, 1
0 17 32: 325, 22, 2
0 17 32: 706, 4, 3
0 17 39: 888, 4, 1
0 17 40: 1658, 0, 3
0 17 56: 1434, 10, 2
0 17 57: 1434, 10, 2
0 17 58: 1434, 10, 2
0 17 59: 1434, 10, 2
0 17 60: 1434, 10, 2
0 17 61: 1434, 10, 2
0 17 62: 1434, 10, 2
0 17 63: 1434, 10, 2
0 18 0: 1434, 10, 0
0 18 1: 1434, 10, 0
0 18 8: 1488, 0, 1
0 18 17: 1488, 0, 3
0 18 31: 1658, 0, 1
0 18 33: 917, 22, 3
0 18 34: 918, 22, 3
0 18 35: 918, 22, 3
0 18 36: 918, 22, 3
0 18 37: 918, 22, 3
0 18 38: 917, 22, 0
0 18 40: 1658, 0, 3
0 18 56: 1434, 10, 2
0 18 57: 1434, 10, 2
0 18 58: 1434, 10, 2
0 18 59: 1434, 10, 2
0 18 60: 1434, 10, 2
0 18 61: 1434, 10, 2
0 18 62: 1434, 10, 2
0 18 63: 1434, 10, 2
0 19 0: 1434, 10, 0
0 19 1: 1434, 10, 0
0 19 8: 1488, 0, 1
0 19 9: 1026, 4, 3
0 19 17: 1488, 0, 3
0 19 31: 1658, 0, 1
0 19 32: 1023, 4, 3
0 19 33: 917, 22, 2
0 19 34: 918, 22, 1
0 19 35: 918, 22, 1
0 19 36: 918, 22, 1
0 19 37: 918, 22, 1
0 19 38: 917, 22, 1
0 19 39: 325, 22, 3
0 19 39: 706, 4, 1
0 19 40: 1658, 0, 3
0 19 56: 1434, 10, 2
0 19 57: 1434, 10, 2
0 19 58: 1434, 10, 2
0 19 59: 1434, 10, 2
0 19 60: 1434, 10, 2
0 19 61: 1434, 10, 2
0 19 62: 1434, 10, 2
0 19 63: 1434, 10, 2
0 20 0: 1434, 10, 0
0 20 1: 1434, 10, 0
0 20 8: 1488, 0, 1
0 20 9: 211, 10, 2
0 20 9: 1026, 4, 3
0 20 16: 211, 10, 0
0 20 16: 1026, 4, 1
0 20 17: 1488, 0, 3
0 20 31: 1658, 0, 1
0 20 32: 202, 10, 2
0 20 32: 1023, 4, 3
0 20 39: 202, 10, 0
0 20 39: 1023, 4, 1
0 20 40: 1658, 0, 3
0 20 56: 1434, 10, 2
0 20 57: 1434, 10, 2
0 20 58: 1434, 10, 2
0 20 59: 1434, 10, 2
0 20 60: 1434, 10, 2
0 20 61: 1434, 10, 2
0 20 62: 1434, 10, 2
0 20 63: 1434, 10, 2
0 21 0: 1434, 10, 0
0 21 1: 1434, 10, 0
0 21 8: 1488, 0, 1
0 21 9: 397, 10, 3
0 21 12: 1115, 10, 3
0 21 16: 397, 10, 1
0 21 17: 1488, 0, 3
0 21 31: 1658, 0, 1
0 21 32: 347, 10, 3
0 21 35: 917, 22, 3
0 21 35: 1088, 10, 3
0 21 36: 917, 22, 0
0 21 39: 347, 10, 1
0 21 40: 1658, 0, 3
0 21 56: 1434, 10, 2
0 21 57: 1434, 10, 2
0 21 58: 1434, 10, 2
0 21 59: 1434, 10, 2
0 21 60: 1434, 10, 2
0 21 61: 1434, 10, 2
0 21 62: 1434, 10, 2
0 21 63: 1434, 10, 2
0 22 0: 1434, 10, 0
0 22 1: 1434, 10, 0
0 22 8: 1488, 0, 1
0 22 9: 1026, 4, 3
0 22 12: 623, 10, 3
0 22 14: 1115, 11, 3
0 22 16: 1026, 4, 1
0 22 17: 1488, 0, 3
0 22 31: 1658, 0, 1
0 22 32: 1023, 4, 3
0 22 35: 593, 10, 0
0 22 35: 918, 22, 2
0 22 36: 918, 22, 0
0 22 37: 1088, 11, 3
0 22 39: 325, 22, 3
0 22 39: 1023, 4, 1
0 22 40: 1658, 0, 3
0 22 56: 1434, 10, 2
0 22 57: 1434, 10, 2
0 22 58: 1434, 10, 2
0 22 59: 1434, 10, 2
0 22 60: 1434, 10, 2
0 22 61: 1434, 10, 2
0 22 62: 1434, 10, 2
0 22 63: 1434, 10, 2
0 23 0: 1434, 10, 0
0 23 1: 1434, 10, 0
0 23 8: 1488, 0, 1
0 23 9: 397, 10, 3
0 23 11: 1115, 11, 2
0 23 13: 1115, 10, 0
0 23 14: 1115, 10, 0
0 23 16: 397, 10, 1
0 23 17: 1488, 0, 3
0 23 31: 1658, 0, 1
0 23 32: 347, 10, 3
0 23 34: 1088, 11, 2
0 23 35: 918, 22, 2
0 23 36: 918, 22, 0
0 23 37: 1088, 10, 0
0 23 38: 325, 22, 2
0 23 39: 325, 22, 2
0 23 39: 347, 10, 1
0 23 40: 1658, 0, 3
0 23 56: 1434, 10, 2
0 23 57: 1434, 10, 2
0 23 58: 1434, 10, 2
0 23 59: 1434, 10, 2
0 23 60: 1434, 10, 2
0 23 61: 1434, 10, 2
0 23 62: 1434, 10, 2
0 23 63: 1434, 10, 2
0 24 0: 1434, 10, 0
0 24 1: 1434, 10, 0
0 24 8: 1488, 0, 1
0 24 9: 1026, 4, 3
0 24 16: 1026, 4, 1
0 24 17: 1488, 0, 3
0 24 31: 1658, 0, 1
0 24 32: 1023, 4, 3
0 24 35: 918, 22, 2
0 24 36: 918, 22, 0
0 24 39: 325, 22, 1
0 24 39: 1023, 4, 1
0 24 40: 1658, 0, 3
0 24 56: 1434, 10, 2
0 24 57: 1434, 10, 2
0 24 58: 1434, 10, 2
0 24 59: 1434, 10, 2
0 24 60: 1434, 10, 2
0 24 61: 1434, 10, 2
0 24 62: 1434, 10, 2
0 24 63: 1434, 10, 2
0 25 0: 1434, 10, 0
0 25 1: 1434, 10, 0
0 25 8: 1488, 0, 1
0 25 9: 397, 10, 3
0 25 12: 1115, 10, 3
0 25 13: 1115, 10, 3
0 25 16: 397, 10, 1
0 25 17: 1488, 0, 3
0 25 31: 1658, 0, 1
0 25 32: 347, 10, 3
0 25 35: 918, 22, 2
0 25 35: 1088, 10, 3
0 25 36: 918, 22, 0
0 25 36: 1088, 10, 3
0 25 39: 347, 10, 1
0 25 40: 1658, 0, 3
0 25 56: 1434, 10, 2
0 25 57: 1434, 10, 2
0 25 58: 1434, 10, 2
0 25 59: 1434, 10, 2
0 25 60: 1434, 10, 2
0 25 61: 1434, 10, 2
0 25 62: 1434, 10, 2
0 25 63: 1434, 10, 2
0 26 0: 1434, 10, 0
0 26 1: 1434, 10, 0
0 26 8: 1488, 0, 1
0 26 9: 1026, 4, 3
0 26 12: 623, 10, 3
0 26 16: 1026, 4, 1
0 26 17: 1488, 0, 3
0 26 31: 1658, 0, 1
0 26 32: 1023, 4, 3
0 26 33: 325, 22, 1
0 26 35: 593, 10, 3
0 26 35: 918, 22, 2
0 26 36: 918, 22, 0
0 26 39: 1023, 4, 1
0 26 40: 1658, 0, 3
0 26 56: 1434, 10, 2
0 26 57: 1434, 10, 2
0 26 58: 1434, 10, 2
0 26 59: 1434, 10, 2
0 26 60: 1434, 10, 2
0 26 61: 1434, 10, 2
0 26 62: 1434, 10, 2
0 26 63: 1434, 10, 2
0 27 0: 1434, 10, 0
0 27 1: 1434, 10, 0
0 27 8: 1488, 0, 1
0 27 9: 397, 10, 3
0 27 11: 1115, 11, 1
0 27 14: 1115, 11, 0
0 27 16: 397, 10, 1
0 27 17: 1488, 0, 3
0 27 31: 1658, 0, 1
0 27 32: 347, 10, 3
0 27 34: 1088, 11, 1
0 27 35: 918, 22, 2
0 27 36: 918, 22, 0
0 27 37: 1088, 11, 0
0 27 39: 347, 10, 1
0 27 40: 1658, 0, 3
0 27 56: 1434, 10, 2
0 27 57: 1434, 10, 2
0 27 58: 1434, 10, 2
0 27 59: 1434, 10, 2
0 27 60: 1434, 10, 2
0 27 61: 1434, 10, 2
0 27 62: 1434, 10, 2
0 27 63: 1434, 10, 2
0 28 0: 1434, 10, 0
0 28 1: 1434, 10, 0
0 28 8: 1488, 0, 1
0 28 13: 1115, 10, 1
0 28 16: 1026, 4, 1
0 28 17: 1488, 0, 3
0 28 31: 1658, 0, 1
0 28 32: 325, 22, 2
0 28 32: 887, 4, 3
0 28 35: 917, 22, 2
0 28 36: 917, 22, 1
0 28 36: 1088, 10, 1
0 28 39: 1023, 4, 1
0 28 40: 1658, 0, 3
0 28 56: 1434, 10, 2
0 28 57: 1434, 10, 2
0 28 58: 1434, 10, 2
0 28 59: 1434, 10, 2
0 28 60: 1434, 10, 2
0 28 61: 1434, 10, 2
0 28 62: 1434, 10, 2
0 28 63: 1434, 10, 2
0 29 0: 1434, 10, 0
0 29 1: 1434, 10, 0
0 29 8: 1488, 0, 1
0 29 16: 211, 10, 1
0 29 17: 1488, 0, 3
0 29 31: 1658, 0, 1
0 29 32: 326, 22, 0
0 29 33: 325, 22, 3
0 29 36: 325, 22, 0
0 29 38: 1631, 0, 2
0 29 39: 202, 10, 1
0 29 39: 706, 5, 2
0 29 39: 1631, 0, 2
0 29 40: 1658, 0, 3
0 29 56: 1434, 10, 2
0 29 57: 1434, 10, 2
0 29 58: 1434, 10, 2
0 29 59: 1434, 10, 2
0 29 60: 1434, 10, 2
0 29 61: 1434, 10, 2
0 29 62: 1434, 10, 2
0 29 63: 1434, 10, 2
0 30 0: 1434, 10, 0
0 30 1: 1434, 10, 0
0 30 8: 1488, 0, 1
0 30 9: 211, 10, 1
0 30 17: 1488, 0, 3
0 30 31: 1658, 0, 1
0 30 32: 202, 10, 1
0 30 33: 325, 22, 0
0 30 34: 706, 4, 2
0 30 35: 325, 22, 1
0 30 36: 326, 22, 0
0 30 37: 325, 22, 3
0 30 38: 733, 10, 3
0 30 38: 1631, 3, 3
0 30 40: 1658, 0, 3
0 30 56: 1434, 10, 2
0 30 57: 1434, 10, 2
0 30 58: 1434, 10, 2
0 30 59: 1434, 10, 2
0 30 60: 1434, 10, 2
0 30 61: 1434, 10, 2
0 30 62: 1434, 10, 2
0 30 63: 1434, 10, 2
0 31 0: 1434, 10, 0
0 31 1: 1434, 10, 0
0 31 8: 1488, 1, 0
0 31 9: 1488, 0, 0
0 31 10: 1488, 0, 0
0 31 11: 1488, 0, 0
0 31 12: 1488, 0, 0
0 31 13: 1488, 0, 0
0 31 14: 1488, 0, 0
0 31 15: 1488, 0, 0
0 31 16: 1488, 0, 0
0 31 17: 1488, 1, 3
0 31 31: 1658, 1, 0
0 31 32: 1658, 0, 0
0 31 33: 1658, 0, 0
0 31 34: 1658, 0, 0
0 31 35: 1658, 0, 0
0 31 36: 1658, 0, 0
0 31 37: 1658, 0, 0
0 31 38: 1658, 0, 0
0 31 39: 1658, 0, 0
0 31 40: 1658, 1, 3
0 31 56: 1434, 10, 2
0 31 57: 1434, 10, 2
0 31 58: 1434, 10, 2
0 31 59: 1434, 10, 2
0 31 60: 1434, 10, 2
0 31 61: 1434, 10, 2
0 31 62: 1434, 10, 2
0 31 63: 1434, 10, 2
0 32 0: 1434, 10, 0
0 32 1: 1434, 10, 0
0 32 56: 1434, 10, 2
0 32 57: 1434, 10, 2
0 32 58: 1434, 10, 2
0 32 59: 1434, 10, 2
0 32 60: 1434, 10, 2
0 32 61: 1434, 10, 2
0 32 62: 1434, 10, 2
0 32 63: 1434, 10, 2
0 33 0: 1434, 10, 0
0 33 1: 1434, 10, 0
0 33 56: 1434, 10, 2
0 33 57: 1434, 10, 2
0 33 58: 1434, 10, 2
0 33 59: 1434, 10, 2
0 33 60: 1434, 10, 2
0 33 61: 1434, 10, 2
0 33 62: 1434, 10, 2
0 33 63: 1434, 10, 2
0 34 0: 1434, 10, 0
0 34 1: 1434, 10, 0
0 34 56: 1434, 10, 2
0 34 57: 1434, 10, 2
0 34 58: 1434, 10, 2
0 34 59: 1434, 10, 2
0 34 60: 1434, 10, 2
0 34 61: 1434, 10, 2
0 34 62: 1434, 10, 2
0 34 63: 1434, 10, 2
0 35 0: 1434, 10, 0
0 35 1: 1434, 10, 0
0 35 56: 1434, 10, 2
0 35 57: 1434, 10, 2
0 35 58: 1434, 10, 2
0 35 59: 1434, 10, 2
0 35 60: 1434, 10, 2
0 35 61: 1434, 10, 2
0 35 62: 1434, 10, 2
0 35 63: 1434, 10, 2
0 36 0: 1434, 10, 0
0 36 1: 1434, 10, 0
0 36 56: 1434, 10, 2
0 36 57: 1434, 10, 2
0 36 58: 1434, 10, 2
0 36 59: 1434, 10, 2
0 36 60: 1434, 10, 2
0 36 61: 1434, 10, 2
0 36 62: 1434, 10, 2
0 36 63: 1434, 10, 2
0 37 0: 1434, 10, 0
0 37 1: 1434, 10, 0
0 37 56: 1434, 10, 2
0 37 57: 1434, 10, 2
0 37 58: 1434, 10, 2
0 37 59: 1434, 10, 2
0 37 60: 1434, 10, 2
0 37 61: 1434, 10, 2
0 37 62: 1434, 10, 2
0 37 63: 1434, 10, 2
0 38 0: 1434, 10, 0
0 38 1: 1434, 10, 0
0 38 56: 1434, 10, 2
0 38 57: 1434, 10, 2
0 38 58: 1434, 10, 2
0 38 59: 1434, 10, 2
0 38 60: 1434, 10, 2
0 38 61: 1434, 10, 2
0 38 62: 1434, 10, 2
0 38 63: 1434, 10, 2
0 39 0: 1434, 10, 0
0 39 1: 1434, 10, 0
0 39 56: 1434, 10, 2
0 39 57: 1434, 10, 2
0 39 58: 1434, 10, 2
0 39 59: 1434, 10, 2
0 39 60: 1434, 10, 2
0 39 61: 1434, 10, 2
0 39 62: 1434, 10, 2
0 39 63: 1434, 10, 2
0 40 0: 1434, 10, 0
0 40 1: 1434, 10, 0
0 40 56: 1434, 10, 2
0 40 57: 1434, 10, 2
0 40 58: 1434, 10, 2
0 40 59: 1434, 10, 2
0 40 60: 1434, 10, 2
0 40 61: 1434, 10, 2
0 40 62: 1434, 10, 2
0 40 63: 1434, 10, 2
0 41 0: 1434, 10, 0
0 41 1: 1434, 10, 0
0 41 56: 1434, 10, 2
0 41 57: 1434, 10, 2
0 41 58: 1434, 10, 2
0 41 59: 1434, 10, 2
0 41 60: 1434, 10, 2
0 41 61: 1434, 10, 2
0 41 62: 1434, 10, 2
0 41 63: 1434, 10, 2
0 42 0: 1434, 10, 0
0 42 1: 1434, 10, 0
0 42 56: 1434, 10, 2
0 42 57: 1434, 10, 2
0 42 58: 1434, 10, 2
0 42 59: 1434, 10, 2
0 42 60: 1434, 10, 2
0 42 61: 1434, 10, 2
0 42 62: 1434, 10, 2
0 42 63: 1434, 10, 2
0 43 0: 1434, 10, 0
0 43 1: 1434, 10, 0
0 43 56: 1434, 10, 2
0 43 57: 1434, 10, 2
0 43 58: 1434, 10, 2
0 43 59: 1434, 10, 2
0 43 60: 1434, 10, 2
0 43 61: 1434, 10, 2
0 43 62: 1434, 10, 2
0 43 63: 1434, 10, 2
0 44 0: 1434, 10, 0
0 44 1: 1434, 10, 0
0 44 56: 1434, 10, 2
0 44 57: 1434, 10, 2
0 44 58: 1434, 10, 2
0 44 59: 1434, 10, 2
0 44 60: 1434, 10, 2
0 44 61: 1434, 10, 2
0 44 62: 1434, 10, 2
0 44 63: 1434, 10, 2
0 45 0: 1434, 10, 0
0 45 1: 1434, 10, 0
0 45 56: 1434, 10, 2
0 45 57: 1434, 10, 2
0 45 58: 1434, 10, 2
0 45 59: 1434, 10, 2
0 45 60: 1434, 10, 2
0 45 61: 1434, 10, 2
0 45 62: 1434, 10, 2
0 45 63: 1434, 10, 2
0 46 0: 1434, 10, 0
0 46 1: 1434, 10, 0
0 46 56: 1434, 10, 2
0 46 57: 1434, 10, 2
0 46 58: 1434, 10, 2
0 46 59: 1434, 10, 2
0 46 60: 1434, 10, 2
0 46 61: 1434, 10, 2
0 46 62: 1434, 10, 2
0 46 63: 1434, 10, 2
0 47 0: 1434, 10, 0
0 47 1: 1434, 10, 0
0 47 56: 1434, 10, 2
0 47 57: 1434, 10, 2
0 47 58: 1434, 10, 2
0 47 59: 1434, 10, 2
0 47 60: 1434, 10, 2
0 47 61: 1434, 10, 2
0 47 62: 1434, 10, 2
0 47 63: 1434, 10, 2
0 48 50: 1434, 10, 0
0 48 51: 1434, 10, 0
0 48 52: 1434, 10, 0
0 48 53: 1434, 10, 0
0 48 54: 1434, 10, 0
0 48 55: 1434, 10, 0
0 48 56: 1434, 10, 2
0 48 57: 1434, 10, 2
0 48 58: 1434, 10, 2
0 48 59: 1434, 10, 2
0 48 60: 1434, 10, 2
0 48 61: 1434, 10, 2
0 48 62: 1434, 10, 2
0 48 63: 1434, 10, 2
0 49 50: 1434, 10, 0
0 49 51: 1434, 10, 0
0 49 52: 1434, 10, 0
0 49 53: 1434, 10, 0
0 49 54: 1434, 10, 0
0 49 55: 1434, 10, 0
0 49 56: 1434, 10, 2
0 49 57: 1434, 10, 2
0 49 58: 1434, 10, 2
0 49 59: 1434, 10, 2
0 49 60: 1434, 10, 2
0 49 61: 1434, 10, 2
0 49 62: 1434, 10, 2
0 49 63: 1434, 10, 2
0 50 50: 1434, 10, 0
0 50 51: 1434, 10, 0
0 50 52: 1434, 10, 0
0 50 53: 1434, 10, 0
0 50 54: 1434, 10, 0
0 50 55: 1434, 10, 0
0 50 56: 1434, 10, 2
0 50 57: 1434, 10, 2
0 50 58: 1434, 10, 2
0 50 59: 1434, 10, 2
0 50 60: 1434, 10, 2
0 50 61: 1434, 10, 2
0 50 62: 1434, 10, 2
0 50 63: 1434, 10, 2
0 51 50: 1434, 10, 0
0 51 51: 1434, 10, 0
0 51 52: 1434, 10, 0
0 51 53: 1434, 10, 0
0 51 54: 1434, 10, 0
0 51 55: 1434, 10, 0
0 51 56: 1434, 10, 2
0 51 57: 1434, 10, 2
0 51 58: 1434, 10, 2
0 51 59: 1434, 10, 2
0 51 60: 1434, 10, 2
0 51 61: 1434, 10, 2
0 51 62: 1434, 10, 2
0 51 63: 1434, 10, 2
0 52 50: 1434, 10, 0
0 52 51: 1434, 10, 0
0 52 52: 1434, 10, 0
0 52 53: 1434, 10, 0
0 52 54: 1434, 10, 0
0 52 55: 1434, 10, 0
0 52 56: 1434, 10, 2
0 52 57: 1434, 10, 2
0 52 58: 1434, 10, 2
0 52 59: 1434, 10, 2
0 52 60: 1434, 10, 2
0 52 61: 1434, 10, 2
0 52 62: 1434, 10, 2
0 52 63: 1434, 10, 2
0 53 50: 1434, 10, 0
0 53 51: 1434, 10, 0
0 53 52: 1434, 10, 0
0 53 53: 1434, 10, 0
0 53 54: 1434, 10, 0
0 53 55: 1434, 10, 0
0 53 56: 1434, 10, 2
0 53 57: 1434, 10, 2
0 53 58: 1434, 10, 2
0 53 59: 1434, 10, 2
0 53 60: 1434, 10, 2
0 53 61: 1434, 10, 2
0 53 62: 1434, 10, 2
0 53 63: 1434, 10, 2
0 54 50: 1434, 10, 0
0 54 51: 1434, 10, 0
0 54 52: 1434, 10, 0
0 54 53: 1434, 10, 0
0 54 54: 1434, 10, 0
0 54 55: 1434, 10, 0
0 54 56: 1434, 10, 2
0 54 57: 1434, 10, 2
0 54 58: 1434, 10, 2
0 54 59: 1434, 10, 2
0 54 60: 1434, 10, 2
0 54 61: 1434, 10, 2
0 54 62: 1434, 10, 2
0 54 63: 1434, 10, 2
0 55 50: 1434, 10, 0
0 55 51: 1434, 10, 0
0 55 52: 1434, 10, 0
0 55 53: 1434, 10, 0
0 55 54: 1434, 10, 0
0 55 55: 1434, 10, 0
0 55 56: 1434, 10, 2
0 55 57: 1434, 10, 2
0 55 58: 1434, 10, 2
0 55 59: 1434, 10, 2
0 55 60: 1434, 10, 2
0 55 61: 1434, 10, 2
0 55 62: 1434, 10, 2
0 55 63: 1434, 10, 2
0 56 50: 1434, 10, 0
0 56 51: 1434, 10, 0
0 56 52: 1434, 10, 0
0 56 53: 1434, 10, 0
0 56 54: 1434, 10, 0
0 56 55: 1434, 10, 0
0 56 56: 1434, 10, 2
0 56 57: 1434, 10, 2
0 56 58: 1434, 10, 2
0 56 59: 1434, 10, 2
0 56 60: 1434, 10, 2
0 56 61: 1434, 10, 2
0 56 62: 1434, 10, 2
0 56 63: 1434, 10, 2
0 57 50: 1434, 10, 0
0 57 51: 1434, 10, 0
0 57 52: 1434, 10, 0
0 57 53: 1434, 10, 0
0 57 54: 1434, 10, 0
0 57 55: 1434, 10, 0
0 57 56: 1434, 10, 2
0 57 57: 1434, 10, 2
0 57 58: 1434, 10, 2
0 57 59: 1434, 10, 2
0 57 60: 1434, 10, 2
0 57 61: 1434, 10, 2
0 57 62: 1434, 10, 2
0 57 63: 1434, 10, 2
0 58 50: 1434, 10, 0
0 58 51: 1434, 10, 0
0 58 52: 1434, 10, 0
0 58 53: 1434, 10, 0
0 58 54: 1434, 10, 0
0 58 55: 1434, 10, 0
0 58 56: 1434, 10, 2
0 58 57: 1434, 10, 2
0 58 58: 1417, 1, 1
0 58 59: 1417, 0, 2
0 58 60: 1417, 1, 2
0 58 61: 1434, 10, 2
0 58 62: 1434, 10, 2
0 58 63: 1434, 10, 2
0 59 50: 1434, 10, 0
0 59 51: 1434, 10, 0
0 59 52: 1434, 10, 0
0 59 53: 1434, 10, 0
0 59 54: 1434, 10, 0
0 59 55: 1434, 10, 0
0 59 56: 1434, 10, 2
0 59 57: 1417, 1, 1
0 59 58: 1417, 9, 1
0 59 60: 1417, 9, 2
0 59 61: 1417, 1, 2
0 59 62: 1434, 10, 2
0 59 63: 1434, 10, 2
0 60 50: 1434, 10, 0
0 60 51: 1434, 10, 0
0 60 52: 1434, 10, 0
0 60 53: 1434, 10, 0
0 60 54: 1434, 10, 0
0 60 55: 1434, 10, 0
0 60 56: 1417, 1, 1
0 60 57: 1417, 9, 1
0 60 61: 1417, 9, 2
0 60 62: 1417, 0, 2
0 60 63: 1417, 0, 2
0 61 50: 1434, 10, 0
0 61 51: 1434, 10, 0
0 61 52: 1434, 10, 0
0 61 53: 1434, 10, 0
0 61 54: 1434, 10, 0
0 61 55: 1434, 10, 0
0 61 56: 1417, 0, 1
0 62 50: 1434, 10, 0
0 62 51: 1434, 10, 0
0 62 52: 1434, 10, 0
0 62 53: 1434, 10, 0
0 62 54: 1434, 10, 0
0 62 55: 1434, 10, 0
0 62 56: 1417, 1, 0
0 62 57: 1440, 9, 0
0 63 50: 1434, 10, 0
0 63 51: 1434, 10, 0
0 63 52: 1434, 10, 0
0 63 53: 1434, 10, 0
0 63 54: 1434, 10, 0
0 63 55: 1434, 10, 0
0 63 56: 1434, 10, 2
0 63 57: 1440, 1, 0
0 63 58: 1440, 0, 0
0 63 59: 1440, 0, 0
0 63 60: 1440, 0, 0
0 63 61: 1440, 0, 0
0 63 62: 1440, 0, 0
0 63 63: 1440, 0, 0
1 9 3: 1460, 10, 0
1 9 4: 1460, 10, 0
1 9 5: 1460, 10, 0
1 9 7: 1658, 9, 0
1 9 8: 186, 22, 1
1 9 9: 185, 22, 0
1 9 15: 176, 22, 0
1 9 16: 185, 22, 2
1 9 17: 186, 22, 2
1 9 18: 185, 22, 3
1 9 18: 197, 4, 1
1 9 18: 1631, 1, 1
1 9 19: 1658, 0, 3
1 9 20: 1460, 10, 0
1 9 21: 1460, 10, 0
1 9 22: 1460, 10, 0
1 9 23: 1460, 10, 0
1 9 24: 1434, 10, 0
1 9 25: 1434, 10, 0
1 9 26: 1434, 10, 0
1 9 27: 1434, 10, 0
1 9 28: 1434, 10, 0
1 9 30: 1658, 9, 0
1 9 31: 186, 22, 0
1 9 32: 185, 22, 3
1 9 36: 185, 22, 0
1 9 39: 185, 22, 3
1 9 40: 186, 22, 3
1 9 41: 197, 4, 1
1 9 41: 1631, 1, 1
1 9 42: 1658, 0, 3
1 9 43: 1434, 10, 0
1 9 44: 1434, 10, 0
1 9 45: 1434, 10, 0
1 10 3: 1460, 10, 0
1 10 4: 1460, 10, 0
1 10 5: 1460, 10, 0
1 10 6: 1460, 10, 0
1 10 7: 1658, 0, 1
1 10 8: 185, 22, 2
1 10 8: 197, 4, 3
1 10 8: 1631, 1, 2
1 10 9: 185, 22, 2
1 10 13: 184, 22, 1
1 10 13: 541, 10, 3
1 10 17: 185, 22, 0
1 10 17: 1631, 1, 1
1 10 18: 1659, 9, 1
1 10 19: 1658, 1, 3
1 10 20: 1460, 10, 0
1 10 21: 1460, 10, 0
1 10 22: 1460, 10, 0
1 10 23: 1460, 10, 0
1 10 24: 1434, 10, 0
1 10 25: 1434, 10, 0
1 10 26: 1434, 10, 0
1 10 27: 1434, 10, 0
1 10 28: 1434, 10, 0
1 10 29: 1434, 10, 0
1 10 30: 1658, 0, 1
1 10 31: 185, 22, 2
1 10 31: 197, 4, 3
1 10 32: 185, 22, 3
1 10 35: 185, 22, 1
1 10 36: 184, 22, 1
1 10 36: 541, 10, 3
1 10 37: 185, 22, 0
1 10 40: 185, 22, 3
1 10 40: 1631, 1, 1
1 10 41: 1659, 9, 1
1 10 42: 1658, 1, 3
1 10 43: 1434, 10, 0
1 10 44: 1434, 10, 0
1 10 45: 1434, 10, 0
1 11 3: 1460, 10, 0
1 11 4: 1460, 10, 0
1 11 5: 1460, 10, 0
1 11 6: 1460, 10, 0
1 11 7: 1658, 1, 0
1 11 8: 1659, 9, 2
1 11 9: 1631, 1, 2
1 11 11: 185, 22, 0
1 11 13: 176, 22, 1
1 11 14: 541, 10, 3
1 11 15: 185, 22, 3
1 11 16: 1631, 1, 1
1 11 17: 197, 6, 1
1 11 17: 1659, 9, 1
1 11 19: 1460, 10, 0
1 11 20: 1460, 10, 0
1 11 21: 1460, 10, 0
1 11 22: 1460, 10, 0
1 11 23: 1460, 10, 0
1 11 24: 1434, 10, 0
1 11 25: 1434, 10, 0
1 11 26: 1434, 10, 0
1 11 27: 1434, 10, 0
1 11 28: 1434, 10, 0
1 11 29: 1434, 10, 0
1 11 30: 1658, 1, 0
1 11 31: 1659, 9, 2
1 11 32: 1631, 1, 2
1 11 34: 185, 22, 0
1 11 36: 185, 22, 0
1 11 37: 541, 10, 3
1 11 38: 185, 22, 2
1 11 39: 1631, 1, 1
1 11 40: 197, 6, 1
1 11 40: 1659, 9, 1
1 11 42: 1434, 10, 0
1 11 43: 1434, 10, 0
1 11 44: 1434, 10, 0
1 11 45: 1434, 10, 0
1 12 3: 1460, 10, 0
1 12 4: 1460, 10, 0
1 12 5: 1460, 10, 0
1 12 6: 1460, 10, 0
1 12 7: 1460, 10, 0
1 12 9: 197, 6, 2
1 12 9: 1659, 9, 2
1 12 10: 185, 22, 3
1 12 10: 1631, 1, 2
1 12 11: 186, 22, 0
1 12 12: 185, 22, 1
1 12 14: 185, 22, 2
1 12 15: 186, 22, 3
1 12 15: 1631, 1, 1
1 12 16: 1659, 9, 1
1 12 18: 1460, 10, 0
1 12 19: 1460, 10, 0
1 12 20: 1460, 10, 0
1 12 21: 1460, 10, 0
1 12 22: 1460, 10, 0
1 12 23: 1460, 10, 0
1 12 24: 1434, 10, 0
1 12 25: 1434, 10, 0
1 12 26: 1434, 10, 0
1 12 27: 1434, 10, 0
1 12 28: 1434, 10, 0
1 12 29: 1434, 10, 0
1 12 30: 1434, 10, 0
1 12 32: 197, 6, 2
1 12 32: 1659, 9, 2
1 12 33: 185, 22, 1
1 12 33: 1631, 1, 2
1 12 34: 186, 22, 3
1 12 37: 185, 22, 1
1 12 38: 186, 22, 2
1 12 38: 1631, 1, 1
1 12 39: 1659, 9, 1
1 12 41: 1434, 10, 0
1 12 42: 1434, 10, 0
1 12 43: 1434, 10, 0
1 12 44: 1434, 10, 0
1 12 45: 1434, 10, 0
1 13 3: 1460, 10, 0
1 13 4: 1460, 10, 0
1 13 5: 1460, 10, 0
1 13 6: 1460, 10, 0
1 13 7: 1460, 10, 0
1 13 8: 1460, 10, 0
1 13 10: 1659, 9, 2
1 13 11: 206, 5, 2
1 13 11: 1659, 0, 2
1 13 14: 206, 5, 2
1 13 14: 1659, 0, 2
1 13 15: 1659, 9, 1
1 13 17: 1460, 10, 0
1 13 18: 1460, 10, 0
1 13 19: 1460, 10, 0
1 13 20: 1460, 10, 0
1 13 21: 1460, 10, 0
1 13 22: 1460, 10, 0
1 13 23: 1460, 10, 0
1 13 24: 1434, 10, 0
1 13 25: 1434, 10, 0
1 13 26: 1434, 10, 0
1 13 27: 1434, 10, 0
1 13 28: 1434, 10, 0
1 13 29: 1434, 10, 0
1 13 30: 1434, 10, 0
1 13 31: 1434, 10, 0
1 13 33: 1659, 9, 2
1 13 34: 206, 5, 2
1 13 34: 1659, 0, 2
1 13 37: 206, 5, 2
1 13 37: 1659, 0, 2
1 13 38: 1659, 9, 1
1 13 40: 1434, 10, 0
1 13 41: 1434, 10, 0
1 13 42: 1434, 10, 0
1 13 43: 1434, 10, 0
1 13 44: 1434, 10, 0
1 13 45: 1434, 10, 0
1 14 3: 1460, 10, 0
1 14 4: 1460, 10, 0
1 14 5: 1460, 10, 0
1 14 6: 1460, 10, 0
1 14 7: 1460, 10, 0
1 14 8: 1488, 1, 1
1 14 9: 1488, 0, 2
1 14 10: 1488, 0, 2
1 14 11: 1488, 2, 1
1 14 12: 97, 10, 3
1 14 14: 1488, 2, 2
1 14 15: 1488, 0, 2
1 14 16: 1488, 0, 2
1 14 17: 1488, 1, 2
1 14 18: 1460, 10, 0
1 14 19: 1460, 10, 0
1 14 20: 1460, 10, 0
1 14 21: 1460, 10, 0
1 14 22: 1460, 10, 0
1 14 23: 1460, 10, 0
1 14 24: 1434, 10, 0
1 14 25: 1434, 10, 0
1 14 26: 1434, 10, 0
1 14 27: 1434, 10, 0
1 14 28: 1434, 10, 0
1 14 29: 1434, 10, 0
1 14 30: 1434, 10, 0
1 14 31: 1658, 1, 1
1 14 32: 1658, 0, 2
1 14 33: 1658, 0, 2
1 14 34: 1659, 2, 1
1 14 35: 97, 10, 3
1 14 37: 1659, 2, 2
1 14 38: 1658, 0, 2
1 14 39: 1658, 0, 2
1 14 40: 1658, 1, 2
1 14 41: 1434, 10, 0
1 14 42: 1434, 10, 0
1 14 43: 1434, 10, 0
1 14 44: 1434, 10, 0
1 14 45: 1434, 10, 0
1 15 3: 1460, 10, 0
1 15 4: 1460, 10, 0
1 15 5: 1460, 10, 0
1 15 6: 1460, 10, 0
1 15 7: 1460, 10, 0
1 15 8: 1488, 0, 1
1 15 17: 1488, 0, 3
1 15 18: 1460, 10, 0
1 15 19: 1460, 10, 0
1 15 20: 1460, 10, 0
1 15 21: 1460, 10, 0
1 15 22: 1460, 10, 0
1 15 23: 1460, 10, 0
1 15 24: 1434, 10, 0
1 15 25: 1434, 10, 0
1 15 26: 1434, 10, 0
1 15 27: 1434, 10, 0
1 15 28: 1434, 10, 0
1 15 29: 1434, 10, 0
1 15 30: 1434, 10, 0
1 15 31: 1658, 0, 1
1 15 33: 1646, 4, 0
1 15 38: 1646, 4, 0
1 15 40: 1658, 0, 3
1 15 41: 1434, 10, 0
1 15 42: 1434, 10, 0
1 15 43: 1434, 10, 0
1 15 44: 1434, 10, 0
1 15 45: 1434, 10, 0
1 16 3: 1460, 10, 0
1 16 4: 1460, 10, 0
1 16 5: 1460, 10, 0
1 16 6: 1460, 10, 0
1 16 7: 1460, 10, 0
1 16 8: 1488, 0, 1
1 16 17: 1488, 0, 3
1 16 18: 1460, 10, 0
1 16 19: 1460, 10, 0
1 16 20: 1460, 10, 0
1 16 21: 1460, 10, 0
1 16 22: 1460, 10, 0
1 16 23: 1460, 10, 0
1 16 24: 1434, 10, 0
1 16 25: 1434, 10, 0
1 16 26: 1434, 10, 0
1 16 27: 1434, 10, 0
1 16 28: 1434, 10, 0
1 16 29: 1434, 10, 0
1 16 30: 1434, 10, 0
1 16 31: 1658, 0, 1
1 16 40: 1658, 0, 3
1 16 41: 1434, 10, 0
1 16 42: 1434, 10, 0
1 16 43: 1434, 10, 0
1 16 44: 1434, 10, 0
1 16 45: 1434, 10, 0
1 17 3: 1460, 10, 0
1 17 4: 1460, 10, 0
1 17 5: 1460, 10, 0
1 17 6: 1460, 10, 0
1 17 7: 1460, 10, 0
1 17 8: 1488, 0, 1
1 17 17: 1488, 0, 3
1 17 18: 1460, 10, 0
1 17 19: 1460, 10, 0
1 17 20: 1460, 10, 0
1 17 21: 1460, 10, 0
1 17 22: 1460, 10, 0
1 17 23: 1460, 10, 0
1 17 24: 1434, 10, 0
1 17 25: 1434, 10, 0
1 17 26: 1434, 10, 0
1 17 27: 1434, 10, 0
1 17 28: 1434, 10, 0
1 17 29: 1434, 10, 0
1 17 30: 1434, 10, 0
1 17 31: 1658, 0, 1
1 17 32: 1646, 4, 3
1 17 39: 1646, 4, 1
1 17 40: 1658, 0, 3
1 17 41: 1434, 10, 0
1 17 42: 1434, 10, 0
1 17 43: 1434, 10, 0
1 17 44: 1434, 10, 0
1 17 45: 1434, 10, 0
1 18 3: 1460, 10, 0
1 18 4: 1460, 10, 0
1 18 5: 1460, 10, 0
1 18 6: 1460, 10, 0
1 18 7: 1460, 10, 0
1 18 8: 1488, 0, 1
1 18 17: 1488, 0, 3
1 18 18: 1460, 10, 0
1 18 19: 1460, 10, 0
1 18 20: 1460, 10, 0
1 18 21: 1460, 10, 0
1 18 22: 1460, 10, 0
1 18 23: 1460, 10, 0
1 18 24: 1434, 10, 0
1 18 25: 1434, 10, 0
1 18 26: 1434, 10, 0
1 18 27: 1434, 10, 0
1 18 28: 1434, 10, 0
1 18 29: 1434, 10, 0
1 18 30: 1434, 10, 0
1 18 31: 1658, 0, 1
1 18 40: 1658, 0, 3
1 18 41: 1434, 10, 0
1 18 42: 1434, 10, 0
1 18 43: 1434, 10, 0
1 18 44: 1434, 10, 0
1 18 45: 1434, 10, 0
1 19 3: 1460, 10, 0
1 19 4: 1460, 10, 0
1 19 5: 1460, 10, 0
1 19 6: 1460, 10, 0
1 19 7: 1460, 10, 0
1 19 8: 1488, 0, 1
1 19 17: 1488, 0, 3
1 19 18: 1460, 10, 0
1 19 19: 1460, 10, 0
1 19 20: 1460, 10, 0
1 19 21: 1460, 10, 0
1 19 22: 1460, 10, 0
1 19 23: 1460, 10, 0
1 19 24: 1434, 10, 0
1 19 25: 1434, 10, 0
1 19 26: 1434, 10, 0
1 19 27: 1434, 10, 0
1 19 28: 1434, 10, 0
1 19 29: 1434, 10, 0
1 19 30: 1434, 10, 0
1 19 31: 1658, 0, 1
1 19 40: 1658, 0, 3
1 19 41: 1434, 10, 0
1 19 42: 1434, 10, 0
1 19 43: 1434, 10, 0
1 19 44: 1434, 10, 0
1 19 45: 1434, 10, 0
1 20 3: 1460, 10, 0
1 20 4: 1460, 10, 0
1 20 5: 1460, 10, 0
1 20 6: 1460, 10, 0
1 20 7: 1460, 10, 0
1 20 8: 1488, 0, 1
1 20 17: 1488, 0, 3
1 20 18: 1460, 10, 0
1 20 19: 1460, 10, 0
1 20 20: 1460, 10, 0
1 20 21: 1460, 10, 0
1 20 22: 1460, 10, 0
1 20 23: 1460, 10, 0
1 20 24: 1434, 10, 0
1 20 25: 1434, 10, 0
1 20 26: 1434, 10, 0
1 20 27: 1434, 10, 0
1 20 28: 1434, 10, 0
1 20 29: 1434, 10, 0
1 20 30: 1434, 10, 0
1 20 31: 1658, 0, 1
1 20 32: 1646, 4, 3
1 20 39: 1646, 4, 1
1 20 40: 1658, 0, 3
1 20 41: 1434, 10, 0
1 20 42: 1434, 10, 0
1 20 43: 1434, 10, 0
1 20 44: 1434, 10, 0
1 20 45: 1434, 10, 0
1 21 3: 1460, 10, 0
1 21 4: 1460, 10, 0
1 21 5: 1460, 10, 0
1 21 6: 1460, 10, 0
1 21 7: 1460, 10, 0
1 21 8: 1488, 0, 1
1 21 17: 1488, 0, 3
1 21 18: 1460, 10, 0
1 21 19: 1460, 10, 0
1 21 20: 1460, 10, 0
1 21 21: 1460, 10, 0
1 21 22: 1460, 10, 0
1 21 23: 1460, 10, 0
1 21 24: 1434, 10, 0
1 21 25: 1434, 10, 0
1 21 26: 1434, 10, 0
1 21 27: 1434, 10, 0
1 21 28: 1434, 10, 0
1 21 29: 1434, 10, 0
1 21 30: 1434, 10, 0
1 21 31: 1658, 0, 1
1 21 40: 1658, 0, 3
1 21 41: 1434, 10, 0
1 21 42: 1434, 10, 0
1 21 43: 1434, 10, 0
1 21 44: 1434, 10, 0
1 21 45: 1434, 10, 0
1 22 3: 1460, 10, 0
1 22 4: 1460, 10, 0
1 22 5: 1460, 10, 0
1 22 6: 1460, 10, 0
1 22 7: 1460, 10, 0
1 22 8: 1488, 0, 1
1 22 17: 1488, 0, 3
1 22 18: 1460, 10, 0
1 22 19: 1460, 10, 0
1 22 20: 1460, 10, 0
1 22 21: 1460, 10, 0
1 22 22: 1460, 10, 0
1 22 23: 1460, 10, 0
1 22 24: 1434, 10, 0
1 22 25: 1434, 10, 0
1 22 26: 1434, 10, 0
1 22 27: 1434, 10, 0
1 22 28: 1434, 10, 0
1 22 29: 1434, 10, 0
1 22 30: 1434, 10, 0
1 22 31: 1658, 0, 1
1 22 40: 1658, 0, 3
1 22 41: 1434, 10, 0
1 22 42: 1434, 10, 0
1 22 43: 1434, 10, 0
1 22 44: 1434, 10, 0
1 22 45: 1434, 10, 0
1 23 3: 1460, 10, 0
1 23 4: 1460, 10, 0
1 23 5: 1460, 10, 0
1 23 6: 1460, 10, 0
1 23 7: 1460, 10, 0
1 23 8: 1488, 0, 1
1 23 17: 1488, 0, 3
1 23 18: 1460, 10, 0
1 23 19: 1460, 10, 0
1 23 20: 1460, 10, 0
1 23 21: 1460, 10, 0
1 23 22: 1460, 10, 0
1 23 23: 1460, 10, 0
1 23 24: 1434, 10, 0
1 23 25: 1434, 10, 0
1 23 26: 1434, 10, 0
1 23 27: 1434, 10, 0
1 23 28: 1434, 10, 0
1 23 29: 1434, 10, 0
1 23 30: 1434, 10, 0
1 23 31: 1658, 0, 1
1 23 32: 1646, 4, 3
1 23 39: 1646, 4, 1
1 23 40: 1658, 0, 3
1 23 41: 1434, 10, 0
1 23 42: 1434, 10, 0
1 23 43: 1434, 10, 0
1 23 44: 1434, 10, 0
1 23 45: 1434, 10, 0
1 24 3: 1460, 10, 0
1 24 4: 1460, 10, 0
1 24 5: 1460, 10, 0
1 24 6: 1460, 10, 0
1 24 7: 1460, 10, 0
1 24 8: 1488, 0, 1
1 24 17: 1488, 0, 3
1 24 18: 1460, 10, 0
1 24 19: 1460, 10, 0
1 24 20: 1460, 10, 0
1 24 21: 1460, 10, 0
1 24 22: 1460, 10, 0
1 24 23: 1460, 10, 0
1 24 24: 1434, 10, 0
1 24 25: 1434, 10, 0
1 24 26: 1434, 10, 0
1 24 27: 1434, 10, 0
1 24 28: 1434, 10, 0
1 24 29: 1434, 10, 0
1 24 30: 1434, 10, 0
1 24 31: 1658, 0, 1
1 24 40: 1658, 0, 3
1 24 41: 1434, 10, 0
1 24 42: 1434, 10, 0
1 24 43: 1434, 10, 0
1 24 44: 1434, 10, 0
1 24 45: 1434, 10, 0
1 25 3: 1460, 10, 0
1 25 4: 1460, 10, 0
1 25 5: 1460, 10, 0
1 25 6: 1460, 10, 0
1 25 7: 1460, 10, 0
1 25 8: 1488, 0, 1
1 25 17: 1488, 0, 3
1 25 18: 1460, 10, 0
1 25 19: 1460, 10, 0
1 25 20: 1460, 10, 0
1 25 21: 1460, 10, 0
1 25 22: 1460, 10, 0
1 25 23: 1460, 10, 0
1 25 24: 1434, 10, 0
1 25 25: 1434, 10, 0
1 25 26: 1434, 10, 0
1 25 27: 1434, 10, 0
1 25 28: 1434, 10, 0
1 25 29: 1434, 10, 0
1 25 30: 1434, 10, 0
1 25 31: 1658, 0, 1
1 25 40: 1658, 0, 3
1 25 41: 1434, 10, 0
1 25 42: 1434, 10, 0
1 25 43: 1434, 10, 0
1 25 44: 1434, 10, 0
1 25 45: 1434, 10, 0
1 26 3: 1460, 10, 0
1 26 4: 1460, 10, 0
1 26 5: 1460, 10, 0
1 26 6: 1460, 10, 0
1 26 7: 1460, 10, 0
1 26 8: 1488, 0, 1
1 26 17: 1488, 0, 3
1 26 18: 1460, 10, 0
1 26 19: 1460, 10, 0
1 26 20: 1460, 10, 0
1 26 21: 1460, 10, 0
1 26 22: 1460, 10, 0
1 26 23: 1460, 10, 0
1 26 24: 1434, 10, 0
1 26 25: 1434, 10, 0
1 26 26: 1434, 10, 0
1 26 27: 1434, 10, 0
1 26 28: 1434, 10, 0
1 26 29: 1434, 10, 0
1 26 30: 1434, 10, 0
1 26 31: 1658, 0, 1
1 26 32: 1646, 4, 3
1 26 39: 1646, 4, 1
1 26 40: 1658, 0, 3
1 26 41: 1434, 10, 0
1 26 42: 1434, 10, 0
1 26 43: 1434, 10, 0
1 26 44: 1434, 10, 0
1 26 45: 1434, 10, 0
1 27 3: 1460, 10, 0
1 27 4: 1460, 10, 0
1 27 5: 1460, 10, 0
1 27 6: 1460, 10, 0
1 27 7: 1460, 10, 0
1 27 8: 1488, 0, 1
1 27 17: 1488, 0, 3
1 27 18: 1460, 10, 0
1 27 19: 1460, 10, 0
1 27 20: 1460, 10, 0
1 27 21: 1460, 10, 0
1 27 22: 1460, 10, 0
1 27 23: 1460, 10, 0
1 27 24: 1434, 10, 0
1 27 25: 1434, 10, 0
1 27 26: 1434, 10, 0
1 27 27: 1434, 10, 0
1 27 28: 1434, 10, 0
1 27 29: 1434, 10, 0
1 27 30: 1434, 10, 0
1 27 31: 1658, 0, 1
1 27 40: 1658, 0, 3
1 27 41: 1434, 10, 0
1 27 42: 1434, 10, 0
1 27 43: 1434, 10, 0
1 27 44: 1434, 10, 0
1 27 45: 1434, 10, 0
1 28 3: 1460, 10, 0
1 28 4: 1460, 10, 0
1 28 5: 1460, 10, 0
1 28 6: 1460, 10, 0
1 28 7: 1460, 10, 0
1 28 8: 1488, 0, 1
1 28 17: 1488, 0, 3
1 28 18: 1460, 10, 0
1 28 19: 1460, 10, 0
1 28 20: 1460, 10, 0
1 28 21: 1460, 10, 0
1 28 22: 1460, 10, 0
1 28 23: 1460, 10, 0
1 28 24: 1434, 10, 0
1 28 25: 1434, 10, 0
1 28 26: 1434, 10, 0
1 28 27: 1434, 10, 0
1 28 28: 1434, 10, 0
1 28 29: 1434, 10, 0
1 28 30: 1434, 10, 0
1 28 31: 1658, 0, 1
1 28 40: 1658, 0, 3
1 28 41: 1434, 10, 0
1 28 42: 1434, 10, 0
1 28 43: 1434, 10, 0
1 28 44: 1434, 10, 0
1 28 45: 1434, 10, 0
1 29 3: 1460, 10, 0
1 29 4: 1460, 10, 0
1 29 5: 1460, 10, 0
1 29 6: 1460, 10, 0
1 29 7: 1460, 10, 0
1 29 8: 1488, 0, 1
1 29 17: 1488, 0, 3
1 29 18: 1460, 10, 0
1 29 19: 1460, 10, 0
1 29 20: 1460, 10, 0
1 29 21: 1460, 10, 0
1 29 22: 1460, 10, 0
1 29 23: 1460, 10, 0
1 29 24: 1434, 10, 0
1 29 25: 1434, 10, 0
1 29 26: 1434, 10, 0
1 29 27: 1434, 10, 0
1 29 28: 1434, 10, 0
1 29 29: 1434, 10, 0
1 29 30: 1434, 10, 0
1 29 31: 1658, 0, 1
1 29 32: 1646, 4, 3
1 29 39: 1646, 4, 1
1 29 40: 1658, 0, 3
1 29 41: 1434, 10, 0
1 29 42: 1434, 10, 0
1 29 43: 1434, 10, 0
1 29 44: 1434, 10, 0
1 29 45: 1434, 10, 0
1 30 3: 1460, 10, 0
1 30 4: 1460, 10, 0
1 30 5: 1460, 10, 0
1 30 6: 1460, 10, 0
1 30 7: 1460, 10, 0
1 30 8: 1488, 0, 1
1 30 17: 1488, 0, 3
1 30 18: 1460, 10, 0
1 30 19: 1460, 10, 0
1 30 20: 1460, 10, 0
1 30 21: 1460, 10, 0
1 30 22: 1460, 10, 0
1 30 23: 1460, 10, 0
1 30 24: 1434, 10, 0
1 30 25: 1434, 10, 0
1 30 26: 1434, 10, 0
1 30 27: 1434, 10, 0
1 30 28: 1434, 10, 0
1 30 29: 1434, 10, 0
1 30 30: 1434, 10, 0
1 30 31: 1658, 0, 1
1 30 34: 1646, 4, 2
1 30 37: 1646, 4, 2
1 30 40: 1658, 0, 3
1 30 41: 1434, 10, 0
1 30 42: 1434, 10, 0
1 30 43: 1434, 10, 0
1 30 44: 1434, 10, 0
1 30 45: 1434, 10, 0
1 31 3: 1460, 10, 0
1 31 4: 1460, 10, 0
1 31 5: 1460, 10, 0
1 31 6: 1460, 10, 0
1 31 7: 1460, 10, 0
1 31 8: 1488, 1, 0
1 31 9: 1488, 0, 0
1 31 10: 1488, 0, 0
1 31 11: 1488, 0, 0
1 31 12: 1488, 0, 0
1 31 13: 1488, 0, 0
1 31 14: 1488, 0, 0
1 31 15: 1488, 0, 0
1 31 16: 1488, 0, 0
1 31 17: 1488, 1, 3
1 31 18: 1460, 10, 0
1 31 19: 1460, 10, 0
1 31 20: 1460, 10, 0
1 31 21: 1460, 10, 0
1 31 22: 1460, 10, 0
1 31 23: 1460, 10, 0
1 31 24: 1434, 10, 0
1 31 25: 1434, 10, 0
1 31 26: 1434, 10, 0
1 31 27: 1434, 10, 0
1 31 28: 1434, 10, 0
1 31 29: 1434, 10, 0
1 31 30: 1434, 10, 0
1 31 31: 1658, 1, 0
1 31 32: 1658, 0, 0
1 31 33: 1658, 0, 0
1 31 34: 1658, 0, 0
1 31 35: 1658, 0, 0
1 31 36: 1658, 0, 0
1 31 37: 1658, 0, 0
1 31 38: 1658, 0, 0
1 31 39: 1658, 0, 0
1 31 40: 1658, 1, 3
1 31 41: 1434, 10, 0
1 31 42: 1434, 10, 0
1 31 43: 1434, 10, 0
1 31 44: 1434, 10, 0
1 31 45: 1434, 10, 0
1 32 3: 1460, 10, 0
1 32 4: 1460, 10, 0
1 32 5: 1460, 10, 0
1 32 6: 1460, 10, 0
1 32 7: 1460, 10, 0
1 32 8: 1460, 10, 0
1 32 9: 1460, 10, 0
1 32 10: 1460, 10, 0
1 32 11: 1460, 10, 0
1 32 12: 1460, 10, 0
1 32 13: 1460, 10, 0
1 32 14: 1460, 10, 0
1 32 15: 1460, 10, 0
1 32 16: 1460, 10, 0
1 32 17: 1460, 10, 0
1 32 18: 1460, 10, 0
1 32 19: 1460, 10, 0
1 32 20: 1460, 10, 0
1 32 21: 1460, 10, 0
1 32 22: 1460, 10, 0
1 32 23: 1460, 10, 0
1 32 24: 1434, 10, 0
1 32 25: 1434, 10, 0
1 32 26: 1434, 10, 0
1 32 27: 1434, 10, 0
1 32 28: 1434, 10, 0
1 32 29: 1434, 10, 0
1 32 30: 1434, 10, 0
1 32 31: 1434, 10, 0
1 32 32: 1434, 10, 0
1 32 33: 1434, 10, 0
1 32 34: 1434, 10, 0
1 32 35: 1434, 10, 0
1 32 36: 1434, 10, 0
1 32 37: 1434, 10, 0
1 32 38: 1434, 10, 0
1 32 39: 1434, 10, 0
1 32 40: 1434, 10, 0
1 32 41: 1434, 10, 0
1 32 42: 1434, 10, 0
1 32 43: 1434, 10, 0
1 32 44: 1434, 10, 0
1 32 45: 1434, 10, 0
1 33 3: 1460, 10, 0
1 33 4: 1460, 10, 0
1 33 5: 1460, 10, 0
1 33 6: 1460, 10, 0
1 33 7: 1460, 10, 0
1 33 8: 1460, 10, 0
1 33 9: 1460, 10, 0
1 33 10: 1460, 10, 0
1 33 11: 1460, 10, 0
1 33 12: 1460, 10, 0
1 33 13: 1460, 10, 0
1 33 14: 1460, 10, 0
1 33 15: 1460, 10, 0
1 33 16: 1460, 10, 0
1 33 17: 1460, 10, 0
1 33 18: 1460, 10, 0
1 33 19: 1460, 10, 0
1 33 20: 1460, 10, 0
1 33 21: 1460, 10, 0
1 33 22: 1460, 10, 0
1 33 23: 1460, 10, 0
1 33 24: 1434, 10, 0
1 33 25: 1434, 10, 0
1 33 26: 1434, 10, 0
1 33 27: 1434, 10, 0
1 33 28: 1434, 10, 0
1 33 29: 1434, 10, 0
1 33 30: 1434, 10, 0
1 33 31: 1434, 10, 0
1 33 32: 1434, 10, 0
1 33 33: 1434, 10, 0
1 33 34: 1434, 10, 0
1 33 35: 1434, 10, 0
1 33 36: 1434, 10, 0
1 33 37: 1434, 10, 0
1 33 38: 1434, 10, 0
1 33 39: 1434, 10, 0
1 33 40: 1434, 10, 0
1 33 41: 1434, 10, 0
1 33 42: 1434, 10, 0
1 33 43: 1434, 10, 0
1 33 44: 1434, 10, 0
1 33 45: 1434, 10, 0
1 34 3: 1460, 10, 0
1 34 4: 1460, 10, 0
1 34 5: 1460, 10, 0
1 34 6: 1460, 10, 0
1 34 7: 1460, 10, 0
1 34 8: 1460, 10, 0
1 34 9: 1460, 10, 0
1 34 10: 1460, 10, 0
1 34 11: 1460, 10, 0
1 34 12: 1460, 10, 0
1 34 13: 1460, 10, 0
1 34 14: 1460, 10, 0
1 34 15: 1460, 10, 0
1 34 16: 1460, 10, 0
1 34 17: 1460, 10, 0
1 34 18: 1460, 10, 0
1 34 19: 1460, 10, 0
1 34 20: 1460, 10, 0
1 34 21: 1460, 10, 0
1 34 22: 1460, 10, 0
1 34 23: 1460, 10, 0
1 34 24: 1434, 10, 0
1 34 25: 1434, 10, 0
1 34 26: 1434, 10, 0
1 34 27: 1434, 10, 0
1 34 28: 1434, 10, 0
1 34 29: 1434, 10, 0
1 34 30: 1434, 10, 0
1 34 31: 1434, 10, 0
1 34 32: 1434, 10, 0
1 34 33: 1434, 10, 0
1 34 34: 1434, 10, 0
1 34 35: 1434, 10, 0
1 34 36: 1434, 10, 0
1 34 37: 1434, 10, 0
1 34 38: 1434, 10, 0
1 34 39: 1434, 10, 0
1 34 40: 1434, 10, 0
1 34 41: 1434, 10, 0
1 34 42: 1434, 10, 0
1 34 43: 1434, 10, 0
1 34 44: 1434, 10, 0
1 34 45: 1434, 10, 0
1 34 63: 320, 22, 2
1 35 3: 1460, 10, 0
1 35 4: 1460, 10, 0
1 35 5: 1460, 10, 0
1 35 6: 1460, 10, 0
1 35 7: 1460, 10, 0
1 35 8: 1460, 10, 0
1 35 9: 1460, 10, 0
1 35 10: 1460, 10, 0
1 35 11: 1460, 10, 0
1 35 12: 1460, 10, 0
1 35 13: 1460, 10, 0
1 35 14: 1460, 10, 0
1 35 15: 1460, 10, 0
1 35 16: 1460, 10, 0
1 35 17: 1460, 10, 0
1 35 18: 1460, 10, 0
1 35 19: 1460, 10, 0
1 35 20: 1460, 10, 0
1 35 21: 1460, 10, 0
1 35 22: 1460, 10, 0
1 35 23: 1460, 10, 0
1 35 24: 1434, 10, 0
1 35 25: 1434, 10, 0
1 35 26: 1434, 10, 0
1 35 27: 1434, 10, 0
1 35 28: 1434, 10, 0
1 35 29: 1434, 10, 0
1 35 30: 1434, 10, 0
1 35 31: 1434, 10, 0
1 35 32: 1434, 10, 0
1 35 33: 1434, 10, 0
1 35 34: 1434, 10, 0
1 35 35: 1434, 10, 0
1 35 36: 1434, 10, 0
1 35 37: 1434, 10, 0
1 35 38: 1434, 10, 0
1 35 39: 1434, 10, 0
1 35 40: 1434, 10, 0
1 35 41: 1434, 10, 0
1 35 42: 1434, 10, 0
1 35 43: 1434, 10, 0
1 35 44: 1434, 10, 0
1 35 45: 1434, 10, 0
1 35 63: 320, 22, 1
1 36 3: 1460, 10, 0
1 36 4: 1460, 10, 0
1 36 5: 1460, 10, 0
1 36 6: 1460, 10, 0
1 36 7: 1460, 10, 0
1 36 8: 1460, 10, 0
1 36 9: 1460, 10, 0
1 36 10: 1460, 10, 0
1 36 11: 1460, 10, 0
1 36 12: 1460, 10, 0
1 36 13: 1460, 10, 0
1 36 14: 1460, 10, 0
1 36 15: 1460, 10, 0
1 36 16: 1460, 10, 0
1 36 17: 1460, 10, 0
1 36 18: 1460, 10, 0
1 36 19: 1460, 10, 0
1 36 20: 1460, 10, 0
1 36 21: 1460, 10, 0
1 36 22: 1460, 10, 0
1 36 23: 1460, 10, 0
1 36 24: 1434, 10, 0
1 36 25: 1434, 10, 0
1 36 26: 1434, 10, 0
1 36 27: 1434, 10, 0
1 36 28: 1434, 10, 0
1 36 29: 1434, 10, 0
1 36 30: 1434, 10, 0
1 36 31: 1434, 10, 0
1 36 32: 1434, 10, 0
1 36 33: 1434, 10, 0
1 36 34: 1434, 10, 0
1 36 35: 1434, 10, 0
1 36 36: 1434, 10, 0
1 36 37: 1434, 10, 0
1 36 38: 1434, 10, 0
1 36 39: 1434, 10, 0
1 36 40: 1434, 10, 0
1 36 41: 1434, 10, 0
1 36 42: 1434, 10, 0
1 36 43: 1434, 10, 0
1 36 44: 1434, 10, 0
1 36 45: 1434, 10, 0
1 36 62: 320, 22, 3
1 36 63: 321, 22, 2
1 37 62: 320, 22, 2
1 37 63: 320, 22, 3
1 38 63: 321, 22, 1
1 39 62: 320, 22, 2
1 39 63: 320, 22, 3
2 11 43: 320, 22, 0
2 12 5: 185, 22, 1
2 12 6: 184, 22, 3
2 12 19: 185, 22, 1
2 12 29: 320, 22, 2
2 12 42: 321, 22, 2
2 12 43: 320, 22, 1
2 13 18: 185, 22, 0
2 13 19: 186, 22, 1
2 13 29: 319, 22, 3
2 13 30: 320, 22, 2
2 13 41: 320, 22, 2
2 14 10: 1626, 0, 0
2 14 11: 1624, 0, 0
2 14 11: 1653, 10, 0
2 14 13: 1654, 10, 0
2 14 14: 1625, 0, 0
2 14 15: 1626, 0, 0
2 14 18: 185, 22, 3
2 14 33: 1626, 0, 0
2 14 34: 1624, 0, 0
2 14 34: 1653, 10, 0
2 14 36: 1654, 10, 0
2 14 37: 1625, 0, 0
2 14 38: 1626, 0, 0
2 16 6: 186, 22, 2
2 16 7: 185, 22, 3
2 16 29: 320, 22, 3
2 16 30: 321, 22, 3
2 17 7: 185, 22, 1
2 17 29: 320, 22, 0
2 17 30: 320, 22, 1
2 17 41: 320, 22, 3
2 18 7: 185, 22, 1
2 18 18: 185, 22, 3
2 18 30: 319, 22, 2
2 18 41: 321, 22, 1
2 19 18: 186, 22, 0
2 19 30: 320, 22, 2
2 19 41: 320, 22, 3
2 20 18: 185, 22, 0
2 21 41: 319, 22, 2
2 23 18: 186, 22, 3
2 23 29: 320, 22, 3
2 24 18: 185, 22, 1
2 24 30: 320, 22, 0
2 24 41: 320, 22, 3
2 25 6: 185, 22, 1
2 25 29: 320, 22, 1
2 25 30: 320, 22, 3
2 25 41: 320, 22, 2
2 26 6: 185, 22, 0
2 26 30: 319, 22, 2
2 26 41: 321, 22, 1
2 26 42: 320, 22, 2
2 27 18: 185, 22, 1
2 27 30: 321, 22, 0
2 27 41: 320, 22, 1
2 27 43: 320, 22, 3
2 28 7: 184, 22, 2
2 28 18: 185, 22, 2
2 28 30: 320, 22, 0
2 28 41: 320, 22, 0
2 28 42: 320, 22, 0
2 29 7: 185, 22, 0
2 31 41: 320, 22, 2
2 32 14: 185, 22, 1
2 32 15: 186, 22, 3
2 32 32: 320, 22, 2
2 32 33: 321, 22, 0
2 32 34: 320, 22, 1
2 32 35: 320, 22, 0
2 32 36: 320, 22, 3
2 32 38: 321, 22, 1
2 32 39: 319, 22, 1
2 32 40: 320, 22, 1
2 32 41: 320, 22, 2
2 33 12: 185, 22, 2
2 33 13: 185, 22, 3
2 33 16: 185, 22, 0
2 33 18: 185, 22, 0
2 33 32: 320, 22, 1
2 33 33: 320, 22, 0
2 33 39: 320, 22, 1
2 33 40: 320, 22, 1
