0 0 1: 1257, 22, 3
0 0 2: 1171, 10, 2
0 0 2: 1258, 22, 2
0 0 3: 1171, 10, 3
0 0 3: 1257, 22, 0
0 0 4: 1257, 22, 1
0 0 5: 1257, 22, 1
0 0 6: 1257, 22, 2
0 0 7: 1259, 22, 2
0 0 9: 1171, 10, 1
0 0 9: 1257, 22, 0
0 0 10: 1257, 22, 3
0 0 33: 1246, 22, 1
0 0 34: 1341, 10, 3
0 0 35: 1286, 10, 1
0 0 36: 1246, 22, 3
0 0 40: 1246, 22, 0
0 0 41: 1246, 22, 3
0 0 41: 1286, 10, 2
0 0 42: 1246, 22, 3
0 0 43: 325, 22, 3
0 0 44: 326, 22, 3
0 0 45: 324, 22, 1
0 0 58: 1246, 22, 2
0 1 0: 1259, 22, 3
0 1 1: 1171, 10, 1
0 1 1: 1258, 22, 3
0 1 2: 1257, 22, 3
0 1 3: 1257, 22, 2
0 1 5: 1257, 22, 1
0 1 6: 1258, 22, 3
0 1 7: 1257, 22, 1
0 1 8: 1258, 22, 0
0 1 9: 1257, 22, 2
0 1 10: 1171, 10, 0
0 1 10: 1257, 22, 3
0 1 13: 1171, 10, 2
0 1 14: 2092, 10, 2
0 1 15: 2093, 10, 0
0 1 34: 1246, 22, 2
0 1 36: 174, 22, 0
0 1 38: 326, 22, 0
0 1 39: 325, 22, 3
0 1 46: 325, 22, 2
0 1 47: 325, 22, 2
0 1 48: 324, 22, 2
0 1 49: 325, 22, 2
0 1 58: 1276, 10, 3
0 1 59: 1246, 22, 3
0 2 0: 1258, 22, 3
0 2 1: 1258, 22, 1
0 2 2: 1257, 22, 2
0 2 7: 1258, 22, 0
0 2 11: 1171, 10, 3
0 2 13: 2092, 10, 2
0 2 14: 2093, 10, 3
0 2 15: 1258, 22, 0
0 2 16: 1258, 22, 0
0 2 18: 1286, 10, 0
0 2 31: 980, 9, 3
0 2 32: 980, 0, 0
0 2 33: 980, 0, 0
0 2 34: 980, 0, 0
0 2 35: 981, 3, 3
0 2 37: 325, 22, 1
0 2 58: 1246, 22, 0
0 2 63: 1281, 10, 3
0 3 0: 1258, 22, 0
0 3 1: 1171, 10, 3
0 3 1: 1257, 22, 1
0 3 6: 2093, 10, 2
0 3 15: 1258, 22, 0
0 3 16: 1258, 22, 3
0 3 17: 1257, 22, 1
0 3 18: 1257, 22, 0
0 3 30: 980, 9, 3
0 3 31: 444, 10, 2
0 3 31: 980, 1, 3
0 3 34: 981, 3, 1
0 3 44: 1286, 10, 2
0 3 45: 1246, 22, 0
0 3 47: 1246, 22, 2
0 3 47: 1286, 10, 2
0 3 63: 1246, 22, 2
0 4 3: 1245, 22, 1
0 4 4: 2093, 11, 3
0 4 5: 2093, 10, 2
0 4 11: 2103, 10, 2
0 4 13: 1246, 22, 3
0 4 13: 1286, 10, 2
0 4 14: 1258, 22, 1
0 4 15: 1259, 22, 1
0 4 16: 1286, 10, 3
0 4 17: 1257, 22, 3
0 4 18: 1257, 22, 3
0 4 30: 980, 0, 3
0 4 34: 326, 22, 1
0 4 34: 980, 0, 1
0 4 42: 1246, 22, 3
0 4 42: 1286, 10, 3
0 4 44: 1246, 22, 3
0 4 45: 1286, 10, 0
0 4 47: 1246, 22, 1
0 4 48: 303, 10, 2
0 4 63: 1246, 22, 3
0 5 7: 2108, 11, 3
0 5 9: 2108, 10, 2
0 5 11: 1247, 22, 1
0 5 11: 2102, 11, 3
0 5 13: 1258, 22, 3
0 5 14: 1259, 22, 1
0 5 15: 1257, 22, 1
0 5 16: 1257, 22, 2
0 5 17: 1257, 22, 3
0 5 30: 981, 3, 3
0 5 32: 325, 22, 1
0 5 34: 980, 3, 0
0 5 35: 980, 0, 0
0 5 36: 980, 0, 0
0 5 37: 980, 0, 0
0 5 38: 980, 0, 0
0 5 39: 980, 0, 0
0 5 40: 980, 0, 0
0 5 41: 980, 9, 0
0 5 43: 1246, 22, 1
0 5 44: 1246, 22, 1
0 5 44: 1286, 10, 3
0 5 45: 1246, 22, 2
0 6 1: 2091, 10, 2
0 6 4: 2094, 10, 2
0 6 7: 2108, 10, 2
0 6 9: 2091, 10, 2
0 6 12: 2095, 10, 2
0 6 13: 1259, 22, 3
0 6 14: 1259, 22, 1
0 6 14: 2095, 10, 2
0 6 31: 325, 22, 2
0 6 33: 1902, 3, 1
0 6 34: 1902, 0, 2
0 6 35: 1821, 5, 2
0 6 35: 1902, 0, 2
0 6 36: 1902, 0, 2
0 6 37: 1902, 0, 2
0 6 38: 1826, 5, 2
0 6 38: 1902, 0, 2
0 6 39: 1902, 0, 2
0 6 40: 1902, 0, 2
0 6 41: 1902, 3, 2
0 6 42: 980, 9, 0
0 6 50: 1245, 22, 1
0 6 53: 1106, 10, 3
0 7 6: 2741, 22, 2
0 7 9: 1246, 22, 2
0 7 11: 1259, 22, 3
0 7 11: 2095, 10, 2
0 7 12: 1259, 22, 3
0 7 13: 1259, 22, 0
0 7 24: 980, 1, 1
0 7 25: 980, 9, 1
0 7 26: 980, 0, 0
0 7 27: 980, 0, 0
0 7 27: 1821, 4, 2
0 7 28: 980, 0, 0
0 7 29: 980, 0, 0
0 7 30: 325, 22, 1
0 7 30: 981, 3, 3
0 7 31: 326, 22, 2
0 7 32: 325, 22, 1
0 7 33: 1902, 0, 1
0 7 35: 1821, 4, 0
0 7 36: 1014, 10, 0
0 7 37: 1013, 10, 0
0 7 38: 1826, 4, 0
0 7 40: 887, 4, 0
0 7 41: 1902, 0, 3
0 7 42: 980, 0, 1
0 7 44: 1245, 22, 0
0 7 57: 1245, 22, 3
0 7 62: 1246, 22, 2
0 7 62: 1276, 10, 3
0 7 63: 1246, 22, 1
0 8 0: 1171, 10, 0
0 8 1: 1171, 10, 1
0 8 3: 2109, 10, 2
0 8 5: 2094, 10, 2
0 8 6: 2094, 10, 2
0 8 9: 1286, 10, 1
0 8 23: 980, 1, 1
0 8 24: 980, 9, 1
0 8 26: 391, 6, 3
0 8 26: 1902, 9, 3
0 8 27: 1821, 5, 0
0 8 27: 1902, 0, 0
0 8 27: 2728, 10, 0
0 8 28: 1902, 2, 0
0 8 28: 2772, 22, 2
0 8 29: 907, 4, 3
0 8 33: 1821, 5, 1
0 8 33: 1902, 0, 1
0 8 34: 1822, 4, 3
0 8 38: 602, 10, 0
0 8 39: 1088, 10, 0
0 8 40: 1827, 4, 1
0 8 41: 1826, 5, 3
0 8 41: 1902, 0, 3
0 8 42: 980, 0, 1
0 8 62: 1246, 22, 0
0 8 63: 1246, 22, 2
0 9 8: 1247, 22, 2
0 9 22: 980, 1, 1
0 9 23: 980, 9, 1
0 9 25: 1826, 8, 3
0 9 25: 1902, 9, 3
0 9 26: 1902, 1, 3
0 9 28: 1821, 5, 1
0 9 28: 1902, 0, 1
0 9 29: 1821, 4, 3
0 9 33: 1530, 0, 1
0 9 35: 1088, 10, 1
0 9 37: 1088, 11, 1
0 9 40: 2727, 10, 1
0 9 41: 1902, 0, 3
0 9 42: 980, 9, 1
0 9 60: 1106, 10, 3
0 10 0: 2092, 10, 2
0 10 3: 1171, 10, 2
0 10 5: 1171, 10, 3
0 10 22: 980, 0, 1
0 10 24: 1902, 9, 3
0 10 25: 1902, 1, 3
0 10 28: 916, 22, 2
0 10 28: 1530, 0, 1
0 10 29: 1247, 22, 2
0 10 30: 1247, 22, 2
0 10 33: 1902, 0, 1
0 10 35: 917, 22, 3
0 10 36: 918, 22, 3
0 10 37: 917, 22, 0
0 10 40: 1022, 7, 3
0 10 40: 1902, 9, 3
0 10 41: 1902, 1, 3
0 10 42: 980, 0, 3
0 10 43: 1286, 10, 0
0 10 60: 1245, 22, 1
0 11 0: 1246, 22, 1
0 11 1: 1246, 22, 2
0 11 21: 980, 1, 1
0 11 22: 980, 9, 1
0 11 24: 888, 5, 3
0 11 24: 1014, 10, 3
0 11 24: 1902, 0, 3
0 11 25: 1088, 10, 2
0 11 26: 598, 10, 3
0 11 28: 1821, 5, 1
0 11 28: 1902, 0, 1
0 11 29: 1821, 4, 3
0 11 33: 1826, 5, 1
0 11 33: 1902, 0, 1
0 11 34: 1827, 4, 3
0 11 35: 917, 22, 2
0 11 36: 918, 22, 1
0 11 37: 917, 22, 1
0 11 39: 1826, 8, 3
0 11 39: 1902, 9, 3
0 11 40: 1902, 1, 3
0 11 42: 981, 3, 3
0 12 0: 1246, 22, 0
0 12 1: 1286, 10, 0
0 12 2: 1247, 22, 2
0 12 3: 1286, 10, 2
0 12 21: 980, 0, 1
0 12 24: 1022, 5, 2
0 12 24: 1902, 2, 2
0 12 25: 1821, 5, 2
0 12 25: 1902, 0, 2
0 12 26: 1023, 5, 2
0 12 26: 1902, 0, 2
0 12 27: 1821, 5, 2
0 12 27: 1902, 0, 2
0 12 28: 1902, 2, 1
0 12 31: 325, 22, 0
0 12 33: 1246, 22, 2
0 12 33: 1902, 0, 1
0 12 34: 2728, 10, 2
0 12 35: 2772, 22, 0
0 12 36: 1827, 4, 2
0 12 37: 887, 4, 2
0 12 38: 1022, 7, 3
0 12 38: 1902, 9, 3
0 12 39: 1902, 1, 3
0 13 0: 1286, 10, 2
0 13 1: 1246, 22, 0
0 13 4: 2095, 11, 3
0 13 21: 980, 9, 1
0 13 25: 1821, 4, 0
0 13 27: 1821, 4, 0
0 13 30: 325, 22, 3
0 13 31: 326, 22, 3
0 13 33: 1902, 3, 0
0 13 34: 1902, 0, 0
0 13 35: 1902, 0, 0
0 13 36: 1826, 5, 0
0 13 36: 1902, 0, 0
0 13 37: 1902, 0, 0
0 13 38: 1902, 1, 3
0 13 39: 980, 0, 1
0 13 40: 981, 3, 3
0 14 0: 1286, 10, 2
0 14 1: 1247, 22, 1
0 14 2: 2093, 10, 2
0 14 21: 980, 0, 3
0 14 27: 1297, 10, 3
0 14 30: 1246, 22, 3
0 14 31: 325, 22, 0
0 14 33: 1244, 22, 3
0 14 39: 980, 9, 3
0 15 0: 1246, 22, 1
0 15 2: 1245, 22, 1
0 15 20: 980, 9, 3
0 15 21: 980, 1, 3
0 15 22: 1297, 11, 0
0 15 23: 1247, 22, 0
0 15 29: 325, 22, 3
0 15 33: 1246, 22, 0
0 15 33: 1902, 1, 1
0 15 34: 1821, 5, 2
0 15 34: 1902, 0, 2
0 15 35: 1902, 0, 2
0 15 37: 1821, 5, 2
0 15 37: 1902, 0, 2
0 15 38: 1902, 3, 2
0 15 39: 980, 0, 3
0 16 14: 1258, 22, 1
0 16 15: 1258, 22, 2
0 16 15: 2091, 10, 0
0 16 17: 1259, 22, 1
0 16 17: 2091, 10, 0
0 16 20: 981, 3, 3
0 16 20: 1247, 22, 0
0 16 21: 1341, 10, 3
0 16 22: 1247, 22, 1
0 16 25: 1246, 22, 0
0 16 27: 325, 22, 1
0 16 28: 326, 22, 1
0 16 33: 1902, 0, 1
0 16 34: 1821, 4, 0
0 16 36: 916, 22, 1
0 16 36: 1534, 0, 3
0 16 37: 1821, 4, 0
0 16 38: 1902, 0, 3
0 16 39: 980, 0, 3
0 17 15: 1257, 22, 1
0 17 16: 2103, 10, 0
0 17 19: 981, 3, 1
0 17 23: 306, 11, 3
0 17 26: 326, 22, 0
0 17 27: 325, 22, 1
0 17 28: 325, 22, 2
0 17 31: 1246, 22, 0
0 17 32: 1257, 22, 2
0 17 32: 1341, 10, 3
0 17 33: 1821, 5, 1
0 17 33: 1902, 0, 1
0 17 34: 1822, 4, 3
0 17 35: 2733, 22, 0
0 17 37: 1838, 4, 1
0 17 38: 1838, 5, 3
0 17 38: 1902, 0, 3
0 17 39: 980, 0, 3
0 18 19: 980, 0, 1
0 18 23: 1246, 22, 1
0 18 25: 325, 22, 0
0 18 26: 325, 22, 0
0 18 31: 1258, 22, 2
0 18 32: 1259, 22, 2
0 18 33: 1902, 0, 1
0 18 35: 598, 10, 3
0 18 36: 1088, 10, 0
0 18 37: 1838, 4, 1
0 18 38: 1838, 5, 3
0 18 38: 1902, 0, 3
0 18 39: 980, 0, 3
0 19 19: 980, 0, 1
0 19 27: 1248, 22, 0
0 19 31: 1258, 22, 3
0 19 31: 1770, 3, 0
0 19 32: 980, 9, 0
0 19 33: 1259, 22, 1
0 19 33: 1902, 1, 0
0 19 34: 1902, 9, 0
0 19 35: 1014, 10, 2
0 19 36: 1822, 4, 2
0 19 37: 1018, 10, 2
0 19 38: 1902, 0, 3
0 19 39: 980, 0, 3
0 20 19: 980, 0, 1
0 20 24: 1247, 22, 1
0 20 32: 980, 1, 0
0 20 32: 1258, 22, 0
0 20 33: 980, 9, 0
0 20 33: 1257, 22, 2
0 20 34: 1257, 22, 1
0 20 34: 1902, 1, 0
0 20 35: 1902, 0, 0
0 20 36: 1821, 5, 0
0 20 36: 1902, 0, 0
0 20 37: 1902, 0, 0
0 20 38: 1902, 1, 3
0 20 39: 980, 0, 3
0 21 19: 980, 0, 1
0 21 21: 325, 22, 3
0 21 26: 1282, 10, 3
0 21 27: 1246, 22, 0
0 21 33: 980, 1, 0
0 21 33: 1259, 22, 0
0 21 34: 980, 0, 0
0 21 34: 1257, 22, 0
0 21 35: 980, 0, 0
0 21 36: 980, 0, 0
0 21 37: 980, 0, 0
0 21 38: 980, 0, 0
0 21 39: 980, 1, 3
0 22 18: 980, 1, 1
0 22 19: 980, 9, 1
0 22 21: 326, 22, 1
0 22 22: 325, 22, 2
0 22 23: 325, 22, 1
0 22 26: 1246, 22, 1
0 22 27: 1258, 22, 0
0 22 28: 1257, 22, 3
0 23 17: 981, 3, 1
0 23 18: 980, 9, 1
0 23 21: 325, 22, 0
0 23 22: 1247, 22, 0
0 23 23: 326, 22, 0
0 23 25: 1257, 22, 0
0 23 26: 1259, 22, 0
0 23 27: 1258, 22, 0
0 23 28: 1257, 22, 2
0 23 28: 1769, 3, 2
0 24 17: 981, 3, 1
0 24 22: 325, 22, 2
0 24 25: 1902, 1, 1
0 24 26: 1257, 22, 0
0 24 26: 1873, 5, 2
0 24 26: 1902, 0, 2
0 24 27: 1843, 5, 2
0 24 27: 1902, 0, 2
0 24 28: 1902, 0, 2
0 24 29: 1902, 1, 2
0 24 30: 1769, 3, 2
0 24 45: 1301, 11, 2
0 25 7: 1247, 22, 2
0 25 8: 1286, 10, 2
0 25 9: 1246, 22, 3
0 25 17: 980, 0, 1
0 25 19: 1282, 11, 3
0 25 21: 325, 22, 1
0 25 22: 326, 22, 2
0 25 25: 1826, 5, 1
0 25 25: 1902, 0, 1
0 25 26: 1826, 4, 3
0 25 27: 1843, 4, 0
0 25 28: 1873, 4, 0
0 25 29: 1902, 9, 2
0 25 31: 1247, 22, 0
0 25 31: 1769, 3, 2
0 26 5: 1247, 22, 0
0 26 6: 1286, 10, 1
0 26 8: 1247, 22, 1
0 26 9: 1247, 22, 0
0 26 16: 980, 1, 1
0 26 17: 980, 9, 1
0 26 18: 1247, 22, 0
0 26 22: 325, 22, 0
0 26 25: 1902, 0, 1
0 26 28: 2783, 10, 3
0 26 29: 1750, 10, 1
0 26 30: 1183, 6, 2
0 26 30: 1902, 9, 2
0 26 31: 1902, 1, 2
0 26 32: 1245, 22, 2
0 26 32: 1769, 3, 2
0 26 49: 1301, 10, 1
0 27 8: 1246, 22, 0
0 27 9: 1286, 10, 0
0 27 15: 980, 1, 1
0 27 16: 980, 9, 1
0 27 22: 325, 22, 3
0 27 25: 1826, 5, 1
0 27 25: 1902, 0, 1
0 27 26: 1826, 4, 3
0 27 31: 1902, 9, 2
0 27 32: 1902, 1, 2
0 27 33: 1769, 3, 2
0 28 9: 1247, 22, 0
0 28 11: 1246, 22, 0
0 28 13: 980, 1, 1
0 28 14: 980, 0, 2
0 28 15: 980, 9, 1
0 28 17: 362, 10, 3
0 28 18: 362, 10, 3
0 28 19: 1244, 22, 1
0 28 21: 325, 22, 3
0 28 22: 326, 22, 2
0 28 25: 205, 5, 1
0 28 25: 1902, 0, 1
0 28 28: 2783, 10, 3
0 28 29: 2743, 22, 0
0 28 30: 2783, 10, 3
0 28 31: 1826, 4, 1
0 28 32: 1826, 5, 3
0 28 32: 1902, 0, 3
0 28 34: 1245, 22, 2
0 28 34: 2103, 10, 0
0 28 36: 2741, 22, 2
0 28 37: 450, 11, 3
0 28 37: 1257, 22, 1
0 29 12: 980, 1, 1
0 29 13: 980, 9, 1
0 29 14: 1902, 1, 1
0 29 15: 1821, 5, 2
0 29 15: 1902, 0, 2
0 29 16: 1902, 0, 2
0 29 17: 1821, 5, 2
0 29 17: 1902, 0, 2
0 29 18: 1902, 1, 2
0 29 22: 325, 22, 1
0 29 25: 1902, 1, 0
0 29 26: 1825, 5, 1
0 29 26: 1902, 2, 0
0 29 27: 1825, 4, 3
0 29 31: 706, 4, 1
0 29 32: 1902, 0, 3
0 29 36: 1257, 22, 0
0 29 37: 450, 11, 2
0 29 37: 1258, 22, 0
0 30 12: 980, 0, 1
0 30 13: 1902, 1, 1
0 30 14: 1902, 9, 1
0 30 15: 1822, 4, 0
0 30 16: 1107, 4, 0
0 30 17: 1822, 4, 0
0 30 18: 1902, 9, 2
0 30 19: 1902, 1, 2
0 30 25: 1248, 22, 3
0 30 25: 1902, 1, 1
0 30 26: 1902, 2, 1
0 30 29: 1089, 10, 3
0 30 31: 1902, 9, 3
0 30 32: 1902, 1, 3
0 31 12: 980, 0, 1
0 31 13: 1902, 0, 1
0 31 15: 612, 10, 2
0 31 19: 205, 5, 3
0 31 19: 1902, 0, 3
0 31 20: 325, 22, 1
0 31 25: 909, 5, 1
0 31 25: 1902, 0, 1
0 31 26: 706, 4, 0
0 31 30: 1873, 8, 3
0 31 30: 1902, 9, 3
0 31 31: 1902, 1, 3
0 31 32: 2094, 11, 3
0 32 12: 980, 0, 1
0 32 13: 1902, 0, 1
0 32 14: 909, 4, 3
0 32 16: 2733, 22, 0
0 32 18: 1534, 0, 0
0 32 20: 326, 22, 3
0 32 21: 325, 22, 0
0 32 25: 1530, 0, 1
0 32 27: 599, 11, 0
0 32 29: 1874, 7, 3
0 32 29: 1902, 9, 3
0 32 30: 1902, 1, 3
0 32 32: 1245, 22, 2
0 32 32: 2095, 11, 0
0 33 12: 980, 0, 1
0 33 13: 1902, 0, 1
0 33 14: 683, 10, 2
0 33 15: 1750, 10, 1
0 33 19: 205, 5, 3
0 33 19: 1902, 0, 3
0 33 20: 325, 22, 0
0 33 25: 205, 5, 1
0 33 25: 1902, 0, 1
0 33 27: 1107, 4, 2
0 33 28: 1902, 9, 3
0 33 29: 1902, 1, 3
0 34 12: 980, 0, 1
0 34 13: 1902, 1, 0
0 34 14: 1902, 9, 0
0 34 15: 1822, 4, 2
0 34 16: 1107, 4, 2
0 34 17: 1822, 4, 2
0 34 18: 1902, 9, 3
0 34 19: 1902, 1, 3
0 34 21: 324, 22, 3
0 34 25: 1902, 1, 0
0 34 26: 1902, 0, 0
0 34 27: 1902, 0, 0
0 34 28: 1902, 1, 3
0 35 12: 980, 9, 3
0 35 14: 1902, 1, 0
0 35 15: 1821, 5, 0
0 35 15: 1902, 0, 0
0 35 16: 1902, 0, 0
0 35 17: 1821, 5, 0
0 35 17: 1902, 0, 0
0 35 18: 1902, 1, 3
0 35 20: 325, 22, 0
0 35 21: 325, 22, 0
0 35 24: 445, 10, 2
0 35 27: 361, 11, 0
0 35 29: 814, 3, 2
0 36 9: 1259, 22, 2
0 36 10: 1258, 22, 1
0 36 11: 980, 9, 3
0 36 12: 980, 1, 3
0 36 13: 366, 10, 3
0 36 15: 1870, 10, 3
0 36 17: 1248, 22, 0
0 36 17: 1870, 10, 3
0 36 19: 325, 22, 2
0 36 20: 326, 22, 0
0 36 25: 1248, 22, 1
0 36 26: 360, 10, 0
0 36 28: 362, 10, 0
0 36 29: 814, 0, 3
0 37 9: 1258, 22, 2
0 37 10: 1258, 22, 0
0 37 11: 362, 10, 0
0 37 11: 980, 0, 3
0 37 12: 359, 10, 3
0 37 17: 324, 22, 3
0 37 18: 325, 22, 2
0 37 19: 324, 22, 2
0 37 20: 325, 22, 3
0 37 26: 354, 10, 2
0 37 27: 362, 10, 0
0 37 28: 814, 9, 3
0 37 29: 814, 1, 3
0 38 9: 1259, 22, 0
0 38 10: 1259, 22, 0
0 38 11: 362, 10, 0
0 38 11: 980, 0, 3
0 38 15: 1870, 10, 3
0 38 17: 1870, 10, 3
0 38 19: 2732, 10, 1
0 38 22: 444, 10, 2
0 38 24: 1248, 22, 2
0 38 27: 814, 9, 3
0 38 28: 814, 1, 3
0 39 8: 441, 10, 0
0 39 11: 980, 0, 3
0 39 12: 851, 10, 3
0 39 13: 307, 10, 3
0 39 27: 814, 0, 3
0 39 30: 440, 10, 0
0 40 9: 441, 10, 2
0 40 10: 1258, 22, 1
0 40 11: 980, 9, 2
0 40 12: 980, 0, 2
0 40 13: 981, 3, 2
0 40 15: 814, 3, 1
0 40 16: 814, 0, 2
0 40 16: 1248, 22, 3
0 40 17: 814, 0, 2
0 40 18: 814, 0, 2
0 40 18: 851, 10, 3
0 40 19: 362, 10, 2
0 40 19: 814, 0, 2
0 40 20: 362, 10, 2
0 40 20: 814, 0, 2
0 40 21: 814, 0, 2
0 40 22: 814, 0, 2
0 40 23: 814, 0, 2
0 40 24: 814, 3, 2
0 40 27: 814, 0, 3
0 40 44: 1301, 11, 2
0 41 11: 441, 10, 1
0 41 12: 1248, 22, 3
0 41 13: 814, 0, 3
0 41 15: 814, 0, 1
0 41 15: 1248, 22, 1
0 41 27: 814, 3, 3
0 41 29: 1870, 10, 3
0 41 32: 1870, 10, 3
0 42 12: 1248, 22, 3
0 43 14: 1248, 22, 0
0 43 29: 1870, 10, 3
0 43 32: 1870, 10, 3
0 44 13: 1870, 10, 3
0 44 15: 1870, 10, 3
0 44 24: 1870, 10, 3
0 44 26: 1870, 10, 3
0 44 32: 969, 4, 2
0 44 33: 969, 4, 2
0 44 34: 969, 4, 2
0 44 35: 248, 10, 1
0 44 36: 248, 10, 1
0 44 37: 969, 4, 2
0 44 38: 969, 4, 2
0 45 29: 782, 22, 0
0 45 30: 2163, 10, 0
0 45 31: 775, 22, 0
0 45 32: 236, 10, 0
0 45 32: 775, 22, 0
0 45 33: 235, 10, 0
0 45 34: 234, 10, 0
0 45 34: 775, 22, 0
0 45 35: 281, 10, 0
0 45 36: 234, 10, 0
0 45 36: 775, 22, 0
0 45 37: 234, 10, 0
0 45 38: 234, 10, 0
0 45 38: 775, 22, 0
0 45 39: 234, 10, 0
0 45 40: 234, 10, 0
0 45 40: 775, 22, 0
0 45 41: 281, 10, 0
0 45 42: 234, 10, 0
0 45 42: 775, 22, 0
0 45 43: 235, 10, 0
0 45 44: 234, 10, 0
0 45 44: 775, 22, 0
0 45 45: 234, 10, 0
0 45 46: 238, 10, 0
0 45 46: 775, 22, 0
0 45 47: 789, 22, 0
0 46 13: 1870, 10, 3
0 46 15: 1870, 10, 3
0 46 30: 234, 10, 3
0 46 31: 775, 22, 0
0 46 32: 237, 10, 1
0 46 33: 269, 22, 3
0 46 33: 2174, 10, 2
0 46 34: 269, 22, 3
0 46 35: 269, 22, 3
0 46 36: 269, 22, 3
0 46 37: 269, 22, 3
0 46 38: 269, 22, 3
0 46 39: 269, 22, 3
0 46 40: 269, 22, 3
0 46 41: 269, 22, 3
0 46 42: 255, 10, 3
0 46 42: 269, 22, 3
0 46 43: 237, 10, 3
0 46 43: 775, 22, 0
0 46 44: 775, 22, 0
0 46 45: 775, 22, 0
0 46 46: 240, 10, 0
0 46 46: 775, 22, 0
0 46 47: 258, 10, 1
0 47 25: 1870, 10, 3
0 47 26: 1870, 10, 3
0 47 30: 234, 10, 3
0 47 30: 280, 4, 3
0 47 30: 775, 22, 0
0 47 32: 237, 10, 1
0 47 33: 269, 22, 3
0 47 33: 362, 10, 3
0 47 34: 269, 22, 3
0 47 35: 269, 22, 3
0 47 36: 269, 22, 3
0 47 37: 269, 22, 3
0 47 38: 269, 22, 3
0 47 39: 269, 22, 3
0 47 40: 269, 22, 3
0 47 41: 269, 22, 3
0 47 42: 362, 10, 3
0 47 42: 775, 22, 0
0 47 43: 237, 10, 3
0 47 43: 775, 22, 0
0 47 44: 775, 22, 0
0 47 45: 261, 10, 0
0 47 45: 775, 22, 0
0 47 46: 775, 22, 0
0 47 47: 260, 10, 1
0 47 47: 775, 22, 0
0 48 13: 1870, 10, 3
0 48 15: 1870, 10, 3
0 48 29: 781, 22, 0
0 48 30: 234, 10, 3
0 48 31: 775, 22, 0
0 48 32: 237, 10, 1
0 48 33: 269, 22, 3
0 48 33: 362, 10, 3
0 48 34: 269, 22, 3
0 48 35: 269, 22, 3
0 48 36: 269, 22, 3
0 48 37: 269, 22, 3
0 48 38: 269, 22, 3
0 48 39: 269, 22, 3
0 48 40: 269, 22, 3
0 48 41: 269, 22, 3
0 48 42: 269, 22, 3
0 48 42: 2174, 10, 0
0 48 43: 237, 10, 3
0 48 43: 775, 22, 0
0 48 45: 775, 22, 0
0 48 46: 240, 10, 1
0 48 46: 775, 22, 0
0 48 47: 257, 10, 1
0 48 47: 790, 22, 0
0 49 9: 1870, 10, 3
0 49 30: 2162, 10, 2
0 49 32: 235, 10, 2
0 49 32: 792, 22, 0
0 49 33: 236, 10, 2
0 49 34: 234, 10, 2
0 49 34: 792, 22, 0
0 49 35: 234, 10, 2
0 49 36: 281, 10, 2
0 49 36: 792, 22, 0
0 49 37: 234, 10, 2
0 49 38: 234, 10, 2
0 49 38: 792, 22, 0
0 49 39: 234, 10, 2
0 49 40: 234, 10, 2
0 49 40: 792, 22, 0
0 49 41: 234, 10, 2
0 49 42: 234, 10, 2
0 49 42: 792, 22, 0
0 49 43: 236, 10, 2
0 49 44: 234, 10, 2
0 49 44: 792, 22, 0
0 49 45: 234, 10, 2
0 49 46: 238, 10, 1
0 50 15: 1870, 10, 3
0 50 25: 1870, 10, 3
0 50 26: 1870, 10, 3
0 50 37: 969, 4, 0
0 50 38: 969, 4, 0
0 50 39: 969, 4, 0
0 50 41: 969, 4, 0
0 51 9: 1870, 10, 3
0 51 28: 1870, 10, 3
0 51 30: 1870, 10, 3
0 51 32: 1870, 10, 3
0 51 34: 1870, 10, 3
0 51 36: 1870, 10, 3
0 51 38: 1870, 10, 3
0 52 15: 1870, 10, 3
0 52 18: 1870, 10, 3
0 52 28: 1870, 10, 3
0 52 30: 1870, 10, 3
0 52 32: 1870, 10, 3
0 52 34: 1870, 10, 3
0 52 36: 1870, 10, 3
0 52 38: 1870, 10, 3
0 53 25: 1870, 10, 3
0 53 26: 1870, 10, 3
0 54 9: 1870, 10, 3
0 54 11: 1870, 10, 3
0 54 18: 1870, 10, 3
0 54 31: 242, 10, 0
0 54 34: 242, 10, 0
0 54 37: 242, 10, 0
0 55 30: 238, 10, 3
0 55 30: 782, 22, 3
0 55 32: 234, 10, 0
0 55 32: 775, 22, 3
0 55 33: 234, 10, 0
0 55 34: 775, 22, 3
0 55 35: 234, 10, 0
0 55 36: 234, 10, 0
0 55 36: 775, 22, 3
0 55 38: 234, 10, 0
0 55 38: 775, 22, 3
0 55 39: 234, 10, 0
0 55 40: 258, 10, 1
0 55 40: 789, 22, 3
0 56 14: 1870, 10, 3
0 56 16: 1870, 10, 3
0 56 18: 1870, 10, 3
0 56 30: 234, 10, 3
0 56 30: 280, 4, 3
0 56 32: 261, 10, 2
0 56 36: 261, 10, 2
0 56 40: 260, 10, 1
0 57 25: 1870, 10, 3
0 57 26: 1870, 10, 3
0 57 30: 238, 10, 2
0 57 30: 781, 22, 3
0 57 31: 242, 10, 2
0 57 32: 234, 10, 2
0 57 32: 775, 22, 3
0 57 33: 234, 10, 2
0 57 34: 242, 10, 2
0 57 34: 775, 22, 3
0 57 35: 234, 10, 2
0 57 36: 234, 10, 2
0 57 36: 775, 22, 3
0 57 37: 242, 10, 2
0 57 38: 234, 10, 2
0 57 38: 775, 22, 3
0 57 39: 234, 10, 2
0 57 40: 257, 10, 1
0 57 40: 790, 22, 3
0 59 27: 1870, 10, 3
0 61 25: 1870, 10, 0
0 61 27: 1870, 10, 0
1 6 19: 326, 22, 1
1 6 20: 325, 22, 0
1 6 33: 1793, 19, 1
1 6 34: 1793, 18, 2
1 6 35: 1793, 18, 2
1 6 36: 1793, 18, 2
1 6 37: 1793, 18, 2
1 6 38: 1793, 18, 2
1 6 39: 1793, 18, 2
1 6 40: 1793, 18, 2
1 6 41: 1793, 19, 2
1 7 16: 325, 22, 1
1 7 17: 325, 22, 3
1 7 18: 324, 22, 0
1 7 19: 325, 22, 1
1 7 26: 1793, 19, 1
1 7 27: 1793, 18, 2
1 7 28: 1793, 18, 2
1 7 29: 1793, 19, 2
1 7 33: 1793, 18, 1
1 7 34: 1933, 16, 1
1 7 35: 1933, 12, 2
1 7 36: 1933, 12, 2
1 7 37: 1933, 12, 2
1 7 38: 1933, 12, 2
1 7 39: 1933, 12, 2
1 7 40: 1933, 16, 2
1 7 41: 1793, 18, 3
1 8 15: 326, 22, 1
1 8 16: 325, 22, 1
1 8 17: 326, 22, 2
1 8 18: 325, 22, 2
1 8 25: 1793, 19, 1
1 8 26: 1933, 13, 1
1 8 27: 1933, 12, 2
1 8 28: 1933, 16, 2
1 8 29: 1793, 18, 3
1 8 33: 1793, 18, 1
1 8 34: 1933, 12, 1
1 8 35: 1933, 17, 0
1 8 36: 1933, 17, 0
1 8 37: 1933, 17, 0
1 8 38: 1933, 17, 0
1 8 39: 1933, 17, 0
1 8 40: 1933, 12, 3
1 8 41: 1793, 18, 3
1 8 46: 325, 22, 3
1 8 47: 325, 22, 2
1 8 48: 326, 22, 2
1 8 49: 325, 22, 3
1 8 50: 325, 22, 0
1 8 51: 326, 22, 1
1 8 52: 325, 22, 1
1 8 53: 325, 22, 3
1 8 54: 324, 22, 1
1 9 11: 325, 22, 3
1 9 12: 325, 22, 1
1 9 15: 325, 22, 2
1 9 16: 325, 22, 3
1 9 24: 1793, 19, 1
1 9 25: 1933, 13, 1
1 9 26: 1933, 14, 1
1 9 27: 1933, 17, 0
1 9 28: 1933, 12, 3
1 9 29: 1793, 18, 3
1 9 33: 1793, 18, 1
1 9 34: 1933, 12, 1
1 9 35: 1933, 17, 0
1 9 36: 1933, 17, 0
1 9 37: 1933, 17, 0
1 9 38: 1933, 17, 0
1 9 39: 1933, 17, 0
1 9 40: 1933, 12, 3
1 9 41: 1793, 18, 3
1 9 45: 324, 22, 3
1 9 46: 326, 22, 3
1 9 47: 325, 22, 1
1 9 48: 324, 22, 3
1 9 49: 325, 22, 0
1 9 50: 1249, 22, 2
1 9 51: 325, 22, 2
1 9 52: 326, 22, 0
1 9 54: 325, 22, 0
1 9 55: 326, 22, 3
1 9 56: 325, 22, 1
1 10 9: 325, 22, 1
1 10 10: 325, 22, 0
1 10 11: 326, 22, 3
1 10 12: 325, 22, 2
1 10 13: 326, 22, 0
1 10 14: 325, 22, 1
1 10 15: 324, 22, 1
1 10 23: 1793, 19, 1
1 10 24: 1933, 13, 1
1 10 25: 1933, 14, 1
1 10 26: 1933, 17, 0
1 10 27: 1933, 17, 0
1 10 28: 1933, 12, 3
1 10 29: 1793, 18, 3
1 10 33: 1793, 18, 1
1 10 34: 1933, 12, 1
1 10 35: 1933, 17, 0
1 10 36: 1933, 17, 0
1 10 37: 1933, 17, 0
1 10 38: 1933, 17, 0
1 10 39: 1933, 14, 3
1 10 40: 1933, 13, 3
1 10 41: 1793, 19, 3
1 10 44: 326, 22, 1
1 10 45: 325, 22, 2
1 10 56: 324, 22, 0
1 11 8: 326, 22, 2
1 11 9: 325, 22, 2
1 11 13: 1247, 22, 0
1 11 14: 325, 22, 3
1 11 23: 1793, 18, 1
1 11 24: 1933, 12, 1
1 11 25: 1933, 17, 0
1 11 26: 1933, 17, 0
1 11 27: 1933, 17, 0
1 11 28: 1933, 12, 3
1 11 29: 1793, 18, 3
1 11 33: 1793, 18, 1
1 11 34: 1933, 12, 1
1 11 35: 1933, 17, 0
1 11 36: 1933, 17, 0
1 11 37: 1933, 17, 0
1 11 38: 1933, 14, 3
1 11 39: 1933, 13, 3
1 11 40: 1793, 19, 3
1 11 43: 325, 22, 1
1 11 44: 325, 22, 0
1 11 56: 325, 22, 2
1 11 57: 326, 22, 2
1 12 7: 324, 22, 1
1 12 8: 325, 22, 0
1 12 9: 326, 22, 3
1 12 23: 1793, 18, 1
1 12 24: 1933, 16, 0
1 12 25: 1933, 12, 0
1 12 26: 1933, 12, 0
1 12 27: 1933, 12, 0
1 12 28: 1933, 16, 3
1 12 29: 1793, 18, 3
1 12 33: 1793, 18, 1
1 12 34: 1933, 16, 0
1 12 35: 1933, 12, 0
1 12 36: 1933, 12, 0
1 12 37: 1933, 12, 0
1 12 38: 1933, 13, 3
1 12 39: 1793, 19, 3
1 12 42: 326, 22, 0
1 12 43: 324, 22, 0
1 12 58: 325, 22, 3
1 13 6: 325, 22, 2
1 13 7: 325, 22, 3
1 13 23: 1793, 19, 0
1 13 24: 1793, 18, 0
1 13 25: 1793, 18, 0
1 13 26: 1793, 18, 0
1 13 27: 1793, 18, 0
1 13 28: 1793, 18, 0
1 13 29: 1793, 19, 3
1 13 33: 1793, 19, 0
1 13 34: 1793, 18, 0
1 13 35: 1793, 18, 0
1 13 36: 1793, 18, 0
1 13 37: 1793, 18, 0
1 13 38: 1793, 19, 3
1 13 41: 325, 22, 1
1 13 42: 325, 22, 2
1 13 43: 325, 22, 3
1 13 59: 326, 22, 1
1 14 5: 325, 22, 1
1 14 6: 326, 22, 0
1 14 41: 325, 22, 3
1 14 42: 1247, 22, 1
1 15 5: 325, 22, 3
1 15 6: 325, 22, 0
1 15 33: 1793, 19, 1
1 15 34: 1793, 18, 2
1 15 35: 1793, 18, 2
1 15 36: 1793, 18, 2
1 15 37: 1793, 18, 2
1 15 38: 1793, 19, 2
1 15 40: 326, 22, 3
1 15 41: 325, 22, 1
1 15 60: 324, 22, 0
1 16 4: 325, 22, 2
1 16 5: 326, 22, 1
1 16 33: 1793, 18, 1
1 16 34: 1933, 16, 1
1 16 35: 1933, 12, 2
1 16 36: 1933, 12, 2
1 16 37: 1933, 16, 2
1 16 38: 1793, 18, 3
1 16 40: 325, 22, 2
1 16 41: 326, 22, 0
1 17 3: 326, 22, 0
1 17 4: 325, 22, 1
1 17 33: 1793, 18, 1
1 17 34: 1933, 12, 1
1 17 35: 1933, 17, 0
1 17 36: 1933, 17, 0
1 17 37: 1933, 12, 3
1 17 38: 1793, 18, 3
1 17 40: 324, 22, 2
1 18 3: 325, 22, 0
1 18 33: 1793, 18, 1
1 18 34: 1933, 12, 1
1 18 35: 1933, 17, 0
1 18 36: 1933, 17, 0
1 18 37: 1933, 12, 3
1 18 38: 1793, 18, 3
1 18 40: 325, 22, 1
1 19 2: 325, 22, 3
1 19 33: 1793, 19, 0
1 19 34: 1933, 13, 0
1 19 35: 1933, 12, 0
1 19 36: 1933, 12, 0
1 19 37: 1933, 16, 3
1 19 38: 1793, 18, 3
1 19 40: 326, 22, 2
1 20 1: 325, 22, 0
1 20 2: 324, 22, 2
1 20 3: 325, 22, 2
1 20 34: 1793, 19, 0
1 20 35: 1793, 18, 0
1 20 36: 1793, 18, 0
1 20 37: 1793, 18, 0
1 20 38: 1793, 19, 3
1 21 0: 1247, 22, 3
1 21 1: 326, 22, 2
1 21 2: 325, 22, 1
1 22 0: 325, 22, 3
1 24 25: 1902, 1, 1
1 24 26: 1902, 0, 2
1 24 27: 1821, 5, 2
1 24 27: 1902, 0, 2
1 24 28: 1902, 0, 2
1 24 29: 1902, 1, 2
1 25 25: 1837, 5, 1
1 25 25: 1902, 0, 1
1 25 26: 1016, 10, 3
1 25 26: 1837, 4, 3
1 25 27: 1821, 4, 0
1 25 29: 1902, 9, 2
1 25 30: 1902, 1, 2
1 26 25: 1902, 0, 1
1 26 27: 599, 10, 0
1 26 28: 916, 22, 2
1 26 29: 1749, 10, 1
1 26 30: 1902, 9, 2
1 26 31: 1902, 1, 2
1 27 25: 1837, 5, 1
1 27 25: 1902, 0, 1
1 27 26: 1015, 10, 3
1 27 26: 1837, 4, 3
1 27 31: 1902, 9, 2
1 27 32: 1902, 1, 2
1 28 25: 1902, 0, 1
1 28 26: 1902, 0, 2
1 28 27: 1017, 10, 2
1 28 27: 1902, 0, 2
1 28 28: 1821, 5, 2
1 28 28: 1902, 0, 2
1 28 29: 1902, 0, 2
1 28 30: 1821, 5, 2
1 28 30: 1902, 0, 2
1 28 31: 1821, 4, 1
1 28 31: 1902, 0, 2
1 28 32: 1821, 5, 3
1 28 32: 1902, 0, 3
1 29 14: 1902, 1, 1
1 29 15: 1821, 5, 2
1 29 15: 1902, 0, 2
1 29 16: 1902, 0, 2
1 29 17: 994, 0, 2
1 29 18: 994, 1, 2
1 29 26: 1793, 18, 1
1 29 27: 1933, 12, 1
1 29 28: 1821, 4, 0
1 29 28: 1933, 17, 1
1 29 29: 1933, 17, 1
1 29 30: 1821, 4, 0
1 29 30: 1933, 17, 1
1 29 31: 1933, 12, 3
1 29 32: 1793, 18, 3
1 30 13: 1902, 1, 1
1 30 14: 1902, 9, 1
1 30 15: 1822, 4, 0
1 30 16: 1911, 0, 1
1 30 17: 1870, 10, 2
1 30 18: 994, 9, 2
1 30 19: 994, 1, 2
1 30 25: 1793, 19, 1
1 30 26: 1793, 20, 1
1 30 27: 1933, 12, 1
1 30 28: 1933, 17, 1
1 30 29: 1933, 17, 1
1 30 30: 1933, 14, 3
1 30 31: 1933, 13, 3
1 30 32: 1793, 19, 3
1 31 13: 1821, 5, 1
1 31 13: 1902, 0, 1
1 31 14: 1822, 4, 3
1 31 16: 1851, 5, 1
1 31 16: 1911, 0, 1
1 31 17: 1851, 4, 3
1 31 18: 598, 10, 0
1 31 19: 994, 0, 3
1 31 25: 1793, 18, 1
1 31 26: 1933, 16, 1
1 31 27: 1933, 15, 1
1 31 28: 1933, 17, 1
1 31 29: 1933, 14, 3
1 31 30: 1933, 13, 3
1 31 31: 1793, 19, 3
1 32 13: 1902, 0, 1
1 32 16: 1533, 0, 1
1 32 19: 994, 0, 3
1 32 25: 1793, 18, 1
1 32 26: 1933, 12, 1
1 32 27: 1933, 17, 1
1 32 28: 1933, 14, 3
1 32 29: 1933, 13, 3
1 32 30: 1793, 19, 3
1 33 13: 1821, 5, 1
1 33 13: 1902, 0, 1
1 33 14: 1822, 4, 3
1 33 15: 1749, 10, 1
1 33 16: 1851, 5, 1
1 33 16: 1911, 0, 1
1 33 17: 1851, 4, 3
1 33 19: 994, 0, 3
1 33 25: 1793, 18, 1
1 33 26: 1933, 16, 0
1 33 27: 1933, 12, 0
1 33 28: 1933, 13, 3
1 33 29: 1793, 19, 3
1 34 13: 1902, 1, 0
1 34 14: 1902, 9, 0
1 34 15: 1822, 4, 2
1 34 16: 1911, 0, 1
1 34 17: 1870, 10, 2
1 34 18: 994, 9, 3
1 34 19: 994, 1, 3
1 34 25: 1793, 19, 0
1 34 26: 1793, 18, 0
1 34 27: 1793, 18, 0
1 34 28: 1793, 19, 3
1 35 14: 1902, 1, 0
1 35 15: 1821, 5, 0
1 35 15: 1902, 0, 0
1 35 16: 1902, 0, 0
1 35 17: 994, 0, 0
1 35 18: 994, 1, 3
1 36 15: 1933, 16, 1
1 36 16: 1933, 12, 2
1 36 17: 1933, 16, 2
1 37 15: 1933, 12, 1
1 37 16: 1933, 17, 3
1 37 17: 1933, 12, 3
1 38 15: 1933, 16, 0
1 38 16: 1933, 12, 0
1 38 17: 1933, 16, 3
1 41 24: 800, 22, 3
1 41 24: 814, 0, 3
1 41 25: 796, 22, 3
1 41 26: 796, 22, 3
1 41 26: 814, 0, 1
1 41 29: 271, 11, 2
1 41 29: 796, 22, 2
1 41 29: 814, 2, 3
1 41 30: 363, 10, 3
1 41 30: 796, 22, 2
1 41 30: 814, 0, 0
1 41 31: 363, 11, 2
1 41 31: 802, 22, 0
1 41 31: 814, 0, 0
1 41 32: 358, 10, 1
1 41 32: 796, 22, 2
1 41 32: 814, 2, 0
1 42 13: 796, 22, 3
1 42 13: 814, 0, 3
1 42 14: 796, 22, 3
1 42 15: 796, 22, 3
1 42 15: 814, 0, 1
1 42 24: 796, 22, 3
1 42 24: 814, 0, 3
1 42 25: 796, 22, 3
1 42 26: 796, 22, 3
1 42 26: 814, 3, 0
1 42 27: 796, 22, 2
1 42 27: 814, 0, 0
1 42 28: 803, 22, 0
1 42 28: 814, 0, 0
1 42 29: 796, 22, 2
1 42 29: 814, 3, 3
1 42 30: 796, 22, 2
1 42 31: 796, 22, 2
1 42 31: 2166, 10, 2
1 42 32: 796, 22, 2
1 42 32: 814, 0, 1
1 43 13: 801, 22, 3
1 43 13: 814, 0, 3
1 43 14: 796, 22, 3
1 43 15: 803, 22, 1
1 43 15: 814, 0, 1
1 43 24: 362, 10, 3
1 43 24: 801, 22, 3
1 43 24: 814, 0, 3
1 43 25: 796, 22, 3
1 43 26: 796, 22, 3
1 43 26: 814, 3, 1
1 43 27: 796, 22, 2
1 43 27: 814, 0, 2
1 43 28: 800, 22, 2
1 43 28: 814, 0, 2
1 43 29: 796, 22, 2
1 43 29: 814, 0, 2
1 43 30: 801, 22, 2
1 43 30: 814, 0, 2
1 43 31: 796, 22, 2
1 43 31: 814, 0, 2
1 43 32: 796, 22, 2
1 43 32: 814, 2, 1
1 44 13: 796, 22, 3
1 44 13: 814, 0, 3
1 44 14: 796, 22, 3
1 44 15: 796, 22, 3
1 44 15: 814, 0, 1
1 44 15: 1106, 10, 0
1 44 24: 362, 10, 3
1 44 24: 796, 22, 3
1 44 24: 814, 2, 2
1 44 25: 796, 22, 3
1 44 25: 814, 3, 2
1 44 26: 796, 22, 3
1 44 26: 814, 0, 1
1 44 31: 249, 0, 2
1 44 32: 249, 0, 2
1 44 33: 249, 0, 2
1 44 34: 249, 0, 2
1 44 35: 249, 0, 2
1 44 36: 249, 0, 2
1 44 37: 249, 0, 2
1 44 38: 249, 0, 2
1 44 39: 249, 0, 2
1 44 40: 249, 0, 2
1 44 41: 249, 0, 2
1 44 42: 249, 0, 2
1 44 43: 249, 0, 2
1 44 44: 249, 0, 2
1 44 45: 249, 0, 2
1 44 46: 249, 1, 2
1 45 13: 796, 22, 3
1 45 13: 814, 0, 3
1 45 14: 796, 22, 3
1 45 15: 796, 22, 3
1 45 15: 814, 0, 1
1 45 25: 796, 22, 3
1 45 25: 814, 0, 3
1 45 26: 802, 22, 1
1 45 26: 814, 0, 1
1 45 30: 249, 9, 1
1 45 43: 354, 10, 2
1 45 44: 354, 10, 1
1 45 46: 249, 9, 2
1 45 47: 249, 1, 2
1 46 13: 227, 10, 0
1 46 13: 796, 22, 3
1 46 13: 814, 0, 3
1 46 14: 796, 22, 3
1 46 15: 796, 22, 3
1 46 15: 814, 0, 1
1 46 25: 800, 22, 3
1 46 25: 814, 0, 3
1 46 26: 796, 22, 3
1 46 26: 814, 0, 1
1 46 29: 249, 0, 1
1 46 33: 294, 22, 2
1 46 33: 2175, 10, 2
1 46 34: 293, 22, 0
1 46 37: 291, 22, 3
1 46 38: 292, 22, 3
1 46 39: 291, 22, 0
1 46 44: 2171, 10, 2
1 46 46: 227, 10, 3
1 46 47: 249, 9, 2
1 47 13: 800, 22, 3
1 47 13: 814, 0, 3
1 47 14: 796, 22, 3
1 47 15: 802, 22, 1
1 47 15: 814, 0, 1
1 47 25: 801, 22, 3
1 47 25: 814, 0, 3
1 47 26: 803, 22, 1
1 47 26: 814, 0, 1
1 47 29: 249, 0, 1
1 47 31: 252, 10, 3
1 47 32: 262, 10, 0
1 47 37: 292, 22, 2
1 47 39: 292, 22, 0
1 47 45: 262, 10, 0
1 47 47: 256, 10, 1
1 48 13: 796, 22, 3
1 48 13: 814, 0, 3
1 48 14: 796, 22, 3
1 48 15: 796, 22, 3
1 48 15: 814, 0, 1
1 48 15: 1106, 10, 0
1 48 25: 796, 22, 3
1 48 25: 814, 0, 3
1 48 26: 363, 10, 3
1 48 26: 796, 22, 3
1 48 26: 814, 0, 1
1 48 29: 249, 0, 1
1 48 30: 365, 10, 2
1 48 32: 227, 11, 2
1 48 37: 291, 22, 2
1 48 38: 292, 22, 1
1 48 39: 291, 22, 1
1 48 41: 293, 22, 2
1 48 42: 294, 22, 0
1 48 42: 2175, 10, 0
1 48 47: 249, 9, 3
1 49 9: 361, 11, 0
1 49 9: 796, 22, 2
1 49 9: 814, 2, 3
1 49 10: 803, 22, 0
1 49 10: 814, 0, 0
1 49 11: 796, 22, 2
1 49 11: 814, 0, 0
1 49 12: 802, 22, 0
1 49 12: 814, 0, 0
1 49 13: 796, 22, 3
1 49 13: 994, 3, 3
1 49 14: 796, 22, 3
1 49 15: 796, 22, 3
1 49 15: 814, 0, 1
1 49 25: 796, 22, 3
1 49 25: 814, 0, 3
1 49 26: 362, 10, 2
1 49 26: 796, 22, 3
1 49 26: 814, 0, 1
1 49 30: 249, 9, 0
1 49 32: 227, 10, 2
1 49 34: 2179, 10, 2
1 49 44: 362, 10, 0
1 49 45: 362, 10, 0
1 49 46: 249, 9, 3
1 49 47: 249, 1, 3
1 50 9: 796, 22, 2
1 50 9: 814, 0, 3
1 50 10: 796, 22, 2
1 50 11: 796, 22, 2
1 50 11: 814, 3, 1
1 50 12: 796, 22, 2
1 50 12: 814, 0, 2
1 50 13: 796, 22, 3
1 50 13: 814, 0, 2
1 50 14: 796, 22, 3
1 50 14: 814, 3, 2
1 50 15: 796, 22, 3
1 50 15: 814, 0, 1
1 50 25: 796, 22, 3
1 50 25: 814, 0, 3
1 50 26: 363, 10, 0
1 50 26: 796, 22, 3
1 50 26: 814, 0, 1
1 50 31: 249, 0, 0
1 50 32: 249, 0, 0
1 50 33: 249, 0, 0
1 50 34: 2178, 10, 0
1 50 35: 249, 0, 0
1 50 36: 249, 0, 0
1 50 37: 249, 0, 0
1 50 38: 249, 0, 0
1 50 39: 249, 0, 0
1 50 40: 249, 0, 0
1 50 41: 249, 0, 0
1 50 42: 249, 0, 0
1 50 43: 249, 0, 0
1 50 44: 249, 0, 0
1 50 45: 249, 0, 0
1 50 46: 249, 1, 3
1 51 9: 796, 22, 1
1 51 9: 814, 0, 3
1 51 10: 796, 22, 1
1 51 11: 796, 22, 1
1 51 11: 814, 0, 1
1 51 14: 796, 22, 3
1 51 14: 814, 0, 3
1 51 15: 796, 22, 3
1 51 15: 814, 0, 1
1 51 25: 800, 22, 3
1 51 25: 814, 0, 3
1 51 26: 796, 22, 3
1 51 26: 814, 3, 0
1 51 27: 802, 22, 0
1 51 27: 814, 0, 0
1 51 28: 796, 22, 2
1 51 28: 814, 0, 0
1 51 29: 796, 22, 2
1 51 29: 814, 0, 0
1 51 30: 796, 22, 2
1 51 30: 814, 0, 0
1 51 31: 803, 22, 0
1 51 31: 814, 0, 0
1 51 32: 802, 22, 0
1 51 32: 814, 0, 0
1 51 33: 796, 22, 2
1 51 33: 814, 0, 0
1 51 34: 796, 22, 2
1 51 35: 796, 22, 2
1 51 35: 814, 0, 0
1 51 36: 796, 22, 2
1 51 36: 814, 0, 0
1 51 37: 802, 22, 0
1 51 37: 814, 0, 0
1 51 38: 360, 10, 2
1 51 38: 796, 22, 2
1 51 38: 814, 2, 0
1 52 9: 796, 22, 1
1 52 9: 814, 0, 3
1 52 10: 796, 22, 1
1 52 11: 796, 22, 2
1 52 11: 814, 0, 1
1 52 11: 1106, 10, 0
1 52 14: 796, 22, 3
1 52 14: 814, 0, 3
1 52 15: 796, 22, 3
1 52 15: 814, 3, 0
1 52 16: 796, 22, 0
1 52 16: 814, 0, 0
1 52 17: 362, 10, 0
1 52 17: 800, 22, 0
1 52 17: 814, 0, 0
1 52 18: 362, 10, 0
1 52 18: 796, 22, 0
1 52 18: 814, 2, 0
1 52 25: 796, 22, 3
1 52 25: 814, 0, 3
1 52 26: 796, 22, 3
1 52 26: 814, 3, 1
1 52 27: 801, 22, 2
1 52 27: 814, 0, 2
1 52 28: 800, 22, 2
1 52 28: 814, 0, 2
1 52 29: 796, 22, 2
1 52 29: 814, 0, 2
1 52 30: 801, 22, 2
1 52 30: 814, 0, 2
1 52 31: 800, 22, 2
1 52 31: 814, 0, 2
1 52 32: 796, 22, 2
1 52 32: 814, 0, 2
1 52 33: 800, 22, 2
1 52 33: 814, 1, 2
1 52 34: 796, 22, 2
1 52 34: 814, 1, 1
1 52 35: 800, 22, 2
1 52 35: 814, 0, 2
1 52 36: 796, 22, 2
1 52 36: 814, 0, 2
1 52 37: 801, 22, 2
1 52 37: 814, 0, 2
1 52 38: 796, 22, 2
1 52 38: 814, 2, 1
1 53 9: 796, 22, 1
1 53 9: 814, 0, 3
1 53 10: 796, 22, 1
1 53 11: 796, 22, 1
1 53 11: 814, 0, 1
1 53 14: 796, 22, 3
1 53 14: 814, 0, 3
1 53 15: 796, 22, 3
1 53 16: 796, 22, 0
1 53 17: 796, 22, 0
1 53 18: 362, 10, 0
1 53 18: 796, 22, 0
1 53 18: 814, 0, 1
1 53 25: 796, 22, 3
1 53 25: 814, 0, 3
1 53 26: 796, 22, 3
1 53 26: 814, 0, 1
1 54 9: 796, 22, 1
1 54 9: 814, 2, 2
1 54 10: 362, 10, 0
1 54 10: 796, 22, 1
1 54 10: 814, 0, 2
1 54 11: 362, 10, 0
1 54 11: 796, 22, 1
1 54 11: 814, 2, 1
1 54 14: 796, 22, 3
1 54 14: 814, 0, 3
1 54 15: 796, 22, 3
1 54 16: 796, 22, 0
1 54 17: 227, 10, 3
1 54 17: 796, 22, 0
1 54 18: 366, 10, 2
1 54 18: 796, 22, 0
1 54 18: 814, 0, 1
1 54 25: 796, 22, 3
1 54 25: 814, 0, 3
1 54 26: 803, 22, 1
1 54 26: 814, 0, 1
1 54 30: 249, 1, 1
1 54 31: 249, 0, 2
1 54 32: 249, 0, 2
1 54 33: 249, 0, 2
1 54 34: 249, 0, 2
1 54 35: 249, 0, 2
1 54 36: 249, 0, 2
1 54 37: 249, 0, 2
1 54 38: 249, 0, 2
1 54 39: 249, 0, 2
1 54 40: 249, 1, 2
1 55 14: 796, 22, 3
1 55 14: 814, 0, 3
1 55 15: 796, 22, 3
1 55 16: 227, 10, 3
1 55 16: 796, 22, 0
1 55 17: 796, 22, 0
1 55 18: 362, 10, 0
1 55 18: 796, 22, 0
1 55 18: 814, 0, 1
1 55 25: 796, 22, 3
1 55 25: 814, 0, 3
1 55 26: 796, 22, 3
1 55 26: 814, 0, 1
1 55 29: 249, 1, 1
1 55 30: 249, 9, 1
1 55 40: 249, 9, 2
1 55 41: 249, 1, 2
1 56 14: 362, 10, 0
1 56 14: 796, 22, 3
1 56 14: 814, 2, 2
1 56 15: 796, 22, 3
1 56 15: 814, 0, 2
1 56 16: 360, 10, 3
1 56 16: 802, 22, 2
1 56 16: 814, 0, 2
1 56 17: 354, 10, 3
1 56 17: 796, 22, 0
1 56 17: 814, 0, 2
1 56 18: 361, 10, 2
1 56 18: 796, 22, 0
1 56 18: 814, 2, 1
1 56 25: 801, 22, 3
1 56 25: 814, 0, 3
1 56 26: 796, 22, 3
1 56 26: 814, 0, 1
1 56 29: 249, 0, 1
1 56 31: 252, 10, 3
1 56 32: 262, 10, 2
1 56 36: 262, 10, 2
1 56 40: 256, 10, 1
1 57 25: 800, 22, 3
1 57 25: 814, 0, 3
1 57 26: 227, 10, 3
1 57 26: 796, 22, 3
1 57 26: 814, 0, 1
1 57 29: 249, 1, 0
1 57 30: 249, 9, 0
1 57 40: 249, 9, 3
1 57 41: 249, 1, 3
1 58 25: 796, 22, 3
1 58 25: 814, 0, 3
1 58 26: 796, 22, 3
1 58 26: 814, 0, 1
1 58 30: 249, 1, 0
1 58 31: 249, 0, 0
1 58 32: 249, 0, 0
1 58 33: 249, 0, 0
1 58 34: 249, 0, 0
1 58 35: 249, 0, 0
1 58 36: 249, 0, 0
1 58 37: 249, 0, 0
1 58 38: 249, 0, 0
1 58 39: 249, 0, 0
1 58 40: 249, 1, 3
1 59 25: 796, 22, 3
1 59 25: 814, 0, 3
1 59 26: 796, 22, 3
1 59 26: 814, 3, 0
1 59 27: 796, 22, 3
1 59 27: 814, 2, 0
1 60 25: 800, 22, 3
1 60 25: 814, 0, 3
1 60 26: 796, 22, 3
1 60 27: 359, 10, 3
1 60 27: 803, 22, 1
1 60 27: 814, 0, 1
1 61 25: 362, 10, 0
1 61 25: 796, 22, 3
1 61 25: 814, 2, 2
1 61 26: 796, 22, 3
1 61 26: 814, 0, 2
1 61 27: 360, 10, 3
1 61 27: 796, 22, 3
1 61 27: 814, 2, 1
2 24 25: 1793, 19, 1
2 24 26: 1793, 18, 2
2 24 27: 1793, 18, 2
2 24 28: 1793, 18, 2
2 24 29: 1793, 19, 2
2 25 25: 1793, 18, 1
2 25 26: 1933, 16, 1
2 25 27: 1933, 12, 2
2 25 28: 1933, 12, 2
2 25 29: 1933, 13, 2
2 25 30: 1793, 19, 2
2 26 25: 1793, 18, 1
2 26 26: 1933, 12, 1
2 26 27: 1933, 17, 2
2 26 28: 1933, 17, 2
2 26 29: 1933, 14, 2
2 26 30: 1933, 13, 2
2 26 31: 1793, 19, 2
2 27 25: 1793, 18, 1
2 27 26: 1933, 12, 1
2 27 27: 1933, 17, 2
2 27 28: 1933, 17, 2
2 27 29: 1933, 17, 2
2 27 30: 1933, 14, 2
2 27 31: 1933, 13, 2
2 27 32: 1793, 19, 2
2 28 25: 1793, 18, 1
2 28 26: 1933, 16, 0
2 28 27: 1933, 12, 0
2 28 28: 1933, 12, 0
2 28 29: 1933, 12, 0
2 28 30: 1933, 12, 0
2 28 31: 1933, 16, 3
2 28 32: 1793, 18, 3
2 29 14: 1793, 19, 1
2 29 15: 1793, 18, 2
2 29 16: 1793, 18, 2
2 29 17: 1793, 18, 2
2 29 18: 1793, 19, 2
2 29 25: 1793, 19, 0
2 29 26: 1793, 18, 0
2 29 27: 1793, 18, 0
2 29 28: 1793, 18, 0
2 29 29: 1793, 18, 0
2 29 30: 1793, 18, 0
2 29 31: 1793, 18, 0
2 29 32: 1793, 19, 3
2 30 13: 1793, 19, 1
2 30 14: 1933, 13, 1
2 30 15: 1933, 12, 2
2 30 16: 1933, 12, 2
2 30 17: 1933, 12, 2
2 30 18: 1933, 13, 2
2 30 19: 1793, 19, 2
2 31 13: 1793, 18, 1
2 31 14: 1933, 12, 1
2 31 15: 1933, 17, 0
2 31 16: 1933, 17, 0
2 31 17: 1933, 17, 0
2 31 18: 1933, 12, 3
2 31 19: 1793, 18, 3
2 32 13: 1793, 18, 1
2 32 14: 1933, 12, 1
2 32 15: 1933, 17, 0
2 32 16: 1933, 17, 0
2 32 17: 1933, 17, 0
2 32 18: 1933, 12, 3
2 32 19: 1793, 18, 3
2 33 13: 1793, 18, 1
2 33 14: 1933, 12, 1
2 33 15: 1933, 17, 0
2 33 16: 1933, 17, 0
2 33 17: 1933, 17, 0
2 33 18: 1933, 12, 3
2 33 19: 1793, 18, 3
2 34 13: 1793, 19, 0
2 34 14: 1933, 13, 0
2 34 15: 1933, 12, 0
2 34 16: 1933, 12, 0
2 34 17: 1933, 12, 0
2 34 18: 1933, 13, 3
2 34 19: 1793, 19, 3
2 35 14: 1793, 19, 0
2 35 15: 1793, 18, 0
2 35 16: 1793, 18, 0
2 35 17: 1793, 18, 0
2 35 18: 1793, 19, 3
2 44 32: 274, 10, 1
2 44 45: 274, 10, 1
2 47 32: 263, 10, 0
2 47 45: 263, 10, 0
2 47 47: 279, 10, 1
2 48 32: 275, 10, 1
2 48 45: 275, 10, 1
2 53 32: 274, 10, 1
2 53 36: 274, 10, 1
2 56 32: 263, 10, 2
2 56 36: 263, 10, 2
2 56 40: 279, 10, 1
2 57 32: 275, 10, 1
2 57 36: 275, 10, 1
3 44 32: 276, 10, 1
3 44 45: 276, 10, 1
3 47 32: 264, 10, 0
3 47 45: 264, 10, 0
3 48 32: 277, 10, 1
3 48 45: 277, 10, 1
3 53 32: 276, 10, 1
3 53 36: 276, 10, 1
3 56 32: 264, 10, 2
3 56 36: 264, 10, 2
3 57 32: 277, 10, 1
3 57 36: 277, 10, 1
