0 0 8: 321, 22, 3
0 0 10: 321, 22, 2
0 0 12: 321, 22, 3
0 0 13: 320, 22, 0
0 0 14: 321, 22, 0
0 0 15: 320, 22, 3
0 0 21: 1258, 22, 3
0 0 25: 321, 22, 3
0 0 30: 979, 1, 1
0 0 31: 979, 0, 2
0 0 32: 979, 0, 2
0 0 33: 979, 0, 2
0 0 34: 979, 0, 2
0 0 35: 979, 0, 2
0 0 36: 979, 1, 2
0 0 39: 1281, 10, 2
0 0 41: 1265, 22, 0
0 0 46: 979, 1, 1
0 0 47: 979, 0, 2
0 0 48: 979, 0, 2
0 0 49: 979, 0, 2
0 0 50: 979, 0, 2
0 0 51: 979, 0, 2
0 0 52: 979, 0, 2
0 0 53: 979, 0, 2
0 0 54: 979, 0, 2
0 0 54: 1246, 22, 3
0 0 55: 979, 0, 2
0 0 56: 979, 0, 2
0 0 57: 979, 0, 2
0 0 58: 979, 0, 2
0 0 59: 979, 1, 2
0 0 61: 1276, 10, 2
0 0 62: 1247, 22, 3
0 1 4: 320, 22, 1
0 1 6: 320, 22, 2
0 1 8: 1260, 22, 1
0 1 9: 1258, 22, 1
0 1 10: 1258, 22, 0
0 1 10: 1276, 10, 3
0 1 11: 1258, 22, 0
0 1 12: 1258, 22, 2
0 1 13: 1260, 22, 1
0 1 14: 1258, 22, 2
0 1 15: 1260, 22, 2
0 1 17: 321, 22, 0
0 1 18: 981, 3, 0
0 1 19: 980, 0, 0
0 1 20: 980, 0, 0
0 1 20: 1247, 22, 3
0 1 21: 980, 0, 0
0 1 22: 980, 0, 0
0 1 22: 1258, 22, 0
0 1 23: 980, 0, 0
0 1 23: 1258, 22, 1
0 1 24: 981, 3, 3
0 1 25: 321, 22, 0
0 1 26: 321, 22, 3
0 1 29: 979, 1, 1
0 1 30: 979, 9, 1
0 1 36: 979, 9, 2
0 1 37: 979, 1, 2
0 1 39: 1247, 22, 1
0 1 45: 979, 1, 1
0 1 46: 979, 9, 1
0 1 52: 1276, 10, 2
0 1 53: 1264, 22, 0
0 1 56: 1188, 10, 1
0 1 59: 979, 9, 2
0 1 60: 979, 1, 2
0 1 61: 1247, 22, 0
0 2 1: 321, 22, 2
0 2 2: 321, 22, 1
0 2 4: 1258, 22, 3
0 2 4: 1276, 10, 3
0 2 5: 1258, 22, 1
0 2 6: 1260, 22, 2
0 2 14: 1258, 22, 3
0 2 15: 1258, 22, 2
0 2 16: 1258, 22, 3
0 2 17: 1258, 22, 0
0 2 19: 321, 22, 0
0 2 23: 1258, 22, 1
0 2 24: 1258, 22, 0
0 2 25: 1258, 22, 1
0 2 27: 319, 22, 2
0 2 29: 979, 9, 1
0 2 31: 1276, 10, 2
0 2 32: 1265, 22, 2
0 2 34: 1276, 10, 3
0 2 37: 979, 9, 2
0 2 38: 979, 0, 2
0 2 39: 979, 0, 2
0 2 40: 979, 0, 2
0 2 41: 979, 0, 2
0 2 41: 1247, 22, 2
0 2 42: 979, 0, 2
0 2 43: 979, 0, 2
0 2 44: 979, 0, 2
0 2 45: 979, 9, 1
0 2 47: 1265, 22, 1
0 2 47: 1281, 10, 2
0 2 49: 1247, 22, 0
0 2 53: 1247, 22, 3
0 2 54: 1770, 3, 1
0 2 55: 1902, 0, 2
0 2 56: 1821, 5, 2
0 2 56: 1902, 0, 2
0 2 57: 1902, 0, 2
0 2 58: 1770, 3, 2
0 2 60: 979, 9, 2
0 2 61: 979, 1, 2
0 3 3: 1258, 22, 0
0 3 3: 1911, 1, 1
0 3 4: 1258, 22, 3
0 3 4: 1911, 0, 2
0 3 4: 1938, 5, 2
0 3 5: 1258, 22, 2
0 3 5: 1911, 0, 2
0 3 6: 1258, 22, 1
0 3 6: 1911, 0, 2
0 3 6: 1938, 5, 2
0 3 7: 1258, 22, 3
0 3 7: 1911, 3, 2
0 3 8: 1258, 22, 1
0 3 8: 1911, 3, 1
0 3 9: 1258, 22, 0
0 3 9: 1911, 0, 2
0 3 9: 1938, 5, 2
0 3 10: 1258, 22, 2
0 3 10: 1911, 0, 2
0 3 10: 1938, 5, 2
0 3 11: 1258, 22, 1
0 3 11: 1911, 3, 2
0 3 12: 1258, 22, 1
0 3 12: 1911, 3, 1
0 3 13: 1258, 22, 0
0 3 13: 1911, 0, 2
0 3 14: 1258, 22, 2
0 3 14: 1911, 1, 2
0 3 18: 1258, 22, 0
0 3 19: 1258, 22, 1
0 3 20: 321, 22, 1
0 3 25: 1258, 22, 3
0 3 26: 1258, 22, 2
0 3 28: 320, 22, 3
0 3 34: 1265, 22, 3
0 3 37: 1248, 22, 0
0 3 50: 1770, 3, 1
0 3 51: 1902, 0, 2
0 3 52: 1821, 5, 2
0 3 52: 1902, 0, 2
0 3 53: 1902, 0, 2
0 3 54: 1902, 2, 1
0 3 56: 595, 10, 1
0 3 56: 1822, 4, 0
0 3 58: 1902, 2, 2
0 3 61: 979, 9, 2
0 3 62: 979, 1, 2
0 4 0: 321, 22, 2
0 4 2: 1258, 22, 1
0 4 2: 1911, 1, 1
0 4 3: 1911, 9, 1
0 4 4: 1938, 4, 0
0 4 5: 196, 4, 0
0 4 6: 1938, 4, 0
0 4 7: 1258, 22, 3
0 4 7: 1911, 2, 2
0 4 8: 1258, 22, 2
0 4 8: 1911, 2, 1
0 4 9: 1938, 4, 0
0 4 10: 1938, 4, 0
0 4 11: 1258, 22, 3
0 4 11: 1911, 2, 2
0 4 12: 1258, 22, 2
0 4 12: 1911, 2, 1
0 4 14: 1911, 9, 2
0 4 14: 1938, 8, 2
0 4 15: 1258, 22, 2
0 4 15: 1911, 1, 2
0 4 20: 1258, 22, 2
0 4 21: 1258, 22, 3
0 4 22: 320, 22, 2
0 4 26: 1258, 22, 3
0 4 27: 1260, 22, 0
0 4 29: 320, 22, 0
0 4 30: 320, 22, 0
0 4 38: 1188, 10, 0
0 4 40: 1341, 10, 2
0 4 43: 320, 22, 2
0 4 47: 1264, 22, 3
0 4 49: 1247, 22, 1
0 4 50: 1902, 0, 1
0 4 51: 875, 10, 0
0 4 52: 1822, 4, 0
0 4 53: 196, 4, 0
0 4 54: 1902, 0, 1
0 4 55: 196, 4, 3
0 4 56: 917, 22, 3
0 4 56: 1102, 10, 1
0 4 57: 917, 22, 0
0 4 58: 1022, 4, 1
0 4 59: 1902, 2, 2
0 4 60: 1770, 3, 2
0 4 62: 979, 0, 3
0 5 0: 321, 22, 2
0 5 0: 981, 3, 2
0 5 2: 1911, 0, 1
0 5 2: 1938, 5, 1
0 5 3: 1938, 4, 3
0 5 7: 1107, 4, 0
0 5 8: 1107, 4, 0
0 5 10: 1911, 1, 1
0 5 11: 1911, 9, 1
0 5 13: 1911, 9, 2
0 5 14: 1911, 1, 2
0 5 15: 1911, 9, 2
0 5 16: 1258, 22, 0
0 5 16: 1911, 0, 2
0 5 16: 1938, 5, 2
0 5 17: 1258, 22, 3
0 5 17: 1911, 0, 2
0 5 18: 1258, 22, 2
0 5 18: 1911, 0, 2
0 5 18: 1938, 5, 2
0 5 19: 1911, 1, 2
0 5 21: 1258, 22, 3
0 5 22: 1258, 22, 2
0 5 23: 321, 22, 3
0 5 27: 1258, 22, 1
0 5 28: 1260, 22, 0
0 5 30: 319, 22, 1
0 5 31: 321, 22, 2
0 5 35: 320, 22, 0
0 5 37: 321, 22, 0
0 5 39: 320, 22, 2
0 5 40: 320, 22, 1
0 5 43: 320, 22, 0
0 5 44: 320, 22, 0
0 5 46: 320, 22, 3
0 5 50: 1821, 5, 1
0 5 50: 1902, 0, 1
0 5 51: 871, 10, 0
0 5 51: 1822, 4, 3
0 5 54: 1530, 0, 1
0 5 56: 918, 22, 2
0 5 57: 918, 22, 0
0 5 59: 391, 4, 1
0 5 60: 1902, 0, 3
0 5 62: 979, 0, 3
0 6 0: 980, 0, 3
0 6 0: 1258, 22, 2
0 6 2: 1911, 1, 0
0 6 3: 1911, 9, 0
0 6 7: 1911, 1, 1
0 6 8: 196, 5, 2
0 6 8: 1911, 0, 2
0 6 9: 1530, 0, 2
0 6 10: 196, 5, 2
0 6 10: 1911, 2, 1
0 6 13: 817, 10, 0
0 6 14: 196, 5, 3
0 6 14: 1911, 0, 3
0 6 16: 1938, 4, 0
0 6 17: 196, 4, 0
0 6 18: 1938, 4, 0
0 6 19: 1911, 9, 2
0 6 19: 1938, 8, 2
0 6 20: 1911, 1, 2
0 6 23: 1258, 22, 3
0 6 23: 1341, 10, 3
0 6 24: 320, 22, 2
0 6 28: 1258, 22, 0
0 6 29: 1258, 22, 3
0 6 31: 320, 22, 2
0 6 36: 312, 10, 1
0 6 36: 320, 22, 2
0 6 37: 312, 10, 2
0 6 38: 312, 10, 0
0 6 40: 1161, 10, 0
0 6 41: 320, 22, 3
0 6 41: 1161, 10, 0
0 6 42: 1161, 10, 0
0 6 44: 1161, 10, 0
0 6 45: 1161, 10, 0
0 6 46: 321, 22, 3
0 6 46: 1161, 10, 0
0 6 48: 1188, 10, 0
0 6 50: 1902, 0, 1
0 6 51: 592, 10, 0
0 6 52: 1822, 4, 2
0 6 53: 196, 4, 2
0 6 54: 689, 10, 1
0 6 54: 1902, 0, 1
0 6 55: 196, 4, 3
0 6 56: 918, 22, 2
0 6 57: 918, 22, 0
0 6 59: 1822, 4, 1
0 6 59: 2728, 10, 1
0 6 59: 2772, 22, 0
0 6 60: 1821, 5, 3
0 6 60: 1902, 0, 3
0 6 62: 979, 0, 3
0 6 63: 1276, 10, 3
0 7 0: 980, 0, 3
0 7 0: 1258, 22, 1
0 7 3: 1258, 22, 2
0 7 3: 1911, 0, 1
0 7 3: 1938, 5, 1
0 7 4: 1938, 4, 3
0 7 6: 1911, 1, 1
0 7 7: 196, 6, 1
0 7 7: 1911, 9, 1
0 7 8: 891, 4, 0
0 7 10: 890, 4, 0
0 7 13: 840, 8, 3
0 7 13: 1911, 9, 3
0 7 14: 1911, 1, 3
0 7 20: 1911, 9, 2
0 7 20: 1938, 8, 2
0 7 21: 1911, 1, 2
0 7 23: 1258, 22, 2
0 7 25: 321, 22, 0
0 7 29: 1258, 22, 1
0 7 31: 320, 22, 3
0 7 32: 320, 22, 3
0 7 36: 312, 10, 0
0 7 37: 312, 10, 2
0 7 38: 312, 10, 0
0 7 40: 1161, 10, 0
0 7 42: 321, 22, 0
0 7 45: 320, 22, 2
0 7 45: 1161, 10, 0
0 7 46: 1161, 10, 0
0 7 47: 320, 22, 0
0 7 50: 1770, 3, 0
0 7 51: 1902, 0, 0
0 7 52: 1821, 5, 0
0 7 52: 1902, 0, 0
0 7 53: 1902, 2, 0
0 7 54: 1902, 0, 0
0 7 55: 1096, 10, 3
0 7 56: 918, 22, 2
0 7 57: 918, 22, 0
0 7 59: 391, 4, 1
0 7 60: 1902, 0, 3
0 7 62: 979, 0, 3
0 7 63: 1247, 22, 2
0 8 0: 980, 0, 3
0 8 0: 1258, 22, 0
0 8 3: 1258, 22, 3
0 8 3: 1911, 0, 1
0 8 5: 1911, 1, 1
0 8 6: 196, 6, 1
0 8 6: 1911, 9, 1
0 8 12: 196, 5, 3
0 8 12: 1911, 2, 3
0 8 13: 1911, 1, 3
0 8 15: 1090, 10, 2
0 8 16: 597, 10, 0
0 8 18: 1090, 10, 0
0 8 20: 1938, 4, 1
0 8 21: 1911, 0, 3
0 8 21: 1938, 5, 3
0 8 24: 1258, 22, 3
0 8 30: 1258, 22, 0
0 8 33: 320, 22, 0
0 8 34: 320, 22, 3
0 8 36: 320, 22, 3
0 8 38: 312, 10, 0
0 8 38: 321, 22, 3
0 8 40: 320, 22, 2
0 8 40: 1161, 10, 0
0 8 42: 1161, 10, 0
0 8 43: 297, 10, 3
0 8 43: 320, 22, 0
0 8 44: 1161, 10, 0
0 8 45: 1161, 10, 0
0 8 46: 320, 22, 0
0 8 46: 1161, 10, 0
0 8 47: 321, 22, 0
0 8 53: 1821, 5, 1
0 8 53: 1902, 0, 1
0 8 54: 1102, 10, 0
0 8 54: 1822, 4, 3
0 8 55: 1822, 4, 2
0 8 56: 917, 22, 2
0 8 57: 917, 22, 1
0 8 57: 1822, 4, 2
0 8 58: 1022, 4, 1
0 8 59: 1902, 2, 3
0 8 60: 1770, 3, 3
0 8 62: 979, 0, 3
0 9 0: 981, 3, 3
0 9 2: 1247, 22, 2
0 9 3: 1258, 22, 0
0 9 3: 1911, 0, 1
0 9 3: 1938, 5, 1
0 9 4: 1938, 4, 3
0 9 5: 1911, 0, 1
0 9 6: 346, 10, 3
0 9 8: 1738, 10, 3
0 9 12: 1530, 0, 3
0 9 15: 1090, 10, 2
0 9 18: 1090, 10, 0
0 9 20: 196, 4, 1
0 9 21: 1258, 22, 1
0 9 21: 1521, 0, 3
0 9 24: 1247, 22, 2
0 9 35: 320, 22, 3
0 9 36: 312, 10, 1
0 9 37: 312, 10, 1
0 9 37: 320, 22, 1
0 9 38: 312, 10, 0
0 9 40: 1161, 10, 0
0 9 41: 320, 22, 2
0 9 41: 1161, 10, 0
0 9 42: 1161, 10, 0
0 9 44: 1161, 10, 0
0 9 45: 320, 22, 3
0 9 46: 1161, 10, 0
0 9 51: 307, 10, 3
0 9 53: 1770, 3, 0
0 9 54: 1902, 0, 0
0 9 55: 1821, 5, 0
0 9 55: 1902, 0, 0
0 9 56: 1530, 0, 0
0 9 57: 1821, 5, 0
0 9 57: 1902, 0, 0
0 9 58: 1902, 0, 0
0 9 59: 1770, 3, 3
0 9 61: 1254, 22, 3
0 9 62: 979, 0, 3
0 9 62: 1254, 22, 2
0 10 0: 320, 22, 1
0 10 3: 1911, 0, 1
0 10 3: 1938, 5, 1
0 10 4: 1938, 4, 3
0 10 5: 1911, 0, 1
0 10 6: 346, 10, 3
0 10 12: 196, 5, 3
0 10 12: 1911, 2, 2
0 10 13: 1911, 1, 2
0 10 15: 1090, 10, 2
0 10 18: 1090, 10, 0
0 10 21: 1519, 0, 3
0 10 36: 312, 10, 1
0 10 36: 320, 22, 0
0 10 37: 312, 10, 0
0 10 38: 312, 10, 0
0 10 38: 320, 22, 0
0 10 40: 1161, 10, 0
0 10 41: 1161, 10, 0
0 10 42: 1161, 10, 0
0 10 43: 320, 22, 1
0 10 44: 1161, 10, 0
0 10 45: 1161, 10, 0
0 10 46: 1161, 10, 0
0 10 47: 320, 22, 3
0 10 61: 979, 9, 3
0 10 62: 979, 1, 3
0 10 62: 1254, 22, 3
0 11 3: 1258, 22, 2
0 11 3: 1911, 0, 1
0 11 4: 1513, 0, 0
0 11 5: 1911, 0, 0
0 11 6: 196, 6, 0
0 11 6: 1911, 9, 0
0 11 13: 840, 8, 2
0 11 13: 1911, 9, 2
0 11 14: 1911, 1, 2
0 11 15: 1090, 10, 2
0 11 18: 1090, 10, 0
0 11 21: 1258, 22, 3
0 11 21: 1516, 0, 3
0 11 28: 1247, 22, 2
0 11 29: 1260, 22, 1
0 11 31: 321, 22, 2
0 11 32: 320, 22, 1
0 11 36: 312, 10, 2
0 11 37: 312, 10, 0
0 11 38: 312, 10, 3
0 11 40: 1161, 10, 0
0 11 41: 1161, 10, 0
0 11 42: 321, 22, 0
0 11 42: 1161, 10, 0
0 11 44: 1161, 10, 0
0 11 45: 1161, 10, 0
0 11 46: 1161, 10, 0
0 11 60: 979, 9, 3
0 11 60: 1254, 22, 3
0 11 61: 979, 1, 3
0 11 61: 1254, 22, 0
0 11 62: 1254, 22, 2
0 12 0: 320, 22, 2
0 12 3: 1258, 22, 0
0 12 3: 1911, 0, 1
0 12 3: 1938, 5, 1
0 12 4: 1938, 4, 3
0 12 6: 1911, 1, 0
0 12 7: 196, 6, 0
0 12 7: 1911, 9, 0
0 12 8: 891, 4, 2
0 12 10: 890, 4, 2
0 12 13: 817, 10, 0
0 12 14: 1911, 2, 2
0 12 15: 1911, 1, 2
0 12 20: 196, 4, 1
0 12 21: 1258, 22, 2
0 12 21: 1518, 0, 3
0 12 28: 1259, 22, 2
0 12 29: 1260, 22, 2
0 12 32: 319, 22, 2
0 12 36: 320, 22, 2
0 12 39: 321, 22, 0
0 12 40: 321, 22, 3
0 12 43: 320, 22, 3
0 12 44: 320, 22, 0
0 12 46: 321, 22, 0
0 12 49: 1254, 22, 3
0 12 57: 1263, 22, 2
0 12 60: 979, 0, 3
0 12 60: 1254, 22, 3
0 12 61: 1254, 22, 0
0 13 1: 1258, 22, 2
0 13 3: 1258, 22, 1
0 13 3: 1911, 1, 0
0 13 4: 1911, 9, 0
0 13 7: 1911, 1, 0
0 13 8: 1911, 0, 0
0 13 9: 1911, 0, 0
0 13 10: 196, 5, 1
0 13 10: 1911, 2, 0
0 13 11: 1911, 9, 0
0 13 13: 1911, 9, 3
0 13 14: 1911, 1, 3
0 13 15: 840, 8, 2
0 13 15: 1911, 9, 2
0 13 16: 1911, 1, 2
0 13 20: 602, 10, 0
0 13 21: 1258, 22, 1
0 13 21: 1911, 0, 3
0 13 23: 1258, 22, 2
0 13 28: 1259, 22, 3
0 13 32: 320, 22, 2
0 13 34: 320, 22, 2
0 13 39: 320, 22, 2
0 13 41: 320, 22, 3
0 13 45: 320, 22, 1
0 13 48: 1341, 10, 2
0 13 49: 1254, 22, 3
0 13 56: 1263, 22, 3
0 13 57: 300, 10, 0
0 13 59: 1254, 22, 2
0 13 60: 979, 0, 3
0 13 60: 1254, 22, 3
0 13 62: 1276, 10, 0
0 13 63: 1265, 22, 1
0 14 0: 320, 22, 3
0 14 1: 1258, 22, 3
0 14 4: 1258, 22, 2
0 14 4: 1911, 1, 0
0 14 5: 1911, 9, 0
0 14 5: 1938, 8, 0
0 14 10: 817, 10, 0
0 14 10: 1911, 0, 1
0 14 11: 196, 4, 3
0 14 11: 1911, 1, 0
0 14 12: 1911, 0, 0
0 14 13: 1911, 1, 3
0 14 14: 1870, 10, 1
0 14 16: 1530, 9, 2
0 14 17: 1911, 1, 2
0 14 19: 1870, 10, 1
0 14 20: 1938, 4, 1
0 14 21: 1911, 0, 3
0 14 21: 1938, 5, 3
0 14 23: 1260, 22, 2
0 14 27: 1258, 22, 0
0 14 28: 1259, 22, 0
0 14 36: 1187, 10, 2
0 14 43: 320, 22, 0
0 14 49: 1254, 22, 0
0 14 54: 1263, 22, 3
0 14 57: 1264, 22, 3
0 14 58: 1263, 22, 2
0 14 59: 1263, 22, 3
0 14 60: 979, 0, 3
0 14 60: 1254, 22, 3
0 14 63: 1265, 22, 2
0 15 1: 1258, 22, 3
0 15 5: 1258, 22, 3
0 15 5: 1911, 1, 0
0 15 6: 1911, 9, 0
0 15 6: 1938, 8, 0
0 15 10: 196, 5, 1
0 15 10: 1911, 0, 1
0 15 11: 840, 4, 3
0 15 17: 840, 8, 2
0 15 17: 1911, 9, 2
0 15 18: 1911, 1, 2
0 15 20: 1911, 9, 3
0 15 20: 1938, 8, 3
0 15 21: 1911, 1, 3
0 15 22: 1258, 22, 1
0 15 27: 1259, 22, 0
0 15 28: 1260, 22, 3
0 15 29: 321, 22, 3
0 15 31: 321, 22, 1
0 15 34: 320, 22, 3
0 15 36: 321, 22, 2
0 15 37: 320, 22, 2
0 15 38: 320, 22, 2
0 15 41: 321, 22, 3
0 15 42: 320, 22, 3
0 15 43: 1248, 22, 3
0 15 44: 320, 22, 3
0 15 46: 320, 22, 2
0 15 48: 1254, 22, 1
0 15 49: 1254, 22, 2
0 15 50: 1254, 22, 0
0 15 51: 1254, 22, 1
0 15 60: 979, 0, 3
0 15 60: 1254, 22, 0
0 15 62: 1247, 22, 0
0 16 0: 981, 3, 2
0 16 1: 1258, 22, 1
0 16 6: 1258, 22, 0
0 16 6: 1911, 1, 0
0 16 7: 1911, 9, 0
0 16 9: 1247, 22, 2
0 16 10: 1530, 0, 1
0 16 18: 1911, 9, 2
0 16 19: 1911, 9, 3
0 16 19: 1938, 8, 3
0 16 20: 1257, 22, 1
0 16 20: 1911, 1, 3
0 16 22: 1258, 22, 2
0 16 23: 320, 22, 2
0 16 27: 1258, 22, 1
0 16 28: 1260, 22, 0
0 16 32: 320, 22, 1
0 16 34: 320, 22, 0
0 16 36: 312, 10, 2
0 16 37: 312, 10, 3
0 16 38: 312, 10, 3
0 16 38: 320, 22, 0
0 16 40: 312, 10, 3
0 16 41: 312, 10, 0
0 16 41: 320, 22, 3
0 16 42: 312, 10, 3
0 16 44: 312, 10, 3
0 16 45: 312, 10, 3
0 16 46: 312, 10, 0
0 16 47: 312, 10, 0
0 16 47: 321, 22, 1
0 16 48: 1254, 22, 0
0 16 49: 1255, 22, 0
0 16 50: 1255, 22, 1
0 16 52: 1187, 10, 2
0 16 56: 1263, 22, 2
0 16 59: 979, 9, 3
0 16 59: 1255, 22, 3
0 16 60: 979, 1, 3
0 16 60: 1254, 22, 1
0 16 61: 1254, 22, 0
0 17 0: 980, 0, 3
0 17 7: 1258, 22, 1
0 17 7: 1911, 0, 1
0 17 8: 196, 4, 3
0 17 10: 196, 5, 1
0 17 10: 1911, 0, 1
0 17 11: 840, 4, 3
0 17 18: 1911, 9, 3
0 17 19: 1257, 22, 3
0 17 19: 1911, 1, 3
0 17 20: 1257, 22, 1
0 17 20: 1276, 10, 3
0 17 21: 1258, 22, 0
0 17 22: 1258, 22, 1
0 17 23: 320, 22, 3
0 17 27: 1258, 22, 2
0 17 28: 1260, 22, 0
0 17 30: 320, 22, 2
0 17 31: 320, 22, 3
0 17 35: 321, 22, 1
0 17 36: 312, 10, 0
0 17 37: 312, 10, 0
0 17 38: 312, 10, 1
0 17 38: 320, 22, 1
0 17 40: 312, 10, 2
0 17 40: 320, 22, 1
0 17 41: 312, 10, 1
0 17 42: 312, 10, 2
0 17 43: 320, 22, 0
0 17 44: 312, 10, 0
0 17 45: 312, 10, 0
0 17 45: 321, 22, 3
0 17 46: 312, 10, 3
0 17 47: 312, 10, 2
0 17 48: 1255, 22, 2
0 17 49: 1255, 22, 1
0 17 55: 1262, 22, 1
0 17 57: 1262, 22, 0
0 17 58: 979, 9, 3
0 17 59: 979, 1, 3
0 17 59: 1254, 22, 2
0 18 0: 980, 0, 3
0 18 2: 1276, 10, 3
0 18 7: 1258, 22, 2
0 18 7: 1911, 0, 1
0 18 7: 1938, 5, 1
0 18 8: 1938, 4, 3
0 18 10: 817, 10, 0
0 18 10: 1911, 0, 1
0 18 11: 196, 4, 3
0 18 14: 1870, 10, 1
0 18 18: 1911, 9, 2
0 18 18: 1938, 8, 2
0 18 19: 1257, 22, 2
0 18 19: 1911, 1, 2
0 18 20: 1257, 22, 1
0 18 22: 1260, 22, 3
0 18 24: 320, 22, 0
0 18 27: 1259, 22, 0
0 18 28: 1259, 22, 3
0 18 30: 319, 22, 3
0 18 31: 320, 22, 0
0 18 36: 312, 10, 3
0 18 36: 320, 22, 3
0 18 37: 312, 10, 1
0 18 38: 312, 10, 0
0 18 39: 320, 22, 1
0 18 40: 312, 10, 0
0 18 41: 312, 10, 3
0 18 41: 320, 22, 3
0 18 42: 312, 10, 1
0 18 44: 312, 10, 2
0 18 45: 312, 10, 0
0 18 46: 312, 10, 2
0 18 46: 320, 22, 0
0 18 47: 312, 10, 0
0 18 47: 321, 22, 3
0 18 48: 1254, 22, 3
0 18 49: 1254, 22, 3
0 18 50: 1341, 10, 1
0 18 51: 1254, 22, 1
0 18 56: 299, 10, 0
0 18 56: 1262, 22, 2
0 18 58: 979, 0, 3
0 19 0: 980, 0, 3
0 19 7: 1258, 22, 3
0 19 7: 1911, 0, 1
0 19 8: 196, 4, 3
0 19 9: 1938, 4, 2
0 19 10: 196, 5, 1
0 19 10: 1911, 0, 1
0 19 14: 890, 4, 2
0 19 15: 1938, 4, 2
0 19 17: 1870, 10, 1
0 19 19: 1911, 9, 2
0 19 20: 1911, 1, 2
0 19 21: 1258, 22, 3
0 19 22: 1260, 22, 2
0 19 24: 319, 22, 1
0 19 27: 1259, 22, 3
0 19 36: 312, 10, 2
0 19 37: 312, 10, 3
0 19 38: 312, 10, 2
0 19 39: 296, 10, 2
0 19 40: 312, 10, 0
0 19 41: 312, 10, 1
0 19 42: 312, 10, 0
0 19 43: 320, 22, 0
0 19 44: 312, 10, 0
0 19 45: 312, 10, 0
0 19 45: 320, 22, 2
0 19 46: 312, 10, 0
0 19 47: 312, 10, 1
0 19 49: 1254, 22, 3
0 19 50: 1254, 22, 2
0 19 54: 1263, 22, 3
0 19 58: 979, 0, 3
0 19 60: 1276, 10, 1
0 19 61: 1264, 22, 0
0 20 0: 980, 0, 3
0 20 4: 1260, 22, 1
0 20 7: 1258, 22, 3
0 20 7: 1911, 3, 0
0 20 8: 1258, 22, 0
0 20 8: 1911, 0, 0
0 20 9: 1258, 22, 2
0 20 9: 1911, 0, 0
0 20 9: 1938, 5, 0
0 20 10: 1260, 22, 3
0 20 10: 1911, 2, 0
0 20 11: 196, 4, 3
0 20 14: 1258, 22, 1
0 20 14: 1911, 2, 3
0 20 15: 1258, 22, 2
0 20 15: 1911, 0, 0
0 20 15: 1938, 5, 0
0 20 16: 1911, 9, 0
0 20 16: 1938, 8, 0
0 20 19: 1911, 9, 3
0 20 19: 1938, 8, 3
0 20 20: 1911, 1, 3
0 20 21: 1258, 22, 0
0 20 23: 320, 22, 0
0 20 26: 1259, 22, 0
0 20 27: 1259, 22, 3
0 20 29: 320, 22, 2
0 20 35: 320, 22, 3
0 20 36: 312, 10, 1
0 20 37: 312, 10, 0
0 20 37: 320, 22, 2
0 20 38: 312, 10, 1
0 20 38: 321, 22, 0
0 20 40: 312, 10, 3
0 20 41: 312, 10, 2
0 20 41: 320, 22, 2
0 20 42: 312, 10, 3
0 20 44: 312, 10, 1
0 20 45: 312, 10, 0
0 20 46: 312, 10, 2
0 20 47: 312, 10, 0
0 20 47: 321, 22, 2
0 20 49: 1254, 22, 3
0 20 52: 1248, 22, 3
0 20 55: 1263, 22, 1
0 20 56: 299, 10, 0
0 20 56: 1263, 22, 1
0 20 57: 1262, 22, 2
0 20 58: 979, 0, 3
0 20 59: 1255, 22, 3
0 20 61: 1247, 22, 3
0 21 0: 980, 0, 3
0 21 3: 320, 22, 3
0 21 4: 1260, 22, 0
0 21 5: 1260, 22, 1
0 21 8: 1257, 22, 3
0 21 9: 1259, 22, 2
0 21 10: 1260, 22, 2
0 21 10: 1911, 0, 1
0 21 11: 817, 10, 1
0 21 11: 1911, 0, 2
0 21 12: 1530, 0, 2
0 21 13: 817, 10, 1
0 21 13: 1911, 0, 2
0 21 14: 1260, 22, 2
0 21 14: 1911, 0, 3
0 21 15: 1258, 22, 2
0 21 16: 1257, 22, 2
0 21 16: 1911, 1, 0
0 21 17: 1911, 9, 0
0 21 18: 1911, 9, 3
0 21 18: 1938, 8, 3
0 21 19: 1911, 1, 3
0 21 20: 1258, 22, 0
0 21 21: 1258, 22, 3
0 21 26: 1259, 22, 0
0 21 27: 1259, 22, 3
0 21 38: 320, 22, 2
0 21 40: 320, 22, 1
0 21 42: 320, 22, 1
0 21 44: 320, 22, 1
0 21 46: 320, 22, 0
0 21 58: 979, 0, 3
0 21 61: 1255, 22, 2
0 21 62: 1255, 22, 3
0 22 0: 980, 0, 3
0 22 3: 320, 22, 2
0 22 4: 1260, 22, 2
0 22 8: 1257, 22, 3
0 22 9: 1259, 22, 1
0 22 9: 1911, 1, 1
0 22 10: 196, 7, 1
0 22 10: 1911, 9, 1
0 22 11: 817, 10, 3
0 22 13: 817, 10, 3
0 22 14: 196, 7, 2
0 22 14: 1911, 9, 2
0 22 15: 1257, 22, 2
0 22 15: 1911, 1, 2
0 22 16: 1257, 22, 0
0 22 17: 1257, 22, 3
0 22 17: 1911, 1, 0
0 22 18: 1911, 1, 3
0 22 19: 1258, 22, 3
0 22 20: 1258, 22, 0
0 22 22: 320, 22, 0
0 22 26: 1259, 22, 3
0 22 28: 319, 22, 2
0 22 29: 320, 22, 1
0 22 48: 1341, 10, 2
0 22 55: 1262, 22, 2
0 22 56: 299, 10, 3
0 22 57: 1262, 22, 1
0 22 58: 979, 0, 3
0 22 59: 1276, 10, 0
0 22 60: 1265, 22, 2
0 22 61: 1255, 22, 2
0 22 62: 1255, 22, 3
0 23 0: 980, 0, 3
0 23 2: 320, 22, 3
0 23 3: 320, 22, 3
0 23 4: 1260, 22, 2
0 23 5: 1260, 22, 1
0 23 8: 1257, 22, 1
0 23 8: 1911, 1, 1
0 23 9: 196, 7, 1
0 23 9: 1911, 9, 1
0 23 14: 179, 22, 2
0 23 15: 196, 7, 2
0 23 15: 1911, 9, 2
0 23 16: 1911, 1, 2
0 23 19: 1258, 22, 1
0 23 21: 319, 22, 2
0 23 22: 320, 22, 1
0 23 25: 1260, 22, 1
0 23 30: 321, 22, 0
0 23 39: 1259, 22, 3
0 23 49: 1281, 10, 2
0 23 51: 1265, 22, 0
0 23 56: 1263, 22, 0
0 23 58: 979, 0, 3
0 23 59: 1247, 22, 3
0 23 62: 1276, 10, 1
0 23 63: 1265, 22, 1
0 24 0: 980, 0, 3
0 24 2: 320, 22, 3
0 24 4: 1260, 22, 2
0 24 8: 1257, 22, 0
0 24 8: 1911, 0, 1
0 24 8: 1938, 5, 1
0 24 9: 203, 10, 2
0 24 9: 1938, 4, 3
0 24 11: 1738, 10, 3
0 24 15: 203, 10, 0
0 24 15: 1938, 4, 1
0 24 16: 1257, 22, 3
0 24 16: 1911, 0, 3
0 24 16: 1938, 5, 3
0 24 18: 1258, 22, 3
0 24 18: 1276, 10, 3
0 24 19: 1258, 22, 1
0 24 24: 1260, 22, 2
0 24 25: 1258, 22, 1
0 24 27: 320, 22, 0
0 24 36: 1190, 10, 2
0 24 36: 1259, 22, 2
0 24 37: 1190, 10, 2
0 24 37: 1259, 22, 3
0 24 38: 1190, 10, 2
0 24 38: 1259, 22, 2
0 24 39: 1259, 22, 3
0 24 40: 1191, 10, 2
0 24 40: 1259, 22, 3
0 24 41: 1190, 10, 2
0 24 42: 1191, 10, 2
0 24 43: 1191, 10, 2
0 24 58: 979, 9, 2
0 24 59: 979, 1, 2
0 24 61: 1255, 22, 2
0 24 62: 1247, 22, 3
0 25 0: 980, 0, 3
0 25 4: 1258, 22, 1
0 25 6: 1276, 10, 3
0 25 8: 1257, 22, 3
0 25 8: 1911, 0, 1
0 25 9: 817, 10, 2
0 25 15: 817, 10, 0
0 25 16: 1257, 22, 1
0 25 16: 1911, 0, 3
0 25 18: 1258, 22, 0
0 25 23: 1260, 22, 3
0 25 24: 1258, 22, 2
0 25 26: 320, 22, 0
0 25 35: 980, 9, 3
0 25 35: 1259, 22, 3
0 25 36: 980, 0, 0
0 25 36: 1259, 22, 2
0 25 37: 980, 0, 0
0 25 38: 980, 0, 0
0 25 39: 980, 0, 0
0 25 40: 980, 0, 0
0 25 40: 1259, 22, 2
0 25 41: 980, 0, 0
0 25 41: 1259, 22, 3
0 25 42: 980, 0, 0
0 25 42: 1259, 22, 3
0 25 43: 980, 0, 0
0 25 43: 1259, 22, 2
0 25 44: 980, 9, 0
0 25 45: 1259, 22, 3
0 25 49: 1264, 22, 3
0 25 55: 1278, 10, 1
0 25 56: 1264, 22, 0
0 25 59: 979, 9, 2
0 25 60: 979, 1, 2
0 25 60: 1254, 22, 0
0 25 61: 1255, 22, 1
0 25 62: 1254, 22, 3
0 26 0: 980, 0, 3
0 26 3: 320, 22, 3
0 26 4: 1258, 22, 2
0 26 8: 1257, 22, 0
0 26 8: 1911, 0, 1
0 26 8: 1938, 5, 1
0 26 9: 203, 10, 2
0 26 9: 1938, 4, 3
0 26 15: 203, 10, 0
0 26 15: 1938, 4, 1
0 26 16: 1257, 22, 1
0 26 16: 1911, 0, 3
0 26 16: 1938, 5, 3
0 26 18: 1258, 22, 1
0 26 22: 1260, 22, 3
0 26 23: 1258, 22, 3
0 26 25: 319, 22, 1
0 26 26: 320, 22, 1
0 26 27: 320, 22, 1
0 26 33: 1259, 22, 3
0 26 34: 980, 9, 3
0 26 35: 980, 1, 3
0 26 35: 1259, 22, 3
0 26 37: 301, 10, 1
0 26 41: 301, 10, 1
0 26 43: 1247, 22, 0
0 26 44: 980, 1, 0
0 26 44: 1259, 22, 0
0 26 45: 980, 9, 0
0 26 45: 1259, 22, 3
0 26 46: 1259, 22, 0
0 26 47: 1258, 22, 1
0 26 55: 1265, 22, 1
0 26 60: 979, 9, 2
0 26 61: 979, 1, 2
0 26 61: 1254, 22, 1
0 27 0: 320, 22, 2
0 27 0: 981, 3, 3
0 27 3: 319, 22, 3
0 27 6: 1258, 22, 3
0 27 8: 1257, 22, 3
0 27 8: 1911, 1, 0
0 27 9: 196, 7, 0
0 27 9: 1911, 9, 0
0 27 15: 196, 7, 3
0 27 15: 1911, 9, 3
0 27 16: 1257, 22, 3
0 27 16: 1911, 1, 3
0 27 17: 1258, 22, 0
0 27 22: 1258, 22, 2
0 27 24: 320, 22, 2
0 27 26: 320, 22, 1
0 27 32: 1259, 22, 2
0 27 33: 980, 9, 3
0 27 33: 1259, 22, 2
0 27 34: 980, 1, 3
0 27 34: 1259, 22, 3
0 27 36: 1247, 22, 3
0 27 39: 1247, 22, 3
0 27 44: 1259, 22, 1
0 27 45: 980, 1, 0
0 27 46: 980, 9, 0
0 27 46: 1259, 22, 0
0 27 57: 1281, 10, 3
0 27 61: 979, 0, 3
0 27 62: 1276, 10, 1
0 27 63: 1247, 22, 0
0 28 4: 320, 22, 2
0 28 5: 1258, 22, 2
0 28 7: 1258, 22, 2
0 28 9: 1257, 22, 2
0 28 9: 1911, 1, 0
0 28 10: 196, 7, 0
0 28 10: 1911, 9, 0
0 28 11: 1938, 4, 2
0 28 12: 817, 10, 1
0 28 13: 1938, 4, 2
0 28 14: 196, 7, 3
0 28 14: 1911, 9, 3
0 28 15: 1257, 22, 0
0 28 15: 1911, 1, 3
0 28 17: 320, 22, 2
0 28 21: 1258, 22, 1
0 28 24: 320, 22, 0
0 28 26: 320, 22, 1
0 28 32: 980, 9, 3
0 28 32: 1259, 22, 2
0 28 33: 980, 1, 3
0 28 33: 1259, 22, 2
0 28 46: 980, 1, 0
0 28 47: 980, 9, 0
0 28 47: 1258, 22, 0
0 28 48: 1258, 22, 1
0 28 58: 1264, 22, 3
0 28 59: 1264, 22, 0
0 28 61: 979, 0, 3
0 28 62: 1264, 22, 1
0 29 6: 320, 22, 3
0 29 8: 1258, 22, 3
0 29 10: 1257, 22, 1
0 29 10: 1911, 1, 0
0 29 11: 1257, 22, 0
0 29 11: 1911, 0, 0
0 29 11: 1938, 5, 0
0 29 12: 1257, 22, 3
0 29 12: 1911, 0, 0
0 29 13: 1257, 22, 1
0 29 13: 1911, 0, 0
0 29 13: 1938, 5, 0
0 29 14: 1257, 22, 3
0 29 14: 1911, 1, 3
0 29 15: 1257, 22, 0
0 29 16: 320, 22, 3
0 29 19: 1258, 22, 2
0 29 20: 1258, 22, 0
0 29 26: 320, 22, 2
0 29 31: 980, 9, 3
0 29 32: 980, 1, 3
0 29 33: 1247, 22, 0
0 29 46: 1258, 22, 1
0 29 47: 980, 0, 1
0 29 50: 1187, 10, 2
0 29 52: 1187, 10, 1
0 29 57: 1247, 22, 3
0 29 60: 1246, 22, 0
0 29 61: 979, 0, 3
0 30 3: 1254, 22, 0
0 30 6: 321, 22, 1
0 30 8: 1258, 22, 2
0 30 9: 1258, 22, 3
0 30 15: 321, 22, 1
0 30 19: 1258, 22, 3
0 30 31: 980, 0, 3
0 30 32: 301, 10, 2
0 30 39: 1248, 22, 0
0 30 43: 1246, 22, 1
0 30 47: 980, 0, 1
0 30 47: 1258, 22, 2
0 30 61: 979, 0, 3
0 30 61: 1254, 22, 1
0 30 62: 1254, 22, 0
0 31 2: 321, 22, 1
0 31 3: 1254, 22, 3
0 31 4: 1254, 22, 0
0 31 5: 1254, 22, 0
0 31 8: 321, 22, 0
0 31 10: 1258, 22, 3
0 31 18: 1258, 22, 3
0 31 19: 1258, 22, 1
0 31 31: 980, 0, 3
0 31 47: 981, 3, 0
0 31 47: 1258, 22, 2
0 31 54: 1276, 10, 0
0 31 61: 979, 0, 3
0 32 3: 321, 22, 1
0 32 4: 1254, 22, 0
0 32 5: 1254, 22, 3
0 32 10: 320, 22, 2
0 32 11: 321, 22, 0
0 32 16: 1258, 22, 1
0 32 17: 1258, 22, 0
0 32 18: 1258, 22, 3
0 32 20: 320, 22, 1
0 32 21: 320, 22, 0
0 32 31: 980, 0, 3
0 32 32: 1247, 22, 3
0 32 37: 1246, 22, 0
0 32 41: 1248, 22, 3
0 32 43: 1259, 22, 3
0 32 44: 1258, 22, 2
0 32 45: 1258, 22, 2
0 32 46: 1258, 22, 3
0 32 47: 981, 3, 1
0 32 54: 1247, 22, 2
0 32 59: 1162, 10, 0
0 33 4: 321, 22, 0
0 33 6: 1254, 22, 2
0 33 8: 1258, 22, 3
0 33 10: 1258, 22, 0
0 33 13: 1258, 22, 3
0 33 14: 1258, 22, 1
0 33 15: 1258, 22, 2
0 33 16: 1258, 22, 2
0 33 17: 1258, 22, 2
0 33 19: 319, 22, 3
0 33 20: 320, 22, 2
0 33 31: 980, 0, 3
0 33 32: 301, 10, 2
0 33 44: 1259, 22, 3
0 33 45: 1276, 10, 1
0 33 46: 1246, 22, 0
0 33 47: 980, 0, 1
0 33 52: 1248, 22, 0
0 33 61: 1162, 10, 3
0 34 6: 319, 22, 2
0 34 7: 320, 22, 1
0 34 8: 320, 22, 3
0 34 9: 320, 22, 3
0 34 10: 320, 22, 1
0 34 12: 320, 22, 2
0 34 13: 321, 22, 3
0 34 15: 320, 22, 0
0 34 16: 321, 22, 0
0 34 17: 320, 22, 2
0 34 18: 320, 22, 1
0 34 19: 320, 22, 2
0 34 31: 980, 0, 3
0 34 37: 1246, 22, 1
0 34 39: 1276, 10, 0
0 34 40: 1247, 22, 3
0 34 44: 1259, 22, 3
0 34 45: 1259, 22, 0
0 34 47: 980, 0, 1
0 34 47: 1259, 22, 0
0 35 12: 85, 9, 3
0 35 13: 85, 9, 0
0 35 17: 320, 22, 1
0 35 31: 980, 0, 3
0 35 34: 1247, 22, 3
0 35 38: 1247, 22, 0
0 35 39: 1265, 22, 2
0 35 40: 1247, 22, 3
0 35 44: 1259, 22, 3
0 35 45: 1259, 22, 0
0 35 46: 980, 1, 1
0 35 47: 980, 9, 1
0 35 47: 1258, 22, 1
0 35 48: 1259, 22, 1
0 36 1: 1281, 10, 2
0 36 2: 1264, 22, 0
0 36 10: 85, 9, 3
0 36 11: 85, 0, 0
0 36 14: 85, 9, 2
0 36 21: 980, 9, 3
0 36 22: 980, 0, 0
0 36 23: 980, 0, 0
0 36 24: 980, 0, 0
0 36 25: 980, 0, 0
0 36 26: 981, 3, 3
0 36 27: 981, 3, 0
0 36 28: 980, 9, 0
0 36 31: 980, 9, 2
0 36 32: 980, 1, 2
0 36 33: 1281, 10, 2
0 36 35: 1247, 22, 3
0 36 38: 980, 1, 1
0 36 39: 980, 0, 2
0 36 40: 980, 0, 2
0 36 41: 980, 0, 2
0 36 42: 980, 0, 2
0 36 43: 980, 0, 2
0 36 44: 980, 0, 2
0 36 45: 980, 0, 2
0 36 45: 1259, 22, 1
0 36 46: 980, 9, 1
0 36 46: 1258, 22, 2
0 36 47: 1258, 22, 1
0 36 48: 1259, 22, 1
0 37 1: 1265, 22, 3
0 37 3: 1265, 22, 1
0 37 4: 1265, 22, 3
0 37 7: 85, 9, 3
0 37 8: 85, 0, 0
0 37 9: 85, 0, 0
0 37 15: 85, 9, 2
0 37 21: 980, 0, 3
0 37 22: 296, 10, 3
0 37 28: 980, 1, 0
0 37 29: 980, 9, 0
0 37 32: 980, 9, 2
0 37 33: 980, 1, 2
0 37 33: 1265, 22, 3
0 37 35: 1247, 22, 0
0 37 37: 980, 1, 1
0 37 38: 980, 9, 1
0 37 58: 1162, 10, 0
0 37 59: 1162, 10, 3
0 38 2: 1264, 22, 1
0 38 7: 85, 0, 3
0 38 16: 85, 9, 2
0 38 21: 980, 0, 3
0 38 29: 980, 1, 0
0 38 30: 980, 9, 0
0 38 33: 980, 9, 2
0 38 33: 1265, 22, 3
0 38 34: 980, 0, 2
0 38 35: 980, 0, 2
0 38 35: 1247, 22, 0
0 38 36: 980, 0, 2
0 38 37: 980, 9, 1
0 38 49: 1771, 0, 3
0 38 51: 1771, 0, 1
0 38 57: 1162, 10, 1
0 38 60: 1162, 10, 2
0 39 6: 85, 9, 3
0 39 16: 85, 0, 1
0 39 21: 980, 0, 3
0 39 30: 980, 1, 0
0 39 31: 980, 9, 0
0 39 49: 1771, 0, 3
0 39 51: 1771, 0, 1
0 39 61: 979, 0, 3
0 40 6: 85, 0, 3
0 40 16: 85, 0, 1
0 40 21: 980, 0, 3
0 40 23: 313, 10, 3
0 40 24: 313, 10, 3
0 40 26: 313, 10, 3
0 40 27: 313, 10, 0
0 40 29: 313, 10, 1
0 40 30: 313, 10, 1
0 40 31: 980, 0, 1
0 40 33: 303, 10, 1
0 40 49: 1771, 0, 3
0 40 51: 1771, 0, 1
0 40 55: 1276, 10, 1
0 40 56: 1246, 22, 2
0 40 59: 1276, 10, 1
0 40 61: 979, 0, 3
0 41 5: 85, 9, 3
0 41 17: 85, 9, 0
0 41 21: 980, 0, 3
0 41 23: 313, 10, 2
0 41 24: 313, 10, 2
0 41 26: 313, 10, 3
0 41 27: 313, 10, 2
0 41 29: 313, 10, 0
0 41 30: 313, 10, 0
0 41 31: 980, 0, 1
0 41 43: 1162, 10, 1
0 41 44: 1162, 10, 2
0 41 46: 1258, 22, 3
0 41 55: 1264, 22, 3
0 41 61: 979, 0, 3
0 42 5: 85, 0, 3
0 42 18: 85, 9, 0
0 42 21: 980, 0, 3
0 42 23: 313, 10, 1
0 42 24: 313, 10, 1
0 42 26: 313, 10, 2
0 42 27: 313, 10, 2
0 42 29: 313, 10, 0
0 42 30: 313, 10, 2
0 42 31: 980, 0, 1
0 42 34: 1248, 22, 1
0 42 41: 1162, 10, 2
0 42 42: 1162, 10, 3
0 42 43: 1162, 10, 0
0 42 59: 1247, 22, 3
0 42 61: 979, 0, 3
0 43 4: 85, 9, 3
0 43 18: 85, 0, 1
0 43 21: 980, 0, 3
0 43 23: 313, 10, 3
0 43 24: 313, 10, 0
0 43 26: 313, 10, 1
0 43 27: 313, 10, 2
0 43 29: 313, 10, 3
0 43 30: 313, 10, 3
0 43 31: 980, 0, 1
0 43 33: 303, 10, 1
0 43 41: 1162, 10, 3
0 43 42: 1258, 22, 3
0 43 43: 1258, 22, 2
0 43 44: 1258, 22, 2
0 43 49: 1299, 10, 2
0 43 55: 1299, 10, 1
0 43 61: 979, 0, 3
0 43 62: 1187, 10, 2
0 44 4: 85, 0, 3
0 44 18: 85, 0, 1
0 44 21: 980, 9, 2
0 44 22: 980, 1, 2
0 44 23: 313, 10, 3
0 44 24: 313, 10, 3
0 44 26: 313, 10, 1
0 44 27: 313, 10, 0
0 44 28: 297, 10, 1
0 44 29: 313, 10, 2
0 44 30: 313, 10, 0
0 44 31: 980, 0, 1
0 44 35: 1248, 22, 2
0 44 38: 2759, 22, 0
0 44 41: 1258, 22, 3
0 44 42: 1258, 22, 3
0 44 57: 1299, 10, 2
0 44 61: 979, 0, 3
0 45 4: 85, 0, 3
0 45 18: 85, 0, 1
0 45 21: 1248, 22, 0
0 45 22: 980, 0, 3
0 45 23: 313, 10, 2
0 45 24: 313, 10, 2
0 45 26: 313, 10, 3
0 45 27: 313, 10, 3
0 45 29: 313, 10, 0
0 45 30: 313, 10, 1
0 45 31: 980, 0, 1
0 45 34: 1258, 22, 2
0 45 40: 1258, 22, 2
0 45 41: 1258, 22, 3
0 45 45: 1248, 22, 1
0 45 45: 1281, 10, 3
0 45 50: 1187, 10, 1
0 45 54: 1281, 10, 3
0 45 58: 1299, 10, 3
0 45 60: 979, 9, 3
0 45 61: 979, 1, 3
0 46 4: 85, 9, 2
0 46 19: 85, 9, 0
0 46 22: 980, 0, 3
0 46 23: 313, 10, 1
0 46 24: 313, 10, 1
0 46 26: 313, 10, 2
0 46 27: 313, 10, 2
0 46 29: 313, 10, 0
0 46 30: 313, 10, 2
0 46 31: 980, 0, 1
0 46 35: 1259, 22, 1
0 46 41: 1258, 22, 2
0 46 46: 1248, 22, 0
0 46 52: 1248, 22, 1
0 46 55: 1248, 22, 1
0 46 59: 979, 9, 3
0 46 60: 979, 1, 3
0 47 5: 85, 0, 3
0 47 14: 85, 0, 2
0 47 15: 85, 0, 2
0 47 19: 85, 0, 1
0 47 22: 980, 0, 3
0 47 23: 313, 10, 3
0 47 24: 313, 10, 0
0 47 26: 313, 10, 3
0 47 27: 313, 10, 1
0 47 29: 313, 10, 3
0 47 30: 313, 10, 3
0 47 31: 980, 0, 1
0 47 39: 1162, 10, 0
0 47 43: 1195, 10, 0
0 47 45: 1265, 22, 3
0 47 56: 1264, 22, 0
0 47 58: 979, 9, 3
0 47 59: 979, 1, 3
0 48 5: 85, 9, 2
0 48 6: 85, 0, 2
0 48 12: 85, 0, 2
0 48 13: 85, 9, 1
0 48 16: 85, 9, 2
0 48 17: 85, 0, 2
0 48 19: 85, 0, 1
0 48 22: 980, 0, 3
0 48 23: 313, 10, 3
0 48 24: 313, 10, 3
0 48 26: 313, 10, 3
0 48 27: 313, 10, 3
0 48 29: 313, 10, 2
0 48 30: 313, 10, 0
0 48 31: 980, 0, 1
0 48 38: 1162, 10, 1
0 48 39: 1162, 10, 3
0 48 50: 1188, 10, 0
0 48 57: 979, 9, 3
0 48 58: 979, 1, 3
0 48 61: 1247, 22, 2
0 48 62: 1247, 22, 2
0 48 62: 1276, 10, 1
0 48 63: 1246, 22, 3
0 49 1: 1281, 10, 3
0 49 2: 1265, 22, 2
0 49 7: 85, 9, 2
0 49 8: 85, 0, 2
0 49 9: 85, 0, 2
0 49 10: 85, 0, 2
0 49 11: 85, 9, 1
0 49 18: 85, 9, 2
0 49 19: 85, 9, 1
0 49 22: 980, 9, 2
0 49 23: 313, 10, 2
0 49 24: 313, 10, 2
0 49 25: 297, 10, 1
0 49 26: 313, 10, 1
0 49 27: 313, 10, 3
0 49 29: 313, 10, 1
0 49 30: 313, 10, 0
0 49 31: 980, 0, 1
0 49 36: 2759, 22, 0
0 49 38: 1162, 10, 1
0 49 39: 1162, 10, 0
0 49 40: 1162, 10, 3
0 49 43: 1187, 10, 0
0 49 56: 979, 9, 3
0 49 57: 979, 1, 3
0 50 1: 1265, 22, 1
0 50 3: 1265, 22, 0
0 50 23: 980, 9, 2
0 50 24: 980, 0, 2
0 50 25: 980, 0, 2
0 50 26: 980, 1, 2
0 50 31: 980, 0, 1
0 50 38: 1162, 10, 2
0 50 39: 1162, 10, 3
0 50 44: 1195, 10, 2
0 50 46: 1248, 22, 2
0 50 49: 1299, 10, 2
0 50 53: 1187, 10, 2
0 50 56: 979, 0, 3
0 51 2: 1264, 22, 0
0 51 26: 980, 9, 2
0 51 27: 980, 1, 2
0 51 31: 980, 9, 1
0 51 38: 1162, 10, 0
0 51 40: 1276, 10, 0
0 51 41: 1265, 22, 1
0 51 43: 1195, 10, 3
0 51 56: 979, 0, 3
0 51 57: 1187, 10, 3
0 51 59: 1276, 10, 2
0 51 60: 1247, 22, 3
0 52 27: 980, 9, 2
0 52 28: 980, 0, 2
0 52 29: 980, 0, 2
0 52 30: 980, 9, 1
0 52 32: 1248, 22, 3
0 52 48: 1281, 10, 0
0 52 53: 1276, 10, 1
0 52 56: 979, 0, 3
0 53 0: 1276, 10, 1
0 53 1: 1265, 22, 3
0 53 3: 1281, 10, 2
0 53 45: 1187, 10, 3
0 53 54: 1248, 22, 0
0 53 56: 979, 0, 3
0 54 0: 1265, 22, 0
0 54 4: 1264, 22, 3
0 54 14: 1276, 10, 1
0 54 15: 1265, 22, 2
0 54 17: 1281, 10, 2
0 54 19: 1247, 22, 3
0 54 41: 1281, 10, 3
0 54 43: 1248, 22, 1
0 54 49: 1248, 22, 0
0 54 51: 1299, 10, 3
0 54 56: 979, 0, 3
0 54 57: 1276, 10, 2
0 55 14: 1247, 22, 0
0 55 17: 1264, 22, 3
0 55 30: 2759, 22, 0
0 55 37: 1771, 0, 0
0 55 38: 979, 0, 0
0 55 39: 979, 9, 0
0 55 42: 1264, 22, 0
0 55 47: 1299, 10, 2
0 55 53: 1299, 10, 2
0 55 56: 979, 0, 3
0 55 58: 1247, 22, 2
0 55 62: 1276, 10, 2
0 56 9: 1276, 10, 2
0 56 18: 1247, 22, 0
0 56 21: 1276, 10, 1
0 56 39: 979, 1, 0
0 56 40: 979, 9, 0
0 56 46: 1188, 10, 1
0 56 51: 1299, 10, 2
0 56 55: 979, 9, 3
0 56 56: 979, 1, 3
0 57 2: 1264, 22, 0
0 57 2: 1276, 10, 2
0 57 3: 1265, 22, 3
0 57 6: 1276, 10, 1
0 57 7: 1265, 22, 2
0 57 9: 1264, 22, 2
0 57 22: 1247, 22, 3
0 57 40: 979, 1, 0
0 57 41: 979, 9, 0
0 57 44: 1299, 10, 3
0 57 47: 1276, 10, 1
0 57 51: 1276, 10, 0
0 57 54: 979, 9, 3
0 57 55: 979, 1, 3
0 57 57: 1276, 10, 3
0 58 6: 1264, 22, 3
0 58 41: 979, 1, 0
0 58 42: 979, 9, 0
0 58 53: 979, 9, 3
0 58 54: 979, 1, 3
0 58 59: 1247, 22, 1
0 59 15: 1276, 10, 1
0 59 19: 1276, 10, 3
0 59 34: 1276, 10, 2
0 59 35: 1265, 22, 2
0 59 40: 1187, 10, 2
0 59 42: 979, 1, 0
0 59 43: 979, 9, 0
0 59 52: 979, 9, 3
0 59 53: 979, 1, 3
0 60 12: 1247, 22, 3
0 60 12: 1276, 10, 2
0 60 15: 1247, 22, 0
0 60 19: 1247, 22, 0
0 60 34: 1264, 22, 2
0 60 38: 1276, 10, 0
0 60 39: 1264, 22, 1
0 60 43: 979, 1, 0
0 60 44: 979, 0, 0
0 60 45: 979, 0, 0
0 60 46: 979, 0, 0
0 60 47: 979, 0, 0
0 60 48: 979, 0, 0
0 60 49: 979, 0, 0
0 60 50: 979, 0, 0
0 60 51: 979, 0, 0
0 60 52: 979, 1, 3
0 60 58: 1276, 10, 3
0 61 2: 1281, 10, 3
0 61 25: 1276, 10, 1
0 61 26: 1264, 22, 2
0 61 31: 1276, 10, 3
0 61 32: 1264, 22, 3
0 61 39: 1247, 22, 1
0 61 45: 1276, 10, 0
0 61 52: 1276, 10, 0
0 61 62: 1276, 10, 0
0 62 3: 1264, 22, 3
0 62 6: 1276, 10, 3
0 62 25: 1247, 22, 3
0 62 26: 1247, 22, 1
0 62 31: 1247, 22, 2
0 62 46: 1247, 22, 1
0 62 53: 1247, 22, 2
0 62 54: 1247, 22, 1
0 63 2: 1265, 22, 0
0 63 6: 1265, 22, 3
0 63 37: 1187, 10, 3
0 63 44: 1247, 22, 2
0 63 45: 1247, 22, 2
0 63 59: 1247, 22, 2
1 2 54: 1793, 21, 1
1 2 55: 1793, 18, 2
1 2 56: 1793, 18, 2
1 2 57: 1793, 18, 2
1 2 58: 1793, 21, 2
1 3 3: 1913, 1, 1
1 3 4: 1651, 0, 2
1 3 5: 1651, 0, 2
1 3 6: 1651, 0, 2
1 3 7: 1913, 3, 2
1 3 8: 1913, 3, 1
1 3 9: 1651, 0, 2
1 3 10: 1651, 0, 2
1 3 11: 1913, 3, 2
1 3 12: 1913, 3, 1
1 3 13: 1651, 0, 2
1 3 14: 1913, 1, 2
1 3 50: 1793, 21, 1
1 3 51: 1793, 18, 2
1 3 52: 1793, 18, 2
1 3 53: 1793, 18, 2
1 3 54: 1793, 20, 1
1 3 55: 1933, 16, 1
1 3 56: 1933, 12, 2
1 3 57: 1933, 16, 2
1 3 58: 1793, 20, 2
1 3 59: 1793, 21, 2
1 4 2: 1913, 1, 1
1 4 3: 1913, 9, 1
1 4 4: 179, 22, 2
1 4 4: 822, 10, 0
1 4 5: 822, 10, 3
1 4 6: 179, 22, 3
1 4 7: 1913, 2, 2
1 4 8: 1913, 2, 1
1 4 9: 179, 22, 0
1 4 10: 179, 22, 1
1 4 11: 1913, 2, 2
1 4 12: 1913, 2, 1
1 4 13: 821, 10, 3
1 4 14: 1913, 9, 2
1 4 15: 1913, 1, 2
1 4 50: 1793, 18, 1
1 4 51: 1933, 16, 1
1 4 52: 1933, 12, 2
1 4 53: 1933, 12, 2
1 4 54: 1933, 12, 2
1 4 55: 1933, 14, 1
1 4 56: 1933, 17, 1
1 4 57: 1933, 14, 2
1 4 58: 1933, 16, 2
1 4 59: 1793, 20, 2
1 4 60: 1793, 21, 2
1 5 2: 1651, 0, 1
1 5 3: 821, 10, 0
1 5 12: 179, 22, 3
1 5 12: 822, 10, 2
1 5 14: 179, 22, 3
1 5 14: 822, 10, 3
1 5 15: 1913, 9, 2
1 5 16: 1651, 0, 2
1 5 17: 1651, 0, 2
1 5 18: 1651, 0, 2
1 5 19: 1913, 1, 2
1 5 50: 1793, 18, 1
1 5 51: 1933, 12, 1
1 5 52: 1933, 17, 1
1 5 53: 1933, 17, 1
1 5 54: 1933, 17, 1
1 5 55: 1933, 17, 1
1 5 56: 1933, 17, 1
1 5 57: 1933, 17, 1
1 5 58: 1933, 14, 2
1 5 59: 1933, 16, 2
1 5 60: 1793, 18, 3
1 6 2: 1913, 1, 0
1 6 3: 1913, 9, 0
1 6 4: 822, 10, 3
1 6 8: 1938, 4, 2
1 6 10: 1938, 4, 2
1 6 17: 179, 22, 3
1 6 18: 179, 22, 1
1 6 19: 1913, 9, 2
1 6 20: 1913, 1, 2
1 6 50: 1793, 18, 1
1 6 51: 1933, 16, 0
1 6 52: 1933, 12, 0
1 6 53: 1933, 12, 0
1 6 54: 1933, 14, 0
1 6 55: 1933, 17, 1
1 6 56: 1933, 17, 1
1 6 57: 1933, 17, 1
1 6 58: 1933, 17, 1
1 6 59: 1933, 12, 3
1 6 60: 1793, 18, 3
1 7 3: 1651, 0, 1
1 7 7: 1911, 9, 3
1 7 7: 1938, 8, 3
1 7 8: 1090, 10, 3
1 7 8: 1911, 0, 0
1 7 8: 1938, 5, 0
1 7 9: 196, 5, 0
1 7 9: 1911, 0, 0
1 7 10: 1090, 10, 3
1 7 10: 1911, 0, 0
1 7 10: 1938, 5, 0
1 7 11: 1911, 9, 0
1 7 19: 822, 10, 2
1 7 20: 1913, 9, 2
1 7 21: 1913, 1, 2
1 7 50: 1793, 21, 0
1 7 51: 1793, 18, 0
1 7 52: 1793, 18, 0
1 7 53: 1793, 20, 0
1 7 54: 1933, 12, 1
1 7 55: 1933, 17, 1
1 7 56: 1933, 17, 1
1 7 57: 1933, 17, 1
1 7 58: 1933, 14, 3
1 7 59: 1933, 16, 3
1 7 60: 1793, 18, 3
1 8 3: 1651, 0, 1
1 8 6: 1911, 9, 3
1 8 6: 1938, 8, 3
1 8 7: 179, 22, 2
1 8 7: 1911, 1, 3
1 8 11: 1911, 0, 1
1 8 11: 1938, 5, 1
1 8 12: 1938, 4, 3
1 8 19: 821, 10, 2
1 8 20: 179, 22, 2
1 8 21: 1651, 0, 3
1 8 53: 1793, 18, 1
1 8 54: 1933, 16, 0
1 8 55: 1933, 12, 0
1 8 56: 1933, 12, 0
1 8 57: 1933, 12, 0
1 8 58: 1933, 16, 3
1 8 59: 1793, 20, 3
1 8 60: 1793, 21, 3
1 9 3: 1651, 0, 1
1 9 5: 1106, 10, 0
1 9 6: 196, 5, 3
1 9 6: 1911, 0, 3
1 9 7: 994, 1, 1
1 9 8: 994, 0, 2
1 9 9: 994, 0, 2
1 9 11: 196, 5, 1
1 9 11: 1911, 0, 1
1 9 12: 1106, 10, 2
1 9 19: 179, 22, 3
1 9 20: 822, 10, 2
1 9 21: 1651, 0, 3
1 9 53: 1793, 21, 0
1 9 54: 1793, 18, 0
1 9 55: 1793, 18, 0
1 9 56: 1793, 18, 0
1 9 57: 1793, 18, 0
1 9 58: 1793, 18, 0
1 9 59: 1793, 21, 3
1 10 3: 1651, 0, 1
1 10 5: 1938, 4, 1
1 10 6: 1911, 0, 3
1 10 6: 1938, 5, 3
1 10 7: 994, 0, 1
1 10 9: 1740, 10, 3
1 10 11: 1911, 0, 1
1 10 11: 1938, 5, 1
1 10 12: 1938, 4, 3
1 10 20: 822, 10, 2
1 10 21: 1651, 0, 3
1 11 3: 1651, 0, 1
1 11 4: 179, 22, 2
1 11 6: 1911, 9, 2
1 11 7: 1911, 1, 2
1 11 8: 994, 0, 0
1 11 9: 994, 0, 0
1 11 11: 1911, 3, 0
1 11 12: 1911, 0, 0
1 11 13: 1911, 9, 0
1 11 19: 821, 10, 2
1 11 21: 1651, 0, 3
1 12 3: 1651, 0, 1
1 12 4: 179, 22, 3
1 12 7: 1911, 9, 2
1 12 9: 196, 4, 2
1 12 13: 179, 22, 3
1 12 13: 1911, 1, 0
1 12 14: 179, 22, 2
1 12 14: 1911, 9, 0
1 12 20: 179, 22, 2
1 12 21: 1651, 0, 3
1 13 3: 1913, 1, 0
1 13 4: 1913, 9, 0
1 13 7: 179, 22, 1
1 13 8: 179, 22, 2
1 13 8: 1911, 2, 3
1 13 9: 1090, 10, 3
1 13 9: 1911, 0, 0
1 13 10: 1090, 10, 3
1 13 10: 1911, 0, 0
1 13 11: 1911, 9, 0
1 13 13: 1911, 9, 3
1 13 14: 1911, 0, 0
1 13 15: 1911, 9, 0
1 13 15: 1938, 8, 0
1 13 20: 822, 10, 2
1 13 21: 1651, 0, 3
1 14 4: 1913, 1, 0
1 14 5: 1913, 9, 0
1 14 7: 1938, 4, 1
1 14 8: 1911, 0, 3
1 14 8: 1938, 5, 3
1 14 11: 1911, 1, 0
1 14 12: 1513, 0, 0
1 14 13: 1911, 1, 3
1 14 15: 1911, 1, 0
1 14 16: 1530, 9, 0
1 14 19: 821, 10, 2
1 14 21: 1651, 0, 3
1 15 5: 1913, 1, 0
1 15 6: 1913, 9, 0
1 15 7: 179, 22, 2
1 15 8: 196, 5, 3
1 15 8: 1911, 0, 3
1 15 13: 925, 22, 3
1 15 14: 926, 22, 3
1 15 15: 926, 22, 3
1 15 16: 925, 22, 0
1 15 16: 1911, 1, 0
1 15 17: 1911, 9, 0
1 15 17: 1938, 8, 0
1 15 19: 179, 22, 3
1 15 19: 822, 10, 2
1 15 20: 1913, 9, 3
1 15 21: 1913, 1, 3
1 16 6: 1913, 1, 0
1 16 7: 1913, 9, 0
1 16 7: 1938, 4, 1
1 16 8: 1911, 0, 3
1 16 8: 1938, 5, 3
1 16 10: 1722, 10, 0
1 16 13: 926, 22, 2
1 16 14: 927, 22, 0
1 16 15: 927, 22, 0
1 16 16: 926, 22, 0
1 16 17: 1911, 0, 1
1 16 17: 1938, 5, 1
1 16 18: 179, 22, 2
1 16 18: 1938, 4, 3
1 16 19: 179, 22, 2
1 16 19: 1913, 9, 3
1 16 20: 1913, 1, 3
1 17 7: 1651, 0, 1
1 17 8: 196, 5, 3
1 17 8: 1911, 0, 3
1 17 13: 926, 22, 2
1 17 14: 927, 22, 0
1 17 15: 927, 22, 0
1 17 15: 1090, 10, 2
1 17 16: 595, 10, 2
1 17 16: 926, 22, 0
1 17 17: 1090, 10, 0
1 17 17: 1911, 0, 1
1 17 18: 1913, 9, 3
1 17 19: 1913, 1, 3
1 18 7: 1651, 0, 1
1 18 7: 1938, 4, 1
1 18 8: 1911, 0, 3
1 18 8: 1938, 5, 3
1 18 13: 926, 22, 2
1 18 14: 927, 22, 0
1 18 15: 927, 22, 0
1 18 15: 1090, 10, 2
1 18 16: 926, 22, 0
1 18 17: 1090, 10, 0
1 18 17: 1911, 0, 1
1 18 18: 1933, 13, 2
1 18 19: 1793, 19, 2
1 19 7: 1651, 0, 1
1 19 8: 196, 4, 2
1 19 8: 834, 10, 2
1 19 8: 1911, 0, 3
1 19 10: 196, 4, 2
1 19 11: 836, 10, 2
1 19 13: 196, 4, 2
1 19 13: 925, 22, 2
1 19 14: 837, 10, 2
1 19 14: 926, 22, 1
1 19 15: 926, 22, 1
1 19 15: 1911, 1, 1
1 19 16: 196, 5, 2
1 19 16: 925, 22, 1
1 19 16: 1911, 0, 2
1 19 17: 1911, 2, 1
1 19 18: 1640, 14, 2
1 19 19: 1933, 13, 2
1 19 20: 1793, 19, 2
1 20 7: 1913, 3, 0
1 20 8: 1911, 0, 0
1 20 9: 1911, 0, 0
1 20 10: 1911, 0, 0
1 20 11: 1911, 0, 0
1 20 12: 1911, 0, 0
1 20 13: 1911, 0, 0
1 20 14: 1911, 0, 0
1 20 15: 1911, 0, 0
1 20 16: 1933, 13, 0
1 20 17: 1640, 14, 0
1 20 18: 1640, 14, 3
1 20 19: 1933, 13, 3
1 20 20: 1793, 19, 3
1 21 10: 1911, 1, 1
1 21 11: 1911, 0, 2
1 21 12: 1911, 0, 2
1 21 13: 1911, 0, 2
1 21 14: 1911, 1, 2
1 21 16: 1793, 19, 0
1 21 17: 1933, 13, 0
1 21 18: 1933, 13, 3
1 21 19: 1793, 19, 3
1 22 9: 1911, 1, 1
1 22 10: 1911, 9, 1
1 22 10: 1938, 8, 1
1 22 11: 196, 4, 0
1 22 13: 196, 4, 0
1 22 14: 1911, 9, 2
1 22 14: 1938, 8, 2
1 22 15: 1911, 1, 2
1 22 17: 1793, 19, 0
1 22 18: 1793, 19, 3
1 23 8: 1911, 1, 1
1 23 9: 1911, 9, 1
1 23 9: 1938, 8, 1
1 23 15: 1911, 9, 2
1 23 15: 1938, 8, 2
1 23 16: 1911, 1, 2
1 24 8: 1911, 0, 1
1 24 9: 196, 4, 3
1 24 10: 994, 1, 1
1 24 11: 994, 0, 2
1 24 12: 994, 0, 2
1 24 15: 196, 4, 1
1 24 16: 1911, 0, 3
1 25 8: 1911, 0, 1
1 25 10: 994, 0, 1
1 25 12: 1740, 10, 3
1 25 16: 1911, 0, 3
1 26 8: 1911, 0, 1
1 26 9: 179, 22, 0
1 26 9: 196, 4, 3
1 26 10: 994, 1, 0
1 26 11: 994, 0, 0
1 26 12: 994, 0, 0
1 26 15: 179, 22, 3
1 26 15: 196, 4, 1
1 26 16: 1911, 0, 3
1 27 8: 1911, 1, 0
1 27 9: 1911, 9, 0
1 27 9: 1938, 8, 0
1 27 12: 1747, 10, 1
1 27 15: 1911, 9, 3
1 27 15: 1938, 8, 3
1 27 16: 1911, 1, 3
1 28 9: 1911, 1, 0
1 28 10: 1911, 9, 0
1 28 10: 1938, 8, 0
1 28 11: 196, 4, 2
1 28 12: 818, 10, 1
1 28 13: 196, 4, 2
1 28 14: 1911, 9, 3
1 28 14: 1938, 8, 3
1 28 15: 1911, 1, 3
1 29 10: 1911, 1, 0
1 29 11: 1911, 0, 0
1 29 12: 1911, 0, 0
1 29 13: 1911, 0, 0
1 29 14: 1911, 1, 3
2 5 50: 1933, 17, 2
2 6 7: 1793, 19, 1
2 6 8: 1793, 18, 2
2 6 9: 1793, 18, 2
2 6 10: 1793, 18, 2
2 6 11: 1793, 19, 2
2 7 6: 1793, 19, 1
2 7 7: 1933, 13, 1
2 7 8: 1933, 12, 2
2 7 9: 1933, 12, 2
2 7 10: 1933, 12, 2
2 7 11: 1933, 13, 2
2 7 12: 1793, 19, 2
2 8 5: 1793, 19, 1
2 8 6: 1933, 13, 1
2 8 7: 1933, 14, 1
2 8 8: 1933, 17, 0
2 8 9: 1933, 17, 0
2 8 10: 1933, 17, 0
2 8 11: 1933, 12, 3
2 8 12: 1793, 18, 3
2 9 5: 1793, 18, 1
2 9 6: 1933, 12, 1
2 9 7: 1933, 17, 0
2 9 8: 1933, 17, 0
2 9 9: 1933, 17, 0
2 9 10: 1933, 17, 0
2 9 11: 1933, 12, 3
2 9 12: 1793, 18, 3
2 10 5: 1793, 18, 1
2 10 6: 1933, 12, 1
2 10 7: 1933, 17, 0
2 10 8: 1933, 17, 0
2 10 9: 1933, 17, 0
2 10 10: 1933, 17, 0
2 10 11: 1933, 14, 2
2 10 12: 1933, 13, 2
2 10 13: 1793, 19, 2
2 11 5: 1793, 19, 0
2 11 6: 1933, 13, 0
2 11 7: 1933, 14, 0
2 11 8: 1933, 17, 0
2 11 9: 1933, 17, 0
2 11 10: 1933, 17, 0
2 11 11: 1933, 17, 2
2 11 12: 1933, 14, 2
2 11 13: 1933, 13, 2
2 11 14: 1793, 19, 2
2 12 6: 1793, 19, 0
2 12 7: 1933, 13, 0
2 12 8: 1933, 14, 0
2 12 9: 1933, 17, 0
2 12 10: 1933, 17, 0
2 12 11: 1933, 17, 0
2 12 12: 1933, 17, 2
2 12 13: 1933, 14, 2
2 12 14: 1933, 13, 2
2 13 8: 1102, 10, 1
2 13 8: 1911, 2, 3
2 13 9: 1090, 10, 3
2 13 9: 1911, 0, 0
2 13 10: 196, 5, 0
2 13 10: 1090, 10, 3
2 13 10: 1911, 0, 0
2 13 11: 1911, 0, 0
2 13 12: 196, 5, 0
2 13 12: 1090, 10, 3
2 13 12: 1911, 0, 0
2 13 13: 1090, 10, 3
2 13 13: 1911, 0, 0
2 13 14: 196, 5, 0
2 13 14: 1911, 0, 0
2 13 15: 1911, 9, 0
2 13 15: 1938, 8, 0
2 14 7: 1938, 4, 1
2 14 8: 1911, 0, 3
2 14 8: 1938, 5, 3
2 14 9: 595, 10, 3
2 14 12: 595, 10, 3
2 14 13: 925, 22, 3
2 14 14: 926, 22, 3
2 14 15: 925, 22, 0
2 14 15: 1911, 1, 0
2 14 16: 1911, 9, 0
2 15 8: 196, 5, 3
2 15 8: 1911, 0, 3
2 15 9: 994, 3, 1
2 15 10: 994, 0, 2
2 15 11: 994, 0, 2
2 15 12: 994, 0, 2
2 15 13: 926, 22, 2
2 15 14: 927, 22, 2
2 15 15: 926, 22, 0
2 15 16: 203, 10, 2
2 15 16: 1911, 1, 0
2 15 17: 1911, 9, 0
2 15 17: 1938, 8, 0
2 16 7: 1938, 4, 1
2 16 8: 1911, 0, 3
2 16 8: 1938, 5, 3
2 16 9: 994, 0, 1
2 16 11: 1723, 10, 0
2 16 13: 926, 22, 2
2 16 14: 927, 22, 2
2 16 15: 426, 10, 0
2 16 15: 926, 22, 0
2 16 17: 1911, 0, 1
2 16 17: 1938, 5, 1
2 16 18: 1938, 4, 3
2 17 8: 196, 5, 3
2 17 8: 1911, 0, 3
2 17 9: 994, 0, 1
2 17 13: 926, 22, 2
2 17 14: 927, 22, 2
2 17 15: 926, 22, 0
2 17 17: 1911, 0, 1
2 18 7: 1938, 4, 1
2 18 8: 1911, 0, 3
2 18 8: 1938, 5, 3
2 18 9: 994, 3, 0
2 18 10: 994, 0, 0
2 18 11: 994, 0, 0
2 18 12: 994, 0, 0
2 18 13: 926, 22, 2
2 18 14: 927, 22, 2
2 18 15: 926, 22, 0
2 18 17: 1911, 0, 1
2 19 8: 1102, 10, 2
2 19 8: 1911, 0, 3
2 19 9: 997, 0, 1
2 19 9: 1938, 4, 2
2 19 10: 375, 10, 3
2 19 10: 1589, 0, 0
2 19 11: 375, 10, 3
2 19 11: 1590, 0, 0
2 19 12: 375, 10, 3
2 19 12: 997, 0, 0
2 19 13: 817, 10, 1
2 19 13: 925, 22, 2
2 19 13: 997, 0, 3
2 19 14: 926, 22, 1
2 19 14: 1938, 4, 2
2 19 15: 817, 10, 1
2 19 15: 925, 22, 1
2 19 15: 1911, 1, 1
2 19 16: 203, 10, 2
2 19 16: 1911, 0, 2
2 19 16: 1938, 5, 2
2 19 17: 1911, 2, 1
2 19 17: 1938, 5, 1
2 19 18: 1938, 4, 3
2 20 8: 1911, 0, 0
2 20 9: 1911, 0, 0
2 20 9: 1938, 5, 0
2 20 10: 1911, 0, 0
2 20 11: 1911, 0, 0
2 20 12: 1911, 0, 0
2 20 13: 1911, 0, 0
2 20 14: 1911, 0, 0
2 20 14: 1938, 5, 0
2 20 15: 1911, 0, 0
2 20 16: 1938, 4, 0
2 21 10: 1913, 1, 1
2 21 11: 1651, 0, 2
2 21 12: 1651, 0, 2
2 21 13: 1651, 0, 2
2 21 14: 1913, 1, 2
2 22 9: 1913, 1, 1
2 22 10: 1651, 9, 1
2 22 10: 1911, 1, 1
2 22 11: 1911, 0, 2
2 22 12: 1911, 0, 2
2 22 13: 179, 22, 3
2 22 13: 1911, 0, 2
2 22 14: 1651, 9, 2
2 22 14: 1911, 1, 2
2 22 15: 1913, 1, 2
2 23 8: 1913, 1, 1
2 23 9: 1651, 9, 1
2 23 9: 1911, 1, 1
2 23 10: 1911, 9, 1
2 23 10: 1938, 8, 1
2 23 11: 203, 10, 1
2 23 11: 843, 4, 0
2 23 13: 203, 10, 1
2 23 13: 843, 4, 0
2 23 14: 1911, 9, 2
2 23 14: 1938, 8, 2
2 23 15: 1651, 9, 2
2 23 15: 1911, 1, 2
2 23 16: 1913, 1, 2
2 24 8: 1651, 0, 1
2 24 9: 1911, 0, 1
2 24 10: 203, 10, 0
2 24 10: 843, 4, 3
2 24 14: 203, 10, 0
2 24 14: 843, 4, 1
2 24 15: 1911, 0, 3
2 24 16: 1651, 0, 3
2 25 8: 1651, 0, 1
2 25 9: 1911, 0, 1
2 25 9: 1938, 5, 1
2 25 10: 1938, 4, 3
2 25 12: 598, 10, 1
2 25 14: 1938, 4, 1
2 25 15: 1911, 0, 3
2 25 15: 1938, 5, 3
2 25 16: 1651, 0, 3
2 26 8: 1651, 0, 1
2 26 9: 1911, 0, 1
2 26 10: 203, 10, 0
2 26 10: 843, 4, 3
2 26 14: 203, 10, 0
2 26 14: 843, 4, 1
2 26 15: 1911, 0, 3
2 26 16: 1651, 0, 3
2 27 8: 1913, 1, 0
2 27 9: 1651, 9, 0
2 27 9: 1911, 1, 0
2 27 10: 1911, 9, 0
2 27 10: 1938, 8, 0
2 27 11: 843, 4, 2
2 27 12: 1746, 10, 1
2 27 12: 1938, 4, 2
2 27 13: 843, 4, 2
2 27 14: 1911, 9, 3
2 27 14: 1938, 8, 3
2 27 15: 1651, 9, 3
2 27 15: 1911, 1, 3
2 27 16: 1913, 1, 3
2 28 9: 1913, 1, 0
2 28 10: 1651, 9, 0
2 28 10: 1911, 1, 0
2 28 11: 1911, 0, 0
2 28 12: 1911, 0, 0
2 28 12: 1938, 5, 0
2 28 13: 1911, 0, 0
2 28 14: 1651, 9, 3
2 28 14: 1911, 1, 3
2 28 15: 1913, 1, 3
2 29 10: 1913, 1, 0
2 29 11: 1651, 0, 0
2 29 12: 1651, 0, 0
2 29 13: 1651, 0, 0
2 29 14: 1913, 1, 3
3 12 7: 1793, 21, 1
3 12 8: 1793, 18, 2
3 12 9: 1793, 18, 2
3 12 10: 1793, 18, 2
3 12 11: 1793, 18, 2
3 12 12: 1793, 18, 2
3 12 13: 1793, 18, 2
3 12 14: 1793, 18, 2
3 12 15: 1793, 19, 2
3 13 7: 1793, 18, 1
3 13 8: 1933, 16, 1
3 13 9: 1933, 12, 2
3 13 10: 1933, 12, 2
3 13 11: 1933, 12, 2
3 13 12: 1933, 12, 2
3 13 13: 1933, 12, 2
3 13 14: 1933, 12, 2
3 13 15: 1933, 13, 2
3 13 16: 1793, 19, 2
3 14 7: 1793, 18, 1
3 14 8: 1933, 12, 1
3 14 9: 1933, 17, 2
3 14 10: 1933, 17, 2
3 14 11: 1933, 17, 2
3 14 12: 1933, 17, 2
3 14 13: 1933, 17, 2
3 14 14: 1933, 17, 2
3 14 15: 1933, 14, 2
3 14 16: 1933, 13, 2
3 14 17: 1793, 19, 2
3 15 7: 1793, 18, 1
3 15 8: 1933, 12, 1
3 15 9: 1933, 17, 2
3 15 10: 1933, 17, 2
3 15 11: 1933, 17, 2
3 15 12: 1933, 17, 2
3 15 13: 1933, 17, 2
3 15 14: 1933, 17, 2
3 15 15: 1933, 17, 2
3 15 16: 1933, 14, 2
3 15 17: 1933, 13, 2
3 15 18: 1793, 19, 2
3 16 7: 1793, 18, 1
3 16 8: 1933, 12, 1
3 16 9: 1933, 17, 2
3 16 10: 1933, 17, 2
3 16 11: 1933, 17, 2
3 16 12: 1933, 17, 2
3 16 13: 1933, 17, 2
3 16 14: 1933, 17, 2
3 16 15: 1933, 17, 2
3 16 16: 1933, 17, 2
3 16 17: 1933, 12, 3
3 16 18: 1793, 18, 3
3 17 7: 1793, 18, 1
3 17 8: 1933, 12, 1
3 17 9: 1933, 17, 2
3 17 10: 1933, 17, 2
3 17 11: 1933, 17, 2
3 17 12: 1933, 17, 2
3 17 13: 1933, 17, 2
3 17 14: 1933, 17, 2
3 17 15: 1933, 17, 2
3 17 16: 1933, 17, 2
3 17 17: 1933, 12, 3
3 17 18: 1793, 18, 3
3 18 7: 1793, 18, 1
3 18 8: 1933, 12, 1
3 18 9: 1933, 17, 2
3 18 10: 1933, 17, 2
3 18 11: 1933, 17, 2
3 18 12: 1933, 17, 2
3 18 13: 1933, 17, 2
3 18 14: 1933, 17, 2
3 18 15: 1933, 17, 2
3 18 16: 1933, 17, 2
3 18 17: 1933, 12, 3
3 18 18: 1793, 18, 3
3 19 7: 1793, 18, 1
3 19 8: 1933, 16, 0
3 19 9: 1933, 12, 0
3 19 10: 1933, 12, 0
3 19 11: 1933, 12, 0
3 19 12: 1933, 12, 0
3 19 13: 1933, 12, 0
3 19 14: 1933, 12, 0
3 19 15: 1933, 12, 0
3 19 16: 1933, 12, 0
3 19 17: 1933, 16, 3
3 19 18: 1793, 18, 3
3 20 7: 1793, 21, 0
3 20 8: 1793, 18, 0
3 20 9: 1793, 18, 0
3 20 10: 1793, 18, 0
3 20 11: 1793, 18, 0
3 20 12: 1793, 18, 0
3 20 13: 1793, 18, 0
3 20 14: 1793, 18, 0
3 20 15: 1793, 18, 0
3 20 16: 1793, 18, 0
3 20 17: 1793, 18, 0
3 20 18: 1793, 21, 3
3 22 10: 1793, 19, 1
3 22 11: 1793, 18, 2
3 22 12: 1793, 18, 2
3 22 13: 1793, 18, 2
3 22 14: 1793, 19, 2
3 23 9: 1793, 19, 1
3 23 10: 1933, 13, 1
3 23 11: 1933, 12, 2
3 23 12: 1933, 12, 2
3 23 13: 1933, 12, 2
3 23 14: 1933, 13, 2
3 23 15: 1793, 19, 2
3 24 9: 1793, 18, 1
3 24 10: 1933, 12, 1
3 24 11: 1933, 17, 0
3 24 12: 1933, 17, 0
3 24 13: 1933, 17, 0
3 24 14: 1933, 12, 3
3 24 15: 1793, 18, 3
3 25 9: 1793, 18, 1
3 25 10: 1933, 12, 1
3 25 11: 1933, 17, 0
3 25 12: 1933, 17, 0
3 25 13: 1933, 17, 0
3 25 14: 1933, 12, 3
3 25 15: 1793, 18, 3
3 26 9: 1793, 18, 1
3 26 10: 1933, 12, 1
3 26 11: 1933, 17, 0
3 26 12: 1933, 17, 0
3 26 13: 1933, 17, 0
3 26 14: 1933, 12, 3
3 26 15: 1793, 18, 3
3 27 9: 1793, 19, 0
3 27 10: 1933, 13, 0
3 27 11: 1933, 12, 0
3 27 12: 1933, 12, 0
3 27 13: 1933, 12, 0
3 27 14: 1933, 13, 3
3 27 15: 1793, 19, 3
3 28 10: 1793, 19, 0
3 28 11: 1793, 18, 0
3 28 12: 1793, 18, 0
3 28 13: 1793, 18, 0
3 28 14: 1793, 19, 3
