0 0 9: 1278, 10, 1
0 0 10: 1247, 22, 2
0 0 12: 1394, 10, 1
0 0 13: 997, 0, 1
0 0 14: 1602, 3, 3
0 0 15: 1171, 10, 0
0 0 18: 1602, 3, 0
0 0 20: 1247, 22, 0
0 0 20: 1281, 10, 1
0 0 22: 1247, 22, 3
0 0 23: 1391, 10, 1
0 0 23: 1602, 3, 0
0 0 25: 1247, 22, 0
0 0 25: 1276, 10, 3
0 0 26: 1247, 22, 2
0 0 27: 1602, 3, 0
0 0 28: 1394, 10, 2
0 0 30: 1276, 10, 0
0 0 31: 1247, 22, 2
0 0 31: 1602, 3, 0
0 0 33: 1171, 10, 2
0 0 34: 1281, 10, 1
0 0 38: 1247, 22, 1
0 0 38: 1276, 10, 1
0 0 39: 1247, 22, 0
0 0 41: 1602, 3, 0
0 0 43: 1276, 10, 3
0 0 46: 1171, 10, 3
0 0 46: 1602, 3, 0
0 0 47: 1391, 10, 2
0 0 49: 1247, 22, 3
0 0 49: 1281, 10, 1
0 0 51: 1246, 22, 1
0 0 51: 1602, 3, 0
0 0 52: 997, 0, 3
0 0 55: 638, 22, 2
0 0 60: 1257, 22, 0
0 1 9: 1247, 22, 3
0 1 10: 1246, 22, 3
0 1 13: 997, 0, 1
0 1 14: 1391, 10, 3
0 1 17: 1247, 22, 1
0 1 17: 1278, 10, 1
0 1 18: 1247, 22, 2
0 1 19: 1247, 22, 2
0 1 22: 1246, 22, 2
0 1 25: 1246, 22, 1
0 1 26: 1171, 10, 0
0 1 31: 1247, 22, 3
0 1 32: 1276, 10, 1
0 1 33: 1247, 22, 1
0 1 34: 1246, 22, 0
0 1 36: 1246, 22, 1
0 1 39: 1247, 22, 2
0 1 41: 1247, 22, 3
0 1 41: 1276, 10, 2
0 1 42: 1247, 22, 1
0 1 43: 1246, 22, 0
0 1 49: 1171, 10, 2
0 1 51: 1171, 10, 3
0 1 52: 997, 0, 3
0 1 53: 319, 22, 1
0 1 55: 638, 22, 2
0 1 59: 1257, 22, 2
0 1 60: 1257, 22, 1
0 2 2: 1247, 22, 3
0 2 4: 1278, 10, 1
0 2 5: 1247, 22, 0
0 2 13: 997, 0, 1
0 2 14: 1602, 3, 3
0 2 16: 1171, 10, 2
0 2 20: 1246, 22, 3
0 2 22: 1247, 22, 1
0 2 25: 1394, 10, 3
0 2 28: 1278, 10, 1
0 2 32: 1247, 22, 0
0 2 33: 1247, 22, 3
0 2 35: 1247, 22, 1
0 2 37: 1391, 10, 3
0 2 38: 1171, 10, 0
0 2 41: 1247, 22, 2
0 2 43: 1281, 10, 1
0 2 44: 1247, 22, 1
0 2 45: 1247, 22, 2
0 2 46: 1278, 10, 1
0 2 47: 1246, 22, 3
0 2 48: 1171, 10, 1
0 2 49: 1246, 22, 2
0 2 50: 1247, 22, 0
0 2 52: 997, 0, 3
0 2 53: 320, 22, 3
0 2 55: 638, 22, 2
0 2 58: 1257, 22, 3
0 2 59: 1259, 22, 2
0 2 60: 1258, 22, 2
0 2 61: 1162, 10, 0
0 3 1: 1247, 22, 2
0 3 1: 1276, 10, 1
0 3 4: 1247, 22, 1
0 3 5: 1246, 22, 2
0 3 7: 1391, 10, 0
0 3 10: 1246, 22, 1
0 3 10: 1276, 10, 1
0 3 12: 1391, 10, 2
0 3 13: 997, 0, 1
0 3 14: 1281, 10, 1
0 3 15: 1246, 22, 3
0 3 16: 1171, 10, 3
0 3 23: 1278, 10, 1
0 3 26: 1171, 10, 1
0 3 28: 1171, 10, 2
0 3 28: 1246, 22, 0
0 3 29: 1171, 10, 0
0 3 33: 1171, 10, 1
0 3 34: 1276, 10, 1
0 3 35: 1247, 22, 2
0 3 37: 1171, 10, 1
0 3 39: 2989, 22, 1
0 3 40: 2013, 22, 3
0 3 46: 1247, 22, 0
0 3 48: 1276, 10, 1
0 3 51: 1171, 10, 0
0 3 51: 1602, 3, 1
0 3 52: 997, 0, 3
0 3 55: 638, 22, 2
0 3 58: 1257, 22, 3
0 3 59: 1171, 10, 0
0 3 59: 1258, 22, 2
0 3 60: 1259, 22, 3
0 4 2: 1246, 22, 2
0 4 11: 1247, 22, 1
0 4 13: 997, 0, 1
0 4 14: 1247, 22, 1
0 4 18: 1278, 10, 1
0 4 19: 1247, 22, 0
0 4 24: 1247, 22, 1
0 4 34: 1247, 22, 0
0 4 35: 1247, 22, 3
0 4 36: 1171, 10, 2
0 4 36: 2993, 22, 0
0 4 37: 2993, 22, 1
0 4 39: 2993, 22, 0
0 4 40: 2991, 22, 2
0 4 41: 1391, 10, 2
0 4 43: 1246, 22, 2
0 4 45: 1257, 22, 2
0 4 46: 1257, 22, 1
0 4 49: 1171, 10, 0
0 4 50: 1276, 10, 3
0 4 52: 997, 9, 2
0 4 52: 1257, 22, 1
0 4 54: 319, 22, 0
0 4 55: 638, 22, 2
0 4 58: 1171, 10, 3
0 4 59: 1257, 22, 0
0 4 60: 1162, 10, 0
0 5 10: 1391, 10, 0
0 5 13: 997, 9, 3
0 5 14: 1602, 3, 3
0 5 16: 1246, 22, 0
0 5 17: 1171, 10, 3
0 5 18: 1247, 22, 3
0 5 30: 1276, 10, 2
0 5 31: 1246, 22, 3
0 5 36: 2994, 22, 0
0 5 37: 2992, 22, 3
0 5 38: 1194, 10, 2
0 5 38: 2993, 22, 1
0 5 39: 2991, 22, 0
0 5 40: 2993, 22, 2
0 5 44: 1257, 22, 2
0 5 45: 1257, 22, 2
0 5 46: 1257, 22, 1
0 5 48: 1257, 22, 1
0 5 50: 1247, 22, 1
0 5 51: 1247, 22, 0
0 5 52: 997, 0, 1
0 5 52: 1258, 22, 3
0 5 53: 1602, 3, 3
0 5 54: 320, 22, 0
0 5 55: 638, 22, 2
0 5 58: 1171, 10, 1
0 5 58: 1258, 22, 0
0 5 59: 1258, 22, 1
0 6 4: 1394, 10, 0
0 6 8: 1247, 22, 3
0 6 8: 1276, 10, 2
0 6 12: 997, 9, 3
0 6 14: 1276, 10, 3
0 6 15: 1247, 22, 0
0 6 22: 1276, 10, 1
0 6 23: 1247, 22, 2
0 6 26: 1391, 10, 0
0 6 28: 1247, 22, 2
0 6 28: 1276, 10, 1
0 6 33: 1276, 10, 2
0 6 34: 1246, 22, 2
0 6 37: 2993, 22, 3
0 6 38: 2991, 22, 3
0 6 39: 2990, 22, 0
0 6 41: 2989, 22, 2
0 6 44: 1258, 22, 1
0 6 45: 1258, 22, 1
0 6 45: 1391, 10, 1
0 6 46: 1258, 22, 0
0 6 47: 1257, 22, 3
0 6 48: 1257, 22, 1
0 6 50: 1258, 22, 0
0 6 51: 1259, 22, 1
0 6 51: 1394, 10, 1
0 6 52: 997, 0, 1
0 6 52: 1258, 22, 1
0 6 54: 321, 22, 2
0 6 55: 638, 22, 2
0 6 57: 1257, 22, 1
0 6 58: 1258, 22, 0
0 6 59: 1162, 10, 0
0 6 59: 1259, 22, 0
0 7 6: 1246, 22, 1
0 7 8: 1246, 22, 1
0 7 9: 1247, 22, 0
0 7 10: 1278, 10, 1
0 7 11: 1602, 3, 0
0 7 12: 997, 0, 3
0 7 12: 1276, 10, 0
0 7 14: 1247, 22, 1
0 7 18: 1281, 10, 1
0 7 19: 1247, 22, 1
0 7 22: 1247, 22, 3
0 7 23: 1258, 22, 3
0 7 24: 1257, 22, 3
0 7 28: 1247, 22, 1
0 7 29: 1247, 22, 1
0 7 34: 1171, 10, 3
0 7 39: 2013, 22, 1
0 7 40: 2990, 22, 3
0 7 41: 2990, 22, 1
0 7 42: 58, 22, 3
0 7 43: 2989, 22, 3
0 7 44: 1257, 22, 0
0 7 45: 1259, 22, 0
0 7 46: 1259, 22, 3
0 7 47: 1257, 22, 0
0 7 48: 1276, 10, 0
0 7 50: 1258, 22, 0
0 7 51: 1247, 22, 2
0 7 52: 997, 0, 1
0 7 52: 1259, 22, 1
0 7 54: 320, 22, 1
0 7 55: 638, 22, 2
0 7 57: 1257, 22, 2
0 7 58: 1162, 10, 0
0 7 58: 1258, 22, 3
0 7 59: 1259, 22, 0
0 8 2: 1394, 10, 1
0 8 5: 1246, 22, 1
0 8 5: 1276, 10, 1
0 8 6: 1247, 22, 2
0 8 10: 1246, 22, 2
0 8 12: 997, 0, 3
0 8 12: 1247, 22, 3
0 8 14: 1391, 10, 0
0 8 15: 1171, 10, 1
0 8 20: 1247, 22, 2
0 8 23: 1259, 22, 2
0 8 24: 1258, 22, 1
0 8 26: 1278, 10, 1
0 8 27: 1247, 22, 3
0 8 30: 1257, 22, 0
0 8 31: 1257, 22, 3
0 8 32: 1257, 22, 3
0 8 33: 1257, 22, 1
0 8 34: 1257, 22, 1
0 8 35: 1257, 22, 0
0 8 37: 1281, 10, 1
0 8 39: 2993, 22, 0
0 8 40: 2991, 22, 2
0 8 44: 1257, 22, 1
0 8 45: 1259, 22, 0
0 8 46: 1259, 22, 3
0 8 47: 1257, 22, 3
0 8 48: 1247, 22, 1
0 8 49: 1247, 22, 2
0 8 50: 1276, 10, 2
0 8 51: 1259, 22, 3
0 8 52: 997, 0, 1
0 8 53: 1602, 3, 3
0 8 54: 320, 22, 3
0 8 55: 638, 22, 2
0 8 57: 1257, 22, 2
0 8 58: 1162, 10, 0
0 8 58: 1257, 22, 3
0 8 59: 1171, 10, 2
0 8 59: 1259, 22, 1
0 9 5: 1247, 22, 1
0 9 12: 997, 0, 3
0 9 12: 1276, 10, 3
0 9 16: 1247, 22, 3
0 9 16: 1278, 10, 1
0 9 18: 1247, 22, 0
0 9 22: 1259, 22, 0
0 9 23: 1259, 22, 2
0 9 24: 1258, 22, 0
0 9 26: 1247, 22, 0
0 9 27: 1246, 22, 0
0 9 29: 1258, 22, 1
0 9 29: 1391, 10, 0
0 9 30: 1258, 22, 2
0 9 31: 1258, 22, 3
0 9 32: 1276, 10, 0
0 9 33: 1257, 22, 1
0 9 34: 1257, 22, 3
0 9 35: 1257, 22, 3
0 9 36: 1257, 22, 2
0 9 37: 1246, 22, 3
0 9 39: 2994, 22, 0
0 9 40: 2993, 22, 2
0 9 41: 1194, 10, 0
0 9 43: 1391, 10, 2
0 9 46: 1257, 22, 2
0 9 47: 1257, 22, 2
0 9 49: 1257, 22, 1
0 9 50: 1257, 22, 3
0 9 51: 1257, 22, 2
0 9 52: 997, 0, 1
0 9 53: 1194, 10, 0
0 9 54: 321, 22, 3
0 9 55: 638, 22, 2
0 9 59: 1257, 22, 3
0 10 3: 1394, 10, 0
0 10 10: 1391, 10, 3
0 10 11: 1602, 3, 0
0 10 12: 997, 0, 3
0 10 13: 1247, 22, 0
0 10 14: 1247, 22, 2
0 10 14: 1276, 10, 2
0 10 17: 1247, 22, 2
0 10 22: 1247, 22, 3
0 10 22: 1278, 10, 1
0 10 23: 1258, 22, 2
0 10 30: 1258, 22, 1
0 10 31: 1259, 22, 1
0 10 32: 1257, 22, 2
0 10 33: 1257, 22, 2
0 10 34: 1278, 10, 1
0 10 35: 1258, 22, 0
0 10 36: 1258, 22, 2
0 10 39: 1247, 22, 0
0 10 45: 1247, 22, 1
0 10 45: 1278, 10, 1
0 10 47: 1194, 10, 2
0 10 49: 1391, 10, 0
0 10 51: 1276, 10, 3
0 10 52: 997, 0, 1
0 10 52: 1247, 22, 1
0 10 54: 319, 22, 2
0 10 55: 638, 22, 2
0 10 58: 1171, 10, 1
0 10 59: 1257, 22, 0
0 10 60: 1257, 22, 3
0 11 5: 1247, 22, 3
0 11 5: 1276, 10, 2
0 11 6: 1247, 22, 0
0 11 8: 1246, 22, 0
0 11 8: 1276, 10, 3
0 11 12: 997, 0, 3
0 11 15: 1247, 22, 1
0 11 19: 1391, 10, 1
0 11 21: 1257, 22, 1
0 11 22: 1247, 22, 3
0 11 23: 1247, 22, 2
0 11 28: 1281, 10, 1
0 11 29: 1258, 22, 0
0 11 31: 1259, 22, 2
0 11 34: 1257, 22, 3
0 11 35: 1258, 22, 0
0 11 36: 1258, 22, 0
0 11 37: 1257, 22, 3
0 11 38: 1257, 22, 1
0 11 40: 1247, 22, 1
0 11 40: 1276, 10, 1
0 11 42: 1194, 10, 3
0 11 45: 1247, 22, 3
0 11 46: 1247, 22, 0
0 11 49: 1257, 22, 0
0 11 51: 1247, 22, 0
0 11 52: 997, 0, 1
0 11 53: 1602, 3, 2
0 11 54: 320, 22, 2
0 11 55: 638, 22, 2
0 11 59: 1257, 22, 0
0 11 60: 1258, 22, 2
0 12 6: 1246, 22, 1
0 12 10: 1276, 10, 1
0 12 11: 1246, 22, 3
0 12 12: 997, 0, 3
0 12 13: 1171, 10, 1
0 12 14: 1281, 10, 1
0 12 15: 1246, 22, 1
0 12 16: 1171, 10, 0
0 12 22: 1257, 22, 2
0 12 25: 1247, 22, 0
0 12 25: 1278, 10, 1
0 12 26: 1247, 22, 3
0 12 27: 1257, 22, 1
0 12 28: 1257, 22, 2
0 12 30: 1246, 22, 3
0 12 35: 1257, 22, 1
0 12 36: 1257, 22, 0
0 12 37: 1257, 22, 3
0 12 38: 1257, 22, 0
0 12 40: 1247, 22, 3
0 12 48: 1257, 22, 1
0 12 49: 1258, 22, 1
0 12 49: 1278, 10, 1
0 12 52: 997, 9, 3
0 12 55: 638, 22, 2
0 12 57: 306, 10, 3
0 12 60: 1171, 10, 2
0 12 60: 1258, 22, 2
0 12 61: 1257, 22, 3
0 13 2: 1276, 10, 1
0 13 3: 1246, 22, 0
0 13 6: 1247, 22, 3
0 13 6: 1281, 10, 0
0 13 7: 1247, 22, 0
0 13 11: 1602, 3, 1
0 13 12: 997, 0, 3
0 13 12: 1276, 10, 1
0 13 14: 1246, 22, 2
0 13 21: 1257, 22, 1
0 13 22: 1258, 22, 1
0 13 23: 1257, 22, 2
0 13 26: 1257, 22, 0
0 13 27: 1259, 22, 3
0 13 29: 1258, 22, 3
0 13 31: 1278, 10, 1
0 13 36: 1281, 10, 1
0 13 38: 1246, 22, 3
0 13 44: 1247, 22, 3
0 13 44: 1281, 10, 2
0 13 47: 1257, 22, 2
0 13 48: 1258, 22, 2
0 13 49: 1259, 22, 2
0 13 50: 1246, 22, 2
0 13 51: 1171, 10, 3
0 13 51: 1602, 3, 0
0 13 52: 997, 0, 3
0 13 53: 320, 22, 2
0 13 55: 638, 22, 2
0 13 61: 1162, 10, 0
0 13 61: 1257, 22, 2
0 13 62: 1162, 10, 0
0 14 2: 1246, 22, 1
0 14 6: 1189, 10, 1
0 14 6: 1246, 22, 2
0 14 8: 1247, 22, 2
0 14 9: 1276, 10, 1
0 14 10: 1247, 22, 2
0 14 12: 997, 0, 3
0 14 15: 1171, 10, 2
0 14 20: 1258, 22, 1
0 14 21: 1258, 22, 0
0 14 27: 1259, 22, 0
0 14 28: 1259, 22, 2
0 14 29: 1259, 22, 1
0 14 32: 1246, 22, 3
0 14 34: 1391, 10, 3
0 14 36: 1247, 22, 2
0 14 41: 1247, 22, 1
0 14 41: 1278, 10, 1
0 14 42: 1247, 22, 3
0 14 46: 1247, 22, 3
0 14 47: 1257, 22, 2
0 14 48: 1257, 22, 2
0 14 49: 1259, 22, 1
0 14 52: 997, 0, 3
0 14 53: 321, 22, 0
0 14 55: 639, 22, 0
0 14 56: 641, 22, 0
0 14 61: 1257, 22, 2
0 14 62: 1162, 10, 0
0 14 62: 1257, 22, 1
0 15 1: 1194, 10, 2
0 15 8: 1246, 22, 3
0 15 9: 1247, 22, 3
0 15 12: 997, 0, 3
0 15 12: 1391, 10, 2
0 15 14: 1171, 10, 0
0 15 18: 1247, 22, 2
0 15 18: 1278, 10, 1
0 15 20: 1257, 22, 0
0 15 22: 1281, 10, 1
0 15 23: 1247, 22, 1
0 15 26: 1259, 22, 3
0 15 27: 1259, 22, 3
0 15 36: 1246, 22, 1
0 15 39: 1194, 10, 0
0 15 41: 1247, 22, 1
0 15 44: 1246, 22, 2
0 15 45: 1247, 22, 1
0 15 46: 1247, 22, 0
0 15 47: 1257, 22, 0
0 15 48: 1258, 22, 3
0 15 48: 1278, 10, 1
0 15 50: 1276, 10, 3
0 15 51: 1171, 10, 2
0 15 52: 997, 0, 3
0 15 53: 320, 22, 1
0 15 54: 1257, 22, 2
0 15 55: 640, 22, 0
0 15 56: 642, 22, 0
0 15 57: 638, 22, 1
0 15 58: 642, 22, 2
0 15 59: 640, 22, 2
0 15 62: 1257, 22, 1
0 16 3: 1391, 10, 3
0 16 10: 1276, 10, 0
0 16 11: 1246, 22, 0
0 16 11: 1602, 3, 1
0 16 12: 997, 0, 3
0 16 18: 1247, 22, 1
0 16 19: 1247, 22, 3
0 16 20: 1257, 22, 0
0 16 22: 1247, 22, 0
0 16 26: 1247, 22, 2
0 16 26: 1276, 10, 1
0 16 27: 1247, 22, 3
0 16 31: 1276, 10, 1
0 16 41: 1194, 10, 2
0 16 48: 1194, 10, 1
0 16 48: 1257, 22, 3
0 16 51: 1246, 22, 3
0 16 52: 997, 0, 3
0 16 54: 320, 22, 3
0 16 55: 1257, 22, 3
0 16 56: 1257, 22, 1
0 16 58: 641, 22, 2
0 16 59: 639, 22, 2
0 17 6: 1246, 22, 1
0 17 6: 1276, 10, 1
0 17 8: 1276, 10, 3
0 17 9: 1247, 22, 2
0 17 10: 1247, 22, 1
0 17 12: 997, 9, 2
0 17 13: 1194, 10, 1
0 17 13: 1602, 3, 2
0 17 15: 1281, 10, 1
0 17 17: 1246, 22, 3
0 17 18: 1257, 22, 2
0 17 20: 1257, 22, 3
0 17 22: 1247, 22, 3
0 17 24: 1246, 22, 3
0 17 26: 1257, 22, 0
0 17 27: 1247, 22, 1
0 17 29: 1247, 22, 0
0 17 29: 1278, 10, 1
0 17 31: 1247, 22, 3
0 17 32: 1247, 22, 2
0 17 37: 1194, 10, 1
0 17 45: 1278, 10, 1
0 17 46: 1247, 22, 2
0 17 48: 1257, 22, 2
0 17 50: 1171, 10, 0
0 17 51: 1247, 22, 0
0 17 51: 1602, 3, 0
0 17 52: 997, 0, 3
0 17 55: 320, 22, 3
0 17 56: 1259, 22, 3
0 17 57: 1258, 22, 3
0 17 58: 1257, 22, 3
0 17 59: 638, 22, 2
0 18 1: 1189, 10, 2
0 18 7: 1246, 22, 2
0 18 8: 1247, 22, 1
0 18 11: 1247, 22, 0
0 18 11: 1278, 10, 1
0 18 13: 997, 0, 3
0 18 13: 1391, 10, 1
0 18 17: 1257, 22, 2
0 18 18: 1257, 22, 1
0 18 19: 1258, 22, 1
0 18 20: 1257, 22, 0
0 18 25: 1278, 10, 1
0 18 26: 1247, 22, 0
0 18 29: 1247, 22, 1
0 18 33: 1281, 10, 1
0 18 34: 1247, 22, 2
0 18 36: 1278, 10, 1
0 18 37: 1247, 22, 0
0 18 39: 1194, 10, 3
0 18 40: 1278, 10, 1
0 18 41: 1247, 22, 0
0 18 43: 1194, 10, 3
0 18 46: 1247, 22, 1
0 18 49: 1246, 22, 0
0 18 49: 1281, 10, 3
0 18 51: 1171, 10, 2
0 18 52: 997, 0, 3
0 18 54: 1257, 22, 0
0 18 55: 320, 22, 0
0 18 57: 1257, 22, 0
0 18 59: 638, 22, 2
0 18 62: 1194, 10, 1
0 19 3: 1278, 10, 1
0 19 4: 1246, 22, 0
0 19 9: 1247, 22, 2
0 19 9: 1276, 10, 2
0 19 11: 1247, 22, 2
0 19 12: 1247, 22, 3
0 19 13: 997, 0, 3
0 19 16: 1246, 22, 0
0 19 17: 1247, 22, 2
0 19 18: 1258, 22, 2
0 19 19: 1258, 22, 1
0 19 20: 1257, 22, 3
0 19 21: 1247, 22, 0
0 19 21: 1278, 10, 1
0 19 22: 1247, 22, 2
0 19 25: 1247, 22, 2
0 19 33: 1247, 22, 1
0 19 35: 1246, 22, 2
0 19 37: 1247, 22, 1
0 19 45: 1247, 22, 3
0 19 51: 1247, 22, 3
0 19 52: 997, 0, 3
0 19 55: 1257, 22, 2
0 19 56: 320, 22, 2
0 19 57: 320, 22, 1
0 19 59: 638, 22, 2
0 20 3: 1246, 22, 3
0 20 8: 1194, 10, 3
0 20 10: 1246, 22, 0
0 20 13: 997, 0, 3
0 20 17: 1247, 22, 3
0 20 17: 1276, 10, 1
0 20 18: 1247, 22, 0
0 20 19: 1257, 22, 3
0 20 20: 1257, 22, 3
0 20 22: 1247, 22, 1
0 20 29: 1247, 22, 2
0 20 29: 1281, 10, 1
0 20 31: 1247, 22, 3
0 20 33: 1247, 22, 0
0 20 36: 1276, 10, 3
0 20 43: 1247, 22, 2
0 20 43: 1278, 10, 1
0 20 44: 1246, 22, 0
0 20 46: 1276, 10, 1
0 20 47: 1247, 22, 0
0 20 50: 1247, 22, 2
0 20 51: 1247, 22, 2
0 20 52: 997, 0, 3
0 20 53: 1391, 10, 0
0 20 54: 1171, 10, 0
0 20 56: 1257, 22, 1
0 20 59: 638, 22, 2
0 20 62: 1194, 10, 2
0 21 5: 1194, 10, 0
0 21 7: 1281, 10, 3
0 21 8: 1246, 22, 2
0 21 10: 1276, 10, 1
0 21 13: 997, 0, 3
0 21 14: 1247, 22, 0
0 21 14: 1276, 10, 0
0 21 15: 1247, 22, 1
0 21 27: 1394, 10, 0
0 21 37: 1246, 22, 1
0 21 39: 1281, 10, 1
0 21 41: 1247, 22, 2
0 21 43: 1247, 22, 1
0 21 46: 1247, 22, 1
0 21 47: 1247, 22, 0
0 21 51: 1602, 3, 0
0 21 52: 997, 0, 3
0 21 55: 1278, 10, 1
0 21 56: 1246, 22, 3
0 21 57: 1171, 10, 0
0 21 58: 321, 22, 0
0 21 59: 638, 22, 2
0 22 1: 1276, 10, 1
0 22 2: 1246, 22, 2
0 22 9: 1246, 22, 1
0 22 11: 1246, 22, 3
0 22 13: 997, 9, 2
0 22 14: 1602, 3, 2
0 22 15: 1247, 22, 3
0 22 16: 1194, 10, 2
0 22 20: 1391, 10, 1
0 22 22: 1247, 22, 1
0 22 22: 1281, 10, 1
0 22 24: 1247, 22, 0
0 22 29: 1247, 22, 1
0 22 31: 1247, 22, 1
0 22 39: 1246, 22, 1
0 22 50: 1278, 10, 1
0 22 51: 1247, 22, 0
0 22 52: 997, 0, 3
0 22 53: 1171, 10, 1
0 22 55: 1171, 10, 3
0 22 58: 320, 22, 0
0 22 59: 638, 22, 2
0 23 5: 1276, 10, 3
0 23 6: 1246, 22, 1
0 23 7: 1246, 22, 3
0 23 10: 1246, 22, 2
0 23 10: 1276, 10, 0
0 23 13: 997, 0, 1
0 23 14: 1194, 10, 3
0 23 22: 1247, 22, 2
0 23 24: 1246, 22, 1
0 23 26: 1394, 10, 1
0 23 27: 1247, 22, 2
0 23 29: 1394, 10, 3
0 23 33: 1247, 22, 2
0 23 33: 1278, 10, 1
0 23 39: 1247, 22, 0
0 23 41: 1247, 22, 2
0 23 50: 1247, 22, 3
0 23 52: 997, 0, 3
0 23 55: 1171, 10, 2
0 23 58: 319, 22, 3
0 23 59: 638, 22, 2
0 24 3: 1194, 10, 3
0 24 5: 1246, 22, 0
0 24 8: 1259, 22, 0
0 24 13: 997, 0, 1
0 24 14: 1602, 3, 2
0 24 23: 1246, 22, 2
0 24 26: 1247, 22, 3
0 24 33: 1247, 22, 0
0 24 34: 1247, 22, 1
0 24 37: 1278, 10, 1
0 24 43: 1247, 22, 3
0 24 43: 1278, 10, 1
0 24 46: 1247, 22, 3
0 24 46: 1281, 10, 1
0 24 47: 1246, 22, 1
0 24 48: 1247, 22, 2
0 24 49: 1276, 10, 2
0 24 51: 1602, 3, 1
0 24 52: 997, 0, 3
0 24 52: 1257, 22, 3
0 24 52: 1391, 10, 1
0 24 53: 1257, 22, 0
0 24 58: 320, 22, 3
0 24 59: 638, 22, 2
0 24 61: 1194, 10, 3
0 25 2: 1391, 10, 2
0 25 7: 1259, 22, 1
0 25 8: 1276, 10, 3
0 25 9: 1246, 22, 1
0 25 13: 52, 0, 1
0 25 16: 1257, 22, 0
0 25 17: 1257, 22, 0
0 25 20: 1246, 22, 3
0 25 20: 1278, 10, 1
0 25 25: 1394, 10, 1
0 25 26: 1247, 22, 3
0 25 29: 1276, 10, 1
0 25 43: 1247, 22, 0
0 25 44: 1247, 22, 1
0 25 49: 1247, 22, 2
0 25 51: 997, 9, 1
0 25 53: 1257, 22, 1
0 25 54: 1257, 22, 2
0 25 55: 1194, 10, 0
0 25 58: 320, 22, 3
0 25 59: 638, 22, 2
0 26 1: 1189, 10, 0
0 26 5: 1276, 10, 1
0 26 8: 1246, 22, 0
0 26 13: 53, 0, 1
0 26 15: 1257, 22, 1
0 26 16: 1259, 22, 2
0 26 17: 1257, 22, 3
0 26 18: 1257, 22, 3
0 26 21: 1247, 22, 3
0 26 25: 1247, 22, 2
0 26 29: 1247, 22, 3
0 26 30: 1247, 22, 0
0 26 33: 1257, 22, 1
0 26 34: 1257, 22, 0
0 26 35: 1247, 22, 3
0 26 35: 1281, 10, 1
0 26 37: 1246, 22, 3
0 26 39: 1171, 10, 0
0 26 40: 1247, 22, 3
0 26 40: 1281, 10, 1
0 26 41: 1247, 22, 0
0 26 46: 1247, 22, 0
0 26 47: 1247, 22, 1
0 26 49: 1602, 3, 1
0 26 50: 997, 9, 1
0 26 51: 1391, 10, 2
0 26 52: 1257, 22, 2
0 26 53: 1278, 10, 1
0 26 54: 1246, 22, 0
0 26 59: 638, 22, 2
0 26 61: 1251, 22, 3
0 26 61: 1307, 10, 1
0 26 62: 1252, 22, 0
0 27 5: 1246, 22, 3
0 27 13: 997, 0, 1
0 27 14: 1602, 3, 3
0 27 15: 1194, 10, 0
0 27 15: 1258, 22, 3
0 27 16: 1259, 22, 2
0 27 17: 1258, 22, 0
0 27 18: 1194, 10, 2
0 27 18: 1257, 22, 2
0 27 19: 1257, 22, 1
0 27 32: 1171, 10, 2
0 27 32: 1257, 22, 2
0 27 33: 1258, 22, 3
0 27 34: 1171, 10, 1
0 27 34: 1258, 22, 2
0 27 42: 1246, 22, 0
0 27 46: 1391, 10, 0
0 27 49: 997, 9, 1
0 27 51: 1257, 22, 1
0 27 52: 1257, 22, 3
0 27 53: 1247, 22, 1
0 27 54: 1247, 22, 1
0 27 59: 638, 22, 2
0 27 61: 1252, 22, 1
0 27 62: 1251, 22, 2
0 28 2: 1391, 10, 0
0 28 7: 1276, 10, 0
0 28 12: 1257, 22, 1
0 28 13: 997, 0, 1
0 28 13: 1257, 22, 0
0 28 14: 1276, 10, 3
0 28 15: 1247, 22, 3
0 28 16: 1194, 10, 1
0 28 16: 1259, 22, 3
0 28 17: 1259, 22, 1
0 28 18: 1276, 10, 1
0 28 19: 1247, 22, 1
0 28 20: 1257, 22, 0
0 28 23: 1281, 10, 1
0 28 24: 1247, 22, 1
0 28 25: 1247, 22, 1
0 28 26: 1391, 10, 0
0 28 30: 1257, 22, 3
0 28 31: 1257, 22, 3
0 28 31: 1276, 10, 1
0 28 32: 1247, 22, 1
0 28 33: 1171, 10, 3
0 28 33: 1258, 22, 0
0 28 35: 1246, 22, 2
0 28 36: 1171, 10, 2
0 28 37: 1247, 22, 0
0 28 38: 1171, 10, 0
0 28 40: 1247, 22, 2
0 28 44: 1276, 10, 0
0 28 45: 1247, 22, 3
0 28 47: 1602, 3, 1
0 28 48: 997, 9, 1
0 28 50: 1259, 22, 2
0 28 51: 1259, 22, 2
0 28 52: 1258, 22, 2
0 28 53: 1257, 22, 0
0 28 56: 1194, 10, 3
0 28 59: 638, 22, 2
0 29 5: 1246, 22, 2
0 29 5: 1276, 10, 2
0 29 8: 1246, 22, 0
0 29 9: 1248, 22, 1
0 29 11: 1276, 10, 1
0 29 12: 1247, 22, 0
0 29 13: 997, 0, 1
0 29 13: 1257, 22, 0
0 29 14: 1247, 22, 0
0 29 16: 1246, 22, 1
0 29 16: 1276, 10, 2
0 29 18: 1247, 22, 2
0 29 19: 1247, 22, 2
0 29 20: 1257, 22, 3
0 29 21: 1194, 10, 3
0 29 23: 1247, 22, 3
0 29 25: 1246, 22, 0
0 29 30: 1257, 22, 2
0 29 31: 1247, 22, 2
0 29 32: 1258, 22, 2
0 29 33: 1171, 10, 0
0 29 35: 1602, 1, 1
0 29 36: 997, 0, 2
0 29 37: 997, 0, 2
0 29 38: 997, 0, 2
0 29 39: 997, 0, 2
0 29 40: 997, 0, 2
0 29 41: 997, 0, 2
0 29 42: 997, 0, 2
0 29 43: 997, 0, 2
0 29 44: 997, 0, 2
0 29 44: 1247, 22, 2
0 29 45: 997, 0, 2
0 29 46: 997, 9, 1
0 29 47: 997, 0, 0
0 29 48: 1258, 22, 0
0 29 49: 1247, 22, 1
0 29 49: 1276, 10, 1
0 29 50: 1259, 22, 3
0 29 51: 1259, 22, 2
0 29 52: 1258, 22, 1
0 29 53: 1257, 22, 1
0 29 59: 638, 22, 2
0 29 63: 1251, 22, 2
0 29 63: 1307, 10, 3
0 30 6: 1247, 22, 2
0 30 11: 1246, 22, 1
0 30 13: 997, 0, 1
0 30 14: 1247, 22, 1
0 30 14: 1276, 10, 2
0 30 15: 1247, 22, 1
0 30 18: 1257, 22, 2
0 30 19: 1257, 22, 2
0 30 23: 1247, 22, 3
0 30 26: 1278, 10, 1
0 30 27: 1247, 22, 3
0 30 29: 1258, 22, 2
0 30 30: 1258, 22, 2
0 30 30: 1281, 10, 1
0 30 32: 1247, 22, 1
0 30 34: 1602, 1, 1
0 30 35: 1838, 8, 1
0 30 35: 1902, 9, 1
0 30 36: 1872, 5, 0
0 30 36: 1902, 0, 0
0 30 37: 362, 10, 2
0 30 37: 1902, 0, 0
0 30 38: 1902, 0, 0
0 30 38: 2784, 5, 0
0 30 39: 1902, 0, 0
0 30 39: 2784, 5, 0
0 30 40: 1902, 2, 0
0 30 42: 1602, 3, 0
0 30 43: 1247, 22, 3
0 30 43: 1276, 10, 3
0 30 45: 1602, 3, 0
0 30 47: 1276, 10, 0
0 30 48: 1247, 22, 2
0 30 49: 1246, 22, 1
0 30 50: 1247, 22, 1
0 30 51: 1258, 22, 0
0 30 52: 1257, 22, 0
0 30 59: 638, 22, 2
0 31 0: 1189, 10, 0
0 31 2: 1276, 10, 1
0 31 3: 1247, 22, 1
0 31 4: 1246, 22, 1
0 31 4: 1281, 10, 2
0 31 10: 1258, 22, 2
0 31 10: 1391, 10, 2
0 31 12: 1247, 22, 3
0 31 12: 1276, 10, 0
0 31 13: 997, 0, 1
0 31 14: 1247, 22, 2
0 31 16: 1247, 22, 2
0 31 16: 1278, 10, 1
0 31 18: 1247, 22, 3
0 31 18: 1276, 10, 1
0 31 20: 1194, 10, 2
0 31 26: 1247, 22, 2
0 31 27: 1247, 22, 0
0 31 29: 1258, 22, 2
0 31 30: 1258, 22, 2
0 31 32: 1246, 22, 2
0 31 33: 1602, 1, 1
0 31 34: 205, 7, 1
0 31 34: 1902, 9, 1
0 31 35: 1102, 10, 0
0 31 36: 686, 22, 1
0 31 38: 610, 10, 1
0 31 40: 1838, 5, 1
0 31 40: 1902, 0, 1
0 31 41: 1838, 4, 3
0 31 43: 1247, 22, 3
0 31 44: 1247, 22, 1
0 31 46: 1258, 22, 3
0 31 47: 1247, 22, 3
0 31 48: 1246, 22, 2
0 31 49: 1257, 22, 2
0 31 50: 1257, 22, 3
0 31 51: 1257, 22, 3
0 31 52: 1194, 10, 2
0 31 59: 638, 22, 2
0 32 2: 1247, 22, 0
0 32 6: 1246, 22, 1
0 32 10: 1258, 22, 0
0 32 11: 1258, 22, 0
0 32 12: 1247, 22, 2
0 32 13: 997, 9, 3
0 32 13: 1247, 22, 2
0 32 14: 1602, 3, 3
0 32 17: 1247, 22, 1
0 32 18: 1246, 22, 2
0 32 21: 1247, 22, 0
0 32 21: 1276, 10, 1
0 32 24: 1281, 10, 1
0 32 25: 1247, 22, 0
0 32 29: 1257, 22, 0
0 32 30: 1247, 22, 1
0 32 32: 1247, 22, 3
0 32 33: 1838, 8, 1
0 32 33: 1902, 9, 1
0 32 40: 1872, 5, 1
0 32 40: 1902, 0, 1
0 32 44: 1257, 22, 1
0 32 47: 1257, 22, 2
0 32 48: 1257, 22, 3
0 32 49: 1257, 22, 1
0 32 50: 1258, 22, 0
0 32 51: 1257, 22, 3
0 32 59: 638, 22, 2
0 32 61: 1307, 10, 2
0 32 62: 1251, 22, 0
0 33 6: 1246, 22, 0
0 33 9: 1259, 22, 0
0 33 10: 1259, 22, 2
0 33 11: 1276, 10, 1
0 33 12: 997, 0, 1
0 33 12: 1246, 22, 3
0 33 13: 1281, 10, 1
0 33 13: 1602, 3, 3
0 33 15: 1247, 22, 2
0 33 16: 1394, 10, 1
0 33 22: 1247, 22, 3
0 33 26: 1247, 22, 3
0 33 28: 1278, 10, 1
0 33 29: 1247, 22, 1
0 33 30: 1258, 22, 1
0 33 33: 1872, 5, 3
0 33 33: 1902, 0, 3
0 33 35: 687, 22, 3
0 33 38: 686, 22, 1
0 33 40: 99, 0, 1
0 33 43: 1257, 22, 0
0 33 44: 1258, 22, 0
0 33 45: 1257, 22, 3
0 33 46: 1257, 22, 2
0 33 47: 1258, 22, 2
0 33 48: 1258, 22, 1
0 33 49: 1258, 22, 0
0 33 50: 1257, 22, 0
0 33 59: 638, 22, 2
0 33 61: 1252, 22, 3
0 34 1: 1194, 10, 3
0 34 2: 1276, 10, 0
0 34 3: 1247, 22, 3
0 34 9: 1258, 22, 3
0 34 9: 1276, 10, 3
0 34 10: 1246, 22, 0
0 34 12: 997, 0, 1
0 34 18: 1247, 22, 0
0 34 18: 1281, 10, 1
0 34 20: 1247, 22, 1
0 34 24: 1246, 22, 0
0 34 28: 1247, 22, 2
0 34 30: 1258, 22, 0
0 34 31: 1257, 22, 3
0 34 32: 357, 10, 3
0 34 33: 1102, 10, 3
0 34 33: 1902, 0, 3
0 34 39: 1602, 1, 1
0 34 40: 1838, 8, 1
0 34 40: 1902, 9, 1
0 34 41: 1247, 22, 0
0 34 47: 1247, 22, 1
0 34 50: 1247, 22, 1
0 34 50: 1278, 10, 2
0 34 59: 638, 22, 2
0 35 0: 1278, 10, 1
0 35 2: 1246, 22, 3
0 35 4: 1247, 22, 2
0 35 4: 1278, 10, 1
0 35 6: 1248, 22, 0
0 35 8: 1258, 22, 2
0 35 9: 1258, 22, 1
0 35 10: 1246, 22, 1
0 35 12: 997, 0, 1
0 35 13: 1247, 22, 1
0 35 15: 1246, 22, 3
0 35 18: 1247, 22, 3
0 35 29: 1257, 22, 0
0 35 30: 1258, 22, 3
0 35 31: 1257, 22, 3
0 35 33: 1838, 8, 0
0 35 33: 1902, 9, 0
0 35 35: 994, 0, 1
0 35 36: 1754, 10, 1
0 35 37: 994, 0, 3
0 35 38: 1602, 1, 1
0 35 39: 205, 7, 3
0 35 39: 1902, 9, 1
0 35 41: 1247, 22, 1
0 35 42: 1247, 22, 2
0 35 43: 1247, 22, 3
0 35 44: 1247, 22, 1
0 35 46: 1276, 10, 1
0 35 51: 1247, 22, 0
0 35 59: 638, 22, 2
0 35 61: 1194, 10, 0
0 35 62: 1194, 10, 1
0 36 0: 1246, 22, 2
0 36 1: 1194, 10, 2
0 36 5: 1247, 22, 1
0 36 8: 1258, 22, 0
0 36 9: 1258, 22, 3
0 36 11: 1276, 10, 1
0 36 12: 997, 0, 1
0 36 12: 1246, 22, 3
0 36 19: 1246, 22, 1
0 36 23: 1391, 10, 1
0 36 25: 1247, 22, 0
0 36 25: 1276, 10, 1
0 36 29: 1257, 22, 2
0 36 30: 1257, 22, 1
0 36 31: 1257, 22, 2
0 36 31: 1391, 10, 2
0 36 32: 1171, 10, 1
0 36 33: 1602, 1, 0
0 36 34: 1902, 9, 0
0 36 36: 994, 0, 0
0 36 37: 1602, 1, 1
0 36 38: 1902, 9, 1
0 36 39: 1278, 10, 3
0 36 40: 1246, 22, 1
0 36 44: 1246, 22, 3
0 36 46: 1247, 22, 2
0 36 47: 1247, 22, 3
0 36 59: 638, 22, 2
0 36 61: 1194, 10, 3
0 37 0: 1194, 10, 0
0 37 8: 1246, 22, 3
0 37 8: 1276, 10, 0
0 37 9: 1247, 22, 1
0 37 11: 1246, 22, 2
0 37 12: 997, 9, 3
0 37 13: 1602, 3, 3
0 37 15: 1247, 22, 3
0 37 15: 1278, 10, 1
0 37 16: 1247, 22, 2
0 37 21: 1194, 10, 0
0 37 26: 1247, 22, 3
0 37 29: 1247, 22, 3
0 37 29: 1276, 10, 1
0 37 30: 1171, 10, 2
0 37 30: 1247, 22, 0
0 37 31: 1257, 22, 1
0 37 32: 1257, 22, 0
0 37 34: 1602, 1, 0
0 37 35: 1838, 8, 0
0 37 35: 1902, 9, 0
0 37 36: 1872, 5, 2
0 37 36: 1902, 0, 2
0 37 37: 1838, 8, 1
0 37 37: 1902, 9, 1
0 37 38: 1602, 3, 1
0 37 42: 1602, 3, 1
0 37 45: 1602, 3, 1
0 37 48: 1281, 10, 2
0 37 49: 1246, 22, 0
0 37 56: 1391, 10, 2
0 37 59: 638, 22, 2
0 37 62: 1194, 10, 2
0 38 6: 1258, 22, 1
0 38 7: 1258, 22, 2
0 38 11: 997, 9, 3
0 38 17: 1281, 10, 1
0 38 18: 1247, 22, 2
0 38 29: 1247, 22, 3
0 38 31: 1171, 10, 2
0 38 32: 1257, 22, 3
0 38 33: 1257, 22, 3
0 38 34: 1247, 22, 3
0 38 34: 1278, 10, 1
0 38 36: 997, 0, 0
0 38 37: 997, 0, 0
0 38 38: 997, 0, 0
0 38 39: 997, 0, 0
0 38 39: 1394, 10, 0
0 38 40: 997, 0, 0
0 38 41: 997, 0, 0
0 38 42: 997, 0, 0
0 38 43: 997, 0, 0
0 38 44: 51, 0, 0
0 38 45: 997, 0, 0
0 38 46: 997, 9, 0
0 38 49: 1258, 22, 0
0 38 50: 1247, 22, 2
0 38 51: 1276, 10, 2
0 38 59: 638, 22, 2
0 39 1: 1248, 22, 3
0 39 3: 1258, 22, 1
0 39 4: 1258, 22, 2
0 39 5: 1258, 22, 3
0 39 6: 1247, 22, 2
0 39 6: 1278, 10, 1
0 39 10: 997, 0, 1
0 39 11: 1602, 3, 3
0 39 12: 1171, 10, 1
0 39 17: 1246, 22, 3
0 39 21: 1247, 22, 1
0 39 21: 1278, 10, 1
0 39 25: 1391, 10, 0
0 39 34: 1247, 22, 1
0 39 35: 1247, 22, 1
0 39 36: 1247, 22, 0
0 39 36: 1281, 10, 1
0 39 47: 997, 9, 0
0 39 50: 1246, 22, 2
0 39 51: 1247, 22, 1
0 39 52: 1247, 22, 0
0 39 59: 638, 22, 2
0 39 63: 1194, 10, 3
0 40 3: 1258, 22, 1
0 40 4: 1258, 22, 0
0 40 5: 1259, 22, 0
0 40 6: 1246, 22, 0
0 40 9: 1246, 22, 1
0 40 9: 1276, 10, 1
0 40 10: 997, 0, 1
0 40 12: 1276, 10, 1
0 40 13: 1247, 22, 1
0 40 18: 1247, 22, 1
0 40 19: 1247, 22, 0
0 40 22: 1246, 22, 0
0 40 27: 1276, 10, 1
0 40 28: 1247, 22, 2
0 40 30: 1247, 22, 3
0 40 30: 1281, 10, 1
0 40 32: 1171, 10, 1
0 40 32: 1247, 22, 0
0 40 36: 1247, 22, 3
0 40 38: 1246, 22, 2
0 40 40: 1276, 10, 1
0 40 41: 1246, 22, 1
0 40 46: 1247, 22, 3
0 40 46: 1276, 10, 1
0 40 48: 997, 9, 0
0 40 49: 1602, 3, 1
0 40 56: 1257, 22, 1
0 40 58: 320, 22, 1
0 40 59: 638, 22, 2
0 41 2: 1276, 10, 1
0 41 3: 1247, 22, 3
0 41 4: 1258, 22, 3
0 41 5: 1258, 22, 2
0 41 6: 1258, 22, 1
0 41 7: 1258, 22, 1
0 41 10: 997, 0, 1
0 41 10: 1246, 22, 0
0 41 12: 1247, 22, 0
0 41 14: 1171, 10, 2
0 41 27: 1247, 22, 3
0 41 28: 1247, 22, 1
0 41 32: 1171, 10, 0
0 41 38: 1247, 22, 3
0 41 43: 1281, 10, 1
0 41 47: 1247, 22, 0
0 41 49: 997, 0, 0
0 41 50: 997, 9, 0
0 41 54: 1278, 10, 1
0 41 55: 1247, 22, 0
0 41 56: 1258, 22, 1
0 41 57: 1257, 22, 0
0 41 58: 320, 22, 2
0 41 59: 638, 22, 2
0 41 62: 1194, 10, 0
0 42 1: 1194, 10, 1
0 42 2: 1194, 10, 2
0 42 3: 1246, 22, 1
0 42 4: 1194, 10, 2
0 42 4: 1258, 22, 3
0 42 5: 1258, 22, 3
0 42 6: 1258, 22, 2
0 42 10: 997, 0, 1
0 42 11: 1247, 22, 3
0 42 11: 1281, 10, 2
0 42 11: 1602, 3, 3
0 42 12: 1171, 10, 0
0 42 13: 1246, 22, 0
0 42 14: 1276, 10, 0
0 42 15: 1247, 22, 2
0 42 17: 1391, 10, 2
0 42 20: 1247, 22, 0
0 42 20: 1281, 10, 1
0 42 22: 1246, 22, 3
0 42 28: 1194, 10, 2
0 42 30: 1171, 10, 3
0 42 30: 1246, 22, 0
0 42 32: 1247, 22, 2
0 42 34: 1247, 22, 3
0 42 34: 1276, 10, 1
0 42 35: 1247, 22, 0
0 42 39: 1278, 10, 1
0 42 51: 997, 9, 0
0 42 52: 1602, 3, 2
0 42 54: 1247, 22, 1
0 42 55: 1257, 22, 2
0 42 56: 1259, 22, 2
0 42 57: 1258, 22, 0
0 42 58: 320, 22, 0
0 42 59: 638, 22, 2
0 43 0: 1246, 22, 0
0 43 0: 1276, 10, 2
0 43 2: 1194, 10, 3
0 43 4: 1247, 22, 3
0 43 4: 1281, 10, 2
0 43 6: 1246, 22, 0
0 43 9: 1391, 10, 3
0 43 10: 997, 0, 1
0 43 13: 1171, 10, 3
0 43 17: 1247, 22, 1
0 43 18: 1247, 22, 0
0 43 20: 1247, 22, 0
0 43 22: 1247, 22, 3
0 43 25: 1278, 10, 1
0 43 35: 1247, 22, 2
0 43 39: 1247, 22, 3
0 43 40: 1247, 22, 2
0 43 42: 1194, 10, 1
0 43 44: 1246, 22, 3
0 43 50: 1394, 10, 3
0 43 52: 997, 0, 3
0 43 53: 1258, 22, 3
0 43 54: 1257, 22, 3
0 43 55: 1258, 22, 3
0 43 56: 1259, 22, 3
0 43 57: 1259, 22, 3
0 43 58: 319, 22, 2
0 43 59: 638, 22, 2
0 44 0: 1247, 22, 2
0 44 1: 1246, 22, 1
0 44 3: 1194, 10, 0
0 44 6: 1246, 22, 3
0 44 8: 1257, 22, 2
0 44 9: 1257, 22, 2
0 44 10: 997, 0, 1
0 44 11: 1602, 3, 2
0 44 12: 1247, 22, 2
0 44 14: 1246, 22, 2
0 44 14: 1281, 10, 1
0 44 16: 1247, 22, 0
0 44 17: 1247, 22, 1
0 44 17: 1281, 10, 2
0 44 19: 1247, 22, 2
0 44 20: 1247, 22, 2
0 44 22: 1247, 22, 1
0 44 26: 1246, 22, 1
0 44 37: 1247, 22, 0
0 44 37: 1281, 10, 1
0 44 40: 1194, 10, 1
0 44 46: 1281, 10, 1
0 44 47: 1247, 22, 2
0 44 52: 997, 0, 3
0 44 53: 1257, 22, 2
0 44 54: 1258, 22, 3
0 44 55: 1259, 22, 0
0 44 56: 1259, 22, 0
0 44 57: 1258, 22, 2
0 44 58: 321, 22, 3
0 44 59: 638, 22, 2
0 45 2: 1246, 22, 3
0 45 2: 1278, 10, 1
0 45 3: 1246, 22, 2
0 45 4: 1246, 22, 2
0 45 5: 1247, 22, 0
0 45 8: 1257, 22, 1
0 45 9: 1258, 22, 3
0 45 10: 1257, 22, 3
0 45 11: 997, 9, 2
0 45 11: 1257, 22, 0
0 45 13: 1171, 10, 0
0 45 15: 1246, 22, 0
0 45 16: 1171, 10, 3
0 45 19: 1246, 22, 2
0 45 21: 1171, 10, 1
0 45 29: 1278, 10, 1
0 45 30: 1247, 22, 1
0 45 34: 1247, 22, 3
0 45 34: 1278, 10, 1
0 45 39: 1247, 22, 3
0 45 40: 1194, 10, 3
0 45 42: 1171, 10, 2
0 45 43: 1247, 22, 0
0 45 43: 1276, 10, 1
0 45 46: 1247, 22, 2
0 45 48: 1246, 22, 2
0 45 50: 1391, 10, 0
0 45 52: 997, 0, 3
0 45 54: 1247, 22, 2
0 45 55: 1247, 22, 3
0 45 56: 1259, 22, 2
0 45 57: 1257, 22, 0
0 45 58: 320, 22, 3
0 45 59: 638, 22, 2
0 46 5: 1257, 22, 2
0 46 6: 1247, 22, 1
0 46 6: 1276, 10, 1
0 46 7: 1257, 22, 1
0 46 8: 1257, 22, 2
0 46 9: 1259, 22, 3
0 46 10: 1258, 22, 1
0 46 11: 1257, 22, 1
0 46 12: 997, 9, 2
0 46 13: 1602, 3, 2
0 46 15: 1602, 3, 2
0 46 17: 1247, 22, 1
0 46 19: 1171, 10, 2
0 46 19: 1602, 3, 2
0 46 22: 1602, 3, 2
0 46 23: 1391, 10, 2
0 46 25: 1394, 10, 0
0 46 29: 1247, 22, 1
0 46 34: 1247, 22, 1
0 46 35: 1247, 22, 2
0 46 37: 1247, 22, 2
0 46 39: 1247, 22, 1
0 46 44: 1247, 22, 2
0 46 47: 1247, 22, 0
0 46 52: 997, 0, 3
0 46 54: 1247, 22, 2
0 46 55: 1258, 22, 0
0 46 56: 1258, 22, 1
0 46 57: 1257, 22, 3
0 46 58: 321, 22, 0
0 46 59: 638, 22, 2
0 46 61: 1194, 10, 2
0 47 4: 1257, 22, 3
0 47 5: 1257, 22, 0
0 47 6: 1246, 22, 1
0 47 7: 1247, 22, 2
0 47 8: 1257, 22, 1
0 47 9: 1258, 22, 3
0 47 10: 1259, 22, 1
0 47 11: 1258, 22, 3
0 47 13: 997, 0, 0
0 47 14: 997, 0, 0
0 47 15: 997, 0, 0
0 47 16: 997, 0, 0
0 47 17: 997, 0, 0
0 47 18: 997, 0, 0
0 47 19: 997, 0, 0
0 47 20: 997, 0, 0
0 47 21: 997, 0, 0
0 47 22: 997, 9, 2
0 47 27: 1276, 10, 2
0 47 49: 1247, 22, 3
0 47 52: 997, 0, 3
0 47 53: 1276, 10, 1
0 47 55: 1257, 22, 2
0 47 56: 1257, 22, 2
0 47 58: 319, 22, 1
0 47 59: 638, 22, 2
0 48 8: 1248, 22, 2
0 48 11: 1276, 10, 2
0 48 12: 1247, 22, 1
0 48 15: 1276, 10, 1
0 48 16: 1246, 22, 0
0 48 18: 1247, 22, 3
0 48 18: 1281, 10, 0
0 48 20: 1246, 22, 2
0 48 23: 997, 9, 2
0 48 24: 1171, 10, 1
0 48 24: 1602, 3, 2
0 48 25: 1247, 22, 1
0 48 25: 1276, 10, 0
0 48 28: 1247, 22, 0
0 48 29: 1276, 10, 1
0 48 30: 1247, 22, 1
0 48 32: 1247, 22, 1
0 48 32: 1281, 10, 1
0 48 34: 1247, 22, 2
0 48 37: 1247, 22, 1
0 48 37: 1276, 10, 1
0 48 38: 1247, 22, 2
0 48 42: 1247, 22, 2
0 48 42: 1278, 10, 1
0 48 45: 1281, 10, 1
0 48 46: 1247, 22, 0
0 48 47: 1247, 22, 3
0 48 49: 1247, 22, 1
0 48 50: 1247, 22, 2
0 48 52: 997, 0, 3
0 48 54: 1247, 22, 0
0 48 56: 1276, 10, 1
0 48 58: 320, 22, 0
0 48 59: 638, 22, 2
0 49 2: 1248, 22, 3
0 49 11: 1247, 22, 0
0 49 15: 1246, 22, 1
0 49 21: 1246, 22, 0
0 49 21: 1276, 10, 3
0 49 24: 997, 9, 2
0 49 26: 1247, 22, 2
0 49 27: 1276, 10, 1
0 49 29: 1247, 22, 2
0 49 30: 1246, 22, 3
0 49 34: 1247, 22, 0
0 49 41: 1171, 10, 1
0 49 43: 1247, 22, 0
0 49 45: 1247, 22, 3
0 49 51: 997, 9, 1
0 49 52: 1602, 3, 3
0 49 57: 1246, 22, 3
0 49 59: 638, 22, 2
0 49 60: 319, 22, 1
0 50 3: 1257, 22, 1
0 50 4: 1258, 22, 2
0 50 5: 1258, 22, 1
0 50 6: 1257, 22, 3
0 50 7: 1247, 22, 3
0 50 7: 1281, 10, 2
0 50 9: 1246, 22, 1
0 50 13: 1246, 22, 1
0 50 13: 1276, 10, 3
0 50 15: 1257, 22, 3
0 50 16: 1171, 10, 0
0 50 18: 1246, 22, 1
0 50 22: 1246, 22, 3
0 50 23: 1391, 10, 2
0 50 25: 997, 9, 2
0 50 26: 1602, 3, 2
0 50 27: 1247, 22, 3
0 50 29: 1281, 10, 3
0 50 31: 1247, 22, 1
0 50 32: 1246, 22, 0
0 50 40: 1391, 10, 3
0 50 42: 1281, 10, 1
0 50 43: 1246, 22, 2
0 50 45: 1247, 22, 0
0 50 47: 1247, 22, 2
0 50 49: 1602, 3, 1
0 50 50: 997, 9, 1
0 50 58: 320, 22, 1
0 50 59: 638, 22, 2
0 50 60: 321, 22, 1
0 51 2: 1391, 10, 1
0 51 4: 1257, 22, 0
0 51 5: 1259, 22, 0
0 51 6: 1257, 22, 2
0 51 14: 1247, 22, 3
0 51 15: 1257, 22, 1
0 51 16: 1257, 22, 0
0 51 17: 1257, 22, 2
0 51 18: 1257, 22, 3
0 51 20: 1278, 10, 1
0 51 21: 1247, 22, 3
0 51 22: 1171, 10, 2
0 51 26: 997, 9, 2
0 51 29: 1247, 22, 3
0 51 31: 1171, 10, 2
0 51 42: 1247, 22, 2
0 51 44: 1247, 22, 0
0 51 45: 1391, 10, 1
0 51 49: 997, 9, 1
0 51 52: 1276, 10, 0
0 51 53: 1246, 22, 1
0 51 56: 1391, 10, 2
0 51 58: 319, 22, 0
0 51 59: 638, 22, 2
0 51 60: 320, 22, 0
0 52 4: 1257, 22, 0
0 52 5: 1259, 22, 3
0 52 6: 1257, 22, 1
0 52 8: 1246, 22, 3
0 52 14: 1258, 22, 3
0 52 15: 1171, 10, 1
0 52 15: 1259, 22, 3
0 52 16: 1258, 22, 0
0 52 17: 1247, 22, 2
0 52 17: 1276, 10, 0
0 52 18: 1246, 22, 0
0 52 19: 1257, 22, 2
0 52 20: 1247, 22, 0
0 52 21: 1246, 22, 3
0 52 23: 1276, 10, 2
0 52 25: 1391, 10, 3
0 52 27: 997, 9, 2
0 52 28: 1602, 3, 2
0 52 30: 1247, 22, 0
0 52 32: 1602, 3, 2
0 52 33: 1391, 10, 2
0 52 35: 1247, 22, 0
0 52 35: 1281, 10, 3
0 52 37: 1247, 22, 1
0 52 38: 1276, 10, 0
0 52 39: 1246, 22, 1
0 52 40: 1276, 10, 1
0 52 43: 1247, 22, 1
0 52 43: 1602, 3, 2
0 52 44: 1247, 22, 2
0 52 47: 1171, 10, 0
0 52 47: 1602, 3, 1
0 52 48: 997, 9, 1
0 52 49: 1281, 10, 0
0 52 51: 1246, 22, 0
0 52 58: 320, 22, 3
0 52 59: 638, 22, 2
0 52 60: 321, 22, 2
0 53 5: 1246, 22, 0
0 53 5: 1276, 10, 3
0 53 6: 1247, 22, 1
0 53 7: 1276, 10, 2
0 53 8: 1247, 22, 1
0 53 9: 1278, 10, 2
0 53 10: 1246, 22, 3
0 53 14: 1257, 22, 3
0 53 15: 1259, 22, 2
0 53 16: 1258, 22, 2
0 53 18: 1247, 22, 1
0 53 21: 1171, 10, 3
0 53 23: 1246, 22, 1
0 53 24: 1246, 22, 2
0 53 27: 1171, 10, 0
0 53 28: 997, 0, 0
0 53 29: 997, 0, 0
0 53 29: 1391, 10, 1
0 53 30: 997, 0, 0
0 53 31: 997, 0, 0
0 53 32: 997, 9, 2
0 53 35: 1246, 22, 0
0 53 38: 1171, 10, 3
0 53 40: 1247, 22, 2
0 53 41: 1247, 22, 3
0 53 42: 997, 9, 1
0 53 43: 997, 0, 0
0 53 44: 997, 0, 0
0 53 45: 997, 0, 0
0 53 46: 997, 0, 0
0 53 46: 1391, 10, 2
0 53 47: 997, 0, 0
0 53 47: 1171, 10, 2
0 53 49: 1246, 22, 1
0 53 51: 1247, 22, 1
0 53 55: 1247, 22, 3
0 53 55: 1278, 10, 1
0 53 58: 321, 22, 2
0 53 59: 638, 22, 2
0 53 60: 320, 22, 2
0 54 1: 1391, 10, 2
0 54 5: 1246, 22, 3
0 54 7: 1247, 22, 0
0 54 9: 1247, 22, 2
0 54 13: 1248, 22, 1
0 54 15: 1257, 22, 1
0 54 16: 1276, 10, 1
0 54 17: 1247, 22, 0
0 54 18: 1257, 22, 0
0 54 27: 1391, 10, 0
0 54 31: 1171, 10, 3
0 54 33: 997, 9, 2
0 54 34: 1602, 3, 2
0 54 35: 1247, 22, 2
0 54 37: 1247, 22, 0
0 54 37: 1602, 3, 1
0 54 38: 997, 0, 2
0 54 39: 997, 0, 2
0 54 40: 997, 0, 2
0 54 41: 997, 9, 1
0 54 43: 1276, 10, 0
0 54 46: 1171, 10, 3
0 54 51: 1246, 22, 3
0 54 52: 1276, 10, 3
0 54 53: 1246, 22, 2
0 54 55: 1247, 22, 2
0 54 56: 1247, 22, 2
0 54 58: 320, 22, 2
0 54 59: 638, 22, 2
0 54 60: 321, 22, 1
0 55 7: 1276, 10, 0
0 55 8: 1247, 22, 0
0 55 16: 1247, 22, 3
0 55 22: 1248, 22, 1
0 55 29: 1391, 10, 0
0 55 31: 1276, 10, 1
0 55 32: 1247, 22, 1
0 55 34: 997, 9, 2
0 55 35: 997, 0, 2
0 55 36: 997, 0, 2
0 55 37: 997, 9, 1
0 55 39: 1247, 22, 3
0 55 39: 1276, 10, 1
0 55 40: 1171, 10, 0
0 55 40: 1602, 3, 0
0 55 43: 1246, 22, 0
0 55 45: 1246, 22, 3
0 55 45: 1278, 10, 1
0 55 46: 1246, 22, 2
0 55 48: 1391, 10, 3
0 55 50: 1276, 10, 1
0 55 58: 319, 22, 3
0 55 59: 638, 22, 2
0 55 60: 320, 22, 2
0 56 8: 1247, 22, 3
0 56 22: 1171, 10, 0
0 56 22: 1258, 22, 1
0 56 28: 1257, 22, 2
0 56 29: 1257, 22, 2
0 56 30: 1257, 22, 0
0 56 31: 1247, 22, 0
0 56 32: 1247, 22, 3
0 56 36: 1247, 22, 3
0 56 36: 1278, 10, 1
0 56 37: 1246, 22, 3
0 56 39: 1246, 22, 2
0 56 40: 1247, 22, 2
0 56 41: 1247, 22, 1
0 56 41: 1276, 10, 1
0 56 51: 1246, 22, 1
0 56 58: 320, 22, 3
0 56 59: 638, 22, 2
0 57 2: 1254, 22, 3
0 57 6: 1253, 22, 2
0 57 10: 1246, 22, 3
0 57 10: 1276, 10, 1
0 57 12: 1257, 22, 1
0 57 21: 1259, 22, 0
0 57 22: 1259, 22, 3
0 57 23: 1171, 10, 1
0 57 23: 1258, 22, 0
0 57 28: 1257, 22, 0
0 57 29: 1257, 22, 0
0 57 30: 1257, 22, 0
0 57 31: 1257, 22, 3
0 57 32: 1257, 22, 3
0 57 37: 1247, 22, 1
0 57 38: 1391, 10, 2
0 57 41: 1246, 22, 1
0 57 42: 1247, 22, 0
0 57 43: 1276, 10, 1
0 57 44: 1247, 22, 3
0 57 56: 1391, 10, 0
0 57 58: 320, 22, 2
0 57 59: 638, 22, 2
0 58 1: 1254, 22, 0
0 58 2: 1281, 10, 1
0 58 3: 1255, 22, 3
0 58 4: 1253, 22, 3
0 58 10: 1247, 22, 3
0 58 11: 1257, 22, 1
0 58 12: 1259, 22, 1
0 58 13: 1258, 22, 3
0 58 20: 1257, 22, 2
0 58 21: 1257, 22, 3
0 58 21: 1391, 10, 2
0 58 22: 1258, 22, 3
0 58 23: 1247, 22, 0
0 58 23: 1278, 10, 1
0 58 24: 1247, 22, 3
0 58 28: 1257, 22, 1
0 58 29: 1259, 22, 1
0 58 30: 1259, 22, 0
0 58 31: 1258, 22, 1
0 58 32: 1257, 22, 1
0 58 32: 1391, 10, 1
0 58 43: 1247, 22, 2
0 58 44: 1247, 22, 0
0 58 47: 1278, 10, 1
0 58 48: 1247, 22, 2
0 58 51: 1247, 22, 3
0 58 51: 1276, 10, 1
0 58 59: 638, 22, 2
0 59 2: 1256, 22, 1
0 59 3: 1253, 22, 0
0 59 4: 1254, 22, 2
0 59 5: 1255, 22, 1
0 59 6: 1256, 22, 3
0 59 11: 1257, 22, 0
0 59 12: 1258, 22, 1
0 59 13: 1259, 22, 3
0 59 14: 1259, 22, 0
0 59 15: 1257, 22, 0
0 59 17: 1247, 22, 2
0 59 17: 1278, 10, 1
0 59 18: 1247, 22, 1
0 59 19: 1257, 22, 1
0 59 20: 1171, 10, 1
0 59 20: 1257, 22, 2
0 59 21: 1257, 22, 0
0 59 22: 1258, 22, 2
0 59 23: 1257, 22, 3
0 59 24: 1246, 22, 2
0 59 25: 1257, 22, 0
0 59 28: 1248, 22, 3
0 59 29: 1257, 22, 2
0 59 30: 1258, 22, 3
0 59 31: 1257, 22, 0
0 59 47: 1247, 22, 1
0 59 48: 1246, 22, 2
0 59 51: 1247, 22, 0
0 59 52: 1246, 22, 1
0 59 55: 1247, 22, 0
0 59 55: 1276, 10, 1
0 59 58: 320, 22, 2
0 59 59: 638, 22, 2
0 60 2: 1254, 22, 1
0 60 4: 1255, 22, 2
0 60 7: 1255, 22, 3
0 60 7: 1356, 10, 1
0 60 8: 1256, 22, 1
0 60 11: 1257, 22, 2
0 60 12: 1257, 22, 3
0 60 13: 1257, 22, 3
0 60 14: 1258, 22, 0
0 60 15: 1257, 22, 2
0 60 16: 1257, 22, 3
0 60 18: 1246, 22, 1
0 60 19: 1281, 10, 3
0 60 21: 1246, 22, 0
0 60 22: 1257, 22, 0
0 60 23: 1257, 22, 1
0 60 24: 1257, 22, 2
0 60 25: 1257, 22, 3
0 60 29: 1257, 22, 2
0 60 30: 1257, 22, 3
0 60 31: 1247, 22, 2
0 60 31: 1278, 10, 1
0 60 32: 1247, 22, 2
0 60 38: 1257, 22, 2
0 60 39: 1257, 22, 1
0 60 40: 1257, 22, 3
0 60 40: 1278, 10, 1
0 60 41: 1257, 22, 0
0 60 42: 1257, 22, 0
0 60 44: 1247, 22, 0
0 60 44: 1276, 10, 1
0 60 45: 1247, 22, 3
0 60 52: 1391, 10, 1
0 60 55: 1247, 22, 2
0 60 56: 1247, 22, 3
0 60 59: 638, 22, 2
0 61 4: 1255, 22, 0
0 61 7: 1256, 22, 2
0 61 12: 1257, 22, 1
0 61 13: 1276, 10, 1
0 61 14: 1246, 22, 2
0 61 16: 1257, 22, 2
0 61 19: 1246, 22, 1
0 61 24: 1246, 22, 3
0 61 24: 1276, 10, 1
0 61 25: 1247, 22, 1
0 61 32: 1247, 22, 1
0 61 34: 1257, 22, 3
0 61 34: 1391, 10, 0
0 61 35: 1257, 22, 2
0 61 36: 1257, 22, 2
0 61 36: 1276, 10, 1
0 61 37: 1257, 22, 1
0 61 38: 1257, 22, 0
0 61 39: 1257, 22, 3
0 61 40: 1257, 22, 3
0 61 41: 1257, 22, 0
0 61 42: 1257, 22, 0
0 61 43: 1257, 22, 0
0 61 44: 1257, 22, 0
0 61 45: 1246, 22, 0
0 61 58: 641, 22, 3
0 61 59: 642, 22, 3
0 62 13: 1246, 22, 1
0 62 25: 1247, 22, 2
0 62 33: 1258, 22, 0
0 62 34: 1258, 22, 2
0 62 37: 1258, 22, 3
0 62 38: 1258, 22, 0
0 62 39: 1258, 22, 0
0 62 40: 1257, 22, 2
0 62 41: 1391, 10, 3
0 62 43: 1258, 22, 2
0 62 44: 1257, 22, 3
0 62 45: 1257, 22, 3
0 62 48: 640, 22, 1
0 62 49: 639, 22, 1
0 62 50: 638, 22, 1
0 62 51: 638, 22, 1
0 62 52: 638, 22, 1
0 62 53: 638, 22, 1
0 62 54: 638, 22, 1
0 62 55: 638, 22, 1
0 62 56: 638, 22, 1
0 62 57: 638, 22, 3
0 62 58: 639, 22, 3
0 62 59: 640, 22, 3
0 63 29: 1248, 22, 2
0 63 33: 1258, 22, 2
0 63 34: 1258, 22, 1
0 63 35: 1259, 22, 3
0 63 36: 1258, 22, 3
0 63 37: 1258, 22, 3
0 63 37: 1391, 10, 2
0 63 39: 1259, 22, 2
0 63 40: 1259, 22, 2
0 63 42: 1258, 22, 3
0 63 43: 1259, 22, 0
0 63 44: 1258, 22, 1
0 63 45: 1257, 22, 2
0 63 48: 642, 22, 1
0 63 49: 641, 22, 1
1 29 35: 1793, 19, 1
1 29 36: 1793, 18, 2
1 29 37: 1793, 18, 2
1 29 38: 1793, 18, 2
1 29 39: 1793, 18, 2
1 29 40: 1793, 18, 2
1 29 41: 1793, 19, 2
1 30 34: 1793, 19, 1
1 30 35: 1933, 13, 1
1 30 36: 1933, 12, 2
1 30 37: 1933, 12, 2
1 30 38: 1933, 12, 2
1 30 39: 1933, 12, 2
1 30 40: 1933, 16, 2
1 30 41: 1793, 18, 3
1 31 33: 1793, 19, 1
1 31 34: 1933, 13, 1
1 31 35: 1640, 14, 1
1 31 36: 1933, 17, 0
1 31 37: 1933, 17, 0
1 31 38: 1933, 17, 0
1 31 39: 1933, 17, 0
1 31 40: 1933, 12, 3
1 31 41: 1793, 18, 3
1 32 32: 1793, 19, 1
1 32 33: 1933, 13, 1
1 32 34: 1640, 14, 1
1 32 35: 1933, 17, 0
1 32 36: 1933, 17, 0
1 32 37: 1933, 17, 0
1 32 38: 1933, 17, 0
1 32 39: 1933, 17, 0
1 32 40: 1933, 12, 3
1 32 41: 1793, 18, 3
1 33 32: 1793, 18, 1
1 33 33: 1933, 12, 1
1 33 34: 1933, 17, 0
1 33 35: 1933, 17, 0
1 33 36: 1933, 17, 0
1 33 37: 1933, 17, 0
1 33 38: 1933, 17, 0
1 33 39: 1933, 17, 0
1 33 40: 1933, 12, 3
1 33 41: 1793, 18, 3
1 34 32: 1793, 18, 1
1 34 33: 1933, 12, 1
1 34 34: 1933, 17, 0
1 34 35: 1933, 17, 0
1 34 36: 1933, 17, 0
1 34 37: 1933, 17, 0
1 34 38: 1933, 17, 0
1 34 39: 1640, 14, 3
1 34 40: 1933, 13, 3
1 34 41: 1793, 19, 3
1 35 32: 1793, 19, 0
1 35 33: 1933, 13, 0
1 35 34: 1640, 14, 0
1 35 35: 1933, 17, 0
1 35 36: 1933, 17, 0
1 35 37: 1933, 17, 0
1 35 38: 1640, 14, 3
1 35 39: 1933, 13, 3
1 35 40: 1793, 19, 3
1 36 33: 1793, 19, 0
1 36 34: 1933, 13, 0
1 36 35: 1640, 14, 0
1 36 36: 1933, 17, 0
1 36 37: 1640, 14, 3
1 36 38: 1933, 13, 3
1 36 39: 1793, 19, 3
1 37 34: 1793, 19, 0
1 37 35: 1933, 13, 0
1 37 36: 1933, 12, 0
1 37 37: 1933, 13, 3
1 37 38: 1793, 19, 3
1 38 35: 1793, 19, 0
1 38 36: 1793, 18, 0
1 38 37: 1793, 19, 3
