0 0 0: 997, 0, 0
0 0 1: 997, 9, 0
0 0 3: 1247, 22, 3
0 0 3: 1278, 10, 3
0 0 4: 1246, 22, 3
0 0 7: 1248, 22, 0
0 0 11: 979, 0, 1
0 0 14: 1278, 10, 3
0 0 15: 1246, 22, 2
0 0 18: 1257, 22, 3
0 0 19: 1257, 22, 3
0 0 20: 1258, 22, 3
0 0 21: 1257, 22, 1
0 0 22: 1257, 22, 0
0 0 24: 980, 2, 3
0 0 25: 320, 22, 1
0 0 25: 980, 0, 0
0 0 26: 980, 0, 0
0 0 27: 320, 22, 3
0 0 27: 980, 0, 0
0 0 28: 312, 10, 1
0 0 28: 319, 22, 3
0 0 28: 980, 0, 0
0 0 29: 320, 22, 1
0 0 29: 980, 0, 0
0 0 30: 980, 0, 0
0 0 31: 980, 0, 0
0 0 32: 980, 0, 0
0 0 33: 320, 22, 0
0 0 33: 980, 0, 0
0 0 34: 319, 22, 3
0 0 34: 980, 0, 0
0 0 35: 320, 22, 1
0 0 35: 980, 0, 0
0 0 36: 980, 0, 0
0 0 37: 980, 0, 0
0 0 38: 320, 22, 2
0 0 38: 980, 0, 0
0 0 39: 319, 22, 3
0 0 39: 980, 0, 0
0 0 40: 320, 22, 0
0 0 40: 980, 0, 0
0 0 41: 312, 10, 3
0 0 41: 320, 22, 2
0 0 41: 980, 0, 0
0 0 42: 980, 2, 0
0 0 43: 980, 1, 2
0 0 45: 1276, 10, 0
0 0 46: 1247, 22, 2
0 0 52: 298, 10, 3
0 0 52: 1262, 22, 2
0 0 55: 1262, 22, 2
0 0 56: 1263, 22, 2
0 0 58: 1262, 22, 2
0 0 59: 1262, 22, 2
0 0 61: 307, 10, 2
0 0 61: 1247, 22, 1
0 1 1: 1602, 3, 0
0 1 2: 997, 9, 0
0 1 4: 1247, 22, 0
0 1 11: 979, 0, 1
0 1 11: 1257, 22, 3
0 1 14: 1247, 22, 3
0 1 15: 1247, 22, 2
0 1 16: 1248, 22, 1
0 1 17: 1257, 22, 0
0 1 18: 1257, 22, 1
0 1 19: 1258, 22, 0
0 1 20: 1259, 22, 2
0 1 21: 1259, 22, 2
0 1 23: 980, 9, 3
0 1 24: 320, 22, 3
0 1 24: 980, 1, 3
0 1 25: 312, 10, 3
0 1 25: 321, 22, 1
0 1 26: 320, 22, 2
0 1 27: 312, 10, 3
0 1 27: 320, 22, 3
0 1 28: 320, 22, 1
0 1 29: 1281, 10, 2
0 1 33: 312, 10, 3
0 1 34: 319, 22, 0
0 1 35: 312, 10, 3
0 1 35: 320, 22, 2
0 1 37: 312, 10, 3
0 1 38: 312, 10, 3
0 1 38: 320, 22, 1
0 1 39: 312, 10, 3
0 1 39: 320, 22, 1
0 1 40: 320, 22, 3
0 1 41: 312, 10, 3
0 1 41: 319, 22, 1
0 1 42: 320, 22, 1
0 1 42: 980, 1, 0
0 1 43: 980, 9, 2
0 1 44: 980, 1, 2
0 1 45: 1247, 22, 3
0 1 53: 1262, 22, 2
0 1 54: 1262, 22, 2
0 1 55: 1263, 22, 2
0 1 56: 300, 10, 2
0 1 57: 1247, 22, 2
0 1 58: 1263, 22, 2
0 1 60: 1262, 22, 2
0 1 62: 1262, 22, 2
0 1 63: 1247, 22, 0
0 2 0: 1258, 22, 3
0 2 2: 320, 22, 0
0 2 2: 1198, 10, 0
0 2 2: 1602, 3, 0
0 2 3: 997, 9, 0
0 2 5: 1247, 22, 1
0 2 5: 1278, 10, 2
0 2 6: 1247, 22, 2
0 2 10: 1257, 22, 2
0 2 11: 979, 0, 1
0 2 11: 1257, 22, 3
0 2 18: 1257, 22, 1
0 2 19: 1259, 22, 1
0 2 20: 1258, 22, 2
0 2 21: 980, 1, 1
0 2 22: 320, 22, 3
0 2 22: 980, 9, 3
0 2 23: 980, 1, 3
0 2 24: 312, 10, 1
0 2 25: 320, 22, 3
0 2 28: 320, 22, 2
0 2 31: 1264, 22, 0
0 2 34: 320, 22, 0
0 2 39: 320, 22, 3
0 2 41: 320, 22, 0
0 2 42: 312, 10, 0
0 2 42: 320, 22, 1
0 2 43: 980, 0, 1
0 2 44: 980, 1, 3
0 2 48: 1247, 22, 0
0 2 48: 1281, 10, 0
0 2 49: 1265, 22, 1
0 2 50: 1247, 22, 1
0 2 55: 1262, 22, 2
0 2 56: 1247, 22, 2
0 2 57: 1247, 22, 3
0 2 58: 299, 10, 2
0 2 59: 299, 10, 2
0 2 59: 1262, 22, 2
0 2 61: 1262, 22, 2
0 2 62: 1262, 22, 2
0 3 0: 1258, 22, 0
0 3 1: 1259, 22, 3
0 3 2: 1196, 10, 2
0 3 3: 321, 22, 1
0 3 3: 997, 0, 1
0 3 3: 1196, 10, 0
0 3 4: 1602, 3, 3
0 3 6: 1246, 22, 0
0 3 10: 447, 10, 2
0 3 10: 1257, 22, 1
0 3 11: 979, 0, 1
0 3 11: 1257, 22, 0
0 3 12: 1341, 10, 1
0 3 15: 1257, 22, 1
0 3 16: 1257, 22, 1
0 3 19: 1278, 10, 3
0 3 20: 1264, 22, 1
0 3 21: 980, 1, 0
0 3 22: 319, 22, 2
0 3 22: 980, 0, 3
0 3 23: 320, 22, 2
0 3 25: 312, 10, 3
0 3 26: 312, 10, 3
0 3 27: 312, 10, 3
0 3 33: 297, 10, 2
0 3 33: 320, 22, 1
0 3 34: 312, 10, 3
0 3 34: 319, 22, 0
0 3 35: 312, 10, 3
0 3 35: 320, 22, 3
0 3 37: 312, 10, 3
0 3 37: 320, 22, 0
0 3 38: 320, 22, 3
0 3 39: 312, 10, 3
0 3 39: 321, 22, 3
0 3 40: 312, 10, 1
0 3 40: 320, 22, 1
0 3 41: 312, 10, 3
0 3 43: 312, 10, 3
0 3 43: 980, 0, 1
0 3 46: 1276, 10, 2
0 3 47: 1247, 22, 3
0 3 50: 1246, 22, 1
0 3 52: 1276, 10, 2
0 3 53: 1246, 22, 0
0 3 54: 1262, 22, 2
0 3 56: 1262, 22, 2
0 3 58: 1257, 22, 3
0 3 59: 1257, 22, 0
0 3 60: 1257, 22, 0
0 4 0: 1257, 22, 3
0 4 1: 1258, 22, 2
0 4 3: 320, 22, 1
0 4 3: 997, 0, 1
0 4 3: 1196, 10, 3
0 4 9: 1264, 22, 2
0 4 9: 1278, 10, 0
0 4 11: 979, 0, 1
0 4 11: 1257, 22, 0
0 4 13: 447, 10, 0
0 4 14: 444, 10, 2
0 4 14: 1257, 22, 0
0 4 15: 1257, 22, 1
0 4 16: 1257, 22, 2
0 4 17: 1276, 10, 1
0 4 18: 1247, 22, 1
0 4 20: 1247, 22, 2
0 4 22: 320, 22, 1
0 4 22: 980, 0, 3
0 4 27: 320, 22, 1
0 4 31: 320, 22, 2
0 4 34: 320, 22, 2
0 4 36: 320, 22, 1
0 4 38: 320, 22, 2
0 4 39: 320, 22, 2
0 4 40: 320, 22, 2
0 4 41: 320, 22, 1
0 4 42: 320, 22, 0
0 4 43: 320, 22, 3
0 4 43: 980, 0, 1
0 4 46: 1246, 22, 2
0 4 48: 1246, 22, 3
0 4 50: 1247, 22, 1
0 4 52: 1247, 22, 0
0 4 55: 1262, 22, 2
0 4 56: 1258, 22, 1
0 4 56: 1602, 1, 1
0 4 57: 1257, 22, 1
0 4 57: 1602, 0, 2
0 4 58: 1257, 22, 0
0 4 58: 1602, 0, 2
0 4 59: 1257, 22, 3
0 4 59: 1602, 1, 2
0 4 60: 1258, 22, 2
0 4 61: 1257, 22, 2
0 4 62: 1257, 22, 1
0 4 63: 1262, 22, 2
0 5 0: 1257, 22, 0
0 5 1: 1189, 10, 1
0 5 1: 1259, 22, 0
0 5 2: 1259, 22, 3
0 5 3: 320, 22, 3
0 5 3: 997, 0, 1
0 5 10: 1246, 22, 2
0 5 11: 979, 0, 1
0 5 11: 1247, 22, 1
0 5 12: 445, 10, 2
0 5 14: 1257, 22, 3
0 5 15: 1257, 22, 0
0 5 16: 1258, 22, 0
0 5 17: 1246, 22, 3
0 5 18: 1258, 22, 2
0 5 19: 1276, 10, 3
0 5 20: 1247, 22, 3
0 5 22: 980, 0, 3
0 5 23: 320, 22, 3
0 5 25: 312, 10, 3
0 5 26: 320, 22, 2
0 5 27: 312, 10, 3
0 5 27: 319, 22, 1
0 5 28: 320, 22, 0
0 5 29: 312, 10, 3
0 5 30: 320, 22, 1
0 5 31: 312, 10, 3
0 5 31: 319, 22, 0
0 5 32: 320, 22, 3
0 5 33: 312, 10, 3
0 5 35: 312, 10, 3
0 5 35: 320, 22, 1
0 5 36: 321, 22, 1
0 5 37: 312, 10, 3
0 5 38: 312, 10, 2
0 5 39: 312, 10, 3
0 5 41: 312, 10, 3
0 5 41: 320, 22, 3
0 5 42: 321, 22, 0
0 5 43: 320, 22, 3
0 5 43: 980, 0, 1
0 5 45: 1247, 22, 1
0 5 45: 1281, 10, 0
0 5 47: 1264, 22, 3
0 5 48: 1276, 10, 3
0 5 49: 1264, 22, 3
0 5 54: 1259, 22, 1
0 5 55: 1258, 22, 2
0 5 55: 1602, 1, 1
0 5 56: 1602, 9, 1
0 5 57: 304, 10, 2
0 5 58: 365, 10, 2
0 5 59: 1602, 9, 2
0 5 60: 1259, 22, 0
0 5 60: 1602, 1, 2
0 5 61: 1258, 22, 3
0 5 62: 1258, 22, 0
0 5 63: 1257, 22, 3
0 6 0: 1189, 10, 0
0 6 1: 1258, 22, 3
0 6 2: 1258, 22, 2
0 6 3: 321, 22, 3
0 6 3: 997, 0, 1
0 6 3: 1198, 10, 3
0 6 4: 1281, 10, 1
0 6 4: 1602, 3, 3
0 6 5: 1247, 22, 2
0 6 6: 1247, 22, 1
0 6 9: 1258, 22, 1
0 6 10: 1247, 22, 1
0 6 11: 447, 10, 1
0 6 11: 979, 0, 1
0 6 11: 1247, 22, 2
0 6 13: 1257, 22, 2
0 6 14: 447, 10, 1
0 6 14: 1258, 22, 3
0 6 15: 447, 10, 3
0 6 15: 1258, 22, 2
0 6 16: 1259, 22, 0
0 6 17: 1259, 22, 0
0 6 18: 1258, 22, 3
0 6 19: 1246, 22, 0
0 6 20: 1247, 22, 0
0 6 21: 980, 1, 1
0 6 22: 320, 22, 0
0 6 22: 980, 0, 3
0 6 23: 321, 22, 0
0 6 24: 320, 22, 2
0 6 27: 320, 22, 1
0 6 30: 320, 22, 0
0 6 31: 320, 22, 0
0 6 32: 320, 22, 3
0 6 36: 320, 22, 3
0 6 38: 320, 22, 1
0 6 39: 320, 22, 1
0 6 40: 320, 22, 2
0 6 41: 320, 22, 2
0 6 43: 980, 0, 1
0 6 45: 1265, 22, 0
0 6 47: 1246, 22, 1
0 6 49: 1246, 22, 0
0 6 53: 1259, 22, 0
0 6 54: 1189, 10, 1
0 6 54: 1259, 22, 2
0 6 54: 1602, 1, 1
0 6 55: 1602, 9, 1
0 6 55: 1838, 8, 1
0 6 56: 1248, 22, 2
0 6 58: 1747, 10, 1
0 6 59: 365, 10, 0
0 6 60: 1602, 9, 2
0 6 60: 1838, 8, 2
0 6 61: 1259, 22, 3
0 6 61: 1602, 1, 2
0 6 62: 1259, 22, 2
0 6 63: 1258, 22, 1
0 7 1: 1257, 22, 0
0 7 3: 320, 22, 2
0 7 3: 997, 0, 1
0 7 3: 1195, 10, 1
0 7 4: 1246, 22, 1
0 7 6: 1246, 22, 2
0 7 9: 1258, 22, 2
0 7 10: 1259, 22, 2
0 7 11: 979, 0, 1
0 7 11: 1259, 22, 1
0 7 13: 1257, 22, 1
0 7 14: 1257, 22, 0
0 7 14: 1341, 10, 2
0 7 15: 1258, 22, 1
0 7 16: 1258, 22, 0
0 7 17: 1259, 22, 2
0 7 18: 1258, 22, 1
0 7 18: 1281, 10, 1
0 7 19: 1247, 22, 2
0 7 20: 1246, 22, 1
0 7 21: 980, 1, 0
0 7 22: 980, 9, 2
0 7 23: 320, 22, 1
0 7 23: 980, 1, 2
0 7 24: 320, 22, 2
0 7 25: 312, 10, 3
0 7 27: 312, 10, 3
0 7 28: 312, 10, 0
0 7 29: 312, 10, 3
0 7 30: 320, 22, 1
0 7 31: 312, 10, 3
0 7 32: 320, 22, 0
0 7 33: 312, 10, 3
0 7 33: 320, 22, 3
0 7 34: 312, 10, 1
0 7 34: 320, 22, 3
0 7 35: 312, 10, 3
0 7 37: 312, 10, 3
0 7 38: 320, 22, 0
0 7 39: 312, 10, 3
0 7 39: 319, 22, 2
0 7 40: 320, 22, 3
0 7 41: 312, 10, 3
0 7 42: 312, 10, 3
0 7 42: 320, 22, 2
0 7 43: 980, 0, 1
0 7 44: 980, 1, 2
0 7 45: 1247, 22, 0
0 7 46: 980, 1, 1
0 7 46: 1264, 22, 0
0 7 47: 980, 0, 2
0 7 48: 980, 0, 2
0 7 49: 980, 0, 2
0 7 50: 981, 3, 2
0 7 51: 1189, 10, 2
0 7 52: 1258, 22, 1
0 7 53: 1258, 22, 2
0 7 54: 1602, 9, 1
0 7 61: 1602, 9, 2
0 7 62: 1258, 22, 0
0 7 62: 1602, 1, 2
0 7 63: 1257, 22, 3
0 8 0: 1257, 22, 1
0 8 1: 1189, 10, 2
0 8 1: 1258, 22, 2
0 8 2: 1258, 22, 3
0 8 3: 997, 0, 1
0 8 5: 1247, 22, 1
0 8 6: 1247, 22, 0
0 8 9: 1247, 22, 3
0 8 9: 1276, 10, 3
0 8 10: 1264, 22, 1
0 8 11: 979, 0, 1
0 8 11: 1258, 22, 0
0 8 13: 447, 10, 3
0 8 14: 1257, 22, 2
0 8 15: 1258, 22, 3
0 8 16: 1259, 22, 1
0 8 17: 1257, 22, 0
0 8 18: 1257, 22, 0
0 8 19: 1257, 22, 2
0 8 22: 1246, 22, 2
0 8 23: 980, 0, 3
0 8 26: 320, 22, 2
0 8 29: 320, 22, 0
0 8 30: 321, 22, 2
0 8 31: 320, 22, 2
0 8 32: 320, 22, 0
0 8 33: 321, 22, 2
0 8 34: 320, 22, 2
0 8 37: 320, 22, 3
0 8 38: 320, 22, 0
0 8 39: 321, 22, 1
0 8 40: 320, 22, 0
0 8 41: 312, 10, 2
0 8 42: 980, 1, 1
0 8 43: 980, 9, 3
0 8 44: 980, 1, 3
0 8 45: 980, 1, 1
0 8 46: 980, 9, 1
0 8 51: 1248, 22, 1
0 8 53: 1530, 0, 1
0 8 57: 1781, 10, 0
0 8 57: 2775, 22, 0
0 8 60: 1262, 22, 2
0 8 61: 354, 10, 3
0 8 62: 1258, 22, 1
0 8 62: 1602, 0, 3
0 9 0: 1258, 22, 0
0 9 1: 1259, 22, 0
0 9 3: 320, 22, 1
0 9 3: 997, 0, 1
0 9 3: 1198, 10, 2
0 9 4: 1602, 3, 3
0 9 9: 1246, 22, 1
0 9 10: 1247, 22, 0
0 9 11: 979, 0, 1
0 9 11: 1258, 22, 3
0 9 15: 1257, 22, 2
0 9 16: 1257, 22, 1
0 9 18: 1247, 22, 1
0 9 20: 1247, 22, 1
0 9 21: 1247, 22, 1
0 9 23: 980, 9, 2
0 9 24: 980, 1, 2
0 9 25: 312, 10, 3
0 9 25: 320, 22, 3
0 9 26: 321, 22, 0
0 9 27: 312, 10, 3
0 9 27: 320, 22, 1
0 9 28: 320, 22, 2
0 9 29: 312, 10, 3
0 9 29: 319, 22, 1
0 9 30: 312, 10, 0
0 9 30: 320, 22, 3
0 9 31: 312, 10, 3
0 9 33: 312, 10, 3
0 9 35: 312, 10, 3
0 9 35: 320, 22, 2
0 9 36: 320, 22, 2
0 9 37: 312, 10, 3
0 9 39: 312, 10, 3
0 9 41: 312, 10, 3
0 9 42: 980, 0, 1
0 9 43: 980, 1, 3
0 9 44: 980, 1, 1
0 9 45: 980, 9, 1
0 9 54: 1602, 0, 3
0 9 60: 354, 10, 2
0 9 61: 355, 10, 0
0 9 62: 1602, 0, 3
0 9 63: 1258, 22, 2
0 10 0: 1258, 22, 1
0 10 1: 1259, 22, 3
0 10 3: 320, 22, 0
0 10 3: 997, 0, 1
0 10 11: 979, 0, 1
0 10 11: 1257, 22, 1
0 10 16: 1248, 22, 2
0 10 24: 980, 2, 2
0 10 25: 980, 0, 2
0 10 26: 320, 22, 0
0 10 26: 980, 0, 2
0 10 27: 320, 22, 1
0 10 27: 980, 0, 2
0 10 28: 980, 0, 2
0 10 29: 320, 22, 0
0 10 29: 980, 0, 2
0 10 30: 980, 0, 2
0 10 31: 1008, 0, 2
0 10 32: 1553, 0, 2
0 10 33: 1551, 0, 2
0 10 34: 1007, 0, 2
0 10 35: 320, 22, 1
0 10 35: 980, 0, 2
0 10 36: 321, 22, 1
0 10 36: 980, 0, 2
0 10 37: 320, 22, 2
0 10 37: 980, 0, 2
0 10 38: 980, 0, 2
0 10 39: 980, 0, 2
0 10 40: 312, 10, 0
0 10 40: 980, 0, 2
0 10 41: 980, 0, 2
0 10 42: 980, 2, 1
0 10 43: 981, 3, 1
0 10 44: 980, 9, 1
0 10 48: 980, 1, 1
0 10 49: 980, 0, 2
0 10 49: 1258, 22, 0
0 10 50: 981, 3, 2
0 10 50: 1257, 22, 3
0 10 51: 1257, 22, 3
0 10 52: 1257, 22, 0
0 10 53: 1189, 10, 3
0 10 53: 1258, 22, 0
0 10 54: 1602, 9, 0
0 10 57: 1262, 22, 2
0 10 59: 1263, 22, 2
0 10 60: 1248, 22, 1
0 10 61: 1602, 9, 3
0 10 62: 1258, 22, 2
0 10 62: 1602, 1, 3
0 10 63: 1257, 22, 2
0 11 0: 1257, 22, 0
0 11 1: 1258, 22, 1
0 11 3: 321, 22, 0
0 11 3: 997, 0, 1
0 11 4: 1257, 22, 0
0 11 5: 1247, 22, 2
0 11 5: 1278, 10, 0
0 11 6: 1247, 22, 1
0 11 7: 1257, 22, 3
0 11 39: 1248, 22, 2
0 11 47: 980, 1, 1
0 11 48: 980, 9, 1
0 11 48: 1259, 22, 3
0 11 49: 1258, 22, 1
0 11 50: 1257, 22, 2
0 11 51: 1247, 22, 0
0 11 51: 1276, 10, 1
0 11 52: 1247, 22, 1
0 11 53: 1258, 22, 1
0 11 54: 1259, 22, 3
0 11 54: 1602, 1, 0
0 11 55: 1602, 9, 0
0 11 55: 1838, 8, 0
0 11 58: 1263, 22, 2
0 11 60: 1602, 9, 3
0 11 60: 1838, 8, 3
0 11 61: 1259, 22, 3
0 11 61: 1602, 1, 3
0 11 62: 1258, 22, 1
0 11 63: 1257, 22, 1
0 12 1: 1257, 22, 3
0 12 3: 320, 22, 3
0 12 3: 997, 0, 1
0 12 3: 1195, 10, 2
0 12 4: 1257, 22, 3
0 12 4: 1602, 3, 2
0 12 5: 1247, 22, 1
0 12 6: 1264, 22, 2
0 12 7: 1258, 22, 0
0 12 8: 1278, 10, 3
0 12 9: 1246, 22, 0
0 12 47: 980, 0, 1
0 12 47: 1259, 22, 0
0 12 48: 1259, 22, 3
0 12 49: 1189, 10, 1
0 12 49: 1257, 22, 2
0 12 51: 1247, 22, 2
0 12 52: 1247, 22, 3
0 12 53: 1259, 22, 2
0 12 54: 1258, 22, 3
0 12 55: 1259, 22, 1
0 12 55: 1602, 1, 0
0 12 56: 1602, 9, 0
0 12 57: 365, 10, 2
0 12 58: 355, 10, 2
0 12 59: 1602, 9, 3
0 12 60: 1259, 22, 0
0 12 60: 1602, 1, 3
0 12 61: 1259, 22, 3
0 12 62: 1258, 22, 1
0 12 63: 1257, 22, 1
0 13 3: 320, 22, 2
0 13 3: 997, 0, 1
0 13 3: 1198, 10, 0
0 13 4: 1257, 22, 0
0 13 5: 1258, 22, 3
0 13 6: 1189, 10, 2
0 13 6: 1258, 22, 3
0 13 7: 1259, 22, 1
0 13 8: 1246, 22, 3
0 13 13: 1276, 10, 3
0 13 14: 1246, 22, 0
0 13 21: 1248, 22, 3
0 13 24: 1259, 22, 1
0 13 25: 1258, 22, 3
0 13 26: 1258, 22, 0
0 13 27: 1257, 22, 3
0 13 29: 1247, 22, 1
0 13 29: 1276, 10, 0
0 13 32: 1259, 22, 2
0 13 33: 1257, 22, 2
0 13 39: 981, 3, 0
0 13 39: 1257, 22, 3
0 13 40: 980, 0, 0
0 13 40: 1257, 22, 3
0 13 41: 980, 0, 0
0 13 41: 1257, 22, 0
0 13 42: 980, 0, 0
0 13 42: 1259, 22, 2
0 13 43: 980, 9, 0
0 13 45: 1248, 22, 1
0 13 47: 980, 0, 1
0 13 48: 1258, 22, 3
0 13 49: 1257, 22, 3
0 13 53: 1258, 22, 3
0 13 54: 1258, 22, 2
0 13 55: 1258, 22, 0
0 13 56: 1257, 22, 2
0 13 57: 1257, 22, 1
0 13 57: 1602, 0, 0
0 13 58: 1602, 0, 0
0 13 60: 1259, 22, 0
0 13 61: 1258, 22, 3
0 13 62: 1257, 22, 2
0 13 63: 1257, 22, 1
0 14 0: 1257, 22, 1
0 14 1: 1258, 22, 1
0 14 2: 1257, 22, 2
0 14 3: 997, 0, 1
0 14 3: 1196, 10, 1
0 14 4: 1189, 10, 3
0 14 4: 1258, 22, 3
0 14 5: 1259, 22, 0
0 14 6: 1259, 22, 3
0 14 7: 1258, 22, 1
0 14 12: 979, 0, 3
0 14 13: 1247, 22, 0
0 14 17: 1247, 22, 2
0 14 17: 1276, 10, 2
0 14 18: 1246, 22, 1
0 14 22: 993, 10, 1
0 14 23: 1257, 22, 1
0 14 24: 1257, 22, 0
0 14 25: 1259, 22, 3
0 14 26: 1258, 22, 2
0 14 27: 1247, 22, 3
0 14 27: 1276, 10, 3
0 14 28: 1247, 22, 1
0 14 29: 1247, 22, 2
0 14 32: 1259, 22, 0
0 14 33: 1257, 22, 2
0 14 35: 1257, 22, 3
0 14 36: 1259, 22, 3
0 14 37: 1259, 22, 2
0 14 38: 1278, 10, 0
0 14 39: 1246, 22, 2
0 14 40: 1257, 22, 1
0 14 41: 1259, 22, 3
0 14 42: 1259, 22, 0
0 14 43: 980, 1, 0
0 14 43: 1259, 22, 1
0 14 44: 980, 9, 0
0 14 47: 980, 0, 1
0 14 48: 1258, 22, 1
0 14 49: 563, 10, 0
0 14 49: 1257, 22, 1
0 14 50: 1276, 10, 0
0 14 51: 1246, 22, 1
0 14 52: 1189, 10, 0
0 14 55: 419, 10, 2
0 14 55: 1602, 2, 3
0 14 56: 1602, 0, 0
0 14 57: 891, 5, 0
0 14 57: 917, 22, 3
0 14 57: 1602, 0, 0
0 14 58: 917, 22, 0
0 14 58: 1602, 0, 0
0 14 59: 348, 10, 0
0 14 59: 1602, 2, 0
0 14 60: 1259, 22, 1
0 14 62: 1257, 22, 2
0 15 0: 1258, 22, 2
0 15 1: 1189, 10, 0
0 15 1: 1259, 22, 3
0 15 2: 1258, 22, 0
0 15 3: 997, 0, 1
0 15 3: 1198, 10, 1
0 15 4: 1258, 22, 2
0 15 4: 1602, 3, 2
0 15 5: 1257, 22, 2
0 15 12: 979, 0, 3
0 15 17: 1247, 22, 3
0 15 20: 980, 9, 3
0 15 21: 320, 22, 0
0 15 21: 980, 0, 0
0 15 22: 320, 22, 0
0 15 23: 320, 22, 3
0 15 23: 980, 0, 0
0 15 24: 320, 22, 3
0 15 24: 980, 0, 0
0 15 25: 980, 9, 0
0 15 27: 1247, 22, 0
0 15 28: 1246, 22, 0
0 15 31: 1258, 22, 1
0 15 32: 1257, 22, 1
0 15 33: 1257, 22, 1
0 15 35: 1257, 22, 0
0 15 36: 1258, 22, 0
0 15 37: 1258, 22, 1
0 15 38: 1246, 22, 3
0 15 41: 884, 10, 1
0 15 41: 1247, 22, 0
0 15 42: 1264, 22, 2
0 15 43: 1259, 22, 2
0 15 44: 980, 0, 1
0 15 44: 1258, 22, 2
0 15 47: 980, 0, 1
0 15 48: 1258, 22, 0
0 15 49: 1257, 22, 1
0 15 50: 1247, 22, 1
0 15 54: 1257, 22, 3
0 15 55: 1602, 0, 3
0 15 57: 918, 22, 2
0 15 58: 918, 22, 0
0 15 59: 1602, 0, 1
0 15 59: 1821, 5, 1
0 15 60: 1821, 4, 3
0 16 0: 1257, 22, 2
0 16 1: 1258, 22, 3
0 16 2: 1259, 22, 1
0 16 3: 997, 0, 1
0 16 4: 1257, 22, 1
0 16 5: 1248, 22, 3
0 16 11: 1258, 22, 3
0 16 12: 979, 0, 3
0 16 13: 980, 9, 3
0 16 14: 980, 0, 0
0 16 15: 980, 0, 0
0 16 16: 980, 0, 0
0 16 17: 980, 9, 0
0 16 19: 980, 9, 3
0 16 20: 980, 1, 3
0 16 21: 321, 22, 3
0 16 22: 313, 10, 2
0 16 23: 313, 10, 1
0 16 25: 980, 1, 0
0 16 26: 980, 9, 0
0 16 28: 1844, 4, 2
0 16 31: 1844, 4, 2
0 16 33: 1902, 3, 1
0 16 34: 1533, 0, 2
0 16 35: 1902, 3, 2
0 16 36: 1257, 22, 0
0 16 36: 1844, 4, 2
0 16 37: 1258, 22, 3
0 16 38: 1258, 22, 2
0 16 39: 1263, 22, 0
0 16 41: 1246, 22, 2
0 16 42: 1247, 22, 3
0 16 43: 1258, 22, 0
0 16 44: 980, 0, 1
0 16 44: 1257, 22, 3
0 16 47: 980, 0, 1
0 16 48: 1257, 22, 0
0 16 54: 1258, 22, 1
0 16 54: 1821, 4, 1
0 16 55: 1602, 0, 3
0 16 55: 1821, 5, 3
0 16 56: 1093, 11, 2
0 16 57: 603, 10, 0
0 16 57: 918, 22, 2
0 16 58: 918, 22, 0
0 16 58: 1093, 10, 0
0 16 59: 1602, 0, 1
0 17 0: 1189, 10, 3
0 17 0: 1258, 22, 0
0 17 1: 1259, 22, 2
0 17 3: 320, 22, 1
0 17 3: 997, 0, 1
0 17 3: 1196, 10, 0
0 17 8: 1257, 22, 3
0 17 9: 1258, 22, 1
0 17 10: 447, 10, 2
0 17 10: 1258, 22, 0
0 17 11: 1259, 22, 3
0 17 12: 979, 0, 3
0 17 12: 980, 9, 3
0 17 13: 980, 1, 3
0 17 14: 313, 10, 3
0 17 14: 319, 22, 3
0 17 15: 313, 10, 1
0 17 16: 313, 10, 0
0 17 16: 321, 22, 0
0 17 17: 980, 1, 0
0 17 18: 320, 22, 2
0 17 18: 980, 0, 0
0 17 19: 320, 22, 1
0 17 19: 980, 1, 3
0 17 20: 319, 22, 2
0 17 21: 313, 10, 0
0 17 22: 313, 10, 2
0 17 23: 313, 10, 0
0 17 24: 313, 10, 1
0 17 24: 320, 22, 0
0 17 25: 321, 22, 2
0 17 26: 320, 22, 2
0 17 27: 391, 5, 3
0 17 27: 1902, 2, 3
0 17 28: 1844, 5, 0
0 17 28: 1902, 0, 0
0 17 29: 350, 10, 0
0 17 29: 1902, 0, 0
0 17 30: 887, 5, 0
0 17 30: 1902, 0, 0
0 17 31: 374, 10, 2
0 17 31: 1844, 5, 0
0 17 31: 1902, 0, 0
0 17 32: 1902, 2, 3
0 17 33: 196, 5, 0
0 17 33: 336, 22, 3
0 17 33: 1902, 0, 0
0 17 34: 916, 22, 1
0 17 35: 196, 5, 0
0 17 35: 1902, 0, 0
0 17 36: 336, 22, 1
0 17 36: 1844, 5, 0
0 17 36: 1902, 0, 0
0 17 37: 335, 22, 1
0 17 37: 1902, 2, 0
0 17 38: 1262, 22, 2
0 17 40: 1263, 22, 2
0 17 43: 1257, 22, 2
0 17 44: 980, 0, 1
0 17 47: 980, 0, 1
0 17 48: 1257, 22, 0
0 17 48: 1276, 10, 1
0 17 49: 1246, 22, 1
0 17 50: 1189, 10, 3
0 17 51: 1247, 22, 2
0 17 51: 1276, 10, 0
0 17 53: 1257, 22, 0
0 17 54: 1259, 22, 2
0 17 55: 1602, 0, 3
0 17 57: 918, 22, 2
0 17 58: 918, 22, 0
0 17 58: 1093, 10, 0
0 17 59: 1530, 0, 1
0 17 60: 1258, 22, 0
0 17 61: 1257, 22, 0
0 18 0: 1258, 22, 1
0 18 1: 1257, 22, 1
0 18 2: 320, 22, 3
0 18 2: 1197, 10, 2
0 18 3: 321, 22, 2
0 18 3: 997, 0, 1
0 18 3: 1198, 10, 3
0 18 6: 1602, 1, 1
0 18 7: 1257, 22, 1
0 18 7: 1602, 0, 2
0 18 8: 1258, 22, 2
0 18 8: 1602, 0, 2
0 18 9: 1259, 22, 3
0 18 9: 1602, 0, 2
0 18 10: 1259, 22, 0
0 18 10: 1602, 0, 2
0 18 10: 1838, 5, 2
0 18 11: 1259, 22, 0
0 18 11: 1602, 0, 2
0 18 12: 979, 0, 3
0 18 13: 313, 10, 2
0 18 13: 320, 22, 2
0 18 14: 313, 10, 3
0 18 15: 313, 10, 3
0 18 16: 313, 10, 1
0 18 17: 313, 10, 3
0 18 18: 313, 10, 1
0 18 18: 320, 22, 3
0 18 19: 313, 10, 3
0 18 19: 320, 22, 0
0 18 20: 313, 10, 2
0 18 21: 313, 10, 2
0 18 22: 313, 10, 1
0 18 22: 321, 22, 3
0 18 23: 313, 10, 3
0 18 24: 313, 10, 2
0 18 25: 320, 22, 0
0 18 26: 320, 22, 1
0 18 27: 1902, 0, 3
0 18 27: 2728, 10, 3
0 18 29: 336, 22, 3
0 18 32: 196, 5, 3
0 18 32: 1902, 0, 3
0 18 37: 196, 5, 1
0 18 37: 336, 22, 0
0 18 37: 1902, 0, 1
0 18 39: 1262, 22, 2
0 18 42: 1263, 22, 0
0 18 44: 980, 0, 1
0 18 47: 980, 0, 1
0 18 48: 1247, 22, 3
0 18 49: 1264, 22, 1
0 18 51: 1247, 22, 2
0 18 52: 1246, 22, 3
0 18 53: 1258, 22, 3
0 18 54: 1259, 22, 3
0 18 54: 1821, 4, 1
0 18 55: 1602, 0, 3
0 18 55: 1821, 5, 3
0 18 56: 1093, 11, 1
0 18 57: 918, 22, 2
0 18 58: 918, 22, 0
0 18 59: 1602, 0, 1
0 18 59: 1821, 5, 1
0 18 60: 1259, 22, 3
0 18 60: 1821, 4, 3
0 18 61: 1258, 22, 3
0 18 62: 1257, 22, 3
0 19 2: 320, 22, 0
0 19 2: 1197, 10, 3
0 19 2: 1602, 3, 1
0 19 3: 997, 9, 1
0 19 5: 1602, 1, 1
0 19 6: 1602, 9, 1
0 19 6: 1838, 8, 1
0 19 7: 1017, 10, 0
0 19 8: 687, 22, 3
0 19 8: 706, 4, 0
0 19 9: 423, 10, 0
0 19 10: 1838, 4, 0
0 19 11: 1602, 0, 1
0 19 12: 979, 0, 3
0 19 13: 313, 10, 1
0 19 13: 320, 22, 1
0 19 14: 313, 10, 3
0 19 15: 313, 11, 3
0 19 16: 313, 10, 3
0 19 16: 321, 22, 2
0 19 17: 313, 11, 1
0 19 18: 313, 10, 3
0 19 18: 319, 22, 2
0 19 19: 313, 11, 0
0 19 19: 320, 22, 1
0 19 20: 313, 10, 3
0 19 21: 313, 11, 1
0 19 22: 313, 10, 3
0 19 23: 313, 11, 1
0 19 24: 313, 10, 3
0 19 25: 313, 10, 3
0 19 26: 320, 22, 1
0 19 27: 1902, 0, 3
0 19 27: 2772, 22, 0
0 19 29: 1102, 10, 1
0 19 31: 916, 22, 0
0 19 32: 336, 22, 3
0 19 32: 1530, 0, 3
0 19 35: 917, 22, 3
0 19 36: 917, 22, 0
0 19 37: 1844, 5, 1
0 19 37: 1902, 0, 1
0 19 38: 1844, 4, 3
0 19 39: 1262, 22, 2
0 19 40: 1262, 22, 2
0 19 42: 1257, 22, 2
0 19 43: 1263, 22, 3
0 19 44: 981, 3, 0
0 19 47: 980, 1, 0
0 19 48: 980, 9, 0
0 19 50: 1276, 10, 2
0 19 51: 1246, 22, 2
0 19 52: 1257, 22, 2
0 19 53: 1189, 10, 1
0 19 53: 1259, 22, 0
0 19 54: 1258, 22, 3
0 19 55: 1602, 2, 2
0 19 56: 1602, 0, 2
0 19 56: 1821, 5, 2
0 19 57: 917, 22, 2
0 19 57: 1602, 0, 2
0 19 58: 917, 22, 1
0 19 58: 1602, 0, 2
0 19 58: 1821, 5, 2
0 19 59: 1602, 2, 1
0 19 60: 1259, 22, 2
0 19 61: 1259, 22, 3
0 19 62: 1247, 22, 2
0 19 62: 1276, 10, 0
0 19 63: 1247, 22, 2
0 20 1: 1602, 3, 1
0 20 2: 997, 9, 1
0 20 5: 1530, 0, 1
0 20 6: 916, 22, 0
0 20 7: 917, 22, 3
0 20 8: 917, 22, 0
0 20 11: 1602, 0, 1
0 20 12: 979, 0, 3
0 20 13: 313, 10, 0
0 20 14: 313, 10, 3
0 20 14: 320, 22, 3
0 20 15: 313, 11, 1
0 20 16: 313, 10, 3
0 20 17: 313, 11, 0
0 20 18: 313, 10, 3
0 20 19: 313, 11, 1
0 20 19: 320, 22, 2
0 20 20: 313, 10, 3
0 20 21: 313, 11, 2
0 20 22: 313, 10, 3
0 20 23: 313, 11, 0
0 20 23: 1248, 22, 0
0 20 24: 313, 10, 3
0 20 25: 313, 10, 0
0 20 25: 320, 22, 1
0 20 27: 1022, 5, 3
0 20 27: 1902, 0, 3
0 20 28: 593, 10, 0
0 20 28: 952, 22, 0
0 20 29: 950, 22, 0
0 20 30: 1102, 10, 1
0 20 31: 888, 4, 1
0 20 32: 196, 5, 3
0 20 32: 335, 22, 0
0 20 32: 1902, 2, 2
0 20 33: 336, 22, 0
0 20 33: 906, 5, 2
0 20 33: 1902, 0, 2
0 20 34: 1530, 3, 2
0 20 35: 918, 22, 2
0 20 36: 918, 22, 0
0 20 37: 1902, 0, 1
0 20 38: 298, 10, 2
0 20 39: 299, 10, 2
0 20 42: 300, 10, 2
0 20 42: 1257, 22, 3
0 20 43: 1257, 22, 3
0 20 48: 980, 1, 0
0 20 49: 980, 0, 0
0 20 50: 981, 3, 3
0 20 50: 1247, 22, 0
0 20 51: 1257, 22, 1
0 20 52: 1257, 22, 2
0 20 53: 1259, 22, 1
0 20 56: 1821, 4, 0
0 20 58: 1821, 4, 0
0 20 61: 1258, 22, 3
0 20 62: 1247, 22, 3
0 20 63: 1247, 22, 1
0 21 0: 1602, 3, 1
0 21 1: 997, 9, 1
0 21 5: 1602, 0, 1
0 21 7: 918, 22, 2
0 21 8: 918, 22, 0
0 21 9: 686, 22, 1
0 21 10: 356, 10, 3
0 21 11: 358, 10, 2
0 21 11: 706, 5, 1
0 21 11: 1602, 0, 1
0 21 12: 321, 22, 1
0 21 12: 979, 0, 3
0 21 13: 313, 10, 2
0 21 14: 313, 10, 3
0 21 15: 313, 11, 0
0 21 16: 313, 10, 3
0 21 16: 1248, 22, 1
0 21 17: 313, 11, 2
0 21 18: 313, 10, 3
0 21 18: 321, 22, 2
0 21 19: 313, 10, 3
0 21 20: 313, 10, 3
0 21 21: 313, 11, 3
0 21 22: 313, 10, 3
0 21 23: 313, 11, 3
0 21 24: 313, 10, 3
0 21 25: 313, 10, 1
0 21 25: 320, 22, 1
0 21 27: 391, 5, 3
0 21 27: 1902, 0, 3
0 21 28: 953, 22, 0
0 21 29: 951, 22, 0
0 21 32: 336, 22, 3
0 21 33: 604, 10, 1
0 21 34: 347, 10, 3
0 21 34: 1902, 0, 3
0 21 35: 918, 22, 2
0 21 36: 918, 22, 0
0 21 37: 347, 10, 1
0 21 37: 1902, 0, 1
0 21 41: 1263, 22, 2
0 21 42: 1262, 22, 2
0 21 43: 1257, 22, 3
0 21 44: 1257, 22, 2
0 21 57: 1248, 22, 3
0 22 0: 997, 0, 1
0 22 5: 1602, 0, 1
0 22 5: 1838, 5, 1
0 22 6: 1089, 10, 1
0 22 6: 1838, 4, 3
0 22 7: 917, 22, 2
0 22 8: 917, 22, 1
0 22 10: 357, 10, 1
0 22 11: 1016, 10, 1
0 22 11: 1602, 0, 1
0 22 12: 979, 0, 3
0 22 14: 313, 10, 3
0 22 15: 313, 11, 2
0 22 16: 313, 10, 1
0 22 17: 313, 10, 0
0 22 18: 313, 10, 3
0 22 18: 321, 22, 1
0 22 19: 313, 11, 3
0 22 20: 313, 10, 3
0 22 21: 313, 11, 0
0 22 22: 313, 10, 3
0 22 23: 313, 11, 2
0 22 24: 313, 10, 3
0 22 25: 313, 10, 1
0 22 26: 320, 22, 0
0 22 27: 196, 5, 3
0 22 27: 1902, 0, 3
0 22 28: 1102, 10, 2
0 22 31: 336, 22, 1
0 22 31: 424, 10, 0
0 22 32: 335, 22, 3
0 22 33: 899, 4, 1
0 22 34: 196, 5, 3
0 22 34: 1902, 0, 3
0 22 35: 918, 22, 2
0 22 36: 918, 22, 0
0 22 37: 196, 5, 1
0 22 37: 1902, 0, 1
0 22 38: 298, 10, 2
0 22 38: 1844, 4, 3
0 22 39: 299, 10, 2
0 22 40: 299, 10, 2
0 22 42: 1263, 22, 1
0 22 43: 1257, 22, 3
0 22 44: 1259, 22, 1
0 22 45: 1259, 22, 1
0 22 51: 1248, 22, 0
0 23 0: 997, 0, 0
0 23 2: 1248, 22, 2
0 23 5: 1258, 22, 0
0 23 5: 1602, 0, 1
0 23 7: 595, 10, 2
0 23 11: 356, 10, 2
0 23 11: 705, 5, 1
0 23 11: 1602, 0, 1
0 23 12: 979, 0, 3
0 23 13: 319, 22, 1
0 23 14: 313, 10, 3
0 23 15: 313, 10, 1
0 23 16: 313, 10, 3
0 23 16: 319, 22, 3
0 23 17: 313, 11, 2
0 23 18: 313, 10, 3
0 23 19: 313, 10, 0
0 23 20: 313, 10, 3
0 23 21: 313, 11, 2
0 23 22: 313, 10, 3
0 23 22: 321, 22, 0
0 23 23: 313, 11, 1
0 23 24: 313, 10, 3
0 23 24: 319, 22, 1
0 23 25: 320, 22, 3
0 23 26: 320, 22, 0
0 23 27: 906, 5, 3
0 23 27: 1902, 0, 3
0 23 28: 917, 22, 3
0 23 29: 917, 22, 0
0 23 30: 362, 10, 2
0 23 31: 336, 22, 1
0 23 33: 901, 4, 1
0 23 34: 1902, 0, 3
0 23 35: 917, 22, 2
0 23 36: 917, 22, 1
0 23 36: 1096, 11, 3
0 23 37: 1902, 0, 1
0 23 41: 980, 9, 3
0 23 42: 980, 0, 0
0 23 43: 980, 0, 0
0 23 44: 980, 0, 0
0 23 44: 1263, 22, 1
0 23 45: 980, 9, 0
0 23 45: 1259, 22, 0
0 23 46: 1259, 22, 3
0 23 47: 993, 10, 1
0 23 47: 1258, 22, 1
0 23 56: 1276, 10, 0
0 23 57: 1247, 22, 3
0 23 58: 1257, 22, 0
0 23 59: 1257, 22, 1
0 24 3: 1258, 22, 3
0 24 4: 1259, 22, 2
0 24 5: 1259, 22, 0
0 24 5: 1602, 0, 1
0 24 6: 705, 4, 3
0 24 6: 1088, 11, 1
0 24 8: 688, 22, 3
0 24 9: 423, 10, 0
0 24 11: 1602, 0, 1
0 24 12: 979, 0, 3
0 24 13: 313, 10, 1
0 24 13: 319, 22, 2
0 24 14: 313, 10, 3
0 24 15: 313, 10, 1
0 24 15: 321, 22, 1
0 24 16: 313, 10, 2
0 24 17: 313, 11, 1
0 24 18: 313, 10, 3
0 24 19: 297, 10, 3
0 24 20: 313, 10, 3
0 24 21: 313, 11, 3
0 24 22: 313, 10, 3
0 24 23: 313, 10, 3
0 24 24: 313, 10, 2
0 24 24: 320, 22, 2
0 24 26: 320, 22, 1
0 24 27: 1902, 0, 3
0 24 27: 2727, 10, 3
0 24 28: 918, 22, 2
0 24 29: 918, 22, 0
0 24 34: 1902, 0, 3
0 24 35: 595, 10, 3
0 24 37: 1902, 0, 1
0 24 38: 980, 0, 0
0 24 39: 980, 0, 0
0 24 40: 980, 0, 0
0 24 40: 1262, 22, 3
0 24 41: 981, 3, 3
0 24 42: 1262, 22, 2
0 24 44: 1257, 22, 1
0 24 45: 981, 3, 0
0 24 45: 1258, 22, 2
0 24 46: 980, 0, 0
0 24 46: 1258, 22, 0
0 24 47: 1257, 22, 3
0 24 48: 980, 0, 0
0 24 48: 1257, 22, 2
0 24 49: 980, 9, 0
0 24 49: 1257, 22, 2
0 24 50: 1257, 22, 3
0 24 51: 1257, 22, 3
0 24 52: 1247, 22, 0
0 24 52: 1276, 10, 3
0 24 53: 1247, 22, 1
0 24 56: 1247, 22, 0
0 24 57: 1246, 22, 3
0 24 58: 1247, 22, 0
0 24 58: 1281, 10, 0
0 24 59: 1247, 22, 0
0 24 60: 1246, 22, 1
0 24 61: 1247, 22, 2
0 24 61: 1276, 10, 3
0 24 62: 1258, 22, 2
0 24 63: 1259, 22, 0
0 25 0: 1257, 22, 0
0 25 1: 1257, 22, 2
0 25 2: 1247, 22, 0
0 25 2: 1278, 10, 1
0 25 3: 1247, 22, 1
0 25 4: 1258, 22, 1
0 25 5: 1259, 22, 3
0 25 5: 1602, 0, 1
0 25 6: 365, 10, 0
0 25 6: 688, 22, 3
0 25 7: 1838, 4, 2
0 25 8: 706, 4, 2
0 25 10: 1838, 4, 2
0 25 11: 1602, 0, 1
0 25 12: 320, 22, 0
0 25 12: 979, 0, 3
0 25 14: 313, 10, 3
0 25 15: 313, 11, 1
0 25 15: 320, 22, 2
0 25 16: 313, 10, 0
0 25 17: 313, 10, 0
0 25 17: 319, 22, 0
0 25 18: 313, 10, 3
0 25 19: 313, 11, 3
0 25 20: 313, 10, 0
0 25 20: 321, 22, 0
0 25 21: 313, 11, 0
0 25 22: 313, 10, 3
0 25 23: 313, 10, 0
0 25 24: 313, 10, 2
0 25 25: 313, 10, 3
0 25 26: 320, 22, 1
0 25 27: 196, 5, 3
0 25 27: 364, 10, 2
0 25 27: 1902, 2, 2
0 25 28: 917, 22, 2
0 25 28: 1902, 0, 2
0 25 29: 917, 22, 1
0 25 29: 1844, 5, 2
0 25 29: 1902, 0, 2
0 25 30: 1023, 5, 2
0 25 30: 1902, 0, 2
0 25 31: 1902, 0, 2
0 25 32: 887, 5, 2
0 25 32: 1902, 0, 2
0 25 33: 196, 4, 1
0 25 33: 375, 10, 3
0 25 33: 1902, 0, 2
0 25 34: 196, 5, 3
0 25 34: 1902, 2, 2
0 25 35: 1844, 5, 2
0 25 35: 1902, 0, 2
0 25 36: 1902, 0, 2
0 25 37: 196, 5, 1
0 25 37: 1902, 2, 1
0 25 38: 1262, 22, 2
0 25 41: 1257, 22, 2
0 25 42: 1257, 22, 1
0 25 43: 1262, 22, 0
0 25 44: 1257, 22, 1
0 25 45: 1258, 22, 1
0 25 46: 1259, 22, 2
0 25 47: 1258, 22, 3
0 25 48: 1257, 22, 0
0 25 49: 980, 1, 0
0 25 49: 1257, 22, 0
0 25 50: 980, 9, 0
0 25 50: 1258, 22, 0
0 25 51: 1258, 22, 3
0 25 52: 1246, 22, 1
0 25 53: 1247, 22, 2
0 25 54: 1276, 10, 0
0 25 55: 1264, 22, 1
0 25 58: 1265, 22, 3
0 25 59: 1257, 22, 3
0 25 60: 1257, 22, 2
0 25 61: 1258, 22, 3
0 25 62: 1246, 22, 0
0 25 63: 1259, 22, 3
0 26 1: 1257, 22, 3
0 26 2: 1247, 22, 3
0 26 3: 1246, 22, 2
0 26 4: 1258, 22, 3
0 26 5: 1258, 22, 2
0 26 5: 1602, 3, 0
0 26 6: 1258, 22, 2
0 26 6: 1602, 0, 0
0 26 7: 1602, 0, 0
0 26 7: 1838, 5, 0
0 26 8: 1602, 0, 0
0 26 9: 1602, 0, 0
0 26 10: 1602, 0, 0
0 26 10: 1838, 5, 0
0 26 11: 1602, 0, 0
0 26 12: 979, 0, 3
0 26 13: 313, 10, 2
0 26 14: 313, 10, 3
0 26 15: 313, 11, 1
0 26 16: 313, 10, 3
0 26 17: 313, 10, 0
0 26 17: 321, 22, 0
0 26 18: 313, 10, 1
0 26 18: 320, 22, 1
0 26 19: 313, 11, 2
0 26 20: 313, 10, 3
0 26 21: 313, 10, 0
0 26 21: 321, 22, 3
0 26 22: 313, 10, 0
0 26 22: 320, 22, 1
0 26 23: 313, 10, 1
0 26 24: 313, 10, 2
0 26 24: 319, 22, 3
0 26 25: 313, 10, 2
0 26 27: 980, 0, 3
0 26 27: 1259, 22, 3
0 26 29: 1844, 4, 0
0 26 35: 1844, 4, 0
0 26 36: 1257, 22, 1
0 26 37: 1257, 22, 0
0 26 38: 1257, 22, 0
0 26 39: 1257, 22, 3
0 26 40: 1263, 22, 3
0 26 41: 1257, 22, 2
0 26 42: 1257, 22, 0
0 26 43: 1257, 22, 3
0 26 45: 1257, 22, 1
0 26 46: 1257, 22, 1
0 26 49: 1258, 22, 0
0 26 50: 980, 1, 0
0 26 50: 1258, 22, 0
0 26 51: 980, 9, 0
0 26 51: 1259, 22, 1
0 26 52: 1258, 22, 2
0 26 53: 1257, 22, 0
0 26 54: 1257, 22, 1
0 26 58: 1264, 22, 2
0 26 59: 1257, 22, 3
0 26 60: 1247, 22, 3
0 26 61: 1259, 22, 3
0 26 62: 1258, 22, 3
0 26 63: 1258, 22, 0
0 27 2: 1281, 10, 2
0 27 3: 1247, 22, 1
0 27 4: 1247, 22, 3
0 27 7: 1247, 22, 0
0 27 12: 320, 22, 0
0 27 12: 979, 0, 3
0 27 13: 313, 10, 3
0 27 14: 313, 10, 3
0 27 14: 321, 22, 2
0 27 15: 313, 11, 0
0 27 15: 320, 22, 1
0 27 16: 313, 10, 3
0 27 16: 320, 22, 3
0 27 17: 313, 10, 1
0 27 18: 313, 10, 2
0 27 19: 313, 10, 3
0 27 19: 320, 22, 2
0 27 20: 313, 10, 3
0 27 20: 320, 22, 2
0 27 21: 313, 10, 0
0 27 22: 313, 10, 0
0 27 22: 320, 22, 1
0 27 23: 313, 10, 1
0 27 24: 313, 10, 1
0 27 24: 321, 22, 1
0 27 25: 320, 22, 1
0 27 26: 320, 22, 0
0 27 27: 980, 0, 3
0 27 33: 1257, 22, 2
0 27 34: 1257, 22, 3
0 27 36: 1258, 22, 0
0 27 37: 1258, 22, 0
0 27 38: 1258, 22, 3
0 27 39: 1257, 22, 3
0 27 40: 1263, 22, 3
0 27 41: 1259, 22, 1
0 27 42: 1263, 22, 2
0 27 43: 1258, 22, 1
0 27 44: 1257, 22, 3
0 27 50: 1259, 22, 2
0 27 51: 980, 1, 0
0 27 51: 1259, 22, 2
0 27 52: 980, 9, 0
0 27 52: 1258, 22, 1
0 27 53: 1259, 22, 3
0 27 54: 1257, 22, 1
0 27 55: 1257, 22, 2
0 27 56: 1257, 22, 2
0 27 59: 1276, 10, 1
0 27 60: 1246, 22, 3
0 27 61: 1258, 22, 1
0 27 62: 1257, 22, 0
0 27 63: 1257, 22, 1
0 28 4: 1246, 22, 2
0 28 12: 979, 0, 3
0 28 13: 313, 10, 0
0 28 13: 320, 22, 2
0 28 14: 313, 10, 3
0 28 14: 319, 22, 0
0 28 15: 313, 11, 3
0 28 16: 313, 10, 3
0 28 16: 320, 22, 1
0 28 17: 313, 10, 1
0 28 18: 313, 10, 3
0 28 18: 319, 22, 1
0 28 19: 313, 11, 0
0 28 20: 313, 10, 2
0 28 20: 320, 22, 3
0 28 21: 313, 11, 1
0 28 22: 313, 10, 1
0 28 22: 320, 22, 2
0 28 24: 313, 10, 3
0 28 24: 320, 22, 3
0 28 25: 313, 10, 0
0 28 25: 320, 22, 3
0 28 27: 980, 0, 3
0 28 29: 1248, 22, 2
0 28 30: 1248, 22, 1
0 28 32: 1257, 22, 0
0 28 33: 1258, 22, 1
0 28 34: 1257, 22, 3
0 28 37: 1258, 22, 1
0 28 38: 1257, 22, 1
0 28 39: 1258, 22, 2
0 28 40: 1258, 22, 1
0 28 42: 1259, 22, 2
0 28 43: 1258, 22, 0
0 28 44: 1257, 22, 2
0 28 45: 1257, 22, 2
0 28 49: 1189, 10, 0
0 28 51: 1259, 22, 3
0 28 52: 980, 0, 1
0 28 52: 1257, 22, 1
0 28 53: 1258, 22, 0
0 28 54: 1259, 22, 2
0 28 55: 1258, 22, 2
0 28 56: 1281, 10, 2
0 28 57: 1247, 22, 3
0 28 59: 1247, 22, 1
0 28 60: 1247, 22, 1
0 28 61: 1246, 22, 2
0 28 61: 1276, 10, 2
0 29 0: 1264, 22, 0
0 29 1: 1246, 22, 1
0 29 2: 1246, 22, 3
0 29 3: 1247, 22, 1
0 29 4: 1264, 22, 3
0 29 6: 1248, 22, 2
0 29 9: 1247, 22, 2
0 29 9: 1278, 10, 0
0 29 12: 979, 0, 3
0 29 13: 313, 10, 0
0 29 14: 313, 10, 3
0 29 15: 313, 11, 3
0 29 15: 320, 22, 0
0 29 16: 313, 10, 3
0 29 17: 313, 11, 1
0 29 18: 313, 10, 3
0 29 19: 313, 11, 3
0 29 20: 313, 10, 3
0 29 21: 313, 11, 2
0 29 22: 313, 10, 0
0 29 22: 321, 22, 3
0 29 23: 313, 10, 2
0 29 24: 313, 10, 2
0 29 25: 313, 10, 0
0 29 25: 320, 22, 3
0 29 27: 980, 0, 3
0 29 31: 1257, 22, 3
0 29 32: 1258, 22, 0
0 29 33: 1259, 22, 3
0 29 34: 1258, 22, 2
0 29 37: 1257, 22, 0
0 29 38: 1257, 22, 1
0 29 39: 1257, 22, 1
0 29 40: 1257, 22, 2
0 29 41: 1189, 10, 3
0 29 41: 1259, 22, 2
0 29 42: 1258, 22, 2
0 29 43: 1258, 22, 2
0 29 44: 1257, 22, 1
0 29 45: 1257, 22, 1
0 29 50: 1189, 10, 0
0 29 52: 980, 0, 1
0 29 52: 1257, 22, 0
0 29 53: 1259, 22, 1
0 29 54: 1258, 22, 1
0 29 55: 1257, 22, 3
0 29 56: 1247, 22, 0
0 29 58: 1246, 22, 2
0 29 62: 1264, 22, 1
0 30 3: 1247, 22, 3
0 30 3: 1278, 10, 0
0 30 9: 1246, 22, 1
0 30 10: 1247, 22, 3
0 30 11: 979, 1, 1
0 30 12: 979, 0, 3
0 30 13: 321, 22, 1
0 30 14: 313, 10, 2
0 30 15: 313, 10, 2
0 30 16: 313, 10, 3
0 30 17: 313, 10, 3
0 30 18: 313, 10, 3
0 30 19: 321, 22, 2
0 30 21: 313, 10, 1
0 30 22: 313, 10, 0
0 30 23: 313, 10, 1
0 30 24: 313, 10, 3
0 30 25: 313, 10, 0
0 30 27: 980, 0, 3
0 30 29: 1259, 22, 1
0 30 30: 1258, 22, 1
0 30 32: 1189, 10, 3
0 30 32: 1257, 22, 1
0 30 33: 1258, 22, 3
0 30 34: 1259, 22, 3
0 30 35: 1259, 22, 3
0 30 36: 1258, 22, 1
0 30 37: 1258, 22, 3
0 30 38: 1257, 22, 0
0 30 39: 1257, 22, 0
0 30 41: 1257, 22, 3
0 30 42: 1189, 10, 2
0 30 42: 1257, 22, 3
0 30 43: 1257, 22, 0
0 30 47: 1189, 10, 2
0 30 52: 980, 0, 1
0 30 52: 1257, 22, 0
0 30 53: 1257, 22, 0
0 30 54: 1257, 22, 1
0 30 55: 1257, 22, 3
0 30 56: 1246, 22, 3
0 30 58: 1247, 22, 2
0 31 0: 1257, 22, 3
0 31 1: 1258, 22, 2
0 31 2: 1259, 22, 1
0 31 4: 1247, 22, 2
0 31 5: 1247, 22, 3
0 31 5: 1276, 10, 3
0 31 6: 1246, 22, 3
0 31 8: 1278, 10, 3
0 31 9: 1247, 22, 0
0 31 11: 979, 0, 1
0 31 12: 980, 0, 2
0 31 13: 980, 0, 2
0 31 14: 980, 1, 2
0 31 15: 313, 10, 1
0 31 15: 320, 22, 3
0 31 16: 313, 10, 2
0 31 16: 320, 22, 2
0 31 17: 313, 10, 0
0 31 18: 980, 1, 1
0 31 19: 980, 0, 2
0 31 20: 980, 0, 2
0 31 21: 320, 22, 0
0 31 21: 980, 1, 2
0 31 22: 313, 10, 0
0 31 22: 320, 22, 0
0 31 23: 313, 10, 3
0 31 24: 313, 10, 3
0 31 25: 980, 1, 1
0 31 26: 980, 0, 2
0 31 27: 980, 0, 3
0 31 27: 1259, 22, 2
0 31 29: 1259, 22, 1
0 31 30: 1258, 22, 2
0 31 33: 1257, 22, 0
0 31 34: 1257, 22, 3
0 31 35: 1259, 22, 2
0 31 36: 1259, 22, 1
0 31 37: 1257, 22, 3
0 31 38: 1257, 22, 2
0 31 39: 1257, 22, 2
0 31 44: 1189, 10, 1
0 31 48: 1189, 10, 1
0 31 50: 1189, 10, 1
0 31 52: 980, 0, 1
0 31 53: 1257, 22, 2
0 31 54: 1257, 22, 2
0 32 0: 1258, 22, 3
0 32 1: 1259, 22, 1
0 32 2: 1258, 22, 1
0 32 3: 1257, 22, 1
0 32 4: 1257, 22, 1
0 32 5: 1247, 22, 3
0 32 8: 1247, 22, 1
0 32 11: 979, 1, 0
0 32 12: 979, 0, 3
0 32 14: 980, 9, 2
0 32 15: 980, 0, 2
0 32 16: 320, 22, 2
0 32 16: 980, 0, 2
0 32 17: 320, 22, 1
0 32 17: 980, 0, 2
0 32 18: 980, 9, 1
0 32 21: 980, 9, 2
0 32 22: 980, 1, 2
0 32 23: 320, 22, 3
0 32 24: 320, 22, 2
0 32 24: 980, 1, 1
0 32 25: 980, 9, 1
0 32 26: 1262, 22, 3
0 32 27: 980, 9, 2
0 32 28: 980, 1, 2
0 32 28: 1262, 22, 3
0 32 29: 1189, 10, 0
0 32 32: 1189, 10, 0
0 32 35: 1257, 22, 1
0 32 36: 1257, 22, 1
0 32 37: 1257, 22, 0
0 32 43: 1257, 22, 1
0 32 44: 1257, 22, 1
0 32 45: 1257, 22, 0
0 32 46: 1257, 22, 3
0 32 51: 1258, 22, 1
0 32 52: 980, 0, 1
0 32 53: 1257, 22, 0
0 32 55: 1247, 22, 1
0 32 55: 1276, 10, 3
0 32 56: 1264, 22, 0
0 33 0: 1258, 22, 3
0 33 1: 1258, 22, 1
0 33 2: 1257, 22, 2
0 33 5: 1258, 22, 3
0 33 6: 1258, 22, 0
0 33 7: 1257, 22, 1
0 33 8: 1189, 10, 2
0 33 12: 979, 0, 3
0 33 22: 980, 9, 2
0 33 23: 980, 0, 2
0 33 23: 1262, 22, 3
0 33 24: 980, 9, 1
0 33 25: 1262, 22, 3
0 33 26: 1257, 22, 0
0 33 27: 1257, 22, 1
0 33 28: 980, 9, 2
0 33 28: 1262, 22, 3
0 33 29: 980, 1, 2
0 33 29: 1262, 22, 3
0 33 30: 1262, 22, 3
0 33 32: 1259, 22, 1
0 33 33: 1258, 22, 0
0 33 34: 1258, 22, 2
0 33 35: 1189, 10, 2
0 33 36: 1258, 22, 1
0 33 42: 1257, 22, 2
0 33 43: 1257, 22, 3
0 33 44: 1258, 22, 3
0 33 45: 1258, 22, 2
0 33 46: 1257, 22, 2
0 33 47: 1257, 22, 1
0 33 48: 1189, 10, 0
0 33 50: 1258, 22, 2
0 33 51: 980, 1, 1
0 33 51: 1259, 22, 1
0 33 52: 980, 9, 1
0 33 52: 1257, 22, 0
0 33 55: 1247, 22, 2
0 33 56: 1246, 22, 0
0 33 60: 1248, 22, 2
0 34 1: 1257, 22, 0
0 34 3: 1341, 10, 3
0 34 5: 1259, 22, 2
0 34 6: 1259, 22, 2
0 34 7: 1258, 22, 2
0 34 8: 1257, 22, 2
0 34 10: 1248, 22, 1
0 34 12: 979, 0, 3
0 34 17: 1248, 22, 1
0 34 19: 1257, 22, 1
0 34 20: 1257, 22, 0
0 34 21: 1257, 22, 0
0 34 25: 1257, 22, 3
0 34 26: 1257, 22, 0
0 34 27: 1257, 22, 1
0 34 29: 980, 9, 2
0 34 30: 980, 1, 2
0 34 32: 1189, 10, 1
0 34 32: 1258, 22, 3
0 34 33: 1259, 22, 1
0 34 34: 1258, 22, 1
0 34 35: 1259, 22, 3
0 34 36: 1259, 22, 3
0 34 37: 1259, 22, 2
0 34 38: 981, 3, 1
0 34 39: 980, 0, 2
0 34 40: 980, 0, 2
0 34 41: 980, 0, 2
0 34 42: 980, 0, 2
0 34 43: 981, 3, 2
0 34 43: 1257, 22, 0
0 34 44: 1258, 22, 3
0 34 45: 1259, 22, 0
0 34 46: 1258, 22, 1
0 34 48: 1257, 22, 0
0 34 49: 1257, 22, 3
0 34 50: 980, 1, 1
0 34 51: 980, 9, 1
0 34 55: 1247, 22, 1
0 34 55: 1281, 10, 1
0 34 56: 1247, 22, 3
0 34 57: 1247, 22, 1
0 35 1: 1257, 22, 1
0 35 5: 1258, 22, 2
0 35 6: 1259, 22, 3
0 35 7: 1258, 22, 0
0 35 8: 1189, 10, 1
0 35 8: 1257, 22, 1
0 35 9: 1257, 22, 1
0 35 12: 979, 0, 3
0 35 12: 1298, 10, 0
0 35 14: 1247, 22, 2
0 35 14: 1276, 10, 2
0 35 18: 1257, 22, 2
0 35 19: 1257, 22, 2
0 35 20: 1258, 22, 0
0 35 21: 1258, 22, 2
0 35 22: 1257, 22, 1
0 35 25: 1258, 22, 0
0 35 26: 1259, 22, 1
0 35 27: 1258, 22, 1
0 35 28: 1259, 22, 3
0 35 29: 980, 0, 1
0 35 29: 1257, 22, 0
0 35 30: 980, 9, 2
0 35 31: 980, 1, 2
0 35 33: 1259, 22, 0
0 35 34: 1259, 22, 0
0 35 35: 1258, 22, 0
0 35 36: 1258, 22, 3
0 35 37: 980, 1, 1
0 35 38: 980, 9, 1
0 35 43: 980, 9, 2
0 35 44: 980, 1, 2
0 35 46: 1259, 22, 2
0 35 47: 1259, 22, 2
0 35 48: 1258, 22, 3
0 35 49: 980, 1, 1
0 35 49: 1257, 22, 1
0 35 50: 980, 9, 1
0 35 51: 1189, 10, 3
0 35 53: 1247, 22, 0
0 35 53: 1276, 10, 0
0 35 55: 1247, 22, 1
0 35 58: 1276, 10, 2
0 35 59: 1247, 22, 0
0 36 2: 1189, 10, 1
0 36 2: 1258, 22, 1
0 36 3: 1259, 22, 1
0 36 4: 1259, 22, 1
0 36 5: 1341, 10, 0
0 36 6: 1189, 10, 3
0 36 6: 1258, 22, 3
0 36 7: 1257, 22, 3
0 36 8: 1247, 22, 3
0 36 8: 1281, 10, 3
0 36 9: 1264, 22, 0
0 36 10: 1246, 22, 1
0 36 12: 979, 0, 3
0 36 12: 1247, 22, 3
0 36 12: 1276, 10, 1
0 36 14: 1246, 22, 3
0 36 15: 1247, 22, 1
0 36 18: 1257, 22, 3
0 36 19: 1258, 22, 1
0 36 20: 1259, 22, 3
0 36 21: 1258, 22, 1
0 36 22: 1257, 22, 0
0 36 23: 1257, 22, 1
0 36 24: 1257, 22, 1
0 36 25: 1262, 22, 3
0 36 26: 1257, 22, 3
0 36 27: 1259, 22, 0
0 36 28: 1257, 22, 3
0 36 29: 980, 0, 1
0 36 29: 1257, 22, 1
0 36 31: 980, 9, 2
0 36 32: 980, 0, 2
0 36 33: 980, 0, 2
0 36 34: 980, 0, 2
0 36 35: 980, 0, 2
0 36 36: 980, 0, 2
0 36 37: 980, 9, 1
0 36 41: 1248, 22, 0
0 36 42: 1259, 22, 0
0 36 43: 1258, 22, 0
0 36 44: 980, 9, 2
0 36 45: 980, 0, 2
0 36 46: 980, 0, 2
0 36 47: 980, 0, 2
0 36 47: 1258, 22, 0
0 36 48: 980, 0, 2
0 36 49: 980, 9, 1
0 36 50: 1258, 22, 3
0 36 53: 1246, 22, 3
0 36 54: 1247, 22, 2
0 36 57: 1246, 22, 3
0 36 59: 1246, 22, 2
0 37 2: 1257, 22, 2
0 37 3: 1257, 22, 3
0 37 4: 1257, 22, 0
0 37 5: 1259, 22, 0
0 37 6: 1257, 22, 1
0 37 12: 979, 0, 3
0 37 12: 1247, 22, 3
0 37 13: 1257, 22, 1
0 37 14: 1257, 22, 0
0 37 15: 1257, 22, 3
0 37 18: 1257, 22, 0
0 37 19: 1189, 10, 0
0 37 19: 1259, 22, 2
0 37 20: 1259, 22, 1
0 37 21: 1259, 22, 1
0 37 22: 1189, 10, 2
0 37 22: 1258, 22, 3
0 37 23: 1257, 22, 3
0 37 24: 1257, 22, 1
0 37 25: 1257, 22, 2
0 37 27: 1257, 22, 3
0 37 28: 1257, 22, 2
0 37 29: 980, 0, 1
0 37 31: 1247, 22, 2
0 37 31: 1276, 10, 3
0 37 32: 1247, 22, 1
0 37 43: 1258, 22, 1
0 37 44: 1259, 22, 1
0 37 45: 1257, 22, 1
0 37 46: 1257, 22, 2
0 37 47: 1258, 22, 0
0 37 48: 1257, 22, 0
0 37 49: 1258, 22, 1
0 37 50: 1259, 22, 2
0 37 51: 1247, 22, 3
0 37 51: 1276, 10, 3
0 37 54: 1276, 10, 1
0 37 56: 1246, 22, 2
0 37 56: 1281, 10, 1
0 37 58: 1247, 22, 3
0 37 59: 1276, 10, 1
0 37 60: 1247, 22, 2
0 38 1: 1247, 22, 3
0 38 1: 1278, 10, 3
0 38 2: 1246, 22, 2
0 38 5: 1189, 10, 0
0 38 8: 1246, 22, 2
0 38 10: 1247, 22, 2
0 38 12: 979, 0, 3
0 38 13: 1259, 22, 3
0 38 14: 1258, 22, 1
0 38 15: 1257, 22, 3
0 38 16: 1189, 10, 1
0 38 18: 1257, 22, 1
0 38 19: 1257, 22, 2
0 38 20: 1258, 22, 2
0 38 21: 1258, 22, 0
0 38 22: 1259, 22, 0
0 38 23: 1259, 22, 1
0 38 24: 1258, 22, 1
0 38 25: 1258, 22, 0
0 38 26: 1257, 22, 0
0 38 29: 980, 0, 1
0 38 30: 980, 1, 2
0 38 31: 1247, 22, 3
0 38 32: 1246, 22, 2
0 38 36: 1247, 22, 3
0 38 36: 1281, 10, 3
0 38 37: 1247, 22, 2
0 38 38: 1246, 22, 0
0 38 44: 1258, 22, 2
0 38 45: 1258, 22, 3
0 38 46: 1258, 22, 3
0 38 47: 1259, 22, 3
0 38 48: 1258, 22, 1
0 38 49: 1259, 22, 3
0 38 50: 1258, 22, 2
0 38 51: 1246, 22, 3
0 38 52: 1247, 22, 0
0 38 54: 1247, 22, 3
0 38 55: 1246, 22, 3
0 38 60: 1246, 22, 1
0 39 1: 1247, 22, 0
0 39 2: 1264, 22, 1
0 39 3: 1247, 22, 2
0 39 3: 1278, 10, 2
0 39 4: 1246, 22, 1
0 39 7: 1189, 10, 0
0 39 7: 1257, 22, 1
0 39 8: 1257, 22, 0
0 39 12: 979, 0, 3
0 39 12: 1258, 22, 2
0 39 13: 1259, 22, 3
0 39 14: 1259, 22, 2
0 39 15: 1257, 22, 2
0 39 19: 1189, 10, 3
0 39 20: 1257, 22, 2
0 39 21: 1257, 22, 3
0 39 22: 1259, 22, 0
0 39 23: 1259, 22, 3
0 39 24: 1259, 22, 0
0 39 25: 1258, 22, 3
0 39 26: 1257, 22, 2
0 39 30: 980, 9, 2
0 39 31: 980, 1, 2
0 39 32: 1281, 10, 2
0 39 33: 1265, 22, 2
0 39 34: 1246, 22, 0
0 39 36: 1247, 22, 2
0 39 38: 1264, 22, 0
0 39 40: 1246, 22, 1
0 39 40: 1276, 10, 2
0 39 41: 1247, 22, 0
0 39 44: 1257, 22, 3
0 39 45: 1278, 10, 1
0 39 46: 1247, 22, 2
0 39 47: 1257, 22, 2
0 39 48: 1257, 22, 1
0 39 49: 1257, 22, 0
0 39 56: 1247, 22, 2
0 39 58: 1247, 22, 2
0 40 0: 1281, 10, 0
0 40 1: 1246, 22, 0
0 40 4: 1247, 22, 1
0 40 5: 1259, 22, 3
0 40 6: 1257, 22, 0
0 40 7: 1257, 22, 2
0 40 8: 1258, 22, 3
0 40 9: 1257, 22, 3
0 40 9: 1276, 10, 3
0 40 10: 1247, 22, 3
0 40 12: 979, 0, 3
0 40 14: 1258, 22, 0
0 40 17: 1257, 22, 0
0 40 18: 1258, 22, 1
0 40 19: 1258, 22, 0
0 40 21: 1257, 22, 1
0 40 22: 1258, 22, 1
0 40 23: 1259, 22, 1
0 40 24: 1258, 22, 0
0 40 25: 1258, 22, 2
0 40 26: 1257, 22, 1
0 40 31: 980, 0, 3
0 40 32: 1246, 22, 3
0 40 34: 1247, 22, 1
0 40 35: 1251, 22, 0
0 40 36: 1246, 22, 1
0 40 38: 1247, 22, 0
0 40 40: 1247, 22, 3
0 40 41: 1246, 22, 2
0 40 45: 1247, 22, 1
0 40 46: 1246, 22, 0
0 40 57: 1246, 22, 0
0 40 60: 1194, 10, 2
0 41 0: 1247, 22, 2
0 41 2: 1247, 22, 0
0 41 6: 1189, 10, 1
0 41 6: 1258, 22, 2
0 41 7: 1259, 22, 0
0 41 8: 1258, 22, 0
0 41 9: 1259, 22, 2
0 41 10: 1259, 22, 1
0 41 12: 979, 0, 3
0 41 14: 1258, 22, 3
0 41 15: 1257, 22, 1
0 41 18: 1257, 22, 1
0 41 19: 1259, 22, 0
0 41 22: 1258, 22, 2
0 41 23: 1258, 22, 3
0 41 24: 1258, 22, 0
0 41 25: 1257, 22, 1
0 41 27: 1276, 10, 3
0 41 28: 1247, 22, 0
0 41 31: 980, 0, 3
0 41 33: 1247, 22, 0
0 41 34: 1252, 22, 0
0 41 44: 1189, 10, 3
0 41 50: 1247, 22, 1
0 41 50: 1276, 10, 2
0 41 51: 1246, 22, 2
0 41 52: 1281, 10, 1
0 41 53: 1247, 22, 3
0 41 54: 1246, 22, 1
0 41 57: 1247, 22, 0
0 41 58: 1247, 22, 1
0 42 1: 1247, 22, 1
0 42 5: 1257, 22, 0
0 42 6: 1257, 22, 3
0 42 7: 1259, 22, 0
0 42 8: 1258, 22, 2
0 42 9: 1259, 22, 1
0 42 10: 1257, 22, 2
0 42 12: 979, 0, 3
0 42 13: 1258, 22, 1
0 42 14: 1259, 22, 1
0 42 15: 1258, 22, 2
0 42 16: 1257, 22, 1
0 42 18: 1257, 22, 2
0 42 19: 1259, 22, 0
0 42 20: 1258, 22, 2
0 42 21: 1257, 22, 2
0 42 27: 1257, 22, 3
0 42 28: 1247, 22, 2
0 42 29: 1276, 10, 0
0 42 31: 980, 0, 3
0 42 31: 1276, 10, 0
0 42 32: 1246, 22, 0
0 42 33: 1252, 22, 3
0 42 34: 1252, 22, 2
0 42 35: 1251, 22, 0
0 42 36: 1252, 22, 1
0 42 38: 1276, 10, 3
0 42 39: 1246, 22, 2
0 42 48: 1189, 10, 1
0 42 49: 1257, 22, 0
0 42 51: 1247, 22, 3
0 42 52: 1247, 22, 2
0 42 55: 1276, 10, 3
0 42 56: 1246, 22, 0
0 42 62: 1194, 10, 3
0 42 62: 1248, 22, 0
0 43 1: 1278, 10, 1
0 43 2: 1247, 22, 3
0 43 3: 1276, 10, 3
0 43 4: 1246, 22, 1
0 43 6: 1257, 22, 2
0 43 7: 1257, 22, 1
0 43 8: 1258, 22, 1
0 43 9: 1259, 22, 2
0 43 11: 1259, 22, 2
0 43 12: 979, 0, 3
0 43 13: 1298, 10, 0
0 43 14: 1247, 22, 2
0 43 14: 1276, 10, 2
0 43 15: 1246, 22, 2
0 43 16: 1257, 22, 3
0 43 17: 1258, 22, 3
0 43 18: 1257, 22, 2
0 43 19: 1258, 22, 3
0 43 20: 1259, 22, 1
0 43 21: 1259, 22, 2
0 43 22: 1257, 22, 1
0 43 23: 1257, 22, 0
0 43 24: 1257, 22, 0
0 43 25: 1257, 22, 3
0 43 26: 1257, 22, 2
0 43 27: 1259, 22, 2
0 43 28: 1259, 22, 2
0 43 30: 1247, 22, 3
0 43 31: 980, 0, 3
0 43 31: 1247, 22, 0
0 43 33: 1251, 22, 2
0 43 34: 1133, 10, 0
0 43 35: 1252, 22, 2
0 43 36: 1252, 22, 0
0 43 36: 1278, 10, 2
0 43 38: 1264, 22, 2
0 43 42: 1281, 10, 2
0 43 43: 1247, 22, 2
0 43 48: 1189, 10, 1
0 43 50: 1257, 22, 0
0 43 51: 1257, 22, 3
0 43 52: 1247, 22, 1
0 43 54: 1246, 22, 3
0 43 55: 1247, 22, 0
0 43 56: 1247, 22, 0
0 44 1: 1247, 22, 2
0 44 2: 1247, 22, 1
0 44 3: 1247, 22, 0
0 44 7: 1246, 22, 2
0 44 7: 1278, 10, 0
0 44 9: 1258, 22, 0
0 44 11: 979, 9, 3
0 44 12: 979, 1, 3
0 44 12: 1247, 22, 0
0 44 12: 1276, 10, 3
0 44 13: 1246, 22, 1
0 44 14: 1247, 22, 0
0 44 15: 1247, 22, 3
0 44 16: 1259, 22, 0
0 44 17: 1257, 22, 2
0 44 18: 1257, 22, 0
0 44 19: 1257, 22, 1
0 44 20: 1257, 22, 1
0 44 21: 1258, 22, 3
0 44 22: 1259, 22, 3
0 44 23: 1259, 22, 3
0 44 24: 1257, 22, 1
0 44 25: 1257, 22, 2
0 44 26: 1258, 22, 0
0 44 27: 1257, 22, 2
0 44 28: 1247, 22, 3
0 44 28: 1276, 10, 2
0 44 29: 1258, 22, 1
0 44 30: 1258, 22, 0
0 44 31: 980, 0, 3
0 44 33: 1252, 22, 3
0 44 34: 1251, 22, 3
0 44 35: 1251, 22, 1
0 44 36: 1246, 22, 3
0 44 42: 1247, 22, 1
0 44 44: 1246, 22, 0
0 44 46: 1189, 10, 0
0 44 48: 1257, 22, 1
0 44 49: 1258, 22, 0
0 44 50: 1259, 22, 0
0 44 51: 1258, 22, 2
0 44 52: 1259, 22, 3
0 44 53: 1258, 22, 3
0 44 54: 1257, 22, 3
0 44 55: 1257, 22, 2
0 44 56: 1257, 22, 1
0 44 57: 447, 10, 3
0 44 59: 1194, 10, 2
0 44 62: 1194, 10, 3
0 45 2: 1278, 10, 3
0 45 3: 1247, 22, 3
0 45 4: 1247, 22, 1
0 45 4: 1281, 10, 1
0 45 5: 1264, 22, 3
0 45 6: 1247, 22, 3
0 45 10: 979, 9, 3
0 45 11: 979, 1, 3
0 45 12: 1247, 22, 1
0 45 14: 1247, 22, 2
0 45 14: 1276, 10, 2
0 45 15: 1247, 22, 3
0 45 16: 1259, 22, 0
0 45 17: 1259, 22, 0
0 45 18: 1257, 22, 1
0 45 21: 1257, 22, 3
0 45 22: 1257, 22, 3
0 45 23: 1257, 22, 0
0 45 24: 1257, 22, 1
0 45 26: 1257, 22, 1
0 45 27: 1259, 22, 3
0 45 28: 1247, 22, 2
0 45 29: 1247, 22, 1
0 45 30: 1257, 22, 2
0 45 31: 980, 0, 3
0 45 34: 1252, 22, 3
0 45 35: 1252, 22, 2
0 45 42: 1246, 22, 1
0 45 44: 1247, 22, 0
0 45 47: 1248, 22, 2
0 45 49: 1258, 22, 0
0 45 50: 1258, 22, 3
0 45 51: 1259, 22, 3
0 45 52: 1259, 22, 3
0 45 53: 1259, 22, 3
0 45 54: 1259, 22, 1
0 45 55: 1259, 22, 0
0 45 56: 1258, 22, 2
0 46 2: 1247, 22, 2
0 46 3: 1264, 22, 0
0 46 9: 979, 9, 3
0 46 10: 979, 0, 0
0 46 10: 1257, 22, 0
0 46 11: 980, 0, 3
0 46 11: 1257, 22, 0
0 46 12: 1257, 22, 2
0 46 14: 1247, 22, 1
0 46 15: 1258, 22, 0
0 46 16: 1259, 22, 3
0 46 17: 1258, 22, 0
0 46 18: 1257, 22, 0
0 46 23: 1189, 10, 2
0 46 26: 1257, 22, 0
0 46 27: 1257, 22, 0
0 46 28: 1298, 10, 0
0 46 29: 981, 3, 1
0 46 30: 980, 9, 3
0 46 31: 981, 3, 3
0 46 31: 1247, 22, 0
0 46 31: 1276, 10, 1
0 46 32: 1247, 22, 0
0 46 49: 1258, 22, 1
0 46 51: 447, 10, 1
0 46 52: 1259, 22, 2
0 46 53: 444, 10, 1
0 46 53: 1259, 22, 2
0 46 54: 1259, 22, 0
0 46 55: 447, 10, 0
0 46 56: 1258, 22, 1
0 46 57: 1257, 22, 0
0 46 62: 1194, 10, 1
0 47 5: 1246, 22, 3
0 47 6: 1247, 22, 3
0 47 8: 979, 9, 3
0 47 9: 979, 1, 3
0 47 9: 1257, 22, 3
0 47 10: 1259, 22, 2
0 47 11: 980, 9, 2
0 47 11: 1257, 22, 2
0 47 12: 980, 1, 2
0 47 12: 1257, 22, 2
0 47 16: 1259, 22, 3
0 47 17: 1257, 22, 3
0 47 18: 1258, 22, 0
0 47 29: 980, 0, 1
0 47 32: 1246, 22, 2
0 47 38: 1248, 22, 3
0 47 47: 1257, 22, 3
0 47 48: 1257, 22, 2
0 47 49: 1258, 22, 1
0 47 50: 1259, 22, 2
0 47 56: 1259, 22, 3
0 47 57: 1257, 22, 0
0 48 1: 1247, 22, 1
0 48 1: 1281, 10, 2
0 48 2: 1246, 22, 0
0 48 3: 1264, 22, 1
0 48 7: 979, 9, 3
0 48 8: 979, 1, 3
0 48 8: 1257, 22, 1
0 48 9: 1258, 22, 1
0 48 10: 1258, 22, 1
0 48 11: 1257, 22, 0
0 48 12: 980, 9, 2
0 48 13: 980, 1, 2
0 48 16: 1258, 22, 2
0 48 17: 1257, 22, 2
0 48 17: 1298, 10, 0
0 48 24: 1189, 10, 1
0 48 29: 980, 0, 1
0 48 30: 1247, 22, 2
0 48 30: 1281, 10, 0
0 48 31: 1264, 22, 3
0 48 32: 1247, 22, 2
0 48 41: 447, 10, 2
0 48 47: 1257, 22, 0
0 48 48: 1281, 10, 2
0 48 49: 1246, 22, 2
0 48 50: 1247, 22, 2
0 48 51: 1259, 22, 1
0 48 53: 447, 10, 3
0 48 53: 1259, 22, 2
0 48 54: 445, 10, 0
0 48 54: 1259, 22, 2
0 48 57: 1276, 10, 2
0 48 58: 1247, 22, 3
0 48 60: 1276, 10, 2
0 48 61: 1247, 22, 0
0 49 1: 1264, 22, 2
0 49 3: 1257, 22, 3
0 49 5: 1189, 10, 3
0 49 6: 979, 9, 3
0 49 7: 979, 1, 3
0 49 8: 1257, 22, 1
0 49 9: 1257, 22, 0
0 49 10: 1281, 10, 0
0 49 11: 1246, 22, 1
0 49 13: 980, 9, 2
0 49 14: 980, 1, 2
0 49 15: 1247, 22, 0
0 49 15: 1276, 10, 3
0 49 16: 1246, 22, 0
0 49 20: 1189, 10, 3
0 49 29: 980, 0, 1
0 49 30: 1247, 22, 0
0 49 32: 1247, 22, 1
0 49 40: 444, 10, 3
0 49 47: 1257, 22, 0
0 49 48: 1247, 22, 3
0 49 50: 1247, 22, 3
0 49 51: 1258, 22, 3
0 49 52: 1257, 22, 1
0 49 53: 1257, 22, 2
0 49 56: 1258, 22, 0
0 49 57: 1247, 22, 0
0 49 58: 1246, 22, 2
0 49 60: 1247, 22, 1
0 50 1: 1246, 22, 0
0 50 3: 1257, 22, 3
0 50 4: 1257, 22, 0
0 50 5: 1257, 22, 0
0 50 6: 979, 0, 3
0 50 8: 1246, 22, 2
0 50 8: 1276, 10, 1
0 50 9: 1247, 22, 0
0 50 10: 1247, 22, 1
0 50 12: 1247, 22, 3
0 50 14: 980, 9, 2
0 50 15: 980, 1, 2
0 50 16: 1247, 22, 3
0 50 17: 1247, 22, 2
0 50 17: 1276, 10, 0
0 50 18: 1247, 22, 1
0 50 21: 1189, 10, 0
0 50 28: 980, 1, 1
0 50 29: 980, 9, 1
0 50 30: 1247, 22, 3
0 50 31: 1246, 22, 0
0 50 35: 447, 10, 1
0 50 39: 447, 10, 2
0 50 43: 447, 10, 1
0 50 47: 1257, 22, 0
0 50 48: 1246, 22, 3
0 50 50: 1247, 22, 1
0 50 51: 1259, 22, 1
0 50 52: 1259, 22, 0
0 50 53: 1257, 22, 2
0 50 58: 1247, 22, 3
0 50 58: 1276, 10, 2
0 50 59: 1247, 22, 2
0 50 60: 1281, 10, 0
0 50 61: 1247, 22, 3
0 50 63: 1247, 22, 2
0 50 63: 1276, 10, 1
0 51 2: 1258, 22, 1
0 51 3: 1258, 22, 0
0 51 4: 1257, 22, 1
0 51 5: 1257, 22, 0
0 51 6: 979, 0, 3
0 51 8: 1247, 22, 3
0 51 12: 1247, 22, 3
0 51 15: 980, 9, 2
0 51 16: 980, 0, 2
0 51 17: 980, 0, 2
0 51 18: 980, 0, 2
0 51 18: 1247, 22, 1
0 51 19: 980, 0, 2
0 51 20: 1008, 0, 2
0 51 21: 1257, 22, 0
0 51 21: 1553, 0, 2
0 51 22: 1257, 22, 1
0 51 22: 1551, 0, 2
0 51 23: 1007, 0, 2
0 51 24: 980, 0, 2
0 51 25: 980, 0, 2
0 51 26: 980, 0, 2
0 51 27: 980, 0, 2
0 51 28: 980, 9, 1
0 51 30: 1257, 22, 0
0 51 31: 1257, 22, 0
0 51 38: 445, 10, 3
0 51 40: 447, 10, 3
0 51 47: 1257, 22, 1
0 51 48: 1258, 22, 2
0 51 49: 1252, 22, 1
0 51 52: 1258, 22, 2
0 51 53: 1259, 22, 3
0 51 54: 1257, 22, 0
0 51 55: 1259, 22, 1
0 51 56: 1259, 22, 2
0 51 57: 1259, 22, 2
0 51 60: 1246, 22, 1
0 52 1: 1258, 22, 0
0 52 2: 1258, 22, 2
0 52 3: 1259, 22, 1
0 52 4: 1259, 22, 1
0 52 5: 1258, 22, 3
0 52 6: 979, 0, 3
0 52 7: 1246, 22, 3
0 52 7: 1281, 10, 3
0 52 8: 1247, 22, 2
0 52 9: 1247, 22, 1
0 52 16: 981, 3, 3
0 52 19: 1259, 22, 3
0 52 20: 1259, 22, 3
0 52 21: 1259, 22, 3
0 52 22: 1259, 22, 0
0 52 23: 1257, 22, 2
0 52 25: 1257, 22, 1
0 52 27: 981, 3, 0
0 52 29: 1257, 22, 3
0 52 30: 1258, 22, 0
0 52 31: 1257, 22, 1
0 52 32: 1257, 22, 1
0 52 32: 1341, 10, 1
0 52 47: 1258, 22, 3
0 52 48: 1259, 22, 2
0 52 50: 1251, 22, 0
0 52 51: 1252, 22, 1
0 52 53: 1258, 22, 1
0 52 54: 1257, 22, 0
0 52 56: 1259, 22, 1
0 52 57: 1276, 10, 0
0 52 58: 1247, 22, 1
0 52 59: 1247, 22, 3
0 52 61: 1247, 22, 0
0 52 62: 1246, 22, 0
0 53 1: 1258, 22, 0
0 53 2: 1259, 22, 2
0 53 3: 1341, 10, 2
0 53 4: 1259, 22, 0
0 53 5: 1258, 22, 2
0 53 6: 979, 0, 3
0 53 9: 1264, 22, 3
0 53 10: 1247, 22, 1
0 53 10: 1281, 10, 2
0 53 11: 1264, 22, 0
0 53 12: 1246, 22, 2
0 53 14: 1276, 10, 0
0 53 15: 1247, 22, 0
0 53 20: 1257, 22, 3
0 53 21: 1257, 22, 3
0 53 22: 1259, 22, 1
0 53 23: 1259, 22, 1
0 53 23: 1341, 10, 1
0 53 25: 1258, 22, 2
0 53 26: 1257, 22, 0
0 53 28: 1258, 22, 1
0 53 29: 1259, 22, 1
0 53 30: 1259, 22, 0
0 53 31: 1258, 22, 3
0 53 32: 1257, 22, 2
0 53 43: 1276, 10, 0
0 53 44: 1247, 22, 2
0 53 48: 1252, 22, 3
0 53 49: 1251, 22, 1
0 53 50: 1133, 10, 0
0 53 51: 1252, 22, 2
0 53 52: 1251, 22, 3
0 53 53: 1258, 22, 0
0 53 54: 1257, 22, 3
0 53 57: 1246, 22, 1
0 53 58: 1247, 22, 0
0 53 60: 1276, 10, 3
0 53 61: 1247, 22, 1
0 54 1: 1258, 22, 1
0 54 2: 1258, 22, 1
0 54 3: 1259, 22, 3
0 54 4: 1258, 22, 3
0 54 6: 979, 0, 3
0 54 7: 1247, 22, 1
0 54 8: 1247, 22, 0
0 54 10: 1247, 22, 2
0 54 12: 1264, 22, 0
0 54 14: 1247, 22, 1
0 54 17: 1247, 22, 0
0 54 17: 1281, 10, 1
0 54 18: 1264, 22, 1
0 54 19: 1247, 22, 0
0 54 21: 1257, 22, 2
0 54 22: 1257, 22, 1
0 54 23: 1257, 22, 1
0 54 24: 1258, 22, 3
0 54 25: 1259, 22, 0
0 54 26: 1259, 22, 3
0 54 28: 1251, 22, 1
0 54 30: 1252, 22, 1
0 54 31: 1257, 22, 2
0 54 32: 1257, 22, 2
0 54 43: 1246, 22, 0
0 54 48: 1258, 22, 0
0 54 50: 1251, 22, 2
0 54 51: 1252, 22, 3
0 54 53: 1259, 22, 2
0 54 54: 1257, 22, 3
0 55 2: 1258, 22, 2
0 55 3: 1258, 22, 3
0 55 6: 979, 0, 3
0 55 8: 1276, 10, 2
0 55 9: 1247, 22, 3
0 55 11: 1246, 22, 1
0 55 12: 1247, 22, 1
0 55 17: 1247, 22, 2
0 55 19: 1246, 22, 1
0 55 20: 1276, 10, 0
0 55 21: 1247, 22, 1
0 55 24: 1257, 22, 3
0 55 25: 1259, 22, 2
0 55 26: 1252, 22, 1
0 55 27: 1252, 22, 2
0 55 28: 1252, 22, 2
0 55 29: 1251, 22, 1
0 55 30: 1252, 22, 2
0 55 33: 1341, 10, 0
0 55 37: 1247, 22, 0
0 55 37: 1276, 10, 3
0 55 38: 1247, 22, 2
0 55 42: 1247, 22, 3
0 55 42: 1276, 10, 3
0 55 43: 1247, 22, 0
0 55 44: 1276, 10, 0
0 55 45: 1247, 22, 3
0 55 46: 1247, 22, 1
0 55 46: 1281, 10, 2
0 55 47: 1264, 22, 3
0 55 48: 1247, 22, 2
0 55 49: 1258, 22, 1
0 55 50: 1259, 22, 3
0 55 51: 1258, 22, 3
0 55 52: 1259, 22, 1
0 55 53: 1257, 22, 2
0 55 54: 1257, 22, 2
0 55 55: 1247, 22, 0
0 55 55: 1276, 10, 3
0 55 57: 1247, 22, 3
0 55 57: 1281, 10, 1
0 55 59: 1246, 22, 3
0 55 61: 1276, 10, 0
0 56 1: 1189, 10, 0
0 56 2: 1276, 10, 3
0 56 5: 1189, 10, 2
0 56 6: 979, 0, 3
0 56 9: 1247, 22, 2
0 56 12: 1276, 10, 0
0 56 13: 1247, 22, 3
0 56 14: 1276, 10, 3
0 56 15: 1246, 22, 3
0 56 18: 1246, 22, 2
0 56 21: 1246, 22, 0
0 56 25: 1258, 22, 0
0 56 26: 1252, 22, 1
0 56 27: 1251, 22, 2
0 56 28: 1133, 10, 0
0 56 29: 1251, 22, 0
0 56 37: 1264, 22, 1
0 56 38: 1246, 22, 1
0 56 42: 1247, 22, 3
0 56 45: 1265, 22, 1
0 56 49: 1276, 10, 2
0 56 50: 1264, 22, 2
0 56 51: 1257, 22, 0
0 56 53: 1257, 22, 2
0 56 56: 1247, 22, 2
0 56 57: 1247, 22, 2
0 56 59: 1247, 22, 0
0 56 62: 1247, 22, 3
0 57 3: 1246, 22, 3
0 57 6: 979, 0, 3
0 57 8: 1257, 22, 3
0 57 12: 1246, 22, 0
0 57 14: 1247, 22, 2
0 57 15: 1247, 22, 2
0 57 19: 1276, 10, 1
0 57 20: 1247, 22, 0
0 57 21: 1276, 10, 3
0 57 22: 1247, 22, 2
0 57 25: 1341, 10, 0
0 57 27: 1252, 22, 3
0 57 28: 1251, 22, 3
0 57 30: 1259, 22, 0
0 57 31: 1257, 22, 3
0 57 32: 1341, 10, 0
0 57 43: 1247, 22, 1
0 57 43: 1281, 10, 3
0 57 44: 1264, 22, 0
0 57 45: 1247, 22, 0
0 57 46: 1246, 22, 0
0 57 48: 1247, 22, 1
0 57 50: 1246, 22, 3
0 57 53: 1194, 10, 3
0 57 57: 1247, 22, 1
0 57 58: 1247, 22, 2
0 58 0: 1602, 3, 2
0 58 5: 979, 9, 3
0 58 6: 979, 1, 3
0 58 7: 1276, 10, 2
0 58 8: 1247, 22, 1
0 58 9: 1257, 22, 2
0 58 12: 1246, 22, 3
0 58 12: 1281, 10, 2
0 58 14: 1247, 22, 0
0 58 15: 1276, 10, 2
0 58 16: 1247, 22, 0
0 58 20: 1246, 22, 3
0 58 21: 1247, 22, 3
0 58 22: 1247, 22, 1
0 58 27: 1252, 22, 3
0 58 28: 1252, 22, 0
0 58 29: 1252, 22, 2
0 58 30: 1259, 22, 3
0 58 31: 1258, 22, 2
0 58 34: 1247, 22, 2
0 58 34: 1276, 10, 2
0 58 35: 1247, 22, 0
0 58 41: 1247, 22, 1
0 58 41: 1276, 10, 1
0 58 46: 1276, 10, 3
0 58 47: 1247, 22, 3
0 58 59: 1247, 22, 3
0 58 59: 1276, 10, 3
0 58 60: 1246, 22, 0
0 59 0: 1602, 0, 3
0 59 4: 979, 9, 3
0 59 5: 979, 1, 3
0 59 6: 1258, 22, 2
0 59 7: 1264, 22, 2
0 59 8: 1246, 22, 0
0 59 9: 1257, 22, 2
0 59 10: 1247, 22, 2
0 59 10: 1276, 10, 3
0 59 11: 1265, 22, 2
0 59 12: 1247, 22, 3
0 59 14: 1265, 22, 3
0 59 15: 1246, 22, 1
0 59 18: 1247, 22, 2
0 59 18: 1276, 10, 2
0 59 19: 1246, 22, 2
0 59 26: 1341, 10, 1
0 59 27: 1258, 22, 1
0 59 28: 1259, 22, 2
0 59 29: 1259, 22, 2
0 59 30: 1257, 22, 0
0 59 31: 1257, 22, 1
0 59 34: 1246, 22, 2
0 59 35: 1247, 22, 2
0 59 41: 1265, 22, 0
0 59 42: 1247, 22, 2
0 59 43: 1246, 22, 2
0 59 45: 1247, 22, 3
0 59 47: 1246, 22, 3
0 59 52: 1248, 22, 0
0 59 55: 1247, 22, 0
0 59 55: 1276, 10, 0
0 59 59: 1264, 22, 3
0 60 0: 1602, 0, 3
0 60 1: 1189, 10, 1
0 60 3: 979, 9, 3
0 60 4: 979, 1, 3
0 60 5: 1258, 22, 0
0 60 6: 1259, 22, 1
0 60 7: 1258, 22, 0
0 60 8: 1258, 22, 1
0 60 9: 1257, 22, 3
0 60 10: 1246, 22, 2
0 60 11: 1247, 22, 1
0 60 13: 1246, 22, 0
0 60 14: 1247, 22, 3
0 60 18: 1264, 22, 1
0 60 29: 1247, 22, 3
0 60 29: 1276, 10, 2
0 60 30: 1247, 22, 1
0 60 43: 1247, 22, 3
0 60 43: 1276, 10, 0
0 60 44: 1247, 22, 0
0 60 45: 1276, 10, 1
0 60 46: 1247, 22, 2
0 60 52: 1194, 10, 2
0 60 55: 1247, 22, 3
0 60 56: 1246, 22, 3
0 60 58: 1247, 22, 1
0 60 58: 1276, 10, 0
0 60 59: 1247, 22, 2
0 60 60: 1281, 10, 1
0 60 61: 1247, 22, 1
0 61 0: 1602, 3, 3
0 61 2: 979, 9, 3
0 61 3: 979, 1, 3
0 61 3: 1276, 10, 3
0 61 4: 1247, 22, 2
0 61 5: 1259, 22, 2
0 61 6: 1246, 22, 0
0 61 6: 1276, 10, 1
0 61 7: 1247, 22, 0
0 61 8: 1259, 22, 0
0 61 9: 1258, 22, 2
0 61 10: 1257, 22, 1
0 61 11: 1257, 22, 0
0 61 15: 1247, 22, 3
0 61 15: 1276, 10, 1
0 61 16: 1247, 22, 0
0 61 19: 1248, 22, 2
0 61 25: 1248, 22, 3
0 61 29: 1246, 22, 0
0 61 31: 1276, 10, 3
0 61 32: 1246, 22, 1
0 61 36: 1247, 22, 1
0 61 36: 1276, 10, 0
0 61 37: 1246, 22, 3
0 61 43: 1247, 22, 0
0 61 46: 1247, 22, 1
0 61 48: 1248, 22, 3
0 61 58: 1246, 22, 2
0 61 60: 1247, 22, 3
0 61 62: 1247, 22, 0
0 62 1: 979, 9, 3
0 62 2: 979, 1, 3
0 62 3: 1257, 22, 0
0 62 4: 1247, 22, 3
0 62 5: 1258, 22, 1
0 62 6: 1247, 22, 1
0 62 7: 1247, 22, 2
0 62 8: 1258, 22, 0
0 62 9: 1247, 22, 0
0 62 9: 1276, 10, 0
0 62 10: 1246, 22, 1
0 62 15: 1247, 22, 2
0 62 31: 1247, 22, 3
0 62 37: 1247, 22, 0
0 62 44: 1276, 10, 3
0 62 45: 1246, 22, 3
0 62 49: 1194, 10, 3
0 62 56: 1194, 10, 0
0 62 61: 1246, 22, 1
0 63 0: 979, 9, 3
0 63 1: 979, 1, 3
0 63 2: 1257, 22, 1
0 63 3: 1257, 22, 2
0 63 4: 1259, 22, 2
0 63 5: 1259, 22, 3
0 63 7: 1259, 22, 1
0 63 8: 1257, 22, 3
0 63 10: 1247, 22, 3
1 4 56: 1792, 19, 1
1 4 57: 1792, 18, 2
1 4 58: 1792, 18, 2
1 4 59: 1792, 19, 2
1 5 55: 1792, 19, 1
1 5 56: 1926, 13, 1
1 5 57: 1926, 12, 2
1 5 58: 1926, 12, 2
1 5 59: 1926, 13, 2
1 5 60: 1792, 19, 2
1 6 54: 1792, 19, 1
1 6 55: 1926, 13, 1
1 6 56: 1608, 10, 1
1 6 57: 1602, 0, 0
1 6 58: 1602, 0, 0
1 6 58: 1748, 10, 1
1 6 59: 1608, 10, 2
1 6 60: 1926, 13, 2
1 6 61: 1792, 19, 2
1 7 53: 1792, 19, 1
1 7 54: 1926, 13, 1
1 7 55: 1608, 10, 1
1 7 60: 1608, 10, 2
1 7 61: 1926, 13, 2
1 7 62: 1792, 19, 2
1 8 53: 1792, 18, 1
1 8 54: 1926, 12, 1
1 8 55: 364, 10, 2
1 8 55: 1602, 0, 3
1 8 57: 1778, 10, 0
1 8 59: 1248, 22, 1
1 8 60: 354, 10, 1
1 8 60: 1602, 0, 1
1 8 61: 1926, 12, 3
1 8 62: 1792, 18, 3
1 9 53: 1792, 18, 1
1 9 54: 1926, 12, 1
1 9 55: 366, 10, 0
1 9 55: 1602, 0, 3
1 9 60: 1602, 0, 1
1 9 61: 1926, 12, 3
1 9 62: 1792, 18, 3
1 10 53: 1792, 19, 0
1 10 54: 1926, 13, 0
1 10 55: 1608, 10, 0
1 10 57: 1248, 22, 2
1 10 60: 1608, 10, 3
1 10 61: 1926, 13, 3
1 10 62: 1792, 19, 3
1 11 54: 1792, 19, 0
1 11 55: 1926, 13, 0
1 11 56: 1608, 10, 0
1 11 57: 1602, 0, 2
1 11 58: 1602, 0, 2
1 11 59: 1608, 10, 3
1 11 60: 1926, 13, 3
1 11 61: 1792, 19, 3
1 12 55: 1792, 19, 0
1 12 56: 1926, 13, 0
1 12 57: 1926, 12, 0
1 12 58: 1926, 12, 0
1 12 59: 1926, 13, 3
1 12 60: 1792, 19, 3
1 13 56: 1792, 19, 0
1 13 57: 1792, 18, 0
1 13 58: 1792, 18, 0
1 13 59: 1792, 19, 3
1 14 54: 1792, 18, 1
1 14 55: 1926, 16, 1
1 14 56: 1604, 12, 2
1 14 57: 1604, 12, 2
1 14 58: 1604, 12, 2
1 14 59: 1926, 16, 2
1 14 60: 1792, 18, 3
1 15 54: 1792, 18, 1
1 15 55: 1604, 12, 1
1 15 56: 1604, 17, 2
1 15 57: 1604, 17, 2
1 15 58: 1604, 17, 2
1 15 59: 1604, 12, 3
1 15 60: 1792, 18, 3
1 16 26: 1790, 21, 1
1 16 27: 1790, 18, 2
1 16 28: 1790, 18, 2
1 16 29: 1790, 18, 2
1 16 30: 1790, 18, 2
1 16 31: 1790, 18, 2
1 16 32: 1790, 18, 2
1 16 33: 1790, 18, 2
1 16 34: 1790, 18, 2
1 16 35: 1790, 18, 2
1 16 36: 1790, 18, 2
1 16 37: 1790, 18, 2
1 16 38: 1790, 21, 2
1 16 54: 1792, 18, 1
1 16 55: 1604, 12, 1
1 16 56: 1604, 17, 2
1 16 57: 1604, 17, 2
1 16 58: 1604, 17, 2
1 16 59: 1604, 12, 3
1 16 60: 1792, 18, 3
1 17 26: 1790, 18, 1
1 17 27: 1924, 16, 1
1 17 28: 1924, 12, 2
1 17 29: 1924, 12, 2
1 17 30: 1924, 12, 2
1 17 31: 1924, 12, 2
1 17 32: 1924, 12, 2
1 17 33: 1924, 12, 2
1 17 34: 1924, 12, 2
1 17 35: 1924, 12, 2
1 17 36: 1924, 12, 2
1 17 37: 1924, 16, 2
1 17 38: 1790, 18, 3
1 17 54: 1792, 18, 1
1 17 55: 1604, 12, 1
1 17 56: 1604, 17, 2
1 17 57: 1604, 17, 2
1 17 58: 1604, 17, 2
1 17 59: 1604, 12, 3
1 17 60: 1792, 18, 3
1 18 6: 1792, 19, 1
1 18 7: 1792, 18, 2
1 18 8: 1792, 18, 2
1 18 9: 1792, 18, 2
1 18 10: 1792, 18, 2
1 18 11: 1792, 18, 2
1 18 12: 1792, 21, 2
1 18 26: 1790, 18, 1
1 18 27: 1924, 12, 1
1 18 28: 1924, 17, 0
1 18 29: 1924, 17, 0
1 18 30: 1924, 17, 0
1 18 31: 1924, 17, 0
1 18 32: 1924, 17, 0
1 18 33: 1924, 17, 0
1 18 34: 1924, 17, 0
1 18 35: 1924, 17, 0
1 18 36: 1924, 17, 0
1 18 37: 1924, 12, 3
1 18 38: 1790, 18, 3
1 18 54: 1792, 18, 1
1 18 55: 1604, 12, 1
1 18 56: 1604, 17, 2
1 18 57: 1604, 17, 2
1 18 58: 1604, 17, 2
1 18 59: 1604, 12, 3
1 18 60: 1792, 18, 3
1 19 5: 1792, 19, 1
1 19 6: 1604, 13, 1
1 19 7: 1604, 12, 2
1 19 8: 1604, 12, 2
1 19 9: 1604, 12, 2
1 19 10: 1604, 12, 2
1 19 11: 1926, 16, 2
1 19 12: 1792, 18, 3
1 19 26: 1790, 18, 1
1 19 27: 1924, 12, 1
1 19 28: 1924, 17, 0
1 19 29: 1902, 2, 3
1 19 30: 1902, 0, 0
1 19 31: 1902, 0, 0
1 19 32: 1902, 0, 0
1 19 33: 1902, 0, 0
1 19 34: 1902, 0, 0
1 19 35: 1902, 2, 0
1 19 36: 1924, 17, 0
1 19 37: 1924, 12, 3
1 19 38: 1790, 18, 3
1 19 54: 1792, 18, 1
1 19 55: 1926, 16, 0
1 19 56: 1604, 12, 0
1 19 57: 1604, 12, 0
1 19 58: 1604, 12, 0
1 19 59: 1926, 16, 3
1 19 60: 1792, 18, 3
1 20 5: 1792, 18, 1
1 20 6: 1604, 12, 1
1 20 7: 1604, 17, 1
1 20 8: 1604, 17, 1
1 20 9: 1604, 17, 1
1 20 10: 1604, 17, 1
1 20 11: 1604, 12, 3
1 20 12: 1792, 18, 3
1 20 26: 1790, 18, 1
1 20 27: 1924, 12, 1
1 20 28: 1924, 17, 0
1 20 29: 1902, 0, 3
1 20 35: 1902, 0, 1
1 20 36: 1924, 17, 0
1 20 37: 1924, 12, 3
1 20 38: 1790, 18, 3
1 20 54: 1792, 21, 0
1 20 55: 1792, 18, 0
1 20 56: 1792, 18, 0
1 20 57: 1792, 18, 0
1 20 58: 1792, 18, 0
1 20 59: 1792, 18, 0
1 20 60: 1792, 21, 3
1 21 5: 1792, 18, 1
1 21 6: 1604, 12, 1
1 21 7: 1604, 17, 1
1 21 8: 1604, 17, 1
1 21 9: 1604, 17, 1
1 21 10: 1604, 17, 1
1 21 11: 1604, 12, 3
1 21 12: 1792, 18, 3
1 21 26: 1790, 18, 1
1 21 27: 1924, 12, 1
1 21 28: 1924, 17, 0
1 21 29: 1902, 0, 3
1 21 35: 1902, 0, 1
1 21 36: 1924, 17, 0
1 21 37: 1924, 12, 3
1 21 38: 1790, 18, 3
1 22 5: 1792, 18, 1
1 22 6: 1604, 12, 1
1 22 7: 1604, 17, 1
1 22 8: 1604, 17, 1
1 22 9: 1604, 17, 1
1 22 10: 1604, 17, 1
1 22 11: 1604, 12, 3
1 22 12: 1792, 18, 3
1 22 26: 1790, 18, 1
1 22 27: 1924, 12, 1
1 22 28: 1924, 17, 0
1 22 29: 1902, 0, 3
1 22 35: 1902, 0, 1
1 22 36: 1924, 17, 0
1 22 37: 1924, 12, 3
1 22 38: 1790, 18, 3
1 23 5: 1792, 18, 1
1 23 6: 1604, 12, 1
1 23 7: 1604, 17, 1
1 23 8: 1604, 17, 1
1 23 9: 1604, 17, 1
1 23 10: 1604, 17, 1
1 23 11: 1604, 12, 3
1 23 12: 1792, 18, 3
1 23 26: 1790, 18, 1
1 23 27: 1924, 12, 1
1 23 28: 1924, 17, 0
1 23 29: 1902, 2, 2
1 23 30: 1902, 0, 2
1 23 31: 1902, 0, 2
1 23 32: 1902, 0, 2
1 23 33: 1902, 0, 2
1 23 34: 1902, 0, 2
1 23 35: 1902, 2, 1
1 23 36: 1924, 17, 0
1 23 37: 1924, 12, 3
1 23 38: 1790, 18, 3
1 24 5: 1792, 18, 1
1 24 6: 1604, 12, 1
1 24 7: 1604, 17, 1
1 24 8: 1604, 17, 1
1 24 9: 1604, 17, 1
1 24 10: 1604, 17, 1
1 24 11: 1604, 12, 3
1 24 12: 1792, 18, 3
1 24 26: 1790, 18, 1
1 24 27: 1927, 12, 1
1 24 28: 1924, 17, 0
1 24 29: 1924, 17, 0
1 24 30: 1924, 17, 0
1 24 31: 1924, 17, 0
1 24 32: 1924, 17, 0
1 24 33: 1924, 17, 0
1 24 34: 1924, 17, 0
1 24 35: 1924, 17, 0
1 24 36: 1924, 17, 0
1 24 37: 1924, 12, 3
1 24 38: 1790, 18, 3
1 25 5: 1792, 18, 1
1 25 6: 1926, 16, 0
1 25 7: 1604, 12, 0
1 25 8: 1604, 12, 0
1 25 9: 1604, 12, 0
1 25 10: 1604, 12, 0
1 25 11: 1926, 16, 3
1 25 12: 1792, 18, 3
1 25 26: 1790, 18, 1
1 25 27: 1924, 16, 0
1 25 28: 1924, 12, 0
1 25 29: 1924, 12, 0
1 25 30: 1924, 12, 0
1 25 31: 1924, 12, 0
1 25 32: 1924, 12, 0
1 25 33: 1924, 12, 0
1 25 34: 1924, 12, 0
1 25 35: 1924, 12, 0
1 25 36: 1924, 12, 0
1 25 37: 1924, 16, 3
1 25 38: 1790, 18, 3
1 26 5: 1792, 21, 0
1 26 6: 1792, 18, 0
1 26 7: 1792, 18, 0
1 26 8: 1792, 18, 0
1 26 9: 1792, 18, 0
1 26 10: 1792, 18, 0
1 26 11: 1792, 18, 0
1 26 12: 1792, 21, 3
1 26 26: 1790, 21, 0
1 26 27: 1790, 18, 0
1 26 28: 1790, 18, 0
1 26 29: 1790, 18, 0
1 26 30: 1790, 18, 0
1 26 31: 1790, 18, 0
1 26 32: 1790, 18, 0
1 26 33: 1790, 18, 0
1 26 34: 1790, 18, 0
1 26 35: 1790, 18, 0
1 26 36: 1790, 18, 0
1 26 37: 1790, 18, 0
1 26 38: 1790, 21, 3
1 43 34: 1134, 10, 0
1 53 50: 1134, 10, 0
1 56 28: 1134, 10, 0
2 6 56: 1602, 9, 3
2 6 57: 1248, 22, 3
2 6 57: 1602, 0, 0
2 6 58: 1602, 0, 0
2 6 58: 1746, 10, 1
2 6 59: 1602, 9, 0
2 7 54: 1779, 10, 1
2 7 55: 1602, 9, 3
2 7 56: 1602, 1, 3
2 7 59: 1602, 1, 0
2 7 60: 1602, 9, 0
2 8 55: 1248, 22, 0
2 8 55: 1602, 0, 3
2 8 57: 1784, 10, 0
2 8 58: 2717, 10, 0
2 8 59: 1248, 22, 1
2 8 60: 1602, 0, 1
2 9 55: 1602, 0, 3
2 9 57: 2721, 10, 0
2 9 60: 1602, 0, 1
2 10 55: 1602, 9, 2
2 10 56: 1602, 1, 2
2 10 57: 1248, 22, 3
2 10 59: 1602, 1, 1
2 10 60: 1602, 9, 1
2 11 56: 1602, 9, 2
2 11 57: 1602, 0, 2
2 11 58: 1602, 0, 2
2 11 59: 1602, 9, 1
2 18 28: 1790, 21, 1
2 18 29: 1790, 18, 2
2 18 30: 1790, 18, 2
2 18 31: 1790, 18, 2
2 18 32: 1790, 18, 2
2 18 33: 1790, 18, 2
2 18 34: 1790, 18, 2
2 18 35: 1790, 18, 2
2 18 36: 1790, 21, 2
2 19 28: 1790, 18, 1
2 19 29: 1924, 16, 1
2 19 30: 1924, 12, 2
2 19 31: 1924, 12, 2
2 19 32: 1924, 12, 2
2 19 33: 1924, 12, 2
2 19 34: 1924, 12, 2
2 19 35: 1924, 16, 2
2 19 36: 1790, 18, 3
2 20 28: 1790, 18, 1
2 20 29: 1924, 12, 1
2 20 30: 1924, 17, 3
2 20 31: 1924, 17, 3
2 20 32: 1924, 17, 3
2 20 33: 1924, 17, 3
2 20 34: 1924, 17, 3
2 20 35: 1924, 12, 3
2 20 36: 1790, 18, 3
2 21 28: 1790, 18, 1
2 21 29: 1924, 12, 1
2 21 30: 1924, 17, 3
2 21 31: 1924, 17, 3
2 21 32: 1924, 17, 3
2 21 33: 1924, 17, 3
2 21 34: 1924, 17, 3
2 21 35: 1924, 12, 3
2 21 36: 1790, 18, 3
2 22 28: 1790, 18, 1
2 22 29: 1924, 12, 1
2 22 30: 1924, 17, 3
2 22 31: 1924, 17, 3
2 22 32: 1924, 17, 3
2 22 33: 1924, 17, 3
2 22 34: 1924, 17, 3
2 22 35: 1924, 12, 3
2 22 36: 1790, 18, 3
2 23 28: 1790, 18, 1
2 23 29: 1924, 16, 0
2 23 30: 1924, 12, 0
2 23 31: 1924, 12, 0
2 23 32: 1924, 12, 0
2 23 33: 1924, 12, 0
2 23 34: 1924, 12, 0
2 23 35: 1924, 16, 3
2 23 36: 1790, 18, 3
2 24 28: 1790, 21, 0
2 24 29: 1790, 18, 0
2 24 30: 1790, 18, 0
2 24 31: 1790, 18, 0
2 24 32: 1790, 18, 0
2 24 33: 1790, 18, 0
2 24 34: 1790, 18, 0
2 24 35: 1790, 18, 0
2 24 36: 1790, 21, 3
2 42 34: 1138, 10, 0
2 43 33: 1143, 10, 2
2 43 34: 1135, 10, 0
2 43 35: 1143, 10, 0
2 44 34: 1137, 10, 0
2 52 50: 1138, 10, 0
2 53 49: 1143, 10, 2
2 53 50: 1135, 10, 0
2 53 51: 1143, 10, 0
2 54 50: 1137, 10, 0
2 55 28: 1138, 10, 0
2 56 27: 1143, 10, 2
2 56 28: 1135, 10, 0
2 56 29: 1143, 10, 0
2 57 28: 1137, 10, 0
3 5 56: 1792, 19, 1
3 5 57: 1792, 18, 2
3 5 58: 1792, 18, 2
3 5 59: 1792, 19, 2
3 6 55: 1792, 19, 1
3 6 56: 1926, 13, 1
3 6 57: 1926, 12, 2
3 6 58: 1926, 12, 2
3 6 59: 1926, 13, 2
3 6 60: 1792, 19, 2
3 7 55: 1926, 13, 1
3 7 56: 1926, 14, 1
3 7 57: 1926, 17, 2
3 7 58: 1926, 17, 2
3 7 59: 1926, 14, 2
3 7 60: 1926, 13, 2
3 7 61: 1792, 19, 2
3 8 55: 1776, 12, 1
3 8 56: 1926, 17, 2
3 8 57: 1926, 17, 2
3 8 58: 1926, 17, 2
3 8 59: 1926, 17, 2
3 8 60: 1926, 12, 3
3 8 61: 1792, 18, 3
3 9 55: 1777, 12, 1
3 9 56: 1926, 17, 2
3 9 57: 1926, 17, 2
3 9 58: 1926, 17, 2
3 9 59: 1926, 17, 2
3 9 60: 1926, 12, 3
3 9 61: 1792, 18, 3
3 10 55: 1926, 13, 0
3 10 56: 1926, 14, 0
3 10 57: 1926, 17, 2
3 10 58: 1926, 17, 2
3 10 59: 1926, 14, 3
3 10 60: 1926, 13, 3
3 10 61: 1792, 19, 3
3 11 55: 1792, 19, 0
3 11 56: 1926, 13, 0
3 11 57: 1926, 12, 0
3 11 58: 1926, 12, 0
3 11 59: 1926, 13, 3
3 11 60: 1792, 19, 3
3 12 56: 1792, 19, 0
3 12 57: 1792, 18, 0
3 12 58: 1792, 18, 0
3 12 59: 1792, 19, 3
3 39 30: 1129, 10, 1
3 39 34: 1128, 10, 1
3 39 35: 1129, 10, 2
3 43 30: 1128, 10, 0
3 43 34: 1127, 10, 0
3 43 35: 1128, 10, 2
3 44 30: 1129, 10, 0
3 44 34: 1128, 10, 3
3 44 35: 1129, 10, 3
3 49 46: 1129, 10, 1
3 49 50: 1128, 10, 1
3 49 51: 1129, 10, 2
3 52 24: 1129, 10, 1
3 52 28: 1128, 10, 1
3 52 29: 1129, 10, 2
3 53 46: 1128, 10, 0
3 53 50: 1127, 10, 0
3 53 51: 1128, 10, 2
3 54 46: 1129, 10, 0
3 54 50: 1128, 10, 3
3 54 51: 1129, 10, 3
3 56 24: 1128, 10, 0
3 56 28: 1127, 10, 0
3 56 29: 1128, 10, 2
3 57 24: 1129, 10, 0
3 57 28: 1128, 10, 3
3 57 29: 1129, 10, 3
