0 14 15: 2515, 11, 3
0 17 18: 730, 22, 3
0 18 56: 1123, 10, 3
0 19 18: 1271, 22, 2
0 19 59: 1248, 22, 0
0 20 14: 1123, 10, 3
0 20 20: 1123, 10, 0
0 20 24: 1267, 22, 2
0 22 24: 1248, 22, 2
0 22 29: 730, 22, 0
0 22 55: 729, 22, 3
0 22 56: 1268, 22, 3
0 23 18: 306, 10, 3
0 23 55: 729, 22, 2
0 23 61: 1257, 22, 0
0 23 62: 1257, 22, 0
0 23 63: 1257, 22, 2
0 24 16: 1123, 10, 3
0 24 21: 1303, 10, 0
0 24 22: 1252, 22, 2
0 24 61: 1257, 22, 1
0 24 62: 1258, 22, 3
0 24 63: 1258, 22, 3
0 25 24: 1251, 22, 2
0 25 24: 1303, 10, 2
0 25 29: 1267, 22, 1
0 25 54: 1123, 10, 2
0 25 60: 1251, 22, 3
0 25 60: 1303, 10, 1
0 25 61: 1258, 22, 0
0 25 62: 1259, 22, 3
0 25 63: 1259, 22, 3
0 26 22: 1252, 22, 0
0 26 23: 1390, 10, 3
0 26 25: 1252, 22, 3
0 26 60: 1257, 22, 2
0 26 61: 1252, 22, 0
0 26 62: 1258, 22, 1
0 26 63: 1259, 22, 0
0 27 15: 1123, 10, 3
0 27 20: 1390, 10, 2
0 27 21: 1390, 10, 1
0 27 22: 1251, 22, 1
0 27 24: 1251, 22, 3
0 27 24: 1303, 10, 0
0 27 32: 1267, 22, 0
0 27 35: 1269, 22, 0
0 27 59: 1303, 10, 2
0 27 60: 1251, 22, 1
0 27 61: 1257, 22, 0
0 27 61: 1303, 10, 2
0 27 62: 1257, 22, 1
0 27 63: 1259, 22, 3
0 28 12: 730, 22, 2
0 28 21: 1390, 10, 0
0 28 37: 730, 22, 1
0 28 58: 1252, 22, 3
0 28 58: 1303, 10, 3
0 28 60: 1252, 22, 1
0 28 63: 1258, 22, 2
0 29 18: 1251, 22, 0
0 29 18: 1303, 10, 1
0 29 19: 1251, 22, 1
0 29 23: 1251, 22, 2
0 29 23: 1303, 10, 3
0 29 25: 1390, 10, 0
0 29 26: 1303, 10, 2
0 29 32: 1267, 22, 3
0 29 52: 1268, 22, 2
0 29 58: 1252, 22, 3
0 29 59: 1251, 22, 0
0 29 60: 1390, 10, 0
0 29 61: 1184, 10, 0
0 29 62: 1390, 10, 3
0 29 63: 1258, 22, 1
0 30 19: 1251, 22, 2
0 30 19: 1303, 10, 0
0 30 20: 1251, 22, 2
0 30 21: 1390, 10, 3
0 30 23: 1252, 22, 3
0 30 24: 1252, 22, 0
0 30 34: 662, 10, 2
0 30 38: 1123, 10, 2
0 30 57: 1252, 22, 1
0 30 57: 1303, 10, 0
0 30 58: 1252, 22, 2
0 30 60: 1390, 10, 1
0 30 62: 1184, 10, 3
0 30 62: 1258, 22, 3
0 30 63: 1259, 22, 3
0 31 18: 1303, 10, 3
0 31 19: 1252, 22, 2
0 31 20: 1252, 22, 2
0 31 21: 1390, 10, 2
0 31 22: 1390, 10, 2
0 31 23: 1390, 10, 1
0 31 24: 1251, 22, 3
0 31 24: 1390, 10, 0
0 31 25: 1390, 10, 0
0 31 28: 1390, 10, 3
0 31 57: 1252, 22, 1
0 31 59: 1390, 10, 1
0 31 61: 1371, 10, 3
0 31 62: 1390, 10, 3
0 32 19: 1252, 22, 1
0 32 20: 1251, 22, 0
0 32 22: 1251, 22, 1
0 32 23: 1390, 10, 1
0 32 26: 1251, 22, 0
0 32 26: 1304, 10, 0
0 32 29: 1390, 10, 1
0 32 31: 1390, 10, 2
0 32 34: 1248, 22, 1
0 32 59: 1252, 22, 0
0 32 59: 1390, 10, 2
0 32 63: 1390, 10, 0
0 33 20: 1303, 10, 2
0 33 21: 1251, 22, 3
0 33 22: 1184, 10, 1
0 33 24: 1184, 10, 0
0 33 25: 1390, 10, 0
0 33 26: 1252, 22, 1
0 33 28: 1251, 22, 2
0 33 28: 1304, 10, 1
0 33 29: 1390, 10, 2
0 33 44: 1123, 10, 2
0 33 47: 729, 22, 3
0 33 48: 729, 22, 2
0 33 49: 1270, 22, 1
0 33 56: 1390, 10, 0
0 33 60: 1304, 10, 2
0 33 61: 1251, 22, 1
0 33 62: 1184, 10, 2
0 34 19: 1390, 10, 1
0 34 20: 1184, 10, 2
0 34 25: 1252, 22, 2
0 34 26: 1251, 22, 1
0 34 26: 1304, 10, 0
0 34 28: 1252, 22, 0
0 34 28: 1304, 10, 1
0 34 29: 1252, 22, 3
0 34 29: 1304, 10, 2
0 34 30: 1252, 22, 2
0 34 30: 1390, 10, 3
0 34 33: 1303, 10, 3
0 34 46: 729, 22, 1
0 34 47: 730, 22, 2
0 34 48: 729, 22, 1
0 34 49: 1271, 22, 2
0 34 54: 1251, 22, 3
0 34 54: 1303, 10, 0
0 34 55: 1252, 22, 2
0 34 58: 1304, 10, 3
0 34 60: 1251, 22, 0
0 34 62: 1257, 22, 2
0 34 63: 1257, 22, 1
0 35 17: 1390, 10, 3
0 35 21: 1184, 10, 2
0 35 27: 1257, 22, 1
0 35 28: 1252, 22, 1
0 35 28: 1390, 10, 0
0 35 29: 1257, 22, 2
0 35 29: 1304, 10, 3
0 35 32: 1303, 10, 2
0 35 33: 1251, 22, 0
0 35 36: 1303, 10, 0
0 35 47: 729, 22, 2
0 35 55: 1252, 22, 3
0 35 56: 1390, 10, 0
0 35 57: 1390, 10, 3
0 35 59: 1304, 10, 0
0 35 60: 1252, 22, 3
0 35 61: 1390, 10, 3
0 35 62: 1252, 22, 2
0 35 63: 1184, 10, 1
0 35 63: 1258, 22, 0
0 36 15: 1400, 10, 0
0 36 17: 1400, 10, 3
0 36 19: 1251, 22, 0
0 36 19: 1304, 10, 1
0 36 20: 1184, 10, 3
0 36 28: 1304, 10, 0
0 36 30: 1257, 22, 2
0 36 31: 1390, 10, 0
0 36 32: 1251, 22, 3
0 36 33: 1303, 10, 3
0 36 34: 1303, 10, 3
0 36 36: 1251, 22, 3
0 36 39: 1252, 22, 3
0 36 39: 1304, 10, 3
0 36 40: 1252, 22, 1
0 36 50: 1248, 22, 1
0 36 57: 1184, 10, 3
0 36 58: 1184, 10, 0
0 36 60: 1252, 22, 0
0 36 61: 1257, 22, 3
0 36 62: 1258, 22, 3
0 36 63: 1258, 22, 3
0 37 18: 1257, 22, 3
0 37 19: 1258, 22, 2
0 37 20: 1251, 22, 2
0 37 25: 1263, 22, 0
0 37 28: 1259, 22, 2
0 37 29: 1259, 22, 3
0 37 30: 1258, 22, 3
0 37 30: 1390, 10, 3
0 37 31: 1257, 22, 3
0 37 31: 1390, 10, 0
0 37 34: 1251, 22, 2
0 37 35: 1303, 10, 1
0 37 39: 1252, 22, 0
0 37 40: 1252, 22, 3
0 37 52: 1390, 10, 2
0 37 53: 1390, 10, 2
0 37 58: 1390, 10, 1
0 37 59: 1390, 10, 2
0 37 61: 1257, 22, 0
0 37 62: 1258, 22, 2
0 37 63: 1259, 22, 2
0 38 13: 1123, 10, 3
0 38 16: 1400, 10, 0
0 38 18: 1304, 10, 2
0 38 19: 1258, 22, 2
0 38 19: 1304, 10, 3
0 38 23: 1263, 22, 0
0 38 26: 2732, 10, 1
0 38 29: 1259, 22, 2
0 38 29: 1390, 10, 3
0 38 30: 1258, 22, 0
0 38 31: 1257, 22, 3
0 38 36: 1303, 10, 1
0 38 37: 1251, 22, 3
0 38 40: 1304, 10, 0
0 38 43: 1252, 22, 2
0 38 43: 1304, 10, 3
0 38 50: 1390, 10, 0
0 38 51: 1390, 10, 1
0 38 53: 1252, 22, 1
0 38 54: 1184, 10, 1
0 38 55: 1304, 10, 2
0 38 56: 1252, 22, 0
0 38 57: 1390, 10, 3
0 38 58: 1184, 10, 2
0 38 60: 1371, 10, 0
0 38 62: 1258, 22, 3
0 38 63: 1258, 22, 1
0 39 6: 730, 22, 1
0 39 15: 1252, 22, 1
0 39 15: 1304, 10, 1
0 39 18: 1251, 22, 1
0 39 19: 1258, 22, 3
0 39 20: 1259, 22, 3
0 39 20: 1304, 10, 3
0 39 24: 2732, 10, 0
0 39 25: 692, 10, 0
0 39 25: 1262, 22, 0
0 39 26: 2732, 10, 3
0 39 27: 1263, 22, 3
0 39 28: 1390, 10, 2
0 39 30: 1259, 22, 0
0 39 30: 1304, 10, 0
0 39 31: 1257, 22, 0
0 39 32: 1257, 22, 0
0 39 34: 1371, 10, 1
0 39 39: 1252, 22, 1
0 39 39: 1304, 10, 2
0 39 41: 1251, 22, 2
0 39 42: 1304, 10, 1
0 39 44: 1252, 22, 3
0 39 50: 1390, 10, 0
0 39 52: 1184, 10, 0
0 39 53: 1251, 22, 2
0 39 53: 1304, 10, 3
0 39 55: 1184, 10, 2
0 39 55: 1252, 22, 2
0 39 56: 1184, 10, 0
0 39 56: 1252, 22, 1
0 39 58: 1184, 10, 2
0 39 60: 1257, 22, 1
0 39 61: 1258, 22, 3
0 39 62: 1259, 22, 2
0 40 16: 1252, 22, 2
0 40 18: 1257, 22, 1
0 40 18: 1304, 10, 1
0 40 19: 1252, 22, 3
0 40 21: 1258, 22, 3
0 40 24: 1263, 22, 2
0 40 25: 2732, 10, 0
0 40 29: 1184, 10, 3
0 40 30: 1259, 22, 1
0 40 31: 1259, 22, 0
0 40 32: 1257, 22, 1
0 40 37: 1197, 10, 0
0 40 40: 1251, 22, 2
0 40 40: 1304, 10, 2
0 40 43: 1251, 22, 1
0 40 50: 1390, 10, 3
0 40 51: 1251, 22, 3
0 40 51: 1303, 10, 3
0 40 54: 1304, 10, 0
0 40 55: 1304, 10, 1
0 40 56: 1184, 10, 3
0 40 56: 1252, 22, 0
0 40 57: 1390, 10, 3
0 40 59: 1304, 10, 0
0 40 60: 1257, 22, 2
0 40 61: 1258, 22, 1
0 40 62: 1259, 22, 1
0 41 16: 1390, 10, 2
0 41 18: 1252, 22, 2
0 41 19: 1304, 10, 0
0 41 21: 1258, 22, 3
0 41 26: 1262, 22, 1
0 41 29: 1257, 22, 2
0 41 30: 1304, 10, 1
0 41 31: 1304, 10, 3
0 41 39: 1252, 22, 2
0 41 39: 1304, 10, 2
0 41 41: 1252, 22, 0
0 41 42: 1304, 10, 0
0 41 45: 1184, 10, 2
0 41 50: 1303, 10, 2
0 41 53: 1252, 22, 2
0 41 53: 1304, 10, 2
0 41 54: 1252, 22, 3
0 41 57: 1184, 10, 1
0 41 60: 1304, 10, 2
0 41 61: 1251, 22, 2
0 41 63: 1259, 22, 1
0 42 15: 1304, 10, 3
0 42 17: 1390, 10, 3
0 42 19: 1251, 22, 3
0 42 20: 1251, 22, 2
0 42 29: 1258, 22, 2
0 42 29: 1304, 10, 2
0 42 30: 1258, 22, 1
0 42 31: 1257, 22, 3
0 42 35: 1248, 22, 3
0 42 40: 1251, 22, 3
0 42 41: 1304, 10, 3
0 42 43: 1252, 22, 1
0 42 44: 1303, 10, 1
0 42 51: 1251, 22, 2
0 42 52: 1184, 10, 3
0 42 53: 1252, 22, 1
0 42 54: 1304, 10, 0
0 42 55: 1184, 10, 1
0 42 55: 1252, 22, 3
0 42 56: 1390, 10, 1
0 42 57: 1390, 10, 0
0 42 59: 1304, 10, 1
0 42 63: 1184, 10, 0
0 43 5: 1123, 10, 3
0 43 13: 1304, 10, 3
0 43 15: 1252, 22, 1
0 43 16: 1251, 22, 3
0 43 19: 1197, 10, 1
0 43 20: 1184, 10, 1
0 43 21: 1390, 10, 0
0 43 22: 1258, 22, 0
0 43 22: 1390, 10, 3
0 43 28: 1259, 22, 2
0 43 30: 1258, 22, 2
0 43 31: 1257, 22, 0
0 43 33: 1198, 10, 0
0 43 43: 1184, 10, 1
0 43 45: 1251, 22, 1
0 43 45: 1303, 10, 0
0 43 46: 1184, 10, 3
0 43 50: 1184, 10, 0
0 43 51: 1303, 10, 1
0 43 52: 1251, 22, 1
0 43 53: 1184, 10, 1
0 43 54: 1252, 22, 2
0 43 55: 1252, 22, 1
0 43 56: 1184, 10, 2
0 43 58: 1251, 22, 1
0 43 59: 1251, 22, 3
0 43 61: 1184, 10, 3
0 43 62: 1390, 10, 0
0 44 12: 1304, 10, 1
0 44 14: 1251, 22, 2
0 44 14: 1304, 10, 2
0 44 16: 1390, 10, 0
0 44 17: 1400, 10, 1
0 44 22: 1184, 10, 0
0 44 22: 1257, 22, 3
0 44 23: 1258, 22, 0
0 44 24: 1259, 22, 0
0 44 25: 1259, 22, 1
0 44 26: 1259, 22, 2
0 44 26: 1390, 10, 3
0 44 27: 1257, 22, 0
0 44 28: 1257, 22, 3
0 44 28: 1390, 10, 0
0 44 29: 1184, 10, 1
0 44 29: 1258, 22, 3
0 44 30: 1184, 10, 0
0 44 30: 1257, 22, 1
0 44 31: 1257, 22, 1
0 44 42: 1390, 10, 3
0 44 43: 1390, 10, 1
0 44 44: 1304, 10, 2
0 44 49: 1390, 10, 3
0 44 53: 1390, 10, 3
0 44 55: 1390, 10, 2
0 44 58: 1371, 10, 2
0 44 60: 1390, 10, 2
0 44 61: 1390, 10, 1
0 44 62: 1184, 10, 1
0 44 63: 1390, 10, 3
0 45 2: 730, 22, 0
0 45 12: 1184, 10, 3
0 45 13: 1304, 10, 0
0 45 15: 1251, 22, 2
0 45 16: 1252, 22, 0
0 45 20: 1304, 10, 0
0 45 23: 1258, 22, 3
0 45 23: 1304, 10, 0
0 45 24: 1258, 22, 3
0 45 25: 1184, 10, 3
0 45 25: 1257, 22, 1
0 45 26: 1257, 22, 1
0 45 31: 1303, 10, 2
0 45 34: 1303, 10, 0
0 45 38: 1371, 10, 3
0 45 42: 1390, 10, 2
0 45 43: 1390, 10, 2
0 45 46: 1184, 10, 0
0 45 48: 1248, 22, 2
0 45 51: 1257, 22, 3
0 45 52: 1257, 22, 0
0 45 53: 1257, 22, 0
0 45 54: 1257, 22, 1
0 45 56: 1304, 10, 0
0 45 57: 1251, 22, 0
0 45 59: 1390, 10, 3
0 45 61: 1390, 10, 3
0 45 62: 1184, 10, 2
0 46 14: 1252, 22, 3
0 46 15: 1390, 10, 1
0 46 16: 1252, 22, 3
0 46 18: 1371, 10, 1
0 46 22: 1257, 22, 2
0 46 24: 1304, 10, 2
0 46 25: 1252, 22, 3
0 46 26: 1251, 22, 0
0 46 26: 1304, 10, 2
0 46 27: 1184, 10, 2
0 46 28: 1390, 10, 2
0 46 29: 1251, 22, 1
0 46 30: 1303, 10, 3
0 46 31: 1251, 22, 0
0 46 32: 1303, 10, 1
0 46 33: 1251, 22, 3
0 46 41: 1304, 10, 1
0 46 43: 1251, 22, 0
0 46 44: 1390, 10, 0
0 46 45: 1184, 10, 1
0 46 49: 1252, 22, 3
0 46 49: 1314, 10, 0
0 46 50: 1251, 22, 3
0 46 51: 1360, 10, 0
0 46 52: 1257, 22, 2
0 46 53: 1258, 22, 1
0 46 54: 1257, 22, 1
0 46 55: 1252, 22, 2
0 46 55: 1390, 10, 2
0 46 57: 1304, 10, 2
0 46 58: 1304, 10, 3
0 46 59: 1252, 22, 0
0 46 60: 1390, 10, 1
0 46 61: 1390, 10, 0
0 46 62: 1390, 10, 2
0 46 63: 1390, 10, 1
0 47 12: 1184, 10, 0
0 47 13: 1390, 10, 2
0 47 14: 1184, 10, 1
0 47 23: 1251, 22, 1
0 47 23: 1390, 10, 2
0 47 24: 1304, 10, 3
0 47 25: 1251, 22, 0
0 47 28: 1251, 22, 2
0 47 28: 1390, 10, 1
0 47 37: 1197, 10, 3
0 47 41: 1251, 22, 3
0 47 42: 1184, 10, 0
0 47 43: 1390, 10, 1
0 47 44: 1252, 22, 2
0 47 44: 1390, 10, 0
0 47 45: 1390, 10, 3
0 47 46: 1252, 22, 1
0 47 49: 1252, 22, 2
0 47 53: 1314, 10, 0
0 47 54: 1258, 22, 2
0 47 56: 1390, 10, 0
0 47 57: 1252, 22, 3
0 47 62: 1184, 10, 1
0 47 63: 1184, 10, 2
0 48 11: 1304, 10, 1
0 48 12: 1304, 10, 1
0 48 14: 1390, 10, 3
0 48 16: 1184, 10, 0
0 48 19: 1304, 10, 3
0 48 23: 1251, 22, 1
0 48 26: 1251, 22, 3
0 48 26: 1390, 10, 0
0 48 27: 1390, 10, 3
0 48 30: 1390, 10, 2
0 48 31: 1184, 10, 2
0 48 33: 1390, 10, 3
0 48 35: 1257, 22, 0
0 48 35: 1371, 10, 2
0 48 38: 1257, 22, 2
0 48 39: 1257, 22, 2
0 48 40: 1257, 22, 1
0 48 40: 1371, 10, 0
0 48 42: 1184, 10, 3
0 48 43: 1390, 10, 3
0 48 44: 1304, 10, 1
0 48 46: 1390, 10, 2
0 48 53: 1252, 22, 1
0 48 54: 1251, 22, 0
0 48 55: 1259, 22, 2
0 48 56: 1259, 22, 0
0 48 57: 1184, 10, 3
0 48 57: 1259, 22, 3
0 48 58: 1184, 10, 0
0 48 59: 1390, 10, 2
0 48 61: 1371, 10, 3
0 48 63: 1390, 10, 0
0 49 7: 1400, 10, 3
0 49 9: 1304, 10, 2
0 49 11: 1251, 22, 1
0 49 13: 1184, 10, 0
0 49 15: 1371, 10, 2
0 49 16: 1390, 10, 3
0 49 17: 1184, 10, 2
0 49 24: 1390, 10, 0
0 49 29: 1371, 10, 3
0 49 31: 1390, 10, 0
0 49 32: 1371, 10, 0
0 49 33: 1184, 10, 0
0 49 34: 1257, 22, 1
0 49 34: 1390, 10, 2
0 49 35: 1257, 22, 0
0 49 36: 1390, 10, 2
0 49 37: 1258, 22, 2
0 49 38: 1258, 22, 1
0 49 39: 1258, 22, 0
0 49 40: 1257, 22, 1
0 49 41: 1257, 22, 0
0 49 42: 1304, 10, 3
0 49 43: 1252, 22, 2
0 49 44: 1184, 10, 0
0 49 45: 1184, 10, 3
0 49 46: 1390, 10, 1
0 49 55: 1258, 22, 0
0 49 56: 1258, 22, 2
0 49 57: 1390, 10, 3
0 49 58: 1184, 10, 0
0 49 62: 1390, 10, 3
0 50 11: 1304, 10, 2
0 50 12: 1251, 22, 3
0 50 13: 1390, 10, 1
0 50 15: 1184, 10, 3
0 50 16: 1184, 10, 2
0 50 17: 1390, 10, 0
0 50 24: 1390, 10, 1
0 50 26: 1390, 10, 3
0 50 28: 1184, 10, 0
0 50 29: 1390, 10, 3
0 50 32: 1184, 10, 1
0 50 32: 1257, 22, 3
0 50 33: 1257, 22, 2
0 50 35: 1258, 22, 0
0 50 37: 1258, 22, 2
0 50 38: 1259, 22, 2
0 50 39: 1259, 22, 0
0 50 40: 1258, 22, 2
0 50 41: 1257, 22, 3
0 50 42: 1252, 22, 3
0 50 42: 1304, 10, 0
0 50 43: 1304, 10, 3
0 50 44: 1252, 22, 3
0 50 45: 1304, 10, 2
0 50 46: 1252, 22, 1
0 50 47: 1184, 10, 2
0 50 51: 1177, 10, 2
0 50 56: 1259, 22, 1
0 50 57: 1258, 22, 3
0 50 58: 1257, 22, 0
0 51 9: 1304, 10, 3
0 51 10: 1251, 22, 0
0 51 10: 1304, 10, 0
0 51 12: 1304, 10, 1
0 51 14: 1390, 10, 0
0 51 16: 1304, 10, 2
0 51 18: 1198, 10, 2
0 51 22: 1248, 22, 0
0 51 27: 1184, 10, 1
0 51 28: 1390, 10, 1
0 51 30: 1184, 10, 2
0 51 31: 1257, 22, 1
0 51 32: 1257, 22, 0
0 51 33: 1258, 22, 0
0 51 34: 1258, 22, 3
0 51 35: 1259, 22, 1
0 51 36: 1258, 22, 3
0 51 37: 1257, 22, 1
0 51 39: 1258, 22, 3
0 51 40: 1259, 22, 3
0 51 41: 1258, 22, 1
0 51 42: 1257, 22, 2
0 51 44: 1252, 22, 2
0 51 46: 1304, 10, 1
0 51 51: 1176, 10, 2
0 51 52: 1177, 10, 2
0 51 56: 1258, 22, 0
0 51 57: 1258, 22, 2
0 51 58: 1257, 22, 1
0 51 59: 1257, 22, 3
0 51 61: 1390, 10, 3
0 52 9: 1304, 10, 3
0 52 14: 1390, 10, 3
0 52 16: 1252, 22, 1
0 52 29: 1184, 10, 0
0 52 30: 1251, 22, 3
0 52 30: 1390, 10, 0
0 52 32: 1390, 10, 2
0 52 33: 1258, 22, 0
0 52 34: 1259, 22, 0
0 52 35: 1258, 22, 2
0 52 36: 1259, 22, 2
0 52 38: 848, 11, 1
0 52 41: 1259, 22, 3
0 52 44: 1252, 22, 2
0 52 44: 1304, 10, 3
0 52 45: 1252, 22, 0
0 52 46: 1252, 22, 0
0 52 47: 1252, 22, 2
0 52 48: 1252, 22, 3
0 52 48: 1314, 10, 0
0 52 49: 1252, 22, 0
0 52 51: 1177, 10, 1
0 52 54: 1314, 10, 1
0 52 56: 1252, 22, 0
0 52 57: 1259, 22, 1
0 52 58: 1259, 22, 1
0 52 59: 1371, 10, 1
0 53 10: 1252, 22, 2
0 53 11: 1248, 22, 0
0 53 11: 1390, 10, 2
0 53 13: 1184, 10, 0
0 53 14: 1184, 10, 1
0 53 16: 1390, 10, 1
0 53 17: 1252, 22, 0
0 53 18: 1371, 10, 3
0 53 22: 1371, 10, 0
0 53 27: 1198, 10, 2
0 53 28: 1390, 10, 1
0 53 31: 1184, 10, 1
0 53 31: 1257, 22, 2
0 53 32: 1258, 22, 2
0 53 33: 1259, 22, 3
0 53 34: 1258, 22, 3
0 53 35: 1257, 22, 3
0 53 36: 1257, 22, 0
0 53 42: 1252, 22, 3
0 53 48: 1252, 22, 1
0 53 55: 1252, 22, 1
0 53 56: 1258, 22, 0
0 53 57: 1259, 22, 2
0 53 58: 1257, 22, 2
0 53 59: 1257, 22, 2
0 54 3: 730, 22, 3
0 54 10: 1184, 10, 2
0 54 13: 2099, 10, 0
0 54 18: 2098, 10, 0
0 54 26: 1371, 10, 2
0 54 29: 1184, 10, 1
0 54 30: 1257, 22, 0
0 54 30: 1390, 10, 3
0 54 32: 1259, 22, 2
0 54 33: 1257, 22, 1
0 54 34: 21, 10, 1
0 54 34: 1257, 22, 2
0 54 55: 1257, 22, 2
0 54 56: 1258, 22, 1
0 54 57: 1259, 22, 3
0 54 58: 1304, 10, 1
0 54 60: 1390, 10, 1
0 55 12: 1184, 10, 3
0 55 16: 2099, 10, 2
0 55 17: 1248, 22, 1
0 55 30: 1257, 22, 0
0 55 31: 1258, 22, 1
0 55 32: 1258, 22, 1
0 55 33: 1257, 22, 1
0 55 44: 1177, 10, 3
0 55 46: 1176, 10, 0
0 55 55: 1257, 22, 1
0 55 55: 1390, 10, 1
0 55 57: 1390, 10, 2
0 55 59: 1304, 10, 2
0 55 60: 1251, 22, 3
0 55 62: 1390, 10, 0
0 56 6: 1248, 22, 3
0 56 10: 1184, 10, 3
0 56 14: 2741, 22, 2
0 56 22: 1371, 10, 1
0 56 29: 1371, 10, 2
0 56 30: 1257, 22, 1
0 56 31: 1258, 22, 2
0 56 32: 1257, 22, 0
0 56 33: 1257, 22, 3
0 56 40: 1248, 22, 3
0 56 50: 1314, 10, 1
0 56 54: 1257, 22, 3
0 56 55: 1257, 22, 0
0 56 56: 1390, 10, 0
0 56 57: 1304, 10, 0
0 56 58: 1304, 10, 3
0 56 61: 1390, 10, 1
0 57 14: 2099, 11, 3
0 57 22: 1395, 10, 3
0 57 24: 1304, 10, 1
0 57 27: 1390, 10, 2
0 57 28: 1390, 10, 3
0 57 29: 1184, 10, 3
0 57 30: 1390, 10, 3
0 57 32: 1258, 22, 3
0 57 34: 1258, 22, 2
0 57 41: 1252, 22, 3
0 57 41: 1314, 10, 3
0 57 53: 1258, 22, 0
0 57 54: 1258, 22, 3
0 57 55: 1390, 10, 3
0 57 57: 1259, 22, 0
0 57 61: 1371, 10, 2
0 57 63: 1390, 10, 1
0 58 10: 1184, 10, 0
0 58 12: 2099, 10, 0
0 58 13: 2098, 10, 3
0 58 16: 1184, 10, 2
0 58 23: 1252, 22, 0
0 58 23: 1304, 10, 2
0 58 24: 1251, 22, 3
0 58 25: 1304, 10, 0
0 58 26: 1251, 22, 2
0 58 29: 1390, 10, 3
0 58 31: 1184, 10, 0
0 58 32: 1258, 22, 3
0 58 32: 1390, 10, 2
0 58 33: 1259, 22, 1
0 58 34: 1258, 22, 1
0 58 35: 1258, 22, 0
0 58 36: 1259, 22, 3
0 58 38: 848, 11, 2
0 58 41: 1252, 22, 3
0 58 44: 1176, 10, 1
0 58 47: 1177, 10, 3
0 58 52: 1258, 22, 2
0 58 53: 1259, 22, 3
0 58 54: 1257, 22, 2
0 58 55: 1390, 10, 2
0 58 56: 1259, 22, 1
0 58 57: 1390, 10, 0
0 58 58: 1259, 22, 3
0 58 59: 1304, 10, 1
0 58 60: 1251, 22, 1
0 58 61: 1390, 10, 2
0 58 62: 1390, 10, 1
0 59 10: 1304, 10, 2
0 59 11: 1252, 22, 2
0 59 16: 1252, 22, 3
0 59 16: 1304, 10, 3
0 59 17: 1251, 22, 1
0 59 18: 1184, 10, 3
0 59 20: 1395, 10, 0
0 59 23: 1252, 22, 1
0 59 24: 1252, 22, 2
0 59 24: 1304, 10, 3
0 59 25: 1252, 22, 2
0 59 26: 1251, 22, 1
0 59 27: 1184, 10, 2
0 59 29: 1304, 10, 2
0 59 30: 1251, 22, 0
0 59 31: 1390, 10, 1
0 59 32: 1184, 10, 2
0 59 33: 1184, 10, 3
0 59 33: 1258, 22, 1
0 59 34: 1259, 22, 0
0 59 35: 1259, 22, 0
0 59 36: 1259, 22, 3
0 59 37: 1257, 22, 2
0 59 51: 1259, 22, 1
0 59 52: 1259, 22, 2
0 59 53: 1184, 10, 3
0 59 54: 1257, 22, 3
0 59 54: 1390, 10, 0
0 59 55: 1257, 22, 1
0 59 55: 1390, 10, 2
0 59 56: 1257, 22, 0
0 59 57: 1390, 10, 3
0 59 59: 1251, 22, 1
0 59 62: 1259, 22, 0
0 59 63: 1259, 22, 3
0 60 8: 1304, 10, 3
0 60 9: 1252, 22, 1
0 60 11: 1304, 10, 1
0 60 12: 1184, 10, 3
0 60 12: 1252, 22, 0
0 60 14: 1371, 10, 0
0 60 17: 1304, 10, 2
0 60 19: 1371, 10, 0
0 60 27: 1390, 10, 0
0 60 28: 1304, 10, 3
0 60 31: 1304, 10, 1
0 60 33: 1258, 22, 1
0 60 33: 1390, 10, 3
0 60 34: 1258, 22, 2
0 60 35: 1258, 22, 1
0 60 36: 1259, 22, 2
0 60 37: 1258, 22, 2
0 60 38: 1258, 22, 2
0 60 46: 1314, 10, 2
0 60 50: 1258, 22, 2
0 60 51: 1259, 22, 1
0 60 52: 1259, 22, 2
0 60 52: 1390, 10, 3
0 60 53: 1184, 10, 1
0 60 53: 1257, 22, 1
0 60 54: 1257, 22, 2
0 60 55: 1184, 10, 3
0 60 55: 1251, 22, 2
0 60 57: 1371, 10, 1
0 60 58: 1390, 10, 1
0 60 60: 1390, 10, 0
0 60 61: 1390, 10, 1
0 60 63: 1390, 10, 3
0 61 8: 1252, 22, 3
0 61 10: 1252, 22, 3
0 61 10: 1304, 10, 0
0 61 13: 1184, 10, 3
0 61 16: 1251, 22, 1
0 61 16: 1304, 10, 1
0 61 17: 1251, 22, 0
0 61 19: 1184, 10, 0
0 61 20: 1390, 10, 0
0 61 23: 1395, 10, 1
0 61 25: 1390, 10, 1
0 61 27: 1184, 10, 1
0 61 29: 1304, 10, 0
0 61 32: 1251, 22, 3
0 61 33: 1390, 10, 2
0 61 34: 1184, 10, 0
0 61 35: 1257, 22, 0
0 61 36: 1258, 22, 0
0 61 37: 1258, 22, 3
0 61 38: 1259, 22, 1
0 61 39: 1258, 22, 1
0 61 40: 1259, 22, 0
0 61 41: 1390, 10, 2
0 61 50: 1258, 22, 3
0 61 51: 1259, 22, 0
0 61 51: 1390, 10, 0
0 61 52: 1257, 22, 0
0 61 52: 1390, 10, 1
0 61 53: 1257, 22, 1
0 61 54: 1390, 10, 0
0 61 55: 1184, 10, 0
0 61 57: 1390, 10, 2
0 61 58: 1184, 10, 0
0 61 59: 1390, 10, 3
0 61 62: 1390, 10, 2
0 62 10: 1252, 22, 1
0 62 11: 1184, 10, 2
0 62 14: 1304, 10, 1
0 62 18: 1390, 10, 0
0 62 19: 1390, 10, 2
0 62 24: 1390, 10, 0
0 62 26: 1371, 10, 1
0 62 27: 1390, 10, 2
0 62 31: 1184, 10, 2
0 62 32: 1371, 10, 2
0 62 36: 1257, 22, 3
0 62 36: 1304, 10, 1
0 62 37: 1257, 22, 3
0 62 38: 1258, 22, 0
0 62 39: 1390, 10, 1
0 62 40: 1251, 22, 0
0 62 41: 1390, 10, 0
0 62 42: 1184, 10, 1
0 62 44: 1258, 22, 3
0 62 46: 1252, 22, 1
0 62 47: 1252, 22, 0
0 62 48: 1258, 22, 0
0 62 49: 1259, 22, 0
0 62 50: 1258, 22, 0
0 62 51: 1258, 22, 3
0 62 52: 1198, 10, 1
0 62 52: 1258, 22, 2
0 62 53: 1184, 10, 2
0 62 54: 1390, 10, 3
0 62 59: 1390, 10, 2
0 62 60: 1184, 10, 1
0 62 61: 1304, 10, 0
0 62 63: 1390, 10, 0
0 63 11: 1184, 10, 1
0 63 15: 1251, 22, 2
0 63 17: 1184, 10, 1
0 63 20: 1390, 10, 2
0 63 21: 1184, 10, 2
0 63 28: 1390, 10, 3
0 63 36: 1251, 22, 1
0 63 39: 1390, 10, 3
0 63 40: 1251, 22, 3
0 63 41: 1184, 10, 1
0 63 43: 1390, 10, 2
0 63 44: 1184, 10, 2
0 63 46: 1258, 22, 0
0 63 47: 1184, 10, 3
0 63 49: 1184, 10, 0
0 63 49: 1258, 22, 1
0 63 50: 1257, 22, 3
0 63 51: 1257, 22, 3
0 63 52: 1184, 10, 1
0 63 58: 1184, 10, 2
0 63 61: 1251, 22, 3
1 31 61: 1372, 10, 3
1 38 60: 1372, 10, 0
1 39 34: 1372, 10, 1
1 44 58: 1372, 10, 2
1 45 38: 1372, 10, 3
1 46 18: 1372, 10, 1
1 46 48: 1361, 10, 0
1 48 35: 1372, 10, 2
1 48 40: 1372, 10, 0
1 48 61: 1372, 10, 3
1 49 15: 1372, 10, 2
1 49 29: 1372, 10, 3
1 49 32: 1372, 10, 0
1 52 59: 1372, 10, 1
1 53 18: 1372, 10, 3
1 53 22: 1372, 10, 0
1 54 26: 1372, 10, 2
1 56 22: 1372, 10, 1
1 56 29: 1372, 10, 2
1 57 61: 1372, 10, 2
1 60 14: 1372, 10, 0
1 60 19: 1372, 10, 0
1 60 57: 1372, 10, 1
1 62 26: 1372, 10, 1
1 62 32: 1372, 10, 2
2 30 60: 1374, 10, 3
2 38 32: 1374, 10, 1
2 38 60: 1373, 10, 0
2 44 37: 1374, 10, 3
2 44 58: 1373, 10, 2
2 45 16: 1374, 10, 1
2 47 14: 1374, 10, 2
2 47 39: 1374, 10, 0
2 48 31: 1374, 10, 0
2 48 35: 1373, 10, 2
2 48 61: 1373, 10, 3
2 49 29: 1373, 10, 3
2 49 50: 1362, 10, 2
2 51 57: 1374, 10, 1
2 53 18: 1373, 10, 3
2 53 22: 1373, 10, 0
2 54 26: 1373, 10, 2
2 54 28: 1374, 10, 2
2 55 20: 1374, 10, 1
2 57 61: 1373, 10, 2
2 59 13: 1374, 10, 0
2 59 55: 1374, 10, 1
2 60 19: 1373, 10, 0
2 60 31: 1374, 10, 2
2 62 26: 1373, 10, 1
3 37 59: 1374, 10, 0
3 42 57: 1374, 10, 2
3 46 34: 1374, 10, 2
3 47 60: 1374, 10, 3
3 48 28: 1374, 10, 3
3 52 17: 1374, 10, 3
3 52 21: 1374, 10, 0
3 52 25: 1374, 10, 2
3 55 60: 1374, 10, 2
3 59 18: 1374, 10, 0
3 61 24: 1374, 10, 1
