1 52 0: 1434, 10, 0
1 52 1: 1434, 10, 0
1 52 2: 1434, 10, 0
1 52 3: 1434, 10, 0
1 52 4: 1434, 10, 0
1 52 5: 1434, 10, 0
1 52 6: 1434, 10, 0
1 52 7: 1434, 10, 0
1 52 8: 1434, 10, 0
1 52 9: 1434, 10, 0
1 52 10: 1434, 10, 0
1 52 11: 1434, 10, 0
1 52 12: 1434, 10, 0
1 52 13: 1434, 10, 0
1 52 14: 1434, 10, 0
1 52 15: 1434, 10, 0
1 52 16: 1434, 10, 0
1 52 17: 1434, 10, 0
1 52 18: 1434, 10, 0
1 52 19: 1434, 10, 0
1 52 20: 1434, 10, 0
1 52 21: 1434, 10, 0
1 52 22: 1434, 10, 0
1 52 23: 1434, 10, 0
1 52 24: 1434, 10, 0
1 52 25: 1434, 10, 0
1 52 26: 1434, 10, 0
1 52 27: 1434, 10, 0
1 52 28: 1434, 10, 0
1 52 29: 1434, 10, 0
1 52 30: 1434, 10, 0
1 52 31: 1434, 10, 0
1 52 32: 1434, 10, 0
1 52 33: 1434, 10, 0
1 52 34: 1434, 10, 0
1 52 35: 1434, 10, 0
1 52 36: 1434, 10, 0
1 52 37: 1434, 10, 0
1 52 38: 1434, 10, 0
1 52 39: 1434, 10, 0
1 52 40: 1434, 10, 0
1 52 41: 1434, 10, 0
1 52 42: 1434, 10, 0
1 52 43: 1434, 10, 0
1 52 44: 1434, 10, 0
1 52 45: 1434, 10, 0
1 52 46: 1434, 10, 0
1 52 47: 1434, 10, 0
1 52 48: 1434, 10, 0
1 52 49: 1434, 10, 0
1 52 50: 1434, 10, 0
1 52 51: 1434, 10, 0
1 52 52: 1434, 10, 0
1 52 53: 1434, 10, 0
1 52 54: 1434, 10, 0
1 52 55: 1434, 10, 0
1 52 56: 1434, 10, 0
1 52 57: 1434, 10, 0
1 52 58: 1434, 10, 0
1 52 59: 1434, 10, 0
1 52 60: 1434, 10, 0
1 52 61: 1434, 10, 0
1 52 62: 1434, 10, 0
1 52 63: 1434, 10, 0
1 53 0: 1434, 10, 0
1 53 1: 1434, 10, 0
1 53 2: 1434, 10, 0
1 53 3: 1434, 10, 0
1 53 4: 1434, 10, 0
1 53 5: 1434, 10, 0
1 53 6: 1434, 10, 0
1 53 7: 1434, 10, 0
1 53 8: 1434, 10, 0
1 53 9: 1434, 10, 0
1 53 10: 1434, 10, 0
1 53 11: 1434, 10, 0
1 53 12: 1434, 10, 0
1 53 13: 1434, 10, 0
1 53 14: 1434, 10, 0
1 53 15: 1434, 10, 0
1 53 16: 1434, 10, 0
1 53 17: 1434, 10, 0
1 53 18: 1434, 10, 0
1 53 19: 1434, 10, 0
1 53 20: 1434, 10, 0
1 53 21: 1434, 10, 0
1 53 22: 1434, 10, 0
1 53 23: 1434, 10, 0
1 53 24: 1434, 10, 0
1 53 25: 1434, 10, 0
1 53 26: 1434, 10, 0
1 53 27: 1434, 10, 0
1 53 28: 1434, 10, 0
1 53 29: 1434, 10, 0
1 53 30: 1434, 10, 0
1 53 31: 1434, 10, 0
1 53 32: 1434, 10, 0
1 53 33: 1434, 10, 0
1 53 34: 1434, 10, 0
1 53 35: 1434, 10, 0
1 53 36: 1434, 10, 0
1 53 37: 1434, 10, 0
1 53 38: 1434, 10, 0
1 53 39: 1434, 10, 0
1 53 40: 1434, 10, 0
1 53 41: 1434, 10, 0
1 53 42: 1434, 10, 0
1 53 43: 1434, 10, 0
1 53 44: 1434, 10, 0
1 53 45: 1434, 10, 0
1 53 46: 1434, 10, 0
1 53 47: 1434, 10, 0
1 53 48: 1434, 10, 0
1 53 49: 1434, 10, 0
1 53 50: 1434, 10, 0
1 53 51: 1434, 10, 0
1 53 52: 1434, 10, 0
1 53 53: 1434, 10, 0
1 53 54: 1434, 10, 0
1 53 55: 1434, 10, 0
1 53 56: 1434, 10, 0
1 53 57: 1434, 10, 0
1 53 58: 1434, 10, 0
1 53 59: 1434, 10, 0
1 53 60: 1434, 10, 0
1 53 61: 1434, 10, 0
1 53 62: 1434, 10, 0
1 53 63: 1434, 10, 0
1 54 0: 1434, 10, 0
1 54 1: 1434, 10, 0
1 54 2: 1434, 10, 0
1 54 3: 1434, 10, 0
1 54 4: 1434, 10, 0
1 54 5: 1434, 10, 0
1 54 6: 1434, 10, 0
1 54 7: 1434, 10, 0
1 54 8: 1434, 10, 0
1 54 9: 1434, 10, 0
1 54 10: 1434, 10, 0
1 54 11: 1434, 10, 0
1 54 12: 1434, 10, 0
1 54 13: 1434, 10, 0
1 54 14: 1434, 10, 0
1 54 15: 1434, 10, 0
1 54 16: 1434, 10, 0
1 54 17: 1434, 10, 0
1 54 18: 1434, 10, 0
1 54 19: 1434, 10, 0
1 54 20: 1434, 10, 0
1 54 21: 1434, 10, 0
1 54 22: 1434, 10, 0
1 54 23: 1434, 10, 0
1 54 24: 1434, 10, 0
1 54 25: 1434, 10, 0
1 54 26: 1434, 10, 0
1 54 27: 1434, 10, 0
1 54 28: 1434, 10, 0
1 54 29: 1434, 10, 0
1 54 30: 1434, 10, 0
1 54 31: 1434, 10, 0
1 54 32: 1434, 10, 0
1 54 33: 1434, 10, 0
1 54 34: 1434, 10, 0
1 54 35: 1434, 10, 0
1 54 36: 1434, 10, 0
1 54 37: 1434, 10, 0
1 54 38: 1434, 10, 0
1 54 39: 1434, 10, 0
1 54 40: 1434, 10, 0
1 54 41: 1434, 10, 0
1 54 42: 1434, 10, 0
1 54 43: 1434, 10, 0
1 54 44: 1434, 10, 0
1 54 45: 1434, 10, 0
1 54 46: 1434, 10, 0
1 54 47: 1434, 10, 0
1 54 48: 1434, 10, 0
1 54 49: 1434, 10, 0
1 54 50: 1434, 10, 0
1 54 51: 1434, 10, 0
1 54 52: 1434, 10, 0
1 54 53: 1434, 10, 0
1 54 54: 1434, 10, 0
1 54 55: 1434, 10, 0
1 54 56: 1434, 10, 0
1 54 57: 1434, 10, 0
1 54 58: 1434, 10, 0
1 54 59: 1434, 10, 0
1 54 60: 1434, 10, 0
1 54 61: 1434, 10, 0
1 54 62: 1434, 10, 0
1 54 63: 1434, 10, 0
1 55 0: 1434, 10, 0
1 55 1: 1434, 10, 0
1 55 2: 1434, 10, 0
1 55 3: 1434, 10, 0
1 55 4: 1434, 10, 0
1 55 5: 1434, 10, 0
1 55 6: 1434, 10, 0
1 55 7: 1434, 10, 0
1 55 8: 1434, 10, 0
1 55 9: 1434, 10, 0
1 55 10: 1434, 10, 0
1 55 11: 1434, 10, 0
1 55 12: 1434, 10, 0
1 55 13: 1434, 10, 0
1 55 14: 1434, 10, 0
1 55 15: 1434, 10, 0
1 55 16: 1434, 10, 0
1 55 17: 1434, 10, 0
1 55 18: 1434, 10, 0
1 55 19: 1434, 10, 0
1 55 20: 1434, 10, 0
1 55 21: 1434, 10, 0
1 55 22: 1434, 10, 0
1 55 23: 1434, 10, 0
1 55 24: 1434, 10, 0
1 55 25: 1434, 10, 0
1 55 26: 1434, 10, 0
1 55 27: 1434, 10, 0
1 55 28: 1434, 10, 0
1 55 29: 1434, 10, 0
1 55 30: 1434, 10, 0
1 55 31: 1434, 10, 0
1 55 32: 1434, 10, 0
1 55 33: 1434, 10, 0
1 55 34: 1434, 10, 0
1 55 35: 1434, 10, 0
1 55 36: 1434, 10, 0
1 55 37: 1434, 10, 0
1 55 38: 1434, 10, 0
1 55 39: 1434, 10, 0
1 55 40: 1434, 10, 0
1 55 41: 1434, 10, 0
1 55 42: 1434, 10, 0
1 55 43: 1434, 10, 0
1 55 44: 1434, 10, 0
1 55 45: 1434, 10, 0
1 55 46: 1434, 10, 0
1 55 47: 1434, 10, 0
1 55 48: 1434, 10, 0
1 55 49: 1434, 10, 0
1 55 50: 1434, 10, 0
1 55 51: 1434, 10, 0
1 55 52: 1434, 10, 0
1 55 53: 1434, 10, 0
1 55 54: 1434, 10, 0
1 55 55: 1434, 10, 0
1 55 56: 1434, 10, 0
1 55 57: 1434, 10, 0
1 55 58: 1434, 10, 0
1 55 59: 1434, 10, 0
1 55 60: 1434, 10, 0
1 55 61: 1434, 10, 0
1 55 62: 1434, 10, 0
1 55 63: 1434, 10, 0
1 56 0: 1434, 10, 0
1 56 1: 1434, 10, 0
1 56 2: 1434, 10, 0
1 56 3: 1434, 10, 0
1 56 4: 1434, 10, 0
1 56 5: 1434, 10, 0
1 56 6: 1434, 10, 0
1 56 7: 1434, 10, 0
1 56 8: 1434, 10, 0
1 56 9: 1434, 10, 0
1 56 10: 1434, 10, 0
1 56 11: 1434, 10, 0
1 56 12: 1434, 10, 0
1 56 13: 1434, 10, 0
1 56 14: 1434, 10, 0
1 56 15: 1434, 10, 0
1 56 16: 1434, 10, 0
1 56 17: 1434, 10, 0
1 56 18: 1434, 10, 0
1 56 19: 1434, 10, 0
1 56 20: 1434, 10, 0
1 56 21: 1434, 10, 0
1 56 22: 1434, 10, 0
1 56 23: 1434, 10, 0
1 56 24: 1434, 10, 0
1 56 25: 1434, 10, 0
1 56 26: 1434, 10, 0
1 56 27: 1434, 10, 0
1 56 28: 1434, 10, 0
1 56 29: 1434, 10, 0
1 56 30: 1434, 10, 0
1 56 31: 1434, 10, 0
1 56 32: 1434, 10, 0
1 56 33: 1434, 10, 0
1 56 34: 1434, 10, 0
1 56 35: 1434, 10, 0
1 56 36: 1434, 10, 0
1 56 37: 1434, 10, 0
1 56 38: 1434, 10, 0
1 56 39: 1434, 10, 0
1 56 40: 1434, 10, 0
1 56 41: 1434, 10, 0
1 56 42: 1434, 10, 0
1 56 43: 1434, 10, 0
1 56 44: 1434, 10, 0
1 56 45: 1434, 10, 0
1 56 46: 1434, 10, 0
1 56 47: 1434, 10, 0
1 56 48: 1434, 10, 0
1 56 49: 1434, 10, 0
1 56 50: 1434, 10, 0
1 56 51: 1434, 10, 0
1 56 52: 1434, 10, 0
1 56 53: 1434, 10, 0
1 56 54: 1434, 10, 0
1 56 55: 1434, 10, 0
1 56 56: 1434, 10, 0
1 56 57: 1434, 10, 0
1 56 58: 1434, 10, 0
1 56 59: 1434, 10, 0
1 56 60: 1434, 10, 0
1 56 61: 1434, 10, 0
1 56 62: 1434, 10, 0
1 56 63: 1434, 10, 0
1 57 0: 1434, 10, 0
1 57 1: 1434, 10, 0
1 57 2: 1434, 10, 0
1 57 3: 1434, 10, 0
1 57 4: 1434, 10, 0
1 57 5: 1434, 10, 0
1 57 6: 1434, 10, 0
1 57 7: 1434, 10, 0
1 57 8: 1434, 10, 0
1 57 9: 1434, 10, 0
1 57 10: 1434, 10, 0
1 57 11: 1434, 10, 0
1 57 12: 1434, 10, 0
1 57 13: 1434, 10, 0
1 57 14: 1434, 10, 0
1 57 15: 1434, 10, 0
1 57 16: 1434, 10, 0
1 57 17: 1434, 10, 0
1 57 18: 1434, 10, 0
1 57 19: 1434, 10, 0
1 57 20: 1434, 10, 0
1 57 21: 1434, 10, 0
1 57 22: 1434, 10, 0
1 57 23: 1434, 10, 0
1 57 24: 1434, 10, 0
1 57 25: 1434, 10, 0
1 57 26: 1434, 10, 0
1 57 27: 1434, 10, 0
1 57 28: 1434, 10, 0
1 57 29: 1434, 10, 0
1 57 30: 1434, 10, 0
1 57 31: 1434, 10, 0
1 57 32: 1434, 10, 0
1 57 33: 1434, 10, 0
1 57 34: 1434, 10, 0
1 57 35: 1434, 10, 0
1 57 36: 1434, 10, 0
1 57 37: 1434, 10, 0
1 57 38: 1434, 10, 0
1 57 39: 1434, 10, 0
1 57 40: 1434, 10, 0
1 57 41: 1434, 10, 0
1 57 42: 1434, 10, 0
1 57 43: 1434, 10, 0
1 57 44: 1434, 10, 0
1 57 45: 1434, 10, 0
1 57 46: 1434, 10, 0
1 57 47: 1434, 10, 0
1 57 48: 1434, 10, 0
1 57 49: 1434, 10, 0
1 57 50: 1434, 10, 0
1 57 51: 1434, 10, 0
1 57 52: 1434, 10, 0
1 57 53: 1434, 10, 0
1 57 54: 1434, 10, 0
1 57 55: 1434, 10, 0
1 57 56: 1434, 10, 0
1 57 57: 1434, 10, 0
1 57 58: 1434, 10, 0
1 57 59: 1434, 10, 0
1 57 60: 1434, 10, 0
1 57 61: 1434, 10, 0
1 57 62: 1434, 10, 0
1 57 63: 1434, 10, 0
1 58 0: 1434, 10, 0
1 58 1: 1434, 10, 0
1 58 2: 1434, 10, 0
1 58 3: 1434, 10, 0
1 58 4: 1434, 10, 0
1 58 5: 1434, 10, 0
1 58 6: 1434, 10, 0
1 58 7: 1434, 10, 0
1 58 8: 1434, 10, 0
1 58 9: 1434, 10, 0
1 58 10: 1434, 10, 0
1 58 11: 1434, 10, 0
1 58 12: 1434, 10, 0
1 58 13: 1434, 10, 0
1 58 14: 1434, 10, 0
1 58 15: 1434, 10, 0
1 58 16: 1434, 10, 0
1 58 17: 1434, 10, 0
1 58 18: 1434, 10, 0
1 58 19: 1434, 10, 0
1 58 20: 1434, 10, 0
1 58 21: 1434, 10, 0
1 58 22: 1434, 10, 0
1 58 23: 1434, 10, 0
1 58 24: 1434, 10, 0
1 58 25: 1434, 10, 0
1 58 26: 1434, 10, 0
1 58 27: 1434, 10, 0
1 58 28: 1434, 10, 0
1 58 29: 1434, 10, 0
1 58 30: 1434, 10, 0
1 58 31: 1434, 10, 0
1 58 32: 1434, 10, 0
1 58 33: 1434, 10, 0
1 58 34: 1434, 10, 0
1 58 35: 1434, 10, 0
1 58 36: 1434, 10, 0
1 58 37: 1434, 10, 0
1 58 38: 1434, 10, 0
1 58 39: 1434, 10, 0
1 58 40: 1434, 10, 0
1 58 41: 1434, 10, 0
1 58 42: 1434, 10, 0
1 58 43: 1434, 10, 0
1 58 44: 1434, 10, 0
1 58 45: 1434, 10, 0
1 58 46: 1434, 10, 0
1 58 47: 1434, 10, 0
1 58 48: 1434, 10, 0
1 58 49: 1434, 10, 0
1 58 50: 1434, 10, 0
1 58 51: 1434, 10, 0
1 58 52: 1434, 10, 0
1 58 53: 1434, 10, 0
1 58 54: 1434, 10, 0
1 58 55: 1434, 10, 0
1 58 56: 1434, 10, 0
1 58 57: 1434, 10, 0
1 58 58: 1434, 10, 0
1 58 59: 1434, 10, 0
1 58 60: 1434, 10, 0
1 58 61: 1434, 10, 0
1 58 62: 1434, 10, 0
1 58 63: 1434, 10, 0
1 59 0: 1434, 10, 0
1 59 1: 1434, 10, 0
1 59 2: 1434, 10, 0
1 59 3: 1434, 10, 0
1 59 4: 1434, 10, 0
1 59 5: 1434, 10, 0
1 59 6: 1434, 10, 0
1 59 7: 1434, 10, 0
1 59 8: 1434, 10, 0
1 59 9: 1434, 10, 0
1 59 10: 1434, 10, 0
1 59 11: 1434, 10, 0
1 59 12: 1434, 10, 0
1 59 13: 1434, 10, 0
1 59 14: 1434, 10, 0
1 59 15: 1434, 10, 0
1 59 16: 1434, 10, 0
1 59 17: 1434, 10, 0
1 59 18: 1434, 10, 0
1 59 19: 1434, 10, 0
1 59 20: 1434, 10, 0
1 59 21: 1434, 10, 0
1 59 22: 1434, 10, 0
1 59 23: 1434, 10, 0
1 59 24: 1434, 10, 0
1 59 25: 1434, 10, 0
1 59 26: 1434, 10, 0
1 59 27: 1434, 10, 0
1 59 28: 1434, 10, 0
1 59 29: 1434, 10, 0
1 59 30: 1434, 10, 0
1 59 31: 1434, 10, 0
1 59 32: 1434, 10, 0
1 59 33: 1434, 10, 0
1 59 34: 1434, 10, 0
1 59 35: 1434, 10, 0
1 59 36: 1434, 10, 0
1 59 37: 1434, 10, 0
1 59 38: 1434, 10, 0
1 59 39: 1434, 10, 0
1 59 40: 1434, 10, 0
1 59 41: 1434, 10, 0
1 59 42: 1434, 10, 0
1 59 43: 1434, 10, 0
1 59 44: 1434, 10, 0
1 59 45: 1434, 10, 0
1 59 46: 1434, 10, 0
1 59 47: 1434, 10, 0
1 59 48: 1434, 10, 0
1 59 49: 1434, 10, 0
1 59 50: 1434, 10, 0
1 59 51: 1434, 10, 0
1 59 52: 1434, 10, 0
1 59 53: 1434, 10, 0
1 59 54: 1434, 10, 0
1 59 55: 1434, 10, 0
1 59 56: 1434, 10, 0
1 59 57: 1434, 10, 0
1 59 58: 1434, 10, 0
1 59 59: 1434, 10, 0
1 59 60: 1434, 10, 0
1 59 61: 1434, 10, 0
1 59 62: 1434, 10, 0
1 59 63: 1434, 10, 0
1 60 0: 1434, 10, 0
1 60 1: 1434, 10, 0
1 60 2: 1434, 10, 0
1 60 3: 1434, 10, 0
1 60 4: 1434, 10, 0
1 60 5: 1434, 10, 0
1 60 6: 1434, 10, 0
1 60 7: 1434, 10, 0
1 60 8: 1434, 10, 0
1 60 9: 1434, 10, 0
1 60 10: 1434, 10, 0
1 60 11: 1434, 10, 0
1 60 12: 1434, 10, 0
1 60 13: 1434, 10, 0
1 60 14: 1434, 10, 0
1 60 15: 1434, 10, 0
1 60 16: 1434, 10, 0
1 60 17: 1434, 10, 0
1 60 18: 1434, 10, 0
1 60 19: 1434, 10, 0
1 60 20: 1434, 10, 0
1 60 21: 1434, 10, 0
1 60 22: 1434, 10, 0
1 60 23: 1434, 10, 0
1 60 24: 1434, 10, 0
1 60 25: 1434, 10, 0
1 60 26: 1434, 10, 0
1 60 27: 1434, 10, 0
1 60 28: 1434, 10, 0
1 60 29: 1434, 10, 0
1 60 30: 1434, 10, 0
1 60 31: 1434, 10, 0
1 60 32: 1434, 10, 0
1 60 33: 1434, 10, 0
1 60 34: 1434, 10, 0
1 60 35: 1434, 10, 0
1 60 36: 1434, 10, 0
1 60 37: 1434, 10, 0
1 60 38: 1434, 10, 0
1 60 39: 1434, 10, 0
1 60 40: 1434, 10, 0
1 60 41: 1434, 10, 0
1 60 42: 1434, 10, 0
1 60 43: 1434, 10, 0
1 60 44: 1434, 10, 0
1 60 45: 1434, 10, 0
1 60 46: 1434, 10, 0
1 60 47: 1434, 10, 0
1 60 48: 1434, 10, 0
1 60 49: 1434, 10, 0
1 60 50: 1434, 10, 0
1 60 51: 1434, 10, 0
1 60 52: 1434, 10, 0
1 60 53: 1434, 10, 0
1 60 54: 1434, 10, 0
1 60 55: 1434, 10, 0
1 60 56: 1434, 10, 0
1 60 57: 1434, 10, 0
1 60 58: 1434, 10, 0
1 60 59: 1434, 10, 0
1 60 60: 1434, 10, 0
1 60 61: 1434, 10, 0
1 60 62: 1434, 10, 0
1 60 63: 1434, 10, 0
1 61 0: 1434, 10, 0
1 61 1: 1434, 10, 0
1 61 2: 1434, 10, 0
1 61 3: 1434, 10, 0
1 61 4: 1434, 10, 0
1 61 5: 1434, 10, 0
1 61 6: 1434, 10, 0
1 61 7: 1434, 10, 0
1 61 8: 1434, 10, 0
1 61 9: 1434, 10, 0
1 61 10: 1434, 10, 0
1 61 11: 1434, 10, 0
1 61 12: 1434, 10, 0
1 61 13: 1434, 10, 0
1 61 14: 1434, 10, 0
1 61 15: 1434, 10, 0
1 61 16: 1434, 10, 0
1 61 17: 1434, 10, 0
1 61 18: 1434, 10, 0
1 61 19: 1434, 10, 0
1 61 20: 1434, 10, 0
1 61 21: 1434, 10, 0
1 61 22: 1434, 10, 0
1 61 23: 1434, 10, 0
1 61 24: 1434, 10, 0
1 61 25: 1434, 10, 0
1 61 26: 1434, 10, 0
1 61 27: 1434, 10, 0
1 61 28: 1434, 10, 0
1 61 29: 1434, 10, 0
1 61 30: 1434, 10, 0
1 61 31: 1434, 10, 0
1 61 32: 1434, 10, 0
1 61 33: 1434, 10, 0
1 61 34: 1434, 10, 0
1 61 35: 1434, 10, 0
1 61 36: 1434, 10, 0
1 61 37: 1434, 10, 0
1 61 38: 1434, 10, 0
1 61 39: 1434, 10, 0
1 61 40: 1434, 10, 0
1 61 41: 1434, 10, 0
1 61 42: 1434, 10, 0
1 61 43: 1434, 10, 0
1 61 44: 1434, 10, 0
1 61 45: 1434, 10, 0
1 61 46: 1434, 10, 0
1 61 47: 1434, 10, 0
1 61 48: 1434, 10, 0
1 61 49: 1434, 10, 0
1 61 50: 1434, 10, 0
1 61 51: 1434, 10, 0
1 61 52: 1434, 10, 0
1 61 53: 1434, 10, 0
1 61 54: 1434, 10, 0
1 61 55: 1434, 10, 0
1 61 56: 1434, 10, 0
1 61 57: 1434, 10, 0
1 61 58: 1434, 10, 0
1 61 59: 1434, 10, 0
1 61 60: 1434, 10, 0
1 61 61: 1434, 10, 0
1 61 62: 1434, 10, 0
1 61 63: 1434, 10, 0
1 62 0: 1434, 10, 0
1 62 1: 1434, 10, 0
1 62 2: 1434, 10, 0
1 62 3: 1434, 10, 0
1 62 4: 1434, 10, 0
1 62 5: 1434, 10, 0
1 62 6: 1434, 10, 0
1 62 7: 1434, 10, 0
1 62 8: 1434, 10, 0
1 62 9: 1434, 10, 0
1 62 10: 1434, 10, 0
1 62 11: 1434, 10, 0
1 62 12: 1434, 10, 0
1 62 13: 1434, 10, 0
1 62 14: 1434, 10, 0
1 62 15: 1434, 10, 0
1 62 16: 1434, 10, 0
1 62 17: 1434, 10, 0
1 62 18: 1434, 10, 0
1 62 19: 1434, 10, 0
1 62 20: 1434, 10, 0
1 62 21: 1434, 10, 0
1 62 22: 1434, 10, 0
1 62 23: 1434, 10, 0
1 62 24: 1434, 10, 0
1 62 25: 1434, 10, 0
1 62 26: 1434, 10, 0
1 62 27: 1434, 10, 0
1 62 28: 1434, 10, 0
1 62 29: 1434, 10, 0
1 62 30: 1434, 10, 0
1 62 31: 1434, 10, 0
1 62 32: 1434, 10, 0
1 62 33: 1434, 10, 0
1 62 34: 1434, 10, 0
1 62 35: 1434, 10, 0
1 62 36: 1434, 10, 0
1 62 37: 1434, 10, 0
1 62 38: 1434, 10, 0
1 62 39: 1434, 10, 0
1 62 40: 1434, 10, 0
1 62 41: 1434, 10, 0
1 62 42: 1434, 10, 0
1 62 43: 1434, 10, 0
1 62 44: 1434, 10, 0
1 62 45: 1434, 10, 0
1 62 46: 1434, 10, 0
1 62 47: 1434, 10, 0
1 62 48: 1434, 10, 0
1 62 49: 1434, 10, 0
1 62 50: 1434, 10, 0
1 62 51: 1434, 10, 0
1 62 52: 1434, 10, 0
1 62 53: 1434, 10, 0
1 62 54: 1434, 10, 0
1 62 55: 1434, 10, 0
1 62 56: 1434, 10, 0
1 62 57: 1434, 10, 0
1 62 58: 1434, 10, 0
1 62 59: 1434, 10, 0
1 62 60: 1434, 10, 0
1 62 61: 1434, 10, 0
1 62 62: 1434, 10, 0
1 62 63: 1434, 10, 0
1 63 0: 1434, 10, 0
1 63 1: 1434, 10, 0
1 63 2: 1434, 10, 0
1 63 3: 1434, 10, 0
1 63 4: 1434, 10, 0
1 63 5: 1434, 10, 0
1 63 6: 1434, 10, 0
1 63 7: 1434, 10, 0
1 63 8: 1434, 10, 0
1 63 9: 1434, 10, 0
1 63 10: 1434, 10, 0
1 63 11: 1434, 10, 0
1 63 12: 1434, 10, 0
1 63 13: 1434, 10, 0
1 63 14: 1434, 10, 0
1 63 15: 1434, 10, 0
1 63 16: 1434, 10, 0
1 63 17: 1434, 10, 0
1 63 18: 1434, 10, 0
1 63 19: 1434, 10, 0
1 63 20: 1434, 10, 0
1 63 21: 1434, 10, 0
1 63 22: 1434, 10, 0
1 63 23: 1434, 10, 0
1 63 24: 1434, 10, 0
1 63 25: 1434, 10, 0
1 63 26: 1434, 10, 0
1 63 27: 1434, 10, 0
1 63 28: 1434, 10, 0
1 63 29: 1434, 10, 0
1 63 30: 1434, 10, 0
1 63 31: 1434, 10, 0
1 63 32: 1434, 10, 0
1 63 33: 1434, 10, 0
1 63 34: 1434, 10, 0
1 63 35: 1434, 10, 0
1 63 36: 1434, 10, 0
1 63 37: 1434, 10, 0
1 63 38: 1434, 10, 0
1 63 39: 1434, 10, 0
1 63 40: 1434, 10, 0
1 63 41: 1434, 10, 0
1 63 42: 1434, 10, 0
1 63 43: 1434, 10, 0
1 63 44: 1434, 10, 0
1 63 45: 1434, 10, 0
1 63 46: 1434, 10, 0
1 63 47: 1434, 10, 0
1 63 48: 1434, 10, 0
1 63 49: 1434, 10, 0
1 63 50: 1434, 10, 0
1 63 51: 1434, 10, 0
1 63 52: 1434, 10, 0
1 63 53: 1434, 10, 0
1 63 54: 1434, 10, 0
1 63 55: 1434, 10, 0
1 63 56: 1434, 10, 0
1 63 57: 1434, 10, 0
1 63 58: 1434, 10, 0
1 63 59: 1434, 10, 0
1 63 60: 1434, 10, 0
1 63 61: 1434, 10, 0
1 63 62: 1434, 10, 0
1 63 63: 1434, 10, 0
