0 2 11: 1252, 22, 3
0 2 11: 1307, 10, 2
0 3 11: 1251, 22, 3
0 3 12: 1252, 22, 2
0 4 4: 1252, 22, 0
0 4 4: 1307, 10, 2
0 4 28: 1276, 10, 2
0 4 58: 1276, 10, 2
0 5 3: 1257, 22, 2
0 5 4: 1251, 22, 0
0 5 5: 1252, 22, 1
0 6 2: 1257, 22, 0
0 6 3: 1257, 22, 3
0 6 4: 1259, 22, 2
0 6 5: 1258, 22, 1
0 6 6: 1257, 22, 1
0 6 43: 1276, 10, 2
0 7 2: 1257, 22, 1
0 7 3: 1258, 22, 0
0 7 4: 1259, 22, 0
0 7 5: 1259, 22, 1
0 7 6: 1258, 22, 3
0 7 7: 1257, 22, 0
0 8 2: 1257, 22, 1
0 8 3: 1257, 22, 2
0 8 4: 1189, 10, 1
0 8 4: 1258, 22, 2
0 8 5: 1259, 22, 0
0 8 6: 1259, 22, 0
0 8 7: 1257, 22, 3
0 9 3: 1257, 22, 3
0 9 4: 1258, 22, 0
0 9 5: 1189, 10, 0
0 9 5: 1258, 22, 1
0 9 6: 1189, 10, 3
0 9 7: 1257, 22, 3
0 10 3: 1257, 22, 0
0 10 4: 1189, 10, 0
0 10 4: 1257, 22, 1
0 10 5: 1257, 22, 2
0 10 6: 1257, 22, 2
0 11 2: 1257, 22, 2
0 11 3: 1257, 22, 3
0 11 5: 1252, 22, 3
0 11 5: 1307, 10, 2
0 12 2: 1257, 22, 1
0 12 5: 1251, 22, 0
0 12 6: 1252, 22, 1
0 13 2: 1189, 10, 1
0 13 4: 1189, 10, 2
0 15 5: 1189, 10, 0
0 16 5: 1257, 22, 3
0 17 2: 1252, 22, 2
0 17 2: 1307, 10, 2
0 17 4: 1257, 22, 2
0 17 5: 1257, 22, 1
0 17 6: 1257, 22, 2
0 17 34: 1276, 10, 2
0 18 2: 1251, 22, 1
0 18 3: 1252, 22, 3
0 18 4: 1257, 22, 2
0 18 5: 1258, 22, 1
0 18 6: 1257, 22, 1
0 18 7: 1257, 22, 0
0 18 52: 1276, 10, 2
0 19 3: 1257, 22, 0
0 19 4: 1258, 22, 2
0 19 5: 1259, 22, 2
0 19 6: 1257, 22, 2
0 19 7: 1257, 22, 3
0 19 8: 1251, 22, 3
0 20 3: 1257, 22, 1
0 20 4: 1257, 22, 2
0 20 5: 1259, 22, 2
0 20 6: 1257, 22, 2
0 20 7: 1307, 10, 2
0 20 8: 1252, 22, 1
0 20 21: 1276, 10, 2
0 21 3: 1257, 22, 0
0 21 4: 1257, 22, 3
0 21 5: 1258, 22, 2
0 21 6: 1257, 22, 0
0 21 7: 1252, 22, 0
0 22 2: 1189, 10, 3
0 22 3: 1257, 22, 0
0 22 4: 1259, 22, 3
0 22 5: 1259, 22, 0
0 22 6: 1258, 22, 1
0 22 7: 1257, 22, 3
0 23 3: 1257, 22, 1
0 23 4: 1189, 10, 1
0 23 4: 1257, 22, 2
0 23 5: 1258, 22, 0
0 23 6: 1257, 22, 1
0 24 1: 1189, 10, 2
0 24 2: 1189, 10, 1
0 24 4: 1257, 22, 3
0 24 5: 1257, 22, 0
0 24 6: 1257, 22, 1
0 26 2: 1189, 10, 0
0 26 3: 1251, 22, 2
0 26 3: 1307, 10, 2
0 26 4: 1252, 22, 2
0 27 3: 1252, 22, 3
0 27 4: 1252, 22, 0
0 28 1: 1257, 22, 2
0 28 2: 1257, 22, 0
0 29 1: 1257, 22, 1
0 29 2: 1258, 22, 3
0 29 3: 1257, 22, 1
0 30 0: 1257, 22, 1
0 30 1: 1258, 22, 2
0 30 2: 1257, 22, 0
0 30 3: 1257, 22, 1
0 30 29: 1276, 10, 2
0 31 0: 1257, 22, 2
0 31 1: 1257, 22, 3
0 31 2: 1257, 22, 3
0 33 56: 1276, 10, 2
0 34 5: 1251, 22, 1
0 34 5: 1307, 10, 2
0 34 6: 1252, 22, 1
0 34 41: 1276, 10, 2
0 35 5: 1252, 22, 2
0 36 1: 1257, 22, 0
0 36 4: 1257, 22, 3
0 37 2: 1257, 22, 0
0 37 3: 1258, 22, 1
0 37 4: 1258, 22, 1
0 37 5: 1258, 22, 2
0 38 1: 1251, 22, 2
0 38 1: 1307, 10, 2
0 38 2: 1252, 22, 0
0 38 3: 1257, 22, 2
0 38 4: 1258, 22, 1
0 38 5: 1257, 22, 1
0 39 1: 1252, 22, 1
0 39 4: 1258, 22, 3
0 39 5: 1257, 22, 0
0 40 3: 1257, 22, 3
0 40 4: 1257, 22, 3
0 40 5: 1257, 22, 0
0 40 22: 1276, 10, 2
0 45 2: 1251, 22, 0
0 45 2: 1307, 10, 2
0 45 17: 1276, 10, 2
0 46 2: 1252, 22, 3
0 46 3: 1252, 22, 2
0 49 35: 1276, 10, 2
0 49 49: 1276, 10, 2
0 53 26: 1276, 10, 2
0 57 18: 1276, 10, 2
0 59 38: 1276, 10, 2
0 59 56: 1276, 10, 2
