0 0 0: 979, 1, 3
0 0 6: 980, 1, 1
0 0 7: 980, 0, 2
0 0 8: 980, 1, 2
0 0 55: 1257, 22, 0
0 0 56: 1257, 22, 1
0 0 57: 1257, 22, 0
0 0 58: 1257, 22, 3
0 1 1: 981, 3, 1
0 1 3: 981, 3, 1
0 1 4: 980, 0, 2
0 1 5: 980, 0, 2
0 1 6: 980, 9, 1
0 1 7: 2097, 10, 1
0 1 8: 980, 9, 2
0 1 9: 185, 22, 1
0 1 9: 980, 0, 2
0 1 10: 980, 1, 2
0 1 12: 1286, 10, 1
0 1 13: 1246, 22, 3
0 1 48: 1247, 22, 1
0 1 48: 1276, 10, 0
0 1 51: 1187, 10, 1
0 1 53: 1257, 22, 0
0 1 54: 1257, 22, 3
0 1 55: 1258, 22, 2
0 1 56: 1258, 22, 2
0 1 57: 1257, 22, 1
0 1 58: 1257, 22, 2
0 2 0: 980, 1, 1
0 2 1: 980, 9, 1
0 2 3: 1286, 10, 1
0 2 4: 185, 22, 3
0 2 5: 184, 22, 2
0 2 6: 185, 22, 1
0 2 8: 185, 22, 0
0 2 9: 186, 22, 2
0 2 10: 185, 22, 2
0 2 10: 980, 9, 2
0 2 11: 981, 3, 2
0 2 16: 1247, 22, 1
0 2 25: 1247, 22, 3
0 2 25: 1276, 10, 0
0 2 26: 1247, 22, 3
0 2 28: 1188, 10, 3
0 2 35: 1246, 22, 1
0 2 35: 1276, 10, 1
0 2 36: 1247, 22, 1
0 2 53: 1257, 22, 0
0 2 54: 1258, 22, 0
0 2 55: 1259, 22, 3
0 2 56: 1258, 22, 3
0 2 57: 1247, 22, 2
0 2 57: 1276, 10, 0
0 2 58: 1247, 22, 3
0 3 0: 980, 9, 1
0 3 1: 2093, 10, 0
0 3 2: 184, 22, 0
0 3 3: 185, 22, 1
0 3 5: 185, 22, 2
0 3 8: 2096, 10, 3
0 3 9: 185, 22, 3
0 3 15: 1247, 22, 0
0 3 16: 1286, 10, 2
0 3 17: 1247, 22, 3
0 3 19: 1257, 22, 1
0 3 20: 1257, 22, 2
0 3 21: 1187, 10, 1
0 3 23: 1188, 10, 2
0 3 25: 1247, 22, 0
0 3 35: 1247, 22, 3
0 3 36: 1247, 22, 2
0 3 45: 1187, 10, 0
0 3 50: 1276, 10, 1
0 3 52: 1281, 10, 2
0 3 53: 1246, 22, 3
0 3 54: 1264, 22, 3
0 3 55: 1258, 22, 0
0 3 56: 1259, 22, 1
0 3 57: 1247, 22, 0
0 3 58: 1257, 22, 2
0 3 59: 1257, 22, 1
0 4 0: 186, 22, 3
0 4 0: 980, 0, 3
0 4 0: 2092, 10, 3
0 4 1: 185, 22, 0
0 4 6: 185, 22, 3
0 4 12: 1246, 22, 0
0 4 19: 1258, 22, 0
0 4 20: 1258, 22, 1
0 4 21: 1257, 22, 3
0 4 29: 1276, 10, 3
0 4 30: 1247, 22, 1
0 4 31: 1247, 22, 1
0 4 34: 1247, 22, 0
0 4 34: 1276, 10, 0
0 4 42: 1187, 10, 1
0 4 46: 1247, 22, 2
0 4 46: 1276, 10, 3
0 4 50: 1246, 22, 2
0 4 52: 1246, 22, 0
0 4 54: 1246, 22, 1
0 4 55: 1257, 22, 3
0 4 56: 1259, 22, 2
0 4 57: 1259, 22, 2
0 4 58: 1258, 22, 3
0 4 59: 1257, 22, 0
0 5 0: 980, 0, 3
0 5 1: 2092, 10, 3
0 5 2: 185, 22, 1
0 5 5: 185, 22, 2
0 5 6: 184, 22, 1
0 5 7: 185, 22, 1
0 5 12: 1286, 10, 0
0 5 14: 1247, 22, 3
0 5 18: 1258, 22, 0
0 5 19: 1259, 22, 3
0 5 20: 1258, 22, 2
0 5 21: 1259, 22, 0
0 5 22: 1257, 22, 0
0 5 23: 1247, 22, 1
0 5 23: 1276, 10, 1
0 5 24: 1247, 22, 2
0 5 26: 1247, 22, 0
0 5 26: 1281, 10, 3
0 5 27: 1247, 22, 3
0 5 29: 1247, 22, 2
0 5 30: 1246, 22, 3
0 5 35: 1246, 22, 2
0 5 47: 1246, 22, 2
0 5 48: 1187, 10, 2
0 5 49: 1281, 10, 3
0 5 50: 1264, 22, 0
0 5 51: 1246, 22, 3
0 5 55: 1257, 22, 2
0 5 56: 1257, 22, 2
0 5 57: 1259, 22, 1
0 5 58: 1257, 22, 3
0 5 59: 1257, 22, 0
0 6 0: 980, 0, 3
0 6 1: 186, 22, 0
0 6 2: 185, 22, 0
0 6 3: 2097, 10, 3
0 6 4: 2096, 10, 3
0 6 6: 185, 22, 0
0 6 6: 1286, 10, 2
0 6 8: 2096, 10, 2
0 6 13: 1247, 22, 2
0 6 14: 1286, 10, 3
0 6 19: 1259, 22, 1
0 6 20: 1258, 22, 0
0 6 21: 1259, 22, 0
0 6 22: 1257, 22, 0
0 6 23: 1264, 22, 3
0 6 26: 1264, 22, 0
0 6 28: 1246, 22, 0
0 6 31: 1276, 10, 2
0 6 38: 1247, 22, 0
0 6 38: 1276, 10, 2
0 6 39: 1247, 22, 3
0 6 49: 1246, 22, 1
0 6 51: 1247, 22, 3
0 6 52: 1276, 10, 2
0 6 53: 1246, 22, 2
0 6 57: 1257, 22, 1
0 6 58: 1257, 22, 1
0 7 0: 981, 3, 3
0 7 1: 185, 22, 2
0 7 2: 185, 22, 0
0 7 4: 2741, 22, 2
0 7 6: 185, 22, 3
0 7 14: 1247, 22, 0
0 7 18: 1257, 22, 2
0 7 19: 1257, 22, 3
0 7 24: 1247, 22, 0
0 7 27: 1247, 22, 1
0 7 29: 1257, 22, 2
0 7 38: 1247, 22, 0
0 7 39: 1247, 22, 1
0 7 46: 1247, 22, 3
0 7 46: 1276, 10, 1
0 7 47: 1247, 22, 0
0 7 49: 1247, 22, 2
0 7 51: 1246, 22, 1
0 7 52: 1246, 22, 3
0 7 54: 1257, 22, 2
0 7 55: 1259, 22, 0
0 8 1: 185, 22, 3
0 8 2: 186, 22, 1
0 8 3: 185, 22, 2
0 8 5: 185, 22, 1
0 8 5: 2093, 10, 3
0 8 6: 186, 22, 2
0 8 7: 185, 22, 2
0 8 9: 1281, 10, 1
0 8 10: 1247, 22, 0
0 8 11: 1246, 22, 3
0 8 19: 1257, 22, 1
0 8 21: 1187, 10, 2
0 8 27: 1258, 22, 0
0 8 29: 1257, 22, 0
0 8 30: 1257, 22, 3
0 8 46: 1246, 22, 1
0 8 47: 1264, 22, 1
0 8 49: 1257, 22, 3
0 8 50: 1257, 22, 0
0 8 51: 1258, 22, 3
0 8 52: 1258, 22, 0
0 8 53: 1259, 22, 3
0 8 54: 1257, 22, 2
0 8 55: 1257, 22, 0
0 9 3: 185, 22, 2
0 9 6: 185, 22, 0
0 9 6: 2093, 10, 2
0 9 9: 1247, 22, 2
0 9 18: 1257, 22, 0
0 9 19: 1257, 22, 1
0 9 25: 1276, 10, 3
0 9 26: 1247, 22, 2
0 9 27: 1258, 22, 1
0 9 28: 1258, 22, 1
0 9 29: 1257, 22, 1
0 9 30: 1257, 22, 2
0 9 31: 1246, 22, 1
0 9 31: 1276, 10, 1
0 9 33: 1247, 22, 1
0 9 33: 1281, 10, 0
0 9 34: 1247, 22, 2
0 9 36: 1247, 22, 0
0 9 36: 1276, 10, 3
0 9 39: 1187, 10, 2
0 9 44: 1276, 10, 2
0 9 47: 1187, 10, 3
0 9 48: 1257, 22, 1
0 9 49: 1247, 22, 1
0 9 49: 1276, 10, 2
0 9 50: 1247, 22, 2
0 9 51: 1258, 22, 2
0 9 52: 1259, 22, 2
0 9 53: 1259, 22, 1
0 9 54: 1258, 22, 0
0 9 60: 1247, 22, 1
0 9 60: 1276, 10, 3
0 9 61: 1247, 22, 0
0 10 2: 185, 22, 1
0 10 10: 1247, 22, 1
0 10 12: 1247, 22, 2
0 10 12: 1276, 10, 1
0 10 16: 1247, 22, 1
0 10 16: 1276, 10, 3
0 10 19: 1257, 22, 1
0 10 20: 1257, 22, 1
0 10 25: 1246, 22, 2
0 10 28: 1258, 22, 3
0 10 29: 1258, 22, 2
0 10 30: 1257, 22, 3
0 10 32: 1264, 22, 2
0 10 35: 1246, 22, 3
0 10 37: 1247, 22, 3
0 10 44: 1247, 22, 0
0 10 45: 1247, 22, 1
0 10 48: 1257, 22, 1
0 10 49: 1247, 22, 3
0 10 51: 1259, 22, 2
0 10 52: 1258, 22, 1
0 10 53: 1276, 10, 1
0 10 54: 1246, 22, 0
0 11 6: 981, 3, 3
0 11 6: 1246, 22, 2
0 11 8: 1276, 10, 1
0 11 9: 1247, 22, 0
0 11 13: 1246, 22, 3
0 11 16: 1246, 22, 3
0 11 17: 1247, 22, 0
0 11 20: 1257, 22, 0
0 11 22: 1247, 22, 3
0 11 27: 1257, 22, 1
0 11 28: 1259, 22, 3
0 11 29: 1259, 22, 0
0 11 30: 1246, 22, 0
0 11 30: 1276, 10, 2
0 11 33: 1246, 22, 2
0 11 34: 1264, 22, 3
0 11 35: 1265, 22, 2
0 11 40: 1276, 10, 3
0 11 41: 1247, 22, 2
0 11 42: 1187, 10, 1
0 11 48: 1257, 22, 2
0 11 49: 1257, 22, 2
0 11 50: 1257, 22, 3
0 11 51: 1257, 22, 3
0 11 52: 1257, 22, 0
0 11 56: 1195, 10, 0
0 12 6: 1286, 10, 0
0 12 8: 1247, 22, 3
0 12 10: 1247, 22, 3
0 12 10: 1281, 10, 2
0 12 11: 1247, 22, 3
0 12 12: 1247, 22, 0
0 12 14: 1247, 22, 2
0 12 14: 1276, 10, 0
0 12 15: 1247, 22, 3
0 12 21: 1247, 22, 0
0 12 21: 1278, 10, 2
0 12 22: 1247, 22, 1
0 12 27: 1257, 22, 1
0 12 28: 1259, 22, 1
0 12 29: 1258, 22, 0
0 12 30: 1247, 22, 3
0 12 32: 1281, 10, 1
0 12 33: 1247, 22, 1
0 12 34: 1247, 22, 1
0 12 35: 1276, 10, 0
0 12 36: 1246, 22, 0
0 12 40: 1247, 22, 3
0 12 42: 1257, 22, 0
0 12 44: 1246, 22, 3
0 12 45: 1281, 10, 2
0 12 47: 1246, 22, 0
0 12 49: 1187, 10, 3
0 12 49: 1258, 22, 3
0 12 50: 1258, 22, 3
0 12 51: 1257, 22, 3
0 12 52: 1257, 22, 3
0 12 59: 1257, 22, 0
0 12 60: 1196, 10, 0
0 12 61: 1257, 22, 2
0 12 62: 1257, 22, 1
0 12 63: 1257, 22, 1
0 13 0: 981, 3, 2
0 13 8: 1276, 10, 1
0 13 9: 1247, 22, 2
0 13 10: 1247, 22, 2
0 13 22: 1247, 22, 2
0 13 26: 1257, 22, 1
0 13 27: 1247, 22, 1
0 13 27: 1276, 10, 0
0 13 28: 1246, 22, 1
0 13 29: 1257, 22, 3
0 13 30: 1257, 22, 1
0 13 32: 1246, 22, 3
0 13 34: 1247, 22, 2
0 13 35: 1247, 22, 1
0 13 41: 1257, 22, 3
0 13 42: 1187, 10, 2
0 13 42: 1257, 22, 1
0 13 49: 1259, 22, 0
0 13 50: 1258, 22, 2
0 13 51: 1258, 22, 1
0 13 57: 1257, 22, 1
0 13 58: 447, 10, 0
0 13 59: 1257, 22, 3
0 13 60: 1258, 22, 0
0 13 61: 1259, 22, 2
0 13 62: 447, 10, 2
0 13 62: 1258, 22, 3
0 13 63: 1257, 22, 3
0 14 0: 980, 0, 3
0 14 4: 1248, 22, 2
0 14 9: 1246, 22, 1
0 14 12: 1246, 22, 2
0 14 13: 1276, 10, 3
0 14 14: 1247, 22, 1
0 14 18: 1188, 10, 3
0 14 26: 1257, 22, 1
0 14 27: 1257, 22, 2
0 14 28: 1257, 22, 2
0 14 29: 1257, 22, 3
0 14 32: 1264, 22, 0
0 14 34: 1246, 22, 2
0 14 38: 1276, 10, 3
0 14 39: 1247, 22, 1
0 14 40: 1258, 22, 3
0 14 41: 1257, 22, 2
0 14 43: 1247, 22, 2
0 14 43: 1276, 10, 0
0 14 44: 1247, 22, 3
0 14 45: 1246, 22, 2
0 14 47: 1264, 22, 1
0 14 48: 1257, 22, 3
0 14 49: 1276, 10, 2
0 14 50: 1247, 22, 0
0 14 51: 1258, 22, 0
0 14 57: 1258, 22, 2
0 14 58: 1259, 22, 0
0 14 59: 1196, 10, 1
0 14 59: 1258, 22, 1
0 14 60: 444, 10, 1
0 14 62: 1259, 22, 2
0 14 63: 1258, 22, 2
0 15 0: 981, 3, 3
0 15 10: 1286, 10, 3
0 15 13: 1247, 22, 0
0 15 17: 1257, 22, 2
0 15 23: 1257, 22, 2
0 15 25: 1187, 10, 0
0 15 25: 1258, 22, 3
0 15 26: 1257, 22, 2
0 15 27: 1246, 22, 0
0 15 27: 1276, 10, 1
0 15 32: 1188, 10, 2
0 15 38: 1247, 22, 0
0 15 40: 1257, 22, 3
0 15 41: 1258, 22, 0
0 15 42: 1257, 22, 2
0 15 44: 1247, 22, 1
0 15 48: 1257, 22, 0
0 15 49: 1247, 22, 1
0 15 58: 1259, 22, 3
0 15 59: 1195, 10, 1
0 15 62: 447, 10, 2
0 15 62: 1259, 22, 3
0 16 0: 186, 22, 2
0 16 0: 981, 3, 2
0 16 0: 2097, 10, 3
0 16 1: 185, 22, 1
0 16 2: 185, 22, 2
0 16 3: 1247, 22, 0
0 16 13: 1258, 22, 1
0 16 14: 1259, 22, 0
0 16 15: 1258, 22, 3
0 16 16: 1257, 22, 3
0 16 17: 1257, 22, 2
0 16 18: 1187, 10, 0
0 16 23: 1257, 22, 3
0 16 24: 1257, 22, 3
0 16 25: 1257, 22, 0
0 16 26: 1258, 22, 0
0 16 28: 1246, 22, 3
0 16 30: 1276, 10, 2
0 16 31: 1247, 22, 1
0 16 40: 1257, 22, 0
0 16 41: 1259, 22, 0
0 16 42: 1257, 22, 1
0 16 43: 1259, 22, 1
0 16 46: 1247, 22, 2
0 16 46: 1276, 10, 1
0 16 48: 1257, 22, 0
0 16 49: 1187, 10, 2
0 16 49: 1257, 22, 1
0 16 50: 1257, 22, 2
0 16 57: 447, 10, 3
0 16 57: 1257, 22, 2
0 16 58: 1257, 22, 0
0 16 59: 445, 10, 0
0 16 61: 444, 10, 0
0 17 0: 980, 0, 3
0 17 0: 2096, 10, 3
0 17 1: 186, 22, 2
0 17 1: 2097, 10, 3
0 17 2: 185, 22, 3
0 17 3: 2096, 10, 1
0 17 4: 1247, 22, 1
0 17 8: 1286, 10, 2
0 17 9: 1248, 22, 1
0 17 12: 1248, 22, 0
0 17 13: 1258, 22, 1
0 17 14: 1258, 22, 1
0 17 16: 1246, 22, 2
0 17 16: 1276, 10, 2
0 17 17: 1247, 22, 3
0 17 22: 1188, 10, 0
0 17 24: 1257, 22, 0
0 17 25: 1257, 22, 0
0 17 26: 1257, 22, 1
0 17 27: 1257, 22, 1
0 17 28: 1257, 22, 0
0 17 29: 1257, 22, 0
0 17 30: 1247, 22, 3
0 17 31: 1247, 22, 2
0 17 35: 1276, 10, 0
0 17 36: 1247, 22, 3
0 17 40: 1258, 22, 1
0 17 41: 1258, 22, 1
0 17 42: 1258, 22, 2
0 17 43: 1257, 22, 0
0 17 44: 1258, 22, 1
0 17 47: 1247, 22, 3
0 17 54: 1195, 10, 3
0 17 57: 1258, 22, 1
0 17 58: 1258, 22, 2
0 17 63: 1257, 22, 1
0 18 0: 185, 22, 0
0 18 0: 980, 0, 3
0 18 1: 185, 22, 3
0 18 7: 1247, 22, 2
0 18 8: 1247, 22, 3
0 18 15: 1257, 22, 0
0 18 16: 1247, 22, 2
0 18 20: 1247, 22, 3
0 18 20: 1276, 10, 0
0 18 21: 1247, 22, 2
0 18 26: 1257, 22, 2
0 18 27: 1257, 22, 2
0 18 28: 1257, 22, 1
0 18 29: 1257, 22, 0
0 18 35: 1247, 22, 0
0 18 41: 1259, 22, 2
0 18 42: 1187, 10, 1
0 18 42: 1258, 22, 2
0 18 43: 1259, 22, 3
0 18 44: 1258, 22, 0
0 18 47: 1257, 22, 1
0 18 48: 1187, 10, 0
0 18 48: 1257, 22, 2
0 18 56: 447, 10, 0
0 18 57: 1257, 22, 0
0 18 58: 1195, 10, 2
0 18 58: 1258, 22, 3
0 18 59: 1257, 22, 3
0 18 61: 1258, 22, 0
0 18 62: 1196, 10, 2
0 18 62: 1259, 22, 0
0 18 63: 1258, 22, 1
0 19 0: 184, 22, 3
0 19 0: 980, 0, 3
0 19 3: 185, 22, 3
0 19 6: 981, 3, 2
0 19 10: 1247, 22, 2
0 19 10: 1276, 10, 0
0 19 14: 1276, 10, 2
0 19 15: 1247, 22, 1
0 19 25: 1246, 22, 3
0 19 25: 1276, 10, 2
0 19 26: 1247, 22, 0
0 19 27: 1258, 22, 1
0 19 28: 1258, 22, 0
0 19 29: 1166, 10, 3
0 19 29: 1258, 22, 2
0 19 30: 1258, 22, 0
0 19 31: 1258, 22, 0
0 19 32: 1188, 10, 1
0 19 42: 1258, 22, 0
0 19 43: 1257, 22, 2
0 19 44: 1259, 22, 0
0 19 45: 1257, 22, 2
0 19 46: 1258, 22, 3
0 19 47: 1257, 22, 1
0 19 48: 1257, 22, 3
0 19 56: 1257, 22, 1
0 19 57: 1257, 22, 2
0 19 58: 447, 10, 1
0 19 59: 1259, 22, 2
0 19 60: 1257, 22, 0
0 19 61: 447, 10, 3
0 19 61: 1259, 22, 1
0 19 62: 1259, 22, 1
0 19 63: 1257, 22, 2
0 20 0: 185, 22, 2
0 20 0: 981, 3, 3
0 20 1: 2097, 10, 2
0 20 2: 185, 22, 2
0 20 3: 184, 22, 3
0 20 4: 185, 22, 0
0 20 5: 2096, 10, 0
0 20 6: 980, 0, 3
0 20 6: 1286, 10, 3
0 20 10: 1247, 22, 3
0 20 14: 1247, 22, 0
0 20 15: 1247, 22, 3
0 20 16: 1276, 10, 1
0 20 17: 1247, 22, 0
0 20 18: 1247, 22, 1
0 20 18: 1281, 10, 0
0 20 19: 1247, 22, 0
0 20 20: 1246, 22, 1
0 20 25: 1247, 22, 1
0 20 26: 1258, 22, 2
0 20 27: 1258, 22, 1
0 20 28: 1166, 10, 2
0 20 28: 1258, 22, 3
0 20 29: 1165, 10, 1
0 20 29: 1258, 22, 2
0 20 30: 1259, 22, 3
0 20 31: 1259, 22, 2
0 20 32: 1257, 22, 3
0 20 40: 1307, 10, 3
0 20 43: 1257, 22, 3
0 20 45: 1247, 22, 3
0 20 45: 1278, 10, 0
0 20 46: 1247, 22, 0
0 20 47: 1247, 22, 3
0 20 47: 1281, 10, 1
0 20 49: 1246, 22, 2
0 20 55: 1257, 22, 1
0 20 56: 1257, 22, 1
0 20 57: 1257, 22, 3
0 20 59: 1257, 22, 1
0 21 0: 184, 22, 0
0 21 1: 185, 22, 3
0 21 3: 185, 22, 1
0 21 3: 2097, 10, 3
0 21 5: 186, 22, 3
0 21 6: 980, 0, 3
0 21 7: 1247, 22, 0
0 21 11: 1276, 10, 3
0 21 12: 1247, 22, 1
0 21 15: 981, 3, 1
0 21 16: 980, 0, 2
0 21 17: 980, 0, 2
0 21 17: 1247, 22, 2
0 21 18: 980, 1, 2
0 21 18: 1246, 22, 1
0 21 21: 1276, 10, 3
0 21 25: 1258, 22, 3
0 21 26: 1259, 22, 2
0 21 27: 1259, 22, 3
0 21 28: 1258, 22, 2
0 21 29: 1258, 22, 1
0 21 30: 1166, 10, 3
0 21 30: 1248, 22, 1
0 21 31: 1259, 22, 2
0 21 32: 1257, 22, 2
0 21 45: 1247, 22, 2
0 21 47: 1247, 22, 0
0 21 49: 1264, 22, 2
0 21 52: 1307, 10, 0
0 21 53: 1246, 22, 0
0 21 56: 1257, 22, 2
0 21 57: 1257, 22, 3
0 21 58: 1257, 22, 3
0 21 60: 1195, 10, 1
0 22 0: 185, 22, 1
0 22 0: 981, 3, 2
0 22 0: 2093, 10, 1
0 22 2: 185, 22, 0
0 22 3: 2741, 22, 2
0 22 4: 2096, 10, 3
0 22 6: 980, 0, 3
0 22 6: 1247, 22, 3
0 22 7: 1247, 22, 2
0 22 7: 1286, 10, 2
0 22 11: 1246, 22, 3
0 22 18: 980, 9, 2
0 22 19: 980, 1, 2
0 22 19: 1247, 22, 3
0 22 20: 1247, 22, 2
0 22 21: 1264, 22, 2
0 22 22: 1246, 22, 0
0 22 24: 1247, 22, 3
0 22 24: 1276, 10, 3
0 22 25: 1247, 22, 3
0 22 26: 1259, 22, 0
0 22 27: 1259, 22, 0
0 22 28: 1166, 10, 1
0 22 29: 1258, 22, 1
0 22 30: 1258, 22, 0
0 22 31: 1259, 22, 1
0 22 32: 1257, 22, 2
0 22 44: 1281, 10, 2
0 22 45: 1246, 22, 1
0 22 46: 1264, 22, 1
0 22 48: 1246, 22, 3
0 22 49: 1247, 22, 3
0 23 0: 980, 9, 0
0 23 1: 185, 22, 1
0 23 1: 2092, 10, 3
0 23 2: 186, 22, 2
0 23 3: 185, 22, 2
0 23 4: 185, 22, 3
0 23 5: 980, 9, 3
0 23 6: 980, 1, 3
0 23 7: 1246, 22, 0
0 23 10: 1276, 10, 0
0 23 17: 1248, 22, 0
0 23 19: 980, 9, 2
0 23 20: 980, 1, 2
0 23 20: 1258, 22, 0
0 23 25: 1247, 22, 2
0 23 26: 1258, 22, 0
0 23 27: 1258, 22, 1
0 23 28: 1248, 22, 0
0 23 29: 1166, 10, 0
0 23 30: 1257, 22, 1
0 23 33: 1247, 22, 0
0 23 33: 1278, 10, 2
0 23 41: 1247, 22, 2
0 23 41: 1307, 10, 2
0 23 47: 1278, 10, 1
0 23 49: 1278, 10, 3
0 23 56: 1246, 22, 2
0 23 56: 1276, 10, 3
0 23 58: 1247, 22, 0
0 23 58: 1276, 10, 3
0 24 0: 980, 0, 1
0 24 1: 2093, 10, 0
0 24 2: 185, 22, 2
0 24 3: 185, 22, 2
0 24 4: 184, 22, 2
0 24 5: 981, 3, 3
0 24 7: 1247, 22, 0
0 24 11: 1246, 22, 0
0 24 12: 1247, 22, 0
0 24 12: 1281, 10, 1
0 24 14: 1246, 22, 1
0 24 20: 980, 0, 3
0 24 20: 1258, 22, 1
0 24 21: 1247, 22, 1
0 24 21: 1276, 10, 0
0 24 22: 1247, 22, 1
0 24 25: 1257, 22, 3
0 24 26: 1259, 22, 1
0 24 27: 1166, 10, 0
0 24 27: 1258, 22, 3
0 24 28: 1258, 22, 2
0 24 29: 1257, 22, 1
0 24 30: 1257, 22, 3
0 24 33: 1247, 22, 0
0 24 34: 1247, 22, 3
0 24 42: 1247, 22, 3
0 24 44: 1246, 22, 0
0 24 47: 1264, 22, 0
0 24 48: 1246, 22, 3
0 24 50: 1247, 22, 1
0 24 53: 1247, 22, 2
0 24 53: 1307, 10, 2
0 24 54: 1247, 22, 3
0 24 56: 1264, 22, 2
0 24 57: 1247, 22, 1
0 24 59: 1247, 22, 3
0 25 0: 980, 0, 1
0 25 2: 185, 22, 3
0 25 4: 185, 22, 0
0 25 4: 2092, 10, 3
0 25 5: 981, 3, 2
0 25 5: 1247, 22, 3
0 25 6: 1247, 22, 2
0 25 8: 1247, 22, 3
0 25 12: 1247, 22, 1
0 25 13: 1247, 22, 3
0 25 14: 1265, 22, 0
0 25 15: 1281, 10, 2
0 25 16: 1247, 22, 0
0 25 17: 980, 0, 1
0 25 17: 1247, 22, 3
0 25 20: 980, 0, 3
0 25 21: 1247, 22, 0
0 25 22: 1247, 22, 3
0 25 26: 1259, 22, 1
0 25 27: 1259, 22, 3
0 25 28: 1259, 22, 3
0 25 29: 1257, 22, 1
0 25 46: 1278, 10, 2
0 25 53: 1246, 22, 3
0 25 54: 2767, 22, 0
0 25 58: 1281, 10, 2
0 25 59: 1246, 22, 0
0 25 61: 1247, 22, 2
0 25 62: 1276, 10, 0
0 26 0: 980, 0, 1
0 26 1: 185, 22, 3
0 26 2: 186, 22, 2
0 26 2: 2093, 10, 3
0 26 3: 185, 22, 2
0 26 5: 980, 0, 3
0 26 5: 1286, 10, 0
0 26 6: 1246, 22, 1
0 26 14: 1247, 22, 2
0 26 17: 980, 0, 1
0 26 17: 1246, 22, 2
0 26 20: 980, 0, 3
0 26 20: 1259, 22, 3
0 26 21: 1259, 22, 2
0 26 22: 1258, 22, 3
0 26 28: 1247, 22, 3
0 26 28: 1276, 10, 3
0 26 31: 1247, 22, 0
0 26 31: 1276, 10, 0
0 26 32: 1247, 22, 2
0 26 43: 1278, 10, 1
0 26 46: 1265, 22, 2
0 26 47: 1247, 22, 2
0 26 50: 1278, 10, 2
0 26 55: 1247, 22, 1
0 26 55: 1307, 10, 2
0 26 58: 1247, 22, 2
0 26 60: 1246, 22, 3
0 26 63: 1247, 22, 2
0 27 0: 980, 1, 0
0 27 1: 980, 9, 0
0 27 2: 185, 22, 0
0 27 3: 2092, 10, 3
0 27 4: 980, 9, 3
0 27 5: 980, 1, 3
0 27 9: 1286, 10, 0
0 27 11: 1276, 10, 1
0 27 13: 1276, 10, 2
0 27 14: 1247, 22, 0
0 27 15: 1247, 22, 1
0 27 16: 981, 3, 1
0 27 16: 1264, 22, 3
0 27 17: 980, 9, 1
0 27 20: 981, 3, 3
0 27 20: 1259, 22, 0
0 27 21: 1259, 22, 1
0 27 22: 1258, 22, 3
0 27 23: 1258, 22, 2
0 27 28: 1246, 22, 2
0 27 31: 1246, 22, 1
0 27 39: 1307, 10, 2
0 27 40: 1247, 22, 1
0 27 44: 1247, 22, 1
0 27 48: 1276, 10, 2
0 27 49: 1247, 22, 0
0 27 50: 1247, 22, 1
0 27 53: 1247, 22, 0
0 27 53: 1276, 10, 0
0 27 54: 1247, 22, 1
0 27 55: 1247, 22, 2
0 27 59: 1247, 22, 3
0 27 60: 1264, 22, 1
0 28 0: 1247, 22, 3
0 28 1: 980, 1, 0
0 28 2: 980, 0, 0
0 28 3: 980, 0, 0
0 28 3: 1247, 22, 2
0 28 4: 980, 1, 3
0 28 12: 1246, 22, 2
0 28 18: 1248, 22, 3
0 28 21: 1258, 22, 1
0 28 26: 1276, 10, 2
0 28 27: 1247, 22, 2
0 28 28: 1247, 22, 2
0 28 28: 1281, 10, 0
0 28 29: 1247, 22, 0
0 28 30: 1247, 22, 3
0 28 32: 1247, 22, 1
0 28 37: 1258, 22, 3
0 28 38: 1258, 22, 2
0 28 39: 1247, 22, 0
0 28 40: 1264, 22, 3
0 28 47: 1257, 22, 0
0 28 48: 1247, 22, 3
0 28 51: 1276, 10, 1
0 28 54: 1247, 22, 3
0 28 58: 1246, 22, 2
0 28 58: 1276, 10, 2
0 28 61: 1276, 10, 1
0 29 0: 1286, 10, 1
0 29 1: 1247, 22, 3
0 29 2: 1247, 22, 1
0 29 3: 1286, 10, 3
0 29 4: 1246, 22, 2
0 29 14: 1276, 10, 3
0 29 16: 981, 3, 1
0 29 20: 1258, 22, 2
0 29 21: 1258, 22, 2
0 29 22: 1247, 22, 3
0 29 22: 1281, 10, 3
0 29 23: 1246, 22, 1
0 29 24: 1264, 22, 2
0 29 26: 1247, 22, 1
0 29 27: 1247, 22, 0
0 29 28: 1247, 22, 2
0 29 30: 1247, 22, 3
0 29 37: 1259, 22, 0
0 29 38: 1258, 22, 2
0 29 39: 1258, 22, 1
0 29 40: 1258, 22, 0
0 29 46: 1258, 22, 2
0 29 47: 1257, 22, 2
0 29 48: 1258, 22, 3
0 29 49: 1257, 22, 0
0 29 50: 1257, 22, 1
0 29 51: 1247, 22, 2
0 29 52: 1247, 22, 3
0 29 58: 1247, 22, 0
0 29 60: 1257, 22, 2
0 29 62: 1246, 22, 1
0 30 0: 1247, 22, 3
0 30 14: 1246, 22, 3
0 30 15: 980, 1, 1
0 30 15: 1264, 22, 2
0 30 16: 980, 9, 1
0 30 19: 981, 3, 2
0 30 20: 1276, 10, 2
0 30 21: 1247, 22, 0
0 30 22: 1264, 22, 1
0 30 24: 1247, 22, 3
0 30 28: 1247, 22, 3
0 30 29: 1264, 22, 1
0 30 30: 1246, 22, 0
0 30 31: 1276, 10, 1
0 30 32: 1246, 22, 3
0 30 35: 1258, 22, 0
0 30 36: 1602, 3, 2
0 30 37: 1258, 22, 1
0 30 38: 1259, 22, 3
0 30 39: 1259, 22, 2
0 30 40: 1259, 22, 2
0 30 40: 1602, 3, 2
0 30 41: 1258, 22, 3
0 30 42: 1258, 22, 1
0 30 43: 1258, 22, 0
0 30 44: 1258, 22, 0
0 30 44: 1602, 3, 2
0 30 45: 1257, 22, 1
0 30 46: 1259, 22, 3
0 30 47: 1258, 22, 1
0 30 48: 1259, 22, 2
0 30 48: 1602, 3, 2
0 30 49: 1259, 22, 0
0 30 50: 1257, 22, 3
0 30 51: 1257, 22, 3
0 30 52: 1257, 22, 2
0 30 52: 1602, 3, 2
0 30 56: 1602, 3, 1
0 30 59: 1259, 22, 1
0 30 60: 1259, 22, 0
0 30 61: 1257, 22, 3
0 31 2: 1246, 22, 1
0 31 15: 980, 0, 1
0 31 19: 980, 0, 3
0 31 19: 1258, 22, 3
0 31 20: 1246, 22, 3
0 31 22: 1247, 22, 0
0 31 23: 1265, 22, 1
0 31 24: 1247, 22, 0
0 31 31: 1246, 22, 0
0 31 34: 1257, 22, 3
0 31 35: 997, 9, 3
0 31 36: 320, 22, 1
0 31 36: 997, 0, 0
0 31 36: 1390, 10, 3
0 31 37: 320, 22, 2
0 31 37: 997, 0, 0
0 31 37: 1390, 10, 0
0 31 38: 997, 0, 0
0 31 38: 1124, 10, 2
0 31 39: 320, 22, 3
0 31 39: 997, 0, 0
0 31 39: 1390, 10, 3
0 31 40: 319, 22, 1
0 31 40: 997, 0, 0
0 31 41: 320, 22, 0
0 31 41: 997, 0, 0
0 31 41: 1390, 10, 1
0 31 42: 997, 0, 0
0 31 42: 1390, 10, 2
0 31 43: 997, 0, 0
0 31 43: 1390, 10, 2
0 31 44: 997, 0, 0
0 31 44: 1390, 10, 2
0 31 45: 320, 22, 3
0 31 45: 997, 0, 0
0 31 45: 1124, 10, 2
0 31 46: 997, 0, 0
0 31 46: 1390, 10, 3
0 31 47: 997, 0, 0
0 31 48: 320, 22, 0
0 31 48: 997, 0, 0
0 31 48: 1390, 10, 2
0 31 49: 320, 22, 1
0 31 49: 997, 0, 0
0 31 49: 1196, 10, 1
0 31 50: 997, 0, 0
0 31 50: 1195, 10, 0
0 31 51: 997, 0, 0
0 31 52: 319, 22, 0
0 31 52: 997, 0, 0
0 31 52: 1390, 10, 2
0 31 53: 321, 22, 0
0 31 53: 997, 0, 0
0 31 53: 1390, 10, 1
0 31 54: 997, 0, 0
0 31 55: 320, 22, 3
0 31 55: 997, 0, 0
0 31 56: 997, 0, 0
0 31 56: 1390, 10, 2
0 31 57: 997, 9, 0
0 31 59: 1257, 22, 3
0 31 60: 1257, 22, 0
0 31 61: 1259, 22, 3
0 32 2: 1286, 10, 2
0 32 6: 611, 10, 0
0 32 14: 1259, 22, 3
0 32 15: 980, 0, 1
0 32 19: 980, 0, 3
0 32 19: 1258, 22, 1
0 32 20: 1281, 10, 0
0 32 21: 1247, 22, 3
0 32 23: 1276, 10, 3
0 32 24: 1247, 22, 3
0 32 29: 1247, 22, 1
0 32 29: 1276, 10, 1
0 32 30: 1247, 22, 0
0 32 32: 1257, 22, 3
0 32 33: 1257, 22, 0
0 32 34: 997, 9, 3
0 32 35: 1390, 10, 2
0 32 36: 997, 0, 2
0 32 36: 1390, 10, 3
0 32 37: 320, 22, 3
0 32 37: 997, 0, 2
0 32 37: 1390, 10, 1
0 32 38: 997, 0, 2
0 32 38: 1195, 10, 1
0 32 39: 320, 22, 0
0 32 39: 997, 0, 2
0 32 39: 1124, 10, 3
0 32 40: 997, 0, 2
0 32 40: 1390, 10, 3
0 32 41: 997, 0, 2
0 32 41: 1195, 10, 0
0 32 42: 997, 0, 2
0 32 42: 1124, 10, 0
0 32 43: 320, 22, 3
0 32 43: 997, 0, 2
0 32 44: 321, 22, 2
0 32 44: 997, 0, 2
0 32 45: 320, 22, 2
0 32 45: 997, 0, 2
0 32 45: 1390, 10, 1
0 32 46: 997, 0, 2
0 32 46: 1195, 10, 3
0 32 47: 320, 22, 3
0 32 47: 997, 0, 2
0 32 47: 1124, 10, 1
0 32 48: 320, 22, 0
0 32 48: 997, 0, 2
0 32 49: 321, 22, 3
0 32 49: 997, 0, 2
0 32 49: 1124, 10, 0
0 32 50: 320, 22, 2
0 32 50: 997, 0, 2
0 32 51: 997, 0, 2
0 32 51: 1390, 10, 1
0 32 52: 997, 0, 2
0 32 53: 997, 0, 2
0 32 53: 1195, 10, 1
0 32 54: 997, 0, 2
0 32 54: 1390, 10, 1
0 32 55: 320, 22, 2
0 32 55: 997, 0, 2
0 32 56: 997, 0, 2
0 32 56: 1390, 10, 1
0 32 57: 320, 22, 2
0 32 57: 1390, 10, 1
0 32 58: 997, 9, 0
0 32 60: 1259, 22, 2
0 32 61: 1257, 22, 0
0 32 62: 1257, 22, 2
0 33 7: 1247, 22, 0
0 33 9: 1180, 10, 3
0 33 12: 611, 10, 0
0 33 12: 1247, 22, 2
0 33 13: 1247, 22, 3
0 33 15: 980, 1, 0
0 33 16: 980, 9, 0
0 33 17: 1248, 22, 2
0 33 19: 980, 9, 2
0 33 20: 980, 1, 2
0 33 20: 1258, 22, 1
0 33 22: 1247, 22, 2
0 33 24: 1246, 22, 0
0 33 27: 1247, 22, 1
0 33 27: 1276, 10, 3
0 33 28: 1247, 22, 2
0 33 30: 1247, 22, 3
0 33 31: 1257, 22, 1
0 33 32: 1257, 22, 2
0 33 33: 1257, 22, 1
0 33 33: 1602, 3, 0
0 33 34: 997, 0, 3
0 33 34: 1390, 10, 2
0 33 35: 321, 22, 3
0 33 35: 1195, 10, 1
0 33 36: 326, 22, 1
0 33 36: 997, 0, 3
0 33 36: 1124, 10, 1
0 33 37: 320, 22, 3
0 33 37: 1125, 10, 1
0 33 38: 1125, 10, 1
0 33 39: 1125, 10, 1
0 33 40: 1125, 10, 1
0 33 41: 1125, 10, 1
0 33 42: 320, 22, 2
0 33 42: 1125, 10, 1
0 33 43: 1124, 10, 1
0 33 44: 1125, 10, 1
0 33 45: 1125, 10, 1
0 33 46: 1125, 10, 1
0 33 47: 1125, 10, 1
0 33 48: 1125, 10, 1
0 33 49: 1125, 10, 1
0 33 49: 1828, 4, 2
0 33 50: 1125, 10, 1
0 33 51: 1125, 10, 1
0 33 51: 1828, 4, 2
0 33 52: 1125, 10, 1
0 33 53: 1125, 10, 1
0 33 54: 1125, 10, 1
0 33 55: 1125, 10, 1
0 33 56: 321, 22, 0
0 33 56: 997, 0, 1
0 33 56: 1124, 10, 1
0 33 57: 319, 22, 3
0 33 57: 1390, 10, 2
0 33 58: 320, 22, 1
0 33 58: 997, 0, 1
0 33 58: 1390, 10, 2
0 33 59: 1602, 3, 3
0 33 61: 1257, 22, 2
0 34 12: 1247, 22, 0
0 34 13: 1247, 22, 3
0 34 14: 1259, 22, 0
0 34 16: 980, 0, 1
0 34 20: 980, 0, 3
0 34 20: 1246, 22, 2
0 34 21: 1264, 22, 1
0 34 22: 1247, 22, 1
0 34 26: 1247, 22, 0
0 34 27: 1247, 22, 3
0 34 28: 1247, 22, 1
0 34 29: 1276, 10, 3
0 34 30: 1247, 22, 3
0 34 32: 1257, 22, 2
0 34 33: 1258, 22, 0
0 34 34: 319, 22, 2
0 34 34: 997, 0, 3
0 34 34: 1196, 10, 2
0 34 35: 320, 22, 3
0 34 35: 1390, 10, 0
0 34 36: 320, 22, 0
0 34 36: 997, 0, 3
0 34 36: 1125, 10, 0
0 34 40: 1828, 4, 2
0 34 43: 1125, 10, 2
0 34 44: 320, 22, 2
0 34 45: 320, 22, 2
0 34 46: 321, 22, 2
0 34 47: 319, 22, 0
0 34 48: 1106, 10, 3
0 34 48: 1908, 2, 3
0 34 49: 1836, 5, 0
0 34 49: 1908, 0, 0
0 34 50: 819, 10, 3
0 34 50: 1908, 0, 0
0 34 51: 1106, 10, 3
0 34 51: 1836, 5, 0
0 34 51: 1908, 0, 0
0 34 52: 825, 22, 2
0 34 52: 1908, 2, 0
0 34 54: 320, 22, 1
0 34 55: 319, 22, 2
0 34 56: 997, 0, 1
0 34 56: 1125, 10, 2
0 34 57: 320, 22, 1
0 34 58: 997, 0, 1
0 34 58: 1195, 10, 1
0 35 8: 1180, 10, 2
0 35 14: 1259, 22, 2
0 35 15: 1259, 22, 1
0 35 16: 980, 1, 0
0 35 17: 980, 9, 0
0 35 20: 980, 0, 3
0 35 21: 1259, 22, 1
0 35 23: 1276, 10, 1
0 35 26: 1276, 10, 0
0 35 27: 1247, 22, 0
0 35 29: 1264, 22, 2
0 35 30: 1247, 22, 3
0 35 31: 1257, 22, 0
0 35 32: 1257, 22, 3
0 35 33: 1258, 22, 1
0 35 34: 320, 22, 1
0 35 34: 997, 0, 3
0 35 34: 1390, 10, 3
0 35 35: 320, 22, 2
0 35 36: 997, 0, 3
0 35 36: 1125, 10, 0
0 35 37: 887, 5, 0
0 35 37: 1908, 2, 3
0 35 38: 1088, 10, 3
0 35 38: 1908, 0, 0
0 35 39: 888, 5, 0
0 35 39: 1908, 0, 0
0 35 40: 1836, 5, 0
0 35 40: 1908, 0, 0
0 35 41: 380, 10, 0
0 35 41: 1908, 0, 0
0 35 42: 1908, 2, 0
0 35 43: 1125, 10, 2
0 35 44: 321, 22, 0
0 35 45: 196, 5, 3
0 35 45: 1908, 2, 3
0 35 46: 767, 22, 1
0 35 46: 1908, 0, 0
0 35 47: 767, 22, 1
0 35 47: 1908, 0, 0
0 35 48: 1908, 3, 3
0 35 49: 1248, 22, 0
0 35 52: 843, 5, 1
0 35 52: 1908, 0, 1
0 35 53: 319, 22, 2
0 35 55: 320, 22, 2
0 35 56: 997, 0, 1
0 35 56: 1125, 10, 2
0 35 57: 320, 22, 3
0 35 57: 1390, 10, 1
0 35 58: 997, 0, 1
0 36 11: 1180, 10, 3
0 36 14: 1258, 22, 1
0 36 15: 1258, 22, 0
0 36 17: 980, 0, 1
0 36 20: 980, 0, 3
0 36 20: 1259, 22, 0
0 36 21: 1259, 22, 3
0 36 23: 1247, 22, 2
0 36 24: 1247, 22, 3
0 36 26: 1247, 22, 1
0 36 30: 1257, 22, 0
0 36 31: 1258, 22, 0
0 36 32: 1258, 22, 3
0 36 33: 1258, 22, 2
0 36 34: 997, 0, 3
0 36 34: 1390, 10, 3
0 36 35: 1196, 10, 0
0 36 36: 997, 0, 3
0 36 36: 1125, 10, 0
0 36 37: 1908, 0, 3
0 36 38: 595, 10, 3
0 36 38: 917, 22, 3
0 36 39: 918, 22, 3
0 36 40: 918, 22, 3
0 36 41: 917, 22, 0
0 36 42: 1908, 0, 1
0 36 42: 2885, 10, 1
0 36 43: 1125, 10, 2
0 36 44: 320, 22, 2
0 36 45: 767, 22, 0
0 36 45: 843, 5, 3
0 36 45: 1908, 0, 3
0 36 46: 994, 0, 3
0 36 46: 1733, 10, 3
0 36 48: 767, 22, 2
0 36 48: 994, 0, 3
0 36 51: 1098, 10, 1
0 36 52: 1908, 3, 0
0 36 53: 196, 5, 0
0 36 53: 1908, 0, 0
0 36 54: 1248, 22, 0
0 36 54: 1908, 2, 0
0 36 55: 320, 22, 1
0 36 56: 997, 0, 1
0 36 56: 1125, 10, 2
0 36 57: 320, 22, 0
0 36 57: 1390, 10, 2
0 36 58: 997, 0, 1
0 37 7: 1247, 22, 2
0 37 7: 1276, 10, 2
0 37 8: 1247, 22, 1
0 37 10: 1180, 10, 0
0 37 13: 1180, 10, 1
0 37 15: 1258, 22, 3
0 37 16: 1259, 22, 2
0 37 17: 980, 0, 1
0 37 20: 980, 0, 3
0 37 20: 1248, 22, 1
0 37 21: 1602, 3, 1
0 37 22: 1259, 22, 1
0 37 25: 1602, 3, 1
0 37 29: 1258, 22, 1
0 37 29: 1602, 3, 1
0 37 30: 1258, 22, 2
0 37 31: 1258, 22, 1
0 37 32: 1258, 22, 3
0 37 33: 1260, 22, 0
0 37 33: 1602, 3, 1
0 37 34: 997, 0, 3
0 37 34: 1196, 10, 0
0 37 36: 997, 0, 3
0 37 36: 1125, 10, 0
0 37 36: 1828, 4, 1
0 37 37: 1836, 5, 3
0 37 37: 1908, 0, 3
0 37 38: 917, 22, 2
0 37 39: 918, 22, 1
0 37 40: 918, 22, 1
0 37 41: 917, 22, 1
0 37 42: 1836, 5, 1
0 37 42: 1908, 0, 1
0 37 43: 1125, 10, 2
0 37 43: 1828, 4, 3
0 37 44: 1828, 4, 1
0 37 45: 767, 22, 0
0 37 45: 1836, 5, 3
0 37 45: 1908, 0, 3
0 37 46: 994, 0, 3
0 37 48: 767, 22, 2
0 37 48: 994, 0, 3
0 37 50: 2940, 10, 3
0 37 54: 819, 10, 0
0 37 54: 1908, 0, 1
0 37 55: 321, 22, 3
0 37 56: 326, 22, 2
0 37 56: 997, 0, 1
0 37 56: 1125, 10, 2
0 37 57: 321, 22, 0
0 37 57: 1390, 10, 1
0 37 58: 320, 22, 3
0 37 58: 997, 0, 1
0 37 58: 1196, 10, 1
0 37 59: 1602, 3, 3
0 38 11: 1180, 10, 2
0 38 14: 1276, 10, 1
0 38 17: 980, 0, 1
0 38 20: 981, 3, 3
0 38 21: 997, 0, 1
0 38 22: 997, 0, 0
0 38 23: 997, 0, 0
0 38 24: 997, 0, 0
0 38 24: 1253, 22, 2
0 38 25: 997, 0, 0
0 38 26: 997, 0, 0
0 38 27: 997, 0, 0
0 38 27: 1258, 22, 0
0 38 28: 997, 0, 0
0 38 28: 1258, 22, 1
0 38 29: 997, 0, 0
0 38 30: 997, 0, 0
0 38 31: 997, 0, 0
0 38 32: 997, 0, 0
0 38 33: 997, 0, 0
0 38 34: 997, 0, 0
0 38 35: 997, 0, 0
0 38 36: 1125, 10, 0
0 38 37: 1908, 2, 2
0 38 38: 1836, 5, 2
0 38 38: 1908, 0, 2
0 38 39: 1908, 0, 2
0 38 40: 916, 22, 3
0 38 40: 1533, 0, 2
0 38 41: 1836, 5, 2
0 38 41: 1908, 0, 2
0 38 42: 1908, 2, 1
0 38 43: 1125, 10, 2
0 38 44: 321, 22, 2
0 38 45: 767, 22, 0
0 38 45: 843, 5, 3
0 38 45: 1908, 0, 3
0 38 46: 994, 0, 3
0 38 48: 767, 22, 2
0 38 48: 994, 0, 3
0 38 49: 928, 22, 3
0 38 50: 929, 22, 3
0 38 51: 929, 22, 3
0 38 52: 928, 22, 0
0 38 54: 1836, 5, 1
0 38 54: 1908, 0, 1
0 38 55: 320, 22, 0
0 38 55: 1828, 4, 3
0 38 56: 997, 0, 1
0 38 56: 1125, 10, 2
0 38 57: 320, 22, 2
0 38 57: 1390, 10, 2
0 38 58: 997, 0, 1
0 39 6: 1180, 10, 0
0 39 9: 1276, 10, 2
0 39 10: 1247, 22, 3
0 39 12: 1179, 10, 3
0 39 15: 1246, 22, 3
0 39 16: 1259, 22, 3
0 39 17: 981, 3, 0
0 39 21: 997, 0, 1
0 39 23: 1125, 10, 1
0 39 24: 1125, 10, 1
0 39 25: 320, 22, 3
0 39 25: 574, 10, 3
0 39 26: 320, 22, 0
0 39 26: 1125, 10, 1
0 39 27: 319, 22, 3
0 39 27: 1125, 10, 1
0 39 28: 320, 22, 1
0 39 28: 575, 10, 3
0 39 29: 1125, 10, 1
0 39 30: 1125, 10, 1
0 39 31: 320, 22, 2
0 39 31: 576, 10, 3
0 39 32: 319, 22, 0
0 39 32: 1125, 10, 1
0 39 33: 320, 22, 1
0 39 33: 1125, 10, 1
0 39 34: 1125, 10, 1
0 39 34: 1248, 22, 3
0 39 35: 1125, 10, 1
0 39 36: 320, 22, 0
0 39 36: 1124, 10, 2
0 39 38: 1125, 10, 1
0 39 38: 1828, 4, 0
0 39 39: 843, 4, 0
0 39 39: 1125, 10, 1
0 39 41: 1125, 10, 1
0 39 41: 1828, 4, 0
0 39 42: 320, 22, 3
0 39 43: 1124, 10, 2
0 39 44: 320, 22, 0
0 39 45: 196, 5, 3
0 39 45: 1908, 2, 2
0 39 46: 767, 22, 3
0 39 46: 994, 0, 0
0 39 47: 767, 22, 3
0 39 47: 994, 0, 0
0 39 48: 994, 3, 3
0 39 49: 929, 22, 2
0 39 50: 930, 22, 3
0 39 51: 930, 22, 3
0 39 52: 929, 22, 0
0 39 54: 843, 5, 1
0 39 54: 1908, 0, 1
0 39 56: 997, 0, 1
0 39 56: 1125, 10, 2
0 39 57: 1196, 10, 1
0 39 58: 997, 0, 1
0 39 58: 1390, 10, 2
0 39 61: 1278, 10, 2
0 40 7: 1180, 10, 1
0 40 9: 1247, 22, 0
0 40 15: 1258, 22, 2
0 40 16: 1258, 22, 1
0 40 17: 1259, 22, 0
0 40 18: 1259, 22, 1
0 40 20: 1248, 22, 1
0 40 21: 2391, 0, 1
0 40 43: 1248, 22, 1
0 40 45: 2896, 0, 1
0 40 49: 929, 22, 2
0 40 50: 930, 22, 3
0 40 51: 930, 22, 3
0 40 52: 929, 22, 0
0 40 54: 819, 10, 0
0 40 54: 1908, 0, 1
0 40 55: 320, 22, 1
0 40 56: 997, 0, 1
0 40 56: 1125, 10, 2
0 40 57: 1390, 10, 1
0 40 58: 320, 22, 1
0 40 58: 997, 0, 1
0 40 59: 1602, 3, 3
0 41 7: 1178, 10, 1
0 41 8: 1178, 10, 0
0 41 10: 1178, 10, 3
0 41 12: 1178, 10, 3
0 41 13: 1276, 10, 2
0 41 14: 1246, 22, 2
0 41 16: 1258, 22, 0
0 41 17: 1258, 22, 3
0 41 18: 1258, 22, 3
0 41 21: 2392, 0, 1
0 41 30: 1248, 22, 0
0 41 41: 1248, 22, 2
0 41 45: 2897, 0, 1
0 41 49: 929, 22, 2
0 41 50: 930, 22, 3
0 41 50: 2939, 10, 0
0 41 51: 930, 22, 3
0 41 52: 929, 22, 0
0 41 54: 819, 10, 0
0 41 54: 1908, 0, 1
0 41 55: 319, 22, 3
0 41 56: 997, 0, 1
0 41 56: 1125, 10, 2
0 41 57: 320, 22, 0
0 41 57: 1390, 10, 2
0 41 58: 321, 22, 3
0 41 58: 997, 0, 1
0 41 58: 1196, 10, 3
0 41 59: 1602, 3, 2
0 42 1: 1189, 10, 0
0 42 7: 1257, 22, 0
0 42 9: 1179, 10, 1
0 42 11: 1178, 10, 0
0 42 16: 1258, 22, 0
0 42 17: 1258, 22, 0
0 42 18: 1258, 22, 2
0 42 19: 1259, 22, 3
0 42 21: 997, 0, 1
0 42 23: 320, 22, 0
0 42 23: 1125, 10, 3
0 42 24: 326, 22, 2
0 42 24: 1125, 10, 3
0 42 25: 319, 22, 1
0 42 25: 574, 10, 1
0 42 26: 321, 22, 2
0 42 26: 1125, 10, 3
0 42 27: 320, 22, 2
0 42 27: 1125, 10, 3
0 42 28: 575, 10, 1
0 42 29: 320, 22, 2
0 42 29: 1125, 10, 3
0 42 30: 320, 22, 3
0 42 30: 1125, 10, 3
0 42 31: 320, 22, 3
0 42 31: 576, 10, 1
0 42 32: 319, 22, 0
0 42 32: 1125, 10, 3
0 42 33: 320, 22, 1
0 42 33: 1125, 10, 3
0 42 34: 320, 22, 2
0 42 34: 1125, 10, 3
0 42 35: 320, 22, 1
0 42 35: 1125, 10, 3
0 42 36: 1125, 10, 3
0 42 37: 320, 22, 0
0 42 38: 319, 22, 1
0 42 38: 1125, 10, 3
0 42 39: 320, 22, 3
0 42 39: 1125, 10, 3
0 42 40: 320, 22, 2
0 42 40: 1125, 10, 3
0 42 41: 319, 22, 0
0 42 41: 1125, 10, 3
0 42 42: 320, 22, 1
0 42 43: 1125, 10, 3
0 42 44: 320, 22, 2
0 42 44: 1125, 10, 3
0 42 45: 320, 22, 1
0 42 45: 563, 10, 0
0 42 45: 1904, 1, 0
0 42 46: 843, 5, 3
0 42 46: 1908, 0, 3
0 42 49: 929, 22, 2
0 42 50: 930, 22, 3
0 42 51: 930, 22, 3
0 42 52: 929, 22, 0
0 42 54: 843, 5, 1
0 42 54: 1908, 0, 1
0 42 55: 320, 22, 2
0 42 56: 997, 0, 1
0 42 56: 1125, 10, 2
0 42 58: 320, 22, 3
0 42 58: 997, 0, 1
0 42 58: 1390, 10, 2
0 43 3: 1309, 10, 2
0 43 6: 1257, 22, 2
0 43 7: 1178, 10, 2
0 43 7: 1257, 22, 1
0 43 8: 1258, 22, 0
0 43 12: 1281, 10, 3
0 43 13: 1247, 22, 3
0 43 14: 1246, 22, 0
0 43 15: 1247, 22, 1
0 43 15: 1276, 10, 1
0 43 16: 1247, 22, 1
0 43 21: 997, 0, 1
0 43 22: 997, 0, 2
0 43 23: 997, 0, 2
0 43 24: 997, 0, 2
0 43 25: 997, 0, 2
0 43 26: 997, 0, 2
0 43 27: 997, 0, 2
0 43 27: 1258, 22, 3
0 43 28: 997, 0, 2
0 43 28: 1258, 22, 2
0 43 29: 997, 0, 2
0 43 30: 997, 0, 2
0 43 31: 997, 0, 2
0 43 32: 997, 0, 2
0 43 33: 997, 0, 2
0 43 34: 997, 0, 2
0 43 34: 1258, 22, 0
0 43 35: 997, 0, 2
0 43 35: 1258, 22, 1
0 43 36: 320, 22, 1
0 43 36: 1125, 10, 0
0 43 45: 319, 22, 2
0 43 45: 1828, 4, 1
0 43 46: 1836, 5, 3
0 43 46: 1908, 0, 3
0 43 49: 928, 22, 2
0 43 50: 929, 22, 1
0 43 51: 929, 22, 1
0 43 52: 928, 22, 1
0 43 54: 1836, 5, 1
0 43 54: 1908, 0, 1
0 43 55: 1828, 4, 3
0 43 56: 997, 0, 1
0 43 56: 1125, 10, 2
0 43 57: 320, 22, 2
0 43 57: 1196, 10, 2
0 43 58: 997, 0, 1
0 43 62: 1276, 10, 3
0 43 63: 1246, 22, 2
0 44 2: 1189, 10, 1
0 44 5: 1257, 22, 2
0 44 6: 1257, 22, 2
0 44 7: 1258, 22, 1
0 44 8: 1258, 22, 3
0 44 9: 1178, 10, 1
0 44 12: 1247, 22, 0
0 44 14: 1247, 22, 3
0 44 15: 1247, 22, 2
0 44 16: 1247, 22, 0
0 44 17: 1178, 10, 1
0 44 21: 1602, 3, 0
0 44 25: 1602, 3, 0
0 44 28: 1258, 22, 2
0 44 29: 1257, 22, 1
0 44 29: 1602, 3, 0
0 44 30: 1258, 22, 3
0 44 31: 1259, 22, 2
0 44 32: 1258, 22, 0
0 44 33: 1259, 22, 3
0 44 33: 1602, 3, 0
0 44 34: 997, 0, 3
0 44 34: 1196, 10, 1
0 44 35: 1390, 10, 2
0 44 36: 997, 0, 3
0 44 36: 1125, 10, 0
0 44 37: 1278, 10, 2
0 44 41: 879, 10, 0
0 44 43: 1187, 10, 2
0 44 45: 205, 4, 1
0 44 45: 320, 22, 1
0 44 46: 1908, 0, 3
0 44 49: 1725, 10, 0
0 44 54: 819, 10, 0
0 44 54: 1908, 0, 1
0 44 56: 997, 0, 1
0 44 56: 1125, 10, 2
0 44 57: 321, 22, 2
0 44 58: 997, 0, 1
0 44 58: 1196, 10, 0
0 45 6: 1257, 22, 3
0 45 7: 1258, 22, 2
0 45 8: 1258, 22, 3
0 45 12: 1247, 22, 1
0 45 13: 1247, 22, 2
0 45 15: 1247, 22, 2
0 45 15: 1276, 10, 0
0 45 30: 1257, 22, 2
0 45 31: 1258, 22, 0
0 45 32: 1258, 22, 1
0 45 33: 1258, 22, 3
0 45 34: 997, 0, 3
0 45 34: 1390, 10, 1
0 45 35: 1196, 10, 2
0 45 36: 320, 22, 0
0 45 36: 997, 0, 3
0 45 36: 1125, 10, 0
0 45 46: 196, 5, 3
0 45 46: 1248, 22, 0
0 45 46: 1908, 2, 2
0 45 47: 196, 5, 2
0 45 47: 1908, 0, 2
0 45 48: 1908, 3, 2
0 45 52: 1908, 3, 1
0 45 53: 196, 5, 2
0 45 53: 1908, 0, 2
0 45 54: 1908, 2, 1
0 45 56: 997, 0, 1
0 45 56: 1125, 10, 2
0 45 57: 320, 22, 0
0 45 57: 1195, 10, 1
0 45 58: 320, 22, 1
0 45 58: 997, 0, 1
0 45 59: 1602, 3, 2
0 45 60: 1276, 10, 0
0 46 6: 2767, 22, 2
0 46 7: 1257, 22, 0
0 46 8: 1258, 22, 1
0 46 12: 1178, 10, 2
0 46 14: 1178, 10, 3
0 46 16: 1246, 22, 1
0 46 17: 1178, 10, 2
0 46 18: 1178, 10, 2
0 46 31: 1257, 22, 3
0 46 32: 1258, 22, 1
0 46 33: 1258, 22, 0
0 46 34: 997, 0, 3
0 46 34: 1390, 10, 2
0 46 35: 321, 22, 3
0 46 35: 1390, 10, 2
0 46 36: 997, 0, 3
0 46 36: 1125, 10, 0
0 46 47: 321, 22, 0
0 46 48: 843, 5, 3
0 46 48: 1908, 0, 3
0 46 50: 1248, 22, 3
0 46 51: 825, 22, 3
0 46 52: 843, 5, 1
0 46 52: 1908, 0, 1
0 46 53: 321, 22, 3
0 46 54: 320, 22, 2
0 46 55: 320, 22, 3
0 46 56: 320, 22, 2
0 46 56: 997, 0, 1
0 46 56: 1125, 10, 2
0 46 57: 320, 22, 0
0 46 57: 1390, 10, 2
0 46 58: 997, 0, 1
0 46 60: 1246, 22, 2
0 46 62: 1276, 10, 2
0 47 2: 1189, 10, 3
0 47 4: 1189, 10, 2
0 47 7: 1257, 22, 3
0 47 8: 1257, 22, 2
0 47 9: 1258, 22, 1
0 47 11: 1178, 10, 1
0 47 12: 1179, 10, 0
0 47 13: 1179, 10, 1
0 47 14: 1178, 10, 3
0 47 15: 1178, 10, 2
0 47 23: 1252, 22, 1
0 47 32: 1257, 22, 2
0 47 33: 1259, 22, 3
0 47 34: 997, 0, 3
0 47 34: 1196, 10, 3
0 47 36: 997, 0, 3
0 47 36: 1125, 10, 0
0 47 37: 1187, 10, 2
0 47 39: 1276, 10, 2
0 47 43: 1187, 10, 2
0 47 48: 1106, 10, 1
0 47 48: 1908, 2, 2
0 47 49: 1836, 5, 2
0 47 49: 1908, 0, 2
0 47 50: 819, 10, 1
0 47 50: 1908, 0, 2
0 47 51: 1106, 10, 1
0 47 51: 1836, 5, 2
0 47 51: 1908, 0, 2
0 47 52: 1908, 2, 1
0 47 54: 320, 22, 2
0 47 55: 319, 22, 2
0 47 56: 320, 22, 3
0 47 56: 997, 0, 1
0 47 56: 1125, 10, 2
0 47 57: 321, 22, 1
0 47 57: 1390, 10, 1
0 47 58: 320, 22, 1
0 47 58: 997, 0, 1
0 47 62: 1246, 22, 0
0 48 0: 1257, 22, 1
0 48 3: 1189, 10, 1
0 48 6: 1247, 22, 1
0 48 6: 1309, 10, 2
0 48 7: 1247, 22, 2
0 48 9: 1257, 22, 2
0 48 10: 1258, 22, 1
0 48 11: 1178, 10, 1
0 48 21: 1251, 22, 0
0 48 22: 1252, 22, 2
0 48 23: 1251, 22, 2
0 48 24: 1251, 22, 3
0 48 25: 1252, 22, 0
0 48 30: 1276, 10, 2
0 48 32: 1257, 22, 1
0 48 33: 1258, 22, 3
0 48 33: 1602, 3, 1
0 48 34: 997, 0, 3
0 48 34: 1390, 10, 1
0 48 36: 997, 0, 3
0 48 36: 1124, 10, 1
0 48 37: 320, 22, 3
0 48 37: 1125, 10, 3
0 48 38: 321, 22, 2
0 48 38: 1125, 10, 3
0 48 39: 320, 22, 2
0 48 39: 1125, 10, 3
0 48 40: 320, 22, 1
0 48 40: 1125, 10, 3
0 48 41: 1125, 10, 3
0 48 42: 1125, 10, 3
0 48 43: 1125, 10, 3
0 48 44: 321, 22, 0
0 48 44: 1125, 10, 3
0 48 45: 1125, 10, 3
0 48 46: 321, 22, 3
0 48 46: 1125, 10, 3
0 48 47: 320, 22, 3
0 48 47: 1125, 10, 3
0 48 48: 320, 22, 0
0 48 48: 1125, 10, 3
0 48 49: 321, 22, 2
0 48 49: 1125, 10, 3
0 48 49: 1828, 4, 0
0 48 50: 320, 22, 2
0 48 50: 1125, 10, 3
0 48 51: 1125, 10, 3
0 48 51: 1828, 4, 0
0 48 52: 1125, 10, 3
0 48 53: 1125, 10, 3
0 48 54: 1125, 10, 3
0 48 55: 320, 22, 1
0 48 55: 1125, 10, 3
0 48 56: 320, 22, 0
0 48 56: 997, 0, 1
0 48 56: 1124, 10, 1
0 48 57: 320, 22, 1
0 48 57: 1196, 10, 3
0 48 58: 320, 22, 2
0 48 58: 997, 0, 1
0 48 59: 1602, 3, 2
0 49 0: 1257, 22, 1
0 49 1: 1257, 22, 0
0 49 4: 1189, 10, 3
0 49 6: 1247, 22, 1
0 49 8: 1246, 22, 1
0 49 9: 1257, 22, 1
0 49 10: 1258, 22, 0
0 49 13: 1178, 10, 0
0 49 14: 1179, 10, 0
0 49 15: 1179, 10, 3
0 49 16: 1178, 10, 3
0 49 20: 1394, 10, 1
0 49 21: 1251, 22, 2
0 49 22: 1252, 22, 1
0 49 23: 1252, 22, 3
0 49 24: 1251, 22, 1
0 49 25: 1252, 22, 3
0 49 26: 1252, 22, 2
0 49 27: 1394, 10, 0
0 49 33: 1257, 22, 3
0 49 34: 997, 9, 2
0 49 35: 1195, 10, 0
0 49 36: 997, 0, 0
0 49 37: 320, 22, 1
0 49 37: 997, 0, 0
0 49 37: 1196, 10, 0
0 49 38: 320, 22, 2
0 49 38: 997, 0, 0
0 49 38: 1390, 10, 2
0 49 39: 320, 22, 0
0 49 39: 997, 0, 0
0 49 40: 319, 22, 1
0 49 40: 997, 0, 0
0 49 40: 1390, 10, 1
0 49 41: 320, 22, 1
0 49 41: 997, 0, 0
0 49 41: 1390, 10, 2
0 49 42: 320, 22, 1
0 49 42: 997, 0, 0
0 49 43: 320, 22, 3
0 49 43: 997, 0, 0
0 49 43: 1196, 10, 2
0 49 44: 997, 0, 0
0 49 44: 1390, 10, 2
0 49 45: 997, 0, 0
0 49 45: 1390, 10, 1
0 49 46: 997, 0, 0
0 49 46: 1390, 10, 2
0 49 47: 997, 0, 0
0 49 48: 320, 22, 1
0 49 48: 997, 0, 0
0 49 49: 997, 0, 0
0 49 49: 1390, 10, 1
0 49 50: 320, 22, 2
0 49 50: 997, 0, 0
0 49 51: 321, 22, 0
0 49 51: 997, 0, 0
0 49 51: 1390, 10, 2
0 49 52: 320, 22, 1
0 49 52: 997, 0, 0
0 49 52: 1196, 10, 1
0 49 53: 320, 22, 0
0 49 53: 997, 0, 0
0 49 53: 1390, 10, 1
0 49 54: 997, 0, 0
0 49 55: 997, 0, 0
0 49 55: 1390, 10, 2
0 49 56: 997, 0, 0
0 49 56: 1390, 10, 2
0 49 57: 320, 22, 3
0 49 58: 997, 9, 1
0 49 62: 1276, 10, 2
0 50 0: 1257, 22, 2
0 50 1: 1257, 22, 2
0 50 2: 1257, 22, 2
0 50 3: 1189, 10, 0
0 50 6: 1246, 22, 0
0 50 7: 1247, 22, 3
0 50 10: 1257, 22, 1
0 50 11: 1257, 22, 0
0 50 13: 447, 10, 1
0 50 22: 1252, 22, 2
0 50 23: 1133, 10, 0
0 50 24: 1252, 22, 0
0 50 25: 1251, 22, 1
0 50 26: 1252, 22, 2
0 50 33: 1257, 22, 0
0 50 34: 1258, 22, 2
0 50 35: 997, 9, 2
0 50 36: 997, 0, 2
0 50 36: 1390, 10, 1
0 50 37: 997, 0, 2
0 50 38: 321, 22, 2
0 50 38: 997, 0, 2
0 50 39: 320, 22, 1
0 50 39: 997, 0, 2
0 50 39: 1390, 10, 1
0 50 40: 320, 22, 0
0 50 40: 997, 0, 2
0 50 40: 1196, 10, 1
0 50 41: 997, 0, 2
0 50 42: 320, 22, 1
0 50 42: 997, 0, 2
0 50 43: 321, 22, 1
0 50 43: 997, 0, 2
0 50 43: 1390, 10, 1
0 50 44: 320, 22, 0
0 50 44: 997, 0, 2
0 50 45: 997, 0, 2
0 50 46: 997, 0, 2
0 50 47: 997, 0, 2
0 50 47: 1196, 10, 3
0 50 48: 997, 0, 2
0 50 48: 1390, 10, 1
0 50 49: 997, 0, 2
0 50 49: 1196, 10, 0
0 50 50: 997, 0, 2
0 50 51: 320, 22, 3
0 50 51: 997, 0, 2
0 50 52: 997, 0, 2
0 50 53: 997, 0, 2
0 50 53: 1195, 10, 2
0 50 54: 997, 0, 2
0 50 54: 1390, 10, 1
0 50 55: 997, 0, 2
0 50 55: 1196, 10, 2
0 50 56: 997, 0, 2
0 50 57: 997, 9, 1
0 50 63: 1246, 22, 3
0 51 0: 1257, 22, 0
0 51 1: 1258, 22, 1
0 51 2: 1257, 22, 3
0 51 11: 1179, 10, 0
0 51 12: 444, 10, 2
0 51 21: 1251, 22, 3
0 51 22: 1251, 22, 3
0 51 23: 1252, 22, 1
0 51 24: 1252, 22, 2
0 51 25: 1252, 22, 0
0 51 31: 1394, 10, 2
0 51 36: 1602, 3, 3
0 51 40: 1602, 3, 3
0 51 44: 1602, 3, 3
0 51 48: 1602, 3, 3
0 51 52: 1602, 3, 3
0 51 56: 1602, 3, 0
0 52 0: 1257, 22, 3
0 52 1: 1257, 22, 2
0 52 2: 1259, 22, 2
0 52 3: 1189, 10, 3
0 52 5: 1189, 10, 2
0 52 9: 1179, 10, 2
0 52 11: 447, 10, 2
0 52 15: 447, 10, 0
0 52 21: 1252, 22, 2
0 52 21: 1394, 10, 2
0 52 23: 1251, 22, 0
0 52 24: 1252, 22, 3
0 52 29: 1394, 10, 1
0 52 32: 1257, 22, 1
0 52 33: 1257, 22, 3
0 52 34: 1257, 22, 2
0 52 35: 1189, 10, 3
0 52 36: 1258, 22, 2
0 52 37: 1257, 22, 0
0 52 39: 1189, 10, 0
0 52 39: 1258, 22, 1
0 52 41: 1257, 22, 1
0 52 42: 1257, 22, 1
0 52 43: 1189, 10, 2
0 52 43: 1257, 22, 0
0 53 0: 1257, 22, 1
0 53 6: 1189, 10, 0
0 53 8: 1179, 10, 3
0 53 10: 445, 10, 0
0 53 13: 445, 10, 1
0 53 16: 1178, 10, 2
0 53 26: 1394, 10, 3
0 53 32: 1394, 10, 3
0 53 34: 1259, 22, 2
0 53 35: 1259, 22, 3
0 53 36: 1259, 22, 0
0 53 37: 1259, 22, 0
0 53 38: 1259, 22, 1
0 53 39: 1258, 22, 1
0 53 40: 1258, 22, 0
0 53 41: 1189, 10, 3
0 53 41: 1257, 22, 1
0 53 43: 1189, 10, 3
0 53 58: 1247, 22, 3
0 53 58: 1276, 10, 3
0 54 1: 1257, 22, 1
0 54 2: 1257, 22, 3
0 54 3: 1189, 10, 2
0 54 4: 1189, 10, 1
0 54 9: 1180, 10, 2
0 54 12: 1180, 10, 0
0 54 13: 1257, 22, 1
0 54 14: 1257, 22, 2
0 54 15: 1180, 10, 1
0 54 15: 1257, 22, 2
0 54 16: 1180, 10, 0
0 54 17: 1252, 22, 1
0 54 17: 1308, 10, 0
0 54 18: 1251, 22, 1
0 54 33: 1258, 22, 0
0 54 34: 1259, 22, 2
0 54 35: 1189, 10, 1
0 54 35: 1259, 22, 0
0 54 36: 1259, 22, 1
0 54 37: 1258, 22, 0
0 54 38: 1189, 10, 0
0 54 38: 1258, 22, 0
0 54 39: 1258, 22, 0
0 54 40: 1257, 22, 3
0 54 41: 1189, 10, 3
0 54 41: 1257, 22, 3
0 54 59: 1246, 22, 0
0 55 0: 1259, 22, 3
0 55 1: 1258, 22, 2
0 55 2: 1257, 22, 3
0 55 3: 1257, 22, 0
0 55 4: 1189, 10, 0
0 55 5: 1189, 10, 0
0 55 6: 1189, 10, 3
0 55 8: 1179, 10, 2
0 55 10: 1179, 10, 2
0 55 12: 1257, 22, 0
0 55 13: 1257, 22, 3
0 55 14: 1257, 22, 1
0 55 15: 1257, 22, 3
0 55 16: 1257, 22, 2
0 55 17: 1252, 22, 1
0 55 18: 1257, 22, 3
0 55 19: 1257, 22, 3
0 55 23: 1252, 22, 2
0 55 23: 1308, 10, 1
0 55 24: 1252, 22, 3
0 55 28: 1252, 22, 2
0 55 28: 1308, 10, 3
0 55 29: 1251, 22, 3
0 55 33: 1258, 22, 1
0 55 38: 1257, 22, 2
0 55 39: 1257, 22, 3
0 55 46: 1252, 22, 2
0 55 46: 1308, 10, 1
0 55 47: 1252, 22, 1
0 55 49: 1251, 22, 3
0 55 49: 1308, 10, 1
0 55 55: 1247, 22, 1
0 55 55: 1281, 10, 2
0 55 57: 1246, 22, 2
0 56 1: 1259, 22, 0
0 56 2: 1258, 22, 0
0 56 3: 1258, 22, 3
0 56 4: 1257, 22, 2
0 56 5: 1257, 22, 0
0 56 11: 1258, 22, 0
0 56 12: 1259, 22, 2
0 56 13: 1258, 22, 3
0 56 14: 1259, 22, 1
0 56 15: 1258, 22, 1
0 56 16: 1257, 22, 2
0 56 17: 1257, 22, 3
0 56 18: 1258, 22, 2
0 56 19: 1258, 22, 1
0 56 21: 1257, 22, 2
0 56 23: 1252, 22, 1
0 56 24: 1251, 22, 1
0 56 29: 1252, 22, 3
0 56 40: 1252, 22, 1
0 56 40: 1308, 10, 1
0 56 41: 1252, 22, 1
0 56 46: 1251, 22, 0
0 56 47: 1252, 22, 2
0 56 49: 1252, 22, 3
0 56 50: 1252, 22, 2
0 56 57: 1247, 22, 0
0 56 58: 1276, 10, 0
0 57 2: 1259, 22, 2
0 57 3: 1257, 22, 1
0 57 4: 1259, 22, 3
0 57 5: 1257, 22, 3
0 57 6: 1258, 22, 0
0 57 8: 1189, 10, 2
0 57 8: 1257, 22, 1
0 57 9: 1257, 22, 1
0 57 10: 1259, 22, 2
0 57 11: 1259, 22, 1
0 57 12: 1259, 22, 2
0 57 13: 1259, 22, 0
0 57 14: 1257, 22, 2
0 57 15: 1259, 22, 2
0 57 16: 1257, 22, 2
0 57 17: 1257, 22, 2
0 57 18: 1259, 22, 2
0 57 19: 1258, 22, 3
0 57 20: 1258, 22, 0
0 57 21: 1257, 22, 2
0 57 22: 1257, 22, 1
0 57 26: 1252, 22, 0
0 57 27: 1252, 22, 1
0 57 40: 1251, 22, 1
0 57 41: 1252, 22, 0
0 57 42: 1178, 10, 3
0 57 48: 1252, 22, 1
0 57 48: 1308, 10, 3
0 57 49: 1252, 22, 0
0 57 52: 1257, 22, 1
0 57 53: 1276, 10, 2
0 57 55: 1246, 22, 3
0 57 57: 1247, 22, 1
0 57 58: 1246, 22, 2
0 58 6: 1257, 22, 1
0 58 7: 1259, 22, 0
0 58 18: 1259, 22, 2
0 58 19: 1259, 22, 0
0 58 20: 1258, 22, 0
0 58 21: 1258, 22, 3
0 58 22: 1257, 22, 1
0 58 23: 1257, 22, 3
0 58 24: 1257, 22, 2
0 58 25: 1257, 22, 1
0 58 26: 1251, 22, 0
0 58 27: 1252, 22, 3
0 58 42: 1258, 22, 0
0 58 43: 1179, 10, 3
0 58 43: 1258, 22, 3
0 58 44: 1179, 10, 0
0 58 44: 1258, 22, 3
0 58 46: 1179, 10, 0
0 58 48: 1252, 22, 3
0 58 49: 1251, 22, 2
0 58 51: 1257, 22, 3
0 58 52: 1258, 22, 2
0 58 53: 1246, 22, 0
0 58 55: 1258, 22, 2
0 58 56: 1276, 10, 1
0 59 20: 1259, 22, 2
0 59 21: 1259, 22, 3
0 59 22: 1259, 22, 2
0 59 23: 1258, 22, 3
0 59 24: 1258, 22, 2
0 59 25: 1178, 10, 1
0 59 25: 1257, 22, 2
0 59 26: 1257, 22, 0
0 59 49: 1257, 22, 1
0 59 50: 1257, 22, 0
0 59 51: 1258, 22, 2
0 59 52: 1258, 22, 3
0 59 53: 1258, 22, 3
0 59 54: 1259, 22, 3
0 59 55: 1259, 22, 0
0 59 57: 1258, 22, 0
0 59 58: 1258, 22, 3
0 60 23: 1257, 22, 2
0 60 24: 1259, 22, 1
0 60 25: 1257, 22, 2
0 60 45: 1257, 22, 2
0 60 47: 1257, 22, 0
0 60 48: 1258, 22, 3
0 60 49: 1258, 22, 0
0 60 50: 1258, 22, 0
0 60 51: 1258, 22, 1
0 60 52: 1259, 22, 2
0 60 53: 1259, 22, 1
0 60 54: 1259, 22, 1
0 60 55: 1259, 22, 0
0 60 56: 1258, 22, 0
0 60 57: 1257, 22, 0
0 60 58: 1257, 22, 1
0 60 59: 1258, 22, 2
0 60 59: 1276, 10, 2
0 60 60: 1258, 22, 1
0 61 47: 1259, 22, 3
0 61 48: 1257, 22, 2
0 61 49: 1259, 22, 3
0 61 50: 1259, 22, 1
0 61 51: 1257, 22, 2
0 61 55: 1259, 22, 0
0 61 56: 1259, 22, 3
0 61 57: 1259, 22, 2
0 61 58: 1258, 22, 3
0 61 59: 1257, 22, 2
0 61 60: 1258, 22, 0
0 61 61: 1258, 22, 0
0 61 62: 1258, 22, 3
0 62 57: 1259, 22, 1
0 62 58: 1259, 22, 0
0 62 59: 1259, 22, 3
0 62 60: 1258, 22, 1
0 62 61: 1257, 22, 3
0 62 62: 1258, 22, 2
0 63 59: 1259, 22, 2
0 63 61: 1257, 22, 0
1 33 47: 1790, 19, 1
1 33 48: 1790, 18, 2
1 33 49: 1790, 18, 2
1 33 50: 1790, 18, 2
1 33 51: 1790, 18, 2
1 33 52: 1790, 18, 2
1 33 53: 1790, 19, 2
1 34 36: 1790, 19, 1
1 34 37: 1790, 18, 2
1 34 38: 1790, 18, 2
1 34 39: 1790, 18, 2
1 34 40: 1790, 18, 2
1 34 41: 1790, 18, 2
1 34 42: 1790, 18, 2
1 34 43: 1790, 19, 2
1 34 44: 1790, 19, 1
1 34 45: 1790, 18, 2
1 34 46: 1790, 18, 2
1 34 47: 1790, 20, 1
1 34 48: 1642, 16, 1
1 34 49: 1924, 12, 2
1 34 50: 1924, 12, 2
1 34 51: 1924, 12, 2
1 34 52: 1642, 16, 2
1 34 53: 1790, 18, 3
1 35 36: 1790, 18, 1
1 35 37: 1924, 16, 1
1 35 38: 1828, 4, 2
1 35 38: 1924, 12, 2
1 35 39: 1924, 12, 2
1 35 40: 1924, 12, 2
1 35 41: 1828, 4, 2
1 35 41: 1924, 12, 2
1 35 42: 1924, 16, 2
1 35 43: 1790, 18, 3
1 35 44: 1790, 18, 1
1 35 45: 1924, 16, 1
1 35 46: 1924, 12, 2
1 35 47: 1924, 12, 2
1 35 48: 1828, 4, 2
1 35 48: 1924, 15, 1
1 35 49: 1924, 17, 0
1 35 50: 1924, 17, 0
1 35 51: 1924, 17, 0
1 35 52: 1828, 4, 2
1 35 52: 1924, 12, 3
1 35 53: 1790, 18, 3
1 36 36: 843, 4, 1
1 36 37: 1908, 2, 3
1 36 38: 1828, 5, 0
1 36 38: 1908, 0, 0
1 36 39: 1908, 0, 0
1 36 40: 1908, 0, 0
1 36 41: 1828, 5, 0
1 36 41: 1908, 0, 0
1 36 42: 1908, 2, 0
1 36 44: 1790, 18, 1
1 36 45: 1924, 12, 1
1 36 46: 843, 5, 3
1 36 46: 1908, 2, 3
1 36 47: 1908, 0, 0
1 36 48: 1836, 5, 0
1 36 48: 1908, 0, 0
1 36 49: 843, 5, 0
1 36 49: 1908, 0, 0
1 36 50: 819, 10, 3
1 36 50: 1908, 0, 0
1 36 51: 843, 5, 0
1 36 51: 1908, 0, 0
1 36 52: 1836, 5, 0
1 36 52: 1908, 0, 0
1 36 53: 1908, 0, 0
1 36 54: 819, 10, 0
1 36 54: 1908, 2, 0
1 37 36: 1828, 4, 1
1 37 37: 1828, 5, 3
1 37 37: 1908, 0, 3
1 37 42: 1828, 5, 1
1 37 42: 1908, 0, 1
1 37 43: 1828, 4, 3
1 37 44: 1790, 18, 1
1 37 45: 1828, 4, 1
1 37 45: 1924, 12, 1
1 37 46: 1836, 5, 3
1 37 46: 1908, 0, 3
1 37 47: 1747, 10, 2
1 37 48: 928, 22, 3
1 37 49: 929, 22, 3
1 37 50: 929, 22, 3
1 37 51: 929, 22, 3
1 37 52: 928, 22, 0
1 37 54: 1836, 5, 1
1 37 54: 1908, 0, 1
1 37 55: 1828, 4, 3
1 38 36: 843, 4, 1
1 38 37: 1908, 2, 2
1 38 38: 1828, 5, 2
1 38 38: 1908, 0, 2
1 38 39: 1908, 0, 2
1 38 40: 1908, 0, 2
1 38 41: 1828, 5, 2
1 38 41: 1908, 0, 2
1 38 42: 1908, 2, 1
1 38 44: 1790, 18, 1
1 38 45: 1924, 12, 1
1 38 46: 843, 5, 3
1 38 46: 1908, 0, 3
1 38 48: 929, 22, 2
1 38 49: 930, 22, 0
1 38 49: 2940, 10, 1
1 38 50: 930, 22, 0
1 38 51: 930, 22, 0
1 38 52: 929, 22, 0
1 38 54: 843, 5, 1
1 38 54: 1908, 0, 1
1 39 38: 1828, 4, 0
1 39 41: 1828, 4, 0
1 39 44: 1790, 18, 1
1 39 45: 843, 4, 1
1 39 45: 1924, 16, 0
1 39 46: 1908, 0, 3
1 39 48: 929, 22, 2
1 39 49: 930, 22, 0
1 39 50: 930, 22, 0
1 39 51: 930, 22, 0
1 39 52: 929, 22, 0
1 39 54: 819, 10, 0
1 39 54: 1908, 0, 1
1 39 55: 843, 4, 3
1 40 44: 1790, 19, 0
1 40 45: 1790, 18, 0
1 40 46: 819, 10, 2
1 40 46: 1908, 0, 3
1 40 48: 929, 22, 2
1 40 49: 930, 22, 0
1 40 50: 930, 22, 0
1 40 51: 930, 22, 0
1 40 52: 929, 22, 0
1 40 54: 839, 10, 1
1 40 54: 1908, 0, 1
1 41 46: 819, 10, 2
1 41 46: 1908, 0, 3
1 41 48: 929, 22, 2
1 41 49: 930, 22, 0
1 41 50: 930, 22, 0
1 41 51: 930, 22, 0
1 41 52: 929, 22, 0
1 41 54: 1908, 0, 1
1 42 45: 843, 4, 1
1 42 46: 1908, 0, 3
1 42 48: 928, 22, 2
1 42 49: 929, 22, 1
1 42 50: 929, 22, 1
1 42 51: 929, 22, 1
1 42 52: 928, 22, 1
1 42 54: 819, 10, 0
1 42 54: 1908, 0, 1
1 42 55: 843, 4, 3
1 43 46: 843, 5, 3
1 43 46: 1908, 0, 3
1 43 48: 994, 3, 1
1 43 49: 994, 0, 2
1 43 50: 994, 0, 2
1 43 51: 994, 0, 2
1 43 54: 843, 5, 1
1 43 54: 1908, 0, 1
1 44 45: 1828, 4, 1
1 44 46: 1836, 5, 3
1 44 46: 1908, 0, 3
1 44 47: 1747, 10, 2
1 44 48: 994, 0, 1
1 44 50: 1726, 10, 0
1 44 54: 1836, 5, 1
1 44 54: 1908, 0, 1
1 44 55: 1828, 4, 3
1 45 46: 843, 5, 3
1 45 46: 1908, 2, 2
1 45 47: 1908, 0, 2
1 45 48: 1836, 5, 2
1 45 48: 1908, 0, 2
1 45 49: 1908, 0, 2
1 45 50: 1908, 0, 2
1 45 51: 1908, 0, 2
1 45 52: 1836, 5, 2
1 45 52: 1908, 0, 2
1 45 53: 1908, 0, 2
1 45 54: 819, 10, 0
1 45 54: 1908, 2, 1
1 46 47: 1790, 18, 1
1 46 48: 1828, 4, 0
1 46 48: 1924, 12, 1
1 46 49: 1924, 17, 0
1 46 50: 1924, 17, 0
1 46 51: 1924, 17, 0
1 46 52: 1828, 4, 0
1 46 52: 1924, 12, 3
1 46 53: 1790, 18, 3
1 47 47: 1790, 18, 1
1 47 48: 1642, 16, 0
1 47 49: 1924, 12, 0
1 47 50: 1924, 12, 0
1 47 51: 1924, 12, 0
1 47 52: 1642, 16, 3
1 47 53: 1790, 18, 3
1 48 47: 1790, 19, 0
1 48 48: 1790, 18, 0
1 48 49: 1790, 18, 0
1 48 50: 1790, 18, 0
1 48 51: 1790, 18, 0
1 48 52: 1790, 18, 0
1 48 53: 1790, 19, 3
1 50 23: 1134, 10, 0
2 35 36: 1790, 19, 1
2 35 37: 1790, 18, 2
2 35 38: 1790, 18, 2
2 35 39: 1790, 18, 2
2 35 40: 1790, 18, 2
2 35 41: 1790, 18, 2
2 35 42: 1790, 18, 2
2 35 43: 1790, 19, 2
2 35 48: 1828, 4, 2
2 35 52: 1828, 4, 2
2 36 36: 1790, 18, 1
2 36 37: 1924, 16, 1
2 36 38: 1924, 12, 2
2 36 39: 1924, 12, 2
2 36 40: 1924, 12, 2
2 36 41: 1924, 12, 2
2 36 42: 1924, 16, 2
2 36 43: 1790, 18, 3
2 36 46: 196, 5, 3
2 36 46: 1902, 2, 3
2 36 47: 1248, 22, 2
2 36 47: 1902, 0, 0
2 36 48: 1836, 5, 0
2 36 48: 1902, 0, 0
2 36 49: 196, 5, 0
2 36 49: 1247, 22, 3
2 36 49: 1902, 0, 0
2 36 50: 819, 10, 3
2 36 50: 1902, 0, 0
2 36 51: 827, 22, 1
2 36 51: 1902, 0, 0
2 36 52: 819, 10, 3
2 36 52: 1836, 5, 0
2 36 52: 1902, 0, 0
2 36 53: 196, 5, 0
2 36 53: 1102, 10, 0
2 36 53: 1902, 0, 0
2 36 54: 604, 10, 1
2 36 54: 1902, 2, 0
2 37 36: 1790, 18, 1
2 37 37: 1924, 12, 1
2 37 38: 1924, 17, 2
2 37 39: 1924, 17, 2
2 37 40: 1924, 17, 2
2 37 41: 1924, 17, 2
2 37 42: 1924, 12, 3
2 37 43: 1790, 18, 3
2 37 45: 1828, 4, 1
2 37 46: 1836, 5, 3
2 37 46: 1902, 0, 3
2 37 47: 1746, 10, 2
2 37 50: 1248, 22, 3
2 37 52: 1248, 22, 2
2 37 54: 1102, 10, 3
2 37 54: 1248, 22, 1
2 37 54: 1836, 5, 1
2 37 54: 1902, 0, 1
2 37 55: 1828, 4, 3
2 38 36: 1790, 18, 1
2 38 37: 1924, 16, 0
2 38 38: 1927, 12, 0
2 38 39: 1924, 12, 0
2 38 40: 1924, 12, 0
2 38 41: 1927, 12, 0
2 38 42: 1924, 16, 3
2 38 43: 1790, 18, 3
2 38 46: 196, 5, 3
2 38 46: 1902, 2, 2
2 38 47: 1902, 0, 2
2 38 48: 1248, 22, 0
2 38 48: 1902, 0, 2
2 38 49: 196, 5, 2
2 38 49: 1902, 0, 2
2 38 50: 819, 10, 1
2 38 50: 1902, 0, 2
2 38 51: 350, 10, 2
2 38 51: 1902, 0, 2
2 38 52: 819, 10, 1
2 38 52: 1902, 0, 2
2 38 53: 196, 5, 2
2 38 53: 1902, 0, 2
2 38 54: 1902, 2, 1
2 39 36: 1790, 19, 0
2 39 37: 1790, 18, 0
2 39 38: 1790, 18, 0
2 39 39: 1790, 18, 0
2 39 40: 1790, 18, 0
2 39 41: 1790, 18, 0
2 39 42: 1790, 18, 0
2 39 43: 1790, 19, 3
2 39 46: 1924, 12, 2
2 39 47: 1924, 12, 2
2 39 48: 1927, 12, 2
2 39 49: 1924, 12, 2
2 39 50: 1924, 12, 2
2 39 51: 1924, 12, 2
2 39 52: 1924, 12, 2
2 39 53: 1927, 12, 2
2 39 54: 1924, 12, 2
2 40 46: 1924, 17, 0
2 40 47: 1924, 17, 0
2 40 48: 1924, 17, 0
2 40 49: 1924, 17, 0
2 40 50: 1924, 17, 0
2 40 51: 1924, 17, 0
2 40 52: 1924, 17, 0
2 40 53: 1924, 17, 0
2 40 54: 1924, 17, 0
2 41 46: 1924, 17, 0
2 41 47: 1924, 17, 0
2 41 48: 1924, 17, 0
2 41 49: 1924, 17, 0
2 41 50: 1924, 17, 0
2 41 51: 1924, 17, 0
2 41 52: 1924, 17, 0
2 41 53: 1924, 17, 0
2 41 54: 1924, 17, 0
2 42 46: 1924, 12, 0
2 42 47: 1924, 12, 0
2 42 48: 1924, 12, 0
2 42 49: 1924, 12, 0
2 42 50: 1924, 12, 0
2 42 51: 1924, 12, 0
2 42 52: 1924, 12, 0
2 42 53: 1924, 12, 0
2 42 54: 1924, 12, 0
2 43 46: 196, 5, 3
2 43 46: 1902, 2, 3
2 43 47: 1247, 22, 0
2 43 47: 1902, 0, 0
2 43 48: 928, 22, 3
2 43 48: 1902, 0, 0
2 43 49: 196, 5, 0
2 43 49: 929, 22, 3
2 43 49: 1902, 0, 0
2 43 50: 819, 10, 3
2 43 50: 929, 22, 3
2 43 50: 1902, 0, 0
2 43 51: 350, 10, 0
2 43 51: 929, 22, 3
2 43 51: 1902, 0, 0
2 43 52: 819, 10, 3
2 43 52: 929, 22, 3
2 43 52: 1902, 0, 0
2 43 53: 196, 5, 0
2 43 53: 928, 22, 0
2 43 53: 1902, 0, 0
2 43 54: 375, 10, 2
2 43 54: 1902, 2, 0
2 44 45: 1828, 4, 1
2 44 46: 1836, 5, 3
2 44 46: 1902, 0, 3
2 44 47: 1746, 10, 2
2 44 48: 929, 22, 2
2 44 49: 930, 22, 0
2 44 50: 930, 22, 0
2 44 51: 930, 22, 0
2 44 52: 930, 22, 0
2 44 53: 929, 22, 0
2 44 54: 375, 10, 2
2 44 54: 1836, 5, 1
2 44 54: 1902, 0, 1
2 44 55: 1828, 4, 3
2 45 46: 196, 5, 3
2 45 46: 1248, 22, 1
2 45 46: 1902, 2, 2
2 45 47: 1902, 0, 2
2 45 48: 928, 22, 2
2 45 48: 1836, 5, 2
2 45 48: 1902, 0, 2
2 45 49: 196, 5, 2
2 45 49: 929, 22, 1
2 45 49: 1902, 0, 2
2 45 50: 819, 10, 1
2 45 50: 929, 22, 1
2 45 50: 1902, 0, 2
2 45 51: 350, 10, 2
2 45 51: 929, 22, 1
2 45 51: 1902, 0, 2
2 45 52: 819, 10, 1
2 45 52: 929, 22, 1
2 45 52: 1836, 5, 2
2 45 52: 1902, 0, 2
2 45 53: 196, 5, 2
2 45 53: 928, 22, 1
2 45 53: 1902, 0, 2
2 45 54: 375, 10, 2
2 45 54: 1902, 2, 1
2 46 48: 1828, 4, 0
2 46 52: 1828, 4, 0
2 49 23: 1138, 10, 0
2 50 22: 1143, 10, 2
2 50 23: 1135, 10, 0
2 50 24: 1143, 10, 0
2 51 23: 1137, 10, 0
3 36 46: 1913, 2, 3
3 36 47: 1913, 0, 0
3 36 48: 1913, 0, 0
3 36 49: 1913, 0, 0
3 36 50: 1913, 0, 0
3 36 51: 1913, 0, 0
3 36 52: 1913, 0, 0
3 36 53: 1913, 0, 0
3 36 54: 1913, 2, 0
3 37 46: 1913, 0, 3
3 37 49: 821, 10, 1
3 37 51: 821, 10, 1
3 37 54: 1913, 0, 1
3 38 46: 1913, 2, 2
3 38 47: 1913, 0, 2
3 38 48: 822, 10, 2
3 38 48: 1913, 0, 2
3 38 49: 1913, 0, 2
3 38 50: 822, 10, 2
3 38 50: 1913, 0, 2
3 38 51: 1913, 0, 2
3 38 52: 822, 10, 2
3 38 52: 1913, 0, 2
3 38 53: 1913, 0, 2
3 38 54: 1913, 2, 1
3 43 46: 1913, 2, 3
3 43 47: 1913, 0, 0
3 43 48: 822, 10, 2
3 43 48: 1913, 0, 0
3 43 49: 821, 10, 3
3 43 49: 1913, 0, 0
3 43 50: 822, 10, 2
3 43 50: 1913, 0, 0
3 43 51: 821, 10, 3
3 43 51: 1913, 0, 0
3 43 52: 822, 10, 2
3 43 52: 1913, 0, 0
3 43 53: 1913, 0, 0
3 43 54: 1913, 2, 0
3 44 46: 1913, 0, 3
3 44 54: 1913, 0, 1
3 45 46: 1913, 2, 2
3 45 47: 1913, 0, 2
3 45 48: 1913, 0, 2
3 45 49: 1913, 0, 2
3 45 50: 1913, 0, 2
3 45 51: 1913, 0, 2
3 45 52: 1913, 0, 2
3 45 53: 1913, 0, 2
3 45 54: 1913, 2, 1
3 46 19: 1129, 10, 1
3 46 23: 1128, 10, 1
3 46 24: 1129, 10, 2
3 50 19: 1128, 10, 0
3 50 23: 1127, 10, 0
3 50 24: 1128, 10, 2
3 51 19: 1129, 10, 0
3 51 23: 1128, 10, 3
3 51 24: 1129, 10, 3
