0 4 6: 1303, 10, 2
0 4 8: 1390, 10, 3
0 4 9: 1304, 10, 0
0 4 11: 1304, 10, 1
0 5 10: 1251, 22, 3
0 5 10: 1304, 10, 1
0 5 12: 1184, 10, 1
0 5 12: 1251, 22, 2
0 5 13: 1390, 10, 0
0 5 16: 1304, 10, 3
0 6 3: 1251, 22, 3
0 6 3: 1304, 10, 2
0 6 7: 1390, 10, 1
0 6 8: 1390, 10, 0
0 6 9: 1184, 10, 3
0 6 12: 1390, 10, 1
0 6 14: 1304, 10, 2
0 7 2: 1304, 10, 3
0 7 3: 729, 22, 3
0 7 4: 729, 22, 3
0 7 5: 729, 22, 1
0 7 7: 1390, 10, 2
0 7 8: 1390, 10, 0
0 7 9: 1390, 10, 3
0 7 10: 1251, 22, 1
0 7 11: 1184, 10, 2
0 7 13: 1390, 10, 0
0 7 14: 1251, 22, 1
0 8 3: 729, 22, 2
0 8 4: 730, 22, 1
0 8 10: 1303, 10, 1
0 8 11: 1303, 10, 3
0 9 6: 729, 22, 0
0 9 10: 1123, 10, 0
0 9 11: 1251, 22, 1
0 9 14: 1123, 10, 3
0 10 2: 1303, 10, 1
0 10 7: 729, 22, 2
0 11 2: 1251, 22, 2
0 11 6: 729, 22, 1
0 11 7: 729, 22, 3
0 12 3: 1123, 10, 0
0 12 8: 1123, 10, 1
0 15 5: 729, 22, 2
0 15 5: 2323, 10, 3
0 15 6: 729, 22, 3
0 16 5: 729, 22, 0
0 17 3: 2327, 10, 3
0 17 9: 2322, 10, 1
0 19 10: 2327, 10, 1
0 22 11: 1304, 10, 3
0 23 9: 1390, 10, 2
0 23 10: 1390, 10, 3
0 23 12: 1251, 22, 0
0 23 12: 1304, 10, 3
0 24 9: 1304, 10, 0
0 24 10: 1252, 22, 2
0 24 10: 1390, 10, 1
0 24 11: 1259, 22, 1
0 24 12: 1259, 22, 0
0 24 12: 1304, 10, 3
0 24 13: 1184, 10, 0
0 24 13: 1259, 22, 3
0 24 14: 1390, 10, 3
0 24 15: 1184, 10, 3
0 25 0: 1258, 22, 3
0 25 7: 1184, 10, 1
0 25 7: 1259, 22, 0
0 25 8: 1259, 22, 2
0 25 8: 1390, 10, 1
0 25 9: 1251, 22, 2
0 25 10: 1390, 10, 0
0 25 11: 1371, 10, 2
0 25 12: 1259, 22, 2
0 25 13: 1251, 22, 0
0 25 14: 1184, 10, 3
0 25 15: 1390, 10, 3
0 25 16: 1184, 10, 1
0 26 0: 1258, 22, 3
0 26 1: 1258, 22, 0
0 26 2: 1258, 22, 1
0 26 5: 1257, 22, 0
0 26 7: 1258, 22, 1
0 26 8: 1259, 22, 0
0 26 9: 1252, 22, 3
0 26 9: 1390, 10, 0
0 26 10: 1259, 22, 3
0 26 10: 1390, 10, 3
0 26 11: 1259, 22, 0
0 26 12: 1184, 10, 2
0 26 12: 1252, 22, 0
0 26 13: 1184, 10, 3
0 26 14: 1390, 10, 2
0 26 15: 1390, 10, 1
0 26 16: 1304, 10, 3
0 27 0: 1258, 22, 0
0 27 1: 1371, 10, 0
0 27 2: 1258, 22, 1
0 27 5: 1257, 22, 1
0 27 6: 1257, 22, 1
0 27 7: 1258, 22, 2
0 27 8: 1184, 10, 2
0 27 8: 1258, 22, 2
0 27 9: 1259, 22, 2
0 27 10: 1259, 22, 3
0 27 10: 1390, 10, 3
0 27 11: 1259, 22, 2
0 27 11: 1390, 10, 2
0 27 12: 1251, 22, 1
0 27 12: 1390, 10, 1
0 27 13: 1390, 10, 2
0 27 14: 1252, 22, 1
0 27 15: 1304, 10, 3
0 27 16: 1252, 22, 3
0 27 17: 1251, 22, 0
0 28 0: 1259, 22, 1
0 28 1: 1258, 22, 2
0 28 2: 1258, 22, 2
0 28 6: 1257, 22, 1
0 28 7: 1257, 22, 2
0 28 8: 1258, 22, 3
0 28 9: 1258, 22, 2
0 28 10: 1259, 22, 3
0 28 11: 1259, 22, 0
0 28 12: 1259, 22, 0
0 28 13: 1184, 10, 0
0 28 13: 1251, 22, 1
0 28 14: 1252, 22, 2
0 28 14: 1390, 10, 0
0 28 15: 1251, 22, 1
0 28 16: 1304, 10, 0
0 28 20: 2327, 10, 1
0 29 0: 1259, 22, 1
0 29 0: 1390, 10, 1
0 29 1: 1259, 22, 0
0 29 2: 1258, 22, 1
0 29 2: 1390, 10, 1
0 29 6: 1390, 10, 1
0 29 7: 1257, 22, 2
0 29 8: 1257, 22, 3
0 29 8: 1390, 10, 2
0 29 9: 1257, 22, 1
0 29 10: 1258, 22, 1
0 29 11: 1259, 22, 2
0 29 12: 1259, 22, 2
0 29 13: 1259, 22, 0
0 29 14: 1252, 22, 1
0 29 14: 1390, 10, 3
0 29 15: 1390, 10, 2
0 29 16: 1184, 10, 2
0 29 16: 1252, 22, 0
0 29 17: 1184, 10, 1
0 29 18: 1390, 10, 1
0 29 19: 1304, 10, 2
0 30 0: 1259, 22, 1
0 30 1: 1259, 22, 2
0 30 2: 1259, 22, 0
0 30 3: 1258, 22, 0
0 30 4: 1371, 10, 1
0 30 7: 1390, 10, 1
0 30 8: 1184, 10, 2
0 30 8: 1251, 22, 2
0 30 9: 1390, 10, 1
0 30 10: 1251, 22, 2
0 30 10: 1390, 10, 3
0 30 11: 1390, 10, 2
0 30 12: 1258, 22, 3
0 30 13: 1258, 22, 3
0 30 14: 1390, 10, 0
0 30 16: 1184, 10, 3
0 30 17: 1390, 10, 0
0 30 18: 1184, 10, 0
0 30 18: 1252, 22, 1
0 30 19: 1252, 22, 2
0 30 21: 1184, 10, 3
0 31 0: 1390, 10, 2
0 31 1: 1371, 10, 2
0 31 2: 1258, 22, 3
0 31 3: 1258, 22, 0
0 31 5: 1184, 10, 1
0 31 6: 1390, 10, 2
0 31 7: 1251, 22, 1
0 31 7: 1390, 10, 3
0 31 8: 1304, 10, 3
0 31 10: 1184, 10, 3
0 31 12: 1257, 22, 2
0 31 13: 1257, 22, 2
0 31 16: 1371, 10, 3
0 31 17: 1390, 10, 3
0 31 18: 1304, 10, 1
0 31 20: 1252, 22, 2
0 31 20: 1304, 10, 1
0 32 0: 1184, 10, 2
0 32 0: 1257, 22, 2
0 32 1: 1390, 10, 3
0 32 2: 1390, 10, 3
0 32 3: 1184, 10, 0
0 32 4: 1184, 10, 0
0 32 6: 1184, 10, 3
0 32 7: 1304, 10, 0
0 32 8: 1304, 10, 0
0 32 9: 1251, 22, 1
0 32 10: 1304, 10, 1
0 32 11: 1252, 22, 2
0 32 17: 1252, 22, 0
0 32 17: 1390, 10, 2
0 33 0: 1257, 22, 3
0 33 0: 1390, 10, 0
0 33 1: 1184, 10, 3
0 33 1: 1257, 22, 0
0 33 2: 1257, 22, 0
0 33 2: 1390, 10, 0
0 33 5: 1304, 10, 2
0 33 6: 1251, 22, 3
0 33 7: 1251, 22, 0
0 33 7: 1304, 10, 0
0 33 9: 1184, 10, 2
0 33 11: 1184, 10, 1
0 33 20: 1184, 10, 1
0 33 22: 1184, 10, 0
0 34 0: 1258, 22, 3
0 34 0: 1304, 10, 3
0 34 1: 1258, 22, 1
0 34 2: 1257, 22, 1
0 34 4: 1251, 22, 0
0 34 4: 1390, 10, 1
0 34 8: 1251, 22, 3
0 34 9: 1304, 10, 2
0 34 10: 1252, 22, 3
0 34 11: 1184, 10, 0
0 34 18: 1390, 10, 1
0 34 23: 1184, 10, 3
0 34 24: 1304, 10, 0
0 34 25: 1252, 22, 1
0 34 26: 1304, 10, 1
0 35 0: 1258, 22, 2
0 35 1: 1184, 10, 0
0 35 2: 1371, 10, 3
0 35 3: 1257, 22, 1
0 35 4: 1184, 10, 3
0 35 4: 1251, 22, 1
0 35 5: 1390, 10, 0
0 35 6: 1184, 10, 2
0 35 6: 1251, 22, 0
0 35 7: 1390, 10, 3
0 35 8: 1184, 10, 1
0 35 9: 1252, 22, 1
0 35 13: 1251, 22, 2
0 35 13: 1304, 10, 3
0 35 16: 1390, 10, 3
0 35 17: 1304, 10, 0
0 35 18: 1252, 22, 0
0 35 18: 1390, 10, 0
0 35 19: 1252, 22, 3
0 35 26: 1252, 22, 0
0 36 0: 1184, 10, 1
0 36 1: 1258, 22, 1
0 36 1: 1390, 10, 1
0 36 2: 1258, 22, 2
0 36 3: 1258, 22, 0
0 36 6: 1184, 10, 2
0 36 8: 1390, 10, 3
0 36 10: 1314, 10, 0
0 36 14: 1251, 22, 1
0 36 17: 1252, 22, 0
0 36 18: 1390, 10, 3
0 36 19: 1390, 10, 2
0 36 20: 1390, 10, 2
0 36 24: 1371, 10, 2
0 36 25: 1184, 10, 1
0 37 0: 1259, 22, 3
0 37 0: 1390, 10, 0
0 37 1: 1259, 22, 3
0 37 1: 1390, 10, 2
0 37 2: 1259, 22, 0
0 37 3: 1258, 22, 0
0 37 5: 1390, 10, 2
0 37 17: 1390, 10, 0
0 37 18: 1304, 10, 3
0 37 19: 1304, 10, 2
0 37 20: 1252, 22, 2
0 37 20: 1390, 10, 1
0 37 24: 1252, 22, 3
0 37 24: 1304, 10, 3
0 37 25: 1184, 10, 2
0 37 26: 1252, 22, 2
0 37 26: 1390, 10, 3
0 37 27: 1252, 22, 2
0 38 0: 1259, 22, 1
0 38 1: 1259, 22, 1
0 38 2: 1259, 22, 1
0 38 3: 1258, 22, 2
0 38 4: 1390, 10, 3
0 38 20: 1390, 10, 0
0 38 21: 1371, 10, 1
0 38 23: 1252, 22, 2
0 38 24: 1184, 10, 3
0 38 25: 1304, 10, 3
0 38 26: 1251, 22, 2
0 38 26: 1304, 10, 1
0 38 27: 1184, 10, 3
0 38 27: 1252, 22, 1
0 39 0: 1259, 22, 2
0 39 0: 1390, 10, 2
0 39 3: 1184, 10, 0
0 39 18: 1252, 22, 1
0 39 19: 1304, 10, 2
0 39 20: 1252, 22, 0
0 39 23: 1184, 10, 0
0 39 24: 1252, 22, 3
0 39 24: 1390, 10, 1
0 39 25: 1252, 22, 0
0 39 26: 1251, 22, 3
0 39 26: 1304, 10, 3
0 40 0: 1390, 10, 0
0 40 1: 1184, 10, 2
0 40 2: 1304, 10, 1
0 40 3: 1184, 10, 0
0 40 14: 1314, 10, 1
0 40 25: 1390, 10, 1
0 40 27: 1390, 10, 3
0 40 28: 1251, 22, 0
0 41 0: 1184, 10, 1
0 41 1: 1304, 10, 0
0 41 3: 1184, 10, 0
0 41 22: 1372, 10, 0
0 41 26: 1184, 10, 1
0 41 27: 1390, 10, 1
0 41 28: 1251, 22, 1
0 41 30: 1314, 10, 2
0 42 0: 1390, 10, 3
0 42 1: 1251, 22, 2
0 42 2: 1184, 10, 3
0 42 3: 1251, 22, 3
0 42 3: 1390, 10, 0
0 42 27: 1390, 10, 2
0 42 30: 1252, 22, 3
0 43 0: 1304, 10, 2
0 43 1: 1184, 10, 0
0 43 1: 1259, 22, 3
0 43 2: 1390, 10, 2
0 43 3: 1304, 10, 2
0 43 24: 2099, 10, 2
0 43 25: 2098, 10, 2
0 43 26: 2098, 10, 2
0 43 28: 1184, 10, 0
0 43 31: 1252, 22, 1
0 44 0: 1259, 22, 1
0 44 1: 1259, 22, 2
0 44 2: 1390, 10, 1
0 44 3: 1251, 22, 1
0 44 3: 1304, 10, 2
0 44 7: 1314, 10, 3
0 44 23: 2099, 10, 2
0 44 26: 1258, 22, 2
0 44 27: 1258, 22, 2
0 44 27: 2099, 10, 2
0 44 29: 1251, 22, 0
0 45 0: 1184, 10, 2
0 45 1: 1251, 22, 0
0 45 2: 1390, 10, 1
0 45 23: 2099, 10, 2
0 45 27: 1258, 22, 0
0 45 27: 2099, 10, 2
0 45 28: 1258, 22, 2
0 45 29: 1371, 10, 0
0 45 36: 1314, 10, 2
0 46 0: 1390, 10, 1
0 46 2: 1251, 22, 3
0 46 23: 2098, 10, 2
0 46 27: 2098, 10, 2
0 46 28: 1258, 22, 1
0 46 29: 1184, 10, 2
0 46 29: 1258, 22, 2
0 46 30: 1184, 10, 0
0 46 33: 1304, 10, 1
0 46 39: 1314, 10, 2
0 47 0: 1259, 22, 1
0 47 1: 1259, 22, 1
0 47 3: 1259, 22, 1
0 47 24: 2098, 10, 2
0 47 28: 1184, 10, 3
0 47 28: 1259, 22, 0
0 47 29: 1259, 22, 3
0 47 30: 1251, 22, 1
0 47 30: 1390, 10, 0
0 47 31: 1304, 10, 3
0 47 32: 1184, 10, 2
0 47 32: 1252, 22, 2
0 47 33: 1184, 10, 2
0 47 33: 1251, 22, 3
0 47 34: 1184, 10, 3
0 47 35: 1184, 10, 3
0 47 35: 1252, 22, 2
0 48 0: 1390, 10, 0
0 48 1: 1259, 22, 3
0 48 2: 1259, 22, 0
0 48 3: 1371, 10, 2
0 48 18: 1304, 10, 1
0 48 29: 1251, 22, 0
0 48 29: 1390, 10, 3
0 48 30: 1390, 10, 1
0 48 31: 1390, 10, 2
0 48 32: 1390, 10, 2
0 48 33: 1304, 10, 0
0 48 34: 1390, 10, 0
0 48 35: 1304, 10, 3
0 48 36: 1304, 10, 0
0 48 37: 1184, 10, 0
0 48 38: 1184, 10, 2
0 49 0: 1390, 10, 3
0 49 26: 1371, 10, 2
0 49 29: 1259, 22, 1
0 49 30: 1304, 10, 1
0 49 31: 1184, 10, 3
0 49 31: 1252, 22, 3
0 49 32: 1390, 10, 3
0 49 33: 1390, 10, 3
0 49 34: 1252, 22, 1
0 49 34: 1390, 10, 1
0 49 35: 1304, 10, 1
0 49 36: 1252, 22, 3
0 49 37: 1184, 10, 3
0 49 38: 1252, 22, 0
0 49 38: 1390, 10, 1
0 49 39: 1304, 10, 0
0 50 19: 1304, 10, 0
0 50 20: 1252, 22, 3
0 50 25: 1184, 10, 2
0 50 30: 1184, 10, 1
0 50 30: 1259, 22, 0
0 50 31: 1184, 10, 1
0 50 31: 1259, 22, 3
0 50 32: 1390, 10, 1
0 50 33: 1390, 10, 0
0 50 34: 1304, 10, 2
0 50 35: 1184, 10, 2
0 50 36: 1184, 10, 2
0 50 37: 1304, 10, 3
0 50 39: 1390, 10, 0
0 50 40: 1304, 10, 1
0 51 15: 1314, 10, 1
0 51 22: 1371, 10, 3
0 51 24: 1184, 10, 2
0 51 25: 1390, 10, 3
0 51 26: 1371, 10, 3
0 51 28: 1184, 10, 3
0 51 31: 1259, 22, 0
0 51 32: 1303, 10, 3
0 51 34: 1390, 10, 1
0 51 35: 1252, 22, 0
0 51 36: 1390, 10, 2
0 51 38: 1304, 10, 2
0 51 39: 1304, 10, 2
0 51 40: 1390, 10, 2
0 51 41: 1390, 10, 1
0 51 42: 1251, 22, 1
0 52 0: 1371, 10, 3
0 52 18: 1304, 10, 0
0 52 20: 1251, 22, 3
0 52 20: 1304, 10, 1
0 52 21: 1252, 22, 2
0 52 24: 1390, 10, 0
0 52 25: 1390, 10, 1
0 52 26: 1390, 10, 0
0 52 27: 1390, 10, 2
0 52 29: 1390, 10, 2
0 52 32: 1184, 10, 1
0 52 33: 1184, 10, 2
0 52 33: 1251, 22, 1
0 52 34: 1773, 10, 3
0 52 35: 1390, 10, 3
0 52 36: 1184, 10, 1
0 52 37: 1773, 10, 1
0 52 38: 1184, 10, 3
0 52 38: 1252, 22, 2
0 52 39: 1184, 10, 2
0 52 39: 1252, 22, 1
0 52 40: 1184, 10, 1
0 52 41: 1184, 10, 3
0 53 19: 1251, 22, 3
0 53 19: 1304, 10, 2
0 53 20: 1252, 22, 1
0 53 25: 1184, 10, 1
0 53 26: 1184, 10, 0
0 53 27: 1390, 10, 3
0 53 28: 1371, 10, 0
0 53 29: 1390, 10, 3
0 53 30: 1184, 10, 1
0 53 30: 1252, 22, 1
0 53 31: 1251, 22, 1
0 53 31: 1390, 10, 1
0 53 35: 1390, 10, 0
0 53 37: 1390, 10, 2
0 53 38: 1390, 10, 2
0 53 39: 1304, 10, 0
0 53 40: 1184, 10, 0
0 53 41: 1251, 22, 0
0 53 41: 1390, 10, 2
0 53 42: 1184, 10, 3
0 53 43: 1303, 10, 3
0 54 1: 1257, 22, 2
0 54 2: 1258, 22, 0
0 54 3: 1258, 22, 2
0 54 20: 1251, 22, 2
0 54 20: 1304, 10, 3
0 54 22: 1251, 22, 1
0 54 22: 1304, 10, 3
0 54 25: 1371, 10, 0
0 54 26: 1390, 10, 2
0 54 27: 1184, 10, 1
0 54 27: 1251, 22, 2
0 54 28: 1184, 10, 2
0 54 29: 1184, 10, 3
0 54 30: 1251, 22, 3
0 54 30: 1303, 10, 2
0 54 31: 1251, 22, 3
0 54 32: 1390, 10, 0
0 54 35: 1390, 10, 1
0 54 39: 1390, 10, 0
0 54 40: 1184, 10, 0
0 54 41: 1304, 10, 3
0 54 42: 1184, 10, 3
0 54 42: 1251, 22, 3
0 55 1: 1257, 22, 3
0 55 2: 1257, 22, 3
0 55 3: 1258, 22, 2
0 55 4: 1371, 10, 0
0 55 22: 1252, 22, 1
0 55 28: 1184, 10, 0
0 55 28: 1251, 22, 0
0 55 29: 1390, 10, 0
0 55 31: 1184, 10, 0
0 55 32: 1303, 10, 0
0 55 33: 1184, 10, 0
0 55 34: 1773, 10, 3
0 55 37: 1773, 10, 1
0 55 40: 1184, 10, 1
0 55 40: 1252, 22, 2
0 55 41: 1184, 10, 1
0 55 41: 1252, 22, 2
0 55 42: 1251, 22, 3
0 55 43: 1314, 10, 3
0 56 1: 1257, 22, 1
0 56 2: 1257, 22, 0
0 56 3: 1257, 22, 0
0 56 4: 1257, 22, 0
0 56 5: 1257, 22, 1
0 56 28: 1184, 10, 3
0 56 29: 1184, 10, 3
0 56 29: 1252, 22, 0
0 56 30: 1390, 10, 1
0 56 31: 1184, 10, 0
0 56 31: 1251, 22, 1
0 56 32: 1184, 10, 1
0 56 32: 1252, 22, 3
0 56 38: 1304, 10, 3
0 56 39: 1304, 10, 1
0 56 43: 1252, 22, 3
0 57 1: 1371, 10, 2
0 57 2: 1257, 22, 1
0 57 3: 1258, 22, 3
0 57 4: 1257, 22, 3
0 57 5: 1259, 22, 1
0 57 30: 1371, 10, 0
0 57 32: 1390, 10, 3
0 57 33: 1252, 22, 2
0 57 35: 1303, 10, 2
0 57 36: 1184, 10, 0
0 57 38: 1251, 22, 2
0 57 40: 1390, 10, 2
0 57 41: 1304, 10, 1
0 57 42: 1252, 22, 0
0 58 2: 1257, 22, 2
0 58 3: 1257, 22, 2
0 58 4: 1257, 22, 0
0 58 5: 1257, 22, 0
0 58 36: 1184, 10, 2
0 58 37: 1304, 10, 3
0 58 38: 1304, 10, 0
0 58 39: 1304, 10, 3
0 58 40: 1252, 22, 1
0 58 40: 1390, 10, 0
0 58 41: 1252, 22, 2
0 58 43: 1314, 10, 3
0 59 4: 1371, 10, 0
0 59 5: 1257, 22, 1
0 59 38: 1390, 10, 2
0 59 40: 1390, 10, 1
0 61 0: 1371, 10, 3
1 25 11: 1372, 10, 2
1 27 1: 1372, 10, 0
1 30 4: 1372, 10, 1
1 31 1: 1372, 10, 2
1 31 16: 1372, 10, 3
1 35 2: 1372, 10, 3
1 36 24: 1372, 10, 2
1 38 21: 1372, 10, 1
1 41 22: 1372, 10, 0
1 45 29: 1372, 10, 0
1 48 3: 1372, 10, 2
1 49 26: 1372, 10, 2
1 51 22: 1372, 10, 3
1 51 26: 1372, 10, 3
1 52 0: 1372, 10, 3
1 52 34: 1774, 10, 3
1 52 35: 1775, 10, 1
1 52 36: 1775, 10, 1
1 52 37: 1774, 10, 1
1 53 28: 1372, 10, 0
1 54 25: 1372, 10, 0
1 55 4: 1372, 10, 0
1 55 34: 1774, 10, 3
1 55 35: 1775, 10, 3
1 55 36: 1775, 10, 3
1 55 37: 1774, 10, 1
1 57 1: 1372, 10, 2
1 57 30: 1372, 10, 0
1 59 4: 1372, 10, 0
1 61 0: 1372, 10, 3
2 25 11: 1373, 10, 2
2 26 0: 1374, 10, 0
2 29 0: 1374, 10, 2
2 29 2: 1374, 10, 1
2 30 4: 1373, 10, 1
2 31 16: 1373, 10, 3
2 35 2: 1373, 10, 3
2 36 24: 1373, 10, 2
2 37 19: 1374, 10, 1
2 41 22: 1373, 10, 0
2 44 28: 1374, 10, 0
2 48 3: 1373, 10, 2
2 49 26: 1373, 10, 2
2 50 21: 1374, 10, 3
2 50 25: 1374, 10, 3
2 51 34: 1983, 0, 2
2 51 35: 1983, 0, 2
2 51 36: 1983, 0, 2
2 51 37: 1983, 0, 2
2 52 0: 1373, 10, 3
2 52 27: 1374, 10, 0
2 52 33: 1983, 0, 1
2 52 34: 1870, 10, 0
2 52 37: 1870, 10, 0
2 52 38: 1983, 0, 3
2 53 33: 1983, 0, 1
2 53 38: 1983, 0, 3
2 54 25: 1373, 10, 0
2 54 33: 1983, 0, 1
2 54 38: 1983, 0, 3
2 55 0: 1374, 10, 2
2 55 4: 1373, 10, 0
2 55 33: 1983, 0, 1
2 55 34: 1870, 10, 0
2 55 37: 1870, 10, 0
2 55 38: 1983, 0, 3
2 56 34: 1983, 0, 0
2 56 35: 1983, 0, 0
2 56 36: 1983, 0, 0
2 56 37: 1983, 0, 0
2 57 30: 1373, 10, 0
2 58 3: 1374, 10, 0
2 61 0: 1373, 10, 3
3 23 10: 1374, 10, 2
3 30 15: 1374, 10, 3
3 34 1: 1374, 10, 3
3 34 23: 1374, 10, 2
3 40 21: 1374, 10, 0
3 46 2: 1374, 10, 2
3 47 25: 1374, 10, 2
3 51 33: 1793, 21, 1
3 51 34: 1793, 18, 2
3 51 35: 1793, 18, 2
3 51 36: 1793, 18, 2
3 51 37: 1793, 18, 2
3 51 38: 1793, 21, 2
3 52 33: 1793, 18, 1
3 52 34: 1933, 16, 1
3 52 35: 1933, 12, 2
3 52 36: 1933, 12, 2
3 52 37: 1933, 16, 2
3 52 38: 1793, 18, 3
3 53 24: 1374, 10, 0
3 53 33: 1793, 18, 1
3 53 34: 1933, 12, 1
3 53 35: 1933, 17, 3
3 53 36: 1933, 17, 3
3 53 37: 1933, 12, 3
3 53 38: 1793, 18, 3
3 54 3: 1374, 10, 0
3 54 33: 1793, 18, 1
3 54 34: 1933, 12, 1
3 54 35: 1933, 17, 3
3 54 36: 1933, 17, 3
3 54 37: 1933, 12, 3
3 54 38: 1793, 18, 3
3 55 33: 1793, 18, 1
3 55 34: 1933, 16, 0
3 55 35: 1933, 12, 0
3 55 36: 1933, 12, 0
3 55 37: 1933, 16, 3
3 55 38: 1793, 18, 3
3 56 29: 1374, 10, 0
3 56 33: 1793, 21, 0
3 56 34: 1793, 18, 0
3 56 35: 1793, 18, 0
3 56 36: 1793, 18, 0
3 56 37: 1793, 18, 0
3 56 38: 1793, 21, 3
