0 0 2: 1441, 10, 3
0 0 3: 1441, 10, 3
0 0 4: 1441, 10, 2
0 0 5: 1441, 10, 2
0 0 6: 1441, 10, 2
0 0 7: 1440, 1, 0
0 0 8: 1440, 9, 0
0 0 19: 1440, 9, 2
0 0 20: 1440, 0, 2
0 0 21: 1440, 0, 2
0 0 22: 1440, 0, 2
0 0 23: 1440, 0, 2
0 0 24: 1440, 1, 2
0 0 25: 1441, 10, 2
0 0 26: 1441, 10, 2
0 0 27: 1441, 10, 2
0 0 28: 1441, 10, 2
0 0 29: 1441, 10, 2
0 0 30: 1441, 10, 2
0 0 31: 1441, 10, 2
0 0 32: 1441, 10, 2
0 0 33: 1441, 10, 2
0 0 34: 1441, 10, 2
0 0 35: 1441, 10, 2
0 0 36: 1441, 10, 2
0 0 37: 1441, 10, 2
0 0 38: 1441, 10, 2
0 0 39: 1441, 10, 2
0 0 40: 1441, 10, 2
0 0 41: 1441, 10, 2
0 0 42: 1441, 10, 2
0 0 43: 1441, 10, 2
0 0 44: 1441, 10, 2
0 0 45: 1441, 10, 2
0 0 46: 1441, 10, 2
0 0 47: 1441, 10, 2
0 0 48: 1441, 10, 2
0 0 49: 1441, 10, 2
0 0 50: 1441, 10, 2
0 0 51: 1441, 10, 2
0 0 52: 1441, 10, 1
0 0 53: 1441, 10, 1
0 0 54: 1441, 10, 1
0 0 55: 1441, 10, 1
0 0 56: 1441, 10, 1
0 0 57: 1441, 10, 1
0 0 58: 1441, 10, 1
0 0 59: 1441, 10, 1
0 0 60: 1441, 10, 1
0 0 61: 1441, 10, 1
0 0 62: 1441, 10, 1
0 0 63: 1441, 10, 1
0 1 2: 1441, 10, 3
0 1 3: 1441, 10, 3
0 1 4: 1441, 10, 3
0 1 5: 1441, 10, 2
0 1 6: 1441, 10, 2
0 1 7: 1441, 10, 2
0 1 8: 1440, 1, 0
0 1 9: 1440, 0, 0
0 1 10: 1440, 0, 0
0 1 11: 1440, 9, 0
0 1 15: 559, 22, 2
0 1 16: 559, 22, 3
0 1 21: 198, 4, 0
0 1 22: 554, 10, 0
0 1 23: 555, 10, 3
0 1 24: 1440, 9, 2
0 1 25: 1440, 1, 2
0 1 26: 1441, 10, 2
0 1 27: 1441, 10, 2
0 1 28: 1441, 10, 2
0 1 29: 1441, 10, 2
0 1 30: 1441, 10, 2
0 1 31: 1441, 10, 2
0 1 32: 1441, 10, 2
0 1 33: 1441, 10, 2
0 1 34: 1441, 10, 2
0 1 35: 1441, 10, 2
0 1 36: 1441, 10, 2
0 1 37: 1441, 10, 2
0 1 38: 1441, 10, 2
0 1 39: 1441, 10, 2
0 1 40: 1441, 10, 2
0 1 41: 1441, 10, 2
0 1 42: 1441, 10, 2
0 1 43: 1441, 10, 2
0 1 44: 1441, 10, 2
0 1 45: 1441, 10, 2
0 1 46: 1441, 10, 2
0 1 47: 1441, 10, 2
0 1 48: 1441, 10, 2
0 1 49: 1441, 10, 2
0 1 50: 1441, 10, 2
0 1 51: 1441, 10, 2
0 1 52: 1441, 10, 2
0 1 53: 1441, 10, 1
0 1 54: 1441, 10, 1
0 1 55: 1441, 10, 1
0 1 56: 1441, 10, 1
0 1 57: 1441, 10, 1
0 1 58: 1441, 10, 1
0 1 59: 1441, 10, 1
0 1 60: 1441, 10, 1
0 1 61: 1441, 10, 1
0 1 62: 1441, 10, 1
0 1 63: 1441, 10, 1
0 2 2: 1441, 10, 3
0 2 3: 1441, 10, 3
0 2 4: 1441, 10, 3
0 2 5: 1441, 10, 3
0 2 6: 1441, 10, 2
0 2 7: 1441, 10, 2
0 2 8: 1441, 10, 2
0 2 9: 1441, 10, 2
0 2 10: 1441, 10, 2
0 2 11: 1440, 1, 0
0 2 12: 1440, 9, 0
0 2 14: 1247, 22, 3
0 2 15: 559, 22, 2
0 2 18: 560, 22, 0
0 2 19: 559, 22, 3
0 2 22: 555, 10, 0
0 2 25: 1440, 9, 2
0 2 26: 1440, 1, 2
0 2 27: 1441, 10, 2
0 2 28: 1441, 10, 2
0 2 29: 1441, 10, 2
0 2 30: 1441, 10, 2
0 2 31: 1441, 10, 2
0 2 32: 1441, 10, 2
0 2 33: 1441, 10, 2
0 2 34: 1441, 10, 2
0 2 35: 1441, 10, 2
0 2 36: 1441, 10, 2
0 2 37: 1441, 10, 2
0 2 38: 1441, 10, 1
0 2 39: 1441, 10, 1
0 2 40: 1441, 10, 2
0 2 41: 1441, 10, 2
0 2 42: 1441, 10, 2
0 2 43: 1441, 10, 2
0 2 44: 1441, 10, 2
0 2 45: 1441, 10, 2
0 2 46: 1441, 10, 2
0 2 47: 1441, 10, 2
0 2 48: 1441, 10, 2
0 2 49: 1441, 10, 2
0 2 50: 1441, 10, 2
0 2 51: 1441, 10, 2
0 2 52: 1441, 10, 2
0 2 53: 1441, 10, 1
0 2 54: 1441, 10, 1
0 2 55: 1441, 10, 1
0 2 56: 1441, 10, 1
0 2 57: 1441, 10, 1
0 2 58: 1441, 10, 1
0 2 59: 1441, 10, 1
0 2 60: 1441, 10, 1
0 2 61: 1441, 10, 1
0 2 62: 1441, 10, 1
0 2 63: 1441, 10, 1
0 3 2: 1441, 10, 3
0 3 3: 1441, 10, 3
0 3 4: 1441, 10, 3
0 3 5: 1441, 10, 3
0 3 6: 1441, 10, 3
0 3 7: 1441, 10, 2
0 3 8: 1441, 10, 2
0 3 9: 1441, 10, 2
0 3 10: 1441, 10, 2
0 3 11: 1441, 10, 2
0 3 12: 1440, 1, 0
0 3 13: 1440, 9, 0
0 3 15: 1446, 4, 2
0 3 16: 1444, 4, 2
0 3 17: 559, 22, 0
0 3 18: 559, 22, 1
0 3 19: 560, 22, 3
0 3 20: 559, 22, 3
0 3 24: 1247, 22, 2
0 3 26: 1440, 9, 2
0 3 27: 1440, 1, 2
0 3 28: 1441, 10, 2
0 3 29: 1441, 10, 2
0 3 30: 1441, 10, 2
0 3 31: 1441, 10, 2
0 3 32: 1441, 10, 2
0 3 33: 1440, 1, 1
0 3 34: 1440, 0, 2
0 3 35: 1440, 0, 2
0 3 36: 1440, 0, 2
0 3 37: 1440, 0, 2
0 3 38: 1440, 0, 2
0 3 39: 1440, 1, 2
0 3 40: 1441, 10, 2
0 3 41: 1441, 10, 2
0 3 42: 1441, 10, 2
0 3 43: 1440, 1, 1
0 3 44: 1440, 0, 2
0 3 45: 1440, 0, 2
0 3 46: 1440, 1, 2
0 3 47: 1441, 10, 2
0 3 48: 1441, 10, 2
0 3 49: 1441, 10, 2
0 3 50: 1441, 10, 2
0 3 51: 1441, 10, 2
0 3 52: 1441, 10, 2
0 3 53: 1441, 10, 2
0 3 54: 1441, 10, 2
0 3 55: 1441, 10, 1
0 3 56: 1441, 10, 1
0 3 57: 1441, 10, 1
0 3 58: 1441, 10, 1
0 3 59: 1441, 10, 1
0 3 60: 1441, 10, 1
0 3 61: 1441, 10, 1
0 3 62: 1441, 10, 1
0 3 63: 1441, 10, 1
0 4 2: 1441, 10, 3
0 4 3: 1441, 10, 3
0 4 4: 1441, 10, 3
0 4 5: 1441, 10, 3
0 4 6: 1441, 10, 3
0 4 7: 1441, 10, 3
0 4 8: 1441, 10, 2
0 4 9: 1441, 10, 2
0 4 10: 1441, 10, 2
0 4 11: 1441, 10, 2
0 4 12: 1441, 10, 2
0 4 13: 1440, 1, 0
0 4 14: 1440, 0, 0
0 4 15: 1440, 0, 0
0 4 16: 1440, 0, 0
0 4 17: 1440, 9, 0
0 4 18: 559, 22, 1
0 4 18: 1445, 4, 2
0 4 19: 559, 22, 2
0 4 19: 1446, 4, 2
0 4 27: 1440, 0, 3
0 4 28: 1441, 10, 2
0 4 29: 1441, 10, 2
0 4 30: 1440, 1, 1
0 4 31: 1440, 0, 2
0 4 32: 1440, 0, 2
0 4 33: 1440, 9, 1
0 4 35: 198, 4, 0
0 4 37: 555, 10, 3
0 4 37: 1247, 22, 1
0 4 38: 554, 10, 2
0 4 39: 1440, 9, 2
0 4 40: 1440, 1, 2
0 4 41: 1441, 10, 2
0 4 42: 1440, 1, 1
0 4 43: 1440, 9, 1
0 4 44: 554, 10, 2
0 4 45: 555, 10, 0
0 4 46: 1440, 9, 2
0 4 47: 1440, 0, 2
0 4 48: 1440, 0, 2
0 4 49: 1440, 1, 2
0 4 50: 1441, 10, 2
0 4 51: 1441, 10, 2
0 4 52: 1441, 10, 2
0 4 53: 1441, 10, 2
0 4 54: 1441, 10, 2
0 4 55: 1441, 10, 2
0 4 56: 1441, 10, 2
0 4 57: 1441, 10, 1
0 4 58: 1441, 10, 1
0 4 59: 1441, 10, 1
0 4 60: 1441, 10, 1
0 4 61: 1441, 10, 1
0 4 62: 1441, 10, 1
0 4 63: 1441, 10, 1
0 5 2: 1441, 10, 3
0 5 3: 1441, 10, 3
0 5 4: 1441, 10, 3
0 5 5: 1441, 10, 3
0 5 6: 1441, 10, 3
0 5 7: 1441, 10, 3
0 5 8: 1441, 10, 3
0 5 9: 1441, 10, 2
0 5 10: 1441, 10, 2
0 5 11: 1441, 10, 2
0 5 12: 1441, 10, 2
0 5 13: 1441, 10, 2
0 5 14: 1441, 10, 2
0 5 15: 1441, 10, 2
0 5 16: 1441, 10, 2
0 5 17: 1440, 1, 0
0 5 18: 1440, 0, 0
0 5 19: 1440, 0, 0
0 5 20: 1440, 0, 0
0 5 21: 1440, 0, 0
0 5 22: 1440, 9, 0
0 5 27: 1440, 9, 2
0 5 28: 1440, 0, 2
0 5 29: 1440, 0, 2
0 5 30: 1440, 9, 1
0 5 38: 555, 10, 1
0 5 39: 555, 10, 1
0 5 40: 1440, 9, 2
0 5 41: 1440, 0, 2
0 5 42: 1440, 9, 1
0 5 45: 509, 10, 1
0 5 47: 507, 10, 1
0 5 49: 1440, 9, 2
0 5 50: 1440, 1, 2
0 5 51: 1441, 10, 2
0 5 52: 1441, 10, 2
0 5 53: 1441, 10, 2
0 5 54: 1441, 10, 2
0 5 55: 1441, 10, 2
0 5 56: 1441, 10, 2
0 5 57: 1441, 10, 1
0 5 58: 1441, 10, 1
0 5 59: 1441, 10, 1
0 5 60: 1441, 10, 1
0 5 61: 1441, 10, 1
0 5 62: 1441, 10, 1
0 5 63: 1441, 10, 1
0 6 3: 1441, 10, 3
0 6 4: 1441, 10, 3
0 6 5: 1441, 10, 3
0 6 6: 1441, 10, 3
0 6 7: 1441, 10, 3
0 6 8: 1441, 10, 3
0 6 9: 1441, 10, 3
0 6 10: 1441, 10, 2
0 6 11: 1441, 10, 2
0 6 12: 1441, 10, 2
0 6 13: 1441, 10, 2
0 6 14: 1441, 10, 2
0 6 15: 1441, 10, 2
0 6 16: 1441, 10, 2
0 6 17: 1441, 10, 2
0 6 18: 1441, 10, 2
0 6 19: 1441, 10, 2
0 6 20: 1441, 10, 2
0 6 21: 1441, 10, 2
0 6 22: 1440, 1, 0
0 6 23: 1440, 9, 0
0 6 35: 559, 22, 3
0 6 36: 559, 22, 0
0 6 37: 559, 22, 2
0 6 50: 1440, 9, 2
0 6 51: 1440, 1, 2
0 6 52: 1441, 10, 2
0 6 53: 1441, 10, 2
0 6 54: 1441, 10, 2
0 6 55: 1441, 10, 2
0 6 56: 1441, 10, 2
0 6 57: 1441, 10, 2
0 6 58: 1441, 10, 1
0 6 59: 1441, 10, 1
0 6 60: 1441, 10, 1
0 6 61: 1441, 10, 1
0 6 62: 1441, 10, 1
0 6 63: 1441, 10, 1
0 7 3: 1441, 10, 3
0 7 4: 1441, 10, 3
0 7 5: 1441, 10, 3
0 7 6: 1441, 10, 3
0 7 7: 1441, 10, 3
0 7 8: 1441, 10, 3
0 7 9: 1441, 10, 3
0 7 10: 1441, 10, 3
0 7 11: 1441, 10, 2
0 7 12: 1441, 10, 2
0 7 13: 1441, 10, 2
0 7 14: 1441, 10, 2
0 7 15: 1441, 10, 2
0 7 16: 1441, 10, 2
0 7 17: 1441, 10, 2
0 7 18: 1441, 10, 2
0 7 19: 1441, 10, 2
0 7 20: 1441, 10, 2
0 7 21: 1441, 10, 2
0 7 22: 1441, 10, 2
0 7 23: 1440, 1, 0
0 7 24: 1440, 9, 0
0 7 35: 559, 22, 2
0 7 36: 560, 22, 2
0 7 37: 1248, 22, 0
0 7 50: 198, 4, 1
0 7 51: 1440, 0, 3
0 7 52: 1441, 10, 2
0 7 53: 1441, 10, 2
0 7 54: 1441, 10, 2
0 7 55: 1441, 10, 2
0 7 56: 1441, 10, 2
0 7 57: 1441, 10, 2
0 7 58: 1441, 10, 1
0 7 59: 1441, 10, 1
0 7 60: 1441, 10, 1
0 7 61: 1441, 10, 1
0 7 62: 1441, 10, 1
0 7 63: 1441, 10, 1
0 8 4: 1441, 10, 3
0 8 5: 1441, 10, 3
0 8 6: 1441, 10, 3
0 8 7: 1441, 10, 3
0 8 8: 1441, 10, 3
0 8 9: 1441, 10, 3
0 8 10: 1441, 10, 3
0 8 11: 1441, 10, 3
0 8 12: 1441, 10, 0
0 8 13: 1441, 10, 2
0 8 14: 1441, 10, 2
0 8 15: 1441, 10, 2
0 8 16: 1441, 10, 2
0 8 17: 1441, 10, 2
0 8 18: 1441, 10, 2
0 8 19: 1441, 10, 2
0 8 20: 1441, 10, 2
0 8 21: 1441, 10, 2
0 8 22: 1441, 10, 2
0 8 23: 1441, 10, 2
0 8 24: 1440, 1, 0
0 8 25: 1440, 9, 0
0 8 36: 559, 22, 1
0 8 46: 1248, 22, 3
0 8 50: 1446, 4, 1
0 8 51: 1440, 0, 3
0 8 52: 1441, 10, 2
0 8 53: 1441, 10, 2
0 8 54: 1441, 10, 2
0 8 55: 1441, 10, 2
0 8 56: 1441, 10, 2
0 8 57: 1441, 10, 2
0 8 58: 1441, 10, 2
0 8 59: 1441, 10, 1
0 8 60: 1441, 10, 1
0 8 61: 1441, 10, 1
0 8 62: 1441, 10, 1
0 8 63: 1441, 10, 1
0 9 6: 1441, 10, 3
0 9 7: 1441, 10, 3
0 9 8: 1441, 10, 3
0 9 9: 1441, 10, 3
0 9 10: 1441, 10, 3
0 9 11: 1441, 10, 3
0 9 12: 1441, 10, 3
0 9 13: 1441, 10, 0
0 9 14: 1441, 10, 0
0 9 15: 1441, 10, 0
0 9 16: 1441, 10, 0
0 9 17: 1441, 10, 2
0 9 18: 1441, 10, 2
0 9 19: 1441, 10, 2
0 9 20: 1441, 10, 2
0 9 21: 1441, 10, 2
0 9 22: 1441, 10, 2
0 9 23: 1441, 10, 2
0 9 24: 1441, 10, 2
0 9 25: 1440, 1, 0
0 9 26: 1440, 0, 0
0 9 27: 1440, 9, 0
0 9 28: 198, 4, 2
0 9 29: 1446, 4, 2
0 9 32: 555, 10, 3
0 9 34: 1440, 9, 3
0 9 34: 1445, 7, 3
0 9 35: 1440, 0, 0
0 9 36: 1440, 0, 0
0 9 37: 1440, 9, 0
0 9 41: 198, 4, 2
0 9 50: 1447, 4, 1
0 9 51: 1440, 0, 3
0 9 52: 1441, 10, 2
0 9 53: 1441, 10, 2
0 9 54: 1441, 10, 2
0 9 55: 1441, 10, 2
0 9 56: 1441, 10, 2
0 9 57: 1441, 10, 2
0 9 58: 1441, 10, 2
0 9 59: 1441, 10, 1
0 9 60: 1441, 10, 1
0 9 61: 1441, 10, 1
0 9 62: 1441, 10, 1
0 9 63: 1441, 10, 1
0 10 6: 1441, 10, 3
0 10 7: 1441, 10, 3
0 10 8: 1441, 10, 3
0 10 9: 1441, 10, 3
0 10 10: 1441, 10, 3
0 10 11: 1441, 10, 3
0 10 12: 1441, 10, 3
0 10 13: 1441, 10, 0
0 10 14: 1441, 10, 0
0 10 15: 1441, 10, 0
0 10 16: 1441, 10, 0
0 10 17: 1441, 10, 0
0 10 18: 1441, 10, 2
0 10 19: 1441, 10, 2
0 10 20: 1441, 10, 2
0 10 21: 1441, 10, 2
0 10 22: 1441, 10, 2
0 10 23: 1441, 10, 2
0 10 24: 1441, 10, 2
0 10 25: 1441, 10, 2
0 10 26: 1441, 10, 2
0 10 27: 1440, 1, 0
0 10 28: 1440, 0, 0
0 10 29: 1440, 0, 0
0 10 30: 1440, 9, 0
0 10 31: 555, 10, 1
0 10 33: 1440, 9, 3
0 10 33: 1446, 7, 3
0 10 34: 1440, 1, 3
0 10 35: 1441, 10, 2
0 10 36: 1441, 10, 2
0 10 37: 1440, 1, 0
0 10 38: 1440, 9, 0
0 10 40: 1440, 9, 3
0 10 41: 1440, 0, 0
0 10 42: 1440, 9, 0
0 10 43: 555, 10, 0
0 10 51: 1440, 9, 2
0 10 52: 1440, 1, 2
0 10 53: 1441, 10, 2
0 10 54: 1441, 10, 2
0 10 55: 1441, 10, 2
0 10 56: 1441, 10, 2
0 10 57: 1441, 10, 2
0 10 58: 1441, 10, 2
0 10 59: 1441, 10, 1
0 10 60: 1441, 10, 1
0 10 61: 1441, 10, 1
0 10 62: 1441, 10, 1
0 10 63: 1441, 10, 1
0 11 7: 1441, 10, 3
0 11 8: 1441, 10, 3
0 11 9: 1441, 10, 3
0 11 10: 1441, 10, 3
0 11 11: 1441, 10, 3
0 11 12: 1441, 10, 1
0 11 13: 1441, 10, 0
0 11 14: 1441, 10, 0
0 11 15: 1441, 10, 0
0 11 16: 1441, 10, 0
0 11 17: 1441, 10, 0
0 11 18: 1441, 10, 0
0 11 19: 1441, 10, 2
0 11 20: 1441, 10, 2
0 11 21: 1441, 10, 2
0 11 22: 1441, 10, 2
0 11 23: 1441, 10, 2
0 11 24: 1441, 10, 2
0 11 25: 1441, 10, 2
0 11 26: 1441, 10, 2
0 11 27: 1441, 10, 2
0 11 28: 1441, 10, 2
0 11 29: 1441, 10, 2
0 11 30: 1440, 1, 0
0 11 31: 1440, 0, 0
0 11 32: 1440, 0, 0
0 11 33: 1440, 1, 3
0 11 34: 1441, 10, 2
0 11 35: 1441, 10, 2
0 11 36: 1441, 10, 2
0 11 37: 1441, 10, 2
0 11 38: 1440, 1, 0
0 11 39: 1440, 0, 0
0 11 40: 1440, 1, 3
0 11 41: 1441, 10, 2
0 11 42: 1440, 1, 0
0 11 43: 1440, 9, 0
0 11 48: 559, 22, 1
0 11 52: 1440, 9, 2
0 11 53: 1440, 1, 2
0 11 54: 1441, 10, 2
0 11 55: 1441, 10, 2
0 11 56: 1441, 10, 2
0 11 57: 1441, 10, 2
0 11 58: 1441, 10, 2
0 11 59: 1441, 10, 1
0 11 60: 1441, 10, 1
0 11 61: 1441, 10, 1
0 11 62: 1441, 10, 1
0 11 63: 1441, 10, 1
0 12 7: 1441, 10, 3
0 12 8: 1441, 10, 3
0 12 9: 1441, 10, 3
0 12 10: 1441, 10, 3
0 12 11: 1441, 10, 3
0 12 12: 1441, 10, 3
0 12 13: 1441, 10, 0
0 12 14: 1441, 10, 0
0 12 15: 1441, 10, 0
0 12 16: 1441, 10, 0
0 12 17: 1441, 10, 0
0 12 18: 1441, 10, 0
0 12 19: 1441, 10, 0
0 12 20: 1441, 10, 0
0 12 21: 1441, 10, 2
0 12 22: 1441, 10, 2
0 12 23: 1441, 10, 2
0 12 24: 1441, 10, 2
0 12 25: 1441, 10, 2
0 12 26: 1441, 10, 2
0 12 27: 1441, 10, 2
0 12 28: 1441, 10, 2
0 12 29: 1441, 10, 2
0 12 30: 1441, 10, 2
0 12 31: 1441, 10, 2
0 12 32: 1441, 10, 2
0 12 33: 1441, 10, 2
0 12 34: 1441, 10, 2
0 12 35: 1441, 10, 2
0 12 36: 1441, 10, 2
0 12 37: 1441, 10, 2
0 12 38: 1441, 10, 2
0 12 39: 1441, 10, 2
0 12 40: 1441, 10, 2
0 12 41: 1441, 10, 2
0 12 42: 1441, 10, 2
0 12 43: 1440, 0, 1
0 12 44: 554, 10, 3
0 12 45: 555, 10, 2
0 12 46: 559, 22, 0
0 12 47: 559, 22, 2
0 12 48: 560, 22, 0
0 12 49: 559, 22, 0
0 12 51: 509, 10, 1
0 12 52: 1445, 4, 1
0 12 53: 1440, 0, 3
0 12 54: 1441, 10, 2
0 12 55: 1441, 10, 2
0 12 56: 1441, 10, 2
0 12 57: 1441, 10, 2
0 12 58: 1441, 10, 2
0 12 59: 1441, 10, 1
0 12 60: 1441, 10, 1
0 12 61: 1441, 10, 1
0 12 62: 1441, 10, 1
0 12 63: 1441, 10, 1
0 13 7: 1441, 10, 3
0 13 8: 1441, 10, 3
0 13 9: 1441, 10, 3
0 13 10: 1441, 10, 3
0 13 11: 1441, 10, 3
0 13 12: 1441, 10, 3
0 13 13: 1441, 10, 0
0 13 14: 1441, 10, 0
0 13 15: 1441, 10, 0
0 13 16: 1441, 10, 0
0 13 17: 1441, 10, 0
0 13 18: 1441, 10, 0
0 13 19: 1441, 10, 0
0 13 20: 1441, 10, 0
0 13 21: 1441, 10, 0
0 13 22: 1441, 10, 2
0 13 23: 1441, 10, 2
0 13 24: 1441, 10, 2
0 13 25: 1441, 10, 2
0 13 26: 1441, 10, 2
0 13 27: 1441, 10, 2
0 13 28: 1441, 10, 2
0 13 29: 1441, 10, 2
0 13 30: 1441, 10, 2
0 13 31: 1441, 10, 2
0 13 32: 1441, 10, 2
0 13 33: 1441, 10, 2
0 13 34: 1441, 10, 2
0 13 35: 1441, 10, 2
0 13 36: 1441, 10, 2
0 13 37: 1441, 10, 2
0 13 38: 1441, 10, 2
0 13 39: 1441, 10, 2
0 13 40: 1441, 10, 2
0 13 41: 1441, 10, 2
0 13 42: 1441, 10, 2
0 13 43: 1440, 0, 1
0 13 44: 555, 10, 3
0 13 46: 559, 22, 3
0 13 47: 560, 22, 0
0 13 48: 559, 22, 0
0 13 52: 1446, 4, 1
0 13 53: 1440, 0, 3
0 13 54: 1441, 10, 2
0 13 55: 1441, 10, 2
0 13 56: 1441, 10, 2
0 13 57: 1441, 10, 2
0 13 58: 1441, 10, 2
0 13 59: 1441, 10, 1
0 13 60: 1441, 10, 1
0 13 61: 1441, 10, 1
0 13 62: 1441, 10, 1
0 13 63: 1441, 10, 1
0 14 7: 1441, 10, 3
0 14 8: 1441, 10, 3
0 14 9: 1441, 10, 3
0 14 10: 1441, 10, 3
0 14 11: 1441, 10, 0
0 14 12: 1441, 10, 0
0 14 13: 1441, 10, 0
0 14 14: 1441, 10, 0
0 14 15: 1441, 10, 0
0 14 16: 1441, 10, 0
0 14 17: 1441, 10, 0
0 14 18: 1441, 10, 0
0 14 19: 1441, 10, 0
0 14 20: 1441, 10, 0
0 14 21: 1441, 10, 0
0 14 22: 1441, 10, 0
0 14 23: 1441, 10, 0
0 14 24: 1441, 10, 0
0 14 25: 1441, 10, 0
0 14 26: 1441, 10, 0
0 14 27: 1441, 10, 0
0 14 28: 1441, 10, 0
0 14 29: 1441, 10, 0
0 14 30: 1441, 10, 0
0 14 31: 1441, 10, 0
0 14 32: 1441, 10, 0
0 14 33: 1441, 10, 2
0 14 34: 1441, 10, 2
0 14 35: 1441, 10, 2
0 14 36: 1441, 10, 2
0 14 37: 1441, 10, 2
0 14 38: 1441, 10, 2
0 14 39: 1441, 10, 2
0 14 40: 1441, 10, 2
0 14 41: 1441, 10, 2
0 14 42: 1441, 10, 2
0 14 43: 1440, 1, 0
0 14 44: 1440, 9, 0
0 14 47: 559, 22, 2
0 14 50: 651, 10, 0
0 14 51: 510, 10, 1
0 14 52: 1446, 4, 1
0 14 53: 1440, 0, 3
0 14 54: 1441, 10, 2
0 14 55: 1441, 10, 2
0 14 56: 1441, 10, 2
0 14 57: 1441, 10, 2
0 14 58: 1441, 10, 2
0 14 59: 1441, 10, 1
0 14 60: 1441, 10, 1
0 14 61: 1441, 10, 1
0 14 62: 1441, 10, 1
0 14 63: 1441, 10, 1
0 15 7: 1441, 10, 3
0 15 8: 1441, 10, 3
0 15 9: 1441, 10, 3
0 15 10: 1441, 10, 0
0 15 11: 1441, 10, 0
0 15 12: 1441, 10, 0
0 15 13: 1441, 10, 0
0 15 14: 1441, 10, 0
0 15 15: 1460, 10, 0
0 15 16: 1460, 10, 0
0 15 17: 1460, 10, 0
0 15 18: 1460, 10, 0
0 15 19: 1460, 10, 0
0 15 20: 1460, 10, 0
0 15 21: 1460, 10, 0
0 15 22: 1460, 10, 0
0 15 23: 1460, 10, 0
0 15 24: 1460, 10, 0
0 15 25: 1460, 10, 0
0 15 26: 1460, 10, 0
0 15 27: 1460, 10, 0
0 15 28: 1460, 10, 0
0 15 29: 1460, 10, 0
0 15 30: 1460, 10, 0
0 15 31: 1460, 10, 0
0 15 32: 1460, 10, 0
0 15 33: 1460, 10, 0
0 15 34: 1460, 10, 0
0 15 35: 1460, 10, 0
0 15 36: 1441, 10, 0
0 15 37: 1441, 10, 0
0 15 38: 1441, 10, 0
0 15 39: 1441, 10, 0
0 15 40: 1441, 10, 2
0 15 41: 1441, 10, 2
0 15 42: 1441, 10, 2
0 15 43: 1441, 10, 2
0 15 44: 1440, 1, 0
0 15 45: 1440, 9, 0
0 15 52: 1447, 4, 1
0 15 53: 1440, 0, 3
0 15 54: 1441, 10, 2
0 15 55: 1441, 10, 2
0 15 56: 1441, 10, 2
0 15 57: 1441, 10, 2
0 15 58: 1441, 10, 2
0 15 59: 1441, 10, 1
0 15 60: 1441, 10, 1
0 15 61: 1441, 10, 1
0 15 62: 1441, 10, 1
0 15 63: 1441, 10, 1
0 16 7: 1441, 10, 3
0 16 8: 1441, 10, 3
0 16 9: 1441, 10, 0
0 16 10: 1441, 10, 0
0 16 11: 1441, 10, 0
0 16 12: 1441, 10, 0
0 16 13: 1441, 10, 0
0 16 14: 1460, 10, 0
0 16 15: 1460, 10, 0
0 16 16: 1460, 10, 0
0 16 17: 1460, 10, 0
0 16 18: 1460, 10, 0
0 16 19: 1460, 10, 0
0 16 20: 1460, 10, 0
0 16 21: 1460, 10, 0
0 16 22: 1460, 10, 0
0 16 23: 1460, 10, 0
0 16 24: 1460, 10, 0
0 16 25: 1460, 10, 0
0 16 26: 1460, 10, 0
0 16 27: 1460, 10, 0
0 16 28: 1460, 10, 0
0 16 29: 1460, 10, 0
0 16 30: 1460, 10, 0
0 16 31: 1460, 10, 0
0 16 32: 1460, 10, 0
0 16 33: 1460, 10, 0
0 16 34: 1460, 10, 0
0 16 35: 1460, 10, 0
0 16 36: 1460, 10, 0
0 16 37: 1441, 10, 0
0 16 38: 1441, 10, 0
0 16 39: 1441, 10, 0
0 16 40: 1441, 10, 0
0 16 41: 1441, 10, 2
0 16 42: 1441, 10, 2
0 16 43: 1441, 10, 2
0 16 44: 1441, 10, 2
0 16 45: 1440, 0, 1
0 16 46: 510, 10, 3
0 16 52: 1440, 9, 3
0 16 52: 1445, 7, 3
0 16 53: 1440, 1, 3
0 16 54: 1441, 10, 2
0 16 55: 1441, 10, 2
0 16 56: 1441, 10, 2
0 16 57: 1441, 10, 2
0 16 58: 1441, 10, 2
0 16 59: 1441, 10, 1
0 16 60: 1441, 10, 1
0 16 61: 1441, 10, 1
0 16 62: 1441, 10, 1
0 16 63: 1441, 10, 1
0 17 7: 1441, 10, 3
0 17 8: 1441, 10, 3
0 17 9: 1441, 10, 0
0 17 10: 1441, 10, 0
0 17 11: 1441, 10, 0
0 17 12: 1441, 10, 0
0 17 13: 1460, 10, 0
0 17 14: 1460, 10, 0
0 17 15: 1460, 10, 0
0 17 16: 1460, 10, 0
0 17 17: 1460, 10, 0
0 17 18: 1460, 10, 0
0 17 19: 1460, 10, 0
0 17 20: 1460, 10, 0
0 17 21: 1460, 10, 0
0 17 22: 1460, 10, 0
0 17 23: 1460, 10, 0
0 17 24: 1460, 10, 0
0 17 25: 1460, 10, 0
0 17 26: 1460, 10, 0
0 17 27: 1459, 1, 1
0 17 28: 1459, 0, 2
0 17 29: 1459, 0, 2
0 17 30: 1459, 0, 2
0 17 31: 1459, 0, 2
0 17 32: 1459, 1, 2
0 17 33: 1460, 10, 0
0 17 34: 1460, 10, 0
0 17 35: 1460, 10, 0
0 17 36: 1460, 10, 0
0 17 37: 1460, 10, 0
0 17 38: 1441, 10, 0
0 17 39: 1441, 10, 0
0 17 40: 1441, 10, 0
0 17 41: 1441, 10, 2
0 17 42: 1441, 10, 2
0 17 43: 1441, 10, 2
0 17 44: 1441, 10, 2
0 17 45: 1440, 0, 1
0 17 51: 198, 4, 1
0 17 52: 1440, 0, 3
0 17 53: 1441, 10, 2
0 17 54: 1441, 10, 2
0 17 55: 1441, 10, 2
0 17 56: 1441, 10, 2
0 17 57: 1441, 10, 2
0 17 58: 1441, 10, 2
0 17 59: 1441, 10, 2
0 17 60: 1441, 10, 1
0 17 61: 1441, 10, 1
0 17 62: 1441, 10, 1
0 17 63: 1441, 10, 1
0 18 6: 1441, 10, 3
0 18 7: 1441, 10, 3
0 18 8: 1441, 10, 0
0 18 9: 1441, 10, 0
0 18 10: 1441, 10, 0
0 18 11: 1441, 10, 0
0 18 12: 1460, 10, 0
0 18 13: 1460, 10, 0
0 18 14: 1460, 10, 0
0 18 15: 1460, 10, 0
0 18 16: 1460, 10, 0
0 18 17: 1460, 10, 0
0 18 18: 1460, 10, 0
0 18 19: 1460, 10, 0
0 18 20: 1460, 10, 0
0 18 21: 1460, 10, 0
0 18 22: 1460, 10, 0
0 18 23: 1460, 10, 0
0 18 24: 1459, 1, 1
0 18 25: 1459, 0, 2
0 18 26: 1459, 0, 2
0 18 27: 1459, 9, 1
0 18 28: 731, 11, 3
0 18 29: 732, 11, 1
0 18 30: 731, 11, 2
0 18 31: 655, 4, 0
0 18 31: 731, 11, 3
0 18 32: 1459, 9, 2
0 18 33: 1459, 1, 2
0 18 34: 1460, 10, 0
0 18 35: 1460, 10, 0
0 18 36: 1460, 10, 0
0 18 37: 1460, 10, 0
0 18 38: 1460, 10, 0
0 18 39: 1441, 10, 0
0 18 40: 1441, 10, 0
0 18 41: 1441, 10, 0
0 18 42: 1441, 10, 2
0 18 43: 1441, 10, 2
0 18 44: 1441, 10, 2
0 18 45: 1440, 1, 0
0 18 46: 1440, 9, 0
0 18 52: 1440, 9, 2
0 18 53: 1440, 1, 2
0 18 54: 1441, 10, 2
0 18 55: 1441, 10, 2
0 18 56: 1441, 10, 2
0 18 57: 1441, 10, 2
0 18 58: 1441, 10, 2
0 18 59: 1441, 10, 2
0 18 60: 1441, 10, 2
0 18 61: 1441, 10, 2
0 18 62: 1441, 10, 1
0 18 63: 1441, 10, 1
0 19 6: 1441, 10, 3
0 19 7: 1441, 10, 0
0 19 8: 1441, 10, 0
0 19 9: 1441, 10, 0
0 19 10: 1441, 10, 0
0 19 11: 1460, 10, 0
0 19 12: 1460, 10, 0
0 19 13: 1460, 10, 0
0 19 14: 1460, 10, 0
0 19 15: 1460, 10, 0
0 19 16: 1460, 10, 0
0 19 17: 1460, 10, 0
0 19 18: 1460, 10, 0
0 19 19: 1460, 10, 0
0 19 20: 1460, 10, 0
0 19 21: 1460, 10, 0
0 19 22: 1460, 10, 0
0 19 23: 1459, 1, 1
0 19 24: 1459, 9, 1
0 19 25: 375, 10, 1
0 19 26: 706, 4, 0
0 19 30: 731, 11, 0
0 19 31: 731, 11, 2
0 19 32: 732, 11, 0
0 19 33: 1459, 9, 2
0 19 34: 1459, 0, 2
0 19 35: 1459, 0, 2
0 19 36: 1459, 1, 2
0 19 37: 1460, 10, 0
0 19 38: 1460, 10, 0
0 19 39: 1460, 10, 0
0 19 40: 1441, 10, 0
0 19 41: 1441, 10, 0
0 19 42: 1441, 10, 2
0 19 43: 1441, 10, 2
0 19 44: 1441, 10, 2
0 19 45: 1441, 10, 2
0 19 46: 1440, 1, 0
0 19 47: 1440, 9, 0
0 19 52: 555, 10, 3
0 19 53: 1440, 0, 3
0 19 54: 1441, 10, 2
0 19 55: 1441, 10, 2
0 19 56: 1441, 10, 2
0 19 57: 1441, 10, 2
0 19 58: 1441, 10, 2
0 19 59: 1441, 10, 2
0 19 60: 1441, 10, 2
0 19 61: 1441, 10, 2
0 19 62: 1441, 10, 2
0 19 63: 1441, 10, 1
0 20 5: 1441, 10, 3
0 20 6: 1441, 10, 3
0 20 7: 1441, 10, 0
0 20 8: 1441, 10, 0
0 20 9: 1441, 10, 0
0 20 10: 1460, 10, 0
0 20 11: 1460, 10, 0
0 20 12: 1460, 10, 0
0 20 13: 1460, 10, 0
0 20 14: 1460, 10, 0
0 20 15: 1460, 10, 0
0 20 16: 1460, 10, 0
0 20 17: 1460, 10, 0
0 20 18: 1460, 10, 0
0 20 19: 1459, 1, 1
0 20 20: 1459, 0, 2
0 20 21: 1459, 0, 2
0 20 22: 1459, 0, 2
0 20 23: 1457, 7, 1
0 20 23: 1459, 9, 1
0 20 25: 542, 10, 3
0 20 35: 656, 4, 0
0 20 35: 732, 11, 2
0 20 36: 1457, 7, 2
0 20 36: 1459, 9, 2
0 20 37: 1459, 1, 2
0 20 38: 1460, 10, 0
0 20 39: 1460, 10, 0
0 20 40: 1460, 10, 0
0 20 41: 1441, 10, 0
0 20 42: 1441, 10, 0
0 20 43: 1441, 10, 2
0 20 44: 1441, 10, 2
0 20 45: 1441, 10, 2
0 20 46: 1441, 10, 2
0 20 47: 1440, 0, 1
0 20 51: 555, 10, 3
0 20 52: 554, 10, 1
0 20 53: 1440, 9, 2
0 20 54: 1440, 1, 2
0 20 55: 1441, 10, 2
0 20 56: 1441, 10, 2
0 20 57: 1441, 10, 2
0 20 58: 1441, 10, 2
0 20 59: 1441, 10, 2
0 20 60: 1441, 10, 2
0 20 61: 1441, 10, 2
0 20 62: 1441, 10, 2
0 20 63: 1441, 10, 1
0 21 5: 1441, 10, 3
0 21 6: 1441, 10, 0
0 21 7: 1441, 10, 0
0 21 8: 1441, 10, 0
0 21 9: 1460, 10, 0
0 21 10: 1460, 10, 0
0 21 11: 1460, 10, 0
0 21 12: 1460, 10, 0
0 21 13: 1460, 10, 0
0 21 14: 1459, 1, 1
0 21 15: 1459, 0, 2
0 21 16: 1459, 0, 2
0 21 17: 1459, 0, 2
0 21 18: 1459, 0, 2
0 21 19: 1459, 9, 1
0 21 20: 375, 10, 1
0 21 20: 655, 4, 0
0 21 21: 375, 10, 1
0 21 22: 176, 22, 1
0 21 22: 378, 10, 1
0 21 35: 731, 11, 3
0 21 36: 731, 11, 2
0 21 37: 1459, 9, 2
0 21 38: 1459, 1, 2
0 21 39: 1460, 10, 0
0 21 40: 1460, 10, 0
0 21 41: 1460, 10, 0
0 21 42: 1441, 10, 0
0 21 43: 1441, 10, 2
0 21 44: 1441, 10, 2
0 21 45: 1441, 10, 2
0 21 46: 1441, 10, 2
0 21 47: 1440, 0, 1
0 21 48: 1248, 22, 3
0 21 52: 555, 10, 2
0 21 54: 1440, 9, 2
0 21 55: 1440, 0, 2
0 21 56: 1440, 0, 2
0 21 57: 1440, 0, 2
0 21 58: 1440, 0, 2
0 21 59: 1440, 1, 2
0 21 60: 1441, 10, 2
0 21 61: 1441, 10, 2
0 21 62: 1441, 10, 2
0 21 63: 1441, 10, 1
0 22 5: 1441, 10, 3
0 22 6: 1441, 10, 0
0 22 7: 1441, 10, 0
0 22 8: 1460, 10, 0
0 22 9: 1460, 10, 0
0 22 10: 1460, 10, 0
0 22 11: 1460, 10, 0
0 22 12: 1460, 10, 0
0 22 13: 1459, 1, 1
0 22 14: 706, 7, 1
0 22 14: 1459, 9, 1
0 22 16: 178, 22, 3
0 22 18: 657, 4, 0
0 22 18: 665, 10, 3
0 22 21: 541, 10, 3
0 22 36: 731, 11, 3
0 22 37: 655, 4, 1
0 22 37: 732, 11, 2
0 22 38: 1459, 0, 3
0 22 39: 1460, 10, 0
0 22 40: 1460, 10, 0
0 22 41: 1460, 10, 0
0 22 42: 1441, 10, 0
0 22 43: 1441, 10, 0
0 22 44: 1441, 10, 2
0 22 45: 1441, 10, 2
0 22 46: 1441, 10, 2
0 22 47: 1440, 0, 1
0 22 48: 198, 4, 3
0 22 56: 1247, 22, 3
0 22 58: 103, 10, 2
0 22 59: 1440, 0, 3
0 22 60: 1441, 10, 2
0 22 61: 1441, 10, 2
0 22 62: 1441, 10, 2
0 22 63: 1441, 10, 1
0 23 4: 1443, 10, 2
0 23 5: 1441, 10, 0
0 23 6: 1441, 10, 0
0 23 7: 1460, 10, 0
0 23 8: 1460, 10, 0
0 23 9: 1460, 10, 0
0 23 10: 1460, 10, 0
0 23 11: 1460, 10, 0
0 23 12: 1459, 1, 1
0 23 13: 1459, 9, 1
0 23 14: 177, 22, 0
0 23 16: 177, 22, 1
0 23 29: 654, 22, 0
0 23 32: 653, 22, 3
0 23 36: 732, 11, 1
0 23 37: 731, 11, 3
0 23 38: 1459, 0, 3
0 23 39: 1460, 10, 0
0 23 40: 1460, 10, 0
0 23 41: 1460, 10, 0
0 23 42: 1441, 10, 0
0 23 43: 1441, 10, 0
0 23 44: 1441, 10, 2
0 23 45: 1441, 10, 2
0 23 46: 1441, 10, 2
0 23 47: 1440, 1, 0
0 23 48: 1440, 9, 0
0 23 54: 1440, 9, 3
0 23 54: 1445, 7, 3
0 23 55: 1440, 0, 0
0 23 56: 1440, 0, 0
0 23 57: 1440, 0, 0
0 23 58: 1440, 0, 0
0 23 59: 1440, 1, 3
0 23 60: 1441, 10, 2
0 23 61: 1441, 10, 2
0 23 62: 1441, 10, 2
0 23 63: 1441, 10, 1
0 24 4: 1441, 10, 0
0 24 5: 1441, 10, 0
0 24 6: 1460, 10, 0
0 24 7: 1460, 10, 0
0 24 8: 1460, 10, 0
0 24 9: 1460, 10, 0
0 24 10: 1460, 10, 0
0 24 11: 1459, 1, 1
0 24 12: 1457, 7, 1
0 24 12: 1459, 9, 1
0 24 14: 178, 22, 0
0 24 15: 176, 22, 0
0 24 16: 178, 22, 2
0 24 17: 178, 22, 1
0 24 20: 653, 22, 2
0 24 25: 654, 22, 2
0 24 38: 1459, 0, 3
0 24 39: 1460, 10, 0
0 24 40: 1460, 10, 0
0 24 41: 1460, 10, 0
0 24 42: 1441, 10, 0
0 24 43: 1441, 10, 0
0 24 44: 1441, 10, 2
0 24 45: 1441, 10, 2
0 24 46: 1441, 10, 2
0 24 47: 1441, 10, 2
0 24 48: 1440, 1, 0
0 24 49: 1440, 9, 0
0 24 51: 559, 22, 0
0 24 53: 1446, 4, 1
0 24 54: 1440, 0, 3
0 24 55: 1441, 10, 2
0 24 56: 1441, 10, 2
0 24 57: 1441, 10, 2
0 24 58: 1441, 10, 2
0 24 59: 1441, 10, 2
0 24 60: 1441, 10, 2
0 24 61: 1441, 10, 2
0 24 62: 1441, 10, 2
0 24 63: 1441, 10, 1
0 25 4: 1441, 10, 0
0 25 5: 1441, 10, 0
0 25 6: 1460, 10, 0
0 25 7: 1460, 10, 0
0 25 8: 1460, 10, 0
0 25 9: 1460, 10, 0
0 25 10: 1460, 10, 0
0 25 11: 1459, 0, 1
0 25 12: 655, 4, 3
0 25 12: 664, 10, 1
0 25 13: 177, 22, 3
0 25 14: 176, 22, 3
0 25 15: 178, 22, 3
0 25 16: 176, 22, 1
0 25 19: 177, 22, 1
0 25 20: 178, 22, 0
0 25 21: 177, 22, 3
0 25 32: 178, 22, 0
0 25 33: 178, 22, 1
0 25 34: 178, 22, 3
0 25 35: 177, 22, 1
0 25 38: 1459, 9, 2
0 25 39: 1459, 1, 2
0 25 40: 1460, 10, 0
0 25 41: 1460, 10, 0
0 25 42: 1441, 10, 0
0 25 43: 1441, 10, 0
0 25 44: 1441, 10, 0
0 25 45: 1441, 10, 2
0 25 46: 1441, 10, 2
0 25 47: 1441, 10, 2
0 25 48: 1441, 10, 2
0 25 49: 1440, 0, 1
0 25 50: 559, 22, 0
0 25 51: 560, 22, 0
0 25 52: 559, 22, 3
0 25 54: 1440, 9, 2
0 25 55: 1440, 1, 2
0 25 56: 1441, 10, 2
0 25 57: 1441, 10, 2
0 25 58: 1441, 10, 2
0 25 59: 1441, 10, 2
0 25 60: 1441, 10, 2
0 25 61: 1441, 10, 2
0 25 62: 1441, 10, 2
0 25 63: 1441, 10, 1
0 26 3: 1443, 10, 2
0 26 4: 1441, 10, 0
0 26 5: 1441, 10, 0
0 26 6: 1460, 10, 0
0 26 7: 1460, 10, 0
0 26 8: 1460, 10, 0
0 26 9: 1459, 1, 1
0 26 10: 1459, 0, 2
0 26 11: 1457, 7, 1
0 26 11: 1459, 9, 1
0 26 14: 178, 22, 1
0 26 15: 177, 22, 3
0 26 16: 178, 22, 0
0 26 19: 178, 22, 3
0 26 20: 465, 10, 2
0 26 22: 177, 22, 3
0 26 28: 827, 22, 0
0 26 32: 178, 22, 2
0 26 33: 177, 22, 0
0 26 34: 176, 22, 3
0 26 35: 176, 22, 2
0 26 36: 177, 22, 2
0 26 39: 1459, 0, 3
0 26 40: 1460, 10, 0
0 26 41: 1460, 10, 0
0 26 42: 1441, 10, 0
0 26 43: 1441, 10, 0
0 26 44: 1441, 10, 0
0 26 45: 1441, 10, 2
0 26 46: 1441, 10, 2
0 26 47: 1441, 10, 2
0 26 48: 1441, 10, 2
0 26 49: 1440, 0, 1
0 26 50: 555, 10, 3
0 26 51: 559, 22, 1
0 26 54: 1446, 4, 1
0 26 55: 1440, 0, 3
0 26 56: 1441, 10, 2
0 26 57: 1441, 10, 2
0 26 58: 1441, 10, 2
0 26 59: 1441, 10, 2
0 26 60: 1441, 10, 2
0 26 61: 1441, 10, 2
0 26 62: 1441, 10, 1
0 26 63: 1441, 10, 1
0 27 3: 1441, 10, 0
0 27 4: 1441, 10, 0
0 27 5: 1441, 10, 0
0 27 6: 1460, 10, 0
0 27 7: 1460, 10, 0
0 27 8: 1459, 1, 1
0 27 9: 1459, 9, 1
0 27 10: 1325, 10, 1
0 27 13: 177, 22, 3
0 27 15: 178, 22, 2
0 27 17: 177, 22, 2
0 27 22: 652, 22, 1
0 27 31: 178, 22, 1
0 27 32: 177, 22, 3
0 27 33: 176, 22, 1
0 27 34: 464, 10, 3
0 27 38: 375, 10, 2
0 27 38: 655, 4, 1
0 27 39: 1459, 0, 3
0 27 40: 1460, 10, 0
0 27 41: 1460, 10, 0
0 27 42: 1441, 10, 0
0 27 43: 1441, 10, 0
0 27 44: 1441, 10, 0
0 27 45: 1441, 10, 2
0 27 46: 1441, 10, 2
0 27 47: 1441, 10, 2
0 27 48: 1441, 10, 2
0 27 49: 1440, 0, 1
0 27 50: 554, 10, 0
0 27 51: 555, 10, 2
0 27 54: 1447, 4, 1
0 27 55: 1440, 0, 3
0 27 56: 1441, 10, 2
0 27 57: 1441, 10, 2
0 27 58: 1441, 10, 2
0 27 59: 1441, 10, 2
0 27 60: 1441, 10, 2
0 27 61: 1441, 10, 2
0 27 62: 1441, 10, 1
0 27 63: 1441, 10, 1
0 28 3: 1441, 10, 0
0 28 4: 1441, 10, 0
0 28 5: 1441, 10, 0
0 28 6: 1460, 10, 0
0 28 7: 1460, 10, 0
0 28 8: 1459, 0, 1
0 28 13: 654, 22, 0
0 28 19: 653, 22, 1
0 28 20: 177, 22, 2
0 28 21: 827, 22, 1
0 28 32: 178, 22, 3
0 28 33: 177, 22, 2
0 28 38: 378, 10, 2
0 28 39: 1459, 0, 3
0 28 40: 1460, 10, 0
0 28 41: 1460, 10, 0
0 28 42: 1441, 10, 0
0 28 43: 1441, 10, 0
0 28 44: 1441, 10, 0
0 28 45: 1441, 10, 2
0 28 46: 1441, 10, 2
0 28 47: 1441, 10, 2
0 28 48: 1441, 10, 2
0 28 49: 1440, 0, 1
0 28 50: 555, 10, 1
0 28 54: 1445, 4, 1
0 28 55: 1440, 0, 3
0 28 56: 1441, 10, 2
0 28 57: 1441, 10, 2
0 28 58: 1441, 10, 2
0 28 59: 1441, 10, 2
0 28 60: 1441, 10, 2
0 28 61: 1441, 10, 2
0 28 62: 1441, 10, 1
0 28 63: 1441, 10, 1
0 29 3: 1441, 10, 0
0 29 4: 1441, 10, 0
0 29 5: 1441, 10, 0
0 29 6: 1460, 10, 0
0 29 7: 1460, 10, 0
0 29 8: 1459, 0, 1
0 29 9: 1817, 4, 3
0 29 35: 178, 22, 3
0 29 38: 375, 10, 2
0 29 38: 656, 4, 1
0 29 39: 1459, 0, 3
0 29 40: 1460, 10, 0
0 29 41: 1460, 10, 0
0 29 42: 1441, 10, 0
0 29 43: 1441, 10, 0
0 29 44: 1441, 10, 2
0 29 45: 1441, 10, 2
0 29 46: 1441, 10, 2
0 29 47: 1441, 10, 2
0 29 48: 1441, 10, 2
0 29 49: 1440, 0, 1
0 29 55: 1440, 9, 2
0 29 56: 1440, 1, 2
0 29 57: 1441, 10, 2
0 29 58: 1441, 10, 2
0 29 59: 1441, 10, 2
0 29 60: 1441, 10, 2
0 29 61: 1441, 10, 2
0 29 62: 1441, 10, 1
0 29 63: 1441, 10, 1
0 30 3: 1441, 10, 0
0 30 4: 1441, 10, 0
0 30 5: 1441, 10, 0
0 30 6: 1460, 10, 0
0 30 7: 1460, 10, 0
0 30 8: 1459, 0, 1
0 30 9: 176, 22, 2
0 30 9: 665, 10, 2
0 30 10: 178, 22, 1
0 30 11: 177, 22, 2
0 30 12: 178, 22, 0
0 30 22: 652, 22, 0
0 30 31: 178, 22, 2
0 30 37: 666, 10, 1
0 30 39: 1459, 0, 3
0 30 40: 1460, 10, 0
0 30 41: 1460, 10, 0
0 30 42: 1441, 10, 0
0 30 43: 1441, 10, 0
0 30 44: 1441, 10, 2
0 30 45: 1440, 1, 1
0 30 46: 1440, 0, 2
0 30 47: 1440, 0, 2
0 30 48: 1440, 0, 2
0 30 49: 1440, 9, 1
0 30 53: 1248, 22, 3
0 30 56: 1440, 9, 2
0 30 57: 1440, 1, 2
0 30 58: 1441, 10, 2
0 30 59: 1441, 10, 2
0 30 60: 1441, 10, 2
0 30 61: 1441, 10, 2
0 30 62: 1441, 10, 1
0 30 63: 1441, 10, 1
0 31 3: 1441, 10, 0
0 31 4: 1441, 10, 0
0 31 5: 1441, 10, 0
0 31 6: 1460, 10, 0
0 31 7: 1460, 10, 0
0 31 8: 1459, 1, 0
0 31 9: 1459, 9, 0
0 31 10: 542, 10, 1
0 31 11: 177, 22, 1
0 31 12: 464, 10, 0
0 31 14: 178, 22, 3
0 31 38: 706, 7, 3
0 31 38: 1459, 9, 3
0 31 39: 1459, 1, 3
0 31 40: 1460, 10, 0
0 31 41: 1460, 10, 0
0 31 42: 1441, 10, 0
0 31 43: 1441, 10, 0
0 31 44: 1441, 10, 2
0 31 45: 1440, 0, 1
0 31 46: 103, 10, 0
0 31 56: 198, 4, 1
0 31 57: 1440, 0, 3
0 31 58: 1441, 10, 2
0 31 59: 1441, 10, 2
0 31 60: 1441, 10, 2
0 31 61: 1441, 10, 2
0 31 62: 1441, 10, 1
0 31 63: 1441, 10, 1
0 32 3: 1441, 10, 0
0 32 4: 1441, 10, 0
0 32 5: 1441, 10, 0
0 32 6: 1460, 10, 0
0 32 7: 1460, 10, 0
0 32 8: 1460, 10, 0
0 32 9: 1459, 1, 0
0 32 10: 1459, 9, 0
0 32 11: 176, 22, 3
0 32 14: 177, 22, 0
0 32 31: 653, 22, 0
0 32 37: 1459, 9, 3
0 32 38: 1459, 1, 3
0 32 39: 1460, 10, 0
0 32 40: 1460, 10, 0
0 32 41: 1460, 10, 0
0 32 42: 1441, 10, 0
0 32 43: 1441, 10, 0
0 32 44: 1441, 10, 2
0 32 45: 1440, 1, 0
0 32 46: 1440, 0, 0
0 32 47: 1440, 0, 0
0 32 48: 1440, 0, 0
0 32 49: 1440, 9, 0
0 32 56: 555, 10, 1
0 32 57: 1440, 0, 3
0 32 58: 1441, 10, 2
0 32 59: 1441, 10, 2
0 32 60: 1441, 10, 2
0 32 61: 1441, 10, 2
0 32 62: 1441, 10, 1
0 32 63: 1441, 10, 1
0 33 3: 1441, 10, 0
0 33 4: 1441, 10, 0
0 33 5: 1441, 10, 0
0 33 6: 1460, 10, 0
0 33 7: 1460, 10, 0
0 33 8: 1460, 10, 0
0 33 9: 1460, 10, 0
0 33 10: 1459, 1, 0
0 33 11: 1459, 0, 0
0 33 12: 657, 7, 0
0 33 12: 1459, 9, 0
0 33 14: 176, 22, 1
0 33 15: 177, 22, 3
0 33 32: 178, 22, 3
0 33 36: 375, 10, 2
0 33 37: 1459, 0, 3
0 33 38: 1460, 10, 0
0 33 39: 1460, 10, 0
0 33 40: 1460, 10, 0
0 33 41: 1460, 10, 0
0 33 42: 1441, 10, 0
0 33 43: 1441, 10, 2
0 33 44: 1441, 10, 2
0 33 45: 1441, 10, 2
0 33 46: 1441, 10, 2
0 33 47: 1441, 10, 2
0 33 48: 1441, 10, 2
0 33 49: 1440, 1, 0
0 33 50: 1440, 9, 0
0 33 54: 1247, 22, 0
0 33 55: 554, 10, 1
0 33 56: 555, 10, 0
0 33 57: 1440, 0, 3
0 33 58: 1441, 10, 2
0 33 59: 1441, 10, 2
0 33 60: 1441, 10, 2
0 33 61: 1441, 10, 2
0 33 62: 1441, 10, 1
0 33 63: 1441, 10, 1
0 34 3: 1441, 10, 0
0 34 4: 1441, 10, 0
0 34 5: 1441, 10, 0
0 34 6: 1460, 10, 0
0 34 7: 1460, 10, 0
0 34 8: 1460, 10, 0
0 34 9: 1460, 10, 0
0 34 10: 1460, 10, 0
0 34 11: 1460, 10, 0
0 34 12: 1459, 0, 1
0 34 14: 178, 22, 2
0 34 15: 177, 22, 3
0 34 18: 652, 22, 1
0 34 21: 825, 22, 3
0 34 28: 178, 22, 3
0 34 29: 177, 22, 1
0 34 36: 375, 11, 2
0 34 36: 706, 4, 1
0 34 37: 1459, 0, 3
0 34 38: 1460, 10, 0
0 34 39: 1460, 10, 0
0 34 40: 1460, 10, 0
0 34 41: 1460, 10, 0
0 34 42: 1441, 10, 0
0 34 43: 1441, 10, 0
0 34 44: 1441, 10, 2
0 34 45: 1441, 10, 2
0 34 46: 1441, 10, 2
0 34 47: 1441, 10, 2
0 34 48: 1441, 10, 2
0 34 49: 1441, 10, 2
0 34 50: 1440, 0, 1
0 34 55: 555, 10, 0
0 34 56: 1440, 9, 3
0 34 57: 1440, 1, 3
0 34 58: 1441, 10, 2
0 34 59: 1441, 10, 2
0 34 60: 1441, 10, 2
0 34 61: 1441, 10, 2
0 34 62: 1441, 10, 1
0 34 63: 1441, 10, 1
0 35 3: 1441, 10, 0
0 35 4: 1441, 10, 0
0 35 5: 1441, 10, 0
0 35 6: 1460, 10, 0
0 35 7: 1460, 10, 0
0 35 8: 1460, 10, 0
0 35 9: 1460, 10, 0
0 35 10: 1460, 10, 0
0 35 11: 1460, 10, 0
0 35 12: 1459, 0, 1
0 35 13: 178, 22, 2
0 35 15: 176, 22, 1
0 35 16: 177, 22, 0
0 35 24: 654, 22, 1
0 35 27: 178, 22, 2
0 35 28: 177, 22, 3
0 35 29: 176, 22, 3
0 35 30: 178, 22, 3
0 35 36: 657, 7, 3
0 35 36: 1459, 9, 3
0 35 37: 1459, 1, 3
0 35 38: 1460, 10, 0
0 35 39: 1460, 10, 0
0 35 40: 1460, 10, 0
0 35 41: 1460, 10, 0
0 35 42: 1441, 10, 0
0 35 43: 1441, 10, 0
0 35 44: 1441, 10, 0
0 35 45: 1441, 10, 2
0 35 46: 1441, 10, 2
0 35 47: 1441, 10, 2
0 35 48: 1441, 10, 2
0 35 49: 1441, 10, 2
0 35 50: 1440, 0, 1
0 35 55: 1447, 4, 1
0 35 56: 1440, 0, 3
0 35 57: 1441, 10, 1
0 35 58: 1441, 10, 2
0 35 59: 1441, 10, 2
0 35 60: 1441, 10, 2
0 35 61: 1441, 10, 2
0 35 62: 1441, 10, 1
0 35 63: 1441, 10, 1
0 36 3: 1441, 10, 0
0 36 4: 1441, 10, 0
0 36 5: 1441, 10, 0
0 36 6: 1441, 10, 0
0 36 7: 1460, 10, 0
0 36 8: 1460, 10, 0
0 36 9: 1460, 10, 0
0 36 10: 1460, 10, 0
0 36 11: 1460, 10, 0
0 36 12: 1459, 1, 0
0 36 13: 1459, 9, 0
0 36 15: 177, 22, 1
0 36 26: 177, 22, 0
0 36 27: 177, 22, 2
0 36 28: 464, 10, 1
0 36 30: 176, 22, 0
0 36 31: 178, 22, 3
0 36 36: 1459, 0, 3
0 36 37: 1460, 10, 0
0 36 38: 1460, 10, 0
0 36 39: 1460, 10, 0
0 36 40: 1460, 10, 0
0 36 41: 1460, 10, 0
0 36 42: 1441, 10, 0
0 36 43: 1441, 10, 0
0 36 44: 1441, 10, 0
0 36 45: 1441, 10, 0
0 36 46: 1441, 10, 2
0 36 47: 1441, 10, 2
0 36 48: 1441, 10, 2
0 36 49: 1441, 10, 2
0 36 50: 1440, 0, 1
0 36 55: 1445, 4, 1
0 36 56: 1440, 0, 3
0 36 57: 1441, 10, 2
0 36 58: 1441, 10, 2
0 36 59: 1441, 10, 2
0 36 60: 1441, 10, 2
0 36 61: 1441, 10, 2
0 36 62: 1441, 10, 1
0 36 63: 1441, 10, 1
0 37 3: 1441, 10, 3
0 37 4: 1441, 10, 3
0 37 5: 1441, 10, 0
0 37 6: 1441, 10, 0
0 37 7: 1441, 10, 0
0 37 8: 1460, 10, 0
0 37 9: 1460, 10, 0
0 37 10: 1460, 10, 0
0 37 11: 1460, 10, 0
0 37 12: 1460, 10, 0
0 37 13: 1459, 1, 0
0 37 14: 1457, 7, 0
0 37 14: 1459, 9, 0
0 37 16: 706, 4, 2
0 37 26: 178, 22, 3
0 37 27: 176, 22, 2
0 37 30: 177, 22, 0
0 37 31: 177, 22, 2
0 37 36: 1459, 0, 3
0 37 37: 1460, 10, 0
0 37 38: 1460, 10, 0
0 37 39: 1460, 10, 0
0 37 40: 1460, 10, 0
0 37 41: 1460, 10, 0
0 37 42: 1441, 10, 0
0 37 43: 1441, 10, 0
0 37 44: 1441, 10, 0
0 37 45: 1441, 10, 0
0 37 46: 1441, 10, 0
0 37 47: 1441, 10, 2
0 37 48: 1441, 10, 2
0 37 49: 1441, 10, 2
0 37 50: 1440, 0, 1
0 37 51: 198, 4, 3
0 37 55: 1446, 4, 1
0 37 56: 1440, 0, 3
0 37 57: 1441, 10, 2
0 37 58: 1441, 10, 2
0 37 59: 1441, 10, 2
0 37 60: 1441, 10, 2
0 37 61: 1441, 10, 2
0 37 62: 1441, 10, 2
0 37 63: 1441, 10, 1
0 38 3: 1441, 10, 3
0 38 4: 1441, 10, 0
0 38 5: 1441, 10, 3
0 38 6: 1441, 10, 0
0 38 7: 1441, 10, 0
0 38 8: 1441, 10, 3
0 38 9: 1460, 10, 0
0 38 10: 1460, 10, 0
0 38 11: 1460, 10, 0
0 38 12: 1460, 10, 0
0 38 13: 1460, 10, 0
0 38 14: 1459, 1, 0
0 38 15: 1459, 0, 0
0 38 16: 1459, 0, 0
0 38 17: 1459, 9, 0
0 38 27: 178, 22, 1
0 38 28: 177, 22, 1
0 38 29: 176, 22, 1
0 38 30: 178, 22, 0
0 38 33: 732, 11, 2
0 38 34: 731, 11, 1
0 38 35: 655, 4, 1
0 38 35: 732, 11, 3
0 38 36: 1459, 0, 3
0 38 37: 1460, 10, 0
0 38 38: 1460, 10, 0
0 38 39: 1460, 10, 0
0 38 40: 1460, 10, 0
0 38 41: 1460, 10, 0
0 38 42: 1441, 10, 0
0 38 43: 1441, 10, 0
0 38 44: 1441, 10, 0
0 38 45: 1441, 10, 0
0 38 46: 1441, 10, 0
0 38 47: 1441, 10, 2
0 38 48: 1441, 10, 2
0 38 49: 1441, 10, 2
0 38 50: 1440, 0, 1
0 38 53: 559, 22, 2
0 38 54: 559, 22, 3
0 38 55: 1446, 4, 1
0 38 56: 1440, 0, 3
0 38 57: 1441, 10, 2
0 38 58: 1441, 10, 2
0 38 59: 1441, 10, 2
0 38 60: 1441, 10, 2
0 38 61: 1441, 10, 2
0 38 62: 1441, 10, 2
0 38 63: 1441, 10, 1
0 39 3: 1441, 10, 3
0 39 4: 1441, 10, 3
0 39 5: 1441, 10, 0
0 39 6: 1441, 10, 0
0 39 7: 1441, 10, 0
0 39 8: 1441, 10, 3
0 39 9: 1441, 10, 0
0 39 10: 1460, 10, 0
0 39 11: 1460, 10, 0
0 39 12: 1460, 10, 0
0 39 13: 1460, 10, 0
0 39 14: 1460, 10, 0
0 39 15: 1460, 10, 0
0 39 16: 1460, 10, 0
0 39 17: 1459, 1, 0
0 39 18: 1459, 0, 0
0 39 19: 1459, 9, 0
0 39 26: 652, 22, 3
0 39 28: 177, 22, 3
0 39 29: 178, 22, 3
0 39 32: 731, 10, 3
0 39 33: 731, 10, 2
0 39 34: 732, 11, 2
0 39 35: 1459, 9, 3
0 39 36: 1459, 1, 3
0 39 37: 1460, 10, 0
0 39 38: 1460, 10, 0
0 39 39: 1460, 10, 0
0 39 40: 1460, 10, 0
0 39 41: 1460, 10, 0
0 39 42: 1441, 10, 0
0 39 43: 1441, 10, 0
0 39 44: 1441, 10, 0
0 39 45: 1441, 10, 0
0 39 46: 1441, 10, 0
0 39 47: 1441, 10, 2
0 39 48: 1441, 10, 2
0 39 49: 1441, 10, 2
0 39 50: 1440, 1, 0
0 39 51: 1440, 9, 0
0 39 52: 559, 22, 0
0 39 53: 560, 22, 3
0 39 54: 559, 22, 1
0 39 56: 1440, 0, 3
0 39 57: 1441, 10, 2
0 39 58: 1441, 10, 2
0 39 59: 1441, 10, 2
0 39 60: 1441, 10, 2
0 39 61: 1441, 10, 2
0 39 62: 1441, 10, 2
0 39 63: 1441, 10, 1
0 40 3: 1441, 10, 3
0 40 4: 1441, 10, 3
0 40 5: 1441, 10, 0
0 40 6: 1441, 10, 0
0 40 7: 1441, 10, 0
0 40 8: 1441, 10, 3
0 40 9: 1441, 10, 3
0 40 10: 1441, 10, 0
0 40 11: 1460, 10, 0
0 40 12: 1460, 10, 0
0 40 13: 1460, 10, 0
0 40 14: 1460, 10, 0
0 40 15: 1460, 10, 0
0 40 16: 1460, 10, 0
0 40 17: 1460, 10, 0
0 40 18: 1460, 10, 0
0 40 19: 1459, 1, 0
0 40 20: 1459, 9, 0
0 40 21: 732, 11, 3
0 40 22: 731, 11, 0
0 40 31: 731, 10, 3
0 40 32: 731, 10, 3
0 40 33: 731, 11, 3
0 40 34: 1459, 9, 3
0 40 35: 1459, 1, 3
0 40 36: 1460, 10, 0
0 40 37: 1460, 10, 0
0 40 38: 1460, 10, 0
0 40 39: 1460, 10, 0
0 40 40: 1460, 10, 0
0 40 41: 1441, 10, 0
0 40 42: 1441, 10, 0
0 40 43: 1441, 10, 0
0 40 44: 1441, 10, 0
0 40 45: 1441, 10, 0
0 40 46: 1441, 10, 0
0 40 47: 1441, 10, 2
0 40 48: 1441, 10, 2
0 40 49: 1441, 10, 2
0 40 50: 1441, 10, 2
0 40 51: 1440, 0, 1
0 40 53: 559, 22, 3
0 40 56: 1440, 9, 2
0 40 57: 1440, 0, 2
0 40 58: 1440, 0, 2
0 40 59: 1440, 1, 2
0 40 60: 1441, 10, 2
0 40 61: 1441, 10, 2
0 40 62: 1441, 10, 2
0 40 63: 1441, 10, 1
0 41 3: 1441, 10, 3
0 41 4: 1441, 10, 3
0 41 5: 1441, 10, 0
0 41 6: 1441, 10, 0
0 41 7: 1441, 10, 0
0 41 8: 1441, 10, 3
0 41 9: 1441, 10, 3
0 41 10: 1441, 10, 0
0 41 11: 1441, 10, 0
0 41 12: 1460, 10, 0
0 41 13: 1460, 10, 0
0 41 14: 1460, 10, 0
0 41 15: 1460, 10, 0
0 41 16: 1460, 10, 0
0 41 17: 1460, 10, 0
0 41 18: 1460, 10, 0
0 41 19: 1460, 10, 0
0 41 20: 1459, 1, 0
0 41 21: 1459, 0, 0
0 41 22: 1459, 9, 0
0 41 23: 731, 11, 1
0 41 30: 731, 11, 1
0 41 31: 732, 11, 2
0 41 32: 731, 10, 3
0 41 33: 1457, 7, 3
0 41 33: 1459, 9, 3
0 41 34: 1459, 1, 3
0 41 35: 1460, 10, 0
0 41 36: 1460, 10, 0
0 41 37: 1460, 10, 0
0 41 38: 1460, 10, 0
0 41 39: 1460, 10, 0
0 41 40: 1441, 10, 0
0 41 41: 1441, 10, 0
0 41 42: 1441, 10, 0
0 41 43: 1441, 10, 0
0 41 44: 1441, 10, 0
0 41 45: 1441, 10, 0
0 41 46: 1441, 10, 0
0 41 47: 1441, 10, 2
0 41 48: 1441, 10, 2
0 41 49: 1441, 10, 2
0 41 50: 1441, 10, 2
0 41 51: 1440, 0, 1
0 41 58: 103, 10, 2
0 41 59: 1440, 0, 3
0 41 60: 1441, 10, 2
0 41 61: 1441, 10, 2
0 41 62: 1441, 10, 2
0 41 63: 1441, 10, 1
0 42 3: 1441, 10, 3
0 42 4: 1441, 10, 3
0 42 5: 1441, 10, 3
0 42 6: 1441, 10, 0
0 42 7: 1441, 10, 0
0 42 8: 1441, 10, 3
0 42 9: 1441, 10, 3
0 42 10: 1441, 10, 0
0 42 11: 1441, 10, 0
0 42 12: 1441, 10, 0
0 42 13: 1460, 10, 0
0 42 14: 1460, 10, 0
0 42 15: 1460, 10, 0
0 42 16: 1460, 10, 0
0 42 17: 1460, 10, 0
0 42 18: 1460, 10, 0
0 42 19: 1460, 10, 0
0 42 20: 1460, 10, 0
0 42 21: 1460, 10, 0
0 42 22: 1459, 1, 0
0 42 23: 1459, 9, 0
0 42 24: 731, 11, 0
0 42 30: 1459, 9, 3
0 42 31: 1459, 0, 0
0 42 32: 1459, 0, 0
0 42 33: 1459, 1, 3
0 42 34: 1460, 10, 0
0 42 35: 1460, 10, 0
0 42 36: 1460, 10, 0
0 42 37: 1460, 10, 0
0 42 38: 1460, 10, 0
0 42 39: 1441, 10, 0
0 42 40: 1441, 10, 0
0 42 41: 1441, 10, 0
0 42 42: 1441, 10, 0
0 42 43: 1441, 10, 0
0 42 44: 1441, 10, 0
0 42 45: 1441, 10, 0
0 42 46: 1441, 10, 0
0 42 47: 1441, 10, 2
0 42 48: 1441, 10, 2
0 42 49: 1441, 10, 2
0 42 50: 1440, 1, 1
0 42 51: 1440, 9, 1
0 42 56: 1440, 9, 3
0 42 56: 1445, 7, 3
0 42 57: 1440, 0, 0
0 42 58: 1440, 0, 0
0 42 59: 1440, 1, 3
0 42 60: 1441, 10, 2
0 42 61: 1441, 10, 2
0 42 62: 1441, 10, 2
0 42 63: 1441, 10, 1
0 43 3: 1441, 10, 3
0 43 4: 1441, 10, 3
0 43 5: 1441, 10, 3
0 43 6: 1441, 10, 3
0 43 7: 1441, 10, 0
0 43 8: 1441, 10, 3
0 43 9: 1441, 10, 3
0 43 10: 1441, 10, 0
0 43 11: 1441, 10, 0
0 43 12: 1441, 10, 0
0 43 13: 1441, 10, 0
0 43 14: 1441, 10, 0
0 43 15: 1441, 10, 0
0 43 16: 1460, 10, 0
0 43 17: 1460, 10, 0
0 43 18: 1460, 10, 0
0 43 19: 1460, 10, 0
0 43 20: 1460, 10, 0
0 43 21: 1460, 10, 0
0 43 22: 1460, 10, 0
0 43 23: 1459, 1, 0
0 43 24: 1457, 7, 0
0 43 24: 1459, 9, 0
0 43 25: 731, 11, 0
0 43 26: 731, 11, 3
0 43 27: 732, 11, 1
0 43 28: 656, 4, 2
0 43 28: 732, 11, 1
0 43 29: 1459, 9, 3
0 43 30: 1459, 1, 3
0 43 31: 1460, 10, 0
0 43 32: 1460, 10, 0
0 43 33: 1460, 10, 0
0 43 34: 1460, 10, 0
0 43 35: 1460, 10, 0
0 43 36: 1460, 10, 0
0 43 37: 1460, 10, 0
0 43 38: 1441, 10, 0
0 43 39: 1441, 10, 0
0 43 40: 1441, 10, 0
0 43 41: 1441, 10, 0
0 43 42: 1441, 10, 0
0 43 43: 1441, 10, 0
0 43 44: 1441, 10, 0
0 43 45: 1441, 10, 0
0 43 46: 1441, 10, 2
0 43 47: 1441, 10, 2
0 43 48: 1441, 10, 2
0 43 49: 1440, 1, 1
0 43 50: 1440, 9, 1
0 43 55: 198, 4, 1
0 43 56: 1440, 0, 3
0 43 57: 1441, 10, 2
0 43 58: 1441, 10, 2
0 43 59: 1441, 10, 2
0 43 60: 1441, 10, 2
0 43 61: 1441, 10, 2
0 43 62: 1441, 10, 2
0 43 63: 1441, 10, 1
0 44 3: 1441, 10, 3
0 44 4: 1441, 10, 3
0 44 5: 1441, 10, 3
0 44 6: 1441, 10, 3
0 44 7: 1441, 10, 0
0 44 8: 1441, 10, 3
0 44 9: 1441, 10, 3
0 44 10: 1441, 10, 0
0 44 11: 1441, 10, 0
0 44 12: 1441, 10, 0
0 44 13: 1441, 10, 0
0 44 14: 1441, 10, 0
0 44 15: 1441, 10, 0
0 44 16: 1441, 10, 0
0 44 17: 1460, 10, 0
0 44 18: 1460, 10, 0
0 44 19: 1460, 10, 0
0 44 20: 1460, 10, 0
0 44 21: 1460, 10, 0
0 44 22: 1460, 10, 0
0 44 23: 1460, 10, 0
0 44 24: 1459, 1, 0
0 44 25: 1459, 0, 0
0 44 26: 1459, 0, 0
0 44 27: 1459, 0, 0
0 44 28: 1459, 0, 0
0 44 29: 1459, 1, 3
0 44 30: 1460, 10, 0
0 44 31: 1460, 10, 0
0 44 32: 1460, 10, 0
0 44 33: 1460, 10, 0
0 44 34: 1460, 10, 0
0 44 35: 1460, 10, 0
0 44 36: 1460, 10, 0
0 44 37: 1441, 10, 0
0 44 38: 1441, 10, 0
0 44 39: 1441, 10, 0
0 44 40: 1441, 10, 0
0 44 41: 1441, 10, 0
0 44 42: 1441, 10, 0
0 44 43: 1441, 10, 0
0 44 44: 1441, 10, 0
0 44 45: 1441, 10, 0
0 44 46: 1441, 10, 2
0 44 47: 1441, 10, 2
0 44 48: 1441, 10, 2
0 44 49: 1440, 0, 1
0 44 56: 1440, 0, 3
0 44 57: 1441, 10, 2
0 44 58: 1441, 10, 2
0 44 59: 1441, 10, 2
0 44 60: 1441, 10, 2
0 44 61: 1441, 10, 2
0 44 62: 1441, 10, 2
0 44 63: 1441, 10, 1
0 45 3: 1441, 10, 3
0 45 4: 1441, 10, 3
0 45 5: 1441, 10, 3
0 45 6: 1441, 10, 3
0 45 7: 1441, 10, 3
0 45 8: 1441, 10, 3
0 45 9: 1441, 10, 3
0 45 10: 1441, 10, 0
0 45 11: 1441, 10, 0
0 45 12: 1441, 10, 0
0 45 13: 1441, 10, 0
0 45 14: 1441, 10, 0
0 45 15: 1441, 10, 0
0 45 16: 1441, 10, 0
0 45 17: 1441, 10, 0
0 45 18: 1460, 10, 0
0 45 19: 1460, 10, 0
0 45 20: 1460, 10, 0
0 45 21: 1460, 10, 0
0 45 22: 1460, 10, 0
0 45 23: 1460, 10, 0
0 45 24: 1460, 10, 0
0 45 25: 1460, 10, 0
0 45 26: 1460, 10, 0
0 45 27: 1460, 10, 0
0 45 28: 1460, 10, 0
0 45 29: 1460, 10, 0
0 45 30: 1460, 10, 0
0 45 31: 1460, 10, 0
0 45 32: 1460, 10, 0
0 45 33: 1460, 10, 0
0 45 34: 1460, 10, 0
0 45 35: 1460, 10, 0
0 45 36: 1441, 10, 0
0 45 37: 1441, 10, 0
0 45 38: 1441, 10, 0
0 45 39: 1441, 10, 0
0 45 40: 1441, 10, 0
0 45 41: 1441, 10, 0
0 45 42: 1441, 10, 0
0 45 43: 1441, 10, 0
0 45 44: 1441, 10, 0
0 45 45: 1441, 10, 0
0 45 46: 1441, 10, 2
0 45 47: 1441, 10, 2
0 45 48: 1441, 10, 2
0 45 49: 1440, 0, 1
0 45 51: 1248, 22, 2
0 45 55: 1440, 9, 3
0 45 55: 1446, 7, 3
0 45 56: 1440, 1, 3
0 45 57: 1441, 10, 2
0 45 58: 1441, 10, 2
0 45 59: 1441, 10, 2
0 45 60: 1441, 10, 2
0 45 61: 1441, 10, 2
0 45 62: 1441, 10, 2
0 45 63: 1441, 10, 1
0 46 3: 1441, 10, 3
0 46 4: 1441, 10, 3
0 46 5: 1441, 10, 3
0 46 6: 1441, 10, 3
0 46 7: 1441, 10, 3
0 46 8: 1441, 10, 3
0 46 9: 1441, 10, 3
0 46 10: 1441, 10, 0
0 46 11: 1441, 10, 0
0 46 12: 1441, 10, 0
0 46 13: 1441, 10, 0
0 46 14: 1441, 10, 0
0 46 15: 1441, 10, 0
0 46 16: 1441, 10, 0
0 46 17: 1441, 10, 0
0 46 18: 1441, 10, 0
0 46 19: 1460, 10, 0
0 46 20: 1460, 10, 0
0 46 21: 1460, 10, 0
0 46 22: 1460, 10, 0
0 46 23: 1460, 10, 0
0 46 24: 1460, 10, 0
0 46 25: 1460, 10, 0
0 46 26: 1460, 10, 0
0 46 27: 1460, 10, 0
0 46 28: 1460, 10, 0
0 46 29: 1460, 10, 0
0 46 30: 1460, 10, 0
0 46 31: 1460, 10, 0
0 46 32: 1460, 10, 0
0 46 33: 1460, 10, 0
0 46 34: 1460, 10, 0
0 46 35: 1441, 10, 0
0 46 36: 1441, 10, 0
0 46 37: 1441, 10, 0
0 46 38: 1441, 10, 0
0 46 39: 1441, 10, 0
0 46 40: 1441, 10, 0
0 46 41: 1441, 10, 1
0 46 42: 1441, 10, 1
0 46 43: 1441, 10, 1
0 46 44: 1441, 10, 1
0 46 45: 1441, 10, 1
0 46 46: 1441, 10, 2
0 46 47: 1441, 10, 2
0 46 48: 1441, 10, 2
0 46 49: 1440, 0, 1
0 46 54: 1440, 9, 3
0 46 54: 1445, 7, 3
0 46 55: 1440, 1, 3
0 46 56: 1441, 10, 2
0 46 57: 1441, 10, 2
0 46 58: 1441, 10, 2
0 46 59: 1441, 10, 2
0 46 60: 1441, 10, 2
0 46 61: 1441, 10, 2
0 46 62: 1441, 10, 1
0 46 63: 1441, 10, 1
0 47 3: 1441, 10, 3
0 47 4: 1441, 10, 3
0 47 5: 1441, 10, 3
0 47 6: 1441, 10, 3
0 47 7: 1441, 10, 3
0 47 8: 1441, 10, 3
0 47 9: 1441, 10, 3
0 47 10: 1441, 10, 3
0 47 11: 1441, 10, 0
0 47 12: 1441, 10, 0
0 47 13: 1441, 10, 0
0 47 14: 1441, 10, 0
0 47 15: 1441, 10, 0
0 47 16: 1441, 10, 0
0 47 17: 1441, 10, 0
0 47 18: 1441, 10, 0
0 47 19: 1441, 10, 0
0 47 20: 1460, 10, 0
0 47 21: 1460, 10, 0
0 47 22: 1460, 10, 0
0 47 23: 1460, 10, 0
0 47 24: 1460, 10, 0
0 47 25: 1460, 10, 0
0 47 26: 1460, 10, 0
0 47 27: 1460, 10, 0
0 47 28: 1460, 10, 0
0 47 29: 1460, 10, 0
0 47 30: 1460, 10, 0
0 47 31: 1460, 10, 0
0 47 32: 1460, 10, 0
0 47 33: 1460, 10, 0
0 47 34: 1441, 10, 0
0 47 35: 1441, 10, 0
0 47 36: 1441, 10, 0
0 47 37: 1441, 10, 0
0 47 38: 1441, 10, 0
0 47 39: 1441, 10, 0
0 47 40: 1441, 10, 2
0 47 41: 1441, 10, 2
0 47 42: 1441, 10, 1
0 47 43: 1441, 10, 1
0 47 44: 1441, 10, 1
0 47 45: 1441, 10, 1
0 47 46: 1441, 10, 2
0 47 47: 1441, 10, 2
0 47 48: 1441, 10, 2
0 47 49: 1440, 0, 1
0 47 53: 555, 10, 0
0 47 53: 1447, 4, 1
0 47 54: 1440, 0, 3
0 47 55: 1441, 10, 2
0 47 56: 1441, 10, 2
0 47 57: 1441, 10, 2
0 47 58: 1441, 10, 2
0 47 59: 1441, 10, 2
0 47 60: 1441, 10, 2
0 47 61: 1441, 10, 2
0 47 62: 1441, 10, 1
0 47 63: 1441, 10, 1
0 48 3: 1441, 10, 3
0 48 4: 1441, 10, 3
0 48 5: 1441, 10, 3
0 48 6: 1441, 10, 3
0 48 7: 1441, 10, 3
0 48 8: 1441, 10, 3
0 48 9: 1441, 10, 3
0 48 10: 1441, 10, 3
0 48 11: 1441, 10, 3
0 48 12: 1441, 10, 0
0 48 13: 1441, 10, 0
0 48 14: 1441, 10, 0
0 48 15: 1441, 10, 0
0 48 16: 1441, 10, 0
0 48 17: 1441, 10, 0
0 48 18: 1441, 10, 0
0 48 19: 1441, 10, 0
0 48 20: 1441, 10, 0
0 48 21: 1460, 10, 0
0 48 22: 1460, 10, 0
0 48 23: 1460, 10, 0
0 48 24: 1460, 10, 0
0 48 25: 1460, 10, 0
0 48 26: 1460, 10, 0
0 48 27: 1460, 10, 0
0 48 28: 1460, 10, 0
0 48 29: 1460, 10, 0
0 48 30: 1460, 10, 0
0 48 31: 1460, 10, 0
0 48 32: 1460, 10, 0
0 48 33: 1441, 10, 0
0 48 34: 1441, 10, 0
0 48 35: 1441, 10, 0
0 48 36: 1441, 10, 0
0 48 37: 1441, 10, 2
0 48 38: 1441, 10, 2
0 48 39: 1441, 10, 2
0 48 40: 1441, 10, 2
0 48 41: 1441, 10, 2
0 48 42: 1441, 10, 1
0 48 43: 1441, 10, 1
0 48 44: 1441, 10, 1
0 48 45: 1441, 10, 1
0 48 46: 1441, 10, 2
0 48 47: 1441, 10, 2
0 48 48: 1441, 10, 2
0 48 49: 1440, 0, 1
0 48 52: 555, 10, 3
0 48 53: 554, 10, 0
0 48 53: 1445, 4, 1
0 48 54: 1440, 0, 3
0 48 55: 1441, 10, 2
0 48 56: 1441, 10, 2
0 48 57: 1441, 10, 2
0 48 58: 1441, 10, 2
0 48 59: 1441, 10, 2
0 48 60: 1441, 10, 2
0 48 61: 1441, 10, 2
0 48 62: 1441, 10, 1
0 48 63: 1441, 10, 1
0 49 3: 1441, 10, 3
0 49 4: 1441, 10, 3
0 49 5: 1441, 10, 3
0 49 6: 1441, 10, 3
0 49 7: 1441, 10, 3
0 49 8: 1441, 10, 3
0 49 9: 1441, 10, 3
0 49 10: 1441, 10, 3
0 49 11: 1441, 10, 3
0 49 12: 1441, 10, 0
0 49 13: 1441, 10, 0
0 49 14: 1441, 10, 0
0 49 15: 1441, 10, 0
0 49 16: 1441, 10, 0
0 49 17: 1441, 10, 0
0 49 18: 1441, 10, 0
0 49 19: 1441, 10, 0
0 49 20: 1441, 10, 0
0 49 21: 1441, 10, 0
0 49 22: 1441, 10, 0
0 49 23: 1441, 10, 0
0 49 24: 1441, 10, 0
0 49 25: 1441, 10, 0
0 49 26: 1441, 10, 0
0 49 27: 1441, 10, 0
0 49 28: 1441, 10, 0
0 49 29: 1441, 10, 0
0 49 30: 1441, 10, 0
0 49 31: 1441, 10, 0
0 49 32: 1441, 10, 0
0 49 33: 1441, 10, 0
0 49 34: 1441, 10, 0
0 49 35: 1441, 10, 0
0 49 36: 1441, 10, 2
0 49 37: 1441, 10, 2
0 49 38: 1441, 10, 2
0 49 39: 1441, 10, 2
0 49 40: 1441, 10, 2
0 49 41: 1441, 10, 1
0 49 42: 1440, 1, 1
0 49 43: 1440, 0, 2
0 49 44: 1440, 1, 2
0 49 45: 1441, 10, 1
0 49 46: 1441, 10, 2
0 49 47: 1441, 10, 2
0 49 48: 1441, 10, 2
0 49 49: 1440, 0, 1
0 49 50: 198, 4, 3
0 49 53: 555, 10, 1
0 49 53: 1445, 4, 1
0 49 54: 1440, 0, 3
0 49 55: 1441, 10, 2
0 49 56: 1441, 10, 2
0 49 57: 1441, 10, 2
0 49 58: 1441, 10, 2
0 49 59: 1441, 10, 2
0 49 60: 1441, 10, 2
0 49 61: 1441, 10, 2
0 49 62: 1441, 10, 1
0 49 63: 1441, 10, 1
0 50 3: 1441, 10, 3
0 50 4: 1441, 10, 3
0 50 5: 1441, 10, 3
0 50 6: 1441, 10, 3
0 50 7: 1441, 10, 3
0 50 8: 1441, 10, 3
0 50 9: 1441, 10, 3
0 50 10: 1441, 10, 3
0 50 11: 1441, 10, 3
0 50 12: 1441, 10, 3
0 50 13: 1441, 10, 3
0 50 14: 1441, 10, 0
0 50 15: 1441, 10, 0
0 50 16: 1441, 10, 0
0 50 17: 1441, 10, 0
0 50 18: 1441, 10, 0
0 50 19: 1441, 10, 0
0 50 20: 1441, 10, 0
0 50 21: 1441, 10, 0
0 50 22: 1441, 10, 0
0 50 23: 1441, 10, 0
0 50 24: 1441, 10, 0
0 50 25: 1441, 10, 0
0 50 26: 1441, 10, 0
0 50 27: 1441, 10, 0
0 50 28: 1441, 10, 0
0 50 29: 1441, 10, 0
0 50 30: 1441, 10, 0
0 50 31: 1441, 10, 0
0 50 32: 1441, 10, 0
0 50 33: 1441, 10, 0
0 50 34: 1441, 10, 0
0 50 35: 1441, 10, 2
0 50 36: 1441, 10, 2
0 50 37: 1441, 10, 2
0 50 38: 1441, 10, 2
0 50 39: 1441, 10, 1
0 50 40: 1441, 10, 1
0 50 41: 1441, 10, 1
0 50 42: 1440, 0, 1
0 50 43: 103, 10, 1
0 50 44: 1440, 0, 3
0 50 45: 1441, 10, 1
0 50 46: 1441, 10, 2
0 50 47: 1441, 10, 2
0 50 48: 1441, 10, 2
0 50 49: 1440, 0, 1
0 50 54: 1440, 9, 2
0 50 55: 1440, 1, 2
0 50 56: 1441, 10, 2
0 50 57: 1441, 10, 2
0 50 58: 1441, 10, 2
0 50 59: 1441, 10, 2
0 50 60: 1441, 10, 2
0 50 61: 1441, 10, 2
0 50 62: 1441, 10, 1
0 50 63: 1441, 10, 1
0 51 3: 1441, 10, 3
0 51 4: 1441, 10, 3
0 51 5: 1441, 10, 3
0 51 6: 1441, 10, 3
0 51 7: 1441, 10, 3
0 51 8: 1441, 10, 3
0 51 9: 1441, 10, 3
0 51 10: 1441, 10, 3
0 51 11: 1441, 10, 3
0 51 12: 1441, 10, 3
0 51 13: 1441, 10, 3
0 51 14: 1441, 10, 3
0 51 15: 1441, 10, 0
0 51 16: 1441, 10, 0
0 51 17: 1441, 10, 0
0 51 18: 1441, 10, 0
0 51 19: 1441, 10, 0
0 51 20: 1441, 10, 0
0 51 21: 1441, 10, 0
0 51 22: 1441, 10, 0
0 51 23: 1441, 10, 0
0 51 24: 1441, 10, 0
0 51 25: 1441, 10, 0
0 51 26: 1441, 10, 0
0 51 27: 1441, 10, 0
0 51 28: 1441, 10, 0
0 51 29: 1441, 10, 0
0 51 30: 1441, 10, 0
0 51 31: 1441, 10, 2
0 51 32: 1441, 10, 2
0 51 33: 1441, 10, 2
0 51 34: 1441, 10, 2
0 51 35: 1441, 10, 2
0 51 36: 1441, 10, 2
0 51 37: 1441, 10, 2
0 51 38: 1441, 10, 2
0 51 39: 1441, 10, 1
0 51 40: 1441, 10, 1
0 51 41: 1441, 10, 1
0 51 42: 1440, 0, 1
0 51 44: 1440, 0, 3
0 51 45: 1441, 10, 1
0 51 46: 1441, 10, 2
0 51 47: 1441, 10, 2
0 51 48: 1440, 1, 1
0 51 49: 1440, 9, 1
0 51 54: 559, 22, 1
0 51 55: 1440, 0, 3
0 51 56: 1441, 10, 2
0 51 57: 1441, 10, 2
0 51 58: 1441, 10, 2
0 51 59: 1441, 10, 2
0 51 60: 1441, 10, 2
0 51 61: 1441, 10, 2
0 51 62: 1441, 10, 1
0 51 63: 1441, 10, 1
0 52 3: 1441, 10, 3
0 52 4: 1441, 10, 3
0 52 5: 1441, 10, 3
0 52 6: 1441, 10, 3
0 52 7: 1441, 10, 3
0 52 8: 1441, 10, 3
0 52 9: 1441, 10, 3
0 52 10: 1441, 10, 3
0 52 11: 1441, 10, 3
0 52 12: 1441, 10, 3
0 52 13: 1441, 10, 3
0 52 14: 1441, 10, 3
0 52 15: 1441, 10, 3
0 52 16: 1441, 10, 0
0 52 17: 1441, 10, 0
0 52 18: 1441, 10, 0
0 52 19: 1441, 10, 0
0 52 20: 1441, 10, 0
0 52 21: 1441, 10, 0
0 52 22: 1441, 10, 0
0 52 23: 1441, 10, 0
0 52 24: 1441, 10, 0
0 52 25: 1441, 10, 0
0 52 26: 1441, 10, 0
0 52 27: 1441, 10, 0
0 52 28: 1441, 10, 0
0 52 29: 1441, 10, 0
0 52 30: 1441, 10, 2
0 52 31: 1441, 10, 2
0 52 32: 1441, 10, 2
0 52 33: 1441, 10, 2
0 52 34: 1441, 10, 2
0 52 35: 1441, 10, 2
0 52 36: 1441, 10, 2
0 52 37: 1441, 10, 2
0 52 38: 1441, 10, 2
0 52 39: 1441, 10, 1
0 52 40: 1441, 10, 1
0 52 41: 1441, 10, 1
0 52 42: 1440, 0, 1
0 52 44: 1440, 0, 3
0 52 45: 1441, 10, 1
0 52 46: 1440, 1, 1
0 52 47: 1440, 0, 2
0 52 48: 1440, 9, 1
0 52 49: 559, 22, 2
0 52 53: 559, 22, 0
0 52 54: 560, 22, 2
0 52 54: 1446, 4, 1
0 52 55: 1440, 0, 3
0 52 56: 1441, 10, 2
0 52 57: 1441, 10, 2
0 52 58: 1441, 10, 2
0 52 59: 1441, 10, 2
0 52 60: 1441, 10, 2
0 52 61: 1441, 10, 2
0 52 62: 1441, 10, 1
0 52 63: 1441, 10, 1
0 53 3: 1441, 10, 3
0 53 4: 1441, 10, 3
0 53 5: 1441, 10, 3
0 53 6: 1441, 10, 3
0 53 7: 1441, 10, 3
0 53 8: 1441, 10, 3
0 53 9: 1441, 10, 3
0 53 10: 1441, 10, 3
0 53 11: 1441, 10, 3
0 53 12: 1441, 10, 3
0 53 13: 1441, 10, 3
0 53 14: 1441, 10, 3
0 53 15: 1441, 10, 3
0 53 16: 1441, 10, 3
0 53 17: 1441, 10, 3
0 53 18: 1441, 10, 0
0 53 19: 1441, 10, 0
0 53 20: 1441, 10, 0
0 53 21: 1441, 10, 0
0 53 22: 1441, 10, 0
0 53 23: 1441, 10, 0
0 53 24: 1441, 10, 0
0 53 25: 1441, 10, 0
0 53 26: 1441, 10, 2
0 53 27: 1441, 10, 2
0 53 28: 1441, 10, 2
0 53 29: 1441, 10, 2
0 53 30: 1441, 10, 2
0 53 31: 1441, 10, 2
0 53 32: 1441, 10, 2
0 53 33: 1441, 10, 2
0 53 34: 1441, 10, 2
0 53 35: 1441, 10, 2
0 53 36: 1441, 10, 2
0 53 37: 1441, 10, 2
0 53 38: 1441, 10, 2
0 53 39: 1441, 10, 2
0 53 40: 1440, 1, 0
0 53 40: 1441, 10, 1
0 53 41: 1440, 1, 1
0 53 42: 1440, 9, 1
0 53 43: 559, 22, 2
0 53 44: 1440, 9, 2
0 53 45: 1440, 0, 2
0 53 46: 1440, 9, 1
0 53 47: 510, 10, 1
0 53 54: 559, 22, 3
0 53 55: 1440, 9, 2
0 53 56: 1440, 1, 2
0 53 57: 1441, 10, 2
0 53 58: 1441, 10, 2
0 53 59: 1441, 10, 2
0 53 60: 1441, 10, 2
0 53 61: 1441, 10, 2
0 53 62: 1441, 10, 1
0 53 63: 1441, 10, 1
0 54 3: 1441, 10, 3
0 54 4: 1441, 10, 3
0 54 5: 1441, 10, 3
0 54 6: 1441, 10, 3
0 54 7: 1441, 10, 3
0 54 8: 1441, 10, 3
0 54 9: 1441, 10, 3
0 54 10: 1441, 10, 3
0 54 11: 1441, 10, 3
0 54 12: 1441, 10, 3
0 54 13: 1441, 10, 3
0 54 14: 1441, 10, 3
0 54 15: 1441, 10, 3
0 54 16: 1441, 10, 3
0 54 17: 1441, 10, 3
0 54 18: 1441, 10, 0
0 54 19: 1441, 10, 0
0 54 20: 1441, 10, 0
0 54 21: 1441, 10, 0
0 54 22: 1441, 10, 0
0 54 23: 1441, 10, 0
0 54 24: 1441, 10, 0
0 54 25: 1441, 10, 2
0 54 26: 1441, 10, 2
0 54 27: 1441, 10, 2
0 54 28: 1441, 10, 2
0 54 29: 1441, 10, 2
0 54 30: 1441, 10, 2
0 54 31: 1441, 10, 2
0 54 32: 1441, 10, 2
0 54 33: 1441, 10, 2
0 54 34: 1441, 10, 2
0 54 35: 1440, 1, 1
0 54 36: 1440, 0, 2
0 54 37: 1440, 0, 2
0 54 38: 1440, 1, 2
0 54 39: 1441, 10, 2
0 54 40: 1441, 10, 2
0 54 41: 1440, 0, 1
0 54 42: 560, 22, 3
0 54 43: 559, 22, 1
0 54 45: 555, 10, 0
0 54 56: 1440, 9, 2
0 54 57: 1440, 1, 2
0 54 58: 1441, 10, 2
0 54 59: 1441, 10, 2
0 54 60: 1441, 10, 2
0 54 61: 1441, 10, 2
0 54 62: 1441, 10, 2
0 54 63: 1441, 10, 1
0 55 3: 1441, 10, 3
0 55 4: 1441, 10, 3
0 55 5: 1441, 10, 3
0 55 6: 1441, 10, 3
0 55 7: 1441, 10, 3
0 55 8: 1441, 10, 3
0 55 9: 1441, 10, 3
0 55 10: 1441, 10, 3
0 55 11: 1441, 10, 3
0 55 12: 1441, 10, 3
0 55 13: 1441, 10, 3
0 55 14: 1441, 10, 3
0 55 15: 1441, 10, 3
0 55 16: 1441, 10, 3
0 55 17: 1441, 10, 3
0 55 18: 1441, 10, 3
0 55 19: 1441, 10, 3
0 55 20: 1441, 10, 3
0 55 21: 1441, 10, 3
0 55 22: 1441, 10, 3
0 55 23: 1441, 10, 0
0 55 24: 1441, 10, 2
0 55 25: 1441, 10, 2
0 55 26: 1441, 10, 2
0 55 27: 1441, 10, 2
0 55 28: 1441, 10, 2
0 55 29: 1441, 10, 2
0 55 30: 1441, 10, 2
0 55 31: 1441, 10, 2
0 55 32: 1440, 1, 1
0 55 33: 1440, 0, 2
0 55 34: 1440, 0, 2
0 55 35: 1440, 9, 1
0 55 36: 1247, 22, 0
0 55 38: 1440, 9, 2
0 55 39: 1440, 0, 2
0 55 40: 1440, 0, 2
0 55 41: 1440, 9, 1
0 55 42: 559, 22, 0
0 55 52: 1440, 9, 3
0 55 52: 1446, 7, 3
0 55 53: 1440, 0, 0
0 55 54: 1440, 9, 0
0 55 56: 1445, 4, 1
0 55 57: 1440, 0, 3
0 55 58: 1441, 10, 2
0 55 59: 1441, 10, 2
0 55 60: 1441, 10, 2
0 55 61: 1441, 10, 2
0 55 62: 1441, 10, 2
0 55 63: 1441, 10, 1
0 56 3: 1441, 10, 3
0 56 4: 1441, 10, 3
0 56 5: 1441, 10, 3
0 56 6: 1441, 10, 3
0 56 7: 1441, 10, 3
0 56 8: 1441, 10, 3
0 56 9: 1441, 10, 3
0 56 10: 1441, 10, 3
0 56 11: 1441, 10, 3
0 56 12: 1441, 10, 3
0 56 13: 1441, 10, 3
0 56 14: 1441, 10, 3
0 56 15: 1441, 10, 3
0 56 16: 1441, 10, 3
0 56 17: 1441, 10, 3
0 56 18: 1441, 10, 3
0 56 19: 1441, 10, 3
0 56 20: 1441, 10, 3
0 56 21: 1441, 10, 0
0 56 22: 1441, 10, 0
0 56 23: 1441, 10, 0
0 56 24: 1441, 10, 2
0 56 25: 1441, 10, 2
0 56 26: 1441, 10, 2
0 56 27: 1441, 10, 2
0 56 28: 1440, 1, 1
0 56 29: 1440, 0, 2
0 56 30: 1440, 0, 2
0 56 31: 1440, 0, 2
0 56 32: 1440, 9, 1
0 56 33: 559, 22, 3
0 56 34: 560, 22, 3
0 56 35: 559, 22, 3
0 56 39: 198, 4, 0
0 56 51: 198, 4, 1
0 56 52: 1440, 0, 3
0 56 53: 1441, 10, 2
0 56 54: 1440, 1, 0
0 56 55: 1440, 9, 0
0 56 56: 1445, 4, 1
0 56 57: 1440, 0, 3
0 56 58: 1441, 10, 2
0 56 59: 1441, 10, 2
0 56 60: 1441, 10, 2
0 56 61: 1441, 10, 2
0 56 62: 1441, 10, 2
0 56 63: 1441, 10, 1
0 57 4: 1441, 10, 3
0 57 5: 1441, 10, 3
0 57 6: 1441, 10, 3
0 57 7: 1441, 10, 3
0 57 8: 1441, 10, 3
0 57 9: 1441, 10, 3
0 57 10: 1441, 10, 3
0 57 11: 1441, 10, 3
0 57 12: 1441, 10, 3
0 57 13: 1441, 10, 3
0 57 14: 1441, 10, 3
0 57 15: 1441, 10, 3
0 57 16: 1441, 10, 3
0 57 17: 1441, 10, 3
0 57 18: 1441, 10, 3
0 57 19: 1441, 10, 3
0 57 20: 1441, 10, 3
0 57 21: 1441, 10, 3
0 57 22: 1441, 10, 3
0 57 23: 1441, 10, 3
0 57 24: 1441, 10, 2
0 57 25: 1441, 10, 2
0 57 26: 1441, 10, 2
0 57 27: 1441, 10, 2
0 57 28: 1440, 0, 1
0 57 29: 103, 10, 0
0 57 30: 1447, 4, 2
0 57 31: 1446, 4, 2
0 57 34: 559, 22, 2
0 57 51: 1447, 4, 1
0 57 52: 1440, 0, 3
0 57 53: 1441, 10, 2
0 57 54: 1441, 10, 2
0 57 55: 1440, 0, 1
0 57 56: 1446, 4, 1
0 57 57: 1440, 0, 3
0 57 58: 1441, 10, 2
0 57 59: 1441, 10, 2
0 57 60: 1441, 10, 2
0 57 61: 1441, 10, 2
0 57 62: 1441, 10, 2
0 57 63: 1441, 10, 1
0 58 5: 1441, 10, 3
0 58 6: 1441, 10, 3
0 58 7: 1441, 10, 3
0 58 8: 1441, 10, 3
0 58 9: 1441, 10, 3
0 58 10: 1441, 10, 3
0 58 11: 1441, 10, 3
0 58 12: 1441, 10, 3
0 58 13: 1441, 10, 3
0 58 14: 1441, 10, 3
0 58 15: 1441, 10, 3
0 58 16: 1441, 10, 3
0 58 17: 1441, 10, 3
0 58 18: 1441, 10, 3
0 58 19: 1441, 10, 3
0 58 20: 1441, 10, 3
0 58 21: 1441, 10, 3
0 58 22: 1441, 10, 3
0 58 23: 1441, 10, 3
0 58 24: 1441, 10, 3
0 58 25: 1441, 10, 2
0 58 26: 1441, 10, 2
0 58 27: 1441, 10, 2
0 58 28: 1440, 1, 0
0 58 29: 1440, 0, 0
0 58 30: 1440, 0, 0
0 58 31: 1440, 0, 0
0 58 32: 1440, 9, 0
0 58 34: 510, 10, 1
0 58 39: 559, 22, 0
0 58 41: 1248, 22, 1
0 58 43: 198, 4, 2
0 58 44: 1447, 4, 2
0 58 45: 1446, 4, 2
0 58 48: 510, 10, 0
0 58 51: 1440, 9, 3
0 58 51: 1445, 7, 3
0 58 52: 1440, 1, 3
0 58 53: 1441, 10, 2
0 58 54: 1441, 10, 2
0 58 55: 1440, 0, 1
0 58 57: 1440, 0, 3
0 58 58: 1441, 10, 2
0 58 59: 1441, 10, 2
0 58 60: 1441, 10, 2
0 58 61: 1441, 10, 2
0 58 62: 1441, 10, 2
0 58 63: 1441, 10, 1
0 59 6: 1441, 10, 3
0 59 7: 1441, 10, 3
0 59 8: 1441, 10, 3
0 59 9: 1441, 10, 3
0 59 10: 1441, 10, 3
0 59 11: 1441, 10, 3
0 59 12: 1441, 10, 3
0 59 13: 1441, 10, 3
0 59 14: 1441, 10, 3
0 59 15: 1441, 10, 3
0 59 16: 1441, 10, 3
0 59 17: 1441, 10, 3
0 59 18: 1441, 10, 3
0 59 19: 1441, 10, 3
0 59 20: 1441, 10, 3
0 59 21: 1441, 10, 3
0 59 22: 1441, 10, 3
0 59 23: 1441, 10, 3
0 59 24: 1441, 10, 3
0 59 25: 1441, 10, 2
0 59 26: 1441, 10, 2
0 59 27: 1441, 10, 2
0 59 28: 1441, 10, 2
0 59 29: 1441, 10, 2
0 59 30: 1441, 10, 2
0 59 31: 1441, 10, 2
0 59 32: 1440, 1, 0
0 59 33: 198, 7, 0
0 59 33: 1440, 9, 0
0 59 38: 559, 22, 3
0 59 39: 560, 22, 1
0 59 40: 559, 22, 1
0 59 40: 1446, 4, 2
0 59 41: 1445, 4, 2
0 59 42: 1440, 9, 3
0 59 42: 1446, 7, 3
0 59 43: 1440, 0, 0
0 59 44: 1440, 0, 0
0 59 45: 1440, 0, 0
0 59 46: 1440, 9, 0
0 59 47: 1446, 4, 2
0 59 48: 1445, 4, 2
0 59 49: 1445, 4, 2
0 59 50: 1440, 9, 3
0 59 50: 1446, 7, 3
0 59 51: 1440, 1, 3
0 59 52: 1441, 10, 2
0 59 53: 1441, 10, 2
0 59 54: 1441, 10, 2
0 59 55: 1440, 0, 1
0 59 56: 103, 10, 3
0 59 57: 1440, 0, 3
0 59 58: 1441, 10, 2
0 59 59: 1441, 10, 2
0 59 60: 1441, 10, 2
0 59 61: 1441, 10, 2
0 59 62: 1441, 10, 2
0 59 63: 1441, 10, 1
0 60 7: 1441, 10, 3
0 60 8: 1441, 10, 3
0 60 9: 1441, 10, 3
0 60 10: 1441, 10, 3
0 60 11: 1441, 10, 3
0 60 12: 1441, 10, 3
0 60 13: 1441, 10, 3
0 60 14: 1441, 10, 3
0 60 15: 1441, 10, 3
0 60 16: 1441, 10, 3
0 60 17: 1441, 10, 3
0 60 18: 1441, 10, 3
0 60 19: 1441, 10, 3
0 60 20: 1441, 10, 3
0 60 21: 1441, 10, 3
0 60 22: 1441, 10, 3
0 60 23: 1441, 10, 3
0 60 24: 1441, 10, 3
0 60 25: 1441, 10, 2
0 60 26: 1441, 10, 2
0 60 27: 1441, 10, 2
0 60 28: 1441, 10, 2
0 60 29: 1441, 10, 2
0 60 30: 1441, 10, 2
0 60 31: 1441, 10, 2
0 60 32: 1441, 10, 2
0 60 33: 1440, 1, 0
0 60 34: 1440, 9, 0
0 60 35: 1446, 4, 2
0 60 36: 1446, 4, 2
0 60 37: 555, 10, 3
0 60 37: 1447, 4, 2
0 60 38: 1440, 9, 3
0 60 38: 1446, 7, 3
0 60 39: 1440, 0, 0
0 60 40: 1440, 0, 0
0 60 41: 1440, 0, 0
0 60 42: 1440, 1, 3
0 60 43: 1441, 10, 2
0 60 44: 1441, 10, 2
0 60 45: 1441, 10, 2
0 60 46: 1440, 1, 0
0 60 47: 1440, 0, 0
0 60 48: 1440, 0, 0
0 60 49: 1440, 0, 0
0 60 50: 1440, 1, 3
0 60 51: 1441, 10, 2
0 60 52: 1441, 10, 2
0 60 53: 1441, 10, 2
0 60 54: 1441, 10, 2
0 60 55: 1440, 1, 0
0 60 56: 1440, 0, 0
0 60 57: 1440, 1, 3
0 60 58: 1441, 10, 2
0 60 59: 1441, 10, 2
0 60 60: 1441, 10, 2
0 60 61: 1441, 10, 2
0 60 62: 1441, 10, 1
0 60 63: 1441, 10, 1
0 61 9: 1441, 10, 3
0 61 10: 1441, 10, 3
0 61 11: 1441, 10, 3
0 61 12: 1441, 10, 3
0 61 13: 1441, 10, 3
0 61 14: 1441, 10, 3
0 61 15: 1441, 10, 3
0 61 16: 1441, 10, 3
0 61 17: 1441, 10, 3
0 61 18: 1441, 10, 3
0 61 19: 1441, 10, 3
0 61 20: 1441, 10, 3
0 61 21: 1441, 10, 3
0 61 22: 1441, 10, 3
0 61 23: 1441, 10, 3
0 61 24: 1441, 10, 3
0 61 25: 1441, 10, 3
0 61 26: 1441, 10, 3
0 61 27: 1441, 10, 3
0 61 28: 1441, 10, 3
0 61 29: 1441, 10, 2
0 61 30: 1441, 10, 2
0 61 31: 1441, 10, 2
0 61 32: 1441, 10, 2
0 61 33: 1441, 10, 2
0 61 34: 1440, 1, 0
0 61 35: 1440, 0, 0
0 61 36: 1440, 0, 0
0 61 37: 1440, 0, 0
0 61 38: 1440, 1, 3
0 61 39: 1441, 10, 2
0 61 40: 1441, 10, 2
0 61 41: 1441, 10, 2
0 61 42: 1441, 10, 2
0 61 43: 1441, 10, 2
0 61 44: 1441, 10, 2
0 61 45: 1441, 10, 2
0 61 46: 1441, 10, 2
0 61 47: 1441, 10, 2
0 61 48: 1441, 10, 2
0 61 49: 1441, 10, 2
0 61 50: 1441, 10, 2
0 61 51: 1441, 10, 2
0 61 52: 1441, 10, 2
0 61 53: 1441, 10, 2
0 61 54: 1441, 10, 2
0 61 55: 1441, 10, 2
0 61 56: 1441, 10, 2
0 61 57: 1441, 10, 2
0 61 58: 1441, 10, 2
0 61 59: 1441, 10, 2
0 61 60: 1441, 10, 2
0 61 61: 1441, 10, 2
0 61 62: 1441, 10, 1
0 61 63: 1441, 10, 1
0 62 10: 1441, 10, 3
0 62 11: 1441, 10, 3
0 62 12: 1441, 10, 3
0 62 13: 1441, 10, 3
0 62 14: 1441, 10, 3
0 62 15: 1441, 10, 3
0 62 16: 1441, 10, 3
0 62 17: 1441, 10, 3
0 62 18: 1441, 10, 3
0 62 19: 1441, 10, 3
0 62 20: 1441, 10, 3
0 62 21: 1441, 10, 3
0 62 22: 1441, 10, 3
0 62 23: 1441, 10, 3
0 62 24: 1441, 10, 3
0 62 25: 1441, 10, 3
0 62 26: 1441, 10, 3
0 62 27: 1441, 10, 3
0 62 28: 1441, 10, 3
0 62 29: 1441, 10, 3
0 62 30: 1441, 10, 2
0 62 31: 1441, 10, 2
0 62 32: 1441, 10, 2
0 62 33: 1441, 10, 2
0 62 34: 1441, 10, 2
0 62 35: 1441, 10, 2
0 62 36: 1441, 10, 2
0 62 37: 1441, 10, 2
0 62 38: 1441, 10, 2
0 62 39: 1441, 10, 2
0 62 40: 1441, 10, 2
0 62 41: 1441, 10, 2
0 62 42: 1441, 10, 2
0 62 43: 1441, 10, 2
0 62 44: 1441, 10, 2
0 62 45: 1441, 10, 2
0 62 46: 1441, 10, 2
0 62 47: 1441, 10, 2
0 62 48: 1441, 10, 2
0 62 49: 1441, 10, 2
0 62 50: 1441, 10, 2
0 62 51: 1441, 10, 2
0 62 52: 1441, 10, 2
0 62 53: 1441, 10, 2
0 62 54: 1441, 10, 2
0 62 55: 1441, 10, 2
0 62 56: 1441, 10, 2
0 62 57: 1441, 10, 2
0 62 58: 1441, 10, 2
0 62 59: 1441, 10, 2
0 62 60: 1441, 10, 2
0 62 61: 1441, 10, 2
0 62 62: 1441, 10, 1
0 62 63: 1441, 10, 1
0 63 11: 1441, 10, 3
0 63 12: 1441, 10, 3
0 63 13: 1441, 10, 3
0 63 14: 1441, 10, 3
0 63 15: 1441, 10, 3
0 63 16: 1441, 10, 3
0 63 17: 1441, 10, 3
0 63 18: 1441, 10, 3
0 63 19: 1441, 10, 3
0 63 20: 1441, 10, 3
0 63 21: 1441, 10, 3
0 63 22: 1441, 10, 3
0 63 23: 1441, 10, 3
0 63 24: 1441, 10, 3
0 63 25: 1441, 10, 3
0 63 26: 1441, 10, 3
0 63 27: 1441, 10, 3
0 63 28: 1441, 10, 3
0 63 29: 1441, 10, 3
0 63 30: 1441, 10, 3
0 63 31: 1441, 10, 2
0 63 32: 1441, 10, 2
0 63 33: 1441, 10, 2
0 63 34: 1441, 10, 2
0 63 35: 1441, 10, 2
0 63 36: 1441, 10, 2
0 63 37: 1441, 10, 2
0 63 38: 1441, 10, 2
0 63 39: 1441, 10, 2
0 63 40: 1441, 10, 2
0 63 41: 1441, 10, 2
0 63 42: 1441, 10, 2
0 63 43: 1441, 10, 2
0 63 44: 1441, 10, 2
0 63 45: 1441, 10, 2
0 63 46: 1441, 10, 2
0 63 47: 1441, 10, 2
0 63 48: 1441, 10, 2
0 63 49: 1441, 10, 2
0 63 50: 1441, 10, 2
0 63 51: 1441, 10, 2
0 63 52: 1441, 10, 1
0 63 53: 1441, 10, 2
0 63 54: 1441, 10, 2
0 63 55: 1441, 10, 2
0 63 56: 1441, 10, 2
0 63 57: 1441, 10, 2
0 63 58: 1441, 10, 2
0 63 59: 1441, 10, 2
0 63 60: 1441, 10, 1
0 63 61: 1441, 10, 1
0 63 62: 1441, 10, 1
0 63 63: 1441, 10, 1
1 0 6: 1442, 10, 1
1 0 25: 1442, 10, 3
1 1 7: 1442, 10, 1
1 1 26: 1442, 10, 3
1 1 36: 559, 22, 0
1 1 42: 559, 22, 2
1 2 8: 560, 22, 3
1 2 10: 1442, 10, 1
1 2 27: 1442, 10, 3
1 2 30: 560, 22, 2
1 2 31: 559, 22, 2
1 2 35: 559, 22, 3
1 2 36: 560, 22, 1
1 2 37: 559, 22, 1
1 2 42: 560, 22, 1
1 2 43: 559, 22, 3
1 3 11: 1442, 10, 1
1 3 28: 559, 22, 0
1 3 29: 560, 22, 3
1 3 30: 559, 22, 1
1 3 32: 1442, 10, 2
1 3 40: 1442, 10, 3
1 3 41: 560, 22, 0
1 3 42: 1442, 10, 2
1 3 47: 1442, 10, 3
1 4 12: 1442, 10, 1
1 4 28: 1442, 10, 3
1 4 29: 1442, 10, 2
1 4 50: 1442, 10, 3
1 5 12: 560, 22, 0
1 5 14: 560, 22, 3
1 5 15: 559, 22, 2
1 5 16: 1442, 10, 1
1 5 51: 1442, 10, 3
1 5 52: 559, 22, 0
1 6 17: 559, 22, 3
1 6 18: 560, 22, 3
1 6 19: 559, 22, 0
1 6 21: 1442, 10, 1
1 6 52: 560, 22, 0
1 6 53: 559, 22, 1
1 7 22: 1442, 10, 1
1 7 52: 559, 22, 2
1 7 53: 559, 22, 0
1 8 23: 1442, 10, 1
1 8 52: 559, 22, 2
1 9 24: 1442, 10, 1
1 9 52: 1442, 10, 3
1 10 23: 559, 22, 1
1 10 24: 560, 22, 3
1 10 25: 559, 22, 3
1 10 26: 1442, 10, 1
1 10 35: 1442, 10, 0
1 10 36: 1442, 10, 1
1 10 53: 1442, 10, 3
1 11 24: 559, 22, 2
1 11 29: 1442, 10, 1
1 11 34: 1442, 10, 0
1 11 35: 559, 22, 1
1 11 36: 559, 22, 0
1 11 37: 1442, 10, 1
1 12 39: 560, 22, 1
1 12 40: 559, 22, 0
1 12 42: 1442, 10, 1
1 12 54: 559, 22, 3
1 13 40: 560, 22, 2
1 13 41: 559, 22, 2
1 13 54: 560, 22, 3
1 14 54: 559, 22, 2
1 14 55: 560, 22, 2
1 14 56: 559, 22, 1
1 15 43: 1442, 10, 1
1 15 54: 559, 22, 3
1 15 55: 559, 22, 0
1 16 44: 1442, 10, 1
1 17 26: 1467, 10, 2
1 17 33: 1467, 10, 3
1 18 23: 1467, 10, 2
1 18 34: 1467, 10, 3
1 19 22: 1467, 10, 2
1 19 37: 1467, 10, 3
1 19 45: 1442, 10, 1
1 19 54: 1442, 10, 3
1 20 18: 1467, 10, 2
1 20 38: 1467, 10, 3
1 20 46: 1442, 10, 1
1 20 55: 1442, 10, 3
1 21 13: 1467, 10, 2
1 22 12: 1467, 10, 2
1 23 11: 1467, 10, 2
1 23 56: 559, 22, 1
1 24 39: 1467, 10, 3
1 24 47: 1442, 10, 1
1 24 56: 559, 22, 2
1 24 57: 559, 22, 0
1 25 10: 1467, 10, 2
1 25 48: 1442, 10, 1
1 25 56: 560, 22, 1
1 25 57: 559, 22, 1
1 26 8: 1467, 10, 2
1 26 56: 559, 22, 0
1 27 47: 559, 22, 2
1 28 48: 559, 22, 3
1 28 56: 1442, 10, 3
1 29 46: 559, 22, 0
1 29 47: 560, 22, 3
1 29 48: 1442, 10, 2
1 29 57: 1442, 10, 3
1 31 58: 559, 22, 0
1 32 8: 1467, 10, 1
1 32 39: 1467, 10, 0
1 32 58: 560, 22, 1
1 33 9: 1467, 10, 1
1 33 38: 1467, 10, 0
1 33 48: 1442, 10, 1
1 33 58: 559, 22, 3
1 34 11: 1467, 10, 1
1 34 49: 1442, 10, 1
1 35 57: 1442, 10, 0
1 36 37: 1467, 10, 0
1 36 49: 559, 22, 1
1 37 12: 1467, 10, 1
1 37 48: 559, 22, 2
1 37 49: 560, 22, 0
1 38 13: 1467, 10, 1
1 38 49: 559, 22, 3
1 39 16: 1467, 10, 1
1 39 57: 1442, 10, 3
1 40 18: 1467, 10, 1
1 40 36: 1467, 10, 0
1 40 50: 1442, 10, 1
1 41 19: 1467, 10, 1
1 41 35: 1467, 10, 0
1 41 50: 1442, 10, 2
1 42 21: 1467, 10, 1
1 42 34: 1467, 10, 0
1 42 49: 1442, 10, 2
1 43 22: 1467, 10, 1
1 43 31: 1467, 10, 0
1 43 57: 1442, 10, 0
1 44 23: 1467, 10, 1
1 44 30: 1467, 10, 0
1 44 48: 560, 22, 2
1 44 57: 559, 22, 3
1 45 48: 559, 22, 3
1 45 57: 560, 22, 0
1 46 47: 559, 22, 3
1 46 48: 560, 22, 0
1 46 56: 1442, 10, 0
1 47 48: 559, 22, 0
1 47 55: 1442, 10, 0
1 48 45: 559, 22, 2
1 48 55: 559, 22, 3
1 48 57: 559, 22, 0
1 49 40: 559, 22, 3
1 49 41: 560, 22, 2
1 49 45: 560, 22, 3
1 49 46: 559, 22, 1
1 49 55: 1442, 10, 3
1 49 57: 560, 22, 0
1 50 41: 559, 22, 0
1 50 45: 559, 22, 0
1 50 48: 1442, 10, 2
1 51 41: 559, 22, 2
1 51 47: 1442, 10, 2
1 52 41: 1442, 10, 2
1 52 56: 1442, 10, 3
1 53 32: 559, 22, 1
1 53 57: 1442, 10, 3
1 54 32: 560, 22, 2
1 54 33: 559, 22, 2
1 54 34: 1442, 10, 2
1 54 39: 1442, 10, 3
1 54 40: 1442, 10, 2
1 55 31: 1442, 10, 2
1 55 58: 559, 22, 3
1 56 58: 560, 22, 2
1 56 59: 559, 22, 2
1 57 54: 1442, 10, 1
1 57 58: 559, 22, 1
1 58 54: 560, 22, 2
1 58 58: 560, 22, 3
1 59 31: 1442, 10, 1
1 59 52: 1442, 10, 0
1 60 32: 1442, 10, 1
1 60 43: 1442, 10, 0
1 60 45: 1442, 10, 1
1 60 51: 1442, 10, 0
1 61 33: 1442, 10, 1
1 61 39: 1442, 10, 0
1 61 40: 560, 22, 0
1 61 41: 559, 22, 2
1 61 42: 559, 22, 3
1 61 47: 559, 22, 1
1 61 48: 560, 22, 1
1 61 49: 559, 22, 2
1 62 34: 559, 22, 3
1 62 35: 559, 22, 3
1 62 36: 560, 22, 3
1 62 40: 559, 22, 1
1 62 41: 559, 22, 1
1 62 48: 559, 22, 0
1 63 35: 559, 22, 0
1 63 36: 559, 22, 0
