0 5 61: 3703, 22, 1
0 6 62: 3703, 22, 3
0 6 63: 3703, 22, 2
0 7 60: 3703, 22, 0
0 7 61: 3703, 22, 1
0 7 62: 3702, 22, 2
0 7 63: 3703, 22, 0
0 8 41: 3703, 22, 2
0 8 60: 3720, 22, 0
0 8 61: 3703, 22, 3
0 8 62: 3703, 22, 0
0 9 40: 3703, 22, 2
0 9 41: 3704, 22, 1
0 9 59: 3702, 22, 3
0 9 62: 3703, 22, 2
0 9 63: 3704, 22, 1
0 10 41: 3703, 22, 0
0 10 42: 3703, 22, 3
0 10 44: 3721, 22, 3
0 10 61: 3703, 22, 2
0 10 63: 3703, 22, 1
0 11 6: 3703, 22, 0
0 11 7: 3703, 22, 1
0 11 41: 3703, 22, 3
0 11 59: 3704, 22, 1
0 12 5: 3703, 22, 0
0 12 6: 3702, 22, 2
0 12 7: 3703, 22, 2
0 12 40: 3703, 22, 2
0 12 41: 3704, 22, 3
0 12 42: 3703, 22, 0
0 12 46: 3703, 22, 0
0 12 60: 3703, 22, 1
0 12 61: 3704, 22, 3
0 12 62: 3703, 22, 0
0 13 4: 3703, 22, 1
0 13 5: 3703, 22, 2
0 13 6: 3703, 22, 3
0 13 38: 3703, 22, 3
0 13 40: 3720, 22, 1
0 13 41: 3703, 22, 1
0 13 42: 3703, 22, 1
0 13 44: 3721, 22, 2
0 13 45: 3720, 22, 2
0 13 46: 3703, 22, 3
0 13 47: 3702, 22, 0
0 13 61: 3720, 22, 3
0 13 62: 3703, 22, 0
0 13 63: 3703, 22, 2
0 14 3: 3703, 22, 0
0 14 4: 3704, 22, 1
0 14 5: 3703, 22, 3
0 14 39: 3703, 22, 1
0 14 42: 3703, 22, 0
0 14 43: 3703, 22, 2
0 14 45: 3703, 22, 2
0 14 46: 3703, 22, 3
0 14 47: 3703, 22, 2
0 14 48: 3703, 22, 1
0 14 60: 3703, 22, 1
0 14 61: 3703, 22, 3
0 14 62: 3702, 22, 1
0 14 63: 3703, 22, 0
0 15 2: 3703, 22, 1
0 15 3: 3703, 22, 2
0 15 4: 3703, 22, 2
0 15 5: 3721, 22, 1
0 15 6: 3703, 22, 0
0 15 38: 3703, 22, 1
0 15 39: 3702, 22, 3
0 15 40: 3703, 22, 0
0 15 42: 3720, 22, 0
0 15 43: 3703, 22, 1
0 15 44: 3704, 22, 0
0 15 45: 3703, 22, 0
0 15 46: 3703, 22, 3
0 15 59: 3703, 22, 0
0 15 60: 3703, 22, 2
0 15 63: 3703, 22, 3
0 16 1: 3703, 22, 0
0 16 2: 3702, 22, 0
0 16 3: 3703, 22, 3
0 16 5: 3703, 22, 1
0 16 6: 3703, 22, 3
0 16 8: 3703, 22, 0
0 16 39: 3703, 22, 0
0 16 42: 3703, 22, 3
0 16 43: 3703, 22, 1
0 16 44: 3703, 22, 1
0 16 46: 3720, 22, 3
0 16 47: 3703, 22, 0
0 16 48: 3703, 22, 0
0 16 59: 3703, 22, 2
0 16 60: 3704, 22, 3
0 16 61: 3703, 22, 2
0 16 62: 3703, 22, 1
0 17 1: 3703, 22, 3
0 17 2: 3703, 22, 2
0 17 3: 3703, 22, 1
0 17 4: 3702, 22, 1
0 17 6: 3703, 22, 2
0 17 7: 3702, 22, 0
0 17 8: 3703, 22, 1
0 17 40: 3721, 22, 1
0 17 42: 3703, 22, 1
0 17 44: 3721, 22, 0
0 17 45: 3703, 22, 3
0 17 48: 3704, 22, 2
0 17 49: 3703, 22, 1
0 17 51: 3703, 22, 2
0 17 60: 3703, 22, 1
0 17 61: 3703, 22, 0
0 17 62: 3704, 22, 2
0 17 63: 3720, 22, 1
0 18 2: 3721, 22, 2
0 18 3: 3703, 22, 3
0 18 5: 3703, 22, 2
0 18 7: 3703, 22, 2
0 18 8: 3703, 22, 1
0 18 9: 3703, 22, 2
0 18 18: 3704, 22, 0
0 18 35: 3703, 22, 2
0 18 38: 3703, 22, 1
0 18 43: 3702, 22, 0
0 18 45: 3702, 22, 3
0 18 46: 3703, 22, 3
0 18 47: 3703, 22, 1
0 18 50: 3703, 22, 3
0 18 52: 3703, 22, 3
0 18 62: 3703, 22, 3
0 19 1: 3703, 22, 2
0 19 2: 3703, 22, 0
0 19 3: 3704, 22, 0
0 19 4: 3721, 22, 0
0 19 6: 3703, 22, 2
0 19 19: 3721, 22, 3
0 19 34: 3703, 22, 2
0 19 36: 3703, 22, 1
0 19 41: 3702, 22, 2
0 19 42: 3703, 22, 2
0 19 45: 3703, 22, 0
0 19 47: 3721, 22, 1
0 19 50: 3720, 22, 2
0 19 51: 3702, 22, 2
0 19 52: 3703, 22, 1
0 19 60: 3703, 22, 0
0 20 1: 3720, 22, 0
0 20 2: 3703, 22, 1
0 20 3: 3703, 22, 1
0 20 4: 3703, 22, 1
0 20 6: 3703, 22, 0
0 20 7: 3704, 22, 2
0 20 8: 3703, 22, 2
0 20 11: 3703, 22, 1
0 20 18: 3704, 22, 3
0 20 33: 3703, 22, 1
0 20 37: 3703, 22, 0
0 20 39: 3769, 10, 0
0 20 42: 3703, 22, 3
0 20 46: 3703, 22, 2
0 20 51: 3703, 22, 2
0 20 52: 3703, 22, 0
0 20 53: 3703, 22, 0
0 20 61: 3720, 22, 2
0 20 62: 3703, 22, 1
0 21 2: 3703, 22, 0
0 21 3: 3702, 22, 3
0 21 4: 3703, 22, 2
0 21 6: 3720, 22, 3
0 21 7: 3703, 22, 3
0 21 9: 3703, 22, 0
0 21 34: 3703, 22, 0
0 21 35: 3703, 22, 2
0 21 36: 3703, 22, 2
0 21 42: 3703, 22, 3
0 21 44: 3721, 22, 2
0 21 46: 3702, 22, 2
0 21 47: 3720, 22, 0
0 21 48: 3703, 22, 0
0 21 61: 3703, 22, 1
0 21 62: 3704, 22, 0
0 21 63: 3703, 22, 2
0 22 0: 3703, 22, 2
0 22 2: 3703, 22, 3
0 22 3: 3703, 22, 2
0 22 6: 3703, 22, 3
0 22 7: 3714, 10, 3
0 22 33: 3703, 22, 3
0 22 38: 3720, 22, 1
0 22 39: 3721, 22, 1
0 22 41: 3703, 22, 0
0 22 43: 3703, 22, 1
0 22 44: 3703, 22, 3
0 22 45: 3703, 22, 2
0 22 46: 3703, 22, 3
0 22 47: 3703, 22, 0
0 22 48: 3703, 22, 3
0 22 49: 3703, 22, 1
0 22 52: 3703, 22, 3
0 22 62: 3703, 22, 0
0 22 63: 3703, 22, 3
0 23 3: 3721, 22, 3
0 23 5: 3703, 22, 3
0 23 6: 3715, 10, 3
0 23 8: 3703, 22, 2
0 23 41: 3703, 22, 1
0 23 42: 3703, 22, 1
0 23 43: 3703, 22, 0
0 23 44: 3703, 22, 1
0 23 45: 3702, 22, 3
0 23 46: 3703, 22, 3
0 23 47: 3703, 22, 2
0 23 48: 3703, 22, 2
0 23 49: 3702, 22, 0
0 23 61: 3703, 22, 3
0 23 62: 3714, 10, 1
0 24 1: 3703, 22, 3
0 24 2: 3703, 22, 2
0 24 4: 3703, 22, 2
0 24 5: 3702, 22, 3
0 24 8: 3714, 10, 0
0 24 10: 3703, 22, 2
0 24 13: 3703, 22, 0
0 24 15: 3703, 22, 0
0 24 34: 3703, 22, 2
0 24 39: 3703, 22, 3
0 24 40: 3703, 22, 2
0 24 41: 3703, 22, 3
0 24 43: 3703, 22, 1
0 24 45: 3703, 22, 0
0 24 46: 3703, 22, 2
0 24 48: 3703, 22, 0
0 24 50: 3703, 22, 1
0 24 52: 3702, 22, 1
0 24 61: 3703, 22, 2
0 24 62: 3703, 22, 1
0 24 63: 3703, 22, 0
0 25 0: 3703, 22, 1
0 25 1: 3703, 22, 0
0 25 2: 3704, 22, 3
0 25 3: 3703, 22, 1
0 25 5: 3703, 22, 0
0 25 6: 3703, 22, 1
0 25 8: 3703, 22, 1
0 25 9: 3703, 22, 2
0 25 10: 3703, 22, 1
0 25 13: 3703, 22, 3
0 25 14: 3704, 22, 0
0 25 15: 3703, 22, 3
0 25 30: 3703, 22, 3
0 25 32: 3704, 22, 1
0 25 33: 3703, 22, 2
0 25 34: 3702, 22, 3
0 25 36: 3703, 22, 0
0 25 37: 3703, 22, 0
0 25 40: 3703, 22, 2
0 25 41: 3702, 22, 0
0 25 42: 3703, 22, 0
0 25 46: 3721, 22, 3
0 25 48: 3703, 22, 0
0 25 51: 3703, 22, 2
0 25 60: 3714, 10, 0
0 25 61: 3702, 22, 1
0 25 62: 3703, 22, 3
0 26 1: 3702, 22, 3
0 26 2: 3721, 22, 1
0 26 3: 3703, 22, 0
0 26 5: 3721, 22, 3
0 26 6: 3703, 22, 2
0 26 8: 3721, 22, 0
0 26 9: 3703, 22, 2
0 26 10: 3703, 22, 0
0 26 13: 3703, 22, 2
0 26 14: 3703, 22, 0
0 26 32: 3703, 22, 1
0 26 33: 3703, 22, 1
0 26 34: 3703, 22, 1
0 26 35: 3703, 22, 0
0 26 37: 3703, 22, 3
0 26 39: 3703, 22, 3
0 26 41: 3703, 22, 2
0 26 42: 3721, 22, 0
0 26 43: 3703, 22, 0
0 26 48: 3720, 22, 3
0 26 50: 3703, 22, 0
0 26 59: 3703, 22, 0
0 26 60: 3703, 22, 3
0 26 61: 3703, 22, 0
0 26 62: 3720, 22, 0
0 27 0: 3703, 22, 1
0 27 2: 3703, 22, 3
0 27 4: 3703, 22, 3
0 27 5: 3703, 22, 0
0 27 6: 3703, 22, 0
0 27 7: 3703, 22, 3
0 27 10: 3703, 22, 3
0 27 12: 3721, 22, 2
0 27 15: 3703, 22, 3
0 27 17: 3703, 22, 3
0 27 18: 3703, 22, 2
0 27 19: 3703, 22, 1
0 27 24: 3703, 22, 0
0 27 28: 3703, 22, 1
0 27 30: 3703, 22, 2
0 27 33: 3703, 22, 3
0 27 34: 3720, 22, 1
0 27 38: 3703, 22, 1
0 27 41: 3720, 22, 1
0 27 45: 3720, 22, 3
0 27 47: 3703, 22, 3
0 27 50: 3720, 22, 1
0 27 59: 3703, 22, 2
0 27 60: 3720, 22, 3
0 27 61: 3719, 10, 1
0 27 63: 3703, 22, 1
0 28 1: 3703, 22, 2
0 28 2: 3721, 22, 0
0 28 4: 3703, 22, 2
0 28 5: 3718, 10, 1
0 28 7: 3720, 22, 1
0 28 8: 3703, 22, 2
0 28 10: 3721, 22, 1
0 28 11: 3703, 22, 2
0 28 12: 3715, 10, 2
0 28 14: 3703, 22, 3
0 28 15: 3721, 22, 1
0 28 17: 3703, 22, 2
0 28 18: 3702, 22, 3
0 28 19: 3703, 22, 1
0 28 20: 3703, 22, 0
0 28 21: 3704, 22, 2
0 28 24: 3703, 22, 0
0 28 25: 3703, 22, 2
0 28 26: 3703, 22, 1
0 28 27: 3703, 22, 0
0 28 28: 3702, 22, 0
0 28 29: 3703, 22, 3
0 28 30: 3703, 22, 0
0 28 31: 3703, 22, 0
0 28 37: 3703, 22, 0
0 28 39: 3703, 22, 1
0 28 40: 3703, 22, 1
0 28 47: 3703, 22, 2
0 28 59: 3717, 10, 0
0 28 63: 3720, 22, 1
0 29 2: 3703, 22, 1
0 29 3: 3703, 22, 1
0 29 4: 3720, 22, 2
0 29 7: 3717, 10, 3
0 29 9: 3703, 22, 3
0 29 11: 3714, 10, 2
0 29 14: 3702, 22, 0
0 29 15: 3703, 22, 0
0 29 18: 3703, 22, 0
0 29 19: 3721, 22, 0
0 29 21: 3703, 22, 3
0 29 22: 3703, 22, 2
0 29 24: 3703, 22, 1
0 29 25: 3702, 22, 1
0 29 28: 3703, 22, 2
0 29 33: 3703, 22, 1
0 29 42: 3703, 22, 1
0 29 43: 3714, 10, 1
0 29 49: 3703, 22, 1
0 29 58: 3703, 22, 1
0 30 1: 3721, 22, 2
0 30 3: 3703, 22, 3
0 30 4: 3717, 10, 1
0 30 6: 3720, 22, 0
0 30 9: 3703, 22, 0
0 30 11: 3720, 22, 2
0 30 13: 3703, 22, 2
0 30 17: 3714, 10, 3
0 30 22: 3721, 22, 3
0 30 25: 3703, 22, 3
0 30 26: 3703, 22, 0
0 30 30: 3703, 22, 3
0 30 32: 3703, 22, 0
0 30 35: 3704, 22, 2
0 30 36: 3721, 22, 0
0 30 38: 3703, 22, 3
0 30 42: 3717, 10, 0
0 30 44: 3703, 22, 2
0 30 48: 3703, 22, 0
0 30 58: 3702, 22, 2
0 30 59: 3720, 22, 2
0 31 2: 3703, 22, 2
0 31 3: 3721, 22, 1
0 31 6: 3721, 22, 2
0 31 7: 3703, 22, 3
0 31 8: 3703, 22, 2
0 31 10: 3703, 22, 3
0 31 12: 3703, 22, 2
0 31 17: 3715, 10, 1
0 31 19: 3714, 10, 0
0 31 21: 3703, 22, 3
0 31 24: 3703, 22, 3
0 31 28: 3721, 22, 2
0 31 29: 3703, 22, 1
0 31 30: 3703, 22, 3
0 31 31: 3718, 10, 0
0 31 34: 3703, 22, 1
0 31 38: 3703, 22, 2
0 31 39: 3703, 22, 2
0 31 41: 3703, 22, 0
0 31 44: 3720, 22, 0
0 31 45: 3703, 22, 3
0 31 46: 3720, 22, 0
0 31 58: 3721, 22, 1
0 31 61: 3704, 22, 2
0 32 1: 3702, 22, 2
0 32 2: 3720, 22, 2
0 32 3: 3703, 22, 1
0 32 4: 3703, 22, 1
0 32 5: 3703, 22, 2
0 32 6: 3703, 22, 0
0 32 7: 3703, 22, 0
0 32 14: 3703, 22, 0
0 32 16: 3703, 22, 2
0 32 20: 3703, 22, 3
0 32 23: 3703, 22, 2
0 32 24: 3702, 22, 2
0 32 25: 3703, 22, 0
0 32 27: 3721, 22, 3
0 32 28: 3703, 22, 0
0 32 30: 3720, 22, 3
0 32 33: 3703, 22, 0
0 32 34: 3721, 22, 1
0 32 36: 3703, 22, 0
0 32 39: 3703, 22, 2
0 32 41: 3720, 22, 3
0 32 42: 3721, 22, 0
0 32 43: 3718, 10, 0
0 32 49: 3703, 22, 3
0 32 51: 3703, 22, 1
0 32 53: 3703, 22, 2
0 32 56: 3703, 22, 2
0 32 57: 3703, 22, 0
0 33 3: 3703, 22, 0
0 33 4: 3703, 22, 3
0 33 5: 3720, 22, 1
0 33 6: 3703, 22, 2
0 33 7: 3703, 22, 2
0 33 8: 3703, 22, 3
0 33 10: 3704, 22, 1
0 33 11: 3704, 22, 0
0 33 12: 3703, 22, 1
0 33 16: 3703, 22, 1
0 33 17: 3702, 22, 1
0 33 18: 3703, 22, 3
0 33 19: 3721, 22, 2
0 33 23: 3715, 10, 0
0 33 25: 3703, 22, 1
0 33 26: 3703, 22, 2
0 33 29: 3703, 22, 3
0 33 30: 3721, 22, 2
0 33 31: 3720, 22, 0
0 33 32: 3703, 22, 3
0 33 38: 3703, 22, 0
0 33 39: 3720, 22, 0
0 33 40: 3703, 22, 1
0 33 42: 3703, 22, 1
0 33 51: 3703, 22, 2
0 33 52: 3704, 22, 0
0 33 53: 3703, 22, 3
0 33 54: 3703, 22, 3
0 33 55: 3703, 22, 0
0 33 56: 3721, 22, 2
0 33 60: 3703, 22, 2
0 34 4: 3703, 22, 0
0 34 5: 3721, 22, 3
0 34 6: 3719, 10, 0
0 34 8: 3703, 22, 1
0 34 9: 3702, 22, 1
0 34 10: 3703, 22, 0
0 34 11: 3703, 22, 3
0 34 12: 3703, 22, 0
0 34 15: 3703, 22, 0
0 34 16: 3703, 22, 2
0 34 25: 3721, 22, 0
0 34 26: 3704, 22, 2
0 34 27: 3703, 22, 3
0 34 28: 3720, 22, 1
0 34 29: 3716, 10, 3
0 34 31: 3714, 10, 2
0 34 32: 3703, 22, 2
0 34 33: 3703, 22, 1
0 34 34: 3703, 22, 2
0 34 36: 3720, 22, 0
0 34 37: 3703, 22, 1
0 34 38: 3703, 22, 3
0 34 39: 3702, 22, 1
0 34 40: 3703, 22, 2
0 34 44: 3703, 22, 0
0 34 46: 3703, 22, 2
0 34 49: 3703, 22, 0
0 34 51: 3703, 22, 0
0 34 53: 3716, 10, 0
0 34 55: 3721, 22, 3
0 34 56: 3720, 22, 3
0 35 5: 3703, 22, 3
0 35 8: 3720, 22, 0
0 35 9: 3703, 22, 2
0 35 10: 3703, 22, 2
0 35 11: 3720, 22, 0
0 35 14: 3703, 22, 1
0 35 18: 3703, 22, 1
0 35 21: 3703, 22, 0
0 35 27: 3702, 22, 0
0 35 31: 3704, 22, 3
0 35 32: 3720, 22, 2
0 35 33: 3704, 22, 0
0 35 34: 3721, 22, 1
0 35 35: 3714, 10, 1
0 35 36: 3715, 10, 1
0 35 38: 3703, 22, 0
0 35 39: 3703, 22, 3
0 35 40: 3714, 10, 2
0 35 41: 3703, 22, 2
0 35 42: 3720, 22, 3
0 35 43: 3721, 22, 2
0 35 44: 3720, 22, 2
0 35 47: 3703, 22, 3
0 35 48: 3702, 22, 3
0 35 49: 3704, 22, 0
0 35 52: 3703, 22, 3
0 35 55: 3702, 22, 3
0 35 58: 3703, 22, 2
0 35 59: 3703, 22, 0
0 35 62: 3703, 22, 3
0 36 4: 3703, 22, 2
0 36 6: 3720, 22, 2
0 36 7: 3720, 22, 3
0 36 8: 3718, 10, 3
0 36 10: 3716, 10, 3
0 36 12: 3703, 22, 3
0 36 13: 3720, 22, 3
0 36 16: 3703, 22, 3
0 36 17: 3703, 22, 2
0 36 18: 3703, 22, 3
0 36 23: 3703, 22, 3
0 36 26: 3703, 22, 2
0 36 32: 3703, 22, 3
0 36 34: 3703, 22, 2
0 36 38: 3720, 22, 3
0 36 39: 3703, 22, 1
0 36 40: 3703, 22, 3
0 36 41: 3717, 10, 1
0 36 43: 3716, 10, 3
0 36 47: 3704, 22, 1
0 36 48: 3721, 22, 0
0 36 49: 3714, 10, 2
0 36 50: 3703, 22, 3
0 36 51: 3703, 22, 2
0 36 52: 3704, 22, 3
0 36 53: 3720, 22, 2
0 36 54: 3721, 22, 1
0 36 58: 3703, 22, 2
0 36 61: 3704, 22, 3
0 37 7: 3721, 22, 0
0 37 12: 3721, 22, 1
0 37 13: 3715, 10, 0
0 37 15: 3703, 22, 0
0 37 17: 3702, 22, 0
0 37 18: 3703, 22, 0
0 37 19: 3703, 22, 3
0 37 22: 3703, 22, 1
0 37 25: 3703, 22, 0
0 37 29: 3703, 22, 2
0 37 36: 3703, 22, 2
0 37 37: 3703, 22, 2
0 37 38: 3704, 22, 0
0 37 39: 3703, 22, 0
0 37 40: 3721, 22, 3
0 37 46: 3720, 22, 1
0 37 47: 3703, 22, 2
0 37 48: 3703, 22, 1
0 37 51: 3703, 22, 2
0 37 52: 3702, 22, 2
0 37 53: 3714, 10, 0
0 37 57: 3704, 22, 1
0 37 60: 3703, 22, 1
0 38 8: 3702, 22, 0
0 38 9: 3720, 22, 1
0 38 10: 3719, 10, 1
0 38 12: 3703, 22, 0
0 38 15: 3704, 22, 2
0 38 16: 3703, 22, 1
0 38 17: 3703, 22, 1
0 38 18: 3716, 10, 0
0 38 20: 3721, 22, 1
0 38 21: 3703, 22, 0
0 38 23: 3703, 22, 2
0 38 25: 3704, 22, 3
0 38 26: 3702, 22, 0
0 38 27: 3704, 22, 2
0 38 28: 3703, 22, 2
0 38 29: 3703, 22, 1
0 38 30: 3702, 22, 1
0 38 31: 3703, 22, 0
0 38 32: 3704, 22, 1
0 38 35: 3703, 22, 3
0 38 37: 3703, 22, 3
0 38 38: 3720, 22, 3
0 38 43: 3703, 22, 1
0 38 46: 3703, 22, 0
0 38 50: 3703, 22, 0
0 38 51: 3703, 22, 1
0 38 52: 3721, 22, 0
0 38 55: 3703, 22, 0
0 38 60: 3702, 22, 2
0 39 9: 3703, 22, 0
0 39 12: 3703, 22, 1
0 39 13: 3714, 10, 3
0 39 14: 3703, 22, 3
0 39 15: 3721, 22, 3
0 39 16: 3718, 10, 2
0 39 20: 3719, 10, 3
0 39 22: 3703, 22, 2
0 39 25: 3720, 22, 2
0 39 27: 3703, 22, 0
0 39 30: 3721, 22, 1
0 39 32: 3703, 22, 0
0 39 33: 3703, 22, 3
0 39 36: 3703, 22, 3
0 39 37: 3703, 22, 1
0 39 38: 3703, 22, 1
0 39 39: 3703, 22, 0
0 39 40: 3703, 22, 0
0 39 41: 3703, 22, 1
0 39 42: 3702, 22, 1
0 39 43: 3721, 22, 3
0 39 44: 3703, 22, 2
0 39 45: 3703, 22, 0
0 39 47: 3704, 22, 2
0 39 50: 3718, 10, 1
0 39 52: 3702, 22, 0
0 39 56: 3703, 22, 2
0 39 59: 3703, 22, 2
0 40 5: 3703, 22, 3
0 40 12: 3721, 22, 2
0 40 13: 3704, 22, 2
0 40 14: 3720, 22, 1
0 40 15: 3703, 22, 2
0 40 18: 3721, 22, 2
0 40 19: 3702, 22, 2
0 40 26: 3703, 22, 1
0 40 28: 3703, 22, 3
0 40 29: 3704, 22, 3
0 40 30: 3703, 22, 2
0 40 31: 3720, 22, 1
0 40 32: 3703, 22, 3
0 40 33: 3702, 22, 2
0 40 34: 3703, 22, 1
0 40 38: 3703, 22, 3
0 40 39: 3704, 22, 0
0 40 40: 3703, 22, 1
0 40 41: 3714, 10, 0
0 40 42: 3703, 22, 3
0 40 43: 3703, 22, 1
0 40 44: 3704, 22, 2
0 40 49: 3721, 22, 1
0 40 54: 3703, 22, 0
0 40 61: 3702, 22, 1
0 41 9: 3703, 22, 2
0 41 13: 3703, 22, 3
0 41 14: 3703, 22, 0
0 41 15: 3703, 22, 1
0 41 16: 3703, 22, 0
0 41 17: 3703, 22, 1
0 41 18: 3714, 10, 2
0 41 19: 3720, 22, 0
0 41 20: 3704, 22, 1
0 41 21: 3703, 22, 2
0 41 23: 3720, 22, 3
0 41 24: 3703, 22, 3
0 41 25: 3702, 22, 0
0 41 26: 3703, 22, 2
0 41 27: 3720, 22, 3
0 41 28: 3721, 22, 1
0 41 30: 3703, 22, 0
0 41 31: 3716, 10, 0
0 41 33: 3703, 22, 2
0 41 34: 3704, 22, 3
0 41 36: 3703, 22, 1
0 41 37: 3703, 22, 2
0 41 38: 3720, 22, 2
0 41 39: 3703, 22, 2
0 41 41: 3703, 22, 2
0 41 48: 3703, 22, 3
0 41 49: 3703, 22, 2
0 41 50: 3702, 22, 0
0 41 51: 3720, 22, 0
0 41 56: 3703, 22, 3
0 41 57: 3703, 22, 3
0 42 7: 3703, 22, 2
0 42 11: 3703, 22, 3
0 42 17: 3703, 22, 2
0 42 18: 3702, 22, 2
0 42 19: 3703, 22, 1
0 42 21: 3721, 22, 3
0 42 22: 3714, 10, 1
0 42 23: 3702, 22, 1
0 42 24: 3703, 22, 0
0 42 25: 3718, 10, 1
0 42 27: 3719, 10, 2
0 42 29: 3703, 22, 1
0 42 30: 3703, 22, 0
0 42 33: 3703, 22, 1
0 42 35: 3703, 22, 2
0 42 36: 3703, 22, 3
0 42 37: 3702, 22, 2
0 42 38: 3703, 22, 3
0 42 40: 3714, 10, 1
0 42 41: 3720, 22, 0
0 42 42: 3719, 10, 3
0 42 44: 3714, 10, 1
0 42 46: 3704, 22, 3
0 42 48: 3703, 22, 0
0 42 49: 3719, 10, 2
0 42 53: 3703, 22, 3
0 42 55: 3703, 22, 3
0 42 58: 3702, 22, 1
0 43 15: 3703, 22, 0
0 43 22: 3703, 22, 3
0 43 23: 3721, 22, 0
0 43 24: 3720, 22, 2
0 43 29: 3720, 22, 0
0 43 30: 3721, 22, 1
0 43 31: 3702, 22, 3
0 43 32: 3721, 22, 0
0 43 33: 3720, 22, 3
0 43 34: 3703, 22, 2
0 43 35: 3714, 10, 0
0 43 36: 3703, 22, 0
0 43 37: 3703, 22, 3
0 43 38: 3703, 22, 0
0 43 39: 3714, 10, 3
0 43 40: 3703, 22, 2
0 43 41: 3721, 22, 2
0 43 44: 3720, 22, 1
0 43 45: 3703, 22, 3
0 43 57: 3703, 22, 3
0 43 59: 3704, 22, 2
0 44 6: 3703, 22, 0
0 44 9: 3703, 22, 2
0 44 21: 3703, 22, 2
0 44 24: 3702, 22, 3
0 44 25: 3720, 22, 1
0 44 26: 3721, 22, 3
0 44 27: 3720, 22, 0
0 44 28: 3716, 10, 1
0 44 30: 3719, 10, 1
0 44 32: 3719, 10, 0
0 44 34: 3717, 10, 2
0 44 36: 3720, 22, 1
0 44 37: 3721, 22, 2
0 44 38: 3702, 22, 3
0 44 43: 3720, 22, 2
0 44 44: 3716, 10, 2
0 44 46: 3703, 22, 1
0 44 49: 3703, 22, 2
0 44 50: 3720, 22, 1
0 44 51: 3702, 22, 2
0 45 12: 3703, 22, 1
0 45 15: 3703, 22, 0
0 45 18: 3703, 22, 1
0 45 26: 3703, 22, 2
0 45 27: 3721, 22, 0
0 45 36: 3703, 22, 1
0 45 40: 3703, 22, 0
0 45 46: 3703, 22, 1
0 45 47: 3704, 22, 0
0 45 49: 3721, 22, 2
0 45 50: 3715, 10, 0
0 46 8: 3703, 22, 1
0 46 17: 3702, 22, 3
0 46 40: 3703, 22, 3
0 46 41: 3702, 22, 3
0 46 45: 3720, 22, 1
0 46 46: 3703, 22, 0
0 46 48: 3714, 10, 0
0 46 54: 3703, 22, 0
0 47 14: 3702, 22, 2
0 47 16: 3703, 22, 1
0 47 17: 3703, 22, 2
0 47 19: 3704, 22, 0
0 47 21: 3703, 22, 0
0 47 25: 3703, 22, 0
0 47 46: 3721, 22, 3
0 47 49: 3703, 22, 3
0 47 50: 3720, 22, 2
0 48 14: 3703, 22, 3
0 48 16: 3703, 22, 3
0 48 20: 3703, 22, 3
0 48 22: 3702, 22, 0
0 48 25: 3703, 22, 2
0 48 30: 3703, 22, 1
0 48 35: 3704, 22, 3
0 48 38: 3703, 22, 3
0 48 40: 3703, 22, 1
0 48 42: 3703, 22, 3
0 48 47: 3703, 22, 2
0 48 50: 3714, 10, 3
0 48 51: 3703, 22, 2
0 48 56: 3703, 22, 2
0 49 17: 3704, 22, 1
0 49 18: 3703, 22, 2
0 49 19: 3703, 22, 1
0 49 21: 3703, 22, 0
0 49 23: 3703, 22, 1
0 49 29: 3704, 22, 1
0 49 34: 3703, 22, 3
0 49 36: 3703, 22, 2
0 49 44: 3703, 22, 2
0 49 49: 3720, 22, 2
0 49 50: 3702, 22, 1
0 49 53: 3703, 22, 0
0 49 55: 3703, 22, 3
0 49 56: 3702, 22, 0
0 50 22: 3704, 22, 3
0 50 24: 3703, 22, 3
0 50 26: 3703, 22, 3
0 50 28: 3703, 22, 2
0 50 33: 3703, 22, 1
0 50 37: 3703, 22, 1
0 50 39: 3702, 22, 3
0 50 47: 3720, 22, 0
0 50 49: 3704, 22, 0
0 50 54: 3704, 22, 0
0 51 28: 3703, 22, 0
0 51 30: 3703, 22, 1
0 51 32: 3703, 22, 1
0 51 33: 3702, 22, 2
0 51 39: 3703, 22, 0
0 51 41: 3703, 22, 3
0 51 45: 3703, 22, 1
0 51 47: 3703, 22, 0
0 51 49: 3721, 22, 0
0 51 52: 3703, 22, 2
0 52 21: 3703, 22, 3
0 52 25: 3703, 22, 2
0 52 26: 3703, 22, 2
0 52 29: 3704, 22, 2
0 52 47: 3704, 22, 1
0 52 51: 3702, 22, 0
0 52 52: 3703, 22, 1
0 52 55: 3703, 22, 3
0 53 24: 3703, 22, 0
0 53 27: 3702, 22, 1
0 53 40: 3703, 22, 1
0 53 43: 3703, 22, 3
0 53 46: 3720, 22, 3
0 53 47: 3703, 22, 2
0 54 39: 3704, 22, 2
0 54 41: 3703, 22, 0
0 54 47: 3703, 22, 1
0 54 48: 3702, 22, 0
0 54 52: 3703, 22, 1
0 55 44: 3703, 22, 2
0 55 47: 3703, 22, 1
0 55 48: 3703, 22, 3
0 55 51: 3703, 22, 2
0 56 41: 3703, 22, 2
0 56 43: 3703, 22, 2
0 56 49: 3721, 22, 1
0 56 51: 3703, 22, 2
0 56 56: 3702, 22, 3
0 57 41: 3702, 22, 1
0 57 45: 3704, 22, 0
0 57 49: 3720, 22, 0
0 57 51: 3704, 22, 2
0 57 52: 3703, 22, 0
0 57 54: 3703, 22, 3
0 57 58: 3703, 22, 0
0 58 44: 3703, 22, 1
0 58 48: 3720, 22, 2
0 58 49: 3717, 10, 3
0 58 52: 3702, 22, 3
0 58 59: 3704, 22, 3
0 59 44: 3703, 22, 3
0 59 51: 3721, 22, 2
0 59 57: 3703, 22, 1
0 60 45: 3703, 22, 0
0 60 47: 3703, 22, 3
0 60 51: 3720, 22, 3
0 60 53: 3704, 22, 3
0 60 56: 3703, 22, 3
0 60 58: 3702, 22, 1
0 61 44: 3703, 22, 3
0 61 46: 3702, 22, 2
0 61 48: 3703, 22, 2
0 61 53: 3721, 22, 3
0 61 57: 3703, 22, 2
0 62 43: 3704, 22, 1
0 62 52: 3714, 10, 2
0 62 53: 3702, 22, 1
0 62 55: 3703, 22, 3
0 62 59: 3703, 22, 0
0 63 52: 3721, 22, 0
0 63 54: 3720, 22, 1
0 63 57: 3703, 22, 0
0 63 59: 3702, 22, 2
