0 4 43: 1436, 10, 2
0 4 44: 1417, 1, 1
0 4 45: 1417, 0, 2
0 4 46: 1417, 1, 2
0 4 47: 1436, 10, 3
0 5 22: 1436, 10, 2
0 5 23: 1434, 10, 3
0 5 24: 1434, 10, 3
0 5 25: 1434, 10, 3
0 5 26: 1434, 10, 3
0 5 27: 1434, 10, 3
0 5 28: 1434, 10, 3
0 5 29: 1434, 10, 3
0 5 30: 1434, 10, 3
0 5 31: 1434, 10, 3
0 5 32: 1436, 10, 3
0 5 41: 1436, 10, 2
0 5 42: 1417, 1, 1
0 5 43: 1417, 0, 2
0 5 44: 1417, 9, 1
0 5 45: 475, 22, 2
0 5 46: 1417, 9, 2
0 5 47: 1417, 1, 2
0 6 21: 1436, 10, 2
0 6 22: 1434, 10, 1
0 6 23: 1434, 10, 3
0 6 24: 1434, 10, 3
0 6 25: 1434, 10, 1
0 6 26: 1434, 10, 1
0 6 27: 1434, 10, 1
0 6 28: 1434, 10, 1
0 6 29: 1434, 10, 1
0 6 30: 1434, 10, 1
0 6 31: 1434, 10, 1
0 6 32: 1417, 1, 1
0 6 33: 1417, 0, 2
0 6 34: 1417, 1, 2
0 6 35: 1434, 10, 2
0 6 36: 1417, 1, 1
0 6 37: 1417, 0, 2
0 6 38: 1417, 1, 2
0 6 39: 1434, 10, 2
0 6 40: 1417, 1, 1
0 6 41: 1417, 0, 2
0 6 42: 1417, 9, 1
0 6 43: 473, 10, 1
0 6 45: 472, 10, 2
0 6 47: 1417, 0, 3
0 6 48: 1436, 10, 3
0 7 20: 1436, 10, 2
0 7 21: 1434, 10, 0
0 7 22: 1434, 10, 0
0 7 23: 1434, 10, 1
0 7 24: 1434, 10, 1
0 7 25: 1434, 10, 1
0 7 26: 1434, 10, 1
0 7 27: 1434, 10, 1
0 7 28: 1434, 10, 1
0 7 29: 1434, 10, 1
0 7 30: 1417, 1, 1
0 7 31: 1417, 0, 2
0 7 32: 1417, 9, 1
0 7 33: 1247, 22, 0
0 7 34: 1417, 9, 2
0 7 35: 1417, 0, 2
0 7 36: 1417, 9, 1
0 7 37: 1247, 22, 2
0 7 38: 1417, 9, 2
0 7 39: 1417, 0, 2
0 7 40: 1417, 9, 1
0 7 41: 320, 22, 2
0 7 42: 319, 22, 3
0 7 47: 1417, 9, 2
0 7 48: 1417, 1, 2
0 8 19: 1436, 10, 2
0 8 20: 1417, 1, 1
0 8 21: 1417, 0, 2
0 8 22: 1417, 1, 2
0 8 23: 1434, 10, 2
0 8 24: 1417, 1, 1
0 8 25: 1417, 0, 2
0 8 26: 1417, 1, 2
0 8 27: 1434, 10, 2
0 8 28: 1417, 1, 1
0 8 29: 1417, 0, 2
0 8 30: 1417, 9, 1
0 8 31: 323, 22, 0
0 8 32: 320, 22, 3
0 8 33: 323, 22, 2
0 8 35: 1630, 22, 2
0 8 36: 1629, 22, 2
0 8 37: 1629, 22, 2
0 8 39: 322, 22, 3
0 8 40: 323, 22, 2
0 8 41: 322, 22, 2
0 8 42: 320, 22, 2
0 8 43: 319, 22, 1
0 8 44: 321, 22, 2
0 8 45: 320, 22, 0
0 8 46: 319, 22, 0
0 8 47: 475, 22, 3
0 8 47: 1453, 4, 1
0 8 48: 1417, 0, 3
0 9 17: 1436, 10, 2
0 9 18: 1434, 10, 0
0 9 19: 1417, 1, 1
0 9 20: 1417, 9, 1
0 9 21: 325, 22, 1
0 9 22: 1417, 9, 2
0 9 23: 1417, 0, 2
0 9 24: 1417, 9, 1
0 9 26: 1417, 9, 2
0 9 27: 1417, 0, 2
0 9 28: 1417, 9, 1
0 9 30: 1629, 22, 0
0 9 31: 322, 22, 1
0 9 32: 319, 22, 0
0 9 33: 320, 22, 0
0 9 36: 322, 22, 1
0 9 38: 1247, 22, 1
0 9 39: 1247, 22, 1
0 9 40: 323, 22, 1
0 9 41: 320, 22, 2
0 9 42: 319, 22, 2
0 9 43: 320, 22, 3
0 9 44: 319, 22, 2
0 9 45: 319, 22, 3
0 9 46: 321, 22, 1
0 9 47: 1417, 9, 3
0 9 47: 1454, 7, 3
0 9 48: 1417, 1, 3
0 10 15: 1436, 10, 2
0 10 16: 1434, 10, 0
0 10 17: 1434, 10, 0
0 10 18: 1434, 10, 0
0 10 19: 1417, 0, 1
0 10 20: 326, 22, 1
0 10 21: 325, 22, 1
0 10 26: 1246, 22, 0
0 10 29: 322, 22, 2
0 10 30: 320, 22, 2
0 10 31: 319, 22, 2
0 10 31: 1624, 1, 1
0 10 32: 320, 22, 0
0 10 32: 1624, 1, 2
0 10 33: 319, 22, 1
0 10 34: 1629, 22, 0
0 10 35: 323, 22, 3
0 10 35: 1624, 2, 0
0 10 36: 1629, 22, 0
0 10 37: 1629, 22, 0
0 10 38: 322, 22, 0
0 10 39: 323, 22, 0
0 10 40: 320, 22, 2
0 10 41: 319, 22, 0
0 10 42: 473, 10, 1
0 10 44: 472, 10, 0
0 10 46: 475, 22, 1
0 10 46: 1452, 4, 1
0 10 47: 1417, 0, 3
0 10 48: 1436, 10, 0
0 11 14: 1436, 10, 2
0 11 15: 1434, 10, 0
0 11 16: 1434, 10, 0
0 11 17: 1417, 1, 1
0 11 18: 1417, 0, 2
0 11 19: 1417, 9, 1
0 11 20: 325, 22, 2
0 11 21: 325, 22, 2
0 11 23: 1626, 1, 1
0 11 24: 1626, 1, 2
0 11 30: 322, 22, 3
0 11 30: 1624, 3, 3
0 11 31: 320, 22, 1
0 11 31: 446, 10, 0
0 11 31: 1624, 1, 0
0 11 32: 319, 22, 3
0 11 32: 1624, 1, 3
0 11 33: 320, 22, 0
0 11 34: 323, 22, 1
0 11 34: 444, 10, 0
0 11 35: 1626, 0, 1
0 11 36: 1630, 22, 3
0 11 37: 1454, 4, 2
0 11 37: 1629, 22, 1
0 11 39: 1247, 22, 3
0 11 40: 319, 22, 2
0 11 41: 322, 22, 1
0 11 45: 1454, 4, 2
0 11 46: 1417, 9, 3
0 11 46: 1452, 7, 3
0 11 47: 1417, 1, 3
0 12 13: 1436, 10, 2
0 12 14: 1434, 10, 0
0 12 15: 1434, 10, 0
0 12 16: 1417, 1, 1
0 12 17: 1417, 9, 1
0 12 23: 1626, 1, 0
0 12 24: 1626, 1, 3
0 12 28: 1247, 22, 3
0 12 30: 538, 22, 0
0 12 30: 1626, 3, 3
0 12 31: 537, 22, 1
0 12 32: 538, 22, 2
0 12 33: 538, 22, 3
0 12 34: 1629, 22, 3
0 12 35: 1624, 0, 1
0 12 36: 1417, 9, 3
0 12 36: 1454, 7, 3
0 12 37: 1417, 0, 0
0 12 38: 1417, 9, 0
0 12 39: 323, 22, 3
0 12 39: 1452, 4, 2
0 12 40: 323, 22, 2
0 12 41: 320, 22, 3
0 12 42: 319, 22, 1
0 12 43: 320, 22, 1
0 12 43: 1452, 4, 2
0 12 44: 1417, 9, 3
0 12 44: 1452, 7, 3
0 12 45: 1417, 0, 0
0 12 46: 1417, 1, 3
0 12 47: 1436, 10, 0
0 13 13: 1434, 10, 0
0 13 14: 1434, 10, 0
0 13 15: 1434, 10, 0
0 13 16: 1417, 0, 1
0 13 17: 325, 22, 1
0 13 18: 325, 22, 2
0 13 19: 1247, 22, 1
0 13 21: 1246, 22, 1
0 13 28: 1417, 9, 3
0 13 28: 1453, 7, 3
0 13 29: 1417, 9, 0
0 13 32: 2236, 22, 3
0 13 34: 1417, 9, 3
0 13 34: 1453, 7, 3
0 13 35: 1417, 0, 0
0 13 36: 1417, 1, 3
0 13 37: 1434, 10, 2
0 13 38: 1417, 1, 0
0 13 39: 1417, 0, 0
0 13 40: 1417, 9, 0
0 13 41: 323, 22, 3
0 13 41: 1453, 4, 2
0 13 42: 1417, 9, 3
0 13 42: 1455, 7, 3
0 13 43: 1417, 0, 0
0 13 44: 1417, 1, 3
0 13 45: 1436, 10, 0
0 14 13: 1434, 10, 0
0 14 14: 1434, 10, 0
0 14 15: 1417, 1, 1
0 14 16: 1417, 9, 1
0 14 17: 326, 22, 2
0 14 18: 325, 22, 2
0 14 20: 2235, 10, 2
0 14 23: 1247, 22, 2
0 14 27: 1452, 4, 2
0 14 28: 1417, 0, 3
0 14 28: 1454, 4, 2
0 14 29: 1417, 0, 1
0 14 34: 1417, 0, 3
0 14 35: 1436, 10, 0
0 14 39: 1436, 10, 1
0 14 40: 1417, 1, 0
0 14 41: 1417, 0, 0
0 14 42: 1417, 1, 3
0 14 43: 1436, 10, 0
0 15 13: 1434, 10, 0
0 15 14: 1434, 10, 0
0 15 15: 1417, 0, 1
0 15 16: 325, 22, 1
0 15 17: 325, 22, 3
0 15 19: 325, 22, 0
0 15 25: 1454, 4, 2
0 15 26: 1417, 9, 3
0 15 26: 1454, 7, 3
0 15 27: 1417, 0, 0
0 15 28: 1417, 1, 3
0 15 29: 1417, 0, 1
0 15 31: 537, 22, 2
0 15 32: 537, 22, 2
0 15 34: 1417, 0, 3
0 16 13: 1436, 10, 1
0 16 14: 1434, 10, 0
0 16 15: 1417, 1, 0
0 16 16: 1417, 9, 0
0 16 18: 325, 22, 3
0 16 19: 324, 22, 1
0 16 20: 325, 22, 2
0 16 23: 325, 22, 0
0 16 24: 1417, 9, 3
0 16 24: 1455, 7, 3
0 16 25: 1417, 0, 0
0 16 26: 1417, 1, 3
0 16 27: 1434, 10, 0
0 16 28: 1434, 10, 0
0 16 29: 1417, 0, 1
0 16 31: 537, 22, 2
0 16 32: 537, 22, 2
0 16 34: 1417, 0, 3
0 17 14: 1434, 10, 0
0 17 15: 1434, 10, 0
0 17 16: 1417, 1, 0
0 17 17: 1417, 0, 0
0 17 18: 1417, 9, 0
0 17 20: 1247, 22, 2
0 17 22: 325, 22, 2
0 17 23: 326, 22, 2
0 17 23: 1452, 4, 1
0 17 24: 1417, 0, 3
0 17 25: 1434, 10, 0
0 17 26: 1434, 10, 0
0 17 27: 1434, 10, 0
0 17 28: 1434, 10, 0
0 17 29: 1417, 0, 1
0 17 34: 1417, 0, 3
0 18 14: 1436, 10, 1
0 18 15: 1434, 10, 0
0 18 16: 1434, 10, 0
0 18 17: 1434, 10, 0
0 18 18: 1417, 0, 1
0 18 20: 325, 22, 3
0 18 22: 1455, 4, 2
0 18 23: 1417, 9, 3
0 18 23: 1452, 7, 3
0 18 24: 1417, 1, 3
0 18 25: 1434, 10, 0
0 18 26: 1434, 10, 0
0 18 27: 1434, 10, 0
0 18 28: 1434, 10, 3
0 18 29: 1417, 1, 0
0 18 30: 1417, 9, 0
0 18 33: 1417, 9, 3
0 18 34: 1417, 1, 3
0 19 16: 1436, 10, 1
0 19 17: 1434, 10, 0
0 19 18: 1417, 1, 0
0 19 19: 325, 22, 2
0 19 19: 1417, 9, 0
0 19 20: 326, 22, 3
0 19 20: 1452, 4, 2
0 19 21: 325, 22, 1
0 19 21: 1417, 9, 3
0 19 21: 1452, 7, 3
0 19 22: 1417, 0, 0
0 19 23: 1417, 1, 3
0 19 24: 1434, 10, 0
0 19 25: 1434, 10, 0
0 19 26: 1434, 10, 2
0 19 27: 1434, 10, 2
0 19 28: 1434, 10, 0
0 19 29: 1434, 10, 0
0 19 30: 1417, 1, 0
0 19 31: 1417, 0, 0
0 19 32: 1417, 0, 0
0 19 33: 1417, 1, 3
0 19 34: 1436, 10, 0
0 20 18: 1436, 10, 1
0 20 19: 1417, 1, 0
0 20 20: 1417, 0, 0
0 20 21: 1417, 1, 3
0 20 22: 1434, 10, 0
0 20 23: 1434, 10, 0
0 20 24: 1434, 10, 2
0 20 25: 1434, 10, 2
0 20 26: 1436, 10, 0
0 21 19: 1434, 10, 0
0 21 20: 1434, 10, 0
0 21 21: 1434, 10, 0
0 21 22: 1434, 10, 0
0 21 23: 1434, 10, 0
0 21 24: 1434, 10, 2
0 21 25: 1436, 10, 0
0 22 19: 1436, 10, 1
0 22 20: 1434, 10, 0
0 22 21: 1434, 10, 0
0 22 22: 1434, 10, 0
0 22 23: 1434, 10, 0
0 22 24: 1436, 10, 0
1 0 0: 1434, 10, 3
1 0 1: 1434, 10, 3
1 0 2: 1434, 10, 3
1 0 3: 1434, 10, 3
1 0 4: 1434, 10, 3
1 0 5: 1434, 10, 3
1 0 6: 1434, 10, 3
1 0 7: 1434, 10, 3
1 0 8: 1434, 10, 3
1 0 9: 1434, 10, 3
1 0 10: 1434, 10, 3
1 0 11: 1434, 10, 3
1 1 0: 1434, 10, 3
1 1 1: 1434, 10, 3
1 1 2: 1434, 10, 3
1 1 3: 1434, 10, 3
1 1 4: 1434, 10, 3
1 1 5: 1434, 10, 3
1 1 6: 1434, 10, 3
1 1 7: 1434, 10, 3
1 1 8: 1434, 10, 3
1 1 9: 1434, 10, 3
1 1 10: 1434, 10, 3
1 1 11: 1436, 10, 0
1 1 20: 1436, 10, 2
1 1 21: 1434, 10, 2
1 1 22: 1434, 10, 2
1 1 23: 1434, 10, 2
1 1 24: 1434, 10, 2
1 1 25: 1434, 10, 2
1 1 26: 1434, 10, 2
1 1 27: 1434, 10, 2
1 1 28: 1434, 10, 2
1 1 29: 1434, 10, 2
1 1 30: 1434, 10, 2
1 1 31: 1434, 10, 2
1 1 32: 1434, 10, 2
1 1 33: 1434, 10, 2
1 1 34: 1434, 10, 2
1 1 35: 1434, 10, 2
1 1 36: 1434, 10, 2
1 1 37: 1434, 10, 2
1 1 38: 1434, 10, 2
1 1 39: 1434, 10, 2
1 1 40: 1434, 10, 2
1 1 41: 1434, 10, 2
1 1 42: 1434, 10, 2
1 1 43: 1434, 10, 2
1 1 44: 1434, 10, 2
1 1 45: 1434, 10, 2
1 1 46: 1434, 10, 2
1 1 47: 1434, 10, 2
1 1 48: 1434, 10, 2
1 1 49: 1434, 10, 2
1 1 50: 1436, 10, 3
1 2 0: 1434, 10, 3
1 2 1: 1434, 10, 3
1 2 2: 1434, 10, 3
1 2 3: 1434, 10, 3
1 2 4: 1434, 10, 3
1 2 5: 1434, 10, 3
1 2 6: 1434, 10, 3
1 2 7: 1434, 10, 3
1 2 8: 1434, 10, 3
1 2 9: 1434, 10, 3
1 2 10: 1436, 10, 0
1 2 19: 1436, 10, 2
1 2 20: 1434, 10, 2
1 2 21: 1434, 10, 2
1 2 22: 1434, 10, 2
1 2 23: 1434, 10, 2
1 2 24: 1434, 10, 2
1 2 25: 1434, 10, 2
1 2 26: 1434, 10, 2
1 2 27: 1434, 10, 2
1 2 28: 1434, 10, 2
1 2 29: 1434, 10, 2
1 2 30: 1434, 10, 2
1 2 31: 1434, 10, 2
1 2 32: 1434, 10, 2
1 2 33: 1434, 10, 2
1 2 34: 1434, 10, 2
1 2 35: 1434, 10, 2
1 2 36: 1434, 10, 2
1 2 37: 1434, 10, 2
1 2 38: 1434, 10, 2
1 2 39: 1434, 10, 2
1 2 40: 1434, 10, 2
1 2 41: 1434, 10, 2
1 2 42: 1434, 10, 2
1 2 43: 1434, 10, 2
1 2 44: 1434, 10, 2
1 2 45: 1434, 10, 2
1 2 46: 1434, 10, 2
1 2 47: 1434, 10, 2
1 2 48: 1434, 10, 2
1 2 49: 1434, 10, 2
1 2 50: 1434, 10, 2
1 2 51: 1436, 10, 3
1 3 0: 1434, 10, 3
1 3 1: 1434, 10, 3
1 3 2: 1434, 10, 3
1 3 3: 1434, 10, 3
1 3 4: 1434, 10, 3
1 3 5: 1434, 10, 3
1 3 6: 1434, 10, 3
1 3 7: 1434, 10, 3
1 3 8: 1434, 10, 3
1 3 9: 1434, 10, 3
1 3 16: 1436, 10, 2
1 3 17: 1434, 10, 2
1 3 18: 1434, 10, 2
1 3 19: 1434, 10, 2
1 3 20: 1434, 10, 2
1 3 21: 1434, 10, 2
1 3 22: 1434, 10, 2
1 3 23: 1434, 10, 2
1 3 24: 1434, 10, 2
1 3 25: 1434, 10, 2
1 3 26: 1434, 10, 2
1 3 27: 1434, 10, 2
1 3 28: 1434, 10, 2
1 3 29: 1434, 10, 2
1 3 30: 1434, 10, 2
1 3 31: 1434, 10, 2
1 3 32: 1434, 10, 2
1 3 33: 1434, 10, 2
1 3 34: 1434, 10, 2
1 3 35: 1434, 10, 2
1 3 36: 1434, 10, 2
1 3 37: 1434, 10, 2
1 3 38: 1434, 10, 2
1 3 39: 1434, 10, 2
1 3 40: 1434, 10, 2
1 3 41: 1434, 10, 2
1 3 42: 1434, 10, 2
1 3 43: 1434, 10, 2
1 3 44: 1434, 10, 2
1 3 45: 1434, 10, 2
1 3 46: 1434, 10, 2
1 3 47: 1434, 10, 2
1 3 48: 1434, 10, 2
1 3 49: 1434, 10, 2
1 3 50: 1434, 10, 2
1 3 51: 1434, 10, 2
1 3 52: 1436, 10, 3
1 4 0: 1434, 10, 3
1 4 1: 1434, 10, 3
1 4 2: 1434, 10, 3
1 4 3: 1434, 10, 3
1 4 4: 1434, 10, 3
1 4 5: 1434, 10, 3
1 4 6: 1434, 10, 3
1 4 7: 1434, 10, 3
1 4 8: 1434, 10, 3
1 4 9: 1436, 10, 0
1 4 15: 1436, 10, 2
1 4 16: 1434, 10, 2
1 4 17: 1434, 10, 2
1 4 18: 1434, 10, 2
1 4 19: 1434, 10, 2
1 4 20: 1434, 10, 2
1 4 21: 1434, 10, 2
1 4 22: 1434, 10, 2
1 4 23: 1434, 10, 2
1 4 24: 1434, 10, 2
1 4 25: 1434, 10, 2
1 4 26: 1434, 10, 2
1 4 27: 1434, 10, 2
1 4 28: 1434, 10, 2
1 4 29: 1434, 10, 2
1 4 30: 1434, 10, 2
1 4 31: 1434, 10, 2
1 4 32: 1434, 10, 2
1 4 33: 1434, 10, 2
1 4 34: 1434, 10, 2
1 4 35: 1434, 10, 2
1 4 36: 1434, 10, 2
1 4 37: 1434, 10, 2
1 4 38: 1434, 10, 2
1 4 39: 1434, 10, 2
1 4 40: 1434, 10, 2
1 4 41: 1434, 10, 2
1 4 42: 1434, 10, 2
1 4 43: 1434, 10, 2
1 4 44: 1428, 1, 1
1 4 45: 1428, 0, 2
1 4 46: 1428, 1, 2
1 4 47: 1434, 10, 2
1 4 48: 1434, 10, 2
1 4 49: 1434, 10, 2
1 4 50: 1434, 10, 2
1 4 51: 1434, 10, 2
1 4 52: 1434, 10, 2
1 5 0: 1434, 10, 3
1 5 1: 1434, 10, 3
1 5 2: 1434, 10, 3
1 5 3: 1434, 10, 3
1 5 4: 1434, 10, 3
1 5 5: 1434, 10, 3
1 5 6: 1434, 10, 3
1 5 7: 1434, 10, 3
1 5 8: 1436, 10, 0
1 5 13: 1436, 10, 2
1 5 14: 1434, 10, 2
1 5 15: 1434, 10, 2
1 5 16: 1434, 10, 2
1 5 17: 1434, 10, 2
1 5 18: 1434, 10, 2
1 5 19: 1434, 10, 2
1 5 20: 1434, 10, 2
1 5 21: 1434, 10, 2
1 5 22: 1434, 10, 2
1 5 23: 1434, 10, 2
1 5 24: 1434, 10, 2
1 5 25: 1434, 10, 2
1 5 26: 1434, 10, 2
1 5 27: 1434, 10, 1
1 5 28: 1434, 10, 1
1 5 29: 1428, 1, 1
1 5 30: 1428, 0, 2
1 5 31: 1428, 1, 2
1 5 32: 1434, 10, 1
1 5 33: 1434, 10, 2
1 5 34: 1434, 10, 2
1 5 35: 1434, 10, 2
1 5 36: 1434, 10, 2
1 5 37: 1434, 10, 2
1 5 38: 1434, 10, 2
1 5 39: 1434, 10, 2
1 5 40: 1434, 10, 2
1 5 41: 1434, 10, 2
1 5 42: 1434, 10, 2
1 5 43: 1428, 1, 1
1 5 44: 1428, 9, 1
1 5 46: 1428, 9, 2
1 5 47: 1428, 1, 2
1 5 48: 1434, 10, 2
1 5 49: 1434, 10, 2
1 5 50: 1434, 10, 2
1 5 51: 1434, 10, 2
1 5 52: 1434, 10, 2
1 6 0: 1434, 10, 3
1 6 1: 1434, 10, 3
1 6 2: 1434, 10, 3
1 6 3: 1434, 10, 3
1 6 4: 1434, 10, 3
1 6 5: 1434, 10, 3
1 6 6: 1434, 10, 3
1 6 7: 1434, 10, 3
1 6 12: 1436, 10, 2
1 6 13: 1434, 10, 2
1 6 14: 1434, 10, 2
1 6 15: 1434, 10, 2
1 6 16: 1434, 10, 2
1 6 17: 1434, 10, 2
1 6 18: 1434, 10, 2
1 6 19: 1434, 10, 2
1 6 20: 1434, 10, 2
1 6 21: 1434, 10, 2
1 6 22: 1434, 10, 2
1 6 23: 1434, 10, 2
1 6 24: 1434, 10, 2
1 6 25: 1434, 10, 2
1 6 26: 1434, 10, 1
1 6 27: 1428, 1, 1
1 6 28: 1428, 0, 2
1 6 29: 1428, 9, 1
1 6 31: 1428, 9, 2
1 6 32: 1428, 0, 2
1 6 33: 1428, 1, 2
1 6 34: 1434, 10, 2
1 6 35: 1428, 1, 1
1 6 36: 1428, 0, 2
1 6 37: 1428, 1, 2
1 6 38: 1434, 10, 2
1 6 39: 1428, 1, 1
1 6 40: 1428, 0, 2
1 6 41: 1428, 1, 2
1 6 42: 1434, 10, 2
1 6 43: 1428, 0, 1
1 6 47: 1428, 0, 3
1 6 48: 1434, 10, 2
1 6 49: 1434, 10, 2
1 6 50: 1434, 10, 2
1 6 51: 1434, 10, 2
1 6 52: 1434, 10, 2
1 7 0: 1434, 10, 3
1 7 1: 1434, 10, 3
1 7 2: 1434, 10, 3
1 7 3: 1434, 10, 3
1 7 4: 1434, 10, 3
1 7 5: 1434, 10, 3
1 7 6: 1434, 10, 3
1 7 7: 1436, 10, 0
1 7 10: 1436, 10, 2
1 7 11: 1434, 10, 2
1 7 12: 1434, 10, 2
1 7 13: 1434, 10, 2
1 7 14: 1434, 10, 2
1 7 15: 1434, 10, 2
1 7 16: 1434, 10, 2
1 7 17: 1434, 10, 2
1 7 18: 1434, 10, 2
1 7 19: 1434, 10, 2
1 7 20: 1434, 10, 2
1 7 21: 1428, 1, 1
1 7 22: 1428, 0, 2
1 7 23: 1428, 1, 2
1 7 24: 1434, 10, 2
1 7 25: 1428, 1, 1
1 7 26: 1428, 0, 2
1 7 27: 1428, 9, 1
1 7 30: 320, 22, 2
1 7 33: 1428, 9, 2
1 7 34: 1428, 0, 2
1 7 35: 1428, 9, 1
1 7 37: 1428, 9, 2
1 7 38: 1428, 0, 2
1 7 39: 1428, 9, 1
1 7 41: 1428, 9, 2
1 7 42: 1428, 0, 2
1 7 43: 1428, 9, 1
1 7 47: 1428, 9, 2
1 7 48: 1428, 1, 2
1 7 49: 1434, 10, 2
1 7 50: 1434, 10, 2
1 7 51: 1434, 10, 2
1 7 52: 1434, 10, 2
1 8 0: 1434, 10, 3
1 8 1: 1434, 10, 3
1 8 2: 1434, 10, 3
1 8 3: 1434, 10, 3
1 8 4: 1434, 10, 3
1 8 5: 1434, 10, 3
1 8 6: 1434, 10, 3
1 8 10: 1434, 10, 2
1 8 11: 1434, 10, 2
1 8 12: 1434, 10, 2
1 8 13: 1434, 10, 2
1 8 14: 1434, 10, 2
1 8 15: 1434, 10, 2
1 8 16: 1434, 10, 2
1 8 17: 1434, 10, 2
1 8 18: 1434, 10, 2
1 8 19: 1428, 1, 1
1 8 20: 1428, 0, 2
1 8 21: 1428, 9, 1
1 8 23: 1428, 9, 2
1 8 24: 1428, 0, 2
1 8 25: 1428, 9, 1
1 8 26: 320, 22, 1
1 8 27: 320, 22, 1
1 8 28: 319, 22, 1
1 8 29: 320, 22, 1
1 8 47: 1454, 4, 1
1 8 48: 1428, 0, 3
1 8 49: 1434, 10, 2
1 8 50: 1434, 10, 2
1 8 51: 1434, 10, 2
1 8 52: 1434, 10, 2
1 9 0: 1434, 10, 3
1 9 1: 1434, 10, 3
1 9 2: 1434, 10, 3
1 9 3: 1434, 10, 3
1 9 4: 1434, 10, 3
1 9 5: 1434, 10, 3
1 9 6: 1434, 10, 3
1 9 10: 1434, 10, 2
1 9 11: 1434, 10, 2
1 9 12: 1434, 10, 2
1 9 13: 1434, 10, 2
1 9 14: 1434, 10, 2
1 9 15: 1434, 10, 2
1 9 16: 1434, 10, 2
1 9 17: 1434, 10, 2
1 9 18: 1428, 1, 1
1 9 19: 1428, 9, 1
1 9 27: 320, 22, 2
1 9 47: 1428, 9, 3
1 9 47: 1455, 7, 3
1 9 48: 1428, 1, 3
1 9 49: 1434, 10, 2
1 9 50: 1434, 10, 2
1 9 51: 1434, 10, 2
1 9 52: 1434, 10, 2
1 10 0: 1434, 10, 3
1 10 1: 1434, 10, 3
1 10 2: 1434, 10, 3
1 10 3: 1434, 10, 3
1 10 4: 1434, 10, 3
1 10 5: 1434, 10, 3
1 10 6: 1434, 10, 3
1 10 10: 1434, 10, 2
1 10 11: 1434, 10, 2
1 10 12: 1434, 10, 2
1 10 13: 1434, 10, 2
1 10 14: 1434, 10, 2
1 10 15: 1434, 10, 2
1 10 16: 1434, 10, 2
1 10 17: 1434, 10, 2
1 10 18: 1428, 0, 1
1 10 37: 1453, 4, 2
1 10 46: 1453, 4, 1
1 10 47: 1428, 0, 3
1 10 48: 1434, 10, 2
1 10 49: 1434, 10, 2
1 10 50: 1434, 10, 2
1 10 51: 1434, 10, 2
1 10 52: 1434, 10, 2
1 11 0: 1434, 10, 3
1 11 1: 1434, 10, 3
1 11 2: 1434, 10, 3
1 11 3: 1434, 10, 3
1 11 4: 1434, 10, 3
1 11 5: 1434, 10, 3
1 11 6: 1434, 10, 3
1 11 10: 1434, 10, 2
1 11 11: 1434, 10, 2
1 11 12: 1434, 10, 2
1 11 13: 1434, 10, 2
1 11 14: 1434, 10, 2
1 11 15: 1434, 10, 2
1 11 16: 1428, 1, 1
1 11 17: 1428, 0, 2
1 11 18: 1428, 9, 1
1 11 36: 1428, 9, 3
1 11 36: 1453, 7, 3
1 11 37: 1428, 0, 0
1 11 38: 1428, 9, 0
1 11 44: 1452, 4, 2
1 11 45: 1453, 4, 2
1 11 46: 1428, 9, 3
1 11 46: 1454, 7, 3
1 11 47: 1428, 1, 3
1 11 48: 1434, 10, 2
1 11 49: 1434, 10, 2
1 11 50: 1434, 10, 2
1 11 51: 1434, 10, 2
1 11 52: 1434, 10, 2
1 12 0: 1434, 10, 3
1 12 1: 1434, 10, 3
1 12 2: 1434, 10, 3
1 12 3: 1434, 10, 3
1 12 4: 1434, 10, 3
1 12 5: 1434, 10, 3
1 12 6: 1434, 10, 3
1 12 10: 1434, 10, 2
1 12 11: 1434, 10, 2
1 12 12: 1434, 10, 2
1 12 13: 1434, 10, 2
1 12 14: 1428, 1, 1
1 12 15: 1428, 0, 2
1 12 16: 1428, 9, 1
1 12 36: 1428, 0, 3
1 12 37: 1434, 10, 2
1 12 38: 1428, 0, 1
1 12 42: 1452, 4, 2
1 12 43: 1428, 9, 3
1 12 43: 1452, 7, 3
1 12 44: 1428, 0, 0
1 12 45: 1428, 0, 0
1 12 46: 1428, 1, 3
1 12 47: 1434, 10, 2
1 12 48: 1434, 10, 2
1 12 49: 1434, 10, 2
1 12 50: 1434, 10, 2
1 12 51: 1434, 10, 2
1 12 52: 1436, 10, 0
1 13 0: 1434, 10, 3
1 13 1: 1434, 10, 3
1 13 2: 1434, 10, 3
1 13 3: 1434, 10, 3
1 13 4: 1434, 10, 3
1 13 5: 1434, 10, 3
1 13 6: 1434, 10, 3
1 13 10: 1434, 10, 2
1 13 11: 1434, 10, 2
1 13 12: 1434, 10, 2
1 13 13: 1428, 1, 1
1 13 14: 1428, 9, 1
1 13 28: 1428, 9, 3
1 13 29: 1428, 9, 0
1 13 29: 1453, 7, 0
1 13 34: 1428, 9, 3
1 13 34: 1452, 7, 3
1 13 35: 1428, 0, 0
1 13 36: 1428, 1, 3
1 13 37: 1434, 10, 2
1 13 38: 1428, 1, 0
1 13 39: 1428, 9, 0
1 13 40: 1454, 4, 2
1 13 41: 1428, 9, 3
1 13 41: 1455, 7, 3
1 13 42: 1428, 0, 0
1 13 43: 1428, 1, 3
1 13 44: 1434, 10, 2
1 13 45: 1434, 10, 2
1 13 46: 1434, 10, 2
1 13 47: 1434, 10, 2
1 13 48: 1434, 10, 2
1 13 49: 1434, 10, 2
1 13 50: 1434, 10, 2
1 13 51: 1436, 10, 0
1 14 0: 1434, 10, 3
1 14 1: 1434, 10, 3
1 14 2: 1434, 10, 3
1 14 3: 1434, 10, 3
1 14 4: 1434, 10, 3
1 14 5: 1434, 10, 3
1 14 6: 1434, 10, 3
1 14 10: 1434, 10, 2
1 14 11: 1434, 10, 2
1 14 12: 1434, 10, 2
1 14 13: 1428, 0, 1
1 14 28: 1428, 0, 3
1 14 29: 1428, 0, 1
1 14 34: 1428, 0, 3
1 14 35: 1434, 10, 1
1 14 36: 1434, 10, 2
1 14 37: 1434, 10, 2
1 14 38: 1434, 10, 2
1 14 39: 1428, 1, 0
1 14 40: 1428, 0, 0
1 14 41: 1428, 1, 3
1 14 42: 1434, 10, 2
1 14 43: 1434, 10, 2
1 14 44: 1434, 10, 2
1 14 45: 1434, 10, 2
1 14 46: 1434, 10, 2
1 14 47: 1434, 10, 2
1 14 48: 1434, 10, 2
1 14 49: 1434, 10, 2
1 14 50: 1436, 10, 0
1 15 0: 1434, 10, 3
1 15 1: 1434, 10, 3
1 15 2: 1434, 10, 3
1 15 3: 1434, 10, 3
1 15 4: 1434, 10, 3
1 15 5: 1434, 10, 3
1 15 6: 1434, 10, 3
1 15 10: 1434, 10, 2
1 15 11: 1434, 10, 2
1 15 12: 1434, 10, 2
1 15 13: 1428, 1, 0
1 15 14: 1428, 9, 0
1 15 27: 1428, 9, 3
1 15 28: 1428, 1, 3
1 15 29: 1428, 0, 1
1 15 34: 1428, 0, 3
1 15 35: 1434, 10, 1
1 15 36: 1434, 10, 2
1 15 37: 1434, 10, 2
1 15 38: 1434, 10, 2
1 15 39: 1434, 10, 2
1 15 40: 1434, 10, 2
1 15 41: 1434, 10, 2
1 15 42: 1434, 10, 2
1 15 43: 1434, 10, 2
1 15 44: 1434, 10, 2
1 15 45: 1434, 10, 2
1 15 46: 1434, 10, 2
1 15 47: 1434, 10, 2
1 15 48: 1434, 10, 2
1 15 49: 1436, 10, 0
1 16 0: 1434, 10, 3
1 16 1: 1434, 10, 3
1 16 2: 1434, 10, 3
1 16 3: 1434, 10, 3
1 16 4: 1434, 10, 3
1 16 5: 1434, 10, 3
1 16 6: 1434, 10, 3
1 16 10: 1436, 10, 1
1 16 11: 1434, 10, 2
1 16 12: 1434, 10, 2
1 16 13: 1434, 10, 2
1 16 14: 1428, 0, 1
1 16 27: 1428, 0, 3
1 16 28: 1434, 10, 3
1 16 29: 1428, 0, 1
1 16 34: 1428, 0, 3
1 16 35: 1434, 10, 1
1 16 36: 1434, 10, 2
1 16 37: 1434, 10, 2
1 16 38: 1434, 10, 2
1 16 39: 1434, 10, 2
1 16 40: 1434, 10, 2
1 16 41: 1434, 10, 2
1 16 42: 1434, 10, 2
1 16 43: 1434, 10, 2
1 16 44: 1434, 10, 2
1 16 45: 1434, 10, 2
1 16 46: 1434, 10, 2
1 16 47: 1434, 10, 0
1 16 48: 1436, 10, 0
1 17 0: 1434, 10, 3
1 17 1: 1434, 10, 3
1 17 2: 1434, 10, 3
1 17 3: 1434, 10, 3
1 17 4: 1434, 10, 3
1 17 5: 1434, 10, 3
1 17 6: 1434, 10, 3
1 17 11: 1434, 10, 2
1 17 12: 1434, 10, 2
1 17 13: 1434, 10, 2
1 17 14: 1428, 1, 0
1 17 15: 1428, 9, 0
1 17 26: 1454, 4, 2
1 17 27: 1428, 0, 3
1 17 28: 1434, 10, 3
1 17 29: 1428, 0, 1
1 17 34: 1428, 0, 3
1 17 35: 1434, 10, 1
1 17 36: 1434, 10, 2
1 17 37: 1434, 10, 2
1 17 38: 1434, 10, 2
1 17 39: 1434, 10, 2
1 17 40: 1434, 10, 2
1 17 41: 1434, 10, 2
1 17 42: 1434, 10, 2
1 17 43: 1434, 10, 2
1 17 44: 1434, 10, 2
1 17 45: 1434, 10, 2
1 17 46: 1434, 10, 0
1 17 47: 1436, 10, 0
1 18 0: 1434, 10, 3
1 18 1: 1434, 10, 3
1 18 2: 1434, 10, 3
1 18 3: 1434, 10, 3
1 18 4: 1434, 10, 3
1 18 5: 1434, 10, 3
1 18 6: 1434, 10, 3
1 18 7: 1436, 10, 3
1 18 11: 1434, 10, 2
1 18 12: 1434, 10, 2
1 18 13: 1434, 10, 2
1 18 14: 1434, 10, 2
1 18 15: 1428, 1, 0
1 18 16: 1428, 0, 0
1 18 17: 1428, 9, 0
1 18 24: 1454, 4, 2
1 18 25: 1428, 9, 3
1 18 25: 1452, 7, 3
1 18 26: 1428, 0, 0
1 18 27: 1428, 1, 3
1 18 28: 1434, 10, 1
1 18 29: 1428, 1, 0
1 18 30: 1428, 9, 0
1 18 30: 1452, 7, 0
1 18 33: 1428, 9, 3
1 18 33: 1452, 7, 3
1 18 34: 1428, 1, 3
1 18 35: 1434, 10, 1
1 18 36: 1434, 10, 2
1 18 37: 1434, 10, 2
1 18 38: 1434, 10, 2
1 18 39: 1434, 10, 2
1 18 40: 1434, 10, 2
1 18 41: 1434, 10, 2
1 18 42: 1434, 10, 2
1 18 43: 1434, 10, 2
1 18 44: 1434, 10, 2
1 18 45: 1434, 10, 2
1 18 46: 1436, 10, 0
1 19 0: 1434, 10, 3
1 19 1: 1434, 10, 3
1 19 2: 1434, 10, 3
1 19 3: 1434, 10, 3
1 19 4: 1434, 10, 3
1 19 5: 1434, 10, 3
1 19 6: 1434, 10, 3
1 19 7: 1434, 10, 3
1 19 11: 1436, 10, 1
1 19 12: 1434, 10, 2
1 19 13: 1434, 10, 2
1 19 14: 1434, 10, 2
1 19 15: 1434, 10, 2
1 19 16: 1434, 10, 2
1 19 17: 1428, 1, 0
1 19 18: 1428, 0, 0
1 19 19: 1428, 9, 0
1 19 23: 1428, 9, 3
1 19 23: 1455, 7, 3
1 19 24: 1428, 0, 0
1 19 25: 1428, 1, 3
1 19 26: 1434, 10, 2
1 19 27: 1434, 10, 2
1 19 28: 1434, 10, 1
1 19 29: 1434, 10, 1
1 19 30: 1428, 1, 0
1 19 31: 1428, 0, 0
1 19 32: 1428, 0, 0
1 19 33: 1428, 1, 3
1 19 34: 1434, 10, 1
1 19 35: 1434, 10, 1
1 19 36: 1434, 10, 1
1 19 37: 1434, 10, 2
1 19 38: 1434, 10, 2
1 19 39: 1434, 10, 2
1 19 40: 1434, 10, 2
1 19 41: 1434, 10, 2
1 19 42: 1434, 10, 2
1 19 43: 1434, 10, 2
1 19 44: 1434, 10, 2
1 19 45: 1436, 10, 0
1 20 0: 1434, 10, 3
1 20 1: 1434, 10, 3
1 20 2: 1434, 10, 3
1 20 3: 1434, 10, 3
1 20 4: 1434, 10, 3
1 20 5: 1434, 10, 3
1 20 6: 1434, 10, 3
1 20 7: 1434, 10, 3
1 20 12: 1436, 10, 1
1 20 13: 1434, 10, 2
1 20 14: 1434, 10, 2
1 20 15: 1434, 10, 2
1 20 16: 1434, 10, 2
1 20 17: 1434, 10, 2
1 20 18: 1434, 10, 2
1 20 19: 1428, 0, 1
1 20 22: 1452, 4, 1
1 20 23: 1428, 0, 3
1 20 24: 1434, 10, 2
1 20 25: 1434, 10, 2
1 20 26: 1434, 10, 2
1 20 27: 1434, 10, 2
1 20 28: 1434, 10, 0
1 20 29: 1434, 10, 0
1 20 30: 1434, 10, 0
1 20 31: 1434, 10, 0
1 20 32: 1434, 10, 0
1 20 33: 1434, 10, 0
1 20 34: 1434, 10, 0
1 20 35: 1434, 10, 0
1 20 36: 1436, 10, 0
1 21 0: 1434, 10, 3
1 21 1: 1434, 10, 3
1 21 2: 1434, 10, 3
1 21 3: 1434, 10, 3
1 21 4: 1434, 10, 3
1 21 5: 1434, 10, 3
1 21 6: 1434, 10, 3
1 21 7: 1434, 10, 3
1 21 8: 1436, 10, 3
1 21 13: 1436, 10, 1
1 21 14: 1434, 10, 2
1 21 15: 1434, 10, 2
1 21 16: 1434, 10, 2
1 21 17: 1434, 10, 2
1 21 18: 1434, 10, 2
1 21 19: 1428, 1, 0
1 21 20: 1428, 9, 0
1 21 21: 1454, 4, 2
1 21 22: 1428, 9, 3
1 21 22: 1455, 7, 3
1 21 23: 1428, 1, 3
1 21 24: 1434, 10, 2
1 21 25: 1434, 10, 2
1 21 26: 1434, 10, 2
1 21 27: 1434, 10, 2
1 21 28: 1436, 10, 0
1 22 0: 1434, 10, 3
1 22 1: 1434, 10, 3
1 22 2: 1434, 10, 3
1 22 3: 1434, 10, 3
1 22 4: 1434, 10, 3
1 22 5: 1434, 10, 3
1 22 6: 1434, 10, 3
1 22 7: 1434, 10, 3
1 22 8: 1434, 10, 3
1 22 14: 1434, 10, 2
1 22 15: 1434, 10, 2
1 22 16: 1434, 10, 2
1 22 17: 1434, 10, 2
1 22 18: 1434, 10, 2
1 22 19: 1434, 10, 2
1 22 20: 1428, 1, 0
1 22 21: 1428, 0, 0
1 22 22: 1428, 1, 3
1 22 23: 1434, 10, 2
1 22 24: 1434, 10, 2
1 22 25: 1434, 10, 2
1 22 26: 1434, 10, 3
1 22 27: 1436, 10, 0
1 23 0: 1434, 10, 3
1 23 1: 1434, 10, 3
1 23 2: 1434, 10, 3
1 23 3: 1434, 10, 3
1 23 4: 1434, 10, 3
1 23 5: 1434, 10, 3
1 23 6: 1434, 10, 3
1 23 7: 1434, 10, 3
1 23 8: 1434, 10, 3
1 23 14: 1436, 10, 1
1 23 15: 1434, 10, 2
1 23 16: 1434, 10, 2
1 23 17: 1434, 10, 2
1 23 18: 1434, 10, 2
1 23 19: 1434, 10, 2
1 23 20: 1434, 10, 2
1 23 21: 1434, 10, 2
1 23 22: 1434, 10, 2
1 23 23: 1434, 10, 2
1 23 24: 1434, 10, 3
1 23 25: 1434, 10, 2
1 23 26: 1436, 10, 0
1 24 0: 1434, 10, 3
1 24 1: 1434, 10, 3
1 24 2: 1434, 10, 3
1 24 3: 1434, 10, 3
1 24 4: 1434, 10, 3
1 24 5: 1434, 10, 3
1 24 6: 1434, 10, 3
1 24 7: 1434, 10, 3
1 24 8: 1434, 10, 3
1 24 9: 1436, 10, 3
1 24 16: 1436, 10, 1
1 24 17: 1434, 10, 2
1 24 18: 1434, 10, 2
1 24 19: 1434, 10, 2
1 24 20: 1434, 10, 2
1 24 21: 1434, 10, 2
1 24 22: 1434, 10, 2
1 24 23: 1434, 10, 2
1 24 24: 1434, 10, 0
1 24 25: 1436, 10, 0
1 25 0: 1434, 10, 3
1 25 1: 1434, 10, 3
1 25 2: 1434, 10, 3
1 25 3: 1434, 10, 3
1 25 4: 1434, 10, 3
1 25 5: 1434, 10, 3
1 25 6: 1434, 10, 3
1 25 7: 1434, 10, 3
1 25 8: 1434, 10, 3
1 25 9: 1434, 10, 3
1 25 10: 1436, 10, 3
1 26 0: 1434, 10, 3
1 26 1: 1434, 10, 3
1 26 2: 1434, 10, 3
1 26 3: 1434, 10, 3
1 26 4: 1434, 10, 3
1 26 5: 1434, 10, 3
1 26 6: 1434, 10, 3
1 26 7: 1434, 10, 3
1 26 8: 1434, 10, 3
1 26 9: 1434, 10, 3
1 26 10: 1434, 10, 3
1 26 11: 1436, 10, 3
1 27 0: 1434, 10, 3
1 27 1: 1434, 10, 3
1 27 2: 1434, 10, 3
1 27 3: 1434, 10, 3
1 27 4: 1434, 10, 3
1 27 5: 1434, 10, 3
1 27 6: 1434, 10, 3
1 27 7: 1434, 10, 3
1 27 8: 1434, 10, 3
1 27 9: 1434, 10, 3
1 27 10: 1434, 10, 3
1 27 11: 1434, 10, 3
1 28 0: 1434, 10, 3
1 28 1: 1434, 10, 3
1 28 2: 1434, 10, 3
1 28 3: 1434, 10, 3
1 28 4: 1434, 10, 3
1 28 5: 1434, 10, 3
1 28 6: 1434, 10, 3
1 28 7: 1434, 10, 3
1 28 8: 1434, 10, 3
1 28 9: 1434, 10, 3
1 28 10: 1434, 10, 3
1 28 11: 1434, 10, 3
1 29 0: 1434, 10, 3
1 29 1: 1434, 10, 3
1 29 2: 1434, 10, 3
1 29 3: 1434, 10, 3
1 29 4: 1434, 10, 3
1 29 5: 1434, 10, 3
1 29 6: 1434, 10, 3
1 29 7: 1434, 10, 3
1 29 8: 1434, 10, 3
1 29 9: 1434, 10, 3
1 29 10: 1434, 10, 3
1 29 11: 1434, 10, 3
1 30 0: 1434, 10, 3
1 30 1: 1434, 10, 3
1 30 2: 1434, 10, 3
1 30 3: 1434, 10, 3
1 30 4: 1434, 10, 3
1 30 5: 1434, 10, 3
1 30 6: 1434, 10, 3
1 30 7: 1434, 10, 3
1 30 8: 1434, 10, 3
1 30 9: 1434, 10, 3
1 30 10: 1434, 10, 3
1 30 11: 1434, 10, 3
1 31 0: 1434, 10, 3
1 31 1: 1434, 10, 3
1 31 2: 1434, 10, 3
1 31 3: 1434, 10, 3
1 31 4: 1434, 10, 3
1 31 5: 1434, 10, 3
1 31 6: 1434, 10, 3
1 31 7: 1434, 10, 3
1 31 8: 1434, 10, 3
1 31 9: 1434, 10, 3
1 31 10: 1434, 10, 3
1 31 11: 1434, 10, 3
1 32 0: 1434, 10, 3
1 32 1: 1434, 10, 3
1 32 2: 1434, 10, 3
1 32 3: 1434, 10, 3
1 32 4: 1434, 10, 3
1 32 5: 1434, 10, 3
1 32 6: 1434, 10, 3
1 32 7: 1434, 10, 3
1 32 8: 1434, 10, 3
1 32 9: 1434, 10, 3
1 32 10: 1434, 10, 3
1 32 11: 1434, 10, 3
1 33 0: 1434, 10, 3
1 33 1: 1434, 10, 3
1 33 2: 1434, 10, 3
1 33 3: 1434, 10, 3
1 33 4: 1434, 10, 3
1 33 5: 1434, 10, 3
1 33 6: 1434, 10, 3
1 33 7: 1434, 10, 3
1 33 8: 1434, 10, 3
1 33 9: 1434, 10, 3
1 33 10: 1434, 10, 3
1 33 11: 1434, 10, 3
1 34 0: 1434, 10, 3
1 34 1: 1434, 10, 3
1 34 2: 1434, 10, 3
1 34 3: 1434, 10, 3
1 34 4: 1434, 10, 3
1 34 5: 1434, 10, 3
1 34 6: 1434, 10, 3
1 34 7: 1434, 10, 3
1 34 8: 1434, 10, 3
1 34 9: 1434, 10, 3
1 34 10: 1434, 10, 3
1 34 11: 1434, 10, 3
1 35 0: 1434, 10, 3
1 35 1: 1434, 10, 3
1 35 2: 1434, 10, 3
1 35 3: 1434, 10, 3
1 35 4: 1434, 10, 3
1 35 5: 1434, 10, 3
1 35 6: 1434, 10, 3
1 35 7: 1434, 10, 3
1 35 8: 1434, 10, 3
1 35 9: 1434, 10, 3
1 35 10: 1434, 10, 3
1 35 11: 1434, 10, 3
1 36 0: 1434, 10, 3
1 36 1: 1434, 10, 3
1 36 2: 1434, 10, 3
1 36 3: 1434, 10, 3
1 36 4: 1434, 10, 3
1 36 5: 1434, 10, 3
1 36 6: 1434, 10, 3
1 36 7: 1434, 10, 3
1 36 8: 1434, 10, 3
1 36 9: 1434, 10, 3
1 36 10: 1434, 10, 3
1 36 11: 1434, 10, 3
1 37 0: 1434, 10, 3
1 37 1: 1434, 10, 3
1 37 2: 1434, 10, 3
1 37 3: 1434, 10, 3
1 37 4: 1434, 10, 3
1 37 5: 1434, 10, 3
1 37 6: 1434, 10, 3
1 37 7: 1434, 10, 3
1 37 8: 1434, 10, 3
1 37 9: 1434, 10, 3
1 37 10: 1434, 10, 3
1 37 11: 1434, 10, 3
1 38 0: 1434, 10, 3
1 38 1: 1434, 10, 3
1 38 2: 1434, 10, 3
1 38 3: 1434, 10, 3
1 38 4: 1434, 10, 3
1 38 5: 1434, 10, 3
1 38 6: 1434, 10, 3
1 38 7: 1434, 10, 3
1 38 8: 1434, 10, 3
1 38 9: 1434, 10, 3
1 38 10: 1434, 10, 3
1 38 11: 1434, 10, 3
1 39 0: 1434, 10, 3
1 39 1: 1434, 10, 3
1 39 2: 1434, 10, 3
1 39 3: 1434, 10, 3
1 39 4: 1434, 10, 3
1 39 5: 1434, 10, 3
1 39 6: 1434, 10, 3
1 39 7: 1434, 10, 3
1 39 8: 1434, 10, 3
1 39 9: 1434, 10, 3
1 39 10: 1434, 10, 3
1 39 11: 1434, 10, 3
1 40 0: 1434, 10, 3
1 40 1: 1434, 10, 3
1 40 2: 1434, 10, 3
1 40 3: 1434, 10, 3
1 40 4: 1434, 10, 3
1 40 5: 1434, 10, 3
1 40 6: 1434, 10, 3
1 40 7: 1434, 10, 3
1 40 8: 1434, 10, 3
1 40 9: 1434, 10, 3
1 40 10: 1434, 10, 3
1 40 11: 1434, 10, 3
1 41 0: 1434, 10, 3
1 41 1: 1434, 10, 3
1 41 2: 1434, 10, 3
1 41 3: 1434, 10, 3
1 41 4: 1434, 10, 3
1 41 5: 1434, 10, 3
1 41 6: 1434, 10, 3
1 41 7: 1434, 10, 3
1 41 8: 1434, 10, 3
1 41 9: 1434, 10, 3
1 41 10: 1434, 10, 3
1 41 11: 1434, 10, 3
1 42 0: 1434, 10, 3
1 42 1: 1434, 10, 3
1 42 2: 1434, 10, 3
1 42 3: 1434, 10, 3
1 42 4: 1434, 10, 3
1 42 5: 1434, 10, 3
1 42 6: 1434, 10, 3
1 42 7: 1434, 10, 3
1 42 8: 1434, 10, 3
1 42 9: 1434, 10, 3
1 42 10: 1434, 10, 3
1 42 11: 1434, 10, 3
1 43 0: 1434, 10, 3
1 43 1: 1434, 10, 3
1 43 2: 1434, 10, 3
1 43 3: 1434, 10, 3
1 43 4: 1434, 10, 3
1 43 5: 1434, 10, 3
1 43 6: 1434, 10, 3
1 43 7: 1434, 10, 3
1 43 8: 1434, 10, 3
1 43 9: 1434, 10, 3
1 43 10: 1434, 10, 3
1 43 11: 1434, 10, 3
1 44 0: 1434, 10, 3
1 44 1: 1434, 10, 3
1 44 2: 1434, 10, 3
1 44 3: 1434, 10, 3
1 44 4: 1434, 10, 3
1 44 5: 1434, 10, 3
1 44 6: 1434, 10, 3
1 44 7: 1434, 10, 3
1 44 8: 1434, 10, 3
1 44 9: 1434, 10, 3
1 44 10: 1434, 10, 3
1 44 11: 1434, 10, 3
1 45 0: 1434, 10, 3
1 45 1: 1434, 10, 3
1 45 2: 1434, 10, 3
1 45 3: 1434, 10, 3
1 45 4: 1434, 10, 3
1 45 5: 1434, 10, 3
1 45 6: 1434, 10, 3
1 45 7: 1434, 10, 3
1 45 8: 1434, 10, 3
1 45 9: 1434, 10, 3
1 45 10: 1434, 10, 3
1 45 11: 1434, 10, 3
1 46 0: 1434, 10, 3
1 46 1: 1434, 10, 3
1 46 2: 1434, 10, 3
1 46 3: 1434, 10, 3
1 46 4: 1434, 10, 3
1 46 5: 1434, 10, 3
1 46 6: 1434, 10, 3
1 46 7: 1434, 10, 3
1 46 8: 1434, 10, 3
1 46 9: 1434, 10, 3
1 46 10: 1434, 10, 3
1 46 11: 1434, 10, 3
1 47 0: 1434, 10, 3
1 47 1: 1434, 10, 3
1 47 2: 1434, 10, 3
1 47 3: 1434, 10, 3
1 47 4: 1434, 10, 3
1 47 5: 1434, 10, 3
1 47 6: 1434, 10, 3
1 47 7: 1434, 10, 3
1 47 8: 1434, 10, 3
1 47 9: 1434, 10, 3
1 47 10: 1434, 10, 3
1 47 11: 1434, 10, 3
1 48 0: 1434, 10, 3
1 48 1: 1434, 10, 3
1 48 2: 1434, 10, 3
1 48 3: 1434, 10, 3
1 48 4: 1434, 10, 3
1 48 5: 1434, 10, 3
1 48 6: 1434, 10, 3
1 48 7: 1434, 10, 3
1 48 8: 1434, 10, 3
1 48 9: 1434, 10, 3
1 48 10: 1434, 10, 3
1 48 11: 1434, 10, 3
1 49 0: 1434, 10, 3
1 49 1: 1434, 10, 3
1 49 2: 1434, 10, 3
1 49 3: 1434, 10, 3
1 49 4: 1434, 10, 3
1 49 5: 1434, 10, 3
1 49 6: 1434, 10, 3
1 49 7: 1434, 10, 3
1 49 8: 1434, 10, 3
1 49 9: 1434, 10, 3
1 49 10: 1434, 10, 3
1 49 11: 1434, 10, 3
1 50 0: 1434, 10, 3
1 50 1: 1434, 10, 3
1 50 2: 1434, 10, 3
1 50 3: 1434, 10, 3
1 50 4: 1434, 10, 3
1 50 5: 1434, 10, 3
1 50 6: 1434, 10, 3
1 50 7: 1434, 10, 3
1 50 8: 1434, 10, 3
1 50 9: 1434, 10, 3
1 50 10: 1434, 10, 3
1 50 11: 1434, 10, 3
1 51 0: 1434, 10, 3
1 51 1: 1434, 10, 3
1 51 2: 1434, 10, 3
1 51 3: 1434, 10, 3
1 51 4: 1434, 10, 3
1 51 5: 1434, 10, 3
1 51 6: 1434, 10, 3
1 51 7: 1434, 10, 3
1 51 8: 1434, 10, 3
1 51 9: 1434, 10, 3
1 51 10: 1434, 10, 3
1 51 11: 1434, 10, 3
1 52 0: 1434, 10, 3
1 52 1: 1434, 10, 3
1 52 2: 1434, 10, 3
1 52 3: 1434, 10, 3
1 52 4: 1434, 10, 3
1 52 5: 1434, 10, 3
1 52 6: 1434, 10, 3
1 52 7: 1434, 10, 3
1 52 8: 1434, 10, 3
1 52 9: 1434, 10, 3
1 52 10: 1434, 10, 3
1 52 11: 1434, 10, 3
1 53 0: 1434, 10, 3
1 53 1: 1434, 10, 3
1 53 2: 1434, 10, 3
1 53 3: 1434, 10, 3
1 53 4: 1434, 10, 3
1 53 5: 1434, 10, 3
1 53 6: 1434, 10, 3
1 53 7: 1434, 10, 3
1 53 8: 1434, 10, 3
1 53 9: 1434, 10, 3
1 53 10: 1434, 10, 3
1 53 11: 1434, 10, 3
1 54 0: 1434, 10, 3
1 54 1: 1434, 10, 3
1 54 2: 1434, 10, 3
1 54 3: 1434, 10, 3
1 54 4: 1434, 10, 3
1 54 5: 1434, 10, 3
1 54 6: 1434, 10, 3
1 54 7: 1434, 10, 3
1 54 8: 1434, 10, 3
1 54 9: 1434, 10, 3
1 54 10: 1434, 10, 3
1 54 11: 1434, 10, 3
1 55 0: 1434, 10, 3
1 55 1: 1434, 10, 3
1 55 2: 1434, 10, 3
1 55 3: 1434, 10, 3
1 55 4: 1434, 10, 3
1 55 5: 1434, 10, 3
1 55 6: 1434, 10, 3
1 55 7: 1434, 10, 3
1 55 8: 1434, 10, 3
1 55 9: 1434, 10, 3
1 55 10: 1434, 10, 3
1 55 11: 1434, 10, 3
1 56 0: 1434, 10, 3
1 56 1: 1434, 10, 3
1 56 2: 1434, 10, 3
1 56 3: 1434, 10, 3
1 56 4: 1434, 10, 3
1 56 5: 1434, 10, 3
1 56 6: 1434, 10, 3
1 56 7: 1434, 10, 3
1 56 8: 1434, 10, 3
1 56 9: 1434, 10, 3
1 56 10: 1434, 10, 3
1 56 11: 1434, 10, 3
1 57 0: 1434, 10, 3
1 57 1: 1434, 10, 3
1 57 2: 1434, 10, 3
1 57 3: 1434, 10, 3
1 57 4: 1434, 10, 3
1 57 5: 1434, 10, 3
1 57 6: 1434, 10, 3
1 57 7: 1434, 10, 3
1 57 8: 1434, 10, 3
1 57 9: 1434, 10, 3
1 57 10: 1434, 10, 3
1 57 11: 1434, 10, 3
1 58 0: 1434, 10, 3
1 58 1: 1434, 10, 3
1 58 2: 1434, 10, 3
1 58 3: 1434, 10, 3
1 58 4: 1434, 10, 3
1 58 5: 1434, 10, 3
1 58 6: 1434, 10, 3
1 58 7: 1434, 10, 3
1 58 8: 1434, 10, 3
1 58 9: 1434, 10, 3
1 58 10: 1434, 10, 3
1 58 11: 1434, 10, 3
1 59 0: 1434, 10, 3
1 59 1: 1434, 10, 3
1 59 2: 1434, 10, 3
1 59 3: 1434, 10, 3
1 59 4: 1434, 10, 3
1 59 5: 1434, 10, 3
1 59 6: 1434, 10, 3
1 59 7: 1434, 10, 3
1 59 8: 1434, 10, 3
1 59 9: 1434, 10, 3
1 59 10: 1434, 10, 3
1 59 11: 1434, 10, 3
1 60 0: 1434, 10, 3
1 60 1: 1434, 10, 3
1 60 2: 1434, 10, 3
1 60 3: 1434, 10, 3
1 60 4: 1434, 10, 3
1 60 5: 1434, 10, 3
1 60 6: 1434, 10, 3
1 60 7: 1434, 10, 3
1 60 8: 1434, 10, 3
1 60 9: 1434, 10, 3
1 60 10: 1434, 10, 3
1 60 11: 1434, 10, 3
1 61 0: 1434, 10, 3
1 61 1: 1434, 10, 3
1 61 2: 1434, 10, 3
1 61 3: 1434, 10, 3
1 61 4: 1434, 10, 3
1 61 5: 1434, 10, 3
1 61 6: 1434, 10, 3
1 61 7: 1434, 10, 3
1 61 8: 1434, 10, 3
1 61 9: 1434, 10, 3
1 61 10: 1434, 10, 3
1 61 11: 1434, 10, 3
1 62 0: 1434, 10, 3
1 62 1: 1434, 10, 3
1 62 2: 1434, 10, 3
1 62 3: 1434, 10, 3
1 62 4: 1434, 10, 3
1 62 5: 1434, 10, 3
1 62 6: 1434, 10, 3
1 62 7: 1434, 10, 3
1 62 8: 1434, 10, 3
1 62 9: 1434, 10, 3
1 62 10: 1434, 10, 3
1 62 11: 1434, 10, 3
1 63 0: 1434, 10, 3
1 63 1: 1434, 10, 3
1 63 2: 1434, 10, 3
1 63 3: 1434, 10, 3
1 63 4: 1434, 10, 3
1 63 5: 1434, 10, 3
1 63 6: 1434, 10, 3
1 63 7: 1434, 10, 3
1 63 8: 1434, 10, 3
1 63 9: 1434, 10, 3
1 63 10: 1434, 10, 3
1 63 11: 1434, 10, 3
2 3 45: 321, 22, 2
2 4 43: 319, 22, 1
2 4 44: 321, 22, 3
2 4 45: 319, 22, 3
2 4 46: 320, 22, 2
2 5 43: 320, 22, 3
2 5 47: 320, 22, 2
2 6 37: 320, 22, 1
2 6 39: 320, 22, 1
2 6 40: 321, 22, 2
2 6 41: 320, 22, 3
2 6 43: 319, 22, 0
2 7 21: 319, 22, 3
2 7 22: 321, 22, 0
2 7 23: 320, 22, 3
2 7 38: 320, 22, 2
2 7 42: 320, 22, 2
2 7 48: 320, 22, 2
2 8 20: 319, 22, 2
2 8 24: 320, 22, 0
2 9 18: 320, 22, 3
2 10 18: 320, 22, 2
2 11 16: 320, 22, 0
2 11 17: 321, 22, 0
2 12 14: 324, 22, 2
2 12 37: 319, 22, 1
2 13 13: 320, 22, 1
2 13 36: 320, 22, 3
2 13 37: 320, 22, 2
2 13 38: 320, 22, 3
2 13 44: 320, 22, 0
2 14 13: 319, 22, 1
2 14 28: 321, 22, 0
2 14 29: 321, 22, 3
2 14 35: 319, 22, 2
2 14 36: 320, 22, 3
2 14 37: 319, 22, 1
2 14 38: 321, 22, 3
2 14 40: 319, 22, 0
2 14 41: 320, 22, 0
2 14 43: 320, 22, 1
2 15 13: 320, 22, 1
2 15 29: 320, 22, 1
2 15 35: 321, 22, 0
2 16 28: 321, 22, 0
2 16 35: 320, 22, 2
2 16 36: 320, 22, 1
2 17 14: 320, 22, 0
2 17 29: 319, 22, 0
2 17 35: 319, 22, 2
2 18 15: 320, 22, 3
2 18 28: 320, 22, 3
2 18 35: 320, 22, 2
2 18 36: 320, 22, 3
2 19 17: 319, 22, 3
2 19 18: 320, 22, 1
2 19 28: 319, 22, 2
2 19 29: 320, 22, 1
2 19 34: 320, 22, 1
2 19 35: 321, 22, 0
2 20 19: 320, 22, 0
2 20 23: 320, 22, 1
2 20 29: 321, 22, 0
2 20 30: 320, 22, 2
2 20 31: 320, 22, 3
2 20 32: 320, 22, 1
2 20 33: 319, 22, 2
2 20 34: 320, 22, 0
2 21 18: 320, 22, 3
2 21 19: 319, 22, 1
2 21 23: 319, 22, 2
2 22 19: 319, 22, 3
2 22 21: 320, 22, 1
2 22 24: 321, 22, 0
2 23 20: 321, 22, 0
2 23 22: 320, 22, 2
2 23 23: 320, 22, 0
