0 51 55: 440, 10, 0
0 52 18: 1299, 10, 0
0 53 12: 1278, 10, 3
0 53 15: 1257, 22, 0
0 53 16: 1257, 22, 3
0 53 17: 1257, 22, 0
0 53 18: 1258, 22, 1
0 53 19: 1257, 22, 1
0 53 49: 1257, 22, 1
0 53 50: 1189, 10, 1
0 53 50: 1257, 22, 0
0 53 51: 1257, 22, 3
0 53 52: 1257, 22, 3
0 53 53: 1257, 22, 2
0 53 58: 442, 11, 0
0 54 13: 1938, 4, 2
0 54 14: 1258, 22, 0
0 54 15: 1124, 10, 3
0 54 16: 1257, 22, 1
0 54 17: 1258, 22, 3
0 54 17: 1938, 4, 2
0 54 18: 1258, 22, 2
0 54 19: 1258, 22, 3
0 54 20: 1257, 22, 2
0 54 49: 1189, 10, 0
0 54 49: 1257, 22, 2
0 54 50: 1257, 22, 2
0 54 51: 1258, 22, 3
0 54 52: 1189, 10, 2
0 54 52: 1259, 22, 2
0 54 53: 1258, 22, 1
0 54 54: 1258, 22, 0
0 55 11: 1299, 10, 3
0 55 12: 391, 6, 3
0 55 12: 1902, 9, 3
0 55 13: 1902, 0, 0
0 55 13: 1938, 5, 0
0 55 14: 1022, 5, 0
0 55 14: 1902, 0, 0
0 55 15: 1023, 5, 0
0 55 15: 1902, 0, 0
0 55 16: 1902, 0, 0
0 55 17: 1902, 0, 0
0 55 17: 1938, 5, 0
0 55 18: 1902, 9, 0
0 55 19: 1258, 22, 1
0 55 20: 1257, 22, 3
0 55 21: 1124, 10, 1
0 55 24: 1257, 22, 0
0 55 45: 1258, 22, 2
0 55 46: 1257, 22, 0
0 55 50: 1257, 22, 2
0 55 51: 1257, 22, 0
0 55 52: 1258, 22, 2
0 55 53: 1258, 22, 2
0 55 54: 1259, 22, 2
0 55 55: 1258, 22, 1
0 55 62: 442, 11, 1
0 56 11: 1938, 4, 1
0 56 12: 1902, 0, 3
0 56 12: 1938, 5, 3
0 56 15: 612, 10, 2
0 56 18: 1152, 10, 0
0 56 18: 1902, 0, 1
0 56 18: 1938, 5, 1
0 56 19: 1258, 22, 1
0 56 19: 1938, 4, 3
0 56 20: 1258, 22, 2
0 56 21: 1257, 22, 3
0 56 23: 1257, 22, 0
0 56 24: 1257, 22, 0
0 56 25: 1189, 10, 2
0 56 25: 1257, 22, 2
0 56 26: 1257, 22, 1
0 56 39: 1286, 10, 3
0 56 40: 1282, 10, 0
0 56 44: 1258, 22, 1
0 56 45: 1258, 22, 2
0 56 46: 1258, 22, 3
0 56 50: 1257, 22, 0
0 56 51: 1257, 22, 0
0 56 52: 1257, 22, 2
0 56 53: 1257, 22, 3
0 56 54: 1258, 22, 3
0 56 54: 1276, 10, 3
0 56 55: 1259, 22, 3
0 56 56: 1258, 22, 3
0 56 57: 1257, 22, 3
0 56 59: 441, 10, 0
0 57 12: 1902, 0, 3
0 57 13: 612, 10, 3
0 57 18: 1022, 5, 1
0 57 18: 1102, 10, 3
0 57 18: 1902, 0, 1
0 57 19: 1173, 10, 1
0 57 20: 1258, 22, 0
0 57 21: 1257, 22, 2
0 57 23: 1257, 22, 2
0 57 24: 1257, 22, 0
0 57 25: 1257, 22, 1
0 57 26: 1257, 22, 0
0 57 27: 1189, 10, 1
0 57 27: 1257, 22, 3
0 57 28: 1257, 22, 3
0 57 37: 1282, 10, 0
0 57 39: 1258, 22, 1
0 57 46: 1124, 10, 2
0 57 52: 1257, 22, 1
0 57 53: 1257, 22, 0
0 57 54: 1257, 22, 1
0 57 55: 1257, 22, 3
0 57 56: 1257, 22, 3
0 57 57: 1257, 22, 2
0 58 10: 1124, 10, 3
0 58 12: 1902, 0, 3
0 58 13: 921, 22, 3
0 58 14: 921, 22, 3
0 58 14: 1102, 10, 3
0 58 15: 2753, 22, 0
0 58 18: 874, 10, 1
0 58 18: 1023, 5, 1
0 58 18: 1902, 0, 1
0 58 19: 876, 4, 3
0 58 21: 1281, 10, 0
0 58 23: 1257, 22, 2
0 58 24: 1257, 22, 1
0 58 25: 1189, 10, 3
0 58 25: 1258, 22, 2
0 58 26: 1258, 22, 1
0 58 27: 1258, 22, 0
0 58 28: 1257, 22, 2
0 58 29: 1257, 22, 0
0 58 38: 1258, 22, 0
0 58 39: 1259, 22, 0
0 58 39: 1282, 10, 0
0 58 40: 1258, 22, 3
0 58 41: 1282, 10, 3
0 58 52: 1257, 22, 1
0 58 53: 1257, 22, 1
0 58 54: 1257, 22, 0
0 58 55: 1257, 22, 3
0 58 56: 1257, 22, 0
0 58 57: 1257, 22, 1
0 58 58: 1257, 22, 3
0 59 7: 1259, 22, 0
0 59 9: 1257, 22, 0
0 59 12: 887, 5, 3
0 59 12: 1902, 0, 3
0 59 13: 921, 22, 1
0 59 14: 921, 22, 1
0 59 15: 921, 22, 1
0 59 18: 1023, 5, 1
0 59 18: 1902, 0, 1
0 59 19: 884, 10, 2
0 59 19: 2771, 22, 0
0 59 20: 1253, 22, 2
0 59 23: 1257, 22, 1
0 59 24: 1257, 22, 1
0 59 25: 1257, 22, 3
0 59 26: 1258, 22, 2
0 59 27: 1259, 22, 2
0 59 28: 1258, 22, 3
0 59 29: 1257, 22, 1
0 59 37: 1258, 22, 3
0 59 38: 1259, 22, 2
0 59 39: 1259, 22, 1
0 59 40: 1258, 22, 2
0 59 53: 1189, 10, 2
0 59 55: 1189, 10, 3
0 59 55: 1257, 22, 2
0 59 56: 1257, 22, 1
0 59 57: 1257, 22, 0
0 59 57: 1276, 10, 2
0 59 58: 1257, 22, 2
0 60 7: 1258, 22, 3
0 60 8: 1257, 22, 0
0 60 9: 1257, 22, 0
0 60 11: 1938, 4, 1
0 60 12: 1902, 0, 3
0 60 12: 1938, 5, 3
0 60 13: 1102, 10, 2
0 60 15: 1102, 10, 0
0 60 16: 948, 22, 3
0 60 18: 1102, 10, 2
0 60 18: 1902, 0, 1
0 60 18: 1938, 5, 1
0 60 19: 1938, 4, 3
0 60 22: 1257, 22, 3
0 60 24: 1257, 22, 1
0 60 25: 1257, 22, 3
0 60 26: 1257, 22, 1
0 60 27: 1257, 22, 1
0 60 28: 1124, 10, 1
0 60 28: 1257, 22, 2
0 60 29: 1257, 22, 0
0 60 30: 1257, 22, 2
0 60 31: 1258, 22, 2
0 60 32: 1257, 22, 1
0 60 36: 1278, 10, 1
0 60 38: 1258, 22, 2
0 60 39: 1258, 22, 1
0 60 39: 1282, 10, 2
0 60 42: 1289, 10, 0
0 60 44: 1289, 10, 2
0 60 57: 1257, 22, 3
0 60 58: 1257, 22, 0
0 60 59: 1257, 22, 1
0 61 5: 1259, 22, 0
0 61 6: 1259, 22, 3
0 61 7: 1257, 22, 3
0 61 8: 1257, 22, 1
0 61 9: 1257, 22, 3
0 61 10: 1276, 10, 2
0 61 12: 1902, 9, 2
0 61 13: 1902, 0, 2
0 61 13: 1938, 5, 2
0 61 14: 909, 5, 2
0 61 14: 1902, 0, 2
0 61 15: 1581, 0, 2
0 61 17: 1153, 10, 2
0 61 17: 1580, 0, 2
0 61 18: 1902, 9, 1
0 61 19: 1124, 10, 2
0 61 20: 1257, 22, 3
0 61 21: 1257, 22, 0
0 61 22: 1173, 10, 2
0 61 22: 1257, 22, 3
0 61 23: 1257, 22, 0
0 61 28: 1257, 22, 2
0 61 29: 1257, 22, 3
0 61 31: 1257, 22, 2
0 61 41: 1282, 10, 0
0 61 48: 1282, 10, 2
0 61 49: 1282, 10, 2
0 61 55: 1189, 10, 0
0 62 5: 1258, 22, 2
0 62 6: 1278, 10, 2
0 62 8: 1257, 22, 2
0 62 9: 1257, 22, 2
0 62 10: 1253, 22, 3
0 62 12: 1173, 10, 0
0 62 13: 1938, 4, 0
0 62 14: 909, 4, 0
0 62 14: 1253, 22, 1
0 62 15: 1153, 10, 2
0 62 17: 1152, 10, 0
0 62 18: 1258, 22, 1
0 62 19: 1257, 22, 3
0 62 20: 1258, 22, 0
0 62 21: 1257, 22, 1
0 62 23: 1199, 10, 0
0 62 24: 320, 22, 1
0 62 24: 1201, 10, 2
0 62 25: 321, 22, 0
0 62 25: 1196, 10, 0
0 62 26: 320, 22, 0
0 62 26: 1198, 10, 2
0 62 27: 320, 22, 3
0 62 27: 1199, 10, 3
0 62 28: 320, 22, 3
0 62 28: 1299, 10, 3
0 62 29: 1124, 10, 1
0 62 32: 1257, 22, 3
0 62 33: 1259, 22, 0
0 62 34: 1258, 22, 0
0 62 35: 1257, 22, 2
0 62 36: 1257, 22, 2
0 62 36: 1278, 10, 2
0 62 38: 1282, 10, 3
0 62 40: 1282, 10, 3
0 62 46: 1625, 3, 2
0 62 47: 1289, 10, 1
0 62 50: 1282, 10, 1
0 63 4: 1124, 10, 0
0 63 5: 1257, 22, 0
0 63 6: 1257, 22, 3
0 63 7: 1257, 22, 1
0 63 8: 1257, 22, 2
0 63 9: 1196, 10, 2
0 63 10: 1257, 22, 1
0 63 19: 1257, 22, 1
0 63 20: 1257, 22, 2
0 63 22: 1602, 3, 1
0 63 23: 320, 22, 2
0 63 23: 1300, 10, 2
0 63 23: 1602, 0, 2
0 63 24: 320, 22, 0
0 63 24: 1299, 10, 2
0 63 24: 1602, 0, 2
0 63 24: 1821, 5, 2
0 63 25: 320, 22, 3
0 63 25: 1199, 10, 0
0 63 25: 1602, 0, 2
0 63 26: 1196, 10, 1
0 63 26: 1602, 0, 2
0 63 27: 321, 22, 3
0 63 27: 1199, 10, 2
0 63 27: 1602, 0, 2
0 63 27: 1821, 5, 2
0 63 28: 320, 22, 2
0 63 28: 1201, 10, 3
0 63 28: 1602, 0, 2
0 63 30: 1124, 10, 0
0 63 33: 1257, 22, 0
0 63 34: 1257, 22, 1
0 63 35: 1257, 22, 2
0 63 44: 1625, 3, 1
0 63 45: 1625, 0, 3
0 63 46: 1626, 2, 0
0 63 50: 1289, 10, 3
0 63 54: 1289, 10, 2
1 54 15: 1938, 4, 2
1 55 12: 1902, 9, 3
1 55 13: 1902, 0, 0
1 55 14: 1902, 0, 0
1 55 15: 1902, 0, 0
1 55 15: 1938, 5, 0
1 55 16: 1902, 0, 0
1 55 17: 1902, 0, 0
1 55 18: 1902, 9, 0
1 56 12: 1902, 0, 3
1 56 18: 1902, 0, 1
1 57 12: 1902, 0, 3
1 57 18: 1902, 0, 1
1 58 11: 1938, 4, 1
1 58 12: 1902, 0, 3
1 58 12: 1938, 5, 3
1 58 18: 1902, 0, 1
1 58 18: 1938, 5, 1
1 58 19: 1938, 4, 3
1 59 12: 1902, 0, 3
1 59 18: 1902, 0, 1
1 60 12: 1902, 0, 3
1 60 18: 1902, 0, 1
1 61 12: 1902, 9, 2
1 61 13: 1902, 0, 2
1 61 14: 1902, 0, 2
1 61 15: 1577, 10, 2
1 61 18: 1902, 9, 1
1 62 17: 1055, 4, 0
1 63 22: 1602, 3, 1
1 63 23: 1602, 0, 2
1 63 24: 1602, 0, 2
1 63 24: 1821, 5, 2
1 63 25: 1602, 0, 2
1 63 26: 1602, 0, 2
1 63 27: 1602, 0, 2
1 63 27: 1821, 5, 2
1 63 28: 1602, 0, 2
2 54 12: 1793, 19, 1
2 54 13: 1793, 18, 2
2 54 14: 1793, 18, 2
2 54 15: 1793, 18, 2
2 54 16: 1793, 18, 2
2 54 17: 1793, 18, 2
2 54 18: 1793, 19, 2
2 55 11: 1793, 19, 1
2 55 12: 1933, 13, 1
2 55 13: 1933, 12, 2
2 55 14: 1933, 12, 2
2 55 15: 1933, 12, 2
2 55 16: 1933, 12, 2
2 55 17: 1933, 12, 2
2 55 18: 1933, 13, 2
2 55 19: 1793, 19, 2
2 56 11: 1793, 18, 1
2 56 12: 1933, 12, 1
2 56 18: 1933, 12, 3
2 56 19: 1793, 18, 3
2 57 11: 1793, 18, 1
2 57 12: 1933, 12, 1
2 57 18: 1933, 12, 3
2 57 19: 1793, 18, 3
2 58 11: 1793, 18, 1
2 58 12: 1933, 12, 1
2 58 18: 1933, 12, 3
2 58 19: 1793, 18, 3
2 59 11: 1793, 18, 1
2 59 12: 1933, 12, 1
2 59 18: 1933, 12, 3
2 59 19: 1793, 18, 3
2 60 11: 1793, 18, 1
2 60 12: 1933, 12, 1
2 60 18: 1933, 12, 3
2 60 19: 1793, 18, 3
2 61 11: 1793, 19, 0
2 61 12: 1933, 13, 0
2 61 13: 1933, 12, 0
2 61 14: 1933, 12, 0
2 61 15: 1933, 12, 0
2 61 16: 1933, 12, 0
2 61 17: 1933, 12, 0
2 61 18: 1933, 13, 3
2 61 19: 1793, 19, 3
2 62 12: 1793, 19, 0
2 62 13: 1793, 18, 0
2 62 14: 1793, 18, 0
2 62 15: 1793, 18, 0
2 62 16: 1793, 18, 0
2 62 17: 1793, 18, 0
2 62 18: 1793, 19, 3
2 63 22: 1792, 19, 1
2 63 23: 1792, 18, 2
2 63 24: 1792, 18, 2
2 63 25: 1792, 18, 2
2 63 26: 1792, 18, 2
2 63 27: 1792, 18, 2
2 63 28: 1792, 18, 2
2 63 29: 1792, 19, 2
3 56 13: 1933, 16, 1
3 56 14: 1933, 12, 2
3 56 15: 1933, 12, 2
3 56 16: 1933, 12, 2
3 56 17: 1933, 16, 2
3 57 13: 1933, 12, 1
3 57 14: 1933, 17, 1
3 57 15: 1933, 17, 1
3 57 16: 1933, 17, 1
3 57 17: 1933, 12, 3
3 58 13: 1933, 12, 1
3 58 14: 1933, 17, 1
3 58 15: 1933, 17, 1
3 58 16: 1933, 17, 1
3 58 17: 1933, 12, 3
3 59 13: 1933, 12, 1
3 59 14: 1933, 17, 1
3 59 15: 1933, 17, 1
3 59 16: 1933, 17, 1
3 59 17: 1933, 12, 3
3 60 13: 1933, 16, 0
3 60 14: 1933, 12, 0
3 60 15: 1933, 12, 0
3 60 16: 1933, 12, 0
3 60 17: 1933, 16, 3
