0 25 46: 65, 3, 1
0 25 47: 65, 0, 2
0 25 48: 65, 3, 2
0 26 46: 65, 0, 1
0 26 48: 65, 0, 3
0 27 46: 65, 3, 0
0 27 47: 65, 0, 0
0 27 48: 65, 3, 3
0 40 26: 66, 3, 1
0 40 27: 66, 0, 2
0 40 28: 66, 3, 2
0 41 26: 66, 0, 1
0 41 28: 66, 0, 3
0 42 26: 66, 3, 0
0 42 27: 66, 0, 0
0 42 28: 66, 3, 3
0 62 34: 1417, 1, 1
0 62 35: 1417, 0, 2
0 62 36: 1417, 0, 2
0 62 37: 1417, 0, 2
0 62 38: 1417, 0, 2
0 62 39: 1417, 1, 2
0 63 33: 1417, 1, 1
0 63 34: 1417, 9, 1
0 63 35: 206, 4, 0
0 63 35: 731, 10, 3
0 63 36: 732, 10, 1
0 63 37: 731, 10, 0
0 63 38: 206, 4, 0
0 63 38: 732, 10, 0
0 63 39: 1417, 9, 2
0 63 40: 1417, 1, 2
1 52 8: 1417, 9, 3
1 52 9: 1417, 0, 0
1 52 10: 1417, 0, 0
1 52 11: 1417, 0, 0
1 52 12: 1417, 9, 0
1 53 7: 1417, 9, 3
1 53 8: 1417, 1, 3
1 53 9: 1434, 10, 0
1 53 10: 1434, 10, 0
1 53 11: 1434, 10, 0
1 53 12: 1417, 1, 0
1 53 13: 1417, 9, 0
1 53 34: 1417, 9, 3
1 53 35: 1417, 0, 0
1 53 36: 1417, 0, 0
1 53 37: 1417, 0, 0
1 53 38: 1417, 0, 0
1 53 39: 1417, 9, 0
1 53 42: 1417, 9, 3
1 53 43: 1417, 0, 0
1 53 44: 1417, 0, 0
1 53 45: 1417, 0, 0
1 53 46: 1417, 9, 0
1 54 7: 1417, 0, 3
1 54 8: 1434, 10, 0
1 54 9: 1434, 10, 0
1 54 10: 1434, 10, 0
1 54 11: 1434, 10, 0
1 54 12: 1434, 10, 0
1 54 13: 1417, 1, 0
1 54 14: 1417, 0, 0
1 54 15: 1417, 0, 0
1 54 16: 1417, 9, 0
1 54 33: 1417, 9, 3
1 54 34: 1417, 1, 3
1 54 35: 1434, 10, 0
1 54 36: 1434, 10, 0
1 54 37: 1434, 10, 0
1 54 38: 1434, 10, 0
1 54 39: 1417, 1, 0
1 54 40: 1417, 0, 0
1 54 41: 1417, 0, 0
1 54 42: 1417, 1, 3
1 54 43: 1434, 10, 0
1 54 44: 1434, 10, 0
1 54 45: 1434, 10, 0
1 54 46: 1417, 1, 0
1 54 47: 1417, 9, 0
1 55 6: 1417, 9, 3
1 55 7: 1417, 1, 3
1 55 8: 1434, 10, 0
1 55 9: 1434, 10, 0
1 55 10: 1434, 10, 0
1 55 11: 1434, 10, 0
1 55 12: 1434, 10, 0
1 55 13: 1434, 10, 0
1 55 14: 1434, 10, 0
1 55 15: 1434, 10, 0
1 55 16: 1417, 1, 0
1 55 17: 1417, 9, 0
1 55 32: 1417, 9, 3
1 55 33: 1417, 1, 3
1 55 34: 1434, 10, 0
1 55 35: 1434, 10, 0
1 55 36: 1434, 10, 0
1 55 37: 1434, 10, 0
1 55 38: 1434, 10, 0
1 55 39: 1434, 10, 0
1 55 40: 1434, 10, 0
1 55 41: 1434, 10, 0
1 55 42: 1434, 10, 0
1 55 43: 1434, 10, 0
1 55 44: 1434, 10, 0
1 55 45: 1434, 10, 0
1 55 46: 1434, 10, 0
1 55 47: 1417, 1, 0
1 55 48: 1417, 0, 0
1 55 49: 1417, 9, 0
1 56 5: 1417, 9, 3
1 56 6: 1417, 1, 3
1 56 7: 1434, 10, 0
1 56 8: 1434, 10, 0
1 56 9: 1434, 10, 0
1 56 10: 1434, 10, 0
1 56 11: 1434, 10, 0
1 56 12: 1434, 10, 0
1 56 13: 1434, 10, 0
1 56 14: 1434, 10, 0
1 56 15: 1434, 10, 0
1 56 16: 1434, 10, 0
1 56 17: 1417, 1, 0
1 56 18: 1417, 0, 0
1 56 19: 1417, 9, 0
1 56 30: 1417, 9, 3
1 56 31: 1417, 0, 0
1 56 32: 1417, 1, 3
1 56 33: 1434, 10, 0
1 56 34: 1434, 10, 0
1 56 35: 1434, 10, 0
1 56 36: 1434, 10, 0
1 56 37: 1434, 10, 0
1 56 38: 1434, 10, 0
1 56 39: 1434, 10, 0
1 56 40: 1434, 10, 0
1 56 41: 1434, 10, 0
1 56 42: 1434, 10, 0
1 56 43: 1434, 10, 0
1 56 44: 1434, 10, 0
1 56 45: 1434, 10, 0
1 56 46: 1434, 10, 0
1 56 47: 1434, 10, 0
1 56 48: 1434, 10, 0
1 56 49: 1417, 1, 0
1 56 50: 1417, 9, 0
1 57 5: 1428, 0, 3
1 57 6: 1434, 10, 0
1 57 7: 1434, 10, 0
1 57 8: 1434, 10, 0
1 57 9: 1434, 10, 0
1 57 10: 1434, 10, 0
1 57 11: 1434, 10, 0
1 57 12: 1434, 10, 0
1 57 13: 1434, 10, 0
1 57 14: 1434, 10, 0
1 57 15: 1434, 10, 0
1 57 16: 1434, 10, 0
1 57 17: 1434, 10, 0
1 57 18: 1434, 10, 0
1 57 19: 1417, 0, 1
1 57 29: 1417, 9, 3
1 57 30: 1417, 1, 3
1 57 31: 1434, 10, 0
1 57 32: 1434, 10, 0
1 57 33: 1434, 10, 0
1 57 34: 1434, 10, 0
1 57 35: 1434, 10, 0
1 57 36: 1434, 10, 0
1 57 37: 1434, 10, 0
1 57 38: 1434, 10, 0
1 57 39: 1434, 10, 0
1 57 40: 1434, 10, 0
1 57 41: 1434, 10, 0
1 57 42: 1434, 10, 0
1 57 43: 1434, 10, 0
1 57 44: 1434, 10, 0
1 57 45: 1434, 10, 0
1 57 46: 1434, 10, 0
1 57 47: 1434, 10, 0
1 57 48: 1434, 10, 0
1 57 49: 1434, 10, 0
1 57 50: 1417, 1, 0
1 57 51: 1417, 9, 0
1 58 5: 1428, 0, 3
1 58 6: 1434, 10, 0
1 58 7: 1434, 10, 0
1 58 8: 1434, 10, 0
1 58 9: 1434, 10, 0
1 58 10: 1434, 10, 0
1 58 11: 1434, 10, 0
1 58 12: 1434, 10, 0
1 58 13: 1434, 10, 0
1 58 14: 1434, 10, 0
1 58 15: 1434, 10, 0
1 58 16: 1434, 10, 0
1 58 17: 1434, 10, 0
1 58 18: 1434, 10, 0
1 58 19: 1417, 1, 0
1 58 20: 1417, 9, 0
1 58 28: 1417, 9, 3
1 58 29: 1417, 1, 3
1 58 30: 1434, 10, 0
1 58 31: 1434, 10, 0
1 58 32: 1434, 10, 0
1 58 33: 1434, 10, 0
1 58 34: 1434, 10, 0
1 58 35: 1434, 10, 0
1 58 36: 1434, 10, 0
1 58 37: 1434, 10, 0
1 58 38: 1434, 10, 0
1 58 39: 1434, 10, 0
1 58 40: 1434, 10, 0
1 58 41: 1434, 10, 0
1 58 42: 1434, 10, 0
1 58 43: 1434, 10, 0
1 58 44: 1434, 10, 0
1 58 45: 1434, 10, 0
1 58 46: 1434, 10, 0
1 58 47: 1434, 10, 0
1 58 48: 1434, 10, 0
1 58 49: 1434, 10, 0
1 58 50: 1434, 10, 0
1 58 51: 1428, 0, 1
1 59 4: 1428, 9, 3
1 59 5: 1428, 1, 3
1 59 6: 1434, 10, 0
1 59 7: 1434, 10, 0
1 59 8: 1434, 10, 0
1 59 9: 1434, 10, 0
1 59 10: 1434, 10, 0
1 59 11: 1434, 10, 0
1 59 12: 1434, 10, 0
1 59 13: 1434, 10, 0
1 59 14: 1434, 10, 0
1 59 15: 1434, 10, 0
1 59 16: 1434, 10, 0
1 59 17: 1434, 10, 0
1 59 18: 1434, 10, 0
1 59 19: 1434, 10, 0
1 59 20: 1417, 1, 0
1 59 21: 1417, 9, 0
1 59 27: 1417, 9, 3
1 59 28: 1417, 1, 3
1 59 29: 1434, 10, 0
1 59 30: 1434, 10, 0
1 59 31: 1434, 10, 0
1 59 32: 1434, 10, 0
1 59 33: 1434, 10, 0
1 59 34: 1434, 10, 0
1 59 35: 1434, 10, 0
1 59 36: 1434, 10, 0
1 59 37: 1434, 10, 0
1 59 38: 1434, 10, 0
1 59 39: 1434, 10, 0
1 59 40: 1434, 10, 0
1 59 41: 1434, 10, 0
1 59 42: 1434, 10, 0
1 59 43: 1434, 10, 0
1 59 44: 1434, 10, 0
1 59 45: 1434, 10, 0
1 59 46: 1434, 10, 0
1 59 47: 1434, 10, 0
1 59 48: 1434, 10, 0
1 59 49: 1434, 10, 0
1 59 50: 1434, 10, 0
1 59 51: 1428, 0, 1
1 60 3: 1428, 9, 3
1 60 4: 1428, 1, 3
1 60 5: 1434, 10, 0
1 60 6: 1434, 10, 0
1 60 7: 1434, 10, 0
1 60 8: 1434, 10, 0
1 60 9: 1434, 10, 0
1 60 10: 1434, 10, 0
1 60 11: 1434, 10, 0
1 60 12: 1434, 10, 0
1 60 13: 1434, 10, 0
1 60 14: 1434, 10, 0
1 60 15: 1434, 10, 0
1 60 16: 1434, 10, 0
1 60 17: 1434, 10, 0
1 60 18: 1434, 10, 0
1 60 19: 1434, 10, 0
1 60 20: 1434, 10, 0
1 60 21: 1417, 1, 0
1 60 22: 1417, 0, 0
1 60 23: 1417, 9, 0
1 60 25: 1417, 9, 3
1 60 26: 1417, 0, 0
1 60 27: 1417, 1, 3
1 60 28: 1434, 10, 0
1 60 29: 1434, 10, 0
1 60 30: 1434, 10, 0
1 60 31: 1434, 10, 0
1 60 32: 1434, 10, 0
1 60 33: 1434, 10, 0
1 60 34: 1434, 10, 0
1 60 35: 1434, 10, 0
1 60 36: 1434, 10, 0
1 60 37: 1434, 10, 0
1 60 38: 1434, 10, 0
1 60 39: 1434, 10, 0
1 60 40: 1434, 10, 0
1 60 41: 1434, 10, 0
1 60 42: 1434, 10, 0
1 60 43: 1434, 10, 0
1 60 44: 1434, 10, 0
1 60 45: 1434, 10, 0
1 60 46: 1434, 10, 0
1 60 47: 1434, 10, 0
1 60 48: 1434, 10, 0
1 60 49: 1434, 10, 0
1 60 50: 1434, 10, 0
1 60 51: 1428, 1, 0
1 60 52: 1428, 9, 0
1 61 3: 1428, 0, 3
1 61 4: 1434, 10, 0
1 61 5: 1434, 10, 0
1 61 6: 1434, 10, 0
1 61 7: 1434, 10, 0
1 61 8: 1434, 10, 0
1 61 9: 1434, 10, 0
1 61 10: 1434, 10, 0
1 61 11: 1434, 10, 0
1 61 12: 1434, 10, 0
1 61 13: 1434, 10, 0
1 61 14: 1434, 10, 0
1 61 15: 1434, 10, 0
1 61 16: 1434, 10, 0
1 61 17: 1434, 10, 0
1 61 18: 1434, 10, 0
1 61 19: 1434, 10, 0
1 61 20: 1434, 10, 0
1 61 21: 1434, 10, 0
1 61 22: 1434, 10, 0
1 61 23: 1417, 1, 0
1 61 24: 1417, 0, 0
1 61 25: 1417, 1, 3
1 61 26: 1434, 10, 0
1 61 27: 1434, 10, 0
1 61 28: 1434, 10, 0
1 61 29: 1434, 10, 0
1 61 30: 1434, 10, 0
1 61 31: 1434, 10, 0
1 61 32: 1434, 10, 0
1 61 33: 1434, 10, 0
1 61 34: 1434, 10, 0
1 61 35: 1434, 10, 0
1 61 36: 1434, 10, 0
1 61 37: 1434, 10, 0
1 61 38: 1434, 10, 0
1 61 39: 1434, 10, 0
1 61 40: 1434, 10, 0
1 61 41: 1434, 10, 0
1 61 42: 1434, 10, 0
1 61 43: 1434, 10, 0
1 61 44: 1434, 10, 0
1 61 45: 1434, 10, 0
1 61 46: 1434, 10, 0
1 61 47: 1434, 10, 0
1 61 48: 1434, 10, 0
1 61 49: 1434, 10, 0
1 61 50: 1434, 10, 0
1 61 51: 1434, 10, 0
1 61 52: 1428, 0, 1
1 62 3: 1428, 0, 3
1 62 4: 1434, 10, 0
1 62 5: 1434, 10, 0
1 62 6: 1434, 10, 0
1 62 7: 1434, 10, 0
1 62 8: 1434, 10, 0
1 62 9: 1434, 10, 0
1 62 10: 1434, 10, 0
1 62 11: 1434, 10, 0
1 62 12: 1434, 10, 0
1 62 13: 1434, 10, 0
1 62 14: 1434, 10, 0
1 62 15: 1434, 10, 0
1 62 16: 1434, 10, 0
1 62 17: 1434, 10, 0
1 62 18: 1434, 10, 0
1 62 19: 1434, 10, 0
1 62 20: 1434, 10, 0
1 62 21: 1434, 10, 0
1 62 22: 1434, 10, 0
1 62 23: 1434, 10, 0
1 62 24: 1434, 10, 0
1 62 25: 1434, 10, 0
1 62 26: 1434, 10, 0
1 62 27: 1434, 10, 0
1 62 28: 1434, 10, 0
1 62 29: 1434, 10, 0
1 62 30: 1434, 10, 0
1 62 31: 1434, 10, 0
1 62 32: 1434, 10, 0
1 62 33: 1434, 10, 0
1 62 34: 1417, 1, 1
1 62 35: 1428, 0, 2
1 62 36: 1428, 0, 2
1 62 37: 1428, 0, 2
1 62 38: 1428, 0, 2
1 62 39: 1428, 1, 2
1 62 40: 1434, 10, 0
1 62 41: 1434, 10, 0
1 62 42: 1434, 10, 0
1 62 43: 1434, 10, 0
1 62 44: 1434, 10, 0
1 62 45: 1434, 10, 0
1 62 46: 1434, 10, 0
1 62 47: 1434, 10, 0
1 62 48: 1434, 10, 0
1 62 49: 1434, 10, 0
1 62 50: 1434, 10, 0
1 62 51: 1434, 10, 0
1 62 52: 1428, 0, 1
1 63 3: 1428, 0, 3
1 63 4: 1434, 10, 0
1 63 5: 1434, 10, 0
1 63 6: 1434, 10, 0
1 63 7: 1434, 10, 0
1 63 8: 1434, 10, 0
1 63 9: 1434, 10, 0
1 63 10: 1434, 10, 0
1 63 11: 1434, 10, 0
1 63 12: 1434, 10, 0
1 63 13: 1434, 10, 0
1 63 14: 1434, 10, 0
1 63 15: 1434, 10, 0
1 63 16: 1434, 10, 0
1 63 17: 1434, 10, 0
1 63 18: 1434, 10, 0
1 63 19: 1434, 10, 0
1 63 20: 1434, 10, 0
1 63 21: 1434, 10, 0
1 63 22: 1434, 10, 0
1 63 23: 1434, 10, 0
1 63 24: 1434, 10, 0
1 63 25: 1434, 10, 0
1 63 26: 1434, 10, 0
1 63 27: 1434, 10, 0
1 63 28: 1434, 10, 0
1 63 29: 1434, 10, 0
1 63 30: 1434, 10, 0
1 63 31: 1434, 10, 0
1 63 32: 1434, 10, 0
1 63 33: 1417, 1, 1
1 63 34: 1428, 9, 1
1 63 39: 1428, 9, 2
1 63 40: 1428, 1, 2
1 63 41: 1434, 10, 0
1 63 42: 1434, 10, 0
1 63 43: 1434, 10, 0
1 63 44: 1434, 10, 0
1 63 45: 1434, 10, 0
1 63 46: 1434, 10, 0
1 63 47: 1434, 10, 0
1 63 48: 1434, 10, 0
1 63 49: 1434, 10, 0
1 63 50: 1434, 10, 0
1 63 51: 1434, 10, 0
1 63 52: 1428, 0, 1
