0 1 0: 1390, 10, 0
0 4 0: 1400, 10, 2
0 4 3: 1257, 22, 3
0 5 2: 1257, 22, 0
0 5 3: 1258, 22, 1
0 5 4: 1257, 22, 1
0 5 5: 1257, 22, 0
0 5 5: 1314, 10, 2
0 6 2: 1258, 22, 0
0 6 3: 1259, 22, 2
0 6 4: 1258, 22, 2
0 6 5: 1257, 22, 0
0 7 0: 1821, 4, 3
0 7 3: 1258, 22, 3
0 7 4: 1257, 22, 3
0 7 5: 1257, 22, 2
0 7 7: 1314, 10, 2
0 8 0: 1304, 10, 0
0 8 2: 1326, 10, 1
0 8 4: 1257, 22, 0
0 8 5: 1259, 22, 2
0 8 6: 1259, 22, 1
0 9 5: 1258, 22, 2
0 9 6: 1259, 22, 0
0 9 7: 1258, 22, 2
0 9 10: 1314, 10, 3
0 10 0: 1390, 10, 0
0 10 6: 1257, 22, 3
0 10 7: 1258, 22, 0
0 10 8: 1259, 22, 0
0 10 9: 1257, 22, 3
0 11 0: 1821, 4, 3
0 11 2: 1202, 10, 2
0 11 4: 1400, 10, 0
0 11 7: 1257, 22, 2
0 11 7: 1390, 10, 0
0 11 8: 1257, 22, 1
0 11 9: 1257, 22, 0
0 11 10: 1257, 22, 1
0 12 0: 1304, 10, 1
0 12 2: 1390, 10, 1
0 12 10: 1257, 22, 2
0 13 5: 1390, 10, 3
0 13 19: 814, 9, 0
0 13 20: 325, 22, 2
0 14 2: 1304, 10, 2
0 14 4: 1245, 22, 0
0 14 5: 1253, 22, 0
0 14 6: 1253, 22, 3
0 14 7: 1253, 22, 2
0 14 9: 1390, 10, 1
0 14 19: 814, 0, 1
0 14 20: 325, 22, 3
0 15 0: 1821, 4, 3
0 15 1: 1390, 10, 2
0 15 5: 1253, 22, 0
0 15 6: 1390, 10, 2
0 15 7: 1253, 22, 1
0 15 7: 1304, 10, 1
0 15 10: 1326, 10, 3
0 15 11: 1390, 10, 2
0 15 12: 1390, 10, 0
0 15 19: 814, 1, 0
0 15 20: 814, 9, 0
0 15 21: 325, 22, 0
0 16 3: 1390, 10, 3
0 16 4: 1253, 22, 2
0 16 5: 1253, 22, 2
0 16 6: 1254, 22, 2
0 16 7: 1254, 22, 2
0 16 8: 1253, 22, 3
0 16 12: 1402, 10, 0
0 16 20: 325, 22, 3
0 16 20: 814, 1, 0
0 16 21: 325, 22, 2
0 16 21: 814, 9, 0
0 16 22: 325, 22, 1
0 17 0: 1402, 10, 0
0 17 3: 1326, 10, 3
0 17 4: 1254, 22, 2
0 17 5: 1254, 22, 1
0 17 5: 1304, 10, 2
0 17 6: 1255, 22, 2
0 17 7: 1254, 22, 2
0 17 7: 1390, 10, 1
0 17 8: 1253, 22, 3
0 17 10: 1203, 10, 0
0 17 21: 814, 0, 1
0 17 22: 326, 22, 0
0 17 23: 325, 22, 2
0 18 2: 1390, 10, 0
0 18 3: 1253, 22, 3
0 18 3: 1390, 10, 3
0 18 4: 1254, 22, 3
0 18 4: 1390, 10, 0
0 18 5: 1255, 22, 0
0 18 6: 1255, 22, 3
0 18 7: 1255, 22, 1
0 18 8: 1253, 22, 2
0 18 11: 1390, 10, 3
0 18 12: 1390, 10, 0
0 18 21: 814, 0, 1
0 18 22: 325, 22, 3
0 18 23: 325, 22, 0
0 19 0: 1821, 4, 3
0 19 2: 1304, 10, 1
0 19 3: 1253, 22, 3
0 19 4: 1255, 22, 1
0 19 5: 1255, 22, 1
0 19 5: 1390, 10, 1
0 19 6: 1255, 22, 3
0 19 6: 1390, 10, 3
0 19 7: 1253, 22, 1
0 19 9: 1326, 10, 0
0 19 11: 1390, 10, 2
0 19 21: 814, 3, 0
0 19 22: 814, 0, 0
0 19 25: 1870, 10, 0
0 19 27: 1870, 10, 0
0 19 29: 1870, 10, 0
0 19 31: 1870, 10, 0
0 19 33: 1870, 10, 0
0 19 35: 1870, 10, 0
0 20 1: 1314, 10, 0
0 20 3: 1253, 22, 0
0 20 4: 1255, 22, 1
0 20 4: 1390, 10, 2
0 20 5: 1255, 22, 2
0 20 5: 1390, 10, 0
0 20 6: 1255, 22, 2
0 20 6: 1390, 10, 3
0 20 7: 1253, 22, 1
0 20 30: 1870, 10, 0
0 20 31: 1870, 10, 0
0 20 33: 1870, 10, 0
0 20 35: 1870, 10, 0
0 21 0: 1821, 4, 3
0 21 3: 1253, 22, 1
0 21 4: 1254, 22, 2
0 21 5: 1254, 22, 2
0 21 6: 1254, 22, 0
0 21 6: 1314, 10, 2
0 21 7: 1253, 22, 1
0 21 8: 1253, 22, 0
0 21 10: 1253, 22, 3
0 21 21: 814, 3, 1
0 21 22: 814, 0, 2
0 21 25: 1870, 10, 0
0 21 27: 1870, 10, 0
0 21 29: 1870, 10, 0
0 22 3: 1314, 10, 1
0 22 4: 1253, 22, 1
0 22 5: 1253, 22, 2
0 22 6: 1253, 22, 3
0 22 7: 1253, 22, 1
0 22 8: 1254, 22, 1
0 22 9: 1253, 22, 1
0 22 10: 1204, 10, 0
0 22 12: 1390, 10, 2
0 22 14: 1326, 10, 3
0 22 21: 814, 0, 1
0 22 32: 242, 10, 0
0 22 35: 242, 10, 0
0 22 38: 242, 10, 0
0 23 0: 1821, 4, 3
0 23 2: 1326, 10, 2
0 23 6: 1253, 22, 1
0 23 7: 1253, 22, 2
0 23 8: 1254, 22, 2
0 23 8: 1326, 10, 3
0 23 9: 1254, 22, 0
0 23 10: 1253, 22, 1
0 23 11: 1253, 22, 0
0 23 21: 814, 0, 1
0 23 22: 326, 22, 3
0 23 30: 238, 10, 3
0 23 30: 782, 22, 0
0 23 31: 234, 10, 0
0 23 32: 775, 22, 0
0 23 33: 234, 10, 0
0 23 34: 234, 10, 0
0 23 34: 775, 22, 0
0 23 36: 234, 10, 0
0 23 36: 775, 22, 0
0 23 37: 234, 10, 0
0 23 38: 775, 22, 0
0 23 39: 234, 10, 0
0 23 40: 258, 10, 1
0 23 40: 789, 22, 0
0 24 8: 1253, 22, 2
0 24 9: 1254, 22, 3
0 24 10: 1253, 22, 0
0 24 20: 814, 1, 1
0 24 21: 814, 9, 1
0 24 22: 325, 22, 2
0 24 23: 326, 22, 2
0 24 30: 234, 10, 3
0 24 30: 280, 4, 3
0 24 33: 261, 10, 2
0 24 34: 272, 10, 2
0 24 37: 261, 10, 2
0 24 40: 260, 10, 1
0 25 0: 1821, 4, 3
0 25 3: 1390, 10, 1
0 25 4: 1390, 10, 2
0 25 9: 1253, 22, 3
0 25 10: 1253, 22, 3
0 25 11: 2230, 10, 2
0 25 19: 814, 1, 1
0 25 20: 814, 9, 1
0 25 21: 325, 22, 0
0 25 22: 325, 22, 1
0 25 30: 238, 10, 2
0 25 30: 781, 22, 0
0 25 31: 234, 10, 2
0 25 32: 242, 10, 2
0 25 32: 775, 22, 0
0 25 33: 234, 10, 2
0 25 34: 234, 10, 2
0 25 34: 775, 22, 0
0 25 35: 242, 10, 2
0 25 36: 234, 10, 2
0 25 36: 775, 22, 0
0 25 37: 234, 10, 2
0 25 38: 242, 10, 2
0 25 38: 775, 22, 0
0 25 39: 234, 10, 2
0 25 40: 257, 10, 1
0 25 40: 790, 22, 0
0 26 2: 1390, 10, 3
0 26 3: 1390, 10, 0
0 26 5: 1390, 10, 3
0 26 18: 814, 3, 1
0 26 19: 814, 9, 1
0 27 2: 1616, 0, 2
0 27 3: 1616, 0, 2
0 27 4: 1855, 0, 2
0 27 5: 1616, 0, 2
0 27 6: 1616, 0, 2
0 27 7: 1616, 3, 2
0 28 2: 319, 22, 2
0 28 2: 1616, 0, 3
0 28 3: 320, 22, 3
0 28 3: 422, 10, 3
0 28 5: 320, 22, 0
0 28 5: 422, 10, 3
0 28 6: 321, 22, 2
0 28 6: 396, 10, 3
0 28 7: 1616, 0, 3
0 28 10: 714, 10, 3
0 28 13: 1390, 10, 3
0 29 0: 1821, 4, 3
0 29 2: 320, 22, 2
0 29 2: 1855, 0, 3
0 29 6: 320, 22, 1
0 29 7: 1855, 0, 3
0 29 8: 1304, 10, 0
0 29 19: 1270, 22, 2
0 30 2: 320, 22, 1
0 30 2: 1616, 0, 3
0 30 7: 1616, 0, 3
0 30 17: 1271, 22, 3
0 31 2: 320, 22, 1
0 31 2: 1113, 10, 2
0 31 2: 1616, 0, 3
0 31 3: 620, 10, 0
0 31 4: 953, 22, 1
0 31 5: 952, 22, 1
0 31 7: 1616, 0, 3
0 31 18: 1270, 22, 3
0 32 2: 320, 22, 1
0 32 2: 1855, 0, 3
0 32 3: 320, 22, 2
0 32 3: 1113, 10, 0
0 32 4: 951, 22, 1
0 32 5: 950, 22, 1
0 32 6: 362, 10, 0
0 32 7: 1855, 0, 3
0 33 2: 321, 22, 1
0 33 2: 365, 10, 0
0 33 2: 1616, 0, 3
0 33 3: 320, 22, 0
0 33 3: 365, 10, 3
0 33 4: 320, 22, 3
0 33 6: 320, 22, 2
0 33 6: 362, 10, 3
0 33 7: 1616, 0, 3
0 33 14: 1269, 22, 3
0 34 0: 1304, 10, 3
0 34 2: 1616, 0, 0
0 34 3: 1255, 22, 0
0 34 3: 1616, 0, 0
0 34 4: 1582, 0, 0
0 34 5: 1616, 0, 0
0 34 6: 1616, 0, 0
0 34 7: 1616, 3, 3
0 34 15: 1266, 22, 3
0 35 2: 1390, 10, 2
0 35 3: 1390, 10, 0
0 35 4: 1390, 10, 1
0 35 5: 1304, 10, 2
0 35 10: 1304, 10, 3
0 35 13: 1267, 22, 0
0 36 0: 1390, 10, 3
0 36 1: 1304, 10, 0
0 36 3: 1304, 10, 3
0 37 0: 1390, 10, 0
0 37 3: 1390, 10, 3
0 37 5: 1304, 10, 1
0 37 7: 1326, 10, 3
0 38 1: 1326, 10, 0
0 38 4: 1304, 10, 2
0 38 14: 1266, 22, 3
0 39 5: 1390, 10, 1
0 40 0: 1390, 10, 0
0 40 0: 1821, 4, 3
0 40 8: 1304, 10, 3
0 41 6: 1257, 22, 3
0 41 7: 1257, 22, 2
0 42 3: 1304, 10, 3
0 42 5: 1326, 10, 1
0 42 6: 1257, 22, 1
0 42 7: 1257, 22, 0
0 43 2: 1390, 10, 0
0 43 5: 1257, 22, 2
0 43 5: 1304, 10, 0
0 43 6: 1258, 22, 0
0 43 7: 1258, 22, 2
0 44 0: 1821, 4, 3
0 44 3: 1304, 10, 1
0 44 5: 1258, 22, 0
0 44 6: 1258, 22, 2
0 45 3: 1257, 22, 1
0 45 4: 1257, 22, 0
0 45 5: 1259, 22, 3
0 45 6: 1258, 22, 3
0 46 2: 1257, 22, 2
0 46 3: 1257, 22, 3
0 46 4: 1258, 22, 0
0 46 5: 1259, 22, 2
0 47 2: 1257, 22, 1
0 47 3: 1202, 10, 0
0 47 3: 1258, 22, 2
0 47 4: 1259, 22, 1
0 48 0: 1257, 22, 3
0 48 1: 1326, 10, 1
0 48 2: 1257, 22, 2
0 48 3: 1259, 22, 2
0 48 4: 1258, 22, 3
0 49 0: 1258, 22, 3
0 49 1: 1258, 22, 0
0 49 2: 1258, 22, 1
0 49 3: 1259, 22, 3
0 49 4: 1258, 22, 1
0 50 0: 1258, 22, 2
0 50 1: 1258, 22, 0
0 50 2: 1259, 22, 1
0 50 3: 1259, 22, 0
0 50 4: 1258, 22, 0
0 51 0: 1390, 10, 0
0 51 1: 1257, 22, 1
0 51 2: 1257, 22, 2
0 51 3: 1257, 22, 2
0 52 0: 1257, 22, 3
0 52 1: 1257, 22, 0
1 8 0: 1821, 4, 3
1 8 2: 1327, 10, 2
1 10 0: 1821, 4, 3
1 11 0: 1793, 21, 2
1 12 0: 1793, 18, 3
1 13 0: 1793, 18, 3
1 14 0: 1793, 18, 3
1 15 0: 1793, 18, 3
1 15 10: 1327, 10, 3
1 16 0: 1793, 18, 3
1 17 0: 1793, 18, 3
1 17 3: 1327, 10, 3
1 18 0: 1793, 18, 3
1 19 0: 1793, 18, 3
1 19 9: 1327, 10, 2
1 19 23: 803, 22, 0
1 19 23: 814, 0, 0
1 19 24: 796, 22, 2
1 19 24: 814, 0, 0
1 19 24: 1102, 10, 3
1 19 25: 803, 22, 0
1 19 25: 814, 0, 0
1 19 26: 802, 22, 0
1 19 26: 814, 0, 0
1 19 27: 796, 22, 2
1 19 27: 814, 0, 0
1 19 28: 227, 11, 3
1 19 28: 796, 22, 2
1 19 28: 814, 0, 0
1 19 29: 363, 10, 0
1 19 29: 802, 22, 0
1 19 29: 814, 0, 0
1 19 30: 803, 22, 0
1 19 30: 814, 0, 0
1 19 31: 362, 11, 0
1 19 31: 796, 22, 2
1 19 31: 814, 0, 0
1 19 32: 362, 11, 3
1 19 32: 802, 22, 0
1 19 32: 814, 0, 0
1 19 33: 803, 22, 0
1 19 33: 814, 0, 0
1 19 34: 271, 10, 3
1 19 34: 796, 22, 2
1 19 34: 814, 0, 0
1 19 35: 796, 22, 2
1 19 35: 814, 2, 0
1 20 0: 1793, 18, 3
1 20 23: 797, 22, 2
1 20 24: 796, 22, 2
1 20 25: 796, 22, 2
1 20 26: 797, 22, 2
1 20 27: 796, 22, 2
1 20 28: 796, 22, 2
1 20 29: 797, 22, 2
1 20 30: 798, 22, 2
1 20 30: 814, 3, 1
1 20 31: 796, 22, 2
1 20 31: 814, 0, 2
1 20 32: 798, 22, 2
1 20 32: 814, 0, 2
1 20 33: 796, 22, 2
1 20 33: 814, 0, 2
1 20 34: 796, 22, 2
1 20 35: 796, 22, 2
1 20 35: 814, 2, 1
1 21 0: 1793, 18, 3
1 21 23: 801, 22, 2
1 21 23: 814, 0, 2
1 21 24: 800, 22, 2
1 21 24: 814, 0, 2
1 21 25: 796, 22, 2
1 21 25: 814, 0, 2
1 21 26: 800, 22, 2
1 21 26: 814, 0, 2
1 21 26: 1102, 10, 2
1 21 27: 801, 22, 2
1 21 27: 814, 0, 2
1 21 27: 1102, 10, 1
1 21 28: 801, 22, 2
1 21 28: 814, 0, 2
1 21 29: 800, 22, 2
1 21 29: 814, 0, 2
1 21 30: 796, 22, 2
1 21 30: 814, 2, 1
1 21 34: 2087, 10, 0
1 22 0: 1793, 18, 3
1 22 14: 1327, 10, 2
1 22 30: 249, 1, 1
1 22 31: 249, 0, 2
1 22 32: 249, 0, 2
1 22 33: 249, 0, 2
1 22 34: 2088, 10, 0
1 22 35: 249, 0, 2
1 22 36: 249, 0, 2
1 22 37: 249, 0, 2
1 22 38: 249, 0, 2
1 22 39: 249, 0, 2
1 22 40: 249, 1, 2
1 23 0: 1793, 18, 3
1 23 2: 1327, 10, 2
1 23 8: 1327, 10, 3
1 23 29: 249, 1, 1
1 23 30: 249, 9, 1
1 23 32: 1248, 22, 3
1 23 37: 1248, 22, 2
1 23 40: 249, 9, 2
1 23 41: 249, 1, 2
1 24 0: 1793, 18, 3
1 24 29: 249, 0, 1
1 24 33: 262, 10, 2
1 24 34: 273, 10, 2
1 24 35: 247, 10, 2
1 24 37: 262, 10, 2
1 24 40: 256, 10, 1
1 25 0: 1793, 18, 3
1 25 29: 249, 1, 0
1 25 30: 249, 9, 0
1 25 30: 1248, 22, 0
1 25 31: 252, 10, 3
1 25 34: 1247, 22, 3
1 25 38: 1248, 22, 1
1 25 39: 364, 10, 0
1 25 40: 249, 9, 3
1 25 41: 249, 1, 3
1 26 0: 1793, 18, 3
1 26 30: 249, 1, 0
1 26 31: 249, 0, 0
1 26 32: 249, 0, 0
1 26 33: 249, 0, 0
1 26 34: 249, 0, 0
1 26 35: 249, 0, 0
1 26 36: 249, 0, 0
1 26 37: 249, 0, 0
1 26 38: 249, 0, 0
1 26 39: 249, 0, 0
1 26 40: 249, 1, 3
1 27 0: 1793, 18, 3
1 27 1: 1793, 19, 1
1 27 2: 1793, 18, 2
1 27 3: 1793, 18, 2
1 27 4: 1793, 18, 2
1 27 5: 1793, 18, 2
1 27 6: 1793, 18, 2
1 27 7: 1793, 19, 2
1 28 0: 1793, 18, 3
1 28 1: 1793, 18, 1
1 28 2: 1933, 16, 1
1 28 3: 1933, 12, 2
1 28 4: 1933, 12, 2
1 28 5: 1933, 12, 2
1 28 6: 1933, 16, 2
1 28 7: 1793, 18, 3
1 29 0: 1793, 18, 3
1 29 1: 1793, 18, 1
1 29 2: 1933, 12, 1
1 29 3: 1933, 17, 1
1 29 4: 1933, 17, 1
1 29 5: 1933, 17, 1
1 29 6: 1933, 12, 3
1 29 7: 1793, 18, 3
1 30 0: 1793, 18, 3
1 30 1: 1793, 18, 1
1 30 2: 1933, 12, 1
1 30 3: 1933, 17, 1
1 30 4: 1933, 17, 1
1 30 5: 1933, 17, 1
1 30 6: 1933, 12, 3
1 30 7: 1793, 18, 3
1 31 0: 1793, 21, 3
1 31 1: 1793, 18, 1
1 31 2: 1933, 12, 1
1 31 3: 1933, 17, 1
1 31 4: 1933, 17, 1
1 31 5: 1933, 17, 1
1 31 6: 1933, 12, 3
1 31 7: 1793, 18, 3
1 32 1: 1793, 18, 1
1 32 2: 1933, 12, 1
1 32 3: 1933, 17, 1
1 32 4: 1933, 17, 1
1 32 5: 1933, 17, 1
1 32 6: 1933, 12, 3
1 32 7: 1793, 18, 3
1 33 1: 1793, 18, 1
1 33 2: 1933, 16, 0
1 33 3: 1933, 12, 0
1 33 4: 1933, 12, 0
1 33 5: 1933, 12, 0
1 33 6: 1933, 16, 3
1 33 7: 1793, 18, 3
1 34 1: 1793, 19, 0
1 34 2: 1793, 18, 0
1 34 3: 1793, 18, 0
1 34 4: 1793, 18, 0
1 34 5: 1793, 18, 0
1 34 6: 1793, 18, 0
1 34 7: 1793, 19, 3
1 37 7: 1327, 10, 2
1 38 0: 1821, 4, 3
1 38 1: 1327, 10, 2
1 41 0: 1821, 4, 3
1 42 5: 1327, 10, 2
1 44 0: 1821, 4, 3
1 48 1: 1327, 10, 1
2 6 0: 1793, 21, 2
2 7 0: 1793, 18, 3
2 8 0: 1793, 18, 3
2 8 2: 1328, 10, 2
2 9 0: 1793, 18, 3
2 10 0: 1793, 18, 3
2 11 0: 1793, 18, 3
2 12 0: 1793, 21, 3
2 15 10: 1328, 10, 2
2 17 3: 1328, 10, 2
2 18 8: 1329, 10, 3
2 21 33: 274, 10, 1
2 21 37: 274, 10, 1
2 22 1: 1329, 10, 0
2 22 14: 1328, 10, 2
2 23 8: 1328, 10, 2
2 24 33: 263, 10, 2
2 24 34: 248, 10, 2
2 24 37: 263, 10, 2
2 24 40: 279, 10, 1
2 25 33: 275, 10, 1
2 25 37: 275, 10, 1
2 36 0: 1793, 21, 2
2 36 6: 1329, 10, 1
2 37 0: 1793, 18, 3
2 38 0: 1793, 18, 3
2 38 1: 1328, 10, 2
2 39 0: 1793, 18, 3
2 40 0: 1793, 18, 3
2 41 0: 1793, 18, 3
2 41 4: 1329, 10, 2
2 42 0: 1793, 18, 3
2 43 0: 1793, 18, 3
2 44 0: 1793, 18, 3
2 45 0: 1793, 18, 3
2 46 0: 1793, 21, 3
2 48 1: 1328, 10, 2
3 7 1: 1329, 10, 1
3 14 9: 1329, 10, 0
3 16 2: 1329, 10, 1
3 21 13: 1329, 10, 0
3 21 33: 276, 10, 1
3 21 37: 276, 10, 1
3 22 7: 1329, 10, 3
3 24 33: 264, 10, 2
3 24 37: 264, 10, 2
3 25 33: 277, 10, 1
3 25 37: 277, 10, 1
3 37 0: 1329, 10, 2
3 47 0: 1329, 10, 3
