0 5 43: 1436, 10, 2
0 5 44: 1417, 1, 1
0 5 45: 1417, 0, 2
0 5 46: 1417, 1, 2
0 5 47: 1434, 10, 1
0 5 48: 1417, 1, 1
0 5 49: 1417, 0, 2
0 5 50: 1417, 1, 2
0 5 51: 1436, 10, 3
0 6 41: 1436, 10, 2
0 6 42: 1417, 1, 1
0 6 43: 1417, 0, 2
0 6 44: 1417, 9, 1
0 6 46: 1417, 9, 2
0 6 47: 1417, 0, 2
0 6 48: 1417, 9, 1
0 6 49: 321, 22, 2
0 6 50: 1417, 9, 2
0 6 51: 1417, 0, 2
0 6 52: 1417, 1, 2
0 6 53: 1436, 10, 3
0 7 41: 1417, 1, 1
0 7 42: 1417, 9, 1
0 7 45: 321, 22, 3
0 7 49: 320, 22, 0
0 7 50: 321, 22, 3
0 7 51: 320, 22, 2
0 7 52: 1417, 9, 2
0 7 53: 1417, 0, 2
0 7 54: 1417, 1, 2
0 7 55: 1436, 10, 3
0 8 40: 1436, 10, 2
0 8 41: 1417, 0, 1
0 8 44: 320, 22, 1
0 8 45: 320, 22, 2
0 8 50: 320, 22, 3
0 8 51: 321, 22, 0
0 8 52: 320, 22, 1
0 8 54: 1417, 9, 2
0 8 55: 1417, 0, 2
0 8 56: 1417, 1, 2
0 8 57: 1436, 10, 3
0 9 40: 1417, 1, 1
0 9 41: 1417, 9, 1
0 9 43: 320, 22, 3
0 9 44: 321, 22, 1
0 9 45: 320, 22, 2
0 9 48: 320, 22, 0
0 9 49: 320, 22, 3
0 9 51: 320, 22, 0
0 9 54: 320, 22, 2
0 9 55: 321, 22, 2
0 9 56: 1417, 9, 2
0 9 57: 1417, 0, 2
0 9 58: 1417, 1, 2
0 9 59: 1436, 10, 3
0 10 39: 1436, 10, 2
0 10 40: 1417, 0, 1
0 10 44: 320, 22, 3
0 10 47: 320, 22, 0
0 10 48: 321, 22, 0
0 10 49: 320, 22, 3
0 10 51: 320, 22, 0
0 10 55: 320, 22, 0
0 10 56: 320, 22, 3
0 10 58: 1417, 9, 2
0 10 59: 1417, 1, 2
0 11 22: 1436, 10, 2
0 11 23: 1417, 1, 1
0 11 24: 1417, 0, 2
0 11 25: 1417, 1, 2
0 11 26: 1436, 10, 3
0 11 37: 1436, 10, 2
0 11 38: 1417, 1, 1
0 11 39: 1417, 0, 2
0 11 40: 1417, 9, 1
0 11 42: 320, 22, 0
0 11 43: 320, 22, 0
0 11 44: 320, 22, 3
0 11 48: 320, 22, 2
0 11 49: 320, 22, 2
0 11 50: 320, 22, 1
0 11 51: 320, 22, 0
0 11 59: 1417, 0, 3
0 11 60: 1436, 10, 3
0 12 20: 1436, 10, 2
0 12 21: 1417, 1, 1
0 12 22: 1417, 0, 2
0 12 23: 1417, 9, 1
0 12 24: 320, 22, 1
0 12 25: 1417, 9, 2
0 12 26: 1417, 1, 2
0 12 35: 1436, 10, 2
0 12 36: 1417, 1, 1
0 12 37: 1417, 0, 2
0 12 38: 1417, 9, 1
0 12 41: 320, 22, 1
0 12 42: 321, 22, 3
0 12 43: 321, 22, 3
0 12 44: 320, 22, 2
0 12 49: 1417, 9, 3
0 12 49: 1454, 7, 3
0 12 50: 1417, 0, 0
0 12 51: 1417, 9, 0
0 12 54: 320, 22, 2
0 12 55: 320, 22, 2
0 12 59: 1417, 9, 2
0 12 60: 1417, 1, 2
0 13 18: 1436, 10, 2
0 13 19: 1417, 1, 1
0 13 20: 1417, 0, 2
0 13 21: 1417, 9, 1
0 13 22: 320, 22, 2
0 13 23: 319, 22, 0
0 13 24: 321, 22, 3
0 13 25: 320, 22, 0
0 13 25: 1455, 4, 1
0 13 26: 1417, 0, 3
0 13 27: 1436, 10, 3
0 13 35: 1417, 1, 1
0 13 36: 1417, 9, 1
0 13 39: 320, 22, 1
0 13 41: 321, 22, 2
0 13 42: 320, 22, 1
0 13 43: 320, 22, 1
0 13 49: 1417, 9, 2
0 13 50: 1417, 0, 2
0 13 51: 1417, 9, 1
0 13 53: 320, 22, 3
0 13 54: 321, 22, 2
0 13 55: 320, 22, 1
0 13 57: 320, 22, 1
0 13 59: 321, 22, 1
0 13 59: 1455, 4, 1
0 13 60: 1417, 0, 3
0 14 18: 1417, 1, 1
0 14 19: 1417, 9, 1
0 14 21: 320, 22, 3
0 14 22: 321, 22, 2
0 14 23: 320, 22, 1
0 14 24: 320, 22, 3
0 14 26: 1417, 9, 2
0 14 27: 1417, 0, 2
0 14 28: 1417, 1, 2
0 14 29: 1436, 10, 3
0 14 34: 1436, 10, 2
0 14 35: 1417, 0, 1
0 14 39: 320, 22, 1
0 14 40: 321, 22, 0
0 14 41: 320, 22, 0
0 14 48: 1257, 22, 0
0 14 50: 2585, 4, 0
0 14 51: 1259, 22, 0
0 14 52: 1258, 22, 0
0 14 53: 1257, 22, 3
0 14 55: 320, 22, 0
0 14 56: 321, 22, 1
0 14 57: 320, 22, 2
0 14 59: 1417, 9, 3
0 14 59: 1452, 7, 3
0 14 60: 1417, 1, 3
0 15 17: 1436, 10, 2
0 15 18: 1417, 0, 1
0 15 22: 320, 22, 0
0 15 28: 1417, 9, 2
0 15 29: 1417, 0, 2
0 15 30: 1417, 1, 2
0 15 31: 1436, 10, 3
0 15 33: 1436, 10, 2
0 15 34: 1417, 1, 1
0 15 35: 1417, 9, 1
0 15 37: 1257, 22, 2
0 15 41: 320, 22, 3
0 15 42: 320, 22, 0
0 15 45: 1257, 22, 2
0 15 46: 1257, 22, 1
0 15 47: 1258, 22, 0
0 15 48: 1258, 22, 3
0 15 51: 1258, 22, 1
0 15 52: 1258, 22, 2
0 15 53: 1257, 22, 2
0 15 54: 1257, 22, 1
0 15 56: 320, 22, 3
0 15 57: 320, 22, 3
0 15 58: 1454, 4, 1
0 15 59: 1417, 0, 3
0 15 60: 1436, 10, 0
0 16 15: 1436, 10, 2
0 16 16: 1417, 1, 1
0 16 17: 1417, 0, 2
0 16 18: 1417, 9, 1
0 16 29: 321, 22, 2
0 16 30: 1417, 9, 2
0 16 31: 1417, 0, 2
0 16 32: 1417, 1, 2
0 16 33: 1434, 10, 1
0 16 34: 1417, 0, 1
0 16 36: 1257, 22, 3
0 16 37: 1259, 22, 2
0 16 38: 1258, 22, 2
0 16 39: 1257, 22, 1
0 16 44: 1257, 22, 3
0 16 45: 1258, 22, 3
0 16 46: 1258, 22, 1
0 16 47: 1259, 22, 0
0 16 48: 1400, 10, 2
0 16 53: 1258, 22, 2
0 16 58: 1417, 9, 3
0 16 58: 1453, 7, 3
0 16 59: 1417, 1, 3
0 17 15: 1417, 1, 1
0 17 16: 1417, 9, 1
0 17 17: 320, 22, 1
0 17 29: 320, 22, 2
0 17 30: 319, 22, 3
0 17 31: 320, 22, 2
0 17 32: 1417, 9, 2
0 17 33: 1417, 0, 2
0 17 34: 1417, 9, 1
0 17 36: 1257, 22, 0
0 17 37: 1258, 22, 2
0 17 38: 1259, 22, 3
0 17 39: 1258, 22, 3
0 17 41: 1257, 22, 0
0 17 43: 1257, 22, 3
0 17 45: 1258, 22, 0
0 17 46: 1259, 22, 3
0 17 47: 1258, 22, 1
0 17 50: 1400, 10, 3
0 17 53: 1257, 22, 3
0 17 54: 1258, 22, 1
0 17 55: 1257, 22, 0
0 17 57: 1455, 4, 1
0 17 58: 1417, 0, 3
0 17 59: 1436, 10, 0
0 18 15: 1417, 0, 1
0 18 16: 321, 22, 2
0 18 17: 320, 22, 0
0 18 23: 320, 22, 3
0 18 29: 320, 22, 1
0 18 30: 321, 22, 3
0 18 31: 320, 22, 3
0 18 37: 1257, 22, 1
0 18 38: 1258, 22, 0
0 18 39: 1257, 22, 2
0 18 40: 1257, 22, 1
0 18 41: 1258, 22, 1
0 18 42: 1259, 22, 2
0 18 43: 1258, 22, 3
0 18 44: 1257, 22, 1
0 18 45: 1257, 22, 0
0 18 46: 1258, 22, 0
0 18 47: 1258, 22, 1
0 18 57: 1417, 9, 3
0 18 57: 1453, 7, 3
0 18 58: 1417, 1, 3
0 19 15: 1417, 1, 0
0 19 16: 1417, 9, 0
0 19 17: 320, 22, 3
0 19 20: 320, 22, 0
0 19 22: 320, 22, 0
0 19 23: 321, 22, 0
0 19 24: 320, 22, 2
0 19 25: 320, 22, 1
0 19 26: 320, 22, 0
0 19 28: 1244, 22, 1
0 19 30: 320, 22, 0
0 19 41: 1259, 22, 1
0 19 42: 1258, 22, 2
0 19 44: 1257, 22, 2
0 19 54: 1258, 22, 1
0 19 56: 1454, 4, 1
0 19 57: 1417, 0, 3
0 19 58: 1434, 10, 1
0 20 14: 1436, 10, 2
0 20 15: 1434, 10, 1
0 20 16: 1417, 0, 1
0 20 23: 320, 22, 1
0 20 24: 320, 22, 0
0 20 24: 1452, 4, 2
0 20 25: 321, 22, 1
0 20 26: 320, 22, 3
0 20 35: 1400, 10, 0
0 20 45: 1401, 10, 1
0 20 53: 714, 10, 1
0 20 57: 1417, 9, 2
0 20 58: 1417, 1, 2
0 21 13: 1436, 10, 2
0 21 14: 1417, 1, 1
0 21 15: 1417, 0, 2
0 21 16: 1417, 9, 1
0 21 23: 1417, 9, 3
0 21 23: 1454, 7, 3
0 21 24: 1417, 0, 0
0 21 25: 1417, 9, 0
0 21 26: 320, 22, 2
0 21 26: 1454, 4, 2
0 21 41: 1258, 22, 3
0 21 56: 321, 22, 2
0 21 57: 1452, 4, 1
0 21 58: 1417, 0, 3
0 22 13: 1417, 1, 1
0 22 14: 1417, 9, 1
0 22 20: 320, 22, 1
0 22 22: 1455, 4, 1
0 22 23: 1417, 0, 3
0 22 24: 1434, 10, 1
0 22 25: 1417, 1, 0
0 22 26: 1417, 0, 0
0 22 27: 1417, 9, 0
0 22 28: 1452, 4, 2
0 22 30: 1171, 10, 2
0 22 32: 1245, 22, 1
0 22 39: 1258, 22, 0
0 22 40: 1259, 22, 0
0 22 41: 1257, 22, 3
0 22 42: 1258, 22, 1
0 22 47: 1259, 22, 1
0 22 49: 1259, 22, 0
0 22 51: 1258, 22, 3
0 22 52: 1258, 22, 0
0 22 53: 1259, 22, 1
0 22 56: 1452, 4, 2
0 22 57: 1417, 9, 3
0 22 57: 1453, 7, 3
0 22 58: 1417, 1, 3
0 23 12: 1436, 10, 2
0 23 13: 1417, 0, 1
0 23 16: 1257, 22, 0
0 23 17: 1171, 10, 0
0 23 17: 1257, 22, 3
0 23 18: 1257, 22, 3
0 23 23: 1417, 9, 2
0 23 24: 1417, 1, 2
0 23 25: 1436, 10, 0
0 23 27: 1417, 1, 0
0 23 28: 1417, 0, 0
0 23 29: 1417, 9, 0
0 23 30: 1452, 4, 2
0 23 39: 1259, 22, 1
0 23 41: 1258, 22, 2
0 23 42: 1257, 22, 2
0 23 43: 1258, 22, 0
0 23 46: 1259, 22, 2
0 23 51: 1259, 22, 3
0 23 52: 1259, 22, 2
0 23 53: 1258, 22, 1
0 23 55: 1417, 9, 3
0 23 55: 1455, 7, 3
0 23 56: 1417, 0, 0
0 23 57: 1417, 1, 3
0 23 58: 1436, 10, 0
0 24 10: 1436, 10, 2
0 24 11: 1417, 1, 1
0 24 12: 1417, 0, 2
0 24 13: 1417, 9, 1
0 24 15: 1257, 22, 1
0 24 16: 1258, 22, 1
0 24 17: 1259, 22, 0
0 24 18: 1259, 22, 1
0 24 19: 1258, 22, 2
0 24 21: 1171, 10, 1
0 24 22: 1171, 10, 0
0 24 24: 1417, 0, 3
0 24 28: 1436, 10, 1
0 24 29: 1417, 1, 0
0 24 30: 1417, 0, 0
0 24 31: 1417, 9, 0
0 24 33: 1171, 10, 0
0 24 35: 1171, 10, 1
0 24 37: 1453, 4, 2
0 24 41: 1455, 4, 2
0 24 42: 1257, 22, 2
0 24 50: 1258, 22, 2
0 24 51: 1258, 22, 2
0 24 52: 320, 22, 3
0 24 55: 1417, 0, 3
0 24 56: 1436, 10, 0
0 25 8: 1436, 10, 2
0 25 9: 1417, 1, 1
0 25 10: 1417, 0, 2
0 25 11: 1417, 9, 1
0 25 14: 1258, 22, 0
0 25 15: 1259, 22, 1
0 25 16: 1257, 22, 2
0 25 17: 1258, 22, 3
0 25 17: 1400, 10, 3
0 25 18: 1259, 22, 3
0 25 19: 1257, 22, 2
0 25 20: 1257, 22, 1
0 25 21: 1171, 10, 2
0 25 22: 1454, 4, 2
0 25 23: 1417, 9, 3
0 25 23: 1455, 7, 3
0 25 24: 1417, 1, 3
0 25 30: 1436, 10, 1
0 25 31: 1417, 0, 1
0 25 35: 1452, 4, 2
0 25 36: 1417, 9, 3
0 25 36: 1452, 7, 3
0 25 37: 1417, 0, 0
0 25 38: 1417, 9, 0
0 25 39: 1454, 4, 2
0 25 40: 1417, 9, 3
0 25 40: 1455, 7, 3
0 25 41: 1417, 0, 0
0 25 42: 1417, 9, 0
0 25 51: 320, 22, 1
0 25 52: 321, 22, 0
0 25 53: 320, 22, 2
0 25 53: 1455, 4, 2
0 25 54: 1417, 9, 3
0 25 55: 1417, 1, 3
0 26 8: 1417, 1, 1
0 26 9: 1417, 9, 1
0 26 14: 1258, 22, 3
0 26 14: 1400, 10, 3
0 26 15: 1257, 22, 3
0 26 17: 1257, 22, 2
0 26 18: 1257, 22, 3
0 26 19: 1259, 22, 3
0 26 20: 1257, 22, 0
0 26 21: 1417, 9, 3
0 26 21: 1455, 7, 3
0 26 22: 1417, 0, 0
0 26 23: 1417, 1, 3
0 26 24: 1436, 10, 0
0 26 31: 1417, 1, 0
0 26 32: 1417, 9, 0
0 26 33: 1453, 4, 2
0 26 34: 1417, 9, 3
0 26 34: 1452, 7, 3
0 26 35: 1417, 0, 0
0 26 36: 1417, 1, 3
0 26 37: 1434, 10, 1
0 26 38: 1417, 1, 0
0 26 39: 1417, 0, 0
0 26 40: 1417, 1, 3
0 26 41: 1434, 10, 1
0 26 42: 1417, 0, 1
0 26 50: 320, 22, 3
0 26 50: 1171, 10, 3
0 26 52: 1417, 9, 3
0 26 52: 1452, 7, 3
0 26 53: 1417, 0, 0
0 26 54: 1417, 1, 3
0 26 55: 1436, 10, 0
0 27 7: 1436, 10, 2
0 27 8: 1417, 0, 1
0 27 12: 1171, 10, 3
0 27 12: 1257, 22, 3
0 27 20: 1454, 4, 1
0 27 21: 1417, 0, 3
0 27 22: 1436, 10, 0
0 27 31: 1436, 10, 1
0 27 32: 1417, 1, 0
0 27 33: 1417, 0, 0
0 27 34: 1417, 1, 3
0 27 35: 1436, 10, 0
0 27 39: 1434, 10, 1
0 27 40: 1434, 10, 1
0 27 41: 1434, 10, 1
0 27 42: 1417, 1, 0
0 27 43: 1417, 9, 0
0 27 49: 320, 22, 0
0 27 50: 321, 22, 1
0 27 51: 320, 22, 0
0 27 51: 1454, 4, 1
0 27 52: 1417, 0, 3
0 27 53: 1436, 10, 0
0 28 7: 1417, 1, 1
0 28 8: 1417, 9, 1
0 28 11: 1171, 10, 0
0 28 12: 1257, 22, 3
0 28 13: 1259, 22, 2
0 28 20: 1417, 9, 3
0 28 21: 1417, 1, 3
0 28 39: 1434, 10, 1
0 28 40: 1434, 10, 1
0 28 41: 1434, 10, 1
0 28 42: 1434, 10, 1
0 28 43: 1417, 0, 1
0 28 46: 1257, 22, 2
0 28 48: 1171, 10, 1
0 28 49: 320, 22, 2
0 28 50: 320, 22, 1
0 28 50: 1171, 10, 0
0 28 51: 1417, 9, 3
0 28 51: 1452, 7, 3
0 28 52: 1417, 1, 3
0 28 53: 1436, 10, 3
0 29 6: 1436, 10, 2
0 29 7: 1417, 0, 1
0 29 10: 320, 22, 3
0 29 13: 1171, 10, 1
0 29 13: 1258, 22, 0
0 29 14: 1259, 22, 1
0 29 15: 1257, 22, 0
0 29 19: 1454, 4, 1
0 29 20: 1417, 0, 3
0 29 21: 1436, 10, 0
0 29 39: 1434, 10, 1
0 29 40: 1434, 10, 1
0 29 41: 1417, 1, 1
0 29 42: 1417, 0, 2
0 29 43: 1417, 9, 1
0 29 45: 1257, 22, 3
0 29 46: 1257, 22, 1
0 29 49: 1171, 10, 3
0 29 50: 1455, 4, 1
0 29 51: 1417, 0, 3
0 29 52: 1434, 10, 2
0 29 53: 1434, 10, 2
0 30 6: 1417, 1, 1
0 30 7: 1417, 9, 1
0 30 13: 1259, 22, 3
0 30 14: 1257, 22, 1
0 30 14: 1400, 10, 3
0 30 15: 1259, 22, 1
0 30 16: 1257, 22, 3
0 30 19: 1417, 9, 3
0 30 19: 1454, 7, 3
0 30 20: 1417, 1, 3
0 30 38: 1436, 10, 2
0 30 39: 1417, 1, 1
0 30 40: 1417, 0, 2
0 30 41: 1417, 9, 1
0 30 44: 1257, 22, 0
0 30 45: 1257, 22, 3
0 30 46: 1258, 22, 3
0 30 47: 1257, 22, 1
0 30 48: 1257, 22, 1
0 30 50: 1417, 9, 3
0 30 50: 1452, 7, 3
0 30 51: 1417, 1, 3
0 30 52: 1434, 10, 2
0 30 53: 1434, 10, 2
0 31 5: 1436, 10, 2
0 31 6: 1417, 0, 1
0 31 12: 1257, 22, 0
0 31 13: 1257, 22, 0
0 31 14: 1258, 22, 1
0 31 15: 1257, 22, 2
0 31 16: 1257, 22, 3
0 31 17: 1257, 22, 1
0 31 18: 1455, 4, 1
0 31 19: 1417, 0, 3
0 31 20: 1434, 10, 1
0 31 36: 1436, 10, 2
0 31 37: 1417, 1, 1
0 31 38: 1417, 0, 2
0 31 39: 1417, 9, 1
0 31 44: 1258, 22, 0
0 31 45: 1259, 22, 3
0 31 46: 1258, 22, 3
0 31 47: 1259, 22, 3
0 31 48: 1257, 22, 0
0 31 49: 1455, 4, 1
0 31 50: 1417, 0, 3
0 31 51: 1434, 10, 1
0 31 52: 1434, 10, 2
0 31 53: 1434, 10, 2
0 32 3: 1436, 10, 2
0 32 4: 1417, 1, 1
0 32 5: 1417, 0, 2
0 32 6: 1417, 9, 1
0 32 9: 320, 22, 2
0 32 14: 1257, 22, 1
0 32 16: 1171, 10, 2
0 32 19: 1417, 9, 2
0 32 20: 1417, 1, 2
0 32 30: 1436, 10, 2
0 32 31: 1417, 1, 1
0 32 32: 1417, 0, 2
0 32 33: 1417, 1, 2
0 32 34: 1434, 10, 1
0 32 35: 1417, 1, 1
0 32 36: 1417, 0, 2
0 32 37: 1417, 9, 1
0 32 41: 1257, 22, 0
0 32 47: 1259, 22, 2
0 32 50: 1417, 9, 2
0 32 51: 1417, 1, 2
0 32 52: 1434, 10, 2
0 32 53: 1436, 10, 0
0 33 3: 1417, 1, 1
0 33 4: 1417, 9, 1
0 33 5: 320, 22, 1
0 33 8: 320, 22, 3
0 33 9: 321, 22, 1
0 33 10: 320, 22, 3
0 33 17: 1171, 10, 1
0 33 20: 1417, 0, 3
0 33 28: 1436, 10, 2
0 33 29: 1417, 1, 1
0 33 30: 1417, 0, 2
0 33 31: 320, 22, 3
0 33 31: 1417, 9, 1
0 33 32: 321, 22, 1
0 33 33: 1417, 9, 2
0 33 34: 1417, 0, 2
0 33 35: 1417, 9, 1
0 33 40: 1257, 22, 2
0 33 41: 1258, 22, 1
0 33 42: 1259, 22, 0
0 33 50: 1455, 4, 1
0 33 51: 1417, 0, 3
0 33 52: 1436, 10, 0
0 34 3: 1417, 0, 1
0 34 4: 321, 22, 0
0 34 4: 2583, 4, 3
0 34 5: 320, 22, 0
0 34 8: 320, 22, 0
0 34 9: 321, 22, 0
0 34 10: 320, 22, 2
0 34 14: 320, 22, 2
0 34 16: 320, 22, 1
0 34 17: 320, 22, 0
0 34 18: 1453, 4, 2
0 34 19: 1417, 9, 3
0 34 19: 1452, 7, 3
0 34 20: 1417, 1, 3
0 34 26: 1436, 10, 2
0 34 27: 1417, 1, 1
0 34 28: 1417, 0, 2
0 34 29: 320, 22, 3
0 34 29: 1417, 9, 1
0 34 30: 321, 22, 0
0 34 31: 320, 22, 2
0 34 32: 320, 22, 1
0 34 33: 320, 22, 2
0 34 35: 320, 22, 2
0 34 40: 1259, 22, 2
0 34 41: 1259, 22, 1
0 34 42: 1257, 22, 3
0 34 43: 1401, 10, 1
0 34 50: 1417, 9, 3
0 34 50: 1455, 7, 3
0 34 51: 1417, 1, 3
0 35 3: 1417, 1, 0
0 35 4: 320, 22, 1
0 35 4: 1417, 9, 0
0 35 5: 321, 22, 2
0 35 6: 320, 22, 2
0 35 9: 320, 22, 1
0 35 15: 320, 22, 2
0 35 16: 321, 22, 2
0 35 17: 1417, 9, 3
0 35 17: 1452, 7, 3
0 35 18: 1417, 0, 0
0 35 19: 1417, 1, 3
0 35 20: 1436, 10, 0
0 35 26: 1417, 1, 1
0 35 27: 1417, 9, 1
0 35 30: 320, 22, 0
0 35 34: 320, 22, 0
0 35 35: 321, 22, 1
0 35 36: 320, 22, 1
0 35 39: 1257, 22, 1
0 35 40: 1257, 22, 1
0 35 41: 1257, 22, 0
0 35 45: 1258, 22, 0
0 35 46: 1259, 22, 0
0 35 47: 1258, 22, 1
0 35 48: 1257, 22, 2
0 35 49: 1454, 4, 1
0 35 50: 1417, 0, 3
0 35 51: 1434, 10, 1
0 36 3: 1436, 10, 1
0 36 4: 1417, 0, 1
0 36 5: 320, 22, 1
0 36 15: 320, 22, 0
0 36 16: 320, 22, 3
0 36 16: 1453, 4, 1
0 36 17: 1417, 0, 3
0 36 18: 1436, 10, 0
0 36 25: 1436, 10, 2
0 36 26: 1417, 0, 1
0 36 27: 1171, 10, 1
0 36 29: 1171, 10, 2
0 36 32: 320, 22, 2
0 36 35: 320, 22, 3
0 36 41: 1452, 4, 2
0 36 44: 1258, 22, 2
0 36 45: 1259, 22, 2
0 36 46: 1259, 22, 0
0 36 48: 1257, 22, 2
0 36 50: 1417, 9, 2
0 36 51: 1417, 1, 2
0 37 4: 1417, 1, 0
0 37 5: 1417, 9, 0
0 37 6: 1455, 4, 2
0 37 10: 320, 22, 1
0 37 11: 320, 22, 0
0 37 12: 320, 22, 3
0 37 15: 321, 22, 0
0 37 15: 1455, 4, 2
0 37 16: 1417, 9, 3
0 37 16: 1455, 7, 3
0 37 17: 1417, 1, 3
0 37 23: 1436, 10, 2
0 37 24: 1417, 1, 1
0 37 25: 1417, 0, 2
0 37 26: 176, 22, 0
0 37 26: 1417, 9, 1
0 37 40: 1417, 9, 3
0 37 40: 1452, 7, 3
0 37 41: 1417, 0, 0
0 37 42: 1417, 9, 0
0 37 45: 1258, 22, 3
0 37 46: 1259, 22, 3
0 37 47: 1257, 22, 1
0 37 50: 1452, 4, 1
0 37 51: 1417, 0, 3
0 37 52: 1436, 10, 3
0 38 4: 1436, 10, 1
0 38 5: 1417, 1, 0
0 38 6: 1417, 0, 0
0 38 7: 1417, 9, 0
0 38 8: 1454, 4, 2
0 38 9: 320, 22, 2
0 38 10: 321, 22, 1
0 38 11: 321, 22, 0
0 38 12: 320, 22, 2
0 38 14: 1417, 9, 3
0 38 14: 1452, 7, 3
0 38 15: 1417, 0, 0
0 38 16: 1417, 1, 3
0 38 17: 1436, 10, 0
0 38 23: 1417, 1, 1
0 38 24: 1417, 9, 1
0 38 34: 320, 22, 3
0 38 37: 1453, 4, 2
0 38 38: 1417, 9, 3
0 38 38: 1452, 7, 3
0 38 39: 1417, 0, 0
0 38 40: 1417, 1, 3
0 38 41: 1434, 10, 1
0 38 42: 1417, 0, 1
0 38 44: 1257, 22, 3
0 38 45: 1257, 22, 3
0 38 50: 1258, 22, 2
0 38 51: 1417, 9, 2
0 38 52: 1417, 0, 2
0 38 53: 1417, 1, 2
0 38 54: 1436, 10, 3
0 39 6: 1436, 10, 1
0 39 7: 1417, 1, 0
0 39 8: 1417, 0, 0
0 39 9: 1417, 9, 0
0 39 10: 320, 22, 3
0 39 10: 1453, 4, 2
0 39 11: 321, 22, 0
0 39 12: 320, 22, 1
0 39 13: 1452, 4, 1
0 39 14: 1417, 0, 3
0 39 15: 1436, 10, 0
0 39 22: 1436, 10, 2
0 39 23: 1417, 0, 1
0 39 28: 1171, 10, 3
0 39 29: 1257, 22, 0
0 39 31: 1257, 22, 1
0 39 36: 1417, 9, 3
0 39 36: 1453, 7, 3
0 39 37: 1417, 0, 0
0 39 38: 1417, 1, 3
0 39 39: 1436, 10, 0
0 39 41: 1436, 10, 1
0 39 42: 1417, 1, 0
0 39 43: 1417, 9, 0
0 39 46: 1257, 22, 0
0 39 48: 1257, 22, 1
0 39 49: 1257, 22, 1
0 39 53: 1417, 9, 2
0 39 54: 1417, 1, 2
0 40 8: 1436, 10, 1
0 40 9: 1417, 1, 0
0 40 10: 1417, 0, 0
0 40 11: 1417, 9, 0
0 40 12: 1454, 4, 2
0 40 13: 1417, 9, 3
0 40 13: 1452, 7, 3
0 40 14: 1417, 1, 3
0 40 22: 1417, 1, 1
0 40 23: 1417, 9, 1
0 40 26: 1400, 10, 1
0 40 29: 1258, 22, 2
0 40 30: 1259, 22, 1
0 40 31: 1258, 22, 1
0 40 32: 1259, 22, 2
0 40 35: 1453, 4, 1
0 40 36: 1417, 0, 3
0 40 37: 1436, 10, 0
0 40 42: 1434, 10, 1
0 40 43: 1417, 0, 1
0 40 47: 1257, 22, 1
0 40 48: 1258, 22, 3
0 40 49: 1259, 22, 3
0 40 50: 1257, 22, 3
0 40 53: 1452, 4, 1
0 40 54: 1417, 0, 3
0 40 55: 1436, 10, 3
0 41 10: 1436, 10, 1
0 41 11: 1417, 1, 0
0 41 12: 1417, 0, 0
0 41 13: 1417, 1, 3
0 41 14: 1436, 10, 0
0 41 21: 1436, 10, 2
0 41 22: 1417, 0, 1
0 41 28: 1257, 22, 3
0 41 31: 1259, 22, 0
0 41 32: 1259, 22, 3
0 41 33: 1257, 22, 2
0 41 35: 1417, 9, 3
0 41 35: 1452, 7, 3
0 41 36: 1417, 1, 3
0 41 42: 1417, 1, 1
0 41 43: 1417, 9, 1
0 41 46: 1257, 22, 1
0 41 47: 1258, 22, 0
0 41 48: 1259, 22, 3
0 41 49: 1259, 22, 0
0 41 54: 1417, 9, 2
0 41 55: 1417, 0, 2
0 41 56: 1417, 1, 2
0 41 57: 1436, 10, 3
0 42 20: 1436, 10, 2
0 42 21: 1417, 1, 1
0 42 22: 1417, 9, 1
0 42 27: 1257, 22, 0
0 42 28: 1259, 22, 0
0 42 31: 1257, 22, 3
0 42 33: 1417, 9, 3
0 42 33: 1452, 7, 3
0 42 34: 1417, 0, 0
0 42 35: 1417, 1, 3
0 42 36: 1436, 10, 0
0 42 41: 1436, 10, 2
0 42 42: 1417, 0, 1
0 42 44: 320, 22, 1
0 42 47: 1257, 22, 0
0 42 48: 1259, 22, 1
0 42 50: 1186, 10, 1
0 42 53: 1259, 22, 2
0 42 56: 1417, 9, 2
0 42 57: 1417, 1, 2
0 43 20: 1417, 1, 1
0 43 21: 1417, 9, 1
0 43 25: 1400, 10, 0
0 43 28: 1259, 22, 3
0 43 29: 1259, 22, 3
0 43 30: 1257, 22, 2
0 43 32: 1453, 4, 1
0 43 33: 1417, 0, 3
0 43 34: 1436, 10, 0
0 43 41: 1417, 1, 1
0 43 42: 1417, 9, 1
0 43 43: 320, 22, 1
0 43 44: 321, 22, 0
0 43 45: 320, 22, 0
0 43 48: 1257, 22, 3
0 43 52: 1259, 22, 3
0 43 53: 1259, 22, 2
0 43 56: 1452, 4, 1
0 43 57: 1417, 0, 3
0 43 58: 1436, 10, 3
0 44 19: 1436, 10, 2
0 44 20: 1417, 0, 1
0 44 24: 1257, 22, 2
0 44 28: 1258, 22, 0
0 44 29: 1257, 22, 0
0 44 30: 1257, 22, 1
0 44 31: 1454, 4, 2
0 44 32: 1417, 9, 3
0 44 33: 1417, 1, 3
0 44 40: 1436, 10, 2
0 44 41: 1417, 0, 1
0 44 43: 320, 22, 2
0 44 44: 319, 22, 0
0 44 45: 320, 22, 3
0 44 48: 1258, 22, 1
0 44 49: 1258, 22, 2
0 44 51: 1258, 22, 3
0 44 52: 1259, 22, 1
0 44 53: 1257, 22, 2
0 44 54: 1171, 10, 0
0 44 54: 1257, 22, 0
0 44 55: 1171, 10, 3
0 44 57: 1417, 9, 2
0 44 58: 1417, 1, 2
0 45 17: 1436, 10, 2
0 45 18: 1417, 1, 1
0 45 19: 1417, 0, 2
0 45 20: 1417, 9, 1
0 45 23: 1257, 22, 3
0 45 24: 1258, 22, 2
0 45 28: 1257, 22, 0
0 45 30: 1417, 9, 3
0 45 30: 1454, 7, 3
0 45 31: 1417, 0, 0
0 45 32: 1417, 1, 3
0 45 33: 1436, 10, 0
0 45 38: 1436, 10, 2
0 45 39: 1417, 1, 1
0 45 40: 1417, 0, 2
0 45 41: 1417, 9, 1
0 45 48: 1453, 4, 2
0 45 49: 1258, 22, 0
0 45 51: 1258, 22, 0
0 45 52: 1257, 22, 3
0 45 53: 1258, 22, 1
0 45 54: 1257, 22, 2
0 45 56: 1171, 10, 2
0 45 57: 1453, 4, 1
0 45 58: 1417, 0, 3
0 45 59: 1436, 10, 3
0 46 15: 1436, 10, 2
0 46 16: 1417, 1, 1
0 46 17: 1417, 0, 2
0 46 18: 1417, 9, 1
0 46 23: 1257, 22, 0
0 46 24: 1259, 22, 1
0 46 25: 1259, 22, 1
0 46 26: 1171, 10, 0
0 46 26: 1258, 22, 3
0 46 27: 1257, 22, 3
0 46 29: 1171, 10, 2
0 46 29: 1454, 4, 1
0 46 30: 1417, 0, 3
0 46 31: 1436, 10, 0
0 46 36: 1436, 10, 2
0 46 37: 1417, 1, 1
0 46 38: 1417, 0, 2
0 46 39: 1417, 9, 1
0 46 42: 1258, 22, 2
0 46 47: 1417, 9, 3
0 46 47: 1454, 7, 3
0 46 48: 1417, 0, 0
0 46 49: 1417, 9, 0
0 46 52: 1257, 22, 3
0 46 53: 1257, 22, 0
0 46 54: 1171, 10, 1
0 46 54: 1257, 22, 1
0 46 58: 1417, 9, 2
0 46 59: 1417, 1, 2
0 47 15: 1417, 1, 1
0 47 16: 1417, 9, 1
0 47 17: 320, 22, 1
0 47 24: 1257, 22, 1
0 47 25: 1257, 22, 1
0 47 26: 1257, 22, 2
0 47 27: 1257, 22, 2
0 47 28: 1455, 4, 2
0 47 29: 1417, 9, 3
0 47 29: 1455, 7, 3
0 47 30: 1417, 1, 3
0 47 36: 1417, 1, 1
0 47 37: 1417, 9, 1
0 47 44: 1258, 22, 3
0 47 46: 1455, 4, 1
0 47 47: 1417, 0, 3
0 47 48: 1434, 10, 1
0 47 49: 1417, 0, 1
0 47 52: 1258, 22, 3
0 47 58: 320, 22, 0
0 47 58: 1453, 4, 1
0 47 59: 1417, 0, 3
0 47 60: 1436, 10, 3
0 48 15: 1417, 0, 1
0 48 16: 321, 22, 3
0 48 17: 321, 22, 2
0 48 18: 320, 22, 0
0 48 19: 320, 22, 1
0 48 20: 320, 22, 3
0 48 21: 320, 22, 0
0 48 22: 320, 22, 1
0 48 27: 1417, 9, 3
0 48 27: 1454, 7, 3
0 48 28: 1417, 0, 0
0 48 29: 1417, 1, 3
0 48 30: 1436, 10, 0
0 48 35: 1436, 10, 2
0 48 36: 1417, 0, 1
0 48 46: 1417, 9, 3
0 48 46: 1453, 7, 3
0 48 47: 1417, 1, 3
0 48 48: 1434, 10, 1
0 48 49: 1417, 1, 0
0 48 50: 1417, 9, 0
0 48 57: 320, 22, 1
0 48 58: 321, 22, 2
0 48 59: 1417, 9, 2
0 48 60: 1417, 1, 2
0 49 15: 1417, 1, 0
0 49 16: 1417, 9, 0
0 49 17: 320, 22, 3
0 49 18: 320, 22, 0
0 49 20: 320, 22, 2
0 49 21: 321, 22, 2
0 49 22: 320, 22, 2
0 49 26: 1454, 4, 1
0 49 27: 1417, 0, 3
0 49 28: 1434, 10, 1
0 49 29: 1436, 10, 0
0 49 33: 1436, 10, 2
0 49 34: 1417, 1, 1
0 49 35: 1417, 0, 2
0 49 36: 1417, 9, 1
0 49 45: 1454, 4, 1
0 49 46: 1417, 0, 3
0 49 47: 1436, 10, 0
0 49 49: 1436, 10, 1
0 49 50: 1417, 0, 1
0 49 54: 1258, 22, 2
0 49 58: 320, 22, 2
0 49 59: 321, 22, 0
0 49 59: 1455, 4, 1
0 49 60: 1417, 0, 3
0 49 61: 1436, 10, 3
0 50 15: 1436, 10, 1
0 50 16: 1417, 0, 1
0 50 20: 320, 22, 0
0 50 21: 321, 22, 0
0 50 22: 320, 22, 1
0 50 24: 320, 22, 2
0 50 27: 1417, 9, 2
0 50 28: 1417, 1, 2
0 50 33: 1417, 1, 1
0 50 34: 1417, 9, 1
0 50 40: 1244, 22, 1
0 50 42: 1258, 22, 0
0 50 45: 1417, 9, 3
0 50 45: 1452, 7, 3
0 50 46: 1417, 1, 3
0 50 50: 1417, 1, 0
0 50 51: 1417, 9, 0
0 50 54: 320, 22, 0
0 50 57: 320, 22, 1
0 50 59: 320, 22, 3
0 50 60: 1417, 9, 2
0 50 61: 1417, 1, 2
0 51 16: 1417, 1, 0
0 51 17: 1417, 9, 0
0 51 18: 1454, 4, 2
0 51 23: 320, 22, 3
0 51 24: 321, 22, 2
0 51 25: 320, 22, 1
0 51 27: 1455, 4, 1
0 51 28: 1417, 0, 3
0 51 29: 1436, 10, 3
0 51 32: 1436, 10, 2
0 51 33: 1417, 0, 1
0 51 36: 1258, 22, 3
0 51 37: 1258, 22, 0
0 51 38: 1258, 22, 0
0 51 42: 1258, 22, 2
0 51 43: 1258, 22, 2
0 51 44: 1454, 4, 1
0 51 45: 1417, 0, 3
0 51 46: 1434, 10, 1
0 51 50: 1436, 10, 1
0 51 51: 1417, 0, 1
0 51 54: 320, 22, 2
0 51 56: 320, 22, 0
0 51 57: 319, 22, 1
0 51 58: 320, 22, 1
0 51 59: 320, 22, 3
0 51 60: 1454, 4, 1
0 51 61: 1417, 0, 3
0 52 16: 1436, 10, 1
0 52 17: 1417, 1, 0
0 52 18: 1417, 0, 0
0 52 19: 1417, 9, 0
0 52 24: 320, 22, 0
0 52 27: 320, 22, 3
0 52 28: 1417, 9, 2
0 52 29: 1417, 1, 2
0 52 32: 1417, 1, 1
0 52 33: 1417, 9, 1
0 52 37: 1259, 22, 0
0 52 43: 1259, 22, 1
0 52 45: 1417, 9, 2
0 52 46: 1417, 1, 2
0 52 51: 1417, 1, 0
0 52 52: 1417, 9, 0
0 52 53: 1453, 4, 2
0 52 54: 320, 22, 3
0 52 55: 320, 22, 3
0 52 57: 320, 22, 0
0 52 58: 320, 22, 0
0 52 59: 319, 22, 3
0 52 60: 1454, 4, 1
0 52 61: 1417, 0, 3
0 53 18: 1436, 10, 1
0 53 19: 1417, 0, 1
0 53 20: 2583, 4, 3
0 53 26: 320, 22, 1
0 53 27: 321, 22, 3
0 53 28: 320, 22, 2
0 53 28: 1455, 4, 1
0 53 29: 1417, 0, 3
0 53 32: 1417, 0, 1
0 53 36: 1171, 10, 2
0 53 36: 1258, 22, 1
0 53 39: 1398, 10, 1
0 53 43: 1258, 22, 3
0 53 45: 2583, 4, 1
0 53 46: 1417, 0, 3
0 53 51: 1436, 10, 1
0 53 52: 1417, 1, 0
0 53 53: 1417, 0, 0
0 53 54: 1417, 9, 0
0 53 55: 1455, 4, 2
0 53 59: 1454, 4, 2
0 53 60: 1417, 9, 3
0 53 61: 1417, 1, 3
0 54 19: 1417, 1, 0
0 54 20: 1417, 9, 0
0 54 27: 320, 22, 1
0 54 27: 1455, 4, 2
0 54 28: 1417, 9, 3
0 54 28: 1454, 7, 3
0 54 29: 1417, 1, 3
0 54 32: 1417, 1, 0
0 54 33: 1417, 9, 0
0 54 36: 1259, 22, 3
0 54 42: 1258, 22, 0
0 54 45: 1417, 9, 3
0 54 45: 1454, 7, 3
0 54 46: 1417, 1, 3
0 54 53: 1436, 10, 1
0 54 54: 1417, 1, 0
0 54 55: 1417, 0, 0
0 54 56: 1417, 9, 0
0 54 57: 1455, 4, 2
0 54 58: 1417, 9, 3
0 54 58: 1455, 7, 3
0 54 59: 1417, 0, 0
0 54 60: 1417, 1, 3
0 54 61: 1436, 10, 0
0 55 19: 1436, 10, 1
0 55 20: 1417, 0, 1
0 55 23: 320, 22, 2
0 55 24: 320, 22, 3
0 55 25: 320, 22, 3
0 55 26: 1417, 9, 3
0 55 26: 1453, 7, 3
0 55 27: 1417, 0, 0
0 55 28: 1417, 1, 3
0 55 29: 1436, 10, 0
0 55 32: 1434, 10, 1
0 55 33: 1417, 0, 1
0 55 34: 320, 22, 0
0 55 37: 1171, 10, 1
0 55 38: 1171, 10, 0
0 55 40: 1259, 22, 0
0 55 41: 1259, 22, 3
0 55 45: 1417, 0, 3
0 55 46: 1436, 10, 0
0 55 55: 1436, 10, 1
0 55 56: 1417, 1, 0
0 55 57: 1417, 0, 0
0 55 58: 1417, 1, 3
0 55 59: 1436, 10, 0
0 56 20: 1417, 1, 0
0 56 21: 1417, 9, 0
0 56 22: 1454, 4, 2
0 56 23: 320, 22, 1
0 56 24: 321, 22, 2
0 56 25: 321, 22, 3
0 56 25: 1454, 4, 1
0 56 26: 1417, 0, 3
0 56 27: 1436, 10, 0
0 56 32: 1417, 1, 1
0 56 33: 1417, 9, 1
0 56 34: 321, 22, 3
0 56 35: 320, 22, 3
0 56 37: 1258, 22, 1
0 56 38: 1258, 22, 0
0 56 39: 1259, 22, 1
0 56 40: 1258, 22, 1
0 56 44: 1417, 9, 3
0 56 44: 1454, 7, 3
0 56 45: 1417, 1, 3
0 57 20: 1436, 10, 1
0 57 21: 1417, 1, 0
0 57 22: 1417, 0, 0
0 57 23: 1417, 9, 0
0 57 24: 321, 22, 0
0 57 24: 1455, 4, 2
0 57 25: 1417, 9, 3
0 57 25: 1452, 7, 3
0 57 26: 1417, 1, 3
0 57 32: 1417, 0, 1
0 57 33: 320, 22, 0
0 57 34: 320, 22, 1
0 57 35: 320, 22, 2
0 57 38: 1258, 22, 2
0 57 39: 1171, 10, 0
0 57 43: 320, 22, 1
0 57 43: 1452, 4, 1
0 57 44: 1417, 0, 3
0 57 45: 1434, 10, 1
0 58 22: 1436, 10, 1
0 58 23: 1417, 1, 0
0 58 24: 1417, 0, 0
0 58 25: 1417, 1, 3
0 58 26: 1436, 10, 0
0 58 32: 1417, 1, 0
0 58 33: 1417, 9, 0
0 58 34: 321, 22, 0
0 58 42: 320, 22, 0
0 58 43: 321, 22, 2
0 58 44: 1417, 9, 2
0 58 45: 1417, 1, 2
0 59 32: 1436, 10, 1
0 59 33: 1417, 0, 1
0 59 34: 320, 22, 3
0 59 35: 320, 22, 3
0 59 36: 320, 22, 2
0 59 37: 1454, 4, 2
0 59 41: 1453, 4, 2
0 59 43: 320, 22, 1
0 59 44: 321, 22, 3
0 59 44: 1454, 4, 1
0 59 45: 1417, 0, 3
0 60 33: 1417, 1, 0
0 60 34: 321, 22, 1
0 60 34: 1417, 9, 0
0 60 35: 321, 22, 1
0 60 35: 1452, 4, 2
0 60 36: 1417, 9, 3
0 60 36: 1454, 7, 3
0 60 37: 1417, 0, 0
0 60 38: 1417, 9, 0
0 60 39: 1453, 4, 2
0 60 40: 1417, 9, 3
0 60 40: 1452, 7, 3
0 60 41: 1417, 0, 0
0 60 42: 1417, 9, 0
0 60 43: 320, 22, 2
0 60 43: 1452, 4, 2
0 60 44: 1417, 9, 3
0 60 44: 1455, 7, 3
0 60 45: 1417, 1, 3
0 61 33: 1436, 10, 1
0 61 34: 1417, 1, 0
0 61 35: 1417, 0, 0
0 61 36: 1417, 1, 3
0 61 37: 1434, 10, 1
0 61 38: 1417, 1, 0
0 61 39: 1417, 0, 0
0 61 40: 1417, 1, 3
0 61 41: 1434, 10, 1
0 61 42: 1417, 1, 0
0 61 43: 1417, 0, 0
0 61 44: 1417, 1, 3
0 61 45: 1436, 10, 0
1 0 43: 1434, 10, 1
1 0 44: 1434, 10, 1
1 0 45: 1434, 10, 1
1 0 46: 1434, 10, 1
1 0 47: 1434, 10, 1
1 0 48: 1434, 10, 1
1 0 49: 1434, 10, 1
1 0 50: 1434, 10, 1
1 0 51: 1434, 10, 1
1 0 52: 1434, 10, 1
1 0 53: 1434, 10, 1
1 1 41: 1434, 10, 1
1 1 42: 1434, 10, 1
1 1 43: 1434, 10, 1
1 1 44: 1434, 10, 1
1 1 45: 1434, 10, 1
1 1 46: 1434, 10, 1
1 1 47: 1434, 10, 1
1 1 48: 1434, 10, 1
1 1 49: 1434, 10, 1
1 1 50: 1434, 10, 1
1 1 51: 1434, 10, 1
1 1 52: 1434, 10, 1
1 1 53: 1434, 10, 1
1 1 54: 1434, 10, 1
1 1 55: 1434, 10, 1
1 2 39: 1434, 10, 1
1 2 40: 1434, 10, 1
1 2 41: 1434, 10, 1
1 2 42: 1434, 10, 1
1 2 43: 1434, 10, 1
1 2 44: 1434, 10, 1
1 2 45: 1434, 10, 1
1 2 46: 1434, 10, 1
1 2 47: 1434, 10, 1
1 2 48: 1434, 10, 1
1 2 49: 1434, 10, 1
1 2 50: 1434, 10, 1
1 2 51: 1434, 10, 1
1 2 52: 1434, 10, 1
1 2 53: 1434, 10, 1
1 2 54: 1434, 10, 1
1 2 55: 1434, 10, 1
1 2 56: 1434, 10, 1
1 2 57: 1434, 10, 1
1 3 38: 1434, 10, 1
1 3 39: 1434, 10, 1
1 3 40: 1434, 10, 1
1 3 41: 1434, 10, 1
1 3 42: 1434, 10, 1
1 3 43: 1434, 10, 1
1 3 44: 1434, 10, 1
1 3 45: 1434, 10, 1
1 3 46: 1434, 10, 1
1 3 47: 1434, 10, 1
1 3 48: 1434, 10, 1
1 3 49: 1434, 10, 1
1 3 50: 1434, 10, 1
1 3 51: 1434, 10, 1
1 3 52: 1434, 10, 1
1 3 53: 1434, 10, 1
1 3 54: 1434, 10, 1
1 3 55: 1434, 10, 1
1 3 56: 1434, 10, 1
1 3 57: 1434, 10, 1
1 3 58: 1434, 10, 1
1 3 59: 1434, 10, 1
1 4 17: 1434, 10, 1
1 4 18: 1434, 10, 1
1 4 19: 1434, 10, 1
1 4 20: 1434, 10, 1
1 4 21: 1434, 10, 1
1 4 35: 1434, 10, 1
1 4 36: 1434, 10, 1
1 4 37: 1434, 10, 1
1 4 38: 1434, 10, 1
1 4 39: 1434, 10, 1
1 4 40: 1434, 10, 1
1 4 41: 1434, 10, 1
1 4 42: 1434, 10, 1
1 4 43: 1434, 10, 1
1 4 44: 1434, 10, 1
1 4 45: 1428, 1, 1
1 4 46: 1428, 0, 2
1 4 47: 1428, 1, 2
1 4 48: 1434, 10, 1
1 4 49: 1434, 10, 1
1 4 50: 1434, 10, 1
1 4 51: 1434, 10, 1
1 4 52: 1434, 10, 1
1 4 53: 1434, 10, 1
1 4 54: 1434, 10, 1
1 4 55: 1434, 10, 1
1 4 56: 1434, 10, 1
1 4 57: 1434, 10, 1
1 4 58: 1434, 10, 1
1 4 59: 1434, 10, 1
1 4 60: 1434, 10, 1
1 4 61: 1434, 10, 1
1 5 15: 1434, 10, 1
1 5 16: 1434, 10, 1
1 5 17: 1434, 10, 1
1 5 18: 1434, 10, 1
1 5 19: 1434, 10, 1
1 5 20: 1434, 10, 1
1 5 21: 1434, 10, 1
1 5 22: 1434, 10, 1
1 5 23: 1434, 10, 1
1 5 24: 1434, 10, 1
1 5 25: 1434, 10, 1
1 5 26: 1434, 10, 1
1 5 27: 1434, 10, 1
1 5 28: 1434, 10, 1
1 5 29: 1434, 10, 1
1 5 31: 1434, 10, 1
1 5 32: 1434, 10, 1
1 5 33: 1434, 10, 1
1 5 34: 1434, 10, 1
1 5 35: 1434, 10, 1
1 5 36: 1434, 10, 1
1 5 37: 1434, 10, 1
1 5 38: 1434, 10, 1
1 5 39: 1434, 10, 1
1 5 40: 1434, 10, 1
1 5 41: 1434, 10, 1
1 5 42: 1434, 10, 1
1 5 43: 1434, 10, 1
1 5 44: 1428, 1, 1
1 5 45: 1428, 9, 1
1 5 47: 1428, 9, 2
1 5 48: 1428, 0, 2
1 5 49: 1428, 1, 2
1 5 50: 1434, 10, 1
1 5 51: 1434, 10, 1
1 5 52: 1434, 10, 1
1 5 53: 1434, 10, 1
1 5 54: 1434, 10, 1
1 5 55: 1434, 10, 1
1 5 56: 1434, 10, 1
1 5 57: 1434, 10, 1
1 5 58: 1434, 10, 1
1 5 59: 1434, 10, 1
1 5 60: 1434, 10, 1
1 5 61: 1434, 10, 1
1 5 62: 1434, 10, 1
1 6 14: 1434, 10, 1
1 6 15: 1434, 10, 1
1 6 16: 1434, 10, 1
1 6 17: 1434, 10, 1
1 6 18: 1434, 10, 1
1 6 19: 1434, 10, 1
1 6 20: 1434, 10, 1
1 6 21: 1434, 10, 1
1 6 22: 1434, 10, 1
1 6 23: 1434, 10, 1
1 6 24: 1434, 10, 1
1 6 25: 1434, 10, 1
1 6 26: 1434, 10, 1
1 6 27: 1434, 10, 1
1 6 28: 1434, 10, 1
1 6 29: 1434, 10, 1
1 6 30: 1434, 10, 1
1 6 31: 1434, 10, 1
1 6 32: 1434, 10, 1
1 6 33: 1434, 10, 1
1 6 34: 1434, 10, 1
1 6 35: 1434, 10, 1
1 6 36: 1434, 10, 1
1 6 37: 1434, 10, 1
1 6 38: 1434, 10, 1
1 6 39: 1434, 10, 1
1 6 40: 1434, 10, 1
1 6 41: 1434, 10, 1
1 6 42: 1434, 10, 1
1 6 43: 1434, 10, 1
1 6 44: 1428, 0, 1
1 6 49: 1428, 9, 2
1 6 50: 1428, 0, 2
1 6 51: 1428, 1, 2
1 6 52: 1434, 10, 1
1 6 53: 1434, 10, 1
1 6 54: 1434, 10, 1
1 6 55: 1434, 10, 1
1 6 56: 1434, 10, 1
1 6 57: 1434, 10, 1
1 6 58: 1434, 10, 1
1 6 59: 1434, 10, 1
1 6 60: 1434, 10, 1
1 6 61: 1434, 10, 1
1 6 62: 1434, 10, 1
1 6 63: 1434, 10, 1
1 7 13: 1434, 10, 1
1 7 14: 1434, 10, 1
1 7 15: 1434, 10, 1
1 7 16: 1434, 10, 1
1 7 17: 1434, 10, 1
1 7 18: 1434, 10, 1
1 7 19: 1434, 10, 1
1 7 20: 1434, 10, 1
1 7 21: 1434, 10, 1
1 7 22: 1434, 10, 1
1 7 23: 1434, 10, 1
1 7 24: 1434, 10, 1
1 7 25: 1434, 10, 1
1 7 26: 1434, 10, 1
1 7 27: 1434, 10, 1
1 7 28: 1434, 10, 1
1 7 29: 1434, 10, 1
1 7 30: 1434, 10, 1
1 7 31: 1434, 10, 1
1 7 32: 1434, 10, 1
1 7 33: 1434, 10, 1
1 7 34: 1434, 10, 1
1 7 35: 1434, 10, 1
1 7 36: 1434, 10, 1
1 7 37: 1434, 10, 1
1 7 38: 1434, 10, 1
1 7 39: 1434, 10, 1
1 7 40: 1434, 10, 1
1 7 41: 1434, 10, 1
1 7 42: 1434, 10, 1
1 7 43: 1428, 1, 1
1 7 44: 1428, 9, 1
1 7 51: 1428, 9, 2
1 7 52: 1428, 0, 2
1 7 53: 1428, 1, 2
1 7 54: 1434, 10, 1
1 7 55: 1434, 10, 1
1 7 56: 1434, 10, 1
1 7 57: 1434, 10, 1
1 7 58: 1434, 10, 1
1 7 59: 1434, 10, 1
1 7 60: 1434, 10, 1
1 7 61: 1434, 10, 1
1 7 62: 1434, 10, 1
1 7 63: 1434, 10, 1
1 8 12: 1434, 10, 1
1 8 13: 1434, 10, 1
1 8 14: 1434, 10, 1
1 8 15: 1434, 10, 1
1 8 16: 1434, 10, 1
1 8 17: 1434, 10, 1
1 8 18: 1434, 10, 1
1 8 19: 1434, 10, 1
1 8 20: 1434, 10, 1
1 8 21: 1434, 10, 1
1 8 22: 1434, 10, 1
1 8 23: 1434, 10, 1
1 8 24: 1434, 10, 1
1 8 25: 1434, 10, 1
1 8 26: 1434, 10, 1
1 8 27: 1434, 10, 1
1 8 28: 1434, 10, 1
1 8 29: 1434, 10, 1
1 8 30: 1434, 10, 1
1 8 31: 1434, 10, 1
1 8 32: 1434, 10, 1
1 8 33: 1434, 10, 1
1 8 34: 1434, 10, 1
1 8 35: 1434, 10, 1
1 8 36: 1434, 10, 1
1 8 37: 1434, 10, 1
1 8 38: 1434, 10, 1
1 8 39: 1434, 10, 1
1 8 40: 1434, 10, 1
1 8 41: 1434, 10, 1
1 8 42: 1434, 10, 1
1 8 43: 1428, 0, 1
1 8 53: 1428, 9, 2
1 8 54: 1428, 0, 2
1 8 55: 1428, 1, 2
1 8 56: 1434, 10, 1
1 8 57: 1434, 10, 1
1 8 58: 1434, 10, 1
1 8 59: 1434, 10, 1
1 8 60: 1434, 10, 1
1 8 61: 1434, 10, 1
1 8 62: 1434, 10, 1
1 8 63: 1434, 10, 1
1 9 12: 1434, 10, 1
1 9 13: 1434, 10, 1
1 9 14: 1434, 10, 1
1 9 15: 1434, 10, 1
1 9 16: 1434, 10, 1
1 9 17: 1434, 10, 1
1 9 18: 1434, 10, 1
1 9 19: 1434, 10, 1
1 9 20: 1434, 10, 1
1 9 21: 1434, 10, 1
1 9 22: 1434, 10, 1
1 9 23: 1434, 10, 1
1 9 24: 1434, 10, 1
1 9 25: 1434, 10, 1
1 9 26: 1434, 10, 1
1 9 27: 1434, 10, 1
1 9 28: 1434, 10, 1
1 9 29: 1434, 10, 1
1 9 30: 1434, 10, 1
1 9 31: 1434, 10, 1
1 9 32: 1434, 10, 1
1 9 33: 1434, 10, 1
1 9 34: 1434, 10, 1
1 9 35: 1434, 10, 1
1 9 36: 1434, 10, 1
1 9 37: 1434, 10, 1
1 9 38: 1434, 10, 1
1 9 39: 1434, 10, 1
1 9 40: 1434, 10, 1
1 9 41: 1428, 1, 1
1 9 42: 1428, 0, 2
1 9 43: 1428, 9, 1
1 9 55: 1428, 9, 2
1 9 56: 1428, 0, 2
1 9 57: 1428, 1, 2
1 9 58: 1434, 10, 1
1 9 59: 1434, 10, 1
1 9 60: 1434, 10, 1
1 9 61: 1434, 10, 1
1 9 62: 1434, 10, 1
1 9 63: 1434, 10, 1
1 10 12: 1434, 10, 1
1 10 13: 1434, 10, 1
1 10 14: 1434, 10, 1
1 10 15: 1434, 10, 1
1 10 16: 1434, 10, 1
1 10 17: 1434, 10, 1
1 10 18: 1434, 10, 1
1 10 19: 1434, 10, 1
1 10 20: 1434, 10, 1
1 10 21: 1434, 10, 1
1 10 22: 1434, 10, 1
1 10 23: 1434, 10, 1
1 10 24: 1434, 10, 1
1 10 25: 1434, 10, 1
1 10 26: 1434, 10, 1
1 10 27: 1434, 10, 1
1 10 28: 1434, 10, 1
1 10 29: 1434, 10, 1
1 10 30: 1434, 10, 1
1 10 31: 1434, 10, 1
1 10 32: 1434, 10, 1
1 10 33: 1434, 10, 1
1 10 34: 1434, 10, 1
1 10 35: 1434, 10, 1
1 10 36: 1434, 10, 1
1 10 37: 1434, 10, 1
1 10 38: 1434, 10, 1
1 10 39: 1434, 10, 1
1 10 40: 1428, 1, 1
1 10 41: 1428, 9, 1
1 10 57: 1428, 9, 2
1 10 58: 1428, 1, 2
1 10 59: 1434, 10, 1
1 10 60: 1434, 10, 1
1 10 61: 1434, 10, 1
1 10 62: 1434, 10, 1
1 10 63: 1434, 10, 1
1 11 11: 1434, 10, 1
1 11 12: 1434, 10, 1
1 11 13: 1434, 10, 1
1 11 14: 1434, 10, 1
1 11 15: 1434, 10, 1
1 11 16: 1434, 10, 1
1 11 17: 1434, 10, 1
1 11 18: 1434, 10, 1
1 11 19: 1434, 10, 1
1 11 20: 1434, 10, 1
1 11 21: 1434, 10, 1
1 11 22: 1434, 10, 1
1 11 23: 1434, 10, 1
1 11 24: 1434, 10, 1
1 11 25: 1434, 10, 1
1 11 26: 1434, 10, 1
1 11 27: 1434, 10, 1
1 11 28: 1434, 10, 1
1 11 29: 1434, 10, 1
1 11 30: 1434, 10, 1
1 11 31: 1434, 10, 1
1 11 32: 1434, 10, 1
1 11 33: 1434, 10, 1
1 11 34: 1434, 10, 1
1 11 35: 1434, 10, 1
1 11 36: 1434, 10, 1
1 11 37: 1434, 10, 1
1 11 38: 1434, 10, 1
1 11 39: 1434, 10, 1
1 11 40: 1428, 0, 1
1 11 58: 1428, 0, 3
1 11 59: 1434, 10, 1
1 11 60: 1434, 10, 1
1 11 61: 1434, 10, 1
1 11 62: 1434, 10, 1
1 11 63: 1434, 10, 1
1 12 11: 1434, 10, 1
1 12 12: 1434, 10, 1
1 12 13: 1434, 10, 1
1 12 14: 1434, 10, 1
1 12 15: 1434, 10, 1
1 12 16: 1434, 10, 1
1 12 17: 1434, 10, 1
1 12 18: 1434, 10, 1
1 12 19: 1434, 10, 1
1 12 20: 1428, 1, 1
1 12 21: 1428, 0, 2
1 12 22: 1428, 1, 2
1 12 23: 1434, 10, 1
1 12 24: 1434, 10, 1
1 12 25: 1434, 10, 1
1 12 26: 1434, 10, 1
1 12 27: 1434, 10, 1
1 12 28: 1434, 10, 1
1 12 29: 1434, 10, 1
1 12 30: 1434, 10, 1
1 12 31: 1434, 10, 1
1 12 32: 1434, 10, 1
1 12 33: 1434, 10, 1
1 12 34: 1434, 10, 1
1 12 35: 1434, 10, 1
1 12 36: 1434, 10, 1
1 12 37: 1434, 10, 1
1 12 38: 1428, 1, 1
1 12 39: 1428, 0, 2
1 12 40: 1428, 9, 1
1 12 49: 1428, 9, 3
1 12 50: 1428, 0, 0
1 12 51: 1428, 9, 0
1 12 58: 1428, 9, 2
1 12 59: 1428, 1, 2
1 12 60: 1434, 10, 1
1 12 61: 1434, 10, 1
1 12 62: 1434, 10, 1
1 12 63: 1434, 10, 1
1 13 10: 1434, 10, 1
1 13 11: 1434, 10, 1
1 13 12: 1434, 10, 1
1 13 13: 1434, 10, 1
1 13 14: 1434, 10, 1
1 13 15: 1434, 10, 1
1 13 16: 1434, 10, 1
1 13 17: 1434, 10, 1
1 13 18: 1428, 1, 1
1 13 19: 1428, 0, 2
1 13 20: 1428, 9, 1
1 13 22: 1428, 9, 2
1 13 23: 1428, 0, 2
1 13 24: 1428, 1, 2
1 13 25: 1434, 10, 1
1 13 26: 1434, 10, 1
1 13 27: 1434, 10, 1
1 13 28: 1434, 10, 1
1 13 29: 1434, 10, 1
1 13 30: 1434, 10, 1
1 13 31: 1434, 10, 1
1 13 32: 1434, 10, 1
1 13 33: 1434, 10, 1
1 13 34: 1434, 10, 1
1 13 35: 1434, 10, 1
1 13 36: 1428, 1, 1
1 13 37: 1428, 0, 2
1 13 38: 1428, 9, 1
1 13 49: 1428, 9, 2
1 13 50: 1428, 0, 2
1 13 51: 1428, 9, 1
1 13 58: 1453, 4, 1
1 13 59: 1428, 0, 3
1 13 60: 1434, 10, 1
1 13 61: 1434, 10, 1
1 13 62: 1434, 10, 1
1 13 63: 1434, 10, 1
1 14 10: 1434, 10, 1
1 14 11: 1434, 10, 1
1 14 12: 1434, 10, 1
1 14 13: 1434, 10, 1
1 14 14: 1434, 10, 1
1 14 15: 1434, 10, 1
1 14 16: 1434, 10, 1
1 14 17: 1428, 1, 1
1 14 17: 1434, 10, 1
1 14 18: 1428, 9, 1
1 14 24: 1428, 9, 2
1 14 25: 1428, 0, 2
1 14 26: 1428, 1, 2
1 14 27: 1434, 10, 1
1 14 28: 1434, 10, 1
1 14 29: 1434, 10, 1
1 14 30: 1434, 10, 1
1 14 31: 1434, 10, 1
1 14 32: 1434, 10, 1
1 14 33: 1434, 10, 1
1 14 34: 1434, 10, 1
1 14 35: 1428, 1, 1
1 14 36: 1428, 9, 1
1 14 50: 2585, 4, 0
1 14 58: 1452, 4, 1
1 14 59: 1428, 0, 3
1 14 60: 1434, 10, 1
1 14 61: 1434, 10, 1
1 14 62: 1434, 10, 1
1 14 63: 1434, 10, 1
1 15 9: 1434, 10, 1
1 15 10: 1434, 10, 1
1 15 11: 1434, 10, 1
1 15 12: 1434, 10, 1
1 15 13: 1434, 10, 1
1 15 14: 1434, 10, 1
1 15 15: 1434, 10, 1
1 15 16: 1434, 10, 1
1 15 17: 1428, 0, 1
1 15 17: 1434, 10, 1
1 15 26: 1428, 9, 2
1 15 27: 1428, 0, 2
1 15 28: 1428, 1, 2
1 15 29: 1434, 10, 1
1 15 30: 1434, 10, 1
1 15 31: 1434, 10, 1
1 15 32: 1434, 10, 1
1 15 33: 1434, 10, 1
1 15 34: 1434, 10, 1
1 15 35: 1428, 0, 1
1 15 57: 1453, 4, 2
1 15 58: 1428, 9, 3
1 15 58: 1454, 7, 3
1 15 59: 1428, 1, 3
1 15 60: 1434, 10, 1
1 15 61: 1434, 10, 1
1 15 62: 1434, 10, 1
1 15 63: 1434, 10, 1
1 16 8: 1434, 10, 1
1 16 9: 1434, 10, 1
1 16 10: 1434, 10, 1
1 16 11: 1434, 10, 1
1 16 12: 1434, 10, 1
1 16 13: 1434, 10, 1
1 16 14: 1434, 10, 1
1 16 15: 1434, 10, 1
1 16 16: 1434, 10, 1
1 16 17: 1428, 1, 0
1 16 17: 1434, 10, 1
1 16 18: 1428, 9, 0
1 16 28: 1428, 9, 2
1 16 29: 1428, 1, 2
1 16 30: 1434, 10, 1
1 16 31: 1434, 10, 1
1 16 32: 1434, 10, 1
1 16 33: 1428, 1, 1
1 16 34: 1428, 0, 2
1 16 35: 1428, 9, 1
1 16 56: 1428, 9, 3
1 16 56: 1454, 7, 3
1 16 57: 1428, 0, 0
1 16 58: 1428, 1, 3
1 16 59: 1434, 10, 1
1 16 60: 1434, 10, 1
1 16 61: 1434, 10, 1
1 16 62: 1434, 10, 1
1 16 63: 1434, 10, 1
1 17 8: 1434, 10, 1
1 17 9: 1434, 10, 1
1 17 10: 1434, 10, 1
1 17 11: 1434, 10, 1
1 17 12: 1434, 10, 1
1 17 13: 1434, 10, 1
1 17 14: 1434, 10, 1
1 17 15: 1434, 10, 1
1 17 16: 1434, 10, 1
1 17 17: 1434, 10, 1
1 17 18: 1428, 0, 1
1 17 28: 1453, 4, 1
1 17 29: 1428, 0, 3
1 17 30: 1434, 10, 1
1 17 31: 1428, 1, 1
1 17 32: 1428, 0, 2
1 17 33: 1428, 9, 1
1 17 55: 1455, 4, 1
1 17 56: 1428, 0, 3
1 17 57: 1434, 10, 1
1 17 58: 1434, 10, 1
1 17 59: 1434, 10, 1
1 17 60: 1434, 10, 1
1 17 61: 1434, 10, 1
1 17 62: 1434, 10, 1
1 17 63: 1434, 10, 1
1 18 7: 1434, 10, 1
1 18 8: 1434, 10, 1
1 18 9: 1434, 10, 1
1 18 10: 1434, 10, 1
1 18 11: 1434, 10, 1
1 18 12: 1434, 10, 1
1 18 13: 1434, 10, 1
1 18 14: 1434, 10, 1
1 18 15: 1434, 10, 1
1 18 16: 1434, 10, 1
1 18 17: 1428, 1, 1
1 18 18: 1428, 9, 1
1 18 24: 1455, 4, 2
1 18 29: 1428, 9, 2
1 18 30: 1428, 0, 2
1 18 31: 1428, 9, 1
1 18 54: 1454, 4, 2
1 18 55: 1428, 9, 3
1 18 55: 1454, 7, 3
1 18 56: 1428, 1, 3
1 18 57: 1434, 10, 1
1 18 58: 1434, 10, 1
1 18 59: 1434, 10, 1
1 18 60: 1434, 10, 1
1 18 61: 1434, 10, 1
1 18 62: 1434, 10, 1
1 18 63: 1434, 10, 1
1 19 7: 1434, 10, 1
1 19 8: 1434, 10, 1
1 19 9: 1434, 10, 1
1 19 10: 1434, 10, 1
1 19 11: 1434, 10, 1
1 19 12: 1434, 10, 1
1 19 13: 1434, 10, 1
1 19 14: 1434, 10, 1
1 19 15: 1434, 10, 1
1 19 16: 1434, 10, 1
1 19 17: 1428, 0, 1
1 19 23: 1428, 9, 3
1 19 24: 1428, 0, 0
1 19 25: 1428, 9, 0
1 19 53: 1428, 9, 3
1 19 53: 1452, 7, 3
1 19 54: 1428, 0, 0
1 19 55: 1428, 1, 3
1 19 56: 1434, 10, 1
1 19 57: 1434, 10, 1
1 19 58: 1434, 10, 1
1 19 59: 1434, 10, 1
1 19 60: 1434, 10, 1
1 19 61: 1434, 10, 1
1 19 62: 1434, 10, 1
1 19 63: 1434, 10, 1
1 20 6: 1434, 10, 1
1 20 7: 1434, 10, 1
1 20 8: 1434, 10, 1
1 20 9: 1434, 10, 1
1 20 10: 1434, 10, 1
1 20 11: 1434, 10, 1
1 20 12: 1434, 10, 1
1 20 13: 1434, 10, 1
1 20 14: 1434, 10, 1
1 20 15: 1428, 1, 1
1 20 16: 1428, 0, 2
1 20 17: 1428, 9, 1
1 20 22: 1453, 4, 1
1 20 23: 1428, 0, 3
1 20 24: 1434, 10, 1
1 20 25: 1428, 0, 1
1 20 52: 1454, 4, 1
1 20 53: 1428, 0, 3
1 20 54: 1434, 10, 1
1 20 55: 1434, 10, 1
1 20 56: 1434, 10, 1
1 20 57: 1434, 10, 1
1 20 58: 1434, 10, 1
1 20 59: 1434, 10, 1
1 20 60: 1434, 10, 1
1 20 61: 1434, 10, 1
1 20 62: 1434, 10, 1
1 20 63: 1434, 10, 1
1 21 6: 1434, 10, 1
1 21 7: 1434, 10, 1
1 21 8: 1434, 10, 1
1 21 9: 1434, 10, 1
1 21 10: 1434, 10, 1
1 21 11: 1434, 10, 1
1 21 12: 1434, 10, 1
1 21 13: 1434, 10, 1
1 21 14: 1428, 1, 1
1 21 15: 1428, 9, 1
1 21 23: 1428, 9, 2
1 21 24: 1428, 1, 2
1 21 25: 1428, 1, 0
1 21 26: 1428, 9, 0
1 21 27: 1454, 4, 2
1 21 31: 1455, 4, 2
1 21 53: 1428, 9, 2
1 21 54: 1428, 1, 2
1 21 55: 1434, 10, 1
1 21 56: 1434, 10, 1
1 21 57: 1434, 10, 1
1 21 58: 1434, 10, 1
1 21 59: 1434, 10, 1
1 21 60: 1434, 10, 1
1 21 61: 1434, 10, 1
1 21 62: 1434, 10, 1
1 22 5: 1434, 10, 1
1 22 6: 1434, 10, 1
1 22 7: 1434, 10, 1
1 22 8: 1434, 10, 1
1 22 9: 1434, 10, 1
1 22 10: 1434, 10, 1
1 22 11: 1434, 10, 1
1 22 12: 1434, 10, 1
1 22 13: 1434, 10, 1
1 22 14: 1428, 0, 1
1 22 23: 1453, 4, 1
1 22 24: 1428, 0, 3
1 22 25: 1434, 10, 1
1 22 26: 1428, 1, 0
1 22 27: 1428, 0, 0
1 22 28: 1428, 9, 0
1 22 29: 1454, 4, 2
1 22 30: 1428, 9, 3
1 22 30: 1454, 7, 3
1 22 31: 1428, 0, 0
1 22 32: 1428, 9, 0
1 22 33: 1455, 4, 2
1 22 53: 1452, 4, 1
1 22 54: 1428, 0, 3
1 22 55: 1434, 10, 1
1 22 56: 1434, 10, 1
1 22 57: 1434, 10, 1
1 22 58: 1434, 10, 1
1 22 59: 1434, 10, 1
1 22 60: 1434, 10, 1
1 22 61: 1434, 10, 1
1 22 62: 1434, 10, 1
1 23 4: 1434, 10, 1
1 23 5: 1434, 10, 1
1 23 6: 1434, 10, 1
1 23 7: 1434, 10, 1
1 23 8: 1434, 10, 1
1 23 9: 1434, 10, 1
1 23 10: 1434, 10, 1
1 23 11: 1434, 10, 1
1 23 12: 1428, 1, 1
1 23 13: 1428, 0, 2
1 23 14: 1428, 9, 1
1 23 23: 1428, 9, 3
1 23 23: 1452, 7, 3
1 23 24: 1428, 1, 3
1 23 25: 1434, 10, 1
1 23 26: 1434, 10, 1
1 23 27: 1434, 10, 1
1 23 28: 1428, 1, 0
1 23 29: 1428, 0, 0
1 23 30: 1428, 1, 3
1 23 31: 1434, 10, 1
1 23 32: 1428, 1, 0
1 23 33: 1428, 0, 0
1 23 34: 1428, 9, 0
1 23 35: 1455, 4, 2
1 23 39: 1452, 4, 2
1 23 47: 1454, 4, 2
1 23 54: 1428, 9, 2
1 23 55: 1428, 1, 2
1 23 56: 1434, 10, 1
1 23 57: 1434, 10, 1
1 23 58: 1434, 10, 1
1 23 59: 1434, 10, 1
1 23 60: 1434, 10, 1
1 23 61: 1434, 10, 1
1 24 4: 1434, 10, 1
1 24 5: 1434, 10, 1
1 24 6: 1434, 10, 1
1 24 7: 1434, 10, 1
1 24 8: 1434, 10, 1
1 24 9: 1434, 10, 1
1 24 10: 1434, 10, 1
1 24 11: 1428, 1, 1
1 24 12: 1428, 9, 1
1 24 22: 1452, 4, 1
1 24 23: 1428, 0, 3
1 24 24: 1434, 10, 1
1 24 25: 1434, 10, 1
1 24 26: 1434, 10, 1
1 24 27: 1434, 10, 1
1 24 28: 1434, 10, 1
1 24 29: 1434, 10, 1
1 24 30: 1434, 10, 1
1 24 31: 1434, 10, 1
1 24 32: 1434, 10, 1
1 24 33: 1434, 10, 1
1 24 34: 1428, 1, 0
1 24 35: 1428, 0, 0
1 24 36: 1428, 9, 0
1 24 37: 1452, 4, 2
1 24 38: 1428, 9, 3
1 24 38: 1452, 7, 3
1 24 39: 1428, 0, 0
1 24 40: 1428, 9, 0
1 24 40: 1454, 7, 0
1 24 41: 1454, 4, 2
1 24 45: 1452, 4, 2
1 24 46: 1428, 9, 3
1 24 46: 1453, 7, 3
1 24 47: 1428, 0, 0
1 24 48: 1428, 9, 0
1 24 49: 1455, 4, 2
1 24 54: 1454, 4, 1
1 24 55: 1428, 0, 3
1 24 56: 1434, 10, 1
1 24 57: 1434, 10, 1
1 24 58: 1434, 10, 1
1 24 59: 1434, 10, 1
1 24 60: 1434, 10, 1
1 24 61: 1434, 10, 1
1 25 3: 1434, 10, 1
1 25 4: 1434, 10, 1
1 25 5: 1434, 10, 1
1 25 6: 1434, 10, 1
1 25 7: 1434, 10, 1
1 25 8: 1434, 10, 1
1 25 9: 1434, 10, 1
1 25 10: 1434, 10, 1
1 25 11: 1428, 0, 1
1 25 21: 1455, 4, 2
1 25 22: 1428, 9, 3
1 25 22: 1452, 7, 3
1 25 23: 1428, 1, 3
1 25 24: 1434, 10, 1
1 25 25: 1434, 10, 1
1 25 26: 1434, 10, 1
1 25 27: 1434, 10, 1
1 25 28: 1434, 10, 1
1 25 29: 1434, 10, 1
1 25 30: 1434, 10, 1
1 25 31: 1434, 10, 1
1 25 32: 1434, 10, 1
1 25 33: 1434, 10, 1
1 25 34: 1434, 10, 1
1 25 35: 1434, 10, 1
1 25 36: 1428, 1, 0
1 25 37: 1428, 0, 0
1 25 38: 1428, 1, 3
1 25 39: 1434, 10, 1
1 25 40: 1428, 1, 0
1 25 41: 1428, 0, 0
1 25 42: 1428, 9, 0
1 25 42: 1452, 7, 0
1 25 43: 1454, 4, 2
1 25 44: 1428, 9, 3
1 25 44: 1454, 7, 3
1 25 45: 1428, 0, 0
1 25 46: 1428, 1, 3
1 25 47: 1434, 10, 1
1 25 48: 1428, 1, 0
1 25 49: 1428, 0, 0
1 25 50: 1428, 9, 0
1 25 53: 1454, 4, 2
1 25 54: 1428, 9, 3
1 25 54: 1455, 7, 3
1 25 55: 1428, 1, 3
1 25 56: 1434, 10, 1
1 25 57: 1434, 10, 1
1 25 58: 1434, 10, 1
1 25 59: 1434, 10, 1
1 25 60: 1434, 10, 1
1 26 3: 1434, 10, 1
1 26 4: 1434, 10, 1
1 26 5: 1434, 10, 1
1 26 6: 1434, 10, 1
1 26 7: 1434, 10, 1
1 26 8: 1434, 10, 1
1 26 9: 1428, 1, 1
1 26 10: 1428, 0, 2
1 26 11: 1428, 9, 1
1 26 20: 1428, 9, 3
1 26 20: 1452, 7, 3
1 26 21: 1428, 0, 0
1 26 22: 1428, 1, 3
1 26 23: 1434, 10, 1
1 26 24: 1434, 10, 1
1 26 25: 1434, 10, 1
1 26 26: 1434, 10, 1
1 26 27: 1434, 10, 1
1 26 28: 1434, 10, 1
1 26 29: 1434, 10, 1
1 26 30: 1434, 10, 1
1 26 31: 1434, 10, 1
1 26 32: 1434, 10, 1
1 26 33: 1434, 10, 1
1 26 34: 1434, 10, 1
1 26 35: 1434, 10, 1
1 26 36: 1434, 10, 1
1 26 37: 1434, 10, 1
1 26 38: 1434, 10, 1
1 26 39: 1434, 10, 1
1 26 40: 1434, 10, 1
1 26 41: 1434, 10, 1
1 26 42: 1428, 1, 0
1 26 43: 1428, 0, 0
1 26 44: 1428, 1, 3
1 26 45: 1434, 10, 1
1 26 46: 1434, 10, 1
1 26 47: 1434, 10, 1
1 26 48: 1434, 10, 1
1 26 49: 1434, 10, 1
1 26 50: 1428, 1, 0
1 26 51: 1428, 9, 0
1 26 52: 1428, 9, 3
1 26 52: 1455, 7, 3
1 26 53: 1428, 0, 0
1 26 54: 1428, 1, 3
1 26 55: 1434, 10, 1
1 26 56: 1434, 10, 1
1 26 57: 1434, 10, 1
1 26 58: 1434, 10, 1
1 26 59: 1434, 10, 1
1 26 60: 1434, 10, 1
1 27 3: 1434, 10, 1
1 27 4: 1434, 10, 1
1 27 5: 1434, 10, 1
1 27 6: 1434, 10, 1
1 27 7: 1434, 10, 1
1 27 8: 1428, 1, 1
1 27 9: 1428, 9, 1
1 27 19: 1455, 4, 1
1 27 20: 1428, 0, 3
1 27 21: 1434, 10, 1
1 27 22: 1434, 10, 1
1 27 23: 1434, 10, 1
1 27 24: 1434, 10, 1
1 27 25: 1434, 10, 1
1 27 26: 1434, 10, 1
1 27 27: 1434, 10, 1
1 27 28: 1434, 10, 1
1 27 29: 1434, 10, 1
1 27 30: 1434, 10, 1
1 27 31: 1434, 10, 1
1 27 32: 1434, 10, 1
1 27 33: 1434, 10, 1
1 27 34: 1434, 10, 1
1 27 35: 1434, 10, 1
1 27 36: 1434, 10, 1
1 27 37: 1434, 10, 1
1 27 38: 1434, 10, 1
1 27 39: 1434, 10, 1
1 27 40: 1428, 1, 1
1 27 41: 1428, 0, 2
1 27 42: 1428, 1, 2
1 27 43: 1434, 10, 1
1 27 44: 1434, 10, 1
1 27 45: 1434, 10, 1
1 27 46: 1434, 10, 1
1 27 47: 1434, 10, 1
1 27 48: 1434, 10, 1
1 27 49: 1434, 10, 1
1 27 50: 1434, 10, 1
1 27 51: 1428, 1, 0
1 27 52: 1428, 1, 3
1 27 53: 1434, 10, 1
1 27 54: 1434, 10, 1
1 27 55: 1434, 10, 1
1 27 56: 1434, 10, 1
1 27 57: 1434, 10, 1
1 27 58: 1434, 10, 1
1 27 59: 1434, 10, 1
1 27 60: 1434, 10, 1
1 28 3: 1434, 10, 1
1 28 4: 1434, 10, 1
1 28 5: 1434, 10, 1
1 28 6: 1434, 10, 1
1 28 7: 1434, 10, 1
1 28 8: 1428, 0, 1
1 28 19: 1428, 9, 3
1 28 19: 1455, 7, 3
1 28 20: 1428, 1, 3
1 28 21: 1434, 10, 1
1 28 22: 1434, 10, 1
1 28 23: 1434, 10, 1
1 28 24: 1434, 10, 1
1 28 25: 1434, 10, 1
1 28 26: 1434, 10, 1
1 28 27: 1434, 10, 1
1 28 28: 1434, 10, 1
1 28 29: 1434, 10, 1
1 28 30: 1434, 10, 1
1 28 31: 1434, 10, 1
1 28 32: 1434, 10, 1
1 28 33: 1434, 10, 1
1 28 34: 1434, 10, 1
1 28 35: 1434, 10, 1
1 28 36: 1434, 10, 1
1 28 37: 1434, 10, 1
1 28 38: 1434, 10, 1
1 28 39: 1428, 1, 1
1 28 40: 1428, 9, 1
1 28 42: 1428, 9, 2
1 28 43: 1428, 0, 2
1 28 44: 1428, 1, 2
1 28 45: 1434, 10, 1
1 28 46: 1434, 10, 1
1 28 47: 1434, 10, 1
1 28 48: 1434, 10, 1
1 28 49: 1434, 10, 1
1 28 50: 1428, 1, 1
1 28 51: 1428, 0, 2
1 28 52: 1428, 1, 2
1 28 53: 1434, 10, 1
1 28 54: 1434, 10, 1
1 28 55: 1434, 10, 1
1 28 56: 1434, 10, 1
1 28 57: 1434, 10, 1
1 28 58: 1434, 10, 1
1 28 59: 1434, 10, 1
1 28 60: 1434, 10, 1
1 29 2: 1434, 10, 1
1 29 3: 1434, 10, 1
1 29 4: 1434, 10, 1
1 29 5: 1434, 10, 1
1 29 6: 1434, 10, 1
1 29 7: 1428, 1, 1
1 29 8: 1428, 9, 1
1 29 18: 1454, 4, 1
1 29 19: 1428, 0, 3
1 29 20: 1434, 10, 1
1 29 21: 1434, 10, 1
1 29 22: 1434, 10, 1
1 29 23: 1434, 10, 1
1 29 24: 1434, 10, 1
1 29 25: 1434, 10, 1
1 29 26: 1434, 10, 1
1 29 27: 1434, 10, 1
1 29 28: 1434, 10, 1
1 29 29: 1434, 10, 1
1 29 30: 1434, 10, 1
1 29 31: 1434, 10, 1
1 29 32: 1434, 10, 1
1 29 33: 1434, 10, 1
1 29 34: 1434, 10, 1
1 29 35: 1434, 10, 1
1 29 36: 1434, 10, 1
1 29 37: 1434, 10, 1
1 29 38: 1434, 10, 1
1 29 39: 1428, 0, 1
1 29 44: 1428, 9, 2
1 29 45: 1428, 0, 2
1 29 46: 1428, 1, 2
1 29 47: 1434, 10, 1
1 29 48: 1428, 1, 1
1 29 49: 1428, 0, 2
1 29 50: 1428, 9, 1
1 29 52: 1428, 9, 2
1 29 53: 1428, 1, 2
1 29 54: 1434, 10, 1
1 29 55: 1434, 10, 1
1 29 56: 1434, 10, 1
1 29 57: 1434, 10, 1
1 29 58: 1434, 10, 1
1 29 59: 1434, 10, 1
1 29 60: 1434, 10, 1
1 30 2: 1434, 10, 1
1 30 3: 1434, 10, 1
1 30 4: 1434, 10, 1
1 30 5: 1434, 10, 1
1 30 6: 1434, 10, 1
1 30 7: 1428, 0, 1
1 30 18: 1428, 9, 3
1 30 18: 1454, 7, 3
1 30 19: 1428, 1, 3
1 30 20: 1434, 10, 1
1 30 21: 1434, 10, 1
1 30 22: 1434, 10, 1
1 30 23: 1434, 10, 1
1 30 24: 1434, 10, 1
1 30 25: 1434, 10, 1
1 30 26: 1434, 10, 1
1 30 27: 1434, 10, 1
1 30 28: 1434, 10, 1
1 30 29: 1434, 10, 1
1 30 30: 1434, 10, 1
1 30 31: 1434, 10, 1
1 30 32: 1434, 10, 1
1 30 33: 1434, 10, 1
1 30 34: 1434, 10, 1
1 30 35: 1434, 10, 1
1 30 36: 1434, 10, 1
1 30 37: 1434, 10, 1
1 30 38: 1434, 10, 1
1 30 39: 1428, 1, 0
1 30 40: 1428, 9, 0
1 30 46: 1428, 9, 2
1 30 47: 1428, 0, 2
1 30 48: 1428, 9, 1
1 30 52: 1454, 4, 1
1 30 53: 1428, 0, 3
1 30 54: 1434, 10, 1
1 30 55: 1434, 10, 1
1 30 56: 1434, 10, 1
1 30 57: 1434, 10, 1
1 30 58: 1434, 10, 1
1 30 59: 1434, 10, 1
1 30 60: 1434, 10, 1
1 31 2: 1434, 10, 1
1 31 3: 1434, 10, 1
1 31 4: 1434, 10, 1
1 31 5: 1434, 10, 1
1 31 6: 1428, 1, 1
1 31 7: 1428, 9, 1
1 31 17: 1454, 4, 1
1 31 18: 1428, 0, 3
1 31 19: 1434, 10, 1
1 31 20: 1434, 10, 1
1 31 21: 1434, 10, 1
1 31 22: 1434, 10, 1
1 31 23: 1434, 10, 1
1 31 24: 1434, 10, 1
1 31 25: 1434, 10, 1
1 31 26: 1434, 10, 1
1 31 27: 1434, 10, 1
1 31 28: 1434, 10, 1
1 31 29: 1434, 10, 1
1 31 30: 1434, 10, 1
1 31 31: 1434, 10, 1
1 31 32: 1434, 10, 1
1 31 33: 1434, 10, 1
1 31 34: 1434, 10, 1
1 31 35: 1434, 10, 1
1 31 36: 1428, 1, 1
1 31 37: 1428, 0, 2
1 31 38: 1428, 1, 2
1 31 39: 1434, 10, 1
1 31 40: 1428, 0, 1
1 31 51: 1452, 4, 2
1 31 52: 1428, 9, 3
1 31 52: 1452, 7, 3
1 31 53: 1428, 1, 3
1 31 54: 1434, 10, 1
1 31 55: 1434, 10, 1
1 31 56: 1434, 10, 1
1 31 57: 1434, 10, 1
1 31 58: 1434, 10, 1
1 31 59: 1434, 10, 1
1 31 60: 1434, 10, 1
1 32 2: 1434, 10, 1
1 32 3: 1434, 10, 1
1 32 4: 1434, 10, 1
1 32 5: 1434, 10, 1
1 32 6: 1428, 0, 1
1 32 16: 1452, 4, 2
1 32 17: 1428, 9, 3
1 32 17: 1455, 7, 3
1 32 18: 1428, 1, 3
1 32 19: 1434, 10, 1
1 32 20: 1434, 10, 1
1 32 21: 1434, 10, 1
1 32 22: 1434, 10, 1
1 32 23: 1434, 10, 1
1 32 24: 1434, 10, 1
1 32 25: 1434, 10, 1
1 32 26: 1434, 10, 1
1 32 27: 1434, 10, 1
1 32 28: 1434, 10, 1
1 32 29: 1434, 10, 1
1 32 30: 1434, 10, 1
1 32 31: 1434, 10, 1
1 32 32: 1434, 10, 1
1 32 33: 1434, 10, 1
1 32 34: 1428, 1, 1
1 32 35: 1428, 0, 2
1 32 36: 1428, 9, 1
1 32 38: 1428, 9, 2
1 32 39: 1428, 0, 2
1 32 40: 1428, 9, 1
1 32 50: 1428, 9, 3
1 32 50: 1452, 7, 3
1 32 51: 1428, 0, 0
1 32 52: 1428, 1, 3
1 32 53: 1434, 10, 1
1 32 54: 1434, 10, 1
1 32 55: 1434, 10, 1
1 32 56: 1434, 10, 1
1 32 57: 1434, 10, 1
1 32 58: 1434, 10, 1
1 32 59: 1434, 10, 1
1 32 60: 1434, 10, 1
1 33 2: 1434, 10, 1
1 33 3: 1434, 10, 1
1 33 4: 1434, 10, 1
1 33 5: 1428, 1, 1
1 33 6: 1428, 9, 1
1 33 14: 1452, 4, 2
1 33 15: 1428, 9, 3
1 33 15: 1452, 7, 3
1 33 16: 1428, 0, 0
1 33 17: 1428, 1, 3
1 33 18: 1434, 10, 1
1 33 19: 1434, 10, 1
1 33 20: 1434, 10, 1
1 33 21: 1434, 10, 1
1 33 22: 1434, 10, 1
1 33 23: 1434, 10, 1
1 33 24: 1434, 10, 1
1 33 25: 1434, 10, 1
1 33 26: 1434, 10, 1
1 33 27: 1434, 10, 1
1 33 28: 1434, 10, 1
1 33 29: 1434, 10, 1
1 33 30: 1434, 10, 1
1 33 31: 1434, 10, 1
1 33 32: 1428, 1, 1
1 33 33: 1428, 0, 2
1 33 34: 1428, 9, 1
1 33 49: 1455, 4, 1
1 33 50: 1428, 0, 3
1 33 51: 1434, 10, 1
1 33 52: 1434, 10, 1
1 33 53: 1434, 10, 1
1 33 54: 1434, 10, 1
1 33 55: 1434, 10, 1
1 33 56: 1434, 10, 1
1 33 57: 1434, 10, 1
1 33 58: 1434, 10, 1
1 33 59: 1434, 10, 1
1 33 60: 1434, 10, 1
1 34 1: 1434, 10, 1
1 34 2: 1434, 10, 1
1 34 3: 1434, 10, 1
1 34 4: 1434, 10, 1
1 34 5: 1428, 0, 1
1 34 13: 1428, 9, 3
1 34 13: 1454, 7, 3
1 34 14: 1428, 0, 0
1 34 15: 1428, 1, 3
1 34 16: 1434, 10, 1
1 34 17: 1434, 10, 1
1 34 18: 1434, 10, 1
1 34 19: 1434, 10, 1
1 34 20: 1434, 10, 1
1 34 21: 1434, 10, 1
1 34 22: 1434, 10, 1
1 34 23: 1434, 10, 1
1 34 24: 1434, 10, 1
1 34 25: 1434, 10, 1
1 34 26: 1434, 10, 1
1 34 27: 1434, 10, 1
1 34 28: 1434, 10, 1
1 34 29: 1434, 10, 1
1 34 30: 1428, 1, 1
1 34 31: 1428, 0, 2
1 34 32: 1428, 9, 1
1 34 49: 1428, 9, 3
1 34 50: 1428, 1, 3
1 34 51: 1434, 10, 1
1 34 52: 1434, 10, 1
1 34 53: 1434, 10, 1
1 34 54: 1434, 10, 1
1 34 55: 1434, 10, 1
1 34 56: 1434, 10, 1
1 34 57: 1434, 10, 1
1 34 58: 1434, 10, 1
1 34 59: 1434, 10, 1
1 34 60: 1434, 10, 1
1 35 1: 1434, 10, 1
1 35 2: 1434, 10, 1
1 35 3: 1434, 10, 1
1 35 4: 1434, 10, 1
1 35 5: 1428, 1, 0
1 35 6: 1428, 9, 0
1 35 13: 1428, 0, 3
1 35 14: 1434, 10, 1
1 35 15: 1434, 10, 1
1 35 16: 1434, 10, 1
1 35 17: 1434, 10, 1
1 35 18: 1434, 10, 1
1 35 19: 1434, 10, 1
1 35 20: 1434, 10, 1
1 35 21: 1434, 10, 1
1 35 22: 1434, 10, 1
1 35 23: 1434, 10, 1
1 35 24: 1434, 10, 1
1 35 25: 1434, 10, 1
1 35 26: 1434, 10, 1
1 35 27: 1434, 10, 1
1 35 28: 1428, 1, 1
1 35 29: 1428, 0, 2
1 35 30: 1428, 9, 1
1 35 48: 1455, 4, 1
1 35 49: 1428, 0, 3
1 35 50: 1434, 10, 1
1 35 51: 1434, 10, 1
1 35 52: 1434, 10, 1
1 35 53: 1434, 10, 1
1 35 54: 1434, 10, 1
1 35 55: 1434, 10, 1
1 35 56: 1434, 10, 1
1 35 57: 1434, 10, 1
1 35 58: 1434, 10, 1
1 35 59: 1434, 10, 1
1 35 60: 1434, 10, 1
1 35 61: 1434, 10, 1
1 36 2: 1434, 10, 1
1 36 3: 1434, 10, 1
1 36 4: 1434, 10, 1
1 36 5: 1434, 10, 1
1 36 6: 1428, 0, 1
1 36 7: 1453, 4, 3
1 36 11: 1452, 4, 2
1 36 12: 1428, 9, 3
1 36 12: 1453, 7, 3
1 36 13: 1428, 1, 3
1 36 14: 1434, 10, 1
1 36 15: 1434, 10, 1
1 36 16: 1434, 10, 1
1 36 17: 1434, 10, 1
1 36 18: 1434, 10, 1
1 36 19: 1434, 10, 1
1 36 20: 1434, 10, 1
1 36 21: 1434, 10, 1
1 36 22: 1434, 10, 1
1 36 23: 1434, 10, 1
1 36 24: 1434, 10, 1
1 36 25: 1434, 10, 1
1 36 26: 1428, 1, 1
1 36 27: 1428, 0, 2
1 36 28: 1428, 9, 1
1 36 49: 1428, 9, 2
1 36 50: 1428, 0, 2
1 36 51: 1428, 1, 2
1 36 52: 1434, 10, 1
1 36 53: 1434, 10, 1
1 36 54: 1434, 10, 1
1 36 55: 1434, 10, 1
1 36 56: 1434, 10, 1
1 36 57: 1434, 10, 1
1 36 58: 1434, 10, 1
1 36 59: 1434, 10, 1
1 36 60: 1434, 10, 1
1 36 61: 1434, 10, 1
1 37 2: 1434, 10, 1
1 37 3: 1434, 10, 1
1 37 4: 1434, 10, 1
1 37 5: 1434, 10, 1
1 37 6: 1428, 1, 0
1 37 7: 1428, 9, 0
1 37 7: 1454, 7, 0
1 37 9: 1428, 9, 3
1 37 10: 1428, 0, 0
1 37 11: 1428, 0, 0
1 37 12: 1428, 1, 3
1 37 13: 1434, 10, 1
1 37 14: 1434, 10, 1
1 37 15: 1434, 10, 1
1 37 16: 1434, 10, 1
1 37 17: 1434, 10, 1
1 37 18: 1434, 10, 1
1 37 19: 1434, 10, 1
1 37 20: 1434, 10, 1
1 37 21: 1434, 10, 1
1 37 22: 1434, 10, 1
1 37 23: 1434, 10, 1
1 37 24: 1434, 10, 1
1 37 25: 1428, 1, 1
1 37 26: 1428, 9, 1
1 37 36: 1455, 4, 2
1 37 37: 1428, 9, 3
1 37 37: 1452, 7, 3
1 37 38: 1428, 0, 0
1 37 39: 1428, 9, 0
1 37 40: 1452, 4, 2
1 37 41: 1428, 9, 3
1 37 41: 1454, 7, 3
1 37 42: 1428, 0, 0
1 37 43: 1428, 9, 0
1 37 51: 1428, 9, 2
1 37 52: 1428, 1, 2
1 37 53: 1434, 10, 1
1 37 54: 1434, 10, 1
1 37 55: 1434, 10, 1
1 37 56: 1434, 10, 1
1 37 57: 1434, 10, 1
1 37 58: 1434, 10, 1
1 37 59: 1434, 10, 1
1 37 60: 1434, 10, 1
1 37 61: 1434, 10, 1
1 38 2: 1434, 10, 1
1 38 3: 1434, 10, 1
1 38 4: 1434, 10, 1
1 38 5: 1434, 10, 1
1 38 6: 1434, 10, 0
1 38 7: 1428, 1, 0
1 38 8: 1428, 0, 0
1 38 9: 1428, 1, 3
1 38 10: 1434, 10, 1
1 38 11: 1434, 10, 1
1 38 12: 1434, 10, 1
1 38 13: 1434, 10, 1
1 38 14: 1434, 10, 1
1 38 15: 1434, 10, 1
1 38 16: 1434, 10, 1
1 38 17: 1434, 10, 1
1 38 18: 1434, 10, 1
1 38 19: 1434, 10, 1
1 38 20: 1434, 10, 1
1 38 21: 1434, 10, 1
1 38 22: 1434, 10, 1
1 38 23: 1434, 10, 1
1 38 24: 1434, 10, 1
1 38 25: 1428, 0, 1
1 38 35: 1428, 9, 3
1 38 35: 1454, 7, 3
1 38 36: 1428, 0, 0
1 38 37: 1428, 1, 3
1 38 38: 1434, 10, 1
1 38 39: 1428, 1, 0
1 38 40: 1428, 0, 0
1 38 41: 1428, 1, 3
1 38 42: 1434, 10, 1
1 38 43: 1428, 0, 1
1 38 51: 1452, 4, 1
1 38 52: 1428, 0, 3
1 38 53: 1434, 10, 1
1 38 54: 1434, 10, 1
1 38 55: 1434, 10, 1
1 38 56: 1434, 10, 1
1 38 57: 1434, 10, 1
1 38 58: 1434, 10, 1
1 38 59: 1434, 10, 1
1 38 60: 1434, 10, 1
1 38 61: 1434, 10, 1
1 38 62: 1434, 10, 1
1 39 3: 1434, 10, 1
1 39 4: 1434, 10, 1
1 39 5: 1434, 10, 1
1 39 6: 1434, 10, 1
1 39 7: 1434, 10, 1
1 39 8: 1434, 10, 1
1 39 9: 1434, 10, 1
1 39 10: 1434, 10, 1
1 39 11: 1434, 10, 1
1 39 12: 1434, 10, 1
1 39 13: 1434, 10, 1
1 39 14: 1434, 10, 1
1 39 15: 1434, 10, 1
1 39 16: 1434, 10, 1
1 39 17: 1434, 10, 1
1 39 18: 1434, 10, 1
1 39 19: 1434, 10, 1
1 39 20: 1434, 10, 1
1 39 21: 1434, 10, 1
1 39 22: 1434, 10, 1
1 39 23: 1434, 10, 1
1 39 24: 1428, 1, 1
1 39 25: 1428, 9, 1
1 39 35: 1428, 0, 3
1 39 36: 1434, 10, 1
1 39 37: 1434, 10, 1
1 39 38: 1434, 10, 1
1 39 39: 1434, 10, 1
1 39 40: 1434, 10, 1
1 39 41: 1434, 10, 1
1 39 42: 1428, 1, 1
1 39 43: 1428, 9, 1
1 39 52: 1428, 9, 2
1 39 53: 1428, 0, 2
1 39 54: 1428, 1, 2
1 39 55: 1434, 10, 1
1 39 56: 1434, 10, 1
1 39 57: 1434, 10, 1
1 39 58: 1434, 10, 1
1 39 59: 1434, 10, 1
1 39 60: 1434, 10, 1
1 39 61: 1434, 10, 1
1 39 62: 1434, 10, 1
1 40 3: 1434, 10, 1
1 40 4: 1434, 10, 1
1 40 5: 1434, 10, 1
1 40 6: 1434, 10, 1
1 40 7: 1434, 10, 1
1 40 8: 1434, 10, 1
1 40 9: 1434, 10, 1
1 40 10: 1434, 10, 1
1 40 11: 1434, 10, 1
1 40 12: 1434, 10, 1
1 40 13: 1434, 10, 1
1 40 14: 1434, 10, 1
1 40 15: 1434, 10, 1
1 40 16: 1434, 10, 1
1 40 17: 1434, 10, 1
1 40 18: 1434, 10, 1
1 40 19: 1434, 10, 1
1 40 20: 1434, 10, 1
1 40 21: 1434, 10, 1
1 40 22: 1434, 10, 1
1 40 23: 1428, 1, 1
1 40 24: 1428, 9, 1
1 40 33: 1454, 4, 2
1 40 34: 1428, 9, 3
1 40 34: 1455, 7, 3
1 40 35: 1428, 1, 3
1 40 36: 1434, 10, 1
1 40 37: 1434, 10, 1
1 40 38: 1434, 10, 1
1 40 39: 1434, 10, 1
1 40 40: 1434, 10, 1
1 40 41: 1434, 10, 1
1 40 42: 1428, 0, 1
1 40 54: 1428, 9, 2
1 40 55: 1428, 1, 2
1 40 56: 1434, 10, 1
1 40 57: 1434, 10, 1
1 40 58: 1434, 10, 1
1 40 59: 1434, 10, 1
1 40 60: 1434, 10, 1
1 40 61: 1434, 10, 1
1 40 62: 1434, 10, 1
1 41 4: 1434, 10, 1
1 41 5: 1434, 10, 1
1 41 6: 1434, 10, 1
1 41 7: 1434, 10, 1
1 41 8: 1434, 10, 1
1 41 9: 1434, 10, 1
1 41 10: 1434, 10, 1
1 41 11: 1434, 10, 1
1 41 12: 1434, 10, 1
1 41 13: 1434, 10, 1
1 41 14: 1434, 10, 1
1 41 15: 1434, 10, 1
1 41 16: 1434, 10, 1
1 41 17: 1434, 10, 1
1 41 18: 1434, 10, 1
1 41 19: 1434, 10, 1
1 41 20: 1434, 10, 1
1 41 21: 1434, 10, 1
1 41 22: 1428, 1, 1
1 41 23: 1428, 9, 1
1 41 31: 1453, 4, 2
1 41 32: 1428, 9, 3
1 41 32: 1454, 7, 3
1 41 33: 1428, 0, 0
1 41 34: 1428, 1, 3
1 41 35: 1434, 10, 1
1 41 36: 1434, 10, 1
1 41 37: 1434, 10, 1
1 41 38: 1434, 10, 1
1 41 39: 1434, 10, 1
1 41 40: 1434, 10, 1
1 41 41: 1428, 1, 1
1 41 42: 1428, 9, 1
1 41 54: 1452, 4, 1
1 41 55: 1428, 0, 3
1 41 56: 1434, 10, 1
1 41 57: 1434, 10, 1
1 41 58: 1434, 10, 1
1 41 59: 1434, 10, 1
1 41 60: 1434, 10, 1
1 41 61: 1434, 10, 1
1 41 62: 1434, 10, 1
1 41 63: 1434, 10, 1
1 42 4: 1434, 10, 1
1 42 5: 1434, 10, 1
1 42 6: 1434, 10, 1
1 42 7: 1434, 10, 1
1 42 8: 1434, 10, 1
1 42 9: 1434, 10, 1
1 42 10: 1434, 10, 1
1 42 11: 1434, 10, 1
1 42 12: 1434, 10, 1
1 42 13: 1434, 10, 1
1 42 14: 1434, 10, 1
1 42 15: 1434, 10, 1
1 42 16: 1434, 10, 1
1 42 17: 1434, 10, 1
1 42 18: 1434, 10, 1
1 42 19: 1434, 10, 1
1 42 20: 1434, 10, 1
1 42 21: 1434, 10, 1
1 42 22: 1428, 0, 1
1 42 29: 1452, 4, 2
1 42 30: 1428, 9, 3
1 42 30: 1452, 7, 3
1 42 31: 1428, 0, 0
1 42 32: 1428, 1, 3
1 42 33: 1434, 10, 1
1 42 34: 1434, 10, 1
1 42 35: 1434, 10, 1
1 42 36: 1434, 10, 1
1 42 37: 1434, 10, 1
1 42 38: 1434, 10, 1
1 42 39: 1434, 10, 1
1 42 40: 1434, 10, 1
1 42 41: 1428, 0, 1
1 42 55: 1428, 9, 2
1 42 56: 1428, 1, 2
1 42 57: 1434, 10, 1
1 42 58: 1434, 10, 1
1 42 59: 1434, 10, 1
1 42 60: 1434, 10, 1
1 42 61: 1434, 10, 1
1 42 62: 1434, 10, 1
1 42 63: 1434, 10, 1
1 43 5: 1434, 10, 1
1 43 6: 1434, 10, 1
1 43 7: 1434, 10, 1
1 43 8: 1434, 10, 1
1 43 9: 1434, 10, 1
1 43 10: 1434, 10, 1
1 43 11: 1434, 10, 1
1 43 12: 1434, 10, 1
1 43 13: 1434, 10, 1
1 43 14: 1434, 10, 1
1 43 15: 1434, 10, 1
1 43 16: 1434, 10, 1
1 43 17: 1434, 10, 1
1 43 18: 1434, 10, 1
1 43 19: 1434, 10, 1
1 43 20: 1434, 10, 1
1 43 21: 1428, 1, 1
1 43 22: 1428, 9, 1
1 43 28: 1428, 9, 3
1 43 29: 1428, 0, 0
1 43 30: 1428, 1, 3
1 43 31: 1434, 10, 1
1 43 32: 1434, 10, 1
1 43 33: 1434, 10, 1
1 43 34: 1434, 10, 1
1 43 35: 1434, 10, 1
1 43 36: 1434, 10, 1
1 43 37: 1434, 10, 1
1 43 38: 1434, 10, 1
1 43 39: 1434, 10, 1
1 43 40: 1428, 1, 1
1 43 41: 1428, 9, 1
1 43 48: 1452, 4, 2
1 43 55: 1452, 4, 1
1 43 56: 1428, 0, 3
1 43 57: 1434, 10, 1
1 43 58: 1434, 10, 1
1 43 59: 1434, 10, 1
1 43 60: 1434, 10, 1
1 43 61: 1434, 10, 1
1 43 62: 1434, 10, 1
1 43 63: 1434, 10, 1
1 44 7: 1434, 10, 1
1 44 8: 1434, 10, 1
1 44 9: 1434, 10, 1
1 44 10: 1434, 10, 1
1 44 11: 1434, 10, 1
1 44 12: 1434, 10, 1
1 44 13: 1434, 10, 1
1 44 14: 1434, 10, 1
1 44 15: 1434, 10, 1
1 44 16: 1434, 10, 1
1 44 17: 1434, 10, 1
1 44 18: 1434, 10, 1
1 44 19: 1434, 10, 1
1 44 20: 1434, 10, 1
1 44 21: 1428, 0, 1
1 44 26: 1428, 9, 3
1 44 26: 1453, 7, 3
1 44 27: 1428, 0, 0
1 44 28: 1428, 1, 3
1 44 29: 1434, 10, 1
1 44 30: 1434, 10, 1
1 44 31: 1434, 10, 1
1 44 32: 1434, 10, 1
1 44 33: 1434, 10, 1
1 44 34: 1434, 10, 1
1 44 35: 1434, 10, 1
1 44 36: 1434, 10, 1
1 44 37: 1434, 10, 1
1 44 38: 1434, 10, 1
1 44 39: 1434, 10, 1
1 44 40: 1428, 0, 1
1 44 47: 1428, 9, 3
1 44 48: 1428, 0, 0
1 44 49: 1428, 9, 0
1 44 56: 1428, 9, 2
1 44 57: 1428, 1, 2
1 44 58: 1434, 10, 1
1 44 59: 1434, 10, 1
1 44 60: 1434, 10, 1
1 44 61: 1434, 10, 1
1 44 62: 1434, 10, 1
1 44 63: 1434, 10, 1
1 45 10: 1434, 10, 1
1 45 11: 1434, 10, 1
1 45 12: 1434, 10, 1
1 45 13: 1434, 10, 1
1 45 14: 1434, 10, 1
1 45 15: 1434, 10, 1
1 45 16: 1434, 10, 1
1 45 17: 1434, 10, 1
1 45 18: 1434, 10, 1
1 45 19: 1434, 10, 1
1 45 20: 1428, 1, 1
1 45 21: 1428, 9, 1
1 45 25: 1455, 4, 1
1 45 26: 1428, 0, 3
1 45 27: 1434, 10, 1
1 45 28: 1434, 10, 1
1 45 29: 1434, 10, 1
1 45 30: 1434, 10, 1
1 45 31: 1434, 10, 1
1 45 32: 1434, 10, 1
1 45 33: 1434, 10, 1
1 45 34: 1434, 10, 1
1 45 35: 1434, 10, 1
1 45 36: 1434, 10, 1
1 45 37: 1434, 10, 1
1 45 38: 1434, 10, 1
1 45 39: 1434, 10, 1
1 45 40: 1428, 1, 0
1 45 41: 1428, 9, 0
1 45 46: 1452, 4, 1
1 45 47: 1428, 0, 3
1 45 48: 1434, 10, 1
1 45 49: 1428, 0, 1
1 45 56: 1453, 4, 1
1 45 57: 1428, 0, 3
1 45 58: 1434, 10, 1
1 45 59: 1434, 10, 1
1 45 60: 1434, 10, 1
1 45 61: 1434, 10, 1
1 45 62: 1434, 10, 1
1 45 63: 1434, 10, 1
1 46 11: 1434, 10, 1
1 46 12: 1434, 10, 1
1 46 13: 1434, 10, 1
1 46 14: 1434, 10, 1
1 46 15: 1434, 10, 1
1 46 16: 1434, 10, 1
1 46 17: 1434, 10, 1
1 46 18: 1434, 10, 1
1 46 19: 1434, 10, 1
1 46 20: 1428, 0, 1
1 46 26: 1428, 9, 2
1 46 27: 1428, 1, 2
1 46 28: 1434, 10, 1
1 46 29: 1434, 10, 1
1 46 30: 1434, 10, 1
1 46 31: 1434, 10, 1
1 46 32: 1434, 10, 1
1 46 33: 1434, 10, 1
1 46 34: 1434, 10, 1
1 46 35: 1434, 10, 1
1 46 36: 1434, 10, 1
1 46 37: 1434, 10, 1
1 46 38: 1434, 10, 1
1 46 39: 1434, 10, 1
1 46 40: 1434, 10, 1
1 46 41: 1428, 0, 1
1 46 46: 1428, 9, 3
1 46 46: 1455, 7, 3
1 46 47: 1428, 1, 3
1 46 48: 1434, 10, 1
1 46 49: 1428, 1, 0
1 46 50: 1428, 9, 0
1 46 51: 1452, 4, 2
1 46 57: 1428, 9, 2
1 46 58: 1428, 1, 2
1 46 59: 1434, 10, 1
1 46 60: 1434, 10, 1
1 46 61: 1434, 10, 1
1 46 62: 1434, 10, 1
1 46 63: 1434, 10, 1
1 47 11: 1434, 10, 1
1 47 12: 1434, 10, 1
1 47 13: 1434, 10, 1
1 47 14: 1434, 10, 1
1 47 15: 1434, 10, 1
1 47 16: 1434, 10, 1
1 47 17: 1434, 10, 1
1 47 18: 1428, 1, 1
1 47 19: 1428, 0, 2
1 47 20: 1428, 9, 1
1 47 26: 1455, 4, 1
1 47 27: 1428, 0, 3
1 47 28: 1434, 10, 1
1 47 29: 1434, 10, 1
1 47 30: 1434, 10, 1
1 47 31: 1434, 10, 1
1 47 32: 1434, 10, 1
1 47 33: 1434, 10, 1
1 47 34: 1434, 10, 1
1 47 35: 1434, 10, 1
1 47 36: 1434, 10, 1
1 47 37: 1434, 10, 1
1 47 38: 1434, 10, 1
1 47 39: 1428, 1, 1
1 47 40: 1428, 0, 2
1 47 41: 1428, 9, 1
1 47 45: 1455, 4, 1
1 47 46: 1428, 0, 3
1 47 47: 1434, 10, 1
1 47 48: 1434, 10, 1
1 47 49: 1434, 10, 1
1 47 50: 1428, 1, 0
1 47 51: 1428, 0, 0
1 47 52: 1428, 9, 0
1 47 57: 1454, 4, 1
1 47 58: 1428, 0, 3
1 47 59: 1434, 10, 1
1 47 60: 1434, 10, 1
1 47 61: 1434, 10, 1
1 47 62: 1434, 10, 1
1 47 63: 1434, 10, 1
1 48 11: 1434, 10, 1
1 48 12: 1434, 10, 1
1 48 13: 1434, 10, 1
1 48 14: 1434, 10, 1
1 48 15: 1434, 10, 1
1 48 16: 1434, 10, 1
1 48 17: 1428, 1, 1
1 48 18: 1428, 9, 1
1 48 27: 1428, 9, 2
1 48 28: 1428, 1, 2
1 48 29: 1434, 10, 1
1 48 30: 1434, 10, 1
1 48 31: 1434, 10, 1
1 48 32: 1434, 10, 1
1 48 33: 1434, 10, 1
1 48 34: 1434, 10, 1
1 48 35: 1434, 10, 1
1 48 36: 1434, 10, 1
1 48 37: 1434, 10, 1
1 48 38: 1428, 1, 1
1 48 39: 1428, 9, 1
1 48 45: 1428, 9, 3
1 48 45: 1454, 7, 3
1 48 46: 1428, 1, 3
1 48 47: 1434, 10, 1
1 48 48: 1434, 10, 1
1 48 49: 1434, 10, 1
1 48 50: 1434, 10, 1
1 48 51: 1434, 10, 1
1 48 52: 1428, 0, 1
1 48 58: 1428, 9, 2
1 48 59: 1428, 1, 2
1 48 60: 1434, 10, 1
1 48 61: 1434, 10, 1
1 48 62: 1434, 10, 1
1 48 63: 1434, 10, 1
1 49 11: 1434, 10, 1
1 49 12: 1434, 10, 1
1 49 13: 1434, 10, 1
1 49 14: 1434, 10, 1
1 49 15: 1434, 10, 1
1 49 16: 1434, 10, 1
1 49 17: 1428, 0, 1
1 49 27: 1454, 4, 1
1 49 28: 1428, 0, 3
1 49 29: 1434, 10, 1
1 49 30: 1434, 10, 1
1 49 31: 1434, 10, 1
1 49 32: 1434, 10, 1
1 49 33: 1434, 10, 1
1 49 34: 1434, 10, 1
1 49 35: 1434, 10, 1
1 49 36: 1434, 10, 1
1 49 37: 1434, 10, 1
1 49 38: 1428, 0, 1
1 49 43: 1428, 9, 3
1 49 44: 1428, 0, 0
1 49 45: 1428, 1, 3
1 49 46: 1434, 10, 1
1 49 47: 1434, 10, 1
1 49 48: 1434, 10, 1
1 49 49: 1434, 10, 1
1 49 50: 1434, 10, 1
1 49 51: 1434, 10, 1
1 49 52: 1428, 1, 0
1 49 53: 1428, 9, 0
1 49 58: 1454, 4, 1
1 49 59: 1428, 0, 3
1 49 60: 1434, 10, 1
1 49 61: 1434, 10, 1
1 49 62: 1434, 10, 1
1 49 63: 1434, 10, 1
1 50 11: 1434, 10, 1
1 50 12: 1434, 10, 1
1 50 13: 1434, 10, 1
1 50 14: 1434, 10, 1
1 50 15: 1434, 10, 1
1 50 16: 1434, 10, 1
1 50 17: 1428, 1, 0
1 50 18: 1428, 9, 0
1 50 27: 1428, 9, 3
1 50 27: 1454, 7, 3
1 50 28: 1428, 1, 3
1 50 29: 1434, 10, 1
1 50 30: 1434, 10, 1
1 50 31: 1434, 10, 1
1 50 32: 1434, 10, 1
1 50 33: 1434, 10, 1
1 50 34: 1434, 10, 1
1 50 35: 1434, 10, 1
1 50 36: 1428, 1, 1
1 50 37: 1428, 0, 2
1 50 38: 1428, 9, 1
1 50 42: 1452, 4, 1
1 50 43: 1428, 0, 3
1 50 44: 1434, 10, 1
1 50 45: 1434, 10, 1
1 50 46: 1434, 10, 1
1 50 47: 1434, 10, 1
1 50 48: 1434, 10, 1
1 50 49: 1434, 10, 1
1 50 50: 1434, 10, 1
1 50 51: 1434, 10, 1
1 50 52: 1434, 10, 1
1 50 53: 1428, 0, 1
1 50 59: 1428, 9, 2
1 50 60: 1428, 1, 2
1 50 61: 1434, 10, 1
1 50 62: 1434, 10, 1
1 50 63: 1434, 10, 1
1 51 11: 1434, 10, 1
1 51 12: 1434, 10, 1
1 51 13: 1434, 10, 1
1 51 14: 1434, 10, 1
1 51 15: 1434, 10, 1
1 51 16: 1434, 10, 1
1 51 17: 1434, 10, 1
1 51 18: 1428, 0, 1
1 51 26: 1455, 4, 1
1 51 27: 1428, 0, 3
1 51 28: 1434, 10, 1
1 51 29: 1434, 10, 1
1 51 30: 1434, 10, 1
1 51 31: 1434, 10, 1
1 51 32: 1434, 10, 1
1 51 33: 1434, 10, 1
1 51 34: 1434, 10, 1
1 51 35: 1428, 1, 1
1 51 36: 1428, 9, 1
1 51 43: 1428, 9, 2
1 51 44: 1428, 1, 2
1 51 45: 1434, 10, 1
1 51 46: 1434, 10, 1
1 51 47: 1434, 10, 1
1 51 48: 1434, 10, 1
1 51 49: 1434, 10, 1
1 51 50: 1434, 10, 1
1 51 51: 1434, 10, 1
1 51 52: 1434, 10, 1
1 51 53: 1428, 1, 0
1 51 54: 1428, 9, 0
1 51 59: 1452, 4, 1
1 51 60: 1428, 0, 3
1 51 61: 1434, 10, 1
1 51 62: 1434, 10, 1
1 51 63: 1434, 10, 1
1 52 11: 1434, 10, 1
1 52 12: 1434, 10, 1
1 52 13: 1434, 10, 1
1 52 14: 1434, 10, 1
1 52 15: 1434, 10, 1
1 52 16: 1434, 10, 1
1 52 17: 1434, 10, 1
1 52 18: 1428, 1, 0
1 52 19: 1428, 9, 0
1 52 20: 1454, 4, 2
1 52 26: 1428, 9, 3
1 52 26: 1452, 7, 3
1 52 27: 1428, 1, 3
1 52 28: 1434, 10, 1
1 52 29: 1434, 10, 1
1 52 30: 1434, 10, 1
1 52 31: 1434, 10, 1
1 52 32: 1434, 10, 1
1 52 33: 1434, 10, 1
1 52 34: 1434, 10, 1
1 52 35: 1428, 0, 1
1 52 44: 1428, 0, 3
1 52 45: 1434, 10, 1
1 52 46: 1434, 10, 1
1 52 47: 1434, 10, 1
1 52 48: 1434, 10, 1
1 52 49: 1434, 10, 1
1 52 50: 1434, 10, 1
1 52 51: 1434, 10, 1
1 52 52: 1434, 10, 1
1 52 53: 1434, 10, 1
1 52 54: 1428, 0, 1
1 52 58: 1454, 4, 2
1 52 59: 1428, 9, 3
1 52 59: 1452, 7, 3
1 52 60: 1428, 1, 3
1 52 61: 1434, 10, 1
1 52 62: 1434, 10, 1
1 52 63: 1434, 10, 1
1 53 11: 1434, 10, 1
1 53 12: 1434, 10, 1
1 53 13: 1434, 10, 1
1 53 14: 1434, 10, 1
1 53 15: 1434, 10, 1
1 53 16: 1434, 10, 1
1 53 17: 1434, 10, 1
1 53 18: 1434, 10, 1
1 53 19: 1428, 1, 0
1 53 20: 1428, 0, 0
1 53 21: 1428, 9, 0
1 53 22: 1454, 4, 2
1 53 25: 1454, 4, 1
1 53 26: 1428, 0, 3
1 53 27: 1434, 10, 1
1 53 28: 1434, 10, 1
1 53 29: 1434, 10, 1
1 53 30: 1434, 10, 1
1 53 31: 1434, 10, 1
1 53 32: 1434, 10, 1
1 53 33: 1434, 10, 1
1 53 34: 1428, 1, 1
1 53 35: 1428, 9, 1
1 53 44: 1428, 9, 2
1 53 45: 1428, 1, 2
1 53 46: 1434, 10, 1
1 53 47: 1434, 10, 1
1 53 48: 1434, 10, 1
1 53 49: 1434, 10, 1
1 53 50: 1434, 10, 1
1 53 51: 1434, 10, 1
1 53 52: 1434, 10, 1
1 53 53: 1434, 10, 1
1 53 54: 1428, 1, 0
1 53 55: 1428, 9, 0
1 53 56: 1453, 4, 2
1 53 57: 1428, 9, 3
1 53 57: 1452, 7, 3
1 53 58: 1428, 0, 0
1 53 59: 1428, 1, 3
1 53 60: 1434, 10, 1
1 53 61: 1434, 10, 1
1 53 62: 1434, 10, 1
1 53 63: 1434, 10, 1
1 54 11: 1434, 10, 1
1 54 12: 1434, 10, 1
1 54 13: 1434, 10, 1
1 54 14: 1434, 10, 1
1 54 15: 1434, 10, 1
1 54 16: 1434, 10, 1
1 54 17: 1434, 10, 1
1 54 18: 1434, 10, 1
1 54 19: 1434, 10, 1
1 54 20: 1434, 10, 1
1 54 21: 1428, 1, 0
1 54 22: 1428, 0, 0
1 54 23: 1428, 9, 0
1 54 24: 1455, 4, 2
1 54 25: 1428, 9, 3
1 54 25: 1455, 7, 3
1 54 26: 1428, 1, 3
1 54 27: 1434, 10, 1
1 54 28: 1434, 10, 1
1 54 29: 1434, 10, 1
1 54 30: 1434, 10, 1
1 54 31: 1434, 10, 1
1 54 32: 1434, 10, 1
1 54 33: 1434, 10, 1
1 54 34: 1428, 0, 1
1 54 44: 1454, 4, 1
1 54 45: 1428, 0, 3
1 54 46: 1434, 10, 1
1 54 47: 1434, 10, 1
1 54 48: 1434, 10, 1
1 54 49: 1434, 10, 1
1 54 50: 1434, 10, 1
1 54 51: 1434, 10, 1
1 54 52: 1434, 10, 1
1 54 53: 1434, 10, 1
1 54 54: 1434, 10, 1
1 54 55: 1428, 1, 0
1 54 56: 1428, 0, 0
1 54 57: 1428, 1, 3
1 54 58: 1434, 10, 1
1 54 59: 1434, 10, 1
1 54 60: 1434, 10, 1
1 54 61: 1434, 10, 1
1 54 62: 1434, 10, 1
1 54 63: 1434, 10, 1
1 55 11: 1434, 10, 1
1 55 12: 1434, 10, 1
1 55 13: 1434, 10, 1
1 55 14: 1434, 10, 1
1 55 15: 1434, 10, 1
1 55 16: 1434, 10, 1
1 55 17: 1434, 10, 1
1 55 18: 1434, 10, 1
1 55 19: 1434, 10, 1
1 55 20: 1434, 10, 1
1 55 21: 1434, 10, 1
1 55 22: 1434, 10, 1
1 55 23: 1428, 1, 0
1 55 24: 1428, 0, 0
1 55 25: 1428, 1, 3
1 55 26: 1434, 10, 1
1 55 27: 1434, 10, 1
1 55 28: 1434, 10, 1
1 55 29: 1434, 10, 1
1 55 30: 1434, 10, 1
1 55 31: 1434, 10, 1
1 55 32: 1434, 10, 1
1 55 33: 1434, 10, 1
1 55 34: 1428, 1, 0
1 55 35: 1428, 9, 0
1 55 44: 1428, 9, 3
1 55 44: 1454, 7, 3
1 55 45: 1428, 1, 3
1 55 46: 1434, 10, 1
1 55 47: 1434, 10, 1
1 55 48: 1434, 10, 1
1 55 49: 1434, 10, 1
1 55 50: 1434, 10, 1
1 55 51: 1434, 10, 1
1 55 52: 1434, 10, 1
1 55 53: 1434, 10, 1
1 55 54: 1434, 10, 1
1 55 55: 1434, 10, 1
1 55 56: 1434, 10, 1
1 55 57: 1434, 10, 1
1 55 58: 1434, 10, 1
1 55 59: 1434, 10, 1
1 55 60: 1434, 10, 1
1 55 61: 1434, 10, 1
1 55 62: 1434, 10, 1
1 55 63: 1434, 10, 1
1 56 11: 1434, 10, 1
1 56 12: 1434, 10, 1
1 56 13: 1434, 10, 1
1 56 14: 1434, 10, 1
1 56 15: 1434, 10, 1
1 56 16: 1434, 10, 1
1 56 17: 1434, 10, 1
1 56 18: 1434, 10, 1
1 56 19: 1434, 10, 1
1 56 20: 1434, 10, 1
1 56 21: 1434, 10, 1
1 56 22: 1434, 10, 1
1 56 23: 1434, 10, 1
1 56 24: 1434, 10, 1
1 56 25: 1434, 10, 1
1 56 26: 1434, 10, 1
1 56 27: 1434, 10, 1
1 56 28: 1434, 10, 1
1 56 29: 1434, 10, 1
1 56 30: 1434, 10, 1
1 56 31: 1434, 10, 1
1 56 32: 1434, 10, 1
1 56 33: 1434, 10, 1
1 56 34: 1434, 10, 1
1 56 35: 1428, 0, 1
1 56 43: 1453, 4, 1
1 56 44: 1428, 0, 3
1 56 45: 1434, 10, 1
1 56 46: 1434, 10, 1
1 56 47: 1434, 10, 1
1 56 48: 1434, 10, 1
1 56 49: 1434, 10, 1
1 56 50: 1434, 10, 1
1 56 51: 1434, 10, 1
1 56 52: 1434, 10, 1
1 56 53: 1434, 10, 1
1 56 54: 1434, 10, 1
1 56 55: 1434, 10, 1
1 56 56: 1434, 10, 1
1 56 57: 1434, 10, 1
1 56 58: 1434, 10, 1
1 56 59: 1434, 10, 1
1 56 60: 1434, 10, 1
1 56 61: 1434, 10, 1
1 56 62: 1434, 10, 1
1 56 63: 1434, 10, 1
1 57 11: 1434, 10, 1
1 57 12: 1434, 10, 1
1 57 13: 1434, 10, 1
1 57 14: 1434, 10, 1
1 57 15: 1434, 10, 1
1 57 16: 1434, 10, 1
1 57 17: 1434, 10, 1
1 57 18: 1434, 10, 1
1 57 19: 1434, 10, 1
1 57 20: 1434, 10, 1
1 57 21: 1434, 10, 1
1 57 22: 1434, 10, 1
1 57 23: 1434, 10, 1
1 57 24: 1434, 10, 1
1 57 25: 1434, 10, 1
1 57 26: 1434, 10, 1
1 57 27: 1434, 10, 1
1 57 28: 1434, 10, 1
1 57 29: 1434, 10, 1
1 57 30: 1434, 10, 1
1 57 31: 1434, 10, 1
1 57 32: 1434, 10, 1
1 57 33: 1434, 10, 1
1 57 34: 1434, 10, 1
1 57 35: 1428, 1, 0
1 57 36: 1428, 9, 0
1 57 42: 1452, 4, 2
1 57 43: 1428, 9, 3
1 57 43: 1452, 7, 3
1 57 44: 1428, 1, 3
1 57 45: 1434, 10, 1
1 57 46: 1434, 10, 1
1 57 47: 1434, 10, 1
1 57 48: 1434, 10, 1
1 57 49: 1434, 10, 1
1 57 50: 1434, 10, 1
1 57 51: 1434, 10, 1
1 57 52: 1434, 10, 1
1 57 53: 1434, 10, 1
1 57 54: 1434, 10, 1
1 57 55: 1434, 10, 1
1 57 56: 1434, 10, 1
1 57 57: 1434, 10, 1
1 57 58: 1434, 10, 1
1 57 59: 1434, 10, 1
1 57 60: 1434, 10, 1
1 57 61: 1434, 10, 1
1 57 62: 1434, 10, 1
1 57 63: 1434, 10, 1
1 58 11: 1434, 10, 1
1 58 12: 1434, 10, 1
1 58 13: 1434, 10, 1
1 58 14: 1434, 10, 1
1 58 15: 1434, 10, 1
1 58 16: 1434, 10, 1
1 58 17: 1434, 10, 1
1 58 18: 1434, 10, 1
1 58 19: 1434, 10, 1
1 58 20: 1434, 10, 1
1 58 21: 1434, 10, 1
1 58 22: 1434, 10, 1
1 58 23: 1434, 10, 1
1 58 24: 1434, 10, 1
1 58 25: 1434, 10, 1
1 58 26: 1434, 10, 1
1 58 27: 1434, 10, 1
1 58 28: 1434, 10, 1
1 58 29: 1434, 10, 1
1 58 30: 1434, 10, 1
1 58 31: 1434, 10, 1
1 58 32: 1434, 10, 1
1 58 33: 1434, 10, 1
1 58 34: 1434, 10, 1
1 58 35: 1434, 10, 1
1 58 36: 1428, 0, 1
1 58 40: 1455, 4, 2
1 58 41: 1428, 9, 3
1 58 42: 1428, 0, 0
1 58 43: 1428, 1, 3
1 58 44: 1434, 10, 1
1 58 45: 1434, 10, 1
1 58 46: 1434, 10, 1
1 58 47: 1434, 10, 1
1 58 48: 1434, 10, 1
1 58 49: 1434, 10, 1
1 58 50: 1434, 10, 1
1 58 51: 1434, 10, 1
1 58 52: 1434, 10, 1
1 58 53: 1434, 10, 1
1 58 54: 1434, 10, 1
1 58 55: 1434, 10, 1
1 58 56: 1434, 10, 1
1 58 57: 1434, 10, 1
1 58 58: 1434, 10, 1
1 58 59: 1434, 10, 1
1 58 60: 1434, 10, 1
1 58 61: 1434, 10, 1
1 58 62: 1434, 10, 1
1 58 63: 1434, 10, 1
1 59 11: 1434, 10, 1
1 59 12: 1434, 10, 1
1 59 13: 1434, 10, 1
1 59 14: 1434, 10, 1
1 59 15: 1434, 10, 1
1 59 16: 1434, 10, 1
1 59 17: 1434, 10, 1
1 59 18: 1434, 10, 1
1 59 19: 1434, 10, 1
1 59 20: 1434, 10, 1
1 59 21: 1434, 10, 1
1 59 22: 1434, 10, 1
1 59 23: 1434, 10, 1
1 59 24: 1434, 10, 1
1 59 25: 1434, 10, 1
1 59 26: 1434, 10, 1
1 59 27: 1434, 10, 1
1 59 28: 1434, 10, 1
1 59 29: 1434, 10, 1
1 59 30: 1434, 10, 1
1 59 31: 1434, 10, 1
1 59 32: 1434, 10, 1
1 59 33: 1434, 10, 1
1 59 34: 1434, 10, 1
1 59 35: 1434, 10, 1
1 59 36: 1428, 1, 0
1 59 37: 1428, 9, 0
1 59 38: 1454, 4, 2
1 59 39: 1428, 9, 3
1 59 39: 1452, 7, 3
1 59 40: 1428, 0, 0
1 59 41: 1428, 1, 3
1 59 42: 1434, 10, 1
1 59 43: 1434, 10, 1
1 59 44: 1434, 10, 1
1 59 45: 1434, 10, 1
1 59 46: 1434, 10, 1
1 59 47: 1434, 10, 1
1 59 48: 1434, 10, 1
1 59 49: 1434, 10, 1
1 59 50: 1434, 10, 1
1 59 51: 1434, 10, 1
1 59 52: 1434, 10, 1
1 59 53: 1434, 10, 1
1 59 54: 1434, 10, 1
1 59 55: 1434, 10, 1
1 59 56: 1434, 10, 1
1 59 57: 1434, 10, 1
1 59 58: 1434, 10, 1
1 59 59: 1434, 10, 1
1 59 60: 1434, 10, 1
1 59 61: 1434, 10, 1
1 59 62: 1434, 10, 1
1 60 11: 1434, 10, 1
1 60 12: 1434, 10, 1
1 60 13: 1434, 10, 1
1 60 14: 1434, 10, 1
1 60 15: 1434, 10, 1
1 60 16: 1434, 10, 1
1 60 17: 1434, 10, 1
1 60 18: 1434, 10, 1
1 60 19: 1434, 10, 1
1 60 20: 1434, 10, 1
1 60 21: 1434, 10, 1
1 60 22: 1434, 10, 1
1 60 23: 1434, 10, 1
1 60 24: 1434, 10, 1
1 60 25: 1434, 10, 1
1 60 26: 1434, 10, 1
1 60 27: 1434, 10, 1
1 60 28: 1434, 10, 1
1 60 29: 1434, 10, 1
1 60 30: 1434, 10, 1
1 60 31: 1434, 10, 1
1 60 32: 1434, 10, 1
1 60 33: 1434, 10, 1
1 60 34: 1434, 10, 1
1 60 35: 1434, 10, 1
1 60 36: 1434, 10, 1
1 60 37: 1428, 1, 0
1 60 38: 1428, 0, 0
1 60 39: 1428, 1, 3
1 60 40: 1434, 10, 1
1 60 41: 1434, 10, 1
1 60 42: 1434, 10, 1
1 60 43: 1434, 10, 1
1 60 44: 1434, 10, 1
1 60 45: 1434, 10, 1
1 60 46: 1434, 10, 1
1 60 47: 1434, 10, 1
1 60 48: 1434, 10, 1
1 60 49: 1434, 10, 1
1 60 50: 1434, 10, 1
1 60 51: 1434, 10, 1
1 60 52: 1434, 10, 1
1 60 53: 1434, 10, 1
1 60 54: 1434, 10, 1
1 60 55: 1434, 10, 1
1 60 56: 1434, 10, 1
1 60 57: 1434, 10, 1
1 61 11: 1434, 10, 1
1 61 12: 1434, 10, 1
1 61 13: 1434, 10, 1
1 61 14: 1434, 10, 1
1 61 15: 1434, 10, 1
1 61 16: 1434, 10, 1
1 61 17: 1434, 10, 1
1 61 18: 1434, 10, 1
1 61 19: 1434, 10, 1
1 61 20: 1434, 10, 1
1 61 21: 1434, 10, 1
1 61 22: 1434, 10, 1
1 61 23: 1434, 10, 1
1 61 24: 1434, 10, 1
1 61 25: 1434, 10, 1
1 61 26: 1434, 10, 1
1 61 27: 1434, 10, 1
1 61 28: 1434, 10, 1
1 61 29: 1434, 10, 1
1 61 30: 1434, 10, 1
1 61 31: 1434, 10, 1
1 61 32: 1434, 10, 1
1 61 33: 1434, 10, 1
1 61 34: 1434, 10, 1
1 61 35: 1434, 10, 1
1 61 36: 1434, 10, 1
1 61 37: 1434, 10, 1
1 61 38: 1434, 10, 1
1 61 39: 1434, 10, 1
1 61 40: 1434, 10, 1
1 61 41: 1434, 10, 1
1 61 42: 1434, 10, 1
1 61 43: 1434, 10, 1
1 61 44: 1434, 10, 1
1 61 45: 1434, 10, 1
1 61 46: 1434, 10, 1
1 61 47: 1434, 10, 1
1 61 48: 1434, 10, 1
1 61 49: 1434, 10, 1
1 61 50: 1434, 10, 1
1 61 51: 1434, 10, 1
1 61 52: 1434, 10, 1
1 61 53: 1434, 10, 1
1 61 54: 1434, 10, 1
1 61 55: 1434, 10, 1
1 62 10: 1434, 10, 1
1 62 11: 1434, 10, 1
1 62 12: 1434, 10, 1
1 62 13: 1434, 10, 1
1 62 14: 1434, 10, 1
1 62 15: 1434, 10, 1
1 62 16: 1434, 10, 1
1 62 17: 1434, 10, 1
1 62 18: 1434, 10, 1
1 62 19: 1434, 10, 1
1 62 20: 1434, 10, 1
1 62 21: 1434, 10, 1
1 62 22: 1434, 10, 1
1 62 23: 1434, 10, 1
1 62 24: 1434, 10, 1
1 62 25: 1434, 10, 1
1 62 26: 1434, 10, 1
1 62 27: 1434, 10, 1
1 62 28: 1434, 10, 1
1 62 29: 1434, 10, 1
1 62 30: 1434, 10, 1
1 62 31: 1434, 10, 1
1 62 32: 1434, 10, 1
1 62 33: 1434, 10, 1
1 62 34: 1434, 10, 1
1 62 35: 1434, 10, 1
1 62 36: 1434, 10, 1
1 62 37: 1434, 10, 1
1 62 38: 1434, 10, 1
1 62 39: 1434, 10, 1
1 62 40: 1434, 10, 1
1 62 41: 1434, 10, 1
1 62 42: 1434, 10, 1
1 62 43: 1434, 10, 1
1 62 44: 1434, 10, 1
1 62 45: 1434, 10, 1
1 62 46: 1434, 10, 1
1 62 47: 1434, 10, 1
1 62 48: 1434, 10, 1
1 62 49: 1434, 10, 1
1 62 50: 1434, 10, 1
1 62 51: 1434, 10, 1
1 62 52: 1434, 10, 1
1 62 53: 1434, 10, 1
1 62 54: 1434, 10, 1
1 63 10: 1434, 10, 1
1 63 11: 1434, 10, 1
1 63 12: 1434, 10, 1
1 63 13: 1434, 10, 1
1 63 14: 1434, 10, 1
1 63 15: 1434, 10, 1
1 63 16: 1434, 10, 1
1 63 17: 1434, 10, 1
1 63 18: 1434, 10, 1
1 63 19: 1434, 10, 1
1 63 20: 1434, 10, 1
1 63 21: 1434, 10, 1
1 63 22: 1434, 10, 1
1 63 23: 1434, 10, 1
1 63 24: 1434, 10, 1
1 63 25: 1434, 10, 1
1 63 26: 1434, 10, 1
1 63 27: 1434, 10, 1
1 63 28: 1434, 10, 1
1 63 29: 1434, 10, 1
1 63 30: 1434, 10, 1
1 63 31: 1434, 10, 1
1 63 32: 1434, 10, 1
1 63 33: 1434, 10, 1
1 63 34: 1434, 10, 1
1 63 35: 1434, 10, 1
1 63 36: 1434, 10, 1
1 63 37: 1434, 10, 1
1 63 38: 1434, 10, 1
1 63 39: 1434, 10, 1
1 63 40: 1434, 10, 1
1 63 41: 1434, 10, 1
1 63 42: 1434, 10, 1
1 63 43: 1434, 10, 1
1 63 44: 1434, 10, 1
1 63 45: 1434, 10, 1
1 63 46: 1434, 10, 1
1 63 47: 1434, 10, 1
1 63 48: 1434, 10, 1
1 63 49: 1434, 10, 1
1 63 50: 1434, 10, 1
1 63 51: 1434, 10, 1
1 63 52: 1434, 10, 1
2 3 45: 320, 22, 1
2 3 46: 321, 22, 0
2 4 44: 320, 22, 0
2 4 45: 321, 22, 1
2 4 46: 319, 22, 2
2 4 47: 319, 22, 3
2 5 44: 319, 22, 2
2 5 48: 320, 22, 0
2 5 49: 319, 22, 3
2 6 43: 320, 22, 0
2 6 44: 321, 22, 0
2 6 50: 319, 22, 0
2 7 43: 320, 22, 3
2 7 52: 320, 22, 3
2 8 42: 319, 22, 0
2 8 43: 320, 22, 3
2 9 42: 320, 22, 0
2 12 38: 319, 22, 2
2 12 49: 1428, 9, 3
2 12 50: 1428, 0, 0
2 12 51: 1428, 9, 0
2 13 19: 320, 22, 1
2 13 36: 319, 22, 3
2 13 37: 319, 22, 3
2 13 49: 1428, 9, 2
2 13 50: 1428, 0, 2
2 13 51: 1428, 9, 1
2 14 17: 320, 22, 2
2 14 26: 320, 22, 0
2 14 35: 319, 22, 3
2 14 50: 2585, 4, 0
2 15 27: 320, 22, 3
2 15 28: 320, 22, 1
2 15 35: 320, 22, 3
2 16 17: 320, 22, 2
2 16 29: 319, 22, 1
2 16 57: 320, 22, 3
2 16 58: 320, 22, 0
2 17 29: 321, 22, 3
2 17 30: 319, 22, 2
2 17 57: 319, 22, 3
2 18 17: 320, 22, 1
2 18 30: 321, 22, 2
2 18 31: 320, 22, 0
2 18 56: 320, 22, 3
2 19 17: 321, 22, 2
2 20 15: 320, 22, 2
2 20 16: 319, 22, 2
2 20 53: 320, 22, 2
2 21 14: 321, 22, 2
2 21 54: 320, 22, 1
2 22 13: 321, 22, 1
2 22 54: 319, 22, 0
2 23 33: 320, 22, 1
2 23 55: 321, 22, 0
2 24 11: 320, 22, 0
2 24 34: 321, 22, 1
2 24 35: 320, 22, 2
2 24 47: 320, 22, 1
2 25 11: 320, 22, 1
2 25 37: 320, 22, 3
2 25 38: 321, 22, 3
2 25 45: 321, 22, 1
2 25 48: 319, 22, 2
2 25 55: 320, 22, 0
2 26 10: 320, 22, 3
2 26 43: 320, 22, 3
2 26 44: 319, 22, 3
2 26 54: 321, 22, 1
2 28 51: 320, 22, 0
2 29 39: 319, 22, 1
2 29 48: 319, 22, 1
2 29 49: 319, 22, 0
2 29 53: 320, 22, 1
2 30 39: 320, 22, 1
2 30 53: 319, 22, 0
2 32 6: 319, 22, 1
2 32 51: 320, 22, 0
2 32 52: 319, 22, 3
2 33 5: 321, 22, 0
2 33 17: 319, 22, 1
2 33 50: 319, 22, 0
2 33 51: 320, 22, 0
2 34 5: 320, 22, 3
2 34 14: 320, 22, 1
2 34 15: 319, 22, 0
2 34 50: 319, 22, 0
2 34 51: 320, 22, 3
2 35 5: 319, 22, 2
2 35 13: 321, 22, 2
2 35 50: 321, 22, 0
2 36 6: 321, 22, 2
2 36 13: 319, 22, 3
2 36 50: 319, 22, 3
2 36 51: 319, 22, 3
2 37 12: 320, 22, 0
2 37 38: 320, 22, 3
2 37 52: 320, 22, 2
2 38 7: 319, 22, 0
2 38 9: 320, 22, 2
2 38 10: 320, 22, 3
2 38 11: 319, 22, 2
2 38 36: 319, 22, 0
2 38 37: 320, 22, 3
2 38 39: 320, 22, 0
2 38 40: 319, 22, 2
2 38 41: 321, 22, 3
2 38 42: 321, 22, 0
2 39 8: 321, 22, 0
2 39 36: 320, 22, 1
2 39 42: 319, 22, 3
2 39 54: 320, 22, 3
2 40 35: 320, 22, 0
2 40 42: 320, 22, 1
2 40 55: 320, 22, 2
2 41 33: 319, 22, 0
2 41 34: 320, 22, 0
2 41 56: 320, 22, 3
2 42 41: 320, 22, 0
2 42 56: 319, 22, 2
2 43 30: 321, 22, 3
2 43 31: 319, 22, 0
2 43 40: 320, 22, 1
2 43 57: 321, 22, 2
2 44 29: 319, 22, 1
2 44 30: 319, 22, 0
2 44 48: 320, 22, 1
2 44 57: 320, 22, 2
2 45 26: 320, 22, 0
2 45 27: 321, 22, 1
2 45 28: 319, 22, 0
2 45 48: 321, 22, 3
2 45 49: 319, 22, 2
2 45 57: 320, 22, 3
2 45 58: 321, 22, 3
2 46 48: 319, 22, 3
2 46 49: 321, 22, 0
2 46 58: 319, 22, 3
2 47 28: 320, 22, 3
2 47 39: 320, 22, 0
2 47 50: 319, 22, 1
2 47 51: 319, 22, 2
2 47 58: 320, 22, 0
2 48 38: 320, 22, 1
2 48 51: 319, 22, 2
2 48 52: 321, 22, 3
2 49 28: 320, 22, 2
2 49 37: 321, 22, 0
2 49 38: 320, 22, 3
2 49 52: 320, 22, 0
2 49 59: 320, 22, 3
2 50 28: 320, 22, 3
2 50 37: 320, 22, 0
2 50 53: 320, 22, 1
2 50 60: 320, 22, 2
2 51 53: 320, 22, 2
2 51 60: 321, 22, 0
2 52 35: 320, 22, 1
2 52 54: 320, 22, 1
2 52 60: 320, 22, 0
2 53 34: 319, 22, 2
2 53 44: 321, 22, 0
2 53 54: 320, 22, 2
2 53 58: 321, 22, 1
2 53 59: 319, 22, 2
2 53 60: 321, 22, 3
2 54 34: 321, 22, 3
2 54 45: 320, 22, 0
2 54 57: 320, 22, 3
2 54 58: 319, 22, 1
2 54 59: 321, 22, 0
2 55 34: 319, 22, 1
2 55 45: 319, 22, 0
2 56 35: 319, 22, 0
2 56 44: 320, 22, 0
2 58 36: 319, 22, 3
2 58 42: 320, 22, 0
2 59 40: 319, 22, 1
2 59 41: 319, 22, 0
2 60 37: 321, 22, 3
2 60 38: 320, 22, 2
2 60 39: 320, 22, 1
