0 1 4: 729, 22, 2
0 1 5: 729, 22, 1
0 1 6: 729, 22, 3
0 1 9: 729, 22, 0
0 1 21: 729, 22, 1
0 2 3: 729, 22, 0
0 2 5: 730, 22, 0
0 2 6: 729, 22, 2
0 2 8: 729, 22, 1
0 2 9: 730, 22, 3
0 2 10: 729, 22, 2
0 2 17: 729, 22, 2
0 2 18: 729, 22, 1
0 2 20: 729, 22, 3
0 3 1: 729, 22, 1
0 3 2: 730, 22, 1
0 3 3: 729, 22, 0
0 3 4: 729, 22, 3
0 3 5: 1303, 10, 2
0 3 6: 1303, 10, 3
0 3 7: 1184, 10, 3
0 3 8: 1303, 10, 1
0 3 9: 1184, 10, 1
0 3 13: 729, 22, 1
0 3 14: 729, 22, 1
0 3 16: 729, 22, 3
0 3 17: 730, 22, 1
0 3 18: 729, 22, 1
0 3 19: 730, 22, 0
0 4 0: 729, 22, 1
0 4 1: 729, 22, 2
0 4 3: 1390, 10, 3
0 4 4: 1303, 10, 1
0 4 5: 1184, 10, 1
0 4 6: 1184, 10, 2
0 4 7: 1303, 10, 1
0 4 10: 1303, 10, 1
0 4 13: 729, 22, 0
0 4 14: 730, 22, 2
0 4 15: 729, 22, 3
0 4 18: 729, 22, 0
0 5 2: 1390, 10, 2
0 5 3: 1390, 10, 0
0 5 5: 1184, 10, 2
0 5 6: 1184, 10, 2
0 5 7: 1390, 10, 0
0 5 8: 1184, 10, 3
0 5 9: 1184, 10, 0
0 5 11: 1390, 10, 0
0 5 13: 1390, 10, 2
0 5 14: 729, 22, 1
0 5 15: 729, 22, 2
0 5 28: 730, 22, 0
0 5 30: 1390, 10, 2
0 5 31: 1390, 10, 0
0 6 2: 1253, 22, 0
0 6 7: 1390, 10, 1
0 6 10: 1390, 10, 3
0 6 12: 1303, 10, 1
0 6 29: 729, 22, 0
0 6 31: 1390, 10, 1
0 6 33: 1390, 10, 0
0 7 4: 1253, 22, 2
0 7 6: 1253, 22, 0
0 7 8: 1253, 22, 1
0 7 11: 1253, 22, 0
0 7 29: 729, 22, 3
0 7 32: 1304, 10, 2
0 8 2: 1253, 22, 0
0 8 3: 1253, 22, 3
0 8 6: 729, 22, 2
0 8 7: 730, 22, 2
0 8 8: 729, 22, 1
0 8 22: 1304, 10, 2
0 8 25: 1304, 10, 3
0 8 26: 1390, 10, 1
0 8 30: 729, 22, 1
0 9 0: 729, 22, 2
0 9 2: 729, 22, 1
0 9 6: 729, 22, 2
0 9 7: 729, 22, 0
0 9 9: 729, 22, 2
0 9 10: 729, 22, 3
0 9 25: 1390, 10, 2
0 9 26: 1390, 10, 1
0 9 27: 1304, 10, 1
0 9 28: 1255, 22, 0
0 9 30: 729, 22, 0
0 9 31: 730, 22, 2
0 9 33: 1304, 10, 3
0 9 35: 1390, 10, 2
0 10 0: 730, 22, 1
0 10 1: 729, 22, 3
0 10 2: 730, 22, 1
0 10 5: 1304, 10, 2
0 10 6: 1184, 10, 1
0 10 7: 1314, 10, 2
0 10 10: 729, 22, 0
0 10 11: 730, 22, 3
0 10 25: 1304, 10, 0
0 10 26: 1304, 10, 2
0 10 29: 1390, 10, 0
0 10 31: 729, 22, 3
0 10 32: 729, 22, 1
0 10 34: 1304, 10, 2
0 10 63: 243, 10, 3
0 11 1: 729, 22, 2
0 11 3: 1304, 10, 0
0 11 4: 1253, 22, 2
0 11 4: 1304, 10, 1
0 11 6: 1184, 10, 2
0 11 9: 1314, 10, 2
0 11 11: 729, 22, 1
0 11 12: 729, 22, 2
0 11 24: 1304, 10, 2
0 11 25: 1304, 10, 3
0 11 27: 1304, 10, 1
0 11 28: 1304, 10, 2
0 11 35: 1304, 10, 1
0 12 1: 1255, 22, 3
0 12 1: 1304, 10, 3
0 12 2: 1184, 10, 1
0 12 3: 1253, 22, 0
0 12 3: 1304, 10, 3
0 12 6: 1390, 10, 3
0 12 9: 1184, 10, 2
0 12 10: 1184, 10, 3
0 12 12: 729, 22, 3
0 12 13: 729, 22, 1
0 12 26: 1304, 10, 1
0 12 27: 1304, 10, 1
0 12 28: 1304, 10, 3
0 12 29: 1390, 10, 1
0 12 30: 1390, 10, 0
0 12 36: 1184, 10, 2
0 12 63: 243, 10, 3
0 13 0: 1184, 10, 0
0 13 1: 1304, 10, 0
0 13 2: 1304, 10, 1
0 13 3: 1304, 10, 2
0 13 5: 1390, 10, 2
0 13 6: 1390, 10, 3
0 13 8: 1304, 10, 3
0 13 11: 1304, 10, 2
0 13 26: 1390, 10, 3
0 13 27: 1304, 10, 0
0 13 29: 1390, 10, 0
0 13 30: 1255, 22, 1
0 13 32: 730, 22, 1
0 13 34: 729, 22, 0
0 13 37: 1390, 10, 2
0 14 0: 1390, 10, 1
0 14 2: 1254, 22, 3
0 14 4: 1390, 10, 3
0 14 6: 1184, 10, 0
0 14 7: 1390, 10, 3
0 14 10: 1184, 10, 3
0 14 12: 1304, 10, 1
0 14 19: 729, 22, 3
0 14 23: 1254, 22, 3
0 14 26: 1390, 10, 2
0 14 27: 1390, 10, 3
0 14 29: 1253, 22, 1
0 14 30: 1304, 10, 1
0 14 31: 1255, 22, 2
0 14 34: 729, 22, 3
0 14 35: 730, 22, 0
0 14 63: 243, 10, 3
0 15 1: 1390, 10, 0
0 15 2: 1390, 10, 2
0 15 4: 1390, 10, 0
0 15 5: 1390, 10, 0
0 15 6: 1184, 10, 2
0 15 7: 1390, 10, 0
0 15 8: 1390, 10, 3
0 15 9: 1390, 10, 0
0 15 10: 1390, 10, 0
0 15 11: 1390, 10, 1
0 15 17: 1304, 10, 3
0 15 19: 730, 22, 3
0 15 20: 729, 22, 0
0 15 34: 729, 22, 3
0 15 35: 729, 22, 2
0 15 36: 729, 22, 1
0 16 5: 1390, 10, 2
0 16 6: 1390, 10, 0
0 16 7: 1390, 10, 1
0 16 9: 1390, 10, 2
0 16 19: 729, 22, 2
0 16 20: 729, 22, 1
0 16 22: 729, 22, 1
0 16 24: 1253, 22, 1
0 16 28: 1400, 10, 1
0 16 30: 2097, 10, 2
0 16 31: 1253, 22, 0
0 16 32: 2741, 22, 0
0 16 33: 2102, 10, 1
0 16 35: 729, 22, 0
0 16 63: 243, 10, 3
0 17 17: 1304, 10, 0
0 17 19: 1304, 10, 0
0 17 23: 729, 22, 1
0 17 25: 1254, 22, 0
0 17 27: 2097, 10, 0
0 17 30: 1253, 22, 0
0 17 31: 2097, 10, 3
0 17 32: 1323, 10, 2
0 17 35: 729, 22, 3
0 17 36: 730, 22, 3
0 18 18: 1304, 10, 3
0 18 20: 1304, 10, 1
0 18 23: 729, 22, 3
0 18 24: 729, 22, 0
0 18 28: 2097, 10, 3
0 18 29: 1402, 10, 0
0 18 31: 1253, 22, 0
0 18 36: 729, 22, 2
0 18 37: 729, 22, 2
0 18 63: 243, 10, 3
0 19 9: 1184, 10, 2
0 19 10: 1390, 10, 1
0 19 11: 1184, 10, 1
0 19 12: 1390, 10, 0
0 19 19: 1184, 10, 0
0 19 20: 1184, 10, 3
0 19 22: 1390, 10, 2
0 19 24: 730, 22, 0
0 19 27: 2097, 10, 0
0 19 28: 1253, 22, 0
0 19 29: 1253, 22, 2
0 19 31: 1253, 22, 0
0 19 35: 730, 22, 2
0 19 38: 1298, 10, 1
0 20 8: 1390, 10, 3
0 20 9: 1390, 10, 3
0 20 10: 1184, 10, 0
0 20 11: 1390, 10, 1
0 20 12: 1390, 10, 1
0 20 13: 1184, 10, 0
0 20 18: 1304, 10, 2
0 20 19: 1184, 10, 2
0 20 21: 1390, 10, 3
0 20 24: 729, 22, 2
0 20 25: 729, 22, 2
0 20 26: 2097, 10, 2
0 20 29: 1253, 22, 0
0 20 30: 1253, 22, 1
0 20 38: 1314, 10, 3
0 20 63: 243, 10, 3
0 21 0: 1390, 10, 3
0 21 1: 1390, 10, 2
0 21 2: 1303, 10, 2
0 21 3: 1303, 10, 2
0 21 5: 1390, 10, 0
0 21 7: 1184, 10, 2
0 21 9: 1184, 10, 3
0 21 10: 1390, 10, 3
0 21 11: 1390, 10, 2
0 21 12: 1390, 10, 3
0 21 13: 1390, 10, 2
0 21 19: 1184, 10, 2
0 21 23: 1390, 10, 0
0 21 24: 729, 22, 1
0 21 25: 729, 22, 1
0 21 27: 1253, 22, 0
0 21 27: 2097, 10, 2
0 22 0: 1390, 10, 3
0 22 1: 1303, 10, 1
0 22 4: 1303, 10, 3
0 22 6: 1390, 10, 3
0 22 7: 1390, 10, 2
0 22 8: 1390, 10, 0
0 22 9: 1314, 10, 3
0 22 11: 1323, 10, 3
0 22 12: 1390, 10, 1
0 22 13: 1184, 10, 0
0 22 21: 1400, 10, 1
0 22 22: 1184, 10, 1
0 22 23: 1184, 10, 1
0 22 26: 1304, 10, 0
0 22 63: 243, 10, 3
0 23 0: 1303, 10, 0
0 23 1: 1303, 10, 2
0 23 2: 1303, 10, 0
0 23 3: 1303, 10, 1
0 23 6: 1304, 10, 1
0 23 8: 1314, 10, 0
0 23 10: 1184, 10, 3
0 23 11: 1184, 10, 2
0 23 12: 1390, 10, 2
0 23 13: 1184, 10, 1
0 23 14: 1184, 10, 3
0 23 21: 1184, 10, 3
0 23 22: 1184, 10, 2
0 23 26: 1304, 10, 1
0 23 27: 1304, 10, 2
0 23 37: 729, 22, 2
0 23 38: 730, 22, 2
0 24 1: 1184, 10, 0
0 24 3: 1184, 10, 3
0 24 4: 1325, 10, 2
0 24 5: 1303, 10, 3
0 24 8: 1184, 10, 3
0 24 9: 1184, 10, 1
0 24 10: 1184, 10, 0
0 24 11: 1184, 10, 1
0 24 13: 1390, 10, 1
0 24 14: 1184, 10, 1
0 24 15: 1402, 10, 3
0 24 16: 1184, 10, 3
0 24 18: 1390, 10, 1
0 24 21: 1184, 10, 0
0 24 27: 1304, 10, 3
0 24 31: 1298, 10, 0
0 24 37: 729, 22, 3
0 24 38: 729, 22, 3
0 25 1: 1184, 10, 3
0 25 2: 1390, 10, 2
0 25 3: 1304, 10, 0
0 25 7: 1390, 10, 1
0 25 12: 729, 22, 3
0 25 17: 1390, 10, 2
0 25 18: 1303, 10, 0
0 25 19: 1184, 10, 1
0 25 22: 1298, 10, 3
0 25 26: 1304, 10, 2
0 26 1: 729, 22, 1
0 26 5: 1390, 10, 2
0 26 11: 729, 22, 2
0 26 12: 730, 22, 1
0 26 13: 729, 22, 0
0 26 16: 1303, 10, 2
0 26 17: 1303, 10, 1
0 26 18: 1184, 10, 1
0 26 19: 1184, 10, 0
0 26 20: 1390, 10, 2
0 26 21: 1390, 10, 3
0 26 22: 1184, 10, 3
0 26 24: 729, 22, 1
0 26 25: 1304, 10, 1
0 26 27: 1304, 10, 1
0 26 38: 729, 22, 1
0 27 1: 729, 22, 1
0 27 2: 729, 22, 0
0 27 3: 729, 22, 1
0 27 6: 729, 22, 3
0 27 7: 730, 22, 2
0 27 8: 729, 22, 1
0 27 12: 729, 22, 1
0 27 18: 1303, 10, 0
0 27 19: 1401, 10, 2
0 27 20: 1184, 10, 3
0 27 21: 1184, 10, 1
0 27 23: 730, 22, 0
0 27 37: 730, 22, 1
0 27 38: 729, 22, 1
0 28 3: 730, 22, 3
0 28 4: 729, 22, 0
0 28 5: 729, 22, 0
0 28 8: 1255, 22, 1
0 28 8: 1303, 10, 3
0 28 9: 1303, 10, 2
0 28 10: 1255, 22, 1
0 28 10: 1303, 10, 1
0 28 11: 1255, 22, 1
0 28 11: 1303, 10, 3
0 28 12: 1253, 22, 2
0 28 16: 729, 22, 0
0 28 20: 1184, 10, 2
0 28 22: 729, 22, 0
0 28 23: 729, 22, 2
0 28 25: 1304, 10, 2
0 28 38: 729, 22, 0
0 28 40: 729, 22, 3
0 28 42: 1314, 10, 3
0 29 7: 1253, 22, 1
0 29 8: 1390, 10, 3
0 29 9: 1253, 22, 1
0 29 10: 1255, 22, 2
0 29 10: 1303, 10, 3
0 29 11: 1253, 22, 0
0 29 12: 1390, 10, 0
0 29 13: 1253, 22, 0
0 29 16: 729, 22, 2
0 29 17: 730, 22, 1
0 29 18: 729, 22, 1
0 29 39: 729, 22, 2
0 29 40: 730, 22, 0
0 30 4: 1254, 22, 1
0 30 10: 1390, 10, 3
0 30 11: 1390, 10, 3
0 30 18: 729, 22, 0
0 30 40: 729, 22, 0
0 31 1: 1253, 22, 3
0 31 3: 1255, 22, 0
0 31 6: 1390, 10, 2
0 31 7: 1304, 10, 3
0 31 28: 1303, 10, 3
0 32 1: 1390, 10, 3
0 32 2: 1254, 22, 2
0 32 2: 1304, 10, 1
0 32 3: 1304, 10, 0
0 32 4: 1255, 22, 1
0 32 4: 1304, 10, 2
0 32 5: 1254, 22, 0
0 32 6: 1304, 10, 2
0 32 12: 729, 22, 0
0 32 25: 1390, 10, 0
0 32 26: 1390, 10, 2
0 32 28: 1303, 10, 2
0 32 29: 1303, 10, 0
0 32 39: 730, 22, 3
0 33 0: 729, 22, 1
0 33 2: 1390, 10, 0
0 33 3: 1253, 22, 3
0 33 3: 1304, 10, 0
0 33 4: 1253, 22, 0
0 33 4: 1304, 10, 3
0 33 5: 1255, 22, 3
0 33 9: 729, 22, 3
0 33 13: 729, 22, 1
0 33 14: 730, 22, 1
0 33 15: 729, 22, 0
0 33 21: 1303, 10, 1
0 33 25: 1390, 10, 0
0 33 26: 1390, 10, 1
0 34 3: 1390, 10, 1
0 34 4: 1253, 22, 1
0 34 5: 1390, 10, 1
0 34 9: 729, 22, 2
0 34 13: 729, 22, 2
0 34 14: 729, 22, 2
0 34 15: 729, 22, 3
0 34 16: 729, 22, 0
0 34 22: 1303, 10, 3
0 35 9: 1304, 10, 0
0 35 19: 729, 22, 1
0 35 23: 1184, 10, 0
0 35 24: 1303, 10, 2
0 35 25: 1303, 10, 0
0 35 31: 1400, 10, 3
0 36 14: 1390, 10, 3
0 36 15: 1390, 10, 0
0 36 18: 729, 22, 0
0 36 19: 730, 22, 2
0 36 20: 729, 22, 2
0 36 25: 1303, 10, 1
0 36 26: 1303, 10, 3
0 36 28: 1303, 10, 0
0 37 13: 729, 22, 2
0 37 16: 1390, 10, 1
0 37 20: 729, 22, 3
0 37 21: 730, 22, 3
0 37 22: 729, 22, 1
0 37 26: 1303, 10, 2
0 37 27: 1303, 10, 1
0 37 29: 1303, 10, 3
0 37 33: 729, 22, 2
0 37 34: 730, 22, 2
0 38 4: 1390, 10, 1
0 38 5: 1390, 10, 0
0 38 6: 1390, 10, 3
0 38 10: 729, 22, 0
0 38 11: 729, 22, 1
0 38 21: 729, 22, 0
0 38 23: 729, 22, 2
0 38 24: 729, 22, 3
0 38 32: 729, 22, 1
0 38 33: 729, 22, 1
0 38 34: 729, 22, 3
0 38 35: 730, 22, 1
0 39 4: 1390, 10, 3
0 39 5: 1390, 10, 2
0 39 6: 1390, 10, 0
0 39 10: 729, 22, 0
0 39 20: 1304, 10, 2
0 39 23: 729, 22, 0
0 39 24: 730, 22, 1
0 39 25: 729, 22, 1
0 39 28: 729, 22, 3
0 39 30: 729, 22, 2
0 39 31: 730, 22, 3
0 39 32: 729, 22, 1
0 40 10: 1303, 10, 3
0 40 21: 1304, 10, 3
0 40 24: 729, 22, 2
0 40 25: 729, 22, 3
0 40 27: 729, 22, 1
0 40 28: 730, 22, 2
0 40 29: 729, 22, 2
0 40 31: 729, 22, 3
0 41 9: 1303, 10, 2
0 41 11: 1303, 10, 0
0 41 12: 1303, 10, 1
0 41 17: 729, 22, 2
0 41 22: 1304, 10, 1
0 41 23: 1304, 10, 2
0 41 27: 729, 22, 3
0 41 28: 729, 22, 0
0 41 32: 1304, 10, 1
0 42 11: 1303, 10, 2
0 42 17: 730, 22, 3
0 42 18: 729, 22, 1
0 42 24: 1304, 10, 1
0 42 26: 1304, 10, 1
0 42 28: 1304, 10, 3
0 42 30: 324, 22, 3
0 42 30: 1304, 10, 1
0 42 31: 1304, 10, 2
0 43 14: 1303, 10, 1
0 43 17: 729, 22, 0
0 43 22: 1303, 10, 0
0 43 23: 1390, 10, 0
0 43 24: 1304, 10, 0
0 43 25: 1304, 10, 0
0 43 26: 1304, 10, 2
0 43 27: 1304, 10, 3
0 43 29: 1304, 10, 3
0 44 25: 1304, 10, 0
0 44 28: 1304, 10, 0
0 45 23: 2098, 10, 0
0 45 23: 2741, 22, 0
0 45 24: 2098, 10, 0
0 45 25: 729, 22, 1
0 45 25: 1390, 10, 1
0 46 20: 1304, 10, 0
0 46 21: 729, 22, 0
0 46 22: 729, 22, 3
0 46 23: 2098, 10, 0
0 46 24: 729, 22, 2
0 46 25: 730, 22, 1
0 46 26: 729, 22, 0
0 46 29: 729, 22, 0
0 46 31: 729, 22, 3
0 47 20: 729, 22, 0
0 47 21: 729, 22, 2
0 47 21: 1303, 10, 0
0 47 22: 440, 10, 0
0 47 22: 730, 22, 0
0 47 25: 729, 22, 3
0 47 28: 729, 22, 2
0 47 29: 730, 22, 2
0 48 29: 729, 22, 1
1 8 63: 249, 1, 1
1 9 63: 249, 0, 1
1 10 63: 249, 0, 1
1 11 63: 249, 0, 1
1 12 63: 249, 0, 1
1 13 63: 249, 0, 1
1 14 63: 249, 0, 1
1 15 63: 249, 0, 1
1 16 63: 249, 0, 1
1 17 63: 249, 0, 1
1 18 63: 249, 0, 1
1 19 63: 249, 0, 1
1 20 63: 228, 0, 1
1 21 63: 228, 0, 1
1 22 63: 228, 0, 1
1 23 63: 228, 0, 1
1 24 63: 228, 0, 1
1 25 63: 228, 0, 1
2 16 63: 266, 10, 2
3 16 63: 268, 10, 2
