0 0 8: 1434, 10, 1
0 0 9: 1434, 10, 1
0 0 10: 1434, 10, 1
0 0 11: 1434, 10, 1
0 0 12: 1434, 10, 1
0 0 13: 1434, 10, 1
0 0 14: 1434, 10, 1
0 0 15: 1434, 10, 1
0 0 16: 1434, 10, 1
0 0 17: 1434, 10, 1
0 0 18: 1434, 10, 1
0 0 19: 1434, 10, 1
0 0 20: 1434, 10, 1
0 0 21: 1434, 10, 1
0 0 22: 1434, 10, 1
0 0 23: 1434, 10, 1
0 0 24: 1434, 10, 1
0 0 25: 1434, 10, 1
0 0 26: 1434, 10, 1
0 0 27: 1434, 10, 1
0 0 28: 1434, 10, 1
0 0 29: 1434, 10, 1
0 0 30: 1434, 10, 1
0 0 31: 1434, 10, 1
0 0 32: 1434, 10, 1
0 0 33: 1434, 10, 1
0 0 34: 1434, 10, 1
0 0 35: 1434, 10, 1
0 0 36: 1434, 10, 0
0 0 37: 1434, 10, 0
0 0 38: 1434, 10, 0
0 0 39: 1434, 10, 0
0 0 40: 1434, 10, 0
0 0 41: 1434, 10, 0
0 0 42: 1434, 10, 0
0 0 43: 1434, 10, 0
0 0 44: 1434, 10, 0
0 0 45: 1434, 10, 0
0 0 46: 1434, 10, 0
0 0 47: 1434, 10, 0
0 0 48: 1434, 10, 0
0 0 49: 1434, 10, 0
0 0 50: 1434, 10, 0
0 0 51: 1434, 10, 0
0 0 52: 1434, 10, 0
0 0 53: 1434, 10, 0
0 0 54: 1434, 10, 0
0 0 55: 1434, 10, 0
0 0 56: 1434, 10, 0
0 0 57: 1434, 10, 0
0 0 58: 1434, 10, 0
0 0 59: 1434, 10, 0
0 0 60: 1434, 10, 0
0 0 61: 1434, 10, 0
0 0 62: 1434, 10, 0
0 0 63: 1434, 10, 0
0 1 8: 1434, 10, 1
0 1 9: 1434, 10, 1
0 1 10: 1434, 10, 1
0 1 11: 1434, 10, 1
0 1 12: 1434, 10, 1
0 1 13: 1434, 10, 1
0 1 14: 1434, 10, 1
0 1 15: 1434, 10, 1
0 1 16: 1434, 10, 1
0 1 17: 1434, 10, 1
0 1 18: 1434, 10, 1
0 1 19: 1434, 10, 1
0 1 20: 1434, 10, 1
0 1 21: 1434, 10, 1
0 1 22: 1434, 10, 1
0 1 23: 1434, 10, 1
0 1 24: 1434, 10, 1
0 1 25: 1434, 10, 1
0 1 26: 1434, 10, 1
0 1 27: 1434, 10, 1
0 1 28: 1434, 10, 1
0 1 29: 1434, 10, 1
0 1 30: 1434, 10, 1
0 1 31: 1434, 10, 1
0 1 32: 1434, 10, 1
0 1 33: 1434, 10, 1
0 1 34: 1434, 10, 1
0 1 35: 1434, 10, 0
0 1 36: 1434, 10, 0
0 1 37: 1434, 10, 0
0 1 38: 1434, 10, 0
0 1 39: 1434, 10, 0
0 1 40: 1434, 10, 0
0 1 41: 1434, 10, 0
0 1 42: 1434, 10, 0
0 1 43: 1434, 10, 0
0 1 44: 1434, 10, 0
0 1 45: 1434, 10, 0
0 1 46: 1434, 10, 0
0 1 47: 1434, 10, 0
0 1 48: 1434, 10, 0
0 1 49: 1434, 10, 0
0 1 50: 1434, 10, 0
0 1 51: 1434, 10, 0
0 1 52: 1434, 10, 0
0 1 53: 1434, 10, 0
0 1 54: 1434, 10, 0
0 1 55: 1434, 10, 0
0 1 56: 1434, 10, 0
0 1 57: 1434, 10, 0
0 1 58: 1434, 10, 0
0 1 59: 1434, 10, 0
0 1 60: 1434, 10, 0
0 1 61: 1434, 10, 0
0 1 62: 1434, 10, 0
0 1 63: 1434, 10, 0
0 2 8: 1434, 10, 1
0 2 9: 1434, 10, 1
0 2 10: 1434, 10, 1
0 2 11: 1434, 10, 1
0 2 12: 1434, 10, 1
0 2 13: 1434, 10, 1
0 2 14: 1434, 10, 1
0 2 15: 1434, 10, 1
0 2 16: 1434, 10, 1
0 2 17: 1434, 10, 1
0 2 18: 1434, 10, 1
0 2 19: 1434, 10, 1
0 2 20: 1434, 10, 1
0 2 21: 1434, 10, 1
0 2 22: 1434, 10, 1
0 2 23: 1434, 10, 1
0 2 24: 1434, 10, 1
0 2 25: 1434, 10, 1
0 2 26: 1434, 10, 1
0 2 27: 1434, 10, 1
0 2 28: 1434, 10, 1
0 2 29: 1434, 10, 1
0 2 30: 1434, 10, 1
0 2 31: 1434, 10, 1
0 2 32: 1434, 10, 1
0 2 33: 1434, 10, 0
0 2 34: 1434, 10, 0
0 2 35: 1434, 10, 0
0 2 36: 1434, 10, 0
0 2 37: 1434, 10, 0
0 2 38: 1434, 10, 0
0 2 39: 1434, 10, 0
0 2 40: 1434, 10, 0
0 2 41: 1434, 10, 0
0 2 42: 1434, 10, 0
0 2 43: 1434, 10, 0
0 2 44: 1434, 10, 0
0 2 45: 1434, 10, 0
0 2 46: 1434, 10, 0
0 2 47: 1434, 10, 0
0 2 48: 1434, 10, 0
0 2 49: 1434, 10, 0
0 2 50: 1434, 10, 0
0 2 51: 1434, 10, 0
0 2 52: 1434, 10, 0
0 2 53: 1434, 10, 0
0 2 54: 1434, 10, 0
0 2 55: 1434, 10, 0
0 2 56: 1434, 10, 0
0 2 57: 1434, 10, 0
0 2 58: 1434, 10, 0
0 2 59: 1434, 10, 0
0 2 60: 1434, 10, 0
0 2 61: 1434, 10, 0
0 2 62: 1434, 10, 0
0 2 63: 1434, 10, 0
0 3 8: 1434, 10, 1
0 3 9: 1434, 10, 1
0 3 10: 1434, 10, 1
0 3 11: 1434, 10, 1
0 3 12: 1434, 10, 1
0 3 13: 1434, 10, 1
0 3 14: 1434, 10, 1
0 3 15: 1434, 10, 1
0 3 16: 1434, 10, 1
0 3 17: 1434, 10, 1
0 3 18: 1434, 10, 1
0 3 19: 1434, 10, 1
0 3 20: 1434, 10, 1
0 3 21: 1434, 10, 1
0 3 22: 1434, 10, 1
0 3 23: 1434, 10, 1
0 3 24: 1434, 10, 1
0 3 25: 1434, 10, 1
0 3 26: 1434, 10, 1
0 3 27: 1434, 10, 1
0 3 28: 1434, 10, 1
0 3 29: 1434, 10, 1
0 3 30: 1434, 10, 1
0 3 31: 1434, 10, 1
0 3 32: 1434, 10, 0
0 3 33: 1434, 10, 0
0 3 34: 1434, 10, 0
0 3 35: 1434, 10, 0
0 3 36: 1434, 10, 0
0 3 37: 1434, 10, 0
0 3 38: 1434, 10, 0
0 3 39: 1434, 10, 0
0 3 40: 1434, 10, 0
0 3 41: 1434, 10, 0
0 3 42: 1417, 1, 1
0 3 43: 1417, 0, 2
0 3 44: 1417, 0, 2
0 3 45: 1417, 0, 2
0 3 46: 1417, 1, 2
0 3 47: 1434, 10, 0
0 3 48: 1434, 10, 0
0 3 49: 1434, 10, 0
0 3 50: 1434, 10, 0
0 3 51: 1434, 10, 0
0 3 52: 1434, 10, 0
0 3 53: 1434, 10, 0
0 3 54: 1434, 10, 0
0 3 55: 1434, 10, 0
0 3 56: 1434, 10, 0
0 3 57: 1434, 10, 0
0 3 58: 1434, 10, 0
0 3 59: 1434, 10, 0
0 3 60: 1434, 10, 0
0 3 61: 1434, 10, 0
0 3 62: 1434, 10, 0
0 3 63: 1434, 10, 0
0 4 8: 1434, 10, 1
0 4 9: 1434, 10, 1
0 4 10: 1434, 10, 1
0 4 11: 1434, 10, 1
0 4 12: 1434, 10, 1
0 4 13: 1434, 10, 1
0 4 14: 1434, 10, 1
0 4 15: 1434, 10, 1
0 4 16: 1434, 10, 1
0 4 17: 1434, 10, 1
0 4 18: 1434, 10, 1
0 4 19: 1434, 10, 1
0 4 20: 1434, 10, 1
0 4 21: 1434, 10, 1
0 4 22: 1434, 10, 1
0 4 23: 1434, 10, 1
0 4 24: 1434, 10, 1
0 4 25: 1434, 10, 1
0 4 26: 1434, 10, 1
0 4 27: 1434, 10, 1
0 4 28: 1434, 10, 1
0 4 29: 1434, 10, 1
0 4 30: 1434, 10, 1
0 4 31: 1434, 10, 1
0 4 32: 1434, 10, 0
0 4 33: 1434, 10, 0
0 4 34: 1434, 10, 0
0 4 35: 1434, 10, 0
0 4 36: 1434, 10, 0
0 4 37: 1434, 10, 0
0 4 38: 1434, 10, 0
0 4 39: 1434, 10, 0
0 4 40: 1434, 10, 0
0 4 41: 1417, 1, 1
0 4 42: 1417, 9, 1
0 4 43: 321, 22, 0
0 4 43: 706, 4, 0
0 4 44: 320, 22, 2
0 4 44: 1172, 10, 0
0 4 45: 198, 4, 0
0 4 45: 1172, 10, 1
0 4 46: 1417, 9, 2
0 4 47: 1417, 1, 2
0 4 48: 1434, 10, 0
0 4 49: 1434, 10, 0
0 4 50: 1434, 10, 0
0 4 51: 1434, 10, 0
0 4 52: 1434, 10, 0
0 4 53: 1434, 10, 0
0 4 54: 1434, 10, 0
0 4 55: 1434, 10, 0
0 4 56: 1434, 10, 0
0 4 57: 1434, 10, 0
0 4 58: 1434, 10, 0
0 4 59: 1434, 10, 0
0 4 60: 1434, 10, 0
0 4 61: 1434, 10, 0
0 4 62: 1434, 10, 0
0 4 63: 1434, 10, 0
0 5 8: 1434, 10, 1
0 5 9: 1434, 10, 1
0 5 10: 1434, 10, 1
0 5 11: 1434, 10, 1
0 5 12: 1434, 10, 1
0 5 13: 1434, 10, 1
0 5 14: 1434, 10, 1
0 5 15: 1434, 10, 1
0 5 16: 1434, 10, 1
0 5 17: 1434, 10, 1
0 5 18: 1434, 10, 1
0 5 19: 1434, 10, 1
0 5 20: 1434, 10, 1
0 5 21: 1434, 10, 1
0 5 22: 1434, 10, 1
0 5 23: 1434, 10, 1
0 5 24: 1434, 10, 1
0 5 25: 1434, 10, 1
0 5 26: 1434, 10, 1
0 5 27: 1434, 10, 1
0 5 28: 1434, 10, 1
0 5 29: 1434, 10, 0
0 5 30: 1434, 10, 0
0 5 31: 1434, 10, 0
0 5 32: 1434, 10, 0
0 5 33: 1434, 10, 0
0 5 34: 1434, 10, 0
0 5 35: 1434, 10, 0
0 5 36: 1434, 10, 0
0 5 37: 1434, 10, 0
0 5 38: 1417, 1, 1
0 5 39: 321, 22, 1
0 5 39: 1417, 0, 2
0 5 40: 1417, 0, 2
0 5 41: 320, 22, 0
0 5 41: 1417, 9, 1
0 5 42: 320, 22, 3
0 5 43: 320, 22, 3
0 5 44: 320, 22, 2
0 5 45: 321, 22, 3
0 5 45: 1172, 11, 0
0 5 46: 320, 22, 3
0 5 47: 1417, 9, 2
0 5 48: 1417, 1, 2
0 5 49: 1434, 10, 0
0 5 50: 1434, 10, 0
0 5 51: 1434, 10, 0
0 5 52: 1434, 10, 0
0 5 53: 1434, 10, 0
0 5 54: 1434, 10, 0
0 5 55: 1434, 10, 0
0 5 56: 1434, 10, 0
0 5 57: 1434, 10, 0
0 5 58: 1434, 10, 0
0 5 59: 1434, 10, 0
0 5 60: 1434, 10, 0
0 5 61: 1434, 10, 0
0 5 62: 1434, 10, 0
0 5 63: 1434, 10, 0
0 6 8: 1434, 10, 1
0 6 9: 1434, 10, 1
0 6 10: 1434, 10, 1
0 6 11: 1434, 10, 1
0 6 12: 1434, 10, 1
0 6 13: 1434, 10, 1
0 6 14: 1434, 10, 1
0 6 15: 1434, 10, 1
0 6 16: 1434, 10, 1
0 6 17: 1434, 10, 1
0 6 18: 1434, 10, 1
0 6 19: 1434, 10, 1
0 6 20: 1434, 10, 1
0 6 21: 1434, 10, 1
0 6 22: 1434, 10, 1
0 6 23: 1434, 10, 1
0 6 24: 1434, 10, 1
0 6 25: 1434, 10, 1
0 6 26: 1434, 10, 1
0 6 27: 1434, 10, 1
0 6 28: 1434, 10, 0
0 6 29: 1434, 10, 0
0 6 30: 1434, 10, 0
0 6 31: 1434, 10, 0
0 6 32: 1434, 10, 0
0 6 33: 1434, 10, 0
0 6 34: 1434, 10, 0
0 6 35: 1434, 10, 0
0 6 36: 1434, 10, 0
0 6 37: 1417, 1, 1
0 6 38: 1417, 9, 1
0 6 39: 321, 22, 3
0 6 39: 543, 10, 1
0 6 40: 198, 4, 0
0 6 40: 321, 22, 0
0 6 41: 320, 22, 0
0 6 43: 543, 10, 0
0 6 45: 320, 22, 0
0 6 46: 320, 22, 0
0 6 47: 1172, 11, 3
0 6 48: 1417, 9, 2
0 6 49: 1417, 0, 2
0 6 50: 1417, 0, 2
0 6 51: 1417, 1, 2
0 6 52: 1434, 10, 0
0 6 53: 1434, 10, 0
0 6 54: 1434, 10, 0
0 6 55: 1434, 10, 0
0 6 56: 1434, 10, 0
0 6 57: 1434, 10, 0
0 6 58: 1434, 10, 0
0 6 59: 1434, 10, 0
0 6 60: 1434, 10, 0
0 6 61: 1434, 10, 0
0 6 62: 1434, 10, 0
0 6 63: 1434, 10, 0
0 7 8: 1434, 10, 1
0 7 9: 1434, 10, 1
0 7 10: 1434, 10, 1
0 7 11: 1434, 10, 1
0 7 12: 1434, 10, 1
0 7 13: 1434, 10, 1
0 7 14: 1434, 10, 1
0 7 15: 1434, 10, 1
0 7 16: 1434, 10, 1
0 7 17: 1434, 10, 1
0 7 18: 1434, 10, 1
0 7 19: 1434, 10, 1
0 7 20: 1434, 10, 1
0 7 21: 1434, 10, 1
0 7 22: 1434, 10, 1
0 7 23: 1434, 10, 1
0 7 24: 1434, 10, 1
0 7 25: 1434, 10, 1
0 7 26: 1434, 10, 1
0 7 27: 1434, 10, 1
0 7 28: 1434, 10, 1
0 7 29: 1434, 10, 0
0 7 30: 1434, 10, 0
0 7 31: 1434, 10, 0
0 7 32: 1434, 10, 0
0 7 33: 1434, 10, 0
0 7 34: 1434, 10, 0
0 7 35: 1434, 10, 0
0 7 36: 1417, 1, 1
0 7 37: 1417, 9, 1
0 7 38: 321, 22, 2
0 7 39: 320, 22, 2
0 7 40: 320, 22, 1
0 7 41: 320, 22, 1
0 7 42: 543, 10, 3
0 7 44: 543, 10, 2
0 7 46: 542, 10, 2
0 7 48: 320, 22, 1
0 7 49: 321, 22, 1
0 7 49: 706, 4, 0
0 7 50: 198, 4, 0
0 7 50: 321, 22, 0
0 7 51: 321, 22, 0
0 7 51: 1417, 9, 2
0 7 52: 1417, 1, 2
0 7 53: 1434, 10, 0
0 7 54: 1434, 10, 0
0 7 55: 1434, 10, 0
0 7 56: 1434, 10, 0
0 7 57: 1434, 10, 0
0 7 58: 1434, 10, 0
0 7 59: 1434, 10, 0
0 7 60: 1434, 10, 0
0 7 61: 1434, 10, 0
0 7 62: 1434, 10, 0
0 7 63: 1434, 10, 0
0 8 8: 1434, 10, 1
0 8 9: 1434, 10, 1
0 8 10: 1434, 10, 1
0 8 11: 1434, 10, 1
0 8 12: 1434, 10, 1
0 8 13: 1434, 10, 1
0 8 14: 1434, 10, 1
0 8 15: 1434, 10, 1
0 8 16: 1434, 10, 1
0 8 17: 1434, 10, 1
0 8 18: 1434, 10, 1
0 8 19: 1434, 10, 1
0 8 20: 1434, 10, 1
0 8 21: 1434, 10, 1
0 8 22: 1434, 10, 1
0 8 23: 1434, 10, 1
0 8 24: 1434, 10, 1
0 8 25: 1434, 10, 1
0 8 26: 1434, 10, 1
0 8 27: 1434, 10, 0
0 8 28: 1434, 10, 0
0 8 29: 1434, 10, 0
0 8 30: 1434, 10, 0
0 8 31: 1434, 10, 0
0 8 32: 1434, 10, 0
0 8 33: 1434, 10, 0
0 8 34: 1434, 10, 0
0 8 35: 1417, 1, 1
0 8 36: 1417, 9, 1
0 8 37: 1172, 10, 2
0 8 38: 543, 10, 2
0 8 45: 542, 10, 3
0 8 46: 541, 10, 3
0 8 47: 542, 10, 1
0 8 48: 320, 22, 0
0 8 49: 320, 22, 2
0 8 50: 325, 22, 2
0 8 50: 1168, 10, 2
0 8 51: 1167, 10, 3
0 8 52: 1417, 9, 2
0 8 53: 1417, 1, 2
0 8 54: 1434, 10, 0
0 8 55: 1434, 10, 0
0 8 56: 1434, 10, 0
0 8 57: 1434, 10, 0
0 8 58: 1434, 10, 0
0 8 59: 1434, 10, 0
0 8 60: 1434, 10, 0
0 8 61: 1434, 10, 0
0 8 62: 1434, 10, 0
0 8 63: 1434, 10, 0
0 9 8: 1434, 10, 1
0 9 9: 1434, 10, 1
0 9 10: 1434, 10, 1
0 9 11: 1434, 10, 1
0 9 12: 1434, 10, 1
0 9 13: 1434, 10, 1
0 9 14: 1434, 10, 1
0 9 15: 1434, 10, 1
0 9 16: 1434, 10, 1
0 9 17: 1434, 10, 1
0 9 18: 1434, 10, 1
0 9 19: 1434, 10, 1
0 9 20: 1434, 10, 1
0 9 21: 1434, 10, 1
0 9 22: 1434, 10, 1
0 9 23: 1434, 10, 1
0 9 24: 1434, 10, 1
0 9 25: 1434, 10, 1
0 9 26: 1434, 10, 1
0 9 27: 1434, 10, 0
0 9 28: 1434, 10, 0
0 9 29: 1434, 10, 0
0 9 30: 1434, 10, 0
0 9 31: 1434, 10, 0
0 9 32: 1434, 10, 0
0 9 33: 1434, 10, 0
0 9 34: 1417, 1, 1
0 9 35: 1417, 9, 1
0 9 36: 320, 22, 2
0 9 39: 320, 22, 0
0 9 40: 321, 22, 2
0 9 40: 466, 10, 1
0 9 42: 542, 10, 3
0 9 46: 542, 10, 0
0 9 48: 543, 10, 3
0 9 50: 320, 22, 1
0 9 51: 320, 22, 1
0 9 51: 1168, 10, 0
0 9 52: 1168, 10, 1
0 9 53: 1417, 9, 2
0 9 54: 1417, 1, 2
0 9 55: 1434, 10, 0
0 9 56: 1434, 10, 0
0 9 57: 1434, 10, 0
0 9 58: 1434, 10, 0
0 9 59: 1434, 10, 0
0 9 60: 1434, 10, 0
0 9 61: 1434, 10, 0
0 9 62: 1434, 10, 0
0 9 63: 1434, 10, 0
0 10 8: 1434, 10, 1
0 10 9: 1434, 10, 1
0 10 10: 1434, 10, 1
0 10 11: 1434, 10, 1
0 10 12: 1434, 10, 1
0 10 13: 1434, 10, 1
0 10 14: 1434, 10, 1
0 10 15: 1434, 10, 1
0 10 16: 1434, 10, 1
0 10 17: 1434, 10, 1
0 10 18: 1434, 10, 1
0 10 19: 1434, 10, 1
0 10 20: 1434, 10, 1
0 10 21: 1434, 10, 1
0 10 22: 1434, 10, 1
0 10 23: 1434, 10, 1
0 10 24: 1434, 10, 1
0 10 25: 1434, 10, 1
0 10 26: 1434, 10, 0
0 10 27: 1434, 10, 0
0 10 28: 1434, 10, 0
0 10 29: 1434, 10, 0
0 10 30: 1434, 10, 0
0 10 31: 1434, 10, 0
0 10 32: 1434, 10, 0
0 10 33: 1434, 10, 0
0 10 34: 1417, 0, 1
0 10 35: 198, 4, 3
0 10 35: 321, 22, 3
0 10 36: 320, 22, 0
0 10 36: 1172, 10, 3
0 10 39: 320, 22, 3
0 10 42: 541, 10, 0
0 10 51: 320, 22, 3
0 10 52: 320, 22, 3
0 10 52: 1167, 10, 2
0 10 53: 321, 22, 3
0 10 53: 1172, 11, 3
0 10 53: 1452, 4, 1
0 10 54: 1417, 0, 3
0 10 55: 1434, 10, 0
0 10 56: 1434, 10, 0
0 10 57: 1434, 10, 0
0 10 58: 1434, 10, 0
0 10 59: 1434, 10, 0
0 10 60: 1434, 10, 0
0 10 61: 1434, 10, 0
0 10 62: 1434, 10, 1
0 10 63: 1434, 10, 1
0 11 8: 1434, 10, 1
0 11 9: 1434, 10, 1
0 11 10: 1434, 10, 1
0 11 11: 1434, 10, 1
0 11 12: 1434, 10, 1
0 11 13: 1434, 10, 1
0 11 14: 1434, 10, 1
0 11 15: 1434, 10, 1
0 11 16: 1434, 10, 1
0 11 17: 1434, 10, 1
0 11 18: 1434, 10, 1
0 11 19: 1434, 10, 1
0 11 20: 1434, 10, 1
0 11 21: 1434, 10, 1
0 11 22: 1434, 10, 1
0 11 23: 1434, 10, 1
0 11 24: 1434, 10, 1
0 11 25: 1434, 10, 1
0 11 26: 1434, 10, 0
0 11 27: 1434, 10, 0
0 11 28: 1434, 10, 0
0 11 29: 1434, 10, 0
0 11 30: 1434, 10, 0
0 11 31: 1434, 10, 0
0 11 32: 1434, 10, 0
0 11 33: 1434, 10, 0
0 11 34: 1417, 0, 1
0 11 35: 320, 22, 1
0 11 35: 1172, 10, 0
0 11 39: 320, 22, 3
0 11 40: 320, 22, 2
0 11 41: 320, 22, 2
0 11 41: 542, 10, 0
0 11 44: 543, 10, 3
0 11 47: 320, 22, 1
0 11 48: 320, 22, 0
0 11 49: 320, 22, 0
0 11 51: 543, 10, 2
0 11 52: 320, 22, 0
0 11 53: 320, 22, 1
0 11 53: 706, 4, 1
0 11 54: 1417, 0, 3
0 11 55: 1434, 10, 0
0 11 56: 1434, 10, 0
0 11 57: 1434, 10, 0
0 11 58: 1434, 10, 0
0 11 59: 1434, 10, 0
0 11 60: 1434, 10, 0
0 11 61: 1434, 10, 0
0 11 62: 1434, 10, 0
0 11 63: 1434, 10, 1
0 12 0: 1434, 10, 1
0 12 1: 1434, 10, 1
0 12 2: 1434, 10, 1
0 12 3: 1434, 10, 1
0 12 4: 1434, 10, 1
0 12 5: 1434, 10, 1
0 12 6: 1434, 10, 1
0 12 7: 1434, 10, 1
0 12 8: 1434, 10, 1
0 12 9: 1434, 10, 1
0 12 10: 1434, 10, 1
0 12 11: 1434, 10, 1
0 12 12: 1434, 10, 1
0 12 13: 1434, 10, 1
0 12 14: 1434, 10, 1
0 12 15: 1434, 10, 1
0 12 16: 1434, 10, 1
0 12 17: 1434, 10, 1
0 12 18: 1434, 10, 1
0 12 19: 1434, 10, 1
0 12 20: 1434, 10, 1
0 12 21: 1434, 10, 1
0 12 22: 1434, 10, 1
0 12 23: 1434, 10, 1
0 12 24: 1434, 10, 1
0 12 25: 1434, 10, 1
0 12 26: 1434, 10, 1
0 12 27: 1434, 10, 0
0 12 28: 1434, 10, 0
0 12 29: 1434, 10, 0
0 12 30: 1434, 10, 0
0 12 31: 1434, 10, 0
0 12 32: 1434, 10, 0
0 12 33: 1434, 10, 0
0 12 34: 1417, 0, 1
0 12 35: 320, 22, 3
0 12 35: 706, 4, 3
0 12 43: 320, 22, 0
0 12 44: 320, 22, 2
0 12 47: 320, 22, 2
0 12 47: 542, 10, 2
0 12 48: 321, 22, 2
0 12 48: 465, 10, 2
0 12 49: 321, 22, 1
0 12 50: 543, 10, 0
0 12 52: 320, 22, 3
0 12 53: 198, 4, 1
0 12 53: 321, 22, 2
0 12 54: 1417, 0, 3
0 12 55: 1434, 10, 0
0 12 56: 1434, 10, 0
0 12 57: 1434, 10, 0
0 12 58: 1434, 10, 0
0 12 59: 1434, 10, 0
0 12 60: 1434, 10, 1
0 12 61: 1434, 10, 1
0 12 62: 1434, 10, 1
0 12 63: 1434, 10, 1
0 13 0: 1434, 10, 1
0 13 1: 1434, 10, 1
0 13 2: 1434, 10, 1
0 13 3: 1434, 10, 1
0 13 4: 1434, 10, 1
0 13 5: 1434, 10, 1
0 13 6: 1434, 10, 1
0 13 7: 1434, 10, 1
0 13 8: 1434, 10, 1
0 13 9: 1434, 10, 1
0 13 10: 1434, 10, 1
0 13 11: 1434, 10, 1
0 13 12: 1434, 10, 1
0 13 13: 1434, 10, 1
0 13 14: 1434, 10, 1
0 13 15: 1434, 10, 1
0 13 16: 1434, 10, 1
0 13 17: 1434, 10, 1
0 13 18: 1434, 10, 1
0 13 19: 1434, 10, 1
0 13 20: 1434, 10, 1
0 13 21: 1434, 10, 1
0 13 22: 1434, 10, 1
0 13 23: 1434, 10, 1
0 13 24: 1434, 10, 1
0 13 25: 1434, 10, 1
0 13 26: 1434, 10, 1
0 13 27: 1434, 10, 0
0 13 28: 1434, 10, 0
0 13 29: 1434, 10, 0
0 13 30: 1434, 10, 0
0 13 31: 1434, 10, 0
0 13 32: 1434, 10, 0
0 13 33: 1434, 10, 0
0 13 34: 1417, 0, 1
0 13 35: 321, 22, 1
0 13 36: 320, 22, 0
0 13 42: 320, 22, 3
0 13 43: 321, 22, 1
0 13 44: 321, 22, 2
0 13 45: 320, 22, 2
0 13 48: 321, 22, 3
0 13 49: 321, 22, 0
0 13 51: 543, 10, 1
0 13 52: 320, 22, 3
0 13 53: 320, 22, 2
0 13 53: 1452, 4, 1
0 13 54: 1417, 0, 3
0 13 55: 1434, 10, 0
0 13 56: 1434, 10, 0
0 13 57: 1434, 10, 0
0 13 58: 1434, 10, 0
0 13 59: 1434, 10, 1
0 13 60: 1434, 10, 1
0 13 61: 1434, 10, 1
0 13 62: 1434, 10, 1
0 13 63: 1434, 10, 1
0 14 0: 1434, 10, 1
0 14 1: 1434, 10, 1
0 14 2: 1434, 10, 1
0 14 3: 1434, 10, 1
0 14 4: 1434, 10, 1
0 14 5: 1434, 10, 1
0 14 6: 1434, 10, 1
0 14 7: 1434, 10, 1
0 14 8: 1434, 10, 1
0 14 9: 1434, 10, 1
0 14 10: 1434, 10, 1
0 14 11: 1434, 10, 1
0 14 12: 1434, 10, 1
0 14 13: 1434, 10, 1
0 14 14: 1434, 10, 1
0 14 15: 1434, 10, 1
0 14 16: 1434, 10, 1
0 14 17: 1434, 10, 1
0 14 18: 1434, 10, 1
0 14 19: 1434, 10, 1
0 14 20: 1434, 10, 1
0 14 21: 1434, 10, 1
0 14 22: 1434, 10, 1
0 14 23: 1434, 10, 1
0 14 24: 1434, 10, 1
0 14 25: 1434, 10, 1
0 14 26: 1434, 10, 1
0 14 27: 1434, 10, 0
0 14 28: 1434, 10, 0
0 14 29: 1434, 10, 0
0 14 30: 1434, 10, 0
0 14 31: 1434, 10, 0
0 14 32: 1434, 10, 0
0 14 33: 1434, 10, 0
0 14 34: 1417, 1, 0
0 14 35: 1417, 9, 0
0 14 36: 320, 22, 1
0 14 36: 700, 10, 3
0 14 43: 320, 22, 0
0 14 44: 320, 22, 1
0 14 47: 542, 10, 0
0 14 48: 541, 10, 1
0 14 49: 542, 10, 1
0 14 53: 1454, 4, 1
0 14 54: 1417, 0, 3
0 14 55: 1434, 10, 0
0 14 56: 1434, 10, 0
0 14 57: 1434, 10, 1
0 14 58: 1434, 10, 0
0 14 59: 1434, 10, 1
0 14 60: 1434, 10, 1
0 14 61: 1434, 10, 1
0 14 62: 1434, 10, 1
0 14 63: 1434, 10, 1
0 15 0: 1434, 10, 1
0 15 1: 1434, 10, 1
0 15 2: 1434, 10, 1
0 15 3: 1434, 10, 1
0 15 4: 1434, 10, 1
0 15 5: 1434, 10, 1
0 15 6: 1434, 10, 1
0 15 7: 1434, 10, 1
0 15 8: 1434, 10, 1
0 15 9: 1434, 10, 1
0 15 10: 1434, 10, 1
0 15 11: 1434, 10, 1
0 15 12: 1434, 10, 1
0 15 13: 1434, 10, 1
0 15 14: 1434, 10, 1
0 15 15: 1434, 10, 1
0 15 16: 1434, 10, 1
0 15 17: 1434, 10, 1
0 15 18: 1434, 10, 1
0 15 19: 1434, 10, 1
0 15 20: 1434, 10, 1
0 15 21: 1434, 10, 1
0 15 22: 1434, 10, 1
0 15 23: 1434, 10, 1
0 15 24: 1434, 10, 1
0 15 25: 1434, 10, 1
0 15 26: 1434, 10, 1
0 15 27: 1434, 10, 0
0 15 28: 1434, 10, 0
0 15 29: 1434, 10, 0
0 15 30: 1434, 10, 0
0 15 31: 1434, 10, 0
0 15 32: 1434, 10, 0
0 15 33: 1434, 10, 0
0 15 34: 1434, 10, 0
0 15 35: 1417, 0, 1
0 15 36: 198, 4, 3
0 15 36: 320, 22, 2
0 15 37: 320, 22, 3
0 15 53: 321, 22, 1
0 15 53: 1453, 4, 1
0 15 54: 1417, 0, 3
0 15 55: 1434, 10, 0
0 15 56: 1434, 10, 0
0 15 57: 1434, 10, 1
0 15 58: 1434, 10, 1
0 15 59: 1434, 10, 1
0 15 60: 1434, 10, 1
0 15 61: 1434, 10, 1
0 15 62: 1434, 10, 1
0 15 63: 1434, 10, 1
0 16 0: 1434, 10, 1
0 16 1: 1434, 10, 1
0 16 2: 1434, 10, 1
0 16 3: 1434, 10, 1
0 16 4: 1434, 10, 1
0 16 5: 1434, 10, 1
0 16 6: 1434, 10, 1
0 16 7: 1434, 10, 1
0 16 8: 1434, 10, 1
0 16 9: 1434, 10, 1
0 16 10: 1434, 10, 1
0 16 11: 1434, 10, 1
0 16 12: 1434, 10, 1
0 16 13: 1434, 10, 1
0 16 14: 1434, 10, 1
0 16 15: 1434, 10, 1
0 16 16: 1434, 10, 1
0 16 17: 1434, 10, 1
0 16 18: 1434, 10, 1
0 16 19: 1434, 10, 1
0 16 20: 1434, 10, 1
0 16 21: 1434, 10, 1
0 16 22: 1434, 10, 1
0 16 23: 1434, 10, 1
0 16 24: 1434, 10, 1
0 16 25: 1434, 10, 1
0 16 26: 1434, 10, 1
0 16 27: 1434, 10, 0
0 16 28: 1434, 10, 0
0 16 29: 1434, 10, 0
0 16 30: 1434, 10, 0
0 16 31: 1434, 10, 0
0 16 32: 1434, 10, 0
0 16 33: 1434, 10, 0
0 16 34: 1434, 10, 0
0 16 35: 1417, 0, 1
0 16 36: 321, 22, 2
0 16 37: 320, 22, 0
0 16 52: 321, 22, 0
0 16 53: 198, 4, 1
0 16 53: 321, 22, 0
0 16 54: 1417, 0, 3
0 16 55: 1434, 10, 0
0 16 56: 1434, 10, 1
0 16 57: 1434, 10, 1
0 16 58: 1434, 10, 1
0 16 59: 1434, 10, 1
0 16 60: 1434, 10, 1
0 16 61: 1434, 10, 1
0 16 62: 1434, 10, 1
0 16 63: 1434, 10, 1
0 17 0: 1434, 10, 1
0 17 1: 1434, 10, 1
0 17 2: 1434, 10, 1
0 17 3: 1434, 10, 1
0 17 4: 1434, 10, 1
0 17 5: 1434, 10, 1
0 17 6: 1434, 10, 1
0 17 7: 1434, 10, 1
0 17 8: 1434, 10, 1
0 17 9: 1434, 10, 1
0 17 10: 1434, 10, 1
0 17 11: 1434, 10, 1
0 17 12: 1434, 10, 1
0 17 13: 1434, 10, 1
0 17 14: 1434, 10, 1
0 17 15: 1434, 10, 1
0 17 16: 1434, 10, 1
0 17 17: 1434, 10, 1
0 17 18: 1434, 10, 1
0 17 19: 1434, 10, 1
0 17 20: 1434, 10, 1
0 17 21: 1434, 10, 1
0 17 22: 1434, 10, 1
0 17 23: 1434, 10, 1
0 17 24: 1434, 10, 1
0 17 25: 1434, 10, 1
0 17 26: 1434, 10, 1
0 17 27: 1434, 10, 0
0 17 28: 1434, 10, 0
0 17 29: 1434, 10, 0
0 17 30: 1434, 10, 0
0 17 31: 1434, 10, 0
0 17 32: 1434, 10, 0
0 17 33: 1434, 10, 0
0 17 34: 1434, 10, 0
0 17 35: 1417, 1, 0
0 17 36: 320, 22, 1
0 17 36: 1417, 9, 0
0 17 37: 700, 10, 0
0 17 43: 321, 22, 0
0 17 43: 466, 10, 0
0 17 44: 321, 22, 1
0 17 51: 320, 22, 0
0 17 52: 320, 22, 1
0 17 53: 1417, 9, 3
0 17 53: 1452, 7, 3
0 17 54: 1417, 1, 3
0 17 55: 1434, 10, 0
0 17 56: 1434, 10, 1
0 17 57: 1434, 10, 1
0 17 58: 1434, 10, 1
0 17 59: 1434, 10, 1
0 17 60: 1434, 10, 1
0 17 61: 1434, 10, 1
0 17 62: 1434, 10, 1
0 17 63: 1434, 10, 1
0 18 0: 1434, 10, 1
0 18 1: 1434, 10, 1
0 18 2: 1434, 10, 1
0 18 3: 1434, 10, 1
0 18 4: 1434, 10, 1
0 18 5: 1434, 10, 1
0 18 6: 1434, 10, 1
0 18 7: 1434, 10, 1
0 18 8: 1434, 10, 1
0 18 9: 1434, 10, 1
0 18 10: 1434, 10, 1
0 18 11: 1434, 10, 1
0 18 12: 1434, 10, 1
0 18 13: 1434, 10, 1
0 18 14: 1434, 10, 1
0 18 15: 1434, 10, 1
0 18 16: 1434, 10, 1
0 18 17: 1434, 10, 1
0 18 18: 1434, 10, 1
0 18 19: 1434, 10, 1
0 18 20: 1434, 10, 1
0 18 21: 1434, 10, 1
0 18 22: 1434, 10, 1
0 18 23: 1434, 10, 1
0 18 24: 1434, 10, 1
0 18 25: 1434, 10, 1
0 18 26: 1434, 10, 1
0 18 27: 1434, 10, 0
0 18 28: 1434, 10, 0
0 18 29: 1434, 10, 0
0 18 30: 1434, 10, 0
0 18 31: 1434, 10, 0
0 18 32: 1434, 10, 0
0 18 33: 1434, 10, 0
0 18 34: 1434, 10, 0
0 18 35: 1434, 10, 0
0 18 36: 1417, 1, 0
0 18 37: 1417, 9, 0
0 18 38: 320, 22, 2
0 18 39: 320, 22, 0
0 18 40: 320, 22, 0
0 18 44: 321, 22, 0
0 18 48: 1172, 10, 2
0 18 51: 320, 22, 0
0 18 51: 1172, 10, 0
0 18 52: 321, 22, 3
0 18 52: 1417, 9, 3
0 18 52: 1453, 7, 3
0 18 53: 1417, 1, 3
0 18 54: 1434, 10, 0
0 18 55: 1434, 10, 0
0 18 56: 1434, 10, 1
0 18 57: 1434, 10, 1
0 18 58: 1434, 10, 1
0 18 59: 1434, 10, 1
0 18 60: 1434, 10, 1
0 18 61: 1434, 10, 1
0 18 62: 1434, 10, 1
0 18 63: 1434, 10, 1
0 19 0: 1434, 10, 1
0 19 1: 1434, 10, 1
0 19 2: 1434, 10, 1
0 19 3: 1434, 10, 1
0 19 4: 1434, 10, 1
0 19 5: 1434, 10, 1
0 19 6: 1434, 10, 1
0 19 7: 1434, 10, 1
0 19 8: 1434, 10, 1
0 19 9: 1434, 10, 1
0 19 10: 1434, 10, 1
0 19 11: 1434, 10, 1
0 19 12: 1434, 10, 1
0 19 13: 1434, 10, 1
0 19 14: 1434, 10, 1
0 19 15: 1434, 10, 1
0 19 16: 1434, 10, 1
0 19 17: 1434, 10, 1
0 19 18: 1434, 10, 1
0 19 19: 1434, 10, 1
0 19 20: 1434, 10, 1
0 19 21: 1434, 10, 1
0 19 22: 1434, 10, 1
0 19 23: 1434, 10, 1
0 19 24: 1434, 10, 1
0 19 25: 1434, 10, 1
0 19 26: 1434, 10, 1
0 19 27: 1434, 10, 1
0 19 28: 1434, 10, 0
0 19 29: 1434, 10, 0
0 19 30: 1434, 10, 0
0 19 31: 1434, 10, 0
0 19 32: 1434, 10, 0
0 19 33: 1434, 10, 0
0 19 34: 1434, 10, 0
0 19 35: 1434, 10, 0
0 19 36: 1434, 10, 0
0 19 37: 1417, 1, 0
0 19 38: 1417, 9, 0
0 19 39: 321, 22, 3
0 19 40: 320, 22, 2
0 19 40: 1417, 9, 3
0 19 41: 1417, 9, 0
0 19 49: 320, 22, 0
0 19 49: 1172, 10, 1
0 19 50: 320, 22, 1
0 19 51: 320, 22, 2
0 19 51: 1417, 9, 3
0 19 51: 1454, 7, 3
0 19 52: 1417, 1, 3
0 19 53: 1434, 10, 0
0 19 54: 1434, 10, 0
0 19 55: 1434, 10, 0
0 19 56: 1434, 10, 1
0 19 57: 1434, 10, 1
0 19 58: 1434, 10, 1
0 19 59: 1434, 10, 1
0 19 60: 1434, 10, 1
0 19 61: 1434, 10, 1
0 19 62: 1434, 10, 1
0 19 63: 1434, 10, 1
0 20 0: 1434, 10, 1
0 20 1: 1434, 10, 1
0 20 2: 1434, 10, 1
0 20 3: 1434, 10, 1
0 20 4: 1434, 10, 1
0 20 5: 1434, 10, 1
0 20 6: 1434, 10, 1
0 20 7: 1434, 10, 1
0 20 8: 1434, 10, 1
0 20 9: 1434, 10, 1
0 20 10: 1434, 10, 1
0 20 11: 1434, 10, 1
0 20 12: 1434, 10, 1
0 20 13: 1434, 10, 1
0 20 14: 1434, 10, 1
0 20 15: 1434, 10, 1
0 20 16: 1434, 10, 1
0 20 17: 1434, 10, 1
0 20 18: 1434, 10, 1
0 20 19: 1434, 10, 1
0 20 20: 1434, 10, 1
0 20 21: 1434, 10, 1
0 20 22: 1434, 10, 1
0 20 23: 1434, 10, 1
0 20 24: 1434, 10, 1
0 20 25: 1434, 10, 1
0 20 26: 1434, 10, 1
0 20 27: 1434, 10, 1
0 20 28: 1434, 10, 0
0 20 29: 1434, 10, 0
0 20 30: 1434, 10, 0
0 20 31: 1434, 10, 0
0 20 32: 1434, 10, 0
0 20 33: 1434, 10, 0
0 20 34: 1434, 10, 0
0 20 35: 1434, 10, 0
0 20 36: 1434, 10, 0
0 20 37: 1434, 10, 0
0 20 38: 1417, 1, 0
0 20 39: 1417, 0, 0
0 20 40: 1417, 1, 3
0 20 41: 1417, 1, 0
0 20 42: 1417, 9, 0
0 20 45: 542, 10, 2
0 20 48: 320, 22, 3
0 20 48: 1172, 10, 3
0 20 49: 321, 22, 2
0 20 50: 320, 22, 1
0 20 50: 1417, 9, 3
0 20 50: 1452, 7, 3
0 20 51: 1417, 1, 3
0 20 52: 1434, 10, 0
0 20 53: 1434, 10, 0
0 20 54: 1434, 10, 0
0 20 55: 1434, 10, 0
0 20 56: 1434, 10, 1
0 20 57: 1434, 10, 1
0 20 58: 1434, 10, 1
0 20 59: 1434, 10, 1
0 20 60: 1434, 10, 1
0 20 61: 1434, 10, 1
0 20 62: 1434, 10, 1
0 20 63: 1434, 10, 1
0 21 0: 1434, 10, 1
0 21 1: 1434, 10, 1
0 21 2: 1434, 10, 1
0 21 3: 1434, 10, 1
0 21 4: 1434, 10, 1
0 21 5: 1434, 10, 1
0 21 6: 1434, 10, 1
0 21 7: 1434, 10, 1
0 21 8: 1434, 10, 1
0 21 9: 1434, 10, 1
0 21 10: 1434, 10, 1
0 21 11: 1434, 10, 1
0 21 12: 1434, 10, 1
0 21 13: 1434, 10, 1
0 21 14: 1434, 10, 1
0 21 15: 1434, 10, 1
0 21 16: 1434, 10, 1
0 21 17: 1434, 10, 1
0 21 18: 1434, 10, 1
0 21 19: 1434, 10, 1
0 21 20: 1434, 10, 1
0 21 21: 1434, 10, 1
0 21 22: 1417, 1, 1
0 21 23: 1417, 0, 2
0 21 24: 1417, 0, 2
0 21 25: 1417, 0, 2
0 21 26: 1417, 0, 2
0 21 27: 1417, 1, 2
0 21 28: 1434, 10, 0
0 21 29: 1434, 10, 0
0 21 30: 1434, 10, 0
0 21 31: 1434, 10, 0
0 21 32: 1434, 10, 0
0 21 33: 1434, 10, 0
0 21 34: 1434, 10, 0
0 21 35: 1434, 10, 0
0 21 36: 1434, 10, 0
0 21 37: 1434, 10, 0
0 21 38: 1434, 10, 0
0 21 39: 1434, 10, 0
0 21 40: 1434, 10, 0
0 21 41: 1434, 10, 0
0 21 42: 1417, 1, 0
0 21 43: 1417, 9, 0
0 21 47: 543, 10, 0
0 21 49: 320, 22, 2
0 21 49: 1172, 11, 2
0 21 49: 1454, 4, 1
0 21 50: 1417, 0, 3
0 21 51: 1434, 10, 0
0 21 52: 1434, 10, 0
0 21 53: 1434, 10, 0
0 21 54: 1434, 10, 0
0 21 55: 1434, 10, 0
0 21 56: 1434, 10, 1
0 21 57: 1434, 10, 1
0 21 58: 1434, 10, 1
0 21 59: 1434, 10, 1
0 21 60: 1434, 10, 1
0 21 61: 1434, 10, 1
0 21 62: 1434, 10, 1
0 21 63: 1434, 10, 1
0 22 0: 1434, 10, 1
0 22 1: 1434, 10, 1
0 22 2: 1434, 10, 1
0 22 3: 1434, 10, 1
0 22 4: 1434, 10, 1
0 22 5: 1434, 10, 1
0 22 6: 1434, 10, 1
0 22 7: 1434, 10, 1
0 22 8: 1434, 10, 1
0 22 9: 1434, 10, 1
0 22 10: 1434, 10, 1
0 22 11: 1434, 10, 1
0 22 12: 1434, 10, 1
0 22 13: 1434, 10, 1
0 22 14: 1434, 10, 1
0 22 15: 1434, 10, 1
0 22 16: 1434, 10, 1
0 22 17: 1434, 10, 1
0 22 18: 1434, 10, 1
0 22 19: 1434, 10, 1
0 22 20: 1434, 10, 1
0 22 21: 1417, 1, 1
0 22 22: 1417, 9, 1
0 22 24: 198, 4, 0
0 22 25: 542, 10, 3
0 22 26: 541, 10, 2
0 22 27: 1417, 9, 2
0 22 28: 1417, 1, 2
0 22 29: 1434, 10, 0
0 22 30: 1434, 10, 0
0 22 31: 1434, 10, 0
0 22 32: 1434, 10, 0
0 22 33: 1434, 10, 0
0 22 34: 1434, 10, 0
0 22 35: 1434, 10, 0
0 22 36: 1417, 1, 1
0 22 37: 1417, 0, 2
0 22 38: 1417, 0, 2
0 22 39: 1417, 0, 2
0 22 40: 1417, 1, 2
0 22 41: 1434, 10, 0
0 22 42: 1434, 10, 0
0 22 43: 1417, 0, 1
0 22 44: 706, 4, 3
0 22 49: 198, 4, 1
0 22 50: 1417, 0, 3
0 22 51: 1434, 10, 0
0 22 52: 1434, 10, 0
0 22 53: 1434, 10, 0
0 22 54: 1434, 10, 0
0 22 55: 1434, 10, 0
0 22 56: 1434, 10, 1
0 22 57: 1434, 10, 1
0 22 58: 1434, 10, 1
0 22 59: 1434, 10, 1
0 22 60: 1434, 10, 1
0 22 61: 1434, 10, 1
0 22 62: 1434, 10, 1
0 22 63: 1434, 10, 1
0 23 0: 1434, 10, 1
0 23 1: 1434, 10, 1
0 23 2: 1434, 10, 1
0 23 3: 1434, 10, 1
0 23 4: 1434, 10, 1
0 23 5: 1434, 10, 1
0 23 6: 1434, 10, 1
0 23 7: 1434, 10, 1
0 23 8: 1434, 10, 1
0 23 9: 1434, 10, 1
0 23 10: 1434, 10, 1
0 23 11: 1434, 10, 1
0 23 12: 1434, 10, 1
0 23 13: 1434, 10, 1
0 23 14: 1434, 10, 1
0 23 15: 1434, 10, 1
0 23 16: 1434, 10, 1
0 23 17: 1434, 10, 1
0 23 18: 1434, 10, 1
0 23 19: 1434, 10, 1
0 23 20: 1434, 10, 1
0 23 21: 1417, 0, 1
0 23 23: 1168, 10, 3
0 23 26: 542, 10, 1
0 23 27: 543, 10, 1
0 23 28: 1417, 9, 2
0 23 29: 1417, 0, 2
0 23 30: 1417, 0, 2
0 23 31: 1417, 1, 2
0 23 32: 1434, 10, 0
0 23 33: 1434, 10, 0
0 23 34: 1417, 1, 1
0 23 35: 1417, 0, 2
0 23 36: 1417, 9, 1
0 23 37: 320, 22, 3
0 23 37: 1453, 4, 0
0 23 38: 321, 22, 2
0 23 38: 1168, 10, 1
0 23 39: 198, 4, 0
0 23 40: 1417, 9, 2
0 23 41: 1417, 0, 2
0 23 42: 1417, 1, 2
0 23 43: 1417, 0, 1
0 23 44: 198, 4, 3
0 23 44: 320, 22, 0
0 23 49: 1453, 4, 1
0 23 50: 1417, 0, 3
0 23 51: 1434, 10, 0
0 23 52: 1434, 10, 0
0 23 53: 1434, 10, 0
0 23 54: 1434, 10, 0
0 23 55: 1434, 10, 0
0 23 56: 1434, 10, 1
0 23 57: 1434, 10, 1
0 23 58: 1434, 10, 1
0 23 59: 1434, 10, 1
0 23 60: 1434, 10, 1
0 23 61: 1434, 10, 1
0 23 62: 1434, 10, 1
0 23 63: 1434, 10, 1
0 24 0: 1434, 10, 1
0 24 1: 1434, 10, 1
0 24 2: 1434, 10, 1
0 24 3: 1434, 10, 1
0 24 4: 1434, 10, 1
0 24 5: 1434, 10, 1
0 24 6: 1434, 10, 1
0 24 7: 1434, 10, 1
0 24 8: 1434, 10, 1
0 24 9: 1434, 10, 1
0 24 10: 1434, 10, 1
0 24 11: 1434, 10, 1
0 24 12: 1434, 10, 1
0 24 13: 1434, 10, 1
0 24 14: 1434, 10, 1
0 24 15: 1434, 10, 1
0 24 16: 1434, 10, 1
0 24 17: 1434, 10, 1
0 24 18: 1434, 10, 1
0 24 19: 1434, 10, 1
0 24 20: 1417, 1, 1
0 24 21: 1417, 9, 1
0 24 22: 1167, 10, 3
0 24 24: 1167, 10, 2
0 24 27: 542, 10, 2
0 24 28: 320, 22, 2
0 24 29: 198, 4, 0
0 24 29: 319, 22, 1
0 24 30: 321, 22, 0
0 24 31: 1417, 9, 2
0 24 32: 1417, 0, 2
0 24 33: 1417, 0, 2
0 24 34: 1417, 9, 1
0 24 35: 320, 22, 2
0 24 36: 1167, 10, 1
0 24 37: 320, 22, 0
0 24 37: 1167, 10, 3
0 24 38: 321, 22, 2
0 24 39: 320, 22, 2
0 24 41: 542, 10, 2
0 24 42: 1417, 9, 2
0 24 43: 1417, 9, 1
0 24 44: 321, 22, 0
0 24 45: 320, 22, 2
0 24 49: 320, 22, 1
0 24 49: 706, 4, 1
0 24 50: 1417, 0, 3
0 24 51: 1434, 10, 0
0 24 52: 1434, 10, 0
0 24 53: 1434, 10, 0
0 24 54: 1434, 10, 0
0 24 55: 1434, 10, 0
0 24 56: 1434, 10, 1
0 24 57: 1434, 10, 1
0 24 58: 1434, 10, 1
0 24 59: 1434, 10, 1
0 24 60: 1434, 10, 1
0 24 61: 1434, 10, 1
0 24 62: 1434, 10, 1
0 24 63: 1434, 10, 1
0 25 0: 1434, 10, 1
0 25 1: 1434, 10, 1
0 25 2: 1434, 10, 1
0 25 3: 1434, 10, 1
0 25 4: 1434, 10, 1
0 25 5: 1434, 10, 1
0 25 6: 1434, 10, 1
0 25 7: 1434, 10, 1
0 25 8: 1434, 10, 1
0 25 9: 1434, 10, 1
0 25 10: 1434, 10, 1
0 25 11: 1434, 10, 1
0 25 12: 1434, 10, 1
0 25 13: 1434, 10, 1
0 25 14: 1434, 10, 1
0 25 15: 1434, 10, 1
0 25 16: 1434, 10, 1
0 25 17: 1434, 10, 1
0 25 18: 1434, 10, 1
0 25 19: 1417, 1, 1
0 25 20: 1417, 9, 1
0 25 23: 1168, 10, 0
0 25 29: 320, 22, 3
0 25 30: 320, 22, 0
0 25 30: 543, 10, 2
0 25 31: 320, 22, 1
0 25 33: 198, 4, 0
0 25 33: 320, 22, 0
0 25 34: 321, 22, 3
0 25 35: 320, 22, 1
0 25 38: 320, 22, 1
0 25 38: 1167, 10, 0
0 25 41: 320, 22, 3
0 25 42: 320, 22, 2
0 25 47: 542, 10, 1
0 25 48: 320, 22, 2
0 25 49: 321, 22, 2
0 25 49: 1452, 4, 1
0 25 50: 1417, 0, 3
0 25 51: 1434, 10, 0
0 25 52: 1434, 10, 0
0 25 53: 1434, 10, 0
0 25 54: 1434, 10, 0
0 25 55: 1434, 10, 1
0 25 56: 1434, 10, 1
0 25 57: 1434, 10, 1
0 25 58: 1434, 10, 1
0 25 59: 1434, 10, 1
0 25 60: 1434, 10, 1
0 25 61: 1434, 10, 1
0 25 62: 1434, 10, 1
0 25 63: 1434, 10, 1
0 26 0: 1434, 10, 1
0 26 1: 1434, 10, 1
0 26 2: 1434, 10, 1
0 26 3: 1434, 10, 1
0 26 4: 1434, 10, 1
0 26 5: 1434, 10, 1
0 26 6: 1434, 10, 1
0 26 7: 1434, 10, 1
0 26 8: 1434, 10, 1
0 26 9: 1434, 10, 1
0 26 10: 1434, 10, 1
0 26 11: 1434, 10, 1
0 26 12: 1434, 10, 1
0 26 13: 1434, 10, 1
0 26 14: 1434, 10, 1
0 26 15: 1434, 10, 1
0 26 16: 1434, 10, 1
0 26 17: 1434, 10, 1
0 26 18: 1417, 1, 1
0 26 19: 1417, 9, 1
0 26 20: 320, 22, 1
0 26 21: 320, 22, 2
0 26 27: 465, 10, 2
0 26 30: 543, 10, 3
0 26 31: 543, 10, 0
0 26 34: 320, 22, 3
0 26 40: 320, 22, 1
0 26 41: 319, 22, 2
0 26 42: 321, 22, 3
0 26 43: 320, 22, 1
0 26 48: 320, 22, 3
0 26 49: 198, 4, 1
0 26 49: 321, 22, 1
0 26 50: 1417, 0, 3
0 26 51: 1434, 10, 0
0 26 52: 1434, 10, 0
0 26 53: 1434, 10, 0
0 26 54: 1434, 10, 1
0 26 55: 1434, 10, 1
0 26 56: 1434, 10, 1
0 26 57: 1434, 10, 1
0 26 58: 1434, 10, 1
0 26 59: 1434, 10, 1
0 26 60: 1434, 10, 1
0 26 61: 1434, 10, 1
0 26 62: 1434, 10, 1
0 26 63: 1434, 10, 1
0 27 0: 1434, 10, 1
0 27 1: 1434, 10, 1
0 27 2: 1434, 10, 1
0 27 3: 1434, 10, 1
0 27 4: 1434, 10, 1
0 27 5: 1434, 10, 1
0 27 6: 1434, 10, 1
0 27 7: 1434, 10, 1
0 27 8: 1434, 10, 1
0 27 9: 1434, 10, 1
0 27 10: 1434, 10, 1
0 27 11: 1434, 10, 1
0 27 12: 1434, 10, 1
0 27 13: 1434, 10, 1
0 27 14: 1434, 10, 1
0 27 15: 1434, 10, 1
0 27 16: 1434, 10, 1
0 27 17: 1417, 1, 1
0 27 18: 1417, 9, 1
0 27 19: 320, 22, 1
0 27 20: 321, 22, 1
0 27 21: 320, 22, 3
0 27 24: 543, 10, 2
0 27 37: 320, 22, 0
0 27 41: 320, 22, 3
0 27 42: 320, 22, 0
0 27 43: 542, 10, 1
0 27 48: 320, 22, 0
0 27 49: 1417, 9, 3
0 27 49: 1452, 7, 3
0 27 50: 1417, 1, 3
0 27 51: 1434, 10, 0
0 27 52: 1434, 10, 0
0 27 53: 1434, 10, 0
0 27 54: 1434, 10, 0
0 27 55: 1434, 10, 1
0 27 56: 1434, 10, 1
0 27 57: 1434, 10, 1
0 27 58: 1434, 10, 1
0 27 59: 1434, 10, 1
0 27 60: 1434, 10, 1
0 27 61: 1434, 10, 1
0 27 62: 1434, 10, 1
0 27 63: 1434, 10, 1
0 28 0: 1434, 10, 1
0 28 1: 1434, 10, 1
0 28 2: 1434, 10, 1
0 28 3: 1434, 10, 0
0 28 4: 1434, 10, 1
0 28 5: 1434, 10, 1
0 28 6: 1434, 10, 1
0 28 7: 1434, 10, 1
0 28 8: 1434, 10, 1
0 28 9: 1434, 10, 1
0 28 10: 1434, 10, 1
0 28 11: 1434, 10, 1
0 28 12: 1434, 10, 1
0 28 13: 1434, 10, 1
0 28 14: 1434, 10, 1
0 28 15: 1434, 10, 1
0 28 16: 1417, 1, 1
0 28 17: 1417, 9, 1
0 28 20: 320, 22, 0
0 28 23: 320, 22, 1
0 28 29: 543, 10, 1
0 28 30: 320, 22, 3
0 28 33: 320, 22, 3
0 28 39: 542, 10, 3
0 28 40: 320, 22, 2
0 28 41: 321, 22, 0
0 28 42: 320, 22, 1
0 28 42: 1453, 4, 2
0 28 44: 1453, 4, 2
0 28 45: 1417, 9, 3
0 28 45: 1452, 7, 3
0 28 46: 1417, 0, 0
0 28 47: 1417, 0, 0
0 28 48: 1417, 0, 0
0 28 49: 1417, 1, 3
0 28 50: 1434, 10, 0
0 28 51: 1434, 10, 0
0 28 52: 1434, 10, 0
0 28 53: 1434, 10, 0
0 28 54: 1434, 10, 0
0 28 55: 1434, 10, 0
0 28 56: 1434, 10, 1
0 28 57: 1434, 10, 1
0 28 58: 1434, 10, 1
0 28 59: 1434, 10, 1
0 28 60: 1434, 10, 1
0 28 61: 1434, 10, 1
0 28 62: 1434, 10, 1
0 28 63: 1434, 10, 1
0 29 0: 1434, 10, 0
0 29 1: 1434, 10, 0
0 29 2: 1434, 10, 0
0 29 3: 1434, 10, 0
0 29 4: 1434, 10, 0
0 29 5: 1434, 10, 0
0 29 6: 1434, 10, 0
0 29 7: 1434, 10, 0
0 29 8: 1434, 10, 1
0 29 9: 1434, 10, 1
0 29 10: 1434, 10, 1
0 29 11: 1434, 10, 1
0 29 12: 1434, 10, 1
0 29 13: 1434, 10, 1
0 29 14: 1434, 10, 1
0 29 15: 1434, 10, 1
0 29 16: 1417, 0, 1
0 29 18: 321, 22, 2
0 29 18: 465, 10, 0
0 29 22: 320, 22, 2
0 29 23: 321, 22, 0
0 29 29: 320, 22, 0
0 29 30: 321, 22, 1
0 29 31: 320, 22, 2
0 29 37: 465, 10, 1
0 29 40: 320, 22, 0
0 29 41: 1417, 9, 3
0 29 41: 1454, 7, 3
0 29 42: 1417, 0, 0
0 29 43: 1417, 0, 0
0 29 44: 1417, 0, 0
0 29 45: 1417, 1, 3
0 29 46: 1434, 10, 1
0 29 47: 1434, 10, 1
0 29 48: 1434, 10, 1
0 29 49: 1434, 10, 1
0 29 50: 1434, 10, 0
0 29 51: 1434, 10, 0
0 29 52: 1434, 10, 0
0 29 53: 1434, 10, 0
0 29 54: 1434, 10, 0
0 29 55: 1434, 10, 0
0 29 56: 1434, 10, 1
0 29 57: 1434, 10, 1
0 29 58: 1434, 10, 1
0 29 59: 1434, 10, 1
0 29 60: 1434, 10, 1
0 29 61: 1434, 10, 1
0 29 62: 1434, 10, 1
0 29 63: 1434, 10, 1
0 30 0: 1434, 10, 0
0 30 1: 1434, 10, 0
0 30 2: 1434, 10, 0
0 30 3: 1434, 10, 0
0 30 4: 1434, 10, 0
0 30 5: 1434, 10, 0
0 30 6: 1434, 10, 0
0 30 7: 1434, 10, 0
0 30 8: 1434, 10, 0
0 30 9: 1434, 10, 1
0 30 10: 1434, 10, 1
0 30 11: 1434, 10, 1
0 30 12: 1434, 10, 1
0 30 13: 1434, 10, 1
0 30 14: 1434, 10, 1
0 30 15: 1434, 10, 1
0 30 16: 1417, 0, 1
0 30 22: 466, 10, 1
0 30 26: 320, 22, 2
0 30 27: 320, 22, 1
0 30 30: 320, 22, 1
0 30 40: 1417, 9, 3
0 30 40: 1453, 7, 3
0 30 41: 1417, 1, 3
0 30 42: 1434, 10, 0
0 30 43: 1434, 10, 0
0 30 44: 1434, 10, 0
0 30 45: 1434, 10, 1
0 30 46: 1434, 10, 1
0 30 47: 1434, 10, 1
0 30 48: 1434, 10, 1
0 30 49: 1434, 10, 1
0 30 50: 1434, 10, 0
0 30 51: 1434, 10, 0
0 30 52: 1434, 10, 0
0 30 53: 1434, 10, 0
0 30 54: 1434, 10, 0
0 30 55: 1434, 10, 0
0 30 56: 1434, 10, 1
0 30 57: 1434, 10, 1
0 30 58: 1434, 10, 1
0 30 59: 1434, 10, 1
0 30 60: 1434, 10, 1
0 30 61: 1434, 10, 1
0 30 62: 1434, 10, 1
0 30 63: 1434, 10, 1
0 31 0: 1434, 10, 0
0 31 1: 1434, 10, 0
0 31 2: 1434, 10, 0
0 31 3: 1434, 10, 0
0 31 4: 1434, 10, 0
0 31 5: 1434, 10, 0
0 31 6: 1434, 10, 0
0 31 7: 1434, 10, 0
0 31 8: 1434, 10, 0
0 31 9: 1434, 10, 0
0 31 10: 1434, 10, 0
0 31 11: 1434, 10, 0
0 31 12: 1434, 10, 1
0 31 13: 1434, 10, 1
0 31 14: 1434, 10, 1
0 31 15: 1434, 10, 1
0 31 16: 1417, 0, 1
0 31 17: 198, 4, 3
0 31 25: 320, 22, 0
0 31 26: 321, 22, 1
0 31 27: 320, 22, 1
0 31 27: 542, 10, 2
0 31 37: 320, 22, 3
0 31 39: 1417, 9, 3
0 31 40: 1417, 1, 3
0 31 41: 1434, 10, 0
0 31 42: 1434, 10, 0
0 31 43: 1434, 10, 0
0 31 44: 1434, 10, 0
0 31 45: 1434, 10, 1
0 31 46: 1434, 10, 1
0 31 47: 1434, 10, 1
0 31 48: 1434, 10, 1
0 31 49: 1434, 10, 1
0 31 50: 1434, 10, 0
0 31 51: 1434, 10, 0
0 31 52: 1434, 10, 0
0 31 53: 1434, 10, 0
0 31 54: 1434, 10, 0
0 31 55: 1434, 10, 0
0 31 56: 1434, 10, 0
0 31 57: 1434, 10, 0
0 31 58: 1434, 10, 1
0 31 59: 1434, 10, 1
0 31 60: 1434, 10, 1
0 31 61: 1434, 10, 1
0 31 62: 1434, 10, 1
0 31 63: 1434, 10, 1
0 32 0: 1434, 10, 0
0 32 1: 1434, 10, 0
0 32 2: 1434, 10, 0
0 32 3: 1434, 10, 0
0 32 4: 1434, 10, 0
0 32 5: 1434, 10, 0
0 32 6: 1434, 10, 0
0 32 7: 1434, 10, 0
0 32 8: 1434, 10, 0
0 32 9: 1434, 10, 0
0 32 10: 1434, 10, 0
0 32 11: 1434, 10, 0
0 32 12: 1434, 10, 0
0 32 13: 1434, 10, 0
0 32 14: 1434, 10, 1
0 32 15: 1434, 10, 1
0 32 16: 1417, 0, 1
0 32 18: 1167, 10, 2
0 32 21: 320, 22, 3
0 32 27: 541, 10, 3
0 32 28: 320, 22, 2
0 32 29: 320, 22, 1
0 32 30: 198, 4, 2
0 32 31: 1454, 4, 2
0 32 32: 1452, 4, 2
0 32 33: 198, 4, 2
0 32 36: 320, 22, 1
0 32 37: 321, 22, 2
0 32 37: 542, 10, 2
0 32 38: 320, 22, 2
0 32 39: 1417, 0, 3
0 32 40: 1434, 10, 0
0 32 41: 1434, 10, 0
0 32 42: 1434, 10, 0
0 32 43: 1434, 10, 0
0 32 44: 1434, 10, 0
0 32 45: 1417, 1, 1
0 32 46: 1417, 0, 2
0 32 47: 1417, 0, 2
0 32 48: 1417, 0, 2
0 32 49: 1417, 1, 2
0 32 50: 1434, 10, 0
0 32 51: 1434, 10, 0
0 32 52: 1434, 10, 0
0 32 53: 1434, 10, 0
0 32 54: 1434, 10, 0
0 32 55: 1434, 10, 0
0 32 56: 1434, 10, 0
0 32 57: 1434, 10, 0
0 32 58: 1434, 10, 0
0 32 59: 1434, 10, 0
0 32 60: 1434, 10, 1
0 32 61: 1434, 10, 1
0 32 62: 1434, 10, 1
0 32 63: 1434, 10, 1
0 33 0: 1434, 10, 0
0 33 1: 1434, 10, 0
0 33 2: 1434, 10, 0
0 33 3: 1434, 10, 0
0 33 4: 1434, 10, 0
0 33 5: 1434, 10, 0
0 33 6: 1434, 10, 0
0 33 7: 1434, 10, 0
0 33 8: 1434, 10, 0
0 33 9: 1434, 10, 0
0 33 10: 1434, 10, 0
0 33 11: 1434, 10, 0
0 33 12: 1434, 10, 0
0 33 13: 1434, 10, 0
0 33 14: 1434, 10, 0
0 33 15: 1434, 10, 0
0 33 16: 1417, 1, 0
0 33 17: 1417, 9, 0
0 33 18: 1167, 10, 2
0 33 20: 320, 22, 0
0 33 21: 319, 22, 0
0 33 22: 320, 22, 2
0 33 25: 542, 10, 0
0 33 26: 320, 22, 3
0 33 26: 543, 10, 0
0 33 27: 320, 22, 3
0 33 28: 321, 22, 3
0 33 28: 542, 10, 0
0 33 29: 1417, 9, 3
0 33 29: 1452, 7, 3
0 33 30: 1417, 0, 0
0 33 31: 1417, 0, 0
0 33 32: 1417, 0, 0
0 33 33: 1417, 0, 0
0 33 34: 1417, 9, 0
0 33 36: 542, 10, 1
0 33 37: 320, 22, 1
0 33 37: 541, 10, 3
0 33 38: 1417, 9, 3
0 33 38: 1454, 7, 3
0 33 39: 1417, 1, 3
0 33 40: 1434, 10, 0
0 33 41: 1434, 10, 0
0 33 42: 1434, 10, 0
0 33 43: 1434, 10, 0
0 33 44: 1417, 1, 1
0 33 45: 1417, 9, 1
0 33 49: 1417, 9, 2
0 33 50: 1417, 1, 2
0 33 51: 1434, 10, 0
0 33 52: 1434, 10, 0
0 33 53: 1434, 10, 0
0 33 54: 1434, 10, 0
0 33 55: 1434, 10, 0
0 33 56: 1434, 10, 0
0 33 57: 1434, 10, 0
0 33 58: 1434, 10, 0
0 33 59: 1434, 10, 0
0 33 60: 1434, 10, 0
0 33 61: 1434, 10, 0
0 33 62: 1434, 10, 1
0 33 63: 1434, 10, 1
0 34 0: 1434, 10, 0
0 34 1: 1434, 10, 0
0 34 2: 1434, 10, 0
0 34 3: 1434, 10, 0
0 34 4: 1434, 10, 0
0 34 5: 1434, 10, 0
0 34 6: 1434, 10, 0
0 34 7: 1434, 10, 0
0 34 8: 1434, 10, 0
0 34 9: 1434, 10, 0
0 34 10: 1434, 10, 0
0 34 11: 1434, 10, 0
0 34 12: 1434, 10, 0
0 34 13: 1434, 10, 0
0 34 14: 1434, 10, 0
0 34 15: 1434, 10, 0
0 34 16: 1434, 10, 0
0 34 17: 1417, 1, 0
0 34 18: 1417, 9, 0
0 34 20: 543, 10, 3
0 34 21: 320, 22, 1
0 34 25: 320, 22, 2
0 34 26: 321, 22, 0
0 34 27: 320, 22, 0
0 34 27: 542, 10, 1
0 34 28: 198, 4, 1
0 34 29: 1417, 0, 3
0 34 30: 1434, 10, 0
0 34 31: 1434, 10, 0
0 34 32: 1434, 10, 0
0 34 33: 1434, 10, 0
0 34 34: 1417, 1, 0
0 34 35: 1417, 0, 0
0 34 36: 1417, 0, 0
0 34 37: 1417, 0, 0
0 34 38: 1417, 1, 3
0 34 39: 1434, 10, 0
0 34 40: 1434, 10, 0
0 34 41: 1434, 10, 0
0 34 42: 1434, 10, 0
0 34 43: 1417, 1, 1
0 34 44: 1417, 9, 1
0 34 45: 320, 22, 3
0 34 46: 320, 22, 0
0 34 50: 1417, 9, 2
0 34 51: 1417, 1, 2
0 34 52: 1434, 10, 0
0 34 53: 1434, 10, 0
0 34 54: 1434, 10, 0
0 34 55: 1434, 10, 0
0 34 56: 1434, 10, 0
0 34 57: 1434, 10, 0
0 34 58: 1434, 10, 0
0 34 59: 1434, 10, 0
0 34 60: 1434, 10, 0
0 34 61: 1434, 10, 0
0 34 62: 1434, 10, 0
0 34 63: 1434, 10, 1
0 35 0: 1434, 10, 0
0 35 1: 1434, 10, 0
0 35 2: 1434, 10, 0
0 35 3: 1434, 10, 0
0 35 4: 1434, 10, 0
0 35 5: 1434, 10, 0
0 35 6: 1434, 10, 0
0 35 7: 1434, 10, 0
0 35 8: 1434, 10, 0
0 35 9: 1434, 10, 0
0 35 10: 1434, 10, 0
0 35 11: 1434, 10, 0
0 35 12: 1434, 10, 0
0 35 13: 1434, 10, 0
0 35 14: 1434, 10, 0
0 35 15: 1434, 10, 0
0 35 16: 1434, 10, 0
0 35 17: 1434, 10, 0
0 35 18: 1417, 0, 1
0 35 19: 198, 4, 3
0 35 23: 465, 10, 1
0 35 26: 320, 22, 1
0 35 26: 1452, 4, 2
0 35 27: 1454, 4, 2
0 35 28: 1417, 9, 3
0 35 29: 1417, 1, 3
0 35 30: 1434, 10, 0
0 35 31: 1434, 10, 0
0 35 32: 1434, 10, 0
0 35 33: 1434, 10, 0
0 35 34: 1434, 10, 0
0 35 35: 1434, 10, 0
0 35 36: 1434, 10, 0
0 35 37: 1434, 10, 0
0 35 38: 1434, 10, 0
0 35 39: 1434, 10, 0
0 35 40: 1434, 10, 0
0 35 41: 1434, 10, 0
0 35 42: 1434, 10, 0
0 35 43: 1417, 0, 1
0 35 44: 321, 22, 1
0 35 45: 320, 22, 1
0 35 45: 542, 10, 2
0 35 46: 541, 10, 2
0 35 51: 1417, 9, 2
0 35 52: 1417, 0, 2
0 35 53: 1417, 0, 2
0 35 54: 1417, 0, 2
0 35 55: 1417, 1, 2
0 35 56: 1434, 10, 0
0 35 57: 1434, 10, 0
0 35 58: 1434, 10, 0
0 35 59: 1434, 10, 0
0 35 60: 1434, 10, 0
0 35 61: 1434, 10, 0
0 35 62: 1434, 10, 0
0 35 63: 1434, 10, 1
0 36 0: 1434, 10, 0
0 36 1: 1434, 10, 0
0 36 2: 1434, 10, 0
0 36 3: 1434, 10, 0
0 36 4: 1417, 1, 1
0 36 5: 1417, 0, 2
0 36 6: 1417, 0, 2
0 36 7: 1417, 0, 2
0 36 8: 1417, 1, 2
0 36 9: 1434, 10, 0
0 36 10: 1434, 10, 0
0 36 11: 1434, 10, 0
0 36 12: 1434, 10, 0
0 36 13: 1434, 10, 0
0 36 14: 1434, 10, 0
0 36 15: 1434, 10, 0
0 36 16: 1434, 10, 0
0 36 17: 1417, 1, 1
0 36 18: 1417, 9, 1
0 36 19: 320, 22, 3
0 36 20: 320, 22, 1
0 36 25: 1417, 9, 3
0 36 25: 1454, 7, 3
0 36 26: 1417, 0, 0
0 36 27: 1417, 0, 0
0 36 28: 1417, 1, 3
0 36 29: 1434, 10, 0
0 36 30: 1434, 10, 0
0 36 31: 1434, 10, 0
0 36 32: 1434, 10, 0
0 36 33: 1434, 10, 0
0 36 34: 1434, 10, 0
0 36 35: 1434, 10, 0
0 36 36: 1434, 10, 0
0 36 37: 1434, 10, 0
0 36 38: 1434, 10, 0
0 36 39: 1434, 10, 0
0 36 40: 1434, 10, 0
0 36 41: 1434, 10, 0
0 36 42: 1434, 10, 0
0 36 43: 1417, 0, 1
0 36 44: 198, 4, 3
0 36 44: 321, 22, 0
0 36 45: 320, 22, 2
0 36 46: 542, 10, 1
0 36 51: 320, 22, 3
0 36 52: 320, 22, 2
0 36 52: 706, 4, 0
0 36 53: 321, 22, 1
0 36 53: 1172, 11, 3
0 36 54: 321, 22, 2
0 36 55: 1417, 9, 2
0 36 56: 1417, 1, 2
0 36 57: 1434, 10, 0
0 36 58: 1434, 10, 0
0 36 59: 1434, 10, 0
0 36 60: 1434, 10, 0
0 36 61: 1434, 10, 0
0 36 62: 1434, 10, 0
0 36 63: 1434, 10, 0
0 37 0: 1434, 10, 0
0 37 1: 1434, 10, 0
0 37 2: 1434, 10, 0
0 37 3: 1417, 1, 1
0 37 4: 1417, 9, 1
0 37 5: 198, 4, 0
0 37 7: 706, 4, 0
0 37 8: 1417, 9, 2
0 37 9: 1417, 1, 2
0 37 10: 1434, 10, 0
0 37 11: 1434, 10, 0
0 37 12: 1434, 10, 0
0 37 13: 1434, 10, 0
0 37 14: 1434, 10, 0
0 37 15: 1434, 10, 0
0 37 16: 1434, 10, 0
0 37 17: 1417, 0, 1
0 37 18: 198, 4, 3
0 37 18: 321, 22, 3
0 37 19: 319, 22, 3
0 37 24: 541, 10, 0
0 37 25: 1417, 0, 3
0 37 26: 1434, 10, 0
0 37 27: 1434, 10, 0
0 37 28: 1434, 10, 0
0 37 29: 1434, 10, 0
0 37 30: 1434, 10, 0
0 37 31: 1434, 10, 0
0 37 32: 1434, 10, 0
0 37 33: 1434, 10, 0
0 37 34: 1434, 10, 0
0 37 35: 1434, 10, 0
0 37 36: 1434, 10, 0
0 37 37: 1434, 10, 0
0 37 38: 1434, 10, 0
0 37 39: 1434, 10, 0
0 37 40: 1434, 10, 0
0 37 41: 1434, 10, 0
0 37 42: 1417, 1, 1
0 37 43: 1417, 9, 1
0 37 44: 320, 22, 3
0 37 45: 320, 22, 3
0 37 52: 320, 22, 2
0 37 53: 320, 22, 1
0 37 54: 320, 22, 0
0 37 54: 1172, 11, 2
0 37 55: 320, 22, 3
0 37 56: 1417, 9, 2
0 37 57: 1417, 1, 2
0 37 58: 1434, 10, 0
0 37 59: 1434, 10, 0
0 37 60: 1434, 10, 0
0 37 61: 1434, 10, 0
0 37 62: 1434, 10, 0
0 37 63: 1434, 10, 0
0 38 0: 1434, 10, 0
0 38 1: 1434, 10, 0
0 38 2: 1417, 1, 1
0 38 3: 1417, 9, 1
0 38 5: 1167, 10, 3
0 38 6: 1168, 10, 1
0 38 8: 724, 10, 1
0 38 9: 1417, 9, 2
0 38 10: 1417, 1, 2
0 38 11: 1434, 10, 0
0 38 12: 1434, 10, 0
0 38 13: 1434, 10, 0
0 38 14: 1434, 10, 0
0 38 15: 1434, 10, 0
0 38 16: 1434, 10, 0
0 38 17: 1417, 1, 0
0 38 18: 1417, 9, 0
0 38 19: 320, 22, 2
0 38 20: 1167, 10, 1
0 38 23: 321, 22, 2
0 38 23: 543, 10, 0
0 38 24: 541, 10, 1
0 38 25: 1417, 0, 3
0 38 26: 1434, 10, 0
0 38 27: 1434, 10, 0
0 38 28: 1434, 10, 0
0 38 29: 1434, 10, 0
0 38 30: 1434, 10, 0
0 38 31: 1434, 10, 0
0 38 32: 1434, 10, 0
0 38 33: 1434, 10, 0
0 38 34: 1434, 10, 0
0 38 35: 1434, 10, 0
0 38 36: 1434, 10, 0
0 38 37: 1434, 10, 0
0 38 38: 1417, 1, 1
0 38 39: 1417, 0, 2
0 38 40: 1417, 0, 2
0 38 41: 1417, 0, 2
0 38 42: 1417, 9, 1
0 38 43: 1172, 11, 3
0 38 49: 320, 22, 0
0 38 50: 320, 22, 3
0 38 57: 1417, 9, 2
0 38 58: 1417, 0, 2
0 38 59: 1417, 0, 2
0 38 60: 1417, 1, 2
0 38 61: 1434, 10, 0
0 38 62: 1434, 10, 0
0 38 63: 1434, 10, 0
0 39 0: 1434, 10, 0
0 39 1: 1417, 1, 1
0 39 2: 1417, 9, 1
0 39 4: 1168, 10, 3
0 39 5: 1167, 10, 0
0 39 6: 1168, 10, 2
0 39 8: 1122, 11, 1
0 39 9: 198, 4, 1
0 39 10: 1417, 0, 3
0 39 11: 1434, 10, 0
0 39 12: 1434, 10, 0
0 39 13: 1434, 10, 0
0 39 14: 1434, 10, 0
0 39 15: 1434, 10, 0
0 39 16: 1434, 10, 0
0 39 17: 1434, 10, 0
0 39 18: 1417, 1, 0
0 39 19: 1417, 9, 0
0 39 23: 542, 10, 1
0 39 24: 542, 10, 0
0 39 25: 1417, 0, 3
0 39 26: 1434, 10, 0
0 39 27: 1434, 10, 0
0 39 28: 1434, 10, 0
0 39 29: 1434, 10, 0
0 39 30: 1434, 10, 0
0 39 31: 1434, 10, 0
0 39 32: 1434, 10, 0
0 39 33: 1434, 10, 0
0 39 34: 1434, 10, 0
0 39 35: 1434, 10, 0
0 39 36: 1434, 10, 0
0 39 37: 1417, 1, 1
0 39 38: 1417, 9, 1
0 39 39: 320, 22, 2
0 39 39: 706, 4, 0
0 39 40: 1172, 11, 2
0 39 41: 198, 4, 0
0 39 41: 1164, 10, 1
0 39 48: 320, 22, 1
0 39 49: 319, 22, 2
0 39 50: 321, 22, 2
0 39 51: 320, 22, 3
0 39 52: 320, 22, 3
0 39 57: 320, 22, 2
0 39 58: 320, 22, 2
0 39 59: 321, 22, 0
0 39 60: 1417, 9, 2
0 39 61: 1417, 1, 2
0 39 62: 1434, 10, 0
0 39 63: 1434, 10, 0
0 40 0: 1434, 10, 0
0 40 1: 1417, 0, 1
0 40 2: 198, 4, 3
0 40 3: 1172, 10, 2
0 40 5: 320, 22, 3
0 40 6: 320, 22, 2
0 40 9: 320, 22, 1
0 40 10: 320, 22, 3
0 40 10: 1417, 9, 2
0 40 11: 1417, 1, 2
0 40 12: 1434, 10, 0
0 40 13: 1434, 10, 0
0 40 14: 1434, 10, 0
0 40 15: 1434, 10, 0
0 40 16: 1434, 10, 0
0 40 17: 1417, 1, 1
0 40 18: 1417, 0, 2
0 40 19: 1417, 9, 1
0 40 25: 1417, 9, 2
0 40 26: 1417, 1, 2
0 40 27: 1434, 10, 0
0 40 28: 1434, 10, 0
0 40 29: 1434, 10, 0
0 40 30: 1434, 10, 0
0 40 31: 1434, 10, 0
0 40 32: 1434, 10, 0
0 40 33: 1434, 10, 0
0 40 34: 1434, 10, 0
0 40 35: 1434, 10, 0
0 40 36: 1417, 1, 1
0 40 37: 1417, 9, 1
0 40 38: 320, 22, 0
0 40 38: 1164, 10, 2
0 40 39: 320, 22, 3
0 40 39: 1172, 11, 1
0 40 40: 1164, 10, 0
0 40 41: 1172, 11, 0
0 40 49: 320, 22, 1
0 40 50: 321, 22, 1
0 40 51: 320, 22, 0
0 40 53: 320, 22, 2
0 40 58: 320, 22, 1
0 40 59: 321, 22, 1
0 40 60: 320, 22, 3
0 40 61: 1417, 9, 2
0 40 62: 1417, 1, 2
0 40 63: 1434, 10, 0
0 41 0: 1434, 10, 0
0 41 1: 1417, 0, 1
0 41 5: 320, 22, 0
0 41 6: 321, 22, 1
0 41 7: 320, 22, 1
0 41 8: 1172, 10, 1
0 41 9: 320, 22, 0
0 41 10: 321, 22, 2
0 41 10: 1164, 10, 1
0 41 11: 1417, 9, 2
0 41 12: 1417, 0, 2
0 41 13: 1417, 1, 2
0 41 14: 1434, 10, 0
0 41 15: 1434, 10, 0
0 41 16: 1417, 1, 1
0 41 17: 1417, 9, 1
0 41 19: 320, 22, 0
0 41 19: 667, 10, 3
0 41 20: 321, 22, 3
0 41 21: 320, 22, 2
0 41 21: 665, 10, 3
0 41 23: 320, 22, 0
0 41 24: 321, 22, 2
0 41 25: 320, 22, 1
0 41 26: 1417, 9, 2
0 41 27: 1417, 0, 2
0 41 28: 1417, 1, 2
0 41 29: 1434, 10, 0
0 41 30: 1434, 10, 0
0 41 31: 1434, 10, 0
0 41 32: 1434, 10, 0
0 41 33: 1434, 10, 0
0 41 34: 1417, 1, 1
0 41 35: 1417, 0, 2
0 41 36: 1417, 9, 1
0 41 37: 320, 22, 2
0 41 38: 320, 22, 2
0 41 55: 541, 10, 3
0 41 56: 465, 10, 3
0 41 59: 320, 22, 0
0 41 61: 198, 4, 1
0 41 62: 1417, 0, 3
0 41 63: 1434, 10, 0
0 42 0: 1434, 10, 0
0 42 1: 1417, 0, 1
0 42 2: 724, 10, 0
0 42 3: 1172, 10, 0
0 42 6: 320, 22, 3
0 42 10: 320, 22, 2
0 42 11: 321, 22, 3
0 42 12: 320, 22, 1
0 42 12: 706, 4, 0
0 42 12: 724, 10, 1
0 42 13: 1417, 9, 2
0 42 14: 1417, 0, 2
0 42 15: 1417, 0, 2
0 42 16: 1417, 9, 1
0 42 19: 652, 22, 2
0 42 20: 320, 22, 3
0 42 21: 664, 10, 0
0 42 23: 320, 22, 1
0 42 24: 321, 22, 1
0 42 25: 320, 22, 2
0 42 27: 207, 4, 0
0 42 27: 732, 10, 0
0 42 28: 1417, 9, 2
0 42 29: 1417, 1, 2
0 42 30: 1434, 10, 0
0 42 31: 1434, 10, 0
0 42 32: 1434, 10, 0
0 42 33: 1417, 1, 1
0 42 34: 1417, 9, 1
0 42 35: 207, 4, 0
0 42 35: 320, 22, 1
0 42 36: 320, 22, 2
0 42 37: 321, 22, 3
0 42 38: 320, 22, 1
0 42 40: 1164, 10, 1
0 42 41: 464, 10, 1
0 42 43: 541, 10, 3
0 42 50: 1168, 10, 3
0 42 55: 542, 10, 1
0 42 61: 320, 22, 1
0 42 61: 706, 4, 1
0 42 62: 1417, 0, 3
0 42 63: 1434, 10, 0
0 43 0: 1434, 10, 0
0 43 1: 1417, 0, 1
0 43 2: 1172, 10, 3
0 43 4: 1172, 10, 1
0 43 6: 726, 22, 2
0 43 7: 1247, 22, 2
0 43 11: 320, 22, 2
0 43 14: 198, 4, 0
0 43 15: 706, 4, 0
0 43 21: 320, 22, 1
0 43 22: 320, 22, 3
0 43 23: 652, 22, 0
0 43 24: 320, 22, 0
0 43 28: 732, 10, 3
0 43 29: 1417, 9, 2
0 43 30: 1417, 1, 2
0 43 31: 1434, 10, 1
0 43 32: 1417, 1, 1
0 43 33: 1417, 9, 1
0 43 37: 320, 22, 0
0 43 38: 320, 22, 0
0 43 43: 542, 10, 0
0 43 49: 320, 22, 3
0 43 50: 321, 22, 2
0 43 50: 1168, 10, 3
0 43 51: 1167, 10, 0
0 43 56: 541, 10, 2
0 43 57: 542, 10, 0
0 43 60: 320, 22, 0
0 43 61: 321, 22, 0
0 43 61: 1452, 4, 1
0 43 62: 1417, 0, 3
0 43 63: 1434, 10, 0
0 44 0: 1434, 10, 0
0 44 1: 1417, 0, 1
0 44 2: 706, 4, 3
0 44 5: 726, 22, 3
0 44 6: 726, 22, 0
0 44 6: 1292, 10, 0
0 44 7: 726, 22, 0
0 44 8: 1247, 22, 2
0 44 9: 1247, 22, 1
0 44 16: 320, 22, 1
0 44 17: 320, 22, 1
0 44 20: 320, 22, 3
0 44 21: 321, 22, 3
0 44 22: 321, 22, 2
0 44 22: 543, 10, 0
0 44 23: 320, 22, 2
0 44 25: 653, 22, 1
0 44 26: 652, 22, 2
0 44 29: 320, 22, 3
0 44 30: 1417, 0, 3
0 44 31: 1434, 10, 1
0 44 32: 1417, 0, 1
0 44 49: 320, 22, 3
0 44 50: 320, 22, 2
0 44 51: 320, 22, 1
0 44 60: 1172, 11, 2
0 44 61: 320, 22, 2
0 44 61: 1453, 4, 1
0 44 62: 1417, 0, 3
0 44 63: 1434, 10, 0
0 45 0: 1434, 10, 0
0 45 1: 1417, 1, 0
0 45 2: 1417, 9, 0
0 45 5: 1247, 22, 1
0 45 6: 726, 22, 1
0 45 7: 1246, 22, 3
0 45 8: 1247, 22, 3
0 45 9: 320, 22, 0
0 45 10: 320, 22, 1
0 45 14: 1164, 10, 0
0 45 14: 1454, 4, 2
0 45 15: 1452, 4, 2
0 45 16: 320, 22, 0
0 45 16: 1454, 4, 2
0 45 17: 321, 22, 0
0 45 18: 320, 22, 3
0 45 22: 320, 22, 1
0 45 24: 652, 22, 1
0 45 25: 654, 22, 2
0 45 26: 653, 22, 0
0 45 29: 198, 4, 1
0 45 30: 1417, 0, 3
0 45 31: 1434, 10, 1
0 45 32: 1417, 0, 1
0 45 44: 320, 22, 3
0 45 50: 320, 22, 2
0 45 51: 320, 22, 1
0 45 59: 320, 22, 3
0 45 60: 320, 22, 3
0 45 61: 321, 22, 2
0 45 61: 1172, 10, 1
0 45 61: 1454, 4, 1
0 45 62: 1417, 0, 3
0 45 63: 1434, 10, 0
0 46 0: 1434, 10, 0
0 46 1: 1434, 10, 0
0 46 2: 1417, 0, 1
0 46 3: 198, 4, 3
0 46 7: 1247, 22, 3
0 46 8: 320, 22, 2
0 46 9: 321, 22, 0
0 46 10: 320, 22, 3
0 46 11: 320, 22, 2
0 46 13: 1417, 9, 3
0 46 13: 1452, 7, 3
0 46 14: 1417, 0, 0
0 46 15: 1417, 0, 0
0 46 16: 1417, 0, 0
0 46 17: 1417, 9, 0
0 46 18: 320, 22, 2
0 46 26: 652, 22, 2
0 46 29: 320, 22, 1
0 46 30: 1417, 0, 3
0 46 31: 1434, 10, 1
0 46 32: 1417, 0, 1
0 46 33: 320, 22, 3
0 46 37: 320, 22, 3
0 46 38: 320, 22, 2
0 46 43: 320, 22, 2
0 46 44: 321, 22, 2
0 46 45: 320, 22, 0
0 46 46: 320, 22, 2
0 46 59: 320, 22, 2
0 46 60: 321, 22, 0
0 46 60: 1172, 10, 3
0 46 61: 198, 4, 1
0 46 61: 321, 22, 1
0 46 62: 1417, 0, 3
0 46 63: 1434, 10, 0
0 47 0: 1434, 10, 0
0 47 1: 1434, 10, 0
0 47 2: 1417, 0, 1
0 47 3: 1168, 10, 1
0 47 6: 1247, 22, 0
0 47 8: 320, 22, 1
0 47 9: 320, 22, 0
0 47 10: 1168, 10, 2
0 47 11: 1167, 10, 0
0 47 12: 724, 10, 3
0 47 12: 1454, 4, 1
0 47 13: 1417, 0, 3
0 47 14: 1434, 10, 0
0 47 15: 1434, 10, 0
0 47 16: 1434, 10, 0
0 47 17: 1417, 1, 0
0 47 18: 1417, 9, 0
0 47 22: 652, 22, 3
0 47 27: 207, 4, 2
0 47 29: 1417, 9, 3
0 47 30: 1417, 1, 3
0 47 31: 1434, 10, 1
0 47 32: 1417, 1, 0
0 47 33: 1417, 9, 0
0 47 36: 320, 22, 0
0 47 37: 321, 22, 1
0 47 38: 321, 22, 2
0 47 39: 320, 22, 1
0 47 43: 320, 22, 1
0 47 44: 321, 22, 0
0 47 45: 321, 22, 1
0 47 45: 541, 10, 0
0 47 46: 320, 22, 1
0 47 59: 320, 22, 0
0 47 60: 321, 22, 3
0 47 61: 1417, 9, 3
0 47 61: 1454, 7, 3
0 47 62: 1417, 1, 3
0 47 63: 1434, 10, 0
0 48 0: 1434, 10, 0
0 48 1: 1434, 10, 0
0 48 2: 1417, 0, 1
0 48 3: 1168, 10, 0
0 48 4: 1168, 10, 0
0 48 5: 1168, 10, 2
0 48 9: 1168, 10, 1
0 48 10: 1167, 10, 3
0 48 11: 1168, 10, 1
0 48 12: 1417, 9, 3
0 48 12: 1454, 7, 3
0 48 13: 1417, 1, 3
0 48 14: 1434, 10, 0
0 48 15: 1434, 10, 0
0 48 16: 1434, 10, 0
0 48 17: 1434, 10, 0
0 48 18: 1417, 0, 1
0 48 19: 207, 4, 3
0 48 22: 320, 22, 0
0 48 23: 320, 22, 2
0 48 26: 1417, 9, 3
0 48 26: 1454, 7, 3
0 48 27: 1417, 0, 0
0 48 28: 1417, 0, 0
0 48 29: 1417, 1, 3
0 48 30: 1434, 10, 0
0 48 31: 1434, 10, 0
0 48 32: 1434, 10, 0
0 48 33: 1417, 1, 0
0 48 34: 1417, 9, 0
0 48 35: 198, 4, 2
0 48 36: 207, 4, 2
0 48 37: 320, 22, 1
0 48 38: 320, 22, 3
0 48 39: 320, 22, 0
0 48 39: 543, 10, 2
0 48 44: 320, 22, 0
0 48 45: 320, 22, 0
0 48 46: 320, 22, 3
0 48 46: 542, 10, 3
0 48 59: 320, 22, 0
0 48 59: 1417, 9, 3
0 48 59: 1452, 7, 3
0 48 60: 1417, 0, 0
0 48 61: 1417, 1, 3
0 48 62: 1434, 10, 0
0 48 63: 1434, 10, 0
0 49 0: 1434, 10, 0
0 49 1: 1434, 10, 0
0 49 2: 1417, 0, 1
0 49 3: 1167, 10, 3
0 49 4: 1167, 10, 0
0 49 5: 1122, 10, 3
0 49 9: 1167, 10, 3
0 49 10: 1168, 10, 0
0 49 11: 1417, 9, 3
0 49 11: 1455, 7, 3
0 49 12: 1417, 1, 3
0 49 13: 1434, 10, 0
0 49 14: 1434, 10, 0
0 49 15: 1434, 10, 0
0 49 16: 1434, 10, 0
0 49 17: 1434, 10, 0
0 49 18: 1417, 1, 0
0 49 19: 1417, 9, 0
0 49 20: 652, 22, 1
0 49 21: 320, 22, 0
0 49 22: 321, 22, 0
0 49 23: 320, 22, 2
0 49 25: 732, 10, 1
0 49 25: 1454, 4, 1
0 49 26: 1417, 0, 3
0 49 27: 1434, 10, 0
0 49 28: 1434, 10, 0
0 49 29: 1434, 10, 0
0 49 30: 1434, 10, 0
0 49 31: 1434, 10, 0
0 49 32: 1434, 10, 0
0 49 33: 1434, 10, 0
0 49 34: 1417, 1, 0
0 49 35: 1417, 0, 0
0 49 36: 1417, 0, 0
0 49 37: 1417, 9, 0
0 49 38: 320, 22, 3
0 49 50: 320, 22, 2
0 49 51: 320, 22, 0
0 49 52: 320, 22, 0
0 49 56: 1168, 10, 1
0 49 57: 1168, 10, 0
0 49 58: 1417, 9, 3
0 49 58: 1455, 7, 3
0 49 59: 1417, 1, 3
0 49 60: 1434, 10, 0
0 49 61: 1434, 10, 0
0 49 62: 1434, 10, 0
0 49 63: 1434, 10, 0
0 50 0: 1434, 10, 0
0 50 1: 1434, 10, 0
0 50 2: 1417, 1, 0
0 50 3: 1417, 9, 0
0 50 4: 1168, 10, 3
0 50 9: 1168, 10, 0
0 50 10: 198, 4, 1
0 50 11: 1417, 0, 3
0 50 12: 1434, 10, 0
0 50 13: 1434, 10, 0
0 50 14: 1434, 10, 0
0 50 15: 1434, 10, 0
0 50 16: 1434, 10, 0
0 50 17: 1434, 10, 0
0 50 18: 1434, 10, 0
0 50 19: 1417, 0, 1
0 50 21: 320, 22, 1
0 50 22: 321, 22, 3
0 50 23: 321, 22, 3
0 50 24: 320, 22, 1
0 50 25: 732, 10, 3
0 50 25: 1457, 4, 1
0 50 26: 1417, 0, 3
0 50 27: 1434, 10, 0
0 50 28: 1434, 10, 0
0 50 29: 1434, 10, 0
0 50 30: 1434, 10, 0
0 50 31: 1434, 10, 0
0 50 32: 1434, 10, 0
0 50 33: 1434, 10, 0
0 50 34: 1434, 10, 0
0 50 35: 1434, 10, 0
0 50 36: 1434, 10, 0
0 50 37: 1417, 1, 0
0 50 38: 1417, 9, 0
0 50 48: 663, 10, 1
0 50 50: 320, 22, 2
0 50 51: 321, 22, 3
0 50 52: 320, 22, 3
0 50 58: 1417, 0, 3
0 50 59: 1434, 10, 0
0 50 60: 1434, 10, 0
0 50 61: 1434, 10, 0
0 50 62: 1434, 10, 0
0 50 63: 1434, 10, 0
0 51 0: 1434, 10, 0
0 51 1: 1434, 10, 0
0 51 2: 1434, 10, 0
0 51 3: 1417, 1, 0
0 51 4: 1417, 9, 0
0 51 7: 1172, 10, 3
0 51 9: 724, 10, 3
0 51 10: 1417, 9, 3
0 51 10: 1454, 7, 3
0 51 11: 1417, 1, 3
0 51 12: 1434, 10, 0
0 51 13: 1434, 10, 0
0 51 14: 1434, 10, 0
0 51 15: 1434, 10, 0
0 51 16: 1434, 10, 0
0 51 17: 1434, 10, 0
0 51 18: 1434, 10, 0
0 51 19: 1417, 0, 1
0 51 20: 543, 10, 2
0 51 22: 320, 22, 3
0 51 23: 320, 22, 0
0 51 24: 732, 10, 1
0 51 25: 732, 10, 2
0 51 25: 1452, 4, 1
0 51 26: 1417, 0, 3
0 51 27: 1434, 10, 0
0 51 28: 1434, 10, 0
0 51 29: 1434, 10, 0
0 51 30: 1434, 10, 0
0 51 31: 1434, 10, 0
0 51 32: 1434, 10, 0
0 51 33: 1434, 10, 0
0 51 34: 1434, 10, 0
0 51 35: 1434, 10, 0
0 51 36: 1434, 10, 0
0 51 37: 1434, 10, 0
0 51 38: 1417, 1, 0
0 51 39: 1417, 9, 0
0 51 40: 198, 4, 2
0 51 49: 320, 22, 3
0 51 50: 321, 22, 0
0 51 51: 320, 22, 2
0 51 56: 662, 10, 2
0 51 58: 1417, 0, 3
0 51 59: 1434, 10, 0
0 51 60: 1434, 10, 0
0 51 61: 1434, 10, 0
0 51 62: 1434, 10, 0
0 51 63: 1434, 10, 0
0 52 0: 1434, 10, 0
0 52 1: 1434, 10, 0
0 52 2: 1434, 10, 0
0 52 3: 1434, 10, 0
0 52 4: 1417, 1, 0
0 52 5: 1417, 9, 0
0 52 6: 1172, 10, 2
0 52 6: 1453, 4, 2
0 52 7: 198, 4, 2
0 52 8: 1168, 10, 3
0 52 8: 1452, 4, 2
0 52 9: 1417, 9, 3
0 52 9: 1454, 7, 3
0 52 10: 1417, 1, 3
0 52 11: 1434, 10, 0
0 52 12: 1434, 10, 0
0 52 13: 1434, 10, 0
0 52 14: 1434, 10, 0
0 52 15: 1434, 10, 0
0 52 16: 1434, 10, 0
0 52 17: 1434, 10, 0
0 52 18: 1434, 10, 0
0 52 19: 1417, 1, 0
0 52 20: 1417, 9, 0
0 52 24: 732, 10, 2
0 52 25: 1417, 9, 3
0 52 25: 1454, 7, 3
0 52 26: 1417, 1, 3
0 52 27: 1434, 10, 0
0 52 28: 1434, 10, 0
0 52 29: 1434, 10, 0
0 52 30: 1434, 10, 0
0 52 31: 1434, 10, 0
0 52 32: 1434, 10, 0
0 52 33: 1434, 10, 0
0 52 34: 1434, 10, 0
0 52 35: 1434, 10, 0
0 52 36: 1434, 10, 0
0 52 37: 1434, 10, 0
0 52 38: 1434, 10, 0
0 52 39: 1417, 1, 0
0 52 40: 1417, 0, 0
0 52 41: 1417, 9, 0
0 52 50: 320, 22, 1
0 52 58: 1417, 9, 2
0 52 59: 1417, 1, 2
0 52 60: 1434, 10, 0
0 52 61: 1417, 1, 1
0 52 62: 1417, 0, 2
0 52 63: 1417, 0, 2
0 53 0: 1434, 10, 0
0 53 1: 1434, 10, 0
0 53 2: 1434, 10, 0
0 53 3: 1434, 10, 0
0 53 4: 1434, 10, 0
0 53 5: 1417, 1, 0
0 53 6: 1417, 0, 0
0 53 7: 1417, 0, 0
0 53 8: 1417, 0, 0
0 53 9: 1417, 1, 3
0 53 10: 1434, 10, 0
0 53 11: 1434, 10, 0
0 53 12: 1434, 10, 0
0 53 13: 1434, 10, 0
0 53 14: 1434, 10, 0
0 53 15: 1434, 10, 0
0 53 16: 1434, 10, 0
0 53 17: 1434, 10, 0
0 53 18: 1434, 10, 0
0 53 19: 1434, 10, 0
0 53 20: 1417, 0, 1
0 53 23: 543, 10, 1
0 53 24: 1417, 9, 3
0 53 24: 1455, 7, 3
0 53 25: 1417, 1, 3
0 53 26: 1434, 10, 0
0 53 27: 1434, 10, 0
0 53 28: 1434, 10, 0
0 53 29: 1434, 10, 0
0 53 30: 1434, 10, 0
0 53 31: 1434, 10, 0
0 53 32: 1434, 10, 0
0 53 33: 1434, 10, 0
0 53 34: 1434, 10, 0
0 53 35: 1434, 10, 0
0 53 36: 1434, 10, 0
0 53 37: 1434, 10, 0
0 53 38: 1434, 10, 0
0 53 39: 1434, 10, 0
0 53 40: 1434, 10, 0
0 53 41: 1417, 1, 0
0 53 42: 1417, 9, 0
0 53 45: 320, 22, 0
0 53 46: 320, 22, 1
0 53 47: 320, 22, 2
0 53 59: 1417, 0, 3
0 53 60: 1417, 1, 1
0 53 61: 1417, 9, 1
0 53 62: 198, 4, 0
0 54 0: 1434, 10, 0
0 54 1: 1434, 10, 0
0 54 2: 1434, 10, 0
0 54 3: 1434, 10, 0
0 54 4: 1434, 10, 0
0 54 5: 1434, 10, 0
0 54 6: 1434, 10, 0
0 54 7: 1434, 10, 0
0 54 8: 1434, 10, 0
0 54 9: 1434, 10, 0
0 54 10: 1434, 10, 0
0 54 11: 1434, 10, 0
0 54 12: 1434, 10, 0
0 54 13: 1434, 10, 0
0 54 14: 1434, 10, 0
0 54 15: 1434, 10, 0
0 54 16: 1434, 10, 0
0 54 17: 1434, 10, 0
0 54 18: 1434, 10, 0
0 54 19: 1434, 10, 0
0 54 20: 1417, 0, 1
0 54 23: 207, 4, 1
0 54 24: 1417, 0, 3
0 54 25: 1434, 10, 0
0 54 26: 1434, 10, 0
0 54 27: 1434, 10, 0
0 54 28: 1434, 10, 0
0 54 29: 1434, 10, 0
0 54 30: 1434, 10, 0
0 54 31: 1434, 10, 0
0 54 32: 1434, 10, 0
0 54 33: 1434, 10, 0
0 54 34: 1434, 10, 0
0 54 35: 1434, 10, 0
0 54 36: 1434, 10, 0
0 54 37: 1434, 10, 0
0 54 38: 1434, 10, 0
0 54 39: 1434, 10, 0
0 54 40: 1434, 10, 0
0 54 41: 1434, 10, 0
0 54 42: 1417, 1, 0
0 54 43: 1417, 9, 0
0 54 44: 1455, 4, 2
0 54 45: 320, 22, 0
0 54 46: 321, 22, 3
0 54 47: 320, 22, 2
0 54 53: 660, 10, 1
0 54 59: 1417, 9, 2
0 54 60: 321, 22, 3
0 54 60: 1417, 9, 1
0 55 0: 1434, 10, 0
0 55 1: 1434, 10, 0
0 55 2: 1434, 10, 0
0 55 3: 1434, 10, 0
0 55 4: 1434, 10, 0
0 55 5: 1434, 10, 0
0 55 6: 1434, 10, 0
0 55 7: 1434, 10, 0
0 55 8: 1434, 10, 0
0 55 9: 1434, 10, 0
0 55 10: 1434, 10, 0
0 55 11: 1434, 10, 0
0 55 12: 1434, 10, 0
0 55 13: 1434, 10, 0
0 55 14: 1434, 10, 0
0 55 15: 1434, 10, 0
0 55 16: 1434, 10, 0
0 55 17: 1434, 10, 0
0 55 18: 1434, 10, 0
0 55 19: 1434, 10, 0
0 55 20: 1417, 0, 1
0 55 21: 706, 4, 3
0 55 23: 1453, 4, 1
0 55 24: 1417, 0, 3
0 55 25: 1434, 10, 0
0 55 26: 1434, 10, 0
0 55 27: 1434, 10, 0
0 55 28: 1434, 10, 0
0 55 29: 1434, 10, 0
0 55 30: 1434, 10, 0
0 55 31: 1434, 10, 0
0 55 32: 1434, 10, 0
0 55 33: 1434, 10, 0
0 55 34: 1434, 10, 0
0 55 35: 1434, 10, 0
0 55 36: 1434, 10, 0
0 55 37: 1434, 10, 0
0 55 38: 1434, 10, 0
0 55 39: 1434, 10, 0
0 55 40: 1434, 10, 0
0 55 41: 1434, 10, 0
0 55 42: 1434, 10, 0
0 55 43: 1417, 1, 0
0 55 44: 1417, 0, 0
0 55 45: 1417, 9, 0
0 55 48: 320, 22, 1
0 55 59: 319, 22, 1
0 56 0: 1434, 10, 0
0 56 1: 1434, 10, 0
0 56 2: 1434, 10, 0
0 56 3: 1434, 10, 0
0 56 4: 1434, 10, 0
0 56 5: 1434, 10, 0
0 56 6: 1434, 10, 0
0 56 7: 1434, 10, 0
0 56 8: 1434, 10, 0
0 56 9: 1434, 10, 0
0 56 10: 1434, 10, 0
0 56 11: 1434, 10, 0
0 56 12: 1434, 10, 0
0 56 13: 1434, 10, 0
0 56 14: 1434, 10, 0
0 56 15: 1434, 10, 0
0 56 16: 1434, 10, 0
0 56 17: 1434, 10, 0
0 56 18: 1434, 10, 0
0 56 19: 1434, 10, 0
0 56 20: 1417, 0, 1
0 56 23: 1452, 4, 1
0 56 24: 1417, 0, 3
0 56 25: 1434, 10, 0
0 56 26: 1434, 10, 0
0 56 27: 1434, 10, 0
0 56 28: 1434, 10, 0
0 56 29: 1434, 10, 0
0 56 30: 1434, 10, 0
0 56 31: 1434, 10, 0
0 56 32: 1434, 10, 0
0 56 33: 1434, 10, 0
0 56 34: 1434, 10, 0
0 56 35: 1434, 10, 0
0 56 36: 1434, 10, 0
0 56 37: 1434, 10, 0
0 56 38: 1434, 10, 0
0 56 39: 1434, 10, 0
0 56 40: 1434, 10, 0
0 56 41: 1434, 10, 0
0 56 42: 1434, 10, 0
0 56 43: 1434, 10, 0
0 56 44: 1434, 10, 0
0 56 45: 1417, 0, 1
0 56 47: 320, 22, 0
0 56 48: 321, 22, 1
0 56 49: 320, 22, 2
0 56 60: 319, 22, 3
0 57 0: 1434, 10, 0
0 57 1: 1434, 10, 0
0 57 2: 1434, 10, 0
0 57 3: 1434, 10, 0
0 57 4: 1434, 10, 0
0 57 5: 1434, 10, 0
0 57 6: 1434, 10, 0
0 57 7: 1434, 10, 0
0 57 8: 1434, 10, 0
0 57 9: 1434, 10, 0
0 57 10: 1434, 10, 0
0 57 11: 1434, 10, 0
0 57 12: 1434, 10, 0
0 57 13: 1434, 10, 0
0 57 14: 1434, 10, 0
0 57 15: 1434, 10, 0
0 57 16: 1434, 10, 0
0 57 17: 1434, 10, 0
0 57 18: 1434, 10, 0
0 57 19: 1434, 10, 0
0 57 20: 1658, 1, 0
0 57 21: 1658, 9, 0
0 57 23: 1658, 9, 3
0 57 24: 1658, 1, 3
0 57 25: 1434, 10, 0
0 57 26: 1434, 10, 0
0 57 27: 1434, 10, 0
0 57 28: 1434, 10, 0
0 57 29: 1434, 10, 0
0 57 30: 1434, 10, 0
0 57 31: 1434, 10, 0
0 57 32: 1434, 10, 0
0 57 33: 1434, 10, 0
0 57 34: 1434, 10, 0
0 57 35: 1434, 10, 0
0 57 36: 1434, 10, 0
0 57 37: 1434, 10, 0
0 57 38: 1434, 10, 0
0 57 39: 1434, 10, 0
0 57 40: 1434, 10, 0
0 57 41: 1434, 10, 0
0 57 42: 1434, 10, 0
0 57 43: 1417, 1, 1
0 57 44: 1417, 0, 2
0 57 45: 1417, 9, 1
0 57 48: 320, 22, 3
0 57 58: 319, 22, 0
0 57 59: 321, 22, 0
0 58 0: 1434, 10, 0
0 58 1: 1434, 10, 0
0 58 2: 1434, 10, 0
0 58 3: 1434, 10, 0
0 58 4: 1434, 10, 0
0 58 5: 1434, 10, 0
0 58 6: 1434, 10, 0
0 58 7: 1434, 10, 0
0 58 8: 1434, 10, 0
0 58 9: 1434, 10, 0
0 58 10: 1434, 10, 0
0 58 11: 1434, 10, 0
0 58 12: 1434, 10, 0
0 58 13: 1434, 10, 0
0 58 14: 1434, 10, 0
0 58 15: 1434, 10, 0
0 58 16: 1434, 10, 0
0 58 17: 1434, 10, 0
0 58 18: 1434, 10, 0
0 58 19: 1434, 10, 0
0 58 20: 1434, 10, 0
0 58 21: 1631, 0, 1
0 58 22: 2407, 0, 0
0 58 23: 1631, 0, 3
0 58 24: 1434, 10, 0
0 58 25: 1434, 10, 0
0 58 26: 1434, 10, 0
0 58 27: 1434, 10, 0
0 58 28: 1434, 10, 0
0 58 29: 1434, 10, 0
0 58 30: 1434, 10, 0
0 58 31: 1434, 10, 0
0 58 32: 1434, 10, 0
0 58 33: 1434, 10, 0
0 58 34: 1434, 10, 0
0 58 35: 1434, 10, 0
0 58 36: 1434, 10, 0
0 58 37: 1434, 10, 0
0 58 38: 1434, 10, 0
0 58 39: 1434, 10, 0
0 58 40: 1434, 10, 0
0 58 41: 1434, 10, 0
0 58 42: 1417, 1, 1
0 58 43: 1417, 9, 1
0 58 49: 320, 22, 3
0 58 50: 320, 22, 0
0 58 55: 320, 22, 0
0 58 57: 319, 22, 0
0 58 58: 320, 22, 2
0 59 0: 1434, 10, 0
0 59 1: 1434, 10, 0
0 59 2: 1434, 10, 0
0 59 3: 1434, 10, 0
0 59 4: 1434, 10, 0
0 59 5: 1434, 10, 0
0 59 6: 1434, 10, 0
0 59 7: 1434, 10, 0
0 59 8: 1434, 10, 0
0 59 9: 1434, 10, 0
0 59 10: 1434, 10, 0
0 59 11: 1434, 10, 0
0 59 12: 1434, 10, 0
0 59 13: 1434, 10, 0
0 59 14: 1434, 10, 0
0 59 15: 1434, 10, 0
0 59 16: 1434, 10, 0
0 59 17: 1434, 10, 0
0 59 18: 1434, 10, 0
0 59 19: 1434, 10, 0
0 59 20: 1434, 10, 0
0 59 21: 1434, 10, 0
0 59 21: 1631, 0, 1
0 59 23: 1434, 10, 0
0 59 23: 1631, 0, 3
0 59 24: 1434, 10, 0
0 59 25: 1434, 10, 0
0 59 26: 1434, 10, 0
0 59 27: 1434, 10, 0
0 59 28: 1434, 10, 0
0 59 29: 1434, 10, 0
0 59 30: 1434, 10, 0
0 59 31: 1434, 10, 0
0 59 32: 1434, 10, 0
0 59 33: 1434, 10, 0
0 59 34: 1434, 10, 0
0 59 35: 1434, 10, 0
0 59 36: 1434, 10, 0
0 59 37: 1434, 10, 0
0 59 38: 1434, 10, 0
0 59 39: 1417, 1, 1
0 59 40: 1417, 0, 2
0 59 41: 1417, 0, 2
0 59 42: 321, 22, 1
0 59 42: 1417, 9, 1
0 59 43: 319, 22, 0
0 59 44: 319, 22, 1
0 59 49: 319, 22, 2
0 59 53: 320, 22, 1
0 59 57: 320, 22, 1
0 59 58: 321, 22, 1
0 59 59: 320, 22, 1
0 59 60: 320, 22, 0
0 60 0: 1434, 10, 0
0 60 1: 1434, 10, 0
0 60 2: 1434, 10, 0
0 60 3: 1434, 10, 0
0 60 4: 1434, 10, 0
0 60 5: 1434, 10, 0
0 60 6: 1434, 10, 0
0 60 7: 1434, 10, 0
0 60 8: 1434, 10, 0
0 60 9: 1434, 10, 0
0 60 10: 1434, 10, 0
0 60 11: 1434, 10, 0
0 60 12: 1434, 10, 0
0 60 13: 1434, 10, 0
0 60 14: 1434, 10, 0
0 60 15: 1434, 10, 0
0 60 16: 1434, 10, 0
0 60 17: 1434, 10, 0
0 60 18: 1434, 10, 0
0 60 19: 1434, 10, 0
0 60 20: 1434, 10, 0
0 60 21: 1434, 10, 0
0 60 21: 1631, 0, 1
0 60 23: 1434, 10, 0
0 60 23: 1631, 0, 3
0 60 24: 1434, 10, 0
0 60 25: 1434, 10, 0
0 60 26: 1434, 10, 0
0 60 27: 1434, 10, 0
0 60 28: 1434, 10, 0
0 60 29: 1434, 10, 0
0 60 30: 1434, 10, 0
0 60 31: 1434, 10, 0
0 60 32: 1434, 10, 0
0 60 33: 1434, 10, 0
0 60 34: 1434, 10, 0
0 60 35: 1434, 10, 0
0 60 36: 1434, 10, 0
0 60 37: 1434, 10, 0
0 60 38: 1417, 1, 1
0 60 39: 1417, 9, 1
0 60 40: 198, 4, 0
0 60 48: 320, 22, 1
0 60 51: 320, 22, 0
0 60 52: 320, 22, 0
0 60 53: 321, 22, 2
0 60 54: 320, 22, 3
0 60 58: 320, 22, 0
0 60 59: 320, 22, 1
0 60 60: 321, 22, 0
0 60 61: 320, 22, 3
0 61 0: 1434, 10, 0
0 61 1: 1434, 10, 0
0 61 2: 1434, 10, 0
0 61 3: 1434, 10, 0
0 61 4: 1434, 10, 0
0 61 5: 1434, 10, 0
0 61 6: 1434, 10, 0
0 61 7: 1434, 10, 0
0 61 8: 1434, 10, 0
0 61 9: 1434, 10, 0
0 61 10: 1434, 10, 0
0 61 11: 1434, 10, 0
0 61 12: 1434, 10, 0
0 61 13: 1434, 10, 0
0 61 14: 1434, 10, 0
0 61 15: 1434, 10, 0
0 61 16: 1434, 10, 0
0 61 17: 1434, 10, 0
0 61 18: 1434, 10, 0
0 61 19: 1434, 10, 0
0 61 20: 1434, 10, 0
0 61 21: 1434, 10, 0
0 61 21: 1631, 3, 0
0 61 22: 1434, 10, 0
0 61 22: 1631, 0, 0
0 61 23: 1434, 10, 0
0 61 23: 1631, 3, 3
0 61 24: 1434, 10, 0
0 61 25: 1434, 10, 0
0 61 26: 1434, 10, 0
0 61 27: 1434, 10, 0
0 61 28: 1434, 10, 0
0 61 29: 1434, 10, 0
0 61 30: 1434, 10, 0
0 61 31: 1434, 10, 0
0 61 32: 1434, 10, 0
0 61 33: 1434, 10, 0
0 61 34: 1434, 10, 0
0 61 35: 1434, 10, 0
0 61 36: 1434, 10, 0
0 61 37: 1417, 1, 1
0 61 38: 1417, 9, 1
0 61 42: 320, 22, 2
0 61 44: 320, 22, 0
0 61 50: 321, 22, 1
0 61 51: 1455, 4, 2
0 61 52: 1454, 4, 2
0 61 53: 320, 22, 2
0 61 53: 1452, 4, 2
0 61 54: 1452, 4, 2
0 61 55: 198, 4, 2
0 61 56: 1452, 4, 2
0 61 57: 1453, 4, 2
0 61 59: 198, 4, 2
0 61 60: 320, 22, 2
0 62 0: 1434, 10, 0
0 62 1: 1434, 10, 0
0 62 2: 1434, 10, 0
0 62 3: 1434, 10, 0
0 62 4: 1434, 10, 0
0 62 5: 1434, 10, 0
0 62 6: 1434, 10, 0
0 62 7: 1434, 10, 0
0 62 8: 1434, 10, 0
0 62 9: 1434, 10, 0
0 62 10: 1434, 10, 0
0 62 11: 1434, 10, 0
0 62 12: 1434, 10, 0
0 62 13: 1434, 10, 0
0 62 14: 1434, 10, 0
0 62 15: 1434, 10, 0
0 62 16: 1434, 10, 0
0 62 17: 1434, 10, 0
0 62 18: 1434, 10, 0
0 62 19: 1434, 10, 0
0 62 20: 1434, 10, 0
0 62 21: 1434, 10, 0
0 62 22: 1434, 10, 0
0 62 23: 1434, 10, 0
0 62 24: 1434, 10, 0
0 62 25: 1434, 10, 0
0 62 26: 1434, 10, 0
0 62 27: 1434, 10, 0
0 62 28: 1434, 10, 0
0 62 29: 1434, 10, 0
0 62 30: 1434, 10, 0
0 62 31: 1434, 10, 0
0 62 32: 1434, 10, 0
0 62 33: 1434, 10, 0
0 62 34: 1434, 10, 0
0 62 35: 1434, 10, 0
0 62 36: 1417, 1, 1
0 62 37: 1417, 9, 1
0 62 41: 320, 22, 3
0 62 42: 321, 22, 2
0 62 43: 320, 22, 3
0 62 44: 321, 22, 3
0 62 45: 320, 22, 2
0 62 46: 198, 4, 2
0 62 47: 1455, 4, 2
0 62 48: 321, 22, 2
0 62 48: 1455, 4, 2
0 62 49: 319, 22, 2
0 62 49: 1454, 4, 2
0 62 50: 1417, 9, 3
0 62 51: 1417, 0, 0
0 62 52: 1417, 0, 0
0 62 53: 1417, 0, 0
0 62 54: 1417, 0, 0
0 62 55: 1417, 0, 0
0 62 56: 1417, 0, 0
0 62 57: 1417, 0, 0
0 62 58: 1417, 0, 0
0 62 59: 1417, 0, 0
0 62 60: 1417, 9, 0
0 62 61: 320, 22, 3
0 63 0: 1434, 10, 0
0 63 1: 1434, 10, 0
0 63 2: 1434, 10, 0
0 63 3: 1434, 10, 0
0 63 4: 1434, 10, 0
0 63 5: 1434, 10, 0
0 63 6: 1434, 10, 0
0 63 7: 1434, 10, 0
0 63 8: 1434, 10, 0
0 63 9: 1434, 10, 0
0 63 10: 1434, 10, 0
0 63 11: 1434, 10, 0
0 63 12: 1434, 10, 0
0 63 13: 1434, 10, 0
0 63 14: 1434, 10, 0
0 63 15: 1434, 10, 0
0 63 16: 1434, 10, 0
0 63 17: 1434, 10, 0
0 63 18: 1434, 10, 0
0 63 19: 1434, 10, 0
0 63 20: 1434, 10, 0
0 63 21: 1434, 10, 0
0 63 22: 1434, 10, 0
0 63 23: 1434, 10, 0
0 63 24: 1434, 10, 0
0 63 25: 1434, 10, 0
0 63 26: 1434, 10, 0
0 63 27: 1434, 10, 0
0 63 28: 1434, 10, 0
0 63 29: 1434, 10, 0
0 63 30: 1434, 10, 0
0 63 31: 1434, 10, 0
0 63 32: 1434, 10, 0
0 63 33: 1434, 10, 0
0 63 34: 1434, 10, 0
0 63 35: 1417, 1, 1
0 63 36: 1417, 9, 1
0 63 42: 320, 22, 0
0 63 43: 320, 22, 1
0 63 44: 320, 22, 1
0 63 45: 1417, 9, 3
0 63 46: 1417, 0, 0
0 63 47: 1417, 0, 0
0 63 48: 1417, 0, 0
0 63 49: 1417, 0, 0
0 63 50: 1417, 1, 3
0 63 51: 1434, 10, 0
0 63 52: 1434, 10, 0
0 63 53: 1434, 10, 0
0 63 54: 1434, 10, 0
0 63 55: 1434, 10, 0
0 63 56: 1434, 10, 0
0 63 57: 1434, 10, 0
0 63 58: 1434, 10, 0
0 63 59: 1434, 10, 0
0 63 60: 1417, 1, 0
0 63 61: 198, 7, 0
0 63 61: 1417, 9, 0
1 0 43: 320, 22, 1
1 0 44: 320, 22, 2
1 1 42: 320, 22, 1
1 1 43: 320, 22, 1
1 1 44: 320, 22, 1
1 1 45: 321, 22, 3
1 1 46: 320, 22, 3
1 2 41: 320, 22, 0
1 2 42: 320, 22, 0
1 2 43: 321, 22, 2
1 2 44: 320, 22, 2
1 2 45: 320, 22, 0
1 2 46: 320, 22, 2
1 3 37: 319, 22, 1
1 3 38: 320, 22, 0
1 3 39: 320, 22, 2
1 3 41: 1435, 10, 2
1 3 47: 1435, 10, 3
1 4 35: 321, 22, 0
1 4 36: 320, 22, 2
1 4 37: 320, 22, 3
1 4 38: 320, 22, 3
1 4 39: 321, 22, 1
1 4 40: 1435, 10, 2
1 4 48: 1435, 10, 3
1 4 49: 320, 22, 0
1 4 50: 320, 22, 0
1 5 37: 1435, 10, 2
1 5 49: 1435, 10, 3
1 5 50: 321, 22, 0
1 5 51: 320, 22, 3
1 5 52: 320, 22, 2
1 6 34: 320, 22, 2
1 6 35: 320, 22, 3
1 6 36: 1435, 10, 2
1 6 52: 1435, 10, 3
1 6 53: 320, 22, 1
1 6 54: 320, 22, 0
1 7 32: 320, 22, 3
1 7 33: 319, 22, 0
1 7 34: 320, 22, 1
1 7 35: 1435, 10, 2
1 7 53: 1435, 10, 3
1 7 54: 320, 22, 2
1 8 32: 320, 22, 2
1 8 33: 320, 22, 0
1 8 34: 1435, 10, 2
1 8 54: 1435, 10, 3
1 9 32: 320, 22, 2
1 9 33: 321, 22, 2
1 9 55: 320, 22, 3
1 10 31: 320, 22, 1
1 10 32: 320, 22, 1
1 10 33: 320, 22, 0
1 10 55: 320, 22, 2
1 10 56: 320, 22, 1
1 11 31: 320, 22, 1
1 11 32: 320, 22, 2
1 11 33: 320, 22, 3
1 11 55: 320, 22, 0
1 11 56: 321, 22, 1
1 12 31: 321, 22, 0
1 12 32: 320, 22, 2
1 12 33: 319, 22, 0
1 12 55: 320, 22, 0
1 12 56: 320, 22, 3
1 12 57: 320, 22, 0
1 13 31: 320, 22, 3
1 13 32: 320, 22, 0
1 13 33: 320, 22, 1
1 13 55: 320, 22, 3
1 13 56: 320, 22, 1
1 14 33: 321, 22, 1
1 14 55: 320, 22, 0
1 15 34: 1435, 10, 1
1 15 55: 321, 22, 2
1 15 56: 320, 22, 1
1 16 34: 320, 22, 1
1 17 19: 320, 22, 1
1 17 33: 321, 22, 3
1 17 34: 320, 22, 0
1 17 63: 1417, 9, 3
1 18 17: 320, 22, 0
1 18 18: 321, 22, 0
1 18 19: 320, 22, 2
1 18 33: 320, 22, 1
1 18 34: 319, 22, 3
1 18 35: 1435, 10, 1
1 18 54: 1435, 10, 0
1 18 55: 320, 22, 0
1 18 61: 1417, 9, 3
1 18 62: 1417, 0, 0
1 18 63: 1417, 1, 3
1 19 18: 320, 22, 0
1 19 34: 320, 22, 3
1 19 36: 1435, 10, 1
1 19 53: 1435, 10, 0
1 19 54: 320, 22, 0
1 19 61: 1417, 0, 3
1 19 62: 1434, 10, 0
1 19 63: 1434, 10, 0
1 20 18: 320, 22, 3
1 20 24: 320, 22, 1
1 20 25: 321, 22, 3
1 20 26: 320, 22, 0
1 20 36: 320, 22, 2
1 20 37: 1435, 10, 1
1 20 52: 1435, 10, 0
1 20 53: 321, 22, 3
1 20 54: 320, 22, 3
1 20 55: 320, 22, 2
1 20 60: 1417, 9, 3
1 20 61: 1417, 1, 3
1 20 62: 1434, 10, 0
1 20 63: 1434, 10, 0
1 21 21: 1435, 10, 2
1 21 28: 1435, 10, 3
1 21 32: 320, 22, 2
1 21 34: 321, 22, 1
1 21 37: 1435, 10, 2
1 21 41: 1435, 10, 1
1 21 51: 1435, 10, 0
1 21 53: 320, 22, 0
1 21 59: 1417, 9, 3
1 21 60: 1417, 1, 3
1 21 61: 1434, 10, 0
1 21 62: 1434, 10, 0
1 21 63: 1434, 10, 0
1 22 12: 320, 22, 1
1 22 13: 321, 22, 0
1 22 14: 320, 22, 2
1 22 29: 1435, 10, 3
1 22 30: 320, 22, 3
1 22 31: 321, 22, 2
1 22 34: 320, 22, 1
1 22 35: 1435, 10, 2
1 22 42: 1435, 10, 1
1 22 52: 320, 22, 1
1 22 58: 1417, 9, 3
1 22 59: 1417, 1, 3
1 22 60: 1434, 10, 0
1 22 61: 1434, 10, 0
1 22 62: 1434, 10, 0
1 22 63: 1434, 10, 0
1 23 13: 320, 22, 3
1 23 18: 320, 22, 3
1 23 19: 321, 22, 3
1 23 20: 1435, 10, 2
1 23 32: 1435, 10, 3
1 23 33: 1435, 10, 2
1 23 51: 320, 22, 0
1 23 56: 1417, 9, 3
1 23 57: 1417, 0, 0
1 23 58: 1417, 1, 3
1 23 59: 1434, 10, 0
1 23 60: 1434, 10, 0
1 23 61: 1434, 10, 0
1 23 62: 1434, 10, 0
1 23 63: 1434, 10, 0
1 24 18: 320, 22, 2
1 24 19: 1435, 10, 2
1 24 51: 321, 22, 3
1 24 56: 1417, 0, 3
1 24 57: 1434, 10, 0
1 24 58: 1434, 10, 0
1 24 59: 1434, 10, 0
1 24 60: 1434, 10, 0
1 24 61: 1434, 10, 0
1 24 62: 1434, 10, 0
1 24 63: 1434, 10, 0
1 25 18: 1435, 10, 2
1 25 51: 320, 22, 1
1 25 52: 320, 22, 3
1 25 55: 1417, 9, 3
1 25 56: 1417, 1, 3
1 25 57: 1434, 10, 0
1 25 58: 1434, 10, 0
1 25 59: 1434, 10, 0
1 25 60: 1434, 10, 0
1 25 61: 1434, 10, 0
1 25 62: 1434, 10, 0
1 25 63: 1434, 10, 0
1 26 17: 1435, 10, 2
1 26 51: 321, 22, 0
1 26 52: 320, 22, 3
1 26 55: 1417, 0, 3
1 26 56: 1434, 10, 0
1 26 57: 1434, 10, 0
1 26 58: 1434, 10, 0
1 26 59: 1434, 10, 0
1 26 60: 1434, 10, 0
1 26 61: 1434, 10, 0
1 26 62: 1434, 10, 0
1 26 63: 1434, 10, 0
1 27 16: 1435, 10, 2
1 27 55: 1417, 9, 2
1 27 56: 1417, 1, 2
1 27 57: 1434, 10, 0
1 27 58: 1434, 10, 0
1 27 59: 1434, 10, 0
1 27 60: 1434, 10, 0
1 27 61: 1434, 10, 0
1 27 62: 1434, 10, 0
1 27 63: 1434, 10, 0
1 28 50: 1435, 10, 0
1 28 56: 1417, 0, 3
1 28 57: 1434, 10, 0
1 28 58: 1434, 10, 0
1 28 59: 1434, 10, 0
1 28 60: 1434, 10, 0
1 28 61: 1434, 10, 0
1 28 62: 1434, 10, 0
1 28 63: 1434, 10, 0
1 29 12: 320, 22, 1
1 29 15: 319, 22, 1
1 29 46: 1435, 10, 0
1 29 50: 321, 22, 2
1 29 51: 320, 22, 2
1 29 56: 1417, 9, 2
1 29 57: 1417, 1, 2
1 29 58: 1434, 10, 0
1 29 59: 1434, 10, 0
1 29 60: 1434, 10, 0
1 29 61: 1434, 10, 0
1 29 62: 1434, 10, 0
1 29 63: 1434, 10, 0
1 30 12: 321, 22, 2
1 30 14: 321, 22, 2
1 30 15: 320, 22, 2
1 30 42: 1435, 10, 0
1 30 50: 320, 22, 0
1 30 51: 320, 22, 3
1 30 57: 1417, 9, 2
1 30 58: 1417, 1, 2
1 30 59: 1434, 10, 0
1 30 60: 1434, 10, 0
1 30 61: 1434, 10, 0
1 30 62: 1434, 10, 0
1 30 63: 1434, 10, 0
1 31 14: 320, 22, 3
1 31 15: 321, 22, 1
1 31 41: 1435, 10, 0
1 31 42: 320, 22, 0
1 31 44: 321, 22, 3
1 31 50: 320, 22, 2
1 31 51: 321, 22, 1
1 31 52: 320, 22, 0
1 31 58: 1417, 9, 2
1 31 59: 1417, 0, 2
1 31 60: 1417, 1, 2
1 31 61: 1434, 10, 0
1 31 62: 1434, 10, 0
1 31 63: 1434, 10, 0
1 32 40: 1435, 10, 0
1 32 44: 1435, 10, 2
1 32 50: 1435, 10, 3
1 32 51: 320, 22, 1
1 32 52: 320, 22, 2
1 32 53: 320, 22, 1
1 32 60: 1417, 9, 2
1 32 61: 1417, 0, 2
1 32 62: 1417, 1, 2
1 32 63: 1434, 10, 0
1 33 15: 320, 22, 0
1 33 41: 320, 22, 3
1 33 42: 320, 22, 1
1 33 43: 1435, 10, 2
1 33 51: 1435, 10, 3
1 33 52: 320, 22, 2
1 33 53: 320, 22, 0
1 33 62: 1417, 9, 2
1 33 63: 1417, 1, 2
1 34 6: 320, 22, 3
1 34 7: 321, 22, 1
1 34 16: 1435, 10, 1
1 34 30: 1435, 10, 0
1 34 31: 320, 22, 1
1 34 32: 320, 22, 1
1 34 33: 1435, 10, 1
1 34 39: 1435, 10, 0
1 34 41: 321, 22, 2
1 34 42: 320, 22, 2
1 34 52: 1435, 10, 3
1 34 53: 320, 22, 0
1 34 63: 1417, 9, 2
1 35 1: 320, 22, 2
1 35 2: 320, 22, 2
1 35 3: 320, 22, 0
1 35 4: 320, 22, 0
1 35 5: 321, 22, 3
1 35 6: 320, 22, 0
1 35 7: 320, 22, 1
1 35 8: 320, 22, 2
1 35 9: 320, 22, 0
1 35 10: 320, 22, 3
1 35 11: 320, 22, 2
1 35 30: 320, 22, 3
1 35 31: 321, 22, 3
1 35 40: 320, 22, 2
1 35 41: 320, 22, 3
1 35 42: 320, 22, 0
1 35 56: 1435, 10, 3
1 36 0: 320, 22, 3
1 36 1: 319, 22, 0
1 36 2: 320, 22, 1
1 36 3: 1435, 10, 2
1 36 9: 1435, 10, 3
1 36 10: 321, 22, 0
1 36 11: 320, 22, 2
1 36 29: 1435, 10, 0
1 36 31: 320, 22, 0
1 36 35: 320, 22, 0
1 36 36: 321, 22, 2
1 36 39: 320, 22, 2
1 36 40: 320, 22, 3
1 36 41: 320, 22, 0
1 36 42: 1435, 10, 2
1 36 57: 1435, 10, 3
1 36 58: 320, 22, 0
1 36 59: 320, 22, 1
1 36 60: 321, 22, 2
1 37 0: 320, 22, 1
1 37 1: 320, 22, 0
1 37 2: 1435, 10, 2
1 37 10: 1435, 10, 3
1 37 11: 320, 22, 2
1 37 12: 320, 22, 2
1 37 26: 1435, 10, 0
1 37 28: 320, 22, 2
1 37 35: 320, 22, 1
1 37 36: 320, 22, 0
1 37 37: 320, 22, 2
1 37 38: 320, 22, 3
1 37 39: 320, 22, 0
1 37 40: 320, 22, 1
1 37 41: 1435, 10, 2
1 37 58: 1435, 10, 3
1 37 59: 320, 22, 2
1 37 60: 320, 22, 1
1 38 0: 321, 22, 0
1 38 1: 1435, 10, 2
1 38 11: 320, 22, 0
1 38 12: 320, 22, 1
1 38 14: 320, 22, 3
1 38 15: 320, 22, 2
1 38 16: 320, 22, 0
1 38 28: 321, 22, 2
1 38 29: 320, 22, 2
1 38 35: 321, 22, 2
1 38 36: 320, 22, 3
1 38 37: 1435, 10, 2
1 38 61: 1435, 10, 3
1 39 0: 320, 22, 0
1 39 11: 1435, 10, 3
1 39 12: 320, 22, 2
1 39 13: 321, 22, 1
1 39 14: 320, 22, 0
1 39 15: 319, 22, 0
1 39 16: 320, 22, 2
1 39 26: 1435, 10, 3
1 39 27: 320, 22, 2
1 39 29: 320, 22, 3
1 39 35: 320, 22, 0
1 39 36: 1435, 10, 2
1 39 62: 1435, 10, 3
1 40 0: 320, 22, 0
1 40 12: 1435, 10, 3
1 40 16: 1435, 10, 2
1 40 27: 1435, 10, 3
1 40 28: 320, 22, 0
1 40 29: 320, 22, 1
1 40 30: 320, 22, 1
1 40 31: 320, 22, 1
1 40 32: 320, 22, 0
1 40 35: 1435, 10, 2
1 41 0: 320, 22, 3
1 41 14: 1435, 10, 3
1 41 15: 1435, 10, 2
1 41 29: 1435, 10, 3
1 41 30: 320, 22, 2
1 41 31: 321, 22, 3
1 41 32: 320, 22, 3
1 41 33: 1435, 10, 2
1 41 63: 321, 22, 1
1 42 0: 320, 22, 3
1 42 30: 1435, 10, 3
1 42 31: 320, 22, 2
1 42 32: 1435, 10, 2
1 42 63: 320, 22, 3
1 43 0: 321, 22, 3
1 43 63: 320, 22, 2
1 44 0: 320, 22, 3
1 44 63: 320, 22, 1
1 45 0: 320, 22, 1
1 45 63: 319, 22, 3
1 46 0: 320, 22, 1
1 46 1: 1435, 10, 1
1 46 63: 320, 22, 0
1 47 1: 320, 22, 1
1 47 14: 1435, 10, 0
1 47 15: 321, 22, 2
1 47 16: 1435, 10, 1
1 47 63: 320, 22, 3
1 48 0: 320, 22, 1
1 48 1: 321, 22, 2
1 48 14: 320, 22, 1
1 48 15: 320, 22, 2
1 48 16: 320, 22, 0
1 48 17: 1435, 10, 1
1 48 30: 1435, 10, 0
1 48 31: 320, 22, 2
1 48 32: 1435, 10, 1
1 48 62: 1435, 10, 0
1 48 63: 320, 22, 3
1 49 0: 319, 22, 2
1 49 1: 320, 22, 3
1 49 13: 1435, 10, 0
1 49 16: 319, 22, 0
1 49 17: 321, 22, 1
1 49 27: 1435, 10, 0
1 49 28: 320, 22, 0
1 49 30: 320, 22, 3
1 49 31: 320, 22, 0
1 49 32: 320, 22, 3
1 49 33: 1435, 10, 1
1 49 60: 1435, 10, 0
1 49 61: 320, 22, 0
1 49 62: 321, 22, 3
1 49 63: 320, 22, 1
1 50 0: 320, 22, 2
1 50 1: 320, 22, 1
1 50 12: 1435, 10, 0
1 50 13: 320, 22, 3
1 50 15: 320, 22, 2
1 50 17: 320, 22, 1
1 50 18: 1435, 10, 1
1 50 27: 320, 22, 3
1 50 28: 320, 22, 3
1 50 29: 320, 22, 1
1 50 33: 320, 22, 0
1 50 34: 321, 22, 1
1 50 35: 320, 22, 0
1 50 36: 1435, 10, 1
1 50 59: 1435, 10, 0
1 50 60: 320, 22, 2
1 50 62: 320, 22, 3
1 51 2: 1435, 10, 1
1 51 13: 320, 22, 1
1 51 18: 321, 22, 0
1 51 27: 320, 22, 1
1 51 34: 320, 22, 1
1 51 35: 320, 22, 3
1 51 36: 320, 22, 1
1 51 37: 1435, 10, 1
1 51 59: 1435, 10, 3
1 51 60: 320, 22, 2
1 51 61: 320, 22, 1
1 51 62: 320, 22, 1
1 52 1: 320, 22, 3
1 52 2: 320, 22, 2
1 52 3: 1435, 10, 1
1 52 11: 1435, 10, 0
1 52 18: 320, 22, 3
1 52 27: 320, 22, 0
1 52 28: 320, 22, 0
1 52 36: 320, 22, 2
1 52 37: 320, 22, 2
1 52 38: 1435, 10, 1
1 52 60: 1435, 10, 2
1 53 3: 320, 22, 3
1 53 4: 1435, 10, 1
1 53 10: 1435, 10, 0
1 53 11: 319, 22, 1
1 53 19: 1435, 10, 1
1 53 26: 1435, 10, 0
1 53 27: 320, 22, 2
1 53 37: 321, 22, 0
1 53 38: 320, 22, 2
1 53 39: 321, 22, 3
1 53 40: 1435, 10, 1
1 54 3: 320, 22, 1
1 54 4: 320, 22, 0
1 54 5: 320, 22, 3
1 54 6: 321, 22, 3
1 54 7: 320, 22, 1
1 54 8: 320, 22, 0
1 54 9: 321, 22, 0
1 54 10: 320, 22, 0
1 54 11: 320, 22, 1
1 54 18: 320, 22, 2
1 54 19: 320, 22, 1
1 54 25: 1435, 10, 0
1 54 26: 320, 22, 0
1 54 27: 320, 22, 2
1 54 38: 320, 22, 2
1 54 39: 320, 22, 3
1 54 41: 1435, 10, 1
1 55 9: 320, 22, 3
1 55 18: 320, 22, 0
1 55 25: 320, 22, 3
1 55 26: 319, 22, 3
1 55 27: 320, 22, 0
1 55 38: 320, 22, 0
1 55 39: 321, 22, 3
1 55 42: 1435, 10, 1
1 56 19: 320, 22, 3
1 57 42: 1435, 10, 2
1 58 41: 1435, 10, 2
1 59 38: 1435, 10, 2
1 60 37: 1435, 10, 2
1 61 36: 1435, 10, 2
1 62 35: 1435, 10, 2
1 63 34: 1435, 10, 2
1 63 51: 1435, 10, 0
1 63 59: 1435, 10, 1
2 19 62: 320, 22, 0
2 19 63: 320, 22, 3
2 20 62: 321, 22, 1
2 20 63: 320, 22, 2
2 21 61: 321, 22, 0
2 21 62: 320, 22, 0
2 22 60: 321, 22, 1
2 22 61: 320, 22, 3
2 23 59: 320, 22, 3
2 23 60: 320, 22, 1
2 24 57: 320, 22, 2
2 24 58: 321, 22, 2
2 24 59: 320, 22, 0
2 25 57: 320, 22, 0
2 25 58: 320, 22, 1
2 26 56: 321, 22, 3
2 26 57: 320, 22, 0
2 27 57: 320, 22, 3
2 27 58: 320, 22, 2
2 28 57: 321, 22, 1
2 28 58: 320, 22, 1
2 28 59: 320, 22, 2
2 29 58: 320, 22, 0
2 29 59: 320, 22, 0
2 29 60: 321, 22, 0
2 30 60: 320, 22, 1
2 30 61: 320, 22, 0
2 30 62: 320, 22, 3
2 31 61: 321, 22, 3
2 31 62: 320, 22, 2
2 31 63: 320, 22, 1
