0 0 45: 980, 0, 3
0 0 46: 1530, 0, 1
0 0 52: 1013, 10, 1
0 0 53: 362, 10, 3
0 0 53: 1602, 0, 3
0 0 55: 1248, 22, 1
0 0 57: 1602, 0, 3
0 0 59: 920, 22, 2
0 0 60: 921, 22, 1
0 0 61: 921, 22, 1
0 0 61: 1088, 10, 1
0 0 62: 920, 22, 1
0 0 63: 1602, 0, 1
0 1 45: 980, 0, 3
0 1 46: 205, 5, 1
0 1 46: 1602, 0, 1
0 1 48: 1102, 10, 0
0 1 49: 602, 10, 3
0 1 50: 1102, 10, 2
0 1 52: 2728, 10, 1
0 1 53: 1257, 22, 1
0 1 53: 1393, 11, 3
0 1 53: 1602, 0, 3
0 1 56: 1602, 1, 1
0 1 57: 1158, 10, 2
0 1 57: 1602, 2, 2
0 1 58: 1602, 0, 2
0 1 59: 1677, 0, 2
0 1 60: 909, 5, 2
0 1 60: 1602, 0, 2
0 1 61: 1602, 0, 2
0 1 62: 1602, 0, 2
0 1 63: 1602, 2, 1
0 2 45: 980, 0, 3
0 2 46: 1602, 0, 1
0 2 47: 374, 10, 3
0 2 48: 1827, 4, 2
0 2 50: 391, 4, 2
0 2 51: 1022, 4, 2
0 2 52: 2772, 22, 1
0 2 53: 1027, 10, 3
0 2 53: 1257, 22, 2
0 2 53: 1602, 0, 3
0 2 56: 876, 4, 1
0 2 56: 1602, 0, 1
0 2 57: 874, 10, 3
0 2 61: 1013, 10, 0
0 2 62: 1013, 10, 0
0 2 63: 1602, 0, 1
0 2 63: 2728, 10, 1
0 3 45: 980, 0, 3
0 3 45: 1248, 22, 2
0 3 47: 1173, 11, 3
0 3 47: 1602, 0, 0
0 3 48: 1602, 0, 0
0 3 48: 1826, 5, 0
0 3 49: 1258, 22, 2
0 3 49: 1602, 0, 0
0 3 50: 1257, 22, 2
0 3 50: 1393, 10, 3
0 3 50: 1602, 0, 0
0 3 51: 1258, 22, 1
0 3 51: 1602, 0, 0
0 3 52: 1257, 22, 2
0 3 52: 1602, 0, 0
0 3 53: 1257, 22, 3
0 3 56: 1257, 22, 0
0 3 56: 1602, 0, 1
0 3 56: 1821, 5, 1
0 3 57: 1822, 4, 3
0 3 57: 2771, 22, 1
0 3 63: 1602, 0, 1
0 3 63: 2772, 22, 1
0 4 45: 980, 0, 3
0 4 50: 1821, 4, 2
0 4 51: 1257, 22, 0
0 4 52: 1257, 22, 3
0 4 52: 1821, 4, 2
0 4 53: 1258, 22, 0
0 4 56: 1257, 22, 3
0 4 56: 1602, 0, 1
0 4 57: 595, 10, 3
0 4 59: 1022, 4, 2
0 4 60: 391, 4, 2
0 4 60: 595, 10, 3
0 4 61: 391, 4, 2
0 4 63: 598, 10, 3
0 4 63: 1602, 0, 1
0 5 45: 980, 9, 2
0 5 46: 981, 3, 2
0 5 48: 1248, 22, 3
0 5 48: 1602, 3, 3
0 5 49: 1602, 2, 3
0 5 50: 1602, 0, 0
0 5 50: 1822, 5, 0
0 5 51: 1017, 10, 0
0 5 51: 1602, 0, 0
0 5 52: 1602, 0, 0
0 5 52: 1822, 5, 0
0 5 53: 197, 5, 0
0 5 53: 1602, 2, 0
0 5 54: 1257, 22, 3
0 5 56: 1257, 22, 2
0 5 57: 1602, 0, 0
0 5 58: 1258, 22, 2
0 5 58: 1602, 0, 0
0 5 59: 1257, 22, 0
0 5 59: 1602, 0, 0
0 5 60: 1257, 22, 1
0 5 60: 1602, 0, 0
0 5 61: 1602, 0, 0
0 5 62: 1257, 22, 0
0 5 62: 1602, 0, 0
0 5 63: 1173, 11, 3
0 5 63: 1602, 0, 0
0 6 48: 1531, 0, 0
0 6 49: 947, 22, 2
0 6 51: 612, 10, 3
0 6 53: 850, 5, 1
0 6 53: 1602, 0, 1
0 6 54: 1258, 22, 0
0 6 55: 1257, 22, 2
0 6 55: 1602, 3, 1
0 6 56: 1257, 22, 1
0 6 56: 1602, 0, 2
0 6 57: 1257, 22, 3
0 6 57: 1602, 0, 2
0 6 57: 1821, 5, 2
0 6 58: 1257, 22, 0
0 6 58: 1602, 0, 2
0 6 59: 1257, 22, 3
0 6 59: 1602, 0, 2
0 6 60: 1258, 22, 1
0 6 60: 1602, 0, 2
0 6 61: 1257, 22, 2
0 6 61: 1602, 0, 2
0 6 61: 1821, 5, 2
0 6 62: 1257, 22, 1
0 6 62: 1602, 0, 2
0 6 63: 1602, 3, 2
0 7 47: 981, 1, 1
0 7 48: 1257, 22, 3
0 7 48: 1602, 3, 2
0 7 48: 1821, 4, 1
0 7 49: 1602, 0, 3
0 7 49: 1822, 5, 3
0 7 50: 2750, 22, 3
0 7 51: 917, 22, 3
0 7 52: 918, 22, 3
0 7 53: 917, 22, 0
0 7 53: 1602, 0, 1
0 7 53: 1822, 5, 1
0 7 54: 1257, 22, 1
0 7 54: 1821, 4, 3
0 7 55: 1602, 0, 1
0 7 56: 1158, 10, 2
0 7 57: 1822, 4, 0
0 7 58: 362, 10, 0
0 7 59: 362, 10, 0
0 7 59: 917, 22, 3
0 7 60: 917, 22, 0
0 7 61: 1822, 4, 0
0 7 62: 1158, 10, 0
0 7 63: 1602, 0, 3
0 8 45: 491, 22, 3
0 8 47: 980, 0, 1
0 8 48: 1044, 4, 1
0 8 48: 1258, 22, 0
0 8 49: 197, 5, 3
0 8 49: 1602, 0, 3
0 8 51: 917, 22, 2
0 8 52: 918, 22, 1
0 8 53: 197, 5, 1
0 8 53: 917, 22, 1
0 8 53: 1602, 0, 1
0 8 54: 1257, 22, 0
0 8 55: 1602, 0, 1
0 8 55: 1821, 5, 1
0 8 56: 997, 0, 2
0 8 56: 1822, 4, 3
0 8 57: 997, 0, 2
0 8 59: 918, 22, 2
0 8 60: 918, 22, 0
0 8 61: 591, 10, 0
0 8 62: 1093, 10, 3
0 8 62: 1822, 4, 1
0 8 63: 1602, 0, 3
0 8 63: 1821, 5, 3
0 9 44: 1248, 22, 0
0 9 47: 980, 0, 1
0 9 48: 1257, 22, 0
0 9 49: 1602, 2, 2
0 9 50: 350, 10, 2
0 9 50: 909, 5, 2
0 9 50: 1602, 0, 2
0 9 51: 375, 10, 3
0 9 51: 1602, 0, 2
0 9 51: 1822, 5, 2
0 9 52: 1602, 0, 2
0 9 53: 1602, 2, 1
0 9 53: 1747, 10, 0
0 9 54: 1258, 22, 1
0 9 55: 1257, 22, 0
0 9 55: 1602, 0, 1
0 9 56: 375, 10, 0
0 9 57: 997, 0, 1
0 9 59: 918, 22, 2
0 9 60: 918, 22, 0
0 9 63: 1602, 0, 3
0 10 47: 981, 3, 0
0 10 48: 1257, 22, 3
0 10 48: 1298, 10, 2
0 10 49: 1257, 22, 1
0 10 50: 1258, 22, 2
0 10 51: 1259, 22, 0
0 10 51: 1821, 4, 0
0 10 52: 1258, 22, 3
0 10 53: 1257, 22, 2
0 10 53: 1393, 11, 3
0 10 54: 1257, 22, 3
0 10 55: 1257, 22, 1
0 10 55: 1602, 0, 1
0 10 55: 1821, 5, 1
0 10 56: 375, 10, 0
0 10 56: 1822, 4, 3
0 10 57: 997, 0, 1
0 10 59: 917, 22, 2
0 10 60: 917, 22, 1
0 10 62: 1822, 4, 1
0 10 63: 1602, 0, 3
0 10 63: 1821, 5, 3
0 11 45: 981, 3, 2
0 11 49: 179, 22, 1
0 11 53: 1247, 22, 3
0 11 55: 1602, 0, 1
0 11 56: 375, 10, 0
0 11 57: 997, 0, 1
0 11 57: 1822, 4, 2
0 11 58: 916, 22, 1
0 11 60: 1093, 10, 1
0 11 61: 608, 10, 1
0 11 61: 1822, 4, 2
0 11 63: 1173, 11, 0
0 11 63: 1602, 0, 3
0 12 32: 729, 22, 3
0 12 33: 730, 22, 0
0 12 34: 729, 22, 0
0 12 45: 980, 0, 3
0 12 47: 181, 22, 3
0 12 50: 1246, 22, 1
0 12 55: 1602, 3, 0
0 12 56: 1602, 0, 0
0 12 57: 1602, 0, 0
0 12 57: 1821, 5, 0
0 12 58: 1530, 0, 0
0 12 59: 205, 5, 0
0 12 59: 1259, 22, 0
0 12 59: 1602, 0, 0
0 12 60: 1259, 22, 3
0 12 60: 1602, 0, 0
0 12 61: 1258, 22, 3
0 12 61: 1602, 0, 0
0 12 61: 1821, 5, 0
0 12 62: 1257, 22, 2
0 12 62: 1602, 0, 0
0 12 63: 1257, 22, 1
0 12 63: 1602, 3, 3
0 13 32: 730, 22, 0
0 13 33: 729, 22, 1
0 13 34: 730, 22, 1
0 13 45: 980, 0, 3
0 13 47: 1257, 22, 2
0 13 47: 1602, 3, 1
0 13 48: 876, 5, 2
0 13 48: 1602, 0, 2
0 13 49: 1298, 10, 1
0 13 49: 1602, 0, 2
0 13 50: 1258, 22, 3
0 13 50: 1602, 0, 2
0 13 51: 1259, 22, 1
0 13 51: 1602, 0, 2
0 13 52: 1258, 22, 0
0 13 52: 1602, 0, 2
0 13 53: 1259, 22, 0
0 13 53: 1602, 0, 2
0 13 54: 1258, 22, 3
0 13 54: 1602, 0, 2
0 13 55: 1602, 3, 2
0 13 56: 181, 22, 3
0 13 58: 1246, 22, 3
0 13 59: 1257, 22, 1
0 13 60: 1258, 22, 0
0 13 61: 1257, 22, 3
0 13 62: 1257, 22, 0
0 13 63: 1189, 10, 0
0 14 32: 729, 22, 0
0 14 33: 729, 22, 2
0 14 45: 980, 0, 3
0 14 46: 1248, 22, 3
0 14 47: 1258, 22, 3
0 14 47: 1602, 0, 1
0 14 48: 874, 10, 0
0 14 49: 2771, 22, 1
0 14 50: 228, 2, 3
0 14 50: 2026, 11, 3
0 14 51: 228, 2, 0
0 14 51: 2026, 10, 1
0 14 53: 228, 2, 3
0 14 53: 2026, 10, 3
0 14 54: 228, 2, 0
0 14 54: 2026, 11, 0
0 14 55: 876, 5, 3
0 14 55: 1602, 0, 3
0 14 58: 1124, 11, 2
0 14 60: 1257, 22, 2
0 15 45: 980, 0, 3
0 15 47: 1259, 22, 0
0 15 47: 1602, 0, 1
0 15 47: 1840, 5, 1
0 15 48: 1102, 10, 2
0 15 48: 1821, 4, 3
0 15 50: 228, 2, 2
0 15 50: 2026, 11, 0
0 15 51: 228, 2, 1
0 15 51: 2026, 10, 0
0 15 53: 228, 2, 2
0 15 53: 2026, 10, 2
0 15 54: 228, 2, 1
0 15 54: 2026, 10, 3
0 15 55: 876, 5, 3
0 15 55: 1602, 0, 3
0 15 62: 1300, 11, 2
0 16 45: 980, 0, 3
0 16 47: 1258, 22, 1
0 16 47: 1602, 0, 1
0 16 48: 967, 4, 3
0 16 54: 1158, 10, 2
0 16 55: 1602, 0, 3
0 16 59: 1189, 10, 3
0 16 62: 1189, 10, 0
0 17 31: 730, 22, 3
0 17 45: 981, 3, 3
0 17 47: 1602, 3, 3
0 17 49: 594, 10, 1
0 17 51: 2758, 22, 0
0 17 52: 612, 10, 2
0 17 54: 965, 4, 1
0 17 55: 1257, 22, 2
0 17 55: 1602, 0, 3
0 17 56: 1257, 22, 1
0 18 30: 729, 22, 3
0 18 31: 729, 22, 2
0 18 32: 729, 22, 1
0 18 39: 447, 10, 2
0 18 45: 981, 3, 2
0 18 46: 181, 22, 3
0 18 47: 1602, 3, 2
0 18 49: 917, 22, 3
0 18 50: 917, 22, 0
0 18 54: 964, 4, 1
0 18 55: 1259, 22, 2
0 18 55: 1602, 2, 2
0 18 56: 1258, 22, 2
0 18 56: 1602, 0, 2
0 18 57: 1257, 22, 0
0 18 57: 1602, 3, 2
0 18 61: 1315, 10, 2
0 19 29: 730, 22, 0
0 19 30: 729, 22, 0
0 19 31: 729, 22, 3
0 19 32: 730, 22, 1
0 19 39: 441, 11, 1
0 19 41: 447, 10, 0
0 19 45: 980, 9, 2
0 19 46: 1258, 22, 2
0 19 47: 1257, 22, 2
0 19 47: 1602, 0, 1
0 19 48: 969, 4, 3
0 19 49: 918, 22, 2
0 19 50: 918, 22, 0
0 19 52: 612, 10, 2
0 19 55: 1158, 10, 0
0 19 56: 1016, 10, 1
0 19 57: 1258, 22, 1
0 19 57: 1602, 0, 3
0 19 58: 1258, 22, 1
0 20 32: 729, 22, 0
0 20 36: 440, 11, 3
0 20 45: 980, 0, 1
0 20 46: 1257, 22, 3
0 20 47: 1259, 22, 3
0 20 47: 1602, 0, 1
0 20 47: 1840, 5, 1
0 20 48: 1821, 4, 3
0 20 49: 918, 22, 2
0 20 50: 918, 22, 0
0 20 51: 1102, 10, 2
0 20 56: 1017, 10, 1
0 20 57: 1258, 22, 2
0 20 57: 1602, 0, 3
0 20 59: 1315, 10, 3
0 21 39: 2759, 22, 3
0 21 41: 444, 10, 0
0 21 45: 980, 0, 1
0 21 46: 1257, 22, 1
0 21 47: 1258, 22, 3
0 21 47: 1602, 0, 1
0 21 48: 362, 10, 0
0 21 49: 362, 10, 1
0 21 49: 917, 22, 2
0 21 49: 1821, 4, 2
0 21 50: 917, 22, 1
0 21 50: 964, 4, 2
0 21 51: 965, 4, 2
0 21 52: 969, 4, 2
0 21 53: 1821, 4, 2
0 21 54: 362, 10, 0
0 21 55: 967, 4, 2
0 21 56: 1018, 10, 1
0 21 57: 1602, 0, 3
0 22 34: 729, 22, 1
0 22 36: 442, 11, 0
0 22 40: 729, 22, 3
0 22 45: 981, 3, 0
0 22 46: 980, 9, 0
0 22 46: 1257, 22, 0
0 22 47: 1257, 22, 0
0 22 47: 1602, 3, 0
0 22 48: 1257, 22, 2
0 22 48: 1602, 0, 0
0 22 49: 1257, 22, 1
0 22 49: 1602, 0, 0
0 22 49: 1840, 5, 0
0 22 50: 1257, 22, 1
0 22 50: 1602, 0, 0
0 22 51: 1258, 22, 1
0 22 51: 1602, 0, 0
0 22 52: 1124, 11, 2
0 22 52: 1602, 0, 0
0 22 53: 1258, 22, 0
0 22 53: 1602, 0, 0
0 22 53: 1840, 5, 0
0 22 54: 1257, 22, 0
0 22 54: 1602, 0, 0
0 22 55: 1602, 0, 0
0 22 56: 1602, 0, 0
0 22 57: 1602, 3, 3
0 22 58: 320, 22, 3
0 22 59: 321, 22, 2
0 22 61: 1258, 22, 0
0 23 35: 729, 22, 2
0 23 46: 981, 3, 0
0 23 47: 980, 0, 0
0 23 47: 1257, 22, 3
0 23 48: 980, 0, 0
0 23 49: 980, 0, 0
0 23 50: 980, 0, 0
0 23 50: 1257, 22, 2
0 23 51: 980, 0, 0
0 23 51: 1257, 22, 3
0 23 52: 980, 0, 0
0 23 52: 1257, 22, 2
0 23 53: 980, 0, 0
0 23 53: 1257, 22, 1
0 23 54: 980, 0, 0
0 23 54: 1258, 22, 0
0 23 55: 981, 3, 3
0 23 56: 320, 22, 1
0 23 59: 320, 22, 0
0 23 60: 320, 22, 2
0 23 62: 1258, 22, 1
0 24 41: 729, 22, 0
0 24 42: 729, 22, 1
0 24 47: 1315, 10, 3
0 24 50: 1258, 22, 1
0 24 51: 1258, 22, 2
0 24 52: 1258, 22, 3
0 24 53: 1258, 22, 1
0 24 55: 320, 22, 2
0 24 56: 321, 22, 3
0 24 57: 320, 22, 1
0 24 60: 319, 22, 0
0 25 25: 179, 22, 2
0 25 28: 440, 10, 3
0 25 41: 447, 10, 3
0 25 41: 730, 22, 3
0 25 42: 729, 22, 1
0 25 47: 1247, 22, 2
0 25 48: 1247, 22, 3
0 25 51: 1315, 10, 2
0 25 52: 1257, 22, 0
0 25 53: 1247, 22, 0
0 25 56: 320, 22, 2
0 25 57: 1258, 22, 1
0 25 58: 1259, 22, 2
0 25 60: 320, 22, 2
0 25 61: 320, 22, 3
0 25 62: 320, 22, 1
0 26 32: 1754, 10, 0
0 26 39: 441, 11, 0
0 26 41: 729, 22, 2
0 26 51: 1257, 22, 2
0 26 52: 1257, 22, 3
0 26 53: 1258, 22, 2
0 26 55: 321, 22, 3
0 26 56: 319, 22, 1
0 26 57: 1259, 22, 0
0 26 58: 1258, 22, 3
0 26 59: 1258, 22, 1
0 26 61: 321, 22, 1
0 26 62: 320, 22, 0
0 26 63: 321, 22, 0
0 27 20: 442, 11, 3
0 27 27: 1173, 11, 1
0 27 29: 726, 22, 0
0 27 30: 726, 22, 2
0 27 44: 1315, 10, 0
0 27 45: 1247, 22, 2
0 27 51: 1257, 22, 1
0 27 52: 1258, 22, 2
0 27 53: 1257, 22, 1
0 27 54: 321, 22, 0
0 27 55: 320, 22, 3
0 27 57: 1259, 22, 2
0 27 57: 1315, 10, 0
0 27 58: 1258, 22, 2
0 27 59: 1259, 22, 1
0 27 61: 320, 22, 2
0 27 62: 320, 22, 0
0 28 26: 179, 22, 2
0 28 29: 726, 22, 0
0 28 30: 726, 22, 1
0 28 30: 2151, 11, 1
0 28 31: 726, 22, 3
0 28 42: 1267, 22, 0
0 28 44: 1247, 22, 1
0 28 48: 1316, 10, 1
0 28 54: 320, 22, 0
0 28 55: 320, 22, 1
0 28 57: 1258, 22, 1
0 28 58: 1258, 22, 2
0 28 60: 1259, 22, 2
0 29 27: 1173, 11, 0
0 29 29: 726, 22, 2
0 29 30: 726, 22, 3
0 29 31: 726, 22, 2
0 29 37: 2759, 22, 3
0 29 40: 1269, 22, 2
0 29 50: 1247, 22, 0
0 29 51: 1258, 22, 3
0 29 54: 320, 22, 0
0 29 56: 1258, 22, 3
0 29 56: 1315, 10, 2
0 29 57: 1246, 22, 3
0 29 58: 1315, 10, 2
0 29 59: 1247, 22, 2
0 29 61: 1259, 22, 0
0 30 23: 440, 10, 0
0 30 30: 441, 11, 2
0 30 42: 730, 22, 2
0 30 45: 1315, 10, 1
0 30 48: 1246, 22, 0
0 30 56: 1259, 22, 2
0 30 57: 1258, 22, 0
0 30 59: 1246, 22, 0
0 30 63: 1259, 22, 1
0 31 27: 179, 22, 2
0 31 30: 1173, 11, 3
0 31 32: 179, 22, 1
0 31 38: 447, 10, 1
0 31 39: 729, 22, 0
0 31 41: 1269, 22, 3
0 31 44: 729, 22, 0
0 31 45: 1247, 22, 1
0 31 53: 320, 22, 0
0 31 55: 1258, 22, 1
0 31 56: 1258, 22, 1
0 31 60: 1248, 22, 1
0 32 36: 447, 10, 2
0 32 53: 320, 22, 1
0 32 55: 1259, 22, 1
0 32 56: 1258, 22, 2
0 33 24: 441, 11, 0
0 33 29: 179, 22, 1
0 33 37: 729, 22, 1
0 33 41: 729, 22, 3
0 33 43: 730, 22, 2
0 33 45: 1248, 22, 3
0 33 51: 320, 22, 2
0 33 52: 321, 22, 1
0 33 53: 320, 22, 0
0 33 55: 1258, 22, 3
0 33 56: 1315, 10, 1
0 34 37: 729, 22, 2
0 34 40: 730, 22, 2
0 34 42: 1315, 10, 0
0 34 43: 1247, 22, 0
0 34 48: 1247, 22, 3
0 34 51: 320, 22, 3
0 34 52: 320, 22, 2
0 34 53: 320, 22, 2
0 34 54: 1258, 22, 1
0 34 56: 1247, 22, 0
0 34 57: 1247, 22, 3
0 34 60: 321, 22, 3
0 35 38: 729, 22, 3
0 35 40: 729, 22, 2
0 35 41: 730, 22, 3
0 35 43: 1248, 22, 0
0 35 46: 1315, 10, 1
0 35 47: 1258, 22, 1
0 35 49: 1247, 22, 2
0 35 51: 320, 22, 3
0 35 52: 319, 22, 3
0 35 54: 1259, 22, 3
0 35 55: 1258, 22, 2
0 35 59: 320, 22, 3
0 35 62: 320, 22, 2
0 36 34: 1267, 22, 1
0 36 36: 729, 22, 1
0 36 38: 730, 22, 2
0 36 39: 1269, 22, 2
0 36 41: 729, 22, 1
0 36 47: 1258, 22, 0
0 36 48: 1258, 22, 0
0 36 50: 321, 22, 2
0 36 51: 320, 22, 2
0 36 53: 1259, 22, 3
0 36 54: 1258, 22, 3
0 36 58: 320, 22, 0
0 36 59: 319, 22, 0
0 36 61: 320, 22, 3
0 36 62: 321, 22, 2
0 37 36: 447, 10, 3
0 37 40: 729, 22, 1
0 37 41: 729, 22, 1
0 37 42: 730, 22, 2
0 37 43: 730, 22, 2
0 37 43: 1106, 10, 0
0 37 50: 320, 22, 0
0 37 51: 319, 22, 0
0 37 52: 1259, 22, 3
0 37 53: 1259, 22, 1
0 37 58: 319, 22, 1
0 37 59: 320, 22, 0
0 37 60: 320, 22, 0
0 38 31: 2759, 22, 3
0 38 35: 729, 22, 0
0 38 40: 729, 22, 2
0 38 41: 729, 22, 0
0 38 50: 320, 22, 1
0 38 52: 1260, 22, 3
0 38 53: 1258, 22, 1
0 38 57: 321, 22, 0
0 38 58: 320, 22, 1
0 38 59: 561, 22, 1
0 39 41: 1269, 22, 1
0 39 43: 729, 22, 0
0 39 51: 1259, 22, 2
0 39 52: 1258, 22, 2
0 39 56: 320, 22, 0
0 39 58: 561, 22, 3
0 39 59: 560, 22, 1
0 39 60: 561, 22, 2
0 40 34: 729, 22, 3
0 40 35: 729, 22, 2
0 40 37: 1271, 22, 3
0 40 40: 1270, 22, 0
0 40 42: 730, 22, 1
0 40 44: 1123, 10, 3
0 40 47: 320, 22, 0
0 40 55: 321, 22, 1
0 40 56: 320, 22, 2
0 40 61: 561, 22, 0
0 40 62: 560, 22, 1
0 41 43: 1106, 10, 0
0 41 46: 320, 22, 1
0 41 47: 321, 22, 2
0 41 48: 320, 22, 3
0 41 49: 1259, 22, 1
0 41 50: 1258, 22, 2
0 41 54: 320, 22, 2
0 41 57: 560, 22, 2
0 41 62: 561, 22, 1
0 42 25: 730, 22, 3
0 42 40: 729, 22, 2
0 42 41: 729, 22, 3
0 42 42: 729, 22, 0
0 42 43: 729, 22, 1
0 42 46: 320, 22, 2
0 42 47: 319, 22, 2
0 42 49: 1258, 22, 3
0 42 53: 320, 22, 1
0 42 55: 560, 22, 3
0 42 56: 561, 22, 0
0 42 57: 561, 22, 3
0 42 61: 561, 22, 1
0 43 24: 729, 22, 0
0 43 40: 729, 22, 2
0 43 41: 730, 22, 1
0 43 42: 729, 22, 0
0 43 43: 1123, 10, 2
0 43 48: 1258, 22, 0
0 43 52: 321, 22, 2
0 43 53: 561, 22, 2
0 43 54: 561, 22, 2
0 43 57: 561, 22, 1
0 43 60: 561, 22, 2
0 44 23: 729, 22, 1
0 44 24: 730, 22, 2
0 44 25: 729, 22, 3
0 44 28: 729, 22, 0
0 44 34: 2759, 22, 3
0 44 38: 1267, 22, 2
0 44 45: 320, 22, 0
0 44 47: 1259, 22, 0
0 44 51: 320, 22, 3
0 44 52: 561, 22, 0
0 44 53: 561, 22, 1
0 44 59: 561, 22, 2
0 44 62: 561, 22, 3
0 44 63: 560, 22, 2
0 45 24: 729, 22, 2
0 45 27: 729, 22, 1
0 45 28: 730, 22, 2
0 45 29: 730, 22, 1
0 45 36: 729, 22, 0
0 45 41: 729, 22, 1
0 45 44: 319, 22, 3
0 45 46: 1259, 22, 1
0 45 49: 1247, 22, 2
0 45 50: 320, 22, 1
0 45 52: 561, 22, 3
0 45 57: 561, 22, 1
0 45 58: 561, 22, 0
0 45 59: 561, 22, 3
0 45 60: 560, 22, 3
0 45 63: 560, 22, 3
0 46 27: 729, 22, 2
0 46 28: 729, 22, 3
0 46 35: 728, 22, 0
0 46 37: 1123, 10, 1
0 46 39: 1123, 10, 2
0 46 40: 729, 22, 3
0 46 43: 321, 22, 3
0 46 44: 320, 22, 0
0 46 46: 1259, 22, 0
0 46 56: 561, 22, 2
0 46 57: 561, 22, 1
0 46 58: 560, 22, 1
0 46 60: 560, 22, 3
0 46 61: 560, 22, 3
0 47 32: 471, 10, 0
0 47 34: 473, 10, 3
0 47 38: 1123, 10, 2
0 47 39: 729, 22, 3
0 47 43: 320, 22, 3
0 47 44: 319, 22, 1
0 47 45: 320, 22, 0
0 47 57: 561, 22, 0
0 47 60: 560, 22, 3
0 47 61: 560, 22, 2
0 48 30: 473, 10, 1
0 48 36: 730, 22, 0
0 48 36: 1123, 10, 1
0 48 43: 320, 22, 2
0 48 44: 320, 22, 1
0 48 48: 1258, 22, 3
0 48 58: 560, 22, 0
0 48 62: 560, 22, 2
0 49 30: 729, 22, 0
0 49 31: 729, 22, 0
0 49 32: 472, 10, 1
0 49 34: 471, 10, 3
0 49 36: 474, 10, 3
0 49 41: 320, 22, 3
0 49 58: 560, 22, 3
0 49 61: 560, 22, 2
0 49 63: 560, 22, 1
0 50 30: 729, 22, 0
0 50 39: 321, 22, 1
0 50 40: 319, 22, 2
0 50 42: 1258, 22, 2
0 50 46: 1248, 22, 3
0 50 50: 1247, 22, 1
0 50 56: 560, 22, 0
0 50 59: 560, 22, 1
0 51 33: 320, 22, 0
0 51 34: 319, 22, 1
0 51 35: 320, 22, 0
0 51 36: 320, 22, 2
0 51 38: 320, 22, 1
0 51 39: 320, 22, 3
0 51 53: 560, 22, 0
0 51 56: 320, 22, 2
0 51 57: 561, 22, 2
0 51 60: 560, 22, 2
0 52 34: 320, 22, 1
0 52 35: 321, 22, 0
0 52 36: 320, 22, 3
0 52 39: 1258, 22, 0
0 52 40: 1258, 22, 1
0 52 41: 1258, 22, 2
0 52 52: 320, 22, 3
0 52 53: 320, 22, 2
0 52 54: 321, 22, 3
0 52 55: 320, 22, 3
0 52 56: 320, 22, 3
0 52 57: 321, 22, 0
0 52 59: 561, 22, 1
0 52 60: 561, 22, 1
0 52 61: 561, 22, 3
0 52 62: 560, 22, 0
0 53 31: 1315, 10, 0
0 53 35: 320, 22, 3
0 53 36: 1258, 22, 3
0 53 37: 1258, 22, 2
0 53 38: 1258, 22, 2
0 53 39: 1258, 22, 2
0 53 40: 1258, 22, 1
0 53 51: 321, 22, 2
0 53 52: 320, 22, 2
0 53 57: 320, 22, 2
0 53 58: 320, 22, 3
0 53 61: 561, 22, 3
0 53 62: 560, 22, 3
0 54 28: 1315, 10, 3
0 54 36: 1258, 22, 2
0 54 37: 1258, 22, 1
0 54 38: 1258, 22, 1
0 54 39: 1258, 22, 0
0 54 58: 320, 22, 3
0 54 59: 319, 22, 2
0 55 25: 1315, 10, 3
0 55 30: 1315, 10, 0
0 55 59: 320, 22, 3
0 56 61: 321, 22, 1
0 57 47: 1248, 22, 2
0 58 18: 1316, 10, 2
0 58 49: 320, 22, 0
0 58 50: 320, 22, 2
0 59 23: 1316, 10, 3
0 59 39: 1258, 22, 2
0 59 40: 1258, 22, 3
0 59 41: 1258, 22, 2
0 59 42: 1258, 22, 1
0 59 43: 1258, 22, 3
0 59 45: 1258, 22, 2
0 59 46: 1258, 22, 3
0 59 49: 319, 22, 0
0 59 50: 321, 22, 0
0 59 52: 320, 22, 3
0 59 54: 320, 22, 2
0 60 31: 1315, 10, 1
0 60 41: 1258, 22, 0
0 60 42: 1258, 22, 0
0 60 43: 1258, 22, 2
0 60 44: 1258, 22, 1
0 60 45: 1259, 22, 1
0 60 46: 1258, 22, 0
0 60 48: 320, 22, 2
0 60 49: 320, 22, 1
0 60 50: 320, 22, 3
0 60 54: 320, 22, 3
0 60 55: 321, 22, 3
0 60 56: 320, 22, 3
0 60 58: 1258, 22, 0
0 60 60: 1258, 22, 3
0 60 61: 1258, 22, 2
0 60 62: 1258, 22, 1
0 61 25: 980, 0, 2
0 61 26: 980, 0, 2
0 61 27: 980, 0, 2
0 61 28: 980, 0, 2
0 61 29: 980, 0, 2
0 61 30: 980, 0, 2
0 61 31: 981, 3, 2
0 61 34: 1258, 22, 2
0 61 34: 1315, 10, 2
0 61 36: 1258, 22, 2
0 61 37: 1258, 22, 1
0 61 40: 320, 22, 2
0 61 41: 321, 22, 3
0 61 42: 320, 22, 1
0 61 48: 320, 22, 0
0 61 49: 320, 22, 0
0 61 54: 320, 22, 1
0 61 55: 320, 22, 0
0 61 58: 320, 22, 1
0 61 63: 321, 22, 1
0 62 24: 980, 9, 1
0 62 32: 981, 3, 2
0 62 35: 1258, 22, 3
0 62 36: 1259, 22, 3
0 62 37: 1258, 22, 0
0 62 38: 1258, 22, 0
0 62 41: 320, 22, 3
0 62 44: 320, 22, 1
0 62 53: 320, 22, 2
0 62 54: 319, 22, 3
0 62 55: 320, 22, 0
0 62 57: 320, 22, 2
0 62 58: 321, 22, 2
0 62 59: 320, 22, 0
0 62 61: 981, 3, 2
0 62 62: 981, 3, 2
0 63 20: 980, 0, 2
0 63 21: 980, 0, 2
0 63 22: 980, 0, 2
0 63 23: 980, 9, 1
0 63 30: 1905, 1, 1
0 63 31: 1905, 0, 2
0 63 32: 1905, 0, 2
0 63 33: 1905, 1, 2
0 63 36: 1258, 22, 3
0 63 37: 1259, 22, 0
0 63 38: 1258, 22, 2
0 63 39: 1258, 22, 1
0 63 43: 320, 22, 2
0 63 44: 321, 22, 2
0 63 45: 320, 22, 0
0 63 55: 320, 22, 0
0 63 58: 320, 22, 3
0 63 62: 980, 9, 2
0 63 63: 981, 3, 2
1 0 46: 1792, 18, 1
1 0 47: 1926, 12, 1
1 0 48: 1926, 17, 0
1 0 49: 1926, 17, 0
1 0 50: 1926, 17, 0
1 0 51: 1926, 17, 0
1 0 52: 1926, 12, 3
1 0 53: 1792, 18, 3
1 0 56: 1821, 4, 1
1 0 57: 1602, 0, 3
1 0 57: 1822, 5, 3
1 0 63: 1602, 0, 1
1 0 63: 1822, 5, 1
1 1 46: 1792, 18, 1
1 1 47: 1926, 12, 1
1 1 48: 1926, 17, 0
1 1 49: 1926, 17, 0
1 1 50: 1926, 17, 0
1 1 51: 1926, 17, 0
1 1 52: 1929, 12, 3
1 1 53: 1792, 18, 3
1 1 56: 1792, 19, 1
1 1 57: 1602, 2, 2
1 1 58: 1602, 0, 2
1 1 59: 1602, 0, 2
1 1 60: 1602, 0, 2
1 1 61: 1602, 0, 2
1 1 62: 1106, 10, 1
1 1 62: 1602, 0, 2
1 1 63: 1602, 2, 1
1 2 46: 1792, 18, 1
1 2 47: 1926, 16, 0
1 2 48: 1926, 12, 0
1 2 49: 1926, 12, 0
1 2 50: 1926, 12, 0
1 2 51: 1926, 12, 0
1 2 52: 1926, 16, 3
1 2 53: 1792, 18, 3
1 2 56: 1792, 18, 1
1 2 57: 1926, 12, 1
1 2 58: 1926, 17, 3
1 2 59: 1926, 17, 3
1 2 60: 1926, 17, 3
1 2 61: 1926, 17, 3
1 2 62: 1926, 17, 3
1 2 63: 1926, 12, 3
1 3 46: 1792, 19, 0
1 3 47: 1792, 18, 0
1 3 48: 1792, 18, 0
1 3 49: 1792, 18, 0
1 3 50: 1792, 18, 0
1 3 51: 1792, 18, 0
1 3 52: 1792, 18, 0
1 3 53: 1792, 19, 3
1 3 56: 1792, 18, 1
1 3 57: 1926, 12, 1
1 3 58: 1926, 17, 3
1 3 59: 1926, 17, 3
1 3 60: 1926, 17, 3
1 3 61: 1926, 17, 3
1 3 62: 1926, 17, 3
1 3 63: 1926, 12, 3
1 4 51: 1826, 4, 2
1 4 56: 1792, 18, 1
1 4 57: 1926, 16, 0
1 4 58: 1926, 12, 0
1 4 59: 1926, 12, 0
1 4 60: 1926, 12, 0
1 4 61: 1926, 12, 0
1 4 62: 1926, 12, 0
1 4 63: 1926, 16, 3
1 5 47: 1792, 18, 1
1 5 48: 1604, 12, 1
1 5 49: 375, 10, 0
1 5 49: 1602, 2, 3
1 5 50: 197, 5, 0
1 5 50: 1602, 0, 0
1 5 51: 917, 22, 3
1 5 51: 1602, 0, 0
1 5 51: 1827, 5, 0
1 5 52: 197, 5, 0
1 5 52: 917, 22, 0
1 5 52: 1602, 0, 0
1 5 53: 1602, 2, 0
1 5 56: 1792, 19, 0
1 5 57: 1792, 18, 0
1 5 58: 1792, 18, 0
1 5 59: 1792, 18, 0
1 5 60: 1792, 18, 0
1 5 61: 1792, 18, 0
1 5 62: 1792, 18, 0
1 5 63: 1792, 18, 0
1 6 47: 1792, 18, 1
1 6 48: 1604, 12, 1
1 6 49: 1602, 0, 3
1 6 50: 1093, 10, 2
1 6 51: 595, 10, 2
1 6 51: 918, 22, 2
1 6 52: 918, 22, 0
1 6 52: 1093, 10, 0
1 6 53: 197, 5, 1
1 6 53: 1602, 0, 1
1 6 55: 1792, 19, 1
1 6 56: 1792, 18, 2
1 6 57: 1792, 18, 2
1 6 58: 1792, 18, 2
1 6 59: 1792, 18, 2
1 6 60: 1792, 18, 2
1 6 61: 1792, 18, 2
1 6 62: 1792, 18, 2
1 6 63: 1792, 19, 2
1 7 47: 1792, 18, 1
1 7 48: 1604, 12, 1
1 7 49: 916, 22, 0
1 7 49: 1106, 10, 2
1 7 49: 1602, 0, 3
1 7 50: 1093, 10, 2
1 7 51: 918, 22, 2
1 7 52: 918, 22, 0
1 7 52: 1093, 10, 0
1 7 53: 1602, 0, 1
1 7 53: 1822, 5, 1
1 7 54: 1821, 4, 3
1 7 55: 1792, 18, 1
1 7 56: 1926, 16, 1
1 7 57: 1926, 12, 2
1 7 58: 1926, 12, 2
1 7 59: 1926, 12, 2
1 7 60: 1926, 12, 2
1 7 61: 1926, 12, 2
1 7 62: 1926, 16, 2
1 7 63: 1792, 18, 3
1 8 49: 916, 22, 0
1 8 49: 1602, 0, 3
1 8 51: 917, 22, 2
1 8 52: 917, 22, 1
1 8 53: 197, 5, 1
1 8 53: 1602, 0, 1
1 8 55: 1792, 18, 1
1 8 56: 1926, 12, 1
1 8 57: 1926, 17, 3
1 8 58: 1926, 17, 3
1 8 59: 1926, 17, 3
1 8 60: 1926, 17, 3
1 8 61: 1926, 17, 3
1 8 62: 1926, 12, 3
1 8 63: 1792, 18, 3
1 9 48: 1821, 4, 1
1 9 49: 1602, 2, 2
1 9 49: 1822, 5, 3
1 9 50: 197, 5, 2
1 9 50: 1602, 0, 2
1 9 51: 1602, 0, 2
1 9 51: 1822, 5, 2
1 9 52: 197, 5, 2
1 9 52: 1602, 0, 2
1 9 53: 1602, 2, 1
1 9 53: 1746, 10, 0
1 9 55: 1792, 18, 1
1 9 56: 1926, 12, 1
1 9 57: 1926, 17, 3
1 9 58: 1926, 17, 3
1 9 59: 1926, 17, 3
1 9 60: 1926, 17, 3
1 9 61: 1926, 17, 3
1 9 62: 1926, 12, 3
1 9 63: 1792, 18, 3
1 10 51: 1821, 4, 0
1 10 55: 1792, 18, 1
1 10 56: 1926, 12, 1
1 10 57: 1926, 17, 3
1 10 58: 1926, 17, 3
1 10 59: 1926, 17, 3
1 10 60: 1926, 17, 3
1 10 61: 1926, 17, 3
1 10 62: 1926, 12, 3
1 10 63: 1792, 18, 3
1 11 55: 1792, 18, 1
1 11 56: 1926, 16, 0
1 11 57: 1926, 12, 0
1 11 58: 1926, 12, 0
1 11 59: 1926, 12, 0
1 11 60: 1926, 12, 0
1 11 61: 1926, 12, 0
1 11 62: 1926, 16, 3
1 11 63: 1792, 18, 3
1 12 55: 1792, 19, 0
1 12 56: 1792, 18, 0
1 12 57: 1792, 18, 0
1 12 58: 1792, 18, 0
1 12 59: 1792, 18, 0
1 12 60: 1792, 18, 0
1 12 61: 1792, 18, 0
1 12 62: 1792, 18, 0
1 12 63: 1792, 19, 3
1 13 47: 1602, 3, 1
1 13 48: 1602, 0, 2
1 13 48: 1838, 5, 2
1 13 49: 1602, 0, 2
1 13 50: 1602, 0, 2
1 13 51: 1602, 0, 2
1 13 51: 1838, 5, 2
1 13 52: 1602, 0, 2
1 13 53: 1602, 0, 2
1 13 54: 1602, 0, 2
1 13 54: 1838, 5, 2
1 13 55: 1602, 3, 2
1 14 47: 1602, 0, 1
1 14 55: 1602, 0, 3
1 15 47: 1056, 5, 1
1 15 47: 1602, 0, 1
1 15 48: 1602, 1, 2
1 15 55: 1602, 0, 3
1 15 55: 1838, 5, 3
1 16 46: 1793, 19, 1
1 16 47: 1602, 0, 1
1 16 47: 1933, 13, 1
1 16 48: 1602, 0, 3
1 16 55: 1602, 0, 3
1 17 46: 1793, 18, 1
1 17 47: 965, 4, 1
1 17 47: 1933, 12, 1
1 17 48: 1602, 0, 3
1 17 55: 1602, 0, 3
1 18 46: 1793, 18, 1
1 18 47: 964, 4, 1
1 18 47: 1933, 12, 1
1 18 48: 1602, 0, 3
1 18 54: 1602, 1, 1
1 18 55: 1602, 0, 3
1 18 55: 1793, 18, 2
1 18 56: 1793, 18, 2
1 18 57: 1793, 21, 2
1 19 46: 1793, 19, 0
1 19 47: 1602, 0, 1
1 19 47: 1933, 13, 0
1 19 48: 1602, 0, 3
1 19 54: 1602, 0, 1
1 19 55: 1933, 12, 2
1 19 56: 1933, 16, 2
1 19 57: 1793, 18, 3
1 20 47: 1056, 5, 1
1 20 47: 1602, 0, 1
1 20 48: 1602, 1, 3
1 20 54: 1602, 0, 1
1 20 55: 1933, 17, 2
1 20 56: 1933, 12, 3
1 20 57: 1793, 18, 3
1 21 47: 1602, 0, 1
1 21 54: 1602, 0, 1
1 21 55: 1933, 12, 0
1 21 56: 1933, 16, 3
1 21 57: 1793, 18, 3
1 22 47: 1602, 3, 0
1 22 48: 1602, 0, 0
1 22 48: 1838, 5, 0
1 22 49: 1602, 0, 0
1 22 50: 1602, 0, 0
1 22 51: 1602, 0, 0
1 22 51: 1838, 5, 0
1 22 52: 1602, 0, 0
1 22 53: 1602, 0, 0
1 22 54: 1602, 0, 0
1 22 54: 1838, 5, 0
1 22 55: 1602, 3, 3
1 22 55: 1793, 18, 0
1 22 56: 1793, 18, 0
1 22 57: 1793, 21, 3
1 63 30: 1793, 19, 1
1 63 31: 1793, 18, 2
1 63 32: 1793, 18, 2
1 63 33: 1793, 19, 2
2 0 56: 1792, 18, 1
2 0 57: 1926, 12, 1
2 0 58: 1926, 17, 0
2 0 59: 1926, 17, 0
2 0 60: 1926, 17, 0
2 0 61: 1926, 17, 0
2 0 62: 1926, 17, 0
2 0 63: 1926, 12, 3
2 1 56: 1792, 18, 1
2 1 57: 1926, 16, 0
2 1 58: 1926, 12, 0
2 1 59: 1926, 12, 0
2 1 60: 1926, 12, 0
2 1 61: 1926, 12, 0
2 1 62: 1926, 12, 0
2 1 63: 1926, 16, 3
2 2 56: 1792, 19, 0
2 2 57: 1792, 18, 0
2 2 58: 1792, 18, 0
2 2 59: 1792, 18, 0
2 2 60: 1792, 18, 0
2 2 61: 1792, 18, 0
2 2 62: 1792, 18, 0
2 2 63: 1792, 18, 0
2 4 48: 1792, 19, 1
2 4 49: 1792, 18, 2
2 4 50: 1792, 18, 2
2 4 51: 1792, 18, 2
2 4 52: 1792, 18, 2
2 4 53: 1792, 18, 2
2 4 54: 1792, 19, 2
2 5 48: 1792, 18, 1
2 5 49: 1926, 16, 1
2 5 50: 1604, 12, 2
2 5 51: 1604, 12, 2
2 5 52: 1604, 12, 2
2 5 53: 1926, 16, 2
2 5 54: 1792, 18, 3
2 6 48: 1792, 18, 1
2 6 49: 1604, 12, 1
2 6 50: 1926, 17, 2
2 6 51: 1926, 17, 2
2 6 52: 1926, 17, 2
2 6 53: 1604, 12, 3
2 6 54: 1792, 18, 3
2 7 48: 1792, 18, 1
2 7 49: 1604, 12, 1
2 7 50: 1926, 17, 2
2 7 51: 1926, 17, 2
2 7 52: 1926, 17, 2
2 7 53: 1604, 12, 3
2 7 54: 1792, 18, 3
2 8 48: 1792, 18, 1
2 8 49: 1604, 12, 1
2 8 50: 1926, 17, 2
2 8 51: 1926, 17, 2
2 8 52: 1926, 17, 2
2 8 53: 1604, 12, 3
2 8 54: 1792, 18, 3
2 9 48: 1792, 18, 1
2 9 49: 1926, 16, 0
2 9 50: 1604, 12, 0
2 9 51: 1604, 12, 0
2 9 52: 1604, 12, 0
2 9 53: 1926, 16, 3
2 9 54: 1792, 18, 3
2 10 48: 1792, 19, 0
2 10 49: 1792, 18, 0
2 10 50: 1792, 18, 0
2 10 51: 1792, 18, 0
2 10 52: 1792, 18, 0
2 10 53: 1792, 18, 0
2 10 54: 1792, 19, 3
2 13 47: 1793, 19, 1
2 13 48: 1793, 18, 2
2 13 49: 1793, 18, 2
2 13 50: 1793, 18, 2
2 13 51: 1793, 18, 2
2 13 52: 1793, 18, 2
2 13 53: 1793, 18, 2
2 13 54: 1793, 18, 2
2 13 55: 1793, 19, 2
2 14 47: 1793, 18, 1
2 14 48: 1933, 16, 1
2 14 49: 1933, 12, 2
2 14 50: 1933, 12, 2
2 14 51: 1933, 12, 2
2 14 52: 1933, 12, 2
2 14 53: 1933, 12, 2
2 14 54: 1933, 16, 2
2 14 55: 1793, 18, 3
2 15 47: 1793, 18, 1
2 15 48: 1933, 12, 1
2 15 49: 1933, 17, 3
2 15 50: 1933, 17, 3
2 15 51: 1933, 17, 3
2 15 52: 1933, 17, 3
2 15 53: 1933, 17, 3
2 15 54: 1933, 12, 3
2 15 55: 1793, 18, 3
2 16 47: 1793, 18, 1
2 16 48: 1933, 12, 1
2 16 49: 1933, 17, 3
2 16 50: 1933, 17, 3
2 16 51: 1933, 17, 3
2 16 52: 1933, 17, 3
2 16 53: 1933, 17, 3
2 16 54: 1933, 12, 3
2 16 55: 1793, 18, 3
2 17 47: 1793, 18, 1
2 17 48: 1933, 12, 1
2 17 49: 1933, 17, 3
2 17 50: 1933, 17, 3
2 17 51: 1933, 17, 3
2 17 52: 1933, 17, 3
2 17 53: 1933, 17, 3
2 17 54: 1933, 12, 3
2 17 55: 1793, 18, 3
2 18 47: 1793, 18, 1
2 18 48: 1933, 12, 1
2 18 49: 1933, 17, 3
2 18 50: 1933, 17, 3
2 18 51: 1933, 17, 3
2 18 52: 1933, 17, 3
2 18 53: 1933, 17, 3
2 18 54: 1933, 12, 3
2 18 55: 1793, 18, 3
2 19 47: 1793, 18, 1
2 19 48: 1933, 12, 1
2 19 49: 1933, 17, 3
2 19 50: 1933, 17, 3
2 19 51: 1933, 17, 3
2 19 52: 1933, 17, 3
2 19 53: 1933, 17, 3
2 19 54: 1933, 12, 3
2 19 55: 1793, 18, 3
2 20 47: 1793, 18, 1
2 20 48: 1933, 12, 1
2 20 49: 1933, 17, 3
2 20 50: 1933, 17, 3
2 20 51: 1933, 17, 3
2 20 52: 1933, 17, 3
2 20 53: 1933, 17, 3
2 20 54: 1933, 12, 3
2 20 55: 1793, 18, 3
2 21 47: 1793, 18, 1
2 21 48: 1933, 16, 0
2 21 49: 1933, 12, 0
2 21 50: 1933, 12, 0
2 21 51: 1933, 12, 0
2 21 52: 1933, 12, 0
2 21 53: 1933, 12, 0
2 21 54: 1933, 16, 3
2 21 55: 1793, 18, 3
2 22 47: 1793, 19, 0
2 22 48: 1793, 18, 0
2 22 49: 1793, 18, 0
2 22 50: 1793, 18, 0
2 22 51: 1793, 18, 0
2 22 52: 1793, 18, 0
2 22 53: 1793, 18, 0
2 22 54: 1793, 18, 0
2 22 55: 1793, 19, 3
