0 37 33: 447, 10, 0
0 37 35: 444, 10, 3
0 37 38: 447, 10, 2
0 37 48: 1278, 10, 3
0 37 52: 1257, 22, 2
0 38 31: 447, 10, 1
0 38 33: 444, 10, 0
0 38 33: 1258, 22, 3
0 38 34: 1258, 22, 2
0 38 35: 1258, 22, 2
0 38 36: 1257, 22, 2
0 38 37: 1257, 22, 1
0 38 48: 1246, 22, 1
0 38 51: 1257, 22, 3
0 38 52: 1258, 22, 0
0 38 53: 1258, 22, 0
0 38 54: 1258, 22, 3
0 38 55: 1258, 22, 3
0 38 56: 1257, 22, 1
0 39 31: 1258, 22, 0
0 39 33: 1257, 22, 1
0 39 34: 1258, 22, 0
0 39 35: 1257, 22, 1
0 39 36: 447, 10, 3
0 39 36: 1257, 22, 0
0 39 37: 1257, 22, 3
0 39 38: 1257, 22, 1
0 39 39: 1257, 22, 0
0 39 45: 1124, 10, 1
0 39 51: 1258, 22, 3
0 39 51: 1276, 10, 3
0 39 52: 1246, 22, 0
0 39 53: 1258, 22, 1
0 39 54: 1259, 22, 2
0 39 55: 1124, 10, 3
0 39 55: 1258, 22, 2
0 39 56: 1257, 22, 0
0 39 57: 1257, 22, 0
0 40 29: 1258, 22, 0
0 40 30: 1259, 22, 3
0 40 31: 1258, 22, 1
0 40 32: 1257, 22, 0
0 40 33: 1257, 22, 0
0 40 34: 1257, 22, 0
0 40 35: 1257, 22, 3
0 40 42: 1257, 22, 1
0 40 46: 1257, 22, 1
0 40 47: 1257, 22, 2
0 40 49: 1257, 22, 2
0 40 50: 1258, 22, 1
0 40 51: 1258, 22, 2
0 40 52: 1259, 22, 0
0 40 52: 1902, 1, 1
0 40 53: 1902, 0, 2
0 40 54: 1259, 22, 2
0 40 54: 1902, 0, 2
0 40 55: 1259, 22, 3
0 40 55: 1902, 1, 2
0 40 56: 1258, 22, 0
0 40 58: 1257, 22, 2
0 41 27: 1258, 22, 2
0 41 28: 1257, 22, 0
0 41 29: 1258, 22, 0
0 41 30: 1258, 22, 2
0 41 31: 1257, 22, 1
0 41 36: 1276, 10, 0
0 41 37: 1247, 22, 1
0 41 39: 1257, 22, 3
0 41 41: 1257, 22, 0
0 41 42: 1257, 22, 2
0 41 43: 1257, 22, 1
0 41 44: 1257, 22, 0
0 41 46: 1257, 22, 0
0 41 47: 1124, 10, 2
0 41 48: 1257, 22, 3
0 41 49: 1257, 22, 2
0 41 50: 1258, 22, 0
0 41 51: 1257, 22, 3
0 41 51: 1902, 1, 1
0 41 52: 1902, 9, 1
0 41 52: 1938, 8, 1
0 41 53: 387, 10, 0
0 41 55: 1902, 9, 2
0 41 55: 1938, 8, 2
0 41 56: 1259, 22, 0
0 41 56: 1902, 1, 2
0 41 57: 1257, 22, 2
0 41 58: 1258, 22, 1
0 41 59: 1257, 22, 0
0 41 60: 1257, 22, 1
0 42 25: 1257, 22, 3
0 42 26: 1257, 22, 3
0 42 27: 1259, 22, 0
0 42 28: 1258, 22, 1
0 42 29: 1257, 22, 1
0 42 29: 1276, 10, 3
0 42 30: 1257, 22, 3
0 42 33: 1247, 22, 0
0 42 33: 1276, 10, 3
0 42 34: 1246, 22, 1
0 42 36: 1246, 22, 0
0 42 37: 1247, 22, 2
0 42 39: 1258, 22, 0
0 42 39: 1902, 3, 1
0 42 40: 1257, 22, 3
0 42 40: 1902, 0, 2
0 42 41: 1902, 0, 2
0 42 41: 1938, 5, 2
0 42 42: 1257, 22, 2
0 42 42: 1902, 0, 2
0 42 43: 1258, 22, 3
0 42 43: 1902, 0, 2
0 42 44: 1173, 10, 2
0 42 44: 1902, 0, 2
0 42 44: 1938, 5, 2
0 42 45: 1257, 22, 0
0 42 45: 1902, 0, 2
0 42 46: 1259, 22, 1
0 42 46: 1902, 0, 2
0 42 47: 1258, 22, 2
0 42 47: 1902, 0, 2
0 42 48: 1259, 22, 0
0 42 48: 1902, 0, 2
0 42 48: 1938, 5, 2
0 42 49: 1257, 22, 2
0 42 49: 1902, 0, 2
0 42 50: 1258, 22, 1
0 42 50: 1902, 0, 2
0 42 51: 1902, 9, 1
0 42 56: 1902, 9, 2
0 42 57: 1902, 0, 2
0 42 58: 1258, 22, 0
0 42 58: 1902, 3, 2
0 42 59: 1258, 22, 3
0 42 60: 1257, 22, 2
0 42 61: 1257, 22, 3
0 43 25: 1257, 22, 1
0 43 26: 1258, 22, 3
0 43 27: 1258, 22, 0
0 43 28: 1257, 22, 2
0 43 30: 1247, 22, 0
0 43 33: 1247, 22, 1
0 43 34: 1173, 10, 0
0 43 38: 1258, 22, 3
0 43 39: 1259, 22, 1
0 43 39: 1902, 0, 1
0 43 40: 706, 4, 0
0 43 40: 1747, 10, 0
0 43 41: 1938, 4, 0
0 43 42: 1023, 4, 0
0 43 42: 1111, 10, 3
0 43 43: 1023, 4, 0
0 43 43: 1111, 10, 3
0 43 44: 616, 10, 2
0 43 44: 1938, 4, 0
0 43 45: 1902, 0, 1
0 43 46: 196, 4, 3
0 43 46: 1111, 10, 3
0 43 48: 1747, 10, 0
0 43 48: 1938, 4, 0
0 43 50: 196, 5, 1
0 43 50: 1902, 0, 1
0 43 51: 196, 4, 3
0 43 52: 616, 10, 0
0 43 53: 1111, 10, 0
0 43 54: 686, 22, 1
0 43 57: 196, 4, 1
0 43 57: 208, 11, 3
0 43 58: 1173, 10, 0
0 43 58: 1902, 0, 3
0 43 59: 1258, 22, 0
0 43 60: 1258, 22, 0
0 43 61: 1257, 22, 0
0 43 62: 1258, 22, 2
0 44 25: 1276, 10, 2
0 44 26: 1257, 22, 0
0 44 27: 1257, 22, 3
0 44 31: 1276, 10, 2
0 44 37: 1257, 22, 1
0 44 38: 1257, 22, 3
0 44 39: 1259, 22, 3
0 44 39: 1902, 0, 1
0 44 39: 1938, 5, 1
0 44 40: 1938, 4, 3
0 44 41: 687, 22, 1
0 44 45: 1902, 0, 1
0 44 46: 616, 10, 0
0 44 50: 1754, 10, 2
0 44 50: 1902, 0, 1
0 44 52: 1111, 11, 0
0 44 57: 1938, 4, 1
0 44 58: 1259, 22, 2
0 44 58: 1902, 0, 3
0 44 58: 1938, 5, 3
0 44 59: 1257, 22, 1
0 44 59: 1902, 3, 2
0 44 60: 1257, 22, 0
0 44 61: 1258, 22, 3
0 44 62: 1259, 22, 1
0 44 63: 1258, 22, 1
0 45 7: 1902, 2, 3
0 45 8: 417, 10, 2
0 45 8: 1902, 0, 0
0 45 9: 1902, 0, 0
0 45 10: 1902, 2, 0
0 45 16: 1124, 10, 1
0 45 21: 1257, 22, 2
0 45 22: 1257, 22, 2
0 45 23: 1259, 22, 2
0 45 24: 1258, 22, 1
0 45 25: 1247, 22, 2
0 45 29: 1247, 22, 3
0 45 29: 1276, 10, 0
0 45 34: 1281, 10, 3
0 45 35: 1247, 22, 3
0 45 38: 1257, 22, 2
0 45 39: 1258, 22, 2
0 45 39: 1902, 0, 1
0 45 40: 196, 4, 2
0 45 42: 196, 4, 2
0 45 44: 686, 22, 3
0 45 45: 1902, 0, 1
0 45 46: 196, 4, 3
0 45 46: 1111, 10, 1
0 45 49: 687, 22, 3
0 45 50: 196, 5, 1
0 45 50: 1902, 0, 1
0 45 51: 196, 4, 3
0 45 57: 955, 4, 1
0 45 58: 1258, 22, 3
0 45 58: 1752, 10, 0
0 45 58: 1902, 0, 3
0 45 60: 1257, 22, 2
0 45 61: 1257, 22, 3
0 45 62: 1258, 22, 0
0 46 6: 980, 9, 3
0 46 7: 196, 4, 3
0 46 7: 1902, 0, 3
0 46 8: 604, 10, 3
0 46 10: 196, 4, 1
0 46 10: 1902, 0, 1
0 46 11: 980, 0, 0
0 46 11: 1188, 10, 2
0 46 12: 980, 0, 0
0 46 12: 1196, 10, 2
0 46 13: 980, 0, 0
0 46 13: 1187, 10, 3
0 46 14: 980, 9, 0
0 46 18: 1257, 22, 2
0 46 19: 1257, 22, 3
0 46 20: 1257, 22, 1
0 46 20: 1276, 10, 3
0 46 21: 1247, 22, 2
0 46 22: 1259, 22, 2
0 46 23: 1258, 22, 2
0 46 24: 1257, 22, 1
0 46 25: 1257, 22, 3
0 46 30: 1246, 22, 2
0 46 31: 1276, 10, 1
0 46 34: 1246, 22, 3
0 46 36: 1247, 22, 1
0 46 37: 1257, 22, 0
0 46 38: 1902, 1, 1
0 46 39: 1259, 22, 0
0 46 39: 1902, 2, 1
0 46 40: 1902, 0, 0
0 46 41: 388, 10, 0
0 46 41: 1902, 0, 0
0 46 42: 1902, 2, 0
0 46 43: 196, 5, 0
0 46 43: 1902, 0, 0
0 46 44: 2596, 0, 0
0 46 45: 196, 5, 0
0 46 45: 1902, 0, 0
0 46 46: 388, 10, 0
0 46 46: 1902, 0, 0
0 46 47: 196, 5, 0
0 46 47: 1902, 0, 0
0 46 48: 2596, 0, 0
0 46 49: 196, 5, 0
0 46 49: 1902, 0, 0
0 46 50: 388, 10, 0
0 46 50: 1902, 0, 0
0 46 51: 1902, 0, 0
0 46 52: 196, 5, 0
0 46 52: 1902, 0, 0
0 46 53: 2596, 0, 0
0 46 54: 196, 5, 0
0 46 54: 1902, 2, 0
0 46 58: 877, 5, 3
0 46 58: 1259, 22, 2
0 46 58: 1902, 0, 3
0 46 59: 1258, 22, 2
0 46 60: 1257, 22, 0
0 46 61: 1257, 22, 2
0 47 5: 980, 9, 3
0 47 6: 980, 1, 3
0 47 7: 381, 10, 3
0 47 7: 1902, 0, 3
0 47 10: 381, 10, 1
0 47 10: 1902, 0, 1
0 47 11: 1258, 22, 2
0 47 13: 1196, 10, 1
0 47 14: 980, 1, 0
0 47 14: 1195, 10, 0
0 47 15: 980, 9, 0
0 47 16: 1257, 22, 0
0 47 19: 1257, 22, 0
0 47 20: 1257, 22, 0
0 47 21: 1257, 22, 3
0 47 22: 1258, 22, 1
0 47 23: 1258, 22, 2
0 47 24: 1257, 22, 2
0 47 26: 1276, 10, 1
0 47 27: 1247, 22, 0
0 47 32: 1246, 22, 2
0 47 34: 1246, 22, 3
0 47 35: 1247, 22, 2
0 47 36: 1247, 22, 0
0 47 37: 1257, 22, 1
0 47 37: 1902, 1, 1
0 47 38: 1902, 9, 1
0 47 38: 1938, 8, 1
0 47 40: 917, 22, 3
0 47 41: 917, 22, 0
0 47 42: 1902, 0, 1
0 47 43: 196, 4, 3
0 47 45: 686, 22, 3
0 47 46: 208, 10, 3
0 47 50: 208, 10, 3
0 47 54: 388, 10, 1
0 47 54: 1902, 0, 1
0 47 56: 686, 22, 3
0 47 57: 1938, 4, 1
0 47 58: 1258, 22, 1
0 47 58: 1902, 0, 3
0 47 58: 1938, 5, 3
0 47 59: 1257, 22, 1
0 47 60: 1257, 22, 2
0 47 61: 1276, 10, 2
0 47 62: 1257, 22, 1
0 48 5: 980, 0, 3
0 48 7: 1902, 2, 2
0 48 8: 1902, 0, 2
0 48 9: 1533, 0, 2
0 48 10: 1902, 2, 1
0 48 11: 1259, 22, 2
0 48 11: 1902, 0, 2
0 48 12: 1258, 22, 3
0 48 12: 1902, 0, 2
0 48 13: 1257, 22, 1
0 48 13: 1828, 5, 2
0 48 13: 1902, 0, 2
0 48 14: 1257, 22, 0
0 48 14: 1602, 3, 2
0 48 15: 980, 0, 1
0 48 16: 1257, 22, 1
0 48 17: 1257, 22, 1
0 48 18: 1257, 22, 2
0 48 22: 1257, 22, 0
0 48 23: 1257, 22, 2
0 48 23: 1276, 10, 0
0 48 24: 1257, 22, 0
0 48 25: 1257, 22, 0
0 48 26: 1247, 22, 1
0 48 27: 1246, 22, 0
0 48 36: 1257, 22, 2
0 48 37: 1257, 22, 2
0 48 37: 1902, 0, 1
0 48 40: 918, 22, 2
0 48 41: 918, 22, 0
0 48 42: 1533, 0, 1
0 48 53: 686, 22, 3
0 48 54: 196, 5, 1
0 48 54: 1902, 0, 1
0 48 56: 1747, 10, 0
0 48 58: 1259, 22, 0
0 48 58: 1902, 0, 3
0 48 59: 1258, 22, 0
0 48 60: 1257, 22, 3
0 48 61: 1246, 22, 3
0 49 5: 980, 0, 3
0 49 5: 1188, 10, 1
0 49 6: 1828, 4, 1
0 49 7: 1832, 5, 3
0 49 7: 1902, 0, 3
0 49 8: 381, 10, 0
0 49 10: 887, 4, 0
0 49 11: 380, 10, 0
0 49 13: 1158, 10, 0
0 49 13: 1832, 4, 0
0 49 14: 1258, 22, 0
0 49 14: 1902, 0, 3
0 49 15: 980, 0, 1
0 49 15: 1187, 10, 0
0 49 16: 1257, 22, 1
0 49 17: 1257, 22, 3
0 49 19: 1257, 22, 3
0 49 20: 1247, 22, 0
0 49 20: 1276, 10, 2
0 49 21: 1247, 22, 3
0 49 22: 1247, 22, 1
0 49 23: 1246, 22, 3
0 49 24: 1247, 22, 3
0 49 34: 1257, 22, 0
0 49 35: 1257, 22, 0
0 49 36: 1258, 22, 2
0 49 37: 1257, 22, 0
0 49 37: 1902, 0, 1
0 49 39: 686, 22, 1
0 49 40: 918, 22, 2
0 49 40: 1752, 10, 0
0 49 41: 918, 22, 0
0 49 42: 388, 10, 1
0 49 42: 1902, 0, 1
0 49 43: 196, 4, 3
0 49 47: 1111, 10, 2
0 49 48: 596, 10, 2
0 49 49: 1111, 10, 0
0 49 54: 1902, 0, 1
0 49 55: 196, 4, 3
0 49 57: 196, 4, 1
0 49 58: 1258, 22, 3
0 49 58: 1902, 0, 3
0 49 59: 1257, 22, 0
0 50 5: 980, 0, 3
0 50 6: 1259, 22, 3
0 50 7: 683, 10, 2
0 50 7: 1902, 0, 3
0 50 13: 1832, 4, 1
0 50 14: 1259, 22, 0
0 50 14: 1828, 5, 3
0 50 14: 1902, 0, 3
0 50 15: 980, 0, 1
0 50 16: 1257, 22, 0
0 50 17: 1257, 22, 0
0 50 19: 1257, 22, 0
0 50 20: 1257, 22, 2
0 50 21: 1257, 22, 2
0 50 22: 1257, 22, 1
0 50 23: 1257, 22, 2
0 50 29: 1278, 10, 1
0 50 30: 1246, 22, 1
0 50 34: 1257, 22, 2
0 50 35: 1257, 22, 3
0 50 36: 1258, 22, 1
0 50 37: 1259, 22, 3
0 50 37: 1902, 1, 0
0 50 38: 1902, 9, 0
0 50 38: 1938, 8, 0
0 50 40: 917, 22, 2
0 50 41: 917, 22, 1
0 50 42: 1902, 0, 1
0 50 43: 388, 10, 3
0 50 47: 1111, 10, 2
0 50 49: 1111, 10, 0
0 50 54: 1902, 3, 0
0 50 55: 706, 5, 0
0 50 55: 1902, 0, 0
0 50 56: 1902, 0, 0
0 50 57: 208, 10, 3
0 50 57: 1902, 0, 0
0 50 58: 1259, 22, 3
0 50 58: 1902, 0, 3
0 50 60: 1247, 22, 3
0 50 60: 1276, 10, 1
0 50 61: 1247, 22, 2
0 51 5: 980, 0, 3
0 51 6: 1257, 22, 3
0 51 7: 1902, 0, 3
0 51 7: 2725, 10, 3
0 51 8: 943, 22, 3
0 51 8: 1088, 10, 3
0 51 9: 944, 22, 3
0 51 9: 1088, 10, 3
0 51 10: 944, 22, 3
0 51 10: 1088, 10, 3
0 51 11: 944, 22, 3
0 51 11: 1088, 10, 3
0 51 12: 943, 22, 0
0 51 14: 1156, 10, 1
0 51 14: 1902, 0, 3
0 51 15: 981, 3, 0
0 51 18: 1257, 22, 3
0 51 19: 1257, 22, 3
0 51 20: 1257, 22, 0
0 51 21: 1257, 22, 0
0 51 22: 1257, 22, 0
0 51 23: 1257, 22, 2
0 51 24: 1257, 22, 3
0 51 25: 1257, 22, 1
0 51 29: 1247, 22, 3
0 51 30: 1247, 22, 2
0 51 35: 1257, 22, 2
0 51 36: 1259, 22, 1
0 51 37: 1259, 22, 2
0 51 38: 1258, 22, 3
0 51 38: 1902, 1, 0
0 51 39: 1902, 9, 0
0 51 42: 388, 10, 1
0 51 42: 1902, 0, 1
0 51 45: 687, 22, 1
0 51 47: 1111, 10, 2
0 51 57: 196, 4, 1
0 51 57: 388, 10, 1
0 51 58: 1259, 22, 1
0 51 58: 1902, 0, 3
0 51 59: 1257, 22, 1
0 51 59: 1902, 3, 3
0 51 60: 1257, 22, 0
0 51 61: 1247, 22, 1
0 52 5: 980, 0, 3
0 52 6: 1257, 22, 0
0 52 7: 1902, 0, 3
0 52 8: 596, 10, 3
0 52 8: 944, 22, 2
0 52 9: 945, 22, 3
0 52 10: 945, 22, 3
0 52 11: 945, 22, 3
0 52 12: 944, 22, 0
0 52 13: 1533, 0, 1
0 52 20: 1257, 22, 2
0 52 21: 1258, 22, 2
0 52 22: 1258, 22, 1
0 52 23: 1257, 22, 3
0 52 24: 1257, 22, 0
0 52 25: 1257, 22, 0
0 52 27: 1257, 22, 0
0 52 36: 1257, 22, 3
0 52 37: 1257, 22, 1
0 52 38: 1258, 22, 3
0 52 39: 1258, 22, 1
0 52 39: 1902, 0, 1
0 52 39: 1938, 5, 1
0 52 40: 1902, 0, 0
0 52 40: 1938, 4, 3
0 52 40: 2605, 10, 1
0 52 41: 1902, 0, 0
0 52 42: 196, 5, 1
0 52 42: 1902, 2, 0
0 52 43: 196, 4, 3
0 52 47: 1111, 10, 2
0 52 57: 706, 4, 1
0 52 57: 1111, 11, 3
0 52 58: 1259, 22, 2
0 52 58: 1902, 0, 3
0 52 59: 1258, 22, 2
0 52 60: 1257, 22, 3
0 52 62: 1124, 10, 0
0 53 5: 980, 0, 3
0 53 6: 1257, 22, 2
0 53 7: 1902, 0, 3
0 53 8: 943, 22, 2
0 53 8: 1088, 10, 1
0 53 9: 944, 22, 1
0 53 9: 1088, 10, 1
0 53 10: 944, 22, 1
0 53 10: 1088, 10, 1
0 53 11: 944, 22, 1
0 53 11: 1088, 10, 1
0 53 12: 943, 22, 1
0 53 13: 595, 10, 0
0 53 14: 1156, 10, 1
0 53 14: 1902, 0, 3
0 53 15: 981, 3, 1
0 53 21: 1257, 22, 2
0 53 22: 1258, 22, 3
0 53 23: 1259, 22, 3
0 53 24: 1258, 22, 0
0 53 25: 1257, 22, 1
0 53 26: 1257, 22, 1
0 53 33: 1309, 10, 3
0 53 34: 1247, 22, 0
0 53 35: 1247, 22, 0
0 53 38: 1257, 22, 2
0 53 39: 1258, 22, 2
0 53 39: 1902, 0, 1
0 53 40: 196, 4, 3
0 53 42: 1902, 0, 1
0 53 43: 955, 4, 3
0 53 54: 686, 22, 1
0 53 56: 616, 10, 0
0 53 57: 841, 4, 1
0 53 57: 1111, 11, 0
0 53 58: 1258, 22, 1
0 53 58: 1902, 0, 3
0 53 59: 1257, 22, 1
0 53 60: 1257, 22, 2
0 53 61: 1257, 22, 1
0 54 3: 1124, 10, 1
0 54 5: 980, 0, 3
0 54 6: 1257, 22, 2
0 54 6: 1828, 4, 1
0 54 7: 1832, 5, 3
0 54 7: 1902, 0, 3
0 54 14: 1257, 22, 3
0 54 14: 1902, 0, 3
0 54 15: 980, 0, 1
0 54 22: 1257, 22, 1
0 54 23: 1257, 22, 0
0 54 24: 1259, 22, 2
0 54 25: 1247, 22, 1
0 54 25: 1309, 10, 2
0 54 26: 1247, 22, 1
0 54 27: 1257, 22, 3
0 54 28: 1257, 22, 0
0 54 30: 1247, 22, 3
0 54 33: 1246, 22, 2
0 54 35: 1257, 22, 3
0 54 36: 1257, 22, 3
0 54 38: 1257, 22, 2
0 54 39: 1258, 22, 0
0 54 39: 1902, 0, 1
0 54 40: 1023, 4, 3
0 54 41: 687, 22, 1
0 54 42: 196, 5, 1
0 54 42: 1902, 0, 1
0 54 43: 196, 4, 3
0 54 46: 208, 10, 1
0 54 50: 208, 10, 1
0 54 57: 196, 4, 1
0 54 58: 1902, 0, 3
0 54 59: 1258, 22, 0
0 54 60: 1257, 22, 1
0 54 61: 1257, 22, 2
0 54 62: 1247, 22, 0
0 54 62: 1276, 10, 0
0 54 63: 1247, 22, 0
0 55 5: 980, 0, 3
0 55 6: 1259, 22, 2
0 55 7: 364, 10, 0
0 55 7: 888, 5, 3
0 55 7: 1902, 0, 3
0 55 13: 1832, 4, 1
0 55 14: 1257, 22, 2
0 55 14: 1828, 5, 3
0 55 14: 1902, 0, 3
0 55 15: 980, 0, 1
0 55 15: 1187, 10, 1
0 55 25: 1257, 22, 3
0 55 26: 1257, 22, 1
0 55 28: 1257, 22, 2
0 55 29: 1247, 22, 2
0 55 29: 1309, 10, 0
0 55 30: 1247, 22, 3
0 55 31: 1246, 22, 2
0 55 33: 1247, 22, 1
0 55 35: 1257, 22, 0
0 55 36: 1259, 22, 0
0 55 37: 1259, 22, 0
0 55 38: 1259, 22, 1
0 55 39: 1259, 22, 0
0 55 39: 1902, 0, 1
0 55 40: 1022, 4, 3
0 55 42: 616, 10, 0
0 55 42: 1902, 0, 1
0 55 43: 840, 4, 3
0 55 43: 1262, 22, 0
0 55 44: 917, 22, 3
0 55 45: 918, 22, 3
0 55 46: 918, 22, 3
0 55 47: 918, 22, 3
0 55 48: 918, 22, 3
0 55 49: 918, 22, 3
0 55 50: 918, 22, 3
0 55 51: 918, 22, 3
0 55 52: 917, 22, 0
0 55 57: 1262, 22, 0
0 55 58: 1259, 22, 0
0 55 58: 1902, 0, 3
0 55 59: 1258, 22, 2
0 55 60: 1257, 22, 3
0 55 62: 1246, 22, 2
0 55 63: 1247, 22, 3
0 56 5: 980, 0, 3
0 56 6: 1188, 10, 0
0 56 6: 1257, 22, 3
0 56 7: 1028, 10, 3
0 56 7: 1902, 0, 3
0 56 11: 380, 10, 2
0 56 13: 1158, 10, 1
0 56 13: 1832, 4, 2
0 56 14: 1258, 22, 2
0 56 14: 1902, 0, 3
0 56 15: 980, 0, 1
0 56 16: 1259, 22, 0
0 56 17: 1259, 22, 1
0 56 18: 1259, 22, 1
0 56 25: 1247, 22, 3
0 56 26: 1259, 22, 2
0 56 27: 1257, 22, 3
0 56 28: 1257, 22, 3
0 56 29: 1247, 22, 0
0 56 35: 1257, 22, 1
0 56 36: 1257, 22, 1
0 56 37: 1258, 22, 0
0 56 37: 1902, 1, 1
0 56 38: 1259, 22, 0
0 56 38: 1902, 0, 2
0 56 39: 1902, 2, 1
0 56 39: 1938, 5, 1
0 56 40: 1938, 4, 3
0 56 42: 196, 5, 1
0 56 42: 1902, 0, 1
0 56 43: 365, 10, 3
0 56 43: 706, 4, 3
0 56 43: 1262, 22, 3
0 56 44: 917, 22, 2
0 56 45: 918, 22, 1
0 56 46: 918, 22, 1
0 56 47: 918, 22, 1
0 56 48: 918, 22, 1
0 56 49: 918, 22, 1
0 56 50: 918, 22, 1
0 56 51: 918, 22, 1
0 56 52: 917, 22, 1
0 56 56: 1263, 22, 0
0 56 57: 365, 10, 1
0 56 57: 1938, 4, 1
0 56 58: 1257, 22, 3
0 56 58: 1902, 0, 3
0 56 58: 1938, 5, 3
0 56 59: 1257, 22, 2
0 56 60: 1257, 22, 3
0 57 1: 1278, 10, 3
0 57 5: 980, 0, 3
0 57 6: 1257, 22, 0
0 57 7: 619, 10, 2
0 57 7: 1902, 0, 3
0 57 10: 618, 10, 0
0 57 11: 1260, 22, 1
0 57 11: 1902, 2, 3
0 57 12: 1257, 22, 3
0 57 12: 1902, 0, 0
0 57 13: 1257, 22, 0
0 57 13: 1828, 5, 0
0 57 13: 1902, 0, 0
0 57 14: 1257, 22, 1
0 57 14: 1602, 3, 3
0 57 15: 980, 0, 1
0 57 15: 1196, 10, 0
0 57 16: 1257, 22, 2
0 57 17: 1257, 22, 0
0 57 18: 1259, 22, 0
0 57 19: 1189, 10, 0
0 57 19: 1259, 22, 1
0 57 20: 1259, 22, 1
0 57 21: 1258, 22, 3
0 57 22: 1257, 22, 0
0 57 27: 1257, 22, 2
0 57 28: 1257, 22, 1
0 57 29: 1247, 22, 1
0 57 31: 1257, 22, 1
0 57 34: 1257, 22, 0
0 57 35: 1258, 22, 0
0 57 36: 1257, 22, 0
0 57 36: 1902, 1, 1
0 57 37: 1902, 9, 1
0 57 37: 1938, 8, 1
0 57 38: 686, 22, 3
0 57 40: 1752, 10, 0
0 57 42: 1902, 0, 1
0 57 43: 365, 10, 2
0 57 43: 706, 4, 3
0 57 43: 1263, 22, 1
0 57 44: 362, 10, 3
0 57 44: 1263, 22, 0
0 57 45: 362, 10, 0
0 57 51: 196, 4, 2
0 57 53: 196, 4, 2
0 57 55: 365, 10, 2
0 57 56: 706, 4, 2
0 57 56: 1262, 22, 1
0 57 57: 196, 4, 1
0 57 57: 365, 10, 0
0 57 57: 1263, 22, 0
0 57 58: 1259, 22, 3
0 57 58: 1902, 0, 3
0 57 59: 1257, 22, 0
0 57 60: 1278, 10, 0
0 57 61: 1246, 22, 2
0 58 0: 1124, 10, 0
0 58 4: 1124, 10, 2
0 58 5: 980, 0, 3
0 58 5: 1188, 10, 3
0 58 6: 1257, 22, 0
0 58 7: 1902, 0, 3
0 58 11: 1259, 22, 1
0 58 11: 1902, 0, 3
0 58 12: 1257, 22, 2
0 58 14: 1192, 10, 0
0 58 15: 980, 0, 1
0 58 15: 1187, 10, 0
0 58 16: 1257, 22, 2
0 58 18: 1189, 10, 1
0 58 18: 1257, 22, 1
0 58 19: 1257, 22, 0
0 58 20: 1257, 22, 1
0 58 21: 1257, 22, 2
0 58 22: 1257, 22, 1
0 58 29: 1189, 10, 3
0 58 29: 1257, 22, 0
0 58 30: 1259, 22, 3
0 58 31: 1257, 22, 0
0 58 34: 1257, 22, 3
0 58 35: 1247, 22, 3
0 58 36: 1247, 22, 2
0 58 36: 1902, 0, 1
0 58 37: 387, 10, 3
0 58 42: 1902, 3, 0
0 58 43: 388, 10, 0
0 58 43: 1902, 0, 0
0 58 44: 388, 10, 0
0 58 44: 1902, 0, 0
0 58 45: 196, 5, 1
0 58 45: 1902, 2, 0
0 58 46: 196, 4, 3
0 58 49: 688, 22, 3
0 58 50: 196, 4, 1
0 58 51: 1902, 2, 3
0 58 52: 2602, 0, 0
0 58 53: 388, 10, 0
0 58 53: 1902, 0, 0
0 58 54: 1902, 0, 0
0 58 55: 388, 10, 0
0 58 55: 1902, 0, 0
0 58 56: 1902, 0, 0
0 58 57: 196, 4, 1
0 58 57: 1902, 0, 0
0 58 58: 1257, 22, 1
0 58 58: 1902, 0, 3
0 58 60: 1247, 22, 1
0 58 61: 1247, 22, 2
0 59 5: 980, 0, 3
0 59 6: 1257, 22, 1
0 59 7: 1902, 9, 0
0 59 8: 1022, 5, 2
0 59 8: 1902, 0, 2
0 59 9: 1021, 5, 2
0 59 9: 1902, 0, 2
0 59 10: 1902, 9, 3
0 59 11: 1257, 22, 1
0 59 11: 1902, 1, 3
0 59 13: 1257, 22, 1
0 59 14: 1193, 10, 2
0 59 14: 1257, 22, 0
0 59 15: 980, 0, 1
0 59 15: 1193, 10, 3
0 59 20: 1298, 10, 0
0 59 21: 1257, 22, 2
0 59 22: 1189, 10, 1
0 59 22: 1258, 22, 2
0 59 23: 1257, 22, 2
0 59 24: 1257, 22, 2
0 59 25: 1257, 22, 1
0 59 25: 1298, 10, 2
0 59 26: 1257, 22, 0
0 59 30: 1259, 22, 1
0 59 31: 1259, 22, 2
0 59 32: 1257, 22, 2
0 59 33: 1257, 22, 2
0 59 34: 1247, 22, 1
0 59 35: 1258, 22, 1
0 59 36: 1246, 22, 1
0 59 36: 1902, 0, 1
0 59 39: 917, 22, 3
0 59 40: 918, 22, 3
0 59 41: 918, 22, 3
0 59 42: 918, 22, 3
0 59 43: 918, 22, 3
0 59 44: 917, 22, 0
0 59 45: 1902, 0, 1
0 59 46: 706, 4, 3
0 59 51: 1902, 0, 3
0 59 55: 688, 22, 0
0 59 57: 1754, 10, 0
0 59 57: 1938, 4, 1
0 59 58: 1257, 22, 0
0 59 58: 1902, 0, 3
0 59 58: 1938, 5, 3
0 59 63: 1298, 10, 3
0 60 5: 980, 9, 2
0 60 6: 980, 1, 2
0 60 8: 1257, 22, 2
0 60 9: 1257, 22, 3
0 60 10: 1257, 22, 0
0 60 12: 1188, 10, 2
0 60 13: 1192, 10, 1
0 60 13: 1257, 22, 3
0 60 14: 980, 1, 1
0 60 14: 1188, 10, 1
0 60 15: 980, 9, 1
0 60 17: 1124, 10, 3
0 60 19: 1189, 10, 2
0 60 21: 1189, 10, 3
0 60 22: 1257, 22, 0
0 60 23: 1257, 22, 3
0 60 24: 1257, 22, 3
0 60 25: 1258, 22, 1
0 60 26: 1259, 22, 1
0 60 27: 1257, 22, 3
0 60 31: 1259, 22, 2
0 60 32: 1257, 22, 2
0 60 32: 1309, 10, 2
0 60 33: 1257, 22, 1
0 60 35: 1247, 22, 0
0 60 36: 1258, 22, 3
0 60 36: 1902, 1, 0
0 60 37: 1902, 9, 0
0 60 37: 1938, 8, 0
0 60 39: 917, 22, 2
0 60 40: 918, 22, 1
0 60 41: 918, 22, 1
0 60 41: 1938, 4, 2
0 60 42: 918, 22, 1
0 60 43: 196, 4, 2
0 60 43: 918, 22, 1
0 60 44: 917, 22, 1
0 60 44: 1938, 4, 2
0 60 45: 196, 5, 1
0 60 45: 687, 22, 3
0 60 45: 1902, 0, 1
0 60 46: 616, 10, 2
0 60 47: 196, 4, 2
0 60 49: 196, 4, 2
0 60 50: 616, 10, 1
0 60 50: 706, 4, 1
0 60 51: 388, 10, 3
0 60 51: 1902, 0, 3
0 60 52: 196, 4, 2
0 60 53: 1938, 4, 2
0 60 54: 1023, 4, 2
0 60 55: 196, 4, 2
0 60 56: 1938, 4, 2
0 60 58: 1257, 22, 0
0 60 58: 1902, 0, 3
0 61 6: 980, 9, 2
0 61 7: 980, 0, 2
0 61 7: 1192, 10, 3
0 61 8: 980, 0, 2
0 61 8: 1188, 10, 2
0 61 9: 980, 0, 2
0 61 10: 980, 0, 2
0 61 11: 980, 0, 2
0 61 12: 980, 0, 2
0 61 13: 980, 0, 2
0 61 14: 980, 9, 1
0 61 23: 1189, 10, 0
0 61 23: 1257, 22, 1
0 61 24: 1257, 22, 2
0 61 25: 1257, 22, 3
0 61 26: 1257, 22, 0
0 61 27: 1259, 22, 0
0 61 31: 1258, 22, 1
0 61 32: 1247, 22, 1
0 61 33: 1257, 22, 0
0 61 34: 1257, 22, 1
0 61 35: 1257, 22, 0
0 61 36: 1258, 22, 2
0 61 37: 1258, 22, 1
0 61 37: 1902, 1, 0
0 61 38: 1257, 22, 1
0 61 38: 1902, 0, 0
0 61 39: 1124, 10, 3
0 61 39: 1259, 22, 0
0 61 39: 1902, 0, 0
0 61 40: 1902, 0, 0
0 61 41: 1258, 22, 3
0 61 41: 1902, 0, 0
0 61 41: 1938, 5, 0
0 61 42: 1259, 22, 0
0 61 42: 1902, 0, 0
0 61 43: 1258, 22, 0
0 61 43: 1902, 0, 0
0 61 44: 1259, 22, 1
0 61 44: 1902, 0, 0
0 61 44: 1938, 5, 0
0 61 45: 1258, 22, 2
0 61 45: 1902, 0, 0
0 61 46: 1257, 22, 2
0 61 46: 1902, 0, 0
0 61 47: 1902, 0, 0
0 61 48: 2595, 0, 0
0 61 49: 1902, 0, 0
0 61 50: 1257, 22, 0
0 61 50: 1902, 0, 0
0 61 51: 1258, 22, 0
0 61 51: 1902, 0, 0
0 61 52: 1259, 22, 2
0 61 52: 1902, 0, 0
0 61 53: 1259, 22, 0
0 61 53: 1902, 0, 0
0 61 53: 1938, 5, 0
0 61 54: 1258, 22, 3
0 61 54: 1902, 0, 0
0 61 55: 1258, 22, 3
0 61 55: 1902, 0, 0
0 61 56: 1257, 22, 3
0 61 56: 1902, 0, 0
0 61 56: 1938, 5, 0
0 61 57: 1257, 22, 0
0 61 57: 1902, 0, 0
0 61 58: 1257, 22, 1
0 61 58: 1902, 3, 3
0 61 59: 1257, 22, 0
0 61 61: 1281, 10, 0
0 61 62: 1247, 22, 0
0 62 1: 1124, 10, 3
0 62 4: 1124, 10, 2
0 62 15: 1124, 10, 2
0 62 19: 1276, 10, 1
0 62 20: 1247, 22, 1
0 62 25: 1257, 22, 0
0 62 26: 1257, 22, 3
0 62 27: 1257, 22, 0
0 62 28: 1258, 22, 3
0 62 29: 1257, 22, 2
0 62 32: 1247, 22, 3
0 62 34: 1257, 22, 3
0 62 36: 1257, 22, 3
0 62 37: 1258, 22, 2
0 62 38: 1257, 22, 0
0 62 39: 1257, 22, 3
0 62 40: 1257, 22, 2
0 62 41: 1257, 22, 2
0 62 42: 1257, 22, 0
0 62 43: 1257, 22, 1
0 62 44: 1257, 22, 0
0 62 45: 1257, 22, 3
0 62 50: 1257, 22, 2
0 62 51: 1257, 22, 0
0 62 52: 1258, 22, 1
0 62 53: 1259, 22, 1
0 62 54: 1258, 22, 2
0 62 55: 1257, 22, 2
0 62 56: 1257, 22, 2
0 62 57: 1257, 22, 1
0 62 61: 1246, 22, 1
0 62 63: 1247, 22, 3
0 63 19: 1247, 22, 0
0 63 20: 1247, 22, 0
0 63 22: 1124, 10, 1
0 63 26: 1257, 22, 2
0 63 27: 1257, 22, 0
0 63 28: 1257, 22, 1
0 63 29: 1259, 22, 3
0 63 37: 1257, 22, 2
0 63 43: 1257, 22, 0
0 63 51: 1257, 22, 3
0 63 52: 1257, 22, 1
0 63 53: 1257, 22, 0
0 63 54: 1257, 22, 3
0 63 55: 1257, 22, 3
1 40 52: 1902, 1, 1
1 40 53: 1902, 0, 2
1 40 53: 1938, 5, 2
1 40 54: 1902, 0, 2
1 40 54: 1938, 5, 2
1 40 55: 1902, 1, 2
1 41 51: 1902, 1, 1
1 41 52: 1902, 9, 1
1 41 53: 387, 10, 0
1 41 53: 1938, 4, 0
1 41 54: 1938, 4, 0
1 41 55: 1902, 9, 2
1 41 56: 1902, 1, 2
1 42 39: 1902, 3, 1
1 42 40: 1902, 0, 2
1 42 41: 1902, 0, 2
1 42 42: 1902, 0, 2
1 42 42: 1938, 5, 2
1 42 43: 1902, 0, 2
1 42 44: 1902, 0, 2
1 42 45: 1902, 0, 2
1 42 46: 1902, 0, 2
1 42 46: 1938, 5, 2
1 42 47: 1902, 0, 2
1 42 48: 1902, 0, 2
1 42 49: 1902, 0, 2
1 42 50: 1902, 0, 2
1 42 51: 1902, 9, 1
1 42 52: 1111, 11, 2
1 42 53: 1111, 11, 3
1 42 56: 1902, 9, 2
1 42 57: 1902, 0, 2
1 42 58: 1902, 3, 2
1 43 39: 1902, 0, 1
1 43 40: 1746, 10, 0
1 43 42: 1902, 0, 3
1 43 42: 1938, 4, 0
1 43 43: 206, 4, 0
1 43 43: 1902, 0, 1
1 43 45: 686, 22, 1
1 43 46: 1938, 4, 0
1 43 48: 1746, 10, 0
1 43 49: 206, 5, 1
1 43 49: 1902, 0, 1
1 43 50: 388, 10, 0
1 43 50: 706, 4, 0
1 43 52: 1111, 11, 1
1 43 53: 616, 10, 2
1 43 56: 365, 11, 1
1 43 57: 208, 10, 0
1 43 58: 1902, 0, 3
1 44 6: 1790, 19, 1
1 44 7: 1790, 18, 2
1 44 8: 1790, 18, 2
1 44 9: 1790, 18, 2
1 44 10: 1790, 18, 2
1 44 11: 1790, 19, 2
1 44 39: 1902, 0, 1
1 44 39: 1938, 5, 1
1 44 40: 1938, 4, 3
1 44 42: 1530, 0, 3
1 44 43: 196, 5, 1
1 44 43: 686, 22, 3
1 44 43: 1902, 0, 1
1 44 49: 1902, 0, 1
1 44 51: 687, 22, 3
1 44 57: 365, 10, 1
1 44 57: 1938, 4, 1
1 44 58: 1902, 2, 2
1 44 58: 1938, 5, 3
1 44 59: 1902, 3, 2
1 45 6: 1790, 18, 1
1 45 7: 1924, 16, 1
1 45 8: 1924, 12, 2
1 45 9: 1924, 12, 2
1 45 10: 1924, 16, 2
1 45 11: 1790, 18, 3
1 45 39: 1902, 0, 1
1 45 41: 616, 10, 0
1 45 41: 997, 0, 2
1 45 42: 705, 5, 3
1 45 42: 1902, 0, 3
1 45 43: 1530, 0, 1
1 45 47: 705, 4, 2
1 45 48: 687, 22, 3
1 45 48: 706, 4, 2
1 45 49: 206, 5, 1
1 45 49: 1902, 0, 1
1 45 58: 1746, 10, 0
1 45 58: 1902, 0, 3
1 45 59: 1902, 0, 3
1 46 6: 1790, 18, 1
1 46 7: 1924, 12, 1
1 46 8: 1924, 17, 3
1 46 9: 1924, 17, 3
1 46 10: 1924, 12, 3
1 46 11: 1790, 18, 3
1 46 38: 1902, 1, 1
1 46 39: 1902, 2, 1
1 46 40: 997, 0, 1
1 46 41: 661, 10, 1
1 46 42: 1902, 0, 3
1 46 43: 196, 5, 1
1 46 43: 1902, 0, 1
1 46 44: 196, 4, 2
1 46 45: 388, 10, 2
1 46 46: 196, 4, 2
1 46 46: 1902, 0, 1
1 46 47: 208, 10, 2
1 46 47: 1902, 0, 0
1 46 48: 388, 10, 0
1 46 48: 1902, 0, 0
1 46 49: 196, 5, 0
1 46 49: 1902, 0, 0
1 46 57: 687, 22, 3
1 46 58: 1530, 0, 3
1 46 59: 1902, 0, 3
1 47 6: 1790, 18, 1
1 47 7: 1924, 12, 1
1 47 8: 1924, 17, 3
1 47 9: 1924, 17, 3
1 47 10: 1924, 12, 3
1 47 11: 1790, 18, 3
1 47 37: 1902, 1, 1
1 47 38: 1902, 9, 1
1 47 39: 687, 22, 1
1 47 39: 1902, 1, 0
1 47 40: 705, 5, 0
1 47 40: 1902, 0, 0
1 47 41: 196, 5, 0
1 47 41: 1902, 0, 0
1 47 42: 1902, 3, 3
1 47 43: 388, 10, 1
1 47 43: 1902, 0, 1
1 47 44: 706, 5, 0
1 47 44: 1902, 0, 0
1 47 45: 705, 5, 0
1 47 45: 1902, 0, 0
1 47 46: 706, 5, 0
1 47 46: 1902, 2, 0
1 47 48: 917, 22, 3
1 47 49: 917, 22, 0
1 47 57: 196, 4, 1
1 47 58: 1902, 0, 3
1 47 58: 1938, 4, 1
1 47 59: 1902, 0, 3
1 47 59: 1938, 5, 3
1 48 6: 1790, 18, 1
1 48 7: 1924, 12, 1
1 48 8: 1924, 17, 3
1 48 9: 1924, 17, 3
1 48 10: 1924, 12, 3
1 48 11: 1790, 20, 2
1 48 12: 1790, 18, 2
1 48 13: 1790, 18, 2
1 48 14: 1790, 19, 2
1 48 37: 1902, 0, 1
1 48 37: 1938, 5, 1
1 48 38: 1938, 4, 3
1 48 42: 706, 5, 2
1 48 42: 1902, 0, 2
1 48 43: 208, 11, 0
1 48 43: 706, 5, 1
1 48 43: 1902, 2, 1
1 48 46: 1533, 0, 1
1 48 48: 918, 22, 2
1 48 49: 918, 22, 0
1 48 51: 688, 22, 1
1 48 54: 687, 22, 1
1 48 56: 1746, 10, 0
1 48 58: 1902, 0, 3
1 48 59: 1902, 0, 3
1 49 6: 1790, 18, 1
1 49 7: 1924, 12, 1
1 49 8: 1924, 17, 3
1 49 9: 1924, 17, 3
1 49 10: 1924, 15, 2
1 49 11: 1924, 12, 2
1 49 12: 1924, 12, 2
1 49 13: 1924, 16, 2
1 49 14: 1790, 18, 3
1 49 37: 1902, 0, 1
1 49 37: 1938, 5, 1
1 49 38: 686, 22, 1
1 49 38: 1938, 4, 3
1 49 40: 1746, 10, 0
1 49 41: 706, 4, 1
1 49 42: 1902, 0, 3
1 49 45: 1752, 10, 0
1 49 46: 706, 5, 1
1 49 46: 1902, 0, 1
1 49 48: 918, 22, 2
1 49 49: 918, 22, 0
1 49 58: 1902, 0, 3
1 49 59: 1902, 0, 3
1 50 6: 1790, 18, 1
1 50 7: 1924, 12, 1
1 50 8: 1924, 17, 3
1 50 9: 1924, 17, 3
1 50 10: 1924, 17, 3
1 50 11: 1924, 17, 3
1 50 12: 1924, 17, 3
1 50 13: 1924, 12, 3
1 50 14: 1790, 18, 3
1 50 37: 1902, 1, 0
1 50 38: 1902, 9, 0
1 50 42: 196, 5, 3
1 50 42: 1902, 0, 3
1 50 46: 705, 5, 1
1 50 46: 1902, 0, 1
1 50 47: 706, 4, 3
1 50 48: 387, 10, 2
1 50 48: 917, 22, 2
1 50 49: 917, 22, 1
1 50 51: 196, 4, 2
1 50 54: 387, 10, 2
1 50 57: 208, 10, 0
1 50 57: 706, 4, 1
1 50 58: 1752, 10, 0
1 50 58: 1902, 0, 3
1 50 59: 1902, 0, 3
1 51 6: 1790, 18, 1
1 51 7: 1924, 12, 1
1 51 8: 1924, 17, 3
1 51 9: 1924, 17, 3
1 51 10: 1924, 17, 3
1 51 11: 1924, 17, 3
1 51 12: 1924, 17, 3
1 51 13: 1924, 12, 3
1 51 14: 1790, 18, 3
1 51 38: 1902, 1, 0
1 51 39: 1902, 0, 1
1 51 39: 1902, 9, 0
1 51 40: 365, 11, 1
1 51 40: 1902, 0, 0
1 51 41: 388, 10, 0
1 51 41: 1902, 0, 0
1 51 42: 1902, 0, 0
1 51 43: 388, 10, 0
1 51 43: 1902, 0, 0
1 51 44: 196, 5, 0
1 51 44: 1902, 2, 3
1 51 45: 1902, 0, 0
1 51 46: 196, 5, 0
1 51 46: 1902, 0, 0
1 51 47: 2597, 0, 0
1 51 48: 1902, 2, 0
1 51 49: 706, 5, 0
1 51 49: 1902, 0, 0
1 51 50: 2597, 0, 0
1 51 51: 196, 5, 0
1 51 51: 208, 11, 3
1 51 51: 1902, 2, 0
1 51 52: 196, 5, 0
1 51 52: 1902, 0, 0
1 51 53: 2597, 0, 0
1 51 54: 196, 5, 0
1 51 54: 1902, 0, 0
1 51 55: 1902, 2, 3
1 51 56: 2597, 0, 0
1 51 57: 1902, 0, 0
1 51 58: 1902, 2, 3
1 51 59: 1902, 3, 3
1 52 6: 1790, 18, 1
1 52 7: 1924, 12, 1
1 52 8: 1924, 17, 3
1 52 9: 1924, 17, 3
1 52 10: 1924, 17, 3
1 52 11: 1924, 17, 3
1 52 12: 1924, 17, 3
1 52 13: 1924, 12, 3
1 52 14: 1790, 18, 3
1 52 39: 1902, 0, 1
1 52 40: 206, 4, 3
1 52 40: 365, 11, 0
1 52 41: 917, 22, 3
1 52 42: 917, 22, 0
1 52 43: 687, 22, 1
1 52 44: 1747, 10, 0
1 52 44: 1902, 0, 3
1 52 47: 688, 22, 1
1 52 48: 1902, 0, 1
1 52 49: 917, 22, 3
1 52 50: 917, 22, 0
1 52 51: 1902, 0, 1
1 52 53: 917, 22, 3
1 52 54: 917, 22, 0
1 52 55: 1902, 0, 3
1 52 57: 687, 22, 1
1 52 58: 1902, 0, 3
1 53 6: 1790, 18, 1
1 53 7: 1924, 12, 1
1 53 8: 1924, 17, 3
1 53 9: 1924, 17, 3
1 53 10: 1924, 17, 3
1 53 11: 1924, 17, 3
1 53 12: 1924, 17, 3
1 53 13: 1924, 12, 3
1 53 14: 1790, 18, 3
1 53 39: 1902, 0, 1
1 53 39: 1938, 5, 1
1 53 40: 688, 22, 3
1 53 40: 1938, 4, 3
1 53 41: 918, 22, 2
1 53 42: 918, 22, 0
1 53 44: 388, 10, 3
1 53 44: 1902, 0, 3
1 53 45: 688, 22, 3
1 53 48: 388, 10, 1
1 53 48: 1902, 0, 1
1 53 49: 918, 22, 2
1 53 50: 918, 22, 0
1 53 51: 1902, 0, 1
1 53 53: 918, 22, 2
1 53 54: 918, 22, 0
1 53 55: 1902, 0, 0
1 53 56: 1902, 2, 0
1 53 58: 1902, 0, 3
1 54 6: 1790, 18, 1
1 54 7: 1924, 12, 1
1 54 8: 1924, 17, 3
1 54 9: 1924, 17, 3
1 54 10: 1924, 17, 3
1 54 11: 1924, 17, 3
1 54 12: 1924, 17, 3
1 54 13: 1924, 12, 3
1 54 14: 1790, 18, 3
1 54 39: 1902, 0, 1
1 54 39: 1938, 5, 1
1 54 40: 1938, 4, 3
1 54 41: 918, 22, 2
1 54 42: 918, 22, 0
1 54 43: 196, 4, 1
1 54 43: 1752, 10, 0
1 54 44: 1747, 10, 0
1 54 44: 1902, 2, 3
1 54 45: 1902, 0, 0
1 54 46: 1902, 0, 0
1 54 47: 687, 22, 1
1 54 47: 1902, 0, 0
1 54 48: 1902, 0, 0
1 54 49: 918, 22, 2
1 54 50: 918, 22, 0
1 54 51: 1902, 0, 1
1 54 53: 918, 22, 2
1 54 54: 918, 22, 0
1 54 54: 1747, 10, 0
1 54 56: 196, 5, 1
1 54 56: 1902, 0, 1
1 54 58: 1902, 0, 3
1 55 6: 1790, 18, 1
1 55 7: 1924, 12, 1
1 55 8: 1924, 17, 3
1 55 9: 1924, 17, 3
1 55 10: 1924, 17, 3
1 55 11: 1924, 17, 3
1 55 12: 1924, 17, 3
1 55 13: 1924, 12, 3
1 55 14: 1790, 18, 3
1 55 39: 1902, 0, 1
1 55 40: 206, 4, 3
1 55 41: 917, 22, 2
1 55 42: 917, 22, 1
1 55 44: 1902, 0, 3
1 55 45: 686, 22, 3
1 55 46: 1902, 0, 2
1 55 47: 1902, 0, 2
1 55 48: 1902, 0, 2
1 55 49: 917, 22, 2
1 55 49: 1902, 0, 2
1 55 50: 388, 10, 2
1 55 50: 917, 22, 1
1 55 50: 1902, 0, 2
1 55 51: 1902, 2, 1
1 55 53: 917, 22, 2
1 55 54: 917, 22, 1
1 55 56: 1530, 0, 1
1 55 58: 1902, 0, 3
1 56 6: 1790, 18, 1
1 56 7: 1924, 12, 1
1 56 8: 1924, 17, 3
1 56 9: 1924, 17, 3
1 56 10: 1924, 15, 3
1 56 11: 1924, 12, 0
1 56 12: 1924, 12, 0
1 56 13: 1924, 16, 3
1 56 14: 1790, 18, 3
1 56 37: 1902, 1, 1
1 56 38: 1902, 0, 2
1 56 39: 1902, 2, 1
1 56 39: 1938, 5, 1
1 56 40: 1902, 0, 2
1 56 40: 1938, 4, 3
1 56 41: 1902, 0, 2
1 56 44: 1902, 0, 3
1 56 46: 706, 4, 0
1 56 46: 1902, 0, 3
1 56 48: 388, 10, 0
1 56 49: 686, 22, 3
1 56 50: 388, 10, 0
1 56 51: 1902, 0, 1
1 56 52: 208, 10, 1
1 56 55: 688, 22, 3
1 56 56: 196, 5, 1
1 56 56: 1902, 0, 1
1 56 57: 1938, 4, 1
1 56 58: 1902, 0, 3
1 56 58: 1938, 5, 3
1 57 6: 1790, 18, 1
1 57 7: 1924, 12, 1
1 57 8: 1924, 17, 3
1 57 9: 1924, 17, 3
1 57 10: 1924, 12, 3
1 57 11: 1790, 20, 3
1 57 12: 1790, 18, 0
1 57 13: 1790, 18, 0
1 57 14: 1790, 19, 3
1 57 36: 1902, 1, 1
1 57 37: 1902, 9, 1
1 57 38: 955, 4, 0
1 57 39: 686, 22, 3
1 57 40: 1746, 10, 0
1 57 41: 196, 5, 1
1 57 41: 1902, 0, 1
1 57 44: 706, 5, 1
1 57 44: 1902, 2, 0
1 57 45: 206, 4, 3
1 57 45: 208, 11, 0
1 57 45: 1902, 0, 0
1 57 46: 1902, 3, 3
1 57 47: 1752, 10, 0
1 57 51: 1902, 3, 0
1 57 52: 196, 5, 0
1 57 52: 1902, 0, 0
1 57 53: 1902, 0, 0
1 57 54: 1902, 0, 0
1 57 55: 1902, 2, 0
1 57 56: 1902, 0, 0
1 57 58: 1902, 0, 3
1 58 6: 1790, 18, 1
1 58 7: 1924, 12, 1
1 58 8: 1924, 17, 3
1 58 9: 1924, 17, 3
1 58 10: 1924, 12, 3
1 58 11: 1790, 18, 3
1 58 36: 1902, 0, 1
1 58 36: 1938, 5, 1
1 58 37: 1938, 4, 3
1 58 41: 706, 5, 1
1 58 41: 1902, 0, 1
1 58 43: 687, 22, 3
1 58 44: 1530, 0, 1
1 58 46: 917, 22, 3
1 58 47: 918, 22, 3
1 58 48: 918, 22, 3
1 58 49: 918, 22, 3
1 58 50: 918, 22, 3
1 58 50: 1747, 10, 0
1 58 51: 917, 22, 0
1 58 52: 687, 22, 3
1 58 54: 1902, 3, 1
1 58 55: 706, 5, 1
1 58 55: 1752, 10, 0
1 58 55: 1902, 2, 1
1 58 56: 688, 22, 1
1 58 57: 196, 4, 1
1 58 58: 1902, 0, 3
1 59 6: 1790, 19, 0
1 59 7: 1924, 13, 0
1 59 8: 1924, 12, 0
1 59 9: 1924, 12, 0
1 59 10: 1924, 13, 3
1 59 11: 1790, 19, 3
1 59 36: 1902, 0, 1
1 59 36: 1938, 5, 1
1 59 37: 1938, 4, 3
1 59 40: 688, 22, 1
1 59 41: 196, 5, 1
1 59 41: 1902, 0, 1
1 59 44: 1902, 0, 1
1 59 45: 206, 4, 3
1 59 46: 917, 22, 2
1 59 47: 918, 22, 1
1 59 48: 918, 22, 1
1 59 49: 918, 22, 1
1 59 50: 616, 10, 1
1 59 50: 918, 22, 1
1 59 51: 917, 22, 1
1 59 53: 616, 10, 0
1 59 54: 1111, 10, 0
1 59 54: 1902, 0, 1
1 59 55: 208, 11, 2
1 59 57: 1938, 4, 1
1 59 58: 1902, 0, 3
1 59 58: 1938, 5, 3
1 60 7: 1790, 19, 0
1 60 8: 1790, 18, 0
1 60 9: 1790, 18, 0
1 60 10: 1790, 19, 3
1 60 36: 1902, 1, 0
1 60 37: 1902, 9, 0
1 60 38: 687, 22, 1
1 60 38: 955, 4, 2
1 60 39: 705, 4, 2
1 60 40: 1752, 10, 0
1 60 41: 1902, 0, 1
1 60 41: 1938, 4, 2
1 60 43: 206, 4, 2
1 60 44: 208, 11, 0
1 60 44: 1902, 0, 1
1 60 44: 1938, 4, 2
1 60 45: 208, 11, 1
1 60 47: 688, 22, 1
1 60 48: 1938, 4, 2
1 60 49: 206, 4, 2
1 60 51: 706, 4, 2
1 60 52: 1111, 11, 1
1 60 53: 1938, 4, 2
1 60 54: 1111, 11, 0
1 60 54: 1902, 0, 1
1 60 56: 1938, 4, 2
1 60 57: 206, 4, 2
1 60 57: 1747, 10, 0
1 60 58: 1902, 0, 3
1 61 37: 1902, 1, 0
1 61 38: 1902, 0, 0
1 61 39: 1902, 0, 0
1 61 40: 1902, 0, 0
1 61 41: 1902, 0, 0
1 61 41: 1938, 5, 0
1 61 42: 1902, 0, 0
1 61 43: 1902, 0, 0
1 61 44: 1902, 0, 0
1 61 44: 1938, 5, 0
1 61 45: 1902, 0, 0
1 61 46: 1902, 0, 0
1 61 47: 1902, 0, 0
1 61 48: 1902, 0, 0
1 61 48: 1938, 5, 0
1 61 49: 1902, 0, 0
1 61 50: 1902, 0, 0
1 61 51: 1902, 0, 0
1 61 52: 1902, 0, 0
1 61 53: 1902, 0, 0
1 61 53: 1938, 5, 0
1 61 54: 1902, 0, 0
1 61 55: 1902, 0, 0
1 61 56: 1902, 0, 0
1 61 56: 1938, 5, 0
1 61 57: 1902, 0, 0
1 61 58: 1902, 3, 3
2 40 52: 1902, 1, 1
2 40 53: 1902, 0, 2
2 40 54: 1902, 0, 2
2 40 55: 1902, 1, 2
2 41 51: 1902, 1, 1
2 41 52: 1902, 9, 1
2 41 52: 1938, 8, 1
2 41 53: 388, 10, 0
2 41 54: 388, 10, 0
2 41 55: 1902, 9, 2
2 41 55: 1938, 8, 2
2 41 56: 1902, 1, 2
2 42 39: 1902, 3, 1
2 42 40: 1902, 0, 2
2 42 41: 1902, 0, 2
2 42 41: 1938, 5, 2
2 42 42: 1902, 0, 2
2 42 43: 1902, 0, 2
2 42 44: 1902, 0, 2
2 42 44: 1938, 5, 2
2 42 45: 1902, 0, 2
2 42 46: 1902, 0, 2
2 42 47: 1902, 0, 2
2 42 48: 1902, 0, 2
2 42 48: 1938, 5, 2
2 42 49: 1902, 0, 2
2 42 50: 1902, 0, 2
2 42 51: 1902, 9, 1
2 42 53: 1111, 11, 2
2 42 54: 1111, 10, 3
2 42 56: 1902, 9, 2
2 42 57: 1902, 0, 2
2 42 58: 1902, 3, 2
2 43 39: 1902, 0, 1
2 43 40: 616, 10, 3
2 43 41: 1111, 10, 0
2 43 41: 1938, 4, 0
2 43 42: 196, 4, 0
2 43 43: 687, 22, 1
2 43 43: 705, 4, 0
2 43 44: 1938, 4, 0
2 43 46: 955, 4, 0
2 43 47: 196, 4, 0
2 43 47: 362, 11, 0
2 43 48: 1938, 4, 0
2 43 49: 365, 11, 2
2 43 49: 1902, 0, 1
2 43 50: 706, 4, 0
2 43 54: 616, 10, 3
2 43 55: 1111, 10, 0
2 43 57: 208, 10, 0
2 43 58: 1902, 0, 3
2 44 39: 1902, 0, 1
2 44 39: 1938, 5, 1
2 44 40: 1111, 10, 1
2 44 40: 1938, 4, 3
2 44 49: 2598, 0, 1
2 44 57: 365, 11, 2
2 44 57: 1938, 4, 1
2 44 58: 1902, 2, 2
2 44 58: 1938, 5, 3
2 44 59: 1902, 3, 2
2 45 39: 1902, 0, 1
2 45 41: 1902, 3, 1
2 45 42: 388, 10, 2
2 45 42: 1902, 0, 2
2 45 43: 706, 5, 2
2 45 43: 1902, 0, 2
2 45 44: 388, 10, 2
2 45 44: 1902, 0, 2
2 45 45: 388, 10, 2
2 45 45: 1902, 0, 2
2 45 46: 196, 5, 2
2 45 46: 1902, 0, 2
2 45 47: 388, 10, 2
2 45 47: 1902, 0, 2
2 45 48: 686, 22, 1
2 45 48: 1902, 0, 2
2 45 49: 1902, 2, 1
2 45 50: 206, 4, 3
2 45 56: 686, 22, 3
2 45 58: 1902, 0, 3
2 45 59: 1902, 0, 3
2 46 38: 1902, 1, 1
2 46 39: 1902, 2, 1
2 46 40: 196, 4, 3
2 46 40: 917, 22, 3
2 46 41: 917, 22, 0
2 46 41: 1902, 0, 1
2 46 42: 208, 11, 0
2 46 42: 917, 22, 3
2 46 43: 918, 22, 3
2 46 44: 918, 22, 3
2 46 45: 918, 22, 3
2 46 46: 918, 22, 3
2 46 47: 918, 22, 3
2 46 48: 917, 22, 0
2 46 49: 208, 11, 3
2 46 49: 1902, 0, 1
2 46 50: 388, 10, 3
2 46 52: 686, 22, 1
2 46 58: 1530, 0, 3
2 46 59: 1902, 0, 3
2 47 37: 1902, 1, 1
2 47 38: 1902, 9, 1
2 47 38: 1938, 8, 1
2 47 39: 208, 10, 2
2 47 40: 918, 22, 2
2 47 41: 918, 22, 0
2 47 41: 1902, 0, 1
2 47 42: 917, 22, 2
2 47 43: 206, 4, 2
2 47 43: 918, 22, 1
2 47 44: 918, 22, 1
2 47 45: 918, 22, 1
2 47 46: 206, 4, 2
2 47 46: 918, 22, 1
2 47 47: 918, 22, 1
2 47 48: 917, 22, 1
2 47 49: 196, 5, 1
2 47 49: 1902, 0, 1
2 47 55: 917, 22, 3
2 47 56: 917, 22, 0
2 47 57: 196, 4, 1
2 47 58: 1902, 0, 3
2 47 58: 1938, 4, 1
2 47 59: 1902, 0, 3
2 47 59: 1938, 5, 3
2 48 37: 1902, 0, 1
2 48 38: 1111, 11, 2
2 48 39: 1111, 10, 3
2 48 40: 918, 22, 2
2 48 41: 918, 22, 0
2 48 41: 955, 5, 1
2 48 41: 1902, 0, 1
2 48 43: 196, 5, 0
2 48 43: 1902, 2, 3
2 48 44: 1902, 0, 0
2 48 45: 1902, 0, 0
2 48 46: 196, 5, 0
2 48 46: 1902, 2, 0
2 48 49: 2598, 0, 1
2 48 55: 918, 22, 2
2 48 55: 1111, 10, 2
2 48 56: 616, 10, 1
2 48 56: 918, 22, 0
2 48 57: 955, 4, 1
2 48 58: 1902, 0, 3
2 48 59: 1902, 0, 3
2 49 37: 1902, 0, 1
2 49 38: 1111, 11, 1
2 49 39: 616, 10, 1
2 49 40: 918, 22, 2
2 49 41: 196, 5, 1
2 49 41: 918, 22, 0
2 49 41: 1902, 0, 1
2 49 43: 388, 10, 3
2 49 43: 1902, 0, 3
2 49 45: 1746, 10, 0
2 49 46: 1902, 0, 1
2 49 47: 208, 11, 1
2 49 49: 208, 11, 0
2 49 49: 1902, 0, 1
2 49 55: 918, 22, 2
2 49 55: 1111, 11, 1
2 49 56: 918, 22, 0
2 49 56: 1111, 10, 1
2 49 57: 206, 4, 1
2 49 58: 1902, 0, 3
2 49 59: 1902, 0, 3
2 50 37: 1902, 1, 0
2 50 38: 1902, 9, 0
2 50 38: 1938, 8, 0
2 50 39: 208, 10, 2
2 50 40: 918, 22, 2
2 50 41: 918, 22, 0
2 50 41: 1902, 0, 1
2 50 43: 706, 5, 2
2 50 43: 1902, 2, 2
2 50 46: 196, 5, 1
2 50 46: 1902, 0, 1
2 50 47: 616, 10, 0
2 50 47: 1902, 0, 0
2 50 48: 1902, 0, 0
2 50 49: 706, 5, 0
2 50 49: 1902, 2, 0
2 50 50: 206, 4, 3
2 50 52: 687, 22, 3
2 50 55: 918, 22, 2
2 50 56: 918, 22, 0
2 50 57: 705, 4, 1
2 50 58: 1746, 10, 0
2 50 58: 1902, 0, 3
2 50 59: 1902, 0, 3
2 51 38: 1902, 1, 0
2 51 39: 1902, 9, 0
2 51 40: 918, 22, 2
2 51 41: 918, 22, 0
2 51 41: 1902, 0, 1
2 51 43: 196, 5, 1
2 51 43: 1902, 0, 1
2 51 44: 196, 4, 3
2 51 46: 686, 22, 3
2 51 46: 1902, 0, 1
2 51 48: 688, 22, 3
2 51 49: 2598, 0, 1
2 51 53: 1111, 10, 2
2 51 54: 616, 10, 1
2 51 55: 918, 22, 2
2 51 56: 918, 22, 0
2 51 57: 706, 4, 1
2 51 58: 1902, 2, 3
2 51 59: 1902, 3, 3
2 52 39: 1902, 0, 1
2 52 39: 1938, 5, 1
2 52 40: 918, 22, 2
2 52 40: 1938, 4, 3
2 52 41: 918, 22, 0
2 52 41: 955, 5, 1
2 52 41: 1902, 0, 1
2 52 43: 1902, 0, 1
2 52 44: 1746, 10, 0
2 52 46: 196, 5, 1
2 52 46: 1902, 0, 1
2 52 48: 1902, 3, 1
2 52 49: 1902, 2, 1
2 52 50: 208, 10, 2
2 52 50: 1902, 0, 2
2 52 51: 388, 10, 2
2 52 51: 1902, 0, 2
2 52 52: 196, 5, 2
2 52 52: 1902, 0, 2
2 52 53: 1111, 11, 1
2 52 54: 1111, 10, 1
2 52 55: 918, 22, 2
2 52 56: 918, 22, 0
2 52 57: 955, 4, 1
2 52 58: 1902, 0, 3
2 53 39: 1902, 0, 1
2 53 40: 918, 22, 2
2 53 41: 196, 5, 1
2 53 41: 918, 22, 0
2 53 41: 1902, 0, 1
2 53 43: 196, 5, 1
2 53 43: 1902, 0, 1
2 53 44: 388, 10, 3
2 53 46: 687, 22, 3
2 53 46: 1902, 0, 1
2 53 48: 1902, 0, 1
2 53 51: 686, 22, 3
2 53 52: 1902, 0, 1
2 53 55: 918, 22, 2
2 53 56: 918, 22, 0
2 53 57: 206, 4, 1
2 53 58: 1902, 0, 3
2 54 39: 1902, 0, 1
2 54 40: 918, 22, 2
2 54 40: 955, 4, 3
2 54 41: 918, 22, 0
2 54 41: 1902, 0, 1
2 54 43: 1746, 10, 0
2 54 43: 1902, 0, 1
2 54 44: 1746, 10, 0
2 54 46: 196, 5, 1
2 54 46: 1902, 0, 1
2 54 48: 1902, 0, 1
2 54 52: 1530, 0, 1
2 54 54: 1746, 10, 0
2 54 55: 917, 22, 2
2 54 56: 917, 22, 1
2 54 58: 1902, 0, 3
2 55 39: 1902, 0, 1
2 55 40: 196, 4, 3
2 55 40: 917, 22, 2
2 55 41: 196, 5, 1
2 55 41: 917, 22, 1
2 55 41: 1902, 0, 1
2 55 42: 1902, 0, 2
2 55 43: 1902, 2, 1
2 55 44: 196, 4, 3
2 55 44: 686, 22, 1
2 55 45: 1902, 3, 1
2 55 46: 1902, 2, 1
2 55 47: 687, 22, 3
2 55 48: 1902, 0, 1
2 55 49: 388, 10, 3
2 55 52: 388, 10, 1
2 55 52: 1902, 0, 1
2 55 53: 206, 4, 2
2 55 57: 208, 10, 0
2 55 58: 1902, 0, 3
2 56 37: 1902, 1, 1
2 56 38: 1902, 0, 2
2 56 39: 1902, 2, 1
2 56 40: 1938, 4, 3
2 56 43: 196, 5, 1
2 56 43: 1902, 0, 1
2 56 45: 388, 10, 1
2 56 45: 1902, 0, 1
2 56 46: 208, 10, 3
2 56 48: 1902, 0, 1
2 56 50: 687, 22, 1
2 56 52: 1902, 0, 1
2 56 53: 388, 10, 0
2 56 53: 1902, 0, 0
2 56 54: 1902, 0, 0
2 56 55: 1902, 0, 0
2 56 56: 2598, 0, 0
2 56 57: 1902, 0, 0
2 56 57: 1938, 4, 1
2 56 58: 1902, 0, 3
2 56 58: 1938, 5, 3
2 57 36: 1902, 1, 1
2 57 37: 1902, 9, 1
2 57 37: 1938, 8, 1
2 57 38: 1111, 10, 3
2 57 39: 955, 4, 0
2 57 41: 687, 22, 1
2 57 43: 1902, 0, 1
2 57 44: 705, 4, 3
2 57 45: 1902, 0, 1
2 57 47: 1746, 10, 0
2 57 48: 1902, 0, 1
2 57 52: 388, 10, 1
2 57 52: 1902, 0, 1
2 57 54: 686, 22, 1
2 57 56: 388, 10, 2
2 57 57: 705, 4, 1
2 57 58: 1902, 0, 3
2 58 36: 1902, 0, 1
2 58 37: 1111, 10, 2
2 58 38: 616, 10, 3
2 58 43: 196, 5, 1
2 58 43: 1902, 0, 1
2 58 45: 388, 10, 1
2 58 45: 1902, 0, 1
2 58 48: 1902, 0, 1
2 58 49: 687, 22, 1
2 58 50: 1746, 10, 0
2 58 52: 208, 10, 0
2 58 52: 1902, 0, 1
2 58 55: 1746, 10, 0
2 58 55: 1902, 0, 1
2 58 56: 1902, 0, 0
2 58 57: 1902, 0, 0
2 58 58: 1902, 0, 3
2 59 36: 1902, 0, 1
2 59 37: 1111, 11, 1
2 59 42: 688, 22, 1
2 59 43: 362, 11, 1
2 59 43: 1902, 0, 1
2 59 45: 1902, 3, 0
2 59 46: 1902, 0, 0
2 59 47: 1902, 0, 0
2 59 48: 706, 5, 0
2 59 48: 1902, 0, 0
2 59 49: 1902, 0, 0
2 59 50: 1902, 0, 0
2 59 51: 917, 22, 3
2 59 51: 1902, 0, 0
2 59 52: 196, 5, 0
2 59 52: 918, 22, 3
2 59 52: 1902, 0, 0
2 59 53: 918, 22, 3
2 59 53: 1902, 0, 0
2 59 54: 918, 22, 3
2 59 54: 1902, 0, 0
2 59 55: 917, 22, 0
2 59 55: 1902, 0, 0
2 59 56: 687, 22, 1
2 59 57: 1938, 4, 1
2 59 58: 1902, 0, 3
2 59 58: 1938, 5, 3
2 60 36: 1902, 1, 0
2 60 37: 1902, 9, 0
2 60 37: 1938, 8, 0
2 60 39: 955, 4, 2
2 60 40: 1746, 10, 0
2 60 41: 1938, 4, 2
2 60 43: 362, 10, 1
2 60 43: 1902, 0, 1
2 60 44: 1902, 0, 2
2 60 45: 196, 4, 2
2 60 45: 1902, 0, 2
2 60 46: 1716, 10, 3
2 60 48: 1716, 10, 3
2 60 50: 1716, 10, 3
2 60 51: 917, 22, 2
2 60 51: 1902, 0, 2
2 60 52: 918, 22, 1
2 60 52: 1902, 0, 2
2 60 53: 918, 22, 1
2 60 53: 1938, 4, 2
2 60 54: 918, 22, 1
2 60 54: 955, 4, 2
2 60 55: 196, 4, 2
2 60 55: 917, 22, 1
2 60 56: 1938, 4, 2
2 60 57: 1746, 10, 0
2 60 58: 1902, 0, 3
2 61 37: 1902, 1, 0
2 61 38: 1902, 0, 0
2 61 39: 1902, 0, 0
2 61 40: 1902, 0, 0
2 61 41: 1902, 0, 0
2 61 41: 1938, 5, 0
2 61 42: 1902, 0, 0
2 61 43: 1902, 0, 0
2 61 44: 208, 11, 2
2 61 44: 994, 0, 3
2 61 52: 208, 11, 3
2 61 52: 994, 0, 1
2 61 53: 1902, 0, 0
2 61 53: 1938, 5, 0
2 61 54: 1902, 0, 0
2 61 55: 1902, 0, 0
2 61 56: 1902, 0, 0
2 61 56: 1938, 5, 0
2 61 57: 1902, 0, 0
2 61 58: 1902, 3, 3
2 62 44: 994, 2, 2
2 62 45: 994, 0, 2
2 62 46: 994, 0, 2
2 62 47: 994, 0, 2
2 62 48: 994, 0, 2
2 62 49: 994, 0, 2
2 62 50: 994, 0, 2
2 62 51: 994, 0, 2
2 62 52: 994, 2, 1
3 40 52: 1793, 19, 1
3 40 53: 1793, 18, 2
3 40 54: 1793, 18, 2
3 40 55: 1793, 19, 2
3 41 51: 1793, 19, 1
3 41 52: 1933, 13, 1
3 41 53: 1933, 12, 2
3 41 54: 1933, 12, 2
3 41 55: 1933, 13, 2
3 41 56: 1793, 19, 2
3 42 40: 1793, 18, 2
3 42 41: 1793, 18, 2
3 42 42: 1793, 18, 2
3 42 43: 1793, 18, 2
3 42 44: 1793, 18, 2
3 42 45: 1793, 18, 2
3 42 46: 1793, 18, 2
3 42 47: 1793, 18, 2
3 42 48: 1793, 18, 2
3 42 49: 1793, 18, 2
3 42 50: 1793, 18, 2
3 42 51: 1933, 13, 1
3 42 52: 1933, 14, 1
3 42 53: 1933, 17, 3
3 42 54: 1933, 17, 2
3 42 55: 1933, 14, 2
3 42 56: 1933, 13, 2
3 42 57: 1793, 18, 2
3 42 58: 1793, 21, 2
3 43 39: 1793, 18, 1
3 43 40: 1933, 16, 1
3 43 41: 1933, 12, 2
3 43 42: 1933, 12, 2
3 43 43: 1933, 12, 2
3 43 44: 1933, 12, 2
3 43 45: 1933, 12, 2
3 43 46: 1933, 12, 2
3 43 47: 1933, 12, 2
3 43 48: 1933, 12, 2
3 43 49: 1933, 12, 2
3 43 50: 1933, 12, 2
3 43 51: 1933, 14, 1
3 43 52: 1933, 17, 3
3 43 53: 1933, 17, 3
3 43 54: 1933, 17, 3
3 43 55: 1933, 17, 3
3 43 56: 1933, 14, 2
3 43 57: 1933, 16, 2
3 43 58: 1793, 18, 3
3 44 39: 1793, 18, 1
3 44 40: 1933, 12, 1
3 44 41: 1933, 17, 3
3 44 42: 1933, 17, 3
3 44 43: 1933, 17, 3
3 44 44: 1933, 17, 3
3 44 45: 1933, 17, 3
3 44 46: 1933, 17, 3
3 44 47: 1933, 17, 3
3 44 48: 1933, 17, 3
3 44 49: 1933, 17, 3
3 44 50: 1933, 17, 3
3 44 51: 1933, 17, 3
3 44 52: 1933, 17, 3
3 44 53: 1933, 17, 3
3 44 54: 1933, 17, 3
3 44 55: 1933, 17, 3
3 44 56: 1933, 17, 3
3 44 57: 1933, 12, 3
3 44 58: 1793, 20, 2
3 44 59: 1793, 21, 2
3 45 39: 1793, 18, 1
3 45 40: 1933, 12, 1
3 45 41: 1933, 17, 3
3 45 42: 1933, 17, 3
3 45 43: 1933, 17, 3
3 45 44: 1933, 17, 3
3 45 45: 1933, 17, 3
3 45 46: 1933, 17, 3
3 45 47: 1933, 17, 3
3 45 48: 1933, 17, 3
3 45 49: 1933, 17, 3
3 45 50: 1933, 17, 3
3 45 51: 1933, 17, 3
3 45 52: 1933, 17, 3
3 45 53: 1933, 17, 3
3 45 54: 1933, 17, 3
3 45 55: 1933, 17, 3
3 45 56: 1933, 17, 3
3 45 57: 1933, 14, 2
3 45 58: 1933, 16, 2
3 45 59: 1793, 18, 3
3 46 38: 1793, 19, 1
3 46 39: 1793, 20, 1
3 46 40: 1933, 12, 1
3 46 41: 1933, 17, 3
3 46 42: 1933, 17, 3
3 46 43: 1933, 17, 3
3 46 44: 1933, 17, 3
3 46 45: 1933, 17, 3
3 46 46: 1933, 17, 3
3 46 47: 1933, 17, 3
3 46 48: 1933, 17, 3
3 46 49: 1933, 17, 3
3 46 50: 1933, 17, 3
3 46 51: 1933, 17, 3
3 46 52: 1933, 17, 3
3 46 53: 1933, 17, 3
3 46 54: 1933, 17, 3
3 46 55: 1933, 17, 3
3 46 56: 1933, 17, 3
3 46 57: 1933, 17, 3
3 46 58: 1933, 12, 3
3 46 59: 1793, 18, 3
3 47 37: 1793, 19, 1
3 47 38: 1933, 13, 1
3 47 39: 1933, 12, 2
3 47 40: 1933, 14, 1
3 47 41: 1933, 17, 3
3 47 42: 1933, 17, 3
3 47 43: 1933, 17, 3
3 47 44: 1933, 17, 3
3 47 45: 1933, 17, 3
3 47 46: 1933, 17, 3
3 47 47: 1933, 17, 3
3 47 48: 1933, 17, 3
3 47 49: 1933, 17, 3
3 47 50: 1933, 17, 3
3 47 51: 1933, 17, 3
3 47 52: 1933, 17, 3
3 47 53: 1933, 17, 3
3 47 54: 1933, 17, 3
3 47 55: 1933, 17, 3
3 47 56: 1933, 17, 3
3 47 57: 1933, 17, 3
3 47 58: 1933, 12, 3
3 47 59: 1793, 18, 3
3 48 37: 1793, 18, 1
3 48 38: 1933, 12, 1
3 48 39: 1933, 17, 3
3 48 40: 1933, 17, 3
3 48 41: 1933, 17, 3
3 48 42: 1933, 17, 3
3 48 43: 1933, 17, 3
3 48 44: 1933, 17, 3
3 48 45: 1933, 17, 3
3 48 46: 1933, 17, 3
3 48 47: 1933, 17, 3
3 48 48: 1933, 17, 3
3 48 49: 1933, 17, 3
3 48 50: 1933, 17, 3
3 48 51: 1933, 17, 3
3 48 52: 1933, 17, 3
3 48 53: 1933, 17, 3
3 48 54: 1933, 17, 3
3 48 55: 1933, 17, 3
3 48 56: 1933, 17, 3
3 48 57: 1933, 17, 3
3 48 58: 1933, 12, 3
3 48 59: 1793, 18, 3
3 49 37: 1793, 18, 1
3 49 38: 1933, 12, 1
3 49 39: 1933, 17, 3
3 49 40: 1933, 17, 3
3 49 41: 1933, 17, 3
3 49 42: 1933, 17, 3
3 49 43: 1933, 17, 3
3 49 44: 1933, 17, 3
3 49 45: 1933, 17, 3
3 49 46: 1933, 17, 3
3 49 47: 1933, 17, 3
3 49 48: 1933, 17, 3
3 49 49: 1933, 17, 3
3 49 50: 1933, 17, 3
3 49 51: 1933, 17, 3
3 49 52: 1933, 17, 3
3 49 53: 1933, 17, 3
3 49 54: 1933, 17, 3
3 49 55: 1933, 17, 3
3 49 56: 1933, 17, 3
3 49 57: 1933, 17, 3
3 49 58: 1933, 12, 3
3 49 59: 1793, 18, 3
3 50 37: 1793, 19, 0
3 50 38: 1933, 13, 0
3 50 39: 1933, 14, 0
3 50 40: 1933, 17, 3
3 50 41: 1933, 17, 3
3 50 42: 1933, 17, 3
3 50 43: 1933, 17, 3
3 50 44: 1933, 17, 3
3 50 45: 1933, 17, 3
3 50 46: 1933, 17, 3
3 50 47: 1933, 17, 3
3 50 48: 1933, 17, 3
3 50 49: 1933, 17, 3
3 50 50: 1933, 17, 3
3 50 51: 1933, 17, 3
3 50 52: 1933, 17, 3
3 50 53: 1933, 17, 3
3 50 54: 1933, 17, 3
3 50 55: 1933, 17, 3
3 50 56: 1933, 17, 3
3 50 57: 1933, 14, 3
3 50 58: 1933, 16, 3
3 50 59: 1793, 18, 3
3 51 38: 1793, 19, 0
3 51 39: 1933, 13, 0
3 51 40: 1933, 14, 0
3 51 41: 1933, 17, 3
3 51 42: 1933, 17, 3
3 51 43: 1933, 17, 3
3 51 44: 1933, 17, 3
3 51 45: 1933, 17, 3
3 51 46: 1933, 17, 3
3 51 47: 1933, 17, 3
3 51 48: 1933, 17, 3
3 51 49: 1933, 17, 3
3 51 50: 1933, 17, 3
3 51 51: 1933, 17, 3
3 51 52: 1933, 17, 3
3 51 53: 1933, 17, 3
3 51 54: 1933, 17, 3
3 51 55: 1933, 17, 3
3 51 56: 1933, 17, 3
3 51 57: 1933, 12, 3
3 51 58: 1793, 20, 3
3 51 59: 1793, 21, 3
3 52 39: 1793, 18, 1
3 52 40: 1933, 12, 1
3 52 41: 1933, 17, 3
3 52 42: 1933, 17, 3
3 52 43: 1933, 17, 3
3 52 44: 1933, 17, 3
3 52 45: 1933, 17, 3
3 52 46: 1933, 17, 3
3 52 47: 1933, 17, 3
3 52 48: 1933, 17, 3
3 52 49: 1933, 17, 3
3 52 50: 1933, 17, 3
3 52 51: 1933, 17, 3
3 52 52: 1933, 17, 3
3 52 53: 1933, 17, 3
3 52 54: 1933, 17, 3
3 52 55: 1933, 17, 3
3 52 56: 1933, 17, 3
3 52 57: 1933, 12, 3
3 52 58: 1793, 18, 3
3 53 39: 1793, 18, 1
3 53 40: 1933, 12, 1
3 53 41: 1933, 17, 3
3 53 42: 1933, 17, 3
3 53 43: 1933, 17, 3
3 53 44: 1933, 17, 3
3 53 45: 1933, 17, 3
3 53 46: 1933, 17, 3
3 53 47: 1933, 17, 3
3 53 48: 1933, 17, 3
3 53 49: 1933, 17, 3
3 53 50: 1933, 17, 3
3 53 51: 1933, 17, 3
3 53 52: 1933, 17, 3
3 53 53: 1933, 17, 3
3 53 54: 1933, 17, 3
3 53 55: 1933, 17, 3
3 53 56: 1933, 17, 3
3 53 57: 1933, 12, 3
3 53 58: 1793, 18, 3
3 54 39: 1793, 18, 1
3 54 40: 1933, 12, 1
3 54 41: 1933, 17, 3
3 54 42: 1933, 17, 3
3 54 43: 1933, 17, 3
3 54 44: 1933, 17, 3
3 54 45: 1933, 17, 3
3 54 46: 1933, 17, 3
3 54 47: 1933, 17, 3
3 54 48: 1933, 17, 3
3 54 49: 1933, 17, 3
3 54 50: 1933, 17, 3
3 54 51: 1933, 17, 3
3 54 52: 1933, 17, 3
3 54 53: 1933, 17, 3
3 54 54: 1933, 17, 3
3 54 55: 1933, 17, 3
3 54 56: 1933, 17, 3
3 54 57: 1933, 12, 3
3 54 58: 1793, 18, 3
3 55 39: 1793, 18, 1
3 55 40: 1933, 12, 1
3 55 41: 1933, 17, 3
3 55 42: 1933, 17, 2
3 55 43: 1933, 17, 2
3 55 44: 1933, 17, 2
3 55 45: 1933, 17, 2
3 55 46: 1933, 17, 2
3 55 47: 1933, 17, 2
3 55 48: 1933, 17, 2
3 55 49: 1933, 17, 2
3 55 50: 1933, 17, 2
3 55 51: 1933, 17, 2
3 55 52: 1933, 17, 2
3 55 53: 1933, 17, 2
3 55 54: 1933, 17, 2
3 55 55: 1933, 17, 2
3 55 56: 1933, 17, 3
3 55 57: 1933, 12, 3
3 55 58: 1793, 18, 3
3 56 37: 1793, 19, 1
3 56 38: 1793, 18, 2
3 56 39: 1793, 20, 1
3 56 40: 1933, 12, 1
3 56 41: 1933, 17, 3
3 56 42: 1933, 17, 3
3 56 43: 1933, 17, 3
3 56 44: 1933, 17, 2
3 56 45: 1933, 17, 2
3 56 46: 1933, 17, 2
3 56 47: 1933, 17, 2
3 56 48: 1933, 17, 2
3 56 49: 1933, 17, 2
3 56 50: 1933, 17, 2
3 56 51: 1933, 17, 2
3 56 52: 1933, 17, 2
3 56 53: 1933, 17, 2
3 56 54: 1933, 17, 2
3 56 55: 1933, 17, 3
3 56 56: 1933, 17, 3
3 56 57: 1933, 12, 3
3 56 58: 1793, 18, 3
3 57 36: 1793, 19, 1
3 57 37: 1933, 13, 1
3 57 38: 1933, 12, 2
3 57 39: 1933, 12, 2
3 57 40: 1933, 14, 1
3 57 41: 1933, 17, 3
3 57 42: 1933, 17, 3
3 57 43: 1933, 17, 3
3 57 44: 1933, 17, 3
3 57 45: 1933, 17, 3
3 57 46: 1933, 17, 3
3 57 47: 1933, 17, 3
3 57 48: 1933, 17, 3
3 57 49: 1933, 17, 3
3 57 50: 1933, 17, 3
3 57 51: 1933, 17, 3
3 57 52: 1933, 17, 3
3 57 53: 1933, 17, 3
3 57 54: 1933, 17, 3
3 57 55: 1933, 17, 3
3 57 56: 1933, 17, 3
3 57 57: 1933, 12, 3
3 57 58: 1793, 18, 3
3 58 36: 1793, 18, 1
3 58 37: 1933, 12, 1
3 58 38: 1933, 17, 3
3 58 39: 1933, 17, 3
3 58 40: 1933, 17, 3
3 58 41: 1933, 17, 3
3 58 42: 1933, 17, 3
3 58 43: 1933, 17, 3
3 58 44: 1933, 17, 3
3 58 45: 1933, 17, 3
3 58 46: 1933, 17, 3
3 58 47: 1933, 17, 3
3 58 48: 1933, 17, 3
3 58 49: 1933, 17, 3
3 58 50: 1933, 17, 3
3 58 51: 1933, 17, 3
3 58 52: 1933, 17, 3
3 58 53: 1933, 17, 3
3 58 54: 1933, 17, 3
3 58 55: 1933, 17, 3
3 58 56: 1933, 17, 3
3 58 57: 1933, 12, 3
3 58 58: 1793, 18, 3
3 59 36: 1793, 18, 1
3 59 37: 1933, 12, 1
3 59 38: 1933, 17, 3
3 59 39: 1933, 17, 3
3 59 40: 1933, 17, 3
3 59 41: 1933, 17, 3
3 59 42: 1933, 17, 3
3 59 43: 1933, 17, 3
3 59 44: 1933, 17, 3
3 59 45: 1933, 17, 3
3 59 46: 1933, 17, 3
3 59 47: 1933, 17, 3
3 59 48: 1933, 17, 3
3 59 49: 1933, 17, 3
3 59 50: 1933, 17, 3
3 59 51: 1933, 17, 3
3 59 52: 1933, 17, 3
3 59 53: 1933, 17, 3
3 59 54: 1933, 17, 3
3 59 55: 1933, 17, 3
3 59 56: 1933, 17, 3
3 59 57: 1933, 12, 3
3 59 58: 1793, 18, 3
3 60 36: 1793, 19, 0
3 60 37: 1933, 13, 0
3 60 38: 1933, 12, 0
3 60 39: 1933, 12, 0
3 60 40: 1933, 12, 0
3 60 41: 1933, 12, 0
3 60 42: 1933, 12, 0
3 60 43: 1933, 12, 0
3 60 44: 1933, 12, 0
3 60 45: 1933, 12, 0
3 60 46: 1933, 12, 0
3 60 47: 1933, 12, 0
3 60 48: 1933, 12, 0
3 60 49: 1933, 12, 0
3 60 50: 1933, 12, 0
3 60 51: 1933, 12, 0
3 60 52: 1933, 12, 0
3 60 53: 1933, 12, 0
3 60 54: 1933, 12, 0
3 60 55: 1933, 12, 0
3 60 56: 1933, 12, 0
3 60 57: 1933, 16, 3
3 60 58: 1793, 18, 3
3 61 37: 1793, 19, 0
3 61 38: 1793, 18, 0
3 61 39: 1793, 18, 0
3 61 40: 1793, 18, 0
3 61 41: 1793, 18, 0
3 61 42: 1793, 18, 0
3 61 43: 1793, 18, 0
3 61 44: 1793, 18, 0
3 61 45: 1793, 18, 0
3 61 46: 1793, 18, 0
3 61 47: 1793, 18, 0
3 61 48: 1793, 18, 0
3 61 49: 1793, 18, 0
3 61 50: 1793, 18, 0
3 61 51: 1793, 18, 0
3 61 52: 1793, 18, 0
3 61 53: 1793, 18, 0
3 61 54: 1793, 18, 0
3 61 55: 1793, 18, 0
3 61 56: 1793, 18, 0
3 61 57: 1793, 18, 0
3 61 58: 1793, 21, 3
