0 44 35: 560, 22, 1
0 46 45: 560, 22, 0
0 47 18: 560, 22, 1
0 48 18: 560, 22, 1
0 48 22: 560, 22, 2
0 48 23: 560, 22, 2
0 50 43: 560, 22, 0
0 52 1: 335, 22, 1
0 52 29: 560, 22, 2
0 52 36: 560, 22, 3
0 53 2: 337, 22, 2
0 53 3: 336, 22, 1
0 53 57: 560, 22, 3
0 54 0: 336, 22, 2
0 54 4: 336, 22, 1
0 54 26: 560, 22, 0
0 54 31: 560, 22, 3
0 54 37: 560, 22, 1
0 54 48: 560, 22, 1
0 55 2: 337, 22, 3
0 55 3: 337, 22, 0
0 55 4: 336, 22, 2
0 55 31: 560, 22, 3
0 55 37: 560, 22, 1
0 55 39: 560, 22, 0
0 56 1: 335, 22, 0
0 56 3: 336, 22, 2
0 56 4: 337, 22, 3
0 56 7: 335, 22, 3
0 56 33: 560, 22, 3
0 56 56: 560, 22, 0
0 56 60: 560, 22, 2
0 57 9: 336, 22, 1
0 57 10: 335, 22, 3
0 57 11: 336, 22, 3
0 57 14: 335, 22, 0
0 57 41: 560, 22, 3
0 58 10: 336, 22, 0
0 58 11: 335, 22, 3
0 58 12: 336, 22, 2
0 58 42: 560, 22, 2
0 58 46: 560, 22, 1
0 58 55: 560, 22, 2
0 59 6: 336, 22, 3
0 59 11: 336, 22, 1
0 59 16: 336, 22, 3
0 59 52: 560, 22, 3
0 59 56: 560, 22, 1
0 60 1: 337, 22, 1
0 60 3: 336, 22, 2
0 60 4: 336, 22, 2
0 60 5: 336, 22, 1
0 60 20: 336, 22, 1
0 61 3: 337, 22, 2
0 61 4: 337, 22, 2
0 61 10: 335, 22, 2
0 61 16: 335, 22, 3
0 61 21: 336, 22, 0
0 61 33: 560, 22, 2
0 62 3: 336, 22, 0
0 62 4: 336, 22, 0
0 62 8: 337, 22, 0
0 62 14: 336, 22, 2
0 62 24: 335, 22, 2
0 62 49: 560, 22, 0
0 63 17: 335, 22, 1
