0 2 11: 1434, 10, 2
0 2 12: 1434, 10, 2
0 2 13: 1434, 10, 2
0 2 14: 1434, 10, 2
0 2 15: 1434, 10, 2
0 2 33: 1434, 10, 2
0 2 34: 1434, 10, 2
0 2 35: 1434, 10, 2
0 2 37: 1434, 10, 2
0 2 38: 1434, 10, 2
0 2 39: 1434, 10, 2
0 2 41: 1434, 10, 2
0 2 42: 1434, 10, 2
0 2 43: 1434, 10, 2
0 3 10: 1434, 10, 2
0 3 11: 1434, 10, 2
0 3 12: 1434, 10, 2
0 3 13: 1434, 10, 2
0 3 14: 1434, 10, 2
0 3 15: 1434, 10, 2
0 3 16: 1434, 10, 2
0 3 17: 1434, 10, 2
0 3 18: 1434, 10, 2
0 3 22: 1434, 10, 2
0 3 23: 1434, 10, 2
0 3 24: 1434, 10, 2
0 3 25: 1434, 10, 2
0 3 26: 1434, 10, 2
0 3 27: 1434, 10, 2
0 3 28: 1434, 10, 2
0 3 31: 1434, 10, 2
0 3 32: 1434, 10, 2
0 3 33: 1434, 10, 2
0 3 34: 1434, 10, 2
0 3 35: 1434, 10, 2
0 3 36: 1434, 10, 2
0 3 37: 1434, 10, 2
0 3 38: 1434, 10, 2
0 3 39: 1434, 10, 2
0 3 40: 1434, 10, 2
0 3 41: 1434, 10, 2
0 3 42: 1434, 10, 2
0 3 43: 1434, 10, 2
0 3 44: 1434, 10, 2
0 3 45: 1434, 10, 2
0 4 6: 1436, 10, 2
0 4 7: 1434, 10, 2
0 4 8: 1434, 10, 2
0 4 9: 1434, 10, 2
0 4 10: 1417, 1, 1
0 4 11: 1417, 0, 2
0 4 12: 1417, 0, 2
0 4 13: 1417, 0, 2
0 4 14: 1417, 1, 2
0 4 15: 1434, 10, 2
0 4 16: 1434, 10, 2
0 4 17: 1434, 10, 2
0 4 18: 1434, 10, 2
0 4 19: 1434, 10, 2
0 4 20: 1434, 10, 2
0 4 21: 1434, 10, 2
0 4 22: 1434, 10, 2
0 4 23: 1417, 1, 1
0 4 24: 1417, 0, 2
0 4 25: 1417, 0, 2
0 4 26: 1417, 0, 2
0 4 27: 1417, 1, 2
0 4 28: 1434, 10, 2
0 4 29: 1434, 10, 2
0 4 30: 1434, 10, 2
0 4 31: 1434, 10, 2
0 4 32: 1434, 10, 2
0 4 33: 1434, 10, 2
0 4 34: 1434, 10, 2
0 4 35: 1434, 10, 2
0 4 36: 1417, 1, 1
0 4 37: 1417, 0, 2
0 4 38: 1417, 0, 2
0 4 39: 1417, 1, 2
0 4 40: 1434, 10, 2
0 4 41: 1434, 10, 2
0 4 42: 1434, 10, 2
0 4 43: 1434, 10, 2
0 4 44: 1434, 10, 2
0 4 45: 1434, 10, 0
0 4 46: 1434, 10, 0
0 4 47: 1434, 10, 0
0 5 1: 1436, 10, 2
0 5 2: 1417, 1, 1
0 5 3: 1417, 0, 2
0 5 4: 1417, 0, 2
0 5 5: 1417, 0, 2
0 5 6: 1417, 1, 2
0 5 7: 1434, 10, 2
0 5 8: 1417, 1, 1
0 5 9: 1417, 0, 2
0 5 10: 1417, 9, 1
0 5 11: 320, 22, 0
0 5 12: 319, 22, 1
0 5 13: 320, 22, 3
0 5 14: 1417, 9, 2
0 5 15: 1417, 0, 2
0 5 16: 1417, 0, 2
0 5 17: 1417, 1, 2
0 5 18: 1434, 10, 2
0 5 19: 1434, 10, 2
0 5 20: 1417, 1, 1
0 5 21: 1417, 0, 2
0 5 22: 1417, 0, 2
0 5 23: 320, 22, 2
0 5 23: 1417, 9, 1
0 5 24: 319, 22, 0
0 5 25: 320, 22, 0
0 5 26: 198, 4, 0
0 5 27: 1417, 9, 2
0 5 28: 1417, 0, 2
0 5 29: 1417, 0, 2
0 5 30: 1417, 1, 2
0 5 31: 1434, 10, 2
0 5 32: 1434, 10, 2
0 5 33: 1434, 10, 2
0 5 34: 1417, 1, 1
0 5 35: 1417, 0, 2
0 5 36: 1417, 9, 1
0 5 37: 2222, 10, 0
0 5 39: 198, 7, 2
0 5 39: 1417, 9, 2
0 5 40: 1417, 0, 2
0 5 41: 1417, 0, 2
0 5 42: 1417, 1, 2
0 5 43: 1434, 10, 2
0 5 44: 1434, 10, 2
0 5 45: 1434, 10, 0
0 5 46: 1434, 10, 0
0 5 47: 1434, 10, 0
0 5 48: 1434, 10, 0
0 6 1: 1417, 1, 1
0 6 2: 1417, 9, 1
0 6 3: 2220, 11, 3
0 6 4: 320, 22, 0
0 6 5: 321, 22, 3
0 6 6: 320, 22, 0
0 6 6: 1417, 9, 2
0 6 7: 1417, 0, 2
0 6 8: 1417, 9, 1
0 6 9: 198, 4, 0
0 6 12: 320, 22, 1
0 6 15: 198, 4, 0
0 6 16: 1246, 22, 3
0 6 17: 1417, 9, 2
0 6 18: 1417, 0, 2
0 6 19: 1417, 0, 2
0 6 20: 1417, 9, 1
0 6 22: 198, 4, 0
0 6 24: 320, 22, 1
0 6 25: 828, 22, 1
0 6 27: 320, 22, 0
0 6 28: 321, 22, 3
0 6 29: 198, 4, 0
0 6 29: 320, 22, 1
0 6 30: 1417, 9, 2
0 6 31: 1417, 0, 2
0 6 32: 1417, 0, 2
0 6 33: 1417, 0, 2
0 6 34: 320, 22, 1
0 6 34: 1417, 9, 1
0 6 35: 198, 4, 0
0 6 37: 1247, 22, 1
0 6 40: 1246, 22, 1
0 6 42: 1417, 9, 2
0 6 43: 1417, 1, 2
0 6 44: 1434, 10, 2
0 6 45: 1434, 10, 0
0 6 46: 1434, 10, 0
0 6 47: 1434, 10, 0
0 6 48: 1434, 10, 0
0 7 1: 1417, 0, 1
0 7 2: 320, 22, 3
0 7 4: 1247, 22, 2
0 7 5: 1629, 22, 0
0 7 6: 320, 22, 3
0 7 6: 1626, 0, 0
0 7 7: 1624, 2, 0
0 7 8: 1629, 22, 0
0 7 10: 1629, 22, 0
0 7 11: 1630, 22, 0
0 7 12: 1624, 2, 3
0 7 13: 1626, 0, 0
0 7 14: 1624, 0, 0
0 7 15: 320, 22, 1
0 7 16: 320, 22, 0
0 7 17: 1624, 2, 3
0 7 18: 319, 22, 0
0 7 18: 1626, 0, 0
0 7 19: 1626, 0, 0
0 7 19: 1630, 22, 3
0 7 20: 661, 10, 3
0 7 20: 1624, 2, 0
0 7 22: 1246, 22, 0
0 7 22: 1624, 2, 3
0 7 23: 1626, 0, 0
0 7 24: 1626, 0, 0
0 7 25: 1629, 22, 0
0 7 26: 321, 22, 2
0 7 26: 1624, 2, 0
0 7 28: 320, 22, 3
0 7 28: 1624, 2, 3
0 7 30: 320, 22, 2
0 7 30: 1626, 0, 0
0 7 31: 321, 22, 2
0 7 31: 1624, 2, 0
0 7 32: 320, 22, 3
0 7 33: 319, 22, 2
0 7 34: 320, 22, 1
0 7 35: 1626, 0, 0
0 7 36: 1626, 0, 0
0 7 37: 1626, 0, 0
0 7 38: 1626, 0, 3
0 7 42: 198, 4, 1
0 7 43: 1417, 0, 3
0 7 44: 1434, 10, 2
0 7 45: 1434, 10, 0
0 7 46: 1434, 10, 0
0 7 47: 1434, 10, 0
0 7 48: 1434, 10, 0
0 8 1: 1417, 0, 1
0 8 2: 319, 22, 1
0 8 3: 320, 22, 0
0 8 5: 1246, 22, 2
0 8 7: 1629, 22, 1
0 8 9: 320, 22, 1
0 8 10: 321, 22, 0
0 8 11: 320, 22, 3
0 8 12: 1630, 22, 3
0 8 14: 320, 22, 2
0 8 15: 321, 22, 2
0 8 15: 1626, 0, 1
0 8 16: 321, 22, 0
0 8 17: 1630, 22, 3
0 8 18: 320, 22, 2
0 8 19: 1629, 22, 3
0 8 20: 1626, 0, 1
0 8 22: 1630, 22, 3
0 8 24: 1246, 22, 0
0 8 25: 321, 22, 0
0 8 26: 320, 22, 3
0 8 26: 1626, 0, 1
0 8 28: 1630, 22, 3
0 8 30: 320, 22, 1
0 8 31: 1630, 22, 1
0 8 33: 320, 22, 2
0 8 34: 1630, 22, 3
0 8 36: 1630, 22, 1
0 8 37: 1630, 22, 1
0 8 38: 1624, 3, 2
0 8 40: 465, 10, 0
0 8 42: 542, 10, 2
0 8 43: 1417, 9, 2
0 8 44: 1417, 1, 2
0 8 45: 1434, 10, 0
0 8 46: 1434, 10, 0
0 8 47: 1434, 10, 0
0 9 1: 1417, 1, 0
0 9 2: 320, 22, 2
0 9 2: 1417, 9, 0
0 9 4: 1630, 22, 3
0 9 6: 320, 22, 1
0 9 7: 1629, 22, 1
0 9 10: 320, 22, 3
0 9 12: 1629, 22, 3
0 9 13: 1246, 22, 1
0 9 15: 1629, 22, 1
0 9 16: 320, 22, 0
0 9 17: 1629, 22, 3
0 9 19: 1630, 22, 3
0 9 20: 1626, 0, 1
0 9 21: 1247, 22, 0
0 9 22: 1629, 22, 3
0 9 23: 653, 22, 1
0 9 24: 653, 22, 0
0 9 25: 320, 22, 1
0 9 26: 1630, 22, 1
0 9 28: 1630, 22, 3
0 9 29: 1247, 22, 1
0 9 31: 1629, 22, 1
0 9 36: 1630, 22, 1
0 9 38: 1626, 0, 3
0 9 42: 541, 10, 2
0 9 43: 1452, 4, 1
0 9 44: 1417, 0, 3
0 9 45: 1434, 10, 0
0 9 46: 1434, 10, 0
0 9 47: 1434, 10, 0
0 9 48: 1434, 10, 0
0 10 1: 1434, 10, 0
0 10 2: 1417, 0, 1
0 10 4: 1629, 22, 3
0 10 5: 320, 22, 2
0 10 6: 321, 22, 3
0 10 7: 320, 22, 1
0 10 7: 1626, 0, 1
0 10 8: 1629, 22, 0
0 10 9: 1629, 22, 0
0 10 12: 1626, 0, 3
0 10 12: 1630, 22, 2
0 10 13: 1629, 22, 2
0 10 14: 1629, 22, 2
0 10 15: 1626, 0, 1
0 10 15: 1630, 22, 2
0 10 17: 1629, 22, 3
0 10 18: 1626, 2, 1
0 10 20: 1629, 22, 1
0 10 22: 1626, 0, 3
0 10 23: 1630, 22, 0
0 10 24: 1629, 22, 0
0 10 26: 1629, 22, 1
0 10 28: 1626, 0, 3
0 10 29: 660, 10, 2
0 10 31: 1624, 3, 1
0 10 31: 1630, 22, 1
0 10 34: 1629, 22, 3
0 10 35: 1246, 22, 3
0 10 36: 1629, 22, 1
0 10 37: 1630, 22, 1
0 10 40: 542, 10, 0
0 10 41: 542, 10, 1
0 10 43: 542, 10, 1
0 10 44: 198, 7, 2
0 10 44: 1417, 9, 2
0 10 45: 1417, 1, 2
0 10 46: 1434, 10, 0
0 10 47: 1434, 10, 0
0 10 48: 1434, 10, 0
0 11 1: 1434, 10, 0
0 11 2: 1417, 0, 1
0 11 3: 320, 22, 1
0 11 4: 1626, 0, 3
0 11 4: 1630, 22, 2
0 11 5: 1629, 22, 2
0 11 6: 1629, 22, 2
0 11 7: 320, 22, 3
0 11 7: 1626, 0, 1
0 11 8: 320, 22, 3
0 11 10: 1247, 22, 3
0 11 12: 661, 10, 2
0 11 12: 1626, 0, 3
0 11 15: 320, 22, 0
0 11 15: 1626, 0, 1
0 11 17: 320, 22, 2
0 11 17: 1626, 0, 3
0 11 19: 320, 22, 2
0 11 20: 1630, 22, 1
0 11 22: 1630, 22, 3
0 11 25: 653, 22, 3
0 11 26: 1629, 22, 1
0 11 28: 1626, 0, 3
0 11 29: 1629, 22, 2
0 11 30: 1630, 22, 2
0 11 31: 1626, 0, 1
0 11 33: 320, 22, 0
0 11 35: 1247, 22, 2
0 11 36: 1629, 22, 1
0 11 37: 1629, 22, 1
0 11 43: 1171, 10, 2
0 11 45: 1417, 0, 3
0 11 46: 1434, 10, 0
0 11 47: 1434, 10, 0
0 11 48: 1434, 10, 0
0 12 1: 1434, 10, 0
0 12 2: 1417, 1, 0
0 12 3: 1417, 9, 0
0 12 4: 319, 22, 2
0 12 4: 1624, 2, 2
0 12 5: 320, 22, 0
0 12 5: 1626, 0, 2
0 12 6: 320, 22, 1
0 12 7: 319, 22, 1
0 12 7: 1624, 2, 1
0 12 8: 1630, 22, 2
0 12 9: 1629, 22, 2
0 12 10: 1626, 0, 2
0 12 11: 1626, 0, 2
0 12 14: 321, 22, 1
0 12 15: 319, 22, 1
0 12 15: 1624, 2, 1
0 12 16: 320, 22, 3
0 12 17: 319, 22, 1
0 12 17: 1626, 0, 3
0 12 18: 320, 22, 0
0 12 19: 320, 22, 2
0 12 20: 319, 22, 2
0 12 20: 1624, 2, 1
0 12 21: 320, 22, 1
0 12 22: 1624, 2, 2
0 12 23: 1246, 22, 0
0 12 26: 1624, 2, 1
0 12 27: 1246, 22, 2
0 12 28: 1624, 2, 2
0 12 29: 1626, 0, 2
0 12 30: 319, 22, 3
0 12 31: 320, 22, 3
0 12 31: 1624, 2, 1
0 12 32: 320, 22, 3
0 12 33: 321, 22, 2
0 12 34: 1626, 0, 2
0 12 34: 1629, 22, 3
0 12 35: 1630, 22, 2
0 12 36: 1629, 22, 2
0 12 37: 1626, 0, 2
0 12 38: 1626, 0, 3
0 12 40: 1247, 22, 2
0 12 44: 1417, 9, 3
0 12 44: 1454, 7, 3
0 12 45: 1417, 1, 3
0 12 46: 1434, 10, 0
0 12 47: 1434, 10, 0
0 13 1: 1434, 10, 0
0 13 2: 1434, 10, 0
0 13 3: 1417, 1, 0
0 13 4: 1417, 0, 0
0 13 5: 1417, 9, 0
0 13 6: 198, 4, 2
0 13 6: 1626, 0, 0
0 13 7: 320, 22, 1
0 13 7: 1417, 9, 3
0 13 8: 1417, 0, 0
0 13 9: 1417, 9, 0
0 13 10: 1452, 4, 2
0 13 11: 198, 4, 2
0 13 12: 1417, 9, 3
0 13 13: 1417, 0, 0
0 13 14: 198, 7, 0
0 13 14: 1417, 9, 0
0 13 15: 320, 22, 2
0 13 15: 1452, 4, 2
0 13 16: 321, 22, 1
0 13 17: 320, 22, 0
0 13 17: 1626, 0, 0
0 13 18: 1626, 0, 0
0 13 20: 320, 22, 0
0 13 21: 1417, 9, 3
0 13 22: 1417, 0, 0
0 13 23: 1417, 0, 0
0 13 24: 1417, 9, 0
0 13 24: 1626, 0, 0
0 13 25: 198, 4, 2
0 13 26: 1452, 4, 2
0 13 27: 1454, 4, 2
0 13 28: 198, 4, 2
0 13 29: 1417, 9, 3
0 13 30: 1417, 0, 0
0 13 31: 1417, 9, 0
0 13 32: 198, 4, 2
0 13 33: 320, 22, 2
0 13 34: 320, 22, 2
0 13 39: 325, 22, 1
0 13 41: 1247, 22, 3
0 13 43: 198, 4, 1
0 13 44: 1417, 0, 3
0 13 45: 1434, 10, 0
0 13 46: 1434, 10, 0
0 13 47: 1434, 10, 0
0 13 48: 1434, 10, 0
0 14 1: 1436, 10, 1
0 14 2: 1434, 10, 2
0 14 3: 1434, 10, 2
0 14 4: 1434, 10, 2
0 14 5: 1417, 1, 0
0 14 6: 1417, 0, 0
0 14 7: 1417, 1, 3
0 14 8: 1434, 10, 2
0 14 9: 1417, 1, 0
0 14 10: 1417, 0, 0
0 14 11: 1417, 0, 0
0 14 12: 1417, 1, 3
0 14 13: 1434, 10, 2
0 14 14: 1417, 1, 0
0 14 15: 1417, 0, 0
0 14 16: 320, 22, 1
0 14 16: 1417, 9, 0
0 14 17: 198, 4, 2
0 14 18: 1417, 9, 3
0 14 19: 1417, 0, 0
0 14 20: 1417, 0, 0
0 14 21: 1417, 1, 3
0 14 22: 1434, 10, 2
0 14 23: 1434, 10, 2
0 14 24: 1417, 1, 0
0 14 25: 1417, 0, 0
0 14 26: 1417, 0, 0
0 14 27: 1417, 0, 0
0 14 28: 1417, 0, 0
0 14 29: 1417, 1, 3
0 14 30: 1434, 10, 2
0 14 31: 1417, 1, 0
0 14 32: 1417, 0, 0
0 14 33: 1417, 9, 0
0 14 38: 325, 22, 0
0 14 39: 325, 22, 2
0 14 40: 325, 22, 3
0 14 41: 542, 10, 1
0 14 44: 1417, 9, 2
0 14 45: 1417, 1, 2
0 14 46: 1434, 10, 0
0 14 47: 1434, 10, 0
0 14 48: 1434, 10, 0
0 15 3: 1434, 10, 2
0 15 4: 1434, 10, 2
0 15 5: 1434, 10, 2
0 15 6: 1434, 10, 2
0 15 7: 1434, 10, 2
0 15 8: 1434, 10, 2
0 15 9: 1434, 10, 2
0 15 10: 1434, 10, 2
0 15 11: 1434, 10, 2
0 15 12: 1434, 10, 2
0 15 13: 1434, 10, 2
0 15 14: 1434, 10, 2
0 15 15: 1434, 10, 2
0 15 16: 1417, 1, 0
0 15 17: 1417, 0, 0
0 15 18: 1417, 1, 3
0 15 19: 1434, 10, 2
0 15 20: 1434, 10, 2
0 15 21: 1434, 10, 2
0 15 22: 1434, 10, 2
0 15 23: 1434, 10, 2
0 15 24: 1434, 10, 2
0 15 25: 1434, 10, 2
0 15 26: 1434, 10, 2
0 15 27: 1434, 10, 2
0 15 28: 1434, 10, 2
0 15 29: 1434, 10, 2
0 15 30: 1434, 10, 2
0 15 31: 1434, 10, 2
0 15 32: 1434, 10, 2
0 15 33: 1417, 0, 1
0 15 34: 542, 10, 3
0 15 38: 325, 22, 3
0 15 39: 326, 22, 1
0 15 40: 326, 22, 0
0 15 41: 464, 10, 1
0 15 44: 1453, 4, 1
0 15 45: 1417, 0, 3
0 15 46: 1434, 10, 0
0 15 47: 1434, 10, 0
0 15 48: 1434, 10, 0
0 16 5: 1434, 11, 0
0 16 6: 1434, 10, 2
0 16 7: 1434, 10, 2
0 16 8: 1434, 10, 2
0 16 9: 1434, 10, 2
0 16 13: 1434, 10, 2
0 16 14: 1434, 10, 2
0 16 15: 1434, 10, 2
0 16 16: 1434, 10, 2
0 16 17: 1434, 10, 2
0 16 18: 1434, 10, 2
0 16 19: 1434, 10, 2
0 16 20: 1434, 10, 2
0 16 23: 1434, 10, 2
0 16 24: 1434, 10, 2
0 16 25: 1434, 10, 2
0 16 26: 1434, 10, 2
0 16 27: 1434, 10, 2
0 16 28: 1434, 10, 2
0 16 29: 1434, 10, 2
0 16 30: 1434, 10, 2
0 16 31: 1434, 10, 2
0 16 32: 1434, 10, 2
0 16 33: 1417, 1, 0
0 16 34: 198, 7, 0
0 16 34: 1417, 9, 0
0 16 35: 541, 10, 3
0 16 36: 542, 10, 1
0 16 37: 1246, 22, 1
0 16 39: 325, 22, 3
0 16 40: 325, 22, 2
0 16 43: 541, 10, 3
0 16 44: 1417, 9, 3
0 16 44: 1454, 7, 3
0 16 45: 1417, 1, 3
0 16 46: 1434, 10, 0
0 16 47: 1434, 10, 0
0 17 25: 1434, 10, 2
0 17 26: 1434, 10, 2
0 17 27: 1434, 10, 2
0 17 28: 1434, 10, 2
0 17 30: 1434, 10, 2
0 17 31: 1434, 10, 2
0 17 32: 1434, 10, 2
0 17 33: 1434, 10, 2
0 17 34: 1417, 0, 1
0 17 35: 542, 10, 0
0 17 40: 542, 10, 3
0 17 43: 1452, 4, 1
0 17 44: 1417, 0, 3
0 17 45: 1434, 10, 0
0 17 46: 1434, 10, 0
0 17 47: 1434, 10, 0
0 18 30: 1434, 10, 2
0 18 31: 1434, 10, 2
0 18 32: 1417, 1, 1
0 18 33: 1417, 0, 2
0 18 34: 1417, 9, 1
0 18 36: 1247, 22, 0
0 18 42: 198, 4, 2
0 18 43: 1417, 9, 3
0 18 43: 1452, 7, 3
0 18 44: 1417, 1, 3
0 18 45: 1434, 10, 0
0 18 46: 1434, 10, 0
0 19 27: 1436, 10, 2
0 19 28: 1434, 10, 0
0 19 29: 1434, 10, 2
0 19 30: 1417, 1, 1
0 19 31: 1417, 0, 2
0 19 32: 1417, 9, 1
0 19 33: 198, 4, 0
0 19 36: 1247, 22, 1
0 19 39: 825, 22, 0
0 19 41: 1417, 9, 3
0 19 41: 1452, 7, 3
0 19 42: 1417, 0, 0
0 19 43: 1417, 1, 3
0 19 44: 1434, 10, 0
0 19 45: 1434, 10, 0
0 19 46: 1434, 10, 0
0 20 25: 1436, 10, 2
0 20 26: 1434, 10, 2
0 20 27: 1434, 10, 2
0 20 28: 1417, 1, 1
0 20 29: 1417, 0, 2
0 20 30: 1417, 9, 1
0 20 31: 319, 22, 2
0 20 32: 320, 22, 1
0 20 33: 323, 22, 3
0 20 37: 473, 10, 2
0 20 40: 1452, 4, 1
0 20 41: 1417, 0, 3
0 20 42: 1434, 10, 0
0 20 43: 1434, 10, 0
0 20 44: 1434, 10, 0
0 20 45: 1434, 10, 0
0 21 25: 1434, 10, 2
0 21 26: 1417, 1, 1
0 21 27: 1417, 0, 2
0 21 28: 1417, 9, 1
0 21 29: 320, 22, 2
0 21 29: 466, 10, 3
0 21 30: 319, 22, 3
0 21 31: 320, 22, 0
0 21 32: 322, 22, 3
0 21 32: 1171, 10, 3
0 21 40: 1417, 9, 3
0 21 40: 1454, 7, 3
0 21 41: 1417, 1, 3
0 21 42: 1434, 10, 0
0 21 43: 1434, 10, 0
0 21 44: 1434, 10, 0
0 21 45: 1434, 10, 0
0 22 23: 1434, 10, 2
0 22 24: 1434, 10, 2
0 22 25: 1417, 1, 1
0 22 26: 1417, 9, 1
0 22 27: 320, 22, 0
0 22 28: 319, 22, 1
0 22 28: 542, 10, 3
0 22 29: 319, 22, 0
0 22 30: 320, 22, 3
0 22 31: 323, 22, 2
0 22 31: 542, 10, 3
0 22 35: 473, 10, 1
0 22 37: 471, 10, 2
0 22 39: 198, 4, 1
0 22 40: 1417, 0, 3
0 22 41: 1434, 10, 0
0 22 42: 1434, 10, 0
0 22 43: 1434, 10, 0
0 22 44: 1434, 10, 0
0 23 21: 1434, 10, 2
0 23 22: 1434, 10, 2
0 23 23: 1434, 10, 2
0 23 24: 1434, 10, 2
0 23 25: 1417, 0, 1
0 23 26: 198, 4, 3
0 23 27: 323, 22, 0
0 23 28: 320, 22, 3
0 23 29: 320, 22, 2
0 23 29: 541, 10, 0
0 23 30: 323, 22, 1
0 23 30: 542, 10, 0
0 23 31: 1171, 10, 0
0 23 32: 322, 22, 0
0 23 39: 1417, 9, 3
0 23 39: 1454, 7, 3
0 23 40: 1417, 1, 3
0 23 41: 1434, 10, 0
0 23 42: 1434, 10, 0
0 23 43: 1434, 10, 0
0 24 19: 1434, 10, 2
0 24 20: 1434, 10, 2
0 24 21: 1434, 10, 2
0 24 22: 1434, 10, 2
0 24 23: 1417, 1, 1
0 24 24: 1417, 0, 2
0 24 25: 1417, 9, 1
0 24 27: 322, 22, 1
0 24 28: 322, 22, 2
0 24 29: 1171, 10, 1
0 24 34: 474, 10, 1
0 24 36: 472, 10, 1
0 24 38: 1453, 4, 1
0 24 39: 1417, 0, 3
0 24 40: 1434, 10, 0
0 24 41: 1434, 10, 0
0 24 42: 1434, 10, 0
0 24 43: 1434, 10, 0
0 25 18: 1434, 10, 2
0 25 19: 1434, 10, 2
0 25 20: 1434, 10, 2
0 25 21: 1434, 10, 2
0 25 22: 1417, 1, 1
0 25 23: 1417, 9, 1
0 25 24: 1246, 22, 1
0 25 28: 1247, 22, 0
0 25 38: 1417, 9, 3
0 25 38: 1455, 7, 3
0 25 39: 1417, 1, 3
0 25 40: 1434, 10, 0
0 25 41: 1434, 10, 0
0 25 42: 1434, 10, 0
0 26 18: 1434, 10, 2
0 26 19: 1434, 10, 2
0 26 20: 1434, 10, 2
0 26 21: 1434, 10, 2
0 26 22: 1417, 0, 1
0 26 23: 198, 4, 3
0 26 26: 542, 10, 3
0 26 32: 323, 22, 1
0 26 37: 198, 4, 1
0 26 38: 1417, 0, 3
0 26 39: 1434, 10, 0
0 26 40: 1434, 10, 0
0 27 18: 1434, 10, 2
0 27 19: 1434, 10, 2
0 27 20: 1434, 10, 2
0 27 21: 1417, 1, 1
0 27 22: 1417, 9, 1
0 27 29: 825, 22, 0
0 27 37: 1417, 9, 3
0 27 37: 1454, 7, 3
0 27 38: 1417, 1, 3
0 27 39: 1434, 10, 0
0 27 40: 1434, 10, 0
0 28 18: 1434, 10, 2
0 28 19: 1434, 10, 2
0 28 20: 1434, 10, 2
0 28 21: 1417, 0, 1
0 28 23: 1171, 10, 2
0 28 26: 541, 10, 1
0 28 27: 542, 10, 0
0 28 34: 198, 4, 2
0 28 35: 1417, 9, 3
0 28 35: 1454, 7, 3
0 28 36: 1417, 0, 0
0 28 37: 1417, 1, 3
0 28 38: 1434, 10, 0
0 28 39: 1434, 10, 0
0 29 17: 1434, 10, 2
0 29 18: 1434, 10, 2
0 29 19: 1434, 10, 2
0 29 20: 1417, 1, 1
0 29 21: 1417, 9, 1
0 29 22: 1171, 10, 1
0 29 25: 542, 10, 1
0 29 26: 464, 10, 2
0 29 28: 542, 10, 2
0 29 29: 322, 22, 2
0 29 32: 1171, 10, 3
0 29 33: 1417, 9, 3
0 29 33: 1452, 7, 3
0 29 34: 1417, 0, 0
0 29 35: 1417, 1, 3
0 29 36: 1434, 10, 0
0 29 37: 1434, 10, 0
0 29 38: 1434, 10, 0
0 29 39: 1434, 10, 0
0 30 17: 1434, 10, 2
0 30 18: 1434, 10, 2
0 30 19: 1434, 10, 2
0 30 20: 1417, 0, 1
0 30 21: 198, 4, 3
0 30 28: 320, 22, 2
0 30 28: 541, 10, 3
0 30 29: 322, 22, 1
0 30 29: 542, 10, 3
0 30 32: 1417, 9, 3
0 30 32: 1454, 7, 3
0 30 33: 1417, 1, 3
0 30 34: 1434, 10, 0
0 30 35: 1434, 10, 0
0 30 36: 1434, 10, 0
0 30 37: 1434, 10, 0
0 30 38: 1434, 10, 0
0 31 16: 1434, 10, 2
0 31 17: 1434, 10, 2
0 31 18: 1434, 10, 2
0 31 19: 1417, 1, 1
0 31 20: 1417, 9, 1
0 31 25: 322, 22, 0
0 31 26: 320, 22, 0
0 31 27: 319, 22, 1
0 31 27: 542, 10, 2
0 31 28: 320, 22, 2
0 31 29: 323, 22, 3
0 31 31: 198, 4, 1
0 31 32: 1417, 0, 3
0 31 33: 1434, 10, 0
0 31 34: 1434, 10, 0
0 31 35: 1434, 10, 0
0 31 36: 1434, 10, 0
0 32 16: 1434, 10, 2
0 32 17: 1434, 10, 2
0 32 18: 1434, 10, 2
0 32 19: 1417, 0, 1
0 32 20: 542, 10, 2
0 32 24: 1249, 22, 0
0 32 26: 320, 22, 3
0 32 27: 320, 22, 3
0 32 28: 322, 22, 0
0 32 31: 1452, 4, 1
0 32 32: 1417, 0, 3
0 32 33: 1434, 10, 0
0 32 34: 1434, 10, 0
0 33 14: 1434, 10, 0
0 33 15: 1434, 10, 2
0 33 16: 1434, 10, 2
0 33 17: 1434, 10, 2
0 33 18: 1417, 1, 1
0 33 19: 198, 7, 1
0 33 19: 1417, 9, 1
0 33 21: 541, 10, 3
0 33 22: 542, 10, 2
0 33 26: 323, 22, 0
0 33 31: 1417, 9, 3
0 33 31: 1454, 7, 3
0 33 32: 1417, 1, 3
0 33 33: 1434, 10, 0
0 33 34: 1434, 10, 0
0 34 12: 1434, 10, 2
0 34 13: 1434, 10, 2
0 34 14: 1434, 10, 2
0 34 15: 1434, 10, 2
0 34 16: 1434, 10, 2
0 34 17: 1434, 10, 2
0 34 18: 1417, 0, 1
0 34 21: 542, 10, 3
0 34 23: 1246, 22, 0
0 34 30: 322, 22, 2
0 34 30: 1452, 4, 1
0 34 31: 1417, 0, 3
0 34 32: 1434, 10, 0
0 34 33: 1434, 10, 0
0 34 34: 1434, 10, 0
0 35 10: 1434, 10, 2
0 35 11: 1434, 10, 2
0 35 12: 1434, 10, 2
0 35 13: 1434, 10, 2
0 35 14: 1434, 10, 2
0 35 15: 1434, 10, 2
0 35 16: 1417, 1, 1
0 35 17: 1417, 0, 2
0 35 18: 1417, 9, 1
0 35 28: 1247, 22, 2
0 35 29: 322, 22, 1
0 35 30: 320, 22, 1
0 35 31: 1417, 9, 2
0 35 32: 1417, 1, 2
0 35 33: 1434, 10, 0
0 35 34: 1434, 10, 0
0 36 8: 1434, 10, 2
0 36 9: 1434, 10, 2
0 36 10: 1434, 10, 2
0 36 11: 1434, 10, 2
0 36 12: 1434, 10, 2
0 36 13: 1434, 10, 2
0 36 14: 1417, 1, 1
0 36 15: 1417, 0, 2
0 36 16: 1417, 9, 1
0 36 17: 198, 4, 0
0 36 26: 322, 22, 3
0 36 28: 323, 22, 2
0 36 29: 320, 22, 2
0 36 30: 319, 22, 3
0 36 31: 198, 4, 1
0 36 31: 319, 22, 2
0 36 32: 1417, 0, 3
0 36 33: 1434, 10, 0
0 36 34: 1434, 10, 0
0 37 6: 1434, 10, 0
0 37 7: 1434, 10, 2
0 37 8: 1434, 10, 2
0 37 9: 1434, 10, 2
0 37 10: 1434, 10, 2
0 37 11: 1434, 10, 2
0 37 12: 1417, 1, 1
0 37 13: 1417, 0, 2
0 37 14: 1417, 9, 1
0 37 16: 1171, 10, 3
0 37 21: 542, 10, 2
0 37 28: 322, 22, 0
0 37 29: 320, 22, 3
0 37 30: 320, 22, 0
0 37 31: 1417, 9, 3
0 37 31: 1454, 7, 3
0 37 32: 1417, 1, 3
0 37 33: 1434, 10, 0
0 37 34: 1434, 10, 0
0 38 4: 1434, 10, 0
0 38 5: 1434, 10, 0
0 38 6: 1434, 10, 0
0 38 7: 1434, 10, 2
0 38 8: 1434, 10, 2
0 38 9: 1434, 10, 2
0 38 10: 1417, 1, 1
0 38 11: 1417, 0, 2
0 38 12: 1417, 9, 1
0 38 13: 198, 4, 0
0 38 14: 1171, 10, 0
0 38 20: 466, 10, 2
0 38 23: 1246, 22, 0
0 38 28: 323, 22, 1
0 38 29: 320, 22, 1
0 38 30: 320, 22, 0
0 38 30: 1455, 4, 1
0 38 31: 1417, 0, 3
0 38 32: 1434, 10, 0
0 38 33: 1434, 10, 0
0 38 34: 1434, 10, 0
0 39 2: 1434, 10, 2
0 39 3: 1434, 10, 2
0 39 4: 1434, 10, 0
0 39 5: 1434, 10, 0
0 39 6: 1434, 10, 0
0 39 7: 1434, 10, 2
0 39 8: 1417, 1, 1
0 39 9: 1417, 0, 2
0 39 10: 1417, 9, 1
0 39 11: 320, 22, 0
0 39 11: 542, 10, 0
0 39 12: 320, 22, 1
0 39 15: 1171, 10, 1
0 39 22: 542, 10, 1
0 39 26: 1247, 22, 3
0 39 27: 323, 22, 0
0 39 28: 320, 22, 2
0 39 29: 320, 22, 3
0 39 30: 1417, 9, 3
0 39 30: 1454, 7, 3
0 39 31: 1417, 1, 3
0 39 32: 1434, 10, 0
0 39 33: 1434, 10, 0
0 40 1: 1434, 10, 2
0 40 2: 1434, 10, 2
0 40 3: 1434, 10, 2
0 40 4: 1434, 10, 0
0 40 5: 1434, 10, 0
0 40 6: 1417, 1, 1
0 40 7: 1417, 0, 2
0 40 8: 1417, 9, 1
0 40 9: 198, 4, 0
0 40 9: 319, 22, 1
0 40 10: 319, 22, 3
0 40 10: 542, 10, 3
0 40 11: 319, 22, 2
0 40 11: 541, 10, 0
0 40 12: 320, 22, 3
0 40 12: 542, 10, 3
0 40 13: 323, 22, 2
0 40 13: 1171, 10, 3
0 40 17: 1247, 22, 1
0 40 20: 827, 22, 1
0 40 25: 542, 10, 1
0 40 27: 320, 22, 0
0 40 27: 542, 10, 2
0 40 28: 319, 22, 2
0 40 29: 198, 4, 1
0 40 29: 319, 22, 0
0 40 30: 1417, 0, 3
0 40 31: 1434, 10, 0
0 40 32: 1434, 10, 0
0 40 33: 1434, 10, 0
0 41 0: 1434, 10, 2
0 41 1: 1434, 10, 2
0 41 2: 1434, 10, 2
0 41 3: 1434, 10, 2
0 41 4: 1417, 1, 1
0 41 5: 1417, 0, 2
0 41 6: 198, 7, 1
0 41 6: 1417, 9, 1
0 41 7: 320, 22, 1
0 41 8: 319, 22, 3
0 41 9: 319, 22, 0
0 41 10: 319, 22, 2
0 41 11: 320, 22, 2
0 41 12: 323, 22, 1
0 41 13: 1171, 10, 2
0 41 24: 466, 10, 3
0 41 26: 323, 22, 3
0 41 27: 320, 22, 2
0 41 27: 542, 10, 1
0 41 28: 319, 22, 1
0 41 28: 541, 10, 2
0 41 29: 1417, 9, 3
0 41 29: 1452, 7, 3
0 41 30: 1417, 1, 3
0 41 31: 1434, 10, 0
0 41 32: 1434, 10, 0
0 42 0: 1434, 10, 2
0 42 1: 1434, 10, 2
0 42 2: 1417, 1, 1
0 42 3: 1417, 0, 2
0 42 4: 1417, 9, 1
0 42 5: 323, 22, 2
0 42 7: 323, 22, 3
0 42 8: 320, 22, 0
0 42 9: 320, 22, 3
0 42 10: 320, 22, 2
0 42 11: 323, 22, 0
0 42 11: 542, 10, 1
0 42 13: 1247, 22, 2
0 42 15: 464, 10, 1
0 42 19: 323, 22, 1
0 42 23: 542, 10, 3
0 42 26: 1453, 4, 2
0 42 27: 1417, 9, 3
0 42 27: 1452, 7, 3
0 42 28: 1417, 0, 0
0 42 29: 1417, 1, 3
0 42 30: 1434, 10, 0
0 42 31: 1436, 10, 0
0 43 0: 1434, 10, 2
0 43 1: 1417, 1, 1
0 43 2: 1417, 9, 1
0 43 3: 198, 4, 0
0 43 3: 320, 22, 0
0 43 4: 319, 22, 0
0 43 5: 322, 22, 0
0 43 8: 322, 22, 3
0 43 10: 322, 22, 2
0 43 14: 825, 22, 3
0 43 18: 322, 22, 2
0 43 19: 320, 22, 3
0 43 20: 322, 22, 1
0 43 21: 323, 22, 2
0 43 21: 542, 10, 0
0 43 24: 198, 4, 2
0 43 25: 1417, 9, 3
0 43 25: 1454, 7, 3
0 43 26: 1417, 0, 0
0 43 27: 1417, 1, 3
0 43 28: 1434, 10, 2
0 43 29: 1434, 10, 1
0 43 30: 1434, 10, 2
0 43 39: 1434, 10, 3
0 43 40: 1434, 10, 3
0 43 41: 1434, 10, 3
0 43 42: 1434, 10, 3
0 43 43: 1434, 10, 3
0 43 44: 1434, 10, 3
0 43 45: 1434, 10, 3
0 43 46: 1434, 10, 3
0 43 47: 1434, 10, 3
0 43 48: 1434, 10, 3
0 43 49: 1434, 10, 3
0 43 50: 1434, 10, 3
0 43 51: 1434, 10, 3
0 43 52: 1434, 10, 3
0 44 0: 1434, 10, 2
0 44 1: 1417, 0, 1
0 44 2: 320, 22, 1
0 44 3: 319, 22, 1
0 44 4: 320, 22, 2
0 44 5: 323, 22, 1
0 44 7: 322, 22, 0
0 44 17: 323, 22, 3
0 44 18: 320, 22, 3
0 44 19: 320, 22, 2
0 44 20: 320, 22, 0
0 44 20: 542, 10, 1
0 44 21: 320, 22, 1
0 44 21: 541, 10, 1
0 44 22: 542, 10, 0
0 44 23: 1417, 9, 3
0 44 23: 1454, 7, 3
0 44 24: 1417, 0, 0
0 44 25: 1417, 1, 3
0 44 26: 1434, 10, 2
0 44 27: 1434, 10, 2
0 44 28: 1434, 10, 2
0 44 29: 1434, 10, 0
0 44 39: 1434, 10, 3
0 44 40: 1434, 10, 3
0 44 41: 1434, 10, 3
0 44 42: 1434, 10, 3
0 44 43: 1434, 10, 3
0 44 44: 1434, 10, 3
0 44 45: 1434, 10, 3
0 44 46: 1434, 10, 3
0 44 47: 1434, 10, 3
0 44 48: 1434, 10, 3
0 44 49: 1434, 10, 3
0 44 50: 1434, 10, 3
0 44 51: 1434, 10, 3
0 44 52: 1434, 10, 3
0 45 0: 1434, 10, 2
0 45 1: 1417, 1, 0
0 45 2: 1417, 9, 0
0 45 3: 319, 22, 3
0 45 4: 320, 22, 3
0 45 5: 322, 22, 2
0 45 6: 323, 22, 0
0 45 11: 1246, 22, 0
0 45 16: 322, 22, 3
0 45 17: 320, 22, 0
0 45 18: 319, 22, 1
0 45 19: 319, 22, 2
0 45 20: 198, 4, 2
0 45 20: 319, 22, 3
0 45 21: 1417, 9, 3
0 45 21: 1455, 7, 3
0 45 22: 1417, 0, 0
0 45 23: 1417, 1, 3
0 45 24: 1434, 10, 1
0 45 25: 1434, 10, 2
0 45 26: 1434, 10, 2
0 45 27: 1434, 10, 2
0 45 39: 1434, 10, 3
0 45 40: 1434, 10, 3
0 45 41: 1434, 10, 3
0 45 42: 1434, 10, 3
0 45 43: 1434, 10, 3
0 45 44: 1434, 10, 3
0 45 45: 1434, 10, 3
0 45 46: 1434, 10, 3
0 45 47: 1434, 10, 3
0 45 48: 1434, 10, 3
0 45 49: 1434, 10, 3
0 45 50: 1434, 10, 3
0 45 51: 1434, 10, 3
0 45 52: 1434, 10, 3
0 46 0: 1434, 10, 2
0 46 1: 1434, 10, 2
0 46 2: 1417, 0, 1
0 46 3: 198, 4, 3
0 46 3: 319, 22, 1
0 46 4: 319, 22, 2
0 46 5: 320, 22, 1
0 46 9: 1246, 22, 0
0 46 13: 542, 10, 1
0 46 16: 323, 22, 0
0 46 17: 320, 22, 1
0 46 18: 319, 22, 0
0 46 18: 1455, 4, 2
0 46 19: 1417, 9, 3
0 46 19: 1452, 7, 3
0 46 20: 1417, 0, 0
0 46 21: 1417, 1, 3
0 46 22: 1434, 10, 2
0 46 23: 1434, 10, 2
0 46 24: 1434, 10, 2
0 46 25: 1434, 10, 2
0 46 39: 1434, 10, 3
0 46 40: 1434, 10, 3
0 46 41: 1434, 10, 3
0 46 42: 1434, 10, 3
0 46 43: 1434, 10, 3
0 46 44: 1434, 10, 3
0 46 45: 1434, 10, 3
0 46 46: 1434, 10, 3
0 46 47: 1434, 10, 3
0 46 48: 1434, 10, 3
0 46 49: 1434, 10, 3
0 46 50: 1434, 10, 3
0 46 51: 1434, 10, 3
0 46 52: 1434, 10, 3
0 46 53: 1434, 10, 3
0 47 0: 1434, 10, 2
0 47 1: 1417, 1, 1
0 47 2: 1417, 9, 1
0 47 3: 320, 22, 3
0 47 4: 320, 22, 2
0 47 5: 323, 22, 3
0 47 7: 322, 22, 3
0 47 8: 464, 10, 2
0 47 14: 322, 22, 1
0 47 14: 542, 10, 0
0 47 16: 198, 4, 2
0 47 16: 322, 22, 0
0 47 17: 1417, 9, 3
0 47 17: 1452, 7, 3
0 47 18: 1417, 0, 0
0 47 19: 1417, 1, 3
0 47 20: 1434, 10, 2
0 47 21: 1434, 10, 2
0 47 22: 1434, 10, 2
0 47 23: 1434, 10, 2
0 47 28: 1434, 10, 2
0 47 29: 1434, 10, 2
0 47 30: 1434, 10, 2
0 47 36: 1436, 10, 2
0 47 37: 1417, 1, 1
0 47 38: 1417, 0, 2
0 47 39: 1417, 1, 2
0 47 40: 1434, 10, 3
0 47 41: 1434, 10, 3
0 47 42: 1434, 10, 3
0 47 43: 1434, 10, 3
0 47 44: 1434, 10, 3
0 47 45: 1434, 10, 3
0 47 46: 1434, 10, 3
0 47 47: 1434, 10, 3
0 47 48: 1434, 10, 3
0 47 49: 1434, 10, 3
0 47 50: 1434, 10, 3
0 47 51: 1434, 10, 3
0 47 52: 1434, 10, 3
0 47 53: 1434, 10, 3
0 48 0: 1434, 10, 2
0 48 1: 1417, 0, 1
0 48 2: 1171, 10, 0
0 48 3: 323, 22, 2
0 48 6: 322, 22, 0
0 48 10: 323, 22, 1
0 48 13: 541, 10, 1
0 48 15: 1417, 9, 3
0 48 15: 1454, 7, 3
0 48 16: 1417, 0, 0
0 48 17: 1417, 1, 3
0 48 18: 1434, 10, 2
0 48 19: 1434, 10, 2
0 48 20: 1434, 10, 2
0 48 21: 1434, 10, 2
0 48 22: 1434, 10, 2
0 48 23: 1434, 10, 2
0 48 24: 1434, 10, 2
0 48 25: 1434, 10, 2
0 48 27: 1434, 10, 2
0 48 28: 1434, 10, 2
0 48 29: 1434, 10, 2
0 48 30: 1434, 10, 2
0 48 31: 1434, 10, 2
0 48 32: 1434, 10, 2
0 48 34: 1436, 10, 2
0 48 35: 1417, 1, 1
0 48 36: 1417, 0, 2
0 48 37: 1417, 9, 1
0 48 39: 1417, 9, 2
0 48 40: 1417, 0, 2
0 48 41: 1417, 1, 2
0 48 42: 1434, 10, 3
0 48 43: 1434, 10, 3
0 48 44: 1434, 10, 3
0 48 45: 1434, 10, 3
0 48 46: 1434, 10, 3
0 48 47: 1434, 10, 3
0 48 48: 1434, 10, 3
0 48 49: 1434, 10, 3
0 48 50: 1434, 10, 3
0 48 51: 1434, 10, 3
0 48 52: 1434, 10, 3
0 48 53: 1434, 10, 3
0 48 54: 1434, 10, 3
0 49 0: 1434, 10, 2
0 49 1: 1417, 1, 0
0 49 2: 1417, 9, 0
0 49 3: 1171, 10, 0
0 49 6: 542, 10, 1
0 49 7: 541, 10, 2
0 49 8: 322, 22, 2
0 49 8: 542, 10, 2
0 49 9: 320, 22, 0
0 49 10: 320, 22, 1
0 49 11: 322, 22, 1
0 49 12: 542, 10, 0
0 49 13: 323, 22, 3
0 49 14: 542, 10, 0
0 49 14: 1455, 4, 1
0 49 15: 1417, 0, 3
0 49 16: 1434, 10, 2
0 49 17: 1434, 10, 2
0 49 18: 1434, 10, 2
0 49 19: 1434, 10, 2
0 49 20: 1434, 10, 2
0 49 21: 1434, 10, 2
0 49 22: 1434, 10, 2
0 49 23: 1434, 10, 2
0 49 24: 1434, 10, 2
0 49 25: 1434, 10, 2
0 49 26: 1434, 10, 2
0 49 27: 1434, 10, 2
0 49 28: 1434, 10, 2
0 49 29: 1434, 10, 2
0 49 30: 1434, 10, 2
0 49 31: 1434, 10, 2
0 49 32: 1434, 10, 2
0 49 33: 1417, 1, 1
0 49 34: 1417, 0, 2
0 49 35: 1417, 9, 1
0 49 38: 519, 10, 0
0 49 40: 542, 10, 0
0 49 40: 1246, 22, 0
0 49 41: 1417, 9, 2
0 49 42: 1417, 0, 2
0 49 43: 1417, 1, 2
0 49 44: 1434, 10, 0
0 49 45: 1417, 1, 1
0 49 46: 1417, 0, 2
0 49 47: 1417, 0, 2
0 49 48: 1417, 1, 2
0 49 49: 1434, 10, 3
0 49 50: 1434, 10, 3
0 49 51: 1434, 10, 3
0 49 52: 1434, 10, 3
0 49 53: 1434, 10, 3
0 49 54: 1434, 10, 3
0 49 55: 1434, 10, 3
0 50 0: 1434, 10, 2
0 50 1: 1434, 10, 2
0 50 2: 1417, 0, 1
0 50 3: 198, 4, 3
0 50 6: 315, 22, 3
0 50 7: 542, 10, 1
0 50 9: 320, 22, 3
0 50 10: 319, 22, 3
0 50 11: 320, 22, 2
0 50 12: 320, 22, 2
0 50 15: 198, 7, 2
0 50 15: 1417, 9, 2
0 50 16: 1417, 0, 2
0 50 17: 1417, 1, 2
0 50 18: 1434, 10, 2
0 50 19: 1417, 1, 1
0 50 20: 1417, 0, 2
0 50 21: 1417, 1, 2
0 50 22: 1434, 10, 2
0 50 23: 1434, 10, 2
0 50 24: 1434, 10, 2
0 50 25: 1434, 10, 2
0 50 26: 1434, 10, 2
0 50 27: 1417, 1, 1
0 50 28: 1417, 0, 2
0 50 29: 1417, 1, 2
0 50 30: 1434, 10, 2
0 50 31: 1417, 1, 1
0 50 32: 1417, 0, 2
0 50 33: 1417, 9, 1
0 50 34: 198, 4, 0
0 50 35: 543, 10, 1
0 50 37: 542, 10, 3
0 50 41: 542, 10, 3
0 50 42: 198, 4, 0
0 50 43: 1417, 9, 2
0 50 44: 1417, 0, 2
0 50 45: 1417, 9, 1
0 50 46: 198, 4, 0
0 50 47: 825, 22, 3
0 50 48: 1417, 9, 2
0 50 49: 1417, 1, 2
0 50 50: 1434, 10, 3
0 50 51: 1434, 10, 3
0 50 52: 1434, 10, 3
0 50 53: 1434, 10, 3
0 50 54: 1434, 10, 3
0 50 55: 1434, 10, 3
0 51 0: 1434, 10, 2
0 51 1: 1417, 1, 1
0 51 2: 1417, 9, 1
0 51 5: 315, 22, 1
0 51 8: 198, 4, 2
0 51 10: 322, 22, 3
0 51 11: 323, 22, 2
0 51 12: 320, 22, 1
0 51 13: 322, 22, 0
0 51 15: 320, 22, 3
0 51 16: 321, 22, 2
0 51 17: 1417, 9, 2
0 51 18: 1417, 0, 2
0 51 19: 1417, 9, 1
0 51 20: 320, 22, 3
0 51 21: 1417, 9, 2
0 51 22: 1417, 0, 2
0 51 23: 1417, 1, 2
0 51 24: 1434, 10, 2
0 51 25: 1417, 1, 1
0 51 26: 1417, 0, 2
0 51 27: 1417, 9, 1
0 51 28: 541, 10, 2
0 51 29: 1417, 9, 2
0 51 30: 1417, 0, 2
0 51 31: 1417, 9, 1
0 51 35: 1247, 22, 0
0 51 38: 541, 10, 3
0 51 40: 315, 22, 0
0 51 41: 1246, 22, 0
0 51 44: 1247, 22, 3
0 51 48: 315, 22, 1
0 51 48: 1453, 4, 1
0 51 49: 1417, 0, 3
0 51 50: 1434, 10, 3
0 51 51: 1434, 10, 3
0 51 52: 1434, 10, 3
0 51 53: 1434, 10, 3
0 51 54: 1434, 10, 3
0 51 55: 1434, 10, 3
0 52 0: 1434, 10, 2
0 52 1: 1417, 0, 1
0 52 2: 1171, 10, 2
0 52 7: 1417, 9, 3
0 52 7: 1453, 7, 3
0 52 8: 1417, 0, 0
0 52 9: 1417, 9, 0
0 52 12: 1249, 22, 1
0 52 16: 320, 22, 1
0 52 17: 320, 22, 2
0 52 18: 198, 4, 0
0 52 18: 321, 22, 3
0 52 19: 320, 22, 0
0 52 20: 1171, 10, 0
0 52 23: 1417, 9, 2
0 52 24: 1417, 0, 2
0 52 25: 1417, 9, 1
0 52 27: 542, 10, 2
0 52 28: 828, 22, 3
0 52 29: 542, 10, 0
0 52 30: 198, 4, 0
0 52 39: 542, 10, 1
0 52 41: 543, 10, 3
0 52 43: 827, 22, 3
0 52 47: 315, 22, 0
0 52 48: 316, 22, 0
0 52 49: 1417, 9, 2
0 52 50: 1417, 1, 2
0 52 51: 1434, 10, 3
0 52 52: 1434, 10, 3
0 52 53: 1434, 10, 3
0 52 54: 1434, 10, 3
0 52 55: 1434, 10, 3
0 53 0: 1434, 10, 2
0 53 1: 1417, 1, 0
0 53 2: 1417, 9, 0
0 53 4: 1249, 22, 2
0 53 6: 198, 4, 1
0 53 7: 1417, 0, 3
0 53 8: 1434, 10, 2
0 53 9: 1417, 0, 1
0 53 12: 542, 10, 0
0 53 15: 1246, 22, 1
0 53 17: 1247, 22, 0
0 53 18: 320, 22, 1
0 53 20: 542, 10, 2
0 53 21: 466, 10, 1
0 53 24: 198, 4, 0
0 53 25: 543, 10, 2
0 53 32: 542, 10, 3
0 53 32: 1249, 22, 3
0 53 36: 1247, 22, 3
0 53 41: 315, 22, 3
0 53 44: 652, 22, 3
0 53 45: 652, 22, 0
0 53 46: 654, 22, 3
0 53 48: 315, 22, 3
0 53 49: 198, 4, 1
0 53 49: 315, 22, 2
0 53 50: 1417, 0, 3
0 53 51: 1434, 10, 3
0 53 52: 1434, 10, 3
0 53 53: 1434, 10, 3
0 53 54: 1434, 10, 3
0 53 55: 1434, 10, 3
0 54 0: 1434, 10, 2
0 54 1: 1436, 10, 1
0 54 2: 1417, 0, 1
0 54 7: 1417, 9, 2
0 54 8: 1417, 1, 2
0 54 9: 1417, 1, 0
0 54 10: 1417, 9, 0
0 54 13: 541, 10, 2
0 54 14: 542, 10, 2
0 54 19: 542, 10, 3
0 54 20: 541, 10, 1
0 54 23: 323, 22, 0
0 54 27: 322, 22, 0
0 54 27: 543, 10, 3
0 54 30: 323, 22, 2
0 54 31: 541, 10, 0
0 54 35: 1246, 22, 3
0 54 41: 1247, 22, 2
0 54 43: 654, 22, 1
0 54 44: 652, 22, 2
0 54 45: 2224, 10, 1
0 54 46: 653, 22, 2
0 54 49: 1417, 9, 3
0 54 49: 1453, 7, 3
0 54 50: 1417, 1, 3
0 54 51: 1434, 10, 3
0 54 52: 1434, 10, 3
0 54 53: 1434, 10, 3
0 54 54: 1434, 10, 3
0 54 55: 1434, 10, 3
0 55 0: 1434, 10, 2
0 55 2: 1417, 1, 0
0 55 3: 1417, 9, 0
0 55 6: 315, 22, 0
0 55 7: 1171, 10, 1
0 55 8: 1417, 0, 3
0 55 9: 1434, 10, 2
0 55 10: 1417, 0, 1
0 55 11: 198, 4, 3
0 55 13: 542, 10, 1
0 55 17: 542, 10, 0
0 55 21: 542, 10, 1
0 55 26: 320, 22, 3
0 55 27: 320, 22, 2
0 55 28: 320, 22, 2
0 55 29: 323, 22, 1
0 55 30: 320, 22, 0
0 55 31: 465, 10, 2
0 55 33: 542, 10, 0
0 55 36: 322, 22, 3
0 55 44: 652, 22, 1
0 55 45: 653, 22, 0
0 55 46: 653, 22, 1
0 55 48: 1452, 4, 1
0 55 49: 1417, 0, 3
0 55 50: 1434, 10, 3
0 55 51: 1434, 10, 3
0 55 52: 1434, 10, 3
0 55 53: 1434, 10, 3
0 55 54: 1434, 10, 3
0 56 0: 1434, 10, 2
0 56 1: 1434, 10, 2
0 56 2: 1434, 10, 2
0 56 3: 1417, 0, 1
0 56 4: 198, 4, 3
0 56 8: 198, 7, 2
0 56 8: 1417, 9, 2
0 56 9: 1417, 1, 2
0 56 10: 1417, 1, 0
0 56 11: 1417, 9, 0
0 56 16: 464, 10, 2
0 56 19: 543, 10, 0
0 56 26: 323, 22, 0
0 56 27: 322, 22, 1
0 56 28: 322, 22, 3
0 56 29: 320, 22, 0
0 56 30: 319, 22, 2
0 56 33: 320, 22, 2
0 56 34: 323, 22, 3
0 56 37: 198, 4, 2
0 56 41: 827, 22, 0
0 56 42: 828, 22, 0
0 56 45: 653, 22, 0
0 56 48: 1417, 9, 3
0 56 49: 1417, 1, 3
0 56 50: 1434, 10, 3
0 56 51: 1434, 10, 3
0 56 52: 1434, 10, 3
0 56 53: 1434, 10, 3
0 56 54: 1434, 10, 3
0 57 0: 1434, 10, 2
0 57 1: 1434, 10, 2
0 57 2: 1417, 1, 1
0 57 3: 1417, 9, 1
0 57 4: 1089, 10, 3
0 57 6: 315, 22, 1
0 57 7: 1089, 10, 3
0 57 9: 1417, 9, 2
0 57 10: 1417, 1, 2
0 57 11: 1417, 1, 0
0 57 12: 1417, 0, 0
0 57 13: 1417, 9, 0
0 57 14: 198, 4, 2
0 57 15: 542, 10, 3
0 57 23: 543, 10, 1
0 57 25: 320, 22, 0
0 57 26: 543, 10, 0
0 57 29: 320, 22, 1
0 57 30: 542, 10, 1
0 57 31: 320, 22, 1
0 57 32: 320, 22, 3
0 57 33: 322, 22, 2
0 57 35: 1454, 4, 2
0 57 36: 1417, 9, 3
0 57 36: 1452, 7, 3
0 57 37: 1417, 0, 0
0 57 38: 1417, 9, 0
0 57 39: 1452, 4, 2
0 57 43: 825, 22, 0
0 57 47: 198, 4, 1
0 57 48: 1417, 0, 3
0 57 49: 1434, 10, 3
0 57 50: 1434, 10, 3
0 57 51: 1434, 10, 3
0 57 52: 1434, 10, 3
0 57 53: 1434, 10, 3
0 58 0: 1434, 10, 2
0 58 1: 1434, 10, 2
0 58 2: 1417, 0, 1
0 58 4: 315, 22, 2
0 58 6: 599, 11, 0
0 58 6: 1246, 22, 1
0 58 8: 1246, 22, 0
0 58 10: 1417, 9, 2
0 58 11: 1417, 1, 2
0 58 12: 1434, 10, 2
0 58 13: 1417, 1, 0
0 58 14: 1417, 0, 0
0 58 15: 1417, 9, 0
0 58 17: 1246, 22, 3
0 58 20: 541, 10, 3
0 58 20: 1453, 4, 2
0 58 28: 1454, 4, 2
0 58 34: 198, 7, 3
0 58 34: 1417, 9, 3
0 58 35: 1417, 0, 0
0 58 36: 1417, 1, 3
0 58 37: 1434, 10, 2
0 58 38: 1417, 1, 0
0 58 39: 1417, 0, 0
0 58 40: 1417, 9, 0
0 58 41: 315, 22, 2
0 58 44: 315, 22, 3
0 58 45: 315, 22, 2
0 58 46: 1454, 4, 2
0 58 47: 1417, 9, 3
0 58 47: 1453, 7, 3
0 58 48: 1417, 1, 3
0 58 49: 1434, 10, 3
0 58 50: 1434, 10, 3
0 58 51: 1434, 10, 3
0 58 52: 1434, 10, 3
0 58 53: 1434, 10, 3
0 59 0: 1434, 10, 2
0 59 1: 1417, 1, 1
0 59 2: 198, 7, 1
0 59 2: 1417, 9, 1
0 59 5: 2223, 11, 0
0 59 6: 1089, 10, 1
0 59 9: 1171, 10, 3
0 59 11: 1417, 0, 3
0 59 12: 1434, 10, 2
0 59 13: 1434, 10, 2
0 59 14: 1434, 10, 2
0 59 15: 1417, 1, 0
0 59 16: 1417, 0, 0
0 59 17: 1417, 9, 0
0 59 18: 198, 4, 2
0 59 19: 1417, 9, 3
0 59 19: 1454, 7, 3
0 59 20: 1417, 0, 0
0 59 21: 1417, 9, 0
0 59 22: 1455, 4, 2
0 59 23: 1171, 10, 1
0 59 24: 542, 10, 0
0 59 25: 1171, 10, 0
0 59 27: 1417, 9, 3
0 59 27: 1454, 7, 3
0 59 28: 1417, 0, 0
0 59 29: 198, 7, 0
0 59 29: 1417, 9, 0
0 59 30: 1452, 4, 2
0 59 32: 541, 10, 2
0 59 34: 1417, 0, 3
0 59 35: 1436, 10, 0
0 59 38: 1434, 10, 1
0 59 39: 1434, 10, 1
0 59 40: 1417, 0, 1
0 59 41: 316, 22, 2
0 59 42: 315, 22, 1
0 59 43: 315, 22, 1
0 59 44: 316, 22, 3
0 59 44: 1454, 4, 2
0 59 45: 1417, 9, 3
0 59 45: 1452, 7, 3
0 59 46: 1417, 0, 0
0 59 47: 1417, 1, 3
0 59 48: 1434, 10, 3
0 59 49: 1434, 10, 3
0 59 50: 1434, 10, 3
0 59 51: 1434, 10, 3
0 59 52: 1434, 10, 3
0 60 0: 1434, 10, 2
0 60 1: 1417, 0, 1
0 60 4: 1246, 22, 3
0 60 6: 1417, 9, 3
0 60 6: 1453, 7, 3
0 60 7: 1417, 0, 0
0 60 8: 1417, 9, 0
0 60 9: 198, 4, 2
0 60 10: 1417, 9, 3
0 60 10: 1453, 7, 3
0 60 11: 1417, 1, 3
0 60 12: 1434, 10, 2
0 60 13: 1434, 10, 2
0 60 14: 1434, 10, 2
0 60 15: 1434, 10, 2
0 60 16: 1434, 10, 2
0 60 17: 1417, 1, 0
0 60 18: 1417, 0, 0
0 60 19: 1417, 1, 3
0 60 20: 1434, 10, 2
0 60 21: 1417, 1, 0
0 60 22: 1417, 0, 0
0 60 23: 1417, 9, 0
0 60 24: 1171, 10, 3
0 60 25: 1417, 9, 3
0 60 25: 1452, 7, 3
0 60 26: 1417, 0, 0
0 60 27: 1417, 1, 3
0 60 28: 1434, 10, 2
0 60 29: 1417, 1, 0
0 60 30: 1417, 0, 0
0 60 31: 1417, 9, 0
0 60 32: 1454, 4, 2
0 60 33: 1417, 9, 3
0 60 33: 1454, 7, 3
0 60 34: 1417, 1, 3
0 60 39: 1434, 10, 1
0 60 40: 1417, 1, 0
0 60 41: 1417, 9, 0
0 60 42: 198, 4, 2
0 60 43: 1417, 9, 3
0 60 44: 1417, 0, 0
0 60 45: 1417, 1, 3
0 60 46: 1434, 10, 3
0 60 47: 1434, 10, 3
0 60 48: 1434, 10, 3
0 60 49: 1434, 10, 3
0 60 50: 1434, 10, 3
0 61 0: 1434, 10, 2
0 61 1: 1417, 1, 0
0 61 2: 1417, 9, 0
0 61 4: 1417, 9, 3
0 61 4: 1454, 7, 3
0 61 5: 1417, 0, 0
0 61 6: 1417, 1, 3
0 61 7: 1434, 10, 1
0 61 8: 1417, 1, 0
0 61 9: 1417, 0, 0
0 61 10: 1417, 1, 3
0 61 11: 1434, 10, 2
0 61 12: 1434, 10, 2
0 61 13: 1434, 10, 2
0 61 14: 1434, 10, 2
0 61 15: 1434, 10, 2
0 61 16: 1434, 10, 2
0 61 17: 1434, 10, 2
0 61 18: 1434, 10, 2
0 61 19: 1434, 10, 2
0 61 20: 1434, 10, 2
0 61 21: 1434, 10, 2
0 61 22: 1434, 10, 2
0 61 23: 1417, 1, 0
0 61 24: 1417, 0, 0
0 61 25: 1417, 1, 3
0 61 26: 1434, 10, 2
0 61 27: 1434, 10, 2
0 61 28: 1434, 10, 2
0 61 29: 1434, 10, 2
0 61 30: 1434, 10, 1
0 61 31: 1417, 1, 0
0 61 32: 1417, 0, 0
0 61 33: 1417, 1, 3
0 61 34: 1436, 10, 0
0 61 40: 1434, 10, 0
0 61 41: 1417, 1, 0
0 61 42: 1417, 0, 0
0 61 43: 1417, 1, 3
0 61 44: 1434, 10, 3
0 61 45: 1434, 10, 3
0 61 46: 1434, 10, 3
0 62 0: 1434, 10, 0
0 62 1: 1434, 10, 0
0 62 2: 1417, 1, 0
0 62 3: 1417, 0, 0
0 62 4: 1417, 1, 3
0 62 5: 1434, 10, 2
0 62 6: 1434, 10, 2
0 62 7: 1434, 10, 2
0 62 8: 1434, 10, 2
0 62 9: 1434, 10, 2
0 62 10: 1434, 10, 2
0 62 11: 1434, 10, 2
0 62 12: 1434, 10, 2
0 62 13: 1434, 10, 2
0 62 14: 1434, 10, 2
0 62 15: 1434, 10, 2
0 62 16: 1434, 10, 2
0 62 17: 1434, 10, 2
0 62 18: 1434, 10, 0
0 62 19: 1434, 10, 2
0 62 20: 1434, 10, 2
0 62 21: 1434, 10, 0
0 62 22: 1434, 10, 2
0 62 23: 1434, 10, 2
0 62 24: 1434, 10, 2
0 62 25: 1434, 10, 2
0 62 26: 1434, 10, 0
0 62 27: 1434, 10, 0
0 62 28: 1434, 10, 2
0 62 29: 1434, 10, 2
0 62 40: 1436, 10, 1
0 62 41: 1434, 10, 1
0 62 42: 1434, 10, 1
0 62 43: 1434, 10, 1
0 62 44: 1436, 10, 0
0 63 0: 1434, 10, 0
0 63 1: 1434, 10, 0
0 63 2: 1434, 10, 0
0 63 3: 1434, 10, 2
0 63 4: 1434, 10, 2
0 63 5: 1434, 10, 2
0 63 6: 1434, 10, 2
0 63 7: 1434, 10, 2
0 63 8: 1436, 10, 0
1 0 0: 1434, 10, 2
1 0 1: 1434, 10, 2
1 0 2: 1434, 10, 2
1 0 3: 1434, 10, 2
1 0 4: 1434, 10, 2
1 0 5: 1434, 10, 2
1 0 6: 1434, 10, 2
1 0 7: 1434, 10, 2
1 0 8: 1434, 10, 2
1 0 9: 1434, 10, 2
1 0 10: 1434, 10, 2
1 0 11: 1434, 10, 2
1 0 12: 1434, 10, 2
1 0 13: 1434, 10, 2
1 0 14: 1434, 10, 2
1 0 15: 1434, 10, 2
1 0 16: 1434, 10, 2
1 0 17: 1434, 10, 2
1 0 18: 1434, 10, 2
1 0 19: 1434, 10, 2
1 0 20: 1434, 10, 2
1 0 21: 1434, 10, 2
1 0 22: 1434, 10, 2
1 0 23: 1434, 10, 2
1 0 24: 1434, 10, 2
1 0 25: 1434, 10, 2
1 0 26: 1434, 10, 2
1 0 27: 1434, 10, 2
1 0 28: 1434, 10, 2
1 0 29: 1434, 10, 2
1 0 30: 1434, 10, 2
1 0 31: 1434, 10, 2
1 0 32: 1434, 10, 2
1 0 33: 1434, 10, 2
1 0 34: 1434, 10, 2
1 0 35: 1434, 10, 2
1 0 36: 1434, 10, 2
1 0 37: 1434, 10, 2
1 0 38: 1434, 10, 2
1 0 39: 1434, 10, 2
1 0 40: 1434, 10, 2
1 0 41: 1434, 10, 2
1 0 42: 1434, 10, 2
1 0 43: 1434, 10, 2
1 0 44: 1434, 10, 2
1 0 45: 1434, 10, 2
1 0 46: 1434, 10, 2
1 0 47: 1434, 10, 2
1 0 48: 1434, 10, 2
1 0 49: 1434, 10, 2
1 0 50: 1434, 10, 2
1 0 51: 1434, 10, 2
1 0 52: 1434, 10, 2
1 1 0: 1434, 10, 2
1 1 1: 1434, 10, 2
1 1 2: 1434, 10, 2
1 1 3: 1434, 10, 2
1 1 4: 1434, 10, 2
1 1 5: 1434, 10, 2
1 1 6: 1434, 10, 2
1 1 7: 1434, 10, 2
1 1 8: 1434, 10, 2
1 1 9: 1434, 10, 2
1 1 10: 1434, 10, 2
1 1 11: 1434, 10, 2
1 1 12: 1434, 10, 2
1 1 13: 1434, 10, 2
1 1 14: 1434, 10, 2
1 1 15: 1434, 10, 2
1 1 16: 1434, 10, 2
1 1 17: 1434, 10, 2
1 1 18: 1434, 10, 2
1 1 19: 1434, 10, 2
1 1 20: 1434, 10, 2
1 1 21: 1434, 10, 2
1 1 22: 1434, 10, 2
1 1 23: 1434, 10, 2
1 1 24: 1434, 10, 2
1 1 25: 1434, 10, 2
1 1 26: 1434, 10, 2
1 1 27: 1434, 10, 2
1 1 28: 1434, 10, 2
1 1 29: 1434, 10, 2
1 1 30: 1434, 10, 2
1 1 31: 1434, 10, 2
1 1 32: 1434, 10, 2
1 1 33: 1434, 10, 2
1 1 34: 1434, 10, 2
1 1 35: 1434, 10, 2
1 1 36: 1434, 10, 2
1 1 37: 1434, 10, 2
1 1 38: 1434, 10, 2
1 1 39: 1434, 10, 2
1 1 40: 1434, 10, 2
1 1 41: 1434, 10, 2
1 1 42: 1434, 10, 2
1 1 43: 1434, 10, 2
1 1 44: 1434, 10, 2
1 1 45: 1434, 10, 2
1 1 46: 1434, 10, 2
1 1 47: 1434, 10, 2
1 1 48: 1434, 10, 2
1 1 49: 1434, 10, 2
1 1 50: 1434, 10, 2
1 1 51: 1434, 10, 2
1 1 52: 1434, 10, 2
1 2 0: 1434, 10, 2
1 2 1: 1434, 10, 2
1 2 2: 1434, 10, 2
1 2 3: 1434, 10, 2
1 2 4: 1434, 10, 2
1 2 5: 1434, 10, 2
1 2 6: 1434, 10, 2
1 2 7: 1434, 10, 2
1 2 8: 1434, 10, 2
1 2 9: 1434, 10, 2
1 2 10: 1434, 10, 2
1 2 11: 1428, 1, 1
1 2 12: 1428, 0, 2
1 2 13: 1428, 0, 2
1 2 14: 1428, 0, 2
1 2 15: 1428, 1, 2
1 2 16: 1434, 10, 2
1 2 17: 1434, 10, 2
1 2 18: 1434, 10, 2
1 2 19: 1434, 10, 2
1 2 20: 1434, 10, 2
1 2 21: 1434, 10, 2
1 2 22: 1434, 10, 2
1 2 23: 1434, 10, 2
1 2 24: 1434, 10, 2
1 2 25: 1434, 10, 2
1 2 26: 1434, 10, 2
1 2 27: 1434, 10, 2
1 2 28: 1434, 10, 2
1 2 29: 1434, 10, 2
1 2 30: 1434, 10, 2
1 2 31: 1434, 10, 2
1 2 32: 1434, 10, 2
1 2 33: 1428, 1, 1
1 2 34: 1428, 0, 2
1 2 35: 1428, 1, 2
1 2 36: 1434, 10, 2
1 2 37: 1428, 1, 1
1 2 38: 1428, 0, 2
1 2 39: 1428, 1, 2
1 2 40: 1434, 10, 2
1 2 41: 1428, 1, 1
1 2 42: 1428, 0, 2
1 2 43: 1428, 1, 2
1 2 44: 1434, 10, 2
1 2 45: 1434, 10, 2
1 2 46: 1434, 10, 2
1 2 47: 1434, 10, 2
1 2 48: 1434, 10, 2
1 2 49: 1434, 10, 2
1 2 50: 1434, 10, 2
1 2 51: 1434, 10, 2
1 2 52: 1434, 10, 2
1 3 0: 1434, 10, 2
1 3 1: 1434, 10, 2
1 3 2: 1434, 10, 2
1 3 3: 1434, 10, 2
1 3 4: 1434, 10, 2
1 3 5: 1434, 10, 2
1 3 6: 1434, 10, 2
1 3 7: 1434, 10, 2
1 3 8: 1434, 10, 2
1 3 9: 1434, 10, 2
1 3 10: 1428, 1, 1
1 3 11: 1428, 9, 1
1 3 12: 321, 22, 3
1 3 13: 320, 22, 3
1 3 15: 1428, 9, 2
1 3 16: 1428, 0, 2
1 3 17: 1428, 0, 2
1 3 18: 1428, 1, 2
1 3 19: 1434, 10, 2
1 3 20: 1434, 10, 2
1 3 21: 1434, 10, 2
1 3 22: 1428, 1, 1
1 3 23: 1428, 0, 2
1 3 24: 1428, 0, 2
1 3 25: 1428, 0, 2
1 3 26: 1428, 0, 2
1 3 27: 1428, 0, 2
1 3 28: 1428, 1, 2
1 3 29: 1434, 10, 2
1 3 30: 1434, 10, 2
1 3 31: 1428, 1, 1
1 3 32: 1428, 0, 2
1 3 33: 1428, 9, 1
1 3 34: 320, 22, 0
1 3 35: 1428, 9, 2
1 3 36: 1428, 0, 2
1 3 37: 1428, 9, 1
1 3 39: 1428, 9, 2
1 3 40: 1428, 0, 2
1 3 41: 1428, 9, 1
1 3 43: 1428, 9, 2
1 3 44: 1428, 0, 2
1 3 45: 1428, 1, 2
1 3 46: 1434, 10, 2
1 3 47: 1434, 10, 2
1 3 48: 1434, 10, 2
1 3 49: 1434, 10, 2
1 3 50: 1434, 10, 2
1 3 51: 1434, 10, 2
1 3 52: 1434, 10, 2
1 4 0: 1434, 10, 2
1 4 1: 1434, 10, 2
1 4 2: 1434, 10, 2
1 4 3: 1434, 10, 2
1 4 4: 1434, 10, 2
1 4 5: 1434, 10, 2
1 4 6: 1434, 10, 2
1 4 7: 1428, 1, 1
1 4 8: 1428, 0, 2
1 4 9: 1428, 0, 2
1 4 10: 1428, 9, 1
1 4 15: 1435, 10, 3
1 4 17: 1435, 10, 2
1 4 18: 1428, 9, 2
1 4 19: 1428, 0, 2
1 4 20: 1428, 0, 2
1 4 21: 1428, 0, 2
1 4 22: 1428, 9, 1
1 4 28: 1428, 9, 2
1 4 29: 1428, 0, 2
1 4 30: 1428, 0, 2
1 4 31: 1428, 9, 1
1 4 33: 320, 22, 0
1 4 34: 321, 22, 2
1 4 35: 1435, 10, 2
1 4 40: 1435, 10, 3
1 4 44: 320, 22, 2
1 4 45: 1428, 9, 2
1 4 46: 1428, 0, 2
1 4 47: 1428, 1, 2
1 4 48: 1434, 10, 2
1 4 49: 1434, 10, 2
1 4 50: 1434, 10, 2
1 4 51: 1434, 10, 2
1 4 52: 1434, 10, 2
1 5 0: 1434, 10, 2
1 5 1: 1434, 10, 2
1 5 2: 1434, 10, 2
1 5 3: 1428, 1, 1
1 5 4: 1428, 0, 2
1 5 5: 1428, 0, 2
1 5 6: 1428, 0, 2
1 5 7: 1428, 9, 1
1 5 18: 1435, 10, 3
1 5 19: 1435, 10, 2
1 5 31: 1435, 10, 3
1 5 33: 1435, 10, 2
1 5 43: 1435, 10, 3
1 5 44: 320, 22, 3
1 5 47: 1428, 9, 2
1 5 48: 1428, 1, 2
1 5 49: 1434, 10, 2
1 5 50: 1434, 10, 2
1 5 51: 1434, 10, 2
1 5 52: 1434, 10, 2
1 6 0: 1434, 10, 2
1 6 1: 1434, 10, 2
1 6 2: 1428, 1, 1
1 6 3: 1428, 9, 1
1 6 45: 321, 22, 0
1 6 46: 320, 22, 0
1 6 48: 1428, 0, 3
1 6 49: 1434, 10, 2
1 6 50: 1434, 10, 2
1 6 51: 1434, 10, 2
1 6 52: 1434, 10, 2
1 7 0: 1434, 10, 2
1 7 1: 1434, 10, 2
1 7 2: 1428, 0, 1
1 7 44: 1435, 10, 3
1 7 46: 320, 22, 1
1 7 47: 1428, 9, 3
1 7 48: 1428, 1, 3
1 7 49: 1434, 10, 2
1 7 50: 1434, 10, 2
1 7 51: 1434, 10, 2
1 7 52: 1434, 10, 2
1 8 0: 1434, 10, 2
1 8 1: 1434, 10, 2
1 8 2: 1428, 0, 1
1 8 47: 1428, 0, 3
1 8 48: 1434, 10, 2
1 8 49: 1434, 10, 2
1 8 50: 1434, 10, 2
1 8 51: 1434, 10, 2
1 8 52: 1434, 10, 2
1 9 0: 1434, 10, 2
1 9 1: 1428, 1, 1
1 9 2: 1428, 9, 1
1 9 45: 1435, 10, 3
1 9 47: 1428, 9, 2
1 9 48: 1428, 1, 2
1 9 49: 1434, 10, 2
1 9 50: 1434, 10, 2
1 9 51: 1434, 10, 2
1 9 52: 1434, 10, 2
1 10 0: 1434, 10, 2
1 10 1: 1428, 0, 1
1 10 47: 321, 22, 3
1 10 48: 1428, 0, 3
1 10 49: 1434, 10, 2
1 10 50: 1434, 10, 2
1 10 51: 1434, 10, 2
1 10 52: 1434, 10, 2
1 11 0: 1428, 1, 1
1 11 1: 1428, 9, 1
1 11 47: 1428, 9, 3
1 11 48: 1428, 1, 3
1 11 49: 1434, 10, 2
1 11 50: 1434, 10, 2
1 11 51: 1434, 10, 2
1 11 52: 1434, 10, 2
1 12 0: 1428, 0, 1
1 12 47: 1428, 0, 3
1 12 48: 1434, 10, 2
1 12 49: 1434, 10, 0
1 12 50: 1434, 10, 2
1 12 51: 1434, 10, 2
1 12 52: 1434, 10, 2
1 13 0: 1428, 1, 0
1 13 1: 1428, 9, 0
1 13 2: 1435, 10, 1
1 13 46: 320, 22, 3
1 13 47: 1428, 9, 2
1 13 48: 1428, 1, 2
1 13 49: 1434, 10, 2
1 13 50: 1434, 10, 2
1 13 51: 1434, 10, 2
1 13 52: 1434, 10, 2
1 14 0: 1434, 10, 2
1 14 1: 1428, 1, 0
1 14 2: 1428, 0, 0
1 14 3: 1428, 9, 0
1 14 4: 1435, 10, 1
1 14 22: 1435, 10, 0
1 14 23: 1435, 10, 1
1 14 47: 320, 22, 2
1 14 48: 1428, 0, 3
1 14 49: 1434, 10, 2
1 14 50: 1434, 10, 2
1 14 51: 1434, 10, 2
1 14 52: 1434, 10, 2
1 15 0: 1434, 10, 2
1 15 1: 1434, 10, 2
1 15 2: 1434, 10, 2
1 15 3: 1428, 1, 0
1 15 4: 1428, 0, 0
1 15 5: 1428, 9, 0
1 15 6: 320, 22, 3
1 15 7: 321, 22, 0
1 15 8: 320, 22, 0
1 15 9: 1428, 9, 3
1 15 10: 1428, 0, 0
1 15 11: 1428, 0, 0
1 15 12: 1428, 0, 0
1 15 13: 1428, 9, 0
1 15 15: 1435, 10, 1
1 15 19: 1435, 10, 0
1 15 20: 1428, 9, 3
1 15 21: 1428, 0, 0
1 15 22: 1428, 0, 0
1 15 23: 1428, 9, 0
1 15 26: 320, 22, 2
1 15 27: 321, 22, 1
1 15 30: 1428, 9, 3
1 15 31: 1428, 9, 0
1 15 32: 1435, 10, 1
1 15 47: 1428, 9, 3
1 15 48: 1428, 1, 3
1 15 49: 1434, 10, 2
1 15 50: 1434, 10, 2
1 15 51: 1434, 10, 2
1 15 52: 1434, 10, 2
1 16 0: 1434, 10, 2
1 16 1: 1434, 10, 2
1 16 2: 1434, 10, 2
1 16 3: 1434, 10, 2
1 16 4: 1434, 10, 2
1 16 5: 1428, 1, 0
1 16 6: 1428, 0, 0
1 16 7: 1428, 0, 0
1 16 8: 1428, 0, 0
1 16 9: 1428, 1, 3
1 16 10: 1434, 10, 2
1 16 11: 1434, 10, 2
1 16 12: 1434, 10, 2
1 16 13: 1428, 1, 0
1 16 14: 1428, 0, 0
1 16 15: 1428, 9, 0
1 16 18: 1428, 9, 3
1 16 19: 1428, 0, 0
1 16 20: 1428, 1, 3
1 16 21: 1434, 10, 2
1 16 22: 1434, 10, 2
1 16 23: 1428, 1, 0
1 16 24: 1428, 0, 0
1 16 25: 1428, 9, 0
1 16 27: 320, 22, 1
1 16 28: 1428, 9, 3
1 16 29: 1428, 0, 0
1 16 30: 1428, 1, 3
1 16 31: 1428, 0, 1
1 16 47: 1428, 0, 3
1 16 48: 1434, 10, 2
1 16 49: 1434, 10, 2
1 16 50: 1434, 10, 2
1 16 51: 1434, 10, 2
1 16 52: 1434, 10, 2
1 17 0: 1434, 10, 2
1 17 1: 1434, 10, 2
1 17 2: 1434, 10, 2
1 17 3: 1434, 10, 2
1 17 4: 1434, 10, 2
1 17 5: 1434, 10, 2
1 17 6: 1434, 10, 2
1 17 7: 1434, 10, 2
1 17 8: 1434, 10, 2
1 17 9: 1434, 10, 2
1 17 10: 1434, 10, 2
1 17 11: 1434, 10, 2
1 17 12: 1434, 10, 2
1 17 13: 1434, 10, 2
1 17 14: 1434, 10, 2
1 17 15: 1428, 1, 0
1 17 16: 1428, 0, 0
1 17 17: 1428, 0, 0
1 17 18: 1428, 1, 3
1 17 19: 1434, 10, 2
1 17 20: 1434, 10, 2
1 17 21: 1434, 10, 2
1 17 22: 1434, 10, 2
1 17 23: 1434, 10, 2
1 17 24: 1434, 10, 2
1 17 25: 1428, 1, 0
1 17 26: 1428, 0, 0
1 17 27: 1428, 0, 0
1 17 28: 1428, 1, 3
1 17 29: 1434, 10, 2
1 17 30: 1428, 1, 1
1 17 31: 1428, 9, 1
1 17 45: 1435, 10, 0
1 17 46: 1428, 9, 3
1 17 47: 1428, 1, 3
1 17 48: 1434, 10, 2
1 17 49: 1434, 10, 2
1 17 50: 1434, 10, 2
1 17 51: 1434, 10, 2
1 17 52: 1434, 10, 2
1 18 0: 1434, 10, 2
1 18 1: 1434, 10, 2
1 18 2: 1434, 10, 2
1 18 3: 1434, 10, 2
1 18 4: 1434, 10, 2
1 18 5: 1434, 10, 2
1 18 6: 1434, 10, 2
1 18 7: 1434, 10, 2
1 18 8: 1434, 10, 2
1 18 9: 1434, 10, 2
1 18 10: 1434, 10, 2
1 18 11: 1434, 10, 2
1 18 12: 1434, 10, 2
1 18 13: 1434, 10, 2
1 18 14: 1434, 10, 2
1 18 15: 1434, 10, 2
1 18 16: 1434, 10, 2
1 18 17: 1434, 10, 2
1 18 18: 1434, 10, 2
1 18 19: 1434, 10, 2
1 18 20: 1434, 10, 2
1 18 21: 1434, 10, 2
1 18 22: 1434, 10, 2
1 18 23: 1434, 10, 2
1 18 24: 1434, 10, 2
1 18 25: 1434, 10, 2
1 18 26: 1434, 10, 2
1 18 27: 1434, 10, 2
1 18 28: 1434, 10, 2
1 18 29: 1434, 10, 2
1 18 30: 1428, 0, 1
1 18 31: 1435, 10, 2
1 18 46: 1428, 0, 3
1 18 47: 1434, 10, 2
1 18 48: 1434, 10, 2
1 18 49: 1434, 10, 2
1 18 50: 1434, 10, 2
1 18 51: 1434, 10, 2
1 19 3: 1434, 10, 2
1 19 4: 1434, 10, 2
1 19 5: 1434, 10, 2
1 19 6: 1434, 10, 2
1 19 7: 1434, 10, 2
1 19 8: 1434, 10, 2
1 19 9: 1434, 10, 2
1 19 10: 1434, 10, 2
1 19 11: 1434, 10, 2
1 19 14: 1434, 10, 2
1 19 15: 1434, 10, 2
1 19 16: 1434, 10, 2
1 19 17: 1434, 10, 2
1 19 18: 1434, 10, 2
1 19 19: 1434, 10, 2
1 19 20: 1434, 10, 2
1 19 21: 1434, 10, 2
1 19 22: 1434, 10, 2
1 19 23: 1434, 10, 2
1 19 24: 1434, 10, 2
1 19 25: 1434, 10, 2
1 19 26: 1434, 10, 2
1 19 27: 1434, 10, 2
1 19 28: 1428, 1, 1
1 19 29: 1428, 0, 2
1 19 30: 1428, 9, 1
1 19 44: 1435, 10, 0
1 19 45: 1428, 9, 3
1 19 46: 1428, 1, 3
1 19 47: 1434, 10, 2
1 19 48: 1434, 10, 2
1 19 49: 1434, 10, 2
1 19 50: 1434, 10, 2
1 19 51: 1434, 10, 2
1 20 15: 1434, 10, 2
1 20 16: 1434, 10, 2
1 20 17: 1434, 10, 2
1 20 18: 1434, 10, 2
1 20 19: 1434, 10, 2
1 20 20: 1434, 10, 2
1 20 21: 1434, 10, 2
1 20 22: 1434, 10, 2
1 20 23: 1434, 10, 2
1 20 24: 1434, 10, 2
1 20 25: 1434, 10, 2
1 20 26: 1428, 1, 1
1 20 27: 1428, 0, 2
1 20 28: 1428, 9, 1
1 20 42: 1435, 10, 0
1 20 45: 1428, 0, 3
1 20 46: 1434, 10, 2
1 20 47: 1434, 10, 2
1 20 48: 1434, 10, 2
1 20 49: 1434, 10, 2
1 20 50: 1434, 10, 2
1 20 51: 1434, 10, 2
1 21 15: 1434, 10, 2
1 21 16: 1434, 10, 2
1 21 17: 1434, 10, 2
1 21 18: 1434, 10, 2
1 21 19: 1434, 10, 2
1 21 20: 1434, 10, 2
1 21 21: 1434, 10, 2
1 21 22: 1434, 10, 2
1 21 23: 1434, 10, 2
1 21 24: 1434, 10, 2
1 21 25: 1428, 1, 1
1 21 26: 1428, 9, 1
1 21 44: 1428, 9, 3
1 21 45: 1428, 1, 3
1 21 46: 1434, 10, 2
1 21 47: 1434, 10, 2
1 21 48: 1434, 10, 2
1 21 49: 1434, 10, 2
1 21 50: 1434, 10, 2
1 22 15: 1434, 10, 2
1 22 16: 1434, 10, 2
1 22 17: 1434, 10, 2
1 22 18: 1434, 10, 2
1 22 19: 1434, 10, 2
1 22 20: 1434, 10, 2
1 22 21: 1434, 10, 2
1 22 22: 1434, 10, 2
1 22 23: 1428, 1, 1
1 22 24: 1428, 0, 2
1 22 25: 1428, 9, 1
1 22 41: 1435, 10, 0
1 22 42: 320, 22, 3
1 22 43: 1428, 9, 3
1 22 44: 1428, 1, 3
1 22 45: 1434, 10, 2
1 22 46: 1434, 10, 2
1 22 47: 1434, 10, 2
1 22 48: 1434, 10, 2
1 22 49: 1434, 10, 2
1 22 50: 1434, 10, 2
1 23 15: 1434, 10, 2
1 23 16: 1434, 10, 2
1 23 17: 1434, 10, 2
1 23 18: 1434, 10, 2
1 23 19: 1434, 10, 2
1 23 20: 1434, 10, 2
1 23 21: 1428, 1, 1
1 23 22: 1428, 0, 2
1 23 23: 1428, 9, 1
1 23 24: 1435, 10, 2
1 23 41: 319, 22, 3
1 23 43: 1428, 0, 3
1 23 44: 1434, 10, 2
1 23 45: 1434, 10, 2
1 23 46: 1434, 10, 2
1 23 47: 1434, 10, 2
1 23 48: 1434, 10, 2
1 23 49: 1434, 10, 2
1 24 15: 1434, 10, 2
1 24 16: 1434, 10, 2
1 24 17: 1434, 10, 2
1 24 18: 1434, 10, 2
1 24 19: 1428, 1, 1
1 24 20: 1428, 0, 2
1 24 21: 1428, 9, 1
1 24 22: 1435, 10, 2
1 24 40: 1435, 10, 0
1 24 42: 1428, 9, 3
1 24 43: 1428, 1, 3
1 24 44: 1434, 10, 2
1 24 45: 1434, 10, 2
1 24 46: 1434, 10, 2
1 24 47: 1434, 10, 2
1 24 48: 1434, 10, 2
1 25 15: 1434, 10, 2
1 25 16: 1434, 10, 2
1 25 17: 1434, 10, 2
1 25 18: 1428, 1, 1
1 25 19: 1428, 9, 1
1 25 21: 319, 22, 1
1 25 40: 1428, 9, 3
1 25 41: 1428, 0, 0
1 25 42: 1428, 1, 3
1 25 43: 1434, 10, 2
1 25 44: 1434, 10, 2
1 25 45: 1434, 10, 2
1 25 46: 1434, 10, 2
1 25 47: 1434, 10, 2
1 25 48: 1434, 10, 2
1 26 15: 1434, 10, 2
1 26 16: 1434, 10, 2
1 26 17: 1434, 10, 2
1 26 18: 1428, 0, 1
1 26 21: 1435, 10, 2
1 26 39: 1435, 10, 0
1 26 40: 1428, 0, 3
1 26 41: 1434, 10, 2
1 26 42: 1434, 10, 2
1 26 43: 1434, 10, 2
1 26 44: 1434, 10, 2
1 26 45: 1434, 10, 2
1 26 46: 1434, 10, 2
1 26 47: 1434, 10, 2
1 27 15: 1434, 10, 2
1 27 16: 1434, 10, 2
1 27 17: 1434, 10, 2
1 27 18: 1428, 0, 1
1 27 19: 320, 22, 3
1 27 20: 320, 22, 0
1 27 39: 1428, 9, 3
1 27 40: 1428, 1, 3
1 27 41: 1434, 10, 2
1 27 42: 1434, 10, 2
1 27 43: 1434, 10, 2
1 27 44: 1434, 10, 2
1 27 45: 1434, 10, 2
1 27 46: 1434, 10, 2
1 28 15: 1434, 10, 2
1 28 16: 1434, 10, 2
1 28 17: 1434, 10, 2
1 28 18: 1428, 0, 1
1 28 19: 319, 22, 2
1 28 20: 1435, 10, 2
1 28 38: 1435, 10, 0
1 28 39: 1428, 0, 3
1 28 40: 1434, 10, 2
1 28 41: 1434, 10, 2
1 28 42: 1434, 10, 2
1 28 43: 1434, 10, 2
1 28 44: 1434, 10, 2
1 28 45: 1434, 10, 2
1 28 46: 1434, 10, 2
1 29 12: 1434, 10, 2
1 29 13: 1434, 10, 2
1 29 14: 1434, 10, 2
1 29 15: 1434, 10, 2
1 29 16: 1434, 10, 2
1 29 17: 1428, 1, 1
1 29 18: 1428, 9, 1
1 29 19: 320, 22, 3
1 29 36: 1435, 10, 0
1 29 38: 1428, 9, 3
1 29 39: 1428, 1, 3
1 29 40: 1434, 10, 2
1 29 41: 1434, 10, 2
1 29 42: 1434, 10, 2
1 29 43: 1434, 10, 2
1 29 44: 1434, 10, 2
1 29 45: 1434, 10, 2
1 30 10: 1434, 10, 2
1 30 11: 1434, 10, 2
1 30 12: 1434, 10, 2
1 30 13: 1434, 10, 2
1 30 14: 1434, 10, 2
1 30 15: 1434, 10, 2
1 30 16: 1434, 10, 2
1 30 17: 1428, 0, 1
1 30 19: 1435, 10, 2
1 30 34: 1435, 10, 0
1 30 36: 1428, 9, 3
1 30 37: 1428, 0, 0
1 30 38: 1428, 1, 3
1 30 39: 1434, 10, 2
1 30 40: 1434, 10, 2
1 30 41: 1434, 10, 2
1 30 42: 1434, 10, 2
1 30 43: 1434, 10, 2
1 30 44: 1434, 10, 2
1 31 9: 1434, 10, 2
1 31 10: 1434, 10, 2
1 31 11: 1434, 10, 2
1 31 12: 1434, 10, 2
1 31 13: 1434, 10, 2
1 31 14: 1434, 10, 2
1 31 15: 1434, 10, 2
1 31 16: 1428, 1, 1
1 31 17: 1428, 9, 1
1 31 18: 320, 22, 1
1 31 33: 1435, 10, 0
1 31 34: 1428, 9, 3
1 31 35: 1428, 0, 0
1 31 36: 1428, 1, 3
1 31 37: 1434, 10, 2
1 31 38: 1434, 10, 2
1 31 39: 1434, 10, 2
1 31 40: 1434, 10, 2
1 31 41: 1434, 10, 2
1 31 42: 1434, 10, 2
1 31 43: 1434, 10, 2
1 32 8: 1434, 10, 2
1 32 9: 1434, 10, 2
1 32 10: 1434, 10, 2
1 32 11: 1434, 10, 2
1 32 12: 1434, 10, 2
1 32 13: 1434, 10, 2
1 32 14: 1434, 10, 2
1 32 15: 1434, 10, 2
1 32 16: 1428, 0, 1
1 32 18: 1435, 10, 2
1 32 34: 1428, 0, 3
1 32 35: 1434, 10, 2
1 32 36: 1434, 10, 2
1 32 37: 1434, 10, 2
1 32 38: 1434, 10, 2
1 32 39: 1434, 10, 2
1 32 40: 1434, 10, 2
1 32 41: 1434, 10, 2
1 32 42: 1434, 10, 2
1 33 6: 1434, 10, 2
1 33 7: 1434, 10, 2
1 33 8: 1434, 10, 2
1 33 9: 1434, 10, 2
1 33 10: 1434, 10, 2
1 33 11: 1434, 10, 2
1 33 12: 1434, 10, 2
1 33 13: 1434, 10, 2
1 33 14: 1428, 1, 1
1 33 15: 1428, 0, 2
1 33 16: 1428, 9, 1
1 33 34: 1428, 0, 3
1 33 35: 1434, 10, 2
1 33 36: 1434, 10, 2
1 33 37: 1434, 10, 2
1 33 38: 1434, 10, 2
1 33 39: 1434, 10, 2
1 33 40: 1434, 10, 2
1 33 41: 1434, 10, 2
1 34 4: 1434, 10, 2
1 34 5: 1434, 10, 2
1 34 6: 1434, 10, 2
1 34 7: 1434, 10, 2
1 34 8: 1434, 10, 2
1 34 9: 1434, 10, 2
1 34 10: 1434, 10, 2
1 34 11: 1434, 10, 2
1 34 12: 1428, 1, 1
1 34 13: 1428, 0, 2
1 34 14: 1428, 9, 1
1 34 17: 1435, 10, 2
1 34 33: 1428, 9, 3
1 34 34: 1428, 1, 3
1 34 35: 1434, 10, 2
1 34 36: 1434, 10, 2
1 34 37: 1434, 10, 2
1 34 38: 1434, 10, 2
1 34 39: 1434, 10, 2
1 34 40: 1434, 10, 2
1 35 2: 1434, 10, 2
1 35 3: 1434, 10, 2
1 35 4: 1434, 10, 2
1 35 5: 1434, 10, 2
1 35 6: 1434, 10, 2
1 35 7: 1434, 10, 2
1 35 8: 1434, 10, 2
1 35 9: 1434, 10, 2
1 35 10: 1428, 1, 1
1 35 11: 1428, 0, 2
1 35 12: 1428, 9, 1
1 35 13: 320, 22, 1
1 35 14: 319, 22, 3
1 35 15: 1435, 10, 2
1 35 33: 1428, 0, 3
1 35 34: 1434, 10, 2
1 35 35: 1434, 10, 2
1 35 36: 1434, 10, 2
1 35 37: 1434, 10, 2
1 35 38: 1434, 10, 2
1 35 39: 1434, 10, 2
1 36 0: 1434, 10, 2
1 36 1: 1434, 10, 2
1 36 2: 1434, 10, 2
1 36 3: 1434, 10, 2
1 36 4: 1434, 10, 2
1 36 5: 1434, 10, 2
1 36 6: 1434, 10, 2
1 36 7: 1434, 10, 2
1 36 8: 1428, 1, 1
1 36 9: 1428, 0, 2
1 36 10: 1428, 9, 1
1 36 11: 320, 22, 0
1 36 13: 1435, 10, 2
1 36 33: 1428, 9, 2
1 36 34: 1428, 1, 2
1 36 35: 1434, 10, 2
1 36 36: 1434, 10, 2
1 36 37: 1434, 10, 2
1 36 38: 1434, 10, 2
1 36 39: 1434, 10, 2
1 37 0: 1434, 10, 2
1 37 1: 1434, 10, 2
1 37 2: 1434, 10, 2
1 37 3: 1434, 10, 2
1 37 4: 1434, 10, 2
1 37 5: 1434, 10, 2
1 37 6: 1428, 1, 1
1 37 7: 1428, 0, 2
1 37 8: 1428, 9, 1
1 37 9: 320, 22, 3
1 37 10: 319, 22, 0
1 37 11: 1435, 10, 2
1 37 34: 1428, 0, 3
1 37 35: 1434, 10, 2
1 37 36: 1434, 10, 0
1 37 37: 1434, 10, 2
1 37 38: 1434, 10, 2
1 38 0: 1434, 10, 2
1 38 1: 1434, 10, 2
1 38 2: 1434, 10, 2
1 38 3: 1434, 10, 2
1 38 4: 1428, 1, 1
1 38 5: 1428, 0, 2
1 38 6: 1428, 9, 1
1 38 9: 1435, 10, 2
1 38 32: 1435, 10, 0
1 38 33: 1428, 9, 3
1 38 34: 1428, 1, 3
1 38 35: 1434, 10, 2
1 38 36: 1434, 10, 2
1 38 37: 1434, 10, 2
1 38 38: 1434, 10, 2
1 38 39: 1434, 10, 2
1 39 0: 1434, 10, 2
1 39 1: 1434, 10, 2
1 39 2: 1428, 1, 1
1 39 3: 1428, 0, 2
1 39 4: 1428, 9, 1
1 39 7: 1435, 10, 2
1 39 33: 1428, 0, 3
1 39 34: 1434, 10, 2
1 39 35: 1434, 10, 2
1 39 36: 1434, 10, 2
1 39 37: 1434, 10, 2
1 39 38: 1434, 10, 2
1 39 39: 1434, 10, 2
1 39 43: 1434, 10, 2
1 39 44: 1434, 10, 2
1 39 45: 1434, 10, 2
1 39 46: 1434, 10, 2
1 39 47: 1434, 10, 2
1 40 0: 1434, 10, 2
1 40 1: 1428, 1, 1
1 40 2: 1428, 9, 1
1 40 3: 320, 22, 3
1 40 4: 321, 22, 3
1 40 5: 1435, 10, 2
1 40 31: 1435, 10, 0
1 40 32: 1428, 9, 3
1 40 33: 1428, 1, 3
1 40 34: 1434, 10, 2
1 40 35: 1434, 10, 2
1 40 36: 1434, 10, 2
1 40 37: 1434, 10, 2
1 40 38: 1434, 10, 2
1 40 39: 1434, 10, 2
1 40 40: 1434, 10, 2
1 40 41: 1434, 10, 2
1 40 42: 1434, 10, 2
1 40 43: 1434, 10, 2
1 40 44: 1434, 10, 2
1 40 45: 1434, 10, 2
1 40 46: 1434, 10, 2
1 40 47: 1434, 10, 2
1 40 48: 1434, 10, 2
1 40 49: 1434, 10, 2
1 40 50: 1434, 10, 2
1 40 51: 1434, 10, 2
1 40 52: 1434, 10, 2
1 41 0: 1428, 1, 1
1 41 1: 1428, 9, 1
1 41 3: 1435, 10, 2
1 41 30: 1428, 9, 3
1 41 31: 1428, 0, 0
1 41 32: 1428, 1, 3
1 41 33: 1434, 10, 2
1 41 34: 1434, 10, 2
1 41 35: 1434, 10, 2
1 41 36: 1434, 10, 2
1 41 37: 1434, 10, 2
1 41 38: 1434, 10, 2
1 41 39: 1434, 10, 2
1 41 40: 1434, 10, 2
1 41 41: 1434, 10, 2
1 41 42: 1434, 10, 2
1 41 43: 1434, 10, 2
1 41 44: 1434, 10, 2
1 41 45: 1434, 10, 2
1 41 46: 1434, 10, 2
1 41 47: 1434, 10, 2
1 41 48: 1434, 10, 2
1 41 49: 1434, 10, 2
1 41 50: 1434, 10, 2
1 41 51: 1434, 10, 2
1 41 52: 1434, 10, 2
1 41 53: 1434, 10, 2
1 42 0: 1428, 0, 1
1 42 1: 1435, 10, 2
1 42 30: 1428, 0, 3
1 42 31: 1434, 10, 2
1 42 32: 1434, 10, 2
1 42 33: 1434, 10, 2
1 42 34: 1434, 10, 2
1 42 35: 1434, 10, 2
1 42 36: 1434, 10, 2
1 42 37: 1434, 10, 2
1 42 38: 1434, 10, 2
1 42 39: 1434, 10, 2
1 42 40: 1434, 10, 2
1 42 41: 1434, 10, 2
1 42 42: 1434, 10, 2
1 42 43: 1434, 10, 2
1 42 44: 1434, 10, 2
1 42 45: 1434, 10, 2
1 42 46: 1434, 10, 2
1 42 47: 1434, 10, 2
1 42 48: 1434, 10, 2
1 42 49: 1434, 10, 2
1 42 50: 1434, 10, 2
1 42 51: 1434, 10, 2
1 42 52: 1434, 10, 2
1 42 53: 1434, 10, 2
1 42 54: 1434, 10, 2
1 43 0: 1428, 1, 0
1 43 1: 1428, 9, 0
1 43 28: 1435, 10, 0
1 43 29: 1428, 9, 3
1 43 30: 1428, 1, 3
1 43 31: 1434, 10, 2
1 43 32: 1434, 10, 2
1 43 33: 1434, 10, 2
1 43 34: 1434, 10, 2
1 43 35: 1434, 10, 2
1 43 36: 1434, 10, 2
1 43 37: 1434, 10, 2
1 43 38: 1434, 10, 2
1 43 39: 1434, 10, 2
1 43 40: 1434, 10, 2
1 43 41: 1434, 10, 2
1 43 42: 1434, 10, 2
1 43 43: 1434, 10, 2
1 43 44: 1428, 1, 1
1 43 45: 1428, 0, 2
1 43 46: 1428, 1, 2
1 43 47: 1434, 10, 2
1 43 48: 1434, 10, 2
1 43 49: 1434, 10, 2
1 43 50: 1434, 10, 2
1 43 51: 1434, 10, 2
1 43 52: 1434, 10, 2
1 43 53: 1434, 10, 2
1 43 54: 1434, 10, 2
1 43 55: 1434, 10, 2
1 43 56: 1434, 10, 2
1 44 0: 1434, 10, 2
1 44 1: 1428, 0, 1
1 44 26: 1435, 10, 0
1 44 27: 1428, 9, 3
1 44 28: 1428, 0, 0
1 44 29: 1428, 1, 3
1 44 30: 1434, 10, 2
1 44 31: 1434, 10, 2
1 44 32: 1434, 10, 2
1 44 33: 1434, 10, 2
1 44 34: 1434, 10, 2
1 44 35: 1434, 10, 2
1 44 36: 1434, 10, 2
1 44 37: 1434, 10, 2
1 44 38: 1434, 10, 2
1 44 39: 1434, 10, 2
1 44 40: 1434, 10, 2
1 44 41: 1434, 10, 2
1 44 42: 1428, 1, 1
1 44 43: 1428, 0, 2
1 44 44: 1428, 9, 1
1 44 46: 1428, 9, 2
1 44 47: 1428, 0, 2
1 44 48: 1428, 1, 2
1 44 49: 1434, 10, 2
1 44 50: 1434, 10, 2
1 44 51: 1434, 10, 2
1 44 52: 1434, 10, 2
1 44 53: 1434, 10, 2
1 44 54: 1434, 10, 2
1 44 55: 1434, 10, 2
1 44 56: 1434, 10, 2
1 44 57: 1434, 10, 2
1 45 0: 1434, 10, 2
1 45 1: 1428, 0, 1
1 45 24: 1435, 10, 0
1 45 25: 1428, 9, 3
1 45 26: 1428, 0, 0
1 45 27: 1428, 1, 3
1 45 28: 1434, 10, 2
1 45 29: 1434, 10, 2
1 45 30: 1434, 10, 2
1 45 31: 1434, 10, 2
1 45 32: 1434, 10, 2
1 45 33: 1434, 10, 2
1 45 34: 1434, 10, 2
1 45 35: 1434, 10, 2
1 45 36: 1434, 10, 2
1 45 37: 1434, 10, 2
1 45 38: 1434, 10, 2
1 45 39: 1434, 10, 2
1 45 40: 1428, 1, 1
1 45 41: 1428, 0, 2
1 45 42: 1428, 9, 1
1 45 43: 320, 22, 1
1 45 48: 1428, 9, 2
1 45 49: 1428, 0, 2
1 45 50: 1428, 1, 2
1 45 51: 1434, 10, 2
1 45 52: 1434, 10, 2
1 45 53: 1434, 10, 2
1 45 54: 1434, 10, 2
1 45 55: 1434, 10, 2
1 45 56: 1434, 10, 2
1 45 57: 1434, 10, 2
1 46 0: 1434, 10, 2
1 46 1: 1428, 1, 0
1 46 2: 1428, 9, 0
1 46 22: 1435, 10, 0
1 46 23: 1428, 9, 3
1 46 24: 1428, 0, 0
1 46 25: 1428, 1, 3
1 46 26: 1434, 10, 2
1 46 27: 1434, 10, 2
1 46 28: 1434, 10, 2
1 46 29: 1434, 10, 2
1 46 30: 1434, 10, 2
1 46 31: 1434, 10, 2
1 46 32: 1434, 10, 2
1 46 33: 1434, 10, 2
1 46 34: 1434, 10, 2
1 46 35: 1434, 10, 2
1 46 36: 1434, 10, 2
1 46 37: 1434, 10, 2
1 46 38: 1434, 10, 2
1 46 39: 1428, 1, 1
1 46 40: 1428, 9, 1
1 46 42: 320, 22, 3
1 46 43: 321, 22, 3
1 46 46: 320, 22, 2
1 46 50: 1428, 9, 2
1 46 51: 1428, 0, 2
1 46 52: 1428, 1, 2
1 46 53: 1434, 10, 2
1 46 54: 1434, 10, 2
1 46 55: 1434, 10, 2
1 46 56: 1434, 10, 2
1 46 57: 1434, 10, 2
1 46 58: 1434, 10, 2
1 47 0: 1434, 10, 2
1 47 1: 1434, 10, 2
1 47 2: 1428, 0, 1
1 47 20: 1435, 10, 0
1 47 22: 1428, 9, 3
1 47 23: 1428, 1, 3
1 47 24: 1434, 10, 2
1 47 25: 1434, 10, 2
1 47 26: 1434, 10, 2
1 47 27: 1434, 10, 2
1 47 28: 1428, 1, 1
1 47 29: 1428, 0, 2
1 47 30: 1428, 1, 2
1 47 31: 1434, 10, 2
1 47 32: 1434, 10, 2
1 47 33: 1434, 10, 2
1 47 34: 1434, 10, 2
1 47 35: 1434, 10, 2
1 47 36: 1434, 10, 2
1 47 37: 1434, 10, 2
1 47 38: 1434, 10, 2
1 47 39: 1428, 0, 1
1 47 40: 1435, 10, 3
1 47 46: 320, 22, 0
1 47 47: 319, 22, 2
1 47 52: 1428, 9, 2
1 47 53: 1428, 0, 2
1 47 54: 1428, 1, 2
1 47 55: 1434, 10, 2
1 47 56: 1434, 10, 2
1 47 57: 1434, 10, 2
1 47 58: 1434, 10, 2
1 48 0: 1434, 10, 2
1 48 1: 1434, 10, 2
1 48 2: 1428, 0, 1
1 48 18: 1435, 10, 0
1 48 19: 320, 22, 2
1 48 21: 1428, 9, 3
1 48 22: 1428, 1, 3
1 48 23: 1428, 1, 1
1 48 24: 1428, 0, 2
1 48 25: 1428, 1, 2
1 48 26: 1434, 10, 2
1 48 27: 1428, 1, 1
1 48 28: 1428, 9, 1
1 48 30: 1428, 9, 2
1 48 31: 1428, 0, 2
1 48 32: 1428, 1, 2
1 48 33: 1434, 10, 2
1 48 34: 1434, 10, 2
1 48 35: 1434, 10, 2
1 48 36: 1434, 10, 2
1 48 37: 1434, 10, 2
1 48 38: 1428, 1, 1
1 48 39: 1428, 9, 1
1 48 42: 1435, 10, 3
1 48 44: 320, 22, 1
1 48 54: 1428, 9, 2
1 48 55: 1428, 1, 2
1 48 56: 1434, 10, 2
1 48 57: 1434, 10, 2
1 48 58: 1434, 10, 2
1 49 0: 1434, 10, 2
1 49 1: 1428, 1, 1
1 49 2: 1428, 9, 1
1 49 18: 320, 22, 1
1 49 19: 321, 22, 2
1 49 21: 1428, 9, 2
1 49 22: 1428, 0, 2
1 49 23: 1428, 9, 1
1 49 25: 1428, 9, 2
1 49 26: 1428, 0, 2
1 49 27: 1428, 9, 1
1 49 32: 1428, 9, 2
1 49 33: 1428, 0, 2
1 49 34: 1428, 1, 2
1 49 35: 1434, 10, 2
1 49 36: 1434, 10, 2
1 49 37: 1434, 10, 2
1 49 38: 1428, 0, 1
1 49 49: 1435, 10, 3
1 49 52: 321, 22, 2
1 49 53: 320, 22, 3
1 49 55: 1428, 0, 3
1 49 56: 1434, 10, 2
1 49 57: 1434, 10, 2
1 49 58: 1434, 10, 2
1 50 0: 1434, 10, 2
1 50 1: 1428, 0, 1
1 50 34: 1428, 9, 2
1 50 35: 1428, 0, 2
1 50 36: 1428, 0, 2
1 50 37: 1428, 0, 2
1 50 38: 1428, 9, 1
1 50 54: 1428, 9, 3
1 50 55: 1428, 1, 3
1 50 56: 1434, 10, 2
1 50 57: 1434, 10, 2
1 50 58: 1434, 10, 2
1 51 0: 1434, 10, 2
1 51 1: 1428, 0, 1
1 51 50: 1435, 10, 3
1 51 54: 1428, 0, 3
1 51 55: 1434, 10, 2
1 51 56: 1434, 10, 2
1 51 57: 1434, 10, 2
1 51 58: 1434, 10, 2
1 52 0: 1434, 10, 2
1 52 1: 1428, 1, 0
1 52 2: 1428, 9, 0
1 52 7: 1428, 9, 3
1 52 8: 1428, 0, 0
1 52 9: 1428, 9, 0
1 52 51: 319, 22, 2
1 52 53: 1428, 9, 3
1 52 54: 1428, 1, 3
1 52 55: 1434, 10, 2
1 52 56: 1434, 10, 2
1 52 57: 1434, 10, 2
1 52 58: 1434, 10, 2
1 53 0: 1434, 10, 2
1 53 1: 1434, 10, 2
1 53 2: 1428, 0, 1
1 53 7: 1428, 0, 3
1 53 8: 1434, 10, 2
1 53 9: 1428, 0, 1
1 53 53: 1428, 0, 3
1 53 54: 1434, 10, 2
1 53 55: 1434, 10, 2
1 53 56: 1434, 10, 2
1 53 57: 1434, 10, 2
1 53 58: 1434, 10, 2
1 54 0: 1434, 10, 2
1 54 1: 1434, 10, 2
1 54 2: 1428, 0, 1
1 54 7: 1428, 9, 2
1 54 8: 1428, 1, 2
1 54 9: 1428, 1, 0
1 54 10: 1428, 9, 0
1 54 53: 1428, 9, 2
1 54 54: 1428, 1, 2
1 54 55: 1434, 10, 2
1 54 56: 1434, 10, 2
1 54 57: 1434, 10, 2
1 54 58: 1434, 10, 2
1 55 0: 1434, 10, 2
1 55 1: 1434, 10, 2
1 55 2: 1428, 0, 1
1 55 8: 1428, 0, 3
1 55 9: 1434, 10, 2
1 55 10: 1428, 0, 1
1 55 35: 1428, 9, 3
1 55 36: 1428, 0, 0
1 55 37: 1428, 0, 0
1 55 38: 1428, 9, 0
1 55 50: 1435, 10, 0
1 55 54: 1428, 0, 3
1 55 55: 1434, 10, 2
1 55 56: 1434, 10, 2
1 55 57: 1434, 10, 2
1 55 58: 1434, 10, 2
1 56 0: 1434, 10, 2
1 56 1: 1428, 1, 1
1 56 2: 1428, 9, 1
1 56 8: 1428, 9, 2
1 56 9: 1428, 0, 2
1 56 10: 1428, 9, 1
1 56 34: 1428, 9, 3
1 56 35: 1428, 1, 3
1 56 36: 1434, 10, 2
1 56 37: 1434, 10, 2
1 56 38: 1428, 1, 0
1 56 39: 1428, 9, 0
1 56 51: 320, 22, 1
1 56 52: 319, 22, 3
1 56 53: 1428, 9, 3
1 56 54: 1428, 1, 3
1 56 55: 1434, 10, 2
1 56 56: 1434, 10, 2
1 56 57: 1434, 10, 2
1 56 58: 1434, 10, 2
1 57 0: 1434, 10, 2
1 57 1: 1428, 0, 1
1 57 34: 1428, 0, 3
1 57 35: 1434, 10, 2
1 57 36: 1434, 10, 2
1 57 37: 1434, 10, 2
1 57 38: 1434, 10, 2
1 57 39: 1428, 0, 1
1 57 49: 1435, 10, 0
1 57 50: 320, 22, 0
1 57 51: 321, 22, 1
1 57 53: 1428, 0, 3
1 57 54: 1434, 10, 2
1 57 55: 1434, 10, 2
1 57 56: 1434, 10, 2
1 57 57: 1434, 10, 2
1 57 58: 1434, 10, 2
1 58 0: 1434, 10, 2
1 58 1: 1428, 0, 1
1 58 34: 1428, 9, 2
1 58 35: 1428, 1, 2
1 58 36: 1434, 10, 2
1 58 37: 1434, 10, 2
1 58 38: 1428, 1, 1
1 58 39: 1428, 9, 1
1 58 50: 321, 22, 0
1 58 52: 1428, 9, 3
1 58 53: 1428, 1, 3
1 58 54: 1434, 10, 2
1 58 55: 1434, 10, 2
1 58 56: 1434, 10, 2
1 58 57: 1434, 10, 2
1 58 58: 1434, 10, 2
1 59 0: 1434, 10, 2
1 59 1: 1428, 0, 1
1 59 12: 1435, 10, 0
1 59 13: 320, 22, 0
1 59 14: 1435, 10, 1
1 59 34: 1428, 9, 3
1 59 35: 1428, 1, 3
1 59 36: 1434, 10, 2
1 59 37: 1434, 10, 2
1 59 38: 1428, 1, 0
1 59 39: 1428, 9, 0
1 59 48: 1435, 10, 0
1 59 49: 1428, 9, 3
1 59 50: 1428, 0, 0
1 59 51: 1428, 0, 0
1 59 52: 1428, 1, 3
1 59 53: 1434, 10, 2
1 59 54: 1434, 10, 2
1 59 55: 1434, 10, 2
1 59 56: 1434, 10, 2
1 59 57: 1434, 10, 2
1 59 58: 1434, 10, 2
1 60 0: 1434, 10, 2
1 60 1: 1428, 1, 0
1 60 2: 1428, 9, 0
1 60 13: 319, 22, 1
1 60 14: 320, 22, 3
1 60 16: 1435, 10, 1
1 60 33: 1428, 9, 3
1 60 34: 1428, 1, 3
1 60 35: 1434, 10, 2
1 60 36: 1434, 10, 2
1 60 37: 1434, 10, 2
1 60 38: 1434, 10, 2
1 60 39: 1428, 1, 0
1 60 40: 1428, 9, 0
1 60 46: 1428, 9, 3
1 60 47: 1428, 0, 0
1 60 48: 1428, 0, 0
1 60 49: 1428, 1, 3
1 60 50: 1434, 10, 2
1 60 51: 1434, 10, 2
1 60 52: 1434, 10, 2
1 60 53: 1434, 10, 2
1 60 54: 1434, 10, 2
1 60 55: 1434, 10, 2
1 60 56: 1434, 10, 2
1 60 57: 1434, 10, 2
1 60 58: 1434, 10, 2
1 61 0: 1434, 10, 2
1 61 1: 1434, 10, 2
1 61 2: 1428, 0, 1
1 61 11: 1428, 9, 3
1 61 12: 1428, 0, 0
1 61 13: 1428, 9, 0
1 61 17: 1428, 9, 3
1 61 18: 1428, 0, 0
1 61 19: 1428, 9, 0
1 61 20: 1428, 9, 3
1 61 21: 1428, 0, 0
1 61 22: 1428, 9, 0
1 61 25: 1428, 9, 3
1 61 26: 1428, 0, 0
1 61 27: 1428, 9, 0
1 61 29: 1428, 9, 3
1 61 30: 1428, 0, 0
1 61 31: 1428, 9, 0
1 61 33: 1428, 0, 3
1 61 34: 1434, 10, 2
1 61 35: 1434, 10, 2
1 61 36: 1434, 10, 2
1 61 37: 1434, 10, 2
1 61 38: 1434, 10, 2
1 61 39: 1434, 10, 2
1 61 40: 1428, 1, 0
1 61 41: 1428, 9, 0
1 61 43: 1428, 9, 3
1 61 44: 1428, 0, 0
1 61 45: 1428, 0, 0
1 61 46: 1428, 1, 3
1 61 47: 1434, 10, 2
1 61 48: 1434, 10, 2
1 61 49: 1434, 10, 2
1 61 50: 1434, 10, 2
1 61 51: 1434, 10, 2
1 61 52: 1434, 10, 2
1 61 53: 1434, 10, 2
1 61 54: 1434, 10, 2
1 61 55: 1434, 10, 2
1 61 56: 1434, 10, 2
1 61 57: 1434, 10, 2
1 61 58: 1434, 10, 2
1 62 0: 1434, 10, 2
1 62 1: 1434, 10, 2
1 62 2: 1428, 1, 0
1 62 3: 1428, 9, 0
1 62 5: 1435, 10, 0
1 62 6: 1428, 9, 3
1 62 7: 1428, 0, 0
1 62 8: 1428, 0, 0
1 62 9: 1428, 0, 0
1 62 10: 1428, 0, 0
1 62 11: 1428, 1, 3
1 62 12: 1434, 10, 2
1 62 13: 1428, 1, 0
1 62 14: 1428, 0, 0
1 62 15: 1428, 0, 0
1 62 16: 1428, 0, 0
1 62 17: 1428, 1, 3
1 62 18: 1434, 10, 2
1 62 19: 1428, 1, 0
1 62 20: 1428, 1, 3
1 62 21: 1434, 10, 2
1 62 22: 1428, 1, 0
1 62 23: 1428, 0, 0
1 62 24: 1428, 0, 0
1 62 25: 1428, 1, 3
1 62 26: 1434, 10, 2
1 62 27: 1428, 1, 0
1 62 28: 1428, 0, 0
1 62 29: 1428, 1, 3
1 62 30: 1434, 10, 2
1 62 31: 1428, 1, 0
1 62 32: 1428, 0, 0
1 62 33: 1428, 1, 3
1 62 34: 1434, 10, 2
1 62 35: 1434, 10, 2
1 62 36: 1434, 10, 2
1 62 37: 1434, 10, 2
1 62 38: 1434, 10, 2
1 62 39: 1434, 10, 2
1 62 40: 1434, 10, 2
1 62 41: 1428, 1, 0
1 62 42: 1428, 0, 0
1 62 43: 1428, 1, 3
1 62 44: 1434, 10, 2
1 62 45: 1434, 10, 2
1 62 46: 1434, 10, 2
1 62 47: 1434, 10, 2
1 62 48: 1434, 10, 2
1 62 49: 1434, 10, 2
1 62 50: 1434, 10, 2
1 62 51: 1434, 10, 2
1 62 52: 1434, 10, 2
1 62 53: 1434, 10, 2
1 62 54: 1434, 10, 2
1 62 55: 1434, 10, 2
1 62 56: 1434, 10, 2
1 62 57: 1434, 10, 2
1 62 58: 1434, 10, 2
1 63 0: 1434, 10, 2
1 63 1: 1434, 10, 2
1 63 2: 1434, 10, 2
1 63 3: 1428, 1, 0
1 63 4: 1428, 0, 0
1 63 5: 1428, 0, 0
1 63 6: 1428, 1, 3
1 63 7: 1434, 10, 2
1 63 8: 1434, 10, 2
1 63 9: 1434, 10, 2
1 63 10: 1434, 10, 2
1 63 11: 1434, 10, 2
1 63 12: 1434, 10, 2
1 63 13: 1434, 10, 2
1 63 14: 1434, 10, 2
1 63 15: 1434, 10, 2
1 63 16: 1434, 10, 2
1 63 17: 1434, 10, 2
1 63 18: 1434, 10, 2
1 63 19: 1434, 10, 2
1 63 20: 1434, 10, 2
1 63 21: 1434, 10, 2
1 63 22: 1434, 10, 2
1 63 23: 1434, 10, 2
1 63 24: 1434, 10, 2
1 63 25: 1434, 10, 2
1 63 26: 1434, 10, 2
1 63 27: 1434, 10, 2
1 63 28: 1434, 10, 2
1 63 29: 1434, 10, 2
1 63 30: 1434, 10, 2
1 63 31: 1434, 10, 2
1 63 32: 1434, 10, 2
1 63 33: 1434, 10, 2
1 63 34: 1434, 10, 2
1 63 35: 1434, 10, 2
1 63 36: 1434, 10, 2
1 63 37: 1434, 10, 2
1 63 38: 1434, 10, 2
1 63 39: 1434, 10, 2
1 63 40: 1434, 10, 2
1 63 41: 1434, 10, 2
1 63 42: 1434, 10, 2
1 63 43: 1434, 10, 2
1 63 44: 1434, 10, 2
1 63 45: 1434, 10, 2
1 63 46: 1434, 10, 2
1 63 47: 1434, 10, 2
1 63 48: 1434, 10, 2
1 63 49: 1434, 10, 2
1 63 50: 1434, 10, 2
1 63 51: 1434, 10, 2
1 63 52: 1434, 10, 2
1 63 53: 1434, 10, 2
1 63 54: 1434, 10, 2
1 63 55: 1434, 10, 2
1 63 56: 1434, 10, 2
1 63 57: 1434, 10, 2
1 63 58: 1434, 10, 2
2 1 3: 323, 22, 2
2 1 23: 320, 22, 2
2 1 24: 323, 22, 3
2 1 25: 320, 22, 3
2 1 28: 323, 22, 0
2 1 29: 320, 22, 0
2 1 30: 323, 22, 1
2 2 3: 320, 22, 0
2 2 4: 320, 22, 3
2 2 24: 320, 22, 2
2 2 29: 320, 22, 2
2 3 3: 320, 22, 2
2 3 4: 322, 22, 1
2 12 51: 320, 22, 2
2 13 51: 322, 22, 0
2 17 3: 322, 22, 0
2 18 3: 320, 22, 0
2 18 4: 320, 22, 1
2 18 19: 320, 22, 3
2 19 4: 323, 22, 1
2 19 18: 322, 22, 3
2 19 20: 322, 22, 1
2 19 21: 320, 22, 1
2 19 22: 323, 22, 2
2 19 48: 323, 22, 2
2 19 49: 320, 22, 2
2 19 51: 322, 22, 3
2 20 18: 320, 22, 0
2 20 19: 323, 22, 0
2 20 20: 320, 22, 2
2 20 21: 323, 22, 1
2 20 49: 320, 22, 3
2 21 19: 322, 22, 2
2 21 49: 322, 22, 2
2 23 45: 322, 22, 1
2 24 45: 320, 22, 0
2 24 46: 323, 22, 1
2 25 45: 322, 22, 0
2 25 46: 320, 22, 1
2 26 42: 320, 22, 2
2 32 8: 322, 22, 2
2 32 10: 320, 22, 3
2 32 36: 320, 22, 2
2 32 37: 322, 22, 1
2 33 8: 320, 22, 1
2 33 9: 320, 22, 2
2 33 35: 322, 22, 0
2 33 36: 320, 22, 2
2 33 37: 320, 22, 3
2 34 8: 323, 22, 3
2 34 10: 322, 22, 3
2 34 36: 323, 22, 0
2 34 37: 322, 22, 1
2 39 36: 322, 22, 2
2 39 37: 320, 22, 0
2 40 36: 320, 22, 2
2 40 37: 323, 22, 2
2 41 50: 323, 22, 3
2 42 48: 322, 22, 2
2 42 49: 320, 22, 2
2 43 48: 322, 22, 3
2 43 49: 323, 22, 3
2 45 36: 1428, 9, 3
2 45 37: 1428, 9, 0
2 46 34: 1428, 9, 3
2 46 35: 1428, 0, 0
2 46 36: 1428, 1, 3
2 46 37: 1428, 0, 1
2 47 33: 1428, 9, 3
2 47 34: 1428, 1, 3
2 47 35: 1434, 10, 0
2 47 36: 1434, 10, 0
2 47 37: 1428, 1, 0
2 47 38: 1428, 9, 0
2 48 33: 1428, 9, 2
2 48 34: 1428, 1, 2
2 48 35: 1434, 10, 0
2 48 36: 1434, 10, 0
2 48 37: 1434, 10, 0
2 48 38: 1428, 0, 1
2 49 34: 1428, 0, 3
2 49 35: 1434, 10, 0
2 49 36: 1434, 10, 0
2 49 37: 1434, 10, 0
2 49 38: 1428, 0, 1
2 49 57: 322, 22, 3
2 50 34: 1428, 9, 2
2 50 35: 1428, 1, 2
2 50 36: 1434, 10, 0
2 50 37: 1434, 10, 0
2 50 38: 1428, 1, 0
2 50 39: 1428, 9, 0
2 50 55: 323, 22, 0
2 50 56: 320, 22, 3
2 50 57: 320, 22, 1
2 51 35: 1428, 0, 3
2 51 36: 1434, 10, 0
2 51 37: 1434, 10, 0
2 51 38: 1434, 10, 0
2 51 39: 1428, 0, 1
2 51 57: 320, 22, 0
2 51 58: 322, 22, 0
2 52 34: 1428, 9, 3
2 52 35: 1428, 1, 3
2 52 36: 1434, 10, 0
2 52 37: 1434, 10, 0
2 52 38: 1434, 10, 0
2 52 39: 1428, 1, 0
2 52 40: 1428, 9, 0
2 52 57: 323, 22, 1
2 53 34: 1428, 0, 3
2 53 35: 1434, 10, 0
2 53 36: 1434, 10, 0
2 53 37: 1434, 10, 0
2 53 38: 1434, 10, 0
2 53 39: 1434, 10, 0
2 53 40: 1428, 0, 1
2 54 34: 1428, 9, 2
2 54 35: 1428, 1, 2
2 54 36: 1434, 10, 0
2 54 37: 1434, 10, 0
2 54 38: 1434, 10, 0
2 54 39: 1428, 1, 1
2 54 40: 1428, 9, 1
2 55 35: 1428, 0, 3
2 55 36: 1434, 10, 0
2 55 37: 1434, 10, 0
2 55 38: 1434, 10, 0
2 55 39: 1428, 0, 1
2 56 35: 1428, 0, 3
2 56 36: 1434, 10, 0
2 56 37: 1434, 10, 0
2 56 38: 1428, 1, 1
2 56 39: 1428, 9, 1
2 57 34: 1428, 9, 3
2 57 35: 1428, 1, 3
2 57 36: 1434, 10, 0
2 57 37: 1434, 10, 0
2 57 38: 1428, 0, 1
2 58 34: 1428, 0, 3
2 58 35: 1434, 10, 0
2 58 36: 1434, 10, 0
2 58 37: 1428, 1, 1
2 58 38: 1428, 9, 1
2 59 33: 1428, 9, 3
2 59 34: 1428, 1, 3
2 59 35: 1434, 10, 0
2 59 36: 1434, 10, 0
2 59 37: 1428, 0, 1
2 59 56: 323, 22, 2
2 60 33: 1428, 0, 3
2 60 34: 1434, 10, 0
2 60 35: 1434, 10, 0
2 60 36: 1434, 10, 0
2 60 37: 1428, 1, 0
2 60 38: 1428, 9, 0
2 60 55: 322, 22, 1
2 60 56: 320, 22, 2
2 61 32: 1428, 9, 3
2 61 33: 1428, 1, 3
2 61 34: 1434, 10, 0
2 61 35: 1434, 10, 0
2 61 36: 1434, 10, 0
2 61 37: 1434, 10, 0
2 61 38: 1428, 1, 0
2 61 39: 1428, 0, 0
2 61 40: 1428, 9, 0
2 61 53: 322, 22, 3
2 61 54: 320, 22, 0
2 61 55: 320, 22, 3
2 61 56: 322, 22, 2
2 62 31: 1429, 0, 0
2 62 32: 1428, 1, 3
2 62 33: 1434, 10, 0
2 62 34: 1434, 10, 0
2 62 35: 1434, 10, 0
2 62 36: 1434, 10, 0
2 62 37: 1434, 10, 0
2 62 38: 1434, 10, 0
2 62 39: 1434, 10, 0
2 62 40: 1428, 0, 1
2 62 55: 320, 22, 1
2 63 31: 1431, 10, 0
2 63 32: 1434, 10, 0
2 63 33: 1434, 10, 0
2 63 34: 1434, 10, 0
2 63 35: 1434, 10, 0
2 63 36: 1434, 10, 0
2 63 37: 1434, 10, 0
2 63 38: 1434, 10, 0
2 63 40: 1428, 9, 1
2 63 55: 322, 22, 0
3 48 35: 320, 22, 0
3 48 36: 320, 22, 0
3 49 35: 321, 22, 0
3 49 36: 320, 22, 1
3 50 36: 319, 22, 1
3 52 37: 320, 22, 2
3 52 38: 321, 22, 2
3 53 35: 320, 22, 2
3 53 36: 321, 22, 1
3 53 37: 320, 22, 3
3 53 39: 320, 22, 2
3 54 37: 320, 22, 1
3 55 36: 320, 22, 3
3 58 35: 320, 22, 2
3 58 36: 321, 22, 1
3 59 35: 321, 22, 3
3 59 36: 320, 22, 1
3 60 35: 320, 22, 3
3 60 36: 320, 22, 0
