0 0 34: 1243, 22, 1
0 0 35: 1242, 22, 1
0 0 36: 1222, 22, 0
0 0 37: 1228, 22, 3
0 0 38: 1226, 22, 0
0 0 39: 1241, 22, 1
0 0 40: 1241, 22, 1
0 0 41: 1226, 22, 0
0 0 42: 1241, 22, 1
0 0 43: 1241, 22, 1
0 0 44: 1228, 22, 0
0 0 45: 1226, 22, 3
0 0 46: 1224, 22, 3
0 0 47: 1229, 22, 3
0 0 48: 1242, 22, 3
0 0 50: 1303, 10, 3
0 0 60: 1304, 10, 1
0 0 61: 1243, 22, 2
0 0 62: 1242, 22, 2
0 0 63: 1242, 22, 2
0 1 35: 1242, 22, 1
0 1 35: 1326, 10, 0
0 1 36: 1222, 22, 0
0 1 37: 1242, 22, 1
0 1 38: 1222, 22, 0
0 1 39: 1242, 22, 3
0 1 40: 1241, 22, 1
0 1 41: 1224, 22, 2
0 1 42: 1222, 22, 3
0 1 43: 1224, 22, 3
0 1 44: 1226, 22, 1
0 1 45: 1228, 22, 2
0 1 46: 1229, 22, 0
0 1 47: 1242, 22, 3
0 1 48: 1243, 22, 3
0 1 52: 339, 22, 1
0 1 53: 339, 22, 2
0 1 54: 1304, 10, 0
0 1 57: 320, 22, 2
0 1 58: 1243, 22, 1
0 1 58: 1304, 10, 2
0 1 61: 1242, 22, 1
0 1 62: 1229, 22, 1
0 1 63: 1222, 22, 3
0 2 14: 1326, 10, 0
0 2 22: 1184, 10, 1
0 2 34: 1243, 22, 1
0 2 35: 1242, 22, 1
0 2 36: 1222, 22, 0
0 2 37: 1242, 22, 2
0 2 38: 1226, 22, 2
0 2 39: 1228, 22, 1
0 2 40: 1228, 22, 0
0 2 41: 1225, 22, 2
0 2 41: 1402, 10, 0
0 2 42: 1242, 22, 0
0 2 43: 1229, 22, 0
0 2 44: 1242, 22, 0
0 2 45: 1243, 22, 0
0 2 46: 1242, 22, 0
0 2 47: 1243, 22, 3
0 2 51: 339, 22, 0
0 2 52: 338, 22, 1
0 2 53: 340, 22, 3
0 2 54: 339, 22, 3
0 2 55: 339, 22, 1
0 2 61: 1243, 22, 0
0 2 62: 1242, 22, 0
0 2 63: 1242, 22, 0
0 3 7: 2739, 22, 1
0 3 17: 1186, 10, 1
0 3 19: 1243, 22, 2
0 3 20: 1243, 22, 2
0 3 20: 1326, 10, 0
0 3 21: 1242, 22, 2
0 3 22: 1243, 22, 3
0 3 24: 1326, 10, 0
0 3 26: 1304, 10, 0
0 3 33: 1243, 22, 1
0 3 34: 1242, 22, 2
0 3 35: 1242, 22, 2
0 3 36: 1226, 22, 2
0 3 37: 1228, 22, 1
0 3 38: 1228, 22, 3
0 3 39: 1226, 22, 0
0 3 40: 1225, 22, 0
0 3 41: 1228, 22, 2
0 3 42: 1243, 22, 0
0 3 43: 1242, 22, 0
0 3 44: 1243, 22, 0
0 3 49: 320, 22, 0
0 3 51: 320, 22, 2
0 3 52: 339, 22, 3
0 3 53: 339, 22, 2
0 3 54: 339, 22, 0
0 3 55: 340, 22, 2
0 3 56: 339, 22, 2
0 3 59: 320, 22, 0
0 4 11: 1402, 10, 0
0 4 15: 1186, 10, 3
0 4 18: 1243, 22, 2
0 4 19: 1228, 22, 0
0 4 20: 1226, 22, 3
0 4 21: 1223, 22, 3
0 4 22: 1242, 22, 3
0 4 32: 1243, 22, 1
0 4 33: 1242, 22, 1
0 4 34: 1229, 22, 1
0 4 35: 1223, 22, 3
0 4 36: 1228, 22, 3
0 4 37: 1226, 22, 0
0 4 38: 1241, 22, 1
0 4 38: 1326, 10, 0
0 4 39: 1223, 22, 1
0 4 40: 1224, 22, 0
0 4 41: 1242, 22, 3
0 4 43: 1326, 10, 0
0 4 46: 319, 22, 1
0 4 48: 320, 22, 0
0 4 50: 339, 22, 1
0 4 52: 320, 22, 3
0 4 55: 339, 22, 3
0 4 58: 320, 22, 0
0 4 59: 320, 22, 3
0 4 62: 320, 22, 1
0 5 5: 1184, 10, 1
0 5 16: 1326, 10, 0
0 5 17: 1243, 22, 1
0 5 18: 1228, 22, 0
0 5 19: 1227, 22, 2
0 5 20: 1228, 22, 2
0 5 20: 1402, 10, 0
0 5 21: 1222, 22, 0
0 5 22: 1243, 22, 3
0 5 24: 1402, 10, 0
0 5 32: 1243, 22, 1
0 5 33: 1242, 22, 1
0 5 34: 1223, 22, 2
0 5 35: 1224, 22, 1
0 5 36: 1222, 22, 1
0 5 37: 1223, 22, 0
0 5 38: 1241, 22, 1
0 5 39: 1241, 22, 3
0 5 39: 1305, 10, 0
0 5 40: 1226, 22, 2
0 5 41: 1228, 22, 1
0 5 42: 1243, 22, 3
0 5 46: 320, 22, 3
0 5 48: 320, 22, 2
0 5 49: 339, 22, 2
0 5 50: 340, 22, 0
0 5 51: 339, 22, 0
0 5 53: 320, 22, 3
0 5 54: 320, 22, 1
0 5 55: 320, 22, 2
0 5 56: 320, 22, 2
0 5 58: 320, 22, 2
0 5 59: 319, 22, 3
0 5 61: 321, 22, 2
0 6 8: 1186, 10, 1
0 6 17: 1242, 22, 1
0 6 18: 1225, 22, 0
0 6 18: 1305, 10, 0
0 6 19: 1228, 22, 2
0 6 20: 1223, 22, 2
0 6 21: 1223, 22, 0
0 6 22: 1242, 22, 3
0 6 22: 1305, 10, 0
0 6 26: 1326, 10, 0
0 6 32: 1243, 22, 1
0 6 33: 1242, 22, 1
0 6 34: 1223, 22, 1
0 6 35: 1186, 10, 0
0 6 35: 1225, 22, 1
0 6 36: 1228, 22, 1
0 6 37: 1241, 22, 1
0 6 37: 1326, 10, 0
0 6 38: 1241, 22, 1
0 6 39: 1241, 22, 1
0 6 40: 1228, 22, 3
0 6 41: 1226, 22, 0
0 6 41: 1402, 10, 0
0 6 42: 1242, 22, 2
0 6 43: 1243, 22, 3
0 6 44: 320, 22, 2
0 6 44: 1186, 10, 1
0 6 49: 320, 22, 1
0 6 51: 320, 22, 1
0 6 53: 1326, 10, 0
0 6 55: 320, 22, 3
0 6 56: 319, 22, 1
0 6 57: 320, 22, 2
0 6 58: 320, 22, 3
0 6 60: 320, 22, 0
0 6 61: 320, 22, 0
0 6 62: 320, 22, 0
0 6 63: 320, 22, 3
0 7 13: 1243, 22, 2
0 7 14: 1242, 22, 2
0 7 15: 1243, 22, 2
0 7 15: 1326, 10, 0
0 7 17: 1242, 22, 1
0 7 18: 1224, 22, 2
0 7 19: 1222, 22, 3
0 7 20: 1224, 22, 0
0 7 21: 1241, 22, 1
0 7 22: 1241, 22, 1
0 7 23: 1242, 22, 2
0 7 24: 1242, 22, 2
0 7 25: 1243, 22, 2
0 7 25: 1304, 10, 0
0 7 32: 1243, 22, 1
0 7 33: 1242, 22, 1
0 7 34: 1241, 22, 1
0 7 35: 1228, 22, 3
0 7 36: 1186, 10, 2
0 7 36: 1225, 22, 3
0 7 37: 1223, 22, 3
0 7 38: 1229, 22, 2
0 7 39: 1241, 22, 1
0 7 39: 1326, 10, 0
0 7 40: 1241, 22, 1
0 7 41: 1224, 22, 2
0 7 42: 1229, 22, 3
0 7 43: 1242, 22, 3
0 7 43: 1390, 10, 0
0 7 45: 320, 22, 3
0 7 47: 1186, 10, 3
0 7 48: 1402, 10, 0
0 7 51: 321, 22, 1
0 7 55: 320, 22, 0
0 7 56: 320, 22, 0
0 7 61: 320, 22, 3
0 7 62: 319, 22, 0
0 8 7: 1184, 10, 3
0 8 11: 1402, 10, 0
0 8 13: 1242, 22, 1
0 8 13: 1326, 10, 0
0 8 14: 1229, 22, 2
0 8 15: 1186, 10, 0
0 8 15: 1242, 22, 3
0 8 16: 1305, 10, 0
0 8 17: 1228, 22, 0
0 8 18: 1225, 22, 2
0 8 19: 1184, 10, 1
0 8 19: 1228, 22, 0
0 8 20: 1225, 22, 2
0 8 21: 1241, 22, 1
0 8 21: 1326, 10, 0
0 8 22: 1241, 22, 1
0 8 23: 1223, 22, 2
0 8 24: 1223, 22, 3
0 8 24: 1398, 10, 2
0 8 25: 1242, 22, 3
0 8 26: 1243, 22, 2
0 8 27: 1242, 22, 2
0 8 28: 1243, 22, 3
0 8 32: 1243, 22, 1
0 8 33: 1228, 22, 0
0 8 34: 1226, 22, 3
0 8 35: 1223, 22, 3
0 8 36: 1241, 22, 1
0 8 37: 1222, 22, 2
0 8 38: 1226, 22, 2
0 8 39: 1241, 22, 1
0 8 39: 1402, 10, 0
0 8 40: 1228, 22, 0
0 8 41: 1225, 22, 2
0 8 42: 1242, 22, 3
0 8 43: 1243, 22, 3
0 8 44: 1184, 10, 0
0 8 46: 320, 22, 0
0 8 53: 1243, 22, 2
0 8 54: 1242, 22, 2
0 8 55: 1243, 22, 2
0 8 58: 321, 22, 3
0 8 63: 320, 22, 1
0 9 0: 1242, 22, 2
0 9 1: 1242, 22, 2
0 9 2: 1243, 22, 2
0 9 6: 1243, 22, 2
0 9 7: 1242, 22, 2
0 9 8: 1243, 22, 2
0 9 13: 1242, 22, 1
0 9 14: 1226, 22, 2
0 9 15: 1228, 22, 1
0 9 16: 1242, 22, 2
0 9 17: 1225, 22, 0
0 9 18: 1228, 22, 2
0 9 18: 1326, 10, 0
0 9 19: 1225, 22, 0
0 9 20: 1228, 22, 2
0 9 20: 1304, 10, 0
0 9 21: 1229, 22, 2
0 9 22: 1241, 22, 1
0 9 22: 1402, 10, 0
0 9 23: 1222, 22, 2
0 9 24: 1222, 22, 2
0 9 25: 1241, 22, 1
0 9 26: 1228, 22, 0
0 9 27: 1230, 22, 2
0 9 28: 1242, 22, 3
0 9 32: 1242, 22, 1
0 9 33: 1225, 22, 0
0 9 34: 1228, 22, 2
0 9 35: 1225, 22, 2
0 9 36: 1228, 22, 0
0 9 37: 1225, 22, 2
0 9 38: 1228, 22, 3
0 9 39: 1226, 22, 0
0 9 40: 1225, 22, 0
0 9 41: 1228, 22, 2
0 9 42: 1243, 22, 3
0 9 42: 1326, 10, 0
0 9 44: 1402, 10, 0
0 9 46: 1326, 10, 0
0 9 47: 1402, 10, 0
0 9 50: 1304, 10, 0
0 9 51: 1242, 22, 2
0 9 52: 1242, 22, 2
0 9 53: 1228, 22, 0
0 9 54: 1230, 22, 2
0 9 55: 1242, 22, 3
0 9 56: 1326, 10, 0
0 9 59: 339, 22, 3
0 9 62: 320, 22, 2
0 10 0: 1229, 22, 1
0 10 1: 1225, 22, 1
0 10 2: 1228, 22, 1
0 10 3: 1242, 22, 2
0 10 4: 1243, 22, 2
0 10 5: 1305, 10, 0
0 10 6: 1242, 22, 1
0 10 7: 1230, 22, 1
0 10 8: 1228, 22, 1
0 10 9: 1242, 22, 2
0 10 10: 1243, 22, 2
0 10 10: 1326, 10, 0
0 10 12: 1243, 22, 1
0 10 13: 1242, 22, 2
0 10 13: 1305, 10, 0
0 10 14: 1228, 22, 3
0 10 15: 1226, 22, 0
0 10 16: 1241, 22, 1
0 10 17: 1229, 22, 0
0 10 18: 1241, 22, 1
0 10 18: 1402, 10, 0
0 10 19: 1224, 22, 2
0 10 20: 1222, 22, 1
0 10 21: 1223, 22, 0
0 10 22: 1228, 22, 0
0 10 23: 1225, 22, 2
0 10 24: 1224, 22, 2
0 10 24: 1402, 10, 0
0 10 25: 1222, 22, 1
0 10 26: 1226, 22, 1
0 10 27: 1228, 22, 2
0 10 28: 1243, 22, 3
0 10 32: 1242, 22, 1
0 10 33: 1225, 22, 2
0 10 34: 1225, 22, 0
0 10 35: 1228, 22, 2
0 10 35: 1326, 10, 0
0 10 36: 1225, 22, 0
0 10 37: 1228, 22, 2
0 10 38: 1241, 22, 1
0 10 39: 1223, 22, 1
0 10 40: 1224, 22, 0
0 10 41: 1242, 22, 3
0 10 42: 1243, 22, 3
0 10 50: 1242, 22, 1
0 10 51: 1230, 22, 1
0 10 52: 1228, 22, 1
0 10 53: 1225, 22, 0
0 10 54: 1228, 22, 2
0 10 55: 1243, 22, 3
0 10 57: 320, 22, 3
0 10 58: 339, 22, 0
0 10 59: 340, 22, 2
0 10 60: 339, 22, 3
0 10 61: 339, 22, 0
0 11 0: 1242, 22, 0
0 11 1: 1228, 22, 3
0 11 2: 1225, 22, 3
0 11 3: 1223, 22, 3
0 11 4: 1242, 22, 3
0 11 5: 1243, 22, 2
0 11 6: 1243, 22, 1
0 11 7: 1228, 22, 3
0 11 8: 1225, 22, 3
0 11 9: 1223, 22, 3
0 11 10: 1242, 22, 3
0 11 12: 1242, 22, 1
0 11 13: 1230, 22, 1
0 11 14: 1228, 22, 1
0 11 15: 1222, 22, 0
0 11 16: 1241, 22, 1
0 11 16: 1326, 10, 0
0 11 17: 1186, 10, 1
0 11 17: 1241, 22, 1
0 11 18: 1228, 22, 0
0 11 19: 1225, 22, 2
0 11 20: 1241, 22, 1
0 11 20: 1402, 10, 0
0 11 21: 1241, 22, 1
0 11 22: 1225, 22, 0
0 11 22: 1305, 10, 0
0 11 23: 1228, 22, 2
0 11 24: 1226, 22, 2
0 11 25: 1228, 22, 1
0 11 26: 1241, 22, 1
0 11 27: 1326, 10, 0
0 11 32: 1242, 22, 1
0 11 33: 1226, 22, 0
0 11 34: 1229, 22, 0
0 11 34: 1402, 10, 0
0 11 35: 1241, 22, 1
0 11 36: 1222, 22, 2
0 11 37: 1241, 22, 1
0 11 37: 1390, 10, 0
0 11 38: 1241, 22, 1
0 11 38: 1326, 10, 0
0 11 39: 1241, 22, 1
0 11 40: 1226, 22, 2
0 11 40: 1402, 10, 0
0 11 41: 1228, 22, 1
0 11 42: 1243, 22, 3
0 11 43: 1242, 22, 2
0 11 43: 1305, 10, 0
0 11 44: 1243, 22, 2
0 11 45: 1242, 22, 3
0 11 46: 1243, 22, 3
0 11 46: 1304, 10, 0
0 11 47: 1243, 22, 2
0 11 48: 1305, 10, 0
0 11 50: 1242, 22, 2
0 11 51: 1228, 22, 3
0 11 52: 1225, 22, 3
0 11 53: 1224, 22, 0
0 11 54: 1242, 22, 3
0 11 55: 1390, 10, 3
0 11 58: 339, 22, 1
0 11 59: 339, 22, 1
0 11 60: 339, 22, 2
0 11 61: 338, 22, 0
0 12 1: 1243, 22, 0
0 12 2: 1242, 22, 1
0 12 3: 1222, 22, 0
0 12 4: 1228, 22, 0
0 12 5: 1226, 22, 3
0 12 6: 1224, 22, 3
0 12 7: 1225, 22, 1
0 12 8: 1228, 22, 1
0 12 9: 1222, 22, 0
0 12 10: 1242, 22, 2
0 12 11: 1326, 10, 0
0 12 12: 1243, 22, 1
0 12 13: 1228, 22, 3
0 12 14: 1225, 22, 3
0 12 15: 1224, 22, 1
0 12 16: 1225, 22, 1
0 12 17: 1228, 22, 1
0 12 18: 1225, 22, 0
0 12 19: 1228, 22, 2
0 12 20: 1241, 22, 1
0 12 21: 1223, 22, 2
0 12 22: 1224, 22, 0
0 12 23: 1241, 22, 1
0 12 24: 1228, 22, 3
0 12 25: 1227, 22, 3
0 12 26: 1228, 22, 1
0 12 27: 1243, 22, 3
0 12 32: 1242, 22, 1
0 12 33: 1222, 22, 2
0 12 34: 1228, 22, 0
0 12 35: 1226, 22, 3
0 12 36: 1224, 22, 0
0 12 37: 1241, 22, 1
0 12 38: 1241, 22, 1
0 12 39: 1241, 22, 1
0 12 40: 1228, 22, 3
0 12 41: 1226, 22, 0
0 12 42: 1228, 22, 0
0 12 43: 1230, 22, 2
0 12 44: 1242, 22, 3
0 12 45: 1242, 22, 3
0 12 46: 1243, 22, 3
0 12 47: 1243, 22, 2
0 12 48: 1242, 22, 1
0 12 49: 1242, 22, 1
0 12 50: 1230, 22, 1
0 12 51: 1228, 22, 1
0 12 51: 1326, 10, 0
0 12 52: 1228, 22, 0
0 12 53: 1225, 22, 2
0 12 54: 1243, 22, 3
0 12 57: 339, 22, 3
0 12 58: 340, 22, 1
0 12 61: 339, 22, 1
0 13 0: 1243, 22, 1
0 13 1: 1228, 22, 0
0 13 2: 1226, 22, 3
0 13 3: 1224, 22, 1
0 13 4: 1226, 22, 1
0 13 5: 1228, 22, 2
0 13 6: 1222, 22, 0
0 13 7: 1186, 10, 2
0 13 7: 1228, 22, 3
0 13 8: 1225, 22, 3
0 13 9: 1224, 22, 1
0 13 10: 1225, 22, 1
0 13 11: 1228, 22, 1
0 13 11: 1402, 10, 0
0 13 12: 1242, 22, 2
0 13 13: 1229, 22, 1
0 13 14: 1222, 22, 3
0 13 15: 1223, 22, 3
0 13 16: 1228, 22, 3
0 13 17: 1225, 22, 3
0 13 18: 1224, 22, 1
0 13 19: 1229, 22, 3
0 13 19: 1402, 10, 0
0 13 20: 1228, 22, 0
0 13 20: 1326, 10, 0
0 13 21: 1225, 22, 2
0 13 22: 1225, 22, 2
0 13 22: 1398, 10, 3
0 13 23: 1241, 22, 1
0 13 24: 1241, 22, 1
0 13 24: 1326, 10, 0
0 13 25: 1228, 22, 3
0 13 26: 1230, 22, 3
0 13 27: 1242, 22, 3
0 13 27: 1390, 10, 0
0 13 32: 1242, 22, 1
0 13 33: 1223, 22, 1
0 13 34: 1226, 22, 1
0 13 35: 1228, 22, 2
0 13 36: 1229, 22, 0
0 13 37: 1241, 22, 1
0 13 37: 1305, 10, 0
0 13 38: 1241, 22, 1
0 13 39: 1184, 10, 2
0 13 39: 1241, 22, 1
0 13 40: 1241, 22, 1
0 13 40: 1326, 10, 0
0 13 41: 1224, 22, 2
0 13 42: 1226, 22, 1
0 13 42: 1402, 10, 0
0 13 43: 1228, 22, 2
0 13 44: 1241, 22, 1
0 13 45: 1242, 22, 2
0 13 46: 1242, 22, 2
0 13 46: 1326, 10, 0
0 13 47: 1242, 22, 2
0 13 48: 1242, 22, 1
0 13 49: 1241, 22, 1
0 13 50: 1228, 22, 3
0 13 51: 1226, 22, 0
0 13 52: 1225, 22, 0
0 13 53: 1228, 22, 2
0 13 54: 1243, 22, 3
0 13 54: 1390, 10, 0
0 13 56: 320, 22, 1
0 13 57: 320, 22, 2
0 13 58: 339, 22, 0
0 13 59: 320, 22, 0
0 13 62: 1243, 22, 1
0 13 63: 1242, 22, 1
0 14 0: 1242, 22, 1
0 14 1: 1230, 22, 0
0 14 2: 1228, 22, 2
0 14 3: 1241, 22, 1
0 14 4: 1228, 22, 0
0 14 5: 1226, 22, 3
0 14 6: 1223, 22, 0
0 14 7: 1229, 22, 2
0 14 8: 1241, 22, 1
0 14 9: 1184, 10, 2
0 14 9: 1241, 22, 1
0 14 10: 1228, 22, 3
0 14 11: 1225, 22, 3
0 14 12: 1224, 22, 3
0 14 13: 1225, 22, 1
0 14 13: 1304, 10, 0
0 14 14: 1228, 22, 1
0 14 15: 1222, 22, 2
0 14 16: 1228, 22, 0
0 14 16: 1305, 10, 0
0 14 17: 1226, 22, 3
0 14 18: 1224, 22, 3
0 14 19: 1225, 22, 1
0 14 20: 1230, 22, 0
0 14 21: 1227, 22, 0
0 14 22: 1228, 22, 2
0 14 23: 1241, 22, 1
0 14 24: 1228, 22, 0
0 14 24: 1402, 10, 0
0 14 25: 1230, 22, 2
0 14 26: 1242, 22, 3
0 14 27: 1243, 22, 3
0 14 32: 1242, 22, 1
0 14 33: 1241, 22, 1
0 14 34: 1241, 22, 1
0 14 34: 1326, 10, 0
0 14 35: 1228, 22, 0
0 14 36: 1230, 22, 2
0 14 37: 1241, 22, 1
0 14 38: 1241, 22, 1
0 14 39: 1241, 22, 1
0 14 40: 1228, 22, 0
0 14 41: 1225, 22, 2
0 14 42: 1241, 22, 1
0 14 43: 1241, 22, 1
0 14 44: 1241, 22, 1
0 14 44: 1398, 10, 1
0 14 45: 1241, 22, 1
0 14 46: 1186, 10, 3
0 14 46: 1241, 22, 1
0 14 47: 1241, 22, 1
0 14 48: 1242, 22, 2
0 14 48: 1304, 10, 0
0 14 49: 1242, 22, 1
0 14 50: 1241, 22, 1
0 14 51: 1223, 22, 1
0 14 52: 1224, 22, 0
0 14 53: 1242, 22, 3
0 14 56: 1326, 10, 0
0 14 57: 320, 22, 3
0 14 58: 320, 22, 3
0 14 61: 1243, 22, 1
0 14 62: 1242, 22, 1
0 14 63: 1229, 22, 1
0 15 0: 1243, 22, 1
0 15 1: 1242, 22, 0
0 15 2: 1242, 22, 1
0 15 3: 1229, 22, 1
0 15 4: 1226, 22, 1
0 15 5: 1228, 22, 2
0 15 6: 1228, 22, 0
0 15 7: 1225, 22, 2
0 15 8: 1241, 22, 1
0 15 8: 1326, 10, 0
0 15 9: 1241, 22, 1
0 15 10: 1241, 22, 1
0 15 11: 1241, 22, 1
0 15 12: 1222, 22, 2
0 15 13: 1228, 22, 3
0 15 14: 1225, 22, 3
0 15 15: 1224, 22, 1
0 15 16: 1226, 22, 1
0 15 17: 1228, 22, 2
0 15 18: 1222, 22, 0
0 15 19: 1184, 10, 2
0 15 19: 1228, 22, 0
0 15 20: 1241, 22, 3
0 15 20: 1305, 10, 0
0 15 21: 1228, 22, 2
0 15 22: 1223, 22, 2
0 15 23: 1222, 22, 3
0 15 24: 1226, 22, 1
0 15 25: 1228, 22, 2
0 15 26: 1243, 22, 3
0 15 26: 1326, 10, 0
0 15 31: 1242, 22, 1
0 15 32: 1241, 22, 1
0 15 32: 1326, 10, 0
0 15 33: 1241, 22, 1
0 15 34: 1223, 22, 2
0 15 35: 1226, 22, 1
0 15 36: 1228, 22, 2
0 15 37: 1241, 22, 1
0 15 38: 1241, 22, 1
0 15 38: 1326, 10, 0
0 15 39: 1241, 22, 1
0 15 40: 1225, 22, 0
0 15 40: 1390, 10, 3
0 15 41: 1228, 22, 2
0 15 42: 1241, 22, 1
0 15 42: 1326, 10, 0
0 15 43: 1241, 22, 1
0 15 44: 1241, 22, 1
0 15 44: 1305, 10, 0
0 15 45: 1228, 22, 0
0 15 46: 1230, 22, 2
0 15 47: 1241, 22, 1
0 15 48: 1242, 22, 2
0 15 49: 1242, 22, 1
0 15 50: 1241, 22, 1
0 15 50: 1326, 10, 0
0 15 51: 1241, 22, 1
0 15 52: 1222, 22, 0
0 15 53: 1242, 22, 3
0 15 54: 1243, 22, 3
0 15 60: 319, 22, 2
0 15 61: 1242, 22, 1
0 15 62: 1230, 22, 1
0 15 63: 1228, 22, 1
0 16 2: 1243, 22, 1
0 16 3: 1184, 10, 0
0 16 3: 1242, 22, 0
0 16 4: 1243, 22, 0
0 16 5: 1243, 22, 1
0 16 6: 1225, 22, 0
0 16 6: 1305, 10, 0
0 16 7: 1241, 22, 1
0 16 8: 1241, 22, 1
0 16 9: 1241, 22, 1
0 16 10: 1241, 22, 1
0 16 10: 1326, 10, 0
0 16 11: 1241, 22, 1
0 16 12: 1226, 22, 2
0 16 13: 1228, 22, 1
0 16 14: 1241, 22, 1
0 16 15: 1241, 22, 1
0 16 16: 1241, 22, 1
0 16 17: 1228, 22, 0
0 16 18: 1225, 22, 2
0 16 19: 1225, 22, 0
0 16 20: 1228, 22, 3
0 16 21: 1225, 22, 3
0 16 22: 1224, 22, 1
0 16 23: 1225, 22, 1
0 16 24: 1228, 22, 1
0 16 25: 1242, 22, 3
0 16 31: 1242, 22, 1
0 16 32: 1228, 22, 0
0 16 33: 1226, 22, 3
0 16 34: 1224, 22, 1
0 16 35: 1225, 22, 1
0 16 36: 1186, 10, 1
0 16 36: 1228, 22, 1
0 16 37: 1241, 22, 1
0 16 37: 1398, 10, 3
0 16 38: 1228, 22, 0
0 16 39: 1226, 22, 3
0 16 40: 1224, 22, 0
0 16 41: 1184, 10, 0
0 16 42: 1241, 22, 1
0 16 43: 1184, 10, 1
0 16 43: 1241, 22, 1
0 16 44: 1223, 22, 2
0 16 45: 1226, 22, 1
0 16 46: 1228, 22, 2
0 16 47: 1241, 22, 1
0 16 48: 1241, 22, 1
0 16 48: 1305, 10, 0
0 16 49: 1241, 22, 1
0 16 50: 1228, 22, 0
0 16 51: 1226, 22, 3
0 16 52: 1224, 22, 1
0 16 53: 1229, 22, 3
0 16 53: 1390, 10, 3
0 16 54: 1242, 22, 3
0 16 57: 320, 22, 0
0 16 58: 320, 22, 0
0 16 61: 1243, 22, 1
0 16 62: 1228, 22, 3
0 16 63: 1225, 22, 3
0 17 5: 1243, 22, 1
0 17 6: 1222, 22, 2
0 17 7: 1228, 22, 0
0 17 8: 1230, 22, 2
0 17 9: 1184, 10, 3
0 17 9: 1229, 22, 2
0 17 10: 1241, 22, 1
0 17 11: 1241, 22, 1
0 17 11: 1304, 10, 0
0 17 12: 1228, 22, 3
0 17 13: 1226, 22, 0
0 17 14: 1184, 10, 1
0 17 14: 1229, 22, 2
0 17 15: 1241, 22, 1
0 17 15: 1326, 10, 0
0 17 16: 1241, 22, 1
0 17 17: 1225, 22, 0
0 17 18: 1184, 10, 0
0 17 18: 1228, 22, 2
0 17 19: 1224, 22, 2
0 17 20: 1222, 22, 3
0 17 21: 1225, 22, 1
0 17 22: 1228, 22, 1
0 17 23: 1228, 22, 3
0 17 23: 1305, 10, 0
0 17 24: 1225, 22, 3
0 17 25: 1229, 22, 3
0 17 26: 1243, 22, 3
0 17 31: 1223, 22, 2
0 17 31: 1398, 10, 0
0 17 32: 1226, 22, 1
0 17 33: 1184, 10, 2
0 17 33: 1228, 22, 2
0 17 34: 1241, 22, 1
0 17 35: 1228, 22, 3
0 17 35: 1304, 10, 0
0 17 36: 1225, 22, 3
0 17 37: 1224, 22, 3
0 17 38: 1226, 22, 1
0 17 39: 1184, 10, 3
0 17 39: 1228, 22, 2
0 17 40: 1223, 22, 1
0 17 41: 1225, 22, 1
0 17 41: 1304, 10, 0
0 17 42: 1228, 22, 1
0 17 43: 1223, 22, 2
0 17 44: 1223, 22, 0
0 17 45: 1226, 22, 3
0 17 46: 1224, 22, 3
0 17 47: 1225, 22, 1
0 17 48: 1228, 22, 1
0 17 49: 1223, 22, 2
0 17 50: 1226, 22, 1
0 17 51: 1243, 22, 0
0 17 52: 1242, 22, 0
0 17 53: 1243, 22, 0
0 17 54: 1243, 22, 3
0 17 57: 320, 22, 3
0 17 58: 319, 22, 2
0 17 59: 320, 22, 1
0 17 62: 1242, 22, 0
0 17 63: 1242, 22, 0
0 18 3: 1304, 10, 0
0 18 5: 1184, 10, 3
0 18 5: 1242, 22, 1
0 18 6: 1224, 22, 2
0 18 7: 1184, 10, 0
0 18 7: 1226, 22, 1
0 18 8: 1228, 22, 2
0 18 9: 1226, 22, 2
0 18 10: 1228, 22, 1
0 18 11: 1241, 22, 1
0 18 12: 1241, 22, 1
0 18 13: 1222, 22, 2
0 18 14: 1226, 22, 2
0 18 15: 1228, 22, 1
0 18 16: 1241, 22, 1
0 18 16: 1304, 10, 0
0 18 17: 1224, 22, 2
0 18 18: 1223, 22, 3
0 18 19: 1226, 22, 2
0 18 20: 1184, 10, 2
0 18 20: 1228, 22, 1
0 18 21: 1184, 10, 3
0 18 21: 1228, 22, 3
0 18 22: 1225, 22, 3
0 18 23: 1224, 22, 3
0 18 24: 1229, 22, 3
0 18 25: 1243, 22, 3
0 18 30: 1242, 22, 1
0 18 31: 1223, 22, 1
0 18 32: 1225, 22, 1
0 18 33: 1228, 22, 1
0 18 34: 1241, 22, 1
0 18 34: 1326, 10, 0
0 18 35: 1242, 22, 0
0 18 36: 1242, 22, 0
0 18 37: 1226, 22, 2
0 18 38: 1228, 22, 1
0 18 40: 1242, 22, 0
0 18 41: 1228, 22, 3
0 18 42: 1225, 22, 3
0 18 43: 1224, 22, 1
0 18 44: 1226, 22, 1
0 18 45: 1228, 22, 2
0 18 46: 1223, 22, 1
0 18 47: 1229, 22, 3
0 18 48: 1225, 22, 3
0 18 49: 1224, 22, 1
0 18 50: 1225, 22, 1
0 18 51: 1228, 22, 1
0 18 52: 1243, 22, 3
0 18 53: 1304, 10, 0
0 18 56: 1390, 10, 2
0 18 57: 320, 22, 2
0 18 58: 320, 22, 1
0 18 60: 1243, 22, 1
0 18 61: 1242, 22, 2
0 18 62: 1242, 22, 2
0 19 5: 1243, 22, 1
0 19 6: 1226, 22, 2
0 19 7: 1228, 22, 1
0 19 8: 1241, 22, 1
0 19 8: 1326, 10, 0
0 19 9: 1228, 22, 3
0 19 9: 1402, 10, 0
0 19 10: 1226, 22, 0
0 19 11: 1241, 22, 1
0 19 11: 1326, 10, 0
0 19 12: 1241, 22, 1
0 19 13: 1222, 22, 2
0 19 14: 1228, 22, 3
0 19 15: 1226, 22, 0
0 19 16: 1228, 22, 0
0 19 17: 1225, 22, 2
0 19 18: 1229, 22, 0
0 19 19: 1184, 10, 0
0 19 19: 1228, 22, 3
0 19 20: 1226, 22, 0
0 19 21: 1241, 22, 1
0 19 22: 1241, 22, 1
0 19 23: 1229, 22, 0
0 19 24: 1243, 22, 3
0 19 29: 1305, 10, 0
0 19 30: 1243, 22, 1
0 19 31: 1242, 22, 0
0 19 32: 1228, 22, 3
0 19 33: 1225, 22, 3
0 19 34: 1223, 22, 3
0 19 35: 1242, 22, 3
0 19 36: 1243, 22, 0
0 19 37: 1228, 22, 3
0 19 38: 1230, 22, 3
0 19 39: 1242, 22, 3
0 19 40: 1243, 22, 0
0 19 41: 1243, 22, 0
0 19 42: 1184, 10, 2
0 19 42: 1242, 22, 0
0 19 43: 1242, 22, 0
0 19 44: 1242, 22, 0
0 19 44: 1390, 10, 1
0 19 45: 1243, 22, 0
0 19 46: 1242, 22, 0
0 19 46: 1326, 10, 0
0 19 47: 1242, 22, 0
0 19 48: 1242, 22, 0
0 19 48: 1398, 10, 2
0 19 49: 1242, 22, 0
0 19 50: 1228, 22, 3
0 19 50: 1390, 10, 3
0 19 51: 1230, 22, 3
0 19 52: 1242, 22, 3
0 19 60: 1242, 22, 1
0 19 61: 1230, 22, 1
0 19 62: 1228, 22, 1
0 19 63: 1242, 22, 2
0 20 4: 1243, 22, 1
0 20 5: 1242, 22, 2
0 20 6: 1228, 22, 3
0 20 7: 1226, 22, 0
0 20 8: 1228, 22, 0
0 20 9: 1226, 22, 3
0 20 10: 1224, 22, 1
0 20 11: 1225, 22, 1
0 20 12: 1184, 10, 2
0 20 12: 1228, 22, 1
0 20 13: 1223, 22, 1
0 20 13: 1305, 10, 0
0 20 14: 1222, 22, 1
0 20 15: 1223, 22, 0
0 20 16: 1225, 22, 0
0 20 17: 1228, 22, 2
0 20 17: 1390, 10, 0
0 20 18: 1241, 22, 1
0 20 18: 1326, 10, 0
0 20 19: 1241, 22, 1
0 20 20: 1224, 22, 2
0 20 20: 1304, 10, 0
0 20 21: 1223, 22, 3
0 20 22: 1186, 10, 0
0 20 22: 1242, 22, 0
0 20 23: 1243, 22, 3
0 20 28: 1243, 22, 2
0 20 29: 1242, 22, 2
0 20 31: 1326, 10, 0
0 20 32: 1243, 22, 0
0 20 32: 1304, 10, 0
0 20 33: 1242, 22, 1
0 20 34: 1229, 22, 0
0 20 35: 1242, 22, 3
0 20 36: 1326, 10, 0
0 20 37: 1243, 22, 0
0 20 38: 1242, 22, 0
0 20 39: 1243, 22, 0
0 20 43: 1398, 10, 0
0 20 45: 1186, 10, 0
0 20 46: 1243, 22, 0
0 20 49: 1326, 10, 0
0 20 50: 1243, 22, 0
0 20 51: 1242, 22, 0
0 20 52: 1243, 22, 0
0 20 52: 1305, 10, 0
0 20 54: 339, 22, 2
0 20 57: 320, 22, 2
0 20 59: 320, 22, 2
0 20 60: 1243, 22, 1
0 20 60: 1402, 10, 0
0 20 61: 1228, 22, 3
0 20 62: 1227, 22, 1
0 20 63: 1228, 22, 1
0 21 4: 1242, 22, 1
0 21 5: 1230, 22, 1
0 21 6: 1228, 22, 1
0 21 6: 1304, 10, 0
0 21 7: 1222, 22, 2
0 21 8: 1230, 22, 0
0 21 9: 1228, 22, 2
0 21 10: 1241, 22, 1
0 21 11: 1228, 22, 3
0 21 12: 1225, 22, 3
0 21 13: 1223, 22, 3
0 21 14: 1228, 22, 0
0 21 15: 1226, 22, 3
0 21 16: 1224, 22, 0
0 21 17: 1241, 22, 1
0 21 18: 1242, 22, 0
0 21 19: 1242, 22, 0
0 21 20: 1222, 22, 2
0 21 21: 1226, 22, 2
0 21 22: 1228, 22, 1
0 21 23: 1243, 22, 3
0 21 28: 1242, 22, 2
0 21 29: 1229, 22, 2
0 21 30: 1242, 22, 3
0 21 33: 1243, 22, 0
0 21 34: 1242, 22, 0
0 21 35: 1243, 22, 0
0 21 39: 321, 22, 2
0 21 47: 1184, 10, 0
0 21 50: 1304, 10, 0
0 21 53: 339, 22, 0
0 21 54: 338, 22, 3
0 21 55: 339, 22, 1
0 21 56: 1304, 10, 0
0 21 59: 321, 22, 0
0 21 61: 1242, 22, 1
0 21 62: 1228, 22, 3
0 21 63: 1225, 22, 3
0 22 4: 1243, 22, 1
0 22 5: 1228, 22, 3
0 22 6: 1225, 22, 3
0 22 7: 1224, 22, 1
0 22 8: 1225, 22, 1
0 22 9: 1228, 22, 1
0 22 10: 1241, 22, 1
0 22 10: 1326, 10, 0
0 22 11: 1184, 10, 3
0 22 11: 1228, 22, 0
0 22 12: 1226, 22, 3
0 22 13: 1224, 22, 1
0 22 14: 1226, 22, 1
0 22 15: 1228, 22, 2
0 22 16: 1229, 22, 0
0 22 17: 1242, 22, 3
0 22 18: 1243, 22, 0
0 22 19: 1243, 22, 0
0 22 20: 1229, 22, 0
0 22 21: 1228, 22, 3
0 22 22: 1230, 22, 3
0 22 27: 1242, 22, 1
0 22 27: 1305, 10, 0
0 22 28: 1223, 22, 2
0 22 29: 1224, 22, 0
0 22 30: 1242, 22, 3
0 22 32: 1326, 10, 0
0 22 38: 320, 22, 3
0 22 41: 320, 22, 0
0 22 42: 320, 22, 1
0 22 43: 1326, 10, 0
0 22 45: 321, 22, 0
0 22 48: 320, 22, 1
0 22 52: 339, 22, 2
0 22 54: 339, 22, 0
0 22 54: 1402, 10, 0
0 22 58: 320, 22, 1
0 22 62: 1242, 22, 0
0 22 63: 1242, 22, 1
0 23 3: 1243, 22, 2
0 23 4: 1242, 22, 2
0 23 7: 1241, 22, 1
0 23 8: 1228, 22, 3
0 23 9: 1225, 22, 3
0 23 10: 1224, 22, 3
0 23 11: 1226, 22, 1
0 23 12: 1228, 22, 2
0 23 13: 1242, 22, 0
0 23 14: 1242, 22, 0
0 23 15: 1242, 22, 0
0 23 16: 1242, 22, 0
0 23 17: 1243, 22, 0
0 23 26: 1243, 22, 1
0 23 27: 1228, 22, 0
0 23 28: 1225, 22, 2
0 23 29: 1226, 22, 2
0 23 30: 1228, 22, 1
0 23 30: 1305, 10, 0
0 23 32: 1242, 22, 2
0 23 35: 320, 22, 1
0 23 36: 321, 22, 1
0 23 38: 319, 22, 0
0 23 41: 319, 22, 1
0 23 42: 320, 22, 0
0 23 47: 320, 22, 3
0 23 50: 339, 22, 3
0 23 52: 340, 22, 3
0 23 53: 339, 22, 1
0 23 57: 1326, 10, 0
0 23 59: 320, 22, 3
0 23 61: 1243, 22, 1
0 23 62: 1242, 22, 2
0 23 63: 1242, 22, 2
0 24 1: 1243, 22, 2
0 24 2: 1242, 22, 2
0 24 3: 1242, 22, 1
0 24 4: 1230, 22, 1
0 24 4: 1304, 10, 0
0 24 5: 1228, 22, 1
0 24 6: 1241, 22, 1
0 24 7: 1241, 22, 1
0 24 7: 1305, 10, 0
0 24 8: 1228, 22, 0
0 24 9: 1226, 22, 3
0 24 10: 1223, 22, 0
0 24 11: 1242, 22, 0
0 24 12: 1242, 22, 0
0 24 13: 1243, 22, 0
0 24 14: 1243, 22, 0
0 24 15: 1243, 22, 0
0 24 16: 1243, 22, 0
0 24 25: 1243, 22, 1
0 24 26: 1242, 22, 1
0 24 26: 1402, 10, 0
0 24 27: 1225, 22, 0
0 24 28: 1228, 22, 2
0 24 29: 1228, 22, 3
0 24 30: 1226, 22, 0
0 24 32: 1229, 22, 2
0 24 33: 1242, 22, 3
0 24 36: 320, 22, 3
0 24 37: 1242, 22, 2
0 24 38: 320, 22, 2
0 24 40: 320, 22, 2
0 24 41: 320, 22, 3
0 24 44: 320, 22, 3
0 24 46: 319, 22, 3
0 24 47: 320, 22, 0
0 24 48: 320, 22, 0
0 24 49: 339, 22, 2
0 24 50: 340, 22, 3
0 24 51: 339, 22, 1
0 24 51: 1402, 10, 0
0 24 52: 339, 22, 0
0 24 53: 1304, 10, 0
0 24 57: 339, 22, 0
0 24 58: 340, 22, 1
0 24 61: 1242, 22, 1
0 24 62: 1229, 22, 1
0 24 63: 1222, 22, 3
0 25 1: 1242, 22, 1
0 25 2: 1230, 22, 1
0 25 3: 1228, 22, 1
0 25 4: 1228, 22, 3
0 25 5: 1225, 22, 3
0 25 6: 1222, 22, 3
0 25 7: 1224, 22, 3
0 25 8: 1226, 22, 1
0 25 9: 1228, 22, 2
0 25 10: 1242, 22, 0
0 25 11: 1243, 22, 0
0 25 12: 1243, 22, 0
0 25 23: 1186, 10, 0
0 25 25: 1243, 22, 1
0 25 25: 1326, 10, 0
0 25 26: 1228, 22, 0
0 25 27: 1225, 22, 2
0 25 28: 1242, 22, 3
0 25 28: 1326, 10, 0
0 25 29: 1243, 22, 0
0 25 29: 1305, 10, 0
0 25 30: 1228, 22, 3
0 25 31: 1225, 22, 3
0 25 32: 1224, 22, 1
0 25 32: 1402, 10, 0
0 25 33: 1225, 22, 1
0 25 35: 1242, 22, 2
0 25 36: 1228, 22, 0
0 25 37: 1230, 22, 2
0 25 38: 1242, 22, 3
0 25 39: 320, 22, 1
0 25 41: 319, 22, 3
0 25 43: 320, 22, 0
0 25 46: 320, 22, 2
0 25 50: 339, 22, 0
0 25 55: 339, 22, 3
0 25 57: 1402, 10, 0
0 25 58: 339, 22, 2
0 25 60: 320, 22, 2
0 25 61: 1243, 22, 1
0 25 62: 1242, 22, 0
0 25 63: 1242, 22, 0
0 26 1: 1243, 22, 1
0 26 2: 1228, 22, 3
0 26 3: 1225, 22, 3
0 26 4: 1223, 22, 3
0 26 5: 1228, 22, 0
0 26 6: 1226, 22, 3
0 26 7: 1223, 22, 0
0 26 8: 1241, 22, 1
0 26 9: 1242, 22, 3
0 26 10: 1243, 22, 0
0 26 19: 1398, 10, 3
0 26 25: 1242, 22, 1
0 26 25: 1305, 10, 0
0 26 26: 1230, 22, 0
0 26 27: 1228, 22, 2
0 26 28: 1243, 22, 3
0 26 30: 1243, 22, 0
0 26 31: 1242, 22, 0
0 26 32: 1242, 22, 0
0 26 34: 1225, 22, 3
0 26 35: 1224, 22, 3
0 26 36: 1226, 22, 1
0 26 37: 1228, 22, 2
0 26 38: 1243, 22, 3
0 26 44: 1326, 10, 0
0 26 45: 320, 22, 3
0 26 47: 320, 22, 1
0 26 49: 339, 22, 3
0 26 50: 340, 22, 0
0 26 51: 339, 22, 2
0 26 54: 339, 22, 0
0 26 55: 340, 22, 2
0 26 56: 339, 22, 2
0 27 0: 1242, 22, 2
0 27 1: 1242, 22, 2
0 27 2: 1228, 22, 0
0 27 3: 1226, 22, 3
0 27 4: 1224, 22, 1
0 27 5: 1226, 22, 1
0 27 6: 1228, 22, 2
0 27 7: 1241, 22, 1
0 27 8: 1242, 22, 3
0 27 9: 1243, 22, 3
0 27 17: 1304, 10, 0
0 27 22: 1304, 10, 0
0 27 25: 1243, 22, 1
0 27 26: 1242, 22, 0
0 27 27: 1242, 22, 0
0 27 32: 1326, 10, 0
0 27 34: 1241, 22, 1
0 27 34: 1304, 10, 0
0 27 35: 1223, 22, 1
0 27 36: 1225, 22, 1
0 27 37: 1228, 22, 1
0 27 38: 1242, 22, 2
0 27 38: 1326, 10, 0
0 27 39: 1243, 22, 3
0 27 40: 1398, 10, 1
0 27 42: 1184, 10, 3
0 27 50: 339, 22, 1
0 27 50: 1186, 10, 3
0 27 53: 1390, 10, 3
0 27 55: 339, 22, 1
0 27 55: 1184, 10, 3
0 28 0: 1229, 22, 1
0 28 1: 1224, 22, 3
0 28 2: 1226, 22, 1
0 28 3: 1228, 22, 2
0 28 4: 1241, 22, 1
0 28 5: 1241, 22, 1
0 28 6: 1241, 22, 1
0 28 7: 1186, 10, 3
0 28 7: 1241, 22, 1
0 28 8: 1242, 22, 3
0 28 14: 1326, 10, 0
0 28 24: 1184, 10, 1
0 28 31: 1242, 22, 1
0 28 32: 1223, 22, 2
0 28 33: 1222, 22, 3
0 28 34: 1225, 22, 1
0 28 35: 1228, 22, 1
0 28 36: 1228, 22, 3
0 28 37: 1225, 22, 3
0 28 38: 1229, 22, 3
0 28 38: 1402, 10, 0
0 28 39: 1242, 22, 3
0 28 40: 1326, 10, 0
0 28 43: 1304, 10, 0
0 29 0: 1228, 22, 0
0 29 1: 1225, 22, 2
0 29 2: 1243, 22, 1
0 29 3: 1229, 22, 1
0 29 4: 1223, 22, 3
0 29 5: 1228, 22, 0
0 29 6: 1226, 22, 3
0 29 7: 1229, 22, 3
0 29 8: 1242, 22, 3
0 29 17: 1326, 10, 0
0 29 20: 1402, 10, 0
0 29 22: 1326, 10, 0
0 29 27: 1186, 10, 1
0 29 29: 1326, 10, 0
0 29 31: 1243, 22, 0
0 29 32: 1229, 22, 0
0 29 33: 1242, 22, 0
0 29 34: 1228, 22, 3
0 29 35: 1225, 22, 3
0 29 36: 1229, 22, 3
0 29 37: 1242, 22, 0
0 29 37: 1326, 10, 0
0 29 38: 1242, 22, 0
0 29 39: 1243, 22, 3
0 30 0: 1225, 22, 0
0 30 1: 1228, 22, 2
0 30 2: 1228, 22, 0
0 30 3: 1226, 22, 3
0 30 4: 1224, 22, 1
0 30 5: 1226, 22, 1
0 30 6: 1228, 22, 2
0 30 7: 1242, 22, 0
0 30 23: 1402, 10, 0
0 30 32: 1243, 22, 0
0 30 33: 1326, 10, 0
0 30 34: 1243, 22, 0
0 30 35: 1242, 22, 0
0 30 36: 1184, 10, 2
0 30 36: 1242, 22, 0
0 30 37: 1243, 22, 0
0 31 0: 1229, 22, 0
0 31 1: 1229, 22, 1
0 31 2: 1226, 22, 1
0 31 4: 1242, 22, 0
0 31 5: 1242, 22, 0
0 31 6: 1243, 22, 0
0 31 26: 1305, 10, 0
0 31 39: 1326, 10, 0
0 31 41: 1402, 10, 0
0 32 0: 1242, 22, 0
0 32 1: 1242, 22, 0
0 32 2: 1242, 22, 0
0 32 3: 1243, 22, 0
0 32 50: 1400, 10, 2
0 33 48: 1400, 10, 3
0 34 54: 1286, 10, 3
0 35 31: 1243, 22, 2
0 35 56: 185, 22, 3
0 36 31: 1243, 22, 1
0 36 32: 1241, 22, 3
0 36 33: 1229, 22, 2
0 36 36: 1243, 22, 2
0 36 37: 1243, 22, 2
0 36 38: 1243, 22, 2
0 36 45: 1400, 10, 1
0 36 50: 1400, 10, 0
0 36 52: 1250, 22, 2
0 36 55: 185, 22, 0
0 36 56: 186, 22, 1
0 36 57: 185, 22, 2
0 37 30: 1243, 22, 1
0 37 31: 1242, 22, 2
0 37 32: 1223, 22, 2
0 37 32: 1304, 10, 0
0 37 33: 1223, 22, 0
0 37 34: 1229, 22, 2
0 37 35: 1242, 22, 2
0 37 36: 1242, 22, 2
0 37 37: 1242, 22, 2
0 37 38: 1242, 22, 2
0 37 39: 1242, 22, 2
0 37 40: 1242, 22, 2
0 37 53: 185, 22, 0
0 37 54: 185, 22, 3
0 37 56: 185, 22, 1
0 37 57: 1250, 22, 1
0 37 58: 185, 22, 3
0 37 59: 1250, 22, 3
0 38 23: 1326, 10, 0
0 38 30: 1243, 22, 1
0 38 31: 1241, 22, 3
0 38 32: 1226, 22, 2
0 38 33: 1228, 22, 1
0 38 34: 1223, 22, 1
0 38 35: 1225, 22, 1
0 38 36: 1228, 22, 1
0 38 37: 1223, 22, 2
0 38 38: 1229, 22, 3
0 38 39: 1229, 22, 2
0 38 40: 1242, 22, 3
0 38 52: 185, 22, 2
0 38 55: 185, 22, 2
0 38 55: 1326, 10, 0
0 38 56: 184, 22, 3
0 38 57: 185, 22, 0
0 38 58: 184, 22, 0
0 38 59: 185, 22, 2
0 39 30: 1326, 10, 0
0 39 31: 1241, 22, 3
0 39 32: 1228, 22, 3
0 39 33: 1226, 22, 0
0 39 34: 1241, 22, 3
0 39 35: 1228, 22, 3
0 39 36: 1225, 22, 3
0 39 37: 1224, 22, 1
0 39 38: 1222, 22, 3
0 39 39: 1224, 22, 0
0 39 40: 1242, 22, 3
0 39 50: 185, 22, 0
0 39 52: 185, 22, 2
0 39 54: 185, 22, 0
0 39 55: 553, 22, 1
0 39 56: 553, 22, 2
0 39 57: 185, 22, 2
0 39 57: 462, 10, 3
0 39 58: 186, 22, 1
0 39 58: 1286, 10, 0
0 39 59: 186, 22, 1
0 39 60: 185, 22, 1
0 40 27: 1229, 22, 2
0 40 31: 1241, 22, 3
0 40 32: 1223, 22, 2
0 40 33: 1224, 22, 0
0 40 34: 1241, 22, 3
0 40 34: 1326, 10, 0
0 40 35: 1229, 22, 2
0 40 36: 1184, 10, 2
0 40 36: 1241, 22, 3
0 40 37: 1241, 22, 3
0 40 38: 1228, 22, 0
0 40 39: 1225, 22, 2
0 40 40: 1242, 22, 3
0 40 44: 1326, 10, 0
0 40 51: 185, 22, 1
0 40 53: 185, 22, 1
0 40 54: 553, 22, 2
0 40 55: 552, 22, 2
0 40 56: 463, 10, 1
0 40 56: 553, 22, 3
0 40 57: 552, 22, 3
0 40 58: 450, 10, 2
0 40 58: 553, 22, 0
0 40 59: 185, 22, 0
0 41 20: 1390, 10, 0
0 41 24: 1304, 10, 0
0 41 27: 1223, 22, 1
0 41 28: 1222, 22, 3
0 41 28: 1305, 10, 0
0 41 29: 1223, 22, 3
0 41 31: 1228, 22, 0
0 41 32: 1225, 22, 2
0 41 33: 1226, 22, 2
0 41 34: 1228, 22, 1
0 41 35: 1226, 22, 2
0 41 36: 1228, 22, 1
0 41 37: 1241, 22, 3
0 41 37: 1326, 10, 0
0 41 38: 1225, 22, 0
0 41 39: 1228, 22, 2
0 41 40: 1242, 22, 3
0 41 41: 1390, 10, 3
0 41 44: 1400, 10, 0
0 41 51: 185, 22, 2
0 41 52: 185, 22, 2
0 41 53: 552, 22, 0
0 41 54: 552, 22, 1
0 41 55: 184, 22, 2
0 41 55: 2217, 10, 0
0 41 57: 185, 22, 2
0 41 58: 444, 10, 0
0 41 58: 552, 22, 0
0 41 59: 184, 22, 0
0 42 18: 1304, 10, 0
0 42 20: 319, 22, 0
0 42 22: 1402, 10, 0
0 42 27: 1230, 22, 1
0 42 28: 1228, 22, 1
0 42 29: 1226, 22, 2
0 42 30: 1228, 22, 1
0 42 31: 1225, 22, 0
0 42 32: 1184, 10, 1
0 42 32: 1228, 22, 2
0 42 33: 1228, 22, 3
0 42 34: 1184, 10, 0
0 42 34: 1226, 22, 0
0 42 35: 1228, 22, 3
0 42 36: 1226, 22, 0
0 42 37: 1184, 10, 0
0 42 37: 1241, 22, 3
0 42 38: 1224, 22, 2
0 42 39: 1229, 22, 3
0 42 40: 1184, 10, 1
0 42 40: 1242, 22, 3
0 42 46: 1400, 10, 2
0 42 49: 185, 22, 2
0 42 51: 185, 22, 3
0 42 52: 1250, 22, 0
0 42 53: 552, 22, 3
0 42 54: 553, 22, 1
0 42 57: 185, 22, 3
0 42 58: 463, 10, 0
0 42 58: 553, 22, 1
0 42 59: 185, 22, 0
0 43 17: 320, 22, 1
0 43 19: 320, 22, 3
0 43 26: 1186, 10, 3
0 43 26: 1229, 22, 2
0 43 27: 1228, 22, 3
0 43 27: 1390, 10, 3
0 43 28: 1226, 22, 0
0 43 29: 1228, 22, 3
0 43 30: 1226, 22, 0
0 43 31: 1229, 22, 0
0 43 32: 1241, 22, 3
0 43 33: 1241, 22, 3
0 43 34: 1224, 22, 2
0 43 35: 1222, 22, 3
0 43 36: 1224, 22, 0
0 43 37: 1241, 22, 3
0 43 38: 1226, 22, 2
0 43 39: 1228, 22, 1
0 43 40: 1242, 22, 3
0 43 50: 186, 22, 1
0 43 52: 1249, 22, 0
0 43 53: 185, 22, 1
0 43 54: 552, 22, 0
0 43 55: 184, 22, 2
0 43 56: 185, 22, 0
0 43 57: 185, 22, 3
0 43 58: 445, 10, 1
0 43 58: 552, 22, 3
0 43 59: 1286, 10, 2
0 44 17: 319, 22, 2
0 44 20: 320, 22, 0
0 44 21: 319, 22, 1
0 44 21: 1184, 10, 2
0 44 26: 1223, 22, 1
0 44 27: 1222, 22, 1
0 44 28: 1224, 22, 0
0 44 29: 1326, 10, 0
0 44 30: 1224, 22, 2
0 44 31: 1222, 22, 3
0 44 32: 1225, 22, 1
0 44 33: 1228, 22, 1
0 44 34: 1226, 22, 2
0 44 34: 1390, 10, 0
0 44 35: 1228, 22, 1
0 44 36: 1223, 22, 1
0 44 37: 1229, 22, 3
0 44 38: 1184, 10, 3
0 44 38: 1228, 22, 3
0 44 39: 1226, 22, 0
0 44 39: 1304, 10, 0
0 44 40: 1242, 22, 3
0 44 49: 185, 22, 1
0 44 51: 186, 22, 0
0 44 52: 185, 22, 3
0 44 53: 186, 22, 3
0 44 54: 444, 10, 2
0 44 54: 553, 22, 0
0 44 55: 446, 10, 2
0 44 55: 552, 22, 3
0 44 56: 553, 22, 3
0 44 56: 1326, 10, 0
0 44 57: 462, 10, 2
0 44 57: 552, 22, 2
0 44 58: 553, 22, 2
0 45 4: 2335, 22, 3
0 45 5: 2334, 22, 1
0 45 6: 2333, 22, 2
0 45 16: 320, 22, 0
0 45 16: 1402, 10, 0
0 45 19: 1305, 10, 0
0 45 23: 1304, 10, 0
0 45 26: 1241, 22, 3
0 45 26: 1326, 10, 0
0 45 27: 1241, 22, 3
0 45 28: 1184, 10, 0
0 45 28: 1226, 22, 2
0 45 29: 1228, 22, 1
0 45 29: 1398, 10, 0
0 45 30: 1226, 22, 2
0 45 31: 1228, 22, 1
0 45 32: 1228, 22, 3
0 45 33: 1230, 22, 3
0 45 34: 1228, 22, 3
0 45 35: 1226, 22, 0
0 45 36: 1241, 22, 3
0 45 36: 1305, 10, 0
0 45 37: 1241, 22, 3
0 45 38: 1223, 22, 2
0 45 39: 1224, 22, 0
0 45 40: 1242, 22, 3
0 45 41: 1243, 22, 3
0 45 42: 1243, 22, 2
0 45 44: 1184, 10, 0
0 45 48: 1400, 10, 3
0 45 50: 186, 22, 3
0 45 53: 185, 22, 3
0 45 54: 184, 22, 2
0 45 55: 185, 22, 0
0 45 56: 186, 22, 1
0 45 57: 185, 22, 3
0 45 58: 1400, 10, 2
0 46 2: 320, 22, 3
0 46 3: 320, 22, 1
0 46 4: 753, 22, 3
0 46 4: 1797, 10, 2
0 46 5: 753, 22, 3
0 46 6: 753, 22, 3
0 46 7: 321, 22, 3
0 46 16: 320, 22, 0
0 46 18: 320, 22, 3
0 46 21: 320, 22, 3
0 46 25: 1184, 10, 3
0 46 26: 1229, 22, 1
0 46 27: 1223, 22, 3
0 46 28: 1228, 22, 3
0 46 29: 1226, 22, 0
0 46 30: 1184, 10, 3
0 46 30: 1228, 22, 3
0 46 31: 1226, 22, 0
0 46 32: 1241, 22, 3
0 46 32: 1326, 10, 0
0 46 33: 1241, 22, 3
0 46 33: 1304, 10, 0
0 46 34: 1223, 22, 2
0 46 35: 1224, 22, 0
0 46 36: 1241, 22, 3
0 46 37: 1228, 22, 0
0 46 38: 1225, 22, 2
0 46 39: 1226, 22, 2
0 46 40: 1228, 22, 1
0 46 41: 1242, 22, 2
0 46 42: 1242, 22, 2
0 46 43: 1242, 22, 2
0 46 45: 1243, 22, 3
0 46 51: 185, 22, 2
0 46 55: 1250, 22, 3
0 46 56: 1400, 10, 3
0 46 60: 185, 22, 1
0 47 2: 321, 22, 2
0 47 3: 320, 22, 0
0 47 4: 754, 22, 3
0 47 5: 754, 22, 3
0 47 6: 754, 22, 3
0 47 6: 1797, 10, 0
0 47 7: 320, 22, 0
0 47 8: 320, 22, 3
0 47 9: 320, 22, 3
0 47 18: 320, 22, 2
0 47 19: 319, 22, 1
0 47 21: 320, 22, 0
0 47 22: 1326, 10, 0
0 47 26: 1241, 22, 3
0 47 27: 1222, 22, 2
0 47 28: 1241, 22, 0
0 47 28: 1304, 10, 0
0 47 29: 1223, 22, 1
0 47 30: 1222, 22, 1
0 47 31: 1224, 22, 0
0 47 32: 1241, 22, 3
0 47 33: 1228, 22, 0
0 47 34: 1225, 22, 2
0 47 35: 1226, 22, 2
0 47 36: 1228, 22, 1
0 47 37: 1230, 22, 0
0 47 38: 1228, 22, 2
0 47 39: 1228, 22, 3
0 47 40: 1226, 22, 0
0 47 40: 1390, 10, 2
0 47 41: 1228, 22, 0
0 47 42: 1230, 22, 2
0 47 43: 1241, 22, 3
0 47 47: 1400, 10, 0
0 47 50: 185, 22, 0
0 47 51: 184, 22, 0
0 47 52: 185, 22, 1
0 47 54: 185, 22, 1
0 47 56: 1400, 10, 1
0 47 57: 185, 22, 3
0 47 59: 185, 22, 2
0 47 60: 184, 22, 0
0 48 3: 320, 22, 2
0 48 4: 2016, 10, 2
0 48 5: 452, 10, 2
0 48 6: 2016, 10, 2
0 48 8: 320, 22, 2
0 48 13: 1402, 10, 0
0 48 16: 1304, 10, 0
0 48 18: 1398, 10, 2
0 48 19: 320, 22, 1
0 48 21: 321, 22, 0
0 48 24: 1242, 22, 1
0 48 24: 1304, 10, 0
0 48 25: 1241, 22, 3
0 48 26: 1229, 22, 1
0 48 27: 1224, 22, 1
0 48 28: 1225, 22, 1
0 48 29: 1228, 22, 1
0 48 30: 1241, 22, 3
0 48 31: 1226, 22, 2
0 48 31: 1305, 10, 0
0 48 32: 1228, 22, 1
0 48 33: 1225, 22, 0
0 48 34: 1228, 22, 2
0 48 35: 1228, 22, 3
0 48 36: 1226, 22, 0
0 48 37: 1241, 22, 3
0 48 38: 1241, 22, 3
0 48 38: 1326, 10, 0
0 48 39: 1241, 22, 3
0 48 40: 1224, 22, 2
0 48 41: 1226, 22, 1
0 48 42: 1228, 22, 2
0 48 42: 1305, 10, 0
0 48 43: 1241, 22, 3
0 48 51: 185, 22, 0
0 48 53: 1400, 10, 3
0 48 56: 185, 22, 2
0 48 57: 184, 22, 2
0 48 57: 1400, 10, 0
0 48 58: 185, 22, 3
0 48 60: 185, 22, 0
0 49 5: 2016, 10, 2
0 49 16: 321, 22, 3
0 49 20: 1304, 10, 0
0 49 24: 1242, 22, 2
0 49 25: 1241, 22, 3
0 49 26: 1241, 22, 3
0 49 27: 1241, 22, 3
0 49 28: 1228, 22, 3
0 49 28: 1398, 10, 1
0 49 29: 1225, 22, 3
0 49 30: 1229, 22, 3
0 49 31: 1228, 22, 3
0 49 32: 1226, 22, 0
0 49 33: 1229, 22, 0
0 49 33: 1390, 10, 2
0 49 34: 1184, 10, 1
0 49 34: 1228, 22, 0
0 49 35: 1230, 22, 2
0 49 36: 1224, 22, 2
0 49 36: 1304, 10, 0
0 49 37: 1222, 22, 3
0 49 38: 1229, 22, 3
0 49 39: 1184, 10, 3
0 49 39: 1228, 22, 0
0 49 40: 1225, 22, 2
0 49 41: 1241, 22, 3
0 49 42: 1241, 22, 3
0 49 43: 1242, 22, 3
0 49 46: 1184, 10, 1
0 49 56: 185, 22, 1
0 49 57: 185, 22, 0
0 49 61: 1243, 22, 2
0 49 62: 1243, 22, 2
0 49 63: 1243, 22, 2
0 50 10: 1186, 10, 0
0 50 18: 1326, 10, 0
0 50 22: 1242, 22, 2
0 50 22: 1305, 10, 0
0 50 23: 1242, 22, 2
0 50 24: 1241, 22, 3
0 50 24: 1390, 10, 3
0 50 25: 1229, 22, 1
0 50 26: 1222, 22, 3
0 50 27: 1225, 22, 1
0 50 28: 1241, 22, 3
0 50 28: 1326, 10, 0
0 50 29: 1241, 22, 3
0 50 30: 1184, 10, 2
0 50 30: 1241, 22, 3
0 50 31: 1226, 22, 3
0 50 32: 1224, 22, 1
0 50 33: 1222, 22, 1
0 50 34: 1226, 22, 1
0 50 35: 1184, 10, 0
0 50 35: 1228, 22, 2
0 50 36: 1226, 22, 2
0 50 37: 1241, 22, 3
0 50 38: 1241, 22, 3
0 50 39: 1225, 22, 0
0 50 40: 1228, 22, 2
0 50 41: 1241, 22, 3
0 50 42: 1242, 22, 3
0 50 43: 1243, 22, 3
0 50 48: 1400, 10, 3
0 50 60: 1243, 22, 1
0 50 61: 1242, 22, 1
0 50 62: 1242, 22, 2
0 50 63: 1242, 22, 1
0 51 11: 1304, 10, 0
0 51 14: 1186, 10, 1
0 51 15: 1402, 10, 0
0 51 19: 1402, 10, 0
0 51 22: 1241, 22, 3
0 51 23: 1241, 22, 3
0 51 24: 1241, 22, 3
0 51 25: 1241, 22, 3
0 51 25: 1326, 10, 0
0 51 26: 1241, 22, 3
0 51 27: 1228, 22, 3
0 51 28: 1230, 22, 3
0 51 29: 1223, 22, 2
0 51 29: 1402, 10, 0
0 51 30: 1226, 22, 1
0 51 31: 1228, 22, 2
0 51 32: 1241, 22, 3
0 51 32: 1326, 10, 0
0 51 33: 1228, 22, 0
0 51 34: 1226, 22, 3
0 51 34: 1390, 10, 1
0 51 35: 1229, 22, 3
0 51 36: 1228, 22, 3
0 51 37: 1226, 22, 0
0 51 38: 1223, 22, 2
0 51 39: 1224, 22, 0
0 51 40: 1241, 22, 3
0 51 40: 1398, 10, 2
0 51 41: 1241, 22, 3
0 51 41: 1326, 10, 0
0 51 42: 1184, 10, 2
0 51 42: 1242, 22, 3
0 51 43: 1243, 22, 3
0 51 57: 1400, 10, 0
0 51 60: 1243, 22, 1
0 51 61: 1242, 22, 1
0 51 62: 1241, 22, 3
0 51 63: 1229, 22, 1
0 52 0: 1243, 22, 3
0 52 21: 1242, 22, 1
0 52 21: 1398, 10, 3
0 52 22: 1241, 22, 3
0 52 23: 1229, 22, 2
0 52 24: 1228, 22, 0
0 52 24: 1398, 10, 2
0 52 25: 1226, 22, 3
0 52 26: 1224, 22, 3
0 52 27: 1225, 22, 1
0 52 28: 1228, 22, 1
0 52 29: 1222, 22, 0
0 52 30: 1228, 22, 0
0 52 31: 1226, 22, 3
0 52 31: 1398, 10, 1
0 52 32: 1224, 22, 3
0 52 33: 1226, 22, 1
0 52 34: 1184, 10, 0
0 52 34: 1228, 22, 2
0 52 35: 1223, 22, 2
0 52 36: 1222, 22, 3
0 52 37: 1224, 22, 0
0 52 38: 1222, 22, 2
0 52 38: 1305, 10, 0
0 52 39: 1226, 22, 2
0 52 40: 1228, 22, 1
0 52 41: 1241, 22, 3
0 52 42: 1242, 22, 3
0 52 43: 1243, 22, 3
0 52 45: 1243, 22, 3
0 52 45: 1304, 10, 0
0 52 52: 1304, 10, 0
0 52 59: 1184, 10, 2
0 52 59: 1243, 22, 1
0 52 60: 1242, 22, 1
0 52 61: 1242, 22, 1
0 52 62: 1241, 22, 3
0 52 63: 1241, 22, 3
0 53 0: 1243, 22, 3
0 53 17: 1305, 10, 0
0 53 22: 1184, 10, 3
0 53 22: 1241, 22, 3
0 53 23: 1223, 22, 1
0 53 24: 1226, 22, 1
0 53 25: 1228, 22, 2
0 53 26: 1222, 22, 0
0 53 27: 1228, 22, 3
0 53 28: 1225, 22, 3
0 53 29: 1223, 22, 0
0 53 30: 1225, 22, 0
0 53 31: 1228, 22, 2
0 53 32: 1222, 22, 0
0 53 33: 1326, 10, 0
0 53 34: 1228, 22, 0
0 53 35: 1225, 22, 2
0 53 36: 1228, 22, 0
0 53 37: 1225, 22, 2
0 53 38: 1226, 22, 2
0 53 39: 1228, 22, 3
0 53 40: 1230, 22, 3
0 53 41: 1241, 22, 3
0 53 42: 1242, 22, 3
0 53 43: 1184, 10, 3
0 53 43: 1243, 22, 2
0 53 44: 1243, 22, 2
0 53 45: 1243, 22, 3
0 53 48: 1326, 10, 0
0 53 61: 1241, 22, 3
0 53 62: 1229, 22, 1
0 53 63: 1222, 22, 3
0 54 0: 1242, 22, 3
0 54 9: 1326, 10, 0
0 54 14: 1326, 10, 0
0 54 20: 1326, 10, 0
0 54 21: 1230, 22, 1
0 54 22: 1228, 22, 1
0 54 23: 1241, 22, 3
0 54 24: 1241, 22, 3
0 54 25: 1241, 22, 3
0 54 26: 1223, 22, 1
0 54 27: 1222, 22, 3
0 54 28: 1229, 22, 3
0 54 29: 1241, 22, 3
0 54 29: 1326, 10, 0
0 54 30: 1222, 22, 0
0 54 31: 1241, 22, 3
0 54 32: 1184, 10, 3
0 54 32: 1223, 22, 1
0 54 33: 1229, 22, 3
0 54 33: 1398, 10, 3
0 54 34: 1225, 22, 0
0 54 35: 1228, 22, 2
0 54 36: 1225, 22, 0
0 54 37: 1228, 22, 2
0 54 38: 1228, 22, 3
0 54 39: 1230, 22, 3
0 54 40: 1184, 10, 2
0 54 40: 1241, 22, 3
0 54 41: 1241, 22, 3
0 54 42: 1241, 22, 3
0 54 42: 1304, 10, 0
0 54 43: 1242, 22, 2
0 54 44: 1242, 22, 2
0 54 44: 1305, 10, 0
0 54 45: 1242, 22, 2
0 54 46: 1243, 22, 3
0 54 54: 1305, 10, 0
0 54 60: 1242, 22, 1
0 54 61: 1241, 22, 3
0 54 62: 1241, 22, 3
0 54 63: 1241, 22, 3
0 55 0: 1242, 22, 3
0 55 12: 1326, 10, 0
0 55 21: 1184, 10, 0
0 55 21: 1228, 22, 3
0 55 22: 1225, 22, 3
0 55 23: 1224, 22, 3
0 55 24: 1225, 22, 1
0 55 25: 1228, 22, 1
0 55 25: 1326, 10, 0
0 55 26: 1241, 22, 3
0 55 27: 1241, 22, 3
0 55 27: 1304, 10, 0
0 55 28: 1230, 22, 1
0 55 29: 1228, 22, 1
0 55 30: 1222, 22, 2
0 55 31: 1184, 10, 0
0 55 31: 1241, 22, 3
0 55 32: 1226, 22, 3
0 55 33: 1222, 22, 1
0 55 33: 1305, 10, 0
0 55 34: 1223, 22, 0
0 55 35: 1241, 22, 3
0 55 35: 1326, 10, 0
0 55 36: 1223, 22, 1
0 55 37: 1222, 22, 3
0 55 38: 1224, 22, 3
0 55 39: 1229, 22, 3
0 55 40: 1241, 22, 3
0 55 40: 1326, 10, 0
0 55 41: 1241, 22, 3
0 55 42: 1241, 22, 3
0 55 43: 1241, 22, 3
0 55 44: 1241, 22, 3
0 55 45: 1241, 22, 3
0 55 46: 1242, 22, 2
0 55 47: 1243, 22, 2
0 55 47: 1304, 10, 0
0 55 60: 1242, 22, 1
0 55 61: 1241, 22, 3
0 55 62: 1241, 22, 3
0 55 63: 1241, 22, 3
0 56 0: 1228, 22, 1
0 56 1: 1243, 22, 3
0 56 2: 1243, 22, 2
0 56 3: 1243, 22, 3
0 56 8: 1243, 22, 2
0 56 9: 1242, 22, 2
0 56 10: 1241, 22, 3
0 56 10: 1304, 10, 0
0 56 11: 1241, 22, 3
0 56 12: 1242, 22, 2
0 56 13: 1243, 22, 2
0 56 14: 1186, 10, 2
0 56 16: 1241, 22, 3
0 56 17: 1241, 22, 3
0 56 18: 1229, 22, 2
0 56 19: 1241, 22, 3
0 56 20: 1184, 10, 0
0 56 20: 1241, 22, 3
0 56 21: 1241, 22, 3
0 56 22: 1241, 22, 3
0 56 23: 1222, 22, 0
0 56 24: 1228, 22, 3
0 56 25: 1227, 22, 1
0 56 26: 1228, 22, 1
0 56 27: 1241, 22, 3
0 56 28: 1228, 22, 3
0 56 29: 1225, 22, 3
0 56 30: 1224, 22, 1
0 56 31: 1226, 22, 1
0 56 32: 1228, 22, 2
0 56 33: 1242, 22, 0
0 56 34: 1242, 22, 0
0 56 35: 1242, 22, 0
0 56 36: 1242, 22, 0
0 56 37: 1242, 22, 0
0 56 38: 1226, 22, 2
0 56 39: 1228, 22, 1
0 56 40: 1241, 22, 3
0 56 40: 1402, 10, 0
0 56 41: 1241, 22, 3
0 56 42: 1241, 22, 3
0 56 43: 1241, 22, 3
0 56 44: 1228, 22, 0
0 56 45: 1226, 22, 3
0 56 46: 1229, 22, 3
0 56 47: 1242, 22, 3
0 56 48: 1243, 22, 2
0 56 58: 1304, 10, 0
0 56 59: 1241, 22, 3
0 56 60: 1241, 22, 3
0 56 61: 1228, 22, 0
0 56 62: 1226, 22, 3
0 56 63: 1225, 22, 3
0 57 0: 1225, 22, 3
0 57 1: 1224, 22, 3
0 57 2: 1229, 22, 3
0 57 3: 1243, 22, 3
0 57 8: 1242, 22, 1
0 57 9: 1241, 22, 3
0 57 10: 1228, 22, 0
0 57 11: 1226, 22, 3
0 57 12: 1225, 22, 1
0 57 13: 1228, 22, 1
0 57 14: 1242, 22, 2
0 57 16: 1223, 22, 2
0 57 17: 1222, 22, 3
0 57 18: 1186, 10, 3
0 57 18: 1224, 22, 0
0 57 19: 1241, 22, 3
0 57 20: 1241, 22, 3
0 57 21: 1241, 22, 3
0 57 21: 1326, 10, 0
0 57 22: 1241, 22, 3
0 57 23: 1226, 22, 2
0 57 24: 1228, 22, 1
0 57 25: 1228, 22, 3
0 57 26: 1226, 22, 0
0 57 27: 1242, 22, 3
0 57 28: 1243, 22, 0
0 57 29: 1242, 22, 0
0 57 30: 1242, 22, 0
0 57 31: 1242, 22, 0
0 57 31: 1326, 10, 0
0 57 32: 1243, 22, 0
0 57 36: 1390, 10, 1
0 57 37: 1243, 22, 0
0 57 38: 1228, 22, 3
0 57 39: 1226, 22, 0
0 57 40: 1241, 22, 3
0 57 41: 1241, 22, 3
0 57 42: 1241, 22, 3
0 57 43: 1223, 22, 2
0 57 44: 1226, 22, 1
0 57 45: 1228, 22, 2
0 57 46: 1243, 22, 0
0 57 46: 1390, 10, 3
0 57 47: 1243, 22, 2
0 57 48: 1242, 22, 2
0 57 49: 1243, 22, 2
0 57 52: 1402, 10, 0
0 57 59: 1241, 22, 3
0 57 60: 1229, 22, 1
0 57 61: 1226, 22, 1
0 57 62: 1228, 22, 2
0 57 63: 1241, 22, 3
0 58 0: 1229, 22, 3
0 58 1: 1226, 22, 2
0 58 2: 1228, 22, 1
0 58 3: 1243, 22, 3
0 58 4: 1243, 22, 2
0 58 5: 1243, 22, 2
0 58 8: 1242, 22, 1
0 58 9: 1229, 22, 1
0 58 10: 1226, 22, 1
0 58 11: 1228, 22, 2
0 58 12: 1228, 22, 3
0 58 13: 1225, 22, 3
0 58 14: 1229, 22, 3
0 58 15: 1228, 22, 0
0 58 16: 1225, 22, 2
0 58 17: 1228, 22, 0
0 58 18: 1225, 22, 2
0 58 19: 1241, 22, 3
0 58 19: 1326, 10, 0
0 58 20: 1241, 22, 3
0 58 21: 1241, 22, 3
0 58 22: 1241, 22, 3
0 58 22: 1304, 10, 0
0 58 23: 1228, 22, 3
0 58 24: 1226, 22, 0
0 58 25: 1241, 22, 3
0 58 25: 1326, 10, 0
0 58 26: 1222, 22, 2
0 58 27: 1186, 10, 0
0 58 27: 1242, 22, 3
0 58 35: 1326, 10, 0
0 58 38: 1242, 22, 1
0 58 39: 1224, 22, 2
0 58 40: 1222, 22, 1
0 58 41: 1225, 22, 1
0 58 42: 1228, 22, 1
0 58 43: 1222, 22, 0
0 58 44: 1228, 22, 0
0 58 44: 1326, 10, 0
0 58 45: 1226, 22, 3
0 58 46: 1224, 22, 3
0 58 47: 1225, 22, 1
0 58 48: 1228, 22, 1
0 58 49: 1242, 22, 2
0 58 50: 1243, 22, 3
0 58 59: 1241, 22, 3
0 58 60: 1241, 22, 3
0 58 61: 1241, 22, 3
0 58 62: 1241, 22, 3
0 58 63: 1241, 22, 3
0 59 0: 1241, 22, 2
0 59 1: 1228, 22, 3
0 59 2: 1226, 22, 0
0 59 3: 1243, 22, 3
0 59 3: 1304, 10, 2
0 59 4: 1243, 22, 3
0 59 5: 1243, 22, 3
0 59 8: 1242, 22, 1
0 59 9: 1229, 22, 1
0 59 10: 1225, 22, 1
0 59 11: 1228, 22, 1
0 59 12: 1241, 22, 3
0 59 13: 1241, 22, 3
0 59 13: 1326, 10, 0
0 59 14: 1241, 22, 3
0 59 15: 1225, 22, 0
0 59 16: 1228, 22, 2
0 59 17: 1225, 22, 0
0 59 18: 1228, 22, 2
0 59 19: 1241, 22, 3
0 59 20: 1241, 22, 3
0 59 20: 1402, 10, 0
0 59 21: 1241, 22, 3
0 59 22: 1228, 22, 0
0 59 23: 1230, 22, 2
0 59 24: 1229, 22, 0
0 59 25: 1228, 22, 0
0 59 26: 1225, 22, 2
0 59 27: 1242, 22, 3
0 59 27: 1390, 10, 1
0 59 38: 1242, 22, 1
0 59 39: 1222, 22, 0
0 59 40: 1241, 22, 3
0 59 41: 1228, 22, 3
0 59 42: 1225, 22, 3
0 59 42: 1390, 10, 1
0 59 43: 1224, 22, 1
0 59 44: 1226, 22, 1
0 59 45: 1228, 22, 2
0 59 46: 1222, 22, 2
0 59 47: 1228, 22, 3
0 59 48: 1227, 22, 3
0 59 49: 1230, 22, 2
0 59 50: 1242, 22, 3
0 59 59: 1242, 22, 1
0 59 60: 1242, 22, 1
0 59 61: 1241, 22, 3
0 59 62: 1241, 22, 3
0 59 63: 1241, 22, 3
0 60 0: 1241, 22, 2
0 60 0: 1398, 10, 0
0 60 1: 1241, 22, 2
0 60 1: 1390, 10, 0
0 60 2: 1229, 22, 0
0 60 2: 1398, 10, 2
0 60 3: 1243, 22, 3
0 60 3: 1390, 10, 1
0 60 4: 1243, 22, 3
0 60 4: 1398, 10, 2
0 60 5: 440, 10, 3
0 60 5: 1243, 22, 3
0 60 8: 1242, 22, 1
0 60 9: 1241, 22, 3
0 60 10: 1228, 22, 3
0 60 11: 1225, 22, 3
0 60 12: 1229, 22, 3
0 60 13: 1241, 22, 3
0 60 13: 1402, 10, 0
0 60 14: 1241, 22, 3
0 60 15: 1229, 22, 0
0 60 16: 1241, 22, 3
0 60 17: 1224, 22, 2
0 60 18: 1222, 22, 3
0 60 19: 1225, 22, 1
0 60 20: 1228, 22, 1
0 60 21: 1223, 22, 2
0 60 22: 1226, 22, 1
0 60 23: 1228, 22, 2
0 60 25: 1225, 22, 0
0 60 26: 1228, 22, 2
0 60 27: 1243, 22, 3
0 60 27: 1326, 10, 0
0 60 38: 1242, 22, 1
0 60 39: 1223, 22, 1
0 60 40: 1225, 22, 1
0 60 41: 1228, 22, 1
0 60 41: 1326, 10, 0
0 60 42: 1242, 22, 0
0 60 43: 1242, 22, 0
0 60 44: 1242, 22, 0
0 60 45: 1184, 10, 2
0 60 45: 1242, 22, 1
0 60 46: 1223, 22, 1
0 60 47: 1223, 22, 3
0 60 48: 1228, 22, 3
0 60 49: 1184, 10, 2
0 60 49: 1228, 22, 2
0 60 50: 1243, 22, 3
0 60 54: 1184, 10, 0
0 60 59: 1242, 22, 1
0 60 60: 1184, 10, 3
0 60 60: 1241, 22, 3
0 60 61: 1228, 22, 0
0 60 62: 1226, 22, 3
0 60 63: 1222, 22, 3
0 61 0: 1241, 22, 2
0 61 0: 1305, 10, 1
0 61 1: 1241, 22, 2
0 61 1: 1400, 10, 1
0 61 2: 1243, 22, 0
0 61 2: 1398, 10, 0
0 61 3: 462, 10, 3
0 61 3: 1243, 22, 0
0 61 4: 1243, 22, 0
0 61 5: 1243, 22, 3
0 61 8: 1243, 22, 0
0 61 9: 1242, 22, 1
0 61 10: 1241, 22, 3
0 61 11: 1241, 22, 3
0 61 12: 1241, 22, 3
0 61 13: 1241, 22, 3
0 61 14: 1241, 22, 3
0 61 15: 1241, 22, 3
0 61 15: 1326, 10, 0
0 61 16: 1241, 22, 3
0 61 17: 1226, 22, 2
0 61 18: 1228, 22, 1
0 61 19: 1228, 22, 3
0 61 20: 1225, 22, 3
0 61 21: 1224, 22, 1
0 61 22: 1222, 22, 3
0 61 23: 1229, 22, 3
0 61 24: 1242, 22, 3
0 61 25: 1229, 22, 0
0 61 26: 1242, 22, 3
0 61 38: 1243, 22, 1
0 61 39: 1242, 22, 0
0 61 40: 1228, 22, 3
0 61 41: 1230, 22, 3
0 61 42: 1242, 22, 3
0 61 42: 1402, 10, 0
0 61 44: 1242, 22, 0
0 61 44: 1326, 10, 0
0 61 45: 1243, 22, 3
0 61 46: 1242, 22, 0
0 61 47: 1229, 22, 0
0 61 48: 1242, 22, 3
0 61 49: 1243, 22, 0
0 61 51: 1184, 10, 1
0 61 53: 1398, 10, 3
0 61 55: 1305, 10, 0
0 61 59: 1242, 22, 1
0 61 60: 1241, 22, 3
0 61 61: 1230, 22, 0
0 61 62: 1228, 22, 2
0 61 63: 1241, 22, 3
0 62 0: 1241, 22, 2
0 62 1: 1241, 22, 2
0 62 1: 1390, 10, 2
0 62 2: 463, 10, 0
0 62 2: 1243, 22, 3
0 62 9: 1243, 22, 0
0 62 10: 1242, 22, 0
0 62 10: 1305, 10, 0
0 62 11: 1242, 22, 0
0 62 12: 1242, 22, 0
0 62 12: 1326, 10, 0
0 62 13: 1242, 22, 0
0 62 14: 1242, 22, 0
0 62 15: 1241, 22, 3
0 62 16: 1241, 22, 3
0 62 17: 1228, 22, 3
0 62 18: 1226, 22, 0
0 62 19: 1241, 22, 3
0 62 20: 1241, 22, 3
0 62 21: 1241, 22, 3
0 62 21: 1326, 10, 0
0 62 22: 1242, 22, 0
0 62 23: 1242, 22, 0
0 62 24: 1243, 22, 0
0 62 25: 1242, 22, 0
0 62 26: 1243, 22, 0
0 62 39: 1243, 22, 0
0 62 40: 1243, 22, 0
0 62 40: 1326, 10, 0
0 62 41: 1242, 22, 0
0 62 42: 1243, 22, 3
0 62 46: 1243, 22, 0
0 62 46: 1305, 10, 0
0 62 47: 1242, 22, 0
0 62 48: 1243, 22, 0
0 62 49: 1243, 22, 3
0 62 49: 1402, 10, 0
0 62 59: 1242, 22, 1
0 62 60: 1241, 22, 3
0 62 61: 1241, 22, 3
0 62 62: 1241, 22, 3
0 62 63: 1242, 22, 0
0 63 0: 1241, 22, 2
0 63 1: 1241, 22, 2
0 63 2: 1243, 22, 3
0 63 10: 1243, 22, 0
0 63 11: 1243, 22, 0
0 63 12: 1243, 22, 0
0 63 13: 1243, 22, 1
0 63 14: 1242, 22, 1
0 63 15: 1241, 22, 3
0 63 16: 1229, 22, 1
0 63 17: 1222, 22, 3
0 63 18: 1223, 22, 0
0 63 19: 1241, 22, 3
0 63 20: 1241, 22, 3
0 63 20: 1305, 10, 0
0 63 21: 1241, 22, 3
0 63 59: 1242, 22, 0
0 63 60: 1242, 22, 0
0 63 61: 1242, 22, 0
0 63 62: 1242, 22, 0
0 63 63: 1242, 22, 0
1 1 35: 1327, 10, 0
1 2 14: 1327, 10, 0
1 3 20: 1327, 10, 0
1 3 24: 1327, 10, 0
1 4 38: 1327, 10, 0
1 4 43: 1327, 10, 0
1 5 16: 1327, 10, 0
1 6 26: 1327, 10, 0
1 6 37: 1327, 10, 0
1 6 53: 1327, 10, 0
1 7 15: 1327, 10, 0
1 7 39: 1327, 10, 0
1 8 13: 1327, 10, 0
1 8 21: 1327, 10, 0
1 9 18: 1327, 10, 0
1 9 42: 1327, 10, 0
1 9 46: 1327, 10, 0
1 9 56: 1327, 10, 0
1 10 10: 1327, 10, 0
1 10 35: 1327, 10, 0
1 11 16: 1327, 10, 0
1 11 27: 1327, 10, 0
1 11 38: 1327, 10, 0
1 12 11: 1327, 10, 0
1 12 51: 1327, 10, 0
1 13 20: 1327, 10, 0
1 13 24: 1327, 10, 0
1 13 40: 1327, 10, 0
1 13 46: 1327, 10, 0
1 14 34: 1327, 10, 0
1 14 56: 1327, 10, 0
1 15 8: 1327, 10, 0
1 15 26: 1327, 10, 0
1 15 32: 1327, 10, 0
1 15 38: 1327, 10, 0
1 15 42: 1327, 10, 0
1 15 50: 1327, 10, 0
1 16 10: 1327, 10, 0
1 17 15: 1327, 10, 0
1 18 34: 1327, 10, 0
1 19 8: 1327, 10, 0
1 19 11: 1327, 10, 0
1 19 46: 1327, 10, 0
1 20 18: 1327, 10, 0
1 20 31: 1327, 10, 0
1 20 36: 1327, 10, 0
1 20 49: 1327, 10, 0
1 22 10: 1327, 10, 0
1 22 32: 1327, 10, 0
1 22 43: 1327, 10, 0
1 23 57: 1327, 10, 0
1 25 25: 1327, 10, 0
1 25 28: 1327, 10, 0
1 26 44: 1327, 10, 0
1 27 32: 1327, 10, 0
1 27 38: 1327, 10, 0
1 28 14: 1327, 10, 0
1 28 40: 1327, 10, 0
1 29 17: 1327, 10, 0
1 29 22: 1327, 10, 0
1 29 29: 1327, 10, 0
1 29 37: 1327, 10, 0
1 30 33: 1327, 10, 0
1 31 39: 1327, 10, 0
1 38 23: 1327, 10, 0
1 38 55: 1327, 10, 0
1 39 30: 1327, 10, 0
1 40 34: 1327, 10, 0
1 40 44: 1327, 10, 0
1 41 37: 1327, 10, 0
1 44 29: 1327, 10, 0
1 44 56: 1327, 10, 0
1 45 26: 1327, 10, 0
1 46 32: 1327, 10, 0
1 47 22: 1327, 10, 0
1 48 38: 1327, 10, 0
1 50 18: 1327, 10, 0
1 50 28: 1327, 10, 0
1 51 25: 1327, 10, 0
1 51 32: 1327, 10, 0
1 51 41: 1327, 10, 0
1 53 33: 1327, 10, 0
1 53 48: 1327, 10, 0
1 54 9: 1327, 10, 0
1 54 14: 1327, 10, 0
1 54 20: 1327, 10, 0
1 54 29: 1327, 10, 0
1 55 12: 1327, 10, 0
1 55 25: 1327, 10, 0
1 55 35: 1327, 10, 0
1 55 40: 1327, 10, 0
1 57 21: 1327, 10, 0
1 57 31: 1327, 10, 0
1 58 19: 1327, 10, 0
1 58 25: 1327, 10, 0
1 58 35: 1327, 10, 0
1 58 44: 1327, 10, 0
1 59 13: 1327, 10, 0
1 60 27: 1327, 10, 0
1 60 41: 1327, 10, 0
1 61 15: 1327, 10, 0
1 61 44: 1327, 10, 0
1 62 12: 1327, 10, 0
1 62 21: 1327, 10, 0
1 62 40: 1327, 10, 0
2 0 34: 1329, 10, 0
2 2 14: 1328, 10, 0
2 2 19: 1329, 10, 0
2 3 24: 1328, 10, 0
2 3 42: 1329, 10, 0
2 4 38: 1328, 10, 0
2 5 16: 1328, 10, 0
2 5 25: 1329, 10, 0
2 5 36: 1329, 10, 0
2 6 14: 1329, 10, 0
2 6 53: 1328, 10, 0
2 7 39: 1328, 10, 0
2 8 13: 1328, 10, 0
2 8 21: 1328, 10, 0
2 8 45: 1329, 10, 0
2 8 55: 1329, 10, 0
2 9 18: 1328, 10, 0
2 9 42: 1328, 10, 0
2 10 10: 1328, 10, 0
2 10 35: 1328, 10, 0
2 11 10: 1329, 10, 0
2 11 16: 1328, 10, 0
2 11 27: 1328, 10, 0
2 11 38: 1328, 10, 0
2 12 19: 1329, 10, 0
2 12 39: 1329, 10, 0
2 12 51: 1328, 10, 0
2 13 24: 1328, 10, 0
2 13 33: 1329, 10, 0
2 13 46: 1328, 10, 0
2 14 7: 1329, 10, 0
2 14 25: 1329, 10, 0
2 14 49: 1329, 10, 0
2 14 56: 1328, 10, 0
2 15 32: 1328, 10, 0
2 15 38: 1328, 10, 0
2 15 42: 1328, 10, 0
2 16 10: 1328, 10, 0
2 16 14: 1329, 10, 0
2 18 34: 1328, 10, 0
2 18 45: 1329, 10, 0
2 19 8: 1328, 10, 0
2 19 11: 1328, 10, 0
2 19 17: 1329, 10, 0
2 19 30: 1329, 10, 0
2 19 35: 1329, 10, 0
2 20 49: 1328, 10, 0
2 21 9: 1329, 10, 0
2 21 31: 1329, 10, 0
2 21 42: 1329, 10, 0
2 22 56: 1329, 10, 0
2 24 24: 1329, 10, 0
2 25 28: 1328, 10, 0
2 26 37: 1329, 10, 0
2 26 44: 1328, 10, 0
2 27 13: 1329, 10, 0
2 27 32: 1328, 10, 0
2 28 21: 1329, 10, 0
2 28 28: 1329, 10, 0
2 28 40: 1328, 10, 0
2 29 17: 1328, 10, 0
2 29 37: 1328, 10, 0
2 30 33: 1328, 10, 0
2 31 39: 1328, 10, 0
2 37 22: 1329, 10, 0
2 38 29: 1329, 10, 0
2 38 55: 1328, 10, 0
2 39 43: 1329, 10, 0
2 40 34: 1328, 10, 0
2 40 36: 1329, 10, 0
2 43 28: 1329, 10, 0
2 43 55: 1329, 10, 0
2 44 25: 1329, 10, 0
2 46 21: 1329, 10, 0
2 46 32: 1328, 10, 0
2 48 38: 1328, 10, 0
2 50 18: 1328, 10, 0
2 50 28: 1328, 10, 0
2 50 31: 1329, 10, 0
2 50 40: 1329, 10, 0
2 51 25: 1328, 10, 0
2 52 47: 1329, 10, 0
2 53 33: 1328, 10, 0
2 54 9: 1328, 10, 0
2 54 11: 1329, 10, 0
2 54 14: 1328, 10, 0
2 54 20: 1328, 10, 0
2 54 29: 1328, 10, 0
2 54 34: 1329, 10, 0
2 55 25: 1328, 10, 0
2 55 40: 1328, 10, 0
2 56 20: 1329, 10, 0
2 56 30: 1329, 10, 0
2 57 24: 1329, 10, 0
2 58 19: 1328, 10, 0
2 58 35: 1328, 10, 0
2 58 44: 1328, 10, 0
2 59 13: 1328, 10, 0
2 59 40: 1329, 10, 0
2 60 14: 1329, 10, 0
2 60 27: 1328, 10, 0
2 60 43: 1329, 10, 0
2 61 11: 1329, 10, 0
2 61 20: 1329, 10, 0
2 62 40: 1328, 10, 0
3 1 13: 1329, 10, 0
3 2 23: 1329, 10, 0
3 3 37: 1329, 10, 0
3 3 63: 1329, 10, 0
3 4 15: 1329, 10, 0
3 5 52: 1329, 10, 0
3 6 38: 1329, 10, 0
3 7 12: 1329, 10, 0
3 7 20: 1329, 10, 0
3 8 17: 1329, 10, 0
3 8 41: 1329, 10, 0
3 9 9: 1329, 10, 0
3 9 34: 1329, 10, 0
3 10 15: 1329, 10, 0
3 10 26: 1329, 10, 0
3 10 37: 1329, 10, 0
3 11 50: 1329, 10, 0
3 12 23: 1329, 10, 0
3 12 45: 1329, 10, 0
3 13 55: 1329, 10, 0
3 14 31: 1329, 10, 0
3 14 37: 1329, 10, 0
3 14 41: 1329, 10, 0
3 15 9: 1329, 10, 0
3 17 33: 1329, 10, 0
3 18 7: 1329, 10, 0
3 18 10: 1329, 10, 0
3 19 48: 1329, 10, 0
3 24 27: 1329, 10, 0
3 25 43: 1329, 10, 0
3 26 31: 1329, 10, 0
3 27 39: 1329, 10, 0
3 28 16: 1329, 10, 0
3 28 36: 1329, 10, 0
3 29 32: 1329, 10, 0
3 30 38: 1329, 10, 0
3 37 54: 1329, 10, 0
3 39 33: 1329, 10, 0
3 45 31: 1329, 10, 0
3 47 37: 1329, 10, 0
3 49 17: 1329, 10, 0
3 49 27: 1329, 10, 0
3 50 24: 1329, 10, 0
3 52 32: 1329, 10, 0
3 53 8: 1329, 10, 0
3 53 13: 1329, 10, 0
3 53 19: 1329, 10, 0
3 53 28: 1329, 10, 0
3 54 24: 1329, 10, 0
3 54 39: 1329, 10, 0
3 57 18: 1329, 10, 0
3 57 34: 1329, 10, 0
3 57 43: 1329, 10, 0
3 58 12: 1329, 10, 0
3 59 26: 1329, 10, 0
3 61 39: 1329, 10, 0
