0 0 8: 185, 22, 3
0 0 12: 337, 22, 0
0 0 13: 336, 22, 1
0 0 20: 336, 22, 1
0 0 21: 337, 22, 3
0 0 22: 336, 22, 3
0 0 29: 185, 22, 3
0 0 31: 186, 22, 1
0 0 32: 185, 22, 2
0 0 35: 185, 22, 2
0 0 39: 185, 22, 1
0 0 42: 336, 22, 1
0 0 43: 337, 22, 1
0 0 44: 336, 22, 0
0 0 45: 336, 22, 3
0 0 50: 185, 22, 1
0 0 52: 185, 22, 3
0 0 53: 186, 22, 3
0 0 56: 336, 22, 1
0 0 57: 337, 22, 3
0 0 58: 336, 22, 2
0 0 59: 336, 22, 0
0 0 60: 185, 22, 0
0 0 61: 185, 22, 1
0 1 8: 186, 22, 3
0 1 9: 185, 22, 0
0 1 11: 336, 22, 0
0 1 12: 336, 22, 2
0 1 14: 336, 22, 0
0 1 15: 337, 22, 0
0 1 16: 336, 22, 2
0 1 18: 336, 22, 2
0 1 19: 336, 22, 3
0 1 21: 336, 22, 0
0 1 22: 336, 22, 0
0 1 23: 336, 22, 1
0 1 24: 336, 22, 0
0 1 28: 185, 22, 2
0 1 29: 186, 22, 1
0 1 30: 185, 22, 0
0 1 31: 185, 22, 3
0 1 34: 185, 22, 0
0 1 35: 186, 22, 0
0 1 36: 185, 22, 1
0 1 38: 185, 22, 0
0 1 39: 186, 22, 3
0 1 40: 185, 22, 2
0 1 42: 337, 22, 3
0 1 44: 336, 22, 3
0 1 45: 337, 22, 1
0 1 46: 336, 22, 1
0 1 47: 336, 22, 0
0 1 49: 186, 22, 3
0 1 50: 185, 22, 2
0 1 53: 185, 22, 2
0 1 54: 185, 22, 1
0 1 55: 185, 22, 3
0 1 56: 185, 22, 2
0 1 57: 336, 22, 1
0 1 58: 336, 22, 1
0 1 59: 337, 22, 2
0 1 60: 186, 22, 0
0 1 61: 185, 22, 2
0 2 7: 185, 22, 1
0 2 8: 185, 22, 2
0 2 9: 185, 22, 0
0 2 15: 336, 22, 3
0 2 17: 336, 22, 2
0 2 18: 337, 22, 0
0 2 19: 336, 22, 0
0 2 22: 336, 22, 2
0 2 23: 337, 22, 2
0 2 25: 185, 22, 2
0 2 26: 185, 22, 0
0 2 28: 185, 22, 2
0 2 29: 185, 22, 1
0 2 30: 185, 22, 1
0 2 32: 185, 22, 3
0 2 33: 1247, 22, 2
0 2 35: 185, 22, 0
0 2 36: 185, 22, 0
0 2 39: 185, 22, 3
0 2 40: 185, 22, 2
0 2 41: 185, 22, 0
0 2 44: 336, 22, 3
0 2 45: 336, 22, 2
0 2 46: 336, 22, 2
0 2 48: 185, 22, 3
0 2 49: 185, 22, 0
0 2 51: 481, 10, 1
0 2 53: 479, 10, 1
0 2 55: 336, 22, 0
0 2 56: 337, 22, 1
0 2 57: 185, 22, 1
0 2 59: 186, 22, 3
0 2 60: 185, 22, 3
0 3 7: 185, 22, 2
0 3 8: 186, 22, 1
0 3 9: 185, 22, 1
0 3 12: 336, 22, 2
0 3 17: 336, 22, 2
0 3 18: 336, 22, 1
0 3 19: 336, 22, 0
0 3 21: 336, 22, 0
0 3 24: 185, 22, 3
0 3 25: 186, 22, 2
0 3 26: 185, 22, 1
0 3 27: 185, 22, 2
0 3 31: 185, 22, 1
0 3 32: 186, 22, 3
0 3 33: 185, 22, 0
0 3 34: 186, 22, 2
0 3 35: 185, 22, 2
0 3 38: 481, 10, 2
0 3 40: 185, 22, 1
0 3 41: 186, 22, 2
0 3 42: 185, 22, 3
0 3 46: 185, 22, 0
0 3 47: 186, 22, 1
0 3 48: 185, 22, 2
0 3 49: 481, 10, 1
0 3 55: 336, 22, 0
0 3 56: 185, 22, 0
0 3 59: 186, 22, 1
0 4 7: 186, 22, 2
0 4 7: 1289, 10, 3
0 4 8: 185, 22, 3
0 4 9: 186, 22, 0
0 4 10: 185, 22, 2
0 4 12: 337, 22, 2
0 4 13: 336, 22, 1
0 4 19: 185, 22, 3
0 4 23: 185, 22, 0
0 4 24: 186, 22, 3
0 4 28: 1247, 22, 0
0 4 29: 336, 22, 3
0 4 30: 1247, 22, 1
0 4 31: 185, 22, 1
0 4 33: 337, 22, 0
0 4 34: 336, 22, 3
0 4 35: 1247, 22, 0
0 4 37: 1247, 22, 3
0 4 39: 1247, 22, 2
0 4 40: 479, 11, 0
0 4 41: 185, 22, 1
0 4 42: 185, 22, 0
0 4 44: 185, 22, 2
0 4 45: 185, 22, 3
0 4 46: 479, 10, 1
0 4 47: 185, 22, 1
0 4 50: 185, 22, 2
0 4 51: 185, 22, 2
0 5 7: 185, 22, 3
0 5 8: 185, 22, 2
0 5 9: 185, 22, 2
0 5 10: 185, 22, 1
0 5 12: 336, 22, 3
0 5 13: 336, 22, 0
0 5 18: 185, 22, 0
0 5 19: 186, 22, 0
0 5 20: 185, 22, 1
0 5 21: 185, 22, 1
0 5 22: 186, 22, 2
0 5 27: 185, 22, 3
0 5 28: 336, 22, 0
0 5 30: 186, 22, 2
0 5 31: 336, 22, 2
0 5 33: 336, 22, 1
0 5 34: 337, 22, 3
0 5 35: 336, 22, 2
0 5 36: 185, 22, 1
0 5 38: 1247, 22, 0
0 5 42: 481, 10, 2
0 5 43: 186, 22, 0
0 5 48: 1247, 22, 1
0 5 49: 186, 22, 2
0 5 50: 185, 22, 0
0 5 51: 186, 22, 3
0 5 52: 185, 22, 3
0 5 55: 1247, 22, 0
0 6 8: 185, 22, 1
0 6 9: 186, 22, 3
0 6 10: 185, 22, 3
0 6 13: 336, 22, 2
0 6 15: 185, 22, 3
0 6 16: 186, 22, 2
0 6 17: 186, 22, 1
0 6 18: 185, 22, 3
0 6 19: 185, 22, 1
0 6 20: 185, 22, 2
0 6 21: 185, 22, 1
0 6 23: 185, 22, 0
0 6 24: 185, 22, 3
0 6 25: 186, 22, 0
0 6 26: 186, 22, 3
0 6 27: 185, 22, 0
0 6 28: 1247, 22, 3
0 6 29: 185, 22, 0
0 6 30: 337, 22, 3
0 6 31: 336, 22, 3
0 6 32: 337, 22, 1
0 6 34: 336, 22, 1
0 6 35: 186, 22, 1
0 6 36: 185, 22, 3
0 6 39: 1247, 22, 1
0 6 49: 185, 22, 3
0 6 50: 336, 22, 2
0 6 51: 337, 22, 1
0 6 52: 185, 22, 0
0 6 53: 186, 22, 1
0 7 6: 185, 22, 2
0 7 7: 186, 22, 3
0 7 8: 186, 22, 2
0 7 9: 185, 22, 1
0 7 10: 336, 22, 0
0 7 11: 1289, 10, 1
0 7 12: 336, 22, 3
0 7 13: 337, 22, 0
0 7 14: 185, 22, 0
0 7 15: 186, 22, 1
0 7 16: 185, 22, 2
0 7 17: 185, 22, 1
0 7 18: 186, 22, 0
0 7 19: 336, 22, 2
0 7 20: 1247, 22, 0
0 7 21: 1247, 22, 0
0 7 23: 185, 22, 0
0 7 24: 186, 22, 1
0 7 25: 336, 22, 1
0 7 26: 185, 22, 3
0 7 27: 185, 22, 3
0 7 28: 185, 22, 1
0 7 30: 336, 22, 0
0 7 31: 336, 22, 1
0 7 32: 336, 22, 1
0 7 33: 337, 22, 1
0 7 34: 336, 22, 2
0 7 35: 185, 22, 2
0 7 36: 1247, 22, 1
0 7 37: 185, 22, 3
0 7 38: 185, 22, 2
0 7 45: 1247, 22, 0
0 7 47: 481, 10, 2
0 7 49: 1247, 22, 2
0 7 51: 336, 22, 0
0 7 52: 1247, 22, 3
0 7 53: 185, 22, 3
0 7 56: 1247, 22, 1
0 7 57: 1247, 22, 2
0 7 61: 1282, 10, 1
0 8 6: 185, 22, 0
0 8 7: 185, 22, 0
0 8 8: 185, 22, 0
0 8 9: 186, 22, 1
0 8 11: 336, 22, 2
0 8 12: 336, 22, 1
0 8 13: 336, 22, 1
0 8 14: 185, 22, 2
0 8 15: 185, 22, 3
0 8 18: 336, 22, 3
0 8 19: 1247, 22, 1
0 8 20: 336, 22, 2
0 8 21: 185, 22, 2
0 8 22: 186, 22, 2
0 8 23: 185, 22, 1
0 8 24: 336, 22, 3
0 8 25: 337, 22, 0
0 8 26: 186, 22, 2
0 8 27: 185, 22, 0
0 8 28: 186, 22, 3
0 8 29: 185, 22, 2
0 8 30: 336, 22, 2
0 8 31: 337, 22, 2
0 8 32: 336, 22, 0
0 8 33: 336, 22, 0
0 8 34: 336, 22, 3
0 8 35: 481, 10, 1
0 8 40: 185, 22, 1
0 8 41: 185, 22, 3
0 8 45: 185, 22, 1
0 8 47: 185, 22, 0
0 8 49: 185, 22, 0
0 8 50: 336, 22, 3
0 8 51: 337, 22, 0
0 8 53: 186, 22, 3
0 8 62: 1247, 22, 0
0 9 5: 1289, 10, 0
0 9 7: 185, 22, 3
0 9 8: 185, 22, 0
0 9 9: 185, 22, 1
0 9 10: 337, 22, 0
0 9 11: 336, 22, 3
0 9 13: 185, 22, 1
0 9 14: 186, 22, 0
0 9 15: 185, 22, 0
0 9 17: 185, 22, 1
0 9 18: 185, 22, 3
0 9 19: 336, 22, 1
0 9 20: 336, 22, 1
0 9 22: 185, 22, 3
0 9 24: 337, 22, 3
0 9 25: 336, 22, 2
0 9 26: 185, 22, 2
0 9 28: 185, 22, 1
0 9 29: 185, 22, 0
0 9 30: 185, 22, 2
0 9 31: 336, 22, 2
0 9 32: 336, 22, 3
0 9 33: 185, 22, 0
0 9 34: 185, 22, 0
0 9 35: 336, 22, 1
0 9 36: 1247, 22, 0
0 9 37: 185, 22, 0
0 9 39: 185, 22, 0
0 9 40: 186, 22, 1
0 9 41: 186, 22, 2
0 9 42: 185, 22, 0
0 9 43: 185, 22, 3
0 9 44: 185, 22, 2
0 9 48: 185, 22, 3
0 9 49: 1247, 22, 3
0 9 50: 185, 22, 2
0 9 52: 186, 22, 0
0 9 53: 185, 22, 0
0 9 56: 185, 22, 2
0 9 60: 1247, 22, 3
0 10 7: 185, 22, 3
0 10 8: 186, 22, 0
0 10 9: 185, 22, 2
0 10 10: 336, 22, 0
0 10 11: 336, 22, 0
0 10 13: 186, 22, 3
0 10 14: 185, 22, 2
0 10 15: 185, 22, 1
0 10 19: 185, 22, 0
0 10 20: 1247, 22, 2
0 10 22: 185, 22, 1
0 10 23: 185, 22, 0
0 10 24: 1247, 22, 0
0 10 25: 185, 22, 2
0 10 26: 185, 22, 3
0 10 29: 186, 22, 0
0 10 30: 185, 22, 2
0 10 31: 185, 22, 2
0 10 32: 336, 22, 0
0 10 33: 185, 22, 2
0 10 34: 185, 22, 3
0 10 38: 185, 22, 3
0 10 39: 185, 22, 0
0 10 40: 336, 22, 0
0 10 41: 337, 22, 0
0 10 42: 337, 22, 3
0 10 43: 336, 22, 2
0 10 44: 336, 22, 1
0 10 48: 185, 22, 2
0 10 50: 1247, 22, 2
0 10 51: 185, 22, 0
0 10 55: 186, 22, 2
0 10 56: 185, 22, 3
0 10 57: 186, 22, 0
0 10 62: 1247, 22, 1
0 11 7: 185, 22, 0
0 11 10: 336, 22, 2
0 11 11: 337, 22, 2
0 11 12: 185, 22, 2
0 11 13: 185, 22, 1
0 11 13: 1289, 10, 3
0 11 14: 185, 22, 3
0 11 20: 185, 22, 0
0 11 24: 185, 22, 0
0 11 25: 185, 22, 0
0 11 26: 1247, 22, 1
0 11 29: 1247, 22, 1
0 11 30: 185, 22, 0
0 11 31: 186, 22, 2
0 11 32: 185, 22, 3
0 11 33: 186, 22, 2
0 11 34: 185, 22, 2
0 11 35: 185, 22, 1
0 11 36: 1247, 22, 3
0 11 38: 1247, 22, 1
0 11 40: 337, 22, 1
0 11 41: 336, 22, 3
0 11 42: 336, 22, 2
0 11 43: 185, 22, 1
0 11 44: 186, 22, 0
0 11 45: 1247, 22, 1
0 11 47: 185, 22, 1
0 11 48: 1247, 22, 1
0 11 54: 185, 22, 2
0 11 56: 336, 22, 2
0 11 57: 336, 22, 2
0 12 7: 185, 22, 0
0 12 8: 185, 22, 2
0 12 10: 337, 22, 3
0 12 11: 336, 22, 1
0 12 12: 186, 22, 3
0 12 13: 185, 22, 0
0 12 20: 185, 22, 0
0 12 23: 185, 22, 3
0 12 24: 1247, 22, 3
0 12 27: 185, 22, 1
0 12 32: 185, 22, 1
0 12 33: 185, 22, 1
0 12 34: 336, 22, 3
0 12 35: 185, 22, 1
0 12 38: 1247, 22, 2
0 12 39: 185, 22, 0
0 12 41: 337, 22, 2
0 12 42: 336, 22, 1
0 12 43: 185, 22, 3
0 12 44: 186, 22, 3
0 12 45: 1247, 22, 0
0 12 47: 185, 22, 0
0 12 48: 185, 22, 2
0 12 50: 1247, 22, 1
0 12 54: 186, 22, 2
0 12 55: 185, 22, 2
0 12 56: 336, 22, 1
0 12 57: 336, 22, 3
0 12 58: 336, 22, 1
0 12 59: 185, 22, 3
0 12 63: 1282, 10, 3
0 13 8: 186, 22, 3
0 13 9: 185, 22, 3
0 13 11: 185, 22, 3
0 13 12: 185, 22, 1
0 13 30: 1247, 22, 2
0 13 33: 186, 22, 3
0 13 34: 336, 22, 2
0 13 35: 186, 22, 1
0 13 39: 185, 22, 0
0 13 40: 186, 22, 2
0 13 41: 336, 22, 1
0 13 42: 336, 22, 0
0 13 43: 186, 22, 1
0 13 45: 186, 22, 2
0 13 46: 185, 22, 3
0 13 47: 1247, 22, 2
0 13 48: 185, 22, 3
0 13 49: 185, 22, 2
0 13 52: 185, 22, 3
0 13 54: 185, 22, 2
0 13 55: 185, 22, 2
0 13 56: 185, 22, 1
0 13 58: 336, 22, 0
0 13 59: 185, 22, 2
0 14 5: 1032, 11, 1
0 14 8: 185, 22, 0
0 14 9: 186, 22, 0
0 14 10: 185, 22, 3
0 14 11: 185, 22, 1
0 14 17: 1286, 11, 2
0 14 18: 1247, 22, 3
0 14 24: 185, 22, 2
0 14 25: 185, 22, 2
0 14 27: 185, 22, 2
0 14 33: 186, 22, 0
0 14 34: 185, 22, 3
0 14 35: 185, 22, 1
0 14 39: 185, 22, 1
0 14 41: 185, 22, 3
0 14 42: 185, 22, 2
0 14 44: 186, 22, 0
0 14 46: 336, 22, 3
0 14 47: 337, 22, 1
0 14 48: 336, 22, 0
0 14 49: 1247, 22, 0
0 14 51: 185, 22, 0
0 14 54: 1247, 22, 2
0 14 55: 185, 22, 1
0 14 56: 185, 22, 0
0 14 57: 185, 22, 3
0 14 58: 186, 22, 0
0 14 61: 1247, 22, 2
0 15 9: 185, 22, 2
0 15 10: 185, 22, 2
0 15 34: 1247, 22, 3
0 15 43: 185, 22, 2
0 15 45: 336, 22, 2
0 15 46: 185, 22, 0
0 15 48: 186, 22, 2
0 15 55: 1247, 22, 2
0 15 56: 185, 22, 0
0 15 59: 1247, 22, 3
0 16 14: 185, 22, 2
0 16 15: 185, 22, 3
0 16 18: 1247, 22, 2
0 16 20: 185, 22, 1
0 16 21: 185, 22, 0
0 16 27: 1289, 10, 0
0 16 28: 185, 22, 3
0 16 32: 1247, 22, 0
0 16 33: 1289, 10, 2
0 16 35: 185, 22, 1
0 16 41: 1247, 22, 1
0 16 44: 186, 22, 1
0 16 45: 185, 22, 0
0 16 46: 186, 22, 3
0 16 47: 185, 22, 1
0 16 53: 185, 22, 1
0 16 54: 1247, 22, 3
0 16 57: 1247, 22, 1
0 16 58: 1247, 22, 0
0 17 13: 185, 22, 0
0 17 14: 185, 22, 1
0 17 15: 185, 22, 3
0 17 16: 186, 22, 0
0 17 19: 184, 22, 3
0 17 20: 185, 22, 0
0 17 21: 185, 22, 0
0 17 22: 186, 22, 2
0 17 26: 185, 22, 1
0 17 31: 1247, 22, 1
0 17 33: 185, 22, 0
0 17 34: 1247, 22, 2
0 17 41: 1247, 22, 1
0 17 50: 1247, 22, 3
0 17 51: 1247, 22, 2
0 17 61: 1341, 11, 1
0 17 62: 1247, 22, 1
0 18 12: 184, 22, 1
0 18 13: 185, 22, 3
0 18 14: 185, 22, 3
0 18 15: 185, 22, 0
0 18 16: 185, 22, 0
0 18 19: 185, 22, 0
0 18 20: 185, 22, 2
0 18 21: 185, 22, 1
0 18 22: 185, 22, 2
0 18 27: 185, 22, 0
0 18 28: 185, 22, 0
0 18 30: 185, 22, 1
0 18 32: 185, 22, 2
0 18 33: 185, 22, 3
0 18 35: 185, 22, 2
0 18 42: 1247, 22, 0
0 18 44: 1247, 22, 3
0 18 60: 1247, 22, 0
0 19 13: 185, 22, 2
0 19 14: 185, 22, 3
0 19 15: 185, 22, 1
0 19 16: 185, 22, 1
0 19 20: 185, 22, 2
0 19 21: 185, 22, 1
0 19 22: 185, 22, 3
0 19 23: 185, 22, 2
0 19 24: 185, 22, 3
0 19 30: 1247, 22, 2
0 19 31: 1289, 10, 3
0 19 37: 185, 22, 0
0 19 39: 185, 22, 3
0 19 46: 1247, 22, 2
0 19 49: 1247, 22, 0
0 19 53: 1247, 22, 1
0 19 54: 1247, 22, 0
0 20 14: 185, 22, 0
0 20 15: 185, 22, 3
0 20 16: 185, 22, 2
0 20 18: 1286, 11, 1
0 20 21: 185, 22, 1
0 20 23: 185, 22, 3
0 20 25: 185, 22, 0
0 20 29: 185, 22, 1
0 20 31: 1247, 22, 3
0 20 36: 185, 22, 1
0 20 37: 1286, 11, 3
0 20 45: 185, 22, 1
0 20 46: 185, 22, 0
0 20 47: 185, 22, 3
0 20 48: 1247, 22, 1
0 20 49: 185, 22, 2
0 20 50: 185, 22, 0
0 20 52: 185, 22, 3
0 20 63: 1247, 22, 0
0 21 18: 1247, 22, 1
0 21 19: 1247, 22, 0
0 21 22: 185, 22, 0
0 21 23: 184, 22, 2
0 21 24: 185, 22, 1
0 21 30: 185, 22, 0
0 21 32: 185, 22, 3
0 21 37: 185, 22, 3
0 21 38: 185, 22, 3
0 21 44: 185, 22, 2
0 21 45: 186, 22, 0
0 21 46: 186, 22, 2
0 21 47: 185, 22, 1
0 21 48: 186, 22, 3
0 21 49: 185, 22, 1
0 21 50: 185, 22, 1
0 21 51: 185, 22, 1
0 21 56: 1247, 22, 3
0 21 62: 1247, 22, 0
0 22 12: 185, 22, 1
0 22 13: 185, 22, 0
0 22 23: 185, 22, 3
0 22 24: 185, 22, 2
0 22 32: 1247, 22, 0
0 22 41: 1247, 22, 3
0 22 43: 185, 22, 1
0 22 44: 186, 22, 1
0 22 45: 185, 22, 0
0 22 46: 185, 22, 3
0 22 47: 185, 22, 2
0 22 48: 185, 22, 3
0 22 49: 185, 22, 2
0 22 56: 1247, 22, 3
0 22 57: 1286, 11, 3
0 22 58: 1247, 22, 0
0 22 61: 1247, 22, 1
0 22 62: 1247, 22, 2
0 22 62: 1286, 11, 3
0 22 63: 1247, 22, 1
0 23 5: 1258, 22, 2
0 23 8: 1258, 22, 3
0 23 12: 185, 22, 0
0 23 13: 185, 22, 3
0 23 17: 185, 22, 3
0 23 18: 186, 22, 3
0 23 19: 185, 22, 0
0 23 25: 1286, 11, 0
0 23 31: 185, 22, 3
0 23 39: 185, 22, 2
0 23 40: 185, 22, 1
0 23 41: 1247, 22, 0
0 23 42: 186, 22, 1
0 23 43: 186, 22, 2
0 23 44: 185, 22, 0
0 23 45: 185, 22, 2
0 23 46: 185, 22, 1
0 23 47: 185, 22, 0
0 23 50: 1247, 22, 0
0 23 57: 1247, 22, 1
0 24 1: 1258, 22, 0
0 24 2: 1258, 22, 1
0 24 4: 1258, 22, 3
0 24 6: 1258, 22, 2
0 24 16: 185, 22, 2
0 24 18: 185, 22, 3
0 24 19: 185, 22, 0
0 24 20: 185, 22, 1
0 24 25: 1247, 22, 3
0 24 30: 1247, 22, 1
0 24 31: 1286, 11, 3
0 24 32: 185, 22, 1
0 24 38: 1247, 22, 3
0 24 39: 1341, 11, 3
0 24 41: 185, 22, 2
0 24 42: 1247, 22, 2
0 24 43: 1247, 22, 2
0 24 45: 1247, 22, 1
0 24 50: 1341, 11, 0
0 24 51: 1247, 22, 3
0 24 58: 1247, 22, 1
0 24 60: 1247, 22, 2
0 25 2: 1258, 22, 0
0 25 9: 1258, 22, 0
0 25 15: 185, 22, 0
0 25 19: 185, 22, 2
0 25 20: 185, 22, 1
0 25 21: 185, 22, 2
0 25 25: 186, 22, 1
0 25 26: 185, 22, 0
0 25 31: 1247, 22, 2
0 25 34: 1247, 22, 3
0 25 39: 185, 22, 3
0 25 40: 185, 22, 0
0 25 41: 185, 22, 1
0 25 42: 185, 22, 0
0 25 50: 1247, 22, 1
0 25 55: 1247, 22, 0
0 25 57: 185, 22, 0
0 25 60: 185, 22, 3
0 26 1: 1258, 22, 1
0 26 5: 1258, 22, 1
0 26 6: 1258, 22, 0
0 26 9: 1258, 22, 1
0 26 10: 1258, 22, 2
0 26 14: 1032, 10, 2
0 26 16: 185, 22, 3
0 26 19: 185, 22, 3
0 26 20: 185, 22, 0
0 26 21: 185, 22, 3
0 26 24: 184, 22, 2
0 26 25: 185, 22, 1
0 26 26: 185, 22, 3
0 26 27: 185, 22, 3
0 26 32: 185, 22, 0
0 26 36: 185, 22, 1
0 26 37: 185, 22, 0
0 26 38: 1247, 22, 2
0 26 40: 185, 22, 2
0 26 41: 185, 22, 3
0 26 54: 1247, 22, 3
0 26 57: 185, 22, 0
0 26 58: 1247, 22, 3
0 26 58: 1282, 11, 3
0 26 59: 1247, 22, 3
0 26 60: 185, 22, 3
0 26 62: 1247, 22, 3
0 27 3: 1258, 22, 2
0 27 7: 1258, 22, 3
0 27 11: 1258, 22, 3
0 27 13: 1258, 22, 3
0 27 14: 1258, 22, 3
0 27 17: 185, 22, 2
0 27 20: 185, 22, 1
0 27 21: 185, 22, 2
0 27 22: 185, 22, 0
0 27 25: 185, 22, 2
0 27 26: 185, 22, 2
0 27 28: 185, 22, 2
0 27 34: 185, 22, 2
0 27 36: 1341, 11, 2
0 27 44: 652, 22, 1
0 27 46: 654, 22, 1
0 27 55: 1286, 11, 3
0 27 57: 185, 22, 3
0 27 58: 1247, 22, 1
0 27 59: 1247, 22, 3
0 27 60: 185, 22, 2
0 27 61: 185, 22, 0
0 28 2: 1258, 22, 3
0 28 5: 1278, 11, 1
0 28 8: 1258, 22, 2
0 28 9: 1189, 11, 0
0 28 11: 1258, 22, 2
0 28 15: 1258, 22, 0
0 28 18: 185, 22, 0
0 28 22: 185, 22, 2
0 28 26: 185, 22, 0
0 28 27: 185, 22, 0
0 28 29: 185, 22, 3
0 28 35: 1247, 22, 1
0 28 36: 1247, 22, 2
0 28 37: 185, 22, 3
0 28 57: 185, 22, 2
0 28 58: 185, 22, 2
0 28 59: 185, 22, 1
0 28 60: 185, 22, 1
0 28 61: 1247, 22, 0
0 28 63: 1247, 22, 2
0 29 1: 1258, 22, 0
0 29 3: 1189, 11, 3
0 29 9: 1258, 22, 1
0 29 10: 1258, 22, 0
0 29 12: 1258, 22, 3
0 29 14: 1258, 22, 2
0 29 19: 185, 22, 3
0 29 22: 185, 22, 1
0 29 26: 185, 22, 3
0 29 27: 185, 22, 1
0 29 28: 185, 22, 1
0 29 29: 185, 22, 2
0 29 32: 185, 22, 0
0 29 50: 653, 22, 1
0 29 54: 1247, 22, 2
0 29 61: 1247, 22, 0
0 29 62: 1247, 22, 3
0 29 63: 1286, 11, 1
0 30 2: 1258, 22, 0
0 30 5: 1258, 22, 2
0 30 6: 1258, 22, 1
0 30 7: 1246, 22, 2
0 30 8: 1278, 11, 2
0 30 12: 1258, 22, 1
0 30 14: 1258, 22, 2
0 30 15: 1258, 22, 2
0 30 16: 1258, 22, 2
0 30 17: 1258, 22, 2
0 30 20: 185, 22, 1
0 30 22: 185, 22, 3
0 30 27: 185, 22, 2
0 30 28: 184, 22, 3
0 30 29: 185, 22, 1
0 30 31: 185, 22, 2
0 30 32: 185, 22, 3
0 30 33: 185, 22, 2
0 30 42: 825, 22, 1
0 30 44: 653, 22, 1
0 30 54: 185, 22, 1
0 30 55: 653, 22, 1
0 30 58: 1247, 22, 1
0 30 60: 1247, 22, 3
0 30 63: 1247, 22, 1
0 31 4: 1258, 22, 1
0 31 5: 1264, 22, 0
0 31 11: 1258, 22, 2
0 31 18: 1258, 22, 2
0 31 20: 185, 22, 1
0 31 21: 185, 22, 1
0 31 22: 185, 22, 0
0 31 31: 184, 22, 0
0 31 32: 185, 22, 2
0 31 33: 185, 22, 1
0 31 37: 185, 22, 3
0 31 47: 185, 22, 1
0 31 49: 185, 22, 2
0 31 51: 185, 22, 3
0 31 57: 1247, 22, 2
0 31 59: 185, 22, 1
0 31 61: 185, 22, 3
0 31 62: 185, 22, 0
0 31 63: 1247, 22, 1
0 32 1: 1258, 22, 2
0 32 2: 1258, 22, 1
0 32 4: 1258, 22, 0
0 32 9: 1258, 22, 1
0 32 10: 1258, 22, 0
0 32 19: 1258, 22, 3
0 32 25: 185, 22, 1
0 32 26: 185, 22, 2
0 32 31: 185, 22, 2
0 32 32: 185, 22, 1
0 32 33: 185, 22, 0
0 32 35: 1247, 22, 0
0 32 45: 185, 22, 0
0 32 47: 185, 22, 2
0 32 49: 185, 22, 1
0 32 50: 185, 22, 1
0 32 51: 185, 22, 3
0 32 52: 185, 22, 2
0 32 53: 185, 22, 0
0 32 54: 185, 22, 1
0 32 55: 185, 22, 1
0 32 56: 1247, 22, 3
0 32 57: 1247, 22, 2
0 32 59: 1286, 11, 2
0 32 60: 185, 22, 2
0 32 61: 1297, 11, 0
0 32 62: 1247, 22, 3
0 33 4: 1278, 10, 1
0 33 6: 1258, 22, 3
0 33 7: 1189, 11, 1
0 33 8: 1258, 22, 0
0 33 11: 1258, 22, 1
0 33 13: 1258, 22, 3
0 33 14: 1258, 22, 0
0 33 17: 1258, 22, 0
0 33 24: 185, 22, 0
0 33 25: 185, 22, 3
0 33 26: 185, 22, 0
0 33 27: 185, 22, 0
0 33 32: 186, 22, 1
0 33 36: 1286, 11, 2
0 33 37: 185, 22, 0
0 33 41: 654, 22, 1
0 33 43: 185, 22, 0
0 33 45: 185, 22, 2
0 33 46: 185, 22, 3
0 33 53: 185, 22, 0
0 33 55: 185, 22, 1
0 33 56: 1247, 22, 3
0 33 57: 1341, 11, 3
0 33 58: 185, 22, 0
0 33 60: 1247, 22, 2
0 33 61: 1247, 22, 1
0 33 62: 1247, 22, 1
0 34 1: 1258, 22, 2
0 34 3: 1258, 22, 3
0 34 6: 1258, 22, 2
0 34 7: 1246, 22, 0
0 34 8: 1258, 22, 3
0 34 10: 1246, 22, 3
0 34 15: 1258, 22, 1
0 34 22: 185, 22, 0
0 34 24: 326, 22, 2
0 34 27: 185, 22, 1
0 34 35: 185, 22, 2
0 34 43: 185, 22, 3
0 34 44: 185, 22, 1
0 34 47: 653, 22, 1
0 34 49: 654, 22, 1
0 34 54: 185, 22, 1
0 34 56: 1247, 22, 3
0 34 57: 185, 22, 2
0 34 58: 185, 22, 2
0 34 59: 1247, 22, 1
0 34 60: 185, 22, 1
0 34 61: 1247, 22, 1
0 34 62: 1247, 22, 3
0 34 63: 1247, 22, 2
0 35 2: 1258, 22, 3
0 35 6: 1258, 22, 1
0 35 8: 1281, 10, 0
0 35 12: 1278, 10, 2
0 35 18: 1258, 22, 3
0 35 21: 185, 22, 2
0 35 22: 185, 22, 1
0 35 28: 185, 22, 2
0 35 31: 185, 22, 1
0 35 32: 185, 22, 0
0 35 37: 185, 22, 1
0 35 42: 185, 22, 3
0 35 43: 185, 22, 2
0 35 46: 1247, 22, 0
0 35 48: 1247, 22, 0
0 35 55: 185, 22, 2
0 35 56: 185, 22, 0
0 35 60: 185, 22, 1
0 35 61: 1247, 22, 1
0 35 61: 1341, 11, 3
0 36 4: 1258, 22, 2
0 36 7: 1264, 22, 3
0 36 11: 1258, 22, 3
0 36 15: 1258, 22, 2
0 36 19: 1258, 22, 0
0 36 24: 326, 22, 3
0 36 27: 186, 22, 3
0 36 28: 185, 22, 3
0 36 30: 184, 22, 2
0 36 31: 185, 22, 3
0 36 32: 185, 22, 2
0 36 33: 185, 22, 2
0 36 36: 1247, 22, 1
0 36 39: 652, 22, 1
0 36 47: 1247, 22, 3
0 36 48: 1247, 22, 2
0 36 51: 652, 22, 1
0 36 56: 185, 22, 3
0 36 60: 185, 22, 0
0 36 62: 1247, 22, 3
0 37 1: 1258, 22, 3
0 37 2: 1258, 22, 2
0 37 3: 1189, 11, 2
0 37 5: 1278, 11, 0
0 37 13: 1258, 22, 1
0 37 14: 1258, 22, 3
0 37 17: 1258, 22, 2
0 37 23: 1032, 10, 2
0 37 24: 185, 22, 1
0 37 25: 185, 22, 1
0 37 26: 185, 22, 0
0 37 27: 185, 22, 3
0 37 28: 185, 22, 1
0 37 30: 185, 22, 3
0 37 31: 185, 22, 1
0 37 32: 185, 22, 0
0 37 33: 185, 22, 3
0 37 35: 1286, 11, 1
0 37 42: 185, 22, 0
0 37 44: 652, 22, 1
0 37 46: 1247, 22, 3
0 37 47: 1322, 10, 1
0 37 48: 1247, 22, 1
0 37 50: 185, 22, 1
0 37 59: 1247, 22, 1
0 37 61: 1247, 22, 0
0 38 9: 1258, 22, 2
0 38 10: 1258, 22, 1
0 38 11: 1258, 22, 0
0 38 16: 1258, 22, 3
0 38 19: 1258, 22, 2
0 38 21: 1258, 22, 2
0 38 25: 185, 22, 3
0 38 26: 185, 22, 2
0 38 27: 185, 22, 1
0 38 30: 185, 22, 1
0 38 31: 185, 22, 3
0 38 32: 185, 22, 2
0 38 33: 186, 22, 2
0 38 35: 1247, 22, 2
0 38 46: 185, 22, 1
0 38 47: 185, 22, 3
0 38 49: 185, 22, 3
0 38 51: 185, 22, 0
0 38 52: 185, 22, 1
0 38 53: 653, 22, 1
0 38 56: 185, 22, 0
0 38 58: 1247, 22, 2
0 38 59: 1247, 22, 2
0 38 60: 185, 22, 1
0 38 62: 1247, 22, 3
0 38 63: 185, 22, 2
0 39 2: 1258, 22, 1
0 39 5: 1246, 22, 0
0 39 6: 1258, 22, 0
0 39 8: 1189, 11, 2
0 39 11: 1189, 11, 3
0 39 13: 1258, 22, 2
0 39 14: 1258, 22, 1
0 39 15: 1258, 22, 1
0 39 20: 1258, 22, 2
0 39 30: 185, 22, 0
0 39 31: 185, 22, 1
0 39 32: 185, 22, 1
0 39 33: 185, 22, 0
0 39 38: 828, 22, 1
0 39 47: 1247, 22, 2
0 39 51: 697, 10, 1
0 39 58: 185, 22, 2
0 39 59: 1341, 11, 2
0 39 60: 1247, 22, 3
0 39 61: 185, 22, 1
0 39 62: 1286, 11, 1
0 39 63: 185, 22, 3
0 40 1: 1258, 22, 0
0 40 3: 1258, 22, 1
0 40 4: 1258, 22, 0
0 40 6: 1258, 22, 3
0 40 8: 1246, 22, 1
0 40 9: 1278, 10, 3
0 40 12: 1258, 22, 2
0 40 16: 1258, 22, 0
0 40 18: 1258, 22, 0
0 40 20: 1258, 22, 3
0 40 24: 1258, 22, 0
0 40 27: 185, 22, 0
0 40 31: 185, 22, 3
0 40 32: 185, 22, 2
0 40 41: 185, 22, 2
0 40 45: 652, 22, 1
0 40 50: 185, 22, 2
0 40 51: 185, 22, 3
0 40 52: 185, 22, 0
0 40 57: 1247, 22, 0
0 40 59: 185, 22, 3
0 40 61: 185, 22, 0
0 40 62: 1247, 22, 0
0 41 6: 1258, 22, 3
0 41 7: 1258, 22, 2
0 41 13: 1258, 22, 3
0 41 14: 1189, 11, 1
0 41 16: 1258, 22, 3
0 41 19: 1258, 22, 1
0 41 22: 1258, 22, 0
0 41 24: 1258, 22, 0
0 41 26: 185, 22, 3
0 41 28: 185, 22, 1
0 41 37: 185, 22, 1
0 41 39: 185, 22, 3
0 41 41: 185, 22, 2
0 41 42: 185, 22, 3
0 41 60: 1247, 22, 2
0 41 62: 185, 22, 0
0 42 2: 1258, 22, 1
0 42 3: 1258, 22, 0
0 42 5: 1258, 22, 0
0 42 7: 1258, 22, 2
0 42 8: 1258, 22, 2
0 42 10: 1258, 22, 0
0 42 11: 1258, 22, 1
0 42 13: 1258, 22, 1
0 42 16: 1258, 22, 2
0 42 18: 1258, 22, 1
0 42 22: 1258, 22, 1
0 42 29: 184, 22, 0
0 42 32: 185, 22, 2
0 42 33: 186, 22, 0
0 42 36: 185, 22, 2
0 42 44: 826, 22, 1
0 42 55: 185, 22, 1
0 42 58: 1247, 22, 1
0 42 63: 1247, 22, 0
0 43 7: 1258, 22, 1
0 43 9: 1258, 22, 3
0 43 10: 1264, 22, 2
0 43 11: 1278, 11, 3
0 43 14: 1258, 22, 2
0 43 19: 1258, 22, 2
0 43 20: 1258, 22, 0
0 43 24: 1032, 11, 2
0 43 25: 185, 22, 1
0 43 26: 1258, 22, 3
0 43 29: 185, 22, 3
0 43 31: 185, 22, 3
0 43 32: 185, 22, 1
0 43 33: 185, 22, 0
0 43 38: 654, 22, 1
0 43 43: 185, 22, 2
0 43 46: 654, 22, 1
0 43 52: 652, 22, 1
0 43 55: 1247, 22, 1
0 43 56: 1341, 11, 3
0 43 58: 185, 22, 0
0 43 59: 1247, 22, 1
0 43 59: 1286, 11, 1
0 43 60: 185, 22, 2
0 43 62: 1247, 22, 1
0 44 6: 1258, 22, 2
0 44 8: 1258, 22, 0
0 44 16: 1258, 22, 3
0 44 18: 1258, 22, 0
0 44 25: 186, 22, 2
0 44 26: 1258, 22, 2
0 44 28: 185, 22, 3
0 44 29: 186, 22, 3
0 44 31: 326, 22, 2
0 44 32: 185, 22, 0
0 44 33: 185, 22, 1
0 44 34: 185, 22, 2
0 44 35: 185, 22, 3
0 44 39: 185, 22, 2
0 44 41: 652, 22, 1
0 44 43: 185, 22, 2
0 44 57: 1247, 22, 3
0 44 59: 185, 22, 3
0 44 60: 1247, 22, 3
0 44 62: 1247, 22, 1
0 44 62: 1282, 11, 3
0 44 63: 1247, 22, 2
0 45 7: 1258, 22, 3
0 45 9: 1258, 22, 3
0 45 10: 1258, 22, 2
0 45 11: 1258, 22, 2
0 45 12: 1258, 22, 1
0 45 13: 1258, 22, 0
0 45 14: 1258, 22, 2
0 45 16: 1258, 22, 0
0 45 18: 1258, 22, 3
0 45 19: 1258, 22, 1
0 45 22: 1258, 22, 3
0 45 25: 185, 22, 0
0 45 26: 1258, 22, 1
0 45 28: 185, 22, 0
0 45 29: 185, 22, 1
0 45 31: 184, 22, 1
0 45 32: 185, 22, 3
0 45 33: 185, 22, 1
0 45 34: 185, 22, 3
0 45 35: 185, 22, 0
0 45 37: 185, 22, 3
0 45 38: 185, 22, 1
0 45 44: 652, 22, 1
0 45 47: 653, 22, 1
0 45 54: 185, 22, 3
0 45 56: 1247, 22, 2
0 45 58: 185, 22, 1
0 45 61: 1247, 22, 2
0 45 62: 1247, 22, 1
0 45 63: 1247, 22, 2
0 46 10: 1258, 22, 0
0 46 13: 1258, 22, 1
0 46 14: 1258, 22, 3
0 46 24: 1258, 22, 2
0 46 27: 1258, 22, 0
0 46 28: 185, 22, 2
0 46 31: 185, 22, 1
0 46 32: 185, 22, 1
0 46 33: 185, 22, 2
0 46 34: 185, 22, 3
0 46 35: 185, 22, 1
0 46 39: 1286, 11, 0
0 46 40: 185, 22, 3
0 46 44: 185, 22, 1
0 46 47: 185, 22, 1
0 46 50: 185, 22, 2
0 46 52: 185, 22, 3
0 46 53: 185, 22, 3
0 46 57: 185, 22, 0
0 46 58: 1341, 11, 3
0 46 59: 185, 22, 2
0 46 62: 1247, 22, 3
0 47 14: 1258, 22, 3
0 47 15: 1258, 22, 3
0 47 18: 1258, 22, 0
0 47 20: 1258, 22, 1
0 47 22: 1258, 22, 3
0 47 23: 1258, 22, 0
0 47 27: 185, 22, 3
0 47 32: 185, 22, 0
0 47 33: 185, 22, 3
0 47 34: 185, 22, 2
0 47 39: 1247, 22, 1
0 47 46: 185, 22, 0
0 47 47: 185, 22, 0
0 47 48: 185, 22, 0
0 47 50: 185, 22, 0
0 47 54: 654, 22, 1
0 47 58: 185, 22, 3
0 48 13: 1258, 22, 2
0 48 15: 1258, 22, 0
0 48 18: 1258, 22, 3
0 48 19: 1258, 22, 2
0 48 20: 1258, 22, 2
0 48 24: 1258, 22, 2
0 48 25: 1258, 22, 3
0 48 30: 185, 22, 2
0 48 36: 1247, 22, 2
0 48 40: 185, 22, 0
0 48 46: 1247, 22, 2
0 48 57: 185, 22, 1
0 48 59: 185, 22, 2
0 48 61: 1247, 22, 1
0 49 0: 320, 22, 2
0 49 1: 321, 22, 3
0 49 2: 320, 22, 3
0 49 20: 1189, 11, 0
0 49 22: 1246, 22, 3
0 49 24: 1258, 22, 3
0 49 26: 1258, 22, 0
0 49 30: 185, 22, 3
0 49 31: 185, 22, 0
0 49 34: 186, 22, 3
0 49 37: 1286, 11, 0
0 49 44: 1247, 22, 1
0 49 46: 185, 22, 1
0 49 47: 654, 22, 1
0 49 55: 185, 22, 2
0 49 56: 185, 22, 2
0 49 57: 186, 22, 1
0 49 58: 185, 22, 3
0 49 62: 1247, 22, 0
0 50 0: 320, 22, 3
0 50 1: 320, 22, 0
0 50 2: 320, 22, 0
0 50 3: 321, 22, 0
0 50 16: 1258, 22, 1
0 50 18: 1258, 22, 2
0 50 19: 1258, 22, 1
0 50 21: 1258, 22, 0
0 50 23: 1258, 22, 3
0 50 28: 184, 22, 2
0 50 29: 1258, 22, 3
0 50 30: 185, 22, 1
0 50 31: 184, 22, 3
0 50 33: 185, 22, 2
0 50 34: 185, 22, 2
0 50 35: 185, 22, 1
0 50 44: 185, 22, 0
0 50 45: 1341, 11, 0
0 50 46: 185, 22, 2
0 50 53: 826, 22, 1
0 50 54: 186, 22, 0
0 50 55: 186, 22, 2
0 50 56: 185, 22, 1
0 50 60: 1286, 11, 0
0 51 0: 1257, 22, 3
0 51 1: 1257, 22, 1
0 51 2: 1257, 22, 0
0 51 4: 320, 22, 1
0 51 5: 320, 22, 2
0 51 17: 1258, 22, 3
0 51 21: 1276, 11, 0
0 51 24: 1258, 22, 0
0 51 25: 1258, 22, 1
0 51 28: 326, 22, 1
0 51 29: 1258, 22, 1
0 51 30: 185, 22, 0
0 51 31: 185, 22, 1
0 51 33: 326, 22, 1
0 51 34: 185, 22, 3
0 51 35: 185, 22, 0
0 51 36: 185, 22, 0
0 51 39: 186, 22, 2
0 51 44: 1247, 22, 0
0 51 46: 185, 22, 3
0 51 47: 1247, 22, 3
0 51 49: 1247, 22, 3
0 51 51: 1247, 22, 2
0 51 53: 186, 22, 3
0 51 54: 185, 22, 2
0 51 55: 185, 22, 1
0 51 56: 185, 22, 3
0 51 58: 1247, 22, 2
0 51 60: 185, 22, 0
0 51 61: 185, 22, 1
0 51 63: 1286, 11, 3
0 52 0: 1257, 22, 2
0 52 1: 1259, 22, 2
0 52 2: 1258, 22, 3
0 52 3: 1258, 22, 0
0 52 7: 320, 22, 1
0 52 20: 1258, 22, 0
0 52 23: 1258, 22, 2
0 52 27: 1258, 22, 1
0 52 28: 186, 22, 1
0 52 30: 185, 22, 3
0 52 33: 185, 22, 3
0 52 34: 185, 22, 1
0 52 35: 185, 22, 2
0 52 38: 185, 22, 1
0 52 39: 185, 22, 3
0 52 40: 185, 22, 0
0 52 51: 186, 22, 0
0 52 52: 186, 22, 2
0 52 56: 1247, 22, 2
0 52 58: 185, 22, 0
0 52 59: 185, 22, 1
0 52 60: 1247, 22, 3
0 52 60: 1297, 11, 1
0 52 61: 1247, 22, 0
0 52 62: 1247, 22, 0
0 53 1: 1257, 22, 1
0 53 2: 1257, 22, 0
0 53 3: 1257, 22, 3
0 53 4: 1257, 22, 2
0 53 5: 1258, 22, 1
0 53 20: 1258, 22, 0
0 53 22: 1264, 22, 1
0 53 23: 1258, 22, 1
0 53 26: 1258, 22, 2
0 53 27: 1258, 22, 1
0 53 29: 185, 22, 2
0 53 34: 185, 22, 2
0 53 38: 184, 22, 1
0 53 39: 185, 22, 0
0 53 40: 185, 22, 3
0 53 41: 185, 22, 3
0 53 45: 185, 22, 0
0 53 46: 185, 22, 3
0 53 48: 185, 22, 0
0 53 52: 186, 22, 2
0 53 53: 186, 22, 2
0 53 57: 185, 22, 3
0 53 58: 185, 22, 0
0 53 60: 1247, 22, 3
0 53 61: 1247, 22, 2
0 53 62: 185, 22, 1
0 54 5: 1257, 22, 1
0 54 6: 1257, 22, 0
0 54 7: 1257, 22, 3
0 54 8: 1257, 22, 2
0 54 9: 1257, 22, 1
0 54 13: 1257, 22, 1
0 54 21: 1258, 22, 3
0 54 23: 1258, 22, 0
0 54 24: 1189, 11, 3
0 54 26: 1258, 22, 3
0 54 29: 1032, 11, 1
0 54 31: 185, 22, 1
0 54 32: 185, 22, 1
0 54 38: 185, 22, 2
0 54 39: 185, 22, 1
0 54 40: 185, 22, 2
0 54 43: 1247, 22, 3
0 54 44: 1247, 22, 3
0 54 45: 1286, 11, 0
0 54 47: 185, 22, 2
0 54 48: 185, 22, 1
0 54 49: 1247, 22, 0
0 54 51: 186, 22, 0
0 54 53: 1286, 11, 1
0 54 56: 1247, 22, 1
0 54 58: 1341, 11, 2
0 54 60: 1247, 22, 3
0 54 61: 185, 22, 2
0 54 62: 185, 22, 1
0 55 7: 1257, 22, 0
0 55 8: 1257, 22, 0
0 55 12: 1257, 22, 2
0 55 13: 1257, 22, 1
0 55 14: 320, 22, 2
0 55 15: 320, 22, 1
0 55 22: 1258, 22, 2
0 55 31: 185, 22, 2
0 55 32: 184, 22, 2
0 55 39: 185, 22, 3
0 55 45: 185, 22, 1
0 55 46: 185, 22, 2
0 55 47: 185, 22, 2
0 55 50: 1247, 22, 1
0 55 52: 1247, 22, 0
0 55 60: 185, 22, 3
0 55 61: 185, 22, 0
0 55 62: 185, 22, 2
0 56 6: 1257, 22, 3
0 56 12: 1257, 22, 3
0 56 13: 1257, 22, 1
0 56 15: 321, 22, 2
0 56 16: 320, 22, 3
0 56 24: 1258, 22, 1
0 56 25: 1258, 22, 0
0 56 27: 1258, 22, 3
0 56 29: 1258, 22, 1
0 56 30: 1258, 22, 0
0 56 35: 185, 22, 1
0 56 42: 1286, 11, 2
0 56 45: 1247, 22, 2
0 56 46: 186, 22, 3
0 56 54: 185, 22, 3
0 56 55: 185, 22, 0
0 56 56: 185, 22, 0
0 56 58: 1247, 22, 3
0 56 61: 1247, 22, 0
0 57 12: 1257, 22, 0
0 57 13: 1257, 22, 0
0 57 14: 1257, 22, 1
0 57 16: 320, 22, 0
0 57 24: 1258, 22, 3
0 57 28: 1246, 22, 2
0 57 34: 185, 22, 3
0 57 35: 185, 22, 0
0 57 36: 184, 22, 2
0 57 40: 185, 22, 3
0 57 42: 1247, 22, 0
0 57 46: 185, 22, 0
0 57 48: 185, 22, 3
0 57 50: 1286, 11, 0
0 57 52: 1247, 22, 2
0 57 54: 1247, 22, 2
0 57 54: 1282, 11, 3
0 57 55: 1247, 22, 0
0 57 56: 185, 22, 1
0 57 57: 326, 22, 0
0 57 58: 326, 22, 0
0 57 59: 1286, 11, 0
0 58 12: 1257, 22, 3
0 58 13: 1257, 22, 1
0 58 15: 1257, 22, 2
0 58 18: 320, 22, 1
0 58 19: 321, 22, 1
0 58 26: 1189, 11, 2
0 58 27: 1278, 11, 1
0 58 29: 1258, 22, 3
0 58 31: 1258, 22, 3
0 58 33: 184, 22, 3
0 58 34: 185, 22, 0
0 58 35: 185, 22, 1
0 58 36: 185, 22, 0
0 58 39: 185, 22, 0
0 58 40: 185, 22, 2
0 58 41: 185, 22, 2
0 58 42: 1247, 22, 0
0 58 46: 1247, 22, 1
0 58 47: 1341, 11, 3
0 58 48: 185, 22, 2
0 58 52: 185, 22, 1
0 58 54: 1247, 22, 3
0 58 55: 1247, 22, 3
0 58 58: 1247, 22, 2
0 59 14: 1257, 22, 0
0 59 15: 1259, 22, 3
0 59 16: 1257, 22, 1
0 59 19: 320, 22, 2
0 59 20: 320, 22, 1
0 59 30: 1258, 22, 2
0 59 34: 185, 22, 0
0 59 35: 185, 22, 1
0 59 36: 185, 22, 3
0 59 38: 326, 22, 1
0 59 39: 185, 22, 1
0 59 40: 185, 22, 3
0 59 41: 186, 22, 1
0 59 46: 185, 22, 0
0 59 47: 185, 22, 1
0 59 50: 185, 22, 1
0 59 60: 185, 22, 2
0 59 61: 1247, 22, 1
0 60 13: 1257, 22, 2
0 60 14: 1257, 22, 3
0 60 15: 1259, 22, 2
0 60 16: 1257, 22, 1
0 60 17: 1257, 22, 3
0 60 18: 1257, 22, 2
0 60 21: 320, 22, 2
0 60 26: 1246, 22, 1
0 60 27: 1264, 22, 0
0 60 28: 1258, 22, 1
0 60 31: 1258, 22, 2
0 60 35: 186, 22, 0
0 60 36: 185, 22, 2
0 60 39: 185, 22, 2
0 60 40: 185, 22, 0
0 60 41: 185, 22, 1
0 60 45: 185, 22, 3
0 60 47: 185, 22, 3
0 60 49: 185, 22, 1
0 60 50: 1247, 22, 1
0 60 51: 185, 22, 0
0 60 51: 1286, 11, 3
0 60 53: 1247, 22, 3
0 60 54: 185, 22, 3
0 60 56: 1247, 22, 1
0 60 58: 185, 22, 2
0 60 62: 185, 22, 2
0 61 14: 1257, 22, 3
0 61 16: 1257, 22, 0
0 61 17: 1257, 22, 3
0 61 18: 1258, 22, 3
0 61 19: 1259, 22, 1
0 61 22: 321, 22, 0
0 61 23: 320, 22, 2
0 61 27: 1258, 22, 3
0 61 30: 1258, 22, 1
0 61 40: 185, 22, 1
0 61 43: 1286, 11, 1
0 61 46: 1341, 11, 0
0 61 47: 185, 22, 1
0 61 48: 1247, 22, 0
0 61 49: 185, 22, 3
0 61 58: 1286, 11, 1
0 61 60: 1247, 22, 2
0 61 63: 185, 22, 0
0 62 15: 1257, 22, 3
0 62 17: 1257, 22, 3
0 62 18: 1258, 22, 0
0 62 19: 1258, 22, 3
0 62 20: 1259, 22, 0
0 62 28: 1189, 11, 1
0 62 30: 1258, 22, 0
0 62 33: 1032, 11, 2
0 62 35: 185, 22, 2
0 62 42: 1247, 22, 2
0 62 45: 1247, 22, 3
0 62 46: 1247, 22, 3
0 62 47: 185, 22, 0
0 62 50: 185, 22, 3
0 62 52: 1247, 22, 0
0 62 56: 1247, 22, 0
0 62 60: 185, 22, 3
0 62 62: 1341, 11, 3
0 63 17: 1257, 22, 3
0 63 19: 1257, 22, 0
0 63 20: 1257, 22, 1
0 63 21: 1257, 22, 2
0 63 27: 1258, 22, 0
0 63 29: 1258, 22, 2
0 63 30: 1258, 22, 3
0 63 34: 326, 22, 0
0 63 35: 185, 22, 3
0 63 36: 185, 22, 1
0 63 53: 185, 22, 1
0 63 59: 1247, 22, 3
