0 47 39: 1436, 10, 2
0 47 40: 1417, 1, 1
0 47 41: 1417, 0, 2
0 47 42: 1417, 0, 2
0 47 43: 1417, 0, 2
0 47 44: 1417, 0, 2
0 47 45: 1417, 0, 2
0 47 46: 1417, 1, 2
0 47 47: 1436, 10, 3
0 48 36: 1436, 10, 2
0 48 37: 1417, 1, 1
0 48 38: 1417, 0, 2
0 48 39: 1417, 0, 2
0 48 40: 1417, 9, 1
0 48 41: 198, 4, 0
0 48 43: 706, 4, 0
0 48 44: 198, 4, 0
0 48 45: 724, 10, 1
0 48 46: 1417, 9, 2
0 48 47: 1417, 1, 2
0 49 35: 1436, 10, 2
0 49 36: 1417, 1, 1
0 49 37: 1417, 9, 1
0 49 38: 706, 4, 0
0 49 39: 661, 10, 3
0 49 46: 1452, 4, 1
0 49 47: 1417, 0, 3
0 49 48: 1436, 10, 3
0 50 35: 1417, 1, 1
0 50 36: 1417, 9, 1
0 50 41: 652, 22, 1
0 50 47: 315, 22, 3
0 50 47: 706, 6, 0
0 50 47: 1417, 9, 2
0 50 48: 1417, 1, 2
0 51 35: 1417, 0, 1
0 51 36: 724, 10, 2
0 51 37: 827, 22, 1
0 51 40: 825, 22, 1
0 51 44: 325, 22, 0
0 51 44: 660, 10, 3
0 51 45: 325, 22, 0
0 51 47: 724, 10, 2
0 51 48: 1417, 0, 3
0 52 35: 1417, 0, 1
0 52 39: 2305, 10, 0
0 52 40: 2305, 10, 1
0 52 41: 654, 22, 3
0 52 42: 2305, 10, 3
0 52 43: 2305, 10, 3
0 52 44: 2305, 10, 1
0 52 46: 825, 22, 2
0 52 47: 198, 4, 1
0 52 48: 1417, 0, 3
0 53 35: 1417, 0, 1
0 53 36: 198, 4, 3
0 53 39: 2305, 10, 3
0 53 40: 652, 22, 1
0 53 40: 2305, 10, 3
0 53 42: 654, 22, 3
0 53 42: 2305, 10, 0
0 53 43: 652, 22, 3
0 53 43: 2305, 10, 0
0 53 44: 2305, 10, 2
0 53 45: 325, 22, 0
0 53 47: 1454, 4, 1
0 53 48: 1417, 0, 3
0 54 35: 1417, 0, 1
0 54 39: 2305, 10, 3
0 54 40: 2305, 10, 0
0 54 41: 653, 22, 3
0 54 42: 654, 22, 0
0 54 42: 2305, 10, 0
0 54 43: 827, 22, 0
0 54 43: 2305, 10, 2
0 54 44: 653, 22, 1
0 54 44: 2305, 10, 1
0 54 45: 326, 22, 0
0 54 46: 325, 22, 3
0 54 47: 1452, 4, 1
0 54 48: 1417, 0, 3
0 55 35: 1417, 0, 1
0 55 39: 2305, 10, 1
0 55 40: 654, 22, 1
0 55 40: 2305, 10, 3
0 55 41: 652, 22, 0
0 55 42: 2305, 10, 1
0 55 43: 654, 22, 0
0 55 43: 2305, 10, 0
0 55 44: 2305, 10, 2
0 55 45: 652, 22, 3
0 55 46: 325, 22, 1
0 55 47: 1454, 4, 1
0 55 48: 1417, 0, 3
0 56 35: 1417, 0, 1
0 56 36: 706, 4, 3
0 56 39: 325, 22, 2
0 56 39: 2305, 10, 0
0 56 40: 653, 22, 2
0 56 40: 2305, 10, 3
0 56 42: 2305, 10, 2
0 56 43: 2305, 10, 0
0 56 44: 654, 22, 0
0 56 44: 2305, 10, 2
0 56 47: 198, 4, 1
0 56 47: 325, 22, 3
0 56 48: 1417, 0, 3
0 56 49: 1436, 10, 3
0 56 50: 1436, 10, 2
0 56 51: 1417, 1, 1
0 56 52: 1417, 0, 2
0 56 53: 1417, 1, 2
0 56 54: 1436, 10, 3
0 57 35: 1417, 0, 1
0 57 36: 198, 4, 3
0 57 36: 658, 10, 1
0 57 37: 325, 22, 2
0 57 42: 652, 22, 3
0 57 43: 325, 22, 3
0 57 44: 652, 22, 2
0 57 46: 325, 22, 2
0 57 47: 326, 22, 2
0 57 48: 325, 22, 0
0 57 48: 706, 6, 0
0 57 48: 1417, 9, 2
0 57 49: 1417, 0, 2
0 57 50: 1417, 0, 2
0 57 51: 1417, 9, 1
0 57 52: 724, 10, 0
0 57 53: 1417, 9, 2
0 57 54: 1417, 0, 2
0 57 55: 1417, 0, 2
0 57 56: 1417, 0, 2
0 57 57: 1417, 1, 2
0 57 58: 1436, 10, 3
0 58 35: 1417, 0, 1
0 58 36: 702, 11, 2
0 58 37: 324, 22, 2
0 58 38: 325, 22, 1
0 58 40: 652, 22, 1
0 58 41: 825, 22, 3
0 58 45: 827, 22, 3
0 58 47: 325, 22, 1
0 58 48: 326, 22, 1
0 58 49: 198, 4, 0
0 58 49: 325, 22, 0
0 58 50: 706, 4, 0
0 58 55: 198, 4, 0
0 58 56: 706, 4, 0
0 58 57: 1417, 9, 2
0 58 58: 1417, 0, 2
0 58 59: 1417, 0, 2
0 58 60: 1417, 1, 2
0 58 61: 1436, 10, 3
0 59 35: 1417, 0, 1
0 59 37: 325, 22, 0
0 59 37: 700, 10, 2
0 59 39: 325, 22, 1
0 59 40: 325, 22, 0
0 59 40: 702, 11, 2
0 59 44: 325, 22, 1
0 59 47: 325, 22, 2
0 59 48: 325, 22, 1
0 59 51: 325, 22, 0
0 59 52: 652, 22, 1
0 59 54: 1248, 22, 0
0 59 59: 724, 10, 0
0 59 60: 1417, 9, 2
0 59 61: 1417, 1, 2
0 60 35: 1417, 1, 0
0 60 36: 706, 6, 2
0 60 36: 1417, 9, 0
0 60 37: 724, 10, 0
0 60 37: 1454, 4, 2
0 60 38: 325, 22, 2
0 60 38: 658, 10, 0
0 60 39: 326, 22, 2
0 60 40: 326, 22, 3
0 60 41: 325, 22, 3
0 60 43: 325, 22, 0
0 60 44: 326, 22, 3
0 60 45: 325, 22, 3
0 60 47: 325, 22, 1
0 60 50: 653, 22, 2
0 60 51: 654, 22, 0
0 60 51: 2305, 10, 0
0 60 52: 2305, 10, 2
0 60 53: 653, 22, 1
0 60 55: 827, 22, 0
0 60 57: 1247, 22, 2
0 60 59: 1247, 22, 1
0 60 60: 1452, 4, 1
0 60 61: 1417, 0, 3
0 61 35: 1436, 10, 1
0 61 36: 1417, 1, 0
0 61 37: 1417, 0, 0
0 61 38: 325, 22, 2
0 61 38: 1417, 9, 0
0 61 39: 1454, 4, 2
0 61 40: 706, 6, 1
0 61 40: 1417, 9, 3
0 61 41: 1417, 9, 0
0 61 44: 325, 22, 3
0 61 49: 827, 22, 2
0 61 50: 652, 22, 2
0 61 51: 653, 22, 3
0 61 51: 2305, 10, 1
0 61 52: 654, 22, 1
0 61 52: 2305, 10, 0
0 61 56: 1248, 22, 1
0 61 59: 1755, 10, 0
0 61 60: 1454, 4, 1
0 61 61: 1417, 0, 3
0 62 37: 1436, 10, 1
0 62 38: 1417, 1, 0
0 62 39: 1417, 0, 0
0 62 40: 1417, 1, 3
0 62 41: 1417, 1, 0
0 62 42: 1417, 9, 0
0 62 43: 198, 4, 2
0 62 43: 315, 22, 0
0 62 43: 724, 10, 3
0 62 44: 1452, 4, 2
0 62 45: 706, 4, 2
0 62 46: 1452, 4, 2
0 62 47: 198, 4, 2
0 62 48: 1455, 4, 2
0 62 49: 1452, 4, 2
0 62 50: 652, 22, 1
0 62 50: 1454, 4, 2
0 62 52: 198, 4, 2
0 62 53: 653, 22, 3
0 62 54: 1452, 4, 2
0 62 55: 706, 4, 2
0 62 56: 1453, 4, 2
0 62 57: 1452, 4, 2
0 62 58: 198, 4, 2
0 62 59: 1454, 4, 2
0 62 60: 1417, 9, 3
0 62 61: 1417, 1, 3
0 63 41: 1436, 10, 1
0 63 42: 1417, 1, 0
0 63 43: 1417, 0, 0
0 63 44: 1417, 0, 0
0 63 45: 1417, 0, 0
0 63 46: 1417, 0, 0
0 63 47: 1417, 0, 0
0 63 48: 1417, 0, 0
0 63 49: 1417, 0, 0
0 63 50: 1417, 0, 0
0 63 51: 1417, 0, 0
0 63 52: 1417, 0, 0
0 63 53: 1417, 0, 0
0 63 54: 1417, 0, 0
0 63 55: 1417, 0, 0
0 63 56: 1417, 0, 0
0 63 57: 1417, 0, 0
0 63 58: 1417, 0, 0
0 63 59: 1417, 0, 0
0 63 60: 1417, 1, 3
0 63 61: 1436, 10, 0
1 41 39: 1434, 10, 0
1 41 40: 1434, 10, 0
1 41 41: 1434, 10, 0
1 41 42: 1434, 10, 0
1 41 43: 1434, 10, 0
1 41 44: 1434, 10, 0
1 41 45: 1434, 10, 0
1 41 46: 1434, 10, 0
1 41 47: 1434, 10, 0
1 42 37: 1434, 10, 0
1 42 38: 1434, 10, 0
1 42 39: 1434, 10, 0
1 42 40: 1434, 10, 0
1 42 41: 1434, 10, 0
1 42 42: 1434, 10, 0
1 42 43: 1434, 10, 0
1 42 44: 1434, 10, 0
1 42 45: 1434, 10, 0
1 42 46: 1434, 10, 0
1 42 47: 1434, 10, 0
1 42 48: 1434, 10, 0
1 42 49: 1434, 10, 0
1 42 50: 1434, 10, 0
1 43 35: 1434, 10, 0
1 43 36: 1434, 10, 0
1 43 37: 1434, 10, 0
1 43 38: 1434, 10, 0
1 43 39: 1434, 10, 0
1 43 40: 1434, 10, 0
1 43 41: 1434, 10, 0
1 43 42: 1434, 10, 0
1 43 43: 1434, 10, 0
1 43 44: 1434, 10, 0
1 43 45: 1434, 10, 0
1 43 46: 1434, 10, 0
1 43 47: 1434, 10, 0
1 43 48: 1434, 10, 0
1 43 49: 1434, 10, 0
1 43 50: 1434, 10, 0
1 43 51: 1434, 10, 0
1 43 52: 1434, 10, 0
1 44 34: 1434, 10, 0
1 44 35: 1434, 10, 0
1 44 36: 1434, 10, 0
1 44 37: 1434, 10, 0
1 44 38: 1434, 10, 0
1 44 39: 1434, 10, 0
1 44 40: 1434, 10, 0
1 44 41: 1434, 10, 0
1 44 42: 1434, 10, 0
1 44 43: 1434, 10, 0
1 44 44: 1434, 10, 0
1 44 45: 1434, 10, 0
1 44 46: 1434, 10, 0
1 44 47: 1434, 10, 0
1 44 48: 1434, 10, 0
1 44 49: 1434, 10, 0
1 44 50: 1434, 10, 0
1 44 51: 1434, 10, 0
1 44 52: 1434, 10, 0
1 45 33: 1434, 10, 0
1 45 34: 1434, 10, 0
1 45 35: 1434, 10, 0
1 45 36: 1434, 10, 0
1 45 37: 1434, 10, 0
1 45 38: 1434, 10, 0
1 45 39: 1434, 10, 0
1 45 40: 1434, 10, 0
1 45 41: 1434, 10, 0
1 45 42: 1434, 10, 0
1 45 43: 1434, 10, 0
1 45 44: 1434, 10, 0
1 45 45: 1434, 10, 0
1 45 46: 1434, 10, 0
1 45 47: 1434, 10, 0
1 45 48: 1434, 10, 0
1 45 49: 1434, 10, 0
1 45 50: 1434, 10, 0
1 45 51: 1434, 10, 0
1 45 52: 1434, 10, 0
1 45 53: 1434, 10, 0
1 45 54: 1434, 10, 0
1 45 55: 1434, 10, 0
1 46 32: 1434, 10, 0
1 46 33: 1434, 10, 0
1 46 34: 1434, 10, 0
1 46 35: 1434, 10, 0
1 46 36: 1434, 10, 0
1 46 37: 1434, 10, 0
1 46 38: 1434, 10, 0
1 46 39: 1434, 10, 0
1 46 40: 1434, 10, 0
1 46 41: 1434, 10, 0
1 46 42: 1434, 10, 0
1 46 43: 1434, 10, 0
1 46 44: 1434, 10, 0
1 46 45: 1434, 10, 0
1 46 46: 1434, 10, 0
1 46 47: 1434, 10, 0
1 46 48: 1434, 10, 0
1 46 49: 1434, 10, 0
1 46 50: 1434, 10, 0
1 46 51: 1434, 10, 0
1 46 52: 1434, 10, 0
1 46 53: 1434, 10, 0
1 46 54: 1434, 10, 0
1 46 55: 1434, 10, 0
1 46 56: 1434, 10, 0
1 46 57: 1434, 10, 0
1 47 32: 1434, 10, 0
1 47 33: 1434, 10, 0
1 47 34: 1434, 10, 0
1 47 35: 1434, 10, 0
1 47 36: 1434, 10, 0
1 47 37: 1434, 10, 0
1 47 38: 1434, 10, 0
1 47 39: 1434, 10, 0
1 47 40: 1428, 1, 1
1 47 41: 1428, 0, 2
1 47 42: 1428, 0, 2
1 47 43: 1428, 0, 2
1 47 44: 1428, 0, 2
1 47 45: 1428, 0, 2
1 47 46: 1428, 1, 2
1 47 47: 1434, 10, 0
1 47 48: 1434, 10, 0
1 47 49: 1434, 10, 0
1 47 50: 1434, 10, 0
1 47 51: 1434, 10, 0
1 47 52: 1434, 10, 0
1 47 53: 1434, 10, 0
1 47 54: 1434, 10, 0
1 47 55: 1434, 10, 0
1 47 56: 1434, 10, 0
1 47 57: 1434, 10, 0
1 47 58: 1434, 10, 0
1 48 31: 1434, 10, 0
1 48 32: 1434, 10, 0
1 48 33: 1434, 10, 0
1 48 34: 1434, 10, 0
1 48 35: 1434, 10, 0
1 48 36: 1434, 10, 0
1 48 37: 1428, 1, 1
1 48 38: 1428, 0, 2
1 48 39: 1428, 0, 2
1 48 40: 1428, 9, 1
1 48 46: 1428, 9, 2
1 48 47: 1428, 1, 2
1 48 48: 1434, 10, 0
1 48 49: 1434, 10, 0
1 48 50: 1434, 10, 0
1 48 51: 1434, 10, 0
1 48 52: 1434, 10, 0
1 48 53: 1434, 10, 0
1 48 54: 1434, 10, 0
1 48 55: 1434, 10, 0
1 48 56: 1434, 10, 0
1 48 57: 1434, 10, 0
1 48 58: 1434, 10, 0
1 48 59: 1434, 10, 0
1 49 31: 1434, 10, 0
1 49 32: 1434, 10, 0
1 49 33: 1434, 10, 0
1 49 34: 1434, 10, 0
1 49 35: 1434, 10, 0
1 49 36: 1428, 1, 1
1 49 37: 1428, 9, 1
1 49 47: 1428, 0, 3
1 49 48: 1434, 10, 0
1 49 49: 1434, 10, 0
1 49 50: 1434, 10, 0
1 49 51: 1434, 10, 0
1 49 52: 1434, 10, 0
1 49 53: 1434, 10, 0
1 49 54: 1434, 10, 0
1 49 55: 1434, 10, 0
1 49 56: 1434, 10, 0
1 49 57: 1434, 10, 0
1 49 58: 1434, 10, 0
1 49 59: 1434, 10, 0
1 49 60: 1434, 10, 0
1 50 30: 1434, 10, 0
1 50 31: 1434, 10, 0
1 50 32: 1434, 10, 0
1 50 33: 1434, 10, 0
1 50 34: 1434, 10, 0
1 50 35: 1428, 1, 1
1 50 36: 1428, 9, 1
1 50 47: 1428, 9, 2
1 50 48: 1428, 1, 2
1 50 49: 1434, 10, 0
1 50 50: 1434, 10, 0
1 50 51: 1434, 10, 0
1 50 52: 1434, 10, 0
1 50 53: 1434, 10, 0
1 50 54: 1434, 10, 0
1 50 55: 1434, 10, 0
1 50 56: 1434, 10, 0
1 50 57: 1434, 10, 0
1 50 58: 1434, 10, 0
1 50 59: 1434, 10, 0
1 50 60: 1434, 10, 0
1 50 61: 1434, 10, 0
1 51 30: 1434, 10, 0
1 51 31: 1434, 10, 0
1 51 32: 1434, 10, 0
1 51 33: 1434, 10, 0
1 51 34: 1434, 10, 0
1 51 35: 1428, 0, 1
1 51 48: 1428, 0, 3
1 51 49: 1434, 10, 0
1 51 50: 1434, 10, 0
1 51 51: 1434, 10, 0
1 51 52: 1434, 10, 0
1 51 53: 1434, 10, 0
1 51 54: 1434, 10, 0
1 51 55: 1434, 10, 0
1 51 56: 1434, 10, 0
1 51 57: 1434, 10, 0
1 51 58: 1434, 10, 0
1 51 59: 1434, 10, 0
1 51 60: 1434, 10, 0
1 51 61: 1434, 10, 0
1 52 29: 1434, 10, 0
1 52 30: 1434, 10, 0
1 52 31: 1434, 10, 0
1 52 32: 1434, 10, 0
1 52 33: 1434, 10, 0
1 52 34: 1434, 10, 0
1 52 35: 1428, 0, 1
1 52 47: 1454, 4, 1
1 52 48: 1428, 0, 3
1 52 49: 1434, 10, 0
1 52 50: 1434, 10, 0
1 52 51: 1434, 10, 0
1 52 52: 1434, 10, 0
1 52 53: 1434, 10, 0
1 52 54: 1434, 10, 0
1 52 55: 1434, 10, 0
1 52 56: 1434, 10, 0
1 52 57: 1434, 10, 0
1 52 58: 1434, 10, 0
1 52 59: 1434, 10, 0
1 52 60: 1434, 10, 0
1 52 61: 1434, 10, 0
1 52 62: 1434, 10, 0
1 53 29: 1434, 10, 0
1 53 30: 1434, 10, 0
1 53 31: 1434, 10, 0
1 53 32: 1434, 10, 0
1 53 33: 1434, 10, 0
1 53 34: 1434, 10, 0
1 53 35: 1428, 0, 1
1 53 47: 1452, 4, 1
1 53 48: 1428, 0, 3
1 53 49: 1434, 10, 0
1 53 50: 1434, 10, 0
1 53 51: 1434, 10, 0
1 53 52: 1434, 10, 0
1 53 53: 1434, 10, 0
1 53 54: 1434, 10, 0
1 53 55: 1434, 10, 0
1 53 56: 1434, 10, 0
1 53 57: 1434, 10, 0
1 53 58: 1434, 10, 0
1 53 59: 1434, 10, 0
1 53 60: 1434, 10, 0
1 53 61: 1434, 10, 0
1 53 62: 1434, 10, 0
1 54 29: 1434, 10, 0
1 54 30: 1434, 10, 0
1 54 31: 1434, 10, 0
1 54 32: 1434, 10, 0
1 54 33: 1434, 10, 0
1 54 34: 1434, 10, 0
1 54 35: 1428, 0, 1
1 54 47: 1454, 4, 1
1 54 48: 1428, 0, 3
1 54 49: 1434, 10, 0
1 54 50: 1434, 10, 0
1 54 51: 1434, 10, 0
1 54 52: 1434, 10, 0
1 54 53: 1434, 10, 0
1 54 54: 1434, 10, 0
1 54 55: 1434, 10, 0
1 54 56: 1434, 10, 0
1 54 57: 1434, 10, 0
1 54 58: 1434, 10, 0
1 54 59: 1434, 10, 0
1 54 60: 1434, 10, 0
1 54 61: 1434, 10, 0
1 54 62: 1434, 10, 0
1 54 63: 1434, 10, 0
1 55 29: 1434, 10, 0
1 55 30: 1434, 10, 0
1 55 31: 1434, 10, 0
1 55 32: 1434, 10, 0
1 55 33: 1434, 10, 0
1 55 34: 1434, 10, 0
1 55 35: 1428, 0, 1
1 55 48: 1428, 0, 3
1 55 49: 1434, 10, 0
1 55 50: 1434, 10, 0
1 55 51: 1434, 10, 0
1 55 52: 1434, 10, 0
1 55 53: 1434, 10, 0
1 55 54: 1434, 10, 0
1 55 55: 1434, 10, 0
1 55 56: 1434, 10, 0
1 55 57: 1434, 10, 0
1 55 58: 1434, 10, 0
1 55 59: 1434, 10, 0
1 55 60: 1434, 10, 0
1 55 61: 1434, 10, 0
1 55 62: 1434, 10, 0
1 55 63: 1434, 10, 0
1 56 29: 1434, 10, 0
1 56 30: 1434, 10, 0
1 56 31: 1434, 10, 0
1 56 32: 1434, 10, 0
1 56 33: 1434, 10, 0
1 56 34: 1434, 10, 0
1 56 35: 1428, 0, 1
1 56 48: 1428, 0, 3
1 56 49: 1434, 10, 0
1 56 50: 1434, 10, 0
1 56 51: 1428, 1, 1
1 56 52: 1428, 0, 2
1 56 53: 1428, 1, 2
1 56 54: 1434, 10, 0
1 56 55: 1434, 10, 0
1 56 56: 1434, 10, 0
1 56 57: 1434, 10, 0
1 56 58: 1434, 10, 0
1 56 59: 1434, 10, 0
1 56 60: 1434, 10, 0
1 56 61: 1434, 10, 0
1 56 62: 1434, 10, 0
1 56 63: 1434, 10, 0
1 57 29: 1434, 10, 0
1 57 30: 1434, 10, 0
1 57 31: 1434, 10, 0
1 57 32: 1434, 10, 0
1 57 33: 1434, 10, 0
1 57 34: 1434, 10, 0
1 57 35: 1428, 0, 1
1 57 48: 1428, 9, 2
1 57 49: 1428, 0, 2
1 57 50: 1428, 0, 2
1 57 51: 1428, 9, 1
1 57 53: 1428, 9, 2
1 57 54: 1428, 0, 2
1 57 55: 1428, 0, 2
1 57 56: 1428, 0, 2
1 57 57: 1428, 1, 2
1 57 58: 1434, 10, 0
1 57 59: 1434, 10, 0
1 57 60: 1434, 10, 0
1 57 61: 1434, 10, 0
1 57 62: 1434, 10, 0
1 57 63: 1434, 10, 0
1 58 29: 1434, 10, 0
1 58 30: 1434, 10, 0
1 58 31: 1434, 10, 0
1 58 32: 1434, 10, 0
1 58 33: 1434, 10, 0
1 58 34: 1434, 10, 0
1 58 35: 1428, 0, 1
1 58 57: 1428, 9, 2
1 58 58: 1428, 0, 2
1 58 59: 1428, 0, 2
1 58 60: 1428, 1, 2
1 58 61: 1434, 10, 0
1 58 62: 1434, 10, 0
1 58 63: 1434, 10, 0
1 59 30: 1434, 10, 0
1 59 31: 1434, 10, 0
1 59 32: 1434, 10, 0
1 59 33: 1434, 10, 0
1 59 34: 1434, 10, 0
1 59 35: 1428, 0, 1
1 59 60: 1428, 9, 2
1 59 61: 1428, 1, 2
1 59 62: 1434, 10, 0
1 59 63: 1434, 10, 0
1 60 30: 1434, 10, 0
1 60 31: 1434, 10, 0
1 60 32: 1434, 10, 0
1 60 33: 1434, 10, 0
1 60 34: 1434, 10, 0
1 60 35: 1428, 1, 0
1 60 36: 1428, 9, 0
1 60 60: 1454, 4, 1
1 60 61: 1428, 0, 3
1 60 62: 1434, 10, 2
1 60 63: 1434, 10, 0
1 61 31: 1434, 10, 0
1 61 32: 1434, 10, 0
1 61 33: 1434, 10, 0
1 61 34: 1434, 10, 0
1 61 35: 1434, 10, 0
1 61 36: 1428, 1, 0
1 61 37: 1428, 0, 0
1 61 38: 1428, 9, 0
1 61 39: 1454, 4, 2
1 61 40: 1428, 9, 3
1 61 41: 1428, 9, 0
1 61 60: 1454, 4, 1
1 61 61: 1428, 0, 3
1 61 62: 1434, 10, 2
1 61 63: 1434, 10, 0
1 62 31: 1434, 10, 0
1 62 32: 1434, 10, 0
1 62 33: 1434, 10, 0
1 62 34: 1434, 10, 0
1 62 35: 1434, 10, 0
1 62 36: 1434, 10, 0
1 62 37: 1434, 10, 0
1 62 38: 1428, 1, 0
1 62 39: 1428, 0, 0
1 62 40: 1428, 1, 3
1 62 41: 1428, 1, 0
1 62 42: 1428, 9, 0
1 62 43: 1454, 4, 2
1 62 45: 1452, 4, 2
1 62 46: 1454, 4, 2
1 62 47: 1454, 4, 2
1 62 49: 1452, 4, 2
1 62 50: 1454, 4, 2
1 62 53: 1454, 4, 2
1 62 54: 1454, 4, 2
1 62 55: 1454, 4, 2
1 62 56: 1455, 4, 2
1 62 57: 1454, 4, 2
1 62 58: 1452, 4, 2
1 62 60: 1428, 9, 3
1 62 60: 1452, 7, 3
1 62 61: 1428, 1, 3
1 62 62: 1434, 10, 2
1 62 63: 1434, 10, 0
1 63 32: 1434, 10, 0
1 63 33: 1434, 10, 0
1 63 34: 1434, 10, 0
1 63 35: 1434, 10, 0
1 63 36: 1434, 10, 0
1 63 37: 1434, 10, 0
1 63 38: 1434, 10, 0
1 63 39: 1434, 10, 0
1 63 40: 1434, 10, 0
1 63 41: 1434, 10, 0
1 63 42: 1428, 1, 0
1 63 43: 1428, 0, 0
1 63 44: 1428, 0, 0
1 63 45: 1428, 0, 0
1 63 46: 1428, 0, 0
1 63 47: 1428, 0, 0
1 63 48: 1428, 0, 0
1 63 49: 1428, 0, 0
1 63 50: 1428, 0, 0
1 63 51: 1428, 0, 0
1 63 52: 1428, 0, 0
1 63 53: 1428, 0, 0
1 63 54: 1428, 0, 0
1 63 55: 1428, 0, 0
1 63 56: 1428, 0, 0
1 63 57: 1428, 0, 0
1 63 58: 1428, 0, 0
1 63 59: 1428, 0, 0
1 63 60: 1428, 1, 3
1 63 61: 1434, 10, 2
1 63 62: 1434, 10, 2
1 63 63: 1434, 10, 0
