0 0 0: 1911, 0, 3
0 0 2: 1911, 9, 2
0 0 3: 1911, 1, 2
0 0 11: 1247, 22, 1
0 0 23: 1911, 0, 3
0 0 52: 1911, 1, 1
0 0 53: 1257, 22, 1
0 0 53: 1911, 9, 1
0 0 55: 1257, 22, 2
0 0 57: 1258, 22, 3
0 1 0: 1911, 9, 2
0 1 1: 1911, 0, 2
0 1 3: 1911, 0, 3
0 1 9: 1341, 10, 3
0 1 23: 1911, 2, 2
0 1 24: 1911, 0, 2
0 1 25: 1911, 0, 2
0 1 26: 1911, 0, 2
0 1 27: 1911, 0, 2
0 1 28: 1911, 0, 2
0 1 29: 1911, 0, 2
0 1 30: 1911, 0, 2
0 1 31: 1911, 0, 2
0 1 32: 1911, 0, 2
0 1 33: 1911, 0, 2
0 1 34: 1911, 0, 2
0 1 35: 1911, 0, 2
0 1 36: 1911, 0, 2
0 1 37: 1911, 0, 2
0 1 38: 1911, 0, 2
0 1 39: 1911, 0, 2
0 1 40: 1911, 0, 2
0 1 41: 1911, 0, 2
0 1 42: 1911, 0, 2
0 1 43: 1911, 0, 2
0 1 44: 1911, 0, 2
0 1 45: 1911, 0, 2
0 1 46: 1911, 0, 2
0 1 47: 1911, 0, 2
0 1 48: 1911, 0, 2
0 1 49: 1911, 0, 2
0 1 50: 1911, 0, 2
0 1 51: 1911, 0, 2
0 1 52: 1911, 9, 1
0 1 54: 1258, 22, 0
0 1 55: 1257, 22, 2
0 1 56: 1257, 22, 1
0 1 62: 1258, 22, 2
0 2 1: 1911, 0, 1
0 2 3: 1257, 22, 1
0 2 3: 1911, 0, 3
0 2 12: 1276, 10, 3
0 2 19: 1246, 22, 3
0 2 23: 1244, 22, 1
0 2 32: 1257, 22, 2
0 2 33: 1257, 22, 1
0 2 34: 1257, 22, 0
0 2 36: 1257, 22, 0
0 2 39: 1264, 22, 2
0 2 39: 1276, 10, 1
0 2 40: 1265, 22, 0
0 2 44: 1258, 22, 0
0 2 45: 1258, 22, 3
0 2 48: 1247, 22, 1
0 2 61: 1257, 22, 2
0 3 1: 1911, 0, 1
0 3 3: 1257, 22, 2
0 3 3: 1911, 0, 3
0 3 4: 1258, 22, 1
0 3 7: 1281, 10, 1
0 3 8: 1247, 22, 1
0 3 11: 1341, 10, 2
0 3 14: 1246, 22, 3
0 3 15: 1276, 10, 0
0 3 19: 1247, 22, 0
0 3 29: 1276, 10, 1
0 3 37: 1244, 22, 2
0 3 60: 1258, 22, 2
0 4 0: 1911, 1, 1
0 4 1: 1911, 9, 1
0 4 2: 1938, 4, 1
0 4 3: 1258, 22, 2
0 4 3: 1911, 0, 3
0 4 3: 1938, 5, 3
0 4 6: 1246, 22, 0
0 4 20: 1276, 10, 2
0 4 21: 1246, 22, 1
0 4 25: 1278, 10, 3
0 4 26: 1264, 22, 1
0 4 30: 1257, 22, 1
0 4 58: 1257, 22, 3
0 4 60: 1770, 3, 1
0 4 61: 1902, 0, 2
0 4 62: 1902, 0, 2
0 4 63: 1770, 3, 2
0 5 0: 1911, 0, 1
0 5 2: 1911, 9, 3
0 5 3: 1911, 1, 3
0 5 8: 1247, 22, 2
0 5 11: 1278, 10, 0
0 5 17: 1246, 22, 0
0 5 20: 1264, 22, 2
0 5 25: 1246, 22, 1
0 5 29: 1258, 22, 0
0 5 48: 1246, 22, 0
0 5 56: 1770, 3, 1
0 5 57: 1902, 0, 2
0 5 58: 1530, 0, 2
0 5 59: 1902, 0, 2
0 5 60: 1821, 5, 2
0 5 60: 1902, 2, 1
0 5 61: 1770, 3, 2
0 5 63: 1902, 0, 3
0 6 0: 1911, 0, 1
0 6 1: 1938, 4, 1
0 6 2: 1258, 22, 2
0 6 2: 1911, 0, 3
0 6 2: 1938, 5, 3
0 6 3: 1258, 22, 1
0 6 13: 1247, 22, 0
0 6 14: 1247, 22, 2
0 6 16: 1281, 10, 1
0 6 28: 1257, 22, 2
0 6 39: 1258, 22, 0
0 6 41: 1258, 22, 1
0 6 56: 1821, 5, 1
0 6 56: 1902, 0, 1
0 6 57: 1102, 10, 1
0 6 57: 1822, 4, 3
0 6 59: 2743, 22, 0
0 6 59: 2782, 10, 1
0 6 60: 1822, 4, 0
0 6 60: 2782, 10, 1
0 6 61: 1902, 0, 3
0 6 62: 1102, 10, 0
0 6 62: 1822, 4, 1
0 6 63: 1821, 5, 3
0 6 63: 1902, 0, 3
0 7 0: 1911, 0, 1
0 7 2: 1257, 22, 2
0 7 2: 1911, 0, 3
0 7 5: 3000, 10, 3
0 7 23: 1276, 10, 3
0 7 27: 1258, 22, 1
0 7 33: 1244, 22, 1
0 7 36: 1246, 22, 1
0 7 48: 1247, 22, 3
0 7 56: 1902, 0, 1
0 7 57: 609, 10, 2
0 7 61: 1902, 0, 3
0 7 63: 1902, 0, 3
0 8 0: 1911, 0, 1
0 8 1: 1938, 4, 1
0 8 2: 1257, 22, 1
0 8 2: 1911, 0, 3
0 8 2: 1938, 5, 3
0 8 5: 1864, 10, 3
0 8 8: 1246, 22, 1
0 8 13: 1276, 10, 0
0 8 19: 1247, 22, 1
0 8 22: 1246, 22, 2
0 8 25: 1247, 22, 2
0 8 27: 1258, 22, 0
0 8 31: 1257, 22, 1
0 8 53: 1257, 22, 1
0 8 56: 1902, 0, 1
0 8 61: 1530, 0, 3
0 8 62: 417, 10, 1
0 8 62: 1822, 4, 1
0 8 63: 1821, 5, 3
0 8 63: 1902, 0, 3
0 9 0: 1911, 0, 1
0 9 2: 1258, 22, 1
0 9 2: 1911, 0, 3
0 9 5: 1864, 10, 3
0 9 9: 1276, 10, 1
0 9 11: 1341, 10, 3
0 9 16: 1247, 22, 1
0 9 30: 1258, 22, 3
0 9 33: 1278, 10, 1
0 9 34: 1247, 22, 1
0 9 43: 1265, 22, 3
0 9 48: 1244, 22, 2
0 9 51: 319, 22, 3
0 9 52: 1257, 22, 1
0 9 54: 1316, 10, 3
0 9 56: 1247, 22, 0
0 9 56: 1821, 5, 1
0 9 56: 1902, 0, 1
0 9 57: 1822, 4, 3
0 9 58: 2739, 22, 0
0 9 58: 2784, 4, 2
0 9 59: 2784, 4, 2
0 9 60: 2784, 4, 1
0 9 61: 1902, 0, 3
0 9 63: 1902, 0, 3
0 10 0: 1911, 0, 1
0 10 2: 1257, 22, 0
0 10 2: 1911, 0, 3
0 10 3: 1258, 22, 2
0 10 5: 1864, 10, 3
0 10 15: 1247, 22, 1
0 10 17: 1276, 10, 2
0 10 21: 1276, 10, 3
0 10 22: 1264, 22, 1
0 10 25: 1258, 22, 0
0 10 33: 1264, 22, 2
0 10 39: 1315, 10, 1
0 10 44: 1315, 10, 0
0 10 50: 320, 22, 0
0 10 56: 1770, 3, 0
0 10 57: 1821, 5, 0
0 10 57: 1902, 0, 0
0 10 58: 1902, 0, 0
0 10 59: 1902, 0, 0
0 10 60: 1821, 5, 0
0 10 60: 1902, 0, 0
0 10 61: 1902, 0, 0
0 10 62: 1902, 0, 0
0 10 63: 1770, 3, 3
0 11 0: 1911, 0, 1
0 11 1: 1938, 4, 1
0 11 2: 1258, 22, 0
0 11 2: 1911, 0, 3
0 11 2: 1938, 5, 3
0 11 5: 1864, 10, 3
0 11 8: 1244, 22, 0
0 11 39: 1247, 22, 0
0 11 45: 1247, 22, 1
0 11 52: 1257, 22, 3
0 11 55: 1257, 22, 0
0 11 57: 1257, 22, 0
0 12 0: 1911, 0, 1
0 12 2: 1911, 9, 2
0 12 3: 1911, 1, 2
0 12 5: 1864, 10, 3
0 12 10: 1246, 22, 0
0 12 13: 1276, 10, 1
0 12 19: 1247, 22, 1
0 12 47: 1257, 22, 2
0 12 48: 1257, 22, 3
0 12 50: 1257, 22, 3
0 12 51: 1257, 22, 0
0 12 53: 1257, 22, 0
0 12 56: 1257, 22, 1
0 12 59: 321, 22, 2
0 12 60: 319, 22, 3
0 13 0: 1911, 1, 0
0 13 1: 1911, 9, 0
0 13 2: 1938, 4, 1
0 13 3: 1911, 0, 3
0 13 3: 1938, 5, 3
0 13 5: 1864, 10, 3
0 13 18: 1278, 10, 3
0 13 19: 1265, 22, 2
0 13 46: 1257, 22, 0
0 13 49: 1257, 22, 0
0 13 52: 319, 22, 3
0 13 53: 321, 22, 0
0 13 55: 321, 22, 2
0 13 57: 321, 22, 1
0 13 59: 320, 22, 1
0 13 60: 321, 22, 1
0 13 61: 320, 22, 1
0 13 63: 321, 22, 1
0 14 1: 1911, 0, 1
0 14 3: 1257, 22, 0
0 14 3: 1911, 0, 3
0 14 5: 1864, 10, 3
0 14 10: 1278, 10, 3
0 14 14: 1276, 10, 3
0 14 18: 1246, 22, 1
0 14 33: 1316, 10, 1
0 14 34: 1265, 22, 0
0 14 47: 1257, 22, 2
0 14 49: 319, 22, 0
0 14 50: 315, 22, 0
0 14 51: 321, 22, 3
0 14 53: 315, 22, 1
0 14 55: 319, 22, 2
0 14 60: 321, 22, 0
0 15 1: 1610, 10, 0
0 15 1: 1911, 0, 1
0 15 3: 1257, 22, 0
0 15 3: 1911, 0, 3
0 15 4: 1258, 22, 2
0 15 5: 1864, 10, 3
0 15 8: 1341, 10, 3
0 15 14: 1264, 22, 2
0 15 26: 1246, 22, 0
0 15 28: 1278, 10, 0
0 15 43: 319, 22, 0
0 15 45: 1257, 22, 3
0 15 46: 1257, 22, 3
0 15 48: 321, 22, 3
0 15 53: 1260, 22, 3
0 15 54: 1260, 22, 2
0 15 60: 319, 22, 1
0 15 61: 321, 22, 1
0 16 0: 1610, 10, 3
0 16 1: 1612, 10, 0
0 16 1: 1911, 0, 1
0 16 2: 1938, 4, 1
0 16 3: 1257, 22, 0
0 16 3: 1911, 0, 3
0 16 3: 1938, 5, 3
0 16 4: 1258, 22, 3
0 16 5: 1258, 22, 1
0 16 5: 1864, 10, 3
0 16 21: 981, 3, 1
0 16 22: 1259, 22, 3
0 16 29: 1264, 22, 1
0 16 35: 1247, 22, 0
0 16 39: 320, 22, 0
0 16 44: 321, 22, 2
0 16 46: 321, 22, 1
0 16 48: 315, 22, 1
0 16 51: 1260, 22, 3
0 16 52: 1260, 22, 3
0 16 53: 1258, 22, 0
0 16 54: 1260, 22, 2
0 16 55: 1258, 22, 3
0 16 56: 1259, 22, 3
0 17 1: 1911, 0, 1
0 17 3: 1258, 22, 0
0 17 3: 1911, 0, 3
0 17 4: 1258, 22, 1
0 17 5: 1864, 10, 3
0 17 20: 1259, 22, 0
0 17 21: 980, 9, 1
0 17 34: 1247, 22, 0
0 17 40: 319, 22, 2
0 17 50: 1260, 22, 2
0 17 52: 1259, 22, 2
0 17 57: 1258, 22, 3
0 17 58: 1259, 22, 2
0 17 60: 1259, 22, 1
0 17 61: 1260, 22, 2
0 17 62: 1258, 22, 2
0 18 1: 1911, 0, 1
0 18 2: 1938, 4, 1
0 18 3: 1258, 22, 0
0 18 3: 1911, 0, 3
0 18 3: 1938, 5, 3
0 18 5: 1864, 10, 3
0 18 6: 1257, 22, 0
0 18 7: 1257, 22, 1
0 18 12: 1257, 22, 0
0 18 18: 1259, 22, 3
0 18 19: 980, 0, 2
0 18 19: 1259, 22, 0
0 18 20: 980, 9, 1
0 18 20: 1257, 22, 3
0 18 25: 980, 9, 3
0 18 26: 981, 3, 3
0 18 39: 319, 22, 3
0 18 45: 321, 22, 0
0 18 49: 1259, 22, 2
0 18 50: 1259, 22, 3
0 18 51: 1258, 22, 1
0 18 59: 1258, 22, 3
0 18 60: 1260, 22, 2
0 19 0: 1610, 10, 3
0 19 1: 1612, 10, 0
0 19 1: 1911, 1, 0
0 19 2: 1610, 10, 1
0 19 2: 1911, 0, 0
0 19 3: 1911, 1, 3
0 19 5: 3046, 10, 3
0 19 6: 1258, 22, 2
0 19 7: 1257, 22, 1
0 19 8: 1258, 22, 2
0 19 9: 1257, 22, 0
0 19 15: 981, 3, 2
0 19 18: 980, 9, 1
0 19 18: 1259, 22, 0
0 19 19: 1257, 22, 1
0 19 20: 1257, 22, 0
0 19 25: 980, 0, 3
0 19 36: 1316, 10, 3
0 19 44: 1257, 22, 3
0 19 46: 319, 22, 1
0 19 48: 1260, 22, 2
0 19 49: 1258, 22, 2
0 19 52: 1257, 22, 3
0 19 60: 1316, 10, 1
0 20 1: 1610, 10, 2
0 20 7: 1258, 22, 1
0 20 8: 1257, 22, 1
0 20 15: 980, 9, 2
0 20 16: 980, 0, 2
0 20 17: 980, 9, 1
0 20 17: 1257, 22, 0
0 20 25: 980, 9, 2
0 20 32: 1276, 10, 3
0 20 41: 1315, 10, 1
0 20 49: 1260, 22, 3
0 20 50: 1257, 22, 3
0 20 55: 1315, 10, 0
0 20 56: 1264, 22, 0
0 20 60: 1247, 22, 1
0 21 9: 1247, 22, 0
0 21 24: 1106, 10, 0
0 21 26: 980, 0, 3
0 21 28: 1247, 22, 0
0 21 36: 1265, 22, 3
0 21 43: 1257, 22, 0
0 21 45: 321, 22, 0
0 21 48: 1260, 22, 3
0 21 54: 1246, 22, 0
0 21 55: 1264, 22, 1
0 21 62: 1265, 22, 0
0 22 12: 981, 3, 0
0 22 13: 980, 0, 0
0 22 14: 980, 9, 0
0 22 26: 980, 0, 3
0 22 29: 1246, 22, 1
0 22 42: 1257, 22, 3
0 22 44: 319, 22, 0
0 22 61: 1246, 22, 1
0 23 1: 1610, 10, 0
0 23 10: 1257, 22, 2
0 23 14: 1257, 22, 0
0 23 15: 980, 9, 0
0 23 15: 1257, 22, 1
0 23 20: 444, 10, 3
0 23 24: 563, 10, 0
0 23 26: 980, 0, 3
0 23 30: 1276, 10, 0
0 23 42: 1257, 22, 0
0 23 47: 1259, 22, 2
0 23 51: 1247, 22, 0
0 24 0: 1610, 10, 3
0 24 1: 1612, 10, 0
0 24 2: 1610, 10, 1
0 24 5: 3000, 10, 3
0 24 6: 1258, 22, 2
0 24 7: 1258, 22, 1
0 24 8: 1258, 22, 2
0 24 9: 1257, 22, 3
0 24 15: 980, 0, 1
0 24 15: 1257, 22, 1
0 24 16: 1259, 22, 2
0 24 24: 1106, 10, 0
0 24 26: 980, 0, 3
0 24 27: 1257, 22, 0
0 24 37: 321, 22, 3
0 24 43: 319, 22, 3
0 24 46: 1260, 22, 3
0 24 54: 1247, 22, 2
0 24 57: 1264, 22, 0
0 24 60: 1247, 22, 2
0 24 61: 1315, 10, 1
0 24 62: 1264, 22, 1
0 25 1: 1911, 3, 0
0 25 2: 1938, 4, 1
0 25 3: 1911, 0, 3
0 25 3: 1938, 5, 3
0 25 4: 865, 10, 2
0 25 5: 1864, 10, 3
0 25 7: 1258, 22, 2
0 25 8: 1257, 22, 2
0 25 13: 1246, 22, 1
0 25 15: 1257, 22, 1
0 25 16: 980, 9, 0
0 25 16: 1257, 22, 2
0 25 26: 980, 0, 3
0 25 38: 319, 22, 2
0 25 41: 1257, 22, 1
0 25 43: 321, 22, 0
0 25 45: 1259, 22, 3
0 25 51: 1316, 10, 0
0 25 56: 1316, 10, 2
0 25 58: 1264, 22, 1
0 26 3: 1911, 0, 3
0 26 5: 1864, 10, 3
0 26 6: 1258, 22, 2
0 26 16: 1257, 22, 1
0 26 17: 980, 9, 0
0 26 17: 1257, 22, 1
0 26 18: 1259, 22, 2
0 26 25: 980, 9, 3
0 26 29: 1316, 10, 2
0 26 31: 1247, 22, 1
0 26 34: 1315, 10, 0
0 26 40: 1257, 22, 1
0 26 43: 319, 22, 2
0 26 46: 1259, 22, 3
0 27 0: 1610, 10, 3
0 27 1: 1612, 10, 0
0 27 2: 1938, 4, 1
0 27 3: 1258, 22, 1
0 27 3: 1911, 0, 3
0 27 3: 1938, 5, 3
0 27 5: 1864, 10, 3
0 27 7: 1257, 22, 1
0 27 10: 1246, 22, 2
0 27 13: 1247, 22, 2
0 27 17: 1257, 22, 0
0 27 18: 980, 0, 0
0 27 18: 1257, 22, 0
0 27 19: 980, 9, 0
0 27 19: 1259, 22, 3
0 27 21: 1246, 22, 0
0 27 24: 980, 9, 3
0 27 29: 1264, 22, 2
0 27 35: 1265, 22, 0
0 27 40: 1257, 22, 1
0 27 42: 321, 22, 3
0 27 45: 1260, 22, 3
0 27 48: 1247, 22, 1
0 27 51: 1264, 22, 2
0 27 56: 1265, 22, 1
0 27 58: 1247, 22, 1
0 27 60: 1246, 22, 0
0 28 1: 1610, 10, 2
0 28 3: 1258, 22, 0
0 28 3: 1911, 0, 3
0 28 4: 1257, 22, 2
0 28 5: 1864, 10, 3
0 28 18: 1257, 22, 0
0 28 19: 980, 0, 1
0 28 19: 1257, 22, 1
0 28 24: 980, 0, 3
0 28 29: 1247, 22, 3
0 28 31: 1265, 22, 1
0 28 39: 1257, 22, 1
0 28 40: 1257, 22, 1
0 28 41: 315, 22, 2
0 28 44: 1258, 22, 1
0 28 45: 1259, 22, 0
0 28 53: 1246, 22, 1
0 28 58: 1247, 22, 3
0 29 1: 1911, 3, 0
0 29 3: 1258, 22, 3
0 29 3: 1911, 0, 3
0 29 5: 1864, 10, 3
0 29 19: 980, 0, 1
0 29 24: 980, 0, 3
0 29 41: 319, 22, 0
0 29 44: 1260, 22, 2
0 29 59: 1315, 10, 0
0 29 62: 1246, 22, 0
0 30 3: 1257, 22, 2
0 30 3: 1911, 0, 3
0 30 5: 1864, 10, 3
0 30 8: 1341, 10, 2
0 30 13: 447, 10, 2
0 30 15: 1244, 22, 2
0 30 17: 447, 10, 0
0 30 19: 981, 3, 0
0 30 24: 981, 3, 3
0 30 26: 444, 10, 2
0 30 38: 1257, 22, 1
0 30 39: 1257, 22, 1
0 30 43: 1259, 22, 0
0 30 44: 1259, 22, 1
0 30 59: 1264, 22, 1
0 30 62: 1316, 10, 0
0 31 2: 1938, 4, 1
0 31 3: 1911, 0, 3
0 31 3: 1938, 5, 3
0 31 5: 1864, 10, 3
0 31 13: 1244, 22, 2
0 31 15: 444, 10, 3
0 31 27: 1247, 22, 0
0 31 32: 1316, 10, 0
0 31 34: 1264, 22, 2
0 31 37: 1257, 22, 1
0 31 40: 321, 22, 1
0 31 43: 1258, 22, 3
0 31 46: 1246, 22, 1
0 31 50: 1315, 10, 0
0 31 51: 1264, 22, 1
0 32 3: 1911, 0, 3
0 32 5: 1864, 10, 3
0 32 18: 446, 10, 1
0 32 39: 321, 22, 2
0 32 41: 315, 22, 2
0 32 43: 1258, 22, 0
0 32 47: 1247, 22, 0
0 32 50: 1246, 22, 0
0 32 52: 1247, 22, 2
0 32 62: 1247, 22, 2
0 33 1: 1911, 3, 0
0 33 3: 1257, 22, 1
0 33 3: 1911, 0, 3
0 33 5: 1864, 10, 3
0 33 13: 445, 10, 3
0 33 15: 1244, 22, 3
0 33 19: 1244, 22, 2
0 33 29: 1247, 22, 3
0 33 32: 1264, 22, 3
0 33 34: 1247, 22, 1
0 33 36: 1257, 22, 2
0 33 37: 1257, 22, 1
0 33 38: 319, 22, 3
0 33 45: 1315, 10, 1
0 33 46: 1264, 22, 2
0 33 54: 1316, 10, 1
0 33 57: 1247, 22, 1
0 34 3: 1258, 22, 3
0 34 3: 1911, 0, 3
0 34 5: 1864, 10, 3
0 34 8: 1244, 22, 0
0 34 17: 445, 10, 2
0 34 35: 1257, 22, 1
0 34 41: 1259, 22, 0
0 34 56: 1247, 22, 2
0 35 2: 1938, 4, 1
0 35 3: 1257, 22, 1
0 35 3: 1911, 0, 3
0 35 3: 1938, 5, 3
0 35 4: 1257, 22, 0
0 35 5: 3046, 10, 3
0 35 24: 179, 22, 3
0 35 36: 321, 22, 2
0 35 39: 1257, 22, 1
0 35 40: 1259, 22, 1
0 35 50: 1315, 10, 1
0 35 54: 1265, 22, 1
0 35 59: 1315, 10, 0
0 35 60: 1264, 22, 2
0 36 1: 1911, 3, 0
0 36 3: 1257, 22, 0
0 36 3: 1911, 0, 3
0 36 10: 447, 10, 0
0 36 14: 444, 10, 2
0 36 19: 1244, 22, 3
0 36 22: 1247, 22, 2
0 36 26: 981, 3, 3
0 36 32: 1257, 22, 0
0 36 33: 1257, 22, 1
0 36 39: 1257, 22, 1
0 36 40: 1259, 22, 1
0 36 47: 1244, 22, 2
0 37 3: 1258, 22, 0
0 37 3: 1911, 0, 3
0 37 17: 447, 10, 1
0 37 29: 1257, 22, 0
0 37 30: 1257, 22, 1
0 37 31: 1257, 22, 1
0 37 32: 1257, 22, 0
0 37 34: 319, 22, 2
0 37 35: 321, 22, 0
0 37 38: 1257, 22, 0
0 37 60: 1246, 22, 3
0 38 3: 1257, 22, 1
0 38 3: 1911, 0, 3
0 38 12: 447, 10, 0
0 38 16: 1244, 22, 2
0 38 24: 981, 3, 3
0 38 27: 981, 3, 3
0 38 28: 1257, 22, 1
0 38 29: 1258, 22, 2
0 38 30: 1257, 22, 2
0 38 31: 1258, 22, 2
0 38 32: 1258, 22, 3
0 38 33: 321, 22, 2
0 38 37: 1259, 22, 1
0 38 38: 1259, 22, 0
0 38 42: 1315, 10, 1
0 38 45: 1247, 22, 0
0 38 46: 1315, 10, 3
0 38 47: 1264, 22, 2
0 38 56: 1315, 10, 1
0 39 1: 1911, 3, 0
0 39 2: 1938, 4, 1
0 39 3: 1911, 0, 3
0 39 3: 1938, 5, 3
0 39 7: 1247, 22, 2
0 39 14: 1244, 22, 1
0 39 21: 1247, 22, 3
0 39 28: 981, 3, 2
0 39 29: 1257, 22, 2
0 39 30: 1258, 22, 2
0 39 31: 1258, 22, 2
0 39 34: 315, 22, 1
0 39 36: 1258, 22, 3
0 39 37: 1258, 22, 0
0 39 43: 1265, 22, 0
0 39 50: 1246, 22, 1
0 39 55: 1246, 22, 2
0 40 3: 1911, 0, 3
0 40 9: 1341, 10, 3
0 40 25: 981, 3, 0
0 40 28: 980, 9, 2
0 40 29: 980, 1, 2
0 40 29: 1260, 22, 2
0 40 30: 1258, 22, 1
0 40 31: 1258, 22, 3
0 40 32: 319, 22, 1
0 40 49: 1316, 10, 1
0 40 51: 1264, 22, 3
0 40 62: 319, 22, 0
0 41 0: 1911, 3, 3
0 41 2: 1911, 9, 3
0 41 3: 1911, 1, 3
0 41 13: 1341, 10, 2
0 41 25: 1258, 22, 3
0 41 27: 1247, 22, 0
0 41 29: 980, 9, 2
0 41 30: 980, 1, 2
0 41 30: 1260, 22, 3
0 41 35: 1258, 22, 0
0 41 39: 1315, 10, 2
0 41 40: 1264, 22, 1
0 41 44: 1315, 10, 2
0 41 60: 320, 22, 2
0 41 61: 321, 22, 2
0 42 1: 1911, 9, 3
0 42 2: 1911, 1, 3
0 42 16: 1246, 22, 2
0 42 24: 1258, 22, 2
0 42 26: 981, 3, 0
0 42 26: 1257, 22, 1
0 42 27: 980, 9, 0
0 42 30: 980, 9, 2
0 42 31: 315, 22, 1
0 42 31: 980, 0, 2
0 42 32: 980, 0, 2
0 42 33: 980, 0, 2
0 42 34: 980, 0, 2
0 42 35: 980, 0, 2
0 42 36: 980, 1, 2
0 42 44: 1264, 22, 2
0 42 46: 1246, 22, 2
0 42 50: 1264, 22, 0
0 42 57: 321, 22, 1
0 42 59: 319, 22, 3
0 42 60: 320, 22, 3
0 42 62: 321, 22, 0
0 43 0: 1938, 4, 1
0 43 1: 1258, 22, 1
0 43 1: 1911, 0, 3
0 43 1: 1938, 5, 3
0 43 16: 1247, 22, 0
0 43 20: 1244, 22, 3
0 43 25: 1257, 22, 2
0 43 26: 1258, 22, 3
0 43 27: 980, 1, 0
0 43 28: 980, 9, 0
0 43 30: 179, 22, 0
0 43 31: 1862, 22, 0
0 43 32: 1862, 22, 0
0 43 36: 980, 9, 2
0 43 37: 981, 3, 2
0 43 42: 1247, 22, 3
0 43 45: 1316, 10, 3
0 43 47: 1247, 22, 3
0 43 56: 319, 22, 2
0 43 57: 320, 22, 3
0 44 0: 1911, 3, 2
0 44 1: 1258, 22, 0
0 44 1: 1911, 0, 3
0 44 5: 1244, 22, 3
0 44 8: 1341, 10, 3
0 44 26: 1257, 22, 1
0 44 27: 1258, 22, 0
0 44 28: 980, 1, 0
0 44 28: 1258, 22, 1
0 44 29: 980, 9, 0
0 44 30: 179, 22, 3
0 44 31: 1862, 22, 0
0 44 32: 1862, 22, 0
0 44 36: 179, 22, 0
0 44 45: 1264, 22, 1
0 44 53: 319, 22, 1
0 44 55: 320, 22, 3
0 44 56: 320, 22, 2
0 44 57: 320, 22, 3
0 45 1: 1257, 22, 0
0 45 1: 1911, 0, 3
0 45 2: 1258, 22, 1
0 45 13: 1257, 22, 3
0 45 24: 1246, 22, 1
0 45 27: 1257, 22, 0
0 45 28: 1259, 22, 2
0 45 29: 1258, 22, 1
0 45 30: 980, 0, 0
0 45 30: 1259, 22, 3
0 45 31: 980, 0, 0
0 45 32: 980, 0, 0
0 45 33: 980, 0, 0
0 45 34: 980, 0, 0
0 45 34: 1257, 22, 1
0 45 35: 980, 9, 0
0 45 47: 1265, 22, 3
0 45 52: 321, 22, 3
0 45 56: 319, 22, 3
0 45 63: 1257, 22, 3
0 46 1: 1258, 22, 3
0 46 1: 1911, 0, 3
0 46 16: 1257, 22, 3
0 46 17: 1257, 22, 3
0 46 20: 1257, 22, 3
0 46 23: 1278, 10, 1
0 46 27: 1278, 10, 0
0 46 29: 1257, 22, 0
0 46 30: 1258, 22, 0
0 46 31: 1259, 22, 3
0 46 32: 321, 22, 1
0 46 34: 1257, 22, 2
0 46 35: 980, 0, 1
0 46 35: 1257, 22, 1
0 46 48: 321, 22, 2
0 46 49: 320, 22, 2
0 46 50: 319, 22, 0
0 46 51: 320, 22, 3
0 46 53: 319, 22, 1
0 46 61: 1259, 22, 1
0 46 62: 1260, 22, 3
0 46 62: 1315, 10, 2
0 46 63: 1257, 22, 0
0 47 0: 1911, 3, 2
0 47 0: 1938, 4, 1
0 47 1: 1257, 22, 3
0 47 1: 1911, 0, 3
0 47 1: 1938, 5, 3
0 47 5: 1247, 22, 3
0 47 8: 1244, 22, 0
0 47 13: 1257, 22, 2
0 47 14: 1257, 22, 2
0 47 17: 1257, 22, 3
0 47 18: 1257, 22, 0
0 47 19: 1258, 22, 2
0 47 21: 1257, 22, 1
0 47 29: 1257, 22, 1
0 47 30: 1258, 22, 0
0 47 31: 1258, 22, 0
0 47 34: 1259, 22, 0
0 47 35: 980, 1, 0
0 47 35: 1257, 22, 2
0 47 36: 980, 9, 0
0 47 36: 1257, 22, 1
0 47 41: 1247, 22, 1
0 47 44: 1247, 22, 2
0 47 48: 320, 22, 2
0 47 60: 1258, 22, 2
0 47 61: 1260, 22, 2
0 47 62: 1259, 22, 2
0 48 1: 1258, 22, 3
0 48 1: 1911, 0, 3
0 48 13: 1257, 22, 2
0 48 14: 1257, 22, 2
0 48 15: 1257, 22, 0
0 48 17: 1258, 22, 1
0 48 19: 1258, 22, 2
0 48 20: 1258, 22, 3
0 48 21: 1257, 22, 1
0 48 22: 1257, 22, 1
0 48 30: 1259, 22, 2
0 48 31: 1258, 22, 1
0 48 32: 321, 22, 3
0 48 35: 1259, 22, 1
0 48 36: 980, 1, 0
0 48 36: 1257, 22, 1
0 48 37: 980, 9, 0
0 48 37: 1257, 22, 0
0 48 47: 319, 22, 3
0 48 49: 320, 22, 3
0 48 51: 319, 22, 3
0 48 59: 1258, 22, 1
0 48 60: 1260, 22, 0
0 48 61: 1257, 22, 1
0 49 1: 1258, 22, 0
0 49 1: 1911, 0, 3
0 49 2: 1257, 22, 2
0 49 7: 1341, 10, 2
0 49 12: 1257, 22, 3
0 49 13: 1257, 22, 0
0 49 14: 1258, 22, 0
0 49 15: 1259, 22, 2
0 49 16: 1258, 22, 0
0 49 17: 1259, 22, 1
0 49 18: 1259, 22, 3
0 49 19: 1259, 22, 3
0 49 20: 1258, 22, 3
0 49 21: 1258, 22, 3
0 49 23: 1257, 22, 1
0 49 31: 1257, 22, 1
0 49 32: 1257, 22, 0
0 49 33: 315, 22, 0
0 49 35: 1260, 22, 0
0 49 36: 1259, 22, 0
0 49 37: 980, 0, 1
0 49 46: 320, 22, 3
0 49 49: 321, 22, 2
0 49 54: 1260, 22, 0
0 49 55: 1260, 22, 0
0 49 56: 1260, 22, 3
0 49 57: 1259, 22, 3
0 49 58: 1257, 22, 0
0 49 59: 1260, 22, 3
0 49 60: 1257, 22, 3
0 50 0: 1911, 3, 2
0 50 1: 1257, 22, 3
0 50 1: 1911, 0, 3
0 50 2: 1258, 22, 2
0 50 11: 1257, 22, 3
0 50 12: 1257, 22, 0
0 50 13: 1257, 22, 0
0 50 14: 1259, 22, 2
0 50 15: 1259, 22, 2
0 50 16: 1260, 22, 3
0 50 17: 1258, 22, 1
0 50 18: 1258, 22, 1
0 50 19: 1259, 22, 3
0 50 20: 1259, 22, 1
0 50 21: 1259, 22, 3
0 50 22: 1258, 22, 3
0 50 24: 1278, 10, 3
0 50 29: 1247, 22, 0
0 50 32: 1258, 22, 0
0 50 33: 319, 22, 2
0 50 36: 1258, 22, 3
0 50 37: 980, 1, 0
0 50 37: 1257, 22, 3
0 50 38: 980, 9, 0
0 50 45: 320, 22, 2
0 50 46: 320, 22, 2
0 50 53: 1258, 22, 1
0 50 54: 1259, 22, 2
0 50 55: 1259, 22, 3
0 50 58: 1259, 22, 2
0 50 61: 1315, 10, 2
0 51 0: 1938, 4, 1
0 51 1: 1258, 22, 1
0 51 1: 1911, 0, 3
0 51 1: 1938, 5, 3
0 51 2: 1257, 22, 3
0 51 12: 1257, 22, 1
0 51 13: 1257, 22, 0
0 51 14: 1259, 22, 1
0 51 15: 1259, 22, 2
0 51 16: 1259, 22, 2
0 51 17: 1260, 22, 3
0 51 18: 1259, 22, 1
0 51 19: 1260, 22, 3
0 51 20: 1259, 22, 3
0 51 21: 1258, 22, 3
0 51 23: 1257, 22, 2
0 51 30: 1247, 22, 2
0 51 32: 1257, 22, 1
0 51 34: 319, 22, 0
0 51 36: 1257, 22, 0
0 51 37: 1260, 22, 1
0 51 38: 980, 1, 0
0 51 38: 1257, 22, 3
0 51 39: 980, 9, 0
0 51 45: 320, 22, 3
0 51 46: 320, 22, 2
0 51 47: 321, 22, 2
0 51 52: 1260, 22, 3
0 51 53: 1258, 22, 2
0 51 54: 1257, 22, 0
0 52 1: 1911, 9, 2
0 52 2: 1911, 1, 2
0 52 9: 1247, 22, 3
0 52 11: 1258, 22, 1
0 52 12: 1257, 22, 3
0 52 13: 1259, 22, 3
0 52 14: 1259, 22, 2
0 52 15: 1259, 22, 2
0 52 16: 1260, 22, 0
0 52 17: 1259, 22, 3
0 52 18: 1259, 22, 2
0 52 19: 1259, 22, 3
0 52 20: 1258, 22, 0
0 52 21: 1258, 22, 0
0 52 22: 1258, 22, 3
0 52 23: 1257, 22, 2
0 52 28: 1281, 10, 0
0 52 33: 321, 22, 2
0 52 36: 1259, 22, 1
0 52 37: 1257, 22, 0
0 52 39: 980, 1, 0
0 52 40: 980, 9, 0
0 52 45: 321, 22, 3
0 52 47: 320, 22, 2
0 52 51: 1258, 22, 2
0 52 52: 1259, 22, 2
0 52 53: 1258, 22, 2
0 52 56: 1315, 10, 2
0 52 57: 1247, 22, 1
0 52 60: 1315, 10, 1
0 52 62: 1247, 22, 2
0 53 0: 1911, 3, 2
0 53 1: 1938, 4, 1
0 53 2: 1911, 0, 3
0 53 2: 1938, 5, 3
0 53 11: 1258, 22, 0
0 53 12: 1257, 22, 2
0 53 13: 1257, 22, 0
0 53 14: 1259, 22, 2
0 53 15: 1260, 22, 3
0 53 16: 1259, 22, 3
0 53 17: 1259, 22, 2
0 53 18: 1260, 22, 1
0 53 19: 1258, 22, 2
0 53 20: 1258, 22, 3
0 53 21: 1258, 22, 0
0 53 22: 1258, 22, 3
0 53 23: 1258, 22, 0
0 53 24: 1257, 22, 2
0 53 28: 1247, 22, 3
0 53 31: 1247, 22, 2
0 53 35: 321, 22, 0
0 53 37: 1257, 22, 0
0 53 38: 1257, 22, 3
0 53 40: 980, 0, 1
0 53 42: 179, 22, 3
0 53 51: 1258, 22, 3
0 53 52: 1257, 22, 1
0 53 60: 1247, 22, 1
0 54 2: 1257, 22, 3
0 54 2: 1911, 0, 3
0 54 11: 1257, 22, 2
0 54 12: 1257, 22, 2
0 54 13: 1259, 22, 3
0 54 14: 1259, 22, 3
0 54 15: 1260, 22, 3
0 54 16: 1259, 22, 0
0 54 17: 1260, 22, 2
0 54 18: 1259, 22, 0
0 54 20: 1259, 22, 2
0 54 21: 1259, 22, 2
0 54 22: 1259, 22, 3
0 54 23: 1258, 22, 0
0 54 25: 1257, 22, 1
0 54 31: 1247, 22, 2
0 54 37: 1259, 22, 0
0 54 39: 980, 1, 1
0 54 40: 980, 9, 1
0 54 45: 319, 22, 2
0 54 47: 320, 22, 3
0 54 50: 1258, 22, 2
0 54 54: 1316, 10, 1
0 54 55: 1247, 22, 2
0 55 0: 1911, 3, 0
0 55 2: 1258, 22, 1
0 55 2: 1911, 0, 3
0 55 12: 1258, 22, 1
0 55 13: 1257, 22, 3
0 55 15: 1260, 22, 0
0 55 16: 1260, 22, 0
0 55 17: 1259, 22, 2
0 55 18: 1260, 22, 1
0 55 19: 1259, 22, 2
0 55 20: 1258, 22, 3
0 55 21: 1259, 22, 2
0 55 22: 1259, 22, 3
0 55 23: 1258, 22, 3
0 55 24: 1257, 22, 2
0 55 28: 1247, 22, 1
0 55 35: 319, 22, 1
0 55 39: 980, 0, 1
0 55 43: 1257, 22, 2
0 55 50: 1259, 22, 1
0 55 51: 1258, 22, 1
0 56 2: 1257, 22, 3
0 56 2: 1911, 0, 3
0 56 11: 1257, 22, 1
0 56 13: 1258, 22, 0
0 56 14: 1259, 22, 2
0 56 15: 1260, 22, 0
0 56 16: 1259, 22, 0
0 56 17: 1259, 22, 1
0 56 18: 1259, 22, 1
0 56 19: 1260, 22, 0
0 56 20: 1259, 22, 1
0 56 21: 1259, 22, 1
0 56 22: 1259, 22, 1
0 56 24: 1257, 22, 1
0 56 37: 1260, 22, 1
0 56 39: 980, 0, 1
0 56 43: 1257, 22, 2
0 56 45: 321, 22, 3
0 56 48: 320, 22, 2
0 56 52: 1258, 22, 2
0 56 53: 1247, 22, 3
0 56 57: 1247, 22, 0
0 57 0: 1911, 3, 1
0 57 1: 1938, 4, 1
0 57 2: 1257, 22, 2
0 57 2: 1911, 0, 3
0 57 2: 1938, 5, 3
0 57 12: 1257, 22, 1
0 57 13: 1257, 22, 1
0 57 14: 1259, 22, 2
0 57 15: 1260, 22, 0
0 57 16: 1260, 22, 1
0 57 17: 1260, 22, 2
0 57 18: 1259, 22, 2
0 57 19: 1260, 22, 1
0 57 20: 1260, 22, 0
0 57 21: 1258, 22, 0
0 57 22: 1259, 22, 1
0 57 23: 1257, 22, 2
0 57 32: 1247, 22, 1
0 57 35: 321, 22, 1
0 57 37: 1259, 22, 1
0 57 38: 1257, 22, 0
0 57 39: 980, 1, 0
0 57 40: 980, 9, 0
0 57 43: 1257, 22, 3
0 57 44: 1257, 22, 3
0 57 46: 319, 22, 2
0 57 50: 1259, 22, 1
0 57 51: 1260, 22, 0
0 57 51: 1315, 10, 3
0 57 52: 1259, 22, 0
0 57 60: 1316, 10, 2
0 57 62: 1247, 22, 1
0 58 2: 1911, 9, 2
0 58 3: 1911, 1, 2
0 58 13: 1257, 22, 2
0 58 14: 1257, 22, 1
0 58 15: 1259, 22, 1
0 58 17: 1259, 22, 2
0 58 19: 1259, 22, 3
0 58 20: 1259, 22, 2
0 58 21: 1259, 22, 2
0 58 22: 1257, 22, 2
0 58 23: 1257, 22, 3
0 58 24: 1257, 22, 2
0 58 25: 1257, 22, 3
0 58 30: 1278, 10, 0
0 58 37: 1260, 22, 1
0 58 38: 1257, 22, 3
0 58 39: 1257, 22, 0
0 58 40: 980, 0, 1
0 58 45: 320, 22, 3
0 58 51: 1260, 22, 3
0 58 52: 1259, 22, 1
0 58 55: 1260, 22, 3
0 59 0: 1770, 3, 2
0 59 1: 1911, 3, 0
0 59 2: 1938, 4, 1
0 59 3: 1258, 22, 2
0 59 3: 1911, 0, 3
0 59 3: 1938, 5, 3
0 59 8: 1247, 22, 3
0 59 11: 1247, 22, 0
0 59 13: 1257, 22, 0
0 59 14: 1259, 22, 1
0 59 16: 1257, 22, 2
0 59 17: 1257, 22, 1
0 59 19: 1259, 22, 2
0 59 20: 1259, 22, 3
0 59 22: 1258, 22, 1
0 59 27: 1278, 10, 3
0 59 34: 1247, 22, 0
0 59 36: 319, 22, 3
0 59 39: 1257, 22, 3
0 59 40: 980, 0, 1
0 59 45: 321, 22, 2
0 59 47: 319, 22, 3
0 59 50: 1260, 22, 3
0 60 0: 997, 0, 3
0 60 3: 1257, 22, 3
0 60 3: 1911, 0, 3
0 60 13: 1257, 22, 1
0 60 16: 1258, 22, 1
0 60 17: 1257, 22, 2
0 60 18: 1257, 22, 1
0 60 19: 1257, 22, 1
0 60 20: 1258, 22, 0
0 60 21: 1257, 22, 1
0 60 22: 1257, 22, 2
0 60 24: 1257, 22, 3
0 60 25: 1257, 22, 3
0 60 36: 321, 22, 0
0 60 37: 1260, 22, 2
0 60 38: 1258, 22, 3
0 60 39: 980, 1, 1
0 60 40: 980, 9, 1
0 60 44: 1257, 22, 3
0 60 50: 1258, 22, 2
0 61 0: 997, 0, 3
0 61 1: 1911, 3, 1
0 61 3: 1258, 22, 0
0 61 3: 1911, 0, 3
0 61 14: 1257, 22, 1
0 61 16: 1257, 22, 2
0 61 17: 1257, 22, 3
0 61 18: 1257, 22, 2
0 61 19: 1257, 22, 2
0 61 21: 1257, 22, 2
0 61 23: 1257, 22, 2
0 61 31: 1315, 10, 0
0 61 37: 1257, 22, 3
0 61 38: 980, 1, 1
0 61 39: 980, 9, 1
0 61 40: 179, 22, 0
0 61 45: 319, 22, 0
0 61 51: 1259, 22, 0
0 62 0: 997, 0, 3
0 62 3: 1257, 22, 0
0 62 3: 1911, 0, 3
0 62 7: 1247, 22, 1
0 62 15: 1257, 22, 3
0 62 16: 1257, 22, 2
0 62 17: 1257, 22, 1
0 62 18: 1257, 22, 1
0 62 19: 1257, 22, 2
0 62 20: 1257, 22, 3
0 62 21: 1257, 22, 3
0 62 22: 1257, 22, 3
0 62 36: 321, 22, 1
0 62 38: 980, 0, 1
0 62 38: 1257, 22, 3
0 62 45: 320, 22, 2
0 62 50: 1260, 22, 2
0 62 52: 1315, 10, 2
0 62 53: 1247, 22, 0
0 62 59: 1247, 22, 3
0 63 0: 997, 0, 3
0 63 2: 1938, 4, 1
0 63 3: 1258, 22, 0
0 63 3: 1911, 0, 3
0 63 3: 1938, 5, 3
0 63 20: 1257, 22, 2
0 63 24: 1315, 10, 1
0 63 38: 981, 3, 0
0 63 38: 1247, 22, 1
0 63 48: 980, 9, 3
0 63 49: 980, 0, 0
0 63 50: 980, 0, 0
0 63 50: 1260, 22, 3
0 63 51: 980, 9, 0
0 63 52: 1260, 22, 0
0 63 56: 1247, 22, 3
0 63 56: 1902, 3, 1
0 63 57: 1902, 0, 2
0 63 58: 1838, 5, 2
0 63 58: 1902, 0, 2
0 63 59: 1902, 0, 2
0 63 60: 1902, 0, 2
0 63 61: 1838, 5, 2
0 63 61: 1902, 0, 2
0 63 62: 1247, 22, 0
0 63 62: 1902, 0, 2
0 63 63: 1902, 3, 2
1 0 0: 1913, 0, 3
1 0 2: 1913, 9, 2
1 0 3: 1913, 1, 2
1 0 23: 1913, 0, 3
1 0 52: 1913, 1, 1
1 0 53: 1913, 9, 1
1 1 0: 1913, 9, 2
1 1 1: 1913, 0, 2
1 1 3: 1913, 0, 3
1 1 23: 1913, 2, 2
1 1 24: 1913, 0, 2
1 1 25: 1913, 0, 2
1 1 26: 1913, 0, 2
1 1 27: 1913, 0, 2
1 1 28: 1913, 0, 2
1 1 29: 1913, 0, 2
1 1 30: 1913, 0, 2
1 1 31: 1913, 0, 2
1 1 32: 1913, 0, 2
1 1 33: 1913, 0, 2
1 1 34: 1913, 0, 2
1 1 35: 1913, 0, 2
1 1 36: 1913, 0, 2
1 1 37: 1913, 0, 2
1 1 38: 1913, 0, 2
1 1 39: 1913, 0, 2
1 1 40: 1913, 0, 2
1 1 41: 1913, 0, 2
1 1 42: 1913, 0, 2
1 1 43: 1913, 0, 2
1 1 44: 1913, 0, 2
1 1 45: 1913, 0, 2
1 1 46: 1913, 0, 2
1 1 47: 1913, 0, 2
1 1 48: 1913, 0, 2
1 1 49: 1913, 0, 2
1 1 50: 1913, 0, 2
1 1 51: 1913, 0, 2
1 1 52: 1913, 9, 1
1 2 1: 1913, 0, 1
1 2 3: 1913, 0, 3
1 3 1: 1913, 0, 1
1 3 3: 1913, 0, 3
1 4 0: 1913, 1, 1
1 4 1: 1913, 9, 1
1 4 3: 1913, 0, 3
1 4 60: 1793, 21, 1
1 4 61: 1793, 18, 2
1 4 62: 1793, 18, 2
1 4 63: 1793, 21, 2
1 5 0: 1913, 0, 1
1 5 2: 1913, 9, 3
1 5 3: 1913, 1, 3
1 5 56: 1793, 21, 1
1 5 57: 1793, 18, 2
1 5 58: 1793, 18, 2
1 5 59: 1793, 18, 2
1 5 60: 1793, 20, 1
1 5 61: 1933, 16, 1
1 5 62: 1933, 16, 2
1 5 63: 1793, 18, 3
1 6 0: 1913, 0, 1
1 6 2: 1913, 0, 3
1 6 56: 1793, 18, 1
1 6 57: 1933, 16, 1
1 6 58: 1933, 12, 2
1 6 59: 1933, 12, 2
1 6 60: 1933, 12, 2
1 6 61: 1640, 14, 1
1 6 62: 1933, 12, 3
1 6 63: 1793, 18, 3
1 7 0: 1913, 0, 1
1 7 2: 1913, 0, 3
1 7 56: 1793, 18, 1
1 7 57: 1933, 12, 1
1 7 58: 1933, 17, 2
1 7 59: 1933, 17, 2
1 7 60: 1933, 17, 2
1 7 61: 1933, 17, 2
1 7 62: 1933, 12, 3
1 7 63: 1793, 18, 3
1 8 0: 1913, 0, 1
1 8 2: 1913, 0, 3
1 8 56: 1793, 18, 1
1 8 57: 1933, 12, 1
1 8 58: 1933, 17, 2
1 8 59: 1933, 17, 2
1 8 60: 1933, 17, 2
1 8 61: 1933, 17, 2
1 8 62: 1933, 12, 3
1 8 63: 1793, 18, 3
1 9 0: 1913, 0, 1
1 9 2: 1913, 0, 3
1 9 56: 1793, 18, 1
1 9 57: 1933, 16, 0
1 9 58: 1933, 12, 0
1 9 59: 1933, 12, 0
1 9 60: 1933, 12, 0
1 9 61: 1933, 12, 0
1 9 62: 1933, 16, 3
1 9 63: 1793, 18, 3
1 10 0: 1913, 0, 1
1 10 2: 1913, 0, 3
1 10 56: 1793, 21, 0
1 10 57: 1793, 18, 0
1 10 58: 1793, 18, 0
1 10 59: 1793, 18, 0
1 10 60: 1793, 18, 0
1 10 61: 1793, 18, 0
1 10 62: 1793, 18, 0
1 10 63: 1793, 21, 3
1 11 0: 1913, 0, 1
1 11 2: 1913, 0, 3
1 12 0: 1913, 0, 1
1 12 2: 1913, 9, 2
1 12 3: 1913, 1, 2
1 13 0: 1913, 1, 0
1 13 1: 1913, 9, 0
1 13 3: 1913, 0, 3
1 14 1: 1913, 0, 1
1 14 3: 1913, 0, 3
1 15 1: 1913, 0, 1
1 15 3: 1913, 0, 3
1 16 1: 1612, 10, 0
1 16 1: 1913, 0, 1
1 16 2: 1911, 3, 0
1 16 3: 1911, 0, 3
1 16 3: 1938, 5, 3
1 17 1: 1913, 0, 1
1 17 3: 1911, 0, 3
1 18 1: 1913, 0, 1
1 18 2: 1747, 10, 2
1 18 2: 1911, 3, 1
1 18 3: 1911, 0, 3
1 18 3: 1938, 5, 3
1 19 1: 1612, 10, 0
1 19 1: 1913, 1, 0
1 19 2: 1913, 0, 0
1 19 3: 1913, 1, 3
1 24 1: 1612, 10, 0
1 24 1: 1913, 1, 1
1 24 2: 1913, 0, 2
1 24 3: 1913, 1, 2
1 25 1: 1913, 0, 1
1 25 2: 1747, 10, 2
1 25 2: 1911, 3, 0
1 25 3: 1911, 0, 3
1 25 3: 1938, 5, 3
1 26 1: 1913, 0, 1
1 26 3: 1911, 0, 3
1 27 1: 1612, 10, 0
1 27 1: 1913, 0, 1
1 27 2: 1911, 3, 1
1 27 3: 1911, 0, 3
1 27 3: 1938, 5, 3
1 28 1: 1913, 0, 1
1 28 3: 1913, 0, 3
1 29 1: 1913, 0, 1
1 29 3: 1913, 0, 3
1 30 1: 1913, 0, 1
1 30 3: 1913, 0, 3
1 31 1: 1913, 0, 1
1 31 3: 1913, 0, 3
1 32 1: 1913, 0, 1
1 32 3: 1913, 0, 3
1 33 1: 1913, 0, 1
1 33 3: 1913, 0, 3
1 34 1: 1913, 0, 1
1 34 3: 1913, 0, 3
1 35 1: 1913, 0, 1
1 35 3: 1913, 0, 3
1 36 1: 1913, 0, 1
1 36 3: 1913, 0, 3
1 37 1: 1913, 0, 1
1 37 3: 1913, 0, 3
1 38 1: 1913, 0, 1
1 38 2: 1913, 0, 2
1 38 3: 1913, 0, 3
1 39 0: 1913, 1, 1
1 39 1: 1913, 9, 1
1 39 3: 1913, 0, 3
1 40 0: 1913, 9, 1
1 40 3: 1913, 0, 3
1 41 2: 1913, 9, 3
1 41 3: 1913, 1, 3
1 42 1: 1913, 9, 3
1 42 2: 1913, 1, 3
1 43 1: 1913, 0, 3
1 44 1: 1913, 0, 3
1 45 1: 1913, 0, 3
1 46 1: 1913, 0, 3
1 47 1: 1913, 0, 3
1 48 1: 1913, 0, 3
1 49 1: 1913, 0, 3
1 50 1: 1913, 0, 3
1 51 1: 1913, 0, 3
1 52 1: 1913, 9, 2
1 52 2: 1913, 1, 2
1 53 2: 1913, 0, 3
1 54 0: 1913, 9, 0
1 54 2: 1913, 0, 3
1 55 0: 1913, 0, 1
1 55 2: 1913, 0, 3
1 56 0: 1913, 0, 1
1 56 2: 1913, 0, 3
1 57 0: 1913, 0, 1
1 57 2: 1913, 0, 3
1 58 0: 1913, 1, 0
1 58 1: 1913, 9, 0
1 58 2: 1913, 9, 2
1 58 3: 1913, 1, 2
1 59 1: 1913, 0, 1
1 59 3: 1913, 0, 3
1 60 1: 1913, 0, 1
1 60 3: 1913, 0, 3
1 61 1: 1913, 0, 1
1 61 3: 1913, 0, 3
1 62 0: 1913, 1, 1
1 62 1: 1913, 9, 1
1 62 3: 1913, 0, 3
1 63 0: 1913, 9, 1
1 63 3: 1913, 0, 3
1 63 56: 1793, 19, 1
1 63 57: 1793, 18, 2
1 63 58: 1793, 18, 2
1 63 59: 1793, 18, 2
1 63 60: 1793, 18, 2
1 63 61: 1793, 18, 2
1 63 62: 1793, 18, 2
1 63 63: 1793, 19, 2
2 16 1: 1612, 10, 0
2 16 2: 1611, 10, 1
2 16 2: 1911, 3, 0
2 16 3: 842, 5, 3
2 16 3: 1920, 0, 3
2 17 3: 1920, 0, 3
2 18 2: 1747, 10, 2
2 18 2: 1911, 3, 1
2 18 3: 842, 5, 3
2 18 3: 1920, 0, 3
2 19 1: 1612, 10, 0
2 19 2: 1611, 10, 1
2 20 1: 1611, 10, 2
2 23 1: 1611, 10, 0
2 24 1: 1612, 10, 0
2 24 2: 1611, 10, 1
2 25 2: 1747, 10, 2
2 25 2: 1911, 3, 0
2 25 3: 842, 5, 3
2 25 3: 1920, 0, 3
2 26 3: 1920, 0, 3
2 27 1: 1612, 10, 0
2 27 2: 1611, 10, 1
2 27 2: 1911, 3, 1
2 27 3: 842, 5, 3
2 27 3: 1920, 0, 3
3 15 0: 1913, 3, 1
3 15 1: 1913, 0, 2
3 15 2: 1913, 0, 2
3 15 3: 1913, 3, 2
3 16 0: 1913, 0, 1
3 16 1: 821, 10, 2
3 16 3: 1913, 0, 3
3 17 0: 1913, 0, 1
3 17 2: 863, 10, 2
3 17 3: 1913, 0, 3
3 18 0: 1913, 0, 1
3 18 2: 1749, 10, 2
3 18 3: 1913, 0, 3
3 19 0: 1913, 0, 1
3 19 3: 1913, 0, 3
3 20 0: 1913, 0, 1
3 20 1: 821, 10, 2
3 20 3: 1913, 0, 3
3 21 0: 1913, 0, 1
3 21 2: 822, 10, 2
3 21 3: 1913, 0, 3
3 22 0: 1913, 0, 1
3 22 2: 822, 10, 1
3 22 3: 1913, 0, 3
3 23 0: 1913, 0, 1
3 23 1: 821, 10, 2
3 23 3: 1913, 0, 3
3 24 0: 1913, 0, 1
3 24 3: 1913, 0, 3
3 25 0: 1913, 0, 1
3 25 2: 1749, 10, 2
3 25 3: 1913, 0, 3
3 26 0: 1913, 0, 1
3 26 2: 863, 10, 2
3 26 3: 1913, 0, 3
3 27 0: 1913, 0, 1
3 27 1: 821, 10, 2
3 27 3: 1913, 0, 3
3 28 0: 1913, 3, 0
3 28 1: 1913, 0, 0
3 28 2: 1913, 0, 0
3 28 3: 1913, 3, 3
