0 0 6: 561, 22, 0
0 0 18: 1247, 22, 3
0 0 20: 560, 22, 2
0 0 23: 560, 22, 1
0 0 28: 561, 22, 3
0 0 29: 561, 22, 2
0 0 30: 561, 22, 0
0 0 31: 560, 22, 2
0 0 35: 1246, 22, 1
0 0 36: 1247, 22, 3
0 0 39: 561, 22, 3
0 0 40: 560, 22, 3
0 0 42: 1247, 22, 0
0 0 56: 1620, 1, 1
0 0 57: 1620, 9, 1
0 0 58: 1646, 4, 0
0 0 61: 1646, 4, 0
0 0 62: 1620, 9, 2
0 0 63: 1620, 1, 2
0 1 0: 1315, 10, 1
0 1 8: 561, 22, 0
0 1 9: 561, 22, 2
0 1 12: 561, 22, 2
0 1 14: 561, 22, 2
0 1 18: 1291, 10, 0
0 1 21: 560, 22, 1
0 1 22: 560, 22, 2
0 1 29: 561, 22, 3
0 1 30: 561, 22, 3
0 1 32: 1291, 10, 3
0 1 33: 1247, 22, 2
0 1 34: 560, 22, 3
0 1 35: 1291, 10, 1
0 1 38: 560, 22, 3
0 1 39: 561, 22, 3
0 1 40: 561, 22, 2
0 1 43: 560, 22, 2
0 1 56: 1620, 0, 1
0 1 56: 1646, 5, 1
0 1 57: 1646, 4, 3
0 1 62: 1646, 4, 1
0 1 63: 1620, 0, 3
0 1 63: 1646, 5, 3
0 2 8: 561, 22, 1
0 2 12: 561, 22, 3
0 2 13: 561, 22, 3
0 2 14: 560, 22, 2
0 2 15: 561, 22, 3
0 2 19: 560, 22, 2
0 2 27: 1247, 22, 1
0 2 30: 561, 22, 2
0 2 37: 561, 22, 3
0 2 39: 560, 22, 3
0 2 56: 1620, 0, 1
0 2 59: 1738, 10, 0
0 2 63: 1620, 0, 3
0 3 11: 561, 22, 2
0 3 12: 560, 22, 0
0 3 13: 561, 22, 0
0 3 14: 561, 22, 0
0 3 15: 560, 22, 1
0 3 26: 1291, 10, 0
0 3 41: 561, 22, 3
0 3 43: 560, 22, 3
0 3 44: 560, 22, 3
0 3 56: 1620, 0, 1
0 3 56: 1646, 5, 1
0 3 57: 1646, 4, 3
0 3 62: 1646, 4, 1
0 3 63: 1620, 0, 3
0 3 63: 1646, 5, 3
0 4 11: 561, 22, 3
0 4 21: 1291, 10, 0
0 4 25: 1247, 22, 2
0 4 40: 561, 22, 2
0 4 41: 561, 22, 0
0 4 42: 560, 22, 2
0 4 46: 1291, 10, 0
0 4 56: 1620, 1, 0
0 4 57: 1620, 9, 0
0 4 62: 1620, 9, 3
0 4 63: 1620, 1, 3
0 5 1: 1315, 10, 2
0 5 45: 560, 22, 2
0 5 51: 1286, 10, 1
0 5 57: 1620, 0, 1
0 5 61: 1620, 9, 3
0 5 62: 1620, 1, 3
0 6 11: 561, 22, 2
0 6 38: 561, 22, 2
0 6 38: 1286, 10, 3
0 6 39: 559, 22, 0
0 6 43: 560, 22, 3
0 6 57: 1620, 1, 0
0 6 58: 1620, 9, 0
0 6 60: 1646, 4, 1
0 6 61: 1620, 2, 2
0 6 61: 1646, 5, 3
0 6 62: 1620, 0, 2
0 6 63: 1620, 0, 2
0 7 9: 561, 22, 0
0 7 26: 560, 22, 1
0 7 33: 560, 22, 0
0 7 35: 560, 22, 1
0 7 38: 561, 22, 2
0 7 39: 560, 22, 3
0 7 47: 560, 22, 3
0 7 48: 1247, 22, 0
0 7 58: 1620, 0, 1
0 7 58: 1646, 5, 1
0 7 59: 1646, 4, 3
0 7 61: 1620, 0, 3
0 7 63: 1750, 10, 2
0 8 10: 561, 22, 3
0 8 35: 559, 22, 0
0 8 36: 560, 22, 2
0 8 37: 561, 22, 2
0 8 39: 561, 22, 3
0 8 43: 560, 22, 2
0 8 48: 1291, 10, 1
0 8 58: 2337, 0, 1
0 8 61: 2341, 0, 3
0 9 7: 560, 22, 2
0 9 11: 561, 22, 3
0 9 12: 560, 22, 1
0 9 15: 1291, 10, 0
0 9 22: 1286, 10, 2
0 9 23: 1247, 22, 3
0 9 26: 1247, 22, 2
0 9 38: 561, 22, 3
0 9 39: 561, 22, 0
0 9 45: 560, 22, 2
0 9 58: 1620, 0, 1
0 9 58: 1646, 5, 1
0 9 59: 1646, 4, 3
0 9 60: 1646, 4, 1
0 9 61: 1620, 2, 3
0 9 61: 1646, 5, 3
0 9 62: 1620, 0, 0
0 9 63: 1620, 0, 0
0 10 2: 1315, 10, 1
0 10 9: 561, 22, 0
0 10 10: 561, 22, 2
0 10 12: 561, 22, 3
0 10 15: 561, 22, 2
0 10 16: 560, 22, 1
0 10 17: 1247, 22, 1
0 10 22: 1247, 22, 0
0 10 28: 1247, 22, 2
0 10 33: 1247, 22, 1
0 10 42: 560, 22, 3
0 10 43: 560, 22, 2
0 10 56: 1620, 3, 1
0 10 57: 1620, 0, 2
0 10 58: 1620, 9, 1
0 10 61: 1620, 9, 2
0 10 62: 1620, 1, 2
0 11 16: 1247, 22, 2
0 11 17: 1291, 10, 2
0 11 18: 1246, 22, 1
0 11 56: 1620, 0, 1
0 11 56: 1646, 5, 1
0 11 57: 1646, 4, 3
0 11 62: 1620, 9, 2
0 11 63: 1620, 1, 2
0 12 11: 560, 22, 3
0 12 14: 561, 22, 1
0 12 15: 561, 22, 2
0 12 27: 1316, 10, 1
0 12 29: 1247, 22, 2
0 12 31: 1315, 10, 0
0 12 53: 1620, 3, 1
0 12 54: 1620, 0, 2
0 12 55: 1620, 0, 2
0 12 56: 1620, 2, 1
0 12 57: 899, 5, 0
0 12 57: 1631, 0, 0
0 12 58: 901, 5, 0
0 12 58: 1631, 0, 0
0 12 59: 2338, 0, 0
0 12 60: 1631, 0, 0
0 12 61: 1631, 0, 0
0 12 62: 1631, 0, 0
0 12 62: 1646, 4, 1
0 12 63: 1620, 0, 3
0 12 63: 1646, 5, 3
0 13 1: 1315, 10, 2
0 13 9: 561, 22, 3
0 13 10: 561, 22, 3
0 13 11: 561, 22, 2
0 13 15: 560, 22, 2
0 13 26: 1246, 22, 1
0 13 32: 1246, 22, 3
0 13 34: 1247, 22, 1
0 13 34: 1316, 10, 2
0 13 35: 1247, 22, 0
0 13 38: 560, 22, 3
0 13 53: 1620, 0, 1
0 13 54: 1620, 0, 1
0 13 54: 1747, 10, 3
0 13 55: 818, 10, 2
0 13 62: 818, 10, 0
0 13 63: 1620, 0, 3
0 14 2: 1247, 22, 1
0 14 24: 1246, 22, 0
0 14 27: 1246, 22, 0
0 14 28: 1247, 22, 0
0 14 53: 1620, 0, 1
0 14 54: 1620, 0, 1
0 14 54: 1646, 5, 1
0 14 55: 1646, 4, 3
0 14 62: 1750, 10, 2
0 14 63: 1620, 0, 3
0 15 0: 1315, 10, 2
0 15 15: 561, 22, 3
0 15 16: 561, 22, 2
0 15 31: 1315, 10, 3
0 15 36: 1247, 22, 2
0 15 53: 1620, 0, 1
0 15 54: 1620, 0, 1
0 15 55: 818, 10, 2
0 15 62: 818, 10, 0
0 15 62: 1646, 4, 1
0 15 63: 1620, 0, 3
0 15 63: 1646, 5, 3
0 16 2: 1315, 10, 3
0 16 3: 1247, 22, 0
0 16 4: 1247, 22, 0
0 16 12: 561, 22, 3
0 16 26: 1257, 22, 1
0 16 26: 1315, 10, 2
0 16 28: 1258, 22, 2
0 16 29: 1258, 22, 3
0 16 30: 1258, 22, 0
0 16 31: 1258, 22, 1
0 16 32: 1258, 22, 1
0 16 39: 1247, 22, 1
0 16 47: 560, 22, 2
0 16 49: 1620, 3, 1
0 16 50: 1620, 0, 2
0 16 51: 1620, 0, 2
0 16 52: 1620, 0, 2
0 16 53: 1247, 22, 3
0 16 53: 1620, 2, 1
0 16 54: 1620, 0, 1
0 16 54: 1646, 5, 1
0 16 55: 1646, 4, 3
0 16 57: 1090, 10, 2
0 16 58: 597, 10, 2
0 16 60: 1090, 10, 0
0 16 63: 1620, 0, 3
0 17 2: 1246, 22, 0
0 17 3: 1246, 22, 3
0 17 5: 1246, 22, 3
0 17 13: 561, 22, 2
0 17 26: 1258, 22, 1
0 17 27: 1259, 22, 0
0 17 28: 1257, 22, 0
0 17 29: 1260, 22, 0
0 17 30: 1260, 22, 0
0 17 31: 1258, 22, 0
0 17 32: 1260, 22, 0
0 17 33: 1259, 22, 0
0 17 34: 1258, 22, 3
0 17 35: 1315, 10, 2
0 17 49: 1620, 0, 1
0 17 50: 1620, 0, 2
0 17 51: 1620, 0, 2
0 17 51: 2342, 5, 2
0 17 52: 1620, 0, 2
0 17 53: 1620, 0, 2
0 17 54: 1620, 2, 1
0 17 55: 818, 10, 2
0 17 57: 1090, 10, 2
0 17 60: 1090, 10, 0
0 17 62: 818, 10, 0
0 17 63: 1620, 0, 3
0 18 0: 1258, 22, 1
0 18 1: 1258, 22, 0
0 18 20: 1286, 10, 3
0 18 21: 1247, 22, 3
0 18 24: 1258, 22, 0
0 18 25: 1257, 22, 1
0 18 26: 1260, 22, 0
0 18 34: 1260, 22, 3
0 18 35: 1258, 22, 3
0 18 36: 1258, 22, 0
0 18 39: 1315, 10, 0
0 18 41: 1247, 22, 2
0 18 48: 1620, 1, 1
0 18 49: 1620, 9, 1
0 18 49: 1646, 8, 1
0 18 51: 997, 0, 1
0 18 51: 1873, 4, 0
0 18 52: 660, 10, 3
0 18 53: 660, 10, 2
0 18 54: 1620, 0, 1
0 18 55: 901, 4, 3
0 18 57: 1090, 10, 2
0 18 60: 1090, 10, 0
0 18 62: 1646, 4, 1
0 18 63: 1620, 0, 3
0 18 63: 1646, 5, 3
0 19 0: 1258, 22, 1
0 19 1: 1258, 22, 1
0 19 2: 1258, 22, 0
0 19 3: 1316, 10, 1
0 19 5: 1247, 22, 1
0 19 12: 560, 22, 3
0 19 24: 1258, 22, 3
0 19 25: 1260, 22, 3
0 19 29: 320, 22, 0
0 19 32: 319, 22, 1
0 19 36: 1258, 22, 0
0 19 40: 1247, 22, 0
0 19 47: 1620, 1, 1
0 19 48: 1620, 9, 1
0 19 51: 1102, 10, 3
0 19 52: 997, 0, 0
0 19 53: 997, 0, 0
0 19 54: 1620, 2, 0
0 19 55: 818, 10, 2
0 19 55: 899, 4, 3
0 19 57: 1090, 10, 2
0 19 60: 1090, 10, 0
0 19 62: 818, 10, 0
0 19 63: 1620, 0, 3
0 20 0: 1259, 22, 3
0 20 1: 1258, 22, 1
0 20 2: 1257, 22, 1
0 20 3: 1258, 22, 1
0 20 8: 1315, 10, 3
0 20 9: 1247, 22, 0
0 20 24: 1258, 22, 2
0 20 27: 319, 22, 0
0 20 29: 321, 22, 2
0 20 31: 320, 22, 1
0 20 34: 319, 22, 0
0 20 37: 1258, 22, 1
0 20 47: 1620, 0, 1
0 20 47: 1646, 5, 1
0 20 48: 1019, 4, 3
0 20 49: 1102, 10, 0
0 20 50: 593, 10, 1
0 20 54: 2340, 0, 1
0 20 62: 1646, 4, 1
0 20 63: 1620, 0, 3
0 20 63: 1646, 5, 3
0 21 1: 1259, 22, 0
0 21 2: 1260, 22, 2
0 21 3: 1259, 22, 3
0 21 4: 1258, 22, 0
0 21 20: 320, 22, 3
0 21 23: 1258, 22, 3
0 21 24: 1258, 22, 3
0 21 26: 320, 22, 0
0 21 28: 320, 22, 3
0 21 29: 320, 22, 3
0 21 30: 321, 22, 0
0 21 31: 320, 22, 0
0 21 32: 321, 22, 3
0 21 36: 320, 22, 3
0 21 38: 1258, 22, 0
0 21 40: 1315, 10, 3
0 21 41: 1246, 22, 3
0 21 43: 1315, 10, 1
0 21 47: 1620, 0, 1
0 21 49: 917, 22, 3
0 21 50: 918, 22, 3
0 21 51: 918, 22, 3
0 21 52: 918, 22, 3
0 21 53: 917, 22, 0
0 21 54: 907, 5, 1
0 21 54: 1620, 0, 1
0 21 62: 1620, 9, 3
0 21 63: 1246, 22, 1
0 21 63: 1620, 1, 3
0 22 3: 1260, 22, 0
0 22 4: 1257, 22, 1
0 22 5: 1258, 22, 1
0 22 15: 724, 10, 3
0 22 19: 724, 10, 3
0 22 26: 320, 22, 1
0 22 28: 320, 22, 2
0 22 29: 319, 22, 3
0 22 30: 320, 22, 3
0 22 31: 320, 22, 2
0 22 34: 321, 22, 3
0 22 38: 1260, 22, 3
0 22 43: 1246, 22, 0
0 22 45: 1247, 22, 0
0 22 47: 1620, 0, 1
0 22 47: 1646, 5, 1
0 22 48: 1646, 4, 3
0 22 49: 917, 22, 2
0 22 50: 918, 22, 1
0 22 51: 918, 22, 1
0 22 51: 1102, 10, 0
0 22 52: 918, 22, 1
0 22 53: 917, 22, 1
0 22 54: 908, 5, 1
0 22 54: 1620, 0, 1
0 22 56: 1646, 4, 2
0 22 58: 2726, 10, 2
0 22 61: 1620, 9, 3
0 22 62: 1620, 1, 3
0 23 0: 321, 22, 2
0 23 2: 321, 22, 3
0 23 5: 1260, 22, 3
0 23 6: 1257, 22, 0
0 23 7: 1258, 22, 0
0 23 7: 1315, 10, 0
0 23 15: 320, 22, 3
0 23 25: 319, 22, 0
0 23 29: 320, 22, 2
0 23 36: 319, 22, 1
0 23 39: 1259, 22, 2
0 23 40: 1258, 22, 1
0 23 41: 1257, 22, 2
0 23 43: 1246, 22, 0
0 23 44: 848, 10, 0
0 23 47: 1620, 1, 0
0 23 48: 1620, 9, 0
0 23 51: 692, 10, 1
0 23 53: 1620, 9, 3
0 23 53: 1646, 8, 3
0 23 54: 1620, 0, 0
0 23 55: 1620, 0, 0
0 23 56: 1620, 0, 0
0 23 56: 1646, 5, 0
0 23 57: 1620, 0, 0
0 23 58: 1620, 0, 0
0 23 59: 1247, 22, 2
0 23 59: 1620, 0, 0
0 23 60: 1620, 0, 0
0 23 61: 1620, 1, 3
0 24 4: 319, 22, 2
0 24 5: 1259, 22, 1
0 24 6: 1260, 22, 0
0 24 7: 1259, 22, 2
0 24 8: 1257, 22, 1
0 24 22: 319, 22, 1
0 24 24: 320, 22, 1
0 24 25: 321, 22, 3
0 24 33: 1247, 22, 2
0 24 36: 321, 22, 2
0 24 37: 320, 22, 0
0 24 40: 1260, 22, 3
0 24 41: 1260, 22, 2
0 24 43: 1257, 22, 2
0 24 46: 1247, 22, 1
0 24 48: 1620, 1, 0
0 24 49: 1019, 7, 0
0 24 49: 1620, 9, 0
0 24 50: 693, 10, 1
0 24 50: 1646, 4, 2
0 24 52: 1019, 7, 3
0 24 52: 1620, 9, 3
0 24 53: 1620, 1, 3
0 24 54: 1247, 22, 2
0 24 56: 1247, 22, 3
0 24 57: 1246, 22, 2
0 25 6: 1260, 22, 3
0 25 7: 1260, 22, 3
0 25 8: 1259, 22, 1
0 25 9: 1260, 22, 2
0 25 10: 1257, 22, 1
0 25 11: 1258, 22, 1
0 25 11: 1315, 10, 0
0 25 13: 1247, 22, 1
0 25 21: 320, 22, 1
0 25 39: 319, 22, 0
0 25 42: 1247, 22, 1
0 25 43: 1258, 22, 1
0 25 43: 1316, 10, 1
0 25 44: 1257, 22, 3
0 25 49: 1247, 22, 3
0 25 49: 1620, 1, 0
0 25 50: 1620, 0, 0
0 25 50: 1646, 5, 0
0 25 51: 1620, 0, 0
0 25 52: 1620, 1, 3
0 26 4: 321, 22, 2
0 26 5: 319, 22, 1
0 26 6: 320, 22, 3
0 26 7: 319, 22, 0
0 26 10: 1257, 22, 2
0 26 11: 1260, 22, 3
0 26 12: 1258, 22, 0
0 26 32: 1257, 22, 3
0 26 33: 1257, 22, 2
0 26 34: 1257, 22, 1
0 26 35: 1257, 22, 1
0 26 36: 1257, 22, 2
0 26 38: 321, 22, 3
0 26 42: 1260, 22, 0
0 26 43: 1258, 22, 2
0 26 44: 1258, 22, 1
0 27 8: 320, 22, 0
0 27 9: 321, 22, 3
0 27 10: 319, 22, 2
0 27 12: 981, 3, 0
0 27 13: 980, 9, 0
0 27 17: 980, 9, 3
0 27 18: 981, 3, 3
0 27 29: 1247, 22, 1
0 27 32: 1257, 22, 0
0 27 33: 1257, 22, 3
0 27 34: 1257, 22, 3
0 27 35: 1259, 22, 3
0 27 36: 1258, 22, 2
0 27 37: 1257, 22, 3
0 27 41: 319, 22, 1
0 27 43: 1260, 22, 3
0 27 44: 1259, 22, 2
0 27 45: 1259, 22, 2
0 27 46: 1258, 22, 2
0 27 48: 1315, 10, 1
0 27 51: 1257, 22, 2
0 27 53: 1257, 22, 3
0 27 54: 1315, 10, 3
0 27 57: 1315, 10, 3
0 28 1: 1315, 10, 3
0 28 2: 1246, 22, 2
0 28 10: 320, 22, 0
0 28 11: 321, 22, 3
0 28 12: 320, 22, 3
0 28 13: 319, 22, 3
0 28 13: 980, 0, 1
0 28 15: 319, 22, 1
0 28 17: 319, 22, 0
0 28 17: 980, 0, 3
0 28 32: 1257, 22, 1
0 28 33: 1257, 22, 2
0 28 34: 1257, 22, 1
0 28 35: 1257, 22, 1
0 28 36: 1257, 22, 0
0 28 37: 1257, 22, 0
0 28 40: 1247, 22, 3
0 28 44: 1259, 22, 3
0 28 45: 1260, 22, 3
0 28 46: 1259, 22, 1
0 28 48: 1260, 22, 2
0 28 49: 1258, 22, 2
0 28 50: 1257, 22, 2
0 28 51: 1259, 22, 3
0 28 52: 1258, 22, 3
0 28 53: 1257, 22, 3
0 28 54: 1259, 22, 1
0 28 56: 1257, 22, 0
0 28 58: 1257, 22, 1
0 29 2: 1264, 22, 1
0 29 11: 320, 22, 3
0 29 12: 320, 22, 3
0 29 13: 980, 0, 1
0 29 17: 320, 22, 0
0 29 17: 980, 0, 3
0 29 43: 321, 22, 0
0 29 46: 1259, 22, 1
0 29 47: 1259, 22, 2
0 29 48: 1259, 22, 3
0 29 49: 1259, 22, 2
0 29 50: 1259, 22, 2
0 29 51: 1259, 22, 0
0 29 52: 1257, 22, 1
0 29 53: 1257, 22, 0
0 29 54: 1259, 22, 0
0 29 55: 1259, 22, 1
0 29 56: 1258, 22, 3
0 29 57: 1259, 22, 0
0 29 58: 1259, 22, 3
0 29 59: 1258, 22, 1
0 29 60: 1257, 22, 1
0 29 61: 1258, 22, 2
0 30 1: 1264, 22, 2
0 30 12: 320, 22, 0
0 30 13: 321, 22, 2
0 30 13: 980, 0, 1
0 30 15: 319, 22, 1
0 30 17: 320, 22, 1
0 30 17: 980, 0, 3
0 30 38: 319, 22, 0
0 30 49: 1260, 22, 0
0 30 50: 1260, 22, 3
0 30 51: 1260, 22, 3
0 30 56: 1259, 22, 0
0 30 57: 1259, 22, 1
0 30 58: 1259, 22, 3
0 30 59: 1259, 22, 1
0 30 60: 1260, 22, 1
0 30 61: 1259, 22, 0
0 30 62: 1258, 22, 1
0 30 63: 1257, 22, 1
0 31 2: 1247, 22, 2
0 31 4: 1315, 10, 3
0 31 5: 1246, 22, 0
0 31 8: 1315, 10, 1
0 31 9: 1264, 22, 3
0 31 12: 320, 22, 0
0 31 13: 320, 22, 1
0 31 13: 980, 0, 1
0 31 14: 320, 22, 2
0 31 15: 320, 22, 1
0 31 16: 320, 22, 2
0 31 17: 321, 22, 3
0 31 17: 980, 0, 3
0 31 23: 319, 22, 1
0 31 24: 320, 22, 2
0 31 26: 320, 22, 3
0 31 28: 319, 22, 0
0 31 29: 320, 22, 3
0 31 32: 320, 22, 0
0 31 34: 319, 22, 3
0 31 36: 320, 22, 2
0 31 39: 320, 22, 2
0 31 40: 320, 22, 1
0 31 43: 319, 22, 3
0 31 45: 320, 22, 0
0 31 46: 319, 22, 1
0 31 47: 319, 22, 2
0 31 60: 1258, 22, 0
0 31 61: 1260, 22, 1
0 31 62: 1259, 22, 1
0 31 63: 1260, 22, 1
0 32 1: 1265, 22, 2
0 32 5: 1264, 22, 0
0 32 13: 980, 0, 1
0 32 14: 320, 22, 2
0 32 16: 320, 22, 1
0 32 17: 980, 0, 3
0 32 23: 320, 22, 0
0 32 26: 320, 22, 2
0 32 34: 320, 22, 2
0 32 42: 320, 22, 1
0 32 49: 321, 22, 3
0 32 53: 321, 22, 2
0 32 55: 319, 22, 0
0 32 56: 321, 22, 2
0 32 57: 321, 22, 3
0 32 59: 321, 22, 1
0 32 61: 319, 22, 0
0 32 63: 1257, 22, 2
0 33 0: 1247, 22, 3
0 33 7: 1246, 22, 3
0 33 12: 981, 3, 1
0 33 13: 980, 9, 1
0 33 17: 980, 9, 2
0 33 18: 981, 3, 2
0 33 22: 319, 22, 0
0 33 25: 1257, 22, 1
0 33 26: 982, 1, 1
0 33 27: 982, 0, 2
0 33 28: 982, 0, 2
0 33 28: 1257, 22, 1
0 33 29: 982, 0, 2
0 33 29: 1257, 22, 0
0 33 30: 982, 0, 2
0 33 31: 982, 0, 2
0 33 31: 1258, 22, 2
0 33 32: 982, 0, 2
0 33 32: 1257, 22, 3
0 33 33: 982, 0, 2
0 33 34: 982, 0, 2
0 33 34: 1257, 22, 1
0 33 35: 982, 0, 2
0 33 35: 1257, 22, 2
0 33 36: 982, 0, 2
0 33 36: 1258, 22, 3
0 33 37: 982, 0, 2
0 33 37: 1257, 22, 1
0 33 38: 982, 0, 2
0 33 38: 1257, 22, 3
0 33 39: 982, 0, 2
0 33 40: 982, 0, 2
0 33 40: 1258, 22, 0
0 33 41: 982, 0, 2
0 33 42: 982, 0, 2
0 33 43: 982, 1, 2
0 33 44: 1257, 22, 1
0 33 54: 319, 22, 0
0 33 58: 1258, 22, 2
0 33 62: 321, 22, 2
0 34 2: 1315, 10, 0
0 34 3: 1247, 22, 0
0 34 5: 1247, 22, 3
0 34 18: 1315, 10, 1
0 34 19: 1265, 22, 0
0 34 22: 320, 22, 2
0 34 24: 1257, 22, 0
0 34 25: 982, 1, 1
0 34 25: 1257, 22, 3
0 34 26: 982, 9, 1
0 34 43: 982, 9, 2
0 34 44: 982, 1, 2
0 34 44: 1258, 22, 1
0 34 45: 1257, 22, 0
0 34 52: 321, 22, 3
0 34 55: 319, 22, 1
0 34 57: 1258, 22, 3
0 34 58: 1258, 22, 2
0 34 59: 1258, 22, 0
0 34 60: 1258, 22, 0
0 34 61: 1257, 22, 3
0 34 62: 1257, 22, 3
0 35 2: 1247, 22, 1
0 35 9: 1315, 10, 2
0 35 14: 1246, 22, 0
0 35 18: 1264, 22, 3
0 35 24: 982, 1, 1
0 35 25: 982, 9, 1
0 35 26: 1905, 1, 1
0 35 27: 1846, 5, 2
0 35 27: 1905, 0, 2
0 35 28: 1905, 0, 2
0 35 29: 1905, 0, 2
0 35 30: 1846, 5, 2
0 35 30: 1905, 0, 2
0 35 31: 1905, 0, 2
0 35 32: 1905, 0, 2
0 35 33: 1846, 5, 2
0 35 33: 1905, 0, 2
0 35 34: 1905, 0, 2
0 35 35: 1905, 0, 2
0 35 36: 1846, 5, 2
0 35 36: 1905, 0, 2
0 35 37: 1905, 0, 2
0 35 38: 1905, 0, 2
0 35 39: 1846, 5, 2
0 35 39: 1905, 0, 2
0 35 40: 1905, 0, 2
0 35 41: 1905, 0, 2
0 35 42: 1846, 5, 2
0 35 42: 1905, 0, 2
0 35 43: 1905, 1, 2
0 35 44: 982, 9, 2
0 35 45: 982, 1, 2
0 35 47: 320, 22, 1
0 35 49: 319, 22, 0
0 35 51: 320, 22, 3
0 35 57: 1257, 22, 0
0 35 58: 1258, 22, 3
0 35 59: 1259, 22, 3
0 35 60: 1258, 22, 3
0 35 61: 1258, 22, 2
0 35 62: 1257, 22, 2
0 36 4: 1316, 10, 0
0 36 5: 1247, 22, 2
0 36 9: 1246, 22, 3
0 36 10: 1265, 22, 1
0 36 14: 1247, 22, 0
0 36 22: 320, 22, 3
0 36 24: 982, 0, 1
0 36 25: 1905, 1, 1
0 36 26: 1870, 10, 2
0 36 26: 1905, 2, 1
0 36 27: 1846, 4, 0
0 36 28: 196, 4, 0
0 36 30: 1846, 4, 0
0 36 31: 196, 4, 0
0 36 33: 1846, 4, 0
0 36 34: 196, 4, 0
0 36 34: 920, 22, 3
0 36 35: 920, 22, 0
0 36 36: 1846, 4, 0
0 36 38: 196, 4, 0
0 36 39: 1846, 4, 0
0 36 40: 196, 4, 0
0 36 42: 1846, 4, 0
0 36 43: 1905, 0, 3
0 36 45: 982, 0, 3
0 36 55: 320, 22, 1
0 36 57: 1257, 22, 2
0 36 58: 1258, 22, 0
0 36 59: 1259, 22, 0
0 36 60: 1259, 22, 0
0 36 61: 1258, 22, 1
0 36 62: 1257, 22, 1
0 36 63: 1257, 22, 1
0 37 6: 1265, 22, 2
0 37 7: 1246, 22, 2
0 37 22: 319, 22, 1
0 37 24: 982, 0, 1
0 37 25: 1846, 5, 1
0 37 25: 1905, 0, 1
0 37 26: 1846, 4, 3
0 37 27: 920, 22, 3
0 37 28: 920, 22, 0
0 37 29: 196, 4, 2
0 37 32: 196, 4, 2
0 37 34: 921, 22, 2
0 37 35: 921, 22, 0
0 37 37: 196, 4, 2
0 37 40: 196, 4, 2
0 37 43: 1905, 0, 3
0 37 45: 982, 2, 2
0 37 46: 982, 0, 2
0 37 47: 982, 0, 2
0 37 48: 982, 0, 2
0 37 49: 982, 0, 2
0 37 50: 982, 0, 2
0 37 51: 982, 0, 2
0 37 52: 982, 0, 2
0 37 53: 982, 3, 2
0 37 56: 320, 22, 2
0 37 57: 1257, 22, 2
0 37 59: 1258, 22, 2
0 37 60: 1258, 22, 2
0 37 61: 1258, 22, 0
0 37 62: 1257, 22, 0
0 38 4: 1264, 22, 0
0 38 24: 982, 0, 1
0 38 25: 1905, 0, 1
0 38 27: 921, 22, 2
0 38 27: 2641, 10, 1
0 38 28: 921, 22, 0
0 38 29: 1298, 10, 1
0 38 29: 1905, 2, 3
0 38 30: 1188, 10, 0
0 38 30: 1905, 0, 0
0 38 31: 1188, 10, 3
0 38 31: 1905, 0, 0
0 38 32: 1299, 10, 1
0 38 32: 1905, 2, 0
0 38 33: 1106, 10, 2
0 38 34: 921, 22, 2
0 38 35: 921, 22, 0
0 38 36: 1106, 10, 0
0 38 37: 1905, 2, 3
0 38 38: 1187, 10, 3
0 38 38: 1905, 0, 0
0 38 39: 1188, 10, 3
0 38 39: 1905, 0, 0
0 38 40: 1299, 10, 0
0 38 40: 1905, 2, 0
0 38 42: 1846, 4, 1
0 38 43: 1846, 5, 3
0 38 43: 1905, 0, 3
0 38 53: 982, 0, 3
0 38 54: 319, 22, 0
0 38 57: 1257, 22, 0
0 38 58: 1258, 22, 3
0 38 59: 1257, 22, 2
0 38 60: 1257, 22, 3
0 38 61: 1257, 22, 3
0 38 62: 1257, 22, 0
0 39 7: 1315, 10, 3
0 39 10: 1264, 22, 0
0 39 10: 1315, 10, 2
0 39 18: 1315, 10, 1
0 39 21: 320, 22, 3
0 39 22: 1247, 22, 2
0 39 24: 982, 0, 1
0 39 25: 1846, 5, 1
0 39 25: 1905, 0, 1
0 39 26: 1846, 4, 3
0 39 27: 920, 22, 2
0 39 28: 920, 22, 1
0 39 29: 1188, 10, 2
0 39 29: 1905, 0, 3
0 39 32: 1188, 10, 0
0 39 32: 1905, 0, 1
0 39 34: 920, 22, 2
0 39 35: 920, 22, 1
0 39 37: 1187, 10, 0
0 39 37: 1905, 0, 3
0 39 40: 1188, 10, 0
0 39 40: 1905, 0, 1
0 39 41: 380, 10, 2
0 39 43: 1905, 0, 3
0 39 53: 982, 0, 3
0 39 56: 1257, 22, 0
0 39 57: 1259, 22, 2
0 39 58: 1258, 22, 2
0 39 59: 1257, 22, 1
0 40 7: 1247, 22, 2
0 40 19: 1246, 22, 1
0 40 23: 320, 22, 1
0 40 24: 982, 0, 1
0 40 25: 1905, 1, 0
0 40 26: 1870, 10, 2
0 40 26: 1905, 2, 0
0 40 29: 1187, 10, 1
0 40 29: 1905, 0, 3
0 40 30: 879, 10, 0
0 40 32: 1188, 10, 1
0 40 32: 1905, 1, 0
0 40 33: 1299, 10, 0
0 40 33: 1905, 0, 0
0 40 34: 1602, 3, 3
0 40 35: 1602, 3, 0
0 40 36: 1188, 10, 2
0 40 36: 1905, 0, 0
0 40 37: 1188, 10, 2
0 40 37: 1905, 1, 3
0 40 38: 879, 10, 0
0 40 40: 1187, 10, 0
0 40 40: 1905, 1, 0
0 40 41: 1187, 10, 3
0 40 41: 1905, 0, 0
0 40 42: 1188, 10, 0
0 40 42: 1905, 0, 0
0 40 43: 1905, 1, 3
0 40 47: 320, 22, 2
0 40 47: 1198, 10, 1
0 40 48: 320, 22, 3
0 40 48: 1197, 10, 3
0 40 49: 320, 22, 0
0 40 49: 1198, 10, 1
0 40 50: 320, 22, 1
0 40 50: 1198, 10, 1
0 40 53: 982, 0, 3
0 40 55: 319, 22, 1
0 40 56: 1257, 22, 1
0 40 57: 1259, 22, 1
0 40 58: 1258, 22, 2
0 40 59: 1257, 22, 1
0 41 24: 982, 0, 1
0 41 26: 1905, 0, 1
0 41 27: 380, 10, 2
0 41 29: 1905, 0, 3
0 41 30: 2771, 22, 0
0 41 32: 1298, 10, 1
0 41 33: 1187, 10, 1
0 41 36: 1187, 10, 3
0 41 37: 1298, 10, 2
0 41 38: 2771, 22, 0
0 41 53: 982, 0, 3
0 41 56: 1257, 22, 1
0 41 57: 1257, 22, 2
0 41 58: 1259, 22, 1
0 41 59: 1257, 22, 0
0 42 16: 982, 0, 2
0 42 17: 982, 0, 2
0 42 18: 982, 0, 2
0 42 19: 982, 0, 2
0 42 20: 982, 0, 2
0 42 21: 982, 0, 2
0 42 22: 982, 0, 2
0 42 23: 982, 0, 2
0 42 24: 982, 9, 1
0 42 26: 1905, 1, 0
0 42 27: 1905, 0, 0
0 42 28: 1905, 0, 0
0 42 29: 1905, 1, 3
0 42 32: 1187, 10, 2
0 42 36: 1299, 10, 2
0 42 37: 1188, 10, 3
0 42 40: 1870, 10, 2
0 42 43: 1870, 10, 2
0 42 47: 320, 22, 0
0 42 47: 1161, 10, 0
0 42 48: 320, 22, 1
0 42 48: 1161, 10, 0
0 42 49: 320, 22, 0
0 42 49: 1161, 10, 0
0 42 50: 320, 22, 2
0 42 50: 1191, 10, 1
0 42 53: 982, 0, 3
0 42 55: 320, 22, 3
0 42 57: 1257, 22, 3
0 42 58: 1257, 22, 3
0 42 59: 1257, 22, 0
0 43 17: 1862, 22, 0
0 43 22: 1862, 22, 0
0 43 47: 320, 22, 3
0 43 47: 1161, 10, 0
0 43 48: 320, 22, 2
0 43 48: 1161, 10, 0
0 43 49: 320, 22, 3
0 43 49: 1161, 10, 0
0 43 50: 320, 22, 2
0 43 50: 1191, 10, 1
0 43 54: 319, 22, 2
0 44 17: 1862, 22, 0
0 44 22: 1862, 22, 0
0 44 47: 320, 22, 2
0 44 47: 1161, 10, 0
0 44 48: 320, 22, 3
0 44 48: 1161, 10, 0
0 44 49: 320, 22, 2
0 44 49: 1161, 10, 0
0 44 50: 320, 22, 3
0 44 50: 1190, 10, 1
0 45 16: 982, 0, 0
0 45 17: 982, 0, 0
0 45 18: 982, 0, 0
0 45 19: 982, 0, 0
0 45 20: 982, 0, 0
0 45 21: 982, 0, 0
0 45 22: 982, 0, 0
0 45 23: 982, 0, 0
0 45 24: 982, 9, 0
0 45 26: 1905, 1, 1
0 45 27: 1905, 0, 2
0 45 28: 1905, 0, 2
0 45 29: 1905, 1, 2
0 45 32: 1188, 10, 0
0 45 33: 1187, 10, 0
0 45 36: 1188, 10, 0
0 45 37: 1187, 10, 3
0 45 47: 320, 22, 1
0 45 47: 1161, 10, 0
0 45 48: 320, 22, 0
0 45 48: 1161, 10, 0
0 45 49: 320, 22, 1
0 45 49: 1161, 10, 0
0 45 50: 320, 22, 0
0 45 50: 1191, 10, 1
0 45 53: 982, 0, 3
0 46 0: 1315, 10, 2
0 46 21: 1247, 22, 3
0 46 24: 982, 0, 1
0 46 26: 1905, 0, 1
0 46 27: 380, 10, 0
0 46 29: 1905, 0, 3
0 46 30: 879, 10, 0
0 46 32: 1188, 10, 3
0 46 33: 1187, 10, 1
0 46 36: 1188, 10, 0
0 46 37: 1299, 10, 1
0 46 38: 879, 10, 0
0 46 40: 1870, 10, 2
0 46 43: 1870, 10, 2
0 46 46: 1247, 22, 2
0 46 53: 982, 0, 3
0 47 0: 1264, 22, 0
0 47 5: 1247, 22, 2
0 47 5: 1315, 10, 0
0 47 10: 1315, 10, 1
0 47 11: 1247, 22, 3
0 47 13: 1316, 10, 1
0 47 15: 1246, 22, 1
0 47 24: 982, 0, 1
0 47 25: 1905, 1, 1
0 47 26: 1870, 10, 2
0 47 26: 1905, 2, 1
0 47 29: 1187, 10, 0
0 47 29: 1905, 0, 3
0 47 30: 2771, 22, 0
0 47 32: 1188, 10, 1
0 47 32: 1905, 1, 1
0 47 33: 1905, 0, 2
0 47 34: 1602, 3, 2
0 47 35: 1602, 3, 1
0 47 36: 1188, 10, 3
0 47 36: 1905, 0, 2
0 47 37: 1187, 10, 2
0 47 37: 1905, 1, 2
0 47 38: 2771, 22, 0
0 47 40: 1187, 10, 0
0 47 40: 1905, 1, 1
0 47 41: 1188, 10, 3
0 47 41: 1905, 0, 2
0 47 42: 1905, 0, 2
0 47 43: 1905, 1, 2
0 47 47: 320, 22, 1
0 47 47: 1197, 10, 0
0 47 48: 320, 22, 0
0 47 48: 1196, 10, 3
0 47 49: 320, 22, 3
0 47 49: 1196, 10, 3
0 47 50: 320, 22, 2
0 47 50: 1196, 10, 2
0 47 53: 982, 0, 3
0 48 1: 1316, 10, 2
0 48 2: 1247, 22, 3
0 48 3: 1264, 22, 3
0 48 6: 1264, 22, 3
0 48 10: 1264, 22, 3
0 48 21: 319, 22, 3
0 48 24: 982, 0, 1
0 48 25: 1846, 5, 1
0 48 25: 1905, 0, 1
0 48 26: 1846, 4, 3
0 48 27: 920, 22, 3
0 48 28: 920, 22, 0
0 48 29: 1905, 0, 3
0 48 32: 1188, 10, 3
0 48 32: 1905, 0, 1
0 48 33: 1106, 10, 2
0 48 34: 920, 22, 3
0 48 35: 920, 22, 0
0 48 36: 1106, 10, 0
0 48 37: 1299, 10, 0
0 48 37: 1905, 0, 3
0 48 40: 1187, 10, 3
0 48 40: 1905, 0, 1
0 48 41: 350, 10, 0
0 48 42: 350, 10, 0
0 48 43: 1905, 0, 3
0 48 53: 982, 0, 3
0 49 6: 1316, 10, 3
0 49 7: 1264, 22, 0
0 49 14: 1265, 22, 2
0 49 17: 1315, 10, 1
0 49 18: 1265, 22, 1
0 49 24: 982, 0, 1
0 49 25: 1905, 0, 1
0 49 27: 921, 22, 2
0 49 27: 2641, 10, 1
0 49 28: 921, 22, 0
0 49 29: 1298, 10, 0
0 49 29: 1905, 2, 2
0 49 30: 1188, 10, 3
0 49 30: 1905, 0, 2
0 49 31: 1298, 10, 1
0 49 31: 1905, 0, 2
0 49 32: 1187, 10, 2
0 49 32: 1905, 2, 1
0 49 34: 921, 22, 2
0 49 35: 921, 22, 0
0 49 37: 1187, 10, 0
0 49 37: 1905, 0, 3
0 49 40: 1187, 10, 1
0 49 40: 1905, 0, 1
0 49 42: 1846, 4, 1
0 49 43: 1846, 5, 3
0 49 43: 1905, 0, 3
0 49 53: 982, 0, 3
0 49 55: 319, 22, 1
0 50 1: 1265, 22, 2
0 50 3: 1246, 22, 1
0 50 8: 1265, 22, 1
0 50 17: 1246, 22, 2
0 50 22: 320, 22, 0
0 50 24: 982, 0, 1
0 50 25: 1846, 5, 1
0 50 25: 1905, 0, 1
0 50 26: 1846, 4, 3
0 50 27: 920, 22, 2
0 50 28: 920, 22, 1
0 50 29: 196, 4, 0
0 50 32: 196, 4, 0
0 50 34: 921, 22, 2
0 50 35: 921, 22, 0
0 50 37: 1905, 2, 2
0 50 38: 1299, 10, 1
0 50 38: 1905, 0, 2
0 50 39: 1298, 10, 0
0 50 39: 1905, 0, 2
0 50 40: 1187, 10, 2
0 50 40: 1905, 2, 1
0 50 43: 1905, 0, 3
0 50 45: 982, 2, 3
0 50 46: 982, 0, 0
0 50 47: 982, 0, 0
0 50 48: 982, 0, 0
0 50 49: 982, 0, 0
0 50 50: 982, 0, 0
0 50 51: 982, 0, 0
0 50 52: 982, 0, 0
0 50 53: 982, 3, 3
0 51 0: 1247, 22, 1
0 51 6: 1246, 22, 2
0 51 7: 1247, 22, 0
0 51 11: 1246, 22, 3
0 51 12: 1315, 10, 2
0 51 13: 1264, 22, 0
0 51 23: 319, 22, 0
0 51 24: 982, 0, 1
0 51 25: 1905, 1, 0
0 51 26: 1870, 10, 2
0 51 26: 1905, 2, 0
0 51 27: 1846, 4, 2
0 51 28: 196, 4, 2
0 51 30: 1846, 4, 2
0 51 31: 196, 4, 2
0 51 33: 1846, 4, 2
0 51 34: 196, 4, 2
0 51 34: 920, 22, 2
0 51 35: 920, 22, 1
0 51 36: 1846, 4, 2
0 51 37: 196, 4, 0
0 51 39: 1846, 4, 2
0 51 40: 196, 4, 0
0 51 42: 1846, 4, 2
0 51 43: 1905, 0, 3
0 51 45: 982, 0, 3
0 51 48: 1247, 22, 3
0 51 51: 320, 22, 3
0 52 3: 1315, 10, 3
0 52 17: 1247, 22, 3
0 52 24: 982, 1, 0
0 52 25: 982, 9, 0
0 52 26: 1905, 1, 0
0 52 27: 1846, 5, 0
0 52 27: 1905, 0, 0
0 52 28: 1905, 0, 0
0 52 29: 1905, 0, 0
0 52 30: 1846, 5, 0
0 52 30: 1905, 0, 0
0 52 31: 1905, 0, 0
0 52 32: 1905, 0, 0
0 52 33: 1846, 5, 0
0 52 33: 1905, 0, 0
0 52 34: 1905, 0, 0
0 52 35: 1905, 0, 0
0 52 36: 1846, 5, 0
0 52 36: 1905, 0, 0
0 52 37: 1905, 0, 0
0 52 38: 1905, 0, 0
0 52 39: 1846, 5, 0
0 52 39: 1905, 0, 0
0 52 40: 1905, 0, 0
0 52 41: 1905, 0, 0
0 52 42: 1846, 5, 0
0 52 42: 1905, 0, 0
0 52 43: 1905, 1, 3
0 52 44: 982, 9, 3
0 52 45: 982, 1, 3
0 52 47: 320, 22, 1
0 52 49: 320, 22, 3
0 52 52: 319, 22, 2
0 52 55: 320, 22, 2
0 52 60: 1257, 22, 2
0 52 61: 1257, 22, 1
0 53 4: 1247, 22, 1
0 53 7: 321, 22, 2
0 53 8: 319, 22, 2
0 53 10: 319, 22, 3
0 53 18: 1257, 22, 3
0 53 20: 1247, 22, 2
0 53 22: 320, 22, 0
0 53 24: 1257, 22, 3
0 53 25: 982, 1, 0
0 53 25: 1257, 22, 3
0 53 26: 982, 9, 0
0 53 43: 982, 9, 3
0 53 44: 982, 1, 3
0 53 57: 1257, 22, 2
0 53 58: 1257, 22, 0
0 53 59: 1257, 22, 2
0 53 60: 1257, 22, 1
0 53 61: 1257, 22, 1
0 53 62: 1257, 22, 1
0 53 63: 1257, 22, 0
0 54 0: 1264, 22, 3
0 54 6: 320, 22, 1
0 54 19: 1257, 22, 3
0 54 20: 1257, 22, 2
0 54 21: 1257, 22, 3
0 54 25: 1257, 22, 0
0 54 26: 982, 1, 0
0 54 27: 982, 0, 0
0 54 28: 982, 0, 0
0 54 28: 1257, 22, 1
0 54 29: 982, 0, 0
0 54 29: 1258, 22, 2
0 54 30: 982, 0, 0
0 54 30: 1257, 22, 2
0 54 31: 982, 0, 0
0 54 31: 1257, 22, 3
0 54 32: 982, 0, 0
0 54 32: 1258, 22, 3
0 54 33: 982, 0, 0
0 54 33: 1257, 22, 0
0 54 34: 982, 0, 0
0 54 35: 982, 0, 0
0 54 36: 982, 0, 0
0 54 36: 1257, 22, 2
0 54 37: 982, 0, 0
0 54 37: 1258, 22, 1
0 54 38: 982, 0, 0
0 54 38: 1257, 22, 2
0 54 39: 982, 0, 0
0 54 40: 982, 0, 0
0 54 40: 1258, 22, 2
0 54 41: 982, 0, 0
0 54 41: 1257, 22, 1
0 54 42: 982, 0, 0
0 54 42: 1257, 22, 3
0 54 43: 982, 1, 3
0 54 47: 319, 22, 1
0 54 50: 1257, 22, 1
0 54 51: 1257, 22, 0
0 54 52: 1257, 22, 0
0 54 57: 1257, 22, 3
0 54 58: 1257, 22, 0
0 54 59: 1258, 22, 3
0 54 60: 1258, 22, 2
0 54 61: 1259, 22, 0
0 54 62: 1257, 22, 3
0 54 63: 1257, 22, 3
0 55 0: 1247, 22, 2
0 55 4: 321, 22, 2
0 55 8: 1258, 22, 3
0 55 9: 1259, 22, 3
0 55 10: 1258, 22, 2
0 55 13: 320, 22, 2
0 55 16: 319, 22, 2
0 55 19: 1257, 22, 0
0 55 20: 1258, 22, 0
0 55 21: 1259, 22, 1
0 55 22: 320, 22, 2
0 55 23: 319, 22, 1
0 55 26: 320, 22, 1
0 55 35: 320, 22, 2
0 55 50: 1257, 22, 1
0 55 51: 1257, 22, 0
0 55 52: 1258, 22, 1
0 55 53: 1257, 22, 3
0 55 54: 1257, 22, 3
0 55 56: 1257, 22, 2
0 55 57: 1259, 22, 2
0 55 58: 1258, 22, 0
0 55 59: 1259, 22, 1
0 55 60: 1257, 22, 3
0 55 61: 1257, 22, 2
0 55 62: 1257, 22, 1
0 56 2: 321, 22, 3
0 56 4: 319, 22, 3
0 56 9: 321, 22, 3
0 56 13: 1257, 22, 1
0 56 16: 1259, 22, 0
0 56 18: 321, 22, 1
0 56 20: 1259, 22, 0
0 56 21: 321, 22, 1
0 56 25: 1257, 22, 0
0 56 28: 319, 22, 0
0 56 30: 320, 22, 3
0 56 32: 319, 22, 1
0 56 36: 319, 22, 2
0 56 38: 320, 22, 3
0 56 39: 319, 22, 1
0 56 41: 320, 22, 0
0 56 44: 319, 22, 2
0 56 46: 320, 22, 2
0 56 48: 1257, 22, 2
0 56 49: 1257, 22, 2
0 56 50: 1259, 22, 1
0 56 51: 1258, 22, 2
0 56 52: 1257, 22, 2
0 56 53: 1257, 22, 3
0 56 54: 1257, 22, 3
0 56 55: 1257, 22, 0
0 56 56: 1257, 22, 1
0 56 57: 1257, 22, 0
0 56 58: 1257, 22, 0
0 56 59: 1257, 22, 0
0 56 61: 320, 22, 3
0 56 62: 319, 22, 3
0 57 1: 319, 22, 2
0 57 2: 320, 22, 1
0 57 9: 320, 22, 2
0 57 10: 320, 22, 0
0 57 14: 320, 22, 2
0 57 15: 320, 22, 3
0 57 19: 319, 22, 2
0 57 20: 320, 22, 2
0 57 22: 1257, 22, 2
0 57 23: 1257, 22, 1
0 57 24: 321, 22, 2
0 57 26: 1257, 22, 3
0 57 27: 1257, 22, 2
0 57 33: 320, 22, 0
0 57 53: 1257, 22, 2
0 57 54: 1257, 22, 1
0 57 56: 320, 22, 2
0 57 57: 321, 22, 1
0 57 60: 321, 22, 2
0 57 63: 320, 22, 2
0 58 0: 319, 22, 2
0 58 5: 320, 22, 2
0 58 6: 320, 22, 0
0 58 7: 320, 22, 3
0 58 8: 320, 22, 0
0 58 9: 320, 22, 0
0 58 11: 320, 22, 3
0 58 16: 320, 22, 3
0 58 22: 319, 22, 3
0 58 23: 321, 22, 2
0 58 25: 320, 22, 1
0 58 27: 320, 22, 0
0 58 28: 319, 22, 1
0 58 31: 319, 22, 2
0 58 34: 319, 22, 3
0 58 35: 321, 22, 3
0 58 37: 321, 22, 0
0 58 39: 320, 22, 1
0 58 40: 319, 22, 1
0 58 42: 320, 22, 0
0 58 43: 319, 22, 2
0 58 46: 319, 22, 0
0 58 49: 320, 22, 3
0 58 51: 319, 22, 0
0 58 53: 321, 22, 2
0 58 54: 319, 22, 1
0 58 58: 319, 22, 1
0 59 1: 321, 22, 3
0 59 2: 320, 22, 3
0 59 4: 320, 22, 3
0 59 5: 321, 22, 1
0 59 6: 320, 22, 0
0 59 7: 320, 22, 1
0 59 9: 320, 22, 2
0 59 10: 320, 22, 1
0 59 11: 320, 22, 2
0 59 13: 320, 22, 2
0 59 14: 321, 22, 1
0 59 16: 321, 22, 0
0 59 19: 321, 22, 2
0 59 21: 1247, 22, 2
0 59 24: 319, 22, 3
0 59 37: 319, 22, 2
0 59 40: 321, 22, 1
0 59 49: 319, 22, 1
0 59 59: 355, 10, 0
0 59 59: 1902, 2, 3
0 59 60: 354, 10, 0
0 59 60: 1902, 0, 0
0 59 61: 818, 10, 3
0 59 61: 1902, 0, 0
0 59 62: 1902, 0, 0
0 59 62: 2784, 5, 0
0 59 63: 422, 10, 3
0 59 63: 1902, 2, 0
0 60 1: 320, 22, 1
0 60 2: 321, 22, 0
0 60 3: 320, 22, 2
0 60 14: 320, 22, 2
0 60 16: 321, 22, 3
0 60 17: 320, 22, 2
0 60 18: 320, 22, 1
0 60 19: 320, 22, 0
0 60 20: 320, 22, 1
0 60 21: 320, 22, 1
0 60 23: 320, 22, 1
0 60 24: 320, 22, 1
0 60 28: 320, 22, 2
0 60 33: 320, 22, 2
0 60 34: 321, 22, 3
0 60 38: 320, 22, 2
0 60 40: 320, 22, 1
0 60 47: 320, 22, 3
0 60 48: 320, 22, 2
0 60 51: 320, 22, 2
0 60 52: 320, 22, 3
0 60 54: 320, 22, 0
0 60 55: 321, 22, 3
0 60 59: 366, 10, 0
0 60 59: 1902, 0, 3
0 60 60: 598, 10, 2
0 60 63: 899, 5, 1
0 60 63: 1902, 0, 1
0 61 1: 320, 22, 1
0 61 2: 320, 22, 2
0 61 15: 320, 22, 0
0 61 17: 320, 22, 1
0 61 20: 320, 22, 3
0 61 21: 320, 22, 2
0 61 23: 320, 22, 0
0 61 24: 320, 22, 0
0 61 27: 320, 22, 3
0 61 28: 321, 22, 1
0 61 29: 320, 22, 1
0 61 30: 320, 22, 1
0 61 32: 321, 22, 0
0 61 33: 320, 22, 3
0 61 36: 320, 22, 0
0 61 39: 320, 22, 1
0 61 40: 321, 22, 2
0 61 41: 320, 22, 2
0 61 46: 320, 22, 0
0 61 47: 321, 22, 1
0 61 48: 320, 22, 1
0 61 49: 320, 22, 0
0 61 50: 320, 22, 3
0 61 51: 321, 22, 0
0 61 52: 320, 22, 0
0 61 59: 1902, 0, 3
0 61 63: 901, 5, 1
0 61 63: 1902, 0, 1
0 62 14: 1257, 22, 0
0 62 15: 1257, 22, 0
0 62 16: 1257, 22, 1
0 62 17: 1259, 22, 2
0 62 18: 1257, 22, 2
0 62 19: 1259, 22, 3
0 62 20: 1257, 22, 0
0 62 21: 1257, 22, 1
0 62 22: 1257, 22, 2
0 62 33: 320, 22, 3
0 62 40: 320, 22, 3
0 62 50: 320, 22, 2
0 62 51: 320, 22, 1
0 62 54: 1259, 22, 2
0 62 59: 1530, 0, 3
0 62 62: 365, 11, 0
0 62 63: 354, 11, 0
0 62 63: 850, 5, 1
0 62 63: 1902, 0, 1
0 63 15: 1257, 22, 2
0 63 16: 1257, 22, 3
0 63 17: 1257, 22, 0
0 63 18: 1257, 22, 0
0 63 19: 1257, 22, 3
0 63 36: 1257, 22, 3
0 63 37: 1257, 22, 3
0 63 38: 1259, 22, 0
0 63 40: 1257, 22, 2
0 63 41: 1257, 22, 2
0 63 46: 1257, 22, 1
0 63 47: 1259, 22, 2
0 63 48: 1257, 22, 0
0 63 54: 1259, 22, 3
0 63 59: 365, 11, 0
0 63 59: 1902, 2, 2
0 63 60: 365, 11, 0
0 63 60: 1902, 0, 2
0 63 61: 819, 10, 1
0 63 61: 1902, 0, 2
0 63 62: 365, 11, 0
0 63 62: 1902, 0, 2
0 63 62: 2784, 5, 2
0 63 63: 355, 11, 0
0 63 63: 963, 5, 1
0 63 63: 1902, 2, 1
1 0 56: 1620, 1, 1
1 0 57: 1620, 9, 1
1 0 57: 1646, 8, 1
1 0 59: 1646, 4, 0
1 0 60: 1646, 4, 0
1 0 62: 1620, 9, 2
1 0 62: 1646, 8, 2
1 0 63: 1620, 1, 2
1 1 56: 1620, 0, 1
1 1 59: 994, 0, 2
1 1 61: 647, 10, 2
1 1 63: 1620, 0, 3
1 2 56: 1620, 0, 1
1 2 56: 1646, 5, 1
1 2 57: 1646, 4, 3
1 2 58: 994, 0, 1
1 2 60: 994, 0, 3
1 2 62: 1646, 4, 1
1 2 63: 1620, 0, 3
1 2 63: 1646, 5, 3
1 3 56: 1620, 0, 1
1 3 59: 1740, 10, 0
1 3 63: 1620, 0, 3
1 4 56: 1620, 1, 0
1 4 57: 1620, 9, 0
1 4 57: 1646, 8, 0
1 4 62: 1620, 9, 3
1 4 62: 1646, 8, 3
1 4 63: 1620, 1, 3
1 5 57: 1620, 0, 1
1 5 61: 1620, 9, 3
1 5 62: 1620, 1, 3
1 6 57: 1620, 1, 0
1 6 58: 1620, 9, 0
1 6 59: 1620, 9, 3
1 6 60: 1620, 9, 0
1 6 61: 1620, 2, 2
1 6 62: 1620, 0, 2
1 6 63: 1620, 0, 2
1 7 58: 1620, 0, 1
1 7 59: 1620, 1, 3
1 7 60: 1620, 1, 0
1 7 61: 1620, 0, 3
1 7 63: 1749, 10, 2
1 8 58: 578, 5, 1
1 8 58: 1620, 0, 1
1 8 60: 1247, 22, 3
1 8 61: 1620, 0, 3
1 8 63: 1750, 10, 2
1 9 58: 1620, 0, 1
1 9 60: 1747, 10, 2
1 9 61: 578, 5, 3
1 9 61: 1620, 2, 3
1 9 62: 1620, 0, 0
1 9 63: 1620, 0, 0
1 10 56: 1622, 3, 1
1 10 57: 1622, 0, 2
1 10 58: 1622, 9, 1
1 10 60: 1247, 22, 2
1 10 61: 1620, 3, 2
1 10 61: 1622, 9, 2
1 10 62: 1622, 1, 2
1 11 56: 1622, 0, 1
1 11 57: 362, 10, 0
1 11 57: 1620, 3, 1
1 11 58: 362, 10, 0
1 11 58: 1620, 0, 2
1 11 59: 1530, 0, 2
1 11 62: 1622, 9, 2
1 11 63: 1622, 1, 2
1 12 53: 1622, 3, 1
1 12 54: 1622, 0, 2
1 12 55: 1622, 0, 2
1 12 56: 1622, 2, 1
1 12 57: 362, 10, 0
1 12 57: 1620, 0, 1
1 12 60: 1620, 9, 2
1 12 61: 1620, 1, 2
1 12 63: 1622, 0, 3
1 13 53: 1622, 0, 1
1 13 54: 1746, 10, 3
1 13 55: 1622, 0, 3
1 13 56: 1620, 3, 1
1 13 57: 1620, 2, 1
1 13 58: 1620, 0, 2
1 13 59: 1530, 0, 2
1 13 60: 1620, 0, 2
1 13 60: 1646, 4, 1
1 13 61: 1247, 22, 3
1 13 61: 1620, 2, 2
1 13 61: 1646, 5, 3
1 13 62: 1620, 0, 2
1 13 63: 1622, 0, 3
1 14 53: 1622, 0, 1
1 14 55: 1622, 0, 3
1 14 56: 1620, 0, 1
1 14 56: 1646, 5, 1
1 14 57: 1646, 4, 3
1 14 61: 1620, 0, 3
1 14 62: 1749, 10, 2
1 14 63: 1622, 0, 3
1 15 53: 1622, 0, 1
1 15 56: 1620, 0, 1
1 15 57: 1747, 10, 2
1 15 61: 578, 5, 3
1 15 61: 1620, 0, 3
1 15 63: 1622, 0, 3
1 16 49: 1622, 3, 1
1 16 50: 1622, 0, 2
1 16 51: 1622, 0, 2
1 16 52: 1622, 0, 2
1 16 53: 1622, 2, 1
1 16 56: 1620, 0, 1
1 16 56: 1646, 5, 1
1 16 57: 997, 0, 2
1 16 57: 1646, 4, 3
1 16 58: 997, 0, 2
1 16 59: 997, 0, 2
1 16 60: 997, 0, 2
1 16 60: 1646, 4, 1
1 16 61: 1620, 0, 3
1 16 61: 1646, 5, 3
1 16 63: 1622, 0, 3
1 17 49: 1622, 0, 1
1 17 50: 1620, 0, 2
1 17 50: 1646, 5, 2
1 17 51: 1620, 0, 2
1 17 52: 1620, 0, 2
1 17 52: 1646, 5, 2
1 17 53: 1620, 0, 2
1 17 54: 1620, 0, 2
1 17 55: 2339, 0, 2
1 17 56: 1620, 2, 1
1 17 57: 1747, 10, 2
1 17 59: 595, 10, 2
1 17 61: 1620, 0, 3
1 17 63: 1622, 0, 3
1 18 48: 1620, 1, 1
1 18 49: 1620, 9, 1
1 18 49: 1646, 8, 1
1 18 50: 1016, 10, 0
1 18 50: 1646, 4, 0
1 18 51: 1017, 10, 0
1 18 52: 1018, 10, 0
1 18 52: 1646, 4, 0
1 18 53: 1620, 0, 1
1 18 54: 818, 10, 3
1 18 61: 578, 5, 3
1 18 61: 1620, 0, 3
1 18 62: 1247, 22, 0
1 18 63: 1622, 0, 3
1 19 47: 1620, 1, 1
1 19 48: 1620, 9, 1
1 19 49: 359, 10, 2
1 19 50: 359, 10, 1
1 19 53: 1017, 10, 1
1 19 53: 1620, 0, 1
1 19 54: 411, 10, 0
1 19 56: 595, 10, 0
1 19 59: 1088, 10, 1
1 19 60: 1646, 4, 1
1 19 61: 1620, 0, 3
1 19 61: 1646, 5, 3
1 19 63: 1622, 0, 3
1 20 47: 1620, 0, 1
1 20 47: 1646, 5, 1
1 20 48: 1018, 10, 3
1 20 48: 1646, 4, 3
1 20 49: 360, 10, 2
1 20 53: 1018, 10, 1
1 20 53: 1620, 0, 1
1 20 54: 2752, 22, 0
1 20 57: 1088, 10, 0
1 20 58: 1247, 22, 0
1 20 60: 578, 6, 3
1 20 60: 1620, 9, 3
1 20 61: 1620, 1, 3
1 20 63: 1622, 0, 3
1 21 47: 578, 5, 1
1 21 47: 1620, 0, 1
1 21 48: 818, 10, 2
1 21 53: 1018, 10, 1
1 21 53: 1620, 0, 1
1 21 54: 818, 10, 1
1 21 54: 1620, 0, 2
1 21 55: 1620, 0, 2
1 21 55: 1646, 5, 2
1 21 56: 1620, 0, 2
1 21 57: 1620, 0, 2
1 21 57: 1646, 5, 2
1 21 58: 1620, 0, 2
1 21 58: 1646, 5, 2
1 21 59: 578, 6, 3
1 21 59: 1620, 9, 3
1 21 60: 1247, 22, 3
1 21 60: 1620, 1, 3
1 21 62: 1622, 9, 3
1 21 63: 1622, 1, 3
1 22 47: 1620, 0, 1
1 22 47: 1646, 5, 1
1 22 48: 1017, 10, 3
1 22 48: 1646, 4, 3
1 22 54: 2341, 0, 3
1 22 55: 1646, 4, 0
1 22 57: 1646, 4, 0
1 22 58: 1646, 4, 0
1 22 61: 1622, 9, 3
1 22 62: 1622, 1, 3
1 23 47: 1620, 1, 0
1 23 48: 1620, 9, 0
1 23 49: 360, 10, 3
1 23 51: 2336, 10, 1
1 23 53: 1620, 9, 3
1 23 54: 1622, 0, 0
1 23 55: 1622, 0, 0
1 23 56: 1622, 0, 0
1 23 57: 1622, 0, 0
1 23 58: 1622, 0, 0
1 23 59: 1622, 0, 0
1 23 60: 1622, 0, 0
1 23 61: 1622, 1, 3
1 24 48: 1620, 1, 0
1 24 49: 1620, 9, 0
1 24 49: 1646, 8, 0
1 24 50: 1017, 10, 2
1 24 50: 1646, 4, 2
1 24 51: 1016, 10, 2
1 24 52: 1620, 9, 3
1 24 52: 1646, 8, 3
1 24 53: 1620, 1, 3
1 25 49: 1620, 1, 0
1 25 50: 1620, 0, 0
1 25 50: 1646, 5, 0
1 25 51: 1620, 0, 0
1 25 52: 1620, 1, 3
1 35 25: 1905, 1, 1
1 35 26: 1847, 5, 2
1 35 26: 1905, 0, 2
1 35 27: 1905, 0, 2
1 35 28: 1905, 0, 2
1 35 29: 1905, 0, 2
1 35 30: 1847, 5, 2
1 35 30: 1905, 0, 2
1 35 31: 1905, 0, 2
1 35 32: 1905, 0, 2
1 35 33: 1905, 0, 2
1 35 34: 1847, 5, 2
1 35 34: 1905, 0, 2
1 35 35: 1905, 0, 2
1 35 36: 1905, 0, 2
1 35 37: 1905, 0, 2
1 35 38: 1847, 5, 2
1 35 38: 1905, 0, 2
1 35 39: 1905, 0, 2
1 35 40: 1905, 0, 2
1 35 41: 1905, 0, 2
1 35 42: 1847, 5, 2
1 35 42: 1905, 0, 2
1 35 43: 1905, 1, 2
1 36 25: 1905, 0, 1
1 36 26: 350, 10, 0
1 36 26: 1847, 4, 0
1 36 28: 350, 10, 0
1 36 29: 196, 5, 1
1 36 29: 1902, 0, 1
1 36 30: 350, 10, 0
1 36 30: 1847, 4, 0
1 36 31: 595, 10, 1
1 36 33: 196, 4, 0
1 36 34: 1847, 4, 0
1 36 35: 196, 4, 0
1 36 36: 916, 22, 2
1 36 36: 1530, 0, 1
1 36 38: 917, 22, 3
1 36 38: 1847, 4, 0
1 36 39: 918, 22, 3
1 36 40: 918, 22, 3
1 36 41: 917, 22, 0
1 36 42: 598, 10, 3
1 36 42: 1847, 4, 0
1 36 43: 1905, 0, 3
1 37 25: 1847, 5, 1
1 37 25: 1905, 0, 1
1 37 26: 1847, 4, 3
1 37 29: 1530, 0, 1
1 37 30: 916, 22, 2
1 37 36: 1902, 0, 1
1 37 38: 917, 22, 2
1 37 38: 1847, 4, 2
1 37 39: 918, 22, 1
1 37 40: 918, 22, 1
1 37 41: 917, 22, 1
1 37 42: 1847, 4, 1
1 37 43: 1847, 5, 3
1 37 43: 1905, 0, 3
1 38 25: 1905, 0, 1
1 38 26: 196, 4, 3
1 38 27: 1746, 10, 1
1 38 29: 196, 5, 1
1 38 29: 1902, 0, 1
1 38 31: 419, 10, 1
1 38 33: 419, 10, 1
1 38 35: 419, 10, 1
1 38 36: 1902, 1, 0
1 38 37: 1905, 2, 3
1 38 38: 1847, 5, 0
1 38 38: 1905, 0, 0
1 38 39: 1905, 0, 0
1 38 40: 1905, 2, 0
1 38 42: 196, 4, 1
1 38 43: 1905, 0, 3
1 39 25: 1905, 0, 1
1 39 29: 1902, 0, 1
1 39 30: 592, 10, 1
1 39 30: 1847, 4, 2
1 39 32: 1102, 10, 3
1 39 34: 1102, 10, 3
1 39 34: 1847, 4, 2
1 39 36: 1102, 10, 3
1 39 37: 1905, 0, 3
1 39 40: 1905, 0, 1
1 39 43: 1905, 0, 3
1 40 25: 1847, 5, 1
1 40 25: 1905, 0, 1
1 40 26: 1847, 4, 3
1 40 27: 917, 22, 3
1 40 28: 917, 22, 0
1 40 29: 1905, 9, 3
1 40 30: 1847, 5, 0
1 40 30: 1905, 0, 0
1 40 31: 1905, 0, 0
1 40 32: 1905, 0, 0
1 40 33: 1905, 0, 0
1 40 34: 1847, 5, 0
1 40 34: 1905, 0, 0
1 40 35: 1905, 0, 0
1 40 36: 1905, 0, 0
1 40 37: 1905, 1, 3
1 40 40: 1905, 0, 1
1 40 41: 196, 4, 3
1 40 42: 1847, 4, 1
1 40 43: 1847, 5, 3
1 40 43: 1905, 0, 3
1 41 25: 1905, 0, 1
1 41 26: 381, 10, 2
1 41 27: 918, 22, 2
1 41 28: 196, 4, 1
1 41 28: 918, 22, 0
1 41 29: 1905, 0, 3
1 41 39: 1905, 1, 1
1 41 40: 1905, 2, 1
1 41 41: 1530, 0, 2
1 41 42: 1902, 0, 2
1 41 43: 1905, 2, 2
1 41 44: 1905, 1, 2
1 42 25: 1905, 1, 0
1 42 26: 1905, 2, 0
1 42 27: 918, 22, 2
1 42 28: 918, 22, 0
1 42 29: 1905, 0, 3
1 42 39: 1905, 0, 1
1 42 44: 1905, 0, 3
1 43 26: 1847, 5, 1
1 43 26: 1905, 0, 1
1 43 27: 918, 22, 2
1 43 27: 1847, 4, 3
1 43 28: 918, 22, 0
1 43 29: 1847, 5, 3
1 43 29: 1905, 0, 3
1 43 39: 1847, 5, 1
1 43 39: 1905, 0, 1
1 43 40: 1847, 4, 3
1 43 42: 2640, 10, 0
1 43 43: 1847, 4, 1
1 43 44: 1847, 5, 3
1 43 44: 1905, 0, 3
1 44 26: 1847, 5, 1
1 44 26: 1905, 0, 1
1 44 27: 918, 22, 2
1 44 27: 1847, 4, 3
1 44 28: 918, 22, 0
1 44 29: 1847, 5, 3
1 44 29: 1905, 0, 3
1 44 39: 1905, 0, 1
1 44 42: 2752, 22, 0
1 44 44: 1905, 0, 3
1 45 25: 1905, 1, 1
1 45 26: 1905, 2, 1
1 45 27: 918, 22, 2
1 45 28: 918, 22, 0
1 45 29: 1905, 0, 3
1 45 39: 1847, 5, 1
1 45 39: 1905, 0, 1
1 45 40: 1847, 4, 3
1 45 43: 1847, 4, 1
1 45 44: 1847, 5, 3
1 45 44: 1905, 0, 3
1 46 25: 1905, 0, 1
1 46 26: 381, 10, 0
1 46 27: 918, 22, 2
1 46 28: 196, 4, 1
1 46 28: 918, 22, 0
1 46 29: 1905, 0, 3
1 46 39: 1905, 0, 1
1 46 43: 915, 10, 2
1 46 44: 1905, 0, 3
1 47 25: 1847, 5, 1
1 47 25: 1905, 0, 1
1 47 26: 1847, 4, 3
1 47 27: 917, 22, 2
1 47 28: 917, 22, 1
1 47 29: 1905, 9, 2
1 47 30: 1847, 5, 2
1 47 30: 1905, 0, 2
1 47 31: 1905, 0, 2
1 47 32: 1905, 0, 2
1 47 33: 1905, 0, 2
1 47 34: 1847, 5, 2
1 47 34: 1905, 0, 2
1 47 35: 1905, 0, 2
1 47 36: 1905, 0, 2
1 47 37: 1905, 1, 2
1 47 39: 1905, 1, 0
1 47 40: 1905, 2, 0
1 47 41: 1530, 0, 0
1 47 42: 1902, 0, 0
1 47 43: 1905, 2, 3
1 47 44: 1905, 1, 3
1 48 25: 1905, 0, 1
1 48 29: 1904, 0, 1
1 48 30: 1847, 4, 0
1 48 31: 419, 10, 3
1 48 33: 419, 10, 3
1 48 34: 1102, 10, 3
1 48 34: 1847, 4, 0
1 48 35: 419, 10, 3
1 48 36: 350, 10, 0
1 48 37: 1905, 0, 3
1 48 40: 1905, 0, 1
1 48 41: 196, 4, 3
1 48 42: 1847, 4, 1
1 48 43: 1847, 5, 3
1 48 43: 1905, 0, 3
1 49 25: 1905, 0, 1
1 49 26: 196, 4, 3
1 49 27: 1746, 10, 1
1 49 29: 196, 5, 1
1 49 29: 1904, 0, 1
1 49 30: 1102, 10, 3
1 49 37: 1905, 2, 2
1 49 38: 1847, 5, 2
1 49 38: 1905, 0, 2
1 49 39: 1905, 0, 2
1 49 40: 1905, 2, 1
1 49 42: 196, 4, 1
1 49 43: 1905, 0, 3
1 50 25: 1847, 5, 1
1 50 25: 1905, 0, 1
1 50 26: 1847, 4, 3
1 50 29: 1530, 0, 1
1 50 30: 916, 22, 2
1 50 37: 1902, 0, 3
1 50 38: 917, 22, 3
1 50 38: 1847, 4, 0
1 50 39: 918, 22, 3
1 50 40: 918, 22, 3
1 50 41: 917, 22, 0
1 50 42: 1847, 4, 1
1 50 43: 1847, 5, 3
1 50 43: 1905, 0, 3
1 51 25: 1905, 0, 1
1 51 26: 604, 10, 3
1 51 26: 1847, 4, 2
1 51 27: 362, 10, 1
1 51 28: 362, 10, 0
1 51 29: 196, 5, 1
1 51 29: 1904, 0, 1
1 51 30: 1847, 4, 2
1 51 31: 595, 10, 1
1 51 33: 196, 4, 2
1 51 34: 1847, 4, 2
1 51 35: 196, 4, 2
1 51 36: 916, 22, 0
1 51 37: 1530, 0, 3
1 51 38: 917, 22, 2
1 51 38: 1847, 4, 2
1 51 39: 918, 22, 1
1 51 40: 918, 22, 1
1 51 41: 917, 22, 1
1 51 42: 598, 10, 0
1 51 42: 1847, 4, 2
1 51 43: 1905, 0, 3
1 52 25: 1905, 1, 0
1 52 26: 1847, 5, 0
1 52 26: 1905, 0, 0
1 52 27: 1905, 0, 0
1 52 28: 1905, 0, 0
1 52 29: 1905, 0, 0
1 52 30: 1847, 5, 0
1 52 30: 1905, 0, 0
1 52 31: 1905, 0, 0
1 52 32: 1905, 0, 0
1 52 33: 1905, 0, 0
1 52 34: 1847, 5, 0
1 52 34: 1905, 0, 0
1 52 35: 1905, 0, 0
1 52 36: 1905, 0, 0
1 52 37: 1905, 0, 0
1 52 38: 1847, 5, 0
1 52 38: 1905, 0, 0
1 52 39: 1905, 0, 0
1 52 40: 1905, 0, 0
1 52 41: 1905, 0, 0
1 52 42: 1847, 5, 0
1 52 42: 1905, 0, 0
1 52 43: 1905, 1, 3
1 59 59: 1933, 16, 1
1 59 60: 1933, 12, 2
1 59 61: 1933, 12, 2
1 59 62: 1933, 12, 2
1 59 63: 1933, 16, 2
1 60 59: 1933, 12, 1
1 60 60: 1933, 17, 3
1 60 61: 1933, 17, 3
1 60 62: 1933, 17, 3
1 60 63: 1933, 12, 3
1 61 59: 1933, 12, 1
1 61 60: 1933, 17, 3
1 61 61: 1933, 17, 3
1 61 62: 1933, 17, 3
1 61 63: 1933, 12, 3
1 62 59: 1933, 12, 1
1 62 60: 1933, 17, 3
1 62 61: 1933, 17, 3
1 62 62: 1933, 17, 3
1 62 63: 1933, 12, 3
1 63 59: 1933, 16, 0
1 63 60: 1933, 12, 0
1 63 61: 1933, 12, 0
1 63 62: 1933, 12, 0
1 63 63: 1933, 16, 3
2 0 56: 1622, 1, 1
2 0 57: 1622, 9, 1
2 0 58: 1620, 1, 1
2 0 59: 1620, 0, 2
2 0 59: 1646, 5, 2
2 0 60: 1247, 22, 0
2 0 60: 1620, 0, 2
2 0 61: 1620, 1, 2
2 0 62: 1622, 9, 2
2 0 63: 1622, 1, 2
2 1 56: 1622, 0, 1
2 1 57: 1620, 1, 1
2 1 58: 1620, 9, 1
2 1 58: 1646, 8, 1
2 1 61: 1620, 9, 2
2 1 61: 1646, 8, 2
2 1 62: 1620, 1, 2
2 1 63: 1622, 0, 3
2 2 56: 1622, 0, 1
2 2 57: 1620, 0, 1
2 2 60: 1738, 10, 1
2 2 62: 1620, 0, 3
2 2 63: 1622, 0, 3
2 3 56: 1622, 0, 1
2 3 57: 1620, 0, 1
2 3 57: 1646, 5, 1
2 3 62: 1620, 0, 3
2 3 63: 1622, 0, 3
2 4 56: 1622, 1, 0
2 4 57: 1620, 1, 0
2 4 57: 1622, 9, 0
2 4 58: 1620, 9, 0
2 4 58: 1646, 8, 0
2 4 61: 1620, 9, 3
2 4 61: 1646, 8, 3
2 4 62: 1620, 1, 3
2 4 62: 1622, 9, 3
2 4 63: 1622, 1, 3
2 5 57: 1622, 0, 1
2 5 58: 1620, 1, 0
2 5 59: 1513, 0, 0
2 5 60: 1620, 0, 0
2 5 61: 1620, 1, 3
2 5 61: 1622, 9, 3
2 5 62: 1622, 1, 3
2 6 57: 1622, 1, 0
2 6 58: 1622, 9, 0
2 6 61: 1622, 2, 2
2 6 62: 1622, 0, 2
2 6 63: 1622, 0, 2
2 7 58: 1622, 0, 1
2 7 59: 1247, 22, 1
2 8 58: 1622, 0, 1
2 8 60: 1247, 22, 2
2 8 63: 1749, 10, 2
2 9 58: 1622, 0, 1
2 9 60: 1746, 10, 2
2 9 61: 1622, 2, 3
2 9 62: 1622, 0, 0
2 9 63: 1622, 0, 0
2 10 58: 1622, 0, 1
2 10 61: 1622, 0, 3
2 11 57: 1622, 3, 1
2 11 58: 1622, 2, 1
2 11 59: 366, 10, 2
2 11 60: 1622, 2, 3
2 11 61: 1622, 3, 3
2 12 57: 1622, 0, 1
2 12 58: 355, 10, 2
2 12 59: 354, 10, 2
2 12 60: 1622, 9, 2
2 12 61: 1622, 1, 2
2 13 56: 1622, 3, 1
2 13 57: 1622, 2, 1
2 13 58: 1247, 22, 1
2 13 61: 1622, 0, 3
2 14 56: 1622, 0, 1
2 14 59: 821, 10, 2
2 14 61: 1622, 2, 3
2 15 56: 1622, 0, 1
2 15 57: 1746, 10, 2
2 15 61: 1622, 0, 3
2 16 56: 1622, 0, 1
2 16 60: 822, 10, 2
2 16 61: 1622, 0, 3
2 17 49: 1622, 1, 1
2 17 50: 1622, 0, 2
2 17 51: 1622, 0, 2
2 17 52: 1622, 0, 2
2 17 53: 1622, 0, 2
2 17 54: 1622, 0, 2
2 17 55: 1622, 0, 2
2 17 56: 1622, 2, 1
2 17 57: 1746, 10, 2
2 17 59: 821, 10, 2
2 17 61: 1622, 0, 3
2 18 48: 1622, 1, 1
2 18 49: 1622, 9, 1
2 18 51: 1646, 4, 2
2 18 53: 1247, 22, 0
2 18 61: 1622, 0, 3
2 19 47: 1622, 1, 1
2 19 48: 1622, 9, 1
2 19 49: 1620, 9, 3
2 19 49: 1646, 8, 3
2 19 50: 1620, 0, 0
2 19 51: 1620, 0, 0
2 19 51: 1646, 5, 0
2 19 52: 1620, 9, 0
2 19 52: 1646, 8, 0
2 19 56: 1247, 22, 1
2 19 59: 1247, 22, 0
2 19 61: 1622, 0, 3
2 20 47: 1622, 0, 1
2 20 48: 1646, 4, 1
2 20 49: 1620, 0, 3
2 20 49: 1646, 5, 3
2 20 52: 1620, 0, 1
2 20 52: 1646, 5, 1
2 20 53: 1646, 4, 3
2 20 54: 821, 10, 3
2 20 57: 821, 10, 3
2 20 60: 1622, 9, 3
2 20 61: 1622, 1, 3
2 21 47: 1622, 0, 1
2 21 48: 578, 4, 1
2 21 49: 1620, 0, 3
2 21 50: 1738, 10, 2
2 21 52: 1513, 0, 1
2 21 55: 822, 10, 3
2 21 56: 822, 10, 1
2 21 59: 1622, 9, 3
2 21 60: 1622, 1, 3
2 22 47: 1622, 0, 1
2 22 48: 1646, 4, 1
2 22 49: 1620, 0, 3
2 22 49: 1646, 5, 3
2 22 52: 1620, 0, 1
2 22 52: 1646, 5, 1
2 22 53: 1247, 22, 1
2 22 53: 1646, 4, 3
2 22 54: 1622, 2, 3
2 22 55: 1622, 0, 0
2 22 56: 1622, 0, 0
2 22 57: 1622, 0, 0
2 22 58: 1622, 0, 0
2 22 59: 1622, 1, 3
2 23 47: 1622, 1, 0
2 23 48: 1622, 9, 0
2 23 49: 1620, 9, 2
2 23 49: 1646, 8, 2
2 23 50: 1620, 0, 2
2 23 51: 1620, 0, 2
2 23 51: 1646, 5, 2
2 23 52: 1620, 9, 1
2 23 52: 1646, 8, 1
2 23 53: 1622, 9, 3
2 23 54: 1622, 1, 3
2 24 48: 1622, 1, 0
2 24 49: 1622, 9, 0
2 24 51: 1646, 4, 0
2 24 52: 1622, 9, 3
2 24 53: 1622, 1, 3
2 25 49: 1622, 1, 0
2 25 50: 1622, 0, 0
2 25 51: 1622, 0, 0
2 25 52: 1622, 1, 3
2 35 25: 1792, 19, 1
2 35 26: 1792, 18, 2
2 35 27: 1792, 18, 2
2 35 28: 1792, 18, 2
2 35 29: 1792, 18, 2
2 35 30: 1792, 18, 2
2 35 31: 1792, 18, 2
2 35 32: 1792, 18, 2
2 35 33: 1792, 18, 2
2 35 34: 1792, 18, 2
2 35 35: 1792, 18, 2
2 35 36: 1792, 18, 2
2 35 37: 1792, 18, 2
2 35 38: 1792, 18, 2
2 35 39: 1792, 18, 2
2 35 40: 1792, 18, 2
2 35 41: 1792, 18, 2
2 35 42: 1792, 18, 2
2 35 43: 1792, 19, 2
2 36 25: 1792, 18, 1
2 36 26: 1604, 12, 2
2 36 27: 1604, 12, 2
2 36 28: 1604, 12, 2
2 36 29: 1604, 12, 2
2 36 30: 1604, 12, 2
2 36 31: 1604, 12, 2
2 36 32: 1604, 12, 2
2 36 33: 1604, 12, 2
2 36 34: 1604, 12, 2
2 36 35: 1604, 12, 2
2 36 36: 1604, 12, 2
2 36 37: 1604, 12, 2
2 36 38: 1604, 12, 2
2 36 39: 1604, 12, 2
2 36 40: 1604, 12, 2
2 36 41: 1604, 12, 2
2 36 42: 1926, 16, 2
2 36 43: 1792, 18, 3
2 37 25: 1792, 18, 1
2 37 26: 1605, 17, 2
2 37 36: 1605, 17, 2
2 37 37: 1604, 12, 0
2 37 38: 1604, 12, 0
2 37 39: 1604, 12, 0
2 37 40: 1604, 12, 0
2 37 41: 1926, 15, 0
2 37 42: 1604, 12, 3
2 37 43: 1792, 18, 3
2 38 25: 1792, 18, 1
2 38 26: 1605, 17, 2
2 38 36: 1605, 17, 2
2 38 37: 1792, 20, 3
2 38 38: 1792, 18, 0
2 38 39: 1792, 18, 0
2 38 40: 1792, 20, 0
2 38 41: 1604, 12, 1
2 38 42: 1604, 12, 3
2 38 43: 1792, 18, 3
2 39 25: 1792, 18, 1
2 39 26: 1604, 17, 0
2 39 27: 1604, 17, 0
2 39 28: 1604, 17, 1
2 39 29: 1641, 14, 3
2 39 30: 1604, 12, 0
2 39 31: 1604, 12, 0
2 39 32: 1604, 12, 0
2 39 33: 1604, 12, 0
2 39 34: 1604, 12, 0
2 39 35: 1604, 12, 0
2 39 36: 1604, 12, 0
2 39 37: 1792, 18, 3
2 39 40: 1792, 18, 1
2 39 41: 1604, 12, 1
2 39 42: 1604, 12, 3
2 39 43: 1792, 18, 3
2 40 25: 1792, 18, 1
2 40 26: 1604, 17, 0
2 40 27: 1604, 17, 0
2 40 28: 1641, 14, 3
2 40 29: 1604, 13, 3
2 40 30: 1792, 18, 0
2 40 31: 1792, 18, 0
2 40 32: 1792, 18, 0
2 40 33: 1792, 18, 0
2 40 34: 1792, 18, 0
2 40 35: 1792, 18, 0
2 40 36: 1792, 18, 0
2 40 37: 1792, 19, 3
2 40 40: 1792, 18, 1
2 40 41: 1604, 12, 1
2 40 42: 1604, 12, 3
2 40 43: 1792, 18, 3
2 41 25: 1792, 18, 1
2 41 26: 1604, 12, 0
2 41 27: 1641, 14, 0
2 41 28: 1604, 12, 3
2 41 29: 1792, 18, 3
2 41 39: 1792, 19, 1
2 41 40: 1792, 20, 1
2 41 41: 1604, 12, 1
2 41 42: 1604, 12, 3
2 41 43: 1792, 20, 2
2 41 44: 1792, 19, 2
2 42 25: 1792, 19, 0
2 42 26: 1792, 20, 0
2 42 27: 1604, 12, 1
2 42 28: 1604, 12, 3
2 42 29: 1792, 18, 3
2 42 39: 1792, 18, 1
2 42 40: 1604, 12, 1
2 42 41: 1605, 17, 3
2 42 42: 1605, 17, 3
2 42 43: 1604, 12, 3
2 42 44: 1792, 18, 3
2 43 26: 1792, 18, 1
2 43 27: 1604, 12, 1
2 43 28: 1604, 12, 3
2 43 29: 1792, 18, 3
2 43 39: 1792, 18, 1
2 43 40: 1604, 12, 1
2 43 43: 1604, 12, 3
2 43 44: 1792, 18, 3
2 44 26: 1792, 18, 1
2 44 27: 1604, 12, 1
2 44 28: 1604, 12, 3
2 44 29: 1792, 18, 3
2 44 39: 1792, 18, 1
2 44 40: 1604, 12, 1
2 44 43: 1604, 12, 3
2 44 44: 1792, 18, 3
2 45 25: 1792, 19, 1
2 45 26: 1792, 20, 1
2 45 27: 1604, 12, 1
2 45 28: 1604, 12, 3
2 45 29: 1792, 18, 3
2 45 39: 1792, 18, 1
2 45 40: 1604, 12, 1
2 45 43: 1604, 12, 3
2 45 44: 1792, 18, 3
2 46 25: 1792, 18, 1
2 46 26: 1604, 12, 2
2 46 27: 1641, 14, 1
2 46 28: 1604, 12, 3
2 46 29: 1792, 18, 3
2 46 39: 1792, 18, 1
2 46 40: 1604, 12, 1
2 46 41: 1605, 17, 3
2 46 42: 1605, 17, 3
2 46 43: 1604, 12, 3
2 46 44: 1792, 18, 3
2 47 25: 1792, 18, 1
2 47 26: 1604, 17, 0
2 47 27: 1604, 17, 1
2 47 28: 1641, 14, 2
2 47 29: 1604, 13, 2
2 47 30: 1792, 18, 2
2 47 31: 1792, 18, 2
2 47 32: 1792, 18, 2
2 47 33: 1792, 18, 2
2 47 34: 1792, 18, 2
2 47 35: 1792, 18, 2
2 47 36: 1792, 18, 2
2 47 37: 1792, 19, 2
2 47 39: 1792, 19, 0
2 47 40: 1792, 20, 0
2 47 41: 1604, 12, 1
2 47 42: 1604, 12, 3
2 47 43: 1792, 20, 3
2 47 44: 1792, 19, 3
2 48 25: 1792, 18, 1
2 48 26: 1604, 17, 0
2 48 27: 1604, 17, 1
2 48 28: 1604, 17, 1
2 48 29: 1641, 14, 2
2 48 30: 1604, 12, 2
2 48 31: 1604, 12, 2
2 48 32: 1604, 12, 2
2 48 33: 1604, 12, 2
2 48 34: 1604, 12, 2
2 48 35: 1604, 12, 2
2 48 36: 1604, 12, 2
2 48 37: 1792, 18, 3
2 48 40: 1792, 18, 1
2 48 41: 1604, 12, 1
2 48 42: 1604, 12, 3
2 48 43: 1792, 18, 3
2 49 25: 1792, 18, 1
2 49 26: 1605, 17, 3
2 49 36: 1605, 17, 3
2 49 37: 1792, 20, 2
2 49 38: 1792, 18, 2
2 49 39: 1792, 18, 2
2 49 40: 1792, 20, 1
2 49 41: 1604, 12, 1
2 49 42: 1604, 12, 3
2 49 43: 1792, 18, 3
2 50 25: 1792, 18, 1
2 50 26: 1605, 17, 3
2 50 36: 1605, 17, 3
2 50 37: 1604, 12, 2
2 50 38: 1604, 12, 2
2 50 39: 1604, 12, 2
2 50 40: 1604, 12, 2
2 50 41: 1641, 15, 1
2 50 42: 1604, 12, 3
2 50 43: 1792, 18, 3
2 51 25: 1792, 18, 1
2 51 26: 1604, 12, 0
2 51 27: 1604, 12, 0
2 51 28: 1604, 12, 0
2 51 29: 1604, 12, 0
2 51 30: 1604, 12, 0
2 51 31: 1604, 12, 0
2 51 32: 1604, 12, 0
2 51 33: 1604, 12, 0
2 51 34: 1604, 12, 0
2 51 35: 1604, 12, 0
2 51 36: 1604, 12, 0
2 51 37: 1604, 12, 0
2 51 38: 1604, 12, 0
2 51 39: 1604, 12, 0
2 51 40: 1604, 12, 0
2 51 41: 1604, 12, 0
2 51 42: 1641, 16, 3
2 51 43: 1792, 18, 3
2 52 25: 1792, 19, 0
2 52 26: 1792, 18, 0
2 52 27: 1792, 18, 0
2 52 28: 1792, 18, 0
2 52 29: 1792, 18, 0
2 52 30: 1792, 18, 0
2 52 31: 1792, 18, 0
2 52 32: 1792, 18, 0
2 52 33: 1792, 18, 0
2 52 34: 1792, 18, 0
2 52 35: 1792, 18, 0
2 52 36: 1792, 18, 0
2 52 37: 1792, 18, 0
2 52 38: 1792, 18, 0
2 52 39: 1792, 18, 0
2 52 40: 1792, 18, 0
2 52 41: 1792, 18, 0
2 52 42: 1792, 18, 0
2 52 43: 1792, 19, 3
3 0 58: 1622, 1, 1
3 0 59: 1622, 0, 2
3 0 60: 1622, 0, 2
3 0 61: 1622, 1, 2
3 1 57: 1622, 1, 1
3 1 58: 1622, 9, 1
3 1 59: 1247, 22, 3
3 1 61: 1622, 9, 2
3 1 62: 1622, 1, 2
3 2 57: 1622, 0, 1
3 2 60: 1740, 10, 1
3 2 61: 994, 0, 0
3 2 62: 1622, 0, 3
3 3 57: 1622, 0, 1
3 3 59: 1247, 22, 0
3 3 61: 994, 0, 0
3 3 62: 1622, 0, 3
3 4 57: 1622, 1, 0
3 4 58: 1622, 9, 0
3 4 61: 1622, 9, 3
3 4 62: 1622, 1, 3
3 5 58: 1622, 1, 0
3 5 59: 1622, 0, 0
3 5 60: 1622, 0, 0
3 5 61: 1622, 1, 3
3 19 49: 1622, 9, 3
3 19 50: 1622, 0, 0
3 19 51: 1622, 0, 0
3 19 52: 1622, 9, 0
3 20 49: 1622, 0, 3
3 20 50: 1247, 22, 0
3 20 52: 1622, 0, 1
3 21 49: 1622, 0, 3
3 21 51: 1740, 10, 2
3 21 52: 1622, 0, 1
3 22 49: 1622, 0, 3
3 22 50: 994, 0, 1
3 22 51: 994, 2, 1
3 22 52: 1622, 0, 1
3 23 49: 1622, 9, 2
3 23 50: 1622, 0, 2
3 23 51: 1622, 0, 2
3 23 52: 1622, 9, 1
3 37 27: 1604, 12, 2
3 37 28: 1604, 12, 2
3 37 29: 1604, 12, 2
3 37 30: 1604, 12, 2
3 37 31: 1604, 12, 2
3 37 32: 1604, 12, 2
3 37 33: 1604, 12, 2
3 37 34: 1604, 12, 2
3 37 35: 1604, 12, 2
3 38 27: 1604, 12, 0
3 38 28: 1604, 12, 0
3 38 29: 1604, 12, 0
3 38 30: 1604, 12, 0
3 38 31: 1604, 12, 0
3 38 32: 1604, 12, 0
3 38 33: 1604, 12, 0
3 38 34: 1604, 12, 0
3 38 35: 1604, 12, 0
3 42 41: 1604, 12, 1
3 42 42: 1604, 12, 3
3 43 41: 1604, 12, 1
3 43 42: 1604, 12, 3
3 44 41: 1604, 12, 1
3 44 42: 1604, 12, 3
3 45 41: 1604, 12, 1
3 45 42: 1604, 12, 3
3 46 41: 1604, 12, 1
3 46 42: 1604, 12, 3
3 49 27: 1604, 12, 2
3 49 28: 1604, 12, 2
3 49 29: 1604, 12, 2
3 49 30: 1604, 12, 2
3 49 31: 1604, 12, 2
3 49 32: 1604, 12, 2
3 49 33: 1604, 12, 2
3 49 34: 1604, 12, 2
3 49 35: 1604, 12, 2
3 50 27: 1604, 12, 0
3 50 28: 1604, 12, 0
3 50 29: 1604, 12, 0
3 50 30: 1604, 12, 0
3 50 31: 1604, 12, 0
3 50 32: 1604, 12, 0
3 50 33: 1604, 12, 0
3 50 34: 1604, 12, 0
3 50 35: 1604, 12, 0
