0 0 1: 336, 22, 0
0 0 2: 337, 22, 0
0 0 3: 336, 22, 2
0 0 5: 336, 22, 0
0 0 6: 335, 22, 0
0 0 7: 336, 22, 0
0 0 8: 336, 22, 1
0 0 9: 336, 22, 2
0 0 11: 336, 22, 3
0 0 18: 325, 22, 2
0 0 19: 325, 22, 3
0 0 20: 325, 22, 0
0 0 22: 325, 22, 3
0 0 23: 325, 22, 3
0 0 24: 325, 22, 0
0 0 26: 325, 22, 1
0 0 28: 325, 22, 2
0 0 30: 1250, 22, 1
0 0 31: 1383, 11, 3
0 0 34: 1383, 11, 0
0 0 36: 1250, 22, 1
0 0 38: 1383, 11, 1
0 0 41: 1248, 22, 0
0 0 43: 1341, 10, 3
0 0 44: 1250, 22, 1
0 0 46: 1341, 10, 3
0 0 52: 325, 22, 1
0 0 53: 325, 22, 2
0 0 54: 325, 22, 3
0 0 56: 325, 22, 1
0 0 57: 325, 22, 2
0 0 59: 325, 22, 3
0 0 61: 325, 22, 0
0 0 62: 326, 22, 0
0 0 63: 325, 22, 2
0 1 1: 336, 22, 3
0 1 2: 336, 22, 1
0 1 4: 335, 22, 1
0 1 6: 2097, 10, 1
0 1 10: 335, 22, 2
0 1 12: 337, 22, 3
0 1 19: 325, 22, 0
0 1 21: 325, 22, 2
0 1 23: 325, 22, 0
0 1 26: 324, 22, 2
0 1 27: 325, 22, 2
0 1 30: 1248, 22, 2
0 1 32: 1248, 22, 3
0 1 33: 1249, 22, 2
0 1 34: 1250, 22, 0
0 1 35: 1282, 11, 0
0 1 37: 1250, 22, 2
0 1 38: 1249, 22, 2
0 1 40: 1341, 10, 3
0 1 42: 1250, 22, 0
0 1 43: 1249, 22, 3
0 1 44: 1341, 10, 3
0 1 46: 1249, 22, 1
0 1 48: 325, 22, 3
0 1 49: 325, 22, 0
0 1 50: 325, 22, 1
0 1 51: 325, 22, 1
0 1 53: 325, 22, 3
0 1 54: 325, 22, 3
0 1 55: 325, 22, 0
0 1 57: 324, 22, 3
0 1 59: 324, 22, 0
0 1 60: 325, 22, 1
0 1 62: 325, 22, 2
0 1 63: 325, 22, 2
0 2 0: 336, 22, 2
0 2 1: 337, 22, 1
0 2 2: 335, 22, 2
0 2 5: 2097, 10, 0
0 2 6: 2096, 10, 1
0 2 7: 335, 22, 3
0 2 7: 2096, 10, 1
0 2 14: 336, 22, 1
0 2 16: 336, 22, 2
0 2 19: 325, 22, 1
0 2 22: 324, 22, 1
0 2 25: 325, 22, 1
0 2 30: 1249, 22, 1
0 2 31: 1171, 11, 2
0 2 32: 1286, 11, 0
0 2 33: 1250, 22, 3
0 2 37: 1250, 22, 3
0 2 39: 1248, 22, 2
0 2 40: 1250, 22, 3
0 2 41: 1341, 10, 3
0 2 43: 1250, 22, 0
0 2 47: 325, 22, 3
0 2 50: 324, 22, 2
0 2 52: 325, 22, 2
0 2 53: 326, 22, 1
0 2 54: 325, 22, 0
0 2 55: 325, 22, 0
0 2 57: 325, 22, 3
0 2 58: 325, 22, 2
0 2 59: 325, 22, 1
0 2 61: 325, 22, 1
0 2 63: 325, 22, 2
0 3 0: 336, 22, 1
0 3 9: 2097, 10, 3
0 3 11: 2096, 10, 1
0 3 12: 336, 22, 2
0 3 13: 336, 22, 3
0 3 20: 325, 22, 1
0 3 21: 325, 22, 0
0 3 24: 326, 22, 3
0 3 26: 325, 22, 0
0 3 28: 1297, 11, 0
0 3 31: 1383, 11, 3
0 3 32: 1167, 11, 2
0 3 33: 1250, 22, 2
0 3 34: 1249, 22, 3
0 3 36: 1249, 22, 0
0 3 38: 1286, 11, 2
0 3 39: 1250, 22, 2
0 3 42: 1250, 22, 1
0 3 44: 1249, 22, 0
0 3 47: 325, 22, 2
0 3 48: 326, 22, 0
0 3 52: 325, 22, 3
0 3 53: 325, 22, 0
0 3 54: 325, 22, 1
0 3 56: 325, 22, 2
0 3 57: 325, 22, 0
0 3 59: 325, 22, 2
0 3 60: 325, 22, 0
0 3 61: 324, 22, 1
0 3 63: 325, 22, 3
0 4 0: 336, 22, 0
0 4 1: 335, 22, 0
0 4 2: 2097, 10, 1
0 4 4: 2097, 10, 0
0 4 6: 336, 22, 3
0 4 7: 336, 22, 2
0 4 8: 336, 22, 2
0 4 9: 336, 22, 1
0 4 10: 336, 22, 0
0 4 11: 336, 22, 1
0 4 14: 336, 22, 0
0 4 15: 336, 22, 1
0 4 17: 336, 22, 3
0 4 21: 325, 22, 0
0 4 22: 325, 22, 3
0 4 23: 325, 22, 2
0 4 24: 325, 22, 2
0 4 25: 325, 22, 1
0 4 30: 1250, 22, 2
0 4 31: 1250, 22, 3
0 4 32: 1164, 11, 3
0 4 33: 1168, 11, 1
0 4 34: 1250, 22, 2
0 4 35: 1286, 11, 1
0 4 37: 1250, 22, 0
0 4 38: 1250, 22, 1
0 4 40: 1248, 22, 3
0 4 41: 1383, 11, 3
0 4 43: 1286, 11, 1
0 4 44: 1250, 22, 3
0 4 45: 859, 10, 3
0 4 46: 325, 22, 1
0 4 49: 325, 22, 2
0 4 50: 325, 22, 1
0 4 50: 859, 10, 3
0 4 52: 1341, 10, 2
0 4 53: 325, 22, 2
0 4 55: 326, 22, 3
0 4 56: 325, 22, 3
0 4 58: 1341, 10, 3
0 4 60: 325, 22, 3
0 4 62: 326, 22, 1
0 5 1: 336, 22, 3
0 5 4: 335, 22, 0
0 5 5: 336, 22, 0
0 5 7: 659, 11, 1
0 5 10: 336, 22, 0
0 5 12: 2097, 10, 2
0 5 15: 336, 22, 1
0 5 16: 335, 22, 0
0 5 18: 336, 22, 0
0 5 21: 325, 22, 0
0 5 22: 325, 22, 2
0 5 23: 325, 22, 3
0 5 24: 325, 22, 3
0 5 25: 324, 22, 0
0 5 27: 325, 22, 3
0 5 31: 1248, 22, 1
0 5 32: 1383, 11, 0
0 5 33: 1250, 22, 0
0 5 35: 1250, 22, 1
0 5 36: 1383, 11, 2
0 5 39: 1383, 11, 2
0 5 42: 1250, 22, 2
0 5 47: 325, 22, 0
0 5 50: 1383, 11, 1
0 5 54: 324, 22, 1
0 5 56: 325, 22, 3
0 5 57: 325, 22, 0
0 5 58: 325, 22, 0
0 5 59: 325, 22, 3
0 5 63: 325, 22, 1
0 6 0: 337, 22, 2
0 6 1: 336, 22, 3
0 6 2: 336, 22, 2
0 6 3: 336, 22, 1
0 6 7: 334, 22, 1
0 6 8: 334, 22, 2
0 6 9: 825, 22, 1
0 6 10: 826, 22, 0
0 6 10: 2096, 10, 1
0 6 11: 336, 22, 3
0 6 14: 337, 22, 3
0 6 15: 336, 22, 2
0 6 16: 336, 22, 3
0 6 19: 336, 22, 1
0 6 21: 325, 22, 1
0 6 23: 1341, 10, 0
0 6 25: 325, 22, 0
0 6 27: 325, 22, 2
0 6 30: 1249, 22, 0
0 6 31: 1383, 11, 2
0 6 32: 1250, 22, 3
0 6 34: 1248, 22, 0
0 6 37: 1248, 22, 1
0 6 38: 325, 22, 3
0 6 39: 325, 22, 3
0 6 40: 325, 22, 3
0 6 42: 325, 22, 0
0 6 45: 1286, 11, 3
0 6 46: 859, 10, 3
0 6 47: 325, 22, 0
0 6 48: 325, 22, 3
0 6 49: 859, 10, 3
0 6 51: 325, 22, 0
0 6 53: 325, 22, 3
0 6 55: 325, 22, 2
0 6 57: 325, 22, 2
0 6 58: 325, 22, 1
0 6 60: 325, 22, 2
0 6 60: 1382, 10, 0
0 6 62: 325, 22, 1
0 6 63: 325, 22, 2
0 7 1: 335, 22, 1
0 7 2: 2096, 10, 1
0 7 3: 335, 22, 1
0 7 4: 336, 22, 2
0 7 6: 334, 22, 2
0 7 7: 2097, 10, 1
0 7 8: 334, 22, 3
0 7 9: 334, 22, 0
0 7 10: 336, 22, 2
0 7 11: 336, 22, 0
0 7 12: 2097, 10, 1
0 7 13: 336, 22, 2
0 7 14: 336, 22, 1
0 7 16: 336, 22, 3
0 7 17: 337, 22, 1
0 7 22: 325, 22, 2
0 7 24: 325, 22, 3
0 7 25: 325, 22, 1
0 7 27: 325, 22, 0
0 7 28: 325, 22, 1
0 7 30: 1250, 22, 1
0 7 32: 1250, 22, 0
0 7 36: 325, 22, 2
0 7 37: 325, 22, 2
0 7 39: 325, 22, 1
0 7 40: 325, 22, 2
0 7 42: 325, 22, 3
0 7 44: 325, 22, 0
0 7 45: 325, 22, 1
0 7 46: 325, 22, 2
0 7 47: 325, 22, 2
0 7 48: 325, 22, 3
0 7 50: 325, 22, 0
0 7 52: 325, 22, 1
0 7 54: 325, 22, 1
0 7 55: 325, 22, 0
0 7 56: 325, 22, 0
0 7 58: 1382, 10, 1
0 7 59: 325, 22, 0
0 7 61: 325, 22, 1
0 8 3: 2097, 10, 1
0 8 4: 336, 22, 3
0 8 5: 334, 22, 2
0 8 6: 334, 22, 3
0 8 7: 2096, 10, 1
0 8 8: 2096, 10, 1
0 8 9: 2741, 22, 0
0 8 10: 336, 22, 1
0 8 13: 336, 22, 3
0 8 14: 2096, 10, 1
0 8 15: 337, 22, 2
0 8 18: 336, 22, 2
0 8 19: 336, 22, 2
0 8 21: 325, 22, 1
0 8 22: 325, 22, 2
0 8 23: 325, 22, 1
0 8 24: 325, 22, 1
0 8 28: 325, 22, 1
0 8 31: 1286, 11, 3
0 8 35: 325, 22, 1
0 8 37: 1382, 10, 0
0 8 44: 1382, 10, 0
0 8 47: 1870, 10, 2
0 8 48: 1870, 10, 2
0 8 51: 1382, 10, 2
0 8 53: 325, 22, 0
0 8 59: 1339, 10, 0
0 8 62: 325, 22, 3
0 8 63: 325, 22, 3
0 9 0: 337, 22, 3
0 9 1: 336, 22, 1
0 9 2: 336, 22, 1
0 9 3: 2097, 10, 0
0 9 4: 336, 22, 0
0 9 6: 334, 22, 3
0 9 7: 334, 22, 2
0 9 8: 334, 22, 0
0 9 9: 334, 22, 3
0 9 10: 336, 22, 0
0 9 11: 336, 22, 3
0 9 12: 2097, 10, 1
0 9 13: 2097, 10, 1
0 9 14: 2096, 10, 1
0 9 16: 337, 22, 1
0 9 21: 325, 22, 1
0 9 25: 326, 22, 1
0 9 27: 325, 22, 3
0 9 31: 1248, 22, 0
0 9 35: 1382, 10, 3
0 9 36: 1382, 10, 1
0 9 45: 1382, 10, 3
0 9 47: 1870, 10, 2
0 9 48: 1870, 10, 2
0 9 50: 1382, 10, 2
0 9 57: 1382, 10, 3
0 9 58: 1382, 10, 2
0 9 62: 325, 22, 0
0 9 62: 1382, 10, 3
0 9 63: 325, 22, 0
0 10 2: 2097, 10, 1
0 10 3: 336, 22, 1
0 10 5: 336, 22, 1
0 10 6: 334, 22, 2
0 10 9: 827, 22, 3
0 10 10: 336, 22, 2
0 10 13: 2096, 10, 1
0 10 18: 336, 22, 0
0 10 19: 336, 22, 1
0 10 23: 326, 22, 2
0 10 27: 325, 22, 2
0 10 29: 1341, 10, 1
0 10 38: 326, 22, 0
0 10 39: 325, 22, 2
0 10 41: 326, 22, 2
0 10 42: 326, 22, 2
0 10 44: 326, 22, 3
0 10 46: 326, 22, 2
0 10 49: 326, 22, 1
0 10 51: 326, 22, 0
0 10 52: 326, 22, 3
0 10 53: 325, 22, 2
0 10 54: 326, 22, 1
0 10 55: 325, 22, 3
0 10 56: 326, 22, 0
0 10 57: 325, 22, 1
0 10 62: 325, 22, 1
0 11 1: 335, 22, 2
0 11 5: 336, 22, 2
0 11 7: 336, 22, 3
0 11 8: 334, 22, 0
0 11 11: 335, 22, 1
0 11 12: 336, 22, 1
0 11 13: 336, 22, 1
0 11 16: 336, 22, 1
0 11 18: 336, 22, 2
0 11 19: 336, 22, 0
0 11 21: 325, 22, 0
0 11 26: 325, 22, 1
0 11 28: 325, 22, 1
0 11 34: 1382, 10, 2
0 11 37: 325, 22, 1
0 11 38: 325, 22, 0
0 11 39: 325, 22, 3
0 11 39: 849, 10, 2
0 11 40: 325, 22, 1
0 11 40: 849, 10, 2
0 11 41: 849, 10, 2
0 11 42: 326, 22, 1
0 11 42: 849, 10, 2
0 11 44: 326, 22, 2
0 11 45: 324, 22, 3
0 11 45: 849, 10, 2
0 11 46: 325, 22, 2
0 11 46: 849, 10, 2
0 11 49: 326, 22, 1
0 11 49: 849, 10, 2
0 11 50: 324, 22, 1
0 11 50: 849, 10, 2
0 11 51: 324, 22, 0
0 11 53: 325, 22, 3
0 11 53: 849, 10, 2
0 11 54: 849, 10, 2
0 11 55: 325, 22, 2
0 11 55: 849, 10, 2
0 11 56: 325, 22, 1
0 11 56: 849, 10, 2
0 11 57: 325, 22, 3
0 11 58: 325, 22, 0
0 11 60: 1382, 10, 1
0 11 61: 1382, 10, 2
0 11 62: 325, 22, 2
0 12 1: 336, 22, 3
0 12 2: 336, 22, 0
0 12 4: 2097, 10, 3
0 12 6: 335, 22, 3
0 12 8: 659, 11, 3
0 12 9: 335, 22, 0
0 12 11: 336, 22, 3
0 12 12: 336, 22, 2
0 12 17: 336, 22, 0
0 12 23: 324, 22, 3
0 12 25: 325, 22, 2
0 12 32: 1383, 11, 1
0 12 37: 325, 22, 1
0 12 38: 1017, 10, 3
0 12 38: 1621, 2, 3
0 12 39: 1621, 0, 0
0 12 39: 1872, 5, 0
0 12 40: 206, 5, 0
0 12 40: 1621, 0, 0
0 12 41: 1621, 0, 0
0 12 42: 333, 22, 0
0 12 42: 1621, 0, 0
0 12 42: 1872, 5, 0
0 12 43: 1621, 2, 0
0 12 44: 324, 22, 1
0 12 45: 325, 22, 3
0 12 46: 325, 22, 1
0 12 46: 859, 10, 3
0 12 47: 185, 22, 3
0 12 48: 326, 22, 3
0 12 49: 326, 22, 1
0 12 49: 859, 10, 3
0 12 50: 324, 22, 3
0 12 51: 325, 22, 3
0 12 52: 1621, 2, 3
0 12 53: 1621, 0, 0
0 12 53: 1872, 5, 0
0 12 54: 1621, 0, 0
0 12 55: 206, 5, 0
0 12 55: 1621, 0, 0
0 12 56: 1621, 0, 0
0 12 56: 1872, 5, 0
0 12 57: 1621, 2, 0
0 12 58: 325, 22, 0
0 12 58: 849, 10, 3
0 12 59: 325, 22, 2
0 12 63: 326, 22, 2
0 13 0: 336, 22, 2
0 13 2: 335, 22, 3
0 13 3: 2096, 10, 1
0 13 5: 2097, 10, 2
0 13 6: 2097, 10, 1
0 13 7: 336, 22, 1
0 13 9: 336, 22, 0
0 13 10: 336, 22, 0
0 13 13: 337, 22, 0
0 13 14: 2096, 11, 1
0 13 15: 335, 22, 3
0 13 21: 325, 22, 0
0 13 24: 325, 22, 2
0 13 25: 325, 22, 2
0 13 26: 324, 22, 2
0 13 28: 325, 22, 0
0 13 28: 1341, 10, 0
0 13 29: 325, 22, 0
0 13 37: 325, 22, 2
0 13 37: 849, 10, 1
0 13 37: 1646, 4, 1
0 13 38: 1015, 10, 3
0 13 38: 1621, 0, 3
0 13 38: 1646, 5, 3
0 13 39: 827, 22, 2
0 13 41: 333, 22, 3
0 13 42: 334, 22, 2
0 13 43: 333, 22, 1
0 13 43: 1621, 0, 1
0 13 43: 1872, 5, 1
0 13 44: 849, 10, 2
0 13 45: 326, 22, 3
0 13 45: 851, 10, 1
0 13 46: 325, 22, 0
0 13 46: 849, 10, 2
0 13 46: 1621, 1, 1
0 13 47: 1519, 0, 2
0 13 48: 1516, 0, 2
0 13 49: 325, 22, 1
0 13 49: 849, 10, 2
0 13 49: 1621, 1, 2
0 13 50: 325, 22, 2
0 13 50: 851, 10, 1
0 13 51: 849, 10, 2
0 13 52: 1621, 0, 3
0 13 52: 1872, 5, 3
0 13 57: 1621, 0, 1
0 13 57: 1872, 5, 1
0 13 58: 325, 22, 3
0 13 58: 849, 10, 3
0 13 58: 1646, 4, 3
0 13 62: 325, 22, 3
0 14 1: 336, 22, 3
0 14 3: 2096, 10, 1
0 14 4: 2096, 10, 1
0 14 8: 336, 22, 2
0 14 13: 335, 22, 2
0 14 13: 2097, 11, 2
0 14 14: 336, 22, 1
0 14 16: 336, 22, 1
0 14 19: 325, 22, 3
0 14 23: 325, 22, 3
0 14 36: 325, 22, 3
0 14 37: 325, 22, 2
0 14 37: 849, 10, 1
0 14 38: 1016, 10, 3
0 14 38: 1621, 0, 3
0 14 41: 1752, 10, 0
0 14 42: 333, 22, 2
0 14 43: 1621, 0, 1
0 14 44: 1621, 0, 0
0 14 44: 1872, 5, 0
0 14 45: 206, 5, 0
0 14 45: 1621, 0, 0
0 14 46: 1621, 0, 0
0 14 46: 1872, 5, 0
0 14 47: 1621, 1, 3
0 14 48: 1621, 1, 0
0 14 49: 1621, 0, 0
0 14 49: 1872, 5, 0
0 14 50: 206, 5, 0
0 14 50: 1621, 0, 0
0 14 51: 1621, 0, 0
0 14 51: 1872, 5, 0
0 14 52: 904, 5, 3
0 14 52: 1621, 0, 3
0 14 53: 917, 22, 3
0 14 54: 918, 22, 3
0 14 54: 1752, 10, 0
0 14 55: 918, 22, 3
0 14 56: 917, 22, 0
0 14 57: 904, 5, 1
0 14 57: 1621, 0, 1
0 14 58: 325, 22, 3
0 14 58: 849, 10, 3
0 14 59: 325, 22, 2
0 14 61: 1382, 10, 3
0 15 2: 336, 22, 2
0 15 4: 2097, 10, 1
0 15 5: 2096, 10, 1
0 15 7: 337, 22, 0
0 15 8: 336, 22, 3
0 15 10: 2097, 10, 1
0 15 14: 336, 22, 1
0 15 19: 325, 22, 2
0 15 21: 325, 22, 1
0 15 22: 325, 22, 0
0 15 24: 1341, 10, 3
0 15 26: 325, 22, 2
0 15 30: 325, 22, 3
0 15 34: 1382, 10, 3
0 15 36: 325, 22, 3
0 15 37: 325, 22, 0
0 15 37: 849, 10, 1
0 15 37: 1646, 4, 1
0 15 38: 1015, 10, 3
0 15 38: 1621, 0, 3
0 15 38: 1646, 5, 3
0 15 43: 1530, 0, 1
0 15 45: 917, 22, 3
0 15 46: 918, 22, 3
0 15 47: 918, 22, 3
0 15 48: 918, 22, 3
0 15 49: 918, 22, 3
0 15 50: 917, 22, 0
0 15 52: 1621, 0, 3
0 15 52: 1872, 5, 3
0 15 53: 917, 22, 2
0 15 54: 918, 22, 1
0 15 55: 918, 22, 1
0 15 56: 917, 22, 1
0 15 57: 333, 22, 1
0 15 57: 1621, 0, 1
0 15 57: 1872, 5, 1
0 15 58: 325, 22, 0
0 15 58: 849, 10, 3
0 15 58: 1646, 4, 3
0 15 59: 326, 22, 2
0 15 62: 325, 22, 0
0 15 63: 324, 22, 0
0 16 3: 336, 22, 1
0 16 6: 335, 22, 0
0 16 7: 335, 22, 1
0 16 9: 336, 22, 0
0 16 10: 336, 22, 1
0 16 11: 336, 22, 2
0 16 12: 337, 22, 3
0 16 13: 336, 22, 0
0 16 15: 336, 22, 2
0 16 21: 325, 22, 1
0 16 25: 325, 22, 1
0 16 27: 326, 22, 0
0 16 30: 324, 22, 1
0 16 31: 325, 22, 2
0 16 33: 1382, 10, 0
0 16 37: 325, 22, 1
0 16 38: 324, 22, 1
0 16 38: 1018, 10, 3
0 16 38: 1621, 2, 2
0 16 39: 1621, 0, 2
0 16 40: 206, 5, 2
0 16 40: 1621, 0, 2
0 16 41: 1621, 0, 2
0 16 42: 1530, 0, 2
0 16 43: 1621, 2, 1
0 16 43: 1872, 5, 1
0 16 44: 197, 4, 2
0 16 45: 817, 10, 1
0 16 45: 917, 22, 2
0 16 46: 197, 4, 2
0 16 46: 918, 22, 1
0 16 47: 918, 22, 1
0 16 48: 918, 22, 1
0 16 49: 197, 4, 2
0 16 49: 918, 22, 1
0 16 50: 817, 10, 1
0 16 50: 917, 22, 1
0 16 51: 197, 4, 2
0 16 52: 1621, 2, 2
0 16 53: 1530, 0, 2
0 16 54: 1621, 0, 2
0 16 54: 1872, 5, 2
0 16 55: 206, 5, 2
0 16 55: 1621, 0, 2
0 16 56: 333, 22, 0
0 16 56: 1621, 0, 2
0 16 56: 1872, 5, 2
0 16 57: 334, 22, 2
0 16 57: 1621, 2, 1
0 16 58: 325, 22, 2
0 16 63: 325, 22, 2
0 17 4: 336, 22, 3
0 17 6: 336, 22, 2
0 17 8: 337, 22, 2
0 17 11: 336, 22, 0
0 17 12: 336, 22, 3
0 17 14: 336, 22, 3
0 17 19: 326, 22, 0
0 17 24: 325, 22, 0
0 17 29: 1341, 10, 0
0 17 34: 1381, 10, 0
0 17 36: 326, 22, 0
0 17 37: 325, 22, 1
0 17 38: 325, 22, 2
0 17 40: 849, 10, 1
0 17 41: 1621, 0, 3
0 17 41: 1872, 5, 3
0 17 43: 1621, 0, 1
0 17 43: 1872, 5, 1
0 17 44: 358, 10, 1
0 17 44: 1621, 0, 0
0 17 45: 357, 10, 1
0 17 45: 1621, 0, 0
0 17 46: 827, 22, 0
0 17 46: 1621, 0, 0
0 17 47: 1621, 0, 0
0 17 48: 357, 10, 0
0 17 48: 1621, 0, 0
0 17 49: 358, 10, 0
0 17 49: 1621, 0, 0
0 17 50: 362, 10, 0
0 17 50: 1621, 0, 0
0 17 51: 362, 10, 0
0 17 51: 1621, 0, 0
0 17 52: 1621, 0, 3
0 17 55: 1621, 0, 1
0 17 55: 1872, 5, 1
0 17 56: 325, 22, 3
0 17 56: 849, 10, 3
0 17 58: 325, 22, 2
0 17 59: 324, 22, 0
0 17 60: 1382, 10, 0
0 17 62: 325, 22, 0
0 18 7: 336, 22, 2
0 18 9: 336, 22, 0
0 18 10: 336, 22, 0
0 18 11: 336, 22, 3
0 18 18: 325, 22, 1
0 18 21: 1341, 10, 1
0 18 23: 325, 22, 3
0 18 25: 1341, 10, 3
0 18 26: 325, 22, 1
0 18 32: 325, 22, 2
0 18 33: 1382, 10, 0
0 18 37: 325, 22, 0
0 18 38: 325, 22, 3
0 18 39: 324, 22, 0
0 18 40: 325, 22, 3
0 18 40: 849, 10, 1
0 18 41: 206, 5, 3
0 18 41: 1621, 0, 3
0 18 42: 917, 22, 3
0 18 43: 206, 5, 1
0 18 43: 917, 22, 0
0 18 43: 1621, 0, 1
0 18 44: 357, 10, 0
0 18 45: 325, 22, 0
0 18 46: 325, 22, 2
0 18 47: 326, 22, 3
0 18 49: 356, 10, 2
0 18 50: 362, 10, 2
0 18 51: 362, 10, 1
0 18 52: 197, 5, 3
0 18 52: 917, 22, 3
0 18 52: 1621, 0, 3
0 18 53: 917, 22, 0
0 18 54: 417, 10, 0
0 18 55: 206, 5, 1
0 18 55: 1621, 0, 1
0 18 56: 325, 22, 2
0 18 56: 849, 10, 3
0 18 57: 326, 22, 3
0 18 58: 325, 22, 1
0 18 59: 325, 22, 1
0 18 63: 325, 22, 1
0 19 5: 336, 22, 0
0 19 6: 336, 22, 0
0 19 7: 336, 22, 1
0 19 9: 336, 22, 2
0 19 10: 336, 22, 2
0 19 16: 325, 22, 0
0 19 19: 325, 22, 2
0 19 22: 325, 22, 3
0 19 26: 325, 22, 1
0 19 28: 325, 22, 2
0 19 31: 326, 22, 0
0 19 32: 1340, 10, 1
0 19 36: 326, 22, 3
0 19 37: 325, 22, 2
0 19 38: 326, 22, 1
0 19 39: 325, 22, 2
0 19 40: 849, 10, 1
0 19 41: 1621, 0, 3
0 19 41: 1872, 5, 3
0 19 42: 918, 22, 2
0 19 43: 918, 22, 0
0 19 43: 1621, 0, 1
0 19 43: 1872, 5, 1
0 19 44: 325, 22, 3
0 19 46: 325, 22, 3
0 19 47: 325, 22, 0
0 19 48: 325, 22, 1
0 19 49: 324, 22, 2
0 19 52: 918, 22, 2
0 19 52: 1621, 0, 3
0 19 52: 1872, 5, 3
0 19 53: 918, 22, 0
0 19 54: 334, 22, 0
0 19 55: 333, 22, 3
0 19 55: 1621, 0, 1
0 19 55: 1872, 5, 1
0 19 56: 849, 10, 3
0 19 57: 325, 22, 0
0 19 58: 325, 22, 0
0 19 62: 326, 22, 3
0 19 63: 325, 22, 2
0 20 0: 325, 22, 0
0 20 15: 325, 22, 3
0 20 20: 325, 22, 2
0 20 24: 324, 22, 3
0 20 27: 325, 22, 1
0 20 28: 324, 22, 0
0 20 30: 325, 22, 3
0 20 32: 325, 22, 1
0 20 36: 325, 22, 1
0 20 37: 325, 22, 2
0 20 38: 325, 22, 1
0 20 39: 324, 22, 3
0 20 40: 325, 22, 1
0 20 40: 849, 10, 1
0 20 40: 1646, 4, 1
0 20 41: 817, 10, 2
0 20 41: 1621, 0, 3
0 20 41: 1646, 5, 3
0 20 42: 918, 22, 2
0 20 43: 899, 5, 1
0 20 43: 918, 22, 0
0 20 43: 1621, 0, 1
0 20 45: 324, 22, 3
0 20 46: 654, 22, 3
0 20 47: 827, 22, 1
0 20 48: 325, 22, 2
0 20 49: 325, 22, 3
0 20 50: 325, 22, 0
0 20 51: 362, 10, 0
0 20 52: 918, 22, 2
0 20 52: 1621, 0, 3
0 20 53: 918, 22, 0
0 20 54: 333, 22, 2
0 20 55: 1621, 0, 1
0 20 55: 1646, 5, 1
0 20 56: 326, 22, 3
0 20 56: 1646, 4, 3
0 20 57: 325, 22, 3
0 20 58: 324, 22, 3
0 20 58: 849, 10, 3
0 20 62: 325, 22, 0
0 20 63: 325, 22, 0
0 21 1: 325, 22, 1
0 21 2: 325, 22, 3
0 21 26: 325, 22, 1
0 21 27: 325, 22, 0
0 21 37: 325, 22, 0
0 21 38: 325, 22, 0
0 21 39: 325, 22, 0
0 21 40: 849, 10, 1
0 21 41: 1621, 0, 3
0 21 42: 918, 22, 2
0 21 43: 901, 5, 1
0 21 43: 918, 22, 0
0 21 43: 1621, 0, 1
0 21 44: 325, 22, 2
0 21 44: 650, 4, 3
0 21 45: 325, 22, 1
0 21 45: 647, 10, 0
0 21 46: 325, 22, 0
0 21 47: 325, 22, 3
0 21 48: 325, 22, 2
0 21 50: 326, 22, 2
0 21 51: 325, 22, 1
0 21 52: 901, 5, 3
0 21 52: 918, 22, 2
0 21 52: 1621, 0, 3
0 21 53: 918, 22, 0
0 21 55: 817, 10, 0
0 21 55: 1621, 0, 1
0 21 56: 326, 22, 3
0 21 57: 325, 22, 0
0 21 58: 849, 10, 3
0 21 59: 326, 22, 2
0 21 62: 325, 22, 3
0 22 3: 325, 22, 3
0 22 4: 325, 22, 3
0 22 5: 325, 22, 2
0 22 6: 325, 22, 2
0 22 14: 325, 22, 2
0 22 18: 1383, 11, 1
0 22 19: 1248, 22, 3
0 22 20: 1250, 22, 0
0 22 23: 1341, 10, 2
0 22 24: 325, 22, 2
0 22 26: 325, 22, 0
0 22 28: 325, 22, 0
0 22 29: 326, 22, 2
0 22 31: 325, 22, 0
0 22 33: 1382, 10, 2
0 22 34: 1381, 10, 3
0 22 37: 326, 22, 2
0 22 38: 324, 22, 2
0 22 39: 325, 22, 1
0 22 40: 325, 22, 1
0 22 40: 849, 10, 1
0 22 40: 1646, 4, 1
0 22 41: 817, 10, 2
0 22 41: 1621, 0, 3
0 22 41: 1646, 5, 3
0 22 42: 918, 22, 2
0 22 43: 918, 22, 0
0 22 43: 1621, 0, 1
0 22 44: 326, 22, 0
0 22 45: 325, 22, 0
0 22 47: 653, 22, 0
0 22 48: 325, 22, 2
0 22 49: 325, 22, 1
0 22 51: 356, 10, 2
0 22 52: 899, 5, 3
0 22 52: 918, 22, 2
0 22 52: 1621, 0, 3
0 22 53: 918, 22, 0
0 22 55: 1621, 0, 1
0 22 55: 1646, 5, 1
0 22 56: 1646, 4, 3
0 22 57: 326, 22, 0
0 22 58: 325, 22, 1
0 22 59: 326, 22, 1
0 22 62: 326, 22, 0
0 22 63: 325, 22, 1
0 23 0: 325, 22, 1
0 23 7: 325, 22, 1
0 23 10: 326, 22, 3
0 23 13: 325, 22, 1
0 23 20: 1248, 22, 2
0 23 26: 325, 22, 0
0 23 28: 325, 22, 3
0 23 32: 324, 22, 0
0 23 34: 1382, 10, 1
0 23 36: 325, 22, 3
0 23 37: 325, 22, 0
0 23 38: 326, 22, 2
0 23 39: 325, 22, 2
0 23 40: 325, 22, 2
0 23 40: 849, 10, 1
0 23 41: 1621, 0, 3
0 23 41: 1872, 5, 3
0 23 42: 918, 22, 2
0 23 43: 918, 22, 0
0 23 43: 1621, 0, 1
0 23 43: 1872, 5, 1
0 23 44: 325, 22, 3
0 23 44: 650, 4, 3
0 23 45: 325, 22, 1
0 23 46: 325, 22, 2
0 23 47: 324, 22, 0
0 23 49: 325, 22, 1
0 23 50: 325, 22, 0
0 23 51: 357, 10, 0
0 23 52: 918, 22, 2
0 23 52: 1621, 0, 3
0 23 52: 1872, 5, 3
0 23 53: 918, 22, 0
0 23 55: 1621, 0, 1
0 23 55: 1872, 5, 1
0 23 56: 325, 22, 0
0 23 57: 326, 22, 0
0 23 62: 325, 22, 2
0 24 1: 325, 22, 2
0 24 3: 324, 22, 0
0 24 7: 325, 22, 1
0 24 11: 325, 22, 0
0 24 18: 1250, 22, 3
0 24 19: 1250, 22, 2
0 24 22: 1248, 22, 3
0 24 25: 325, 22, 3
0 24 29: 324, 22, 1
0 24 30: 325, 22, 1
0 24 31: 325, 22, 0
0 24 34: 1381, 10, 2
0 24 36: 326, 22, 3
0 24 37: 325, 22, 3
0 24 38: 326, 22, 2
0 24 39: 325, 22, 3
0 24 40: 325, 22, 3
0 24 40: 849, 10, 1
0 24 41: 206, 5, 3
0 24 41: 1621, 0, 3
0 24 42: 917, 22, 2
0 24 43: 206, 5, 1
0 24 43: 917, 22, 1
0 24 43: 1621, 0, 1
0 24 44: 326, 22, 1
0 24 45: 325, 22, 0
0 24 46: 325, 22, 3
0 24 48: 325, 22, 2
0 24 49: 325, 22, 3
0 24 50: 356, 10, 0
0 24 51: 357, 10, 2
0 24 52: 197, 5, 3
0 24 52: 917, 22, 2
0 24 52: 1621, 0, 3
0 24 53: 917, 22, 1
0 24 54: 417, 10, 0
0 24 55: 206, 5, 1
0 24 55: 1621, 0, 1
0 24 56: 325, 22, 2
0 24 56: 849, 10, 3
0 24 57: 324, 22, 2
0 24 58: 326, 22, 1
0 24 61: 1381, 10, 1
0 24 63: 325, 22, 3
0 25 2: 325, 22, 2
0 25 3: 325, 22, 3
0 25 4: 325, 22, 0
0 25 5: 325, 22, 0
0 25 8: 325, 22, 3
0 25 9: 325, 22, 3
0 25 10: 325, 22, 0
0 25 12: 324, 22, 3
0 25 15: 325, 22, 1
0 25 18: 1248, 22, 1
0 25 20: 1286, 11, 2
0 25 21: 1250, 22, 1
0 25 24: 325, 22, 2
0 25 27: 1341, 10, 1
0 25 28: 325, 22, 3
0 25 32: 325, 22, 0
0 25 36: 325, 22, 1
0 25 37: 325, 22, 0
0 25 38: 325, 22, 0
0 25 39: 325, 22, 0
0 25 40: 325, 22, 3
0 25 40: 849, 10, 1
0 25 41: 1621, 0, 3
0 25 41: 1872, 5, 3
0 25 43: 1621, 0, 1
0 25 43: 1872, 5, 1
0 25 44: 1621, 0, 2
0 25 45: 650, 5, 2
0 25 45: 1621, 0, 2
0 25 46: 325, 22, 3
0 25 46: 1621, 0, 2
0 25 47: 1621, 0, 2
0 25 48: 1530, 0, 2
0 25 49: 1621, 0, 2
0 25 50: 357, 10, 1
0 25 50: 1621, 0, 2
0 25 51: 358, 10, 3
0 25 51: 1621, 0, 2
0 25 52: 1621, 0, 3
0 25 55: 1621, 0, 1
0 25 55: 1872, 5, 1
0 25 56: 325, 22, 1
0 25 56: 849, 10, 3
0 25 58: 325, 22, 3
0 25 59: 325, 22, 2
0 25 62: 325, 22, 0
0 26 1: 325, 22, 2
0 26 6: 325, 22, 2
0 26 9: 326, 22, 2
0 26 12: 325, 22, 3
0 26 19: 1383, 11, 0
0 26 20: 1250, 22, 2
0 26 22: 1383, 11, 3
0 26 23: 1250, 22, 0
0 26 25: 325, 22, 2
0 26 26: 325, 22, 2
0 26 30: 325, 22, 2
0 26 36: 326, 22, 2
0 26 37: 326, 22, 0
0 26 37: 849, 10, 1
0 26 38: 1016, 10, 3
0 26 38: 1621, 2, 3
0 26 39: 333, 22, 2
0 26 39: 1621, 0, 0
0 26 39: 1872, 5, 0
0 26 40: 206, 5, 0
0 26 40: 1621, 0, 0
0 26 41: 1621, 0, 0
0 26 41: 1872, 5, 0
0 26 42: 1530, 0, 0
0 26 43: 1621, 2, 0
0 26 44: 197, 4, 0
0 26 44: 333, 22, 0
0 26 45: 917, 22, 3
0 26 46: 197, 4, 0
0 26 46: 918, 22, 3
0 26 47: 918, 22, 3
0 26 48: 918, 22, 3
0 26 49: 197, 4, 0
0 26 49: 918, 22, 3
0 26 50: 917, 22, 0
0 26 51: 197, 4, 0
0 26 52: 1621, 2, 3
0 26 53: 1530, 0, 0
0 26 54: 1621, 0, 0
0 26 54: 1872, 5, 0
0 26 55: 206, 5, 0
0 26 55: 333, 22, 1
0 26 55: 1621, 0, 0
0 26 56: 334, 22, 1
0 26 56: 1621, 0, 0
0 26 56: 1872, 5, 0
0 26 57: 1016, 10, 1
0 26 57: 1621, 2, 0
0 26 58: 325, 22, 1
0 26 63: 324, 22, 3
0 27 1: 326, 22, 0
0 27 5: 324, 22, 1
0 27 8: 325, 22, 2
0 27 11: 325, 22, 3
0 27 15: 325, 22, 0
0 27 19: 1248, 22, 0
0 27 20: 1250, 22, 0
0 27 21: 1250, 22, 1
0 27 22: 1249, 22, 2
0 27 24: 1383, 11, 2
0 27 26: 325, 22, 3
0 27 28: 325, 22, 2
0 27 30: 325, 22, 3
0 27 31: 326, 22, 2
0 27 34: 1382, 10, 2
0 27 36: 325, 22, 3
0 27 37: 325, 22, 2
0 27 37: 849, 10, 1
0 27 37: 1646, 4, 1
0 27 38: 333, 22, 1
0 27 38: 1018, 10, 3
0 27 38: 1621, 0, 3
0 27 38: 1646, 5, 3
0 27 39: 334, 22, 0
0 27 40: 333, 22, 3
0 27 43: 1530, 0, 1
0 27 45: 917, 22, 2
0 27 46: 918, 22, 1
0 27 47: 918, 22, 1
0 27 48: 918, 22, 1
0 27 49: 918, 22, 1
0 27 50: 917, 22, 1
0 27 52: 1530, 0, 3
0 27 55: 333, 22, 2
0 27 56: 333, 22, 0
0 27 57: 1017, 10, 1
0 27 57: 1621, 0, 1
0 27 57: 1646, 5, 1
0 27 58: 325, 22, 1
0 27 58: 849, 10, 3
0 27 58: 1646, 4, 3
0 27 59: 325, 22, 2
0 27 63: 325, 22, 0
0 28 4: 325, 22, 0
0 28 6: 325, 22, 3
0 28 7: 325, 22, 2
0 28 9: 325, 22, 1
0 28 10: 325, 22, 0
0 28 14: 325, 22, 3
0 28 16: 325, 22, 1
0 28 21: 1383, 11, 0
0 28 22: 1282, 11, 2
0 28 27: 325, 22, 3
0 28 32: 325, 22, 2
0 28 34: 1382, 10, 2
0 28 36: 326, 22, 2
0 28 37: 326, 22, 1
0 28 37: 849, 10, 1
0 28 38: 1015, 10, 3
0 28 38: 1621, 0, 3
0 28 39: 333, 22, 0
0 28 41: 1747, 10, 0
0 28 42: 827, 22, 3
0 28 43: 1621, 0, 1
0 28 43: 1872, 5, 1
0 28 44: 1621, 0, 2
0 28 44: 1872, 5, 2
0 28 45: 206, 5, 2
0 28 45: 1621, 0, 2
0 28 46: 817, 10, 1
0 28 46: 1621, 0, 2
0 28 46: 1646, 5, 2
0 28 47: 1621, 0, 2
0 28 48: 1621, 0, 2
0 28 49: 817, 10, 1
0 28 49: 1621, 0, 2
0 28 49: 1646, 5, 2
0 28 50: 206, 5, 2
0 28 50: 1621, 0, 2
0 28 51: 1621, 0, 2
0 28 51: 1872, 5, 2
0 28 52: 1621, 0, 3
0 28 52: 1872, 5, 3
0 28 54: 1752, 10, 0
0 28 55: 333, 22, 3
0 28 56: 334, 22, 0
0 28 57: 1018, 10, 1
0 28 57: 1621, 0, 1
0 28 58: 325, 22, 1
0 28 58: 849, 10, 3
0 28 59: 326, 22, 1
0 28 62: 325, 22, 1
0 29 1: 325, 22, 0
0 29 2: 325, 22, 0
0 29 5: 325, 22, 0
0 29 6: 325, 22, 3
0 29 8: 326, 22, 1
0 29 12: 324, 22, 2
0 29 17: 325, 22, 1
0 29 20: 1286, 11, 1
0 29 21: 1250, 22, 1
0 29 27: 325, 22, 0
0 29 29: 325, 22, 2
0 29 35: 1382, 10, 3
0 29 36: 325, 22, 1
0 29 37: 325, 22, 0
0 29 37: 849, 10, 1
0 29 37: 1646, 4, 1
0 29 38: 1016, 10, 3
0 29 38: 1621, 0, 3
0 29 38: 1646, 5, 3
0 29 42: 357, 10, 0
0 29 43: 357, 10, 2
0 29 43: 1621, 0, 1
0 29 44: 849, 10, 0
0 29 45: 324, 22, 0
0 29 46: 325, 22, 3
0 29 46: 1646, 4, 0
0 29 47: 325, 22, 3
0 29 47: 849, 10, 0
0 29 48: 325, 22, 0
0 29 48: 849, 10, 0
0 29 49: 325, 22, 1
0 29 49: 849, 10, 0
0 29 49: 1646, 4, 0
0 29 50: 325, 22, 1
0 29 50: 849, 10, 0
0 29 51: 325, 22, 2
0 29 51: 849, 10, 0
0 29 52: 357, 10, 1
0 29 52: 1621, 0, 3
0 29 53: 356, 10, 3
0 29 56: 333, 22, 0
0 29 57: 1017, 10, 1
0 29 57: 1621, 0, 1
0 29 57: 1646, 5, 1
0 29 58: 325, 22, 0
0 29 58: 849, 10, 3
0 29 58: 1646, 4, 3
0 29 60: 1382, 10, 3
0 30 3: 325, 22, 1
0 30 8: 325, 22, 3
0 30 9: 325, 22, 0
0 30 10: 325, 22, 0
0 30 11: 325, 22, 1
0 30 13: 325, 22, 2
0 30 17: 325, 22, 0
0 30 19: 1297, 11, 0
0 30 21: 1250, 22, 2
0 30 22: 1249, 22, 1
0 30 24: 1250, 22, 3
0 30 25: 1383, 11, 1
0 30 28: 325, 22, 1
0 30 29: 325, 22, 2
0 30 32: 325, 22, 2
0 30 34: 1381, 10, 3
0 30 36: 325, 22, 3
0 30 37: 326, 22, 0
0 30 38: 1017, 10, 3
0 30 38: 1621, 2, 2
0 30 39: 1621, 0, 2
0 30 40: 206, 5, 2
0 30 40: 1621, 0, 2
0 30 41: 357, 10, 0
0 30 41: 1621, 0, 2
0 30 42: 357, 10, 1
0 30 42: 1621, 0, 2
0 30 43: 358, 10, 3
0 30 43: 1621, 2, 1
0 30 44: 325, 22, 2
0 30 46: 324, 22, 3
0 30 47: 326, 22, 1
0 30 48: 326, 22, 1
0 30 49: 324, 22, 2
0 30 50: 326, 22, 3
0 30 52: 358, 10, 3
0 30 52: 1621, 2, 2
0 30 53: 357, 10, 2
0 30 53: 1621, 0, 2
0 30 54: 356, 10, 0
0 30 54: 1621, 0, 2
0 30 55: 206, 5, 2
0 30 55: 1621, 0, 2
0 30 56: 1621, 0, 2
0 30 56: 1872, 5, 2
0 30 57: 1018, 10, 1
0 30 57: 1621, 2, 1
0 30 58: 325, 22, 1
0 30 61: 1382, 10, 0
0 30 62: 325, 22, 2
0 30 63: 324, 22, 2
0 31 0: 325, 22, 2
0 31 5: 325, 22, 1
0 31 6: 325, 22, 2
0 31 7: 325, 22, 3
0 31 16: 1341, 10, 0
0 31 21: 1249, 22, 0
0 31 22: 1248, 22, 3
0 31 23: 1383, 11, 1
0 31 24: 1250, 22, 2
0 31 30: 325, 22, 3
0 31 33: 1340, 10, 1
0 31 37: 325, 22, 1
0 31 38: 325, 22, 2
0 31 39: 325, 22, 2
0 31 39: 849, 10, 0
0 31 40: 325, 22, 3
0 31 40: 849, 10, 0
0 31 41: 325, 22, 0
0 31 41: 849, 10, 0
0 31 42: 325, 22, 0
0 31 42: 849, 10, 0
0 31 43: 325, 22, 1
0 31 44: 325, 22, 1
0 31 45: 326, 22, 1
0 31 46: 325, 22, 0
0 31 47: 325, 22, 1
0 31 49: 325, 22, 2
0 31 50: 324, 22, 1
0 31 51: 325, 22, 3
0 31 52: 325, 22, 0
0 31 53: 325, 22, 0
0 31 53: 849, 10, 0
0 31 54: 325, 22, 1
0 31 54: 849, 10, 0
0 31 55: 325, 22, 1
0 31 55: 849, 10, 0
0 31 56: 325, 22, 2
0 31 56: 849, 10, 0
0 31 57: 325, 22, 2
0 31 58: 325, 22, 0
0 31 60: 1339, 10, 0
0 31 63: 325, 22, 3
0 32 0: 325, 22, 2
0 32 1: 324, 22, 1
0 32 2: 325, 22, 1
0 32 10: 325, 22, 3
0 32 12: 325, 22, 3
0 32 13: 325, 22, 3
0 32 18: 325, 22, 0
0 32 22: 1383, 11, 2
0 32 23: 1250, 22, 1
0 32 27: 324, 22, 2
0 32 31: 324, 22, 3
0 32 39: 326, 22, 3
0 32 40: 326, 22, 1
0 32 41: 325, 22, 1
0 32 42: 326, 22, 0
0 32 43: 326, 22, 3
0 32 44: 325, 22, 0
0 32 45: 326, 22, 2
0 32 46: 325, 22, 3
0 32 48: 326, 22, 1
0 32 49: 325, 22, 2
0 32 50: 326, 22, 0
0 32 51: 325, 22, 1
0 32 53: 325, 22, 0
0 32 55: 325, 22, 2
0 32 57: 325, 22, 3
0 32 60: 1382, 10, 0
0 33 2: 325, 22, 0
0 33 6: 325, 22, 1
0 33 8: 325, 22, 1
0 33 11: 325, 22, 2
0 33 13: 1341, 10, 3
0 33 15: 325, 22, 0
0 33 16: 325, 22, 1
0 33 22: 1249, 22, 3
0 33 23: 1286, 11, 0
0 33 28: 325, 22, 2
0 33 29: 325, 22, 0
0 33 30: 325, 22, 3
0 33 32: 325, 22, 1
0 33 36: 1382, 10, 3
0 33 37: 1382, 10, 2
0 33 38: 1382, 10, 2
0 33 53: 1382, 10, 3
0 33 55: 1340, 10, 3
0 33 59: 1382, 10, 1
0 33 62: 326, 22, 1
0 33 63: 1382, 10, 2
0 34 0: 325, 22, 3
0 34 3: 325, 22, 0
0 34 4: 325, 22, 0
0 34 5: 324, 22, 3
0 34 7: 325, 22, 0
0 34 11: 325, 22, 2
0 34 14: 325, 22, 1
0 34 21: 1248, 22, 2
0 34 23: 1250, 22, 0
0 34 24: 1383, 11, 0
0 34 27: 325, 22, 3
0 34 31: 325, 22, 1
0 34 34: 1381, 10, 2
0 34 37: 1339, 10, 2
0 34 40: 1381, 10, 0
0 34 42: 1382, 10, 0
0 34 49: 1381, 10, 2
0 34 50: 1381, 10, 2
0 34 54: 1382, 10, 0
0 34 58: 1382, 10, 2
0 34 59: 1382, 10, 2
0 34 60: 1382, 10, 3
0 34 61: 1382, 10, 1
0 34 63: 325, 22, 0
0 35 0: 325, 22, 0
0 35 9: 326, 22, 2
0 35 20: 1248, 22, 1
0 35 22: 1250, 22, 3
0 35 24: 1248, 22, 0
0 35 27: 325, 22, 0
0 35 30: 326, 22, 3
0 35 35: 1382, 10, 1
0 35 36: 1381, 10, 1
0 35 40: 1382, 10, 1
0 35 45: 325, 22, 3
0 35 46: 325, 22, 3
0 35 47: 325, 22, 2
0 35 47: 1382, 10, 2
0 35 49: 325, 22, 2
0 35 55: 325, 22, 0
0 35 57: 325, 22, 2
0 35 59: 325, 22, 1
0 35 60: 1382, 10, 1
0 35 62: 1341, 10, 2
0 36 2: 325, 22, 3
0 36 6: 324, 22, 0
0 36 11: 325, 22, 3
0 36 13: 325, 22, 0
0 36 16: 325, 22, 2
0 36 17: 325, 22, 3
0 36 21: 1383, 11, 3
0 36 23: 1383, 11, 3
0 36 28: 325, 22, 0
0 36 29: 325, 22, 1
0 36 33: 325, 22, 0
0 36 38: 325, 22, 2
0 36 39: 325, 22, 1
0 36 41: 325, 22, 1
0 36 42: 325, 22, 0
0 36 44: 1341, 10, 1
0 36 50: 325, 22, 1
0 36 52: 325, 22, 1
0 36 53: 325, 22, 0
0 36 56: 325, 22, 3
0 36 58: 325, 22, 2
0 36 60: 325, 22, 2
0 36 61: 325, 22, 3
0 37 0: 325, 22, 0
0 37 4: 325, 22, 3
0 37 9: 324, 22, 2
0 37 11: 325, 22, 3
0 37 30: 325, 22, 2
0 37 32: 325, 22, 3
0 37 34: 1341, 10, 2
0 37 36: 325, 22, 1
0 37 38: 325, 22, 0
0 37 42: 1341, 10, 0
0 37 46: 325, 22, 0
0 37 48: 325, 22, 1
0 37 49: 325, 22, 1
0 37 50: 325, 22, 2
0 37 55: 325, 22, 0
0 37 56: 325, 22, 1
0 37 59: 326, 22, 1
0 37 60: 325, 22, 1
0 37 61: 325, 22, 3
0 38 0: 325, 22, 1
0 38 2: 326, 22, 3
0 38 8: 325, 22, 1
0 38 9: 325, 22, 2
0 38 16: 1383, 11, 2
0 38 20: 325, 22, 2
0 38 25: 326, 22, 2
0 38 27: 325, 22, 2
0 38 29: 325, 22, 2
0 38 32: 325, 22, 2
0 38 35: 325, 22, 2
0 38 36: 1341, 10, 0
0 38 39: 325, 22, 2
0 38 41: 1171, 10, 3
0 38 44: 325, 22, 3
0 38 46: 1250, 22, 3
0 38 47: 1383, 11, 1
0 38 48: 1248, 22, 3
0 38 51: 1341, 10, 2
0 38 54: 1341, 10, 3
0 38 60: 326, 22, 2
0 38 63: 325, 22, 1
0 39 6: 325, 22, 1
0 39 7: 1383, 10, 1
0 39 15: 1248, 22, 2
0 39 16: 1250, 22, 2
0 39 17: 1383, 11, 3
0 39 25: 325, 22, 1
0 39 27: 324, 22, 2
0 39 29: 325, 22, 3
0 39 30: 324, 22, 3
0 39 37: 325, 22, 1
0 39 41: 1286, 11, 0
0 39 43: 1248, 22, 1
0 39 44: 1250, 22, 1
0 39 50: 324, 22, 3
0 39 51: 325, 22, 2
0 39 52: 325, 22, 3
0 39 53: 325, 22, 3
0 39 54: 325, 22, 0
0 39 56: 325, 22, 1
0 39 57: 1341, 10, 0
0 39 59: 325, 22, 0
0 39 62: 1341, 10, 3
0 40 1: 325, 22, 2
0 40 2: 325, 22, 3
0 40 2: 1383, 10, 2
0 40 3: 325, 22, 3
0 40 4: 325, 22, 0
0 40 5: 1383, 10, 3
0 40 8: 325, 22, 1
0 40 9: 325, 22, 2
0 40 13: 1383, 11, 1
0 40 14: 1250, 22, 1
0 40 15: 1286, 11, 3
0 40 21: 324, 22, 3
0 40 24: 325, 22, 0
0 40 29: 325, 22, 0
0 40 32: 325, 22, 0
0 40 36: 325, 22, 0
0 40 41: 1250, 22, 0
0 40 42: 1171, 10, 0
0 40 43: 325, 22, 3
0 40 45: 1383, 11, 1
0 40 47: 1250, 22, 3
0 40 48: 1248, 22, 3
0 40 51: 324, 22, 0
0 40 55: 324, 22, 0
0 40 58: 325, 22, 2
0 40 60: 325, 22, 3
0 41 6: 325, 22, 0
0 41 7: 325, 22, 1
0 41 11: 1383, 11, 0
0 41 13: 1248, 22, 1
0 41 15: 1250, 22, 3
0 41 20: 325, 22, 2
0 41 24: 325, 22, 3
0 41 25: 325, 22, 2
0 41 26: 325, 22, 2
0 41 34: 325, 22, 0
0 41 37: 325, 22, 2
0 41 37: 1171, 10, 0
0 41 39: 1250, 22, 1
0 41 40: 1383, 11, 2
0 41 41: 1250, 22, 0
0 41 44: 1250, 22, 0
0 41 46: 1250, 22, 2
0 41 50: 1248, 22, 2
0 41 51: 1383, 11, 3
0 41 54: 325, 22, 3
0 41 56: 324, 22, 1
0 41 60: 1341, 10, 1
0 42 0: 325, 22, 0
0 42 1: 325, 22, 1
0 42 5: 325, 22, 0
0 42 8: 1341, 10, 3
0 42 13: 1250, 22, 0
0 42 14: 1248, 22, 0
0 42 15: 1249, 22, 3
0 42 16: 1383, 11, 0
0 42 18: 1383, 11, 3
0 42 22: 1341, 10, 2
0 42 27: 325, 22, 1
0 42 28: 324, 22, 2
0 42 30: 326, 22, 0
0 42 33: 1297, 11, 2
0 42 38: 1248, 22, 2
0 42 41: 1250, 22, 3
0 42 42: 1250, 22, 3
0 42 43: 1282, 11, 2
0 42 45: 1249, 22, 1
0 42 48: 1286, 11, 1
0 42 52: 1383, 11, 1
0 42 54: 1286, 11, 0
0 42 55: 1248, 22, 0
0 42 58: 324, 22, 2
0 42 59: 324, 22, 3
0 42 60: 325, 22, 3
0 42 61: 325, 22, 3
0 42 62: 1341, 10, 0
0 43 1: 325, 22, 1
0 43 1: 1383, 10, 1
0 43 2: 324, 22, 0
0 43 4: 1383, 10, 1
0 43 13: 1250, 22, 3
0 43 14: 1250, 22, 3
0 43 16: 1250, 22, 3
0 43 24: 324, 22, 0
0 43 27: 325, 22, 0
0 43 35: 1250, 22, 0
0 43 39: 1383, 11, 1
0 43 40: 1250, 22, 2
0 43 42: 1250, 22, 2
0 43 45: 1250, 22, 1
0 43 46: 324, 22, 1
0 43 48: 1248, 22, 1
0 43 50: 1249, 22, 1
0 43 51: 1250, 22, 3
0 43 53: 1249, 22, 2
0 43 54: 1248, 22, 1
0 43 62: 325, 22, 2
0 44 3: 325, 22, 3
0 44 6: 326, 22, 1
0 44 6: 1383, 10, 0
0 44 8: 325, 22, 0
0 44 9: 325, 22, 1
0 44 11: 1383, 11, 3
0 44 14: 1282, 11, 1
0 44 18: 1383, 11, 3
0 44 20: 325, 22, 1
0 44 22: 325, 22, 3
0 44 26: 324, 22, 1
0 44 28: 325, 22, 0
0 44 33: 325, 22, 3
0 44 35: 1249, 22, 2
0 44 37: 1248, 22, 3
0 44 38: 1250, 22, 3
0 44 41: 1164, 11, 1
0 44 42: 1168, 11, 0
0 44 43: 1249, 22, 3
0 44 44: 1383, 11, 0
0 44 47: 1250, 22, 2
0 44 48: 1282, 10, 1
0 44 51: 1282, 11, 2
0 44 53: 1250, 22, 0
0 44 55: 1286, 11, 3
0 44 57: 325, 22, 0
0 44 59: 1341, 10, 1
0 44 61: 324, 22, 2
0 45 2: 325, 22, 2
0 45 2: 1383, 10, 2
0 45 7: 325, 22, 0
0 45 10: 325, 22, 1
0 45 13: 1250, 22, 2
0 45 16: 1248, 22, 3
0 45 23: 325, 22, 0
0 45 29: 325, 22, 3
0 45 32: 1341, 10, 1
0 45 33: 325, 22, 3
0 45 34: 1250, 22, 3
0 45 37: 1383, 11, 2
0 45 40: 1248, 22, 3
0 45 41: 1383, 11, 0
0 45 42: 1167, 11, 3
0 45 43: 1250, 22, 0
0 45 46: 1286, 11, 2
0 45 47: 1282, 10, 2
0 45 48: 1250, 22, 3
0 45 49: 1383, 11, 3
0 45 50: 1250, 22, 2
0 45 53: 1250, 22, 1
0 45 58: 325, 22, 1
0 46 0: 325, 22, 0
0 46 4: 325, 22, 3
0 46 10: 325, 22, 2
0 46 13: 1249, 22, 2
0 46 14: 1250, 22, 1
0 46 16: 1250, 22, 1
0 46 21: 325, 22, 0
0 46 23: 325, 22, 0
0 46 28: 325, 22, 3
0 46 35: 1383, 11, 0
0 46 37: 1250, 22, 2
0 46 39: 1248, 22, 2
0 46 41: 1168, 11, 1
0 46 44: 1383, 11, 0
0 46 45: 1282, 10, 0
0 46 48: 1248, 22, 1
0 46 49: 1282, 10, 2
0 46 51: 1249, 22, 3
0 46 52: 1282, 10, 3
0 46 53: 1249, 22, 0
0 46 53: 1282, 10, 0
0 46 54: 324, 22, 0
0 46 57: 324, 22, 3
0 46 62: 1248, 22, 1
0 47 0: 325, 22, 3
0 47 8: 1341, 10, 0
0 47 11: 1383, 11, 0
0 47 14: 1248, 22, 2
0 47 15: 1286, 11, 2
0 47 17: 1250, 22, 2
0 47 21: 325, 22, 0
0 47 24: 325, 22, 1
0 47 26: 326, 22, 1
0 47 27: 325, 22, 2
0 47 32: 325, 22, 0
0 47 33: 1248, 22, 0
0 47 38: 1249, 22, 1
0 47 39: 1282, 11, 3
0 47 41: 1249, 22, 3
0 47 43: 1250, 22, 1
0 47 45: 1250, 22, 1
0 47 46: 1383, 11, 2
0 47 47: 1248, 22, 2
0 47 47: 1282, 10, 3
0 47 48: 1282, 10, 3
0 47 49: 1250, 22, 1
0 47 50: 1282, 10, 1
0 47 52: 1383, 11, 2
0 47 56: 1248, 22, 0
0 47 59: 1249, 22, 3
0 47 60: 1297, 11, 2
0 47 62: 325, 22, 1
0 48 1: 325, 22, 2
0 48 3: 1383, 10, 3
0 48 6: 2503, 10, 1
0 48 8: 2504, 10, 2
0 48 15: 1250, 22, 1
0 48 16: 1248, 22, 1
0 48 17: 1383, 11, 2
0 48 22: 325, 22, 3
0 48 27: 325, 22, 1
0 48 29: 1341, 10, 1
0 48 33: 1171, 10, 2
0 48 33: 1250, 22, 2
0 48 34: 1250, 22, 1
0 48 35: 1250, 22, 0
0 48 36: 1250, 22, 3
0 48 38: 1250, 22, 1
0 48 44: 1282, 10, 2
0 48 45: 1282, 10, 3
0 48 48: 1250, 22, 0
0 48 50: 325, 22, 3
0 48 51: 1248, 22, 2
0 48 52: 1282, 10, 2
0 48 54: 1286, 11, 2
0 48 58: 325, 22, 2
0 48 59: 1250, 22, 0
0 48 63: 325, 22, 1
0 49 4: 2509, 10, 0
0 49 5: 336, 22, 0
0 49 10: 2508, 10, 1
0 49 11: 1297, 11, 1
0 49 14: 1383, 11, 1
0 49 15: 1249, 22, 1
0 49 16: 1249, 22, 3
0 49 17: 1248, 22, 0
0 49 18: 1250, 22, 0
0 49 20: 1383, 11, 2
0 49 22: 325, 22, 3
0 49 23: 324, 22, 2
0 49 31: 325, 22, 1
0 49 35: 1171, 10, 1
0 49 37: 1286, 11, 1
0 49 38: 1248, 22, 1
0 49 40: 1249, 22, 0
0 49 42: 1383, 11, 1
0 49 44: 1250, 22, 0
0 49 46: 1286, 11, 0
0 49 47: 1282, 10, 0
0 49 48: 325, 22, 3
0 49 49: 1282, 10, 3
0 49 50: 1383, 11, 2
0 49 51: 1282, 10, 1
0 49 52: 1250, 22, 2
0 49 52: 1282, 10, 2
0 49 55: 1248, 22, 3
0 49 63: 324, 22, 1
0 50 4: 336, 22, 1
0 50 5: 337, 22, 0
0 50 6: 336, 22, 3
0 50 7: 336, 22, 1
0 50 17: 1286, 11, 1
0 50 18: 1249, 22, 0
0 50 25: 324, 22, 2
0 50 32: 1171, 10, 3
0 50 34: 1383, 11, 3
0 50 35: 325, 22, 1
0 50 36: 1250, 22, 0
0 50 39: 1383, 11, 1
0 50 42: 1250, 22, 3
0 50 45: 1383, 11, 0
0 50 46: 1282, 10, 1
0 50 48: 1250, 22, 1
0 50 49: 1250, 22, 0
0 50 50: 1250, 22, 3
0 50 52: 1250, 22, 3
0 50 53: 1282, 10, 2
0 50 54: 1250, 22, 2
0 50 57: 324, 22, 2
0 50 58: 325, 22, 3
0 50 61: 1250, 22, 3
0 51 3: 2505, 10, 1
0 51 5: 336, 22, 2
0 51 6: 2461, 10, 3
0 51 11: 2503, 10, 1
0 51 16: 1248, 22, 2
0 51 17: 1250, 22, 3
0 51 18: 1248, 22, 0
0 51 19: 1248, 22, 1
0 51 30: 325, 22, 1
0 51 33: 1250, 22, 2
0 51 37: 1250, 22, 0
0 51 41: 1250, 22, 2
0 51 44: 1250, 22, 3
0 51 46: 1250, 22, 0
0 51 46: 1282, 10, 0
0 51 47: 1248, 22, 0
0 51 48: 1282, 10, 3
0 51 49: 1286, 11, 1
0 51 51: 1286, 11, 3
0 51 52: 1282, 10, 1
0 51 54: 1250, 22, 3
0 51 54: 1383, 11, 3
0 51 55: 1250, 22, 0
0 51 59: 1286, 11, 2
0 51 62: 324, 22, 0
0 51 62: 1171, 10, 1
0 52 1: 325, 22, 2
0 52 12: 325, 22, 2
0 52 13: 325, 22, 2
0 52 18: 1383, 11, 2
0 52 21: 325, 22, 3
0 52 23: 325, 22, 3
0 52 24: 325, 22, 3
0 52 26: 325, 22, 0
0 52 27: 325, 22, 0
0 52 33: 1171, 10, 0
0 52 34: 1171, 10, 1
0 52 34: 1250, 22, 3
0 52 36: 1248, 22, 0
0 52 37: 1250, 22, 1
0 52 39: 1286, 11, 2
0 52 41: 1250, 22, 2
0 52 42: 1383, 11, 3
0 52 44: 1282, 11, 1
0 52 46: 1249, 22, 0
0 52 49: 1250, 22, 2
0 52 51: 1248, 22, 0
0 52 53: 1250, 22, 1
0 53 0: 1383, 10, 0
0 53 1: 325, 22, 1
0 53 3: 2504, 10, 0
0 53 5: 336, 22, 0
0 53 5: 2506, 10, 1
0 53 9: 336, 22, 0
0 53 11: 2504, 10, 0
0 53 20: 325, 22, 2
0 53 21: 325, 22, 2
0 53 30: 325, 22, 2
0 53 32: 324, 22, 1
0 53 33: 1171, 10, 2
0 53 35: 325, 22, 0
0 53 35: 1171, 10, 3
0 53 37: 1171, 10, 0
0 53 39: 1250, 22, 1
0 53 40: 1250, 22, 1
0 53 43: 1250, 22, 2
0 53 47: 1383, 11, 1
0 53 54: 1250, 22, 0
0 53 55: 1250, 22, 1
0 53 56: 1383, 11, 1
0 53 57: 325, 22, 0
0 53 60: 324, 22, 1
0 53 61: 1171, 10, 2
0 54 5: 336, 22, 1
0 54 6: 337, 22, 3
0 54 7: 336, 22, 2
0 54 14: 325, 22, 1
0 54 22: 325, 22, 2
0 54 23: 325, 22, 1
0 54 26: 325, 22, 2
0 54 31: 325, 22, 3
0 54 34: 1248, 22, 3
0 54 36: 1250, 22, 3
0 54 36: 1286, 11, 0
0 54 38: 1250, 22, 0
0 54 41: 1383, 11, 2
0 54 44: 1249, 22, 1
0 54 46: 1250, 22, 1
0 54 48: 1250, 22, 1
0 54 49: 1250, 22, 0
0 54 51: 1286, 11, 2
0 54 52: 1250, 22, 3
0 54 54: 1383, 11, 3
0 54 59: 1171, 10, 0
0 54 59: 1248, 22, 2
0 54 62: 1341, 10, 3
0 55 1: 325, 22, 1
0 55 2: 324, 22, 3
0 55 4: 2509, 10, 1
0 55 6: 336, 22, 3
0 55 7: 336, 22, 3
0 55 10: 2509, 10, 2
0 55 18: 325, 22, 0
0 55 24: 326, 22, 2
0 55 28: 325, 22, 2
0 55 30: 1341, 10, 0
0 55 33: 324, 22, 2
0 55 37: 1171, 10, 2
0 55 37: 1250, 22, 3
0 55 38: 1171, 10, 1
0 55 39: 1383, 11, 1
0 55 45: 1383, 11, 2
0 55 51: 1250, 22, 3
0 55 53: 1171, 11, 2
0 55 56: 325, 22, 1
0 55 57: 1250, 22, 1
0 55 57: 1383, 11, 3
0 55 60: 1171, 10, 1
0 55 63: 324, 22, 3
0 56 6: 2505, 10, 0
0 56 8: 2504, 10, 0
0 56 10: 325, 22, 1
0 56 11: 1341, 10, 1
0 56 13: 326, 22, 3
0 56 14: 1383, 10, 3
0 56 16: 325, 22, 0
0 56 19: 325, 22, 1
0 56 21: 1341, 10, 1
0 56 24: 325, 22, 1
0 56 26: 325, 22, 1
0 56 29: 325, 22, 2
0 56 32: 325, 22, 0
0 56 34: 1341, 10, 1
0 56 35: 1250, 22, 2
0 56 41: 1250, 22, 1
0 56 42: 1286, 11, 3
0 56 44: 1250, 22, 2
0 56 46: 1248, 22, 3
0 56 47: 1286, 11, 0
0 56 50: 1248, 22, 1
0 56 52: 1250, 22, 2
0 56 53: 1383, 11, 1
0 56 55: 1248, 22, 3
0 56 56: 1249, 22, 2
0 56 58: 1171, 10, 2
0 56 58: 1250, 22, 3
0 56 60: 1383, 11, 0
0 56 62: 1171, 10, 3
0 57 3: 325, 22, 2
0 57 11: 325, 22, 1
0 57 17: 325, 22, 0
0 57 20: 325, 22, 2
0 57 24: 325, 22, 3
0 57 32: 325, 22, 0
0 57 36: 1250, 22, 3
0 57 37: 1250, 22, 3
0 57 37: 1383, 11, 2
0 57 39: 1248, 22, 3
0 57 40: 1250, 22, 1
0 57 40: 1286, 11, 0
0 57 43: 1248, 22, 2
0 57 44: 1171, 10, 0
0 57 45: 1171, 10, 1
0 57 50: 1250, 22, 1
0 57 62: 1341, 10, 0
0 58 1: 325, 22, 0
0 58 3: 325, 22, 3
0 58 10: 2509, 10, 3
0 58 13: 325, 22, 2
0 58 15: 1383, 10, 2
0 58 17: 325, 22, 0
0 58 29: 325, 22, 2
0 58 31: 1341, 10, 2
0 58 33: 325, 22, 1
0 58 35: 325, 22, 0
0 58 36: 1248, 22, 2
0 58 38: 1250, 22, 0
0 58 39: 1250, 22, 1
0 58 39: 1383, 11, 0
0 58 42: 1250, 22, 1
0 58 44: 1250, 22, 2
0 58 45: 1383, 11, 1
0 58 48: 1171, 10, 2
0 58 48: 1250, 22, 0
0 58 49: 1250, 22, 1
0 58 51: 1383, 11, 0
0 58 53: 324, 22, 1
0 58 54: 1286, 11, 0
0 58 56: 1250, 22, 0
0 58 57: 1286, 11, 3
0 58 59: 1250, 22, 0
0 58 60: 1171, 10, 0
0 59 4: 325, 22, 3
0 59 8: 325, 22, 0
0 59 13: 1383, 10, 0
0 59 21: 325, 22, 3
0 59 25: 325, 22, 0
0 59 26: 325, 22, 0
0 59 27: 324, 22, 0
0 59 36: 324, 22, 3
0 59 40: 1248, 22, 0
0 59 41: 1250, 22, 0
0 59 42: 1282, 11, 1
0 59 47: 1171, 10, 3
0 59 47: 1250, 22, 3
0 59 48: 1286, 11, 1
0 59 53: 1248, 22, 1
0 59 54: 1249, 22, 1
0 59 55: 1282, 11, 0
0 59 57: 1250, 22, 1
0 59 59: 1250, 22, 0
0 59 59: 1383, 11, 1
0 59 61: 1248, 22, 3
0 59 62: 324, 22, 2
0 60 1: 325, 22, 3
0 60 2: 1383, 10, 0
0 60 6: 1383, 10, 1
0 60 8: 325, 22, 0
0 60 11: 1341, 10, 2
0 60 15: 325, 22, 3
0 60 17: 1341, 10, 0
0 60 19: 325, 22, 2
0 60 22: 325, 22, 3
0 60 27: 325, 22, 1
0 60 34: 325, 22, 2
0 60 34: 1341, 10, 3
0 60 38: 1248, 22, 1
0 60 41: 1249, 22, 2
0 60 44: 1249, 22, 3
0 60 45: 1383, 11, 2
0 60 46: 1171, 10, 3
0 60 50: 1250, 22, 3
0 60 51: 325, 22, 1
0 60 57: 1250, 22, 2
0 60 59: 1250, 22, 0
0 60 60: 1286, 11, 2
0 61 2: 324, 22, 2
0 61 3: 325, 22, 1
0 61 4: 325, 22, 0
0 61 5: 325, 22, 0
0 61 5: 1383, 10, 3
0 61 7: 324, 22, 1
0 61 12: 1383, 10, 1
0 61 14: 325, 22, 0
0 61 20: 325, 22, 1
0 61 23: 325, 22, 0
0 61 24: 324, 22, 0
0 61 30: 325, 22, 1
0 61 36: 1341, 10, 3
0 61 38: 1383, 11, 1
0 61 40: 1286, 11, 3
0 61 42: 1250, 22, 3
0 61 43: 1250, 22, 0
0 61 47: 325, 22, 2
0 61 49: 1383, 11, 1
0 61 53: 1248, 22, 2
0 61 54: 1383, 11, 3
0 61 56: 1249, 22, 0
0 61 59: 1250, 22, 1
0 62 1: 325, 22, 2
0 62 13: 325, 22, 1
0 62 15: 325, 22, 0
0 62 16: 325, 22, 3
0 62 19: 326, 22, 1
0 62 22: 325, 22, 2
0 62 23: 325, 22, 1
0 62 28: 326, 22, 1
0 62 33: 325, 22, 3
0 62 38: 1250, 22, 2
0 62 40: 1250, 22, 1
0 62 42: 1248, 22, 2
0 62 43: 1383, 11, 3
0 62 45: 1248, 22, 3
0 62 46: 1286, 11, 2
0 62 47: 1171, 10, 2
0 62 49: 1171, 10, 1
0 62 49: 1250, 22, 1
0 62 50: 1171, 10, 3
0 62 51: 1250, 22, 3
0 62 51: 1286, 11, 0
0 62 55: 1248, 22, 1
0 62 58: 1383, 11, 2
0 62 59: 1248, 22, 0
0 62 61: 324, 22, 1
0 62 62: 1341, 10, 1
0 63 10: 325, 22, 3
0 63 11: 325, 22, 2
0 63 12: 325, 22, 2
0 63 24: 325, 22, 1
0 63 25: 325, 22, 0
0 63 41: 325, 22, 3
0 63 47: 324, 22, 3
0 63 48: 1248, 22, 0
0 63 49: 1171, 10, 0
0 63 54: 324, 22, 0
0 63 57: 1286, 11, 1
1 6 47: 1982, 0, 3
1 6 48: 1982, 0, 1
1 7 47: 1982, 0, 3
1 7 48: 1982, 0, 1
1 8 47: 1982, 0, 3
1 8 48: 1982, 0, 1
1 9 47: 1982, 0, 3
1 9 48: 1982, 0, 1
1 10 47: 1982, 0, 3
1 10 48: 1982, 0, 1
1 11 39: 1646, 4, 2
1 11 42: 1646, 4, 2
1 11 53: 1646, 4, 2
1 11 56: 1646, 4, 2
1 12 38: 847, 5, 0
1 12 38: 1621, 2, 3
1 12 39: 1621, 0, 0
1 12 39: 1646, 5, 0
1 12 40: 900, 5, 0
1 12 40: 1621, 0, 0
1 12 41: 652, 22, 3
1 12 41: 902, 5, 0
1 12 41: 1621, 0, 0
1 12 42: 1621, 0, 0
1 12 42: 1646, 5, 0
1 12 43: 847, 5, 0
1 12 43: 1621, 2, 0
1 12 52: 847, 5, 0
1 12 52: 1621, 2, 3
1 12 53: 1621, 0, 0
1 12 53: 1646, 5, 0
1 12 54: 900, 5, 0
1 12 54: 1621, 0, 0
1 12 55: 902, 5, 0
1 12 55: 1621, 0, 0
1 12 56: 1621, 0, 0
1 12 56: 1646, 5, 0
1 12 57: 847, 5, 0
1 12 57: 1621, 2, 0
1 13 37: 1646, 4, 1
1 13 38: 1621, 0, 3
1 13 38: 1646, 5, 3
1 13 39: 653, 22, 1
1 13 43: 196, 5, 1
1 13 43: 1621, 0, 1
1 13 52: 196, 5, 3
1 13 52: 1621, 0, 3
1 13 53: 653, 22, 0
1 13 57: 654, 22, 2
1 13 57: 1621, 0, 1
1 13 57: 1646, 5, 1
1 13 58: 1646, 4, 3
1 14 38: 818, 10, 2
1 14 38: 1621, 0, 3
1 14 41: 1748, 10, 0
1 14 43: 818, 10, 0
1 14 43: 1621, 0, 1
1 14 44: 1622, 0, 0
1 14 45: 821, 10, 1
1 14 45: 1622, 0, 0
1 14 46: 1622, 0, 0
1 14 47: 1622, 0, 0
1 14 48: 1622, 0, 0
1 14 49: 1622, 0, 0
1 14 50: 821, 10, 1
1 14 50: 1622, 0, 0
1 14 51: 1622, 0, 0
1 14 52: 818, 10, 2
1 14 52: 1621, 0, 3
1 14 54: 1748, 10, 0
1 14 57: 818, 10, 0
1 14 57: 1621, 0, 1
1 15 37: 1646, 4, 1
1 15 38: 1621, 0, 3
1 15 38: 1646, 5, 3
1 15 42: 654, 22, 0
1 15 43: 1533, 0, 1
1 15 46: 652, 22, 1
1 15 47: 822, 10, 1
1 15 52: 1533, 0, 3
1 15 55: 652, 22, 1
1 15 57: 1621, 0, 1
1 15 57: 1646, 5, 1
1 15 58: 1646, 4, 3
1 16 38: 362, 10, 3
1 16 38: 1621, 2, 2
1 16 39: 360, 10, 3
1 16 39: 1621, 0, 2
1 16 40: 902, 5, 2
1 16 40: 1621, 0, 2
1 16 41: 900, 5, 2
1 16 41: 1621, 0, 2
1 16 42: 1533, 0, 2
1 16 43: 362, 10, 3
1 16 43: 1621, 2, 1
1 16 44: 653, 22, 0
1 16 50: 653, 22, 0
1 16 52: 362, 10, 3
1 16 52: 1621, 2, 2
1 16 53: 1533, 0, 2
1 16 54: 902, 5, 2
1 16 54: 1621, 0, 2
1 16 55: 900, 5, 2
1 16 55: 1621, 0, 2
1 16 56: 360, 10, 3
1 16 56: 1621, 0, 2
1 16 57: 362, 10, 3
1 16 57: 1621, 2, 1
1 17 41: 1622, 0, 3
1 17 43: 1622, 0, 1
1 17 44: 1622, 0, 0
1 17 45: 1622, 0, 0
1 17 46: 1622, 0, 0
1 17 47: 1622, 0, 0
1 17 48: 1622, 0, 0
1 17 49: 1622, 0, 0
1 17 50: 1622, 0, 0
1 17 51: 1622, 0, 0
1 17 52: 1622, 0, 3
1 17 54: 822, 10, 2
1 17 55: 1622, 0, 1
1 18 41: 821, 10, 0
1 18 41: 1622, 0, 3
1 18 43: 1622, 0, 1
1 18 52: 1622, 0, 3
1 18 54: 821, 10, 2
1 18 55: 1622, 0, 1
1 19 41: 1622, 0, 3
1 19 42: 652, 22, 1
1 19 43: 1622, 0, 1
1 19 52: 1622, 0, 3
1 19 53: 654, 22, 2
1 19 55: 1622, 0, 1
1 20 41: 822, 10, 0
1 20 41: 1622, 0, 3
1 20 43: 1622, 0, 1
1 20 52: 1622, 0, 3
1 20 55: 822, 10, 2
1 20 55: 1622, 0, 1
1 21 41: 821, 10, 0
1 21 41: 1622, 0, 3
1 21 43: 1622, 0, 1
1 21 52: 1622, 0, 3
1 21 54: 821, 10, 2
1 21 55: 1622, 0, 1
1 22 41: 1622, 0, 3
1 22 43: 1622, 0, 1
1 22 52: 1622, 0, 3
1 22 55: 1622, 0, 1
1 23 41: 1622, 0, 3
1 23 42: 822, 10, 3
1 23 43: 1622, 0, 1
1 23 52: 1622, 0, 3
1 23 53: 652, 22, 1
1 23 54: 822, 10, 3
1 23 55: 1622, 0, 1
1 24 41: 821, 10, 0
1 24 41: 1622, 0, 3
1 24 43: 652, 22, 2
1 24 43: 1622, 0, 1
1 24 52: 1622, 0, 3
1 24 54: 821, 10, 2
1 24 55: 1622, 0, 1
1 25 41: 1622, 0, 3
1 25 43: 1622, 0, 1
1 25 44: 1622, 0, 2
1 25 45: 1622, 0, 2
1 25 46: 1622, 0, 2
1 25 47: 1622, 0, 2
1 25 48: 1622, 0, 2
1 25 49: 1622, 0, 2
1 25 50: 1622, 0, 2
1 25 51: 1622, 0, 2
1 25 52: 1622, 0, 3
1 25 54: 657, 4, 2
1 25 55: 1622, 0, 1
1 26 38: 362, 10, 1
1 26 38: 1621, 2, 3
1 26 39: 360, 10, 1
1 26 39: 1621, 0, 0
1 26 40: 900, 5, 0
1 26 40: 1621, 0, 0
1 26 41: 902, 5, 0
1 26 41: 1621, 0, 0
1 26 42: 653, 22, 1
1 26 42: 1533, 0, 0
1 26 43: 362, 10, 1
1 26 43: 1621, 2, 0
1 26 44: 655, 4, 3
1 26 46: 652, 22, 3
1 26 51: 652, 22, 1
1 26 52: 362, 10, 1
1 26 52: 1621, 2, 3
1 26 53: 652, 22, 1
1 26 53: 1533, 0, 0
1 26 54: 900, 5, 0
1 26 54: 1621, 0, 0
1 26 55: 902, 5, 0
1 26 55: 1621, 0, 0
1 26 56: 360, 10, 1
1 26 56: 1621, 0, 0
1 26 57: 362, 10, 1
1 26 57: 1621, 2, 0
1 27 37: 1646, 4, 1
1 27 38: 1621, 0, 3
1 27 38: 1646, 5, 3
1 27 39: 652, 22, 0
1 27 43: 1533, 0, 1
1 27 45: 821, 10, 3
1 27 48: 653, 22, 1
1 27 49: 822, 10, 0
1 27 50: 821, 10, 3
1 27 52: 1533, 0, 3
1 27 56: 652, 22, 2
1 27 57: 1621, 0, 1
1 27 57: 1646, 5, 1
1 27 58: 1646, 4, 3
1 28 38: 818, 10, 2
1 28 38: 1621, 0, 3
1 28 41: 1748, 10, 0
1 28 43: 818, 10, 0
1 28 43: 1621, 0, 1
1 28 44: 1622, 0, 2
1 28 45: 1622, 0, 2
1 28 46: 822, 10, 2
1 28 46: 1622, 0, 2
1 28 47: 1622, 0, 2
1 28 48: 1622, 0, 2
1 28 49: 1622, 0, 2
1 28 50: 1622, 0, 2
1 28 51: 1622, 0, 2
1 28 52: 818, 10, 2
1 28 52: 1621, 0, 3
1 28 54: 1748, 10, 0
1 28 57: 818, 10, 0
1 28 57: 1621, 0, 1
1 29 37: 1646, 4, 1
1 29 38: 1621, 0, 3
1 29 38: 1646, 5, 3
1 29 40: 654, 22, 3
1 29 42: 652, 22, 2
1 29 43: 196, 5, 1
1 29 43: 1621, 0, 1
1 29 52: 196, 5, 3
1 29 52: 1621, 0, 3
1 29 53: 654, 22, 3
1 29 56: 652, 22, 3
1 29 57: 1621, 0, 1
1 29 57: 1646, 5, 1
1 29 58: 1646, 4, 3
1 30 38: 847, 5, 2
1 30 38: 1621, 2, 2
1 30 39: 1621, 0, 2
1 30 39: 1646, 5, 2
1 30 40: 902, 5, 2
1 30 40: 1621, 0, 2
1 30 41: 900, 5, 2
1 30 41: 1621, 0, 2
1 30 42: 1621, 0, 2
1 30 42: 1646, 5, 2
1 30 43: 847, 5, 2
1 30 43: 1621, 2, 1
1 30 52: 847, 5, 2
1 30 52: 1621, 2, 2
1 30 53: 1621, 0, 2
1 30 53: 1646, 5, 2
1 30 54: 902, 5, 2
1 30 54: 1621, 0, 2
1 30 55: 900, 5, 2
1 30 55: 1621, 0, 2
1 30 56: 1621, 0, 2
1 30 56: 1646, 5, 2
1 30 57: 847, 5, 2
1 30 57: 1621, 2, 1
1 31 39: 1646, 4, 0
1 31 42: 1646, 4, 0
1 31 53: 1646, 4, 0
1 31 56: 1646, 4, 0
2 12 38: 1643, 16, 1
2 12 39: 1643, 12, 2
2 12 40: 1643, 12, 2
2 12 41: 1643, 12, 2
2 12 42: 1643, 12, 2
2 12 43: 1643, 16, 2
2 12 52: 1643, 16, 1
2 12 53: 1643, 12, 2
2 12 54: 1643, 12, 2
2 12 55: 1643, 12, 2
2 12 56: 1643, 12, 2
2 12 57: 1643, 16, 2
2 13 38: 1643, 12, 1
2 13 39: 196, 5, 0
2 13 39: 1621, 2, 3
2 13 40: 1621, 0, 0
2 13 41: 1621, 0, 0
2 13 42: 196, 5, 0
2 13 42: 1621, 2, 0
2 13 43: 1643, 12, 3
2 13 52: 1643, 12, 1
2 13 53: 196, 5, 0
2 13 53: 1621, 2, 3
2 13 54: 1621, 0, 0
2 13 55: 1621, 0, 0
2 13 56: 196, 5, 0
2 13 56: 1621, 2, 0
2 13 57: 1643, 12, 3
2 14 38: 1643, 12, 1
2 14 39: 1621, 0, 3
2 14 41: 1748, 10, 0
2 14 42: 1621, 0, 1
2 14 43: 1643, 12, 3
2 14 52: 1643, 12, 1
2 14 53: 1621, 0, 3
2 14 54: 1748, 10, 0
2 14 56: 1621, 0, 1
2 14 57: 1643, 12, 3
2 15 38: 1643, 12, 1
2 15 39: 1621, 2, 2
2 15 40: 1621, 0, 2
2 15 41: 1621, 0, 2
2 15 42: 1621, 2, 1
2 15 43: 1643, 12, 3
2 15 52: 1643, 12, 1
2 15 53: 196, 5, 2
2 15 53: 1621, 2, 2
2 15 54: 1621, 0, 2
2 15 55: 1621, 0, 2
2 15 56: 196, 5, 2
2 15 56: 1621, 2, 1
2 15 57: 1643, 12, 3
2 16 38: 1643, 16, 0
2 16 39: 1643, 12, 0
2 16 40: 1643, 12, 0
2 16 41: 1643, 12, 0
2 16 42: 1643, 12, 0
2 16 43: 1643, 16, 3
2 16 52: 1643, 16, 0
2 16 53: 1643, 12, 0
2 16 54: 1643, 12, 0
2 16 55: 1643, 12, 0
2 16 56: 1643, 12, 0
2 16 57: 1643, 16, 3
2 26 38: 1643, 16, 1
2 26 39: 1643, 12, 2
2 26 40: 1643, 12, 2
2 26 41: 1643, 12, 2
2 26 42: 1643, 12, 2
2 26 43: 1643, 16, 2
2 26 52: 1643, 16, 1
2 26 53: 1643, 12, 2
2 26 54: 1643, 12, 2
2 26 55: 1643, 12, 2
2 26 56: 1643, 12, 2
2 26 57: 1643, 16, 2
2 27 38: 1643, 12, 1
2 27 39: 196, 5, 0
2 27 39: 1621, 2, 3
2 27 40: 1621, 0, 0
2 27 41: 1621, 0, 0
2 27 42: 196, 5, 0
2 27 42: 1621, 2, 0
2 27 43: 1643, 12, 3
2 27 52: 1643, 12, 1
2 27 53: 196, 5, 0
2 27 53: 1621, 2, 3
2 27 54: 1621, 0, 0
2 27 55: 1621, 0, 0
2 27 56: 196, 5, 0
2 27 56: 1621, 2, 0
2 27 57: 1643, 12, 3
2 28 38: 1643, 12, 1
2 28 39: 1621, 0, 3
2 28 41: 1748, 10, 0
2 28 42: 1621, 0, 1
2 28 43: 1643, 12, 3
2 28 52: 1643, 12, 1
2 28 53: 1621, 0, 3
2 28 54: 1748, 10, 0
2 28 56: 1621, 0, 1
2 28 57: 1643, 12, 3
2 29 38: 1643, 12, 1
2 29 39: 196, 5, 2
2 29 39: 1621, 2, 2
2 29 40: 1621, 0, 2
2 29 41: 1621, 0, 2
2 29 42: 196, 5, 2
2 29 42: 1621, 2, 1
2 29 43: 1643, 12, 3
2 29 52: 1643, 12, 1
2 29 53: 196, 5, 2
2 29 53: 1621, 2, 2
2 29 54: 1621, 0, 2
2 29 55: 1621, 0, 2
2 29 56: 196, 5, 2
2 29 56: 1621, 2, 1
2 29 57: 1643, 12, 3
2 30 38: 1643, 16, 0
2 30 39: 1643, 12, 0
2 30 40: 1643, 12, 0
2 30 41: 1643, 12, 0
2 30 42: 1643, 12, 0
2 30 43: 1643, 16, 3
2 30 52: 1643, 16, 0
2 30 53: 1643, 12, 0
2 30 54: 1643, 12, 0
2 30 55: 1643, 12, 0
2 30 56: 1643, 12, 0
2 30 57: 1643, 16, 3
3 13 39: 822, 10, 0
3 13 39: 1622, 2, 3
3 13 40: 822, 10, 0
3 13 40: 1622, 0, 0
3 13 41: 1622, 0, 0
3 13 42: 1622, 2, 0
3 13 53: 1622, 2, 3
3 13 54: 1622, 0, 0
3 13 55: 822, 10, 0
3 13 55: 1622, 0, 0
3 13 56: 822, 10, 0
3 13 56: 1622, 2, 0
3 14 39: 821, 10, 0
3 14 39: 1622, 0, 3
3 14 41: 1746, 10, 0
3 14 42: 1622, 0, 1
3 14 53: 1622, 0, 3
3 14 54: 1746, 10, 0
3 14 55: 821, 10, 2
3 14 56: 1622, 0, 1
3 15 39: 1622, 2, 2
3 15 40: 1622, 0, 2
3 15 41: 1622, 0, 2
3 15 42: 1622, 2, 1
3 15 53: 1622, 2, 2
3 15 54: 1622, 0, 2
3 15 55: 1622, 0, 2
3 15 56: 1622, 2, 1
3 27 39: 1622, 2, 3
3 27 40: 1622, 0, 0
3 27 41: 1622, 0, 0
3 27 42: 1622, 2, 0
3 27 53: 1622, 2, 3
3 27 54: 1622, 0, 0
3 27 55: 1622, 0, 0
3 27 56: 1622, 2, 0
3 28 39: 821, 10, 0
3 28 39: 1622, 0, 3
3 28 41: 1746, 10, 0
3 28 42: 1622, 0, 1
3 28 53: 1622, 0, 3
3 28 54: 1746, 10, 0
3 28 55: 821, 10, 2
3 28 56: 1622, 0, 1
3 29 39: 822, 10, 2
3 29 39: 1622, 2, 2
3 29 40: 822, 10, 2
3 29 40: 1622, 0, 2
3 29 41: 1622, 0, 2
3 29 42: 1622, 2, 1
3 29 53: 1622, 2, 2
3 29 54: 1622, 0, 2
3 29 55: 822, 10, 2
3 29 55: 1622, 0, 2
3 29 56: 822, 10, 2
3 29 56: 1622, 2, 1
