0 0 0: 1434, 10, 0
0 0 1: 1434, 10, 0
0 0 2: 1434, 10, 0
0 0 3: 1434, 10, 0
0 0 4: 1434, 10, 0
0 0 5: 1434, 10, 0
0 0 6: 1434, 10, 0
0 0 7: 1434, 10, 0
0 0 8: 1434, 10, 0
0 0 9: 1434, 10, 0
0 0 10: 1434, 10, 0
0 0 11: 1434, 10, 0
0 0 12: 1434, 10, 0
0 0 13: 1434, 10, 0
0 0 14: 1434, 10, 0
0 0 15: 1434, 10, 0
0 0 16: 1434, 10, 0
0 0 17: 1422, 0, 1
0 0 18: 198, 4, 3
0 0 23: 1454, 4, 1
0 0 24: 1417, 0, 3
0 0 25: 1434, 10, 0
0 0 26: 1434, 10, 0
0 0 27: 1434, 10, 0
0 0 28: 1434, 10, 0
0 0 29: 1434, 10, 0
0 0 30: 1434, 10, 0
0 0 31: 1434, 10, 0
0 0 32: 1434, 10, 0
0 0 33: 1434, 10, 0
0 0 34: 1434, 10, 0
0 0 35: 1434, 10, 0
0 0 36: 1434, 10, 0
0 0 37: 1434, 10, 0
0 0 38: 1434, 10, 0
0 0 39: 1434, 10, 0
0 0 40: 1434, 10, 0
0 0 41: 1434, 10, 0
0 0 42: 1434, 10, 0
0 0 43: 1434, 10, 0
0 0 44: 1434, 10, 0
0 0 45: 1434, 10, 0
0 0 46: 1434, 10, 0
0 0 47: 1434, 10, 0
0 0 48: 1434, 10, 0
0 0 49: 1434, 10, 0
0 0 50: 1434, 10, 0
0 0 51: 1434, 10, 0
0 0 52: 1434, 10, 0
0 0 53: 1434, 10, 0
0 0 54: 1434, 10, 0
0 0 55: 1434, 10, 0
0 0 56: 1434, 10, 0
0 0 57: 1434, 10, 0
0 0 58: 1434, 10, 0
0 0 59: 1434, 10, 0
0 0 60: 1434, 10, 0
0 0 61: 1434, 10, 0
0 0 62: 1434, 10, 0
0 0 63: 1434, 10, 0
0 1 0: 1434, 10, 0
0 1 1: 1434, 10, 0
0 1 2: 1434, 10, 0
0 1 3: 1434, 10, 0
0 1 4: 1434, 10, 0
0 1 5: 1434, 10, 0
0 1 6: 1434, 10, 0
0 1 7: 1434, 10, 0
0 1 8: 1434, 10, 0
0 1 9: 1434, 10, 0
0 1 10: 1434, 10, 0
0 1 11: 1434, 10, 0
0 1 12: 1434, 10, 0
0 1 13: 1434, 10, 0
0 1 14: 1434, 10, 0
0 1 15: 1434, 10, 0
0 1 16: 1434, 10, 0
0 1 17: 1417, 0, 1
0 1 20: 1248, 22, 1
0 1 22: 474, 10, 2
0 1 23: 1452, 4, 1
0 1 24: 1417, 0, 3
0 1 25: 1434, 10, 0
0 1 26: 1434, 10, 0
0 1 27: 1434, 10, 0
0 1 28: 1434, 10, 0
0 1 29: 1434, 10, 0
0 1 30: 1434, 10, 0
0 1 31: 1434, 10, 0
0 1 32: 1434, 10, 0
0 1 33: 1434, 10, 0
0 1 34: 1434, 10, 0
0 1 35: 1434, 10, 0
0 1 36: 1434, 10, 0
0 1 37: 1434, 10, 0
0 1 38: 1434, 10, 0
0 1 39: 1434, 10, 0
0 1 40: 1434, 10, 0
0 1 41: 1434, 10, 0
0 1 42: 1434, 10, 0
0 1 43: 1434, 10, 0
0 1 44: 1434, 10, 0
0 1 45: 1434, 10, 0
0 1 46: 1434, 10, 0
0 1 47: 1434, 10, 0
0 1 48: 1434, 10, 0
0 1 49: 1434, 10, 0
0 1 50: 1434, 10, 0
0 1 51: 1434, 10, 0
0 1 52: 1434, 10, 0
0 1 53: 1434, 10, 0
0 1 54: 1434, 10, 0
0 1 55: 1434, 10, 0
0 1 56: 1434, 10, 0
0 1 57: 1434, 10, 0
0 1 58: 1434, 10, 0
0 1 59: 1434, 10, 0
0 1 60: 1434, 10, 0
0 1 61: 1434, 10, 0
0 1 62: 1434, 10, 0
0 1 63: 1434, 10, 0
0 2 0: 1434, 10, 0
0 2 1: 1434, 10, 0
0 2 2: 1434, 10, 0
0 2 3: 1434, 10, 0
0 2 4: 1434, 10, 0
0 2 5: 1434, 10, 0
0 2 6: 1434, 10, 0
0 2 7: 1434, 10, 0
0 2 8: 1434, 10, 0
0 2 9: 1434, 10, 0
0 2 10: 1434, 10, 0
0 2 11: 1434, 10, 0
0 2 12: 1434, 10, 0
0 2 13: 1434, 10, 0
0 2 14: 1434, 10, 0
0 2 15: 1434, 10, 0
0 2 16: 1434, 10, 0
0 2 17: 1417, 0, 1
0 2 21: 320, 22, 0
0 2 23: 198, 4, 1
0 2 24: 1422, 0, 3
0 2 25: 1434, 10, 0
0 2 26: 1434, 10, 0
0 2 27: 1434, 10, 0
0 2 28: 1434, 10, 0
0 2 29: 1434, 10, 0
0 2 30: 1434, 10, 0
0 2 31: 1434, 10, 0
0 2 32: 1434, 10, 0
0 2 33: 1434, 10, 0
0 2 34: 1434, 10, 0
0 2 35: 1434, 10, 0
0 2 36: 1434, 10, 0
0 2 37: 1434, 10, 0
0 2 38: 1434, 10, 0
0 2 39: 1434, 10, 0
0 2 40: 1434, 10, 0
0 2 41: 1434, 10, 0
0 2 42: 1434, 10, 0
0 2 43: 1434, 10, 0
0 2 44: 1434, 10, 0
0 2 45: 1434, 10, 0
0 2 46: 1434, 10, 0
0 2 47: 1434, 10, 0
0 2 48: 1434, 10, 0
0 2 49: 1434, 10, 0
0 2 50: 1434, 10, 0
0 2 51: 1434, 10, 0
0 2 52: 1434, 10, 0
0 2 53: 1434, 10, 0
0 2 54: 1434, 10, 0
0 2 55: 1434, 10, 0
0 2 56: 1434, 10, 0
0 2 57: 1434, 10, 0
0 2 58: 1434, 10, 0
0 2 59: 1434, 10, 0
0 2 60: 1434, 10, 0
0 2 61: 1434, 10, 0
0 2 62: 1434, 10, 0
0 2 63: 1434, 10, 0
0 3 0: 1434, 10, 0
0 3 1: 1434, 10, 0
0 3 2: 1434, 10, 0
0 3 3: 1434, 10, 0
0 3 4: 1434, 10, 0
0 3 5: 1434, 10, 0
0 3 6: 1434, 10, 0
0 3 7: 1434, 10, 0
0 3 8: 1434, 10, 0
0 3 9: 1434, 10, 0
0 3 10: 1434, 10, 0
0 3 11: 1434, 10, 0
0 3 12: 1434, 10, 0
0 3 13: 1434, 10, 0
0 3 14: 1434, 10, 0
0 3 15: 1434, 10, 0
0 3 16: 1434, 10, 0
0 3 17: 1417, 0, 1
0 3 23: 1453, 4, 1
0 3 24: 1417, 0, 3
0 3 25: 1434, 10, 0
0 3 26: 1434, 10, 0
0 3 27: 1434, 10, 0
0 3 28: 1434, 10, 0
0 3 29: 1434, 10, 0
0 3 30: 1434, 10, 0
0 3 31: 1434, 10, 0
0 3 32: 1434, 10, 0
0 3 33: 1434, 10, 0
0 3 34: 1434, 10, 0
0 3 35: 1434, 10, 0
0 3 36: 1434, 10, 0
0 3 37: 1434, 10, 0
0 3 38: 1434, 10, 0
0 3 39: 1434, 10, 0
0 3 40: 1434, 10, 0
0 3 41: 1434, 10, 0
0 3 42: 1434, 10, 0
0 3 43: 1434, 10, 0
0 3 44: 1434, 10, 0
0 3 45: 1434, 10, 0
0 3 46: 1434, 10, 0
0 3 47: 1434, 10, 0
0 3 48: 1434, 10, 0
0 3 49: 1434, 10, 0
0 3 50: 1434, 10, 0
0 3 51: 1434, 10, 0
0 3 52: 1434, 10, 0
0 3 53: 1434, 10, 0
0 3 54: 1434, 10, 0
0 3 55: 1434, 10, 0
0 3 56: 1434, 10, 0
0 3 57: 1434, 10, 0
0 3 58: 1434, 10, 0
0 3 59: 1434, 10, 0
0 3 60: 1434, 10, 0
0 3 61: 1434, 10, 0
0 3 62: 1434, 10, 0
0 3 63: 1434, 10, 0
0 4 0: 1434, 10, 0
0 4 1: 1434, 10, 0
0 4 2: 1434, 10, 0
0 4 3: 1434, 10, 0
0 4 4: 1434, 10, 0
0 4 5: 1434, 10, 0
0 4 6: 1434, 10, 0
0 4 7: 1434, 10, 0
0 4 8: 1434, 10, 0
0 4 9: 1434, 10, 0
0 4 10: 1434, 10, 0
0 4 14: 1434, 10, 0
0 4 15: 1434, 10, 0
0 4 16: 1434, 10, 0
0 4 17: 1417, 0, 1
0 4 18: 706, 4, 3
0 4 19: 2743, 22, 0
0 4 19: 2783, 10, 0
0 4 22: 2743, 22, 0
0 4 22: 2783, 10, 0
0 4 23: 321, 22, 2
0 4 23: 1454, 4, 1
0 4 24: 1417, 0, 3
0 4 25: 1434, 10, 0
0 4 26: 1434, 10, 0
0 4 27: 1434, 10, 0
0 4 28: 1434, 10, 0
0 4 29: 1434, 10, 0
0 4 30: 1434, 10, 0
0 4 31: 1434, 10, 0
0 4 32: 1434, 10, 0
0 4 33: 1434, 10, 0
0 4 34: 1434, 10, 0
0 4 35: 1434, 10, 0
0 4 36: 1434, 10, 0
0 4 37: 1434, 10, 0
0 4 38: 1434, 10, 0
0 4 39: 1434, 10, 0
0 4 40: 1434, 10, 0
0 4 41: 1434, 10, 0
0 4 42: 1434, 10, 0
0 4 43: 1434, 10, 0
0 4 44: 1434, 10, 0
0 4 45: 1434, 10, 0
0 4 46: 1434, 10, 0
0 4 47: 1434, 10, 0
0 4 48: 1434, 10, 0
0 4 49: 1434, 10, 0
0 4 50: 1434, 10, 0
0 4 51: 1434, 10, 0
0 4 52: 1434, 10, 0
0 4 53: 1434, 10, 0
0 4 54: 1434, 10, 0
0 4 55: 1434, 10, 0
0 4 56: 1434, 10, 0
0 4 57: 1434, 10, 0
0 4 58: 1434, 10, 0
0 4 59: 1434, 10, 0
0 4 60: 1434, 10, 0
0 4 61: 1434, 10, 0
0 4 62: 1434, 10, 0
0 4 63: 1434, 10, 0
0 5 0: 1434, 10, 0
0 5 1: 1434, 10, 0
0 5 2: 1434, 10, 0
0 5 3: 1434, 10, 0
0 5 4: 1434, 10, 0
0 5 5: 1434, 10, 0
0 5 6: 1434, 10, 0
0 5 7: 1434, 10, 0
0 5 8: 1434, 10, 0
0 5 9: 1434, 10, 0
0 5 15: 1434, 10, 0
0 5 16: 1434, 10, 0
0 5 17: 1417, 0, 1
0 5 21: 320, 22, 0
0 5 22: 320, 22, 1
0 5 23: 321, 22, 1
0 5 23: 1455, 4, 1
0 5 24: 1417, 0, 3
0 5 25: 1434, 10, 0
0 5 26: 1434, 10, 0
0 5 27: 1434, 10, 0
0 5 28: 1434, 10, 0
0 5 29: 1434, 10, 0
0 5 30: 1434, 10, 0
0 5 31: 1434, 10, 0
0 5 32: 1434, 10, 0
0 5 33: 1434, 10, 0
0 5 34: 1434, 10, 0
0 5 35: 1417, 1, 1
0 5 36: 1417, 0, 2
0 5 37: 1422, 0, 2
0 5 38: 1417, 0, 2
0 5 39: 1417, 0, 2
0 5 40: 1417, 0, 2
0 5 41: 1422, 0, 2
0 5 42: 1417, 0, 2
0 5 43: 1417, 1, 2
0 5 44: 1434, 10, 0
0 5 45: 1434, 10, 0
0 5 46: 1434, 10, 0
0 5 47: 1434, 10, 0
0 5 48: 1434, 10, 0
0 5 49: 1434, 10, 0
0 5 50: 1434, 10, 0
0 5 51: 1434, 10, 0
0 5 52: 1434, 10, 0
0 5 53: 1434, 10, 0
0 5 54: 1434, 10, 0
0 5 55: 1434, 10, 0
0 5 56: 1434, 10, 0
0 5 57: 1434, 10, 0
0 5 58: 1434, 10, 0
0 5 59: 1434, 10, 0
0 5 60: 1434, 10, 0
0 5 61: 1434, 10, 0
0 5 62: 1434, 10, 0
0 5 63: 1434, 10, 0
0 6 0: 1434, 10, 0
0 6 1: 1434, 10, 0
0 6 2: 1434, 10, 0
0 6 3: 1434, 10, 0
0 6 4: 1434, 10, 0
0 6 5: 1434, 10, 0
0 6 6: 1434, 10, 0
0 6 7: 1434, 10, 0
0 6 14: 1434, 10, 0
0 6 15: 1434, 10, 0
0 6 16: 1434, 10, 0
0 6 17: 1417, 0, 1
0 6 18: 320, 22, 0
0 6 22: 320, 22, 2
0 6 23: 198, 4, 1
0 6 23: 319, 22, 2
0 6 24: 1422, 0, 3
0 6 25: 1434, 10, 0
0 6 26: 1434, 10, 0
0 6 27: 1434, 10, 0
0 6 28: 1434, 10, 0
0 6 29: 1434, 10, 0
0 6 30: 1434, 10, 0
0 6 31: 1434, 10, 0
0 6 32: 1417, 1, 1
0 6 33: 1417, 0, 2
0 6 34: 1417, 0, 2
0 6 35: 319, 22, 2
0 6 35: 1417, 9, 1
0 6 36: 321, 22, 0
0 6 37: 198, 4, 0
0 6 37: 320, 22, 0
0 6 38: 320, 22, 1
0 6 40: 320, 22, 1
0 6 41: 198, 4, 0
0 6 41: 320, 22, 2
0 6 41: 541, 10, 2
0 6 42: 321, 22, 1
0 6 42: 706, 4, 0
0 6 43: 1417, 9, 2
0 6 44: 1417, 1, 2
0 6 45: 1434, 10, 0
0 6 46: 1434, 10, 0
0 6 47: 1434, 10, 0
0 6 48: 1434, 10, 0
0 6 49: 1434, 10, 0
0 6 50: 1658, 1, 1
0 6 51: 1658, 0, 2
0 6 52: 1658, 0, 2
0 6 53: 1658, 0, 2
0 6 54: 1658, 0, 2
0 6 55: 1658, 0, 2
0 6 56: 1658, 0, 2
0 6 57: 1658, 1, 2
0 6 58: 1434, 10, 0
0 6 59: 1434, 10, 0
0 6 60: 1434, 10, 0
0 6 61: 1434, 10, 0
0 6 62: 1434, 10, 0
0 6 63: 1434, 10, 0
0 7 0: 1434, 10, 0
0 7 1: 1434, 10, 0
0 7 2: 1434, 10, 0
0 7 3: 1434, 10, 0
0 7 4: 1434, 10, 0
0 7 5: 1434, 10, 0
0 7 6: 1434, 10, 0
0 7 14: 1434, 10, 0
0 7 15: 1434, 10, 0
0 7 16: 1434, 10, 0
0 7 17: 1422, 0, 1
0 7 18: 198, 4, 3
0 7 18: 320, 22, 3
0 7 23: 320, 22, 1
0 7 24: 319, 22, 0
0 7 24: 1417, 9, 2
0 7 25: 1417, 0, 2
0 7 26: 1422, 0, 2
0 7 27: 1417, 0, 2
0 7 28: 1417, 0, 2
0 7 29: 1417, 0, 2
0 7 30: 1417, 0, 2
0 7 31: 319, 22, 1
0 7 31: 1422, 0, 2
0 7 32: 1417, 9, 1
0 7 34: 320, 22, 0
0 7 34: 706, 4, 0
0 7 35: 320, 22, 2
0 7 36: 320, 22, 3
0 7 42: 320, 22, 3
0 7 43: 320, 22, 0
0 7 44: 706, 7, 2
0 7 44: 1417, 9, 2
0 7 45: 1417, 0, 2
0 7 46: 1422, 0, 2
0 7 47: 1417, 0, 2
0 7 48: 1417, 0, 2
0 7 49: 1436, 10, 3
0 7 49: 1658, 0, 2
0 7 50: 1658, 9, 1
0 7 50: 1872, 7, 1
0 7 51: 197, 4, 0
0 7 52: 362, 11, 0
0 7 53: 362, 11, 1
0 7 53: 1872, 4, 0
0 7 55: 197, 4, 0
0 7 56: 365, 10, 1
0 7 56: 1872, 4, 0
0 7 57: 197, 7, 2
0 7 57: 1658, 9, 2
0 7 58: 1658, 0, 2
0 7 59: 1658, 0, 2
0 7 60: 1658, 1, 2
0 7 61: 1434, 10, 0
0 7 62: 1434, 10, 0
0 7 63: 1434, 10, 0
0 8 0: 1434, 10, 0
0 8 1: 1434, 10, 0
0 8 2: 1434, 10, 0
0 8 3: 1434, 10, 0
0 8 4: 1434, 10, 0
0 8 5: 1434, 10, 0
0 8 6: 1434, 10, 0
0 8 8: 1434, 10, 0
0 8 9: 1434, 10, 0
0 8 10: 1434, 10, 0
0 8 11: 1434, 10, 0
0 8 13: 1434, 10, 0
0 8 14: 1434, 10, 0
0 8 15: 1434, 10, 0
0 8 16: 1417, 1, 1
0 8 17: 706, 7, 1
0 8 17: 1417, 9, 1
0 8 18: 320, 22, 3
0 8 23: 321, 22, 0
0 8 23: 465, 10, 3
0 8 24: 319, 22, 1
0 8 25: 706, 4, 0
0 8 26: 198, 4, 0
0 8 26: 320, 22, 1
0 8 27: 320, 22, 0
0 8 28: 321, 22, 3
0 8 29: 320, 22, 3
0 8 30: 320, 22, 3
0 8 31: 198, 4, 0
0 8 38: 542, 10, 3
0 8 43: 464, 10, 0
0 8 46: 198, 4, 0
0 8 49: 706, 4, 0
0 8 58: 365, 10, 0
0 8 58: 706, 4, 0
0 8 59: 365, 11, 1
0 8 59: 1872, 4, 0
0 8 60: 706, 7, 2
0 8 60: 1658, 9, 2
0 8 61: 1658, 1, 2
0 8 62: 1434, 10, 0
0 8 63: 1434, 10, 0
0 9 0: 1434, 10, 0
0 9 1: 1434, 10, 0
0 9 2: 1434, 10, 0
0 9 3: 1434, 10, 0
0 9 4: 1434, 10, 0
0 9 5: 1434, 10, 0
0 9 7: 1434, 10, 0
0 9 8: 1434, 10, 0
0 9 9: 1434, 10, 0
0 9 10: 1434, 10, 0
0 9 11: 1434, 10, 0
0 9 12: 1434, 10, 0
0 9 13: 1436, 10, 2
0 9 14: 1417, 1, 1
0 9 15: 1417, 0, 2
0 9 16: 1417, 9, 1
0 9 17: 321, 22, 3
0 9 28: 320, 22, 1
0 9 29: 320, 22, 2
0 9 38: 1248, 22, 2
0 9 48: 640, 22, 1
0 9 49: 639, 22, 1
0 9 50: 638, 22, 1
0 9 51: 638, 22, 1
0 9 52: 638, 22, 1
0 9 53: 637, 10, 1
0 9 53: 638, 22, 1
0 9 54: 637, 10, 1
0 9 54: 638, 22, 1
0 9 55: 638, 22, 1
0 9 56: 636, 10, 1
0 9 60: 197, 4, 1
0 9 60: 365, 11, 2
0 9 61: 1658, 0, 3
0 9 62: 1434, 10, 0
0 9 63: 1434, 10, 0
0 10 0: 1434, 10, 0
0 10 1: 1434, 10, 0
0 10 2: 1434, 10, 0
0 10 3: 1434, 10, 0
0 10 4: 1434, 10, 0
0 10 6: 1434, 10, 0
0 10 7: 1436, 10, 2
0 10 8: 1434, 10, 0
0 10 9: 1417, 1, 1
0 10 10: 1422, 0, 2
0 10 11: 1417, 0, 2
0 10 12: 1417, 0, 2
0 10 13: 1422, 0, 2
0 10 14: 1417, 9, 1
0 10 15: 321, 22, 3
0 10 15: 706, 4, 0
0 10 16: 321, 22, 2
0 10 47: 320, 22, 2
0 10 48: 642, 22, 1
0 10 49: 641, 22, 1
0 10 60: 1872, 4, 1
0 10 61: 1658, 0, 3
0 10 62: 1434, 10, 0
0 10 63: 1434, 10, 0
0 11 0: 1434, 10, 0
0 11 1: 1434, 10, 0
0 11 2: 1434, 10, 0
0 11 3: 1434, 10, 0
0 11 4: 1434, 10, 0
0 11 5: 1434, 10, 0
0 11 6: 1436, 10, 2
0 11 7: 1417, 1, 1
0 11 8: 1417, 0, 2
0 11 9: 1417, 9, 1
0 11 10: 198, 4, 0
0 11 12: 320, 22, 1
0 11 13: 198, 4, 0
0 11 13: 320, 22, 2
0 11 14: 321, 22, 2
0 11 15: 321, 22, 0
0 11 16: 320, 22, 2
0 11 19: 1248, 22, 1
0 11 23: 321, 22, 2
0 11 25: 320, 22, 2
0 11 27: 320, 22, 3
0 11 28: 321, 22, 1
0 11 29: 320, 22, 0
0 11 32: 320, 22, 1
0 11 33: 321, 22, 2
0 11 34: 321, 22, 3
0 11 35: 320, 22, 0
0 11 36: 321, 22, 0
0 11 37: 320, 22, 3
0 11 39: 320, 22, 1
0 11 40: 320, 22, 0
0 11 41: 320, 22, 2
0 11 43: 320, 22, 1
0 11 44: 321, 22, 1
0 11 45: 321, 22, 0
0 11 46: 320, 22, 3
0 11 47: 641, 22, 3
0 11 48: 642, 22, 3
0 11 58: 1755, 10, 0
0 11 61: 1658, 0, 3
0 11 62: 1434, 10, 0
0 11 63: 1434, 10, 0
0 12 0: 1434, 10, 0
0 12 1: 1434, 10, 0
0 12 2: 1434, 10, 0
0 12 3: 1434, 10, 0
0 12 4: 1434, 10, 0
0 12 5: 1434, 10, 0
0 12 6: 1417, 1, 1
0 12 7: 198, 7, 1
0 12 7: 1417, 9, 1
0 12 8: 320, 22, 1
0 12 15: 320, 22, 1
0 12 22: 320, 22, 0
0 12 23: 321, 22, 3
0 12 24: 636, 10, 3
0 12 25: 637, 10, 1
0 12 25: 638, 22, 1
0 12 26: 638, 22, 1
0 12 27: 637, 10, 1
0 12 27: 638, 22, 1
0 12 28: 638, 22, 1
0 12 29: 638, 22, 1
0 12 30: 638, 22, 1
0 12 31: 638, 22, 1
0 12 32: 638, 22, 1
0 12 33: 645, 22, 1
0 12 34: 643, 22, 1
0 12 35: 638, 22, 1
0 12 36: 638, 22, 1
0 12 37: 638, 22, 1
0 12 38: 638, 22, 1
0 12 39: 638, 22, 1
0 12 40: 638, 22, 1
0 12 41: 638, 22, 1
0 12 42: 638, 22, 1
0 12 43: 638, 22, 1
0 12 44: 638, 22, 1
0 12 45: 645, 22, 1
0 12 46: 643, 22, 1
0 12 47: 639, 22, 3
0 12 48: 640, 22, 3
0 12 51: 1248, 22, 3
0 12 56: 1248, 22, 2
0 12 61: 1658, 0, 3
0 12 62: 1434, 10, 0
0 12 63: 1434, 10, 0
0 13 0: 1434, 10, 0
0 13 1: 1434, 10, 0
0 13 2: 1434, 10, 0
0 13 3: 1434, 10, 0
0 13 4: 1434, 10, 0
0 13 5: 1417, 1, 1
0 13 6: 1417, 9, 1
0 13 9: 2091, 11, 0
0 13 10: 465, 10, 0
0 13 21: 321, 22, 1
0 13 22: 473, 10, 0
0 13 24: 471, 10, 3
0 13 26: 473, 10, 2
0 13 30: 320, 22, 2
0 13 31: 320, 22, 3
0 13 32: 321, 22, 3
0 13 33: 646, 22, 1
0 13 34: 644, 22, 1
0 13 35: 320, 22, 0
0 13 36: 320, 22, 2
0 13 37: 321, 22, 3
0 13 38: 320, 22, 3
0 13 41: 320, 22, 1
0 13 42: 321, 22, 0
0 13 43: 320, 22, 0
0 13 44: 321, 22, 1
0 13 45: 646, 22, 1
0 13 46: 644, 22, 1
0 13 60: 1872, 4, 1
0 13 61: 1658, 0, 3
0 13 62: 1434, 10, 0
0 13 63: 1434, 10, 0
0 14 0: 1434, 10, 0
0 14 1: 1434, 10, 0
0 14 2: 1434, 10, 0
0 14 3: 1434, 10, 0
0 14 4: 1434, 10, 0
0 14 5: 1422, 0, 1
0 14 6: 198, 4, 3
0 14 12: 320, 22, 3
0 14 21: 320, 22, 3
0 14 32: 320, 22, 0
0 14 33: 638, 22, 2
0 14 34: 321, 22, 1
0 14 35: 320, 22, 3
0 14 37: 474, 10, 2
0 14 44: 320, 22, 3
0 14 45: 638, 22, 2
0 14 60: 197, 4, 1
0 14 61: 1658, 0, 3
0 14 62: 1434, 10, 0
0 14 63: 1434, 10, 0
0 15 0: 1434, 10, 0
0 15 1: 1434, 10, 0
0 15 2: 1434, 10, 0
0 15 3: 1434, 10, 0
0 15 4: 1434, 10, 0
0 15 5: 1417, 0, 1
0 15 6: 320, 22, 2
0 15 11: 320, 22, 2
0 15 12: 321, 22, 0
0 15 13: 320, 22, 3
0 15 15: 464, 10, 3
0 15 21: 541, 10, 2
0 15 22: 320, 22, 2
0 15 23: 321, 22, 0
0 15 24: 473, 10, 3
0 15 26: 321, 22, 3
0 15 32: 320, 22, 1
0 15 33: 638, 22, 2
0 15 34: 320, 22, 2
0 15 36: 320, 22, 2
0 15 39: 321, 22, 1
0 15 43: 320, 22, 2
0 15 44: 641, 22, 3
0 15 45: 642, 22, 3
0 15 46: 320, 22, 3
0 15 49: 197, 4, 2
0 15 49: 365, 10, 1
0 15 50: 365, 10, 2
0 15 50: 1872, 4, 2
0 15 51: 1107, 4, 2
0 15 52: 197, 4, 2
0 15 59: 1872, 4, 2
0 15 60: 706, 7, 3
0 15 60: 1658, 9, 3
0 15 61: 1658, 1, 3
0 15 62: 1434, 10, 0
0 15 63: 1434, 10, 0
0 16 0: 1434, 10, 0
0 16 1: 1434, 10, 0
0 16 2: 1434, 10, 0
0 16 3: 1434, 10, 0
0 16 4: 1434, 10, 0
0 16 5: 1417, 0, 1
0 16 6: 320, 22, 3
0 16 6: 2090, 10, 0
0 16 10: 320, 22, 1
0 16 11: 321, 22, 1
0 16 12: 320, 22, 3
0 16 13: 321, 22, 2
0 16 14: 320, 22, 0
0 16 19: 320, 22, 3
0 16 30: 320, 22, 1
0 16 31: 321, 22, 2
0 16 32: 641, 22, 3
0 16 33: 642, 22, 3
0 16 35: 320, 22, 3
0 16 36: 321, 22, 0
0 16 37: 471, 10, 3
0 16 39: 474, 10, 0
0 16 42: 640, 22, 1
0 16 43: 639, 22, 1
0 16 44: 639, 22, 3
0 16 45: 640, 22, 3
0 16 48: 1417, 9, 3
0 16 48: 1455, 7, 3
0 16 49: 1434, 10, 0
0 16 49: 1658, 0, 0
0 16 50: 1658, 0, 0
0 16 51: 1658, 0, 0
0 16 52: 1658, 0, 0
0 16 53: 321, 22, 0
0 16 53: 1658, 9, 0
0 16 53: 1872, 7, 0
0 16 57: 197, 7, 3
0 16 57: 1658, 9, 3
0 16 58: 1658, 0, 0
0 16 59: 1658, 0, 0
0 16 60: 1658, 1, 3
0 16 61: 1434, 10, 0
0 16 62: 1434, 10, 0
0 16 63: 1434, 10, 0
0 17 0: 1434, 10, 0
0 17 1: 1434, 10, 0
0 17 2: 1434, 10, 0
0 17 3: 1434, 10, 0
0 17 4: 1434, 10, 0
0 17 5: 1422, 0, 1
0 17 6: 198, 4, 3
0 17 6: 321, 22, 3
0 17 7: 320, 22, 3
0 17 11: 320, 22, 0
0 17 12: 320, 22, 2
0 17 13: 320, 22, 1
0 17 18: 320, 22, 0
0 17 19: 321, 22, 2
0 17 20: 320, 22, 2
0 17 27: 636, 10, 3
0 17 28: 638, 22, 3
0 17 29: 637, 10, 1
0 17 29: 638, 22, 3
0 17 30: 638, 22, 3
0 17 31: 638, 22, 3
0 17 32: 639, 22, 3
0 17 33: 640, 22, 3
0 17 36: 320, 22, 0
0 17 37: 321, 22, 3
0 17 42: 642, 22, 1
0 17 43: 641, 22, 1
0 17 44: 320, 22, 1
0 17 47: 706, 7, 3
0 17 47: 1417, 9, 3
0 17 48: 1417, 1, 3
0 17 49: 1436, 10, 0
0 17 53: 1658, 0, 1
0 17 56: 1872, 4, 1
0 17 57: 1658, 0, 3
0 17 58: 1434, 10, 0
0 17 59: 1434, 10, 0
0 17 60: 1434, 10, 0
0 17 61: 1434, 10, 0
0 17 62: 1434, 10, 0
0 17 63: 1434, 10, 0
0 18 0: 1434, 10, 0
0 18 1: 1434, 10, 0
0 18 2: 1434, 10, 0
0 18 3: 1434, 10, 0
0 18 4: 1434, 10, 0
0 18 5: 1417, 1, 0
0 18 6: 1417, 9, 0
0 18 7: 321, 22, 1
0 18 8: 320, 22, 0
0 18 9: 2091, 10, 1
0 18 18: 320, 22, 1
0 18 19: 321, 22, 1
0 18 20: 320, 22, 0
0 18 25: 320, 22, 2
0 18 31: 320, 22, 0
0 18 32: 320, 22, 1
0 18 36: 320, 22, 3
0 18 37: 473, 10, 1
0 18 39: 321, 22, 2
0 18 40: 320, 22, 1
0 18 41: 321, 22, 1
0 18 42: 638, 22, 2
0 18 43: 320, 22, 2
0 18 46: 1417, 9, 3
0 18 46: 1458, 7, 3
0 18 47: 1417, 1, 3
0 18 48: 1436, 10, 0
0 18 53: 1658, 0, 1
0 18 54: 197, 4, 3
0 18 56: 197, 4, 1
0 18 57: 1658, 0, 3
0 18 58: 1434, 10, 0
0 18 59: 1434, 10, 0
0 18 60: 1434, 10, 0
0 18 61: 1434, 10, 0
0 18 62: 1434, 10, 0
0 18 63: 1434, 10, 0
0 19 0: 1434, 10, 0
0 19 1: 1434, 10, 0
0 19 2: 1434, 10, 0
0 19 3: 1434, 10, 0
0 19 4: 1434, 10, 0
0 19 5: 1434, 10, 0
0 19 6: 1417, 1, 0
0 19 7: 1417, 9, 0
0 19 8: 198, 4, 2
0 19 8: 321, 22, 0
0 19 9: 1454, 4, 2
0 19 10: 1452, 4, 2
0 19 10: 2090, 11, 1
0 19 11: 1455, 4, 2
0 19 12: 198, 4, 2
0 19 14: 320, 22, 3
0 19 15: 321, 22, 1
0 19 17: 320, 22, 0
0 19 18: 320, 22, 2
0 19 19: 320, 22, 2
0 19 20: 320, 22, 3
0 19 21: 1248, 22, 0
0 19 25: 474, 10, 2
0 19 27: 473, 10, 3
0 19 32: 1248, 22, 3
0 19 41: 320, 22, 0
0 19 42: 638, 22, 2
0 19 45: 198, 4, 1
0 19 46: 1422, 0, 3
0 19 47: 1434, 10, 0
0 19 53: 1658, 0, 1
0 19 54: 1872, 4, 3
0 19 57: 1658, 0, 3
0 19 58: 1434, 10, 0
0 19 59: 1434, 10, 0
0 19 60: 1434, 10, 0
0 19 61: 1434, 10, 0
0 19 62: 1434, 10, 0
0 19 63: 1434, 10, 0
0 20 0: 1434, 10, 0
0 20 1: 1434, 10, 0
0 20 2: 1434, 10, 0
0 20 3: 1434, 10, 0
0 20 4: 1434, 10, 0
0 20 5: 1434, 10, 0
0 20 6: 1434, 10, 0
0 20 7: 1417, 1, 0
0 20 8: 1422, 0, 0
0 20 9: 1417, 0, 0
0 20 10: 1417, 0, 0
0 20 11: 1417, 0, 0
0 20 12: 1422, 0, 0
0 20 13: 320, 22, 2
0 20 13: 1417, 9, 0
0 20 14: 320, 22, 1
0 20 14: 1454, 4, 2
0 20 15: 321, 22, 1
0 20 15: 1452, 4, 2
0 20 16: 321, 22, 3
0 20 16: 2108, 10, 2
0 20 17: 320, 22, 1
0 20 35: 320, 22, 2
0 20 41: 320, 22, 2
0 20 42: 638, 22, 2
0 20 45: 1453, 4, 1
0 20 46: 1417, 0, 3
0 20 47: 1436, 10, 0
0 20 52: 1434, 10, 0
0 20 53: 1658, 0, 1
0 20 56: 1872, 4, 1
0 20 57: 1658, 0, 3
0 20 58: 1434, 10, 0
0 20 59: 1434, 10, 0
0 20 60: 1434, 10, 0
0 20 61: 1434, 10, 0
0 20 62: 1434, 10, 0
0 20 63: 1434, 10, 0
0 21 0: 1434, 10, 0
0 21 1: 1434, 10, 0
0 21 2: 1434, 10, 0
0 21 3: 1434, 10, 0
0 21 4: 1434, 10, 0
0 21 5: 1434, 10, 0
0 21 6: 1434, 10, 0
0 21 7: 1434, 10, 0
0 21 8: 1434, 10, 0
0 21 9: 1434, 10, 0
0 21 10: 1434, 10, 0
0 21 11: 1434, 10, 0
0 21 12: 1434, 10, 0
0 21 13: 1417, 1, 0
0 21 14: 1417, 0, 0
0 21 15: 1417, 0, 0
0 21 16: 1417, 9, 0
0 21 17: 2741, 22, 0
0 21 18: 320, 22, 2
0 21 25: 471, 10, 0
0 21 27: 474, 10, 0
0 21 29: 320, 22, 0
0 21 33: 320, 22, 2
0 21 34: 320, 22, 2
0 21 35: 321, 22, 3
0 21 36: 320, 22, 1
0 21 39: 542, 10, 1
0 21 41: 321, 22, 3
0 21 42: 638, 22, 2
0 21 45: 320, 22, 0
0 21 45: 1454, 4, 1
0 21 46: 1417, 0, 3
0 21 51: 1434, 10, 0
0 21 52: 1434, 10, 0
0 21 53: 180, 22, 2
0 21 53: 1658, 0, 1
0 21 54: 197, 4, 3
0 21 56: 197, 4, 1
0 21 57: 1658, 0, 3
0 21 58: 1434, 10, 0
0 21 59: 1434, 10, 0
0 21 60: 1434, 10, 0
0 21 61: 1434, 10, 0
0 21 62: 1434, 10, 0
0 21 63: 1434, 10, 0
0 22 0: 1434, 10, 0
0 22 1: 1434, 10, 0
0 22 2: 1434, 10, 0
0 22 5: 1434, 10, 0
0 22 6: 1434, 10, 0
0 22 7: 1434, 10, 0
0 22 8: 1434, 10, 0
0 22 9: 1434, 10, 0
0 22 10: 1434, 10, 0
0 22 11: 1434, 10, 0
0 22 12: 1434, 10, 0
0 22 13: 1434, 10, 0
0 22 14: 1434, 10, 0
0 22 15: 1434, 10, 0
0 22 16: 1417, 0, 1
0 22 17: 321, 22, 1
0 22 17: 2108, 11, 0
0 22 18: 2109, 10, 3
0 22 19: 320, 22, 3
0 22 20: 320, 22, 0
0 22 22: 466, 10, 0
0 22 25: 320, 22, 3
0 22 25: 1454, 4, 2
0 22 26: 1452, 4, 2
0 22 33: 2091, 11, 2
0 22 34: 320, 22, 3
0 22 34: 2091, 11, 1
0 22 35: 320, 22, 0
0 22 41: 320, 22, 3
0 22 42: 638, 22, 2
0 22 44: 320, 22, 3
0 22 45: 320, 22, 1
0 22 45: 1452, 4, 1
0 22 46: 1417, 0, 3
0 22 50: 1434, 10, 0
0 22 51: 1434, 10, 0
0 22 52: 1658, 1, 1
0 22 53: 1658, 9, 1
0 22 53: 1872, 7, 1
0 22 57: 197, 7, 2
0 22 57: 1658, 9, 2
0 22 58: 1658, 1, 2
0 22 59: 1434, 10, 0
0 22 60: 1434, 10, 0
0 22 61: 1434, 10, 0
0 22 62: 1434, 10, 0
0 22 63: 1434, 10, 0
0 23 0: 1434, 10, 0
0 23 1: 1434, 10, 0
0 23 2: 1434, 10, 0
0 23 11: 1434, 10, 0
0 23 12: 1434, 10, 0
0 23 13: 1434, 10, 0
0 23 14: 1434, 10, 0
0 23 15: 1434, 10, 0
0 23 16: 1417, 1, 0
0 23 17: 321, 22, 1
0 23 17: 706, 7, 0
0 23 17: 1417, 9, 0
0 23 18: 198, 4, 2
0 23 18: 321, 22, 0
0 23 19: 1454, 4, 2
0 23 20: 321, 22, 2
0 23 20: 1452, 4, 2
0 23 21: 321, 22, 1
0 23 21: 1454, 4, 2
0 23 22: 320, 22, 3
0 23 22: 1452, 4, 2
0 23 23: 198, 4, 2
0 23 23: 319, 22, 3
0 23 24: 319, 22, 3
0 23 24: 1417, 9, 3
0 23 25: 1417, 0, 0
0 23 26: 319, 22, 3
0 23 26: 1417, 0, 0
0 23 27: 320, 22, 0
0 23 27: 1417, 9, 0
0 23 28: 320, 22, 1
0 23 40: 320, 22, 2
0 23 41: 321, 22, 2
0 23 42: 638, 22, 2
0 23 44: 320, 22, 2
0 23 45: 321, 22, 2
0 23 45: 1417, 9, 3
0 23 46: 1417, 1, 3
0 23 47: 1434, 10, 0
0 23 50: 1434, 10, 0
0 23 51: 1658, 1, 1
0 23 52: 180, 22, 3
0 23 52: 197, 7, 1
0 23 52: 1658, 9, 1
0 23 54: 1248, 22, 1
0 23 57: 1872, 4, 1
0 23 58: 1658, 0, 3
0 23 59: 1434, 10, 0
0 23 60: 1434, 10, 0
0 23 61: 1434, 10, 0
0 23 62: 1434, 10, 0
0 23 63: 1434, 10, 0
0 24 0: 1434, 10, 0
0 24 1: 1434, 10, 0
0 24 2: 1434, 10, 0
0 24 6: 1434, 10, 0
0 24 7: 1434, 10, 0
0 24 8: 1434, 10, 0
0 24 9: 1434, 10, 0
0 24 10: 1434, 10, 0
0 24 15: 1434, 10, 0
0 24 16: 1434, 10, 0
0 24 17: 1417, 1, 0
0 24 18: 1422, 0, 0
0 24 19: 1417, 0, 0
0 24 20: 1417, 0, 0
0 24 21: 1417, 0, 0
0 24 22: 1417, 0, 0
0 24 23: 1422, 0, 0
0 24 24: 1417, 1, 3
0 24 25: 1434, 10, 0
0 24 26: 1434, 10, 0
0 24 27: 1417, 1, 0
0 24 28: 319, 22, 2
0 24 28: 1417, 9, 0
0 24 29: 198, 4, 2
0 24 30: 1454, 4, 2
0 24 30: 2095, 11, 1
0 24 34: 179, 22, 1
0 24 34: 2093, 10, 1
0 24 35: 179, 22, 0
0 24 36: 2741, 22, 0
0 24 40: 320, 22, 3
0 24 41: 321, 22, 0
0 24 42: 638, 22, 2
0 24 44: 198, 4, 1
0 24 44: 320, 22, 1
0 24 45: 1422, 0, 3
0 24 46: 1434, 10, 0
0 24 47: 1434, 10, 0
0 24 48: 1434, 10, 0
0 24 49: 1434, 10, 0
0 24 50: 1658, 1, 1
0 24 51: 1658, 9, 1
0 24 51: 1872, 7, 1
0 24 57: 180, 22, 1
0 24 58: 1658, 0, 3
0 24 59: 1434, 10, 0
0 24 60: 1434, 10, 0
0 24 61: 1434, 10, 0
0 24 62: 1434, 10, 0
0 24 63: 1434, 10, 0
0 25 0: 1434, 10, 0
0 25 1: 1434, 10, 0
0 25 5: 1434, 10, 0
0 25 6: 1434, 10, 0
0 25 7: 1434, 10, 0
0 25 8: 1434, 10, 0
0 25 9: 1434, 10, 0
0 25 10: 1434, 10, 0
0 25 11: 1434, 10, 0
0 25 12: 1434, 10, 0
0 25 13: 1434, 10, 0
0 25 14: 1434, 10, 0
0 25 15: 1434, 10, 0
0 25 16: 1434, 10, 0
0 25 17: 1417, 1, 1
0 25 18: 1422, 0, 2
0 25 19: 1417, 0, 2
0 25 20: 1417, 0, 2
0 25 21: 1417, 0, 2
0 25 22: 1417, 0, 2
0 25 23: 1417, 0, 2
0 25 24: 1417, 0, 2
0 25 25: 1422, 0, 2
0 25 26: 1417, 1, 2
0 25 27: 1434, 10, 0
0 25 28: 1417, 1, 0
0 25 29: 1422, 0, 0
0 25 30: 1417, 0, 0
0 25 31: 1417, 9, 0
0 25 32: 2095, 11, 1
0 25 33: 1454, 4, 2
0 25 33: 2093, 11, 0
0 25 34: 180, 22, 2
0 25 34: 198, 4, 2
0 25 36: 2091, 10, 3
0 25 37: 319, 22, 0
0 25 41: 320, 22, 1
0 25 42: 638, 22, 2
0 25 43: 320, 22, 2
0 25 44: 1454, 4, 1
0 25 45: 1417, 0, 3
0 25 46: 1434, 10, 0
0 25 47: 1434, 10, 0
0 25 48: 1434, 10, 0
0 25 49: 1658, 1, 1
0 25 50: 1658, 9, 1
0 25 51: 180, 22, 3
0 25 51: 356, 10, 3
0 25 56: 851, 11, 0
0 25 57: 197, 4, 1
0 25 58: 1658, 0, 3
0 25 59: 1434, 10, 0
0 25 60: 1434, 10, 0
0 25 61: 1434, 10, 0
0 25 62: 1434, 10, 0
0 25 63: 1434, 10, 0
0 26 0: 1434, 10, 0
0 26 1: 1434, 10, 0
0 26 5: 1434, 10, 0
0 26 6: 1434, 10, 0
0 26 7: 1434, 10, 0
0 26 8: 1434, 10, 0
0 26 9: 1434, 10, 0
0 26 10: 1417, 1, 1
0 26 11: 1422, 0, 2
0 26 12: 1417, 0, 2
0 26 13: 1417, 0, 2
0 26 14: 1417, 0, 2
0 26 15: 1417, 0, 2
0 26 16: 1417, 0, 2
0 26 17: 319, 22, 0
0 26 17: 706, 7, 1
0 26 17: 1417, 9, 1
0 26 18: 198, 4, 0
0 26 21: 320, 22, 3
0 26 21: 706, 4, 0
0 26 22: 319, 22, 0
0 26 23: 320, 22, 2
0 26 25: 198, 4, 0
0 26 26: 1417, 9, 2
0 26 27: 1417, 1, 2
0 26 28: 1434, 10, 0
0 26 29: 1434, 10, 0
0 26 30: 1434, 10, 0
0 26 31: 1417, 1, 0
0 26 32: 1417, 0, 0
0 26 33: 1417, 0, 0
0 26 34: 1422, 0, 0
0 26 35: 1417, 9, 0
0 26 36: 180, 22, 3
0 26 36: 1452, 4, 2
0 26 37: 198, 7, 3
0 26 37: 1417, 9, 3
0 26 38: 1417, 9, 0
0 26 42: 638, 22, 2
0 26 43: 321, 22, 2
0 26 44: 1453, 4, 1
0 26 45: 1417, 0, 3
0 26 46: 1434, 10, 0
0 26 47: 1434, 10, 0
0 26 48: 1434, 10, 0
0 26 49: 1658, 0, 1
0 26 50: 197, 4, 3
0 26 50: 358, 10, 0
0 26 51: 357, 10, 3
0 26 57: 356, 10, 1
0 26 57: 1872, 4, 1
0 26 58: 1658, 0, 3
0 26 59: 1434, 10, 0
0 26 60: 1434, 10, 0
0 26 61: 1434, 10, 0
0 26 62: 1434, 10, 0
0 26 63: 1434, 10, 0
0 27 0: 1434, 10, 0
0 27 1: 1434, 10, 0
0 27 2: 1434, 10, 0
0 27 3: 1434, 10, 0
0 27 4: 1434, 10, 0
0 27 5: 1434, 10, 0
0 27 6: 1434, 10, 0
0 27 7: 1434, 10, 0
0 27 8: 1434, 10, 0
0 27 9: 1417, 1, 1
0 27 10: 1417, 9, 1
0 27 11: 198, 4, 0
0 27 11: 320, 22, 2
0 27 12: 320, 22, 3
0 27 13: 321, 22, 0
0 27 14: 321, 22, 3
0 27 15: 198, 4, 0
0 27 15: 320, 22, 1
0 27 16: 706, 4, 0
0 27 20: 464, 10, 0
0 27 22: 320, 22, 1
0 27 27: 1417, 9, 2
0 27 28: 1417, 0, 2
0 27 29: 1422, 0, 2
0 27 30: 1417, 1, 2
0 27 31: 1434, 10, 0
0 27 32: 1434, 10, 0
0 27 33: 1434, 10, 0
0 27 34: 1434, 10, 0
0 27 35: 1417, 1, 0
0 27 36: 319, 22, 0
0 27 36: 1417, 0, 0
0 27 37: 1417, 1, 3
0 27 38: 1422, 0, 1
0 27 39: 198, 4, 3
0 27 39: 320, 22, 1
0 27 42: 638, 22, 2
0 27 43: 320, 22, 0
0 27 44: 1454, 4, 1
0 27 45: 1417, 0, 3
0 27 46: 1434, 10, 0
0 27 47: 1434, 10, 0
0 27 48: 1434, 10, 0
0 27 49: 1658, 0, 1
0 27 50: 357, 10, 0
0 27 57: 197, 4, 1
0 27 57: 357, 10, 2
0 27 58: 1658, 0, 3
0 27 59: 1434, 10, 0
0 27 60: 1434, 10, 0
0 27 61: 1434, 10, 0
0 27 62: 1434, 10, 0
0 27 63: 1434, 10, 0
0 28 0: 1434, 10, 0
0 28 1: 1434, 10, 0
0 28 2: 1434, 10, 0
0 28 3: 1434, 10, 0
0 28 4: 1434, 10, 0
0 28 5: 1434, 10, 0
0 28 6: 1417, 1, 1
0 28 7: 1417, 0, 2
0 28 8: 1417, 0, 2
0 28 9: 1417, 9, 1
0 28 13: 320, 22, 0
0 28 14: 320, 22, 2
0 28 25: 320, 22, 0
0 28 26: 320, 22, 3
0 28 28: 320, 22, 2
0 28 28: 706, 4, 0
0 28 29: 198, 4, 0
0 28 29: 320, 22, 3
0 28 30: 1417, 9, 2
0 28 31: 1417, 0, 2
0 28 32: 1417, 0, 2
0 28 33: 1417, 0, 2
0 28 34: 1417, 1, 2
0 28 35: 1434, 10, 0
0 28 36: 1434, 10, 0
0 28 37: 1434, 10, 0
0 28 38: 1417, 0, 1
0 28 39: 321, 22, 2
0 28 40: 320, 22, 0
0 28 41: 320, 22, 1
0 28 42: 638, 22, 2
0 28 44: 198, 4, 1
0 28 45: 1422, 0, 3
0 28 46: 1434, 10, 0
0 28 47: 1434, 10, 0
0 28 48: 1434, 10, 0
0 28 49: 1658, 0, 1
0 28 50: 197, 4, 3
0 28 51: 724, 10, 3
0 28 54: 2776, 22, 0
0 28 56: 356, 10, 0
0 28 56: 1248, 22, 0
0 28 57: 358, 10, 2
0 28 57: 706, 4, 1
0 28 58: 1658, 0, 3
0 28 59: 1434, 10, 0
0 28 60: 1434, 10, 0
0 28 61: 1434, 10, 0
0 28 62: 1434, 10, 0
0 28 63: 1434, 10, 0
0 29 0: 1417, 0, 2
0 29 1: 1417, 0, 2
0 29 2: 1417, 1, 2
0 29 3: 1434, 10, 0
0 29 4: 1434, 10, 0
0 29 5: 1417, 1, 1
0 29 6: 1417, 9, 1
0 29 7: 2097, 11, 2
0 29 8: 2096, 10, 2
0 29 9: 320, 22, 2
0 29 17: 473, 10, 3
0 29 25: 320, 22, 0
0 29 26: 321, 22, 0
0 29 27: 320, 22, 2
0 29 29: 320, 22, 1
0 29 30: 321, 22, 0
0 29 31: 472, 10, 1
0 29 33: 198, 4, 0
0 29 33: 321, 22, 3
0 29 34: 706, 7, 2
0 29 34: 1417, 9, 2
0 29 35: 319, 22, 1
0 29 35: 1417, 0, 2
0 29 36: 1422, 0, 2
0 29 37: 1417, 0, 2
0 29 38: 320, 22, 3
0 29 38: 706, 7, 1
0 29 38: 1417, 9, 1
0 29 39: 320, 22, 3
0 29 41: 321, 22, 1
0 29 42: 638, 22, 2
0 29 44: 1454, 4, 1
0 29 45: 1417, 0, 3
0 29 46: 1434, 10, 0
0 29 47: 1434, 10, 0
0 29 48: 1434, 10, 0
0 29 49: 1658, 0, 1
0 29 50: 180, 22, 3
0 29 50: 196, 4, 3
0 29 57: 180, 22, 1
0 29 57: 357, 10, 2
0 29 57: 1872, 4, 1
0 29 58: 1658, 0, 3
0 29 59: 1434, 10, 0
0 29 60: 1434, 10, 0
0 29 61: 1434, 10, 0
0 29 62: 1434, 10, 0
0 29 63: 1434, 10, 0
0 30 2: 1417, 9, 2
0 30 3: 1422, 0, 2
0 30 4: 1417, 0, 2
0 30 5: 1417, 9, 1
0 30 8: 320, 22, 1
0 30 9: 321, 22, 0
0 30 10: 320, 22, 3
0 30 16: 321, 22, 0
0 30 24: 1248, 22, 3
0 30 26: 320, 22, 1
0 30 27: 320, 22, 1
0 30 30: 320, 22, 2
0 30 33: 541, 10, 2
0 30 36: 198, 4, 0
0 30 41: 320, 22, 2
0 30 42: 638, 22, 2
0 30 44: 1455, 4, 1
0 30 45: 1417, 0, 3
0 30 46: 1434, 10, 0
0 30 47: 1434, 10, 0
0 30 48: 1434, 10, 0
0 30 49: 1658, 1, 0
0 30 50: 1658, 9, 0
0 30 50: 1872, 7, 0
0 30 54: 595, 10, 3
0 30 56: 179, 22, 1
0 30 57: 179, 22, 0
0 30 57: 1658, 9, 3
0 30 58: 1658, 1, 3
0 30 59: 1434, 10, 0
0 30 60: 1434, 10, 0
0 30 63: 1434, 10, 0
0 31 2: 320, 22, 2
0 31 3: 198, 4, 0
0 31 6: 2097, 10, 1
0 31 9: 320, 22, 0
0 31 15: 473, 10, 2
0 31 17: 472, 10, 0
0 31 19: 473, 10, 3
0 31 22: 320, 22, 2
0 31 23: 320, 22, 1
0 31 31: 320, 22, 3
0 31 32: 321, 22, 3
0 31 42: 638, 22, 2
0 31 45: 1417, 0, 3
0 31 46: 1434, 10, 0
0 31 47: 1434, 10, 0
0 31 48: 1434, 10, 0
0 31 49: 1434, 10, 0
0 31 50: 1658, 0, 1
0 31 51: 180, 22, 2
0 31 51: 197, 4, 3
0 31 55: 1102, 10, 1
0 31 56: 197, 4, 1
0 31 57: 1658, 0, 3
0 31 58: 1434, 10, 0
0 31 59: 1434, 10, 0
0 31 60: 1434, 10, 0
0 31 63: 1434, 10, 0
0 32 1: 320, 22, 1
0 32 2: 321, 22, 3
0 32 3: 320, 22, 3
0 32 7: 464, 10, 2
0 32 11: 1248, 22, 0
0 32 14: 321, 22, 1
0 32 21: 320, 22, 1
0 32 22: 320, 22, 2
0 32 23: 321, 22, 3
0 32 24: 320, 22, 0
0 32 28: 320, 22, 2
0 32 30: 320, 22, 0
0 32 31: 321, 22, 0
0 32 32: 320, 22, 3
0 32 37: 320, 22, 2
0 32 38: 321, 22, 1
0 32 39: 320, 22, 1
0 32 41: 641, 22, 3
0 32 42: 642, 22, 3
0 32 44: 198, 4, 1
0 32 45: 1422, 0, 3
0 32 46: 1434, 10, 0
0 32 47: 1434, 10, 0
0 32 48: 1434, 10, 0
0 32 49: 1434, 10, 0
0 32 50: 1658, 1, 0
0 32 51: 179, 22, 3
0 32 51: 1658, 9, 0
0 32 52: 375, 10, 3
0 32 52: 1872, 4, 2
0 32 55: 179, 22, 2
0 32 56: 180, 22, 1
0 32 56: 362, 10, 1
0 32 57: 1658, 0, 3
0 32 58: 1434, 10, 0
0 32 59: 1434, 10, 0
0 32 60: 1434, 10, 0
0 32 63: 1434, 10, 0
0 33 1: 320, 22, 0
0 33 2: 320, 22, 2
0 33 3: 321, 22, 2
0 33 4: 320, 22, 0
0 33 15: 474, 10, 2
0 33 17: 473, 10, 0
0 33 19: 320, 22, 3
0 33 21: 320, 22, 3
0 33 22: 321, 22, 0
0 33 23: 320, 22, 3
0 33 26: 636, 10, 3
0 33 27: 637, 10, 1
0 33 27: 638, 22, 3
0 33 28: 637, 10, 1
0 33 28: 638, 22, 3
0 33 29: 638, 22, 3
0 33 30: 638, 22, 3
0 33 31: 638, 22, 3
0 33 32: 638, 22, 3
0 33 33: 645, 22, 1
0 33 34: 643, 22, 1
0 33 35: 638, 22, 3
0 33 36: 638, 22, 3
0 33 37: 638, 22, 3
0 33 38: 638, 22, 3
0 33 39: 638, 22, 3
0 33 40: 638, 22, 3
0 33 41: 639, 22, 3
0 33 42: 640, 22, 3
0 33 43: 320, 22, 1
0 33 45: 706, 7, 2
0 33 45: 1417, 9, 2
0 33 46: 1417, 1, 2
0 33 47: 1434, 10, 0
0 33 48: 1434, 10, 0
0 33 49: 1434, 10, 0
0 33 50: 1434, 10, 0
0 33 51: 1658, 1, 0
0 33 52: 1658, 0, 0
0 33 53: 179, 22, 3
0 33 53: 1658, 9, 0
0 33 54: 180, 22, 2
0 33 54: 197, 4, 2
0 33 54: 362, 10, 3
0 33 55: 362, 10, 0
0 33 55: 1872, 4, 2
0 33 56: 706, 7, 3
0 33 56: 1658, 9, 3
0 33 57: 1658, 1, 3
0 33 58: 1434, 10, 0
0 33 59: 1434, 10, 0
0 33 63: 1434, 10, 0
0 34 3: 320, 22, 1
0 34 15: 320, 22, 1
0 34 18: 320, 22, 0
0 34 28: 320, 22, 1
0 34 30: 320, 22, 1
0 34 31: 320, 22, 2
0 34 32: 321, 22, 0
0 34 33: 646, 22, 1
0 34 34: 644, 22, 1
0 34 35: 321, 22, 2
0 34 36: 320, 22, 1
0 34 37: 320, 22, 3
0 34 39: 320, 22, 0
0 34 40: 321, 22, 1
0 34 41: 320, 22, 3
0 34 42: 320, 22, 2
0 34 43: 321, 22, 2
0 34 44: 320, 22, 0
0 34 45: 541, 10, 2
0 34 46: 198, 7, 2
0 34 46: 1417, 9, 2
0 34 47: 1417, 1, 2
0 34 48: 1434, 10, 0
0 34 49: 1434, 10, 0
0 34 50: 1434, 10, 0
0 34 51: 1434, 10, 0
0 34 52: 1434, 10, 0
0 34 53: 1658, 1, 0
0 34 54: 1658, 0, 0
0 34 55: 1658, 0, 0
0 34 56: 1658, 1, 3
0 34 57: 1434, 10, 0
0 34 58: 1434, 10, 0
0 34 59: 1434, 10, 0
0 34 63: 1434, 10, 0
0 35 10: 541, 10, 1
0 35 17: 320, 22, 2
0 35 32: 320, 22, 3
0 35 33: 638, 22, 0
0 35 34: 320, 22, 1
0 35 35: 320, 22, 3
0 35 42: 320, 22, 3
0 35 43: 320, 22, 3
0 35 47: 1417, 9, 2
0 35 48: 1417, 1, 2
0 35 49: 1434, 10, 0
0 35 50: 1434, 10, 0
0 35 51: 1434, 10, 0
0 35 52: 1434, 10, 0
0 35 53: 1434, 10, 0
0 35 54: 1434, 10, 0
0 35 55: 1434, 10, 0
0 35 56: 1434, 10, 0
0 35 57: 1434, 10, 0
0 35 58: 1434, 10, 0
0 35 61: 1434, 10, 0
0 35 62: 1434, 10, 0
0 35 63: 1434, 10, 0
0 36 1: 1248, 22, 3
0 36 2: 465, 10, 1
0 36 12: 542, 10, 0
0 36 21: 320, 22, 1
0 36 27: 474, 10, 1
0 36 29: 471, 10, 3
0 36 31: 473, 10, 3
0 36 33: 638, 22, 0
0 36 34: 320, 22, 1
0 36 40: 321, 22, 2
0 36 40: 1417, 9, 3
0 36 40: 1452, 7, 3
0 36 41: 321, 22, 3
0 36 41: 1417, 9, 0
0 36 42: 320, 22, 2
0 36 43: 320, 22, 2
0 36 47: 320, 22, 3
0 36 48: 198, 7, 2
0 36 48: 1417, 9, 2
0 36 49: 1417, 1, 2
0 36 50: 1434, 10, 0
0 36 51: 1434, 10, 0
0 36 52: 1434, 10, 0
0 36 53: 1434, 10, 0
0 36 54: 1434, 10, 0
0 36 55: 1434, 10, 0
0 36 61: 1434, 10, 0
0 36 62: 1434, 10, 0
0 36 63: 1434, 10, 0
0 37 4: 473, 10, 2
0 37 6: 474, 10, 2
0 37 10: 319, 22, 1
0 37 16: 320, 22, 0
0 37 20: 320, 22, 0
0 37 21: 321, 22, 2
0 37 22: 320, 22, 1
0 37 33: 638, 22, 0
0 37 36: 1248, 22, 1
0 37 39: 1452, 4, 1
0 37 40: 1417, 0, 3
0 37 41: 1417, 1, 0
0 37 42: 198, 7, 0
0 37 42: 320, 22, 1
0 37 42: 1417, 9, 0
0 37 43: 321, 22, 3
0 37 44: 320, 22, 0
0 37 46: 1248, 22, 0
0 37 47: 320, 22, 2
0 37 48: 321, 22, 0
0 37 49: 1417, 0, 3
0 37 50: 1434, 10, 0
0 37 51: 1434, 10, 0
0 37 52: 1434, 10, 0
0 37 53: 1434, 10, 0
0 37 54: 1434, 10, 0
0 37 61: 1434, 10, 0
0 37 62: 1434, 10, 0
0 37 63: 1434, 10, 0
0 38 9: 320, 22, 2
0 38 10: 1455, 4, 2
0 38 11: 198, 4, 2
0 38 11: 320, 22, 3
0 38 12: 1455, 4, 2
0 38 13: 1452, 4, 2
0 38 14: 1452, 4, 2
0 38 15: 320, 22, 2
0 38 15: 1453, 4, 2
0 38 16: 198, 4, 2
0 38 16: 319, 22, 0
0 38 17: 320, 22, 1
0 38 17: 1453, 4, 2
0 38 20: 320, 22, 0
0 38 21: 320, 22, 0
0 38 22: 321, 22, 1
0 38 23: 320, 22, 3
0 38 29: 473, 10, 0
0 38 32: 321, 22, 0
0 38 33: 638, 22, 0
0 38 38: 321, 22, 0
0 38 39: 198, 7, 3
0 38 39: 1417, 9, 3
0 38 40: 1417, 1, 3
0 38 41: 1436, 10, 1
0 38 42: 1417, 1, 0
0 38 43: 320, 22, 1
0 38 43: 1417, 9, 0
0 38 44: 320, 22, 2
0 38 48: 320, 22, 0
0 38 49: 1417, 9, 2
0 38 50: 1417, 1, 2
0 38 51: 1434, 10, 0
0 38 52: 1434, 10, 0
0 38 53: 1434, 10, 0
0 38 54: 1434, 10, 0
0 38 55: 1434, 10, 0
0 38 56: 1434, 10, 0
0 38 59: 1434, 10, 0
0 38 60: 1434, 10, 0
0 38 61: 1434, 10, 0
0 38 62: 1434, 10, 0
0 38 63: 1434, 10, 0
0 39 2: 543, 10, 3
0 39 4: 471, 10, 1
0 39 6: 471, 10, 0
0 39 8: 321, 22, 1
0 39 9: 319, 22, 3
0 39 9: 1417, 9, 3
0 39 9: 1452, 7, 3
0 39 10: 1417, 0, 0
0 39 11: 1422, 0, 0
0 39 12: 1417, 0, 0
0 39 13: 1417, 0, 0
0 39 14: 1417, 0, 0
0 39 15: 1417, 0, 0
0 39 16: 1422, 0, 0
0 39 17: 1417, 0, 0
0 39 18: 321, 22, 2
0 39 18: 706, 7, 0
0 39 18: 1417, 9, 0
0 39 22: 320, 22, 2
0 39 27: 542, 10, 2
0 39 32: 320, 22, 0
0 39 33: 636, 10, 2
0 39 38: 319, 22, 1
0 39 38: 1417, 9, 3
0 39 38: 1455, 7, 3
0 39 39: 1417, 1, 3
0 39 40: 1436, 10, 0
0 39 42: 1436, 10, 1
0 39 43: 1417, 1, 0
0 39 44: 1417, 9, 0
0 39 50: 198, 7, 2
0 39 50: 1417, 9, 2
0 39 51: 1417, 1, 2
0 39 52: 1434, 10, 0
0 39 53: 1434, 10, 0
0 39 54: 1434, 10, 0
0 39 55: 1434, 10, 0
0 39 56: 1434, 10, 0
0 39 59: 1434, 10, 0
0 39 60: 1434, 10, 0
0 39 61: 1434, 10, 0
0 39 62: 1434, 10, 0
0 39 63: 1434, 10, 0
0 40 3: 198, 4, 2
0 40 5: 1454, 4, 2
0 40 6: 1452, 4, 2
0 40 7: 198, 4, 2
0 40 7: 319, 22, 2
0 40 8: 1417, 9, 3
0 40 8: 1455, 7, 3
0 40 9: 1417, 1, 3
0 40 10: 1434, 10, 0
0 40 11: 1434, 10, 0
0 40 12: 1434, 10, 0
0 40 13: 1434, 10, 0
0 40 14: 1434, 10, 0
0 40 15: 1434, 10, 0
0 40 16: 1434, 10, 0
0 40 17: 1434, 10, 0
0 40 18: 1417, 1, 0
0 40 19: 320, 22, 0
0 40 19: 1417, 9, 0
0 40 37: 319, 22, 2
0 40 37: 1417, 9, 3
0 40 37: 1455, 7, 3
0 40 38: 1417, 1, 3
0 40 39: 1436, 10, 0
0 40 42: 1434, 10, 0
0 40 43: 1434, 10, 1
0 40 44: 1417, 1, 0
0 40 45: 198, 7, 0
0 40 45: 320, 22, 2
0 40 45: 1417, 9, 0
0 40 47: 1248, 22, 0
0 40 50: 320, 22, 3
0 40 50: 1454, 4, 1
0 40 51: 1417, 0, 3
0 40 52: 1434, 10, 0
0 40 53: 1434, 10, 0
0 40 54: 1434, 10, 0
0 40 55: 1434, 10, 0
0 40 56: 1434, 10, 0
0 40 57: 1434, 10, 0
0 40 58: 1434, 10, 0
0 40 59: 1434, 10, 0
0 40 60: 1434, 10, 0
0 40 61: 1434, 10, 0
0 40 62: 1434, 10, 0
0 40 63: 1434, 10, 0
0 41 0: 1454, 4, 2
0 41 1: 1453, 4, 2
0 41 2: 1417, 9, 3
0 41 3: 1422, 0, 0
0 41 4: 1417, 0, 0
0 41 5: 1417, 0, 0
0 41 6: 1417, 0, 0
0 41 7: 1422, 0, 0
0 41 8: 1417, 1, 3
0 41 9: 1434, 10, 0
0 41 10: 1434, 10, 0
0 41 11: 1434, 10, 0
0 41 12: 1434, 10, 0
0 41 13: 1434, 10, 0
0 41 14: 1436, 10, 0
0 41 17: 1436, 10, 1
0 41 18: 1434, 10, 0
0 41 19: 1417, 0, 1
0 41 20: 706, 4, 3
0 41 25: 464, 10, 0
0 41 31: 1248, 22, 2
0 41 36: 198, 4, 1
0 41 37: 1422, 0, 3
0 41 38: 1434, 10, 0
0 41 41: 1434, 10, 0
0 41 42: 1434, 10, 0
0 41 43: 1434, 10, 0
0 41 44: 1434, 10, 1
0 41 45: 1417, 0, 1
0 41 50: 198, 4, 1
0 41 51: 1422, 0, 3
0 41 52: 1434, 10, 0
0 41 53: 1434, 10, 0
0 41 54: 1434, 10, 0
0 41 55: 1434, 10, 0
0 41 56: 1434, 10, 0
0 41 57: 1434, 10, 0
0 41 58: 1434, 10, 0
0 41 59: 1434, 10, 0
0 41 60: 1434, 10, 0
0 41 61: 1434, 10, 0
0 41 62: 1434, 10, 0
0 41 63: 1434, 10, 0
0 42 0: 1417, 0, 0
0 42 1: 1417, 0, 0
0 42 2: 1417, 1, 3
0 42 3: 1434, 10, 0
0 42 4: 1434, 10, 0
0 42 5: 1434, 10, 0
0 42 6: 1434, 10, 0
0 42 7: 1434, 10, 0
0 42 8: 1434, 10, 0
0 42 9: 1434, 10, 0
0 42 10: 1434, 10, 0
0 42 11: 1436, 10, 0
0 42 18: 1434, 10, 0
0 42 19: 1422, 0, 1
0 42 20: 198, 4, 3
0 42 20: 321, 22, 1
0 42 28: 541, 10, 2
0 42 33: 320, 22, 1
0 42 37: 319, 22, 3
0 42 37: 1417, 9, 2
0 42 38: 1417, 1, 2
0 42 39: 1436, 10, 3
0 42 41: 1434, 10, 0
0 42 42: 1434, 10, 0
0 42 43: 1434, 10, 0
0 42 44: 1434, 10, 0
0 42 45: 1417, 0, 1
0 42 47: 197, 4, 2
0 42 49: 197, 4, 2
0 42 50: 1452, 4, 1
0 42 51: 1417, 0, 3
0 42 52: 1434, 10, 0
0 42 53: 1434, 10, 0
0 42 54: 1434, 10, 0
0 42 55: 1434, 10, 0
0 42 56: 1434, 10, 0
0 42 57: 1434, 10, 0
0 42 58: 1434, 10, 0
0 42 59: 1434, 10, 0
0 42 60: 1434, 10, 0
0 42 61: 1434, 10, 0
0 42 62: 1434, 10, 0
0 42 63: 1434, 10, 0
0 43 0: 1434, 10, 0
0 43 1: 1434, 10, 0
0 43 2: 1434, 10, 0
0 43 3: 1434, 10, 0
0 43 4: 1434, 10, 0
0 43 5: 1434, 10, 0
0 43 6: 1434, 10, 0
0 43 7: 1434, 10, 0
0 43 8: 1434, 10, 0
0 43 9: 1436, 10, 0
0 43 17: 1436, 10, 2
0 43 18: 1417, 1, 1
0 43 19: 319, 22, 1
0 43 19: 1417, 9, 1
0 43 32: 320, 22, 2
0 43 33: 321, 22, 3
0 43 34: 320, 22, 3
0 43 38: 1417, 9, 2
0 43 39: 1417, 1, 2
0 43 40: 1434, 10, 0
0 43 41: 1434, 10, 0
0 43 42: 1434, 10, 0
0 43 43: 1658, 0, 1
0 43 44: 1659, 0, 0
0 43 45: 197, 5, 0
0 43 45: 1631, 0, 0
0 43 46: 1631, 0, 0
0 43 47: 197, 5, 0
0 43 47: 1631, 0, 0
0 43 48: 916, 22, 3
0 43 48: 2586, 0, 0
0 43 49: 197, 5, 0
0 43 49: 1631, 0, 0
0 43 50: 1631, 0, 0
0 43 51: 1631, 0, 0
0 43 52: 197, 5, 0
0 43 52: 1659, 0, 0
0 43 53: 362, 10, 0
0 43 53: 1659, 0, 0
0 43 54: 1658, 0, 3
0 43 55: 1434, 10, 0
0 43 56: 1434, 10, 0
0 43 57: 1434, 10, 0
0 43 58: 1434, 10, 0
0 43 59: 1434, 10, 0
0 43 60: 1434, 10, 0
0 43 61: 1434, 10, 0
0 43 62: 1434, 10, 0
0 44 0: 1434, 10, 0
0 44 1: 1434, 10, 0
0 44 2: 1434, 10, 0
0 44 3: 1434, 10, 0
0 44 4: 1434, 10, 0
0 44 5: 1434, 10, 0
0 44 6: 1434, 10, 0
0 44 7: 1434, 10, 0
0 44 8: 1434, 10, 0
0 44 9: 1434, 10, 0
0 44 10: 1434, 10, 0
0 44 17: 1434, 10, 0
0 44 18: 1417, 0, 1
0 44 19: 2095, 11, 2
0 44 21: 179, 22, 1
0 44 21: 2094, 10, 1
0 44 23: 320, 22, 0
0 44 24: 320, 22, 1
0 44 28: 2741, 22, 0
0 44 33: 320, 22, 0
0 44 35: 320, 22, 2
0 44 36: 464, 10, 1
0 44 38: 1454, 4, 1
0 44 39: 1417, 0, 3
0 44 40: 1434, 10, 0
0 44 41: 1434, 10, 0
0 44 42: 1434, 10, 0
0 44 43: 1658, 0, 1
0 44 44: 197, 4, 3
0 44 53: 197, 4, 1
0 44 53: 362, 10, 2
0 44 54: 1658, 0, 3
0 44 55: 1434, 10, 0
0 44 56: 1434, 10, 0
0 44 57: 1434, 10, 0
0 44 58: 1434, 10, 0
0 44 59: 1434, 10, 0
0 44 60: 1434, 10, 0
0 44 61: 1434, 10, 0
0 45 0: 1434, 10, 0
0 45 1: 1434, 10, 0
0 45 2: 1434, 10, 0
0 45 3: 1434, 10, 0
0 45 4: 1434, 10, 0
0 45 5: 1434, 10, 0
0 45 6: 1434, 10, 0
0 45 7: 1434, 10, 0
0 45 8: 1434, 10, 0
0 45 9: 1434, 10, 0
0 45 10: 1434, 10, 0
0 45 11: 1434, 10, 0
0 45 12: 1434, 10, 0
0 45 13: 1434, 10, 0
0 45 17: 1436, 10, 1
0 45 18: 1417, 1, 0
0 45 19: 198, 7, 0
0 45 19: 320, 22, 2
0 45 19: 1417, 9, 0
0 45 23: 198, 4, 2
0 45 23: 320, 22, 3
0 45 24: 321, 22, 3
0 45 25: 320, 22, 2
0 45 26: 2108, 10, 1
0 45 30: 179, 22, 2
0 45 30: 2092, 11, 2
0 45 38: 198, 4, 1
0 45 39: 1422, 0, 3
0 45 40: 1434, 10, 0
0 45 41: 1434, 10, 0
0 45 42: 1434, 10, 0
0 45 43: 1658, 0, 1
0 45 44: 1016, 10, 3
0 45 46: 1102, 10, 3
0 45 47: 1102, 10, 3
0 45 51: 1248, 22, 3
0 45 52: 1760, 10, 1
0 45 53: 1015, 10, 1
0 45 54: 1658, 0, 3
0 45 55: 1434, 10, 0
0 45 56: 1434, 10, 0
0 45 57: 1434, 10, 0
0 45 58: 1434, 10, 0
0 45 59: 1434, 10, 0
0 45 60: 1434, 10, 0
0 45 61: 1434, 10, 0
0 46 0: 1434, 10, 0
0 46 1: 1434, 10, 0
0 46 2: 1434, 10, 0
0 46 3: 1434, 10, 0
0 46 4: 1434, 10, 0
0 46 5: 1434, 10, 0
0 46 6: 1434, 10, 0
0 46 7: 1434, 10, 0
0 46 8: 1434, 10, 0
0 46 9: 1434, 10, 0
0 46 10: 1434, 10, 0
0 46 11: 1434, 10, 0
0 46 12: 1434, 10, 0
0 46 13: 1434, 10, 0
0 46 14: 1434, 10, 0
0 46 18: 1434, 10, 0
0 46 19: 1417, 1, 0
0 46 20: 706, 7, 0
0 46 20: 1417, 9, 0
0 46 21: 320, 22, 1
0 46 22: 321, 22, 3
0 46 22: 1417, 9, 3
0 46 22: 1455, 7, 3
0 46 23: 1422, 0, 0
0 46 24: 321, 22, 0
0 46 24: 1417, 9, 0
0 46 25: 320, 22, 3
0 46 26: 320, 22, 2
0 46 26: 1452, 4, 2
0 46 27: 321, 22, 1
0 46 27: 2108, 11, 2
0 46 28: 1454, 4, 2
0 46 29: 198, 4, 2
0 46 32: 2095, 11, 1
0 46 34: 321, 22, 0
0 46 36: 706, 4, 2
0 46 36: 2092, 11, 1
0 46 38: 320, 22, 1
0 46 38: 1417, 9, 3
0 46 39: 1417, 1, 3
0 46 40: 1434, 10, 0
0 46 41: 1434, 10, 0
0 46 42: 1434, 10, 0
0 46 43: 1658, 0, 1
0 46 44: 1017, 10, 3
0 46 46: 595, 10, 3
0 46 53: 1016, 10, 1
0 46 54: 1658, 0, 3
0 46 55: 1434, 10, 0
0 46 56: 1434, 10, 0
0 46 57: 1434, 10, 0
0 46 58: 1434, 10, 0
0 46 59: 1434, 10, 0
0 46 60: 1434, 10, 0
0 46 61: 1434, 10, 0
0 47 0: 1434, 10, 0
0 47 1: 1434, 10, 0
0 47 2: 1434, 10, 0
0 47 3: 1434, 10, 0
0 47 4: 1434, 10, 0
0 47 5: 1434, 10, 0
0 47 6: 1434, 10, 0
0 47 7: 1434, 10, 0
0 47 14: 1434, 10, 0
0 47 15: 1434, 10, 0
0 47 17: 1436, 10, 2
0 47 18: 1434, 10, 0
0 47 19: 1434, 10, 0
0 47 20: 1417, 1, 0
0 47 21: 1417, 0, 0
0 47 22: 1417, 1, 3
0 47 23: 1434, 10, 0
0 47 24: 1417, 1, 0
0 47 25: 1417, 0, 0
0 47 26: 1417, 0, 0
0 47 27: 1417, 0, 0
0 47 28: 1417, 0, 0
0 47 29: 1422, 0, 0
0 47 30: 1417, 9, 0
0 47 31: 321, 22, 1
0 47 31: 1454, 4, 2
0 47 32: 180, 22, 3
0 47 32: 1452, 4, 2
0 47 33: 198, 4, 2
0 47 34: 320, 22, 2
0 47 34: 1453, 4, 2
0 47 35: 320, 22, 1
0 47 35: 706, 7, 3
0 47 35: 1417, 9, 3
0 47 36: 1417, 0, 0
0 47 37: 1417, 0, 0
0 47 38: 1417, 1, 3
0 47 39: 1434, 10, 0
0 47 40: 1434, 10, 0
0 47 41: 1434, 10, 0
0 47 42: 1434, 10, 0
0 47 43: 1658, 0, 1
0 47 44: 197, 4, 3
0 47 47: 1102, 10, 1
0 47 47: 1248, 22, 2
0 47 48: 917, 22, 3
0 47 49: 918, 22, 3
0 47 50: 917, 22, 0
0 47 50: 1102, 10, 2
0 47 51: 595, 10, 0
0 47 52: 1102, 10, 0
0 47 53: 197, 4, 1
0 47 54: 1658, 0, 3
0 47 55: 1434, 10, 0
0 47 56: 1434, 10, 0
0 47 57: 1434, 10, 0
0 47 58: 1434, 10, 0
0 47 59: 1434, 10, 0
0 47 60: 1434, 10, 0
0 47 61: 1434, 10, 0
0 48 0: 1434, 10, 0
0 48 1: 1434, 10, 0
0 48 2: 1434, 10, 0
0 48 3: 1434, 10, 0
0 48 4: 1434, 10, 0
0 48 5: 1434, 10, 0
0 48 15: 1434, 10, 0
0 48 16: 1434, 10, 0
0 48 17: 1434, 10, 0
0 48 18: 1434, 10, 0
0 48 19: 1434, 10, 0
0 48 20: 1434, 10, 0
0 48 21: 1434, 10, 0
0 48 22: 1434, 10, 0
0 48 23: 1434, 10, 0
0 48 24: 1434, 10, 0
0 48 25: 1434, 10, 0
0 48 26: 1434, 10, 0
0 48 27: 1434, 10, 0
0 48 28: 1434, 10, 0
0 48 29: 1434, 10, 0
0 48 30: 1417, 1, 0
0 48 31: 1417, 0, 0
0 48 32: 1417, 0, 0
0 48 33: 1422, 0, 0
0 48 34: 1417, 0, 0
0 48 35: 1417, 1, 3
0 48 36: 1434, 10, 0
0 48 37: 1434, 10, 0
0 48 38: 1434, 10, 0
0 48 39: 1434, 10, 0
0 48 40: 1434, 10, 0
0 48 41: 1434, 10, 0
0 48 42: 1434, 10, 0
0 48 43: 1658, 0, 1
0 48 44: 1018, 10, 3
0 48 48: 917, 22, 2
0 48 49: 918, 22, 1
0 48 50: 917, 22, 1
0 48 52: 1102, 10, 3
0 48 53: 1017, 10, 1
0 48 54: 1658, 0, 3
0 48 55: 1434, 10, 0
0 48 56: 1434, 10, 0
0 48 57: 1434, 10, 0
0 48 58: 1434, 10, 0
0 48 59: 1434, 10, 0
0 48 60: 1434, 10, 0
0 48 61: 1434, 10, 0
0 49 16: 1434, 10, 0
0 49 17: 1434, 10, 0
0 49 18: 1434, 10, 0
0 49 19: 1434, 10, 0
0 49 20: 1434, 10, 0
0 49 21: 1434, 10, 0
0 49 22: 1434, 10, 0
0 49 23: 1434, 10, 0
0 49 24: 1434, 10, 0
0 49 25: 1434, 10, 0
0 49 26: 1434, 10, 0
0 49 27: 1434, 10, 0
0 49 28: 1434, 10, 0
0 49 29: 1434, 10, 0
0 49 30: 1434, 10, 0
0 49 31: 1434, 10, 0
0 49 32: 1434, 10, 0
0 49 33: 1434, 10, 0
0 49 34: 1434, 10, 0
0 49 35: 1434, 10, 0
0 49 36: 1434, 10, 0
0 49 37: 1434, 10, 0
0 49 38: 1434, 10, 0
0 49 39: 1434, 10, 0
0 49 40: 1434, 10, 0
0 49 41: 1434, 10, 0
0 49 42: 1434, 10, 0
0 49 43: 1658, 0, 1
0 49 44: 1018, 10, 3
0 49 48: 917, 22, 3
0 49 49: 918, 22, 3
0 49 49: 2587, 10, 3
0 49 50: 917, 22, 0
0 49 51: 1248, 22, 1
0 49 53: 1016, 10, 1
0 49 54: 1658, 0, 3
0 49 55: 1434, 10, 0
0 49 56: 1434, 10, 0
0 49 57: 1434, 10, 0
0 49 58: 1434, 10, 0
0 49 59: 1434, 10, 0
0 49 60: 1434, 10, 0
0 49 61: 1434, 10, 0
0 50 17: 1434, 10, 0
0 50 18: 1434, 10, 0
0 50 19: 1434, 10, 0
0 50 20: 1434, 10, 0
0 50 21: 1434, 10, 0
0 50 22: 1434, 10, 0
0 50 23: 1434, 10, 0
0 50 24: 1434, 10, 0
0 50 25: 1434, 10, 0
0 50 26: 1434, 10, 0
0 50 27: 1434, 10, 0
0 50 28: 1434, 10, 0
0 50 29: 1434, 10, 0
0 50 30: 1434, 10, 0
0 50 31: 1434, 10, 0
0 50 32: 1434, 10, 0
0 50 33: 1434, 10, 0
0 50 34: 1434, 10, 0
0 50 35: 1434, 10, 0
0 50 36: 1434, 10, 0
0 50 37: 1434, 10, 0
0 50 38: 1434, 10, 0
0 50 39: 1434, 10, 0
0 50 40: 1434, 10, 0
0 50 41: 1434, 10, 0
0 50 42: 1434, 10, 0
0 50 43: 1658, 0, 1
0 50 44: 1017, 10, 3
0 50 45: 1760, 10, 3
0 50 48: 917, 22, 2
0 50 49: 918, 22, 1
0 50 50: 917, 22, 1
0 50 53: 1015, 10, 1
0 50 54: 1658, 0, 3
0 50 55: 1434, 10, 0
0 50 56: 1434, 10, 0
0 50 57: 1434, 10, 0
0 50 58: 1434, 10, 0
0 50 59: 1434, 10, 0
0 50 60: 1434, 10, 0
0 50 61: 1434, 10, 0
0 51 20: 1434, 10, 0
0 51 21: 1434, 10, 0
0 51 22: 1434, 10, 0
0 51 23: 1434, 10, 0
0 51 24: 1434, 10, 0
0 51 25: 1434, 10, 0
0 51 26: 1434, 10, 0
0 51 27: 1434, 10, 0
0 51 28: 1434, 10, 0
0 51 29: 1434, 10, 0
0 51 30: 1434, 10, 0
0 51 31: 1434, 10, 0
0 51 32: 1434, 10, 0
0 51 33: 1434, 10, 0
0 51 34: 1434, 10, 0
0 51 35: 1434, 10, 0
0 51 36: 1434, 10, 0
0 51 37: 1434, 10, 0
0 51 38: 1434, 10, 0
0 51 39: 1434, 10, 0
0 51 40: 1434, 10, 0
0 51 41: 1434, 10, 0
0 51 42: 1434, 10, 0
0 51 43: 1658, 0, 1
0 51 44: 197, 4, 3
0 51 44: 357, 10, 2
0 51 45: 362, 10, 0
0 51 46: 362, 10, 3
0 51 52: 362, 10, 1
0 51 53: 197, 4, 1
0 51 53: 357, 10, 0
0 51 54: 1658, 0, 3
0 51 55: 1434, 10, 0
0 51 56: 1434, 10, 0
0 51 57: 1434, 10, 0
0 51 58: 1434, 10, 0
0 51 59: 1434, 10, 0
0 51 60: 1434, 10, 0
0 51 61: 1434, 10, 0
0 52 22: 1434, 10, 0
0 52 23: 1434, 10, 0
0 52 24: 1434, 10, 0
0 52 25: 1434, 10, 0
0 52 26: 1434, 10, 0
0 52 27: 1434, 10, 0
0 52 28: 1434, 10, 0
0 52 29: 1434, 10, 0
0 52 30: 1434, 10, 0
0 52 31: 1434, 10, 0
0 52 32: 1434, 10, 0
0 52 33: 1434, 10, 0
0 52 34: 1434, 10, 0
0 52 35: 1434, 10, 0
0 52 36: 1434, 10, 0
0 52 37: 1434, 10, 0
0 52 38: 1434, 10, 0
0 52 39: 1434, 10, 0
0 52 40: 1434, 10, 0
0 52 41: 1434, 10, 0
0 52 42: 1434, 10, 0
0 52 43: 1658, 0, 1
0 52 44: 358, 10, 3
0 52 45: 197, 4, 2
0 52 45: 357, 10, 1
0 52 46: 356, 10, 1
0 52 47: 197, 4, 2
0 52 47: 357, 10, 1
0 52 48: 1018, 10, 2
0 52 49: 1017, 10, 2
0 52 50: 197, 4, 2
0 52 51: 1016, 10, 2
0 52 52: 197, 4, 2
0 52 52: 357, 10, 1
0 52 53: 358, 10, 2
0 52 54: 1658, 0, 3
0 52 55: 1434, 10, 0
0 52 56: 1434, 10, 0
0 52 57: 1434, 10, 0
0 52 58: 1434, 10, 0
0 52 59: 1434, 10, 0
0 52 60: 1434, 10, 0
0 52 61: 1434, 10, 0
0 53 25: 1434, 10, 0
0 53 26: 1434, 10, 0
0 53 27: 1434, 10, 0
0 53 28: 1434, 10, 0
0 53 29: 1434, 10, 0
0 53 30: 1434, 10, 0
0 53 31: 1434, 10, 0
0 53 32: 1434, 10, 0
0 53 33: 1434, 10, 0
0 53 34: 1434, 10, 0
0 53 35: 1434, 10, 0
0 53 36: 1434, 10, 0
0 53 37: 1434, 10, 0
0 53 38: 1434, 10, 0
0 53 39: 1434, 10, 0
0 53 40: 1434, 10, 0
0 53 41: 1434, 10, 0
0 53 42: 1434, 10, 0
0 53 43: 1658, 1, 0
0 53 44: 1658, 0, 0
0 53 45: 1658, 0, 0
0 53 46: 1658, 0, 0
0 53 47: 1658, 0, 0
0 53 48: 1658, 0, 0
0 53 49: 1658, 0, 0
0 53 50: 1658, 0, 0
0 53 51: 1658, 0, 0
0 53 52: 1658, 0, 0
0 53 53: 1658, 0, 0
0 53 54: 1658, 1, 3
0 53 55: 1434, 10, 0
0 53 56: 1434, 10, 0
0 53 57: 1434, 10, 0
0 53 58: 1434, 10, 0
0 53 59: 1434, 10, 0
0 53 60: 1434, 10, 0
0 53 61: 1434, 10, 0
0 54 27: 1434, 10, 0
0 54 28: 1434, 10, 0
0 54 29: 1434, 10, 0
0 54 30: 1434, 10, 0
0 54 31: 1434, 10, 0
0 54 32: 1434, 10, 0
0 54 33: 1434, 10, 0
0 54 34: 1434, 10, 0
0 54 35: 1434, 10, 0
0 54 36: 1434, 10, 0
0 54 37: 1434, 10, 0
0 54 38: 1434, 10, 0
0 54 39: 1434, 10, 0
0 54 40: 1434, 10, 0
0 54 41: 1434, 10, 0
0 54 42: 1434, 10, 0
0 54 43: 1434, 10, 0
0 54 44: 1434, 10, 0
0 54 45: 1434, 10, 0
0 54 46: 1434, 10, 0
0 54 47: 1434, 10, 0
0 54 48: 1434, 10, 0
0 54 49: 1434, 10, 0
0 54 50: 1434, 10, 0
0 54 51: 1434, 10, 0
0 54 52: 1434, 10, 0
0 54 53: 1434, 10, 0
0 54 54: 1434, 10, 0
0 54 55: 1434, 10, 0
0 54 56: 1434, 10, 0
0 54 57: 1434, 10, 0
0 54 58: 1434, 10, 0
0 54 59: 1434, 10, 0
0 54 60: 1434, 10, 0
0 54 61: 1434, 10, 0
0 55 31: 1434, 10, 0
0 55 32: 1434, 10, 0
0 55 33: 1434, 10, 0
0 55 34: 1434, 10, 0
0 55 35: 1434, 10, 0
0 55 36: 1434, 10, 0
0 55 37: 1434, 10, 0
0 55 38: 1434, 10, 0
0 55 39: 1434, 10, 0
0 55 40: 1434, 10, 0
0 55 41: 1434, 10, 0
0 55 42: 1434, 10, 0
0 55 43: 1434, 10, 0
0 55 44: 1434, 10, 0
0 55 45: 1434, 10, 0
0 55 46: 1434, 10, 0
0 55 47: 1434, 10, 0
0 55 48: 1434, 10, 0
0 55 49: 1434, 10, 0
0 55 50: 1434, 10, 0
0 55 51: 1434, 10, 0
0 55 52: 1434, 10, 0
0 55 53: 1434, 10, 0
0 55 54: 1434, 10, 0
0 55 55: 1434, 10, 0
0 55 56: 1434, 10, 0
0 55 57: 1434, 10, 0
0 55 58: 1434, 10, 0
0 55 59: 1434, 10, 0
0 55 60: 1434, 10, 0
0 56 31: 1434, 10, 0
0 56 32: 1434, 10, 0
0 56 33: 1434, 10, 0
0 56 34: 1434, 10, 0
0 56 35: 1434, 10, 0
0 56 36: 1434, 10, 0
0 56 37: 1434, 10, 0
0 56 38: 1434, 10, 0
0 56 39: 1434, 10, 0
0 56 40: 1434, 10, 0
0 56 41: 1434, 10, 0
0 56 42: 1434, 10, 0
0 56 43: 1434, 10, 0
0 56 44: 1434, 10, 0
0 56 45: 1434, 10, 0
0 56 46: 1434, 10, 0
0 56 47: 1434, 10, 0
0 56 48: 1434, 10, 0
0 56 49: 1434, 10, 0
0 56 50: 1434, 10, 0
0 56 51: 1434, 10, 0
0 56 52: 1434, 10, 0
0 56 53: 1434, 10, 0
0 56 54: 1434, 10, 0
0 56 55: 1434, 10, 0
0 56 56: 1434, 10, 0
0 56 57: 1434, 10, 0
0 56 58: 1434, 10, 0
0 56 59: 1434, 10, 0
0 56 60: 1434, 10, 0
0 57 36: 1434, 10, 0
0 57 37: 1434, 10, 0
0 57 38: 1434, 10, 0
0 57 39: 1434, 10, 0
0 57 40: 1434, 10, 0
0 57 41: 1434, 10, 0
0 57 42: 1434, 10, 0
0 57 43: 1434, 10, 0
0 57 44: 1434, 10, 0
0 57 45: 1434, 10, 0
0 57 46: 1434, 10, 0
0 57 47: 1434, 10, 0
0 57 48: 1434, 10, 0
0 57 49: 1434, 10, 0
0 57 50: 1434, 10, 0
0 57 51: 1434, 10, 0
0 57 52: 1434, 10, 0
0 57 53: 1434, 10, 0
0 57 54: 1434, 10, 0
0 57 55: 1434, 10, 0
0 57 56: 1434, 10, 0
0 57 57: 1434, 10, 0
0 57 58: 1434, 10, 0
0 57 59: 1434, 10, 0
0 58 40: 1434, 10, 0
0 58 41: 1434, 10, 0
0 58 42: 1434, 10, 0
0 58 43: 1434, 10, 0
0 58 44: 1434, 10, 0
0 58 45: 1434, 10, 0
0 58 46: 1434, 10, 0
0 58 47: 1434, 10, 0
0 58 48: 1434, 10, 0
0 58 49: 1434, 10, 0
0 58 50: 1434, 10, 0
0 58 51: 1434, 10, 0
0 58 52: 1434, 10, 0
0 58 53: 1434, 10, 0
0 58 54: 1434, 10, 0
0 58 55: 1434, 10, 0
0 58 56: 1434, 10, 0
0 58 57: 1434, 10, 0
0 58 58: 1434, 10, 0
1 1 14: 320, 22, 2
1 1 15: 321, 22, 1
1 1 16: 320, 22, 1
1 1 17: 320, 22, 0
1 1 27: 320, 22, 0
1 1 28: 320, 22, 3
1 2 11: 1417, 9, 3
1 2 12: 1417, 9, 0
1 2 15: 320, 22, 0
1 2 16: 319, 22, 3
1 2 28: 321, 22, 0
1 2 29: 319, 22, 3
1 2 37: 320, 22, 1
1 3 4: 321, 22, 2
1 3 5: 320, 22, 1
1 3 6: 320, 22, 0
1 3 7: 320, 22, 3
1 3 10: 1417, 9, 3
1 3 11: 1417, 1, 3
1 3 12: 1417, 1, 0
1 3 13: 1417, 0, 0
1 3 14: 1417, 9, 0
1 3 35: 320, 22, 1
1 3 36: 320, 22, 2
1 3 45: 320, 22, 3
1 3 46: 320, 22, 0
1 3 47: 320, 22, 3
1 3 54: 320, 22, 2
1 3 55: 320, 22, 0
1 3 59: 320, 22, 3
1 3 60: 320, 22, 1
1 3 61: 319, 22, 0
1 4 4: 320, 22, 2
1 4 5: 319, 22, 0
1 4 9: 1417, 9, 3
1 4 10: 1417, 1, 3
1 4 11: 1434, 10, 0
1 4 12: 1434, 10, 0
1 4 13: 1434, 10, 0
1 4 14: 1417, 1, 0
1 4 15: 1417, 9, 0
1 4 25: 320, 22, 0
1 4 26: 320, 22, 3
1 4 34: 321, 22, 3
1 4 35: 319, 22, 1
1 4 36: 321, 22, 2
1 4 37: 320, 22, 0
1 4 44: 321, 22, 2
1 4 45: 320, 22, 2
1 4 46: 321, 22, 0
1 4 47: 320, 22, 2
1 4 48: 320, 22, 1
1 4 53: 320, 22, 0
1 4 54: 321, 22, 0
1 4 55: 320, 22, 2
1 4 60: 321, 22, 3
1 4 61: 320, 22, 0
1 5 4: 320, 22, 1
1 5 7: 1417, 9, 3
1 5 8: 1417, 0, 0
1 5 9: 1417, 1, 3
1 5 10: 1434, 10, 0
1 5 11: 1434, 10, 0
1 5 12: 1434, 10, 0
1 5 13: 1434, 10, 0
1 5 14: 1434, 10, 0
1 5 15: 1417, 0, 1
1 5 25: 320, 22, 1
1 5 26: 321, 22, 3
1 5 27: 320, 22, 3
1 5 34: 1435, 10, 2
1 5 35: 320, 22, 1
1 5 36: 320, 22, 0
1 5 44: 1435, 10, 3
1 5 45: 320, 22, 1
1 5 46: 319, 22, 2
1 5 47: 321, 22, 1
1 5 48: 320, 22, 0
1 5 53: 319, 22, 3
1 5 54: 320, 22, 2
1 5 55: 320, 22, 0
1 5 56: 320, 22, 2
1 5 57: 320, 22, 3
1 5 60: 320, 22, 2
1 6 6: 1417, 9, 3
1 6 7: 1417, 1, 3
1 6 8: 1434, 10, 0
1 6 9: 1434, 10, 0
1 6 10: 1434, 10, 0
1 6 11: 1434, 10, 0
1 6 12: 1434, 10, 0
1 6 13: 1434, 10, 0
1 6 14: 1417, 1, 1
1 6 15: 320, 22, 2
1 6 15: 1417, 9, 1
1 6 16: 321, 22, 0
1 6 25: 321, 22, 0
1 6 26: 319, 22, 0
1 6 27: 320, 22, 1
1 6 31: 1435, 10, 2
1 6 45: 1435, 10, 3
1 6 46: 320, 22, 2
1 6 47: 320, 22, 3
1 7 6: 1417, 0, 3
1 7 7: 1434, 10, 0
1 7 8: 1434, 10, 0
1 7 9: 1434, 10, 0
1 7 10: 1434, 10, 0
1 7 11: 1434, 10, 0
1 7 12: 1434, 10, 0
1 7 13: 1434, 10, 0
1 7 14: 1417, 0, 1
1 7 15: 321, 22, 3
1 7 16: 1435, 10, 2
1 8 5: 1417, 9, 3
1 8 6: 1417, 1, 3
1 8 7: 1434, 10, 0
1 8 8: 1417, 1, 1
1 8 9: 1417, 0, 2
1 8 10: 1417, 0, 2
1 8 11: 1417, 1, 2
1 8 12: 1434, 10, 0
1 8 13: 1417, 1, 1
1 8 14: 1417, 9, 1
1 8 15: 1435, 10, 2
1 9 4: 1417, 9, 3
1 9 5: 1417, 1, 3
1 9 6: 1434, 10, 0
1 9 7: 1417, 1, 1
1 9 8: 1417, 9, 1
1 9 11: 1417, 9, 2
1 9 12: 1417, 0, 2
1 9 13: 1417, 9, 1
1 10 4: 1417, 0, 3
1 10 5: 1434, 10, 0
1 10 6: 1417, 1, 1
1 10 7: 1417, 9, 1
1 11 4: 1417, 9, 2
1 11 5: 1417, 0, 2
1 11 6: 1417, 9, 1
1 12 4: 320, 22, 1
1 12 5: 1435, 10, 2
1 13 3: 320, 22, 0
1 13 4: 321, 22, 3
1 14 3: 320, 22, 3
1 14 4: 320, 22, 2
1 15 3: 320, 22, 2
1 17 49: 1417, 9, 3
1 17 50: 1417, 0, 0
1 17 51: 1417, 0, 0
1 17 52: 1417, 9, 0
1 18 48: 1417, 9, 3
1 18 49: 1417, 1, 3
1 18 50: 1434, 10, 0
1 18 51: 1434, 10, 0
1 18 52: 1417, 0, 1
1 18 58: 321, 22, 2
1 18 59: 320, 22, 1
1 18 60: 320, 22, 3
1 18 61: 320, 22, 3
1 19 5: 1435, 10, 1
1 19 48: 1417, 0, 3
1 19 49: 1434, 10, 0
1 19 50: 1434, 10, 0
1 19 51: 1434, 10, 0
1 19 52: 1417, 0, 1
1 19 58: 320, 22, 0
1 19 59: 319, 22, 3
1 19 60: 320, 22, 2
1 19 61: 320, 22, 1
1 20 4: 320, 22, 2
1 20 5: 321, 22, 1
1 20 6: 1435, 10, 1
1 20 8: 320, 22, 0
1 20 47: 1417, 9, 3
1 20 48: 1417, 1, 3
1 20 49: 1434, 10, 0
1 20 50: 1434, 10, 0
1 20 51: 1417, 1, 1
1 20 52: 1417, 9, 1
1 20 59: 321, 22, 1
1 20 60: 319, 22, 3
1 21 2: 1417, 9, 3
1 21 3: 1417, 0, 0
1 21 4: 1417, 0, 0
1 21 5: 1417, 9, 0
1 21 6: 320, 22, 3
1 21 7: 321, 22, 3
1 21 8: 320, 22, 2
1 21 9: 320, 22, 1
1 21 12: 1435, 10, 1
1 21 47: 1417, 0, 3
1 21 48: 1434, 10, 0
1 21 49: 1434, 10, 0
1 21 50: 1417, 1, 1
1 21 51: 1417, 9, 1
1 21 59: 320, 22, 2
1 21 60: 320, 22, 3
1 22 2: 1417, 0, 3
1 22 3: 1434, 10, 0
1 22 4: 1434, 10, 0
1 22 5: 1417, 1, 0
1 22 6: 1417, 0, 0
1 22 7: 1417, 0, 0
1 22 8: 1417, 0, 0
1 22 9: 1417, 0, 0
1 22 10: 1417, 0, 0
1 22 11: 1417, 9, 0
1 22 15: 1435, 10, 1
1 22 47: 1417, 0, 3
1 22 48: 1434, 10, 0
1 22 49: 1417, 1, 1
1 22 50: 1417, 9, 1
1 23 2: 1417, 0, 3
1 23 3: 1434, 10, 0
1 23 4: 1434, 10, 0
1 23 5: 1434, 10, 0
1 23 6: 1434, 10, 0
1 23 7: 1434, 10, 0
1 23 8: 1434, 10, 0
1 23 9: 1434, 10, 0
1 23 10: 1434, 10, 0
1 23 11: 1417, 1, 0
1 23 12: 1417, 0, 0
1 23 13: 1417, 0, 0
1 23 14: 1417, 9, 0
1 23 15: 321, 22, 0
1 23 47: 1417, 9, 2
1 23 48: 1417, 1, 2
1 23 49: 1417, 0, 1
1 24 1: 1417, 9, 3
1 24 2: 1417, 1, 3
1 24 3: 1434, 10, 0
1 24 4: 1434, 10, 0
1 24 5: 1434, 10, 0
1 24 6: 1417, 1, 1
1 24 7: 1417, 1, 2
1 24 8: 1417, 1, 1
1 24 9: 1417, 0, 2
1 24 10: 1417, 1, 2
1 24 11: 1434, 10, 0
1 24 12: 1434, 10, 0
1 24 13: 1434, 10, 0
1 24 14: 1417, 0, 1
1 24 15: 319, 22, 2
1 24 16: 1435, 10, 1
1 24 25: 320, 22, 0
1 24 26: 321, 22, 2
1 24 46: 1435, 10, 0
1 24 48: 1417, 9, 2
1 24 49: 1417, 9, 1
1 25 1: 1417, 0, 3
1 25 2: 1434, 10, 0
1 25 3: 1434, 10, 0
1 25 4: 1434, 10, 0
1 25 5: 1417, 1, 1
1 25 6: 321, 22, 2
1 25 6: 1417, 9, 1
1 25 7: 320, 22, 1
1 25 7: 1417, 9, 2
1 25 8: 1417, 9, 1
1 25 10: 1417, 9, 2
1 25 11: 1417, 0, 2
1 25 12: 1417, 0, 2
1 25 13: 1417, 0, 2
1 25 14: 1417, 9, 1
1 25 16: 1435, 10, 2
1 25 27: 320, 22, 0
1 25 59: 320, 22, 1
1 25 60: 320, 22, 3
1 26 1: 1417, 0, 3
1 26 2: 1434, 10, 0
1 26 3: 1434, 10, 0
1 26 4: 1434, 10, 0
1 26 5: 1417, 0, 1
1 26 6: 319, 22, 1
1 26 7: 320, 22, 0
1 26 9: 1435, 10, 2
1 26 12: 321, 22, 1
1 26 13: 320, 22, 1
1 26 29: 1417, 9, 3
1 26 30: 1417, 9, 0
1 26 47: 320, 22, 2
1 26 48: 319, 22, 1
1 26 59: 319, 22, 1
1 26 60: 321, 22, 1
1 26 61: 320, 22, 1
1 27 1: 1417, 9, 2
1 27 2: 1417, 0, 2
1 27 3: 1417, 0, 2
1 27 4: 1417, 0, 2
1 27 5: 1417, 9, 1
1 27 7: 320, 22, 2
1 27 8: 1435, 10, 2
1 27 29: 1417, 9, 2
1 27 30: 1417, 1, 0
1 27 31: 1417, 0, 0
1 27 32: 1417, 0, 0
1 27 33: 1417, 0, 0
1 27 34: 1417, 9, 0
1 27 35: 321, 22, 3
1 27 36: 1417, 9, 3
1 27 37: 1417, 9, 0
1 27 46: 321, 22, 0
1 27 47: 319, 22, 2
1 27 48: 320, 22, 1
1 27 59: 321, 22, 0
1 27 60: 319, 22, 0
1 27 61: 320, 22, 2
1 28 0: 1435, 10, 3
1 28 3: 321, 22, 0
1 28 4: 320, 22, 2
1 28 5: 1435, 10, 2
1 28 30: 1417, 9, 2
1 28 31: 1417, 0, 2
1 28 32: 1417, 0, 2
1 28 33: 1417, 0, 2
1 28 34: 1417, 9, 1
1 28 35: 320, 22, 0
1 28 36: 1417, 9, 2
1 28 37: 1417, 9, 1
1 28 47: 320, 22, 3
1 28 48: 321, 22, 3
1 28 59: 320, 22, 3
1 29 3: 1435, 10, 3
1 29 4: 1435, 10, 2
1 29 46: 319, 22, 0
1 29 61: 1417, 9, 3
1 29 62: 1417, 9, 0
1 30 46: 321, 22, 2
1 30 47: 320, 22, 1
1 30 61: 1417, 0, 3
1 30 62: 1417, 0, 1
1 31 46: 320, 22, 0
1 31 61: 1417, 0, 3
1 31 62: 1417, 0, 1
1 32 46: 1435, 10, 3
1 32 48: 319, 22, 3
1 32 49: 320, 22, 0
1 32 60: 1417, 9, 3
1 32 61: 1417, 1, 3
1 32 62: 1417, 0, 1
1 33 47: 1435, 10, 3
1 33 48: 321, 22, 1
1 33 49: 320, 22, 3
1 33 60: 1417, 0, 3
1 33 61: 1434, 10, 0
1 33 62: 1417, 0, 1
1 34 48: 1435, 10, 3
1 34 49: 320, 22, 2
1 34 50: 320, 22, 2
1 34 59: 1417, 9, 3
1 34 60: 1417, 1, 3
1 34 61: 1417, 1, 1
1 34 62: 1417, 9, 1
1 35 49: 1435, 10, 3
1 35 50: 321, 22, 0
1 35 58: 1417, 9, 3
1 35 59: 1417, 1, 3
1 35 60: 1417, 1, 1
1 35 61: 1417, 9, 1
1 36 55: 1417, 9, 3
1 36 56: 1417, 0, 0
1 36 57: 1417, 0, 0
1 36 58: 1417, 1, 3
1 36 59: 1434, 10, 0
1 36 60: 1417, 0, 1
1 37 50: 1435, 10, 3
1 37 55: 1417, 0, 3
1 37 56: 1434, 10, 0
1 37 57: 1434, 10, 0
1 37 58: 1434, 10, 0
1 37 59: 1434, 10, 0
1 37 60: 1417, 0, 1
1 38 40: 1417, 9, 3
1 38 41: 1417, 9, 0
1 38 51: 1435, 10, 3
1 38 55: 1417, 9, 2
1 38 56: 1417, 1, 2
1 38 57: 1434, 10, 0
1 38 58: 1434, 10, 0
1 38 59: 1417, 1, 1
1 38 60: 1417, 9, 1
1 39 14: 320, 22, 3
1 39 40: 1417, 0, 3
1 39 41: 1417, 1, 0
1 39 42: 1417, 9, 0
1 39 56: 1417, 9, 2
1 39 57: 1417, 0, 2
1 39 58: 1417, 0, 2
1 39 59: 1417, 9, 1
1 40 10: 1435, 10, 0
1 40 13: 321, 22, 2
1 40 14: 319, 22, 0
1 40 15: 320, 22, 1
1 40 16: 1435, 10, 1
1 40 39: 1417, 9, 3
1 40 40: 1417, 1, 3
1 40 41: 1417, 1, 1
1 40 42: 1417, 9, 1
1 40 43: 1435, 10, 1
1 41 5: 320, 22, 0
1 41 9: 1435, 10, 0
1 41 12: 320, 22, 1
1 41 13: 320, 22, 0
1 41 14: 320, 22, 3
1 41 14: 1417, 9, 3
1 41 15: 1417, 0, 0
1 41 16: 1417, 0, 0
1 41 17: 1417, 9, 0
1 41 18: 320, 22, 1
1 41 39: 1417, 0, 3
1 41 40: 1417, 1, 1
1 41 41: 1417, 9, 1
1 41 44: 1435, 10, 1
1 42 3: 1435, 10, 0
1 42 4: 320, 22, 3
1 42 5: 320, 22, 2
1 42 6: 320, 22, 2
1 42 11: 1417, 9, 3
1 42 12: 1417, 0, 0
1 42 13: 1417, 0, 0
1 42 14: 1417, 1, 3
1 42 15: 1434, 10, 0
1 42 16: 1434, 10, 0
1 42 17: 1417, 0, 1
1 42 18: 321, 22, 1
1 42 19: 320, 22, 3
1 42 39: 1417, 0, 3
1 42 40: 1417, 0, 1
1 43 4: 319, 22, 2
1 43 5: 321, 22, 3
1 43 6: 320, 22, 1
1 43 9: 1417, 9, 3
1 43 10: 1417, 0, 0
1 43 11: 1417, 1, 3
1 43 12: 1434, 10, 0
1 43 13: 1434, 10, 0
1 43 14: 1434, 10, 0
1 43 15: 1434, 10, 0
1 43 16: 1417, 1, 1
1 43 17: 320, 22, 2
1 43 17: 1417, 9, 1
1 43 18: 319, 22, 3
1 43 39: 1417, 9, 2
1 43 40: 1417, 9, 1
1 43 42: 320, 22, 3
1 44 1: 320, 22, 2
1 44 2: 320, 22, 3
1 44 3: 321, 22, 0
1 44 4: 321, 22, 3
1 44 5: 320, 22, 3
1 44 9: 1417, 9, 2
1 44 10: 1417, 1, 2
1 44 11: 1434, 10, 0
1 44 12: 1434, 10, 0
1 44 13: 1434, 10, 0
1 44 14: 1434, 10, 0
1 44 15: 1434, 10, 0
1 44 16: 1417, 0, 1
1 44 17: 320, 22, 1
1 44 41: 320, 22, 2
1 44 42: 320, 22, 1
1 44 55: 321, 22, 3
1 45 2: 320, 22, 0
1 45 3: 320, 22, 1
1 45 4: 319, 22, 1
1 45 5: 320, 22, 2
1 45 10: 1417, 9, 2
1 45 11: 1417, 0, 2
1 45 12: 1417, 0, 2
1 45 13: 1417, 0, 2
1 45 14: 1417, 1, 2
1 45 15: 1434, 10, 0
1 45 16: 1417, 1, 0
1 45 17: 1417, 9, 0
1 45 41: 320, 22, 1
1 45 42: 319, 22, 3
1 45 55: 320, 22, 0
1 45 56: 320, 22, 3
1 46 3: 320, 22, 2
1 46 4: 320, 22, 0
1 46 14: 1417, 9, 2
1 46 15: 1417, 1, 2
1 46 16: 1434, 10, 0
1 46 17: 1417, 0, 1
1 46 18: 1435, 10, 1
1 46 41: 319, 22, 2
1 46 42: 321, 22, 2
1 46 55: 319, 22, 2
1 46 56: 319, 22, 1
1 46 57: 320, 22, 2
1 47 15: 1417, 9, 2
1 47 16: 1417, 0, 2
1 47 17: 1417, 9, 1
1 47 19: 1435, 10, 1
1 47 20: 320, 22, 0
1 47 27: 320, 22, 1
1 47 28: 320, 22, 2
1 47 38: 320, 22, 0
1 47 39: 1435, 10, 0
1 47 42: 320, 22, 1
1 47 55: 320, 22, 1
1 47 56: 321, 22, 2
1 48 20: 321, 22, 2
1 48 21: 320, 22, 3
1 48 26: 320, 22, 1
1 48 27: 321, 22, 1
1 48 28: 319, 22, 0
1 48 29: 1435, 10, 1
1 48 33: 320, 22, 3
1 48 36: 1435, 10, 0
1 48 37: 319, 22, 2
1 48 38: 321, 22, 1
1 48 39: 320, 22, 2
1 48 55: 320, 22, 0
1 49 19: 320, 22, 0
1 49 20: 320, 22, 1
1 49 21: 320, 22, 2
1 49 22: 321, 22, 3
1 49 26: 319, 22, 1
1 49 27: 320, 22, 0
1 49 28: 320, 22, 3
1 49 32: 320, 22, 1
1 49 33: 320, 22, 0
1 49 34: 321, 22, 2
1 49 38: 320, 22, 3
1 50 20: 320, 22, 2
1 50 38: 320, 22, 0
1 51 25: 320, 22, 3
1 51 26: 319, 22, 0
1 51 27: 321, 22, 0
1 51 33: 320, 22, 2
1 51 34: 320, 22, 1
1 52 26: 320, 22, 2
1 52 27: 319, 22, 0
1 52 33: 320, 22, 0
1 52 34: 319, 22, 1
1 52 35: 321, 22, 0
1 52 36: 320, 22, 3
1 53 32: 321, 22, 3
1 53 33: 320, 22, 3
1 53 34: 321, 22, 2
1 53 35: 319, 22, 1
1 53 36: 320, 22, 0
1 53 37: 320, 22, 2
1 54 34: 320, 22, 2
1 54 35: 320, 22, 1
1 54 46: 321, 22, 2
1 54 47: 320, 22, 0
1 54 48: 320, 22, 3
1 54 51: 320, 22, 2
1 54 52: 319, 22, 1
1 54 53: 321, 22, 1
1 55 47: 319, 22, 0
1 55 48: 321, 22, 3
1 55 51: 321, 22, 0
1 55 52: 320, 22, 1
1 55 53: 320, 22, 0
