0 0 2: 1249, 22, 2
0 0 3: 1383, 10, 2
0 0 5: 1250, 22, 1
0 0 6: 1250, 22, 0
0 0 9: 1250, 22, 1
0 0 10: 1250, 22, 3
0 0 25: 1341, 10, 1
0 0 49: 1248, 22, 3
0 0 50: 1249, 22, 0
0 0 52: 1383, 10, 2
0 1 2: 1248, 22, 1
0 1 3: 1249, 22, 3
0 1 4: 1248, 22, 2
0 1 5: 1250, 22, 2
0 1 6: 1250, 22, 3
0 1 7: 1248, 22, 3
0 1 8: 1250, 22, 1
0 1 10: 1383, 10, 3
0 1 11: 1250, 22, 3
0 1 13: 1250, 22, 1
0 1 19: 1341, 10, 2
0 1 22: 325, 22, 2
0 1 27: 325, 22, 0
0 1 32: 325, 22, 1
0 1 35: 1341, 10, 0
0 1 39: 1250, 22, 2
0 1 44: 1250, 22, 1
0 1 45: 1250, 22, 2
0 1 46: 1383, 10, 3
0 1 47: 1248, 22, 2
0 1 49: 1383, 10, 2
0 1 50: 1250, 22, 3
0 1 51: 1248, 22, 1
0 1 52: 1383, 10, 3
0 1 53: 1248, 22, 0
0 1 56: 1341, 10, 2
0 2 1: 1249, 22, 1
0 2 2: 1286, 10, 2
0 2 3: 1250, 22, 2
0 2 4: 1250, 22, 1
0 2 5: 1282, 10, 3
0 2 7: 1249, 22, 0
0 2 9: 1250, 22, 1
0 2 12: 1250, 22, 0
0 2 13: 1286, 10, 3
0 2 14: 1250, 22, 2
0 2 20: 326, 22, 1
0 2 23: 325, 22, 3
0 2 24: 325, 22, 0
0 2 27: 325, 22, 1
0 2 29: 324, 22, 3
0 2 31: 325, 22, 3
0 2 37: 325, 22, 0
0 2 39: 1383, 10, 1
0 2 40: 1250, 22, 3
0 2 42: 1250, 22, 0
0 2 44: 1248, 22, 2
0 2 44: 1286, 10, 0
0 2 46: 1249, 22, 2
0 2 48: 1286, 10, 1
0 3 2: 1250, 22, 3
0 3 7: 1248, 22, 3
0 3 8: 1297, 10, 3
0 3 11: 1248, 22, 1
0 3 14: 1250, 22, 3
0 3 19: 325, 22, 3
0 3 28: 325, 22, 2
0 3 29: 325, 22, 2
0 3 30: 325, 22, 2
0 3 32: 326, 22, 0
0 3 39: 1250, 22, 1
0 3 42: 1248, 22, 1
0 3 45: 1383, 10, 2
0 4 1: 1250, 22, 3
0 4 2: 1248, 22, 2
0 4 3: 1250, 22, 1
0 4 5: 1249, 22, 3
0 4 6: 1248, 22, 0
0 4 7: 1249, 22, 1
0 4 11: 1248, 22, 0
0 4 12: 1250, 22, 0
0 4 17: 325, 22, 2
0 4 21: 325, 22, 1
0 4 34: 325, 22, 2
0 4 36: 325, 22, 1
0 4 41: 1383, 10, 0
0 4 42: 1249, 22, 1
0 4 44: 1250, 22, 2
0 4 49: 1250, 22, 2
0 5 1: 1383, 10, 3
0 5 3: 1250, 22, 3
0 5 5: 1250, 22, 2
0 5 6: 1250, 22, 2
0 5 7: 1250, 22, 1
0 5 9: 1250, 22, 3
0 5 10: 1248, 22, 3
0 5 16: 325, 22, 2
0 5 18: 1341, 10, 3
0 5 20: 325, 22, 0
0 5 25: 336, 22, 0
0 5 26: 337, 22, 1
0 5 31: 324, 22, 3
0 5 33: 325, 22, 3
0 5 40: 1250, 22, 0
0 5 43: 1250, 22, 3
0 5 43: 1383, 10, 1
0 5 48: 1250, 22, 3
0 5 49: 1383, 10, 1
0 5 51: 1250, 22, 1
0 5 52: 1286, 10, 2
0 5 58: 1341, 10, 1
0 6 1: 1250, 22, 1
0 6 2: 1383, 10, 0
0 6 3: 1250, 22, 2
0 6 4: 1286, 10, 0
0 6 6: 1250, 22, 3
0 6 8: 1250, 22, 1
0 6 9: 1383, 10, 2
0 6 10: 1250, 22, 1
0 6 12: 1286, 10, 0
0 6 22: 336, 22, 0
0 6 24: 335, 22, 3
0 6 28: 336, 22, 2
0 6 35: 325, 22, 2
0 6 37: 325, 22, 3
0 6 45: 1250, 22, 1
0 6 47: 1250, 22, 0
0 6 50: 1248, 22, 2
0 6 53: 1250, 22, 3
0 7 1: 1248, 22, 3
0 7 2: 1250, 22, 0
0 7 3: 1248, 22, 2
0 7 5: 1383, 10, 1
0 7 7: 1250, 22, 0
0 7 8: 1248, 22, 2
0 7 15: 324, 22, 2
0 7 17: 324, 22, 3
0 7 18: 325, 22, 3
0 7 23: 336, 22, 1
0 7 26: 337, 22, 2
0 7 33: 325, 22, 0
0 7 34: 325, 22, 3
0 7 36: 325, 22, 1
0 7 38: 325, 22, 2
0 7 46: 1286, 10, 1
0 7 49: 1250, 22, 1
0 7 50: 1282, 10, 3
0 7 52: 1248, 22, 3
0 7 53: 1383, 10, 3
0 7 54: 1250, 22, 2
0 8 4: 1250, 22, 1
0 8 6: 1250, 22, 0
0 8 12: 325, 22, 3
0 8 13: 325, 22, 3
0 8 15: 325, 22, 0
0 8 16: 325, 22, 0
0 8 20: 336, 22, 0
0 8 21: 336, 22, 1
0 8 22: 336, 22, 1
0 8 24: 336, 22, 2
0 8 27: 335, 22, 3
0 8 29: 336, 22, 0
0 8 34: 325, 22, 0
0 8 37: 1341, 10, 3
0 8 38: 325, 22, 1
0 8 39: 325, 22, 0
0 8 45: 1248, 22, 2
0 8 46: 1250, 22, 1
0 8 47: 1383, 10, 0
0 8 56: 1250, 22, 1
0 8 59: 1341, 10, 0
0 9 2: 1286, 10, 1
0 9 3: 1250, 22, 3
0 9 4: 1248, 22, 0
0 9 5: 1248, 22, 1
0 9 11: 325, 22, 2
0 9 18: 325, 22, 2
0 9 22: 335, 22, 2
0 9 24: 335, 22, 3
0 9 26: 336, 22, 3
0 9 27: 336, 22, 0
0 9 30: 336, 22, 1
0 9 36: 324, 22, 3
0 9 39: 325, 22, 2
0 9 41: 325, 22, 1
0 9 43: 1297, 10, 1
0 9 47: 1250, 22, 2
0 9 48: 1250, 22, 0
0 9 50: 1249, 22, 2
0 9 51: 1250, 22, 2
0 9 53: 1248, 22, 0
0 9 54: 1383, 10, 2
0 9 57: 1250, 22, 0
0 10 3: 1167, 10, 3
0 10 6: 1164, 10, 2
0 10 8: 1341, 10, 0
0 10 10: 325, 22, 2
0 10 13: 325, 22, 1
0 10 15: 1341, 10, 0
0 10 17: 325, 22, 1
0 10 20: 336, 22, 0
0 10 26: 336, 22, 1
0 10 27: 336, 22, 1
0 10 29: 337, 22, 3
0 10 35: 325, 22, 0
0 10 46: 1383, 10, 3
0 10 50: 1383, 10, 0
0 10 55: 1250, 22, 3
0 10 57: 1383, 10, 2
0 10 58: 1250, 22, 3
0 11 1: 325, 22, 1
0 11 4: 1168, 10, 0
0 11 9: 325, 22, 1
0 11 22: 336, 22, 0
0 11 24: 337, 22, 3
0 11 25: 336, 22, 1
0 11 31: 336, 22, 3
0 11 32: 336, 22, 0
0 11 37: 325, 22, 1
0 11 40: 325, 22, 2
0 11 43: 1248, 22, 0
0 11 44: 1249, 22, 1
0 11 46: 1250, 22, 0
0 11 47: 1250, 22, 3
0 11 51: 1383, 10, 0
0 11 52: 1283, 10, 3
0 11 56: 1250, 22, 2
0 11 58: 1383, 10, 1
0 12 1: 325, 22, 2
0 12 8: 325, 22, 1
0 12 11: 324, 22, 0
0 12 14: 325, 22, 2
0 12 16: 326, 22, 2
0 12 18: 325, 22, 0
0 12 20: 336, 22, 2
0 12 21: 336, 22, 3
0 12 23: 336, 22, 2
0 12 26: 336, 22, 0
0 12 27: 336, 22, 2
0 12 30: 335, 22, 2
0 12 45: 1383, 10, 2
0 12 46: 1250, 22, 3
0 12 47: 1164, 10, 0
0 12 49: 1250, 22, 0
0 12 51: 1249, 22, 3
0 12 55: 1250, 22, 1
0 12 56: 1286, 10, 1
0 12 60: 1383, 10, 1
0 13 0: 325, 22, 3
0 13 6: 325, 22, 0
0 13 7: 325, 22, 0
0 13 9: 1341, 10, 0
0 13 14: 325, 22, 3
0 13 15: 325, 22, 2
0 13 16: 325, 22, 3
0 13 24: 335, 22, 1
0 13 29: 336, 22, 3
0 13 31: 336, 22, 2
0 13 33: 337, 22, 2
0 13 34: 336, 22, 3
0 13 36: 325, 22, 3
0 13 37: 325, 22, 0
0 13 38: 326, 22, 3
0 13 45: 1250, 22, 2
0 13 46: 1167, 10, 1
0 13 47: 1168, 10, 2
0 13 48: 1250, 22, 3
0 13 49: 1250, 22, 1
0 13 49: 1286, 10, 2
0 13 52: 1383, 10, 1
0 13 54: 1250, 22, 2
0 13 55: 1250, 22, 0
0 13 57: 1250, 22, 0
0 14 2: 324, 22, 1
0 14 5: 325, 22, 3
0 14 10: 324, 22, 0
0 14 12: 325, 22, 2
0 14 21: 337, 22, 0
0 14 23: 336, 22, 2
0 14 27: 336, 22, 0
0 14 39: 325, 22, 0
0 14 46: 1250, 22, 1
0 14 47: 1250, 22, 2
0 14 47: 1383, 10, 2
0 14 48: 1250, 22, 2
0 14 49: 1250, 22, 2
0 14 52: 1282, 10, 1
0 14 54: 1249, 22, 1
0 14 56: 1250, 22, 0
0 14 57: 1250, 22, 3
0 14 59: 1286, 10, 2
0 15 0: 325, 22, 3
0 15 1: 325, 22, 0
0 15 7: 324, 22, 2
0 15 11: 325, 22, 2
0 15 12: 325, 22, 2
0 15 14: 326, 22, 3
0 15 15: 1250, 22, 1
0 15 17: 325, 22, 0
0 15 23: 337, 22, 1
0 15 25: 336, 22, 0
0 15 26: 337, 22, 1
0 15 32: 335, 22, 0
0 15 34: 336, 22, 1
0 15 38: 325, 22, 1
0 15 41: 324, 22, 3
0 15 44: 1250, 22, 0
0 15 47: 1250, 22, 0
0 15 49: 1383, 10, 0
0 15 51: 1250, 22, 0
0 15 54: 1250, 22, 0
0 15 55: 1383, 10, 1
0 15 57: 1250, 22, 2
0 15 57: 1383, 10, 0
0 16 0: 325, 22, 0
0 16 4: 325, 22, 2
0 16 8: 326, 22, 0
0 16 10: 325, 22, 1
0 16 13: 1250, 22, 0
0 16 14: 1286, 10, 2
0 16 19: 325, 22, 0
0 16 28: 336, 22, 2
0 16 30: 336, 22, 0
0 16 32: 336, 22, 1
0 16 34: 336, 22, 2
0 16 35: 336, 22, 3
0 16 36: 336, 22, 2
0 16 40: 325, 22, 2
0 16 44: 1383, 10, 1
0 16 45: 1250, 22, 1
0 16 47: 1250, 22, 2
0 16 49: 1250, 22, 0
0 16 53: 1250, 22, 3
0 16 58: 1250, 22, 1
0 16 59: 1383, 10, 3
0 17 1: 325, 22, 0
0 17 2: 325, 22, 1
0 17 6: 325, 22, 3
0 17 9: 325, 22, 1
0 17 10: 325, 22, 1
0 17 14: 1250, 22, 2
0 17 16: 1383, 10, 2
0 17 20: 325, 22, 3
0 17 25: 337, 22, 2
0 17 27: 336, 22, 0
0 17 33: 336, 22, 1
0 17 36: 336, 22, 3
0 17 44: 1248, 22, 1
0 17 46: 1286, 10, 2
0 17 49: 1250, 22, 1
0 17 50: 1248, 22, 0
0 17 55: 1249, 22, 0
0 17 56: 1250, 22, 2
0 17 58: 1250, 22, 1
0 18 4: 325, 22, 2
0 18 8: 325, 22, 0
0 18 11: 1250, 22, 3
0 18 16: 1250, 22, 0
0 18 29: 336, 22, 3
0 18 31: 337, 22, 0
0 18 33: 336, 22, 1
0 18 35: 337, 22, 1
0 18 38: 336, 22, 0
0 18 45: 1250, 22, 1
0 18 46: 1250, 22, 1
0 18 48: 1383, 10, 0
0 18 52: 1383, 10, 3
0 18 54: 1383, 10, 3
0 18 55: 1282, 10, 0
0 19 0: 325, 22, 1
0 19 6: 324, 22, 2
0 19 10: 1286, 10, 1
0 19 12: 325, 22, 2
0 19 13: 325, 22, 1
0 19 17: 324, 22, 2
0 19 20: 325, 22, 2
0 19 26: 337, 22, 3
0 19 28: 336, 22, 1
0 19 30: 336, 22, 3
0 19 34: 336, 22, 0
0 19 36: 335, 22, 1
0 19 45: 1383, 10, 0
0 19 46: 1248, 22, 1
0 19 50: 1286, 10, 1
0 19 52: 1248, 22, 1
0 19 53: 1383, 10, 2
0 19 57: 1250, 22, 3
0 19 58: 1250, 22, 3
0 19 58: 1383, 10, 0
0 19 61: 1383, 10, 3
0 20 1: 324, 22, 0
0 20 4: 325, 22, 1
0 20 7: 325, 22, 0
0 20 11: 325, 22, 0
0 20 14: 324, 22, 3
0 20 15: 325, 22, 1
0 20 19: 325, 22, 2
0 20 27: 336, 22, 1
0 20 31: 336, 22, 2
0 20 33: 336, 22, 1
0 20 34: 336, 22, 2
0 20 38: 336, 22, 1
0 20 44: 1250, 22, 3
0 20 47: 1248, 22, 0
0 20 48: 1383, 10, 1
0 20 49: 1250, 22, 2
0 20 51: 1250, 22, 2
0 20 56: 1248, 22, 2
0 21 1: 325, 22, 2
0 21 3: 324, 22, 3
0 21 10: 324, 22, 0
0 21 14: 325, 22, 3
0 21 19: 325, 22, 1
0 21 21: 324, 22, 1
0 21 26: 336, 22, 3
0 21 33: 336, 22, 0
0 21 36: 336, 22, 3
0 21 39: 336, 22, 1
0 21 45: 1250, 22, 2
0 21 46: 1383, 10, 0
0 21 48: 1248, 22, 3
0 21 50: 1383, 10, 2
0 21 51: 1250, 22, 3
0 21 52: 1383, 10, 2
0 21 53: 1250, 22, 3
0 21 54: 1250, 22, 3
0 21 56: 1249, 22, 2
0 21 57: 1250, 22, 2
0 21 58: 1248, 22, 0
0 21 60: 1286, 10, 3
0 21 62: 325, 22, 0
0 22 5: 325, 22, 3
0 22 11: 325, 22, 0
0 22 12: 325, 22, 3
0 22 14: 325, 22, 3
0 22 16: 1341, 10, 0
0 22 18: 325, 22, 0
0 22 20: 325, 22, 0
0 22 21: 325, 22, 3
0 22 22: 325, 22, 3
0 22 23: 325, 22, 1
0 22 28: 335, 22, 0
0 22 30: 337, 22, 0
0 22 31: 335, 22, 2
0 22 35: 336, 22, 0
0 22 37: 336, 22, 2
0 22 40: 336, 22, 1
0 22 41: 335, 22, 0
0 22 47: 1250, 22, 1
0 22 49: 1383, 10, 3
0 22 51: 1250, 22, 0
0 22 52: 1250, 22, 2
0 22 55: 1286, 10, 0
0 22 57: 1250, 22, 2
0 22 58: 1383, 10, 1
0 23 1: 325, 22, 1
0 23 3: 326, 22, 2
0 23 7: 326, 22, 3
0 23 8: 325, 22, 1
0 23 15: 324, 22, 3
0 23 19: 325, 22, 3
0 23 28: 336, 22, 3
0 23 29: 336, 22, 3
0 23 30: 336, 22, 0
0 23 32: 336, 22, 1
0 23 34: 336, 22, 1
0 23 36: 336, 22, 2
0 23 38: 337, 22, 3
0 23 49: 1250, 22, 0
0 23 50: 1248, 22, 2
0 23 52: 1383, 10, 3
0 23 54: 1248, 22, 1
0 23 56: 1297, 10, 1
0 23 59: 1248, 22, 0
0 24 1: 325, 22, 0
0 24 6: 325, 22, 3
0 24 7: 325, 22, 2
0 24 9: 1250, 22, 2
0 24 10: 1383, 10, 0
0 24 12: 325, 22, 1
0 24 14: 326, 22, 2
0 24 18: 326, 22, 2
0 24 20: 325, 22, 2
0 24 22: 325, 22, 1
0 24 28: 336, 22, 2
0 24 33: 336, 22, 0
0 24 39: 336, 22, 3
0 24 40: 336, 22, 0
0 24 42: 336, 22, 3
0 24 49: 1383, 10, 3
0 24 61: 1341, 10, 3
0 24 62: 325, 22, 3
0 25 2: 325, 22, 0
0 25 3: 325, 22, 3
0 25 4: 324, 22, 3
0 25 13: 325, 22, 2
0 25 16: 325, 22, 3
0 25 19: 326, 22, 3
0 25 23: 325, 22, 3
0 25 25: 324, 22, 0
0 25 29: 336, 22, 2
0 25 31: 337, 22, 0
0 25 34: 335, 22, 3
0 25 37: 336, 22, 1
0 25 38: 336, 22, 2
0 25 39: 336, 22, 3
0 25 41: 336, 22, 0
0 25 43: 336, 22, 3
0 25 50: 1250, 22, 0
0 25 58: 325, 22, 0
0 25 61: 325, 22, 2
0 26 0: 324, 22, 2
0 26 2: 325, 22, 3
0 26 6: 1286, 10, 0
0 26 9: 1383, 10, 0
0 26 16: 324, 22, 2
0 26 22: 324, 22, 2
0 26 25: 325, 22, 2
0 26 31: 336, 22, 1
0 26 35: 336, 22, 0
0 26 37: 336, 22, 2
0 26 40: 336, 22, 2
0 26 42: 335, 22, 3
0 26 52: 325, 22, 0
0 26 53: 325, 22, 0
0 26 54: 325, 22, 0
0 26 56: 325, 22, 0
0 26 59: 325, 22, 1
0 26 60: 325, 22, 1
0 27 1: 325, 22, 2
0 27 2: 325, 22, 2
0 27 4: 325, 22, 1
0 27 6: 1383, 10, 3
0 27 7: 1250, 22, 1
0 27 9: 325, 22, 3
0 27 10: 325, 22, 0
0 27 13: 1341, 10, 3
0 27 14: 324, 22, 1
0 27 18: 325, 22, 1
0 27 22: 325, 22, 0
0 27 24: 325, 22, 2
0 27 28: 325, 22, 0
0 27 31: 336, 22, 2
0 27 32: 336, 22, 3
0 27 34: 336, 22, 3
0 27 39: 337, 22, 0
0 27 43: 337, 22, 1
0 27 45: 336, 22, 2
0 27 47: 325, 22, 1
0 27 49: 325, 22, 2
0 27 51: 325, 22, 1
0 27 55: 325, 22, 3
0 27 59: 324, 22, 3
0 27 59: 1341, 10, 2
0 27 62: 324, 22, 2
0 28 1: 325, 22, 1
0 28 5: 1383, 10, 2
0 28 6: 1250, 22, 0
0 28 11: 325, 22, 2
0 28 17: 325, 22, 1
0 28 19: 1286, 10, 0
0 28 21: 325, 22, 2
0 28 22: 325, 22, 3
0 28 25: 325, 22, 2
0 28 26: 325, 22, 3
0 28 32: 336, 22, 0
0 28 39: 336, 22, 3
0 28 40: 336, 22, 3
0 28 42: 336, 22, 0
0 28 45: 336, 22, 3
0 28 49: 325, 22, 3
0 28 54: 1341, 10, 1
0 28 57: 325, 22, 2
0 28 60: 325, 22, 3
0 29 1: 325, 22, 1
0 29 4: 325, 22, 1
0 29 7: 325, 22, 2
0 29 15: 324, 22, 0
0 29 19: 1250, 22, 2
0 29 21: 325, 22, 1
0 29 23: 324, 22, 0
0 29 33: 336, 22, 0
0 29 34: 336, 22, 0
0 29 36: 337, 22, 3
0 29 38: 336, 22, 1
0 29 43: 336, 22, 1
0 29 44: 336, 22, 2
0 29 45: 336, 22, 2
0 29 49: 1341, 10, 0
0 29 51: 325, 22, 0
0 29 58: 325, 22, 2
0 29 62: 325, 22, 2
0 30 2: 1383, 10, 2
0 30 7: 325, 22, 3
0 30 9: 1341, 10, 2
0 30 10: 325, 22, 1
0 30 14: 325, 22, 3
0 30 17: 325, 22, 3
0 30 27: 324, 22, 2
0 30 34: 336, 22, 3
0 30 35: 335, 22, 1
0 30 37: 336, 22, 1
0 30 41: 336, 22, 3
0 30 46: 336, 22, 1
0 30 49: 325, 22, 0
0 30 50: 325, 22, 1
0 30 52: 325, 22, 0
0 30 53: 325, 22, 1
0 30 59: 325, 22, 3
0 30 61: 326, 22, 1
0 31 1: 1383, 10, 1
0 31 4: 1250, 22, 3
0 31 8: 325, 22, 0
0 31 9: 325, 22, 1
0 31 12: 324, 22, 0
0 31 17: 325, 22, 3
0 31 19: 1383, 10, 3
0 31 21: 325, 22, 3
0 31 24: 324, 22, 3
0 31 26: 325, 22, 0
0 31 29: 325, 22, 2
0 31 32: 337, 22, 2
0 31 33: 336, 22, 2
0 31 35: 336, 22, 3
0 31 36: 336, 22, 2
0 31 37: 336, 22, 2
0 31 40: 336, 22, 2
0 31 44: 335, 22, 0
0 31 53: 325, 22, 2
0 31 55: 324, 22, 0
0 31 58: 325, 22, 0
0 31 59: 325, 22, 1
0 31 60: 325, 22, 2
0 32 3: 325, 22, 3
0 32 6: 324, 22, 0
0 32 11: 324, 22, 3
0 32 14: 325, 22, 2
0 32 18: 325, 22, 0
0 32 20: 325, 22, 2
0 32 23: 1341, 10, 1
0 32 26: 325, 22, 3
0 32 33: 336, 22, 2
0 32 38: 337, 22, 1
0 32 40: 336, 22, 1
0 32 42: 336, 22, 3
0 32 43: 336, 22, 2
0 32 44: 336, 22, 0
0 32 45: 336, 22, 1
0 32 50: 325, 22, 1
0 32 53: 325, 22, 2
0 32 57: 1341, 10, 3
0 33 2: 325, 22, 0
0 33 9: 325, 22, 3
0 33 13: 325, 22, 2
0 33 15: 1286, 10, 3
0 33 24: 325, 22, 0
0 33 27: 325, 22, 1
0 33 32: 336, 22, 1
0 33 34: 336, 22, 3
0 33 38: 336, 22, 0
0 33 41: 336, 22, 3
0 33 44: 336, 22, 3
0 33 46: 335, 22, 1
0 33 51: 324, 22, 1
0 33 58: 324, 22, 0
0 33 60: 324, 22, 1
0 33 62: 325, 22, 2
0 34 1: 325, 22, 3
0 34 4: 1286, 10, 2
0 34 7: 325, 22, 1
0 34 11: 1286, 10, 2
0 34 15: 1250, 22, 3
0 34 17: 325, 22, 0
0 34 18: 1341, 10, 0
0 34 21: 325, 22, 2
0 34 26: 325, 22, 0
0 34 29: 324, 22, 3
0 34 33: 336, 22, 0
0 34 35: 336, 22, 3
0 34 37: 336, 22, 3
0 34 40: 336, 22, 1
0 34 41: 335, 22, 2
0 34 43: 336, 22, 0
0 34 46: 336, 22, 3
0 34 50: 325, 22, 2
0 34 51: 325, 22, 1
0 34 54: 325, 22, 0
0 34 55: 325, 22, 3
0 34 56: 325, 22, 2
0 34 62: 325, 22, 0
0 35 0: 325, 22, 2
0 35 3: 1250, 22, 2
0 35 8: 325, 22, 1
0 35 17: 325, 22, 0
0 35 22: 325, 22, 1
0 35 24: 326, 22, 1
0 35 28: 325, 22, 3
0 35 29: 325, 22, 3
0 35 34: 336, 22, 2
0 35 35: 336, 22, 2
0 35 38: 336, 22, 1
0 35 39: 337, 22, 0
0 35 42: 336, 22, 3
0 35 45: 336, 22, 0
0 35 47: 336, 22, 2
0 35 53: 325, 22, 0
0 35 59: 325, 22, 0
0 36 0: 325, 22, 1
0 36 6: 1286, 10, 1
0 36 9: 324, 22, 1
0 36 10: 1250, 22, 1
0 36 12: 325, 22, 0
0 36 15: 1383, 10, 2
0 36 19: 326, 22, 1
0 36 23: 325, 22, 1
0 36 24: 325, 22, 2
0 36 25: 325, 22, 3
0 36 36: 337, 22, 0
0 36 37: 336, 22, 2
0 36 38: 336, 22, 2
0 36 40: 336, 22, 2
0 36 44: 336, 22, 1
0 36 45: 337, 22, 1
0 36 55: 1341, 10, 2
0 36 58: 325, 22, 1
0 37 2: 1286, 10, 1
0 37 4: 1250, 22, 1
0 37 10: 1383, 10, 1
0 37 13: 325, 22, 3
0 37 16: 1341, 10, 2
0 37 18: 325, 22, 1
0 37 21: 325, 22, 1
0 37 23: 325, 22, 2
0 37 24: 325, 22, 0
0 37 28: 325, 22, 2
0 37 33: 336, 22, 1
0 37 36: 336, 22, 3
0 37 39: 336, 22, 1
0 37 42: 336, 22, 2
0 37 47: 336, 22, 2
0 37 52: 325, 22, 0
0 37 58: 325, 22, 2
0 37 61: 1341, 10, 0
0 38 2: 1250, 22, 0
0 38 4: 1286, 10, 0
0 38 5: 1250, 22, 1
0 38 7: 324, 22, 0
0 38 10: 324, 22, 3
0 38 15: 324, 22, 2
0 38 20: 325, 22, 2
0 38 23: 325, 22, 0
0 38 26: 1286, 10, 3
0 38 28: 325, 22, 1
0 38 33: 336, 22, 0
0 38 36: 336, 22, 3
0 38 37: 336, 22, 0
0 38 38: 336, 22, 1
0 38 40: 337, 22, 2
0 38 44: 336, 22, 0
0 38 45: 336, 22, 0
0 38 50: 325, 22, 3
0 38 56: 325, 22, 2
0 38 58: 325, 22, 2
0 38 59: 325, 22, 2
0 39 2: 1383, 10, 0
0 39 3: 1383, 10, 1
0 39 10: 325, 22, 2
0 39 18: 324, 22, 1
0 39 21: 325, 22, 3
0 39 23: 325, 22, 1
0 39 24: 1250, 22, 1
0 39 34: 336, 22, 2
0 39 37: 336, 22, 0
0 39 39: 336, 22, 3
0 39 41: 336, 22, 2
0 39 43: 336, 22, 1
0 39 44: 336, 22, 1
0 39 46: 335, 22, 2
0 39 48: 336, 22, 0
0 39 51: 325, 22, 1
0 39 55: 325, 22, 1
0 39 60: 325, 22, 3
0 39 63: 324, 22, 3
0 40 0: 1383, 10, 3
0 40 1: 1250, 22, 3
0 40 4: 1250, 22, 2
0 40 8: 325, 22, 0
0 40 9: 325, 22, 2
0 40 12: 1341, 10, 1
0 40 15: 325, 22, 3
0 40 16: 325, 22, 0
0 40 23: 1383, 10, 1
0 40 28: 325, 22, 0
0 40 32: 336, 22, 2
0 40 34: 336, 22, 1
0 40 35: 336, 22, 1
0 40 36: 336, 22, 0
0 40 41: 335, 22, 0
0 40 46: 336, 22, 0
0 40 51: 325, 22, 1
0 40 53: 326, 22, 3
0 41 5: 325, 22, 3
0 41 20: 1250, 22, 0
0 41 25: 325, 22, 2
0 41 27: 325, 22, 3
0 41 31: 336, 22, 3
0 41 35: 335, 22, 0
0 41 39: 336, 22, 1
0 41 41: 337, 22, 3
0 41 44: 336, 22, 2
0 41 49: 325, 22, 0
0 41 52: 325, 22, 2
0 41 53: 1341, 10, 1
0 41 58: 326, 22, 0
0 41 60: 325, 22, 0
0 41 62: 324, 22, 2
0 42 0: 325, 22, 0
0 42 3: 325, 22, 1
0 42 4: 325, 22, 1
0 42 5: 325, 22, 0
0 42 7: 326, 22, 2
0 42 11: 326, 22, 1
0 42 14: 325, 22, 2
0 42 15: 1286, 10, 1
0 42 18: 325, 22, 0
0 42 20: 1286, 10, 2
0 42 32: 336, 22, 3
0 42 33: 336, 22, 2
0 42 37: 335, 22, 3
0 42 38: 336, 22, 2
0 42 40: 336, 22, 0
0 42 42: 336, 22, 3
0 42 45: 336, 22, 2
0 42 51: 325, 22, 2
0 42 55: 325, 22, 0
0 42 56: 325, 22, 0
0 43 2: 326, 22, 3
0 43 13: 325, 22, 0
0 43 17: 1250, 22, 0
0 43 19: 325, 22, 1
0 43 22: 325, 22, 1
0 43 23: 325, 22, 2
0 43 25: 325, 22, 1
0 43 26: 326, 22, 2
0 43 31: 337, 22, 3
0 43 35: 336, 22, 1
0 43 38: 336, 22, 0
0 43 39: 336, 22, 3
0 43 44: 336, 22, 1
0 43 48: 325, 22, 0
0 43 52: 325, 22, 2
0 43 53: 325, 22, 3
0 43 55: 324, 22, 1
0 43 57: 325, 22, 3
0 43 61: 325, 22, 0
0 43 62: 325, 22, 1
0 43 63: 325, 22, 2
0 44 5: 1341, 10, 1
0 44 7: 325, 22, 2
0 44 9: 1383, 10, 2
0 44 15: 1250, 22, 2
0 44 16: 1383, 10, 0
0 44 25: 325, 22, 1
0 44 30: 336, 22, 3
0 44 32: 336, 22, 3
0 44 36: 336, 22, 2
0 44 40: 336, 22, 0
0 44 41: 336, 22, 1
0 44 50: 326, 22, 1
0 44 54: 324, 22, 0
0 44 59: 325, 22, 3
0 45 0: 325, 22, 3
0 45 3: 1286, 10, 3
0 45 7: 325, 22, 1
0 45 12: 1250, 22, 1
0 45 14: 326, 22, 1
0 45 18: 325, 22, 2
0 45 20: 326, 22, 3
0 45 25: 325, 22, 0
0 45 32: 336, 22, 1
0 45 34: 336, 22, 1
0 45 37: 336, 22, 3
0 45 44: 335, 22, 3
0 45 56: 325, 22, 2
0 45 59: 325, 22, 3
0 45 61: 325, 22, 0
0 46 1: 325, 22, 3
0 46 3: 1250, 22, 3
0 46 5: 325, 22, 0
0 46 10: 1250, 22, 0
0 46 12: 1383, 10, 3
0 46 21: 1341, 10, 0
0 46 24: 325, 22, 3
0 46 29: 336, 22, 2
0 46 30: 336, 22, 1
0 46 33: 335, 22, 3
0 46 36: 336, 22, 0
0 46 39: 337, 22, 0
0 46 42: 337, 22, 3
0 46 47: 325, 22, 1
0 46 50: 325, 22, 0
0 46 51: 325, 22, 0
0 46 52: 325, 22, 1
0 46 53: 325, 22, 1
0 46 61: 326, 22, 1
0 47 3: 325, 22, 3
0 47 7: 325, 22, 1
0 47 11: 325, 22, 0
0 47 12: 325, 22, 3
0 47 16: 325, 22, 2
0 47 19: 325, 22, 1
0 47 27: 336, 22, 1
0 47 33: 336, 22, 2
0 47 41: 336, 22, 3
0 47 46: 325, 22, 3
0 47 47: 325, 22, 2
0 47 54: 325, 22, 2
0 47 58: 325, 22, 1
0 47 59: 326, 22, 0
0 48 1: 325, 22, 2
0 48 2: 325, 22, 3
0 48 4: 325, 22, 1
0 48 8: 1341, 10, 1
0 48 13: 325, 22, 3
0 48 21: 325, 22, 0
0 48 26: 336, 22, 0
0 48 29: 337, 22, 3
0 48 31: 336, 22, 2
0 48 34: 336, 22, 3
0 48 36: 336, 22, 0
0 48 48: 326, 22, 0
0 48 51: 324, 22, 3
0 48 55: 1339, 10, 2
0 49 14: 325, 22, 0
0 49 17: 1341, 10, 3
0 49 22: 325, 22, 3
0 49 28: 336, 22, 2
0 49 31: 336, 22, 3
0 49 38: 336, 22, 1
0 49 41: 335, 22, 0
0 49 46: 325, 22, 3
0 49 47: 325, 22, 3
0 49 52: 325, 22, 3
0 49 60: 325, 22, 1
0 49 62: 325, 22, 2
0 50 1: 325, 22, 2
0 50 4: 1250, 22, 3
0 50 5: 1383, 10, 1
0 50 7: 325, 22, 3
0 50 11: 325, 22, 2
0 50 15: 325, 22, 1
0 50 18: 324, 22, 1
0 50 25: 336, 22, 3
0 50 26: 336, 22, 0
0 50 30: 337, 22, 2
0 50 32: 336, 22, 0
0 50 33: 336, 22, 1
0 50 38: 335, 22, 1
0 50 40: 336, 22, 1
0 50 41: 336, 22, 2
0 50 45: 325, 22, 3
0 50 48: 325, 22, 0
0 50 50: 325, 22, 0
0 50 59: 325, 22, 0
0 50 60: 325, 22, 0
0 50 61: 325, 22, 3
0 51 8: 325, 22, 0
0 51 9: 325, 22, 3
0 51 16: 325, 22, 2
0 51 27: 335, 22, 2
0 51 30: 337, 22, 1
0 51 31: 336, 22, 2
0 51 34: 336, 22, 1
0 51 35: 336, 22, 1
0 51 40: 336, 22, 0
0 51 48: 325, 22, 1
0 51 51: 325, 22, 0
0 51 52: 325, 22, 1
0 51 53: 325, 22, 1
0 51 60: 326, 22, 2
0 51 61: 325, 22, 3
0 52 2: 1250, 22, 1
0 52 3: 1383, 10, 1
0 52 6: 325, 22, 0
0 52 9: 325, 22, 3
0 52 18: 325, 22, 1
0 52 19: 325, 22, 1
0 52 24: 336, 22, 3
0 52 25: 336, 22, 1
0 52 27: 336, 22, 3
0 52 28: 336, 22, 2
0 52 29: 336, 22, 1
0 52 31: 336, 22, 3
0 52 32: 336, 22, 1
0 52 37: 336, 22, 3
0 52 44: 324, 22, 0
0 52 47: 325, 22, 2
0 52 48: 325, 22, 2
0 52 54: 325, 22, 1
0 52 62: 325, 22, 3
0 53 11: 325, 22, 1
0 53 14: 325, 22, 3
0 53 26: 336, 22, 2
0 53 31: 336, 22, 1
0 53 35: 336, 22, 2
0 53 36: 336, 22, 2
0 53 51: 1340, 10, 2
0 53 56: 325, 22, 3
0 53 59: 325, 22, 2
0 53 61: 325, 22, 3
0 53 62: 325, 22, 0
0 54 1: 325, 22, 3
0 54 2: 1286, 10, 2
0 54 4: 325, 22, 1
0 54 7: 325, 22, 1
0 54 10: 325, 22, 0
0 54 18: 324, 22, 2
0 54 20: 325, 22, 0
0 54 24: 336, 22, 1
0 54 25: 335, 22, 1
0 54 27: 336, 22, 3
0 54 30: 336, 22, 2
0 54 32: 336, 22, 0
0 54 42: 325, 22, 3
0 54 46: 326, 22, 0
0 54 57: 325, 22, 1
0 55 6: 325, 22, 2
0 55 23: 336, 22, 2
0 55 26: 336, 22, 0
0 55 28: 336, 22, 0
0 55 29: 336, 22, 0
0 55 31: 336, 22, 2
0 55 34: 336, 22, 2
0 55 35: 336, 22, 1
0 55 36: 336, 22, 1
0 55 40: 325, 22, 0
0 55 48: 325, 22, 1
0 55 56: 325, 22, 0
0 55 57: 325, 22, 3
0 55 61: 325, 22, 0
0 56 14: 326, 22, 1
0 56 23: 336, 22, 1
0 56 25: 336, 22, 1
0 56 27: 336, 22, 1
0 56 29: 336, 22, 1
0 56 32: 336, 22, 1
0 56 33: 337, 22, 2
0 56 34: 336, 22, 2
0 56 42: 325, 22, 3
0 56 44: 325, 22, 0
0 56 49: 325, 22, 1
0 56 55: 325, 22, 1
0 56 58: 326, 22, 3
0 56 62: 325, 22, 3
0 57 2: 324, 22, 3
0 57 7: 325, 22, 3
0 57 13: 325, 22, 0
0 57 17: 324, 22, 2
0 57 23: 336, 22, 1
0 57 24: 337, 22, 3
0 57 26: 336, 22, 0
0 57 28: 336, 22, 2
0 57 31: 336, 22, 3
0 57 32: 336, 22, 3
0 57 39: 325, 22, 3
0 57 42: 325, 22, 2
0 57 45: 325, 22, 1
0 57 46: 325, 22, 2
0 57 52: 325, 22, 0
0 57 59: 326, 22, 2
0 58 1: 325, 22, 0
0 58 8: 326, 22, 3
0 58 10: 326, 22, 3
0 58 13: 325, 22, 1
0 58 15: 326, 22, 2
0 58 28: 336, 22, 3
0 58 33: 336, 22, 3
0 58 34: 336, 22, 2
0 58 36: 325, 22, 2
0 58 37: 325, 22, 1
0 58 43: 325, 22, 2
0 58 47: 325, 22, 2
0 58 52: 325, 22, 1
0 58 53: 325, 22, 2
0 58 57: 325, 22, 3
0 58 60: 324, 22, 1
0 59 3: 324, 22, 1
0 59 8: 325, 22, 3
0 59 20: 325, 22, 2
0 59 23: 336, 22, 0
0 59 27: 335, 22, 0
0 59 29: 336, 22, 2
0 59 30: 335, 22, 3
0 59 47: 325, 22, 3
0 59 49: 325, 22, 1
0 59 52: 324, 22, 0
0 59 55: 325, 22, 3
0 59 58: 325, 22, 3
0 59 62: 325, 22, 1
0 60 1: 325, 22, 1
0 60 4: 325, 22, 0
0 60 9: 325, 22, 0
0 60 12: 324, 22, 3
0 60 14: 325, 22, 1
0 60 15: 325, 22, 2
0 60 26: 336, 22, 3
0 60 28: 336, 22, 2
0 60 37: 324, 22, 2
0 60 41: 325, 22, 1
0 60 45: 324, 22, 3
0 60 46: 325, 22, 3
0 60 49: 325, 22, 0
0 61 2: 325, 22, 3
0 61 7: 324, 22, 2
0 61 10: 325, 22, 1
0 61 11: 325, 22, 1
0 61 15: 325, 22, 3
0 61 18: 326, 22, 3
0 61 21: 325, 22, 1
0 61 27: 336, 22, 3
0 61 34: 325, 22, 2
0 61 38: 325, 22, 0
0 61 43: 325, 22, 1
0 61 46: 325, 22, 0
0 61 49: 326, 22, 0
0 61 50: 325, 22, 2
0 61 51: 325, 22, 0
0 61 54: 325, 22, 1
0 61 55: 325, 22, 0
0 61 60: 326, 22, 1
0 62 16: 325, 22, 3
0 62 20: 325, 22, 0
0 62 33: 325, 22, 3
0 62 39: 325, 22, 0
0 62 45: 325, 22, 0
0 62 51: 325, 22, 1
0 62 57: 325, 22, 0
0 62 59: 325, 22, 3
0 62 62: 325, 22, 1
0 63 3: 326, 22, 1
0 63 12: 325, 22, 2
