0 0 1: 1258, 22, 2
0 0 2: 1258, 22, 3
0 0 3: 320, 22, 1
0 0 4: 1258, 22, 1
0 0 5: 1258, 22, 0
0 0 6: 1258, 22, 1
0 0 10: 980, 9, 2
0 0 10: 1259, 22, 0
0 0 10: 1602, 3, 1
0 0 11: 1258, 22, 3
0 0 11: 1902, 0, 2
0 0 12: 1902, 0, 2
0 0 13: 1902, 0, 2
0 0 14: 1258, 22, 1
0 0 14: 1821, 5, 2
0 0 14: 1902, 0, 2
0 0 15: 1258, 22, 2
0 0 15: 1602, 3, 2
0 0 16: 1258, 22, 0
0 0 16: 1602, 3, 1
0 0 17: 205, 5, 2
0 0 17: 1258, 22, 3
0 0 17: 1902, 0, 2
0 0 18: 320, 22, 1
0 0 18: 3018, 0, 2
0 0 19: 1821, 5, 2
0 0 19: 1902, 0, 2
0 0 20: 1602, 3, 2
0 0 24: 3033, 10, 1
0 0 25: 1247, 22, 2
0 0 29: 1189, 10, 3
0 0 34: 1189, 10, 1
0 0 36: 1247, 22, 2
0 0 36: 3033, 10, 3
0 0 37: 1247, 22, 1
0 0 38: 1246, 22, 2
0 0 38: 3034, 10, 1
0 0 39: 1247, 22, 1
0 0 44: 3034, 10, 0
0 0 45: 1246, 22, 3
0 0 46: 1258, 22, 1
0 0 48: 319, 22, 0
0 0 50: 1258, 22, 0
0 0 51: 1258, 22, 1
0 0 52: 1258, 22, 0
0 0 53: 1258, 22, 3
0 0 54: 1258, 22, 3
0 0 59: 1258, 22, 0
0 0 60: 1258, 22, 2
0 1 0: 1258, 22, 1
0 1 1: 1259, 22, 1
0 1 2: 1258, 22, 0
0 1 3: 319, 22, 0
0 1 4: 1259, 22, 1
0 1 5: 1258, 22, 1
0 1 6: 1247, 22, 2
0 1 7: 3034, 10, 0
0 1 8: 1247, 22, 1
0 1 9: 1247, 22, 0
0 1 10: 1258, 22, 0
0 1 10: 1902, 0, 1
0 1 11: 595, 10, 3
0 1 13: 363, 10, 3
0 1 13: 391, 4, 0
0 1 13: 1248, 22, 3
0 1 14: 1013, 10, 0
0 1 14: 1821, 4, 0
0 1 15: 1259, 22, 1
0 1 15: 1902, 2, 2
0 1 16: 1259, 22, 2
0 1 16: 1902, 2, 1
0 1 18: 916, 22, 1
0 1 19: 374, 10, 3
0 1 19: 1822, 4, 0
0 1 20: 1258, 22, 2
0 1 20: 1902, 0, 3
0 1 22: 3033, 10, 1
0 1 23: 1247, 22, 2
0 1 24: 1246, 22, 1
0 1 25: 1247, 22, 2
0 1 33: 1189, 10, 2
0 1 36: 1247, 22, 3
0 1 38: 1247, 22, 1
0 1 39: 1246, 22, 3
0 1 42: 1247, 22, 1
0 1 42: 3034, 10, 1
0 1 43: 1246, 22, 0
0 1 44: 1247, 22, 2
0 1 45: 1247, 22, 3
0 1 46: 1258, 22, 2
0 1 48: 321, 22, 1
0 1 49: 319, 22, 1
0 1 50: 320, 22, 0
0 1 52: 1258, 22, 3
0 1 53: 1258, 22, 2
0 1 54: 1189, 10, 1
0 1 58: 1258, 22, 3
0 1 59: 1259, 22, 3
0 1 60: 1258, 22, 1
0 2 1: 1258, 22, 0
0 2 2: 1258, 22, 3
0 2 3: 320, 22, 0
0 2 4: 1258, 22, 2
0 2 5: 1247, 22, 0
0 2 7: 1247, 22, 3
0 2 8: 1258, 22, 1
0 2 9: 1258, 22, 2
0 2 10: 1259, 22, 1
0 2 10: 1902, 0, 1
0 2 11: 391, 4, 3
0 2 11: 1088, 10, 1
0 2 12: 1088, 11, 0
0 2 16: 892, 4, 0
0 2 18: 1248, 22, 2
0 2 19: 1827, 4, 1
0 2 20: 1826, 5, 3
0 2 20: 1902, 0, 3
0 2 22: 1247, 22, 3
0 2 23: 1247, 22, 3
0 2 27: 321, 22, 3
0 2 28: 320, 22, 3
0 2 29: 320, 22, 0
0 2 30: 319, 22, 0
0 2 31: 320, 22, 2
0 2 35: 3037, 10, 2
0 2 36: 1246, 22, 1
0 2 37: 1247, 22, 0
0 2 40: 3033, 10, 2
0 2 41: 1247, 22, 3
0 2 42: 1246, 22, 1
0 2 43: 1247, 22, 1
0 2 46: 1247, 22, 0
0 2 46: 3034, 10, 3
0 2 51: 320, 22, 3
0 2 52: 1258, 22, 1
0 2 53: 1258, 22, 1
0 2 54: 1247, 22, 1
0 2 54: 3034, 10, 2
0 2 55: 1246, 22, 0
0 2 56: 1258, 22, 3
0 2 57: 1189, 10, 3
0 2 57: 1258, 22, 2
0 2 58: 1258, 22, 2
0 2 59: 1258, 22, 2
0 3 2: 1247, 22, 1
0 3 4: 320, 22, 0
0 3 6: 1246, 22, 3
0 3 8: 362, 10, 3
0 3 8: 1259, 22, 2
0 3 9: 1902, 2, 3
0 3 9: 2772, 22, 0
0 3 9: 3039, 10, 3
0 3 10: 1902, 0, 0
0 3 16: 1822, 4, 2
0 3 19: 1248, 22, 1
0 3 20: 1258, 22, 0
0 3 20: 1902, 0, 3
0 3 22: 1246, 22, 0
0 3 23: 1247, 22, 0
0 3 26: 320, 22, 1
0 3 27: 319, 22, 2
0 3 28: 320, 22, 1
0 3 29: 321, 22, 0
0 3 30: 320, 22, 3
0 3 31: 320, 22, 0
0 3 32: 321, 22, 1
0 3 35: 1246, 22, 0
0 3 37: 1247, 22, 2
0 3 40: 1247, 22, 2
0 3 46: 1246, 22, 0
0 3 47: 1247, 22, 2
0 3 48: 1258, 22, 0
0 3 49: 1247, 22, 1
0 3 50: 1247, 22, 2
0 3 52: 320, 22, 3
0 3 54: 1247, 22, 2
0 3 56: 1247, 22, 0
0 3 56: 3034, 10, 2
0 3 59: 1258, 22, 0
0 3 60: 1258, 22, 3
0 4 3: 1258, 22, 2
0 4 7: 1258, 22, 0
0 4 8: 1258, 22, 0
0 4 9: 1902, 2, 2
0 4 10: 1902, 0, 2
0 4 14: 1013, 10, 1
0 4 15: 1258, 22, 2
0 4 15: 1902, 2, 3
0 4 16: 1258, 22, 0
0 4 16: 1821, 5, 0
0 4 16: 1902, 2, 0
0 4 17: 350, 10, 3
0 4 19: 1088, 10, 3
0 4 19: 1827, 4, 1
0 4 20: 450, 10, 2
0 4 20: 1826, 5, 3
0 4 20: 1902, 0, 3
0 4 21: 1007, 0, 2
0 4 21: 1258, 22, 2
0 4 22: 980, 0, 2
0 4 22: 1247, 22, 1
0 4 23: 980, 0, 2
0 4 23: 1247, 22, 0
0 4 24: 980, 0, 2
0 4 25: 321, 22, 2
0 4 25: 980, 0, 2
0 4 26: 320, 22, 0
0 4 26: 981, 3, 2
0 4 28: 1258, 22, 3
0 4 28: 3036, 10, 1
0 4 29: 1259, 22, 2
0 4 30: 1258, 22, 2
0 4 32: 320, 22, 1
0 4 33: 319, 22, 1
0 4 35: 1246, 22, 3
0 4 36: 1247, 22, 3
0 4 37: 1246, 22, 2
0 4 46: 1258, 22, 1
0 4 47: 1258, 22, 2
0 4 48: 1258, 22, 3
0 4 50: 1247, 22, 0
0 4 51: 1258, 22, 3
0 4 53: 321, 22, 2
0 4 55: 1258, 22, 1
0 4 56: 1247, 22, 3
0 4 57: 1246, 22, 1
0 4 58: 1189, 10, 2
0 4 59: 1258, 22, 2
0 5 2: 1258, 22, 1
0 5 3: 1247, 22, 0
0 5 3: 3037, 10, 1
0 5 4: 1247, 22, 1
0 5 5: 1246, 22, 1
0 5 6: 320, 22, 2
0 5 8: 1258, 22, 3
0 5 9: 1258, 22, 2
0 5 10: 1197, 10, 2
0 5 10: 1259, 22, 3
0 5 10: 1902, 0, 1
0 5 11: 1022, 4, 3
0 5 13: 1248, 22, 0
0 5 14: 873, 10, 1
0 5 15: 1902, 0, 3
0 5 16: 1902, 0, 1
0 5 17: 196, 4, 3
0 5 18: 1096, 11, 1
0 5 18: 1827, 4, 2
0 5 19: 604, 10, 2
0 5 20: 452, 10, 2
0 5 20: 1258, 22, 1
0 5 20: 1902, 0, 3
0 5 26: 980, 0, 3
0 5 27: 1258, 22, 2
0 5 29: 1258, 22, 1
0 5 30: 1258, 22, 2
0 5 31: 1258, 22, 0
0 5 31: 3036, 10, 0
0 5 37: 1187, 10, 1
0 5 48: 1247, 22, 3
0 5 48: 3034, 10, 0
0 5 49: 1246, 22, 3
0 5 50: 1258, 22, 0
0 5 51: 1259, 22, 3
0 5 52: 1258, 22, 2
0 5 54: 320, 22, 2
0 5 56: 1258, 22, 0
0 5 57: 1247, 22, 3
0 5 57: 3034, 10, 1
0 5 58: 1247, 22, 3
0 6 3: 1247, 22, 2
0 6 5: 1247, 22, 2
0 6 7: 320, 22, 3
0 6 8: 319, 22, 0
0 6 9: 1258, 22, 3
0 6 10: 1258, 22, 1
0 6 10: 1902, 0, 1
0 6 11: 1023, 4, 3
0 6 12: 916, 22, 1
0 6 13: 1827, 4, 2
0 6 15: 1258, 22, 3
0 6 15: 1902, 0, 3
0 6 16: 1258, 22, 3
0 6 16: 1602, 3, 0
0 6 17: 1259, 22, 1
0 6 17: 1902, 0, 0
0 6 18: 1258, 22, 0
0 6 18: 1826, 5, 0
0 6 18: 1902, 0, 0
0 6 19: 1258, 22, 3
0 6 19: 1902, 0, 0
0 6 20: 1602, 3, 3
0 6 23: 320, 22, 0
0 6 24: 320, 22, 1
0 6 25: 981, 3, 1
0 6 26: 980, 0, 3
0 6 28: 1189, 10, 2
0 6 32: 1258, 22, 3
0 6 48: 1247, 22, 2
0 6 49: 1247, 22, 2
0 6 50: 1258, 22, 3
0 6 51: 1246, 22, 2
0 6 51: 3034, 10, 0
0 6 52: 1247, 22, 2
0 6 55: 320, 22, 1
0 6 57: 1247, 22, 0
0 6 58: 1246, 22, 0
0 7 3: 1247, 22, 3
0 7 4: 1247, 22, 1
0 7 6: 1258, 22, 1
0 7 8: 320, 22, 1
0 7 10: 1258, 22, 0
0 7 10: 1602, 3, 0
0 7 11: 205, 5, 0
0 7 11: 1902, 0, 0
0 7 12: 320, 22, 2
0 7 12: 3017, 0, 0
0 7 13: 1258, 22, 2
0 7 13: 1826, 5, 0
0 7 13: 1902, 0, 0
0 7 14: 1259, 22, 0
0 7 14: 1902, 0, 0
0 7 15: 1198, 10, 0
0 7 15: 1258, 22, 0
0 7 15: 1602, 3, 3
0 7 23: 320, 22, 0
0 7 24: 320, 22, 3
0 7 25: 320, 22, 2
0 7 26: 980, 0, 3
0 7 34: 1187, 10, 2
0 7 46: 1602, 3, 1
0 7 47: 1415, 0, 2
0 7 48: 1415, 0, 2
0 7 48: 1826, 5, 2
0 7 49: 1415, 0, 2
0 7 50: 1415, 0, 2
0 7 50: 1826, 5, 2
0 7 51: 1415, 0, 2
0 7 52: 1247, 22, 3
0 7 52: 1602, 1, 2
0 7 54: 1258, 22, 1
0 7 57: 1259, 22, 2
0 7 58: 1189, 10, 0
0 7 58: 1258, 22, 0
0 8 7: 1258, 22, 0
0 8 9: 320, 22, 0
0 8 10: 321, 22, 3
0 8 11: 320, 22, 3
0 8 13: 1197, 10, 3
0 8 21: 1187, 10, 0
0 8 22: 320, 22, 3
0 8 25: 320, 22, 3
0 8 25: 981, 3, 1
0 8 26: 980, 0, 3
0 8 29: 1189, 10, 0
0 8 30: 1189, 10, 1
0 8 46: 1415, 0, 1
0 8 47: 836, 10, 3
0 8 48: 1827, 4, 0
0 8 49: 346, 10, 0
0 8 50: 1827, 4, 0
0 8 51: 837, 10, 1
0 8 52: 1415, 0, 3
0 8 52: 1415, 9, 2
0 8 53: 1258, 22, 0
0 8 53: 1415, 1, 2
0 8 54: 1259, 22, 1
0 8 56: 320, 22, 0
0 8 57: 1258, 22, 1
0 8 58: 1246, 22, 2
0 9 6: 1247, 22, 1
0 9 7: 1258, 22, 3
0 9 8: 1258, 22, 2
0 9 9: 1258, 22, 1
0 9 17: 3036, 10, 3
0 9 19: 1189, 10, 1
0 9 21: 320, 22, 1
0 9 24: 320, 22, 1
0 9 25: 320, 22, 0
0 9 26: 980, 0, 3
0 9 29: 1189, 10, 3
0 9 45: 3036, 10, 0
0 9 46: 1415, 0, 1
0 9 52: 1415, 0, 3
0 9 53: 1415, 9, 2
0 9 54: 1247, 22, 2
0 9 54: 1602, 1, 2
0 9 55: 1189, 10, 1
0 9 55: 1258, 22, 3
0 9 57: 1258, 22, 2
0 9 58: 1258, 22, 1
0 9 58: 3036, 10, 2
0 9 59: 1258, 22, 0
0 10 6: 1258, 22, 3
0 10 7: 1258, 22, 0
0 10 8: 1247, 22, 0
0 10 8: 3034, 10, 1
0 10 22: 320, 22, 0
0 10 23: 320, 22, 0
0 10 24: 473, 10, 0
0 10 26: 980, 9, 2
0 10 26: 981, 3, 1
0 10 27: 980, 0, 2
0 10 28: 980, 0, 2
0 10 29: 980, 0, 2
0 10 30: 980, 0, 2
0 10 31: 980, 0, 2
0 10 32: 981, 3, 2
0 10 39: 1258, 22, 2
0 10 40: 1258, 22, 3
0 10 41: 1258, 22, 0
0 10 42: 1187, 10, 0
0 10 46: 1415, 0, 1
0 10 49: 834, 10, 2
0 10 52: 1415, 0, 3
0 10 52: 1738, 10, 0
0 10 54: 1246, 22, 0
0 10 54: 1415, 0, 3
0 10 55: 1258, 22, 3
0 10 58: 1247, 22, 2
0 10 59: 1258, 22, 3
0 11 0: 1247, 22, 3
0 11 8: 1246, 22, 2
0 11 9: 1247, 22, 1
0 11 11: 1189, 10, 2
0 11 17: 1189, 10, 0
0 11 21: 320, 22, 1
0 11 25: 980, 1, 1
0 11 26: 980, 9, 1
0 11 27: 3033, 10, 2
0 11 28: 1247, 22, 3
0 11 29: 1246, 22, 1
0 11 32: 980, 9, 2
0 11 33: 980, 0, 2
0 11 34: 980, 0, 2
0 11 35: 981, 3, 2
0 11 39: 1258, 22, 2
0 11 40: 1258, 22, 1
0 11 41: 1259, 22, 0
0 11 42: 1258, 22, 0
0 11 43: 1258, 22, 0
0 11 46: 1415, 0, 1
0 11 47: 374, 10, 3
0 11 47: 1415, 0, 0
0 11 49: 1415, 0, 0
0 11 50: 817, 10, 3
0 11 50: 1415, 0, 0
0 11 51: 1415, 0, 0
0 11 52: 1602, 3, 3
0 11 53: 973, 4, 1
0 11 54: 1189, 10, 2
0 11 54: 1415, 0, 3
0 11 55: 1258, 22, 0
0 11 57: 320, 22, 0
0 11 58: 1258, 22, 2
0 11 59: 1258, 22, 2
0 12 2: 1247, 22, 3
0 12 8: 1189, 10, 1
0 12 19: 1189, 10, 2
0 12 22: 320, 22, 0
0 12 23: 320, 22, 3
0 12 23: 3036, 10, 2
0 12 24: 320, 22, 2
0 12 24: 981, 3, 1
0 12 25: 980, 9, 1
0 12 27: 1247, 22, 1
0 12 29: 1247, 22, 0
0 12 33: 3033, 10, 1
0 12 34: 1247, 22, 0
0 12 35: 980, 9, 2
0 12 36: 980, 0, 2
0 12 37: 980, 1, 2
0 12 39: 1258, 22, 1
0 12 40: 1187, 10, 3
0 12 40: 1258, 22, 2
0 12 41: 1259, 22, 0
0 12 42: 1258, 22, 3
0 12 43: 1258, 22, 2
0 12 46: 1415, 0, 1
0 12 47: 903, 4, 3
0 12 53: 1827, 4, 1
0 12 54: 1258, 22, 1
0 12 54: 1415, 0, 3
0 12 54: 1826, 5, 3
0 12 55: 1259, 22, 2
0 12 56: 320, 22, 3
0 12 59: 1258, 22, 3
0 13 0: 1247, 22, 1
0 13 3: 1247, 22, 0
0 13 11: 1189, 10, 3
0 13 12: 1247, 22, 3
0 13 12: 3033, 10, 2
0 13 13: 1247, 22, 0
0 13 14: 980, 1, 1
0 13 14: 1258, 22, 1
0 13 15: 980, 0, 2
0 13 15: 1258, 22, 3
0 13 16: 980, 0, 2
0 13 16: 3036, 10, 1
0 13 17: 980, 0, 2
0 13 18: 980, 0, 2
0 13 18: 1258, 22, 2
0 13 19: 980, 0, 2
0 13 20: 980, 1, 2
0 13 20: 1258, 22, 3
0 13 21: 1258, 22, 0
0 13 22: 1189, 10, 3
0 13 24: 980, 0, 1
0 13 26: 1257, 22, 2
0 13 27: 1247, 22, 0
0 13 30: 1247, 22, 2
0 13 31: 1247, 22, 1
0 13 33: 1247, 22, 1
0 13 34: 1246, 22, 3
0 13 37: 980, 9, 2
0 13 38: 980, 1, 2
0 13 40: 1258, 22, 0
0 13 41: 1258, 22, 3
0 13 42: 1258, 22, 1
0 13 43: 1259, 22, 3
0 13 44: 1187, 10, 1
0 13 44: 1258, 22, 2
0 13 46: 1415, 0, 1
0 13 47: 906, 4, 3
0 13 53: 583, 10, 1
0 13 53: 971, 4, 1
0 13 54: 1258, 22, 3
0 13 54: 1415, 0, 3
0 13 56: 321, 22, 3
0 13 58: 1247, 22, 3
0 13 58: 3037, 10, 1
0 13 59: 1246, 22, 1
0 13 60: 1258, 22, 0
0 14 0: 320, 22, 0
0 14 1: 319, 22, 0
0 14 3: 1246, 22, 0
0 14 4: 1247, 22, 1
0 14 6: 1258, 22, 1
0 14 7: 1258, 22, 0
0 14 12: 1246, 22, 1
0 14 13: 980, 1, 1
0 14 13: 1247, 22, 0
0 14 14: 980, 9, 1
0 14 14: 1259, 22, 1
0 14 20: 980, 9, 2
0 14 20: 1258, 22, 1
0 14 21: 980, 1, 2
0 14 23: 981, 3, 1
0 14 24: 980, 9, 1
0 14 25: 1257, 22, 3
0 14 26: 1257, 22, 0
0 14 28: 1247, 22, 2
0 14 29: 1602, 3, 1
0 14 30: 1902, 0, 2
0 14 31: 1838, 5, 2
0 14 31: 1902, 0, 2
0 14 32: 1902, 0, 2
0 14 33: 1902, 0, 2
0 14 34: 1838, 5, 2
0 14 34: 1902, 0, 2
0 14 35: 1902, 0, 2
0 14 36: 1602, 3, 2
0 14 38: 980, 9, 2
0 14 39: 980, 0, 2
0 14 40: 981, 3, 2
0 14 42: 1258, 22, 1
0 14 43: 1258, 22, 0
0 14 46: 1415, 0, 1
0 14 47: 905, 4, 3
0 14 50: 2739, 22, 0
0 14 54: 3019, 0, 3
0 14 55: 320, 22, 1
0 14 56: 320, 22, 2
0 14 57: 1258, 22, 2
0 14 60: 1258, 22, 1
0 15 1: 1247, 22, 2
0 15 2: 320, 22, 1
0 15 3: 981, 3, 1
0 15 4: 980, 0, 2
0 15 4: 1258, 22, 1
0 15 5: 980, 0, 2
0 15 5: 1258, 22, 2
0 15 5: 3036, 10, 2
0 15 6: 980, 1, 2
0 15 6: 1258, 22, 3
0 15 7: 1246, 22, 2
0 15 7: 3037, 10, 0
0 15 8: 1247, 22, 3
0 15 11: 981, 3, 1
0 15 12: 980, 0, 2
0 15 12: 1258, 22, 2
0 15 13: 980, 9, 1
0 15 15: 320, 22, 3
0 15 16: 320, 22, 0
0 15 17: 320, 22, 2
0 15 19: 320, 22, 2
0 15 21: 980, 9, 2
0 15 21: 1258, 22, 0
0 15 22: 981, 3, 2
0 15 22: 1258, 22, 3
0 15 23: 980, 0, 1
0 15 24: 3033, 10, 3
0 15 25: 1247, 22, 1
0 15 26: 1247, 22, 0
0 15 27: 1247, 22, 1
0 15 28: 1247, 22, 3
0 15 28: 1602, 3, 0
0 15 29: 1902, 0, 1
0 15 30: 1248, 22, 2
0 15 31: 1092, 10, 3
0 15 31: 1838, 4, 0
0 15 32: 1092, 10, 3
0 15 33: 888, 4, 0
0 15 33: 1092, 10, 3
0 15 34: 1092, 10, 3
0 15 34: 1838, 4, 0
0 15 35: 374, 10, 1
0 15 36: 1902, 0, 3
0 15 37: 1247, 22, 2
0 15 37: 3033, 10, 2
0 15 40: 980, 9, 2
0 15 41: 980, 1, 2
0 15 46: 1415, 0, 1
0 15 47: 381, 10, 3
0 15 48: 925, 22, 3
0 15 49: 926, 22, 3
0 15 50: 926, 22, 3
0 15 51: 926, 22, 3
0 15 52: 925, 22, 0
0 15 53: 583, 10, 1
0 15 53: 967, 4, 1
0 15 54: 1258, 22, 0
0 15 54: 1415, 0, 3
0 15 55: 1258, 22, 1
0 15 56: 1189, 10, 1
0 15 56: 1258, 22, 2
0 15 57: 1259, 22, 2
0 15 58: 1258, 22, 0
0 15 59: 1189, 10, 3
0 15 59: 1258, 22, 2
0 15 60: 1258, 22, 2
0 16 0: 1247, 22, 1
0 16 1: 1246, 22, 2
0 16 3: 320, 22, 3
0 16 5: 320, 22, 2
0 16 6: 980, 9, 2
0 16 7: 981, 3, 2
0 16 7: 1247, 22, 2
0 16 8: 1258, 22, 0
0 16 9: 1246, 22, 3
0 16 11: 1246, 22, 3
0 16 13: 320, 22, 3
0 16 16: 1258, 22, 1
0 16 17: 981, 3, 1
0 16 17: 1258, 22, 2
0 16 18: 1259, 22, 3
0 16 20: 321, 22, 1
0 16 21: 1259, 22, 1
0 16 22: 980, 1, 1
0 16 22: 1258, 22, 2
0 16 23: 980, 9, 1
0 16 28: 1602, 3, 0
0 16 29: 1106, 10, 0
0 16 29: 1838, 5, 1
0 16 29: 1902, 0, 1
0 16 30: 1838, 4, 3
0 16 31: 596, 10, 1
0 16 35: 1838, 4, 1
0 16 36: 1838, 5, 3
0 16 36: 1902, 0, 3
0 16 37: 1247, 22, 1
0 16 37: 1602, 3, 2
0 16 38: 1246, 22, 1
0 16 38: 1602, 3, 2
0 16 39: 1602, 3, 2
0 16 40: 1602, 3, 2
0 16 41: 980, 9, 2
0 16 42: 980, 1, 2
0 16 46: 1415, 0, 1
0 16 47: 3029, 10, 3
0 16 48: 926, 22, 2
0 16 49: 927, 22, 0
0 16 49: 1096, 11, 2
0 16 50: 927, 22, 0
0 16 51: 927, 22, 0
0 16 51: 1096, 11, 3
0 16 52: 926, 22, 0
0 16 53: 1822, 4, 1
0 16 54: 1415, 0, 3
0 16 54: 1826, 5, 3
0 16 56: 1258, 22, 0
0 16 57: 1258, 22, 2
0 16 59: 1247, 22, 2
0 16 59: 3037, 10, 1
0 16 60: 1247, 22, 1
0 17 3: 1246, 22, 3
0 17 7: 1258, 22, 0
0 17 8: 1259, 22, 2
0 17 9: 1247, 22, 2
0 17 14: 1259, 22, 1
0 17 15: 980, 9, 3
0 17 15: 1258, 22, 1
0 17 16: 980, 0, 0
0 17 16: 1258, 22, 0
0 17 17: 980, 0, 0
0 17 17: 1258, 22, 3
0 17 18: 980, 1, 1
0 17 18: 980, 9, 0
0 17 18: 1258, 22, 2
0 17 19: 3016, 0, 2
0 17 20: 320, 22, 1
0 17 20: 3015, 0, 2
0 17 21: 1007, 0, 2
0 17 22: 980, 9, 1
0 17 24: 1247, 22, 2
0 17 26: 1246, 22, 2
0 17 27: 1247, 22, 3
0 17 28: 1602, 3, 0
0 17 29: 1902, 0, 1
0 17 31: 1092, 10, 1
0 17 32: 1092, 10, 1
0 17 33: 1092, 10, 1
0 17 34: 1092, 10, 1
0 17 36: 1902, 2, 2
0 17 37: 1838, 5, 2
0 17 37: 1902, 0, 2
0 17 38: 876, 5, 2
0 17 38: 1902, 0, 2
0 17 39: 1602, 3, 2
0 17 40: 1602, 3, 2
0 17 42: 980, 9, 2
0 17 43: 981, 3, 2
0 17 46: 1415, 0, 1
0 17 47: 584, 11, 1
0 17 48: 925, 22, 2
0 17 48: 1827, 4, 2
0 17 49: 926, 22, 1
0 17 49: 2725, 10, 2
0 17 50: 926, 22, 1
0 17 51: 926, 22, 1
0 17 52: 925, 22, 1
0 17 52: 1827, 4, 2
0 17 53: 1158, 10, 1
0 17 54: 1247, 22, 3
0 17 54: 1415, 0, 3
0 17 55: 1247, 22, 1
0 17 56: 1189, 10, 3
0 17 57: 1246, 22, 0
0 17 58: 1247, 22, 3
0 17 59: 1247, 22, 1
0 18 0: 980, 0, 0
0 18 0: 1246, 22, 2
0 18 0: 3034, 10, 1
0 18 1: 980, 0, 0
0 18 1: 1247, 22, 1
0 18 2: 980, 0, 0
0 18 2: 1247, 22, 0
0 18 3: 980, 0, 0
0 18 4: 980, 0, 0
0 18 5: 980, 9, 0
0 18 8: 1258, 22, 1
0 18 11: 320, 22, 0
0 18 12: 980, 9, 3
0 18 13: 980, 0, 0
0 18 13: 1258, 22, 3
0 18 14: 980, 0, 0
0 18 14: 1189, 10, 0
0 18 14: 1259, 22, 2
0 18 15: 980, 1, 3
0 18 16: 1189, 10, 2
0 18 16: 1258, 22, 2
0 18 17: 980, 1, 1
0 18 17: 1258, 22, 3
0 18 18: 980, 9, 1
0 18 19: 320, 22, 0
0 18 20: 321, 22, 2
0 18 23: 1247, 22, 0
0 18 27: 1247, 22, 3
0 18 28: 1247, 22, 0
0 18 28: 1602, 3, 0
0 18 29: 1838, 5, 1
0 18 29: 1902, 0, 1
0 18 30: 1838, 4, 3
0 18 32: 1248, 22, 2
0 18 36: 1158, 10, 0
0 18 36: 1902, 0, 3
0 18 37: 873, 10, 0
0 18 37: 1838, 4, 0
0 18 39: 1902, 0, 3
0 18 40: 1602, 3, 2
0 18 43: 980, 0, 3
0 18 46: 1602, 3, 0
0 18 47: 1415, 0, 0
0 18 48: 1247, 22, 3
0 18 48: 1415, 0, 0
0 18 48: 1826, 5, 0
0 18 49: 1246, 22, 1
0 18 49: 1415, 0, 0
0 18 50: 1196, 10, 3
0 18 50: 1415, 0, 0
0 18 51: 1246, 22, 1
0 18 51: 1415, 0, 0
0 18 52: 1247, 22, 2
0 18 52: 1415, 0, 0
0 18 52: 1826, 5, 0
0 18 53: 1247, 22, 3
0 18 53: 1415, 0, 0
0 18 54: 1247, 22, 0
0 18 54: 1602, 3, 3
0 18 57: 1247, 22, 2
0 18 58: 1246, 22, 3
0 19 0: 1247, 22, 1
0 19 1: 1247, 22, 3
0 19 2: 320, 22, 2
0 19 4: 1189, 10, 0
0 19 4: 1258, 22, 3
0 19 5: 980, 1, 0
0 19 6: 980, 9, 0
0 19 8: 320, 22, 1
0 19 9: 321, 22, 0
0 19 10: 980, 9, 3
0 19 11: 980, 0, 0
0 19 11: 3037, 10, 1
0 19 12: 980, 1, 3
0 19 12: 1247, 22, 0
0 19 13: 1246, 22, 1
0 19 15: 1189, 10, 1
0 19 16: 981, 3, 1
0 19 16: 1258, 22, 0
0 19 17: 980, 9, 1
0 19 18: 1258, 22, 2
0 19 22: 1246, 22, 3
0 19 23: 1247, 22, 1
0 19 24: 1247, 22, 0
0 19 25: 1257, 22, 2
0 19 26: 1257, 22, 2
0 19 27: 1602, 3, 1
0 19 28: 1602, 3, 0
0 19 29: 1902, 0, 1
0 19 30: 887, 5, 0
0 19 30: 1248, 22, 3
0 19 30: 1902, 0, 0
0 19 31: 1853, 0, 0
0 19 32: 1602, 3, 3
0 19 33: 1602, 3, 0
0 19 34: 1853, 0, 0
0 19 35: 1853, 0, 0
0 19 36: 1902, 3, 3
0 19 38: 888, 4, 1
0 19 39: 1902, 2, 2
0 19 40: 1902, 0, 2
0 19 41: 1602, 3, 2
0 19 43: 980, 0, 3
0 19 48: 1187, 10, 2
0 19 51: 1247, 22, 1
0 19 53: 1246, 22, 2
0 19 55: 1196, 10, 1
0 19 56: 3033, 10, 1
0 20 1: 320, 22, 0
0 20 2: 321, 22, 3
0 20 3: 1258, 22, 2
0 20 3: 3036, 10, 1
0 20 4: 1247, 22, 0
0 20 6: 980, 1, 0
0 20 6: 1247, 22, 2
0 20 6: 3034, 10, 1
0 20 7: 980, 0, 0
0 20 7: 1247, 22, 0
0 20 8: 980, 0, 0
0 20 9: 980, 0, 0
0 20 10: 980, 1, 3
0 20 11: 1246, 22, 1
0 20 13: 1247, 22, 3
0 20 15: 1189, 10, 3
0 20 16: 980, 0, 1
0 20 16: 1258, 22, 3
0 20 17: 1258, 22, 1
0 20 18: 1189, 10, 0
0 20 22: 1247, 22, 2
0 20 23: 1258, 22, 1
0 20 24: 1246, 22, 3
0 20 24: 3037, 10, 2
0 20 25: 1257, 22, 0
0 20 26: 1247, 22, 3
0 20 27: 1838, 5, 1
0 20 27: 1902, 0, 1
0 20 28: 1838, 4, 3
0 20 28: 1902, 0, 0
0 20 29: 683, 10, 3
0 20 29: 1902, 0, 0
0 20 34: 928, 22, 3
0 20 35: 929, 22, 3
0 20 36: 928, 22, 0
0 20 39: 1248, 22, 0
0 20 40: 375, 10, 2
0 20 41: 1902, 0, 3
0 20 43: 980, 0, 3
0 20 52: 1247, 22, 0
0 20 58: 980, 3, 1
0 20 59: 980, 0, 2
0 20 60: 1008, 0, 2
0 21 2: 320, 22, 3
0 21 3: 1259, 22, 3
0 21 4: 1258, 22, 2
0 21 6: 1246, 22, 3
0 21 7: 1246, 22, 1
0 21 11: 1247, 22, 0
0 21 13: 1247, 22, 0
0 21 16: 980, 0, 1
0 21 17: 1247, 22, 1
0 21 23: 1257, 22, 1
0 21 24: 1258, 22, 2
0 21 27: 1902, 0, 1
0 21 28: 346, 10, 3
0 21 29: 917, 22, 3
0 21 30: 918, 22, 3
0 21 31: 917, 22, 0
0 21 34: 929, 22, 2
0 21 35: 930, 22, 0
0 21 36: 929, 22, 0
0 21 40: 1838, 4, 1
0 21 41: 1838, 5, 3
0 21 41: 1902, 0, 3
0 21 43: 980, 2, 2
0 21 44: 980, 0, 2
0 21 44: 1187, 10, 3
0 21 45: 980, 0, 2
0 21 46: 980, 0, 2
0 21 47: 980, 0, 2
0 21 48: 980, 0, 2
0 21 49: 980, 0, 2
0 21 50: 980, 0, 2
0 21 51: 980, 3, 2
0 21 52: 1247, 22, 1
0 21 53: 1196, 10, 0
0 21 54: 980, 3, 1
0 21 55: 980, 0, 2
0 21 56: 980, 0, 2
0 21 57: 980, 0, 2
0 21 58: 980, 9, 1
0 22 0: 1258, 22, 0
0 22 1: 321, 22, 2
0 22 2: 320, 22, 3
0 22 3: 1189, 10, 3
0 22 3: 1247, 22, 1
0 22 4: 1258, 22, 1
0 22 4: 3036, 10, 3
0 22 9: 320, 22, 0
0 22 12: 1247, 22, 3
0 22 12: 3033, 10, 0
0 22 13: 1247, 22, 2
0 22 15: 981, 3, 1
0 22 16: 980, 9, 1
0 22 17: 1247, 22, 2
0 22 21: 3037, 10, 0
0 22 24: 1247, 22, 2
0 22 27: 1902, 0, 1
0 22 28: 346, 10, 3
0 22 29: 917, 22, 2
0 22 29: 1096, 11, 2
0 22 30: 918, 22, 1
0 22 30: 1096, 10, 3
0 22 31: 917, 22, 1
0 22 34: 929, 22, 2
0 22 35: 930, 22, 0
0 22 36: 929, 22, 0
0 22 39: 1248, 22, 1
0 22 40: 1158, 10, 3
0 22 40: 1838, 4, 1
0 22 41: 1838, 5, 3
0 22 41: 1902, 0, 3
0 22 43: 980, 0, 3
0 22 48: 3033, 10, 2
0 22 50: 1187, 10, 1
0 22 51: 980, 9, 2
0 22 52: 980, 0, 2
0 22 53: 980, 0, 2
0 22 54: 980, 9, 1
0 22 56: 1246, 22, 2
0 22 56: 3037, 10, 0
0 22 57: 1247, 22, 2
0 23 0: 1259, 22, 0
0 23 1: 320, 22, 1
0 23 2: 321, 22, 0
0 23 8: 320, 22, 1
0 23 9: 321, 22, 3
0 23 11: 1247, 22, 2
0 23 12: 1246, 22, 0
0 23 15: 980, 0, 1
0 23 16: 3033, 10, 3
0 23 17: 1247, 22, 3
0 23 22: 1247, 22, 1
0 23 24: 1246, 22, 0
0 23 25: 3033, 10, 0
0 23 27: 1838, 5, 1
0 23 27: 1902, 0, 1
0 23 28: 374, 10, 1
0 23 28: 1838, 4, 3
0 23 28: 1902, 0, 2
0 23 29: 1838, 5, 2
0 23 29: 1902, 0, 2
0 23 30: 1902, 0, 2
0 23 30: 2724, 10, 2
0 23 31: 1838, 5, 2
0 23 31: 1902, 0, 2
0 23 32: 350, 10, 2
0 23 32: 1902, 0, 2
0 23 33: 1248, 22, 1
0 23 34: 929, 22, 2
0 23 35: 930, 22, 0
0 23 36: 929, 22, 0
0 23 39: 380, 10, 2
0 23 39: 1902, 0, 2
0 23 40: 1902, 0, 2
0 23 41: 1902, 0, 3
0 23 43: 980, 0, 3
0 23 56: 1247, 22, 0
0 24 0: 1258, 22, 3
0 24 10: 1247, 22, 2
0 24 12: 1247, 22, 2
0 24 14: 981, 3, 1
0 24 15: 980, 9, 1
0 24 16: 1247, 22, 0
0 24 23: 1247, 22, 0
0 24 27: 1602, 3, 0
0 24 29: 1838, 4, 0
0 24 30: 1106, 10, 3
0 24 31: 1838, 4, 0
0 24 32: 1196, 10, 3
0 24 32: 1902, 0, 1
0 24 33: 196, 4, 3
0 24 34: 928, 22, 2
0 24 35: 929, 22, 1
0 24 36: 928, 22, 1
0 24 37: 1248, 22, 0
0 24 38: 196, 4, 1
0 24 39: 1902, 0, 3
0 24 41: 1602, 3, 3
0 24 43: 980, 0, 3
0 24 45: 1187, 10, 1
0 24 47: 3033, 10, 1
0 25 0: 1258, 22, 3
0 25 8: 320, 22, 0
0 25 14: 980, 0, 1
0 25 16: 1247, 22, 3
0 25 17: 1246, 22, 0
0 25 19: 1258, 22, 0
0 25 23: 1247, 22, 3
0 25 26: 1257, 22, 1
0 25 28: 1602, 3, 3
0 25 29: 1602, 3, 3
0 25 30: 1258, 22, 2
0 25 30: 1602, 3, 3
0 25 31: 1602, 3, 3
0 25 32: 1258, 22, 1
0 25 32: 1602, 1, 0
0 25 33: 1854, 9, 0
0 25 34: 1158, 10, 1
0 25 36: 1248, 22, 3
0 25 37: 1158, 10, 1
0 25 38: 1854, 9, 3
0 25 39: 1258, 22, 3
0 25 39: 1602, 1, 3
0 25 40: 1197, 10, 1
0 25 43: 980, 0, 3
0 25 50: 1247, 22, 2
0 25 50: 3033, 10, 2
0 25 51: 1246, 22, 3
0 25 52: 1189, 10, 0
0 26 8: 320, 22, 3
0 26 14: 980, 0, 1
0 26 17: 1247, 22, 0
0 26 18: 1162, 10, 2
0 26 18: 1258, 22, 2
0 26 19: 1259, 22, 2
0 26 21: 1258, 22, 0
0 26 22: 1247, 22, 2
0 26 26: 1258, 22, 0
0 26 27: 1257, 22, 0
0 26 29: 1247, 22, 3
0 26 30: 3037, 10, 2
0 26 33: 1258, 22, 2
0 26 33: 1602, 1, 0
0 26 34: 1259, 22, 0
0 26 34: 1854, 0, 0
0 26 35: 320, 22, 0
0 26 35: 3014, 0, 0
0 26 36: 1259, 22, 3
0 26 36: 1854, 0, 0
0 26 37: 1195, 10, 0
0 26 37: 1258, 22, 0
0 26 37: 1854, 0, 0
0 26 38: 1258, 22, 2
0 26 38: 1602, 1, 3
0 26 39: 1195, 10, 1
0 26 42: 980, 9, 3
0 26 43: 981, 3, 3
0 26 51: 1247, 22, 0
0 26 54: 1189, 10, 2
0 26 56: 3033, 10, 2
0 26 57: 1246, 22, 1
0 26 62: 471, 10, 0
0 27 2: 320, 22, 0
0 27 8: 321, 22, 3
0 27 10: 1247, 22, 3
0 27 11: 1246, 22, 2
0 27 11: 3033, 10, 1
0 27 12: 1247, 22, 3
0 27 14: 980, 0, 1
0 27 15: 1247, 22, 2
0 27 15: 3033, 10, 2
0 27 16: 1247, 22, 2
0 27 17: 1162, 10, 3
0 27 17: 1258, 22, 1
0 27 21: 1258, 22, 2
0 27 23: 3033, 10, 0
0 27 25: 1247, 22, 1
0 27 25: 3033, 10, 3
0 27 27: 1258, 22, 1
0 27 28: 1247, 22, 2
0 27 30: 1247, 22, 2
0 27 32: 1258, 22, 1
0 27 33: 1195, 10, 0
0 27 33: 1258, 22, 0
0 27 34: 981, 3, 1
0 27 34: 1258, 22, 3
0 27 35: 320, 22, 0
0 27 36: 981, 3, 2
0 27 36: 1258, 22, 1
0 27 37: 1258, 22, 3
0 27 37: 3037, 10, 2
0 27 39: 1247, 22, 0
0 27 42: 980, 0, 3
0 27 47: 1187, 10, 0
0 27 56: 1246, 22, 0
0 28 1: 320, 22, 2
0 28 2: 321, 22, 3
0 28 8: 320, 22, 3
0 28 9: 321, 22, 0
0 28 10: 1258, 22, 2
0 28 11: 1247, 22, 1
0 28 12: 1247, 22, 0
0 28 13: 1247, 22, 2
0 28 14: 980, 0, 1
0 28 15: 1247, 22, 1
0 28 23: 1247, 22, 1
0 28 25: 1247, 22, 0
0 28 26: 1246, 22, 3
0 28 29: 1247, 22, 1
0 28 30: 1246, 22, 2
0 28 31: 1258, 22, 0
0 28 32: 1259, 22, 0
0 28 33: 1258, 22, 3
0 28 34: 980, 0, 1
0 28 34: 1258, 22, 1
0 28 35: 320, 22, 3
0 28 36: 980, 0, 3
0 28 36: 1196, 10, 0
0 28 36: 1258, 22, 0
0 28 38: 1246, 22, 3
0 28 40: 1247, 22, 3
0 28 41: 980, 9, 3
0 28 42: 981, 3, 3
0 28 44: 1187, 10, 0
0 28 52: 1189, 10, 1
0 28 57: 3033, 10, 2
0 29 2: 320, 22, 1
0 29 8: 320, 22, 1
0 29 9: 321, 22, 1
0 29 10: 1258, 22, 3
0 29 11: 1247, 22, 2
0 29 11: 3037, 10, 0
0 29 12: 1247, 22, 2
0 29 13: 1246, 22, 0
0 29 14: 980, 0, 1
0 29 16: 1162, 10, 0
0 29 19: 2759, 22, 2
0 29 22: 1258, 22, 0
0 29 24: 320, 22, 0
0 29 26: 1258, 22, 3
0 29 27: 1258, 22, 2
0 29 32: 1258, 22, 2
0 29 34: 980, 0, 1
0 29 34: 1196, 10, 3
0 29 34: 1258, 22, 1
0 29 35: 1863, 22, 3
0 29 36: 980, 0, 3
0 29 36: 1258, 22, 0
0 29 38: 1247, 22, 1
0 29 39: 1247, 22, 2
0 29 40: 980, 9, 3
0 29 41: 980, 1, 3
0 30 1: 320, 22, 0
0 30 3: 1247, 22, 3
0 30 4: 1258, 22, 3
0 30 9: 320, 22, 0
0 30 11: 1247, 22, 2
0 30 14: 981, 3, 0
0 30 15: 980, 9, 0
0 30 16: 1247, 22, 0
0 30 16: 3033, 10, 3
0 30 17: 1247, 22, 0
0 30 22: 1258, 22, 3
0 30 23: 320, 22, 3
0 30 24: 321, 22, 2
0 30 25: 320, 22, 1
0 30 28: 1258, 22, 2
0 30 29: 1259, 22, 0
0 30 30: 1258, 22, 1
0 30 32: 1195, 10, 2
0 30 32: 1258, 22, 3
0 30 34: 981, 3, 0
0 30 36: 981, 3, 3
0 30 37: 980, 9, 3
0 30 38: 980, 0, 0
0 30 39: 980, 0, 0
0 30 40: 981, 3, 3
0 30 56: 1246, 22, 2
0 31 1: 321, 22, 1
0 31 2: 320, 22, 3
0 31 3: 1258, 22, 1
0 31 3: 3036, 10, 2
0 31 4: 1247, 22, 2
0 31 5: 1258, 22, 3
0 31 11: 1246, 22, 1
0 31 12: 1247, 22, 2
0 31 13: 1247, 22, 3
0 31 15: 980, 0, 1
0 31 16: 1247, 22, 3
0 31 17: 1246, 22, 1
0 31 22: 1259, 22, 0
0 31 24: 320, 22, 2
0 31 26: 320, 22, 2
0 31 27: 320, 22, 1
0 31 28: 321, 22, 0
0 31 29: 320, 22, 0
0 31 30: 320, 22, 3
0 31 32: 320, 22, 3
0 31 33: 320, 22, 1
0 31 34: 320, 22, 2
0 31 36: 980, 9, 3
0 31 37: 980, 1, 3
0 31 60: 473, 10, 2
0 32 1: 320, 22, 2
0 32 2: 320, 22, 1
0 32 15: 981, 3, 0
0 32 16: 980, 9, 0
0 32 19: 1258, 22, 0
0 32 21: 1258, 22, 1
0 32 25: 320, 22, 3
0 32 26: 321, 22, 1
0 32 28: 1259, 22, 3
0 32 29: 1258, 22, 2
0 32 30: 1258, 22, 0
0 32 32: 980, 9, 3
0 32 33: 980, 0, 0
0 32 34: 980, 0, 0
0 32 35: 980, 0, 0
0 32 36: 981, 3, 3
0 32 55: 1246, 22, 1
0 33 1: 320, 22, 0
0 33 2: 321, 22, 0
0 33 3: 320, 22, 2
0 33 4: 320, 22, 1
0 33 5: 321, 22, 2
0 33 14: 1259, 22, 1
0 33 16: 980, 1, 0
0 33 17: 980, 9, 0
0 33 21: 3033, 10, 3
0 33 26: 3033, 10, 0
0 33 28: 1258, 22, 1
0 33 29: 980, 9, 3
0 33 30: 980, 0, 0
0 33 31: 980, 0, 0
0 33 32: 981, 3, 3
0 33 57: 1246, 22, 0
0 33 60: 472, 10, 2
0 33 62: 473, 10, 3
0 34 2: 320, 22, 3
0 34 4: 321, 22, 3
0 34 9: 3036, 10, 0
0 34 14: 1259, 22, 3
0 34 15: 1259, 22, 0
0 34 17: 981, 3, 0
0 34 18: 980, 0, 0
0 34 19: 980, 9, 0
0 34 21: 1247, 22, 3
0 34 22: 1247, 22, 2
0 34 24: 1247, 22, 3
0 34 24: 3033, 10, 1
0 34 25: 1247, 22, 0
0 34 26: 1246, 22, 2
0 34 29: 980, 0, 3
0 34 32: 3033, 10, 1
0 34 49: 321, 22, 1
0 34 50: 320, 22, 3
0 34 51: 320, 22, 3
0 34 52: 321, 22, 2
0 34 53: 320, 22, 2
0 35 6: 3036, 10, 2
0 35 17: 1258, 22, 0
0 35 18: 1258, 22, 1
0 35 19: 981, 3, 0
0 35 20: 980, 0, 0
0 35 21: 980, 9, 0
0 35 24: 1247, 22, 1
0 35 28: 980, 9, 3
0 35 29: 980, 0, 0
0 35 30: 980, 9, 0
0 35 48: 320, 22, 2
0 35 49: 320, 22, 0
0 35 50: 320, 22, 0
0 35 56: 1246, 22, 0
0 35 60: 473, 10, 0
0 36 4: 1247, 22, 3
0 36 4: 3033, 10, 3
0 36 11: 3036, 10, 2
0 36 17: 1258, 22, 3
0 36 18: 1259, 22, 3
0 36 19: 1258, 22, 2
0 36 21: 981, 3, 0
0 36 22: 980, 0, 0
0 36 22: 1189, 10, 1
0 36 23: 980, 0, 0
0 36 24: 980, 0, 0
0 36 25: 980, 0, 0
0 36 26: 980, 0, 0
0 36 27: 980, 0, 0
0 36 28: 981, 3, 3
0 36 30: 980, 1, 0
0 36 31: 980, 9, 0
0 36 34: 3033, 10, 2
0 36 47: 321, 22, 2
0 36 48: 320, 22, 1
0 36 49: 321, 22, 3
0 36 50: 320, 22, 1
0 37 0: 1246, 22, 2
0 37 0: 3037, 10, 2
0 37 1: 1246, 22, 2
0 37 2: 1246, 22, 3
0 37 4: 1246, 22, 0
0 37 5: 1246, 22, 2
0 37 7: 3037, 10, 0
0 37 8: 1246, 22, 1
0 37 9: 1246, 22, 2
0 37 15: 1258, 22, 3
0 37 16: 1189, 10, 2
0 37 16: 1258, 22, 0
0 37 17: 1258, 22, 2
0 37 18: 1258, 22, 0
0 37 19: 1259, 22, 2
0 37 21: 1258, 22, 2
0 37 24: 1189, 10, 2
0 37 25: 1258, 22, 3
0 37 30: 320, 22, 1
0 37 31: 980, 1, 0
0 37 32: 980, 9, 0
0 37 47: 320, 22, 3
0 37 49: 320, 22, 1
0 37 56: 3033, 10, 2
0 38 2: 1246, 22, 0
0 38 4: 1246, 22, 2
0 38 6: 1247, 22, 2
0 38 7: 1246, 22, 0
0 38 9: 1247, 22, 2
0 38 13: 320, 22, 3
0 38 14: 321, 22, 2
0 38 16: 1258, 22, 1
0 38 17: 1258, 22, 1
0 38 18: 1189, 10, 3
0 38 18: 1258, 22, 1
0 38 21: 1259, 22, 3
0 38 22: 1258, 22, 0
0 38 22: 3036, 10, 2
0 38 23: 1258, 22, 3
0 38 24: 1258, 22, 1
0 38 25: 1259, 22, 3
0 38 27: 321, 22, 1
0 38 28: 320, 22, 3
0 38 29: 320, 22, 1
0 38 30: 320, 22, 2
0 38 31: 321, 22, 2
0 38 32: 980, 1, 0
0 38 33: 980, 9, 0
0 38 46: 321, 22, 3
0 38 47: 320, 22, 0
0 38 53: 321, 22, 2
0 38 53: 994, 0, 0
0 38 54: 320, 22, 1
0 38 54: 994, 0, 0
0 38 55: 320, 22, 2
0 38 55: 994, 2, 0
0 38 56: 1246, 22, 2
0 39 0: 1246, 22, 1
0 39 2: 1247, 22, 0
0 39 3: 1246, 22, 0
0 39 4: 1246, 22, 1
0 39 5: 1246, 22, 3
0 39 7: 1246, 22, 3
0 39 8: 1246, 22, 0
0 39 9: 1246, 22, 0
0 39 14: 320, 22, 1
0 39 16: 1259, 22, 2
0 39 18: 3036, 10, 1
0 39 20: 1189, 10, 1
0 39 20: 1258, 22, 1
0 39 21: 1258, 22, 1
0 39 22: 1258, 22, 2
0 39 23: 1258, 22, 0
0 39 24: 1259, 22, 0
0 39 26: 320, 22, 1
0 39 27: 320, 22, 2
0 39 29: 321, 22, 3
0 39 30: 320, 22, 0
0 39 33: 980, 0, 1
0 39 44: 320, 22, 3
0 39 45: 321, 22, 1
0 39 46: 320, 22, 2
0 39 50: 320, 22, 3
0 39 52: 320, 22, 2
0 39 53: 320, 22, 2
0 39 54: 3031, 10, 1
0 39 55: 994, 0, 1
0 40 3: 1246, 22, 1
0 40 3: 3037, 10, 3
0 40 4: 1247, 22, 1
0 40 5: 1246, 22, 2
0 40 9: 1247, 22, 1
0 40 15: 321, 22, 2
0 40 17: 1259, 22, 3
0 40 18: 1258, 22, 1
0 40 19: 1258, 22, 0
0 40 20: 1258, 22, 3
0 40 21: 1258, 22, 0
0 40 23: 3036, 10, 2
0 40 25: 321, 22, 0
0 40 26: 320, 22, 2
0 40 28: 320, 22, 3
0 40 29: 321, 22, 3
0 40 33: 980, 0, 1
0 40 34: 3033, 10, 2
0 40 43: 320, 22, 2
0 40 44: 320, 22, 3
0 40 45: 320, 22, 1
0 40 49: 320, 22, 3
0 40 53: 320, 22, 0
0 40 53: 994, 0, 2
0 40 54: 320, 22, 3
0 40 54: 994, 0, 2
0 40 55: 321, 22, 1
0 40 55: 994, 2, 1
0 41 1: 3033, 10, 2
0 41 2: 1246, 22, 2
0 41 3: 1246, 22, 0
0 41 5: 1246, 22, 0
0 41 6: 1246, 22, 1
0 41 6: 3033, 10, 1
0 41 7: 1246, 22, 0
0 41 10: 1246, 22, 3
0 41 13: 1187, 10, 0
0 41 15: 320, 22, 2
0 41 16: 320, 22, 1
0 41 18: 1258, 22, 1
0 41 19: 1258, 22, 2
0 41 20: 1189, 10, 0
0 41 20: 1259, 22, 1
0 41 21: 1189, 10, 3
0 41 21: 1259, 22, 0
0 41 22: 1258, 22, 3
0 41 24: 320, 22, 0
0 41 25: 320, 22, 3
0 41 26: 321, 22, 2
0 41 27: 320, 22, 2
0 41 28: 320, 22, 3
0 41 29: 321, 22, 0
0 41 32: 980, 3, 1
0 41 33: 980, 2, 1
0 41 36: 3033, 10, 2
0 41 37: 1246, 22, 3
0 41 38: 321, 22, 0
0 41 39: 321, 22, 1
0 41 40: 320, 22, 3
0 41 41: 320, 22, 2
0 41 42: 321, 22, 0
0 41 43: 320, 22, 0
0 41 44: 3034, 10, 2
0 41 45: 1247, 22, 2
0 41 49: 321, 22, 0
0 41 50: 981, 3, 1
0 41 51: 980, 0, 2
0 41 52: 980, 0, 2
0 41 53: 980, 0, 2
0 41 54: 980, 0, 2
0 41 55: 980, 0, 2
0 41 56: 981, 3, 2
0 42 1: 1246, 22, 2
0 42 2: 1246, 22, 0
0 42 4: 1247, 22, 0
0 42 5: 1246, 22, 2
0 42 6: 1246, 22, 3
0 42 7: 1246, 22, 0
0 42 12: 1246, 22, 0
0 42 13: 3033, 10, 2
0 42 16: 320, 22, 3
0 42 19: 1259, 22, 1
0 42 20: 1258, 22, 2
0 42 21: 1258, 22, 2
0 42 21: 3036, 10, 0
0 42 23: 321, 22, 3
0 42 24: 320, 22, 0
0 42 29: 320, 22, 0
0 42 32: 980, 0, 1
0 42 33: 1902, 0, 2
0 42 34: 1902, 0, 2
0 42 35: 1902, 0, 2
0 42 36: 1902, 0, 2
0 42 37: 1902, 3, 2
0 42 42: 1247, 22, 0
0 42 42: 3033, 10, 3
0 42 43: 1247, 22, 1
0 42 44: 1247, 22, 0
0 42 45: 1246, 22, 0
0 42 48: 320, 22, 2
0 42 49: 320, 22, 0
0 42 49: 981, 3, 1
0 42 50: 980, 9, 1
0 42 50: 1602, 3, 1
0 42 51: 320, 22, 3
0 42 51: 1902, 0, 2
0 42 52: 321, 22, 3
0 42 52: 1826, 5, 2
0 42 52: 1902, 0, 2
0 42 53: 320, 22, 0
0 42 53: 1902, 0, 2
0 42 54: 320, 22, 1
0 42 54: 1826, 5, 2
0 42 54: 1902, 0, 2
0 42 55: 319, 22, 1
0 42 55: 1902, 0, 2
0 42 56: 320, 22, 3
0 42 56: 980, 9, 2
0 42 56: 1602, 3, 2
0 42 57: 981, 3, 2
0 43 3: 1246, 22, 3
0 43 3: 3033, 10, 1
0 43 4: 1246, 22, 1
0 43 5: 1246, 22, 0
0 43 6: 1246, 22, 3
0 43 7: 1246, 22, 2
0 43 14: 1246, 22, 1
0 43 15: 1246, 22, 1
0 43 15: 3033, 10, 3
0 43 16: 1246, 22, 3
0 43 18: 321, 22, 0
0 43 19: 320, 22, 2
0 43 20: 321, 22, 1
0 43 21: 320, 22, 3
0 43 22: 320, 22, 1
0 43 25: 321, 22, 2
0 43 26: 320, 22, 2
0 43 28: 320, 22, 1
0 43 30: 1247, 22, 1
0 43 30: 3034, 10, 2
0 43 32: 1902, 0, 1
0 43 33: 608, 10, 3
0 43 35: 1738, 10, 0
0 43 37: 1902, 0, 3
0 43 37: 3037, 10, 3
0 43 39: 1247, 22, 2
0 43 42: 1247, 22, 2
0 43 43: 1247, 22, 2
0 43 47: 320, 22, 1
0 43 49: 980, 0, 1
0 43 50: 320, 22, 1
0 43 50: 1902, 0, 1
0 43 51: 595, 10, 0
0 43 52: 1088, 11, 3
0 43 52: 1829, 4, 0
0 43 53: 196, 4, 0
0 43 54: 1829, 4, 0
0 43 55: 196, 4, 0
0 43 56: 320, 22, 2
0 43 56: 1902, 0, 3
0 43 57: 980, 0, 3
0 44 1: 1258, 22, 3
0 44 2: 1258, 22, 0
0 44 3: 1246, 22, 2
0 44 4: 1247, 22, 1
0 44 5: 1246, 22, 3
0 44 6: 1247, 22, 2
0 44 12: 1247, 22, 1
0 44 13: 1187, 10, 3
0 44 15: 1247, 22, 0
0 44 16: 1246, 22, 3
0 44 17: 1258, 22, 0
0 44 20: 320, 22, 2
0 44 21: 320, 22, 2
0 44 22: 321, 22, 3
0 44 23: 320, 22, 3
0 44 24: 320, 22, 0
0 44 25: 320, 22, 1
0 44 26: 321, 22, 1
0 44 27: 320, 22, 3
0 44 32: 1821, 5, 1
0 44 32: 1902, 0, 1
0 44 33: 1821, 4, 3
0 44 36: 1821, 4, 1
0 44 37: 1821, 5, 3
0 44 37: 1902, 0, 3
0 44 39: 1246, 22, 1
0 44 40: 1247, 22, 0
0 44 40: 3033, 10, 1
0 44 41: 1246, 22, 3
0 44 43: 320, 22, 3
0 44 44: 321, 22, 3
0 44 45: 320, 22, 0
0 44 46: 981, 3, 1
0 44 47: 980, 0, 2
0 44 48: 980, 0, 2
0 44 49: 980, 2, 1
0 44 50: 320, 22, 2
0 44 50: 1826, 5, 1
0 44 50: 1902, 0, 1
0 44 51: 1829, 4, 3
0 44 54: 1747, 10, 0
0 44 55: 1829, 4, 1
0 44 56: 1826, 5, 3
0 44 56: 1902, 0, 3
0 44 57: 980, 0, 3
0 44 57: 1258, 22, 1
0 45 3: 1246, 22, 3
0 45 4: 1258, 22, 2
0 45 6: 1258, 22, 1
0 45 11: 1247, 22, 2
0 45 12: 1247, 22, 2
0 45 13: 1247, 22, 0
0 45 13: 3033, 10, 1
0 45 15: 1196, 10, 1
0 45 15: 1258, 22, 3
0 45 16: 1258, 22, 2
0 45 17: 1258, 22, 2
0 45 18: 1258, 22, 1
0 45 19: 1258, 22, 1
0 45 28: 1247, 22, 2
0 45 28: 3034, 10, 0
0 45 32: 1902, 0, 1
0 45 33: 1090, 10, 2
0 45 36: 381, 10, 1
0 45 37: 1821, 4, 3
0 45 37: 1902, 0, 3
0 45 39: 1247, 22, 1
0 45 41: 1247, 22, 3
0 45 44: 1189, 10, 3
0 45 45: 981, 3, 1
0 45 46: 980, 9, 1
0 45 46: 1602, 3, 1
0 45 47: 1902, 0, 2
0 45 48: 321, 22, 2
0 45 48: 1823, 5, 2
0 45 48: 1902, 0, 2
0 45 49: 320, 22, 3
0 45 49: 1602, 3, 2
0 45 50: 320, 22, 1
0 45 50: 1902, 0, 1
0 45 52: 916, 22, 1
0 45 53: 196, 4, 2
0 45 55: 196, 4, 2
0 45 56: 320, 22, 1
0 45 56: 1902, 0, 3
0 45 57: 980, 0, 3
0 45 57: 1258, 22, 0
0 45 58: 3033, 10, 0
0 46 1: 1258, 22, 3
0 46 2: 1247, 22, 0
0 46 3: 1246, 22, 2
0 46 4: 1246, 22, 1
0 46 8: 1246, 22, 3
0 46 10: 1247, 22, 1
0 46 10: 3033, 10, 2
0 46 12: 1196, 10, 0
0 46 13: 1247, 22, 2
0 46 14: 1247, 22, 3
0 46 16: 320, 22, 1
0 46 18: 319, 22, 0
0 46 20: 319, 22, 0
0 46 22: 320, 22, 2
0 46 23: 319, 22, 3
0 46 24: 320, 22, 0
0 46 25: 320, 22, 3
0 46 28: 1247, 22, 3
0 46 32: 1902, 0, 1
0 46 33: 888, 4, 3
0 46 33: 1090, 10, 2
0 46 36: 1821, 4, 1
0 46 37: 1821, 5, 3
0 46 37: 1902, 0, 3
0 46 37: 3033, 10, 1
0 46 38: 1247, 22, 2
0 46 39: 3033, 10, 2
0 46 40: 1247, 22, 0
0 46 42: 320, 22, 1
0 46 45: 980, 0, 1
0 46 46: 320, 22, 0
0 46 46: 1870, 10, 0
0 46 46: 1902, 0, 1
0 46 47: 196, 4, 0
0 46 48: 1824, 4, 0
0 46 49: 319, 22, 2
0 46 49: 1902, 2, 2
0 46 50: 321, 22, 1
0 46 50: 1902, 2, 1
0 46 51: 196, 5, 0
0 46 51: 1902, 0, 0
0 46 52: 1530, 0, 0
0 46 53: 196, 5, 0
0 46 53: 1902, 0, 0
0 46 54: 321, 22, 2
0 46 54: 1902, 2, 3
0 46 55: 320, 22, 2
0 46 55: 1902, 0, 0
0 46 56: 980, 9, 3
0 46 56: 1602, 3, 3
0 46 57: 981, 3, 3
0 46 57: 1258, 22, 1
0 46 59: 1258, 22, 3
0 47 0: 3037, 10, 3
0 47 1: 1258, 22, 0
0 47 2: 1259, 22, 0
0 47 3: 1258, 22, 1
0 47 4: 1246, 22, 0
0 47 7: 1258, 22, 1
0 47 8: 1258, 22, 3
0 47 10: 1247, 22, 0
0 47 11: 1247, 22, 0
0 47 12: 1247, 22, 2
0 47 12: 3037, 10, 3
0 47 13: 1247, 22, 0
0 47 14: 1247, 22, 1
0 47 17: 1247, 22, 2
0 47 17: 3033, 10, 3
0 47 18: 1247, 22, 0
0 47 21: 1258, 22, 0
0 47 22: 1258, 22, 1
0 47 26: 321, 22, 2
0 47 30: 1902, 3, 1
0 47 31: 1902, 0, 2
0 47 32: 1902, 2, 1
0 47 33: 1528, 0, 2
0 47 34: 894, 5, 2
0 47 34: 1902, 0, 2
0 47 35: 893, 5, 2
0 47 35: 1902, 0, 2
0 47 36: 1528, 0, 2
0 47 37: 1902, 2, 2
0 47 38: 1902, 0, 2
0 47 39: 1247, 22, 1
0 47 39: 1902, 3, 2
0 47 40: 1247, 22, 3
0 47 41: 321, 22, 2
0 47 42: 320, 22, 0
0 47 43: 3034, 10, 3
0 47 44: 1247, 22, 1
0 47 45: 980, 0, 1
0 47 45: 1106, 10, 0
0 47 46: 320, 22, 1
0 47 46: 1826, 5, 1
0 47 46: 1902, 0, 1
0 47 47: 1829, 4, 3
0 47 49: 590, 10, 3
0 47 50: 961, 4, 0
0 47 53: 1000, 0, 2
0 47 53: 1838, 4, 1
0 47 54: 320, 22, 3
0 47 54: 1838, 5, 3
0 47 54: 1902, 0, 3
0 47 55: 980, 2, 3
0 47 55: 1259, 22, 1
0 47 56: 981, 3, 3
0 47 56: 1258, 22, 2
0 47 56: 3033, 10, 0
0 47 57: 1258, 22, 2
0 47 59: 1258, 22, 2
0 48 1: 1258, 22, 0
0 48 2: 1258, 22, 2
0 48 6: 1246, 22, 3
0 48 7: 1258, 22, 2
0 48 8: 1247, 22, 3
0 48 8: 1394, 10, 1
0 48 9: 1247, 22, 0
0 48 12: 1247, 22, 3
0 48 18: 1247, 22, 2
0 48 19: 1247, 22, 1
0 48 19: 3037, 10, 1
0 48 20: 1247, 22, 0
0 48 21: 1247, 22, 0
0 48 22: 1196, 10, 3
0 48 22: 1258, 22, 2
0 48 23: 1258, 22, 0
0 48 24: 1247, 22, 1
0 48 24: 3033, 10, 1
0 48 27: 320, 22, 2
0 48 30: 1902, 0, 1
0 48 31: 202, 10, 1
0 48 38: 202, 10, 1
0 48 39: 1902, 0, 3
0 48 40: 320, 22, 1
0 48 41: 320, 22, 2
0 48 43: 1247, 22, 0
0 48 44: 1246, 22, 3
0 48 45: 980, 0, 1
0 48 46: 1870, 10, 0
0 48 46: 1902, 0, 1
0 48 47: 196, 4, 3
0 48 49: 1102, 10, 3
0 48 52: 3045, 10, 0
0 48 54: 320, 22, 0
0 48 54: 1902, 0, 3
0 48 55: 980, 2, 2
0 48 55: 1259, 22, 3
0 48 56: 980, 0, 2
0 48 56: 1258, 22, 3
0 48 57: 980, 0, 2
0 48 57: 1259, 22, 0
0 48 58: 981, 3, 2
0 48 58: 1258, 22, 0
0 48 60: 1258, 22, 1
0 49 2: 1258, 22, 2
0 49 6: 1258, 22, 1
0 49 7: 1258, 22, 2
0 49 8: 1247, 22, 3
0 49 9: 1247, 22, 2
0 49 10: 3033, 10, 3
0 49 11: 1247, 22, 3
0 49 12: 1247, 22, 3
0 49 13: 1247, 22, 2
0 49 14: 1247, 22, 1
0 49 17: 1247, 22, 2
0 49 17: 3033, 10, 0
0 49 18: 1246, 22, 1
0 49 21: 1247, 22, 1
0 49 22: 1187, 10, 1
0 49 24: 1247, 22, 2
0 49 25: 1246, 22, 0
0 49 26: 1258, 22, 2
0 49 30: 1846, 5, 1
0 49 30: 1902, 0, 1
0 49 31: 1846, 4, 3
0 49 34: 409, 10, 3
0 49 38: 1846, 4, 1
0 49 39: 1846, 5, 3
0 49 39: 1902, 0, 3
0 49 42: 1247, 22, 3
0 49 43: 1189, 10, 0
0 49 45: 981, 3, 0
0 49 47: 1511, 0, 0
0 49 48: 917, 22, 3
0 49 49: 918, 22, 3
0 49 50: 918, 22, 3
0 49 51: 917, 22, 0
0 49 52: 2215, 10, 0
0 49 53: 1838, 4, 1
0 49 54: 321, 22, 3
0 49 54: 1838, 5, 3
0 49 54: 1902, 0, 3
0 49 55: 320, 22, 1
0 49 56: 319, 22, 0
0 49 56: 1838, 4, 2
0 49 57: 320, 22, 0
0 49 58: 320, 22, 3
0 49 58: 980, 9, 2
0 49 59: 980, 0, 2
0 49 59: 1258, 22, 3
0 49 60: 1008, 0, 2
0 50 2: 1246, 22, 1
0 50 3: 1258, 22, 3
0 50 4: 1259, 22, 0
0 50 5: 1258, 22, 1
0 50 6: 1258, 22, 0
0 50 10: 1247, 22, 2
0 50 11: 1247, 22, 1
0 50 13: 1187, 10, 2
0 50 13: 1258, 22, 0
0 50 14: 1258, 22, 1
0 50 15: 320, 22, 3
0 50 16: 1258, 22, 3
0 50 17: 1247, 22, 0
0 50 19: 1247, 22, 3
0 50 21: 1246, 22, 2
0 50 22: 1247, 22, 0
0 50 23: 1247, 22, 2
0 50 26: 1247, 22, 3
0 50 26: 1394, 10, 1
0 50 27: 1247, 22, 0
0 50 30: 3026, 0, 1
0 50 32: 925, 22, 3
0 50 33: 926, 22, 3
0 50 34: 926, 22, 3
0 50 35: 926, 22, 3
0 50 36: 926, 22, 3
0 50 37: 925, 22, 0
0 50 39: 1902, 0, 3
0 50 41: 1247, 22, 2
0 50 42: 1247, 22, 1
0 50 45: 320, 22, 1
0 50 45: 981, 3, 1
0 50 47: 1507, 0, 2
0 50 48: 917, 22, 2
0 50 49: 918, 22, 1
0 50 50: 918, 22, 1
0 50 51: 917, 22, 1
0 50 52: 3045, 10, 0
0 50 54: 1902, 2, 3
0 50 55: 961, 5, 0
0 50 55: 1902, 0, 0
0 50 56: 1838, 5, 0
0 50 56: 1902, 0, 0
0 50 57: 196, 5, 1
0 50 57: 1902, 2, 0
0 50 58: 320, 22, 2
0 50 59: 980, 0, 3
0 51 3: 1258, 22, 2
0 51 4: 1258, 22, 0
0 51 5: 1258, 22, 0
0 51 8: 1247, 22, 2
0 51 14: 1258, 22, 3
0 51 15: 320, 22, 0
0 51 17: 1258, 22, 2
0 51 18: 1246, 22, 3
0 51 19: 1247, 22, 3
0 51 20: 1195, 10, 1
0 51 21: 1196, 10, 1
0 51 22: 1247, 22, 3
0 51 23: 1246, 22, 3
0 51 24: 3033, 10, 1
0 51 25: 1258, 22, 1
0 51 26: 1247, 22, 2
0 51 27: 1246, 22, 2
0 51 30: 1902, 0, 1
0 51 31: 196, 4, 3
0 51 32: 926, 22, 2
0 51 33: 927, 22, 1
0 51 34: 927, 22, 1
0 51 35: 927, 22, 1
0 51 36: 927, 22, 1
0 51 37: 926, 22, 0
0 51 38: 196, 4, 1
0 51 39: 1902, 0, 3
0 51 44: 320, 22, 2
0 51 45: 980, 0, 1
0 51 46: 320, 22, 0
0 51 46: 1870, 10, 0
0 51 46: 1902, 0, 1
0 51 47: 196, 4, 3
0 51 53: 961, 4, 1
0 51 53: 1000, 0, 0
0 51 54: 196, 5, 3
0 51 54: 916, 22, 2
0 51 54: 1902, 0, 3
0 51 56: 1747, 10, 0
0 51 57: 1902, 0, 1
0 51 59: 980, 0, 3
0 52 0: 1247, 22, 0
0 52 0: 3034, 10, 3
0 52 5: 1246, 22, 3
0 52 11: 1247, 22, 1
0 52 13: 1258, 22, 2
0 52 14: 1258, 22, 3
0 52 15: 319, 22, 0
0 52 16: 1247, 22, 0
0 52 18: 1247, 22, 2
0 52 20: 1196, 10, 0
0 52 25: 1258, 22, 0
0 52 26: 1258, 22, 2
0 52 27: 1259, 22, 1
0 52 30: 1846, 5, 1
0 52 30: 1902, 0, 1
0 52 31: 1846, 4, 3
0 52 32: 925, 22, 2
0 52 33: 926, 22, 1
0 52 34: 926, 22, 1
0 52 35: 926, 22, 1
0 52 36: 926, 22, 1
0 52 37: 925, 22, 1
0 52 38: 1846, 4, 1
0 52 39: 1846, 5, 3
0 52 39: 1902, 0, 3
0 52 39: 3033, 10, 2
0 52 41: 320, 22, 0
0 52 42: 320, 22, 0
0 52 43: 319, 22, 0
0 52 44: 320, 22, 1
0 52 45: 980, 0, 1
0 52 46: 319, 22, 1
0 52 46: 1826, 5, 1
0 52 46: 1902, 0, 1
0 52 47: 1829, 4, 3
0 52 49: 591, 10, 1
0 52 50: 961, 4, 2
0 52 54: 1530, 0, 3
0 52 57: 1838, 5, 1
0 52 57: 1902, 0, 1
0 52 58: 1838, 4, 3
0 52 59: 980, 0, 3
0 53 0: 1247, 22, 1
0 53 2: 1247, 22, 2
0 53 12: 1258, 22, 0
0 53 13: 1259, 22, 2
0 53 15: 320, 22, 1
0 53 16: 1247, 22, 0
0 53 19: 1247, 22, 3
0 53 19: 3037, 10, 0
0 53 21: 1246, 22, 1
0 53 23: 1187, 10, 2
0 53 25: 1258, 22, 3
0 53 30: 1902, 0, 1
0 53 31: 196, 4, 3
0 53 32: 1106, 10, 1
0 53 36: 1106, 10, 1
0 53 38: 196, 4, 1
0 53 39: 1902, 0, 3
0 53 41: 1391, 10, 1
0 53 44: 1258, 22, 0
0 53 44: 1391, 10, 0
0 53 45: 980, 0, 1
0 53 46: 320, 22, 3
0 53 46: 1870, 10, 0
0 53 46: 1902, 0, 1
0 53 47: 196, 4, 2
0 53 48: 1824, 4, 2
0 53 49: 319, 22, 3
0 53 49: 1902, 2, 3
0 53 50: 321, 22, 0
0 53 50: 1902, 2, 0
0 53 51: 1902, 0, 0
0 53 52: 3024, 0, 0
0 53 53: 196, 4, 1
0 53 53: 1902, 0, 0
0 53 54: 196, 5, 3
0 53 54: 1902, 0, 3
0 53 56: 1102, 10, 0
0 53 56: 1902, 0, 2
0 53 57: 604, 10, 3
0 53 57: 1902, 2, 1
0 53 58: 320, 22, 2
0 53 59: 980, 0, 3
0 54 1: 3037, 10, 0
0 54 2: 1247, 22, 2
0 54 3: 1247, 22, 3
0 54 12: 1258, 22, 2
0 54 13: 1258, 22, 2
0 54 15: 320, 22, 2
0 54 17: 1196, 10, 2
0 54 18: 1187, 10, 0
0 54 19: 1247, 22, 3
0 54 21: 1247, 22, 1
0 54 30: 1846, 5, 1
0 54 30: 1902, 0, 1
0 54 31: 1846, 4, 3
0 54 38: 1846, 4, 1
0 54 39: 1846, 5, 3
0 54 39: 1902, 0, 3
0 54 40: 1247, 22, 2
0 54 43: 1258, 22, 1
0 54 44: 1258, 22, 3
0 54 45: 981, 3, 0
0 54 46: 980, 9, 0
0 54 46: 1602, 3, 0
0 54 47: 1902, 0, 0
0 54 48: 320, 22, 2
0 54 48: 1823, 5, 0
0 54 48: 1902, 0, 0
0 54 49: 320, 22, 3
0 54 49: 1602, 3, 3
0 54 50: 320, 22, 2
0 54 50: 1826, 5, 1
0 54 50: 1902, 0, 1
0 54 51: 1829, 4, 3
0 54 53: 591, 10, 0
0 54 53: 961, 4, 1
0 54 54: 1902, 0, 3
0 54 55: 590, 10, 0
0 54 56: 321, 22, 0
0 54 56: 1902, 0, 3
0 54 57: 320, 22, 2
0 54 58: 320, 22, 1
0 54 58: 980, 9, 3
0 54 59: 981, 3, 3
0 55 1: 1247, 22, 1
0 55 3: 1247, 22, 3
0 55 8: 1394, 10, 3
0 55 13: 1247, 22, 0
0 55 14: 321, 22, 1
0 55 15: 1247, 22, 3
0 55 15: 3037, 10, 1
0 55 16: 1246, 22, 3
0 55 17: 1247, 22, 1
0 55 19: 1246, 22, 2
0 55 20: 1247, 22, 3
0 55 21: 1247, 22, 0
0 55 30: 1902, 0, 1
0 55 31: 196, 4, 3
0 55 32: 1106, 10, 1
0 55 36: 1106, 10, 1
0 55 38: 196, 4, 1
0 55 39: 1902, 0, 3
0 55 43: 3034, 10, 1
0 55 44: 1247, 22, 0
0 55 46: 981, 3, 0
0 55 47: 980, 0, 0
0 55 48: 980, 0, 0
0 55 49: 980, 2, 0
0 55 50: 320, 22, 0
0 55 50: 1902, 0, 1
0 55 53: 961, 4, 1
0 55 54: 1088, 10, 2
0 55 54: 1902, 0, 3
0 55 56: 320, 22, 3
0 55 56: 1902, 0, 3
0 55 57: 980, 2, 3
0 55 58: 981, 3, 3
0 55 58: 3033, 10, 0
0 55 59: 1258, 22, 3
0 56 1: 1247, 22, 0
0 56 3: 1246, 22, 0
0 56 4: 1247, 22, 0
0 56 4: 3037, 10, 1
0 56 5: 1247, 22, 3
0 56 6: 1247, 22, 2
0 56 12: 1247, 22, 0
0 56 14: 320, 22, 3
0 56 15: 1247, 22, 3
0 56 19: 1247, 22, 2
0 56 30: 1902, 0, 1
0 56 31: 196, 5, 2
0 56 31: 1902, 0, 2
0 56 32: 1847, 5, 2
0 56 32: 1902, 0, 2
0 56 33: 1902, 0, 2
0 56 36: 1902, 0, 2
0 56 37: 1847, 5, 2
0 56 37: 1902, 0, 2
0 56 38: 196, 5, 2
0 56 38: 1902, 0, 2
0 56 39: 1902, 0, 3
0 56 40: 1258, 22, 3
0 56 41: 1258, 22, 3
0 56 41: 1391, 10, 1
0 56 42: 1258, 22, 0
0 56 43: 1246, 22, 2
0 56 48: 1247, 22, 1
0 56 48: 3034, 10, 1
0 56 49: 980, 0, 1
0 56 49: 1246, 22, 2
0 56 50: 1826, 5, 1
0 56 50: 1902, 0, 1
0 56 51: 1829, 4, 3
0 56 53: 196, 4, 1
0 56 53: 1102, 10, 0
0 56 54: 321, 22, 1
0 56 54: 1902, 2, 3
0 56 55: 320, 22, 0
0 56 55: 1902, 0, 0
0 56 56: 980, 9, 3
0 56 56: 1602, 3, 3
0 56 57: 980, 1, 3
0 56 58: 1258, 22, 1
0 56 59: 1259, 22, 0
0 57 2: 1246, 22, 3
0 57 4: 1247, 22, 3
0 57 6: 1247, 22, 2
0 57 12: 1247, 22, 3
0 57 15: 1246, 22, 2
0 57 16: 1247, 22, 2
0 57 17: 1247, 22, 2
0 57 18: 1246, 22, 1
0 57 19: 1247, 22, 1
0 57 24: 1247, 22, 3
0 57 25: 1246, 22, 0
0 57 25: 3037, 10, 2
0 57 26: 1247, 22, 1
0 57 27: 1247, 22, 1
0 57 28: 3033, 10, 2
0 57 29: 1247, 22, 2
0 57 30: 980, 0, 1
0 57 31: 1247, 22, 0
0 57 31: 1602, 3, 3
0 57 32: 1247, 22, 2
0 57 32: 1847, 4, 0
0 57 33: 1902, 1, 0
0 57 34: 1516, 0, 0
0 57 35: 1519, 0, 0
0 57 36: 1902, 1, 3
0 57 37: 320, 22, 2
0 57 37: 1847, 4, 0
0 57 38: 1602, 3, 0
0 57 39: 980, 9, 2
0 57 39: 1247, 22, 3
0 57 40: 980, 0, 2
0 57 40: 1247, 22, 2
0 57 41: 980, 1, 2
0 57 41: 1258, 22, 0
0 57 42: 1258, 22, 2
0 57 43: 1258, 22, 1
0 57 44: 1247, 22, 2
0 57 44: 3037, 10, 1
0 57 45: 1247, 22, 1
0 57 48: 1247, 22, 2
0 57 49: 980, 0, 1
0 57 49: 1247, 22, 1
0 57 50: 320, 22, 2
0 57 50: 1902, 0, 1
0 57 51: 1824, 4, 2
0 57 53: 1824, 4, 2
0 57 54: 320, 22, 1
0 57 54: 1902, 0, 3
0 57 55: 980, 2, 3
0 57 56: 980, 1, 3
0 57 57: 1258, 22, 1
0 57 58: 1259, 22, 1
0 57 59: 444, 10, 0
0 57 59: 1258, 22, 0
0 58 2: 1246, 22, 3
0 58 4: 1247, 22, 1
0 58 5: 1247, 22, 1
0 58 6: 1247, 22, 0
0 58 14: 320, 22, 0
0 58 16: 1258, 22, 1
0 58 17: 1258, 22, 0
0 58 25: 1247, 22, 2
0 58 28: 1247, 22, 2
0 58 30: 980, 0, 1
0 58 31: 1247, 22, 1
0 58 34: 1602, 3, 3
0 58 35: 1602, 3, 0
0 58 41: 980, 9, 2
0 58 42: 980, 0, 2
0 58 42: 1259, 22, 0
0 58 43: 980, 1, 2
0 58 43: 1258, 22, 1
0 58 44: 1258, 22, 2
0 58 46: 1246, 22, 0
0 58 49: 981, 3, 0
0 58 50: 980, 9, 0
0 58 50: 1602, 3, 0
0 58 51: 1823, 5, 0
0 58 51: 1902, 0, 0
0 58 52: 3025, 0, 0
0 58 53: 320, 22, 1
0 58 53: 1823, 5, 0
0 58 53: 1902, 0, 0
0 58 54: 980, 9, 3
0 58 54: 1602, 3, 3
0 58 55: 981, 3, 3
0 58 55: 3033, 10, 0
0 58 56: 1258, 22, 0
0 58 57: 1258, 22, 2
0 58 58: 447, 10, 2
0 58 58: 1258, 22, 3
0 58 59: 1258, 22, 1
0 58 60: 1258, 22, 0
0 59 2: 3033, 10, 3
0 59 3: 1246, 22, 2
0 59 9: 3033, 10, 0
0 59 15: 319, 22, 0
0 59 16: 981, 3, 1
0 59 17: 1247, 22, 2
0 59 17: 3033, 10, 1
0 59 18: 1247, 22, 0
0 59 19: 1394, 10, 3
0 59 20: 1246, 22, 0
0 59 23: 3033, 10, 1
0 59 24: 1247, 22, 0
0 59 25: 1247, 22, 0
0 59 26: 1247, 22, 3
0 59 27: 1246, 22, 0
0 59 30: 980, 0, 1
0 59 33: 1247, 22, 2
0 59 35: 1258, 22, 1
0 59 36: 1258, 22, 3
0 59 36: 1391, 10, 1
0 59 37: 1258, 22, 1
0 59 39: 320, 22, 0
0 59 40: 321, 22, 0
0 59 41: 320, 22, 1
0 59 43: 980, 9, 2
0 59 43: 1259, 22, 0
0 59 44: 980, 0, 2
0 59 44: 1247, 22, 0
0 59 45: 980, 0, 2
0 59 45: 1247, 22, 3
0 59 46: 980, 0, 2
0 59 47: 980, 1, 2
0 59 48: 1258, 22, 1
0 59 49: 1258, 22, 2
0 59 50: 981, 3, 0
0 59 51: 980, 2, 0
0 59 52: 1863, 22, 3
0 59 53: 980, 2, 3
0 59 54: 981, 3, 3
0 59 56: 1258, 22, 3
0 59 57: 446, 10, 2
0 59 58: 444, 10, 1
0 59 58: 1258, 22, 2
0 59 59: 1258, 22, 1
0 59 60: 1258, 22, 3
0 60 2: 1247, 22, 2
0 60 3: 1247, 22, 3
0 60 9: 1247, 22, 2
0 60 10: 1247, 22, 3
0 60 11: 1394, 10, 2
0 60 15: 320, 22, 1
0 60 16: 321, 22, 3
0 60 16: 980, 0, 1
0 60 17: 1247, 22, 1
0 60 18: 1246, 22, 3
0 60 19: 1247, 22, 0
0 60 23: 1246, 22, 2
0 60 24: 1247, 22, 1
0 60 28: 1246, 22, 2
0 60 30: 980, 0, 1
0 60 32: 1247, 22, 0
0 60 32: 3037, 10, 0
0 60 34: 1247, 22, 1
0 60 35: 1258, 22, 0
0 60 36: 1259, 22, 3
0 60 37: 1258, 22, 2
0 60 38: 1258, 22, 0
0 60 39: 1258, 22, 3
0 60 40: 1259, 22, 0
0 60 40: 1391, 10, 2
0 60 44: 1258, 22, 1
0 60 45: 1258, 22, 3
0 60 45: 1391, 10, 1
0 60 47: 980, 9, 2
0 60 47: 1259, 22, 1
0 60 48: 980, 0, 2
0 60 48: 1258, 22, 3
0 60 49: 980, 0, 2
0 60 49: 1258, 22, 0
0 60 50: 980, 0, 2
0 60 51: 980, 9, 1
0 60 52: 320, 22, 1
0 60 53: 980, 0, 3
0 60 54: 1258, 22, 2
0 60 55: 445, 10, 0
0 60 60: 446, 10, 3
0 60 60: 1258, 22, 3
0 61 0: 1247, 22, 1
0 61 0: 3037, 10, 3
0 61 1: 1246, 22, 0
0 61 2: 1247, 22, 3
0 61 6: 1394, 10, 1
0 61 7: 1247, 22, 1
0 61 13: 1394, 10, 3
0 61 15: 981, 3, 2
0 61 16: 320, 22, 2
0 61 16: 981, 3, 0
0 61 17: 980, 9, 0
0 61 18: 1394, 10, 3
0 61 30: 980, 0, 1
0 61 31: 1247, 22, 1
0 61 32: 1247, 22, 3
0 61 34: 1246, 22, 1
0 61 36: 1258, 22, 3
0 61 38: 1189, 10, 3
0 61 39: 1258, 22, 2
0 61 40: 1258, 22, 0
0 61 41: 1259, 22, 1
0 61 46: 1258, 22, 0
0 61 47: 1259, 22, 2
0 61 49: 320, 22, 0
0 61 50: 321, 22, 2
0 61 51: 320, 22, 1
0 61 53: 980, 0, 3
0 61 53: 1258, 22, 2
0 61 54: 1259, 22, 3
0 61 55: 1258, 22, 1
0 61 59: 1258, 22, 1
0 62 0: 1247, 22, 2
0 62 2: 1246, 22, 1
0 62 6: 1247, 22, 1
0 62 7: 1247, 22, 2
0 62 15: 980, 0, 3
0 62 16: 319, 22, 3
0 62 17: 980, 0, 1
0 62 21: 1394, 10, 1
0 62 25: 1246, 22, 1
0 62 30: 980, 0, 1
0 62 32: 1246, 22, 0
0 62 33: 1247, 22, 3
0 62 34: 1247, 22, 0
0 62 36: 1258, 22, 0
0 62 37: 1189, 10, 1
0 62 38: 1258, 22, 2
0 62 39: 1258, 22, 1
0 62 40: 1258, 22, 1
0 62 41: 1189, 10, 2
0 62 41: 1258, 22, 0
0 62 42: 1258, 22, 3
0 62 44: 320, 22, 2
0 62 45: 321, 22, 1
0 62 46: 320, 22, 3
0 62 51: 1258, 22, 0
0 62 53: 981, 3, 3
0 62 53: 1258, 22, 1
0 62 54: 1258, 22, 3
0 62 55: 1259, 22, 1
0 62 56: 1258, 22, 0
0 62 58: 447, 10, 1
0 62 60: 445, 10, 3
0 63 1: 1247, 22, 0
0 63 14: 980, 0, 1
0 63 14: 1258, 22, 3
0 63 15: 980, 1, 3
0 63 16: 319, 22, 3
0 63 16: 981, 3, 1
0 63 17: 980, 9, 1
0 63 30: 980, 0, 1
0 63 36: 1258, 22, 0
0 63 37: 1189, 10, 1
0 63 37: 1258, 22, 1
0 63 39: 1189, 10, 0
0 63 40: 1258, 22, 3
0 63 43: 1189, 10, 3
0 63 43: 1258, 22, 3
0 63 45: 1258, 22, 0
0 63 46: 1259, 22, 3
0 63 47: 1258, 22, 2
0 63 49: 1258, 22, 2
0 63 50: 1259, 22, 1
0 63 51: 1258, 22, 3
0 63 54: 1258, 22, 3
1 0 10: 1793, 21, 1
1 0 11: 1793, 18, 2
1 0 11: 1821, 4, 2
1 0 12: 1793, 18, 2
1 0 13: 1793, 18, 2
1 0 14: 1793, 18, 2
1 0 14: 1821, 4, 2
1 0 15: 1793, 18, 2
1 0 16: 1793, 18, 2
1 0 17: 1793, 18, 2
1 0 18: 1793, 18, 2
1 0 19: 1793, 18, 2
1 0 20: 1793, 21, 2
1 0 62: 320, 22, 1
1 1 10: 1793, 18, 1
1 1 11: 1822, 5, 0
1 1 11: 1902, 2, 3
1 1 12: 1902, 0, 0
1 1 13: 1902, 0, 0
1 1 14: 1822, 5, 0
1 1 14: 1902, 2, 0
1 1 15: 1933, 12, 2
1 1 16: 1933, 12, 2
1 1 17: 1933, 12, 2
1 1 18: 1933, 12, 2
1 1 19: 1933, 16, 2
1 1 20: 1793, 18, 3
1 1 62: 321, 22, 3
1 2 10: 1793, 18, 1
1 2 10: 1821, 4, 1
1 2 11: 1822, 5, 3
1 2 11: 1902, 0, 3
1 2 14: 1902, 0, 1
1 2 15: 1933, 17, 3
1 2 16: 1933, 17, 3
1 2 17: 1933, 17, 3
1 2 18: 1933, 17, 3
1 2 19: 1933, 12, 3
1 2 20: 1793, 18, 3
1 2 62: 320, 22, 0
1 3 9: 1902, 2, 3
1 3 10: 1902, 2, 0
1 3 11: 1902, 0, 3
1 3 14: 1902, 0, 1
1 3 15: 1933, 12, 0
1 3 16: 1933, 12, 0
1 3 17: 1933, 14, 0
1 3 18: 1933, 17, 3
1 3 19: 1933, 12, 3
1 3 20: 1793, 18, 3
1 3 62: 321, 22, 2
1 4 9: 1902, 2, 2
1 4 10: 1902, 2, 1
1 4 11: 1902, 0, 3
1 4 14: 1902, 0, 1
1 4 15: 1793, 20, 3
1 4 16: 1793, 20, 0
1 4 17: 1933, 12, 1
1 4 18: 1933, 17, 3
1 4 19: 1933, 12, 3
1 4 20: 1793, 18, 3
1 4 62: 320, 22, 3
1 5 10: 1793, 18, 1
1 5 10: 1821, 4, 1
1 5 11: 1822, 5, 3
1 5 11: 1902, 0, 3
1 5 14: 1822, 5, 1
1 5 14: 1902, 0, 1
1 5 15: 1793, 18, 3
1 5 15: 1821, 4, 3
1 5 16: 1793, 18, 1
1 5 17: 1933, 16, 0
1 5 18: 1933, 12, 0
1 5 19: 1933, 16, 3
1 5 20: 1793, 18, 3
1 5 61: 321, 22, 1
1 6 10: 1793, 18, 1
1 6 11: 1822, 5, 2
1 6 11: 1902, 2, 2
1 6 12: 1902, 0, 2
1 6 13: 1902, 0, 2
1 6 14: 1822, 5, 2
1 6 14: 1902, 2, 1
1 6 15: 1793, 18, 3
1 6 16: 1793, 21, 0
1 6 17: 1793, 18, 0
1 6 18: 1793, 18, 0
1 6 19: 1793, 18, 0
1 6 20: 1793, 21, 3
1 6 61: 320, 22, 3
1 7 10: 1793, 21, 0
1 7 11: 1793, 18, 0
1 7 11: 1821, 4, 0
1 7 12: 1793, 18, 0
1 7 13: 1793, 18, 0
1 7 14: 1793, 18, 0
1 7 14: 1821, 4, 0
1 7 15: 1793, 21, 3
1 7 46: 1602, 1, 1
1 7 47: 1415, 0, 2
1 7 48: 1415, 0, 2
1 7 48: 1826, 5, 2
1 7 49: 1415, 0, 2
1 7 50: 1415, 0, 2
1 7 50: 1826, 5, 2
1 7 51: 1415, 0, 2
1 7 52: 1602, 1, 2
1 7 61: 320, 22, 1
1 8 46: 1415, 0, 1
1 8 47: 424, 10, 2
1 8 48: 1827, 4, 0
1 8 50: 1827, 4, 0
1 8 52: 844, 6, 0
1 8 52: 1415, 9, 2
1 8 53: 1415, 1, 2
1 8 60: 321, 22, 0
1 9 46: 1415, 0, 1
1 9 52: 994, 0, 2
1 9 52: 1153, 10, 2
1 9 53: 994, 0, 2
1 9 53: 1415, 9, 2
1 9 54: 1602, 1, 2
1 9 60: 320, 22, 0
1 10 46: 1415, 0, 1
1 10 46: 1826, 5, 1
1 10 47: 1827, 4, 3
1 10 48: 937, 22, 3
1 10 49: 926, 22, 3
1 10 50: 937, 22, 0
1 10 51: 994, 0, 1
1 10 54: 1415, 0, 3
1 10 60: 321, 22, 3
1 11 46: 1415, 0, 1
1 11 47: 373, 10, 2
1 11 48: 926, 22, 2
1 11 49: 927, 22, 2
1 11 50: 926, 22, 0
1 11 51: 994, 0, 1
1 11 52: 1740, 10, 0
1 11 53: 994, 0, 0
1 11 53: 1158, 10, 0
1 11 54: 1415, 0, 3
1 11 61: 320, 22, 3
1 12 46: 1415, 0, 1
1 12 48: 926, 22, 2
1 12 49: 927, 22, 2
1 12 50: 926, 22, 0
1 12 53: 994, 0, 0
1 12 53: 1827, 4, 1
1 12 54: 1415, 0, 3
1 12 54: 1826, 5, 3
1 12 61: 321, 22, 2
1 13 46: 1415, 0, 1
1 13 46: 1826, 5, 1
1 13 47: 1827, 4, 3
1 13 48: 937, 22, 2
1 13 49: 926, 22, 1
1 13 49: 1415, 1, 1
1 13 50: 888, 5, 2
1 13 50: 937, 22, 1
1 13 50: 1415, 0, 2
1 13 51: 352, 10, 2
1 13 51: 1415, 0, 2
1 13 52: 887, 5, 2
1 13 52: 1415, 0, 2
1 13 53: 689, 10, 1
1 13 53: 1415, 0, 2
1 13 54: 1415, 0, 3
1 13 61: 320, 22, 2
1 14 28: 1793, 21, 1
1 14 29: 1793, 18, 2
1 14 30: 1793, 18, 2
1 14 31: 1793, 18, 2
1 14 32: 1793, 18, 2
1 14 33: 1793, 18, 2
1 14 34: 1793, 18, 2
1 14 35: 1793, 18, 2
1 14 36: 1793, 21, 2
1 14 46: 1415, 0, 1
1 14 47: 1016, 10, 3
1 14 49: 562, 10, 0
1 14 49: 1415, 0, 1
1 14 50: 1604, 17, 1
1 14 51: 1604, 17, 1
1 14 52: 1604, 17, 1
1 14 53: 1604, 12, 3
1 14 54: 1792, 18, 3
1 14 62: 321, 22, 1
1 15 28: 1793, 18, 1
1 15 29: 1933, 16, 1
1 15 30: 1933, 12, 2
1 15 31: 1933, 12, 2
1 15 32: 1933, 12, 2
1 15 33: 1933, 12, 2
1 15 34: 1933, 12, 2
1 15 35: 1933, 16, 2
1 15 36: 1793, 18, 3
1 15 46: 1415, 0, 1
1 15 47: 1018, 10, 3
1 15 49: 893, 5, 1
1 15 49: 1415, 0, 1
1 15 50: 1604, 17, 1
1 15 51: 1604, 17, 1
1 15 52: 1604, 17, 1
1 15 53: 1604, 12, 3
1 15 54: 1792, 18, 3
1 15 62: 321, 22, 0
1 16 28: 1793, 18, 1
1 16 29: 1933, 12, 1
1 16 30: 1933, 17, 1
1 16 31: 1933, 17, 2
1 16 32: 1933, 17, 2
1 16 33: 1933, 17, 2
1 16 34: 1933, 17, 2
1 16 35: 1933, 12, 3
1 16 36: 1793, 20, 2
1 16 37: 1793, 18, 2
1 16 38: 1793, 18, 2
1 16 39: 1793, 18, 2
1 16 40: 1793, 21, 2
1 16 46: 1415, 0, 1
1 16 46: 1826, 5, 1
1 16 47: 1827, 4, 3
1 16 49: 895, 5, 1
1 16 49: 1415, 0, 1
1 16 50: 1604, 17, 1
1 16 51: 1604, 17, 1
1 16 52: 1604, 17, 1
1 16 53: 1604, 12, 3
1 16 54: 1792, 18, 3
1 17 28: 1793, 18, 1
1 17 29: 1933, 12, 1
1 17 30: 1933, 17, 1
1 17 31: 1933, 17, 2
1 17 32: 1933, 17, 2
1 17 33: 1933, 17, 2
1 17 34: 1933, 17, 2
1 17 35: 1933, 14, 2
1 17 36: 1933, 12, 2
1 17 37: 1933, 12, 2
1 17 38: 1933, 12, 2
1 17 39: 1933, 16, 2
1 17 40: 1793, 18, 3
1 17 46: 1415, 0, 1
1 17 47: 566, 10, 1
1 17 48: 367, 10, 2
1 17 48: 1827, 4, 2
1 17 49: 1415, 0, 1
1 17 50: 1604, 12, 0
1 17 51: 1604, 12, 0
1 17 52: 1604, 12, 0
1 17 53: 1926, 16, 3
1 17 54: 1792, 18, 3
1 17 61: 321, 22, 3
1 18 28: 1793, 18, 1
1 18 29: 1933, 12, 1
1 18 30: 362, 10, 2
1 18 30: 1872, 5, 0
1 18 30: 1902, 2, 3
1 18 31: 196, 5, 0
1 18 31: 1902, 0, 0
1 18 32: 1872, 5, 0
1 18 32: 1902, 0, 0
1 18 33: 196, 5, 0
1 18 33: 1902, 0, 0
1 18 34: 1872, 5, 0
1 18 34: 1902, 0, 0
1 18 35: 196, 5, 0
1 18 35: 1902, 0, 0
1 18 36: 1872, 5, 0
1 18 36: 1902, 0, 0
1 18 37: 196, 5, 0
1 18 37: 1902, 0, 0
1 18 38: 1872, 5, 0
1 18 38: 1902, 2, 0
1 18 39: 1933, 12, 3
1 18 40: 1793, 18, 3
1 18 46: 1602, 1, 0
1 18 47: 1415, 0, 0
1 18 48: 1415, 0, 0
1 18 48: 1826, 5, 0
1 18 49: 1415, 0, 0
1 18 50: 1792, 18, 0
1 18 51: 1792, 18, 0
1 18 52: 1792, 18, 0
1 18 53: 1792, 18, 0
1 18 54: 1792, 21, 3
1 19 27: 1793, 21, 1
1 19 28: 1793, 20, 1
1 19 29: 1933, 12, 1
1 19 30: 364, 10, 2
1 19 30: 1902, 0, 3
1 19 31: 994, 3, 1
1 19 32: 994, 0, 2
1 19 33: 994, 0, 2
1 19 35: 917, 22, 3
1 19 36: 918, 22, 3
1 19 36: 1102, 10, 2
1 19 37: 604, 10, 0
1 19 37: 917, 22, 0
1 19 38: 196, 5, 1
1 19 38: 1902, 0, 1
1 19 39: 1933, 12, 3
1 19 40: 1793, 20, 2
1 19 41: 1793, 21, 2
1 19 61: 320, 22, 3
1 20 27: 1793, 18, 1
1 20 28: 1933, 16, 1
1 20 29: 1933, 14, 1
1 20 30: 1902, 0, 3
1 20 31: 994, 0, 1
1 20 32: 1739, 10, 3
1 20 35: 917, 22, 2
1 20 36: 918, 22, 1
1 20 37: 917, 22, 1
1 20 37: 1102, 10, 1
1 20 38: 683, 10, 0
1 20 38: 1872, 5, 1
1 20 38: 1902, 0, 1
1 20 39: 1933, 14, 2
1 20 40: 1933, 16, 2
1 20 41: 1793, 18, 3
1 20 61: 321, 22, 2
1 21 27: 1793, 18, 1
1 21 28: 1933, 12, 1
1 21 29: 1933, 17, 3
1 21 30: 1902, 0, 3
1 21 31: 994, 0, 1
1 21 38: 196, 5, 1
1 21 38: 1902, 0, 1
1 21 39: 1933, 17, 3
1 21 40: 1933, 12, 3
1 21 41: 1793, 18, 3
1 21 61: 320, 22, 0
1 22 27: 1793, 18, 1
1 22 28: 1933, 12, 1
1 22 29: 1933, 17, 3
1 22 30: 1902, 0, 3
1 22 31: 994, 3, 0
1 22 32: 994, 0, 0
1 22 33: 994, 0, 0
1 22 35: 1102, 10, 0
1 22 36: 603, 10, 2
1 22 37: 1102, 10, 0
1 22 38: 1872, 5, 1
1 22 38: 1902, 0, 1
1 22 39: 1933, 17, 3
1 22 40: 1933, 12, 3
1 22 41: 1793, 18, 3
1 22 61: 321, 22, 1
1 23 27: 1793, 18, 1
1 23 28: 1933, 12, 1
1 23 29: 1933, 17, 3
1 23 30: 1872, 5, 2
1 23 30: 1902, 2, 2
1 23 31: 196, 5, 2
1 23 31: 1902, 0, 2
1 23 32: 1872, 5, 2
1 23 32: 1902, 0, 2
1 23 37: 1102, 10, 3
1 23 38: 196, 5, 1
1 23 38: 1902, 0, 1
1 23 39: 1933, 17, 3
1 23 40: 1933, 12, 3
1 23 41: 1793, 18, 3
1 23 60: 320, 22, 1
1 24 27: 1793, 18, 1
1 24 28: 1933, 16, 0
1 24 29: 1933, 12, 0
1 24 30: 1933, 12, 0
1 24 31: 1933, 12, 0
1 24 32: 1933, 12, 0
1 24 33: 196, 5, 3
1 24 33: 1902, 0, 3
1 24 35: 1102, 10, 1
1 24 37: 1102, 10, 2
1 24 38: 381, 10, 1
1 24 38: 1902, 1, 0
1 24 39: 1902, 0, 3
1 24 60: 320, 22, 2
1 25 27: 1793, 21, 0
1 25 28: 1793, 18, 0
1 25 29: 1793, 18, 0
1 25 30: 1793, 18, 0
1 25 31: 1793, 18, 0
1 25 32: 1602, 1, 0
1 25 32: 1793, 18, 0
1 25 33: 1902, 9, 0
1 25 34: 357, 10, 1
1 25 35: 356, 10, 1
1 25 35: 901, 4, 2
1 25 36: 899, 4, 2
1 25 38: 1902, 9, 3
1 25 39: 1602, 1, 3
1 25 60: 321, 22, 0
1 26 33: 1602, 1, 0
1 26 34: 1902, 0, 0
1 26 35: 1902, 0, 0
1 26 36: 959, 5, 0
1 26 36: 1902, 0, 0
1 26 37: 1902, 0, 0
1 26 38: 1602, 1, 3
1 26 60: 320, 22, 1
1 27 59: 321, 22, 0
1 28 59: 320, 22, 0
1 29 59: 321, 22, 3
1 30 58: 320, 22, 3
1 31 58: 321, 22, 2
1 32 58: 320, 22, 2
1 33 58: 321, 22, 1
1 35 58: 320, 22, 1
1 36 58: 321, 22, 0
1 37 59: 321, 22, 3
1 38 59: 320, 22, 0
1 40 59: 320, 22, 3
1 40 60: 320, 22, 1
1 41 59: 320, 22, 2
1 42 32: 1902, 3, 1
1 42 33: 1902, 0, 2
1 42 34: 1902, 0, 2
1 42 35: 1902, 0, 2
1 42 36: 1902, 0, 2
1 42 37: 1902, 3, 2
1 42 50: 1793, 21, 1
1 42 51: 1793, 18, 2
1 42 52: 1793, 18, 2
1 42 52: 1823, 4, 2
1 42 53: 1793, 18, 2
1 42 54: 1793, 18, 2
1 42 54: 1823, 4, 2
1 42 55: 1793, 18, 2
1 42 56: 1793, 21, 2
1 42 59: 321, 22, 1
1 43 32: 1902, 0, 1
1 43 34: 994, 0, 1
1 43 37: 1902, 0, 3
1 43 50: 1793, 18, 1
1 43 51: 196, 5, 0
1 43 51: 375, 10, 0
1 43 51: 1902, 2, 3
1 43 52: 1824, 5, 0
1 43 52: 1902, 2, 0
1 43 53: 1902, 0, 0
1 43 54: 1824, 5, 0
1 43 54: 1902, 0, 0
1 43 55: 196, 5, 0
1 43 55: 1902, 2, 0
1 43 56: 1793, 18, 3
1 43 59: 320, 22, 0
1 44 32: 1821, 5, 1
1 44 32: 1902, 0, 1
1 44 33: 1821, 4, 3
1 44 34: 994, 0, 1
1 44 35: 1740, 10, 0
1 44 36: 1821, 4, 1
1 44 37: 1821, 5, 3
1 44 37: 1902, 0, 3
1 44 50: 1793, 18, 1
1 44 50: 1823, 4, 1
1 44 51: 574, 10, 2
1 44 51: 1824, 5, 3
1 44 51: 1902, 0, 3
1 44 52: 1541, 0, 1
1 44 54: 1746, 10, 0
1 44 55: 1824, 5, 1
1 44 55: 1902, 0, 1
1 44 56: 1793, 18, 3
1 44 56: 1823, 4, 3
1 44 60: 320, 22, 0
1 45 32: 1902, 0, 1
1 45 33: 196, 4, 3
1 45 36: 196, 4, 1
1 45 36: 994, 0, 0
1 45 37: 1902, 0, 3
1 45 45: 1793, 21, 1
1 45 46: 1793, 18, 2
1 45 47: 1793, 18, 2
1 45 48: 1793, 18, 2
1 45 49: 1793, 21, 2
1 45 50: 1793, 18, 1
1 45 51: 196, 5, 2
1 45 51: 375, 10, 0
1 45 51: 1902, 2, 2
1 45 52: 1902, 2, 1
1 45 53: 1902, 0, 2
1 45 54: 1902, 0, 2
1 45 55: 196, 5, 2
1 45 55: 1902, 2, 1
1 45 56: 1793, 18, 3
1 45 60: 320, 22, 2
1 46 32: 1821, 5, 1
1 46 32: 1902, 0, 1
1 46 33: 1090, 10, 2
1 46 33: 1821, 4, 3
1 46 36: 1821, 4, 1
1 46 37: 1821, 5, 3
1 46 37: 1902, 0, 3
1 46 45: 1793, 18, 1
1 46 46: 1933, 16, 1
1 46 47: 1933, 12, 2
1 46 48: 1933, 16, 2
1 46 49: 1793, 20, 2
1 46 50: 1793, 20, 1
1 46 51: 1933, 16, 1
1 46 52: 1933, 12, 2
1 46 53: 1933, 12, 2
1 46 54: 1933, 16, 2
1 46 55: 1793, 20, 3
1 46 56: 1793, 21, 3
1 46 60: 321, 22, 0
1 47 30: 1902, 3, 1
1 47 31: 1846, 5, 2
1 47 31: 1902, 0, 2
1 47 32: 1902, 2, 1
1 47 33: 1090, 10, 2
1 47 37: 1902, 2, 2
1 47 38: 1846, 5, 2
1 47 38: 1902, 0, 2
1 47 39: 1902, 3, 2
1 47 45: 1793, 18, 1
1 47 46: 1933, 12, 1
1 47 47: 1933, 17, 1
1 47 48: 1933, 14, 2
1 47 49: 1933, 12, 2
1 47 50: 1933, 12, 2
1 47 51: 1933, 15, 1
1 47 52: 1933, 17, 1
1 47 53: 1933, 17, 1
1 47 54: 1933, 12, 3
1 47 55: 1793, 18, 3
1 47 61: 320, 22, 1
1 48 30: 1902, 0, 1
1 48 31: 1846, 4, 0
1 48 32: 196, 4, 0
1 48 32: 994, 3, 1
1 48 33: 994, 0, 2
1 48 34: 994, 0, 2
1 48 35: 994, 0, 2
1 48 36: 994, 0, 2
1 48 37: 196, 4, 0
1 48 37: 994, 3, 2
1 48 38: 1846, 4, 0
1 48 39: 1902, 0, 3
1 48 45: 1793, 18, 1
1 48 46: 1933, 12, 1
1 48 47: 1933, 17, 1
1 48 48: 1933, 17, 1
1 48 49: 1933, 17, 1
1 48 50: 1933, 17, 1
1 48 51: 1933, 17, 1
1 48 52: 1933, 17, 1
1 48 53: 1933, 17, 1
1 48 54: 1933, 12, 3
1 48 55: 1793, 18, 3
1 48 61: 321, 22, 3
1 49 30: 1846, 5, 1
1 49 30: 1902, 0, 1
1 49 31: 1846, 4, 3
1 49 32: 994, 0, 1
1 49 37: 994, 0, 3
1 49 38: 1846, 4, 1
1 49 39: 1846, 5, 3
1 49 39: 1902, 0, 3
1 49 45: 1793, 18, 1
1 49 46: 1933, 12, 1
1 49 47: 1933, 17, 1
1 49 48: 1933, 17, 1
1 49 49: 1933, 17, 1
1 49 50: 1933, 17, 1
1 49 51: 1933, 17, 1
1 49 52: 1933, 17, 1
1 49 53: 1933, 17, 1
1 49 54: 1933, 12, 3
1 49 55: 1793, 18, 3
1 49 56: 1823, 4, 2
1 49 61: 320, 22, 0
1 50 30: 1902, 0, 1
1 50 31: 196, 4, 3
1 50 32: 994, 0, 1
1 50 37: 994, 0, 3
1 50 38: 196, 4, 1
1 50 39: 1902, 0, 3
1 50 45: 1793, 18, 1
1 50 46: 1933, 12, 1
1 50 47: 1933, 17, 1
1 50 48: 1933, 17, 1
1 50 49: 1933, 17, 1
1 50 50: 1933, 17, 1
1 50 51: 1933, 17, 1
1 50 52: 1933, 17, 1
1 50 53: 1933, 17, 1
1 50 54: 1933, 12, 3
1 50 55: 196, 5, 0
1 50 55: 1902, 2, 3
1 50 56: 1824, 5, 0
1 50 56: 1902, 0, 0
1 50 57: 196, 5, 0
1 50 57: 1902, 2, 0
1 50 61: 321, 22, 2
1 51 30: 1846, 5, 1
1 51 30: 1902, 0, 1
1 51 31: 1846, 4, 3
1 51 32: 994, 0, 1
1 51 37: 994, 0, 3
1 51 38: 1846, 4, 1
1 51 39: 1846, 5, 3
1 51 39: 1902, 0, 3
1 51 45: 1793, 18, 1
1 51 46: 1933, 12, 1
1 51 47: 1933, 17, 1
1 51 48: 1933, 17, 1
1 51 49: 1933, 17, 1
1 51 50: 1933, 15, 3
1 51 51: 1933, 12, 0
1 51 52: 1933, 12, 0
1 51 53: 1933, 12, 0
1 51 54: 1933, 16, 3
1 51 55: 1902, 0, 3
1 51 56: 1746, 10, 0
1 51 57: 1902, 0, 1
1 51 61: 320, 22, 3
1 52 30: 1902, 0, 1
1 52 31: 196, 4, 3
1 52 32: 994, 0, 1
1 52 37: 994, 0, 3
1 52 38: 196, 4, 1
1 52 39: 1902, 0, 3
1 52 45: 1793, 18, 1
1 52 46: 1933, 12, 1
1 52 47: 1933, 17, 1
1 52 48: 1933, 14, 3
1 52 49: 1933, 12, 0
1 52 50: 1823, 4, 1
1 52 50: 1933, 16, 3
1 52 51: 1824, 5, 3
1 52 51: 1902, 2, 3
1 52 52: 196, 5, 0
1 52 52: 1902, 0, 0
1 52 53: 1902, 0, 0
1 52 54: 196, 5, 0
1 52 54: 1902, 0, 0
1 52 55: 1902, 3, 3
1 52 57: 1824, 5, 1
1 52 57: 1902, 0, 1
1 52 58: 1823, 4, 3
1 53 30: 1846, 5, 1
1 53 30: 1902, 0, 1
1 53 31: 1846, 4, 3
1 53 32: 994, 3, 0
1 53 33: 994, 0, 0
1 53 34: 994, 0, 0
1 53 35: 994, 0, 0
1 53 36: 994, 0, 0
1 53 37: 994, 3, 3
1 53 38: 1846, 4, 1
1 53 39: 1846, 5, 3
1 53 39: 1902, 0, 3
1 53 45: 1793, 18, 1
1 53 46: 1933, 16, 0
1 53 47: 1933, 12, 0
1 53 48: 1933, 16, 3
1 53 49: 1793, 20, 3
1 53 50: 1793, 20, 0
1 53 51: 1902, 0, 3
1 53 55: 1902, 3, 1
1 53 56: 1902, 0, 2
1 53 57: 196, 5, 2
1 53 57: 1902, 2, 1
1 53 61: 321, 22, 1
1 54 30: 1902, 0, 1
1 54 31: 196, 4, 3
1 54 38: 196, 4, 1
1 54 39: 1902, 0, 3
1 54 45: 1793, 21, 0
1 54 46: 1793, 18, 0
1 54 47: 1793, 18, 0
1 54 48: 1793, 18, 0
1 54 49: 1793, 21, 3
1 54 50: 1793, 18, 1
1 54 51: 1902, 0, 3
1 54 52: 1747, 10, 0
1 54 54: 595, 10, 2
1 54 55: 1902, 0, 1
1 54 56: 1793, 18, 3
1 54 61: 320, 22, 2
1 55 30: 1846, 5, 1
1 55 30: 1902, 0, 1
1 55 31: 1846, 4, 3
1 55 33: 416, 10, 1
1 55 38: 1846, 4, 1
1 55 39: 1846, 5, 3
1 55 39: 1902, 0, 3
1 55 50: 1793, 18, 1
1 55 50: 1823, 4, 1
1 55 51: 1824, 5, 3
1 55 51: 1902, 2, 2
1 55 52: 196, 5, 2
1 55 52: 1902, 0, 2
1 55 53: 1902, 0, 2
1 55 54: 1824, 5, 2
1 55 54: 1902, 0, 2
1 55 55: 1088, 11, 0
1 55 55: 1902, 2, 1
1 55 56: 1793, 18, 3
1 56 30: 1902, 0, 1
1 56 31: 1902, 0, 2
1 56 32: 196, 5, 2
1 56 32: 1902, 0, 2
1 56 33: 1846, 5, 2
1 56 33: 1902, 0, 2
1 56 34: 1902, 0, 2
1 56 35: 1902, 0, 2
1 56 36: 1846, 5, 2
1 56 36: 1902, 0, 2
1 56 37: 196, 5, 2
1 56 37: 1902, 0, 2
1 56 38: 1902, 0, 2
1 56 39: 1902, 0, 3
1 56 50: 1793, 18, 1
1 56 51: 1933, 12, 1
1 56 52: 1933, 17, 3
1 56 53: 1933, 12, 3
1 56 54: 1793, 20, 3
1 56 54: 1823, 4, 0
1 56 55: 1793, 18, 0
1 56 56: 1793, 21, 3
1 56 61: 320, 22, 1
1 57 31: 1602, 3, 3
1 57 33: 1793, 18, 1
1 57 33: 1846, 4, 0
1 57 34: 1933, 12, 0
1 57 35: 1933, 12, 0
1 57 36: 1793, 18, 3
1 57 36: 1846, 4, 0
1 57 38: 1602, 3, 0
1 57 50: 1793, 18, 1
1 57 51: 1933, 16, 0
1 57 52: 1933, 12, 0
1 57 53: 1933, 16, 3
1 57 54: 1793, 18, 3
1 57 62: 321, 22, 3
1 58 33: 1793, 19, 0
1 58 34: 1793, 18, 0
1 58 35: 1793, 18, 0
1 58 36: 1793, 19, 3
1 58 50: 1793, 21, 0
1 58 51: 1793, 18, 0
1 58 52: 1793, 18, 0
1 58 53: 1793, 18, 0
1 58 54: 1793, 21, 3
1 58 62: 320, 22, 0
1 59 62: 321, 22, 2
1 60 62: 320, 22, 3
1 61 62: 320, 22, 2
1 62 62: 321, 22, 1
1 63 62: 320, 22, 2
2 0 10: 1793, 21, 1
2 0 11: 1793, 18, 2
2 0 12: 1793, 18, 2
2 0 13: 1793, 18, 2
2 0 14: 1793, 18, 2
2 0 15: 1793, 21, 2
2 1 10: 1793, 18, 1
2 1 11: 1933, 16, 1
2 1 12: 1933, 12, 2
2 1 13: 1933, 12, 2
2 1 14: 1933, 16, 2
2 1 15: 1793, 18, 3
2 2 10: 1793, 18, 1
2 2 11: 1933, 12, 1
2 2 12: 1933, 17, 3
2 2 13: 1933, 17, 3
2 2 14: 1933, 12, 3
2 2 15: 1793, 18, 3
2 3 9: 1923, 2, 3
2 3 10: 1923, 2, 0
2 3 11: 1933, 12, 1
2 3 12: 1933, 17, 3
2 3 13: 1933, 17, 3
2 3 14: 1933, 12, 3
2 3 15: 1793, 18, 3
2 4 9: 1923, 2, 2
2 4 10: 1923, 2, 1
2 4 11: 1933, 12, 1
2 4 12: 1933, 17, 3
2 4 13: 1933, 17, 3
2 4 14: 1933, 12, 3
2 4 15: 1793, 18, 3
2 5 10: 1793, 18, 1
2 5 11: 1933, 12, 1
2 5 12: 1933, 17, 3
2 5 13: 1933, 17, 3
2 5 14: 1933, 12, 3
2 5 15: 1793, 18, 3
2 6 10: 1793, 18, 1
2 6 11: 1933, 16, 0
2 6 12: 1933, 12, 0
2 6 13: 1933, 12, 0
2 6 14: 1933, 16, 3
2 6 15: 1793, 18, 3
2 7 10: 1793, 21, 0
2 7 11: 1793, 18, 0
2 7 12: 1793, 18, 0
2 7 13: 1793, 18, 0
2 7 14: 1793, 18, 0
2 7 15: 1793, 21, 3
2 7 46: 1792, 19, 1
2 7 47: 1792, 18, 2
2 7 48: 1792, 18, 2
2 7 49: 1792, 18, 2
2 7 50: 1792, 18, 2
2 7 51: 1792, 18, 2
2 7 52: 1792, 19, 2
2 8 46: 1792, 18, 1
2 8 47: 1926, 16, 1
2 8 48: 1604, 12, 2
2 8 49: 1604, 12, 2
2 8 50: 1604, 12, 2
2 8 51: 1604, 12, 2
2 8 52: 1604, 13, 2
2 8 53: 1792, 19, 2
2 9 46: 1792, 18, 1
2 9 47: 1604, 12, 1
2 9 48: 1605, 17, 2
2 9 49: 1604, 17, 3
2 9 50: 1604, 17, 3
2 9 51: 1604, 17, 2
2 9 52: 1926, 14, 2
2 9 53: 1604, 13, 2
2 9 54: 1792, 19, 2
2 10 46: 1792, 18, 1
2 10 47: 1604, 12, 1
2 10 48: 1605, 17, 2
2 10 49: 1604, 17, 3
2 10 50: 1604, 17, 3
2 10 51: 1604, 17, 3
2 10 52: 1604, 17, 3
2 10 53: 1604, 12, 3
2 10 54: 1792, 18, 3
2 11 46: 1792, 18, 1
2 11 47: 1604, 12, 1
2 11 48: 1605, 17, 2
2 11 49: 1604, 17, 3
2 11 50: 1604, 17, 3
2 11 51: 1604, 17, 3
2 11 52: 1604, 17, 3
2 11 53: 1604, 12, 3
2 11 54: 1792, 18, 3
2 12 46: 1792, 18, 1
2 12 47: 1604, 12, 1
2 12 48: 1605, 17, 2
2 12 49: 1604, 17, 3
2 12 50: 1604, 17, 3
2 12 51: 1604, 17, 3
2 12 52: 1604, 17, 3
2 12 53: 1604, 12, 3
2 12 54: 1792, 18, 3
2 13 46: 1792, 18, 1
2 13 47: 1604, 12, 1
2 13 48: 1605, 17, 2
2 13 49: 1926, 15, 3
2 13 50: 1604, 12, 0
2 13 51: 1604, 12, 0
2 13 52: 1604, 12, 0
2 13 53: 1926, 16, 3
2 13 54: 1792, 18, 3
2 14 46: 1792, 18, 1
2 14 47: 1604, 12, 1
2 14 48: 1605, 17, 2
2 14 49: 1604, 12, 3
2 14 50: 1792, 20, 3
2 14 51: 1792, 18, 0
2 14 52: 1792, 18, 0
2 14 53: 1792, 18, 0
2 14 54: 1792, 19, 3
2 15 46: 1792, 18, 1
2 15 47: 1604, 12, 1
2 15 48: 1605, 17, 2
2 15 49: 1604, 12, 3
2 15 50: 1792, 18, 3
2 16 46: 1792, 18, 1
2 16 47: 1604, 12, 1
2 16 48: 1605, 17, 2
2 16 49: 1604, 12, 3
2 16 50: 1792, 18, 3
2 17 32: 1602, 3, 2
2 17 34: 1602, 3, 2
2 17 36: 1602, 3, 1
2 17 46: 1792, 18, 1
2 17 47: 1926, 16, 0
2 17 48: 1604, 12, 0
2 17 49: 1926, 16, 3
2 17 50: 1792, 18, 3
2 18 29: 1602, 3, 0
2 18 30: 994, 2, 3
2 18 30: 1158, 10, 0
2 18 31: 994, 0, 0
2 18 32: 994, 0, 0
2 18 32: 1106, 10, 3
2 18 33: 994, 0, 0
2 18 34: 994, 0, 0
2 18 35: 994, 0, 0
2 18 36: 994, 0, 0
2 18 37: 994, 0, 0
2 18 38: 994, 2, 0
2 18 38: 1158, 10, 1
2 18 39: 1602, 3, 3
2 18 46: 1792, 19, 0
2 18 47: 1792, 18, 0
2 18 48: 1792, 18, 0
2 18 49: 1792, 18, 0
2 18 50: 1792, 19, 3
2 19 30: 994, 0, 3
2 19 31: 1870, 10, 1
2 19 35: 593, 10, 2
2 19 37: 1870, 10, 2
2 19 38: 994, 0, 1
2 20 29: 1602, 3, 0
2 20 30: 994, 0, 3
2 20 31: 994, 3, 1
2 20 32: 994, 0, 2
2 20 37: 1102, 10, 1
2 20 38: 994, 0, 1
2 20 39: 1602, 3, 3
2 21 29: 1602, 3, 1
2 21 30: 994, 0, 3
2 21 31: 994, 0, 1
2 21 33: 1740, 10, 3
2 21 35: 1102, 10, 3
2 21 38: 994, 0, 1
2 21 39: 1602, 3, 2
2 22 30: 994, 0, 3
2 22 31: 994, 3, 0
2 22 31: 1870, 10, 0
2 22 32: 994, 0, 0
2 22 37: 1870, 10, 3
2 22 38: 994, 0, 1
2 23 29: 1602, 3, 1
2 23 30: 994, 2, 2
2 23 30: 1158, 10, 2
2 23 31: 994, 0, 2
2 23 32: 994, 0, 2
2 23 33: 994, 3, 2
2 23 35: 593, 10, 1
2 23 37: 1102, 10, 3
2 23 38: 994, 0, 1
2 23 39: 1602, 3, 2
2 24 31: 1602, 3, 3
2 24 33: 994, 0, 3
2 24 34: 1102, 10, 2
2 24 38: 994, 0, 1
2 25 33: 994, 9, 2
2 25 34: 994, 0, 2
2 25 34: 1870, 10, 1
2 25 35: 994, 0, 2
2 25 35: 1102, 10, 1
2 25 36: 994, 0, 2
2 25 36: 1102, 10, 0
2 25 37: 994, 0, 2
2 25 37: 1870, 10, 1
2 25 38: 994, 9, 1
2 42 50: 1793, 21, 1
2 42 51: 1793, 18, 2
2 42 52: 1793, 18, 2
2 42 53: 1793, 18, 2
2 42 54: 1793, 18, 2
2 42 55: 1793, 18, 2
2 42 56: 1793, 21, 2
2 43 32: 1793, 18, 1
2 43 33: 1933, 12, 1
2 43 34: 1933, 17, 2
2 43 35: 1933, 17, 2
2 43 36: 1933, 12, 3
2 43 37: 1793, 18, 3
2 43 50: 1793, 18, 1
2 43 51: 1933, 16, 1
2 43 52: 1933, 12, 2
2 43 53: 1933, 12, 2
2 43 54: 1933, 12, 2
2 43 55: 1933, 16, 2
2 43 56: 1793, 18, 3
2 44 32: 1793, 18, 1
2 44 33: 1933, 12, 1
2 44 36: 1933, 12, 3
2 44 37: 1793, 18, 3
2 44 50: 1793, 18, 1
2 44 51: 1933, 12, 1
2 44 52: 1933, 17, 3
2 44 53: 1933, 17, 3
2 44 54: 1933, 17, 3
2 44 55: 1933, 12, 3
2 44 56: 1793, 18, 3
2 45 32: 1793, 18, 1
2 45 33: 1933, 12, 1
2 45 36: 1933, 12, 3
2 45 37: 1793, 18, 3
2 45 50: 1793, 18, 1
2 45 51: 1933, 16, 0
2 45 52: 1933, 12, 0
2 45 53: 1933, 12, 0
2 45 54: 1933, 12, 0
2 45 55: 1933, 16, 3
2 45 56: 1793, 18, 3
2 46 32: 1793, 18, 1
2 46 33: 1933, 12, 1
2 46 36: 1933, 12, 3
2 46 37: 1793, 18, 3
2 46 50: 1793, 21, 0
2 46 51: 1793, 18, 0
2 46 52: 1793, 18, 0
2 46 53: 1793, 18, 0
2 46 54: 1793, 18, 0
2 46 55: 1793, 18, 0
2 46 56: 1793, 21, 3
2 47 30: 1793, 21, 1
2 47 31: 1793, 18, 2
2 47 32: 1793, 20, 1
2 47 33: 1933, 12, 1
2 47 36: 1933, 12, 3
2 47 37: 1793, 20, 2
2 47 38: 1793, 18, 2
2 47 39: 1793, 21, 2
2 48 30: 1793, 18, 1
2 48 31: 1933, 16, 1
2 48 32: 1933, 12, 2
2 48 33: 1933, 15, 1
2 48 36: 1933, 15, 2
2 48 37: 1933, 12, 2
2 48 38: 1933, 16, 2
2 48 39: 1793, 18, 3
2 49 30: 1793, 18, 1
2 49 31: 1933, 12, 1
2 49 32: 1933, 17, 2
2 49 37: 1933, 17, 2
2 49 38: 1933, 12, 3
2 49 39: 1793, 18, 3
2 49 54: 1793, 21, 1
2 49 55: 1793, 18, 2
2 49 56: 1793, 18, 2
2 49 57: 1793, 18, 2
2 49 58: 1793, 21, 2
2 50 30: 1793, 18, 1
2 50 31: 1933, 12, 1
2 50 32: 1933, 17, 2
2 50 37: 1933, 17, 2
2 50 38: 1933, 12, 3
2 50 39: 1793, 18, 3
2 50 54: 1793, 18, 1
2 50 55: 1933, 16, 1
2 50 56: 1933, 12, 2
2 50 57: 1933, 16, 2
2 50 58: 1793, 18, 3
2 51 30: 1793, 18, 1
2 51 31: 1933, 12, 1
2 51 32: 1933, 17, 2
2 51 37: 1933, 17, 2
2 51 38: 1933, 12, 3
2 51 39: 1793, 18, 3
2 51 50: 1793, 21, 1
2 51 51: 1793, 18, 2
2 51 52: 1793, 18, 2
2 51 52: 1823, 4, 2
2 51 53: 1793, 18, 2
2 51 54: 1793, 20, 1
2 51 54: 1823, 4, 2
2 51 55: 1933, 12, 1
2 51 56: 1933, 17, 3
2 51 57: 1933, 12, 3
2 51 58: 1793, 18, 3
2 52 30: 1793, 18, 1
2 52 31: 1933, 12, 1
2 52 32: 1933, 17, 2
2 52 37: 1933, 17, 2
2 52 38: 1933, 12, 3
2 52 39: 1793, 18, 3
2 52 50: 1793, 18, 1
2 52 50: 1823, 4, 1
2 52 51: 1824, 5, 3
2 52 51: 1902, 2, 3
2 52 52: 1824, 5, 0
2 52 52: 1902, 0, 0
2 52 53: 196, 5, 0
2 52 53: 1902, 0, 0
2 52 54: 1824, 5, 0
2 52 54: 1902, 2, 3
2 52 55: 196, 5, 1
2 52 55: 1902, 2, 0
2 52 56: 1933, 17, 3
2 52 57: 1933, 12, 3
2 52 58: 1793, 18, 3
2 53 30: 1793, 18, 1
2 53 31: 1933, 12, 1
2 53 32: 1933, 17, 2
2 53 37: 1933, 17, 2
2 53 38: 1933, 12, 3
2 53 39: 1793, 18, 3
2 53 50: 1793, 18, 1
2 53 51: 1902, 0, 3
2 53 54: 997, 0, 3
2 53 55: 375, 10, 2
2 53 55: 1902, 0, 1
2 53 56: 1933, 12, 0
2 53 57: 1933, 16, 3
2 53 58: 1793, 18, 3
2 54 30: 1793, 18, 1
2 54 31: 1933, 12, 1
2 54 32: 1933, 17, 2
2 54 37: 1933, 17, 2
2 54 38: 1933, 12, 3
2 54 39: 1793, 18, 3
2 54 50: 959, 5, 1
2 54 50: 1793, 18, 1
2 54 51: 1902, 0, 3
2 54 52: 1746, 10, 0
2 54 54: 997, 0, 3
2 54 55: 375, 10, 2
2 54 55: 1902, 0, 1
2 54 56: 1793, 20, 3
2 54 57: 1793, 18, 0
2 54 58: 1793, 21, 3
2 55 30: 1793, 18, 1
2 55 31: 1933, 12, 1
2 55 32: 1933, 17, 2
2 55 37: 1933, 17, 2
2 55 38: 1933, 12, 3
2 55 39: 1793, 18, 3
2 55 50: 1793, 18, 1
2 55 50: 1823, 4, 1
2 55 51: 1824, 5, 3
2 55 51: 1902, 2, 2
2 55 52: 1824, 5, 2
2 55 52: 1902, 0, 2
2 55 53: 196, 5, 2
2 55 53: 1902, 0, 2
2 55 54: 1824, 5, 2
2 55 54: 1902, 2, 2
2 55 55: 196, 5, 1
2 55 55: 1902, 2, 1
2 55 56: 1793, 18, 3
2 56 30: 1793, 18, 1
2 56 31: 1933, 12, 1
2 56 32: 1933, 17, 2
2 56 33: 1933, 17, 2
2 56 34: 1933, 17, 2
2 56 35: 1933, 17, 2
2 56 36: 1933, 17, 2
2 56 37: 1933, 17, 2
2 56 38: 1933, 12, 3
2 56 39: 1793, 18, 3
2 56 50: 1793, 21, 0
2 56 51: 1793, 18, 0
2 56 52: 1793, 18, 0
2 56 52: 1823, 4, 0
2 56 53: 1793, 18, 0
2 56 54: 1793, 18, 0
2 56 54: 1823, 4, 0
2 56 55: 1793, 18, 0
2 56 56: 1793, 21, 3
3 3 9: 1913, 2, 3
3 3 10: 1913, 2, 0
3 4 9: 1913, 2, 2
3 4 10: 1913, 2, 1
3 17 29: 1793, 21, 1
3 17 30: 1793, 18, 2
3 17 31: 1793, 18, 2
3 17 32: 1793, 18, 2
3 17 33: 1793, 18, 2
3 17 34: 1793, 18, 2
3 17 35: 1793, 18, 2
3 17 36: 1793, 18, 2
3 17 37: 1793, 18, 2
3 17 38: 1793, 18, 2
3 17 39: 1793, 21, 2
3 18 29: 1793, 18, 1
3 18 30: 1933, 16, 1
3 18 31: 1933, 12, 2
3 18 32: 1933, 12, 2
3 18 33: 1933, 12, 2
3 18 34: 1933, 12, 2
3 18 35: 1933, 12, 2
3 18 36: 1933, 12, 2
3 18 37: 1933, 12, 2
3 18 38: 1933, 16, 2
3 18 39: 1793, 18, 3
3 19 29: 1793, 18, 1
3 19 30: 1933, 12, 1
3 19 31: 1933, 17, 2
3 19 32: 1933, 17, 2
3 19 33: 1933, 17, 2
3 19 34: 1933, 17, 2
3 19 35: 1933, 17, 2
3 19 36: 1933, 17, 2
3 19 37: 1933, 17, 2
3 19 38: 1933, 12, 3
3 19 39: 1793, 18, 3
3 20 29: 1793, 18, 1
3 20 30: 1933, 12, 1
3 20 31: 1933, 17, 2
3 20 32: 1933, 17, 2
3 20 33: 1933, 17, 2
3 20 34: 1933, 17, 2
3 20 35: 1933, 17, 2
3 20 36: 1933, 17, 2
3 20 37: 1933, 17, 2
3 20 38: 1933, 12, 3
3 20 39: 1793, 18, 3
3 21 29: 1793, 18, 1
3 21 30: 1933, 12, 1
3 21 31: 1933, 17, 2
3 21 32: 1933, 17, 2
3 21 33: 1933, 17, 2
3 21 34: 1933, 17, 2
3 21 35: 1933, 17, 2
3 21 36: 1933, 17, 2
3 21 37: 1933, 17, 2
3 21 38: 1933, 12, 3
3 21 39: 1793, 18, 3
3 22 29: 1793, 18, 1
3 22 30: 1933, 12, 1
3 22 31: 1933, 17, 2
3 22 32: 1933, 17, 2
3 22 33: 1933, 17, 2
3 22 34: 1933, 17, 2
3 22 35: 1933, 17, 2
3 22 36: 1933, 17, 2
3 22 37: 1933, 17, 2
3 22 38: 1933, 12, 3
3 22 39: 1793, 18, 3
3 23 29: 1793, 18, 1
3 23 30: 1933, 16, 0
3 23 31: 1640, 12, 0
3 23 32: 1640, 12, 0
3 23 33: 1933, 14, 0
3 23 34: 1933, 17, 2
3 23 35: 1933, 17, 2
3 23 36: 1933, 17, 2
3 23 37: 1933, 17, 2
3 23 38: 1933, 12, 3
3 23 39: 1793, 18, 3
3 24 29: 1793, 21, 0
3 24 30: 1793, 18, 0
3 24 31: 1793, 18, 0
3 24 32: 1793, 20, 0
3 24 33: 1933, 12, 1
3 24 34: 1933, 17, 1
3 24 35: 1933, 17, 2
3 24 36: 1933, 17, 2
3 24 37: 1933, 17, 2
3 24 38: 1933, 12, 3
3 24 39: 1793, 18, 3
3 25 32: 1793, 19, 0
3 25 33: 1933, 13, 0
3 25 34: 1933, 12, 0
3 25 35: 1933, 12, 0
3 25 36: 1933, 12, 0
3 25 37: 1933, 12, 0
3 25 38: 1933, 13, 3
3 25 39: 1793, 19, 3
3 26 33: 1793, 19, 0
3 26 34: 1793, 18, 0
3 26 35: 1793, 18, 0
3 26 36: 1793, 18, 0
3 26 37: 1793, 18, 0
3 26 38: 1793, 19, 3
3 43 34: 1933, 12, 1
3 43 35: 1933, 12, 3
3 44 34: 1933, 12, 1
3 44 35: 1933, 12, 3
3 44 53: 685, 10, 3
3 45 34: 1933, 12, 1
3 45 35: 1933, 12, 3
3 46 34: 1933, 12, 1
3 46 35: 1933, 12, 3
3 47 34: 1933, 12, 1
3 47 35: 1933, 12, 3
3 48 34: 1933, 12, 1
3 48 35: 1933, 12, 3
3 49 33: 1933, 16, 1
3 49 34: 1933, 15, 1
3 49 35: 1933, 15, 2
3 49 36: 1933, 16, 2
3 50 33: 1933, 12, 1
3 50 34: 1933, 17, 2
3 50 35: 1933, 17, 2
3 50 36: 1933, 12, 3
3 51 33: 1933, 12, 1
3 51 34: 1933, 17, 2
3 51 35: 1933, 17, 2
3 51 36: 1933, 12, 3
3 51 50: 1793, 21, 1
3 51 51: 1793, 18, 2
3 51 52: 1793, 18, 2
3 51 53: 1793, 18, 2
3 51 54: 1793, 18, 2
3 51 55: 1793, 18, 2
3 51 56: 1793, 21, 2
3 52 33: 1933, 12, 1
3 52 34: 1933, 17, 2
3 52 35: 1933, 17, 2
3 52 36: 1933, 12, 3
3 52 50: 1793, 18, 1
3 52 51: 1933, 16, 1
3 52 52: 1933, 12, 2
3 52 53: 1933, 12, 2
3 52 54: 1933, 12, 2
3 52 55: 1933, 16, 2
3 52 56: 1793, 18, 3
3 53 33: 1933, 12, 1
3 53 34: 1933, 17, 2
3 53 35: 1933, 17, 2
3 53 36: 1933, 12, 3
3 53 50: 1793, 18, 1
3 53 51: 1933, 12, 1
3 53 52: 1933, 17, 3
3 53 53: 1933, 17, 3
3 53 54: 1933, 17, 3
3 53 55: 1933, 12, 3
3 53 56: 1793, 18, 3
3 54 33: 1933, 12, 1
3 54 34: 1933, 17, 2
3 54 35: 1933, 17, 2
3 54 36: 1933, 12, 3
3 54 50: 1793, 18, 1
3 54 51: 1933, 12, 1
3 54 52: 1933, 17, 3
3 54 53: 1933, 17, 3
3 54 54: 1933, 17, 3
3 54 55: 1933, 12, 3
3 54 56: 1793, 18, 3
3 55 33: 1933, 12, 1
3 55 34: 1933, 17, 2
3 55 35: 1933, 17, 2
3 55 36: 1933, 12, 3
3 55 50: 1793, 18, 1
3 55 51: 1933, 16, 0
3 55 52: 1933, 12, 0
3 55 53: 1933, 12, 0
3 55 54: 1933, 12, 0
3 55 55: 1933, 16, 3
3 55 56: 1793, 18, 3
3 56 33: 1933, 12, 1
3 56 34: 1933, 17, 2
3 56 35: 1933, 17, 2
3 56 36: 1933, 12, 3
3 56 50: 1793, 21, 0
3 56 51: 1793, 18, 0
3 56 52: 1793, 18, 0
3 56 53: 1793, 18, 0
3 56 54: 1793, 18, 0
3 56 55: 1793, 18, 0
3 56 56: 1793, 21, 3
