0 0 0: 1434, 10, 0
0 0 1: 1434, 10, 0
0 0 2: 1434, 10, 0
0 0 3: 1434, 10, 0
0 0 4: 1434, 10, 0
0 0 5: 1434, 10, 0
0 0 6: 1434, 10, 0
0 0 7: 1434, 10, 0
0 0 8: 1434, 10, 0
0 0 9: 1434, 10, 0
0 0 10: 1434, 10, 0
0 0 11: 1434, 10, 0
0 0 12: 1434, 10, 0
0 0 13: 1434, 10, 0
0 0 14: 1434, 10, 0
0 0 15: 1434, 10, 0
0 0 16: 1434, 10, 0
0 0 17: 1434, 10, 0
0 0 18: 1434, 10, 0
0 0 19: 1434, 10, 0
0 0 20: 1434, 10, 0
0 0 21: 1434, 10, 0
0 0 22: 1434, 10, 0
0 0 23: 1434, 10, 0
0 0 24: 1434, 10, 0
0 0 25: 1434, 10, 0
0 0 26: 1434, 10, 0
0 0 27: 1434, 10, 0
0 0 28: 1434, 10, 0
0 0 29: 1434, 10, 0
0 0 30: 1434, 10, 0
0 0 31: 1434, 10, 0
0 0 32: 1434, 10, 0
0 0 33: 1434, 10, 0
0 0 34: 1434, 10, 0
0 0 35: 1434, 10, 0
0 0 36: 1434, 10, 0
0 0 37: 1434, 10, 0
0 0 38: 1434, 10, 0
0 0 39: 1434, 10, 0
0 0 40: 1434, 10, 0
0 0 41: 1434, 10, 0
0 0 42: 1434, 10, 0
0 0 43: 1434, 10, 0
0 0 44: 1434, 10, 0
0 0 45: 1434, 10, 0
0 0 46: 1434, 10, 0
0 0 47: 1434, 10, 0
0 0 48: 1434, 10, 0
0 0 49: 1434, 10, 0
0 0 50: 1434, 10, 0
0 0 51: 1434, 10, 0
0 0 52: 1434, 10, 0
0 0 53: 1434, 10, 0
0 0 54: 1434, 10, 0
0 0 55: 1434, 10, 0
0 0 56: 1434, 10, 0
0 0 57: 1434, 10, 0
0 0 58: 1434, 10, 0
0 0 59: 1434, 10, 0
0 0 60: 1434, 10, 0
0 0 61: 1434, 10, 0
0 0 62: 1434, 10, 0
0 0 63: 1434, 10, 0
0 1 0: 1434, 10, 0
0 1 1: 1434, 10, 0
0 1 2: 1434, 10, 0
0 1 3: 1434, 10, 0
0 1 4: 1434, 10, 0
0 1 5: 1434, 10, 0
0 1 6: 1434, 10, 0
0 1 7: 1434, 10, 0
0 1 8: 1434, 10, 0
0 1 9: 1434, 10, 0
0 1 10: 1434, 10, 0
0 1 11: 1434, 10, 0
0 1 12: 1434, 10, 0
0 1 13: 1434, 10, 0
0 1 14: 1434, 10, 0
0 1 15: 1434, 10, 0
0 1 16: 1434, 10, 0
0 1 17: 1434, 10, 0
0 1 18: 1434, 10, 0
0 1 19: 1434, 10, 0
0 1 20: 1434, 10, 0
0 1 21: 1434, 10, 0
0 1 22: 1434, 10, 0
0 1 23: 1434, 10, 0
0 1 24: 1434, 10, 0
0 1 25: 1434, 10, 0
0 1 26: 1434, 10, 0
0 1 27: 1434, 10, 0
0 1 28: 1434, 10, 0
0 1 29: 1434, 10, 0
0 1 30: 1434, 10, 0
0 1 31: 1434, 10, 0
0 1 32: 1434, 10, 0
0 1 33: 1434, 10, 0
0 1 34: 1434, 10, 0
0 1 35: 1434, 10, 0
0 1 36: 1434, 10, 0
0 1 37: 1434, 10, 0
0 1 38: 1434, 10, 0
0 1 39: 1434, 10, 0
0 1 40: 1434, 10, 0
0 1 41: 1434, 10, 0
0 1 42: 1434, 10, 0
0 1 43: 1434, 10, 0
0 1 44: 1434, 10, 0
0 1 45: 1434, 10, 0
0 1 46: 1434, 10, 0
0 1 47: 1434, 10, 0
0 1 48: 1434, 10, 0
0 1 49: 1434, 10, 0
0 1 50: 1434, 10, 0
0 1 51: 1434, 10, 0
0 1 52: 1434, 10, 0
0 1 53: 1434, 10, 0
0 1 54: 1434, 10, 0
0 1 55: 1434, 10, 0
0 1 56: 1434, 10, 0
0 1 57: 1434, 10, 0
0 1 58: 1434, 10, 0
0 1 59: 1434, 10, 0
0 1 60: 1434, 10, 0
0 1 61: 1434, 10, 0
0 1 62: 1434, 10, 0
0 1 63: 1434, 10, 0
0 2 0: 1434, 10, 0
0 2 1: 1434, 10, 0
0 2 2: 1434, 10, 0
0 2 3: 1434, 10, 0
0 2 4: 1434, 10, 0
0 2 5: 1434, 10, 0
0 2 6: 1434, 10, 0
0 2 7: 1434, 10, 0
0 2 8: 1434, 10, 0
0 2 9: 1434, 10, 0
0 2 10: 1434, 10, 0
0 2 11: 1434, 10, 0
0 2 12: 1434, 10, 0
0 2 13: 1434, 10, 0
0 2 14: 1434, 10, 0
0 2 15: 1434, 10, 0
0 2 16: 1434, 10, 0
0 2 17: 1434, 10, 0
0 2 18: 1434, 10, 0
0 2 19: 1434, 10, 0
0 2 20: 1434, 10, 0
0 2 21: 1434, 10, 0
0 2 22: 1434, 10, 0
0 2 23: 1434, 10, 0
0 2 24: 1434, 10, 0
0 2 25: 1434, 10, 0
0 2 26: 1434, 10, 0
0 2 27: 1434, 10, 0
0 2 28: 1434, 10, 0
0 2 29: 1434, 10, 0
0 2 30: 1434, 10, 0
0 2 31: 1434, 10, 0
0 2 32: 1434, 10, 0
0 2 33: 1434, 10, 0
0 2 34: 1434, 10, 0
0 2 35: 1434, 10, 0
0 2 36: 1434, 10, 0
0 2 37: 1434, 10, 0
0 2 38: 1434, 10, 0
0 2 39: 1434, 10, 0
0 2 40: 1434, 10, 0
0 2 41: 1434, 10, 0
0 2 42: 1434, 10, 0
0 2 43: 1434, 10, 0
0 2 44: 1434, 10, 0
0 2 45: 1434, 10, 0
0 2 46: 1434, 10, 0
0 2 47: 1434, 10, 0
0 2 48: 1434, 10, 0
0 2 49: 1434, 10, 0
0 2 50: 1434, 10, 0
0 2 51: 1434, 10, 0
0 2 52: 1434, 10, 0
0 2 53: 1434, 10, 0
0 2 54: 1434, 10, 0
0 2 55: 1434, 10, 0
0 2 56: 1434, 10, 0
0 2 57: 1434, 10, 0
0 2 58: 1434, 10, 0
0 2 59: 1434, 10, 0
0 2 60: 1434, 10, 0
0 2 61: 1434, 10, 0
0 2 62: 1434, 10, 0
0 2 63: 1434, 10, 0
0 3 0: 1434, 10, 0
0 3 1: 1434, 10, 0
0 3 2: 1434, 10, 0
0 3 3: 1434, 10, 0
0 3 4: 1434, 10, 0
0 3 5: 1434, 10, 0
0 3 6: 1434, 10, 0
0 3 7: 1434, 10, 0
0 3 8: 1434, 10, 0
0 3 9: 1434, 10, 0
0 3 10: 1434, 10, 0
0 3 11: 1434, 10, 0
0 3 12: 1434, 10, 0
0 3 13: 1434, 10, 0
0 3 14: 1434, 10, 0
0 3 15: 1434, 10, 0
0 3 16: 1434, 10, 0
0 3 17: 1434, 10, 0
0 3 18: 1434, 10, 0
0 3 19: 1434, 10, 0
0 3 20: 1434, 10, 0
0 3 21: 1434, 10, 0
0 3 22: 1434, 10, 0
0 3 23: 1434, 10, 0
0 3 24: 1434, 10, 0
0 3 25: 1434, 10, 0
0 3 26: 1434, 10, 0
0 3 27: 1434, 10, 0
0 3 28: 1434, 10, 0
0 3 29: 1434, 10, 0
0 3 30: 1434, 10, 0
0 3 31: 1434, 10, 0
0 3 32: 1434, 10, 0
0 3 33: 1434, 10, 0
0 3 34: 1434, 10, 0
0 3 35: 1434, 10, 0
0 3 36: 1434, 10, 0
0 3 37: 1434, 10, 0
0 3 38: 1434, 10, 0
0 3 39: 1434, 10, 0
0 3 40: 1434, 10, 0
0 3 41: 1434, 10, 0
0 3 42: 1434, 10, 0
0 3 43: 1434, 10, 0
0 3 44: 1434, 10, 0
0 3 45: 1434, 10, 0
0 3 46: 1434, 10, 0
0 3 47: 1434, 10, 0
0 3 48: 1434, 10, 0
0 3 49: 1434, 10, 0
0 3 50: 1434, 10, 0
0 3 51: 1434, 10, 0
0 3 52: 1434, 10, 0
0 3 53: 1434, 10, 0
0 3 54: 1434, 10, 0
0 3 55: 1434, 10, 0
0 3 56: 1434, 10, 0
0 3 57: 1434, 10, 0
0 3 58: 1434, 10, 0
0 3 59: 1434, 10, 0
0 3 60: 1434, 10, 0
0 3 61: 1434, 10, 0
0 3 62: 1434, 10, 0
0 3 63: 1434, 10, 0
0 4 0: 1434, 10, 0
0 4 1: 1434, 10, 0
0 4 2: 1434, 10, 0
0 4 3: 1434, 10, 0
0 4 4: 1434, 10, 0
0 4 5: 1434, 10, 0
0 4 6: 1434, 10, 0
0 4 7: 1434, 10, 0
0 4 8: 1434, 10, 0
0 4 9: 1434, 10, 0
0 4 10: 1434, 10, 0
0 4 11: 1434, 10, 0
0 4 12: 1434, 10, 0
0 4 13: 1434, 10, 0
0 4 14: 1434, 10, 0
0 4 15: 1434, 10, 0
0 4 16: 1434, 10, 0
0 4 17: 1434, 10, 0
0 4 18: 1434, 10, 0
0 4 19: 1434, 10, 0
0 4 20: 1434, 10, 0
0 4 21: 1434, 10, 0
0 4 22: 1434, 10, 0
0 4 23: 1434, 10, 0
0 4 24: 1434, 10, 0
0 4 25: 1434, 10, 0
0 4 26: 1434, 10, 0
0 4 27: 1434, 10, 0
0 4 28: 1434, 10, 0
0 4 29: 1434, 10, 0
0 4 30: 1434, 10, 0
0 4 31: 1434, 10, 0
0 4 32: 1434, 10, 0
0 4 33: 1434, 10, 0
0 4 34: 1434, 10, 0
0 4 35: 1434, 10, 0
0 4 36: 1434, 10, 0
0 4 37: 1434, 10, 0
0 4 38: 1434, 10, 0
0 4 39: 1434, 10, 0
0 4 40: 1434, 10, 0
0 4 41: 1434, 10, 0
0 4 42: 1434, 10, 0
0 4 43: 1434, 10, 0
0 4 44: 1434, 10, 0
0 4 45: 1434, 10, 0
0 4 46: 1434, 10, 0
0 4 47: 1434, 10, 0
0 4 48: 1434, 10, 0
0 4 49: 1434, 10, 0
0 4 50: 1434, 10, 0
0 4 51: 1434, 10, 0
0 4 52: 1434, 10, 0
0 4 53: 1434, 10, 0
0 4 54: 1434, 10, 0
0 4 55: 1434, 10, 0
0 4 56: 1434, 10, 0
0 4 57: 1434, 10, 0
0 4 58: 1434, 10, 0
0 4 59: 1434, 10, 0
0 4 60: 1434, 10, 0
0 4 61: 1434, 10, 0
0 4 62: 1434, 10, 0
0 4 63: 1434, 10, 0
0 5 0: 1434, 10, 0
0 5 1: 1434, 10, 0
0 5 2: 1434, 10, 0
0 5 3: 1434, 10, 0
0 5 4: 1434, 10, 0
0 5 5: 1434, 10, 0
0 5 6: 1434, 10, 0
0 5 7: 1434, 10, 0
0 5 8: 1434, 10, 0
0 5 9: 1434, 10, 0
0 5 10: 1434, 10, 0
0 5 11: 1434, 10, 0
0 5 12: 1434, 10, 0
0 5 13: 1434, 10, 0
0 5 14: 1434, 10, 0
0 5 15: 1434, 10, 0
0 5 16: 1434, 10, 0
0 5 17: 1434, 10, 0
0 5 18: 1434, 10, 0
0 5 19: 1434, 10, 0
0 5 20: 1434, 10, 0
0 5 21: 1434, 10, 0
0 5 22: 1434, 10, 0
0 5 23: 1434, 10, 0
0 5 24: 1434, 10, 0
0 5 25: 1434, 10, 0
0 5 26: 1434, 10, 0
0 5 27: 1434, 10, 0
0 5 28: 1434, 10, 0
0 5 29: 1434, 10, 0
0 5 30: 1434, 10, 0
0 5 31: 1434, 10, 0
0 5 32: 1434, 10, 0
0 5 33: 1434, 10, 0
0 5 34: 1434, 10, 0
0 5 35: 1434, 10, 0
0 5 36: 1434, 10, 0
0 5 37: 1434, 10, 0
0 5 38: 1434, 10, 0
0 5 39: 1434, 10, 0
0 5 40: 1434, 10, 0
0 5 41: 1434, 10, 0
0 5 42: 1434, 10, 0
0 5 43: 1434, 10, 0
0 5 44: 1434, 10, 0
0 5 45: 1434, 10, 0
0 5 46: 1434, 10, 0
0 5 47: 1434, 10, 0
0 5 48: 1434, 10, 0
0 5 49: 1434, 10, 0
0 5 50: 1434, 10, 0
0 5 51: 1434, 10, 0
0 5 52: 1434, 10, 0
0 5 53: 1434, 10, 0
0 5 54: 1434, 10, 0
0 5 55: 1434, 10, 0
0 5 56: 1434, 10, 0
0 5 57: 1434, 10, 0
0 5 58: 1434, 10, 0
0 5 59: 1434, 10, 0
0 5 60: 1434, 10, 0
0 5 61: 1434, 10, 0
0 5 62: 1434, 10, 0
0 5 63: 1434, 10, 0
0 6 0: 1434, 10, 0
0 6 1: 1434, 10, 0
0 6 2: 1434, 10, 0
0 6 3: 1434, 10, 0
0 6 4: 1434, 10, 0
0 6 5: 1434, 10, 0
0 6 6: 1434, 10, 0
0 6 7: 1434, 10, 0
0 6 8: 1434, 10, 0
0 6 9: 1434, 10, 0
0 6 10: 1434, 10, 0
0 6 11: 1434, 10, 0
0 6 12: 1434, 10, 0
0 6 13: 1434, 10, 0
0 6 14: 1434, 10, 0
0 6 15: 1434, 10, 0
0 6 16: 1434, 10, 0
0 6 17: 1434, 10, 0
0 6 18: 1434, 10, 0
0 6 19: 1434, 10, 0
0 6 20: 1434, 10, 0
0 6 21: 1434, 10, 0
0 6 22: 1434, 10, 0
0 6 23: 1434, 10, 0
0 6 24: 1434, 10, 0
0 6 25: 1434, 10, 0
0 6 26: 1434, 10, 0
0 6 27: 1434, 10, 0
0 6 28: 1434, 10, 0
0 6 29: 1434, 10, 0
0 6 30: 1434, 10, 0
0 6 31: 1434, 10, 0
0 6 32: 1434, 10, 0
0 6 33: 1434, 10, 0
0 6 34: 1434, 10, 0
0 6 35: 1434, 10, 0
0 6 36: 1434, 10, 0
0 6 37: 1434, 10, 0
0 6 38: 1434, 10, 0
0 6 39: 1434, 10, 0
0 6 40: 1434, 10, 0
0 6 41: 1434, 10, 0
0 6 42: 1434, 10, 0
0 6 43: 1434, 10, 0
0 6 44: 1434, 10, 0
0 6 45: 1434, 10, 0
0 6 46: 1434, 10, 0
0 6 47: 1434, 10, 0
0 6 48: 1434, 10, 0
0 6 49: 1434, 10, 0
0 6 50: 1434, 10, 0
0 6 51: 1434, 10, 0
0 6 52: 1434, 10, 0
0 6 53: 1434, 10, 0
0 6 54: 1434, 10, 0
0 6 55: 1434, 10, 0
0 6 56: 1434, 10, 0
0 6 57: 1434, 10, 0
0 6 58: 1434, 10, 0
0 6 59: 1434, 10, 0
0 6 60: 1434, 10, 0
0 6 61: 1434, 10, 0
0 6 62: 1434, 10, 0
0 6 63: 1434, 10, 0
0 7 0: 1434, 10, 0
0 7 1: 1434, 10, 0
0 7 2: 1434, 10, 0
0 7 3: 1434, 10, 0
0 7 4: 1434, 10, 0
0 7 5: 1434, 10, 0
0 7 6: 1434, 10, 0
0 7 7: 1434, 10, 0
0 7 8: 1434, 10, 0
0 7 9: 1434, 10, 0
0 7 10: 1434, 10, 0
0 7 11: 1434, 10, 0
0 7 12: 1434, 10, 0
0 7 13: 1434, 10, 0
0 7 14: 1434, 10, 0
0 7 15: 1434, 10, 0
0 7 16: 1434, 10, 0
0 7 17: 1434, 10, 0
0 7 18: 1434, 10, 0
0 7 19: 1434, 10, 0
0 7 20: 1434, 10, 0
0 7 21: 1434, 10, 0
0 7 22: 1434, 10, 0
0 7 23: 1434, 10, 0
0 7 24: 1434, 10, 0
0 7 25: 1434, 10, 0
0 7 26: 1434, 10, 0
0 7 27: 1434, 10, 0
0 7 28: 1434, 10, 0
0 7 29: 1434, 10, 0
0 7 30: 1434, 10, 0
0 7 31: 1434, 10, 0
0 7 32: 1434, 10, 0
0 7 33: 1434, 10, 0
0 7 34: 1434, 10, 0
0 7 35: 1434, 10, 0
0 7 36: 1434, 10, 0
0 7 37: 1434, 10, 0
0 7 38: 1434, 10, 0
0 7 39: 1434, 10, 0
0 7 40: 1434, 10, 0
0 7 41: 1434, 10, 0
0 7 42: 1434, 10, 0
0 7 43: 1434, 10, 0
0 7 44: 1434, 10, 0
0 7 45: 1434, 10, 0
0 7 46: 1434, 10, 0
0 7 47: 1434, 10, 0
0 7 48: 1434, 10, 0
0 7 49: 1434, 10, 0
0 7 50: 1434, 10, 0
0 7 51: 1434, 10, 0
0 7 52: 1434, 10, 0
0 7 53: 1434, 10, 0
0 7 54: 1434, 10, 0
0 7 55: 1434, 10, 0
0 7 56: 1434, 10, 0
0 7 57: 1434, 10, 0
0 7 58: 1434, 10, 0
0 7 59: 1434, 10, 0
0 7 60: 1434, 10, 0
0 7 61: 1434, 10, 0
0 7 62: 1434, 10, 0
0 7 63: 1434, 10, 0
0 8 0: 1434, 10, 0
0 8 1: 1434, 10, 0
0 8 2: 1434, 10, 0
0 8 3: 1434, 10, 0
0 8 4: 1434, 10, 0
0 8 5: 1434, 10, 0
0 8 6: 1434, 10, 0
0 8 7: 1434, 10, 0
0 8 8: 1434, 10, 0
0 8 9: 1434, 10, 0
0 8 10: 1434, 10, 0
0 8 11: 1434, 10, 0
0 8 12: 1434, 10, 0
0 8 13: 1434, 10, 0
0 8 14: 1434, 10, 0
0 8 15: 1434, 10, 0
0 8 16: 1434, 10, 0
0 8 17: 1434, 10, 0
0 8 18: 1434, 10, 0
0 8 19: 1434, 10, 0
0 8 20: 1434, 10, 0
0 8 21: 1434, 10, 0
0 8 22: 1434, 10, 0
0 8 23: 1434, 10, 0
0 8 24: 1434, 10, 0
0 8 25: 1434, 10, 0
0 8 26: 1434, 10, 0
0 8 27: 1434, 10, 0
0 8 28: 1434, 10, 0
0 8 29: 1434, 10, 0
0 8 30: 1434, 10, 0
0 8 31: 1434, 10, 0
0 8 32: 1434, 10, 0
0 8 33: 1434, 10, 0
0 8 34: 1434, 10, 0
0 8 35: 1434, 10, 0
0 8 36: 1434, 10, 0
0 8 37: 1434, 10, 0
0 8 38: 1434, 10, 0
0 8 39: 1434, 10, 0
0 8 40: 1434, 10, 0
0 8 41: 1434, 10, 0
0 8 42: 1434, 10, 0
0 8 43: 1434, 10, 0
0 8 44: 1434, 10, 0
0 8 45: 1434, 10, 0
0 8 46: 1434, 10, 0
0 8 47: 1434, 10, 0
0 8 48: 1434, 10, 0
0 8 49: 1434, 10, 0
0 8 50: 1434, 10, 0
0 8 51: 1434, 10, 0
0 8 52: 1434, 10, 0
0 8 53: 1434, 10, 0
0 8 54: 1434, 10, 0
0 8 55: 1434, 10, 0
0 8 56: 1434, 10, 0
0 8 57: 1434, 10, 0
0 8 58: 1434, 10, 0
0 8 59: 1434, 10, 0
0 8 60: 1434, 10, 0
0 8 61: 1434, 10, 0
0 8 62: 1434, 10, 0
0 8 63: 1434, 10, 0
0 9 0: 1434, 10, 0
0 9 1: 1434, 10, 0
0 9 2: 1434, 10, 0
0 9 3: 1434, 10, 0
0 9 4: 1434, 10, 0
0 9 5: 1434, 10, 0
0 9 6: 1434, 10, 0
0 9 7: 1434, 10, 0
0 9 8: 1434, 10, 0
0 9 9: 1434, 10, 0
0 9 10: 1434, 10, 0
0 9 11: 1434, 10, 0
0 9 12: 1434, 10, 0
0 9 13: 1434, 10, 0
0 9 14: 1434, 10, 0
0 9 15: 1434, 10, 0
0 9 16: 1434, 10, 0
0 9 17: 1434, 10, 0
0 9 18: 1434, 10, 0
0 9 19: 1434, 10, 0
0 9 20: 1434, 10, 0
0 9 21: 1434, 10, 0
0 9 22: 1434, 10, 0
0 9 23: 1434, 10, 0
0 9 24: 1434, 10, 0
0 9 25: 1434, 10, 0
0 9 26: 1434, 10, 0
0 9 27: 1434, 10, 0
0 9 28: 1434, 10, 0
0 9 29: 1434, 10, 0
0 9 30: 1434, 10, 0
0 9 31: 1434, 10, 0
0 9 32: 1434, 10, 0
0 9 33: 1434, 10, 0
0 9 34: 1434, 10, 0
0 9 35: 1434, 10, 0
0 9 36: 1434, 10, 0
0 9 37: 1434, 10, 0
0 9 38: 1434, 10, 0
0 9 39: 1434, 10, 0
0 9 40: 1434, 10, 0
0 9 41: 1434, 10, 0
0 9 42: 1434, 10, 0
0 9 43: 1434, 10, 0
0 9 44: 1434, 10, 0
0 9 45: 1434, 10, 0
0 9 46: 1434, 10, 0
0 9 47: 1434, 10, 0
0 9 48: 1434, 10, 0
0 9 49: 1434, 10, 0
0 9 50: 1434, 10, 0
0 9 51: 1434, 10, 0
0 9 52: 1434, 10, 0
0 9 53: 1434, 10, 0
0 9 54: 1434, 10, 0
0 9 55: 1434, 10, 0
0 9 56: 1434, 10, 0
0 9 57: 1434, 10, 0
0 9 58: 1434, 10, 0
0 9 59: 1434, 10, 0
0 9 60: 1434, 10, 0
0 9 61: 1434, 10, 0
0 9 62: 1434, 10, 0
0 9 63: 1434, 10, 0
0 10 0: 1434, 10, 0
0 10 1: 1434, 10, 0
0 10 2: 1434, 10, 0
0 10 3: 1434, 10, 0
0 10 4: 1434, 10, 0
0 10 5: 1434, 10, 0
0 10 6: 1434, 10, 0
0 10 7: 1434, 10, 0
0 10 8: 1434, 10, 0
0 10 9: 1434, 10, 0
0 10 10: 1434, 10, 0
0 10 11: 1434, 10, 0
0 10 12: 1434, 10, 0
0 10 13: 1434, 10, 0
0 10 14: 1434, 10, 0
0 10 15: 1434, 10, 0
0 10 16: 1434, 10, 0
0 10 17: 1434, 10, 0
0 10 18: 1434, 10, 0
0 10 19: 1434, 10, 0
0 10 20: 1434, 10, 0
0 10 21: 1434, 10, 0
0 10 22: 1434, 10, 0
0 10 23: 1434, 10, 0
0 10 24: 1434, 10, 0
0 10 25: 1434, 10, 0
0 10 26: 1434, 10, 0
0 10 27: 1434, 10, 0
0 10 28: 1434, 10, 0
0 10 29: 1434, 10, 0
0 10 30: 1434, 10, 0
0 10 31: 1434, 10, 0
0 10 32: 1434, 10, 0
0 10 33: 1434, 10, 0
0 10 34: 1434, 10, 0
0 10 35: 1434, 10, 0
0 10 36: 1434, 10, 0
0 10 37: 1434, 10, 0
0 10 38: 1434, 10, 0
0 10 39: 1434, 10, 0
0 10 40: 1434, 10, 0
0 10 41: 1434, 10, 0
0 10 42: 1434, 10, 0
0 10 43: 1434, 10, 0
0 10 44: 1434, 10, 0
0 10 45: 1434, 10, 0
0 10 46: 1434, 10, 0
0 10 47: 1434, 10, 0
0 10 48: 1434, 10, 0
0 10 49: 1434, 10, 0
0 10 50: 1434, 10, 0
0 10 51: 1434, 10, 0
0 10 52: 1434, 10, 0
0 10 53: 1434, 10, 0
0 10 54: 1434, 10, 0
0 10 55: 1434, 10, 0
0 10 56: 1434, 10, 0
0 10 57: 1434, 10, 0
0 10 58: 1434, 10, 0
0 10 59: 1434, 10, 0
0 10 60: 1434, 10, 0
0 10 61: 1434, 10, 0
0 10 62: 1434, 10, 0
0 10 63: 1434, 10, 0
0 11 0: 1434, 10, 0
0 11 1: 1434, 10, 0
0 11 2: 1434, 10, 0
0 11 3: 1434, 10, 0
0 11 4: 1434, 10, 0
0 11 5: 1434, 10, 0
0 11 6: 1434, 10, 0
0 11 7: 1434, 10, 0
0 11 8: 1434, 10, 0
0 11 9: 1434, 10, 0
0 11 10: 1434, 10, 0
0 11 11: 1434, 10, 0
0 11 12: 1434, 10, 0
0 11 13: 1434, 10, 0
0 11 14: 1434, 10, 0
0 11 15: 1434, 10, 0
0 11 16: 1434, 10, 0
0 11 17: 1434, 10, 0
0 11 18: 1434, 10, 0
0 11 19: 1434, 10, 0
0 11 20: 1434, 10, 0
0 11 21: 1434, 10, 0
0 11 22: 1434, 10, 0
0 11 23: 1434, 10, 0
0 11 24: 1434, 10, 0
0 11 25: 1434, 10, 0
0 11 26: 1434, 10, 0
0 11 27: 1434, 10, 0
0 11 28: 1434, 10, 0
0 11 29: 1434, 10, 0
0 11 30: 1434, 10, 0
0 11 31: 1434, 10, 0
0 11 32: 1434, 10, 0
0 11 33: 1434, 10, 0
0 11 34: 1434, 10, 0
0 11 35: 1434, 10, 0
0 11 36: 1434, 10, 0
0 11 37: 1434, 10, 0
0 11 38: 1434, 10, 0
0 11 39: 1434, 10, 0
0 11 40: 1434, 10, 0
0 11 41: 1434, 10, 0
0 11 42: 1434, 10, 0
0 11 43: 1434, 10, 0
0 11 44: 1434, 10, 0
0 11 45: 1434, 10, 0
0 11 46: 1434, 10, 0
0 11 47: 1434, 10, 0
0 11 48: 1434, 10, 0
0 11 49: 1434, 10, 0
0 11 50: 1434, 10, 0
0 11 51: 1434, 10, 0
0 11 52: 1434, 10, 0
0 11 53: 1434, 10, 0
0 11 54: 1434, 10, 0
0 11 55: 1434, 10, 0
0 11 56: 1434, 10, 0
0 11 57: 1434, 10, 0
0 11 58: 1434, 10, 0
0 11 59: 1434, 10, 0
0 11 60: 1434, 10, 0
0 11 61: 1434, 10, 0
0 11 62: 1434, 10, 0
0 11 63: 1434, 10, 0
0 12 0: 1434, 10, 0
0 12 1: 1434, 10, 0
0 12 2: 1434, 10, 0
0 12 3: 1434, 10, 0
0 12 4: 1434, 10, 0
0 12 5: 1434, 10, 0
0 12 6: 1434, 10, 0
0 12 7: 1434, 10, 0
0 12 8: 1434, 10, 0
0 12 9: 1434, 10, 0
0 12 10: 1434, 10, 0
0 12 11: 1434, 10, 0
0 12 12: 1434, 10, 0
0 12 13: 1434, 10, 0
0 12 14: 1434, 10, 0
0 12 15: 1434, 10, 0
0 12 16: 1434, 10, 0
0 12 17: 1434, 10, 0
0 12 18: 1434, 10, 0
0 12 19: 1434, 10, 0
0 12 20: 1434, 10, 0
0 12 21: 1434, 10, 0
0 12 22: 1434, 10, 0
0 12 23: 1434, 10, 0
0 12 24: 1434, 10, 0
0 12 25: 1434, 10, 0
0 12 26: 1434, 10, 0
0 12 27: 1434, 10, 0
0 12 28: 1434, 10, 0
0 12 29: 1434, 10, 0
0 12 30: 1434, 10, 0
0 12 31: 1434, 10, 0
0 12 32: 1434, 10, 0
0 12 33: 1434, 10, 0
0 12 34: 1434, 10, 0
0 12 35: 1434, 10, 0
0 12 36: 1434, 10, 0
0 12 37: 1434, 10, 0
0 12 38: 1434, 10, 0
0 12 39: 1434, 10, 0
0 12 40: 1434, 10, 0
0 12 41: 1434, 10, 0
0 12 42: 1434, 10, 0
0 12 43: 1434, 10, 0
0 12 44: 1434, 10, 0
0 12 45: 1434, 10, 0
0 12 46: 1434, 10, 0
0 12 47: 1434, 10, 0
0 12 48: 1434, 10, 0
0 12 49: 1434, 10, 0
0 12 50: 1434, 10, 0
0 12 51: 1434, 10, 0
0 12 52: 1434, 10, 0
0 12 53: 1434, 10, 0
0 12 54: 1434, 10, 0
0 12 55: 1434, 10, 0
0 12 56: 1434, 10, 0
0 12 57: 1434, 10, 0
0 12 58: 1434, 10, 0
0 12 59: 1434, 10, 0
0 12 60: 1434, 10, 0
0 12 61: 1434, 10, 0
0 12 62: 1434, 10, 0
0 12 63: 1434, 10, 0
0 13 0: 1434, 10, 0
0 13 1: 1434, 10, 0
0 13 2: 1434, 10, 0
0 13 3: 1434, 10, 0
0 13 4: 1434, 10, 0
0 13 5: 1434, 10, 0
0 13 6: 1434, 10, 0
0 13 7: 1434, 10, 0
0 13 8: 1434, 10, 0
0 13 9: 1434, 10, 0
0 13 10: 1434, 10, 0
0 13 11: 1434, 10, 0
0 13 12: 1434, 10, 0
0 13 13: 1434, 10, 0
0 13 14: 1434, 10, 0
0 13 15: 1434, 10, 0
0 13 16: 1434, 10, 0
0 13 17: 1434, 10, 0
0 13 18: 1434, 10, 0
0 13 19: 1434, 10, 0
0 13 20: 1434, 10, 0
0 13 21: 1434, 10, 0
0 13 22: 1434, 10, 0
0 13 23: 1434, 10, 0
0 13 24: 1434, 10, 0
0 13 25: 1434, 10, 0
0 13 26: 1434, 10, 0
0 13 27: 1434, 10, 0
0 13 28: 1434, 10, 0
0 13 29: 1434, 10, 0
0 13 30: 1434, 10, 0
0 13 31: 1434, 10, 0
0 13 32: 1434, 10, 0
0 13 33: 1434, 10, 0
0 13 34: 1434, 10, 0
0 13 35: 1434, 10, 0
0 13 36: 1434, 10, 0
0 13 37: 1434, 10, 0
0 13 38: 1434, 10, 0
0 13 39: 1434, 10, 0
0 13 40: 1434, 10, 0
0 13 41: 1434, 10, 0
0 13 42: 1434, 10, 0
0 13 43: 1434, 10, 0
0 13 44: 1434, 10, 0
0 13 45: 1434, 10, 0
0 13 46: 1434, 10, 0
0 13 47: 1434, 10, 0
0 13 48: 1434, 10, 0
0 13 49: 1434, 10, 0
0 13 50: 1434, 10, 0
0 13 51: 1434, 10, 0
0 13 52: 1434, 10, 0
0 13 53: 1434, 10, 0
0 13 54: 1434, 10, 0
0 13 55: 1434, 10, 0
0 13 56: 1434, 10, 0
0 13 57: 1434, 10, 0
0 13 58: 1434, 10, 0
0 13 59: 1434, 10, 0
0 13 60: 1434, 10, 0
0 13 61: 1434, 10, 0
0 13 62: 1434, 10, 0
0 13 63: 1434, 10, 0
0 14 0: 1434, 10, 0
0 14 1: 1434, 10, 0
0 14 2: 1434, 10, 0
0 14 3: 1434, 10, 0
0 14 4: 1434, 10, 0
0 14 5: 1434, 10, 0
0 14 6: 1434, 10, 0
0 14 7: 1434, 10, 0
0 14 8: 1434, 10, 0
0 14 9: 1434, 10, 0
0 14 10: 1434, 10, 0
0 14 11: 1434, 10, 0
0 14 12: 1434, 10, 0
0 14 13: 1434, 10, 0
0 14 14: 1434, 10, 0
0 14 15: 1434, 10, 0
0 14 16: 1434, 10, 0
0 14 17: 1434, 10, 0
0 14 18: 1434, 10, 0
0 14 19: 1434, 10, 0
0 14 20: 1434, 10, 0
0 14 21: 1434, 10, 0
0 14 22: 1434, 10, 0
0 14 23: 1434, 10, 0
0 14 24: 1434, 10, 0
0 14 25: 1434, 10, 0
0 14 26: 1434, 10, 0
0 14 27: 1434, 10, 0
0 14 28: 1434, 10, 0
0 14 29: 1434, 10, 0
0 14 30: 1434, 10, 0
0 14 31: 1434, 10, 0
0 14 32: 1434, 10, 0
0 14 33: 1434, 10, 0
0 14 34: 1434, 10, 0
0 14 35: 1434, 10, 0
0 14 36: 1434, 10, 0
0 14 37: 1434, 10, 0
0 14 38: 1434, 10, 0
0 14 39: 1434, 10, 0
0 14 40: 1434, 10, 0
0 14 41: 1434, 10, 0
0 14 42: 1434, 10, 0
0 14 43: 1434, 10, 0
0 14 44: 1434, 10, 0
0 14 45: 1434, 10, 0
0 14 46: 1434, 10, 0
0 14 47: 1434, 10, 0
0 14 48: 1434, 10, 0
0 14 49: 1434, 10, 0
0 14 50: 1434, 10, 0
0 14 51: 1434, 10, 0
0 14 52: 1434, 10, 0
0 14 53: 1434, 10, 0
0 14 54: 1434, 10, 0
0 14 55: 1434, 10, 0
0 14 56: 1434, 10, 0
0 14 57: 1434, 10, 0
0 14 58: 1434, 10, 0
0 14 59: 1434, 10, 0
0 14 60: 1434, 10, 0
0 14 61: 1434, 10, 0
0 14 62: 1434, 10, 0
0 14 63: 1434, 10, 0
0 15 0: 1434, 10, 0
0 15 1: 1434, 10, 0
0 15 2: 1434, 10, 0
0 15 3: 1434, 10, 0
0 15 4: 1434, 10, 0
0 15 5: 1434, 10, 0
0 15 6: 1434, 10, 0
0 15 7: 1434, 10, 0
0 15 8: 1434, 10, 0
0 15 9: 1434, 10, 0
0 15 10: 1434, 10, 0
0 15 11: 1434, 10, 0
0 15 12: 1434, 10, 0
0 15 13: 1434, 10, 0
0 15 14: 1434, 10, 0
0 15 15: 1434, 10, 0
0 15 16: 1434, 10, 0
0 15 17: 1434, 10, 0
0 15 18: 1434, 10, 0
0 15 19: 1434, 10, 0
0 15 20: 1434, 10, 0
0 15 21: 1434, 10, 0
0 15 22: 1434, 10, 0
0 15 23: 1434, 10, 0
0 15 24: 1434, 10, 0
0 15 25: 1434, 10, 0
0 15 26: 1434, 10, 0
0 15 27: 1434, 10, 0
0 15 28: 1434, 10, 0
0 15 29: 1434, 10, 0
0 15 30: 1434, 10, 0
0 15 31: 1434, 10, 0
0 15 32: 1434, 10, 0
0 15 33: 1434, 10, 0
0 15 34: 1434, 10, 0
0 15 35: 1434, 10, 0
0 15 45: 1434, 10, 0
0 15 46: 1434, 10, 0
0 15 47: 1434, 10, 0
0 15 48: 1434, 10, 0
0 15 49: 1434, 10, 0
0 15 50: 1434, 10, 0
0 15 51: 1434, 10, 0
0 15 52: 1434, 10, 0
0 15 53: 1434, 10, 0
0 15 54: 1434, 10, 0
0 15 55: 1434, 10, 0
0 15 56: 1434, 10, 0
0 15 57: 1434, 10, 0
0 15 58: 1434, 10, 0
0 15 59: 1434, 10, 0
0 15 60: 1434, 10, 0
0 15 61: 1434, 10, 0
0 15 62: 1434, 10, 0
0 15 63: 1434, 10, 0
0 16 0: 1434, 10, 0
0 16 1: 1434, 10, 0
0 16 2: 1434, 10, 0
0 16 3: 1434, 10, 0
0 16 4: 1434, 10, 0
0 16 5: 1434, 10, 0
0 16 6: 1434, 10, 0
0 16 7: 1434, 10, 0
0 16 8: 1434, 10, 0
0 16 9: 1434, 10, 0
0 16 10: 1434, 10, 0
0 16 11: 1434, 10, 0
0 16 12: 1434, 10, 0
0 16 13: 1434, 10, 0
0 16 14: 1434, 10, 0
0 16 15: 1434, 10, 0
0 16 16: 1434, 10, 0
0 16 17: 1434, 10, 0
0 16 18: 1434, 10, 0
0 16 19: 1434, 10, 0
0 16 20: 1434, 10, 0
0 16 21: 1434, 10, 0
0 16 22: 1434, 10, 0
0 16 23: 1434, 10, 0
0 16 24: 1434, 10, 0
0 16 25: 1434, 10, 0
0 16 26: 1434, 10, 0
0 16 27: 1434, 10, 0
0 16 28: 1434, 10, 0
0 16 29: 1434, 10, 0
0 16 30: 1434, 10, 0
0 16 31: 1434, 10, 0
0 16 32: 1434, 10, 0
0 16 33: 1434, 10, 0
0 16 34: 1434, 10, 0
0 16 35: 1434, 10, 0
0 16 36: 1658, 0, 1
0 16 37: 321, 22, 1
0 16 37: 362, 10, 1
0 16 37: 1659, 0, 0
0 16 38: 320, 22, 3
0 16 38: 362, 10, 0
0 16 38: 1659, 0, 0
0 16 38: 1872, 5, 0
0 16 39: 197, 5, 0
0 16 39: 320, 22, 1
0 16 39: 1659, 0, 0
0 16 40: 1659, 0, 0
0 16 41: 197, 5, 0
0 16 41: 320, 22, 0
0 16 41: 1659, 0, 0
0 16 42: 320, 22, 2
0 16 42: 1659, 0, 0
0 16 42: 1872, 5, 0
0 16 43: 321, 22, 0
0 16 43: 1658, 2, 0
0 16 45: 1434, 10, 0
0 16 46: 1434, 10, 0
0 16 47: 1434, 10, 0
0 16 48: 1434, 10, 0
0 16 49: 1434, 10, 0
0 16 50: 1434, 10, 0
0 16 51: 1434, 10, 0
0 16 52: 1434, 10, 0
0 16 53: 1434, 10, 0
0 16 54: 1434, 10, 0
0 16 55: 1434, 10, 0
0 16 56: 1434, 10, 0
0 16 57: 1434, 10, 0
0 16 58: 1434, 10, 0
0 16 59: 1434, 10, 0
0 16 60: 1434, 10, 0
0 16 61: 1434, 10, 0
0 16 62: 1434, 10, 0
0 16 63: 1434, 10, 0
0 17 0: 1434, 10, 0
0 17 1: 1434, 10, 0
0 17 2: 1434, 10, 0
0 17 3: 1434, 10, 0
0 17 4: 1434, 10, 0
0 17 5: 1434, 10, 0
0 17 6: 1434, 10, 0
0 17 7: 1434, 10, 0
0 17 8: 1434, 10, 0
0 17 9: 1434, 10, 0
0 17 10: 1434, 10, 0
0 17 11: 1434, 10, 0
0 17 12: 1434, 10, 0
0 17 13: 1434, 10, 0
0 17 14: 1434, 10, 0
0 17 15: 1434, 10, 0
0 17 16: 1434, 10, 0
0 17 17: 1434, 10, 0
0 17 18: 1434, 10, 0
0 17 19: 1434, 10, 0
0 17 20: 1434, 10, 0
0 17 21: 1434, 10, 0
0 17 22: 1434, 10, 0
0 17 23: 1434, 10, 0
0 17 24: 1434, 10, 0
0 17 25: 1434, 10, 0
0 17 26: 1434, 10, 0
0 17 27: 1434, 10, 0
0 17 28: 1434, 10, 0
0 17 29: 1434, 10, 0
0 17 30: 1434, 10, 0
0 17 31: 1434, 10, 0
0 17 32: 1434, 10, 0
0 17 33: 1434, 10, 0
0 17 34: 1434, 10, 0
0 17 35: 1434, 10, 0
0 17 36: 1658, 0, 1
0 17 37: 320, 22, 2
0 17 37: 1872, 4, 3
0 17 38: 320, 22, 1
0 17 42: 320, 22, 1
0 17 43: 320, 22, 3
0 17 43: 375, 10, 2
0 17 43: 1659, 0, 1
0 17 43: 1872, 5, 1
0 17 45: 1434, 10, 0
0 17 46: 1434, 10, 0
0 17 47: 1434, 10, 0
0 17 48: 1434, 10, 0
0 17 49: 1434, 10, 0
0 17 50: 1434, 10, 0
0 17 51: 1434, 10, 0
0 17 52: 1434, 10, 0
0 17 53: 1434, 10, 0
0 17 54: 1434, 10, 0
0 17 55: 1434, 10, 0
0 17 56: 1434, 10, 0
0 17 57: 1434, 10, 0
0 17 58: 1434, 10, 0
0 17 59: 1434, 10, 0
0 17 60: 1434, 10, 0
0 17 61: 1434, 10, 0
0 17 62: 1434, 10, 0
0 17 63: 1434, 10, 0
0 18 0: 1434, 10, 0
0 18 1: 1434, 10, 0
0 18 2: 1434, 10, 0
0 18 3: 1434, 10, 0
0 18 4: 1434, 10, 0
0 18 5: 1434, 10, 0
0 18 6: 1434, 10, 0
0 18 7: 1434, 10, 0
0 18 8: 1434, 10, 0
0 18 9: 1434, 10, 0
0 18 10: 1434, 10, 0
0 18 11: 1434, 10, 0
0 18 12: 1434, 10, 0
0 18 13: 1434, 10, 0
0 18 14: 1434, 10, 0
0 18 15: 1434, 10, 0
0 18 16: 1434, 10, 0
0 18 17: 1434, 10, 0
0 18 18: 1434, 10, 0
0 18 19: 1434, 10, 0
0 18 20: 1434, 10, 0
0 18 21: 1434, 10, 0
0 18 22: 1434, 10, 0
0 18 23: 1434, 10, 0
0 18 24: 1434, 10, 0
0 18 25: 1434, 10, 0
0 18 26: 1434, 10, 0
0 18 27: 1434, 10, 0
0 18 28: 1434, 10, 0
0 18 29: 1434, 10, 0
0 18 30: 1434, 10, 0
0 18 31: 1434, 10, 0
0 18 32: 1434, 10, 0
0 18 33: 1434, 10, 0
0 18 34: 1434, 10, 0
0 18 35: 1434, 10, 0
0 18 36: 1658, 0, 1
0 18 37: 357, 10, 0
0 18 43: 375, 10, 2
0 18 43: 1659, 0, 1
0 18 45: 1434, 10, 0
0 18 46: 1434, 10, 0
0 18 47: 1434, 10, 0
0 18 48: 1434, 10, 0
0 18 49: 1434, 10, 0
0 18 50: 1434, 10, 0
0 18 51: 1434, 10, 0
0 18 52: 1434, 10, 0
0 18 53: 1434, 10, 0
0 18 54: 1434, 10, 0
0 18 55: 1434, 10, 0
0 18 56: 1434, 10, 0
0 18 57: 1434, 10, 0
0 18 58: 1434, 10, 0
0 18 59: 1434, 10, 0
0 18 60: 1434, 10, 0
0 18 61: 1434, 10, 0
0 18 62: 1434, 10, 0
0 18 63: 1434, 10, 0
0 19 0: 1434, 10, 0
0 19 1: 1434, 10, 0
0 19 2: 1434, 10, 0
0 19 3: 1434, 10, 0
0 19 4: 1434, 10, 0
0 19 5: 1434, 10, 0
0 19 6: 1434, 10, 0
0 19 7: 1434, 10, 0
0 19 8: 1434, 10, 0
0 19 9: 1434, 10, 0
0 19 10: 1434, 10, 0
0 19 11: 1434, 10, 0
0 19 12: 1434, 10, 0
0 19 13: 1434, 10, 0
0 19 14: 1434, 10, 0
0 19 15: 1434, 10, 0
0 19 16: 1434, 10, 0
0 19 17: 1434, 10, 0
0 19 18: 1434, 10, 0
0 19 19: 1434, 10, 0
0 19 20: 1434, 10, 0
0 19 21: 1434, 10, 0
0 19 22: 1434, 10, 0
0 19 23: 1434, 10, 0
0 19 24: 1434, 10, 0
0 19 25: 1434, 10, 0
0 19 26: 1434, 10, 0
0 19 27: 1434, 10, 0
0 19 28: 1434, 10, 0
0 19 29: 1434, 10, 0
0 19 30: 1434, 10, 0
0 19 31: 1434, 10, 0
0 19 32: 1434, 10, 0
0 19 33: 1434, 10, 0
0 19 34: 1434, 10, 0
0 19 35: 1434, 10, 0
0 19 36: 1658, 0, 1
0 19 37: 320, 22, 0
0 19 37: 358, 10, 0
0 19 40: 320, 22, 1
0 19 43: 197, 5, 1
0 19 43: 1659, 0, 1
0 19 45: 1434, 10, 0
0 19 46: 1434, 10, 0
0 19 47: 1434, 10, 0
0 19 48: 1434, 10, 0
0 19 49: 1434, 10, 0
0 19 50: 1434, 10, 0
0 19 51: 1434, 10, 0
0 19 52: 1434, 10, 0
0 19 53: 1434, 10, 0
0 19 54: 1434, 10, 0
0 19 55: 1434, 10, 0
0 19 56: 1434, 10, 0
0 19 57: 1434, 10, 0
0 19 58: 1434, 10, 0
0 19 59: 1434, 10, 0
0 19 60: 1434, 10, 0
0 19 61: 1434, 10, 0
0 19 62: 1434, 10, 0
0 19 63: 1434, 10, 0
0 20 0: 1434, 10, 0
0 20 1: 1434, 10, 0
0 20 2: 1434, 10, 0
0 20 3: 1434, 10, 0
0 20 4: 1434, 10, 0
0 20 5: 1434, 10, 0
0 20 6: 1434, 10, 0
0 20 7: 1434, 10, 0
0 20 8: 1434, 10, 0
0 20 9: 1434, 10, 0
0 20 10: 1434, 10, 0
0 20 11: 1434, 10, 0
0 20 12: 1434, 10, 0
0 20 13: 1434, 10, 0
0 20 14: 1434, 10, 0
0 20 15: 1434, 10, 0
0 20 16: 1434, 10, 0
0 20 17: 1434, 10, 0
0 20 18: 1434, 10, 0
0 20 19: 1434, 10, 0
0 20 20: 1434, 10, 0
0 20 21: 1434, 10, 0
0 20 23: 1658, 0, 2
0 20 24: 1658, 0, 2
0 20 25: 1658, 0, 2
0 20 26: 1658, 0, 2
0 20 27: 1658, 0, 2
0 20 28: 1658, 0, 2
0 20 29: 1658, 0, 2
0 20 30: 1658, 0, 2
0 20 32: 1434, 10, 0
0 20 33: 1434, 10, 0
0 20 34: 1434, 10, 0
0 20 35: 1434, 10, 0
0 20 36: 1658, 0, 1
0 20 37: 321, 22, 3
0 20 37: 356, 10, 2
0 20 37: 1872, 4, 3
0 20 38: 320, 22, 1
0 20 39: 320, 22, 0
0 20 40: 321, 22, 1
0 20 41: 320, 22, 1
0 20 42: 320, 22, 0
0 20 43: 320, 22, 2
0 20 43: 1659, 0, 1
0 20 43: 1872, 5, 1
0 20 45: 1434, 10, 0
0 20 46: 1434, 10, 0
0 20 47: 1434, 10, 0
0 20 48: 1434, 10, 0
0 20 49: 1434, 10, 0
0 20 50: 1434, 10, 0
0 20 51: 1434, 10, 0
0 20 52: 1434, 10, 0
0 20 53: 1434, 10, 0
0 20 54: 1434, 10, 0
0 20 55: 1434, 10, 0
0 20 56: 1434, 10, 0
0 20 57: 1434, 10, 0
0 20 58: 1434, 10, 0
0 20 59: 1434, 10, 0
0 20 60: 1434, 10, 0
0 20 61: 1434, 10, 0
0 20 62: 1434, 10, 0
0 20 63: 1434, 10, 0
0 21 0: 1434, 10, 0
0 21 1: 1434, 10, 0
0 21 2: 1434, 10, 0
0 21 3: 1434, 10, 0
0 21 4: 1434, 10, 0
0 21 5: 1434, 10, 0
0 21 6: 1434, 10, 0
0 21 7: 1434, 10, 0
0 21 8: 1434, 10, 0
0 21 9: 1434, 10, 0
0 21 10: 1434, 10, 0
0 21 11: 1434, 10, 0
0 21 12: 1434, 10, 0
0 21 13: 1434, 10, 0
0 21 14: 1434, 10, 0
0 21 15: 1434, 10, 0
0 21 16: 1434, 10, 0
0 21 17: 1434, 10, 0
0 21 18: 1434, 10, 0
0 21 19: 1434, 10, 0
0 21 20: 1434, 10, 0
0 21 21: 1434, 10, 0
0 21 23: 321, 22, 1
0 21 23: 1659, 0, 3
0 21 24: 197, 4, 0
0 21 24: 320, 22, 0
0 21 28: 320, 22, 3
0 21 29: 197, 4, 0
0 21 29: 320, 22, 2
0 21 30: 321, 22, 2
0 21 30: 1659, 0, 1
0 21 31: 1658, 0, 2
0 21 32: 1658, 0, 2
0 21 33: 1658, 0, 2
0 21 34: 1658, 0, 2
0 21 35: 1658, 0, 2
0 21 36: 1659, 2, 1
0 21 37: 321, 22, 2
0 21 38: 197, 4, 2
0 21 38: 320, 22, 2
0 21 40: 320, 22, 3
0 21 42: 197, 4, 2
0 21 42: 320, 22, 3
0 21 42: 362, 10, 2
0 21 43: 321, 22, 3
0 21 43: 362, 10, 3
0 21 43: 1659, 0, 1
0 21 44: 1658, 0, 2
0 21 45: 1658, 0, 2
0 21 46: 1658, 0, 2
0 21 47: 1658, 0, 2
0 21 48: 1658, 0, 2
0 21 49: 1658, 0, 2
0 21 50: 1658, 0, 2
0 21 51: 1658, 0, 2
0 21 52: 1658, 0, 2
0 21 53: 1658, 0, 2
0 21 54: 1658, 0, 2
0 21 55: 1658, 0, 2
0 21 56: 1658, 0, 2
0 21 57: 1658, 0, 2
0 21 58: 1658, 0, 2
0 21 59: 1658, 0, 2
0 21 60: 1658, 1, 2
0 21 61: 1434, 10, 0
0 21 62: 1434, 10, 0
0 21 63: 1434, 10, 0
0 22 0: 1434, 10, 0
0 22 1: 1434, 10, 0
0 22 2: 1434, 10, 0
0 22 3: 1434, 10, 0
0 22 4: 1434, 10, 0
0 22 5: 1434, 10, 0
0 22 6: 1434, 10, 0
0 22 7: 1434, 10, 0
0 22 8: 1434, 10, 0
0 22 9: 1434, 10, 0
0 22 10: 1434, 10, 0
0 22 11: 1434, 10, 0
0 22 12: 1434, 10, 0
0 22 13: 1434, 10, 0
0 22 14: 1434, 10, 0
0 22 15: 1434, 10, 0
0 22 16: 1434, 10, 0
0 22 17: 1434, 10, 0
0 22 18: 1434, 10, 0
0 22 19: 1434, 10, 0
0 22 20: 1434, 10, 0
0 22 21: 1434, 10, 0
0 22 23: 320, 22, 1
0 22 23: 1659, 0, 3
0 22 30: 320, 22, 1
0 22 31: 320, 22, 0
0 22 32: 197, 4, 0
0 22 35: 197, 4, 0
0 22 36: 1631, 3, 0
0 22 37: 320, 22, 0
0 22 37: 1631, 0, 0
0 22 38: 321, 22, 0
0 22 38: 1631, 0, 0
0 22 38: 1872, 5, 0
0 22 39: 320, 22, 1
0 22 39: 3211, 0, 0
0 22 40: 3209, 0, 0
0 22 41: 1631, 0, 0
0 22 41: 1872, 5, 0
0 22 42: 1631, 0, 0
0 22 43: 1631, 0, 0
0 22 44: 1631, 3, 3
0 22 44: 1872, 4, 0
0 22 46: 320, 22, 3
0 22 48: 1872, 4, 0
0 22 51: 197, 4, 0
0 22 52: 357, 10, 1
0 22 52: 1872, 4, 0
0 22 53: 358, 10, 2
0 22 54: 357, 10, 2
0 22 56: 197, 4, 0
0 22 56: 333, 22, 2
0 22 57: 333, 22, 3
0 22 57: 1872, 4, 0
0 22 58: 333, 22, 1
0 22 59: 334, 22, 0
0 22 59: 666, 10, 0
0 22 60: 1658, 0, 3
0 22 61: 1434, 10, 0
0 22 62: 1434, 10, 0
0 22 63: 1434, 10, 0
0 23 0: 1434, 10, 0
0 23 1: 1434, 10, 0
0 23 2: 1434, 10, 0
0 23 3: 1434, 10, 0
0 23 4: 1434, 10, 0
0 23 5: 1434, 10, 0
0 23 6: 1434, 10, 0
0 23 7: 1434, 10, 0
0 23 8: 1434, 10, 0
0 23 9: 1434, 10, 0
0 23 10: 1658, 1, 1
0 23 11: 1658, 0, 2
0 23 12: 1658, 0, 2
0 23 13: 1658, 0, 2
0 23 14: 1658, 0, 2
0 23 15: 1658, 0, 2
0 23 16: 1658, 0, 2
0 23 17: 1658, 0, 2
0 23 18: 1658, 0, 2
0 23 19: 1658, 0, 2
0 23 20: 1658, 0, 2
0 23 21: 1658, 0, 2
0 23 22: 1658, 0, 2
0 23 23: 1659, 0, 3
0 23 23: 1872, 5, 3
0 23 38: 320, 22, 1
0 23 39: 320, 22, 3
0 23 44: 320, 22, 2
0 23 45: 320, 22, 0
0 23 46: 321, 22, 1
0 23 47: 320, 22, 2
0 23 50: 724, 10, 0
0 23 51: 333, 22, 2
0 23 52: 333, 22, 2
0 23 56: 333, 22, 2
0 23 57: 334, 22, 3
0 23 58: 654, 22, 3
0 23 58: 724, 10, 0
0 23 59: 333, 22, 0
0 23 59: 1872, 4, 1
0 23 60: 1658, 0, 3
0 23 61: 1434, 10, 0
0 23 62: 1434, 10, 0
0 23 63: 1434, 10, 0
0 24 0: 1434, 10, 0
0 24 1: 1434, 10, 0
0 24 2: 1434, 10, 0
0 24 3: 1434, 10, 0
0 24 4: 1434, 10, 0
0 24 5: 1434, 10, 0
0 24 6: 1434, 10, 0
0 24 7: 1434, 10, 0
0 24 8: 1434, 10, 0
0 24 9: 1434, 10, 0
0 24 10: 1658, 0, 1
0 24 11: 1755, 10, 0
0 24 12: 706, 4, 0
0 24 13: 320, 22, 0
0 24 14: 321, 22, 2
0 24 14: 1872, 4, 0
0 24 15: 197, 4, 0
0 24 15: 320, 22, 2
0 24 17: 320, 22, 0
0 24 17: 1872, 4, 0
0 24 18: 321, 22, 3
0 24 18: 706, 4, 0
0 24 19: 320, 22, 2
0 24 19: 706, 4, 0
0 24 20: 1872, 4, 0
0 24 21: 197, 4, 0
0 24 22: 706, 4, 0
0 24 32: 471, 10, 2
0 24 34: 474, 10, 3
0 24 43: 320, 22, 0
0 24 45: 320, 22, 0
0 24 46: 319, 22, 1
0 24 47: 320, 22, 1
0 24 52: 334, 22, 1
0 24 53: 333, 22, 3
0 24 56: 647, 10, 3
0 24 58: 333, 22, 2
0 24 59: 197, 4, 1
0 24 59: 333, 22, 3
0 24 60: 1658, 0, 3
0 24 61: 1434, 10, 0
0 24 62: 1434, 10, 0
0 24 63: 1434, 10, 0
0 25 0: 1434, 10, 0
0 25 1: 1434, 10, 0
0 25 2: 1434, 10, 0
0 25 3: 1434, 10, 0
0 25 4: 1434, 10, 0
0 25 5: 1434, 10, 0
0 25 6: 1434, 10, 0
0 25 7: 1434, 10, 0
0 25 8: 1434, 10, 0
0 25 9: 1434, 10, 0
0 25 10: 1658, 0, 1
0 25 11: 320, 22, 0
0 25 11: 362, 10, 0
0 25 14: 320, 22, 1
0 25 16: 471, 10, 0
0 25 18: 320, 22, 1
0 25 20: 320, 22, 0
0 25 28: 320, 22, 0
0 25 34: 1872, 4, 2
0 25 35: 197, 4, 2
0 25 38: 1872, 4, 2
0 25 39: 197, 4, 2
0 25 40: 362, 10, 1
0 25 41: 320, 22, 2
0 25 41: 362, 10, 1
0 25 42: 320, 22, 3
0 25 42: 1872, 4, 2
0 25 43: 321, 22, 2
0 25 44: 197, 4, 2
0 25 44: 320, 22, 1
0 25 46: 320, 22, 3
0 25 46: 1872, 4, 2
0 25 55: 334, 22, 0
0 25 56: 653, 22, 2
0 25 57: 333, 22, 1
0 25 58: 334, 22, 2
0 25 59: 333, 22, 0
0 25 59: 650, 4, 1
0 25 60: 1658, 0, 3
0 25 61: 1434, 10, 0
0 25 62: 1434, 10, 0
0 25 63: 1434, 10, 0
0 26 0: 1434, 10, 0
0 26 1: 1434, 10, 0
0 26 2: 1434, 10, 0
0 26 3: 1434, 10, 0
0 26 4: 1434, 10, 0
0 26 5: 1434, 10, 0
0 26 6: 1434, 10, 0
0 26 7: 1434, 10, 0
0 26 8: 1434, 10, 0
0 26 9: 1434, 10, 0
0 26 10: 1658, 0, 1
0 26 11: 321, 22, 1
0 26 11: 668, 10, 0
0 26 11: 1872, 4, 2
0 26 12: 320, 22, 2
0 26 13: 197, 4, 2
0 26 13: 320, 22, 1
0 26 14: 1872, 4, 2
0 26 15: 706, 4, 2
0 26 17: 1872, 4, 2
0 26 18: 197, 4, 2
0 26 19: 320, 22, 3
0 26 20: 321, 22, 2
0 26 20: 1872, 4, 2
0 26 21: 320, 22, 1
0 26 21: 706, 4, 2
0 26 27: 320, 22, 1
0 26 28: 321, 22, 0
0 26 29: 320, 22, 0
0 26 30: 1659, 0, 1
0 26 31: 1658, 0, 0
0 26 32: 1658, 0, 0
0 26 33: 1658, 0, 0
0 26 34: 1658, 0, 0
0 26 35: 1658, 0, 0
0 26 36: 1658, 0, 0
0 26 37: 1658, 0, 0
0 26 38: 1658, 0, 0
0 26 39: 1658, 0, 0
0 26 40: 1658, 0, 0
0 26 41: 1658, 0, 0
0 26 42: 1658, 0, 0
0 26 43: 1658, 0, 0
0 26 44: 1658, 0, 0
0 26 45: 1658, 0, 0
0 26 46: 1658, 0, 0
0 26 47: 1658, 0, 0
0 26 48: 197, 5, 3
0 26 48: 1659, 0, 3
0 26 52: 333, 22, 1
0 26 53: 333, 22, 2
0 26 57: 653, 22, 1
0 26 58: 333, 22, 3
0 26 58: 724, 10, 0
0 26 59: 333, 22, 2
0 26 59: 1872, 4, 1
0 26 60: 1658, 0, 3
0 26 61: 1434, 10, 0
0 26 62: 1434, 10, 0
0 26 63: 1434, 10, 0
0 27 0: 1434, 10, 0
0 27 1: 1434, 10, 0
0 27 2: 1434, 10, 0
0 27 3: 1434, 10, 0
0 27 4: 1434, 10, 0
0 27 5: 1434, 10, 0
0 27 6: 1434, 10, 0
0 27 7: 1434, 10, 0
0 27 8: 1434, 10, 0
0 27 9: 1434, 10, 0
0 27 10: 1658, 1, 0
0 27 11: 1658, 0, 0
0 27 12: 1658, 0, 0
0 27 13: 1658, 0, 0
0 27 14: 1658, 0, 0
0 27 15: 1658, 0, 0
0 27 16: 1658, 0, 0
0 27 17: 1658, 0, 0
0 27 18: 1658, 0, 0
0 27 19: 1658, 0, 0
0 27 20: 1658, 0, 0
0 27 21: 1658, 0, 0
0 27 22: 1658, 0, 0
0 27 23: 1659, 0, 3
0 27 23: 1872, 5, 3
0 27 28: 320, 22, 2
0 27 30: 1659, 0, 1
0 27 30: 1872, 5, 1
0 27 32: 1434, 10, 0
0 27 33: 1434, 10, 0
0 27 34: 1434, 10, 0
0 27 35: 1434, 10, 0
0 27 36: 1434, 10, 0
0 27 37: 1434, 10, 0
0 27 38: 1434, 10, 0
0 27 39: 1434, 10, 0
0 27 40: 1434, 10, 0
0 27 41: 1434, 10, 0
0 27 42: 1434, 10, 0
0 27 43: 1434, 10, 0
0 27 44: 1434, 10, 0
0 27 45: 1434, 10, 0
0 27 46: 1434, 10, 0
0 27 48: 1659, 0, 3
0 27 52: 333, 22, 0
0 27 53: 334, 22, 2
0 27 58: 333, 22, 0
0 27 59: 334, 22, 1
0 27 59: 650, 4, 1
0 27 60: 1658, 0, 3
0 27 61: 1434, 10, 0
0 27 62: 1434, 10, 0
0 27 63: 1434, 10, 0
0 28 0: 1434, 10, 0
0 28 1: 1434, 10, 0
0 28 2: 1434, 10, 0
0 28 3: 1434, 10, 0
0 28 4: 1434, 10, 0
0 28 5: 1434, 10, 0
0 28 6: 1434, 10, 0
0 28 7: 1434, 10, 0
0 28 8: 1434, 10, 0
0 28 9: 1434, 10, 0
0 28 10: 1434, 10, 0
0 28 11: 1434, 10, 0
0 28 12: 1434, 10, 0
0 28 13: 1434, 10, 0
0 28 14: 1434, 10, 0
0 28 15: 1434, 10, 0
0 28 16: 1434, 10, 0
0 28 17: 1434, 10, 0
0 28 18: 1434, 10, 0
0 28 19: 1434, 10, 0
0 28 20: 1434, 10, 0
0 28 21: 1434, 10, 0
0 28 23: 1659, 0, 3
0 28 25: 320, 22, 2
0 28 30: 362, 10, 0
0 28 30: 1659, 0, 1
0 28 32: 1434, 10, 0
0 28 33: 1434, 10, 0
0 28 34: 1434, 10, 0
0 28 35: 1434, 10, 0
0 28 36: 1434, 10, 0
0 28 37: 1434, 10, 0
0 28 38: 1434, 10, 0
0 28 39: 1434, 10, 0
0 28 40: 1434, 10, 0
0 28 41: 1434, 10, 0
0 28 42: 1434, 10, 0
0 28 43: 1434, 10, 0
0 28 44: 1434, 10, 0
0 28 45: 1434, 10, 0
0 28 46: 1434, 10, 0
0 28 48: 357, 10, 3
0 28 48: 1659, 0, 3
0 28 53: 333, 22, 0
0 28 53: 724, 10, 2
0 28 56: 653, 22, 0
0 28 57: 653, 22, 0
0 28 58: 724, 10, 0
0 28 59: 333, 22, 2
0 28 59: 650, 4, 1
0 28 60: 1658, 0, 3
0 28 61: 1434, 10, 0
0 28 62: 1434, 10, 0
0 28 63: 1434, 10, 0
0 29 0: 1434, 10, 0
0 29 1: 1434, 10, 0
0 29 2: 1434, 10, 0
0 29 3: 1434, 10, 0
0 29 4: 1434, 10, 0
0 29 5: 1434, 10, 0
0 29 6: 1434, 10, 0
0 29 7: 1434, 10, 0
0 29 8: 1434, 10, 0
0 29 9: 1434, 10, 0
0 29 10: 1434, 10, 0
0 29 11: 1434, 10, 0
0 29 12: 1434, 10, 0
0 29 13: 1434, 10, 0
0 29 14: 1434, 10, 0
0 29 15: 1434, 10, 0
0 29 16: 1434, 10, 0
0 29 17: 1434, 10, 0
0 29 18: 1434, 10, 0
0 29 19: 1434, 10, 0
0 29 20: 1434, 10, 0
0 29 21: 1434, 10, 0
0 29 23: 197, 5, 3
0 29 23: 320, 22, 0
0 29 23: 1659, 0, 3
0 29 24: 320, 22, 2
0 29 25: 321, 22, 3
0 29 26: 320, 22, 0
0 29 30: 197, 5, 1
0 29 30: 362, 10, 3
0 29 30: 1659, 0, 1
0 29 32: 1434, 10, 0
0 29 33: 1434, 10, 0
0 29 34: 1434, 10, 0
0 29 35: 1434, 10, 0
0 29 36: 1434, 10, 0
0 29 37: 1434, 10, 0
0 29 38: 1434, 10, 0
0 29 39: 1434, 10, 0
0 29 40: 1434, 10, 0
0 29 41: 1434, 10, 0
0 29 42: 1434, 10, 0
0 29 43: 1434, 10, 0
0 29 44: 1434, 10, 0
0 29 45: 1434, 10, 0
0 29 46: 1434, 10, 0
0 29 48: 356, 10, 2
0 29 48: 1659, 0, 3
0 29 48: 1872, 5, 3
0 29 50: 724, 10, 3
0 29 56: 647, 10, 3
0 29 58: 653, 22, 3
0 29 59: 197, 4, 1
0 29 59: 653, 22, 2
0 29 60: 1658, 0, 3
0 29 61: 1434, 10, 0
0 29 62: 1434, 10, 0
0 29 63: 1434, 10, 0
0 30 0: 1434, 10, 0
0 30 1: 1434, 10, 0
0 30 2: 1434, 10, 0
0 30 3: 1434, 10, 0
0 30 4: 1434, 10, 0
0 30 5: 1434, 10, 0
0 30 6: 1434, 10, 0
0 30 7: 1434, 10, 0
0 30 8: 1434, 10, 0
0 30 9: 1434, 10, 0
0 30 10: 1434, 10, 0
0 30 11: 1434, 10, 0
0 30 12: 1434, 10, 0
0 30 13: 1434, 10, 0
0 30 14: 1434, 10, 0
0 30 15: 1434, 10, 0
0 30 16: 1434, 10, 0
0 30 17: 1434, 10, 0
0 30 18: 1434, 10, 0
0 30 19: 1434, 10, 0
0 30 20: 1434, 10, 0
0 30 21: 1434, 10, 0
0 30 23: 321, 22, 1
0 30 23: 1659, 0, 3
0 30 24: 320, 22, 3
0 30 25: 320, 22, 3
0 30 29: 474, 10, 1
0 30 30: 1659, 0, 1
0 30 32: 1434, 10, 0
0 30 33: 1434, 10, 0
0 30 34: 1434, 10, 0
0 30 35: 1434, 10, 0
0 30 36: 1434, 10, 0
0 30 37: 1434, 10, 0
0 30 38: 1434, 10, 0
0 30 39: 1434, 10, 0
0 30 40: 1434, 10, 0
0 30 41: 1434, 10, 0
0 30 42: 1434, 10, 0
0 30 43: 1434, 10, 0
0 30 44: 1434, 10, 0
0 30 45: 1434, 10, 0
0 30 46: 1434, 10, 0
0 30 48: 197, 5, 3
0 30 48: 1659, 0, 3
0 30 57: 333, 22, 1
0 30 59: 333, 22, 3
0 30 59: 1872, 4, 1
0 30 60: 1658, 0, 3
0 30 61: 1434, 10, 0
0 30 62: 1434, 10, 0
0 30 63: 1434, 10, 0
0 31 0: 1434, 10, 0
0 31 1: 1434, 10, 0
0 31 2: 1434, 10, 0
0 31 3: 1434, 10, 0
0 31 4: 1434, 10, 0
0 31 5: 1434, 10, 0
0 31 6: 1434, 10, 0
0 31 7: 1434, 10, 0
0 31 8: 1434, 10, 0
0 31 9: 1434, 10, 0
0 31 10: 1434, 10, 0
0 31 11: 1434, 10, 0
0 31 12: 1434, 10, 0
0 31 13: 1434, 10, 0
0 31 14: 1434, 10, 0
0 31 15: 1434, 10, 0
0 31 16: 1434, 10, 0
0 31 17: 1434, 10, 0
0 31 18: 1434, 10, 0
0 31 19: 1434, 10, 0
0 31 20: 1434, 10, 0
0 31 21: 1434, 10, 0
0 31 23: 320, 22, 2
0 31 23: 1659, 0, 3
0 31 23: 1872, 5, 3
0 31 28: 320, 22, 3
0 31 30: 1659, 0, 1
0 31 30: 1872, 5, 1
0 31 32: 1434, 10, 0
0 31 33: 1434, 10, 0
0 31 34: 1434, 10, 0
0 31 35: 1434, 10, 0
0 31 36: 1434, 10, 0
0 31 37: 1434, 10, 0
0 31 38: 1434, 10, 0
0 31 39: 1434, 10, 0
0 31 40: 1434, 10, 0
0 31 41: 1434, 10, 0
0 31 42: 1434, 10, 0
0 31 43: 1434, 10, 0
0 31 44: 1434, 10, 0
0 31 45: 1434, 10, 0
0 31 46: 1434, 10, 0
0 31 48: 1658, 2, 2
0 31 49: 197, 5, 2
0 31 49: 1659, 0, 2
0 31 50: 1659, 0, 2
0 31 50: 1872, 5, 2
0 31 51: 997, 0, 2
0 31 52: 997, 0, 2
0 31 52: 1872, 5, 2
0 31 53: 1558, 0, 2
0 31 54: 1557, 0, 2
0 31 55: 997, 0, 2
0 31 56: 333, 22, 2
0 31 56: 1659, 0, 2
0 31 56: 1872, 5, 2
0 31 57: 334, 22, 3
0 31 57: 1659, 0, 2
0 31 57: 1872, 5, 2
0 31 58: 197, 5, 2
0 31 58: 333, 22, 0
0 31 58: 724, 10, 0
0 31 58: 1659, 0, 2
0 31 59: 334, 22, 0
0 31 59: 1659, 0, 2
0 31 60: 1658, 0, 3
0 31 61: 1434, 10, 0
0 31 62: 1434, 10, 0
0 31 63: 1434, 10, 0
0 32 0: 1434, 10, 0
0 32 1: 1434, 10, 0
0 32 2: 1434, 10, 0
0 32 3: 1434, 10, 0
0 32 4: 1434, 10, 0
0 32 5: 1434, 10, 0
0 32 6: 1434, 10, 0
0 32 7: 1434, 10, 0
0 32 8: 1434, 10, 0
0 32 9: 1434, 10, 0
0 32 10: 1434, 10, 0
0 32 11: 1434, 10, 0
0 32 12: 1434, 10, 0
0 32 13: 1434, 10, 0
0 32 14: 1434, 10, 0
0 32 15: 1434, 10, 0
0 32 16: 1434, 10, 0
0 32 17: 1434, 10, 0
0 32 18: 1434, 10, 0
0 32 19: 1434, 10, 0
0 32 20: 1434, 10, 0
0 32 21: 1434, 10, 0
0 32 23: 197, 5, 3
0 32 23: 321, 22, 2
0 32 23: 1658, 2, 2
0 32 24: 320, 22, 1
0 32 24: 1659, 0, 2
0 32 25: 320, 22, 0
0 32 28: 320, 22, 0
0 32 29: 321, 22, 1
0 32 29: 1659, 0, 2
0 32 30: 197, 5, 1
0 32 30: 321, 22, 2
0 32 30: 1658, 2, 1
0 32 32: 1434, 10, 0
0 32 33: 1434, 10, 0
0 32 34: 1434, 10, 0
0 32 35: 1434, 10, 0
0 32 36: 1434, 10, 0
0 32 37: 1434, 10, 0
0 32 38: 1434, 10, 0
0 32 39: 1434, 10, 0
0 32 40: 1434, 10, 0
0 32 41: 1434, 10, 0
0 32 42: 1434, 10, 0
0 32 43: 1434, 10, 0
0 32 44: 1434, 10, 0
0 32 45: 1434, 10, 0
0 32 46: 1434, 10, 0
0 32 51: 1171, 10, 2
0 32 51: 1659, 0, 3
0 32 52: 724, 11, 2
0 32 55: 1659, 0, 1
0 32 61: 1434, 10, 0
0 32 62: 1434, 10, 0
0 32 63: 1434, 10, 0
0 33 0: 1434, 10, 0
0 33 1: 1434, 10, 0
0 33 2: 1434, 10, 0
0 33 3: 1434, 10, 0
0 33 4: 1434, 10, 0
0 33 5: 1434, 10, 0
0 33 6: 1434, 10, 0
0 33 7: 1434, 10, 0
0 33 8: 1434, 10, 0
0 33 9: 1434, 10, 0
0 33 10: 1434, 10, 0
0 33 11: 1434, 10, 0
0 33 12: 1434, 10, 0
0 33 13: 1434, 10, 0
0 33 14: 1434, 10, 0
0 33 15: 1434, 10, 0
0 33 16: 1434, 10, 0
0 33 17: 1434, 10, 0
0 33 18: 1434, 10, 0
0 33 19: 1434, 10, 0
0 33 20: 1434, 10, 0
0 33 21: 1434, 10, 0
0 33 25: 1659, 0, 3
0 33 25: 1872, 5, 3
0 33 28: 320, 22, 2
0 33 28: 1872, 4, 1
0 33 29: 1659, 2, 3
0 33 30: 1658, 0, 0
0 33 32: 1434, 10, 0
0 33 33: 1434, 10, 0
0 33 34: 1434, 10, 0
0 33 35: 1434, 10, 0
0 33 36: 1434, 10, 0
0 33 37: 1434, 10, 0
0 33 38: 1434, 10, 0
0 33 39: 1434, 10, 0
0 33 40: 1434, 10, 0
0 33 41: 1434, 10, 0
0 33 42: 1434, 10, 0
0 33 43: 1434, 10, 0
0 33 44: 1434, 10, 0
0 33 45: 1434, 10, 0
0 33 46: 1434, 10, 0
0 33 47: 1434, 10, 0
0 33 48: 1434, 10, 0
0 33 49: 1434, 10, 0
0 33 51: 197, 5, 3
0 33 51: 1659, 0, 3
0 33 52: 1171, 10, 1
0 33 55: 1659, 0, 1
0 33 57: 1434, 10, 0
0 33 58: 1434, 10, 0
0 33 59: 1434, 10, 0
0 33 60: 1434, 10, 0
0 33 61: 1434, 10, 0
0 33 62: 1434, 10, 0
0 33 63: 1434, 10, 0
0 34 0: 1434, 10, 0
0 34 1: 1434, 10, 0
0 34 2: 1434, 10, 0
0 34 3: 1434, 10, 0
0 34 4: 1434, 10, 0
0 34 5: 1434, 10, 0
0 34 6: 1434, 10, 0
0 34 7: 1434, 10, 0
0 34 8: 1434, 10, 0
0 34 9: 1434, 10, 0
0 34 10: 1434, 10, 0
0 34 11: 1434, 10, 0
0 34 12: 1434, 10, 0
0 34 13: 1434, 10, 0
0 34 14: 1434, 10, 0
0 34 15: 1434, 10, 0
0 34 16: 1434, 10, 0
0 34 17: 1434, 10, 0
0 34 18: 1434, 10, 0
0 34 19: 1434, 10, 0
0 34 20: 1434, 10, 0
0 34 21: 1434, 10, 0
0 34 22: 1434, 10, 0
0 34 23: 1434, 10, 0
0 34 25: 1659, 0, 3
0 34 27: 473, 10, 2
0 34 28: 197, 4, 1
0 34 29: 1658, 0, 3
0 34 30: 1434, 10, 0
0 34 31: 1434, 10, 0
0 34 32: 1434, 10, 0
0 34 33: 1434, 10, 0
0 34 34: 1434, 10, 0
0 34 35: 1434, 10, 0
0 34 36: 1434, 10, 0
0 34 37: 1434, 10, 0
0 34 38: 1434, 10, 0
0 34 39: 1434, 10, 0
0 34 40: 1434, 10, 0
0 34 41: 1434, 10, 0
0 34 42: 1434, 10, 0
0 34 43: 1434, 10, 0
0 34 44: 1434, 10, 0
0 34 45: 1434, 10, 0
0 34 46: 1434, 10, 0
0 34 47: 1434, 10, 0
0 34 48: 1434, 10, 0
0 34 49: 1434, 10, 0
0 34 51: 1171, 10, 0
0 34 51: 1659, 0, 3
0 34 51: 1872, 5, 3
0 34 55: 1659, 0, 1
0 34 55: 1872, 5, 1
0 34 57: 1434, 10, 0
0 34 58: 1434, 10, 0
0 34 59: 1434, 10, 0
0 34 60: 1434, 10, 0
0 34 61: 1434, 10, 0
0 34 62: 1434, 10, 0
0 34 63: 1434, 10, 0
0 35 0: 1434, 10, 0
0 35 1: 1434, 10, 0
0 35 2: 1434, 10, 0
0 35 3: 1434, 10, 0
0 35 4: 1434, 10, 0
0 35 5: 1434, 10, 0
0 35 6: 1434, 10, 0
0 35 7: 1434, 10, 0
0 35 8: 1434, 10, 0
0 35 9: 1434, 10, 0
0 35 10: 1434, 10, 0
0 35 11: 1434, 10, 0
0 35 12: 1434, 10, 0
0 35 13: 1434, 10, 0
0 35 14: 1434, 10, 0
0 35 15: 1434, 10, 0
0 35 16: 1434, 10, 0
0 35 17: 1434, 10, 0
0 35 18: 1434, 10, 0
0 35 19: 1434, 10, 0
0 35 20: 1434, 10, 0
0 35 21: 1434, 10, 0
0 35 22: 1434, 10, 0
0 35 23: 1434, 10, 0
0 35 25: 197, 5, 3
0 35 25: 320, 22, 3
0 35 25: 1659, 0, 3
0 35 29: 1658, 0, 3
0 35 30: 1434, 10, 0
0 35 31: 1434, 10, 0
0 35 32: 1434, 10, 0
0 35 33: 1434, 10, 0
0 35 34: 1434, 10, 0
0 35 35: 1434, 10, 0
0 35 36: 1434, 10, 0
0 35 37: 1434, 10, 0
0 35 38: 1434, 10, 0
0 35 39: 1434, 10, 0
0 35 40: 1434, 10, 0
0 35 41: 1434, 10, 0
0 35 42: 1434, 10, 0
0 35 43: 1434, 10, 0
0 35 44: 1434, 10, 0
0 35 45: 1434, 10, 0
0 35 46: 1434, 10, 0
0 35 47: 1434, 10, 0
0 35 48: 1434, 10, 0
0 35 49: 1434, 10, 0
0 35 51: 471, 10, 1
0 35 51: 1659, 0, 3
0 35 55: 1659, 0, 1
0 35 57: 1434, 10, 0
0 35 58: 1434, 10, 0
0 35 59: 1434, 10, 0
0 35 60: 1434, 10, 0
0 35 61: 1434, 10, 0
0 35 62: 1434, 10, 0
0 35 63: 1434, 10, 0
0 36 0: 1434, 10, 0
0 36 1: 1434, 10, 0
0 36 2: 1434, 10, 0
0 36 3: 1434, 10, 0
0 36 4: 1434, 10, 0
0 36 5: 1434, 10, 0
0 36 6: 1434, 10, 0
0 36 7: 1434, 10, 0
0 36 8: 1434, 10, 0
0 36 9: 1434, 10, 0
0 36 10: 1434, 10, 0
0 36 11: 1434, 10, 0
0 36 12: 1434, 10, 0
0 36 13: 1434, 10, 0
0 36 14: 1434, 10, 0
0 36 15: 1434, 10, 0
0 36 16: 1434, 10, 0
0 36 17: 1434, 10, 0
0 36 18: 1434, 10, 0
0 36 19: 1434, 10, 0
0 36 20: 1434, 10, 0
0 36 21: 1434, 10, 0
0 36 22: 1434, 10, 0
0 36 23: 1434, 10, 0
0 36 25: 321, 22, 3
0 36 25: 1659, 0, 3
0 36 26: 320, 22, 2
0 36 27: 472, 10, 2
0 36 29: 1658, 0, 3
0 36 30: 1434, 10, 0
0 36 31: 1434, 10, 0
0 36 32: 1434, 10, 0
0 36 33: 1434, 10, 0
0 36 34: 1434, 10, 0
0 36 35: 1434, 10, 0
0 36 36: 1434, 10, 0
0 36 37: 1434, 10, 0
0 36 38: 1434, 10, 0
0 36 39: 1434, 10, 0
0 36 40: 1434, 10, 0
0 36 41: 1434, 10, 0
0 36 42: 1434, 10, 0
0 36 43: 1434, 10, 0
0 36 44: 1434, 10, 0
0 36 45: 1434, 10, 0
0 36 46: 1434, 10, 0
0 36 47: 1434, 10, 0
0 36 48: 1434, 10, 0
0 36 49: 1434, 10, 0
0 36 51: 1659, 0, 3
0 36 54: 653, 22, 2
0 36 55: 197, 5, 1
0 36 55: 1659, 0, 1
0 36 57: 1434, 10, 0
0 36 58: 1434, 10, 0
0 36 59: 1434, 10, 0
0 36 60: 1434, 10, 0
0 36 61: 1434, 10, 0
0 36 62: 1434, 10, 0
0 36 63: 1434, 10, 0
0 37 0: 1434, 10, 0
0 37 1: 1434, 10, 0
0 37 2: 1434, 10, 0
0 37 3: 1434, 10, 0
0 37 4: 1434, 10, 0
0 37 5: 1434, 10, 0
0 37 6: 1434, 10, 0
0 37 7: 1434, 10, 0
0 37 8: 1434, 10, 0
0 37 9: 1434, 10, 0
0 37 10: 1434, 10, 0
0 37 11: 1434, 10, 0
0 37 12: 1434, 10, 0
0 37 13: 1434, 10, 0
0 37 14: 1434, 10, 0
0 37 15: 1434, 10, 0
0 37 16: 1434, 10, 0
0 37 17: 1434, 10, 0
0 37 18: 1434, 10, 0
0 37 19: 1434, 10, 0
0 37 20: 1434, 10, 0
0 37 21: 1434, 10, 0
0 37 22: 1434, 10, 0
0 37 23: 1434, 10, 0
0 37 25: 320, 22, 1
0 37 25: 1659, 0, 3
0 37 25: 1872, 5, 3
0 37 28: 1872, 4, 1
0 37 29: 1658, 0, 3
0 37 30: 1434, 10, 0
0 37 31: 1434, 10, 0
0 37 32: 1434, 10, 0
0 37 33: 1434, 10, 0
0 37 34: 1434, 10, 0
0 37 35: 1434, 10, 0
0 37 36: 1434, 10, 0
0 37 37: 1434, 10, 0
0 37 38: 1434, 10, 0
0 37 39: 1434, 10, 0
0 37 40: 1434, 10, 0
0 37 41: 1434, 10, 0
0 37 42: 1434, 10, 0
0 37 43: 1434, 10, 0
0 37 44: 1434, 10, 0
0 37 45: 1434, 10, 0
0 37 46: 1434, 10, 0
0 37 47: 1434, 10, 0
0 37 48: 1434, 10, 0
0 37 49: 1434, 10, 0
0 37 51: 473, 10, 0
0 37 51: 1659, 0, 3
0 37 51: 1872, 5, 3
0 37 54: 653, 22, 0
0 37 55: 1659, 0, 1
0 37 55: 1872, 5, 1
0 37 57: 1434, 10, 0
0 37 58: 1434, 10, 0
0 37 59: 1434, 10, 0
0 37 60: 1434, 10, 0
0 37 61: 1434, 10, 0
0 37 62: 1434, 10, 0
0 37 63: 1434, 10, 0
0 38 0: 1434, 10, 0
0 38 1: 1434, 10, 0
0 38 2: 1434, 10, 0
0 38 3: 1434, 10, 0
0 38 4: 1434, 10, 0
0 38 5: 1434, 10, 0
0 38 6: 1434, 10, 0
0 38 7: 1434, 10, 0
0 38 8: 1434, 10, 0
0 38 9: 1434, 10, 0
0 38 10: 1434, 10, 0
0 38 11: 1434, 10, 0
0 38 12: 1434, 10, 0
0 38 13: 1434, 10, 0
0 38 14: 1434, 10, 0
0 38 15: 1434, 10, 0
0 38 16: 1434, 10, 0
0 38 17: 1434, 10, 0
0 38 18: 1434, 10, 0
0 38 19: 1434, 10, 0
0 38 20: 1434, 10, 0
0 38 21: 1434, 10, 0
0 38 22: 1434, 10, 0
0 38 23: 1434, 10, 0
0 38 25: 197, 5, 3
0 38 25: 1659, 0, 3
0 38 27: 473, 10, 0
0 38 29: 1658, 0, 3
0 38 30: 1434, 10, 0
0 38 31: 1434, 10, 0
0 38 32: 1434, 10, 0
0 38 33: 1434, 10, 0
0 38 34: 1434, 10, 0
0 38 35: 1434, 10, 0
0 38 36: 1434, 10, 0
0 38 37: 1434, 10, 0
0 38 38: 1434, 10, 0
0 38 39: 1434, 10, 0
0 38 40: 1434, 10, 0
0 38 41: 1434, 10, 0
0 38 42: 1434, 10, 0
0 38 43: 1434, 10, 0
0 38 44: 1434, 10, 0
0 38 45: 1434, 10, 0
0 38 46: 1434, 10, 0
0 38 47: 1434, 10, 0
0 38 48: 1434, 10, 0
0 38 49: 1434, 10, 0
0 38 51: 1659, 0, 3
0 38 53: 653, 22, 3
0 38 55: 1659, 0, 1
0 38 57: 1434, 10, 0
0 38 58: 1434, 10, 0
0 38 59: 1434, 10, 0
0 38 60: 1434, 10, 0
0 38 61: 1434, 10, 0
0 38 62: 1434, 10, 0
0 38 63: 1434, 10, 0
0 39 0: 1434, 10, 0
0 39 1: 1434, 10, 0
0 39 2: 1434, 10, 0
0 39 3: 1434, 10, 0
0 39 4: 1434, 10, 0
0 39 5: 1434, 10, 0
0 39 6: 1434, 10, 0
0 39 7: 1434, 10, 0
0 39 8: 1434, 10, 0
0 39 9: 1434, 10, 0
0 39 10: 1434, 10, 0
0 39 11: 1434, 10, 0
0 39 12: 1434, 10, 0
0 39 13: 1434, 10, 0
0 39 14: 1434, 10, 0
0 39 15: 1434, 10, 0
0 39 16: 1434, 10, 0
0 39 17: 1434, 10, 0
0 39 18: 1434, 10, 0
0 39 19: 1434, 10, 0
0 39 20: 1434, 10, 0
0 39 21: 1434, 10, 0
0 39 22: 1434, 10, 0
0 39 23: 1434, 10, 0
0 39 25: 320, 22, 0
0 39 25: 1659, 0, 3
0 39 29: 1658, 0, 3
0 39 30: 1434, 10, 0
0 39 31: 1434, 10, 0
0 39 32: 1434, 10, 0
0 39 33: 1434, 10, 0
0 39 34: 1434, 10, 0
0 39 35: 1434, 10, 0
0 39 36: 1434, 10, 0
0 39 37: 1434, 10, 0
0 39 38: 1434, 10, 0
0 39 39: 1434, 10, 0
0 39 40: 1434, 10, 0
0 39 41: 1434, 10, 0
0 39 42: 1434, 10, 0
0 39 43: 1434, 10, 0
0 39 44: 1434, 10, 0
0 39 45: 1434, 10, 0
0 39 46: 1434, 10, 0
0 39 47: 1434, 10, 0
0 39 48: 1434, 10, 0
0 39 49: 1434, 10, 0
0 39 51: 197, 5, 3
0 39 51: 1659, 0, 3
0 39 54: 320, 22, 1
0 39 55: 320, 22, 0
0 39 55: 1659, 0, 1
0 39 57: 1434, 10, 0
0 39 58: 1434, 10, 0
0 39 59: 1434, 10, 0
0 39 60: 1434, 10, 0
0 39 61: 1434, 10, 0
0 39 62: 1434, 10, 0
0 39 63: 1434, 10, 0
0 40 0: 1434, 10, 0
0 40 1: 1434, 10, 0
0 40 2: 1434, 10, 0
0 40 3: 1434, 10, 0
0 40 4: 1434, 10, 0
0 40 5: 1434, 10, 0
0 40 6: 1434, 10, 0
0 40 7: 1434, 10, 0
0 40 8: 1434, 10, 0
0 40 9: 1434, 10, 0
0 40 10: 1434, 10, 0
0 40 11: 1434, 10, 0
0 40 12: 1434, 10, 0
0 40 13: 1434, 10, 0
0 40 14: 1434, 10, 0
0 40 15: 1434, 10, 0
0 40 16: 1434, 10, 0
0 40 17: 1434, 10, 0
0 40 18: 1434, 10, 0
0 40 19: 1434, 10, 0
0 40 20: 1434, 10, 0
0 40 21: 1434, 10, 0
0 40 22: 1434, 10, 0
0 40 23: 1434, 10, 0
0 40 25: 321, 22, 0
0 40 25: 1659, 0, 3
0 40 26: 320, 22, 3
0 40 28: 197, 4, 1
0 40 29: 1658, 0, 3
0 40 30: 1434, 10, 0
0 40 31: 1434, 10, 0
0 40 32: 1434, 10, 0
0 40 33: 1434, 10, 0
0 40 34: 1434, 10, 0
0 40 35: 1434, 10, 0
0 40 36: 1434, 10, 0
0 40 37: 1434, 10, 0
0 40 38: 1434, 10, 0
0 40 39: 1434, 10, 0
0 40 40: 1434, 10, 0
0 40 41: 1434, 10, 0
0 40 42: 1434, 10, 0
0 40 43: 1434, 10, 0
0 40 44: 1434, 10, 0
0 40 45: 1434, 10, 0
0 40 46: 1434, 10, 0
0 40 47: 1434, 10, 0
0 40 48: 1434, 10, 0
0 40 49: 1434, 10, 0
0 40 51: 1659, 0, 3
0 40 51: 1872, 5, 3
0 40 54: 320, 22, 3
0 40 55: 321, 22, 0
0 40 55: 1659, 0, 1
0 40 55: 1872, 5, 1
0 40 57: 1434, 10, 0
0 40 58: 1434, 10, 0
0 40 59: 1434, 10, 0
0 40 60: 1434, 10, 0
0 40 61: 1434, 10, 0
0 40 62: 1434, 10, 0
0 40 63: 1434, 10, 0
0 41 0: 1434, 10, 0
0 41 1: 1434, 10, 0
0 41 2: 1434, 10, 0
0 41 3: 1434, 10, 0
0 41 4: 1434, 10, 0
0 41 5: 1434, 10, 0
0 41 6: 1434, 10, 0
0 41 7: 1434, 10, 0
0 41 8: 1434, 10, 0
0 41 9: 1434, 10, 0
0 41 10: 1434, 10, 0
0 41 11: 1434, 10, 0
0 41 12: 1434, 10, 0
0 41 13: 1434, 10, 0
0 41 14: 1434, 10, 0
0 41 15: 1434, 10, 0
0 41 16: 1434, 10, 0
0 41 17: 1434, 10, 0
0 41 18: 1434, 10, 0
0 41 19: 1434, 10, 0
0 41 20: 1434, 10, 0
0 41 21: 1434, 10, 0
0 41 22: 1434, 10, 0
0 41 23: 1434, 10, 0
0 41 24: 1434, 10, 0
0 41 25: 320, 22, 1
0 41 25: 1659, 9, 2
0 41 26: 320, 22, 2
0 41 26: 1631, 1, 2
0 41 27: 320, 22, 0
0 41 28: 320, 22, 0
0 41 28: 1658, 9, 3
0 41 29: 1658, 1, 3
0 41 30: 1434, 10, 0
0 41 31: 1434, 10, 0
0 41 32: 1434, 10, 0
0 41 33: 1434, 10, 0
0 41 34: 1434, 10, 0
0 41 35: 1434, 10, 0
0 41 36: 1434, 10, 0
0 41 37: 1434, 10, 0
0 41 38: 1434, 10, 0
0 41 39: 1434, 10, 0
0 41 40: 1434, 10, 0
0 41 41: 1434, 10, 0
0 41 42: 1434, 10, 0
0 41 43: 1434, 10, 0
0 41 44: 1434, 10, 0
0 41 45: 1434, 10, 0
0 41 46: 1434, 10, 0
0 41 47: 1434, 10, 0
0 41 48: 1434, 10, 0
0 41 49: 1434, 10, 0
0 41 51: 1659, 0, 3
0 41 55: 320, 22, 2
0 41 55: 1659, 0, 1
0 41 57: 1434, 10, 0
0 41 58: 1434, 10, 0
0 41 59: 1434, 10, 0
0 41 60: 1434, 10, 0
0 41 61: 1434, 10, 0
0 41 62: 1434, 10, 0
0 41 63: 1434, 10, 0
0 42 0: 1658, 0, 2
0 42 1: 1658, 0, 2
0 42 2: 1658, 0, 2
0 42 3: 1658, 0, 2
0 42 4: 1658, 0, 2
0 42 5: 1658, 0, 2
0 42 6: 1658, 0, 2
0 42 7: 1658, 0, 2
0 42 8: 1658, 0, 2
0 42 9: 1658, 0, 2
0 42 10: 1658, 0, 2
0 42 11: 1658, 0, 2
0 42 12: 1658, 0, 2
0 42 13: 1658, 0, 2
0 42 14: 1658, 0, 2
0 42 15: 1658, 0, 2
0 42 16: 1658, 0, 2
0 42 17: 1658, 0, 2
0 42 18: 1658, 0, 2
0 42 20: 1434, 10, 0
0 42 21: 1434, 10, 0
0 42 22: 1434, 10, 0
0 42 23: 1434, 10, 0
0 42 24: 1434, 10, 0
0 42 26: 320, 22, 1
0 42 26: 1659, 0, 3
0 42 26: 1872, 5, 3
0 42 27: 321, 22, 1
0 42 27: 1872, 4, 1
0 42 28: 1658, 0, 3
0 42 29: 1434, 10, 0
0 42 30: 1434, 10, 0
0 42 31: 1434, 10, 0
0 42 32: 1658, 1, 1
0 42 33: 1658, 0, 2
0 42 34: 1658, 0, 2
0 42 35: 1658, 0, 2
0 42 36: 1658, 0, 2
0 42 37: 1658, 1, 2
0 42 38: 1434, 10, 0
0 42 39: 1434, 10, 0
0 42 40: 1434, 10, 0
0 42 41: 1434, 10, 0
0 42 42: 1434, 10, 0
0 42 43: 1434, 10, 0
0 42 44: 1434, 10, 0
0 42 45: 1434, 10, 0
0 42 46: 1434, 10, 0
0 42 47: 1434, 10, 0
0 42 48: 1434, 10, 0
0 42 49: 1434, 10, 0
0 42 51: 1659, 0, 3
0 42 55: 197, 5, 1
0 42 55: 320, 22, 1
0 42 55: 1659, 0, 1
0 42 57: 1434, 10, 0
0 42 58: 1434, 10, 0
0 42 59: 1434, 10, 0
0 42 60: 1434, 10, 0
0 42 61: 1434, 10, 0
0 42 62: 1434, 10, 0
0 42 63: 1434, 10, 0
0 43 0: 542, 10, 1
0 43 1: 197, 4, 0
0 43 1: 541, 10, 0
0 43 2: 321, 22, 1
0 43 2: 542, 10, 3
0 43 3: 321, 22, 3
0 43 4: 320, 22, 1
0 43 5: 724, 10, 3
0 43 5: 1872, 4, 0
0 43 8: 197, 4, 0
0 43 8: 362, 10, 1
0 43 9: 364, 10, 3
0 43 9: 1872, 4, 0
0 43 10: 362, 10, 2
0 43 11: 197, 4, 0
0 43 13: 1872, 4, 0
0 43 15: 197, 4, 0
0 43 15: 473, 10, 1
0 43 17: 471, 10, 2
0 43 17: 1872, 4, 0
0 43 18: 1659, 0, 1
0 43 20: 1434, 10, 0
0 43 21: 1434, 10, 0
0 43 22: 1434, 10, 0
0 43 23: 1434, 10, 0
0 43 24: 1434, 10, 0
0 43 26: 1659, 0, 3
0 43 27: 320, 22, 2
0 43 28: 1658, 0, 3
0 43 29: 1434, 10, 0
0 43 30: 1434, 10, 0
0 43 31: 1658, 1, 1
0 43 32: 1658, 9, 1
0 43 32: 1874, 7, 1
0 43 36: 197, 4, 0
0 43 36: 320, 22, 3
0 43 37: 320, 22, 0
0 43 37: 1658, 9, 2
0 43 38: 1658, 1, 2
0 43 39: 1434, 10, 0
0 43 40: 1434, 10, 0
0 43 41: 1434, 10, 0
0 43 42: 1434, 10, 0
0 43 43: 1434, 10, 0
0 43 44: 1434, 10, 0
0 43 45: 1434, 10, 0
0 43 46: 1434, 10, 0
0 43 47: 1434, 10, 0
0 43 48: 1434, 10, 0
0 43 49: 1434, 10, 0
0 43 51: 1659, 0, 3
0 43 51: 1872, 5, 3
0 43 54: 320, 22, 0
0 43 55: 1659, 0, 1
0 43 55: 1872, 5, 1
0 43 57: 1434, 10, 0
0 43 58: 1434, 10, 0
0 43 59: 1434, 10, 0
0 43 60: 1434, 10, 0
0 43 61: 1434, 10, 0
0 43 62: 1434, 10, 0
0 43 63: 1434, 10, 0
0 44 1: 542, 10, 2
0 44 2: 320, 22, 0
0 44 18: 1659, 0, 1
0 44 20: 1434, 10, 0
0 44 21: 1434, 10, 0
0 44 22: 1434, 10, 0
0 44 23: 1434, 10, 0
0 44 24: 1434, 10, 0
0 44 26: 1659, 0, 3
0 44 28: 1658, 0, 3
0 44 29: 1434, 10, 0
0 44 30: 1434, 10, 0
0 44 31: 1658, 0, 1
0 44 32: 1183, 4, 3
0 44 36: 320, 22, 2
0 44 37: 321, 22, 2
0 44 37: 362, 10, 2
0 44 38: 320, 22, 1
0 44 38: 1658, 9, 2
0 44 39: 1658, 1, 2
0 44 40: 1434, 10, 0
0 44 41: 1434, 10, 0
0 44 42: 1434, 10, 0
0 44 43: 1434, 10, 0
0 44 44: 1434, 10, 0
0 44 45: 1434, 10, 0
0 44 46: 1434, 10, 0
0 44 47: 1434, 10, 0
0 44 48: 1434, 10, 0
0 44 49: 1434, 10, 0
0 44 51: 1659, 0, 3
0 44 53: 320, 22, 3
0 44 54: 321, 22, 1
0 44 55: 320, 22, 1
0 44 55: 1659, 0, 1
0 44 57: 1434, 10, 0
0 44 58: 1434, 10, 0
0 44 59: 1434, 10, 0
0 44 60: 1434, 10, 0
0 44 61: 1434, 10, 0
0 44 62: 1434, 10, 0
0 44 63: 1434, 10, 0
0 45 17: 473, 10, 0
0 45 18: 1659, 0, 1
0 45 20: 1434, 10, 0
0 45 21: 1434, 10, 0
0 45 22: 1434, 10, 0
0 45 23: 1434, 10, 0
0 45 24: 1434, 10, 0
0 45 26: 1659, 0, 3
0 45 26: 1872, 5, 3
0 45 27: 1872, 4, 1
0 45 28: 1658, 0, 3
0 45 29: 1434, 10, 0
0 45 30: 1434, 10, 0
0 45 31: 1658, 0, 1
0 45 32: 1183, 4, 3
0 45 37: 471, 10, 1
0 45 39: 1658, 0, 3
0 45 40: 1434, 10, 0
0 45 41: 1434, 10, 0
0 45 42: 1434, 10, 0
0 45 43: 1434, 10, 0
0 45 44: 1434, 10, 0
0 45 45: 1434, 10, 0
0 45 46: 1434, 10, 0
0 45 47: 1434, 10, 0
0 45 48: 1434, 10, 0
0 45 49: 1434, 10, 0
0 45 51: 197, 5, 3
0 45 51: 320, 22, 2
0 45 51: 1659, 0, 3
0 45 54: 320, 22, 3
0 45 55: 1659, 0, 1
0 45 57: 1434, 10, 0
0 45 58: 1434, 10, 0
0 45 59: 1434, 10, 0
0 45 60: 1434, 10, 0
0 45 61: 1434, 10, 0
0 45 62: 1434, 10, 0
0 45 63: 1434, 10, 0
0 46 2: 541, 10, 3
0 46 9: 336, 22, 0
0 46 18: 197, 5, 1
0 46 18: 1659, 0, 1
0 46 20: 1434, 10, 0
0 46 21: 1434, 10, 0
0 46 22: 1434, 10, 0
0 46 23: 1434, 10, 0
0 46 24: 1434, 10, 0
0 46 26: 1659, 0, 3
0 46 28: 1658, 9, 2
0 46 29: 1658, 0, 2
0 46 30: 1658, 0, 2
0 46 31: 1658, 9, 1
0 46 32: 320, 22, 3
0 46 33: 320, 22, 1
0 46 38: 197, 4, 1
0 46 39: 1658, 0, 3
0 46 40: 1434, 10, 0
0 46 41: 1434, 10, 0
0 46 42: 1434, 10, 0
0 46 43: 1434, 10, 0
0 46 44: 1434, 10, 0
0 46 45: 1434, 10, 0
0 46 46: 1434, 10, 0
0 46 47: 1434, 10, 0
0 46 48: 1434, 10, 0
0 46 49: 1434, 10, 0
0 46 51: 319, 22, 1
0 46 51: 1659, 0, 3
0 46 51: 1872, 5, 3
0 46 52: 320, 22, 3
0 46 55: 1659, 0, 1
0 46 55: 1872, 5, 1
0 46 57: 1434, 10, 0
0 46 58: 1434, 10, 0
0 46 59: 1434, 10, 0
0 46 60: 1434, 10, 0
0 46 61: 1434, 10, 0
0 46 62: 1434, 10, 0
0 46 63: 1434, 10, 0
0 47 0: 1872, 4, 2
0 47 2: 197, 4, 2
0 47 4: 1872, 4, 2
0 47 5: 724, 10, 0
0 47 8: 336, 22, 3
0 47 9: 337, 22, 2
0 47 9: 724, 10, 1
0 47 10: 336, 22, 2
0 47 10: 1872, 4, 2
0 47 18: 1659, 0, 1
0 47 20: 1434, 10, 0
0 47 21: 1434, 10, 0
0 47 22: 1434, 10, 0
0 47 23: 1434, 10, 0
0 47 24: 1434, 10, 0
0 47 26: 197, 5, 3
0 47 26: 1659, 0, 3
0 47 29: 197, 4, 0
0 47 30: 320, 22, 3
0 47 32: 320, 22, 2
0 47 33: 321, 22, 1
0 47 34: 320, 22, 0
0 47 39: 1658, 9, 2
0 47 40: 1658, 1, 2
0 47 41: 1434, 10, 0
0 47 42: 1434, 10, 0
0 47 43: 1434, 10, 0
0 47 44: 1434, 10, 0
0 47 45: 1434, 10, 0
0 47 46: 1434, 10, 0
0 47 47: 1434, 10, 0
0 47 48: 1434, 10, 0
0 47 49: 1434, 10, 0
0 47 51: 320, 22, 0
0 47 51: 1659, 0, 3
0 47 55: 1659, 0, 1
0 47 57: 1434, 10, 0
0 47 58: 1434, 10, 0
0 47 59: 1434, 10, 0
0 47 60: 1434, 10, 0
0 47 61: 1434, 10, 0
0 47 62: 1434, 10, 0
0 47 63: 1434, 10, 0
0 48 0: 1658, 0, 0
0 48 1: 1658, 0, 0
0 48 2: 1658, 0, 0
0 48 3: 1658, 0, 0
0 48 4: 1658, 0, 0
0 48 5: 1659, 2, 0
0 48 6: 197, 4, 3
0 48 6: 336, 22, 0
0 48 8: 197, 4, 1
0 48 9: 1659, 2, 3
0 48 10: 1658, 0, 0
0 48 11: 1658, 0, 0
0 48 12: 1658, 0, 0
0 48 13: 197, 7, 0
0 48 13: 1658, 9, 0
0 48 18: 1659, 0, 1
0 48 19: 1658, 0, 2
0 48 20: 1658, 0, 2
0 48 21: 1658, 0, 2
0 48 22: 1658, 0, 2
0 48 23: 1658, 0, 2
0 48 24: 1658, 0, 2
0 48 25: 1658, 0, 2
0 48 26: 320, 22, 0
0 48 26: 1659, 0, 3
0 48 28: 320, 22, 3
0 48 29: 197, 4, 2
0 48 29: 320, 22, 1
0 48 30: 321, 22, 3
0 48 31: 320, 22, 0
0 48 33: 320, 22, 3
0 48 40: 1658, 0, 3
0 48 41: 1434, 10, 0
0 48 42: 1434, 10, 0
0 48 43: 1434, 10, 0
0 48 44: 1434, 10, 0
0 48 45: 1434, 10, 0
0 48 46: 1434, 10, 0
0 48 47: 1434, 10, 0
0 48 48: 1434, 10, 0
0 48 49: 1434, 10, 0
0 48 51: 1659, 0, 3
0 48 55: 197, 5, 1
0 48 55: 1659, 0, 1
0 48 57: 1434, 10, 0
0 48 58: 1434, 10, 0
0 48 59: 1434, 10, 0
0 48 60: 1434, 10, 0
0 48 61: 1434, 10, 0
0 48 62: 1434, 10, 0
0 48 63: 1434, 10, 0
0 49 0: 1434, 10, 0
0 49 1: 1434, 10, 0
0 49 2: 1434, 10, 0
0 49 3: 1434, 10, 0
0 49 4: 1434, 10, 0
0 49 5: 1658, 0, 1
0 49 6: 336, 22, 3
0 49 9: 1658, 0, 3
0 49 10: 1434, 10, 0
0 49 11: 1434, 10, 0
0 49 12: 1434, 10, 0
0 49 13: 1658, 1, 0
0 49 14: 1658, 9, 0
0 49 20: 320, 22, 0
0 49 20: 1872, 4, 0
0 49 21: 197, 4, 0
0 49 21: 321, 22, 2
0 49 22: 320, 22, 2
0 49 22: 362, 10, 0
0 49 23: 197, 4, 0
0 49 23: 320, 22, 3
0 49 23: 364, 10, 3
0 49 24: 320, 22, 1
0 49 24: 1872, 4, 0
0 49 25: 321, 22, 0
0 49 25: 668, 10, 0
0 49 26: 197, 5, 3
0 49 26: 320, 22, 0
0 49 26: 1631, 0, 3
0 49 27: 320, 22, 1
0 49 28: 321, 22, 3
0 49 28: 1658, 9, 3
0 49 29: 1658, 0, 0
0 49 30: 1658, 0, 0
0 49 31: 1658, 9, 0
0 49 39: 197, 4, 1
0 49 40: 1658, 0, 3
0 49 41: 1434, 10, 0
0 49 42: 1434, 10, 0
0 49 43: 1434, 10, 0
0 49 44: 1434, 10, 0
0 49 45: 1434, 10, 0
0 49 46: 1434, 10, 0
0 49 47: 1434, 10, 0
0 49 48: 1434, 10, 0
0 49 49: 1434, 10, 0
0 49 51: 320, 22, 1
0 49 51: 1659, 0, 3
0 49 51: 1872, 5, 3
0 49 54: 320, 22, 2
0 49 55: 1659, 0, 1
0 49 55: 1872, 5, 1
0 49 57: 1434, 10, 0
0 49 58: 1434, 10, 0
0 49 59: 1434, 10, 0
0 49 60: 1434, 10, 0
0 49 61: 1434, 10, 0
0 49 62: 1434, 10, 0
0 49 63: 1434, 10, 0
0 50 0: 1434, 10, 0
0 50 1: 1434, 10, 0
0 50 2: 1434, 10, 0
0 50 3: 1434, 10, 0
0 50 4: 1434, 10, 0
0 50 5: 1658, 0, 1
0 50 6: 197, 4, 3
0 50 6: 336, 22, 1
0 50 8: 197, 4, 1
0 50 8: 336, 22, 1
0 50 9: 1658, 0, 3
0 50 10: 1434, 10, 0
0 50 11: 1434, 10, 0
0 50 12: 1434, 10, 0
0 50 13: 1434, 10, 0
0 50 14: 1658, 1, 0
0 50 15: 1658, 9, 0
0 50 21: 320, 22, 1
0 50 25: 320, 22, 0
0 50 26: 321, 22, 0
0 50 26: 1631, 0, 3
0 50 27: 320, 22, 3
0 50 27: 1872, 4, 1
0 50 28: 1658, 0, 3
0 50 29: 1434, 10, 0
0 50 30: 1434, 10, 0
0 50 31: 1658, 0, 1
0 50 36: 1171, 10, 1
0 50 37: 320, 22, 3
0 50 40: 1658, 0, 3
0 50 41: 1434, 10, 0
0 50 42: 1434, 10, 0
0 50 43: 1434, 10, 0
0 50 44: 1434, 10, 0
0 50 45: 1434, 10, 0
0 50 46: 1434, 10, 0
0 50 47: 1434, 10, 0
0 50 48: 1434, 10, 0
0 50 49: 1434, 10, 0
0 50 51: 321, 22, 2
0 50 51: 1659, 0, 3
0 50 52: 320, 22, 0
0 50 53: 320, 22, 3
0 50 54: 320, 22, 2
0 50 55: 321, 22, 3
0 50 55: 1659, 0, 1
0 50 57: 1434, 10, 0
0 50 58: 1434, 10, 0
0 50 59: 1434, 10, 0
0 50 60: 1434, 10, 0
0 50 61: 1434, 10, 0
0 50 62: 1434, 10, 0
0 50 63: 1434, 10, 0
0 51 0: 1434, 10, 0
0 51 1: 1434, 10, 0
0 51 2: 1434, 10, 0
0 51 3: 1434, 10, 0
0 51 4: 1658, 1, 1
0 51 5: 197, 7, 1
0 51 5: 1658, 9, 1
0 51 7: 336, 22, 0
0 51 8: 337, 22, 2
0 51 9: 197, 7, 2
0 51 9: 1658, 9, 2
0 51 10: 1658, 1, 2
0 51 11: 1434, 10, 0
0 51 12: 1434, 10, 0
0 51 13: 1434, 10, 0
0 51 14: 1434, 10, 0
0 51 15: 1658, 0, 1
0 51 25: 1872, 4, 1
0 51 26: 320, 22, 3
0 51 26: 1631, 0, 3
0 51 28: 1658, 0, 3
0 51 29: 1434, 10, 0
0 51 30: 1434, 10, 0
0 51 31: 1658, 1, 0
0 51 32: 1658, 9, 0
0 51 35: 472, 10, 2
0 51 36: 320, 22, 1
0 51 37: 321, 22, 0
0 51 38: 320, 22, 0
0 51 38: 1171, 10, 2
0 51 39: 1658, 9, 3
0 51 40: 1658, 1, 3
0 51 41: 1434, 10, 0
0 51 42: 1434, 10, 0
0 51 43: 1434, 10, 0
0 51 44: 1434, 10, 0
0 51 45: 1434, 10, 0
0 51 46: 1434, 10, 0
0 51 47: 1434, 10, 0
0 51 48: 1434, 10, 0
0 51 49: 1434, 10, 0
0 51 51: 197, 5, 3
0 51 51: 320, 22, 3
0 51 51: 1659, 0, 3
0 51 52: 320, 22, 0
0 51 54: 320, 22, 1
0 51 55: 320, 22, 0
0 51 55: 1659, 0, 1
0 51 57: 1434, 10, 0
0 51 58: 1434, 10, 0
0 51 59: 1434, 10, 0
0 51 60: 1434, 10, 0
0 51 61: 1434, 10, 0
0 51 62: 1434, 10, 0
0 51 63: 1434, 10, 0
0 52 0: 1434, 10, 0
0 52 1: 1434, 10, 0
0 52 2: 1434, 10, 0
0 52 3: 1658, 1, 1
0 52 4: 1658, 9, 1
0 52 8: 336, 22, 2
0 52 10: 1658, 9, 2
0 52 11: 1658, 1, 2
0 52 12: 1434, 10, 0
0 52 13: 1434, 10, 0
0 52 14: 1434, 10, 0
0 52 15: 1658, 0, 1
0 52 16: 197, 4, 3
0 52 19: 320, 22, 1
0 52 22: 2732, 10, 2
0 52 25: 320, 22, 1
0 52 26: 1631, 0, 3
0 52 27: 320, 22, 2
0 52 28: 1658, 0, 3
0 52 29: 1434, 10, 0
0 52 30: 1434, 10, 0
0 52 31: 1434, 10, 0
0 52 32: 1658, 1, 0
0 52 33: 1658, 9, 0
0 52 34: 697, 11, 1
0 52 35: 197, 4, 2
0 52 37: 320, 22, 2
0 52 37: 697, 10, 1
0 52 37: 1183, 4, 2
0 52 38: 320, 22, 1
0 52 38: 1658, 9, 3
0 52 39: 1658, 1, 3
0 52 40: 1434, 10, 0
0 52 41: 1434, 10, 0
0 52 42: 1434, 10, 0
0 52 43: 1434, 10, 0
0 52 44: 1434, 10, 0
0 52 45: 1434, 10, 0
0 52 46: 1434, 10, 0
0 52 47: 1434, 10, 0
0 52 48: 1434, 10, 0
0 52 49: 1434, 10, 0
0 52 51: 1659, 0, 3
0 52 51: 1872, 5, 3
0 52 55: 1659, 0, 1
0 52 55: 1872, 5, 1
0 52 57: 1434, 10, 0
0 52 58: 1434, 10, 0
0 52 59: 1434, 10, 0
0 52 60: 1434, 10, 0
0 52 61: 1434, 10, 0
0 52 62: 1434, 10, 0
0 52 63: 1434, 10, 0
0 53 0: 1434, 10, 0
0 53 1: 1434, 10, 0
0 53 2: 1434, 10, 0
0 53 3: 1658, 0, 1
0 53 4: 482, 10, 3
0 53 8: 336, 22, 0
0 53 10: 336, 22, 2
0 53 11: 1658, 9, 2
0 53 12: 1658, 1, 2
0 53 13: 1434, 10, 0
0 53 14: 1434, 10, 0
0 53 15: 1658, 0, 1
0 53 16: 650, 4, 3
0 53 16: 652, 22, 1
0 53 18: 320, 22, 2
0 53 19: 321, 22, 2
0 53 20: 320, 22, 3
0 53 24: 320, 22, 1
0 53 25: 197, 4, 1
0 53 25: 321, 22, 3
0 53 25: 714, 10, 3
0 53 26: 320, 22, 1
0 53 26: 362, 11, 1
0 53 26: 1631, 0, 3
0 53 27: 197, 4, 2
0 53 27: 321, 22, 1
0 53 27: 365, 10, 1
0 53 28: 1658, 0, 3
0 53 29: 1434, 10, 0
0 53 30: 1434, 10, 0
0 53 31: 1434, 10, 0
0 53 32: 1434, 10, 0
0 53 33: 1658, 1, 0
0 53 34: 1658, 0, 0
0 53 35: 1658, 0, 0
0 53 36: 1658, 0, 0
0 53 37: 1658, 0, 0
0 53 38: 1658, 1, 3
0 53 39: 1434, 10, 0
0 53 40: 1434, 10, 0
0 53 41: 1434, 10, 0
0 53 42: 1434, 10, 0
0 53 43: 1434, 10, 0
0 53 44: 1434, 10, 0
0 53 45: 1434, 10, 0
0 53 46: 1434, 10, 0
0 53 47: 1434, 10, 0
0 53 48: 1434, 10, 0
0 53 49: 1434, 10, 0
0 53 51: 1659, 0, 3
0 53 54: 320, 22, 2
0 53 55: 197, 5, 1
0 53 55: 1659, 0, 1
0 53 57: 1434, 10, 0
0 53 58: 1434, 10, 0
0 53 59: 1434, 10, 0
0 53 60: 1434, 10, 0
0 53 61: 1434, 10, 0
0 53 62: 1434, 10, 0
0 53 63: 1434, 10, 0
0 54 0: 1434, 10, 0
0 54 1: 1434, 10, 0
0 54 2: 1434, 10, 0
0 54 3: 1658, 0, 1
0 54 4: 197, 4, 3
0 54 6: 336, 22, 0
0 54 7: 336, 22, 1
0 54 8: 337, 22, 2
0 54 9: 336, 22, 2
0 54 10: 336, 22, 3
0 54 11: 337, 22, 3
0 54 12: 1658, 0, 3
0 54 13: 1434, 10, 0
0 54 14: 1434, 10, 0
0 54 15: 1658, 0, 1
0 54 16: 653, 22, 3
0 54 17: 652, 22, 0
0 54 19: 320, 22, 2
0 54 20: 474, 10, 1
0 54 22: 471, 10, 1
0 54 24: 320, 22, 3
0 54 25: 320, 22, 2
0 54 25: 1658, 9, 3
0 54 26: 1658, 0, 0
0 54 27: 1658, 0, 0
0 54 28: 1658, 1, 3
0 54 29: 1434, 10, 0
0 54 30: 1434, 10, 0
0 54 31: 1434, 10, 0
0 54 32: 1434, 10, 0
0 54 33: 1434, 10, 0
0 54 34: 1434, 10, 0
0 54 35: 1434, 10, 0
0 54 36: 1434, 10, 0
0 54 37: 1434, 10, 0
0 54 38: 1434, 10, 0
0 54 39: 1434, 10, 0
0 54 40: 1434, 10, 0
0 54 41: 1434, 10, 0
0 54 42: 1434, 10, 0
0 54 43: 1434, 10, 0
0 54 44: 1434, 10, 0
0 54 45: 1434, 10, 0
0 54 46: 1434, 10, 0
0 54 47: 1434, 10, 0
0 54 48: 1434, 10, 0
0 54 49: 1434, 10, 0
0 54 51: 1659, 0, 3
0 54 53: 320, 22, 0
0 54 54: 321, 22, 2
0 54 55: 320, 22, 2
0 54 55: 1659, 0, 1
0 54 57: 1434, 10, 0
0 54 58: 1434, 10, 0
0 54 59: 1434, 10, 0
0 54 60: 1434, 10, 0
0 54 61: 1434, 10, 0
0 54 62: 1434, 10, 0
0 54 63: 1434, 10, 0
0 55 0: 1434, 10, 0
0 55 1: 1434, 10, 0
0 55 2: 1658, 1, 1
0 55 3: 1658, 9, 1
0 55 5: 336, 22, 3
0 55 6: 337, 22, 2
0 55 7: 336, 22, 1
0 55 8: 336, 22, 3
0 55 10: 479, 10, 1
0 55 11: 197, 4, 1
0 55 12: 1658, 0, 3
0 55 13: 1434, 10, 0
0 55 14: 1434, 10, 0
0 55 15: 1658, 0, 1
0 55 16: 650, 4, 3
0 55 16: 654, 22, 2
0 55 24: 197, 7, 3
0 55 24: 1658, 9, 3
0 55 25: 1658, 1, 3
0 55 26: 1434, 10, 0
0 55 27: 1434, 10, 0
0 55 28: 1434, 10, 0
0 55 29: 1434, 10, 0
0 55 30: 1434, 10, 0
0 55 31: 1434, 10, 0
0 55 32: 1434, 10, 0
0 55 33: 1434, 10, 0
0 55 34: 1434, 10, 0
0 55 35: 1434, 10, 0
0 55 36: 1434, 10, 0
0 55 37: 1434, 10, 0
0 55 38: 1434, 10, 0
0 55 39: 1434, 10, 0
0 55 40: 1434, 10, 0
0 55 41: 1434, 10, 0
0 55 42: 1434, 10, 0
0 55 43: 1434, 10, 0
0 55 44: 1434, 10, 0
0 55 45: 1434, 10, 0
0 55 47: 1658, 0, 2
0 55 48: 1658, 0, 2
0 55 49: 1658, 0, 2
0 55 50: 1658, 0, 2
0 55 51: 474, 10, 2
0 55 51: 1659, 0, 3
0 55 51: 1872, 5, 3
0 55 54: 320, 22, 1
0 55 55: 320, 22, 2
0 55 55: 1659, 0, 1
0 55 55: 1872, 5, 1
0 55 56: 1658, 0, 2
0 55 57: 1658, 0, 2
0 55 58: 1658, 0, 2
0 55 59: 1658, 0, 2
0 55 60: 1658, 0, 2
0 55 62: 1434, 10, 0
0 55 63: 1434, 10, 0
0 56 0: 1434, 10, 0
0 56 1: 1434, 10, 0
0 56 2: 1658, 0, 1
0 56 3: 362, 10, 0
0 56 6: 336, 22, 2
0 56 12: 1658, 0, 3
0 56 13: 1434, 10, 0
0 56 14: 1434, 10, 0
0 56 15: 1658, 0, 1
0 56 16: 197, 4, 3
0 56 16: 652, 22, 3
0 56 21: 320, 22, 1
0 56 22: 320, 22, 0
0 56 23: 1658, 9, 3
0 56 24: 1658, 1, 3
0 56 25: 1434, 10, 0
0 56 26: 1434, 10, 0
0 56 27: 1434, 10, 0
0 56 28: 1434, 10, 0
0 56 29: 1434, 10, 0
0 56 30: 1434, 10, 0
0 56 31: 1434, 10, 0
0 56 32: 1434, 10, 0
0 56 33: 1434, 10, 0
0 56 34: 1434, 10, 0
0 56 35: 1434, 10, 0
0 56 36: 1434, 10, 0
0 56 37: 1434, 10, 0
0 56 38: 1434, 10, 0
0 56 39: 1434, 10, 0
0 56 40: 1434, 10, 0
0 56 41: 1434, 10, 0
0 56 42: 1434, 10, 0
0 56 43: 1434, 10, 0
0 56 44: 1434, 10, 0
0 56 45: 1434, 10, 0
0 56 47: 321, 22, 3
0 56 47: 1659, 0, 3
0 56 48: 320, 22, 1
0 56 49: 198, 4, 0
0 56 50: 319, 22, 1
0 56 50: 1872, 4, 0
0 56 56: 320, 22, 2
0 56 56: 1872, 4, 0
0 56 57: 321, 22, 0
0 56 58: 197, 4, 0
0 56 59: 320, 22, 0
0 56 59: 542, 10, 0
0 56 60: 320, 22, 3
0 56 60: 1659, 0, 1
0 56 60: 1872, 4, 0
0 56 61: 1658, 0, 2
0 56 63: 1434, 10, 0
0 57 0: 1434, 10, 0
0 57 1: 1434, 10, 0
0 57 2: 1658, 0, 1
0 57 3: 197, 4, 3
0 57 3: 336, 22, 2
0 57 7: 481, 10, 2
0 57 9: 357, 10, 1
0 57 10: 358, 10, 3
0 57 11: 1658, 9, 3
0 57 12: 1658, 1, 3
0 57 13: 1434, 10, 0
0 57 14: 1434, 10, 0
0 57 15: 1658, 0, 1
0 57 20: 320, 22, 2
0 57 20: 358, 10, 3
0 57 21: 321, 22, 1
0 57 21: 357, 10, 2
0 57 22: 197, 7, 3
0 57 22: 1658, 9, 3
0 57 23: 1658, 1, 3
0 57 24: 1434, 10, 0
0 57 25: 1434, 10, 0
0 57 26: 1434, 10, 0
0 57 27: 1434, 10, 0
0 57 28: 1434, 10, 0
0 57 29: 1434, 10, 0
0 57 30: 1434, 10, 0
0 57 31: 1434, 10, 0
0 57 32: 1434, 10, 0
0 57 33: 1434, 10, 0
0 57 34: 1434, 10, 0
0 57 35: 1434, 10, 0
0 57 36: 1434, 10, 0
0 57 37: 1434, 10, 0
0 57 38: 1434, 10, 0
0 57 39: 1434, 10, 0
0 57 40: 1434, 10, 0
0 57 41: 1434, 10, 0
0 57 42: 1434, 10, 0
0 57 43: 1434, 10, 0
0 57 44: 1434, 10, 0
0 57 45: 1434, 10, 0
0 57 47: 320, 22, 0
0 57 47: 1659, 0, 3
0 57 47: 1872, 5, 3
0 57 48: 319, 22, 2
0 57 49: 474, 10, 1
0 57 51: 471, 10, 2
0 57 53: 474, 10, 0
0 57 57: 320, 22, 1
0 57 57: 542, 10, 2
0 57 60: 320, 22, 2
0 57 61: 321, 22, 1
0 57 61: 1659, 0, 1
0 57 61: 1872, 4, 0
0 57 62: 1658, 0, 2
0 57 63: 1658, 1, 2
0 58 0: 1434, 10, 0
0 58 1: 1434, 10, 0
0 58 2: 1658, 0, 1
0 58 3: 337, 22, 0
0 58 4: 336, 22, 0
0 58 9: 357, 10, 2
0 58 10: 1658, 9, 3
0 58 11: 1658, 1, 3
0 58 12: 1434, 10, 0
0 58 13: 1434, 10, 0
0 58 14: 1434, 10, 0
0 58 15: 1658, 1, 0
0 58 16: 1658, 9, 0
0 58 19: 320, 22, 0
0 58 19: 357, 10, 1
0 58 20: 1658, 9, 3
0 58 21: 1658, 0, 0
0 58 22: 1658, 1, 3
0 58 23: 1434, 10, 0
0 58 24: 1434, 10, 0
0 58 25: 1434, 10, 0
0 58 26: 1434, 10, 0
0 58 27: 1434, 10, 0
0 58 28: 1434, 10, 0
0 58 29: 1434, 10, 0
0 58 30: 1434, 10, 0
0 58 31: 1434, 10, 0
0 58 32: 1434, 10, 0
0 58 33: 1434, 10, 0
0 58 34: 1434, 10, 0
0 58 35: 1434, 10, 0
0 58 36: 1434, 10, 0
0 58 37: 1434, 10, 0
0 58 38: 1434, 10, 0
0 58 39: 1434, 10, 0
0 58 40: 1434, 10, 0
0 58 41: 1434, 10, 0
0 58 42: 1434, 10, 0
0 58 43: 1434, 10, 0
0 58 44: 1434, 10, 0
0 58 45: 1434, 10, 0
0 58 47: 1659, 0, 3
0 58 48: 320, 22, 3
0 58 56: 320, 22, 2
0 58 57: 320, 22, 0
0 58 60: 320, 22, 1
0 58 61: 320, 22, 1
0 58 61: 997, 0, 1
0 58 63: 1658, 9, 2
0 59 0: 1434, 10, 0
0 59 1: 1434, 10, 0
0 59 2: 1658, 1, 0
0 59 3: 336, 22, 3
0 59 3: 1658, 9, 0
0 59 4: 336, 22, 3
0 59 4: 362, 10, 1
0 59 5: 336, 22, 3
0 59 7: 479, 10, 0
0 59 10: 1658, 0, 3
0 59 11: 1434, 10, 0
0 59 12: 1434, 10, 0
0 59 13: 1434, 10, 0
0 59 14: 1434, 10, 0
0 59 15: 1434, 10, 0
0 59 16: 1658, 0, 1
0 59 17: 197, 4, 3
0 59 19: 197, 4, 1
0 59 19: 320, 22, 3
0 59 20: 1658, 0, 3
0 59 21: 1434, 10, 0
0 59 22: 1434, 10, 0
0 59 23: 1434, 10, 0
0 59 24: 1434, 10, 0
0 59 25: 1434, 10, 0
0 59 26: 1434, 10, 0
0 59 27: 1434, 10, 0
0 59 28: 1434, 10, 0
0 59 29: 1434, 10, 0
0 59 30: 1434, 10, 0
0 59 31: 1434, 10, 0
0 59 32: 1434, 10, 0
0 59 33: 1434, 10, 0
0 59 34: 1434, 10, 0
0 59 35: 1434, 10, 0
0 59 36: 1434, 10, 0
0 59 37: 1434, 10, 0
0 59 38: 1434, 10, 0
0 59 39: 1434, 10, 0
0 59 40: 1434, 10, 0
0 59 41: 1434, 10, 0
0 59 42: 1434, 10, 0
0 59 43: 1434, 10, 0
0 59 44: 1434, 10, 0
0 59 45: 1434, 10, 0
0 59 47: 653, 22, 0
0 59 47: 1659, 0, 3
0 59 48: 653, 22, 0
0 59 49: 320, 22, 3
0 59 50: 320, 22, 2
0 59 57: 320, 22, 1
0 59 61: 1596, 0, 1
0 60 0: 1434, 10, 0
0 60 1: 1434, 10, 0
0 60 2: 1434, 10, 0
0 60 3: 1658, 1, 0
0 60 4: 1658, 9, 0
0 60 5: 362, 10, 0
0 60 7: 197, 4, 2
0 60 9: 1658, 9, 3
0 60 10: 1658, 1, 3
0 60 11: 1434, 10, 0
0 60 12: 1434, 10, 0
0 60 13: 1434, 10, 0
0 60 14: 1434, 10, 0
0 60 15: 1434, 10, 0
0 60 16: 1658, 0, 1
0 60 17: 1872, 4, 3
0 60 18: 320, 22, 2
0 60 19: 321, 22, 0
0 60 19: 1872, 4, 1
0 60 20: 1658, 0, 3
0 60 21: 1434, 10, 0
0 60 22: 1434, 10, 0
0 60 23: 1434, 10, 0
0 60 24: 1434, 10, 0
0 60 25: 1434, 10, 0
0 60 26: 1434, 10, 0
0 60 27: 1434, 10, 0
0 60 28: 1434, 10, 0
0 60 29: 1434, 10, 0
0 60 30: 1434, 10, 0
0 60 31: 1434, 10, 0
0 60 32: 1434, 10, 0
0 60 33: 1434, 10, 0
0 60 34: 1434, 10, 0
0 60 35: 1434, 10, 0
0 60 36: 1434, 10, 0
0 60 37: 1434, 10, 0
0 60 38: 1434, 10, 0
0 60 39: 1434, 10, 0
0 60 40: 1434, 10, 0
0 60 41: 1434, 10, 0
0 60 42: 1434, 10, 0
0 60 43: 1434, 10, 0
0 60 44: 1434, 10, 0
0 60 45: 1434, 10, 0
0 60 47: 197, 5, 3
0 60 47: 654, 22, 3
0 60 47: 1659, 0, 3
0 60 48: 653, 22, 3
0 60 49: 320, 22, 0
0 60 50: 321, 22, 2
0 60 51: 320, 22, 1
0 60 61: 1597, 0, 1
0 61 0: 1434, 10, 0
0 61 1: 1434, 10, 0
0 61 2: 1434, 10, 0
0 61 3: 1434, 10, 0
0 61 4: 1658, 1, 0
0 61 5: 1658, 0, 0
0 61 6: 1658, 0, 0
0 61 7: 1658, 0, 0
0 61 8: 1658, 0, 0
0 61 9: 1658, 1, 3
0 61 10: 1434, 10, 0
0 61 11: 1434, 10, 0
0 61 12: 1434, 10, 0
0 61 16: 1658, 0, 1
0 61 17: 197, 4, 3
0 61 19: 197, 4, 1
0 61 19: 320, 22, 0
0 61 20: 1658, 0, 3
0 61 26: 1434, 10, 0
0 61 27: 1434, 10, 0
0 61 28: 1434, 10, 0
0 61 29: 1434, 10, 0
0 61 30: 1434, 10, 0
0 61 31: 1434, 10, 0
0 61 32: 1434, 10, 0
0 61 33: 1434, 10, 0
0 61 34: 1434, 10, 0
0 61 35: 1434, 10, 0
0 61 36: 1434, 10, 0
0 61 37: 1434, 10, 0
0 61 38: 1434, 10, 0
0 61 39: 1434, 10, 0
0 61 40: 1434, 10, 0
0 61 41: 1434, 10, 0
0 61 42: 1434, 10, 0
0 61 43: 1434, 10, 0
0 61 44: 1434, 10, 0
0 61 45: 1434, 10, 0
0 61 47: 653, 22, 1
0 61 47: 1659, 0, 3
0 61 48: 653, 22, 2
0 61 49: 320, 22, 0
0 61 50: 320, 22, 0
0 61 51: 320, 22, 0
0 61 54: 320, 22, 2
0 61 60: 320, 22, 3
0 61 61: 320, 22, 3
0 61 61: 997, 0, 1
0 62 0: 1434, 10, 0
0 62 1: 1434, 10, 0
0 62 2: 1434, 10, 0
0 62 3: 1434, 10, 0
0 62 4: 1434, 10, 0
0 62 5: 1434, 10, 0
0 62 6: 1434, 10, 0
0 62 7: 1434, 10, 0
0 62 8: 1434, 10, 0
0 62 9: 1434, 10, 0
0 62 10: 1434, 10, 0
0 62 11: 1434, 10, 0
0 62 13: 1659, 9, 3
0 62 14: 198, 5, 0
0 62 14: 1659, 0, 0
0 62 15: 1659, 0, 0
0 62 15: 1872, 5, 0
0 62 15: 2103, 10, 2
0 62 16: 1659, 0, 0
0 62 16: 2097, 10, 2
0 62 20: 320, 22, 3
0 62 20: 1659, 0, 0
0 62 21: 321, 22, 2
0 62 21: 1659, 0, 0
0 62 21: 1872, 5, 0
0 62 22: 197, 5, 0
0 62 22: 320, 22, 0
0 62 22: 1659, 0, 0
0 62 22: 2097, 10, 2
0 62 23: 320, 22, 3
0 62 23: 1659, 0, 0
0 62 23: 2095, 10, 2
0 62 24: 321, 22, 3
0 62 24: 362, 10, 1
0 62 24: 1659, 0, 0
0 62 25: 1658, 0, 3
0 62 26: 1434, 10, 0
0 62 27: 1434, 10, 0
0 62 28: 1434, 10, 0
0 62 29: 1434, 10, 0
0 62 30: 1434, 10, 0
0 62 31: 1434, 10, 0
0 62 32: 1434, 10, 0
0 62 33: 1434, 10, 0
0 62 34: 1434, 10, 0
0 62 35: 1434, 10, 0
0 62 36: 1434, 10, 0
0 62 37: 1434, 10, 0
0 62 38: 1434, 10, 0
0 62 39: 1434, 10, 0
0 62 40: 1434, 10, 0
0 62 41: 1434, 10, 0
0 62 42: 1434, 10, 0
0 62 43: 1434, 10, 0
0 62 44: 1434, 10, 0
0 62 45: 1434, 10, 0
0 62 47: 320, 22, 0
0 62 47: 1659, 0, 3
0 62 47: 1872, 5, 3
0 62 48: 320, 22, 3
0 62 52: 320, 22, 0
0 62 54: 320, 22, 3
0 62 55: 319, 22, 3
0 62 60: 320, 22, 2
0 62 61: 321, 22, 0
0 62 61: 1659, 0, 1
0 62 61: 1872, 4, 2
0 62 62: 1658, 0, 0
0 62 63: 1658, 0, 0
0 63 0: 1434, 10, 0
0 63 1: 1434, 10, 0
0 63 2: 1434, 10, 0
0 63 3: 1434, 10, 0
0 63 4: 1434, 10, 0
0 63 5: 1434, 10, 0
0 63 6: 1434, 10, 0
0 63 7: 1434, 10, 0
0 63 8: 1434, 10, 0
0 63 9: 1434, 10, 0
0 63 10: 1434, 10, 0
0 63 12: 1659, 9, 3
0 63 13: 1631, 1, 3
0 63 13: 2096, 10, 0
0 63 20: 320, 22, 2
0 63 21: 320, 22, 1
0 63 23: 320, 22, 2
0 63 24: 320, 22, 1
0 63 24: 1872, 4, 1
0 63 25: 1658, 0, 3
0 63 26: 1434, 10, 0
0 63 27: 1434, 10, 0
0 63 28: 1434, 10, 0
0 63 29: 1434, 10, 0
0 63 30: 1434, 10, 0
0 63 31: 1434, 10, 0
0 63 32: 1434, 10, 0
0 63 33: 1434, 10, 0
0 63 34: 1434, 10, 0
0 63 35: 1434, 10, 0
0 63 36: 1434, 10, 0
0 63 37: 1434, 10, 0
0 63 38: 1434, 10, 0
0 63 39: 1434, 10, 0
0 63 40: 1434, 10, 0
0 63 41: 1434, 10, 0
0 63 42: 1434, 10, 0
0 63 43: 1434, 10, 0
0 63 44: 1434, 10, 0
0 63 45: 1434, 10, 0
0 63 47: 321, 22, 3
0 63 47: 1659, 0, 3
0 63 48: 320, 22, 2
0 63 51: 320, 22, 1
0 63 52: 321, 22, 1
0 63 53: 320, 22, 3
0 63 54: 320, 22, 3
0 63 55: 320, 22, 3
0 63 56: 320, 22, 0
0 63 59: 320, 22, 1
0 63 60: 320, 22, 0
0 63 60: 1659, 0, 1
0 63 61: 1658, 0, 0
0 63 63: 1434, 10, 0
1 13 36: 320, 22, 1
1 13 37: 320, 22, 2
1 13 38: 320, 22, 3
1 13 39: 320, 22, 3
1 13 40: 320, 22, 0
1 13 41: 320, 22, 0
1 13 42: 320, 22, 3
1 13 43: 320, 22, 3
1 13 44: 320, 22, 0
1 13 45: 320, 22, 1
1 14 35: 320, 22, 2
1 14 36: 320, 22, 3
1 14 37: 321, 22, 1
1 14 38: 319, 22, 3
1 14 39: 320, 22, 1
1 14 40: 320, 22, 2
1 14 41: 321, 22, 3
1 14 42: 319, 22, 0
1 14 43: 321, 22, 2
1 14 44: 320, 22, 3
1 14 45: 320, 22, 0
1 14 46: 320, 22, 3
1 15 34: 320, 22, 3
1 15 35: 321, 22, 0
1 15 45: 320, 22, 1
1 15 46: 320, 22, 0
1 16 34: 320, 22, 2
1 16 35: 320, 22, 1
1 16 45: 319, 22, 1
1 16 46: 320, 22, 1
1 17 34: 320, 22, 2
1 17 35: 319, 22, 2
1 17 45: 320, 22, 3
1 17 46: 320, 22, 1
1 18 21: 320, 22, 3
1 18 22: 320, 22, 0
1 18 23: 320, 22, 1
1 18 24: 320, 22, 1
1 18 25: 320, 22, 2
1 18 26: 320, 22, 3
1 18 27: 320, 22, 3
1 18 28: 320, 22, 0
1 18 30: 320, 22, 1
1 18 31: 320, 22, 2
1 18 34: 320, 22, 1
1 18 35: 320, 22, 0
1 18 45: 320, 22, 3
1 18 46: 320, 22, 0
1 19 20: 320, 22, 1
1 19 21: 320, 22, 3
1 19 22: 320, 22, 0
1 19 23: 319, 22, 3
1 19 24: 320, 22, 2
1 19 25: 321, 22, 1
1 19 26: 320, 22, 1
1 19 27: 319, 22, 0
1 19 28: 320, 22, 3
1 19 29: 320, 22, 0
1 19 30: 321, 22, 2
1 19 31: 319, 22, 1
1 19 32: 320, 22, 2
1 19 33: 320, 22, 1
1 19 34: 320, 22, 1
1 19 35: 320, 22, 3
1 19 45: 321, 22, 0
1 19 46: 320, 22, 2
1 19 47: 320, 22, 1
1 19 48: 320, 22, 1
1 19 49: 320, 22, 0
1 19 50: 320, 22, 1
1 19 52: 320, 22, 2
1 19 53: 320, 22, 1
1 19 54: 320, 22, 2
1 19 55: 320, 22, 1
1 19 57: 320, 22, 2
1 19 58: 320, 22, 3
1 19 60: 320, 22, 0
1 20 20: 320, 22, 1
1 20 21: 320, 22, 2
1 20 33: 320, 22, 0
1 20 34: 321, 22, 3
1 20 46: 320, 22, 3
1 20 47: 321, 22, 1
1 20 48: 320, 22, 3
1 20 49: 319, 22, 3
1 20 50: 320, 22, 2
1 20 51: 321, 22, 2
1 20 52: 319, 22, 0
1 20 53: 320, 22, 0
1 20 54: 320, 22, 0
1 20 55: 321, 22, 3
1 20 56: 319, 22, 2
1 20 57: 320, 22, 1
1 20 58: 319, 22, 3
1 20 59: 320, 22, 2
1 20 60: 321, 22, 1
1 20 61: 320, 22, 3
1 21 9: 320, 22, 0
1 21 10: 320, 22, 0
1 21 11: 320, 22, 1
1 21 12: 320, 22, 2
1 21 13: 320, 22, 3
1 21 14: 320, 22, 0
1 21 15: 320, 22, 1
1 21 16: 320, 22, 1
1 21 17: 320, 22, 2
1 21 18: 320, 22, 3
1 21 19: 320, 22, 3
1 21 20: 320, 22, 0
1 21 21: 320, 22, 1
1 21 61: 320, 22, 0
1 21 62: 320, 22, 1
1 22 8: 320, 22, 1
1 22 9: 320, 22, 3
1 22 10: 320, 22, 1
1 22 11: 321, 22, 2
1 22 12: 320, 22, 2
1 22 13: 320, 22, 3
1 22 14: 319, 22, 1
1 22 15: 320, 22, 2
1 22 16: 321, 22, 3
1 22 17: 320, 22, 1
1 22 18: 319, 22, 2
1 22 19: 320, 22, 0
1 22 20: 321, 22, 0
1 22 61: 320, 22, 1
1 23 8: 320, 22, 0
1 23 9: 320, 22, 2
1 23 61: 319, 22, 1
1 23 62: 320, 22, 2
1 24 8: 320, 22, 0
1 24 9: 319, 22, 0
1 24 61: 320, 22, 2
1 25 8: 320, 22, 3
1 25 9: 320, 22, 0
1 25 61: 321, 22, 3
1 25 62: 320, 22, 3
1 26 8: 320, 22, 3
1 26 9: 319, 22, 3
1 26 61: 320, 22, 0
1 26 62: 320, 22, 0
1 27 8: 320, 22, 2
1 27 9: 320, 22, 3
1 27 33: 320, 22, 1
1 27 34: 319, 22, 3
1 27 35: 320, 22, 2
1 27 36: 321, 22, 2
1 27 37: 320, 22, 0
1 27 38: 320, 22, 0
1 27 39: 319, 22, 2
1 27 40: 320, 22, 1
1 27 41: 320, 22, 2
1 27 42: 320, 22, 3
1 27 43: 320, 22, 0
1 27 44: 321, 22, 3
1 27 45: 320, 22, 3
1 27 61: 321, 22, 2
1 28 8: 320, 22, 1
1 28 9: 320, 22, 3
1 28 10: 321, 22, 1
1 28 11: 320, 22, 0
1 28 12: 319, 22, 2
1 28 13: 320, 22, 3
1 28 14: 320, 22, 2
1 28 15: 321, 22, 0
1 28 16: 320, 22, 1
1 28 17: 319, 22, 1
1 28 18: 320, 22, 3
1 28 19: 321, 22, 3
1 28 20: 320, 22, 1
1 28 32: 320, 22, 0
1 28 33: 320, 22, 3
1 28 34: 320, 22, 2
1 28 35: 320, 22, 2
1 28 36: 320, 22, 1
1 28 37: 320, 22, 0
1 28 38: 320, 22, 2
1 28 39: 320, 22, 0
1 28 40: 320, 22, 0
1 28 41: 320, 22, 1
1 28 42: 320, 22, 0
1 28 43: 320, 22, 2
1 28 44: 320, 22, 1
1 28 45: 320, 22, 2
1 28 46: 320, 22, 3
1 28 61: 320, 22, 0
1 28 62: 320, 22, 1
1 29 9: 320, 22, 0
1 29 10: 320, 22, 3
1 29 11: 320, 22, 2
1 29 12: 320, 22, 2
1 29 13: 320, 22, 0
1 29 14: 320, 22, 1
1 29 15: 320, 22, 0
1 29 16: 320, 22, 0
1 29 17: 320, 22, 2
1 29 18: 320, 22, 2
1 29 19: 320, 22, 3
1 29 20: 320, 22, 3
1 29 21: 320, 22, 1
1 29 32: 321, 22, 1
1 29 33: 320, 22, 1
1 29 45: 320, 22, 0
1 29 46: 320, 22, 3
1 29 61: 321, 22, 0
1 29 62: 320, 22, 2
1 30 20: 320, 22, 1
1 30 21: 319, 22, 0
1 30 32: 320, 22, 2
1 30 33: 320, 22, 3
1 30 45: 320, 22, 2
1 30 46: 319, 22, 0
1 30 61: 321, 22, 0
1 31 20: 320, 22, 1
1 31 21: 320, 22, 0
1 31 32: 320, 22, 3
1 31 33: 320, 22, 0
1 31 45: 320, 22, 1
1 31 46: 320, 22, 2
1 31 53: 1559, 10, 2
1 31 61: 319, 22, 3
1 31 62: 320, 22, 3
1 32 20: 320, 22, 2
1 32 21: 319, 22, 2
1 32 32: 320, 22, 1
1 32 33: 320, 22, 0
1 32 45: 320, 22, 0
1 32 46: 320, 22, 3
1 32 61: 320, 22, 1
1 33 20: 320, 22, 1
1 33 21: 320, 22, 2
1 33 32: 319, 22, 1
1 33 33: 320, 22, 3
1 33 45: 320, 22, 0
1 33 46: 320, 22, 3
1 33 47: 321, 22, 0
1 33 48: 320, 22, 0
1 33 58: 320, 22, 2
1 33 59: 319, 22, 1
1 33 60: 321, 22, 2
1 33 61: 320, 22, 2
1 34 20: 320, 22, 0
1 34 21: 320, 22, 3
1 34 22: 320, 22, 0
1 34 30: 321, 22, 3
1 34 31: 320, 22, 2
1 34 32: 320, 22, 0
1 34 33: 320, 22, 2
1 34 45: 320, 22, 1
1 34 46: 320, 22, 2
1 34 47: 320, 22, 2
1 34 48: 320, 22, 3
1 34 49: 320, 22, 1
1 34 57: 320, 22, 0
1 34 58: 320, 22, 1
1 34 59: 320, 22, 0
1 34 60: 320, 22, 3
1 35 22: 320, 22, 3
1 35 23: 320, 22, 1
1 35 30: 320, 22, 0
1 35 31: 320, 22, 1
1 35 32: 320, 22, 3
1 35 33: 320, 22, 1
1 35 48: 320, 22, 1
1 35 49: 321, 22, 2
1 35 57: 321, 22, 3
1 35 58: 320, 22, 1
1 36 22: 320, 22, 2
1 36 23: 319, 22, 1
1 36 30: 320, 22, 3
1 36 31: 320, 22, 2
1 36 48: 320, 22, 2
1 36 49: 320, 22, 3
1 36 57: 319, 22, 3
1 36 58: 320, 22, 2
1 37 22: 320, 22, 2
1 37 23: 320, 22, 3
1 37 30: 319, 22, 3
1 37 31: 320, 22, 1
1 37 48: 320, 22, 3
1 37 49: 319, 22, 2
1 37 57: 320, 22, 3
1 37 58: 320, 22, 2
1 38 22: 320, 22, 1
1 38 23: 321, 22, 2
1 38 30: 320, 22, 0
1 38 31: 320, 22, 0
1 38 48: 320, 22, 2
1 38 49: 320, 22, 0
1 38 57: 321, 22, 0
1 38 58: 320, 22, 3
1 39 22: 320, 22, 0
1 39 23: 320, 22, 1
1 39 30: 320, 22, 3
1 39 31: 320, 22, 2
1 39 48: 320, 22, 2
1 39 49: 321, 22, 3
1 39 57: 319, 22, 0
1 39 58: 320, 22, 0
1 40 6: 320, 22, 3
1 40 7: 320, 22, 0
1 40 8: 320, 22, 1
1 40 9: 320, 22, 0
1 40 10: 320, 22, 3
1 40 11: 320, 22, 0
1 40 13: 320, 22, 3
1 40 15: 320, 22, 1
1 40 16: 320, 22, 1
1 40 17: 320, 22, 1
1 40 18: 320, 22, 2
1 40 19: 320, 22, 2
1 40 20: 320, 22, 3
1 40 21: 320, 22, 1
1 40 22: 320, 22, 0
1 40 23: 320, 22, 2
1 40 30: 320, 22, 1
1 40 31: 320, 22, 0
1 40 32: 320, 22, 3
1 40 33: 320, 22, 3
1 40 34: 320, 22, 3
1 40 35: 320, 22, 2
1 40 36: 320, 22, 3
1 40 37: 320, 22, 1
1 40 38: 320, 22, 1
1 40 48: 320, 22, 3
1 40 49: 320, 22, 1
1 40 57: 320, 22, 1
1 40 58: 320, 22, 0
1 41 2: 321, 22, 3
1 41 7: 321, 22, 0
1 41 8: 320, 22, 1
1 41 9: 319, 22, 2
1 41 10: 320, 22, 2
1 41 11: 320, 22, 1
1 41 12: 320, 22, 2
1 41 13: 321, 22, 1
1 41 14: 320, 22, 2
1 41 15: 320, 22, 3
1 41 16: 320, 22, 0
1 41 17: 321, 22, 2
1 41 18: 320, 22, 2
1 41 19: 319, 22, 3
1 41 20: 320, 22, 2
1 41 21: 320, 22, 0
1 41 30: 321, 22, 2
1 41 31: 320, 22, 3
1 41 32: 319, 22, 1
1 41 33: 320, 22, 1
1 41 34: 320, 22, 0
1 41 35: 320, 22, 1
1 41 36: 320, 22, 3
1 41 37: 319, 22, 2
1 41 38: 320, 22, 2
1 41 39: 320, 22, 2
1 41 40: 320, 22, 0
1 41 48: 320, 22, 1
1 41 49: 319, 22, 1
1 41 57: 321, 22, 2
1 41 58: 320, 22, 1
1 42 20: 320, 22, 1
1 42 21: 320, 22, 0
1 42 23: 320, 22, 1
1 42 24: 320, 22, 3
1 42 30: 320, 22, 2
1 42 39: 320, 22, 0
1 42 40: 320, 22, 3
1 42 48: 320, 22, 0
1 42 49: 320, 22, 2
1 42 57: 320, 22, 3
1 42 58: 320, 22, 2
1 43 20: 320, 22, 3
1 43 21: 320, 22, 3
1 43 24: 319, 22, 3
1 43 29: 321, 22, 1
1 43 30: 320, 22, 2
1 43 40: 320, 22, 3
1 43 41: 320, 22, 0
1 43 48: 320, 22, 2
1 43 49: 321, 22, 2
1 43 57: 319, 22, 2
1 43 58: 320, 22, 2
1 44 20: 320, 22, 1
1 44 21: 320, 22, 0
1 44 23: 320, 22, 1
1 44 24: 321, 22, 0
1 44 29: 320, 22, 0
1 44 30: 320, 22, 1
1 44 40: 320, 22, 1
1 44 41: 320, 22, 1
1 44 48: 320, 22, 3
1 44 49: 320, 22, 1
1 44 57: 321, 22, 3
1 44 58: 320, 22, 3
1 45 20: 321, 22, 3
1 45 21: 320, 22, 2
1 45 22: 320, 22, 1
1 45 23: 320, 22, 2
1 45 24: 319, 22, 2
1 45 40: 320, 22, 1
1 45 41: 320, 22, 2
1 45 48: 320, 22, 3
1 45 49: 319, 22, 0
1 45 57: 320, 22, 0
1 45 58: 320, 22, 1
1 46 20: 320, 22, 0
1 46 21: 320, 22, 3
1 46 22: 320, 22, 3
1 46 23: 320, 22, 0
1 46 24: 320, 22, 2
1 46 41: 320, 22, 3
1 46 42: 320, 22, 0
1 46 48: 320, 22, 3
1 46 49: 320, 22, 3
1 46 57: 319, 22, 1
1 46 58: 320, 22, 0
1 47 21: 320, 22, 1
1 47 22: 319, 22, 0
1 47 23: 321, 22, 1
1 47 41: 320, 22, 3
1 47 42: 320, 22, 3
1 47 48: 320, 22, 3
1 47 49: 321, 22, 0
1 47 57: 320, 22, 3
1 47 58: 320, 22, 0
1 48 41: 320, 22, 1
1 48 42: 320, 22, 2
1 48 48: 320, 22, 2
1 48 49: 320, 22, 1
1 48 57: 320, 22, 3
1 49 0: 319, 22, 1
1 49 1: 320, 22, 0
1 49 2: 321, 22, 2
1 49 3: 319, 22, 3
1 49 4: 320, 22, 2
1 49 11: 320, 22, 1
1 49 41: 319, 22, 3
1 49 42: 320, 22, 1
1 49 48: 320, 22, 0
1 49 49: 321, 22, 1
1 49 57: 320, 22, 1
1 49 58: 320, 22, 1
1 50 0: 320, 22, 0
1 50 1: 320, 22, 2
1 50 2: 320, 22, 3
1 50 3: 320, 22, 1
1 50 11: 320, 22, 1
1 50 12: 320, 22, 3
1 50 41: 320, 22, 0
1 50 42: 320, 22, 1
1 50 48: 320, 22, 1
1 50 49: 320, 22, 3
1 50 57: 319, 22, 1
1 50 58: 320, 22, 2
1 51 0: 320, 22, 3
1 51 1: 320, 22, 2
1 51 2: 320, 22, 3
1 51 12: 320, 22, 2
1 51 13: 320, 22, 2
1 51 29: 320, 22, 1
1 51 30: 320, 22, 1
1 51 41: 320, 22, 3
1 51 48: 320, 22, 0
1 51 49: 321, 22, 3
1 51 57: 320, 22, 3
1 51 58: 320, 22, 0
1 52 0: 320, 22, 3
1 52 1: 320, 22, 3
1 52 2: 321, 22, 1
1 52 13: 320, 22, 0
1 52 14: 319, 22, 3
1 52 29: 320, 22, 2
1 52 30: 320, 22, 0
1 52 41: 320, 22, 2
1 52 48: 320, 22, 1
1 52 49: 320, 22, 3
1 52 57: 321, 22, 1
1 52 58: 320, 22, 1
1 53 0: 320, 22, 2
1 53 1: 320, 22, 1
1 53 2: 320, 22, 2
1 53 13: 321, 22, 2
1 53 14: 320, 22, 3
1 53 29: 319, 22, 2
1 53 30: 320, 22, 3
1 53 31: 320, 22, 2
1 53 40: 320, 22, 2
1 53 41: 320, 22, 0
1 53 45: 320, 22, 2
1 53 47: 320, 22, 2
1 53 49: 320, 22, 0
1 53 57: 319, 22, 2
1 53 58: 320, 22, 2
1 53 59: 320, 22, 0
1 53 60: 320, 22, 2
1 53 61: 320, 22, 2
1 53 63: 320, 22, 3
1 54 0: 320, 22, 2
1 54 1: 320, 22, 0
1 54 13: 320, 22, 2
1 54 14: 320, 22, 2
1 54 29: 320, 22, 0
1 54 31: 320, 22, 1
1 54 32: 320, 22, 0
1 54 33: 320, 22, 3
1 54 34: 319, 22, 1
1 54 35: 320, 22, 0
1 54 36: 320, 22, 3
1 54 37: 320, 22, 2
1 54 38: 320, 22, 3
1 54 39: 320, 22, 0
1 54 40: 320, 22, 2
1 54 44: 320, 22, 3
1 54 45: 320, 22, 2
1 54 46: 320, 22, 2
1 54 47: 320, 22, 1
1 54 48: 320, 22, 0
1 54 58: 320, 22, 1
1 54 59: 319, 22, 3
1 54 60: 320, 22, 0
1 54 61: 319, 22, 1
1 54 62: 321, 22, 2
1 54 63: 320, 22, 0
1 55 0: 320, 22, 1
1 55 1: 320, 22, 1
1 55 13: 320, 22, 0
1 55 14: 320, 22, 1
1 55 27: 320, 22, 3
1 55 28: 320, 22, 1
1 55 29: 320, 22, 1
1 55 34: 320, 22, 2
1 55 35: 320, 22, 1
1 55 36: 320, 22, 2
1 55 37: 320, 22, 1
1 55 38: 320, 22, 0
1 55 40: 320, 22, 0
1 55 44: 320, 22, 2
1 55 45: 319, 22, 2
1 55 63: 319, 22, 2
1 56 0: 320, 22, 1
1 56 1: 319, 22, 2
1 56 13: 319, 22, 0
1 56 14: 320, 22, 0
1 56 26: 320, 22, 0
1 56 27: 320, 22, 2
1 56 28: 320, 22, 0
1 56 44: 320, 22, 3
1 56 45: 320, 22, 1
1 57 0: 320, 22, 3
1 57 1: 320, 22, 2
1 57 13: 320, 22, 1
1 57 14: 321, 22, 1
1 57 25: 320, 22, 1
1 57 26: 320, 22, 3
1 57 44: 320, 22, 3
1 57 45: 320, 22, 1
1 58 0: 320, 22, 0
1 58 1: 321, 22, 0
1 58 13: 320, 22, 3
1 58 14: 320, 22, 3
1 58 24: 319, 22, 3
1 58 25: 320, 22, 3
1 58 26: 320, 22, 2
1 58 44: 320, 22, 0
1 58 45: 321, 22, 0
1 59 0: 320, 22, 1
1 59 1: 320, 22, 1
1 59 12: 320, 22, 3
1 59 13: 320, 22, 0
1 59 14: 320, 22, 3
1 59 22: 320, 22, 1
1 59 23: 320, 22, 0
1 59 24: 320, 22, 2
1 59 25: 320, 22, 1
1 59 26: 320, 22, 1
1 59 44: 320, 22, 0
1 59 45: 320, 22, 3
1 59 61: 1559, 10, 1
1 60 0: 320, 22, 3
1 60 1: 320, 22, 2
1 60 11: 320, 22, 1
1 60 12: 320, 22, 1
1 60 13: 320, 22, 1
1 60 14: 320, 22, 2
1 60 22: 320, 22, 2
1 60 23: 321, 22, 0
1 60 24: 320, 22, 2
1 60 25: 320, 22, 1
1 60 26: 320, 22, 1
1 60 27: 320, 22, 0
1 60 44: 320, 22, 1
1 60 45: 319, 22, 1
1 61 0: 320, 22, 2
1 61 1: 320, 22, 0
1 61 2: 320, 22, 0
1 61 11: 320, 22, 0
1 61 26: 321, 22, 1
1 61 27: 320, 22, 3
1 61 28: 320, 22, 3
1 61 29: 320, 22, 1
1 61 30: 320, 22, 1
1 61 31: 320, 22, 0
1 61 32: 320, 22, 1
1 61 33: 320, 22, 1
1 61 34: 320, 22, 0
1 61 35: 320, 22, 3
1 61 36: 320, 22, 2
1 61 37: 320, 22, 3
1 61 38: 320, 22, 1
1 61 39: 320, 22, 3
1 61 40: 320, 22, 3
1 61 41: 320, 22, 0
1 61 42: 320, 22, 3
1 61 43: 320, 22, 2
1 61 44: 320, 22, 0
1 61 45: 320, 22, 3
1 62 0: 320, 22, 1
1 62 1: 320, 22, 2
1 62 2: 320, 22, 3
1 62 3: 320, 22, 3
1 62 4: 320, 22, 0
1 62 5: 319, 22, 1
1 62 6: 320, 22, 3
1 62 7: 321, 22, 3
1 62 8: 320, 22, 0
1 62 9: 320, 22, 1
1 62 10: 320, 22, 2
1 62 26: 320, 22, 3
1 62 27: 321, 22, 3
1 62 28: 320, 22, 2
1 62 29: 320, 22, 1
1 62 30: 319, 22, 1
1 62 31: 320, 22, 0
1 62 32: 320, 22, 2
1 62 33: 320, 22, 1
1 62 34: 321, 22, 2
1 62 35: 320, 22, 2
1 62 36: 320, 22, 1
1 62 37: 320, 22, 1
1 62 38: 320, 22, 3
1 62 39: 319, 22, 2
1 62 40: 320, 22, 2
1 62 41: 321, 22, 1
1 62 42: 320, 22, 2
1 62 43: 321, 22, 3
1 62 44: 320, 22, 0
1 62 45: 321, 22, 1
2 16 40: 320, 22, 0
2 17 35: 320, 22, 1
2 17 38: 320, 22, 3
2 17 42: 320, 22, 1
2 17 43: 320, 22, 2
2 17 45: 320, 22, 0
2 18 35: 320, 22, 1
2 18 37: 320, 22, 3
2 18 39: 320, 22, 0
2 18 45: 320, 22, 0
2 19 35: 320, 22, 2
2 19 39: 320, 22, 1
2 19 40: 320, 22, 1
2 19 41: 320, 22, 2
2 19 42: 320, 22, 3
2 19 43: 320, 22, 0
2 20 35: 320, 22, 0
2 20 36: 320, 22, 3
2 20 37: 320, 22, 2
2 20 38: 320, 22, 1
2 20 40: 320, 22, 0
2 20 42: 320, 22, 3
2 20 43: 320, 22, 2
2 20 45: 320, 22, 1
2 21 35: 321, 22, 3
2 21 36: 320, 22, 2
2 21 37: 319, 22, 0
2 21 38: 320, 22, 3
2 21 39: 321, 22, 2
2 21 40: 320, 22, 1
2 21 41: 319, 22, 2
2 21 42: 320, 22, 3
2 21 43: 321, 22, 1
2 21 44: 320, 22, 0
2 21 45: 319, 22, 1
