0 2 39: 1658, 1, 1
0 2 40: 1658, 0, 2
0 2 41: 1658, 0, 2
0 2 42: 1658, 0, 2
0 2 43: 1658, 0, 2
0 2 44: 1658, 0, 2
0 2 45: 1658, 0, 2
0 2 46: 1658, 0, 2
0 2 47: 1658, 0, 2
0 2 48: 1658, 0, 2
0 2 49: 1658, 0, 2
0 2 50: 1658, 0, 2
0 2 51: 1658, 1, 2
0 3 39: 1658, 0, 1
0 3 40: 326, 22, 3
0 3 40: 1631, 2, 3
0 3 41: 325, 22, 1
0 3 41: 724, 10, 2
0 3 41: 1631, 0, 0
0 3 42: 325, 22, 0
0 3 42: 1631, 0, 0
0 3 43: 1631, 0, 0
0 3 44: 724, 10, 2
0 3 44: 1631, 0, 0
0 3 45: 1631, 0, 0
0 3 46: 325, 22, 0
0 3 46: 887, 5, 0
0 3 46: 1631, 0, 0
0 3 47: 325, 22, 2
0 3 47: 724, 10, 2
0 3 47: 1631, 0, 0
0 3 48: 1631, 0, 0
0 3 49: 1631, 0, 0
0 3 50: 325, 22, 1
0 3 50: 724, 10, 2
0 3 50: 1631, 2, 0
0 3 51: 1658, 0, 3
0 4 39: 1658, 0, 1
0 4 40: 325, 22, 3
0 4 40: 1631, 0, 3
0 4 41: 325, 22, 2
0 4 48: 325, 22, 1
0 4 50: 207, 5, 1
0 4 50: 325, 22, 0
0 4 50: 1631, 0, 1
0 4 51: 1658, 0, 3
0 5 39: 1658, 0, 1
0 5 40: 1631, 0, 3
0 5 40: 2617, 10, 2
0 5 43: 325, 22, 3
0 5 45: 325, 22, 2
0 5 46: 325, 22, 2
0 5 47: 326, 22, 1
0 5 47: 2614, 10, 3
0 5 48: 325, 22, 0
0 5 49: 325, 22, 0
0 5 50: 1631, 0, 1
0 5 51: 1658, 0, 3
0 6 39: 1658, 0, 1
0 6 40: 1631, 0, 3
0 6 43: 326, 22, 3
0 6 44: 325, 22, 1
0 6 46: 325, 22, 3
0 6 47: 324, 22, 0
0 6 48: 326, 22, 0
0 6 49: 325, 22, 3
0 6 50: 325, 22, 0
0 6 50: 1631, 0, 1
0 6 51: 1658, 0, 3
0 7 39: 1658, 0, 1
0 7 40: 325, 22, 0
0 7 40: 1631, 0, 3
0 7 43: 325, 22, 1
0 7 44: 325, 22, 1
0 7 45: 325, 22, 2
0 7 50: 207, 5, 1
0 7 50: 326, 22, 2
0 7 50: 1631, 0, 1
0 7 51: 1658, 0, 3
0 8 39: 1658, 0, 1
0 8 40: 326, 22, 0
0 8 40: 1631, 2, 2
0 8 41: 325, 22, 2
0 8 41: 724, 10, 2
0 8 41: 1631, 0, 2
0 8 42: 325, 22, 0
0 8 42: 1631, 0, 2
0 8 43: 325, 22, 3
0 8 43: 1631, 0, 2
0 8 44: 326, 22, 1
0 8 44: 724, 10, 2
0 8 44: 1631, 0, 2
0 8 45: 325, 22, 0
0 8 45: 1631, 0, 2
0 8 46: 325, 22, 3
0 8 46: 887, 5, 2
0 8 46: 1631, 0, 2
0 8 47: 724, 10, 2
0 8 47: 1631, 0, 2
0 8 48: 1631, 0, 2
0 8 49: 325, 22, 2
0 8 49: 1631, 0, 2
0 8 50: 724, 10, 2
0 8 50: 1631, 2, 1
0 8 51: 1658, 0, 3
0 9 39: 1658, 1, 0
0 9 40: 1658, 0, 0
0 9 41: 1658, 0, 0
0 9 42: 1658, 0, 0
0 9 43: 1658, 0, 0
0 9 44: 1658, 0, 0
0 9 45: 1658, 0, 0
0 9 46: 1658, 0, 0
0 9 47: 1658, 0, 0
0 9 48: 1658, 0, 0
0 9 49: 1658, 0, 0
0 9 50: 1658, 0, 0
0 9 51: 1658, 1, 3
0 17 24: 1658, 1, 1
0 17 25: 1658, 0, 2
0 17 26: 1658, 0, 2
0 17 27: 1658, 0, 2
0 17 28: 1658, 0, 2
0 17 29: 1658, 0, 2
0 17 30: 1658, 1, 2
0 18 24: 1658, 0, 1
0 18 25: 326, 22, 0
0 18 25: 358, 10, 1
0 18 26: 197, 4, 0
0 18 26: 325, 22, 0
0 18 26: 357, 10, 1
0 18 27: 325, 22, 3
0 18 27: 356, 10, 1
0 18 28: 197, 4, 0
0 18 28: 325, 22, 2
0 18 29: 326, 22, 3
0 18 29: 1874, 4, 0
0 18 30: 1658, 0, 3
0 19 24: 1658, 0, 1
0 19 25: 325, 22, 1
0 19 25: 357, 10, 0
0 19 26: 325, 22, 0
0 19 26: 356, 10, 2
0 19 28: 325, 22, 1
0 19 29: 325, 22, 0
0 19 30: 1658, 0, 3
0 20 24: 1658, 0, 1
0 20 25: 197, 4, 3
0 20 25: 325, 22, 1
0 20 25: 356, 10, 3
0 20 29: 197, 4, 1
0 20 29: 325, 22, 0
0 20 30: 1658, 0, 3
0 21 24: 1658, 0, 1
0 21 27: 325, 22, 2
0 21 30: 1658, 0, 3
0 22 24: 1658, 0, 1
0 22 25: 325, 22, 2
0 22 26: 325, 22, 3
0 22 27: 324, 22, 0
0 22 28: 325, 22, 1
0 22 30: 1658, 0, 3
0 23 24: 1658, 0, 1
0 23 25: 197, 4, 3
0 23 26: 325, 22, 3
0 23 27: 325, 22, 0
0 23 29: 197, 4, 1
0 23 30: 1659, 2, 2
0 23 31: 1658, 0, 2
0 23 32: 1658, 0, 2
0 23 33: 1658, 0, 2
0 23 34: 1658, 0, 2
0 23 35: 1658, 0, 2
0 23 36: 1658, 0, 2
0 23 37: 1658, 0, 2
0 23 38: 1658, 0, 2
0 23 39: 1658, 0, 2
0 23 40: 1658, 1, 2
0 24 24: 1658, 0, 1
0 24 30: 326, 22, 3
0 24 30: 1089, 11, 3
0 24 30: 1631, 0, 3
0 24 31: 1872, 4, 0
0 24 33: 325, 22, 0
0 24 33: 1872, 4, 0
0 24 34: 196, 4, 1
0 24 34: 325, 22, 2
0 24 34: 357, 10, 1
0 24 35: 197, 5, 3
0 24 35: 326, 22, 1
0 24 35: 1631, 0, 3
0 24 36: 325, 22, 0
0 24 36: 1872, 4, 0
0 24 37: 151, 4, 0
0 24 37: 325, 22, 3
0 24 38: 362, 10, 1
0 24 38: 1872, 4, 0
0 24 39: 326, 22, 3
0 24 39: 362, 10, 0
0 24 40: 1658, 0, 3
0 25 24: 1658, 0, 1
0 25 25: 325, 22, 1
0 25 25: 1873, 4, 3
0 25 29: 325, 22, 2
0 25 30: 1631, 0, 3
0 25 35: 143, 0, 3
0 25 35: 325, 22, 1
0 25 39: 150, 4, 1
0 25 40: 1658, 0, 3
0 26 24: 1658, 0, 1
0 26 25: 325, 22, 1
0 26 25: 1873, 4, 3
0 26 26: 325, 22, 2
0 26 28: 325, 22, 1
0 26 29: 325, 22, 3
0 26 29: 357, 10, 1
0 26 30: 325, 22, 0
0 26 30: 1631, 0, 3
0 26 34: 197, 4, 1
0 26 34: 325, 22, 0
0 26 35: 197, 5, 3
0 26 35: 1631, 0, 3
0 26 39: 358, 10, 2
0 26 39: 1873, 4, 1
0 26 40: 1658, 0, 3
0 27 18: 1658, 1, 1
0 27 19: 1658, 0, 2
0 27 20: 1658, 0, 2
0 27 21: 1658, 0, 2
0 27 22: 1658, 0, 2
0 27 23: 1658, 0, 2
0 27 24: 1659, 2, 1
0 27 25: 326, 22, 1
0 27 25: 1873, 4, 3
0 27 26: 325, 22, 0
0 27 27: 325, 22, 0
0 27 28: 325, 22, 0
0 27 28: 357, 10, 0
0 27 29: 326, 22, 2
0 27 29: 358, 10, 1
0 27 30: 324, 22, 3
0 27 30: 1631, 0, 3
0 27 31: 325, 22, 1
0 27 32: 325, 22, 2
0 27 33: 325, 22, 1
0 27 34: 326, 22, 2
0 27 35: 1631, 0, 3
0 27 38: 325, 22, 3
0 27 39: 325, 22, 1
0 27 39: 1874, 4, 1
0 27 40: 1658, 0, 3
0 28 17: 1658, 1, 1
0 28 18: 1658, 9, 1
0 28 19: 326, 22, 1
0 28 19: 1872, 4, 0
0 28 20: 197, 4, 0
0 28 20: 325, 22, 0
0 28 21: 325, 22, 3
0 28 22: 197, 4, 0
0 28 22: 324, 22, 3
0 28 22: 1624, 0, 3
0 28 23: 324, 22, 2
0 28 23: 1872, 4, 0
0 28 24: 325, 22, 1
0 28 24: 1631, 1, 0
0 28 25: 1631, 0, 0
0 28 26: 197, 5, 0
0 28 26: 1631, 0, 0
0 28 27: 141, 0, 0
0 28 27: 325, 22, 3
0 28 28: 197, 5, 0
0 28 28: 325, 22, 2
0 28 28: 1631, 0, 0
0 28 29: 326, 22, 2
0 28 29: 1631, 0, 0
0 28 30: 326, 22, 3
0 28 30: 1631, 2, 3
0 28 31: 325, 22, 1
0 28 31: 1631, 0, 0
0 28 32: 140, 0, 0
0 28 33: 1631, 0, 0
0 28 34: 1631, 0, 0
0 28 35: 326, 22, 0
0 28 35: 1631, 2, 3
0 28 36: 325, 22, 2
0 28 36: 1631, 0, 0
0 28 37: 138, 0, 0
0 28 38: 325, 22, 2
0 28 38: 1631, 0, 0
0 28 39: 326, 22, 2
0 28 39: 362, 10, 0
0 28 39: 1631, 0, 0
0 28 40: 1658, 0, 3
0 29 16: 1658, 1, 1
0 29 17: 1658, 9, 1
0 29 18: 326, 22, 3
0 29 18: 361, 10, 0
0 29 19: 360, 10, 3
0 29 20: 325, 22, 1
0 29 22: 1629, 22, 3
0 29 23: 325, 22, 2
0 29 28: 325, 22, 1
0 29 29: 197, 4, 1
0 29 29: 326, 22, 1
0 29 30: 197, 5, 3
0 29 30: 325, 22, 0
0 29 30: 1631, 0, 3
0 29 34: 197, 4, 1
0 29 35: 197, 5, 3
0 29 35: 325, 22, 1
0 29 35: 1631, 0, 3
0 29 39: 325, 22, 1
0 29 39: 1872, 4, 1
0 29 40: 1658, 0, 3
0 30 16: 1658, 0, 1
0 30 17: 325, 22, 1
0 30 17: 1872, 4, 3
0 30 18: 325, 22, 0
0 30 18: 362, 10, 0
0 30 19: 325, 22, 2
0 30 20: 325, 22, 2
0 30 20: 1719, 10, 3
0 30 22: 325, 22, 0
0 30 22: 1626, 0, 3
0 30 24: 1719, 10, 3
0 30 29: 325, 22, 0
0 30 30: 145, 0, 3
0 30 35: 142, 0, 3
0 30 39: 1873, 4, 1
0 30 40: 1658, 0, 3
0 31 16: 1658, 0, 1
0 31 17: 197, 4, 3
0 31 18: 359, 10, 0
0 31 22: 1630, 22, 3
0 31 29: 197, 4, 1
0 31 29: 325, 22, 3
0 31 30: 197, 5, 3
0 31 30: 325, 22, 3
0 31 30: 1631, 0, 3
0 31 31: 325, 22, 2
0 31 34: 197, 4, 1
0 31 34: 325, 22, 2
0 31 35: 197, 5, 3
0 31 35: 325, 22, 0
0 31 35: 1631, 0, 3
0 31 39: 325, 22, 1
0 31 39: 1872, 4, 1
0 31 40: 1658, 0, 3
0 32 16: 1658, 0, 1
0 32 17: 1874, 4, 3
0 32 18: 362, 10, 2
0 32 22: 1626, 0, 3
0 32 28: 325, 22, 2
0 32 29: 324, 22, 3
0 32 30: 326, 22, 1
0 32 30: 1631, 0, 3
0 32 31: 325, 22, 1
0 32 32: 325, 22, 1
0 32 33: 325, 22, 3
0 32 34: 326, 22, 2
0 32 34: 357, 10, 2
0 32 35: 326, 22, 1
0 32 35: 1631, 0, 3
0 32 36: 325, 22, 3
0 32 37: 325, 22, 1
0 32 38: 325, 22, 3
0 32 39: 324, 22, 0
0 32 39: 1089, 11, 0
0 32 40: 1658, 0, 3
0 33 16: 1658, 0, 1
0 33 17: 197, 4, 3
0 33 18: 1626, 3, 0
0 33 18: 1630, 22, 0
0 33 19: 1630, 22, 0
0 33 20: 1626, 0, 0
0 33 21: 1626, 0, 0
0 33 22: 1626, 0, 3
0 33 22: 1629, 22, 0
0 33 23: 1630, 22, 0
0 33 25: 1629, 22, 0
0 33 26: 1629, 22, 0
0 33 27: 1630, 22, 0
0 33 28: 1629, 22, 0
0 33 29: 324, 22, 2
0 33 29: 1624, 0, 0
0 33 29: 1872, 4, 1
0 33 30: 325, 22, 1
0 33 30: 1631, 2, 3
0 33 31: 325, 22, 0
0 33 31: 1631, 0, 0
0 33 31: 1872, 5, 0
0 33 32: 139, 0, 0
0 33 32: 325, 22, 3
0 33 33: 197, 5, 0
0 33 33: 325, 22, 2
0 33 33: 1631, 0, 0
0 33 34: 1631, 0, 0
0 33 35: 1631, 0, 0
0 33 36: 197, 5, 0
0 33 36: 1631, 0, 0
0 33 37: 137, 0, 0
0 33 37: 325, 22, 2
0 33 38: 325, 22, 2
0 33 38: 1631, 0, 0
0 33 39: 326, 22, 3
0 33 39: 1631, 0, 0
0 33 40: 1658, 0, 3
0 34 16: 1658, 0, 1
0 34 17: 1872, 4, 3
0 34 20: 1719, 10, 3
0 34 24: 1719, 10, 3
0 34 28: 1719, 10, 3
0 34 30: 326, 22, 2
0 34 30: 1631, 0, 3
0 34 31: 325, 22, 0
0 34 35: 326, 22, 2
0 34 38: 325, 22, 1
0 34 39: 324, 22, 1
0 34 39: 1872, 4, 1
0 34 40: 1658, 0, 3
0 35 16: 1658, 0, 1
0 35 17: 197, 4, 3
0 35 18: 362, 10, 3
0 35 22: 1630, 22, 3
0 35 25: 325, 22, 0
0 35 29: 197, 4, 1
0 35 30: 197, 5, 3
0 35 30: 325, 22, 3
0 35 30: 1631, 0, 3
0 35 31: 325, 22, 3
0 35 38: 325, 22, 0
0 35 39: 197, 4, 1
0 35 39: 325, 22, 0
0 35 40: 1658, 0, 3
0 36 16: 1658, 0, 1
0 36 17: 146, 4, 3
0 36 22: 1248, 22, 0
0 36 24: 325, 22, 3
0 36 25: 326, 22, 1
0 36 26: 324, 22, 3
0 36 27: 325, 22, 1
0 36 30: 144, 0, 3
0 36 33: 595, 10, 0
0 36 36: 595, 10, 0
0 36 37: 1088, 11, 3
0 36 39: 149, 4, 1
0 36 40: 1658, 0, 3
0 37 16: 1658, 0, 1
0 37 17: 197, 4, 3
0 37 18: 1629, 22, 2
0 37 20: 1630, 22, 2
0 37 21: 1630, 22, 2
0 37 22: 1630, 22, 3
0 37 25: 325, 22, 2
0 37 29: 197, 4, 1
0 37 29: 325, 22, 3
0 37 30: 197, 5, 3
0 37 30: 1631, 0, 3
0 37 35: 1088, 11, 1
0 37 37: 1088, 10, 0
0 37 39: 197, 4, 1
0 37 39: 325, 22, 0
0 37 39: 357, 10, 1
0 37 40: 1658, 0, 3
0 38 16: 1658, 0, 1
0 38 17: 1872, 4, 3
0 38 18: 325, 22, 2
0 38 18: 1089, 10, 0
0 38 20: 1719, 10, 3
0 38 22: 1626, 0, 3
0 38 24: 1719, 10, 3
0 38 26: 325, 22, 1
0 38 27: 325, 22, 1
0 38 28: 325, 22, 2
0 38 29: 326, 22, 3
0 38 30: 1631, 0, 3
0 38 37: 360, 10, 0
0 38 38: 325, 22, 3
0 38 38: 357, 10, 0
0 38 39: 326, 22, 0
0 38 39: 358, 10, 2
0 38 39: 1872, 4, 1
0 38 40: 1658, 0, 3
0 39 16: 1658, 1, 0
0 39 17: 1658, 9, 0
0 39 18: 325, 22, 1
0 39 19: 325, 22, 3
0 39 20: 325, 22, 3
0 39 22: 1626, 0, 3
0 39 26: 325, 22, 2
0 39 27: 326, 22, 2
0 39 28: 325, 22, 0
0 39 29: 325, 22, 1
0 39 29: 1872, 4, 1
0 39 30: 325, 22, 3
0 39 30: 1631, 0, 3
0 39 31: 325, 22, 2
0 39 37: 325, 22, 2
0 39 38: 325, 22, 1
0 39 38: 361, 10, 3
0 39 39: 1658, 9, 3
0 39 40: 1658, 1, 3
0 40 17: 1658, 1, 0
0 40 18: 705, 7, 0
0 40 18: 1658, 9, 0
0 40 19: 326, 22, 2
0 40 19: 1089, 10, 1
0 40 20: 325, 22, 2
0 40 22: 1630, 22, 3
0 40 26: 325, 22, 3
0 40 30: 326, 22, 1
0 40 30: 1631, 0, 3
0 40 31: 325, 22, 1
0 40 31: 1089, 11, 1
0 40 31: 1872, 4, 2
0 40 32: 148, 4, 2
0 40 32: 325, 22, 1
0 40 33: 197, 4, 2
0 40 33: 325, 22, 0
0 40 34: 362, 10, 1
0 40 34: 1872, 4, 2
0 40 35: 362, 10, 0
0 40 36: 197, 4, 2
0 40 36: 325, 22, 3
0 40 37: 326, 22, 3
0 40 37: 1872, 4, 2
0 40 38: 1658, 9, 3
0 40 39: 1658, 1, 3
0 41 18: 1658, 1, 0
0 41 19: 706, 7, 0
0 41 19: 1658, 9, 0
0 41 20: 1872, 4, 2
0 41 21: 706, 4, 2
0 41 22: 1629, 22, 3
0 41 29: 325, 22, 1
0 41 29: 356, 10, 0
0 41 30: 1659, 2, 3
0 41 31: 1658, 0, 0
0 41 32: 1658, 0, 0
0 41 33: 1658, 0, 0
0 41 34: 1658, 0, 0
0 41 35: 1658, 0, 0
0 41 36: 1658, 0, 0
0 41 37: 1658, 0, 0
0 41 38: 1658, 1, 3
0 42 19: 1658, 1, 0
0 42 20: 1658, 0, 0
0 42 21: 1659, 2, 0
0 42 22: 197, 4, 3
0 42 28: 356, 10, 0
0 42 29: 325, 22, 0
0 42 29: 357, 10, 3
0 42 30: 1658, 0, 3
0 43 21: 1658, 0, 1
0 43 22: 325, 22, 0
0 43 22: 1872, 4, 3
0 43 23: 325, 22, 1
0 43 28: 325, 22, 3
0 43 29: 325, 22, 3
0 43 29: 358, 10, 3
0 43 29: 1872, 4, 1
0 43 30: 1658, 0, 3
0 44 21: 1658, 0, 1
0 44 22: 197, 4, 3
0 44 22: 326, 22, 1
0 44 23: 325, 22, 2
0 44 24: 325, 22, 3
0 44 28: 325, 22, 2
0 44 29: 357, 10, 1
0 44 30: 1658, 0, 3
0 45 21: 1658, 0, 1
0 45 22: 362, 10, 3
0 45 23: 362, 10, 0
0 45 24: 325, 22, 3
0 45 25: 325, 22, 1
0 45 26: 132, 10, 1
0 45 27: 325, 22, 3
0 45 28: 325, 22, 0
0 45 29: 326, 22, 0
0 45 29: 356, 10, 3
0 45 30: 1658, 0, 3
0 46 21: 1658, 0, 1
0 46 22: 326, 22, 2
0 46 22: 362, 10, 0
0 46 22: 1872, 4, 2
0 46 23: 326, 22, 3
0 46 23: 362, 10, 1
0 46 23: 1874, 4, 2
0 46 24: 147, 4, 2
0 46 24: 324, 22, 1
0 46 25: 325, 22, 1
0 46 25: 1872, 4, 2
0 46 26: 325, 22, 2
0 46 27: 325, 22, 3
0 46 28: 197, 4, 2
0 46 28: 324, 22, 0
0 46 29: 326, 22, 1
0 46 29: 1872, 4, 2
0 46 30: 1658, 0, 3
0 47 21: 1658, 1, 0
0 47 22: 1658, 0, 0
0 47 23: 1658, 0, 0
0 47 24: 1658, 0, 0
0 47 25: 1658, 0, 0
0 47 26: 1658, 0, 0
0 47 27: 1658, 0, 0
0 47 28: 1658, 0, 0
0 47 29: 1658, 0, 0
0 47 30: 1658, 1, 3
1 0 37: 325, 22, 2
1 0 38: 325, 22, 3
1 0 41: 325, 22, 1
1 0 42: 325, 22, 1
1 0 43: 326, 22, 3
1 0 44: 325, 22, 0
1 0 45: 325, 22, 0
1 0 49: 325, 22, 3
1 0 50: 325, 22, 3
1 0 51: 325, 22, 0
1 1 36: 325, 22, 2
1 1 37: 324, 22, 0
1 1 38: 325, 22, 3
1 1 41: 325, 22, 1
1 1 42: 325, 22, 2
1 1 43: 325, 22, 3
1 1 44: 326, 22, 0
1 1 45: 325, 22, 1
1 1 49: 325, 22, 2
1 1 50: 326, 22, 0
1 1 51: 325, 22, 1
1 1 54: 325, 22, 3
1 1 55: 325, 22, 3
1 2 36: 325, 22, 1
1 2 37: 325, 22, 1
1 2 53: 325, 22, 0
1 2 54: 324, 22, 3
1 2 55: 325, 22, 2
1 3 35: 325, 22, 1
1 3 36: 325, 22, 1
1 3 37: 326, 22, 2
1 3 38: 325, 22, 3
1 3 52: 325, 22, 1
1 3 53: 325, 22, 2
1 3 54: 325, 22, 1
1 4 35: 325, 22, 1
1 4 36: 325, 22, 2
1 4 37: 325, 22, 2
1 4 52: 326, 22, 1
1 4 53: 325, 22, 3
1 5 35: 325, 22, 0
1 5 36: 325, 22, 0
1 5 37: 325, 22, 3
1 5 38: 325, 22, 0
1 5 52: 325, 22, 0
1 5 53: 325, 22, 2
1 5 54: 325, 22, 2
1 6 36: 325, 22, 3
1 6 37: 325, 22, 2
1 6 38: 325, 22, 1
1 6 53: 325, 22, 3
1 7 35: 325, 22, 0
1 7 36: 326, 22, 3
1 7 37: 325, 22, 2
1 7 38: 325, 22, 2
1 7 52: 325, 22, 3
1 7 53: 326, 22, 2
1 7 54: 325, 22, 1
1 8 35: 325, 22, 0
1 8 36: 325, 22, 1
1 8 37: 325, 22, 2
1 8 38: 326, 22, 1
1 8 53: 325, 22, 3
1 8 54: 325, 22, 0
1 8 55: 325, 22, 1
1 9 35: 324, 22, 1
1 9 37: 325, 22, 2
1 10 37: 325, 22, 1
1 10 38: 325, 22, 0
1 10 39: 325, 22, 2
1 10 40: 325, 22, 2
1 10 41: 326, 22, 2
1 10 42: 325, 22, 1
1 10 44: 325, 22, 2
1 10 45: 326, 22, 0
1 10 46: 325, 22, 1
1 10 47: 325, 22, 1
1 10 50: 325, 22, 0
1 10 51: 325, 22, 0
1 11 40: 325, 22, 3
1 11 41: 325, 22, 0
1 11 43: 326, 22, 1
1 11 45: 325, 22, 3
1 11 48: 325, 22, 3
1 11 49: 325, 22, 2
1 11 50: 326, 22, 3
1 11 51: 325, 22, 1
1 12 42: 325, 22, 1
1 12 44: 325, 22, 1
1 12 48: 325, 22, 3
1 12 50: 325, 22, 1
1 13 55: 325, 22, 0
1 14 24: 326, 22, 3
1 14 28: 326, 22, 1
1 14 53: 325, 22, 0
1 14 54: 325, 22, 0
1 14 55: 325, 22, 3
1 15 19: 326, 22, 0
1 15 22: 324, 22, 3
1 15 29: 324, 22, 1
1 15 33: 325, 22, 3
1 15 34: 325, 22, 2
1 15 53: 325, 22, 1
1 15 54: 324, 22, 2
1 15 56: 325, 22, 0
1 16 22: 325, 22, 3
1 16 24: 325, 22, 0
1 16 25: 325, 22, 0
1 16 26: 326, 22, 2
1 16 30: 325, 22, 2
1 16 33: 325, 22, 3
1 16 34: 326, 22, 1
1 16 53: 325, 22, 2
1 16 55: 325, 22, 2
1 17 21: 325, 22, 2
1 17 22: 325, 22, 3
1 17 23: 325, 22, 1
1 17 31: 326, 22, 3
1 17 34: 325, 22, 0
1 17 55: 325, 22, 2
1 18 17: 325, 22, 3
1 18 18: 325, 22, 2
1 18 19: 325, 22, 2
1 18 21: 325, 22, 1
1 18 22: 326, 22, 3
1 18 23: 325, 22, 3
1 18 31: 325, 22, 3
1 18 35: 326, 22, 1
1 19 17: 325, 22, 3
1 19 18: 326, 22, 0
1 19 19: 325, 22, 1
1 19 21: 325, 22, 0
1 19 22: 326, 22, 3
1 19 23: 325, 22, 0
1 19 31: 325, 22, 2
1 19 32: 325, 22, 0
1 19 37: 325, 22, 1
1 19 38: 326, 22, 0
1 20 18: 325, 22, 0
1 20 21: 326, 22, 2
1 20 22: 325, 22, 1
1 20 31: 324, 22, 0
1 20 32: 326, 22, 2
1 20 33: 325, 22, 3
1 20 34: 326, 22, 3
1 20 36: 325, 22, 2
1 20 37: 324, 22, 1
1 20 38: 325, 22, 0
1 21 20: 325, 22, 0
1 21 21: 325, 22, 3
1 21 22: 325, 22, 2
1 21 31: 325, 22, 1
1 21 32: 325, 22, 2
1 21 34: 325, 22, 1
1 21 40: 326, 22, 2
1 22 16: 325, 22, 2
1 22 17: 325, 22, 1
1 22 23: 325, 22, 3
1 22 31: 326, 22, 1
1 22 32: 325, 22, 0
1 22 33: 325, 22, 3
1 22 34: 324, 22, 2
1 22 35: 325, 22, 2
1 22 36: 326, 22, 2
1 22 37: 325, 22, 0
1 22 38: 325, 22, 3
1 23 16: 324, 22, 0
1 23 17: 325, 22, 0
1 23 18: 325, 22, 3
1 23 21: 326, 22, 1
1 23 22: 325, 22, 2
1 23 23: 326, 22, 3
1 23 41: 325, 22, 2
1 23 42: 326, 22, 1
1 24 15: 325, 22, 0
1 24 16: 325, 22, 0
1 24 17: 325, 22, 1
1 24 18: 326, 22, 2
1 24 19: 325, 22, 2
1 24 22: 325, 22, 1
1 24 23: 325, 22, 0
1 24 41: 325, 22, 3
1 24 42: 325, 22, 1
1 25 17: 325, 22, 3
1 25 18: 325, 22, 1
1 25 19: 325, 22, 2
1 25 20: 325, 22, 2
1 25 21: 325, 22, 3
1 25 22: 324, 22, 3
1 25 23: 325, 22, 2
1 25 41: 324, 22, 0
1 25 42: 325, 22, 0
1 26 15: 325, 22, 1
1 26 16: 325, 22, 0
1 26 19: 325, 22, 1
1 26 20: 326, 22, 0
1 26 21: 325, 22, 3
1 26 22: 325, 22, 3
1 26 23: 326, 22, 1
1 26 41: 325, 22, 3
1 27 16: 325, 22, 2
1 28 15: 325, 22, 3
1 28 16: 325, 22, 2
1 28 43: 325, 22, 2
1 28 44: 325, 22, 1
1 28 45: 325, 22, 1
1 29 14: 325, 22, 0
1 29 15: 326, 22, 2
1 29 41: 325, 22, 1
1 29 43: 325, 22, 2
1 29 44: 326, 22, 3
1 29 45: 325, 22, 0
1 30 12: 325, 22, 3
1 30 14: 325, 22, 2
1 30 15: 325, 22, 1
1 30 41: 325, 22, 3
1 30 44: 325, 22, 3
1 30 45: 325, 22, 0
1 31 13: 325, 22, 2
1 31 14: 325, 22, 3
1 31 15: 324, 22, 1
1 31 41: 325, 22, 3
1 31 42: 325, 22, 0
1 32 12: 325, 22, 0
1 32 13: 326, 22, 1
1 32 14: 325, 22, 3
1 32 15: 326, 22, 3
1 32 41: 326, 22, 0
1 32 42: 326, 22, 3
1 32 43: 325, 22, 1
1 33 12: 325, 22, 1
1 33 13: 325, 22, 1
1 33 15: 325, 22, 0
1 33 41: 325, 22, 3
1 33 42: 325, 22, 2
1 34 12: 325, 22, 0
1 34 13: 325, 22, 1
1 34 14: 325, 22, 2
1 34 41: 325, 22, 1
1 35 12: 325, 22, 0
1 35 13: 326, 22, 0
1 35 41: 325, 22, 0
1 35 42: 325, 22, 0
1 36 13: 325, 22, 2
1 36 15: 326, 22, 0
1 36 41: 326, 22, 2
1 36 42: 325, 22, 2
1 36 43: 325, 22, 0
1 36 44: 325, 22, 3
1 37 15: 324, 22, 2
1 37 41: 325, 22, 1
1 37 43: 325, 22, 1
1 37 44: 324, 22, 3
1 37 45: 325, 22, 2
1 38 42: 325, 22, 1
1 39 15: 325, 22, 2
1 39 41: 325, 22, 0
1 39 42: 326, 22, 1
1 40 15: 325, 22, 3
1 40 16: 326, 22, 1
1 41 15: 325, 22, 0
1 41 16: 325, 22, 1
1 41 17: 325, 22, 0
1 41 39: 325, 22, 2
1 42 16: 325, 22, 3
1 42 17: 326, 22, 2
1 42 18: 325, 22, 1
1 42 31: 326, 22, 0
1 42 32: 325, 22, 1
1 42 33: 325, 22, 2
1 42 34: 325, 22, 0
1 42 35: 326, 22, 1
1 42 36: 325, 22, 1
1 42 37: 324, 22, 2
1 42 38: 325, 22, 3
1 42 39: 326, 22, 0
1 42 40: 325, 22, 1
1 43 17: 325, 22, 2
1 43 19: 325, 22, 3
1 43 20: 326, 22, 1
1 43 31: 325, 22, 3
1 43 33: 325, 22, 3
1 43 34: 325, 22, 2
1 43 35: 325, 22, 3
1 43 36: 324, 22, 2
1 43 37: 325, 22, 2
1 43 38: 325, 22, 3
1 43 39: 325, 22, 0
1 44 17: 325, 22, 2
1 44 18: 326, 22, 0
1 44 19: 325, 22, 1
1 44 20: 325, 22, 1
1 44 31: 325, 22, 3
1 44 32: 325, 22, 3
1 44 33: 325, 22, 0
1 44 34: 325, 22, 1
1 44 36: 325, 22, 2
1 44 37: 326, 22, 0
1 45 18: 325, 22, 3
1 45 20: 324, 22, 3
1 45 31: 326, 22, 3
1 45 32: 325, 22, 2
1 45 33: 325, 22, 1
1 45 34: 325, 22, 0
1 45 35: 325, 22, 3
1 46 19: 325, 22, 1
1 46 20: 325, 22, 3
1 46 31: 325, 22, 2
1 46 33: 325, 22, 2
1 46 34: 326, 22, 2
1 46 36: 325, 22, 3
1 47 19: 325, 22, 1
1 47 20: 326, 22, 2
1 47 31: 325, 22, 1
1 47 34: 325, 22, 1
1 47 35: 325, 22, 2
1 48 19: 325, 22, 2
1 48 20: 325, 22, 3
1 48 21: 326, 22, 3
1 48 22: 325, 22, 0
1 48 23: 325, 22, 1
1 48 25: 326, 22, 2
1 48 26: 325, 22, 0
1 48 27: 325, 22, 0
1 48 28: 325, 22, 1
1 48 29: 326, 22, 3
1 48 30: 325, 22, 3
1 48 31: 325, 22, 0
1 48 33: 326, 22, 3
1 49 16: 324, 22, 0
1 49 21: 325, 22, 2
1 49 22: 326, 22, 0
1 49 23: 325, 22, 1
1 49 26: 325, 22, 0
1 49 27: 325, 22, 2
1 49 29: 325, 22, 2
1 50 21: 325, 22, 3
1 50 22: 325, 22, 0
1 50 23: 325, 22, 1
1 50 25: 325, 22, 3
1 50 26: 326, 22, 1
1 50 27: 325, 22, 0
1 50 31: 326, 22, 2
1 51 25: 325, 22, 2
1 51 27: 325, 22, 1
1 52 23: 324, 22, 1
