0 1 47: 1257, 22, 1
0 1 48: 1257, 22, 2
0 1 49: 1257, 22, 0
0 1 49: 1602, 3, 1
0 1 50: 980, 0, 2
0 1 51: 980, 0, 2
0 1 51: 1257, 22, 1
0 1 52: 980, 0, 2
0 1 53: 1298, 10, 3
0 1 53: 1602, 3, 2
0 2 42: 1394, 10, 0
0 2 46: 1246, 22, 2
0 2 52: 1257, 22, 3
0 2 53: 980, 9, 2
0 2 54: 981, 3, 2
0 3 34: 441, 10, 2
0 3 42: 1247, 22, 0
0 3 43: 1247, 22, 3
0 3 49: 634, 10, 1
0 3 54: 980, 9, 2
0 3 55: 980, 0, 2
0 3 56: 1602, 3, 2
0 3 61: 1245, 22, 1
0 4 44: 1257, 22, 0
0 4 44: 1602, 3, 1
0 4 47: 1248, 22, 1
0 4 54: 1247, 22, 0
0 4 56: 980, 9, 2
0 4 57: 981, 3, 2
0 5 32: 441, 10, 0
0 5 36: 442, 10, 3
0 5 42: 1298, 10, 0
0 5 44: 980, 0, 1
0 5 44: 1257, 22, 0
0 5 57: 980, 0, 3
0 5 62: 1298, 10, 2
0 6 43: 1257, 22, 2
0 6 44: 980, 0, 1
0 6 44: 1257, 22, 2
0 6 57: 980, 0, 3
0 6 57: 1257, 22, 3
0 7 31: 442, 10, 2
0 7 33: 441, 10, 1
0 7 43: 1257, 22, 1
0 7 44: 980, 0, 1
0 7 44: 1257, 22, 3
0 7 46: 634, 10, 0
0 7 53: 634, 10, 2
0 7 57: 980, 0, 3
0 7 57: 1257, 22, 1
0 7 58: 1247, 22, 2
0 8 44: 980, 0, 1
0 8 44: 1257, 22, 2
0 8 57: 980, 0, 3
0 8 57: 1257, 22, 2
0 8 60: 1257, 22, 2
0 9 44: 980, 0, 1
0 9 57: 1602, 3, 3
0 9 58: 1257, 22, 3
0 9 59: 1257, 22, 1
0 10 37: 1308, 10, 0
0 10 38: 1247, 22, 0
0 10 44: 981, 3, 0
0 10 45: 980, 9, 0
0 10 56: 1257, 22, 0
0 10 57: 1257, 22, 0
0 10 57: 1838, 4, 2
0 10 58: 1258, 22, 1
0 10 59: 1257, 22, 2
0 10 59: 1839, 4, 2
0 10 60: 1257, 22, 1
0 10 61: 1257, 22, 0
0 11 36: 1257, 22, 2
0 11 37: 1247, 22, 2
0 11 38: 1247, 22, 1
0 11 42: 1278, 10, 2
0 11 43: 1247, 22, 3
0 11 45: 1602, 3, 0
0 11 55: 1631, 0, 1
0 11 56: 388, 10, 0
0 11 56: 1631, 0, 0
0 11 57: 724, 10, 3
0 11 57: 1631, 0, 0
0 11 57: 1838, 5, 0
0 11 58: 388, 10, 0
0 11 58: 1631, 0, 0
0 11 59: 724, 10, 3
0 11 59: 1631, 0, 0
0 11 59: 1839, 5, 0
0 11 60: 388, 10, 0
0 11 60: 1631, 0, 0
0 11 61: 907, 5, 0
0 11 61: 1631, 0, 0
0 11 62: 1182, 5, 3
0 11 62: 1257, 22, 3
0 11 62: 1631, 0, 3
0 12 34: 1247, 22, 2
0 12 35: 1257, 22, 3
0 12 36: 1257, 22, 1
0 12 42: 1247, 22, 0
0 12 43: 1246, 22, 2
0 12 53: 1248, 22, 2
0 12 54: 1106, 10, 0
0 12 55: 1631, 0, 1
0 12 56: 1021, 4, 3
0 12 57: 692, 10, 2
0 12 58: 1248, 22, 0
0 12 61: 605, 10, 0
0 12 61: 1838, 4, 1
0 12 62: 1182, 5, 3
0 12 62: 1631, 0, 3
0 12 63: 1257, 22, 0
0 13 28: 2759, 22, 0
0 13 34: 1247, 22, 2
0 13 35: 1257, 22, 2
0 13 35: 1308, 11, 0
0 13 36: 1257, 22, 3
0 13 46: 1247, 22, 1
0 13 55: 1631, 0, 1
0 13 55: 1838, 5, 1
0 13 56: 951, 22, 2
0 13 56: 1838, 4, 3
0 13 57: 953, 22, 2
0 13 59: 687, 22, 1
0 13 60: 952, 22, 0
0 13 61: 950, 22, 0
0 13 61: 1020, 4, 1
0 13 62: 1182, 5, 3
0 13 62: 1257, 22, 3
0 13 62: 1631, 0, 3
0 13 63: 1257, 22, 0
0 14 31: 1247, 22, 3
0 14 32: 1247, 22, 0
0 14 33: 1247, 22, 1
0 14 34: 1247, 22, 3
0 14 35: 1257, 22, 1
0 14 39: 1257, 22, 3
0 14 41: 1257, 22, 2
0 14 42: 1257, 22, 1
0 14 43: 1278, 10, 2
0 14 44: 1246, 22, 2
0 14 45: 1258, 22, 1
0 14 53: 1838, 4, 2
0 14 55: 1631, 0, 1
0 14 56: 693, 10, 3
0 14 56: 950, 22, 2
0 14 57: 952, 22, 2
0 14 58: 688, 22, 1
0 14 60: 953, 22, 0
0 14 61: 951, 22, 0
0 14 61: 1021, 4, 1
0 14 62: 1182, 5, 3
0 14 62: 1257, 22, 0
0 14 62: 1631, 0, 3
0 14 63: 1257, 22, 1
0 15 28: 1247, 22, 3
0 15 30: 1257, 22, 3
0 15 31: 1308, 10, 2
0 15 32: 1247, 22, 3
0 15 33: 1257, 22, 3
0 15 34: 1257, 22, 0
0 15 38: 1257, 22, 0
0 15 39: 1258, 22, 1
0 15 40: 1258, 22, 0
0 15 41: 1258, 22, 0
0 15 42: 1258, 22, 0
0 15 43: 1258, 22, 1
0 15 45: 1258, 22, 3
0 15 46: 1258, 22, 2
0 15 50: 1631, 0, 1
0 15 51: 357, 10, 1
0 15 51: 1631, 0, 0
0 15 52: 197, 5, 0
0 15 52: 1631, 0, 0
0 15 53: 1102, 10, 1
0 15 53: 1631, 0, 0
0 15 54: 197, 5, 0
0 15 54: 1631, 0, 0
0 15 55: 1102, 10, 1
0 15 55: 1631, 2, 0
0 15 56: 689, 10, 2
0 15 61: 197, 4, 1
0 15 61: 605, 10, 0
0 15 62: 1182, 5, 3
0 15 62: 1258, 22, 3
0 15 62: 1631, 0, 3
0 15 63: 1257, 22, 1
0 16 20: 1162, 10, 3
0 16 21: 1257, 22, 0
0 16 22: 1162, 10, 2
0 16 23: 1257, 22, 2
0 16 24: 1162, 10, 3
0 16 24: 1257, 22, 2
0 16 25: 1258, 22, 0
0 16 26: 1257, 22, 3
0 16 27: 1308, 10, 2
0 16 28: 1257, 22, 3
0 16 29: 1247, 22, 3
0 16 30: 1257, 22, 0
0 16 31: 1247, 22, 0
0 16 32: 1247, 22, 1
0 16 33: 1257, 22, 2
0 16 34: 1308, 11, 0
0 16 39: 1258, 22, 0
0 16 40: 1631, 2, 3
0 16 41: 1631, 0, 0
0 16 42: 1631, 0, 0
0 16 43: 1631, 0, 0
0 16 44: 1631, 0, 0
0 16 45: 1631, 0, 0
0 16 46: 1248, 22, 2
0 16 46: 1631, 2, 0
0 16 47: 1257, 22, 0
0 16 50: 1257, 22, 1
0 16 50: 1631, 0, 1
0 16 50: 1838, 5, 1
0 16 51: 1838, 4, 3
0 16 52: 686, 22, 3
0 16 54: 604, 10, 3
0 16 55: 197, 5, 1
0 16 55: 1631, 0, 1
0 16 56: 706, 4, 3
0 16 56: 1631, 0, 2
0 16 57: 1631, 0, 2
0 16 57: 1839, 5, 2
0 16 58: 1530, 0, 2
0 16 59: 908, 5, 2
0 16 59: 1631, 0, 2
0 16 60: 1019, 5, 2
0 16 60: 1248, 22, 3
0 16 60: 1631, 0, 2
0 16 61: 706, 5, 2
0 16 61: 1088, 11, 0
0 16 61: 1631, 0, 2
0 16 62: 1182, 5, 3
0 16 62: 1258, 22, 0
0 16 62: 1631, 0, 3
0 16 63: 1258, 22, 2
0 17 18: 1257, 22, 0
0 17 19: 1162, 10, 0
0 17 19: 1257, 22, 2
0 17 20: 1257, 22, 3
0 17 21: 1162, 10, 1
0 17 21: 1257, 22, 1
0 17 22: 1162, 10, 2
0 17 22: 1257, 22, 1
0 17 23: 1257, 22, 0
0 17 24: 1257, 22, 1
0 17 25: 1259, 22, 2
0 17 26: 1258, 22, 1
0 17 27: 1257, 22, 1
0 17 28: 1247, 22, 2
0 17 29: 1257, 22, 2
0 17 30: 1257, 22, 1
0 17 31: 1257, 22, 0
0 17 32: 1257, 22, 2
0 17 38: 1257, 22, 1
0 17 39: 1258, 22, 3
0 17 39: 1620, 0, 1
0 17 40: 1631, 0, 3
0 17 41: 591, 10, 1
0 17 44: 590, 10, 1
0 17 46: 1620, 0, 1
0 17 47: 1620, 0, 3
0 17 50: 1257, 22, 2
0 17 50: 1631, 0, 1
0 17 53: 1248, 22, 2
0 17 54: 1102, 10, 2
0 17 55: 1014, 10, 1
0 17 55: 1631, 0, 1
0 17 56: 358, 10, 0
0 17 57: 357, 10, 3
0 17 57: 1839, 4, 0
0 17 59: 907, 4, 0
0 17 61: 362, 10, 0
0 17 62: 357, 10, 3
0 17 62: 1631, 0, 0
0 17 63: 358, 10, 3
0 17 63: 1631, 0, 0
0 18 16: 1257, 22, 3
0 18 17: 1174, 10, 1
0 18 17: 1257, 22, 0
0 18 18: 1257, 22, 3
0 18 19: 1257, 22, 0
0 18 20: 1257, 22, 0
0 18 21: 1257, 22, 0
0 18 22: 1257, 22, 3
0 18 23: 1162, 10, 0
0 18 23: 1257, 22, 0
0 18 24: 1257, 22, 1
0 18 25: 1162, 10, 3
0 18 25: 1257, 22, 0
0 18 26: 1257, 22, 3
0 18 27: 1257, 22, 2
0 18 32: 1253, 22, 2
0 18 36: 1246, 22, 2
0 18 38: 1257, 22, 3
0 18 39: 1257, 22, 2
0 18 39: 1838, 4, 1
0 18 40: 1631, 0, 3
0 18 40: 1838, 5, 3
0 18 46: 1620, 0, 1
0 18 46: 1838, 5, 1
0 18 47: 1257, 22, 0
0 18 47: 1838, 4, 3
0 18 50: 1257, 22, 2
0 18 50: 1631, 0, 1
0 18 51: 1722, 10, 1
0 18 53: 917, 22, 3
0 18 54: 917, 22, 0
0 18 55: 1013, 10, 1
0 18 55: 1631, 0, 1
0 18 56: 205, 4, 3
0 18 56: 362, 10, 3
0 18 61: 307, 10, 1
0 18 63: 362, 10, 2
0 19 15: 1257, 22, 2
0 19 16: 1257, 22, 1
0 19 18: 1257, 22, 1
0 19 19: 1257, 22, 3
0 19 21: 447, 10, 2
0 19 23: 1257, 22, 1
0 19 24: 1257, 22, 1
0 19 25: 1257, 22, 2
0 19 33: 1253, 22, 2
0 19 38: 1257, 22, 0
0 19 39: 1258, 22, 2
0 19 39: 1620, 0, 1
0 19 40: 1631, 2, 2
0 19 41: 2214, 10, 1
0 19 42: 2213, 10, 1
0 19 43: 2213, 10, 1
0 19 44: 2215, 10, 1
0 19 45: 2213, 10, 1
0 19 46: 1620, 2, 1
0 19 47: 1257, 22, 1
0 19 50: 1257, 22, 1
0 19 50: 1631, 0, 1
0 19 53: 918, 22, 2
0 19 54: 918, 22, 0
0 19 55: 197, 5, 1
0 19 55: 1631, 0, 1
0 19 56: 1838, 4, 3
0 19 63: 362, 10, 1
0 20 20: 444, 10, 0
0 20 22: 444, 10, 2
0 20 28: 1248, 22, 2
0 20 30: 1253, 22, 2
0 20 31: 1244, 22, 1
0 20 32: 444, 10, 0
0 20 34: 1245, 22, 3
0 20 38: 1257, 22, 1
0 20 39: 1257, 22, 3
0 20 39: 1838, 4, 1
0 20 40: 1631, 0, 3
0 20 40: 1838, 5, 3
0 20 41: 961, 4, 0
0 20 43: 952, 22, 0
0 20 44: 950, 22, 0
0 20 46: 1509, 0, 0
0 20 50: 1257, 22, 0
0 20 50: 1631, 0, 1
0 20 53: 918, 22, 2
0 20 54: 918, 22, 0
0 20 55: 916, 22, 0
0 20 55: 1530, 0, 1
0 21 14: 1257, 22, 3
0 21 15: 1257, 22, 1
0 21 24: 447, 10, 3
0 21 32: 1253, 22, 2
0 21 33: 1253, 22, 2
0 21 38: 1257, 22, 1
0 21 39: 1258, 22, 3
0 21 40: 1102, 10, 2
0 21 40: 1631, 0, 3
0 21 41: 595, 10, 0
0 21 43: 953, 22, 0
0 21 44: 951, 22, 0
0 21 46: 1510, 0, 2
0 21 50: 1257, 22, 2
0 21 50: 1631, 0, 1
0 21 51: 1248, 22, 3
0 21 51: 1631, 0, 0
0 21 52: 1631, 0, 0
0 21 53: 917, 22, 2
0 21 54: 917, 22, 1
0 21 55: 1631, 0, 1
0 21 55: 1838, 5, 1
0 21 56: 1838, 4, 3
0 21 57: 1248, 22, 0
0 22 13: 1257, 22, 0
0 22 14: 1258, 22, 1
0 22 16: 1276, 10, 3
0 22 17: 1247, 22, 1
0 22 21: 444, 10, 1
0 22 23: 445, 10, 1
0 22 30: 1253, 22, 2
0 22 31: 1244, 22, 0
0 22 32: 1253, 22, 2
0 22 33: 1244, 22, 0
0 22 37: 1257, 22, 0
0 22 38: 1257, 22, 2
0 22 39: 1257, 22, 2
0 22 39: 1620, 0, 1
0 22 40: 1102, 10, 2
0 22 40: 1631, 0, 3
0 22 43: 2738, 22, 0
0 22 46: 961, 5, 1
0 22 46: 1620, 0, 1
0 22 50: 1631, 0, 1
0 22 50: 1838, 5, 1
0 22 51: 1631, 0, 2
0 22 51: 1838, 4, 3
0 22 52: 197, 5, 2
0 22 52: 1631, 0, 2
0 22 53: 1631, 0, 2
0 22 53: 1838, 5, 2
0 22 54: 1014, 10, 2
0 22 54: 1631, 0, 2
0 22 55: 1013, 10, 2
0 22 55: 1631, 2, 1
0 22 56: 205, 4, 3
0 23 12: 1258, 22, 3
0 23 13: 1257, 22, 0
0 23 14: 1257, 22, 1
0 23 15: 1247, 22, 3
0 23 16: 1247, 22, 0
0 23 17: 1246, 22, 1
0 23 19: 447, 10, 1
0 23 29: 1253, 22, 2
0 23 31: 1244, 22, 0
0 23 37: 1257, 22, 3
0 23 38: 1257, 22, 3
0 23 39: 1257, 22, 1
0 23 39: 1838, 4, 1
0 23 40: 1631, 0, 3
0 23 40: 1838, 5, 3
0 23 46: 1620, 0, 1
0 23 46: 1838, 5, 1
0 23 47: 1838, 4, 3
0 23 51: 1257, 22, 2
0 23 52: 1257, 22, 3
0 23 53: 1257, 22, 0
0 23 53: 1838, 4, 0
0 23 54: 1258, 22, 1
0 23 55: 1259, 22, 1
0 23 55: 1631, 0, 1
0 23 56: 1631, 1, 2
0 23 59: 1838, 4, 2
0 23 61: 205, 4, 2
0 24 12: 1257, 22, 0
0 24 13: 1257, 22, 3
0 24 14: 1257, 22, 2
0 24 22: 447, 10, 0
0 24 23: 447, 10, 1
0 24 28: 1189, 10, 3
0 24 30: 1253, 22, 2
0 24 31: 1253, 22, 2
0 24 33: 1189, 10, 2
0 24 37: 1257, 22, 2
0 24 38: 1257, 22, 0
0 24 39: 1257, 22, 2
0 24 39: 1620, 0, 1
0 24 40: 1102, 10, 0
0 24 40: 1631, 0, 3
0 24 41: 2214, 10, 0
0 24 42: 2214, 10, 2
0 24 44: 2214, 10, 0
0 24 45: 2214, 10, 2
0 24 46: 1102, 10, 0
0 24 46: 1620, 0, 1
0 24 47: 1620, 0, 3
0 24 53: 1257, 22, 2
0 24 54: 1258, 22, 0
0 24 55: 1258, 22, 0
0 24 55: 1631, 1, 0
0 24 56: 357, 10, 1
0 24 56: 1631, 2, 3
0 24 57: 197, 5, 0
0 24 57: 357, 10, 3
0 24 57: 1631, 0, 0
0 24 58: 362, 10, 1
0 24 58: 1631, 0, 0
0 24 59: 1631, 0, 0
0 24 59: 1838, 5, 0
0 24 60: 197, 5, 0
0 24 60: 1631, 0, 0
0 24 61: 356, 10, 1
0 24 61: 1631, 2, 0
0 25 12: 1257, 22, 3
0 25 13: 1257, 22, 1
0 25 14: 1281, 10, 3
0 25 15: 1246, 22, 3
0 25 16: 1247, 22, 0
0 25 23: 1244, 22, 2
0 25 29: 1244, 22, 3
0 25 30: 1341, 10, 3
0 25 31: 1253, 22, 2
0 25 32: 1189, 10, 2
0 25 34: 1253, 22, 2
0 25 35: 1244, 22, 2
0 25 38: 1257, 22, 2
0 25 39: 1257, 22, 3
0 25 40: 1631, 2, 2
0 25 41: 1631, 0, 2
0 25 41: 1838, 5, 2
0 25 42: 1631, 0, 2
0 25 43: 1248, 22, 1
0 25 43: 1631, 0, 2
0 25 44: 1631, 0, 2
0 25 45: 1631, 0, 2
0 25 45: 1838, 5, 2
0 25 46: 1102, 10, 1
0 25 46: 1631, 2, 1
0 25 47: 1257, 22, 3
0 25 52: 981, 3, 2
0 25 53: 1257, 22, 0
0 25 54: 1246, 22, 3
0 25 55: 1257, 22, 2
0 25 56: 356, 10, 2
0 25 56: 1631, 0, 3
0 25 59: 1248, 22, 2
0 25 60: 1102, 10, 3
0 25 61: 888, 5, 1
0 25 61: 1088, 11, 3
0 25 61: 1631, 0, 1
0 26 11: 1257, 22, 2
0 26 12: 1257, 22, 3
0 26 14: 1247, 22, 0
0 26 21: 1253, 22, 2
0 26 22: 1253, 22, 2
0 26 23: 1253, 22, 2
0 26 25: 1246, 22, 2
0 26 29: 1245, 22, 1
0 26 30: 1244, 22, 2
0 26 34: 1245, 22, 3
0 26 38: 1257, 22, 1
0 26 39: 1257, 22, 0
0 26 40: 1257, 22, 2
0 26 41: 1258, 22, 0
0 26 41: 1838, 4, 0
0 26 42: 1257, 22, 1
0 26 43: 1258, 22, 1
0 26 44: 1257, 22, 0
0 26 45: 1258, 22, 2
0 26 45: 1838, 4, 0
0 26 47: 1257, 22, 1
0 26 48: 981, 3, 0
0 26 48: 1257, 22, 0
0 26 49: 980, 9, 0
0 26 52: 980, 0, 3
0 26 54: 1257, 22, 1
0 26 55: 1257, 22, 0
0 26 55: 1844, 4, 1
0 26 56: 227, 10, 1
0 26 56: 1631, 0, 3
0 26 56: 1844, 5, 3
0 26 58: 917, 22, 3
0 26 59: 595, 10, 3
0 26 59: 918, 22, 3
0 26 60: 917, 22, 0
0 26 61: 1631, 0, 1
0 26 61: 1838, 5, 1
0 26 62: 1838, 4, 3
0 27 11: 1276, 10, 3
0 27 12: 1246, 22, 2
0 27 14: 1247, 22, 3
0 27 16: 1247, 22, 3
0 27 18: 1245, 22, 2
0 27 20: 1245, 22, 0
0 27 22: 445, 10, 3
0 27 23: 1253, 22, 2
0 27 25: 1253, 22, 2
0 27 29: 1189, 10, 1
0 27 31: 1253, 22, 2
0 27 32: 1253, 22, 2
0 27 33: 1253, 22, 2
0 27 34: 1253, 22, 2
0 27 34: 1341, 10, 1
0 27 40: 1124, 10, 3
0 27 41: 1257, 22, 0
0 27 42: 1257, 22, 1
0 27 42: 1278, 10, 3
0 27 43: 1257, 22, 2
0 27 44: 1257, 22, 3
0 27 45: 1257, 22, 0
0 27 46: 1258, 22, 3
0 27 47: 1257, 22, 2
0 27 47: 1278, 10, 3
0 27 48: 1257, 22, 3
0 27 49: 980, 0, 1
0 27 49: 1257, 22, 1
0 27 52: 980, 0, 3
0 27 53: 1246, 22, 3
0 27 54: 1247, 22, 1
0 27 55: 1257, 22, 2
0 27 56: 197, 5, 3
0 27 56: 1631, 0, 3
0 27 57: 1096, 11, 3
0 27 58: 917, 22, 2
0 27 59: 918, 22, 1
0 27 59: 1102, 10, 1
0 27 60: 917, 22, 1
0 27 60: 1102, 10, 1
0 27 61: 1023, 5, 1
0 27 61: 1631, 0, 1
0 28 11: 1247, 22, 1
0 28 15: 1247, 22, 3
0 28 19: 1253, 22, 2
0 28 20: 1253, 22, 2
0 28 22: 1253, 22, 2
0 28 23: 1253, 22, 2
0 28 30: 1253, 22, 2
0 28 31: 1248, 22, 0
0 28 33: 1244, 22, 1
0 28 35: 1253, 22, 2
0 28 44: 1299, 10, 1
0 28 45: 1257, 22, 3
0 28 46: 1258, 22, 1
0 28 47: 1258, 22, 2
0 28 48: 980, 1, 1
0 28 48: 1257, 22, 0
0 28 49: 980, 9, 1
0 28 52: 980, 0, 3
0 28 52: 1298, 10, 1
0 28 55: 1257, 22, 0
0 28 56: 1631, 0, 3
0 28 56: 2724, 10, 3
0 28 61: 356, 10, 0
0 28 61: 1023, 5, 1
0 28 61: 1631, 0, 1
0 29 18: 1245, 22, 1
0 29 22: 1253, 22, 2
0 29 23: 1253, 22, 2
0 29 24: 1244, 22, 0
0 29 28: 1248, 22, 1
0 29 29: 1253, 22, 2
0 29 30: 1253, 22, 2
0 29 31: 1253, 22, 2
0 29 33: 1189, 10, 0
0 29 45: 1257, 22, 2
0 29 46: 1258, 22, 2
0 29 47: 981, 3, 1
0 29 47: 1247, 22, 2
0 29 48: 980, 9, 1
0 29 51: 980, 9, 3
0 29 52: 981, 3, 3
0 29 52: 1278, 10, 3
0 29 53: 1247, 22, 2
0 29 54: 1257, 22, 0
0 29 56: 1248, 22, 0
0 29 56: 1631, 2, 2
0 29 57: 197, 5, 2
0 29 57: 1631, 0, 2
0 29 58: 916, 22, 3
0 29 58: 1530, 0, 2
0 29 59: 604, 10, 2
0 29 59: 1631, 0, 2
0 29 60: 1631, 0, 2
0 29 60: 1838, 5, 2
0 29 61: 1248, 22, 1
0 29 61: 1631, 2, 1
0 30 13: 1257, 22, 1
0 30 14: 1257, 22, 2
0 30 18: 1189, 10, 1
0 30 21: 1189, 10, 2
0 30 22: 1244, 22, 3
0 30 23: 1253, 22, 2
0 30 30: 1392, 10, 1
0 30 31: 1253, 22, 2
0 30 42: 1281, 10, 1
0 30 46: 1257, 22, 3
0 30 47: 980, 0, 1
0 30 47: 1257, 22, 2
0 30 51: 980, 0, 3
0 30 51: 1257, 22, 1
0 30 52: 1257, 22, 1
0 30 53: 981, 3, 1
0 30 53: 1257, 22, 2
0 30 54: 1257, 22, 1
0 30 55: 1257, 22, 3
0 30 57: 205, 4, 0
0 30 60: 1838, 4, 0
0 31 13: 1257, 22, 0
0 31 14: 1257, 22, 3
0 31 20: 1245, 22, 1
0 31 22: 1247, 22, 1
0 31 22: 1278, 10, 3
0 31 24: 1257, 22, 1
0 31 25: 1257, 22, 0
0 31 26: 1257, 22, 2
0 31 32: 1253, 22, 2
0 31 36: 981, 3, 1
0 31 37: 980, 0, 2
0 31 38: 980, 0, 2
0 31 39: 980, 0, 2
0 31 40: 980, 0, 2
0 31 41: 981, 3, 2
0 31 44: 981, 3, 1
0 31 45: 980, 0, 2
0 31 46: 980, 0, 2
0 31 46: 1257, 22, 3
0 31 47: 980, 9, 1
0 31 51: 980, 9, 2
0 31 52: 980, 0, 2
0 31 52: 1257, 22, 3
0 31 53: 980, 9, 1
0 31 54: 1257, 22, 2
0 31 61: 1248, 22, 0
0 32 12: 1257, 22, 0
0 32 13: 1257, 22, 0
0 32 14: 1257, 22, 1
0 32 23: 1247, 22, 0
0 32 24: 1257, 22, 1
0 32 25: 1257, 22, 0
0 32 26: 1257, 22, 3
0 32 27: 1257, 22, 2
0 32 32: 1276, 10, 1
0 32 33: 1247, 22, 1
0 32 35: 981, 3, 1
0 32 36: 980, 9, 1
0 32 41: 980, 9, 2
0 32 42: 980, 0, 2
0 32 43: 980, 0, 2
0 32 44: 980, 9, 1
0 32 51: 1248, 22, 3
0 33 12: 1257, 22, 1
0 33 13: 1257, 22, 3
0 33 13: 1393, 10, 3
0 33 14: 1257, 22, 2
0 33 15: 1393, 10, 0
0 33 23: 1248, 22, 3
0 33 24: 1257, 22, 2
0 33 25: 1257, 22, 3
0 33 26: 1257, 22, 2
0 33 27: 1257, 22, 1
0 33 28: 1276, 10, 3
0 33 29: 1247, 22, 2
0 33 31: 1247, 22, 3
0 33 33: 1247, 22, 0
0 33 38: 1248, 22, 0
0 33 55: 980, 9, 3
0 33 56: 980, 0, 0
0 33 56: 1393, 10, 2
0 33 57: 980, 9, 0
0 34 11: 1257, 22, 2
0 34 12: 1257, 22, 3
0 34 13: 1257, 22, 3
0 34 17: 1393, 10, 2
0 34 21: 1257, 22, 2
0 34 22: 1257, 22, 1
0 34 23: 1257, 22, 2
0 34 24: 1257, 22, 0
0 34 25: 1259, 22, 1
0 34 26: 1258, 22, 2
0 34 27: 1257, 22, 0
0 34 28: 1247, 22, 2
0 34 29: 1246, 22, 2
0 34 31: 1276, 10, 2
0 34 32: 1247, 22, 3
0 34 38: 980, 9, 3
0 34 39: 980, 0, 0
0 34 40: 980, 9, 0
0 34 45: 980, 9, 3
0 34 46: 980, 0, 0
0 34 47: 980, 0, 0
0 34 47: 1281, 10, 0
0 34 48: 980, 0, 0
0 34 49: 980, 9, 0
0 34 54: 980, 9, 3
0 34 55: 980, 1, 3
0 34 56: 1278, 10, 2
0 34 57: 981, 3, 0
0 34 58: 980, 0, 0
0 34 59: 980, 0, 0
0 34 60: 980, 0, 0
0 34 61: 981, 3, 3
0 35 11: 1257, 22, 1
0 35 12: 1257, 22, 0
0 35 13: 1257, 22, 2
0 35 15: 1393, 10, 3
0 35 21: 1257, 22, 3
0 35 22: 1257, 22, 1
0 35 23: 1257, 22, 0
0 35 24: 1257, 22, 0
0 35 25: 1258, 22, 3
0 35 26: 1257, 22, 2
0 35 27: 1257, 22, 3
0 35 29: 1276, 10, 0
0 35 31: 1247, 22, 0
0 35 37: 1393, 10, 0
0 35 38: 981, 3, 3
0 35 41: 980, 0, 0
0 35 41: 1248, 22, 2
0 35 42: 981, 3, 3
0 35 43: 981, 3, 0
0 35 44: 980, 0, 0
0 35 45: 981, 3, 3
0 35 47: 1247, 22, 3
0 35 49: 1246, 22, 2
0 35 50: 980, 0, 0
0 35 51: 981, 3, 3
0 35 52: 981, 3, 0
0 35 52: 1393, 10, 0
0 35 53: 980, 0, 0
0 35 56: 1246, 22, 3
0 35 57: 1247, 22, 1
0 36 11: 1257, 22, 1
0 36 12: 1257, 22, 0
0 36 13: 1257, 22, 1
0 36 14: 1257, 22, 1
0 36 16: 1246, 22, 1
0 36 18: 1276, 10, 2
0 36 19: 1247, 22, 0
0 36 21: 1276, 10, 2
0 36 22: 1247, 22, 2
0 36 23: 1257, 22, 2
0 36 24: 1257, 22, 1
0 36 29: 1247, 22, 1
0 36 30: 1246, 22, 1
0 36 32: 1247, 22, 3
0 36 36: 981, 3, 1
0 36 37: 980, 0, 2
0 36 38: 981, 3, 2
0 36 55: 1254, 22, 0
0 36 59: 1392, 10, 2
0 37 10: 1257, 22, 2
0 37 11: 1258, 22, 1
0 37 12: 1258, 22, 0
0 37 13: 1257, 22, 3
0 37 14: 1257, 22, 0
0 37 16: 1393, 10, 3
0 37 18: 1247, 22, 1
0 37 19: 1247, 22, 1
0 37 21: 1246, 22, 2
0 37 31: 1247, 22, 0
0 37 34: 1257, 22, 0
0 37 35: 980, 1, 1
0 37 36: 980, 9, 1
0 37 39: 1254, 22, 0
0 37 41: 1245, 22, 1
0 37 44: 981, 3, 1
0 37 45: 980, 0, 2
0 37 46: 981, 3, 2
0 37 50: 1254, 22, 0
0 37 56: 1278, 10, 1
0 38 10: 1257, 22, 3
0 38 11: 1258, 22, 3
0 38 12: 1259, 22, 1
0 38 13: 1258, 22, 0
0 38 14: 1257, 22, 0
0 38 14: 1393, 10, 2
0 38 20: 1247, 22, 0
0 38 22: 1247, 22, 3
0 38 26: 1257, 22, 1
0 38 33: 1257, 22, 3
0 38 34: 1257, 22, 1
0 38 35: 980, 0, 1
0 38 44: 1276, 10, 0
0 38 46: 980, 9, 2
0 38 47: 980, 0, 2
0 38 48: 980, 0, 2
0 38 49: 981, 3, 2
0 39 9: 1278, 10, 3
0 39 10: 1257, 22, 0
0 39 11: 1257, 22, 0
0 39 12: 1258, 22, 3
0 39 13: 1257, 22, 3
0 39 17: 1276, 10, 0
0 39 18: 1247, 22, 0
0 39 19: 1247, 22, 2
0 39 21: 1247, 22, 1
0 39 22: 1248, 22, 2
0 39 25: 1257, 22, 0
0 39 26: 1258, 22, 2
0 39 26: 1276, 10, 3
0 39 27: 1257, 22, 1
0 39 31: 1248, 22, 1
0 39 32: 1257, 22, 1
0 39 33: 1257, 22, 1
0 39 34: 1257, 22, 2
0 39 35: 980, 0, 1
0 39 38: 1278, 10, 1
0 39 41: 1253, 22, 0
0 39 42: 1254, 22, 0
0 39 45: 1248, 22, 3
0 39 46: 1254, 22, 0
0 39 47: 1278, 10, 0
0 39 49: 980, 9, 2
0 39 50: 980, 1, 2
0 39 50: 1254, 22, 0
0 39 52: 1248, 22, 0
0 39 56: 1254, 22, 0
0 39 61: 1248, 22, 3
0 40 10: 1257, 22, 1
0 40 11: 1257, 22, 3
0 40 12: 1257, 22, 1
0 40 17: 1247, 22, 2
0 40 19: 1247, 22, 3
0 40 20: 1257, 22, 1
0 40 21: 1246, 22, 3
0 40 25: 1257, 22, 3
0 40 26: 1257, 22, 2
0 40 27: 1247, 22, 0
0 40 28: 1257, 22, 1
0 40 29: 1257, 22, 3
0 40 30: 1257, 22, 0
0 40 31: 1257, 22, 2
0 40 32: 1276, 10, 3
0 40 33: 1247, 22, 3
0 40 34: 981, 3, 1
0 40 34: 1265, 22, 1
0 40 35: 980, 9, 1
0 40 37: 1254, 22, 0
0 40 40: 1163, 10, 0
0 40 43: 1278, 10, 1
0 40 47: 1253, 22, 0
0 40 49: 1253, 22, 0
0 40 50: 980, 9, 2
0 40 51: 980, 0, 2
0 40 51: 1265, 22, 1
0 40 52: 980, 0, 2
0 40 53: 980, 0, 2
0 40 54: 981, 3, 2
0 41 9: 1257, 22, 1
0 41 10: 1257, 22, 2
0 41 11: 1257, 22, 2
0 41 15: 1246, 22, 2
0 41 16: 1247, 22, 3
0 41 17: 1276, 10, 3
0 41 18: 1247, 22, 3
0 41 19: 1259, 22, 1
0 41 20: 1257, 22, 0
0 41 20: 1393, 10, 3
0 41 24: 1257, 22, 0
0 41 25: 1257, 22, 2
0 41 26: 1257, 22, 0
0 41 27: 1257, 22, 0
0 41 28: 1257, 22, 2
0 41 29: 1258, 22, 3
0 41 30: 1258, 22, 0
0 41 31: 1257, 22, 1
0 41 34: 980, 0, 1
0 41 34: 1253, 22, 0
0 41 35: 1278, 10, 1
0 41 36: 1248, 22, 1
0 41 42: 1244, 22, 0
0 41 46: 1245, 22, 3
0 41 49: 1276, 10, 1
0 41 52: 1278, 10, 1
0 41 53: 1244, 22, 2
0 41 54: 980, 9, 2
0 41 55: 1247, 22, 3
0 41 55: 1602, 3, 2
0 41 56: 1602, 3, 1
0 41 57: 980, 0, 2
0 41 58: 980, 1, 2
0 42 9: 1257, 22, 0
0 42 10: 1257, 22, 3
0 42 11: 1257, 22, 2
0 42 12: 1257, 22, 1
0 42 13: 1257, 22, 2
0 42 14: 1281, 10, 3
0 42 16: 1247, 22, 1
0 42 17: 1257, 22, 3
0 42 18: 1257, 22, 3
0 42 19: 1257, 22, 2
0 42 20: 1257, 22, 3
0 42 24: 1257, 22, 1
0 42 25: 1276, 10, 1
0 42 26: 1246, 22, 0
0 42 27: 1257, 22, 2
0 42 28: 1254, 22, 0
0 42 29: 1258, 22, 2
0 42 30: 1259, 22, 0
0 42 31: 1281, 10, 1
0 42 32: 1245, 22, 2
0 42 33: 1247, 22, 0
0 42 34: 980, 0, 1
0 42 38: 1253, 22, 0
0 42 39: 1281, 10, 1
0 42 40: 1265, 22, 3
0 42 42: 1245, 22, 0
0 42 45: 1253, 22, 0
0 42 47: 1246, 22, 0
0 42 49: 1248, 22, 0
0 42 56: 1276, 10, 0
0 42 58: 980, 9, 2
0 42 59: 981, 3, 2
0 42 59: 1254, 22, 0
0 43 10: 444, 10, 3
0 43 12: 447, 10, 1
0 43 12: 1257, 22, 3
0 43 13: 1257, 22, 2
0 43 15: 1247, 22, 2
0 43 16: 1247, 22, 1
0 43 17: 1257, 22, 0
0 43 24: 1257, 22, 0
0 43 25: 1247, 22, 2
0 43 27: 1257, 22, 1
0 43 28: 1257, 22, 0
0 43 29: 1257, 22, 0
0 43 30: 1258, 22, 1
0 43 31: 1248, 22, 0
0 43 34: 980, 0, 1
0 43 34: 1244, 22, 0
0 43 37: 1254, 22, 0
0 43 39: 1264, 22, 2
0 43 41: 1253, 22, 0
0 43 43: 1281, 10, 1
0 43 44: 1265, 22, 0
0 43 46: 1265, 22, 2
0 43 47: 1278, 10, 1
0 43 48: 1265, 22, 3
0 43 49: 1253, 22, 0
0 43 50: 1281, 10, 1
0 43 51: 1253, 22, 0
0 43 54: 1253, 22, 0
0 43 55: 1244, 22, 3
0 43 57: 1247, 22, 0
0 43 59: 980, 0, 3
0 44 12: 446, 10, 2
0 44 12: 1257, 22, 0
0 44 13: 1257, 22, 1
0 44 14: 1247, 22, 0
0 44 15: 1257, 22, 0
0 44 16: 1257, 22, 1
0 44 23: 1276, 10, 0
0 44 24: 1247, 22, 0
0 44 25: 1281, 10, 3
0 44 27: 1247, 22, 1
0 44 28: 1257, 22, 3
0 44 29: 1276, 10, 2
0 44 30: 1247, 22, 3
0 44 31: 1265, 22, 1
0 44 32: 1244, 22, 3
0 44 33: 1253, 22, 0
0 44 34: 980, 0, 1
0 44 36: 1253, 22, 0
0 44 38: 1393, 10, 1
0 44 40: 1247, 22, 3
0 44 41: 1244, 22, 3
0 44 43: 1253, 22, 0
0 44 45: 1244, 22, 2
0 44 47: 1244, 22, 3
0 44 48: 1253, 22, 0
0 44 50: 1244, 22, 0
0 44 52: 1248, 22, 1
0 44 53: 1247, 22, 0
0 44 59: 980, 0, 3
0 44 60: 1276, 10, 3
0 45 9: 1257, 22, 3
0 45 10: 447, 10, 0
0 45 11: 447, 10, 1
0 45 12: 444, 10, 2
0 45 14: 447, 10, 0
0 45 14: 1247, 22, 2
0 45 15: 1257, 22, 3
0 45 19: 1393, 10, 2
0 45 20: 1276, 10, 1
0 45 23: 1247, 22, 3
0 45 28: 1257, 22, 2
0 45 29: 1247, 22, 2
0 45 31: 1278, 10, 1
0 45 32: 1264, 22, 3
0 45 33: 980, 1, 1
0 45 34: 980, 9, 1
0 45 34: 1253, 22, 0
0 45 36: 1246, 22, 0
0 45 37: 1253, 22, 0
0 45 40: 1244, 22, 2
0 45 44: 1247, 22, 2
0 45 46: 1254, 22, 0
0 45 49: 1245, 22, 2
0 45 50: 1265, 22, 0
0 45 51: 1265, 22, 1
0 45 52: 1244, 22, 1
0 45 55: 1278, 10, 1
0 45 58: 1253, 22, 0
0 45 59: 1602, 3, 3
0 45 60: 1248, 22, 3
0 46 8: 1257, 22, 2
0 46 9: 1257, 22, 0
0 46 10: 445, 10, 1
0 46 14: 447, 10, 3
0 46 19: 1257, 22, 1
0 46 21: 1247, 22, 3
0 46 22: 1276, 10, 1
0 46 23: 1247, 22, 0
0 46 25: 1247, 22, 0
0 46 27: 1246, 22, 3
0 46 31: 1248, 22, 3
0 46 33: 980, 0, 1
0 46 33: 1265, 22, 0
0 46 34: 1773, 10, 3
0 46 36: 1773, 10, 1
0 46 38: 1278, 10, 1
0 46 43: 1254, 22, 0
0 46 45: 1281, 10, 1
0 46 46: 1265, 22, 1
0 46 52: 1392, 10, 3
0 46 53: 1265, 22, 2
0 46 55: 1265, 22, 3
0 46 56: 1248, 22, 2
0 46 59: 1602, 3, 2
0 47 8: 1257, 22, 1
0 47 9: 1260, 22, 1
0 47 10: 1257, 22, 1
0 47 12: 1257, 22, 2
0 47 13: 1257, 22, 1
0 47 18: 1257, 22, 2
0 47 19: 1258, 22, 0
0 47 20: 1257, 22, 1
0 47 22: 1247, 22, 3
0 47 32: 981, 3, 1
0 47 33: 980, 9, 1
0 47 34: 1244, 22, 1
0 47 45: 1247, 22, 1
0 47 47: 1254, 22, 0
0 47 49: 1278, 10, 1
0 47 50: 1253, 22, 0
0 47 54: 1245, 22, 1
0 47 56: 1281, 10, 1
0 47 57: 1244, 22, 0
0 47 59: 980, 9, 2
0 47 60: 981, 3, 2
0 48 0: 1714, 10, 3
0 48 2: 1714, 10, 3
0 48 4: 1714, 10, 3
0 48 7: 1913, 0, 0
0 48 9: 1257, 22, 0
0 48 10: 1257, 22, 2
0 48 11: 1257, 22, 1
0 48 12: 1257, 22, 3
0 48 14: 1248, 22, 3
0 48 17: 1257, 22, 0
0 48 18: 1257, 22, 3
0 48 18: 1341, 10, 3
0 48 19: 1257, 22, 3
0 48 20: 1257, 22, 2
0 48 30: 1254, 22, 0
0 48 32: 980, 0, 1
0 48 34: 1264, 22, 0
0 48 34: 1773, 10, 3
0 48 36: 1773, 10, 1
0 48 40: 849, 10, 2
0 48 41: 849, 10, 2
0 48 42: 849, 10, 2
0 48 42: 1841, 4, 2
0 48 43: 849, 10, 2
0 48 45: 1248, 22, 3
0 48 49: 1254, 22, 0
0 48 52: 1245, 22, 0
0 48 56: 1253, 22, 0
0 48 60: 980, 0, 3
0 49 16: 1257, 22, 3
0 49 17: 1257, 22, 1
0 49 18: 1258, 22, 1
0 49 19: 1257, 22, 1
0 49 20: 1257, 22, 0
0 49 31: 1265, 22, 1
0 49 32: 981, 3, 0
0 49 40: 197, 5, 0
0 49 40: 1621, 2, 3
0 49 41: 650, 5, 0
0 49 41: 1621, 0, 0
0 49 42: 1621, 0, 0
0 49 42: 1841, 5, 0
0 49 43: 197, 5, 0
0 49 43: 1621, 2, 0
0 49 44: 358, 10, 3
0 49 44: 1621, 0, 0
0 49 45: 357, 10, 2
0 49 45: 1621, 0, 0
0 49 46: 197, 5, 1
0 49 46: 1621, 2, 0
0 49 47: 849, 10, 3
0 49 54: 1253, 22, 0
0 49 57: 1265, 22, 1
0 49 58: 1244, 22, 1
0 49 59: 1254, 22, 0
0 49 60: 980, 0, 3
0 50 14: 1257, 22, 3
0 50 15: 1257, 22, 0
0 50 16: 1257, 22, 2
0 50 18: 1257, 22, 2
0 50 19: 1257, 22, 3
0 50 32: 981, 3, 1
0 50 34: 1276, 10, 1
0 50 37: 1298, 10, 0
0 50 39: 849, 10, 1
0 50 39: 1841, 4, 1
0 50 40: 1621, 0, 3
0 50 40: 1841, 5, 3
0 50 42: 653, 22, 1
0 50 43: 1621, 0, 1
0 50 44: 357, 10, 1
0 50 46: 1248, 22, 3
0 50 46: 1621, 0, 1
0 50 47: 849, 10, 3
0 50 48: 1299, 10, 0
0 50 51: 1253, 22, 0
0 50 52: 1278, 10, 1
0 50 55: 1276, 10, 2
0 50 56: 1265, 22, 0
0 50 60: 980, 0, 3
0 51 0: 1714, 10, 3
0 51 2: 1714, 10, 3
0 51 4: 1714, 10, 3
0 51 7: 1913, 0, 2
0 51 9: 1257, 22, 2
0 51 10: 1257, 22, 1
0 51 11: 1257, 22, 3
0 51 12: 1257, 22, 1
0 51 13: 1257, 22, 2
0 51 14: 1257, 22, 1
0 51 15: 1257, 22, 1
0 51 16: 1254, 22, 0
0 51 16: 1278, 10, 2
0 51 32: 980, 0, 1
0 51 39: 849, 10, 1
0 51 40: 1107, 5, 3
0 51 40: 1621, 0, 3
0 51 41: 652, 22, 0
0 51 43: 2881, 0, 1
0 51 46: 1621, 0, 1
0 51 46: 1841, 5, 1
0 51 47: 849, 10, 3
0 51 47: 1841, 4, 3
0 51 51: 1254, 22, 0
0 51 56: 1244, 22, 2
0 51 57: 1253, 22, 0
0 51 60: 980, 9, 2
0 51 60: 1253, 22, 0
0 52 8: 1257, 22, 3
0 52 9: 447, 10, 3
0 52 9: 1259, 22, 1
0 52 10: 447, 10, 2
0 52 10: 1258, 22, 2
0 52 11: 1257, 22, 0
0 52 12: 1257, 22, 2
0 52 13: 1278, 10, 1
0 52 14: 1245, 22, 0
0 52 15: 1246, 22, 1
0 52 17: 1247, 22, 1
0 52 18: 1276, 10, 3
0 52 32: 980, 0, 1
0 52 37: 1254, 22, 0
0 52 39: 849, 10, 1
0 52 39: 1841, 4, 1
0 52 40: 1621, 0, 3
0 52 40: 1841, 5, 3
0 52 41: 422, 10, 2
0 52 43: 1621, 0, 1
0 52 44: 1262, 22, 3
0 52 46: 1621, 0, 1
0 52 47: 849, 10, 3
0 52 54: 1281, 10, 1
0 52 61: 980, 0, 3
0 53 7: 1341, 10, 2
0 53 8: 1259, 22, 3
0 53 9: 1260, 22, 1
0 53 10: 1259, 22, 0
0 53 10: 1276, 10, 1
0 53 12: 447, 10, 1
0 53 13: 1244, 22, 1
0 53 15: 1257, 22, 1
0 53 16: 1244, 22, 2
0 53 18: 1246, 22, 0
0 53 29: 1276, 10, 0
0 53 31: 1264, 22, 1
0 53 32: 980, 0, 1
0 53 36: 1299, 10, 0
0 53 40: 1621, 2, 2
0 53 41: 650, 5, 2
0 53 41: 1621, 0, 2
0 53 42: 650, 5, 2
0 53 42: 1621, 0, 2
0 53 43: 1248, 22, 1
0 53 43: 1621, 2, 1
0 53 44: 197, 4, 3
0 53 45: 1248, 22, 0
0 53 46: 197, 5, 1
0 53 46: 1621, 0, 1
0 53 47: 849, 10, 3
0 53 54: 1244, 22, 3
0 53 56: 1248, 22, 0
0 53 58: 1278, 10, 1
0 53 61: 980, 0, 3
0 54 7: 1257, 22, 1
0 54 8: 1258, 22, 2
0 54 9: 1259, 22, 2
0 54 10: 1258, 22, 1
0 54 12: 1281, 10, 1
0 54 14: 1253, 22, 0
0 54 17: 1246, 22, 0
0 54 29: 1246, 22, 0
0 54 32: 980, 0, 1
0 54 39: 849, 10, 1
0 54 40: 1621, 0, 3
0 54 41: 1102, 10, 0
0 54 43: 917, 22, 3
0 54 44: 917, 22, 0
0 54 46: 1621, 0, 1
0 54 52: 1276, 10, 1
0 54 54: 1265, 22, 2
0 54 55: 1264, 22, 1
0 54 56: 1286, 10, 1
0 54 60: 980, 9, 3
0 54 61: 981, 3, 3
0 54 61: 1278, 10, 0
0 55 7: 1278, 10, 3
0 55 8: 1257, 22, 0
0 55 9: 1257, 22, 3
0 55 10: 1258, 22, 2
0 55 11: 1244, 22, 3
0 55 14: 1245, 22, 3
0 55 15: 1278, 10, 1
0 55 16: 1253, 22, 0
0 55 19: 1253, 22, 0
0 55 23: 1247, 22, 1
0 55 32: 981, 3, 0
0 55 33: 980, 9, 0
0 55 39: 849, 10, 1
0 55 40: 197, 5, 3
0 55 40: 1102, 10, 2
0 55 40: 1621, 0, 3
0 55 41: 595, 10, 2
0 55 43: 918, 22, 2
0 55 44: 918, 22, 0
0 55 46: 197, 5, 1
0 55 46: 1263, 22, 3
0 55 46: 1621, 0, 1
0 55 52: 1248, 22, 1
0 55 55: 1253, 22, 0
0 55 60: 980, 0, 3
0 56 9: 1276, 10, 3
0 56 12: 1244, 22, 0
0 56 13: 1247, 22, 1
0 56 16: 1248, 22, 0
0 56 17: 1278, 10, 1
0 56 21: 1276, 10, 1
0 56 33: 980, 0, 1
0 56 34: 1286, 10, 1
0 56 39: 849, 10, 1
0 56 40: 1621, 0, 3
0 56 42: 1263, 22, 3
0 56 43: 918, 22, 2
0 56 44: 918, 22, 0
0 56 46: 916, 22, 2
0 56 46: 1536, 0, 1
0 56 53: 1278, 10, 1
0 56 54: 1244, 22, 0
0 56 56: 1245, 22, 3
0 56 58: 1253, 22, 0
0 56 60: 980, 0, 3
0 57 12: 1278, 10, 1
0 57 14: 1281, 10, 1
0 57 15: 1247, 22, 2
0 57 16: 1244, 22, 2
0 57 19: 1264, 22, 1
0 57 26: 185, 22, 2
0 57 27: 185, 22, 3
0 57 33: 981, 3, 0
0 57 39: 849, 10, 1
0 57 40: 197, 5, 3
0 57 40: 1621, 0, 3
0 57 41: 1102, 10, 1
0 57 43: 917, 22, 2
0 57 44: 917, 22, 1
0 57 46: 1621, 0, 1
0 57 46: 1841, 5, 1
0 57 47: 849, 10, 3
0 57 47: 1841, 4, 3
0 57 55: 1281, 10, 1
0 57 56: 1244, 22, 1
0 57 57: 1265, 22, 0
0 57 58: 1276, 10, 3
0 57 59: 1244, 22, 3
0 57 60: 980, 0, 3
0 58 7: 1341, 10, 3
0 58 12: 1244, 22, 2
0 58 13: 1248, 22, 1
0 58 18: 1265, 22, 1
0 58 19: 1264, 22, 1
0 58 22: 1253, 22, 1
0 58 26: 185, 22, 3
0 58 27: 185, 22, 1
0 58 28: 185, 22, 0
0 58 40: 1248, 22, 2
0 58 40: 1621, 2, 2
0 58 41: 1621, 0, 2
0 58 41: 1841, 5, 2
0 58 42: 197, 5, 2
0 58 42: 1621, 0, 2
0 58 43: 1023, 5, 2
0 58 43: 1621, 0, 2
0 58 44: 197, 5, 2
0 58 44: 1621, 0, 2
0 58 45: 1621, 0, 2
0 58 45: 1841, 5, 2
0 58 46: 1621, 2, 1
0 58 47: 849, 10, 3
0 58 59: 980, 9, 3
0 58 60: 981, 3, 3
0 59 10: 1276, 10, 0
0 59 12: 1253, 22, 0
0 59 13: 1244, 22, 0
0 59 14: 1244, 22, 3
0 59 15: 1264, 22, 0
0 59 17: 1244, 22, 2
0 59 21: 1253, 22, 1
0 59 22: 1393, 10, 1
0 59 25: 185, 22, 1
0 59 26: 185, 22, 1
0 59 28: 185, 22, 0
0 59 33: 981, 3, 0
0 59 34: 980, 9, 0
0 59 41: 1841, 4, 0
0 59 43: 1393, 10, 1
0 59 44: 1181, 10, 1
0 59 45: 1841, 4, 0
0 59 55: 1265, 22, 3
0 59 57: 1244, 22, 2
0 59 58: 980, 9, 3
0 59 59: 1278, 10, 1
0 60 6: 1278, 10, 3
0 60 9: 1278, 10, 0
0 60 11: 1253, 22, 0
0 60 14: 1278, 10, 2
0 60 17: 1276, 10, 2
0 60 22: 1253, 22, 1
0 60 25: 186, 22, 0
0 60 26: 185, 22, 2
0 60 29: 185, 22, 0
0 60 34: 980, 1, 0
0 60 35: 980, 9, 0
0 60 50: 980, 9, 3
0 60 51: 980, 0, 0
0 60 52: 1602, 3, 3
0 60 53: 1602, 3, 0
0 60 54: 980, 0, 0
0 60 55: 980, 0, 0
0 60 56: 980, 0, 0
0 60 57: 980, 0, 0
0 60 58: 981, 3, 3
0 60 58: 1253, 22, 0
0 61 15: 1244, 22, 1
0 61 18: 1248, 22, 2
0 61 20: 1254, 22, 0
0 61 21: 1276, 10, 1
0 61 24: 185, 22, 0
0 61 28: 185, 22, 1
0 61 29: 186, 22, 3
0 61 30: 185, 22, 2
0 61 33: 1276, 10, 1
0 61 35: 981, 3, 0
0 61 36: 980, 0, 0
0 61 37: 980, 0, 0
0 61 38: 980, 9, 0
0 61 44: 1265, 22, 1
0 61 49: 980, 9, 3
0 61 50: 980, 1, 3
0 61 55: 1278, 10, 1
0 62 13: 1276, 10, 3
0 62 24: 185, 22, 0
0 62 25: 185, 22, 0
0 62 28: 186, 22, 1
0 62 29: 185, 22, 1
0 62 38: 980, 1, 0
0 62 38: 1278, 10, 1
0 62 39: 980, 9, 0
0 62 39: 1248, 22, 0
0 62 45: 980, 9, 3
0 62 46: 980, 0, 0
0 62 47: 980, 0, 0
0 62 48: 980, 0, 0
0 62 49: 981, 3, 3
0 62 50: 1278, 10, 1
0 62 51: 1248, 22, 2
0 62 60: 1246, 22, 2
0 63 8: 1265, 22, 1
0 63 11: 1278, 10, 2
0 63 22: 1253, 22, 1
0 63 24: 185, 22, 1
0 63 25: 185, 22, 2
0 63 27: 185, 22, 2
0 63 29: 185, 22, 0
0 63 39: 981, 3, 0
0 63 40: 980, 0, 0
0 63 41: 1602, 3, 3
0 63 42: 1602, 3, 0
0 63 43: 980, 0, 0
0 63 44: 980, 0, 0
0 63 45: 981, 3, 3
1 11 55: 1790, 18, 1
1 11 56: 1642, 12, 1
1 11 57: 1644, 0, 0
1 11 58: 1644, 0, 0
1 11 59: 1644, 0, 0
1 11 60: 1644, 0, 0
1 11 61: 1642, 12, 3
1 11 62: 1790, 18, 3
1 12 55: 1790, 18, 1
1 12 56: 1642, 12, 1
1 12 61: 1642, 12, 3
1 12 62: 1790, 18, 3
1 13 55: 1790, 18, 1
1 13 56: 1642, 12, 1
1 13 61: 1642, 12, 3
1 13 62: 1790, 18, 3
1 14 53: 1838, 4, 2
1 14 55: 1790, 18, 1
1 14 56: 1642, 12, 1
1 14 61: 1632, 12, 3
1 14 62: 1790, 18, 3
1 15 50: 1631, 0, 1
1 15 51: 419, 10, 2
1 15 51: 1631, 0, 0
1 15 52: 1631, 0, 0
1 15 53: 1631, 0, 0
1 15 53: 1838, 5, 0
1 15 54: 419, 10, 0
1 15 54: 1631, 0, 0
1 15 55: 1631, 2, 0
1 15 56: 1642, 12, 1
1 15 57: 1642, 15, 3
1 15 58: 1642, 15, 0
1 15 59: 1642, 15, 3
1 15 60: 1642, 15, 0
1 15 61: 1642, 12, 3
1 15 62: 1790, 18, 3
1 16 40: 1643, 12, 2
1 16 41: 1643, 12, 2
1 16 42: 1643, 12, 2
1 16 43: 1643, 12, 2
1 16 44: 1643, 12, 2
1 16 45: 1643, 12, 2
1 16 46: 1643, 12, 2
1 16 50: 1631, 0, 1
1 16 51: 604, 10, 1
1 16 52: 1102, 10, 2
1 16 55: 604, 10, 2
1 16 55: 1631, 0, 1
1 16 56: 1642, 16, 0
1 16 57: 1642, 16, 3
1 16 58: 1642, 12, 1
1 16 59: 1642, 12, 3
1 16 60: 1642, 16, 0
1 16 61: 1642, 16, 3
1 16 62: 1790, 18, 3
1 17 39: 1940, 0, 1
1 17 40: 1631, 2, 3
1 17 41: 197, 5, 0
1 17 41: 1631, 0, 0
1 17 42: 1631, 0, 0
1 17 43: 197, 5, 0
1 17 43: 1631, 0, 0
1 17 44: 1631, 0, 0
1 17 45: 197, 5, 0
1 17 45: 1631, 0, 0
1 17 46: 1631, 2, 0
1 17 47: 1940, 0, 3
1 17 50: 1631, 0, 1
1 17 50: 1838, 5, 1
1 17 51: 595, 10, 3
1 17 51: 1838, 4, 3
1 17 53: 1102, 10, 1
1 17 55: 1631, 0, 1
1 17 55: 1838, 5, 1
1 17 56: 1838, 4, 3
1 18 39: 1826, 4, 1
1 18 40: 1631, 0, 3
1 18 40: 1826, 5, 3
1 18 46: 1631, 0, 1
1 18 46: 1826, 5, 1
1 18 47: 1826, 4, 3
1 18 50: 1631, 0, 1
1 18 51: 994, 0, 0
1 18 52: 994, 0, 0
1 18 53: 917, 22, 3
1 18 53: 994, 0, 3
1 18 54: 917, 22, 0
1 18 55: 1631, 0, 1
1 18 55: 1872, 5, 1
1 19 39: 1826, 4, 1
1 19 39: 1940, 0, 1
1 19 40: 1631, 0, 3
1 19 40: 1826, 5, 3
1 19 46: 1631, 0, 1
1 19 46: 1826, 5, 1
1 19 47: 1826, 4, 3
1 19 47: 1940, 0, 3
1 19 50: 1631, 0, 1
1 19 51: 197, 4, 3
1 19 51: 1723, 10, 1
1 19 53: 918, 22, 2
1 19 53: 994, 0, 3
1 19 54: 918, 22, 0
1 19 55: 197, 5, 1
1 19 55: 1154, 10, 0
1 19 55: 1631, 0, 1
1 20 40: 1631, 0, 3
1 20 46: 1631, 0, 1
1 20 50: 1631, 0, 1
1 20 50: 1838, 5, 1
1 20 51: 1838, 4, 3
1 20 53: 918, 22, 2
1 20 53: 994, 0, 3
1 20 54: 918, 22, 0
1 20 55: 1154, 10, 1
1 20 55: 1631, 0, 1
1 20 55: 1838, 5, 1
1 20 56: 1838, 4, 3
1 21 40: 1631, 0, 3
1 21 46: 1631, 0, 1
1 21 47: 1049, 4, 3
1 21 50: 1631, 0, 1
1 21 51: 197, 4, 3
1 21 53: 917, 22, 2
1 21 54: 917, 22, 1
1 21 55: 197, 5, 1
1 21 55: 1153, 10, 3
1 21 55: 1631, 0, 1
1 22 39: 1826, 4, 1
1 22 39: 1940, 0, 1
1 22 40: 1631, 0, 3
1 22 40: 1826, 5, 3
1 22 46: 1631, 0, 1
1 22 46: 1826, 5, 1
1 22 47: 1826, 4, 3
1 22 47: 1940, 0, 3
1 22 50: 1631, 0, 1
1 22 51: 1631, 0, 2
1 22 51: 1872, 4, 3
1 22 52: 1022, 5, 2
1 22 52: 1631, 0, 2
1 22 53: 1631, 0, 2
1 22 53: 1838, 5, 2
1 22 54: 1023, 5, 2
1 22 54: 1631, 0, 2
1 22 55: 1631, 2, 1
1 22 55: 1872, 5, 1
1 23 39: 1826, 4, 1
1 23 40: 1631, 0, 3
1 23 40: 1826, 5, 3
1 23 46: 1631, 0, 1
1 23 46: 1826, 5, 1
1 23 47: 1826, 4, 3
1 23 53: 1838, 4, 0
1 23 55: 1791, 21, 1
1 23 56: 1791, 18, 2
1 23 57: 1791, 18, 2
1 23 58: 1791, 18, 2
1 23 59: 1791, 18, 2
1 23 60: 1791, 18, 2
1 23 61: 1791, 18, 2
1 23 62: 1791, 21, 2
1 24 39: 1940, 0, 1
1 24 40: 1631, 2, 2
1 24 41: 197, 5, 2
1 24 41: 1631, 0, 2
1 24 42: 1631, 0, 2
1 24 43: 197, 5, 2
1 24 43: 1631, 0, 2
1 24 44: 1631, 0, 2
1 24 45: 197, 5, 2
1 24 45: 1631, 0, 2
1 24 46: 1631, 2, 1
1 24 47: 1940, 0, 3
1 24 55: 1791, 18, 1
1 24 56: 1643, 16, 1
1 24 57: 1643, 12, 2
1 24 58: 1643, 12, 2
1 24 59: 1643, 12, 2
1 24 60: 1643, 12, 2
1 24 61: 1643, 16, 2
1 24 62: 1791, 18, 3
1 25 40: 1643, 12, 0
1 25 41: 1643, 12, 0
1 25 42: 1643, 12, 0
1 25 43: 1643, 12, 0
1 25 44: 1643, 12, 0
1 25 45: 1643, 12, 0
1 25 46: 1643, 12, 0
1 25 55: 1791, 18, 1
1 25 56: 1643, 12, 1
1 25 57: 1643, 17, 1
1 25 58: 1643, 17, 3
1 25 59: 1643, 17, 3
1 25 60: 1643, 17, 3
1 25 61: 1643, 12, 3
1 25 62: 1791, 18, 3
1 26 55: 1791, 18, 1
1 26 56: 1643, 12, 1
1 26 57: 1643, 17, 3
1 26 58: 1643, 17, 1
1 26 59: 1643, 17, 1
1 26 60: 1643, 17, 3
1 26 61: 1643, 12, 3
1 26 62: 1791, 18, 3
1 27 55: 1791, 18, 1
1 27 56: 1633, 12, 1
1 27 57: 1643, 17, 3
1 27 58: 1643, 17, 1
1 27 59: 1643, 17, 1
1 27 60: 1643, 17, 3
1 27 61: 1643, 12, 3
1 27 62: 1791, 18, 3
1 28 55: 1791, 18, 1
1 28 56: 1643, 12, 1
1 28 57: 1643, 17, 3
1 28 58: 1643, 17, 3
1 28 59: 1643, 17, 3
1 28 60: 1643, 17, 3
1 28 61: 1643, 12, 3
1 28 62: 1791, 18, 3
1 29 55: 1791, 18, 1
1 29 56: 1643, 16, 0
1 29 57: 1643, 12, 0
1 29 58: 1643, 12, 0
1 29 59: 1643, 12, 0
1 29 60: 1643, 12, 0
1 29 61: 1643, 16, 3
1 29 62: 1791, 18, 3
1 30 55: 1791, 21, 0
1 30 56: 1791, 18, 0
1 30 57: 1791, 18, 0
1 30 58: 1791, 18, 0
1 30 59: 1791, 18, 0
1 30 60: 1791, 18, 0
1 30 61: 1791, 18, 0
1 30 62: 1791, 21, 3
1 46 34: 1774, 10, 3
1 46 35: 1775, 10, 1
1 46 36: 1774, 10, 1
1 48 0: 1913, 0, 0
1 48 1: 1913, 0, 0
1 48 2: 1913, 0, 0
1 48 3: 1913, 0, 0
1 48 4: 1913, 0, 0
1 48 5: 1913, 0, 0
1 48 6: 1913, 0, 0
1 48 34: 1774, 10, 3
1 48 35: 1775, 10, 1
1 48 36: 1774, 10, 1
1 49 40: 1643, 17, 1
1 49 41: 1643, 17, 1
1 49 42: 1643, 17, 1
1 49 43: 1643, 17, 1
1 49 44: 1643, 17, 1
1 49 45: 1643, 17, 1
1 49 46: 1643, 17, 1
1 50 40: 1643, 17, 1
1 50 41: 1643, 17, 1
1 50 42: 1643, 17, 1
1 50 43: 1643, 17, 1
1 50 44: 1643, 17, 1
1 50 45: 1643, 17, 1
1 50 46: 1643, 17, 1
1 51 0: 1913, 0, 2
1 51 1: 1913, 0, 2
1 51 2: 1913, 0, 2
1 51 3: 1913, 0, 2
1 51 4: 1913, 0, 2
1 51 5: 1913, 0, 2
1 51 6: 1913, 0, 2
1 51 40: 1643, 17, 1
1 51 41: 1643, 17, 1
1 51 42: 1643, 17, 1
1 51 43: 1643, 17, 1
1 51 44: 1643, 17, 1
1 51 45: 1643, 17, 1
1 51 46: 1643, 17, 1
1 52 40: 1643, 17, 1
1 52 41: 1643, 17, 1
1 52 42: 1643, 17, 1
1 52 43: 1643, 17, 1
1 52 44: 1643, 17, 1
1 52 45: 1643, 17, 1
1 52 46: 1643, 17, 1
1 53 40: 1643, 17, 1
1 53 41: 1643, 17, 1
1 53 42: 1643, 17, 1
1 53 43: 1643, 17, 1
1 53 44: 1643, 17, 1
1 53 45: 1643, 17, 1
1 53 46: 1643, 17, 1
1 54 40: 1643, 17, 1
1 54 41: 1643, 17, 1
1 54 42: 1643, 17, 1
1 54 43: 1643, 17, 1
1 54 44: 1643, 17, 1
1 54 45: 1643, 17, 1
1 54 46: 1643, 17, 1
1 55 40: 1643, 17, 1
1 55 41: 1643, 17, 1
1 55 42: 1643, 17, 1
1 55 43: 1643, 17, 1
1 55 44: 1643, 17, 1
1 55 45: 1643, 17, 1
1 55 46: 1643, 17, 1
1 56 40: 1643, 17, 1
1 56 41: 1643, 17, 1
1 56 42: 1643, 17, 1
1 56 43: 1643, 17, 1
1 56 44: 1643, 17, 1
1 56 45: 1643, 17, 1
1 56 46: 1643, 17, 1
1 57 40: 1643, 17, 1
1 57 41: 1643, 17, 1
1 57 42: 1643, 17, 1
1 57 43: 1643, 17, 1
1 57 44: 1643, 17, 1
1 57 45: 1643, 17, 1
1 57 46: 1643, 17, 1
1 58 40: 1643, 17, 1
1 58 41: 1643, 17, 1
1 58 42: 1643, 17, 1
1 58 43: 1643, 17, 1
1 58 44: 1643, 17, 1
1 58 45: 1643, 17, 1
1 58 46: 1643, 17, 1
2 11 57: 1642, 12, 1
2 11 58: 1644, 0, 0
2 11 59: 1644, 0, 0
2 11 60: 1642, 12, 3
2 12 57: 1642, 12, 1
2 12 60: 1642, 12, 3
2 13 57: 1642, 12, 1
2 13 60: 1642, 12, 3
2 14 57: 1642, 12, 1
2 14 58: 1644, 0, 2
2 14 59: 1644, 0, 2
2 14 60: 1642, 12, 3
2 15 50: 1790, 18, 1
2 15 51: 1642, 12, 1
2 15 52: 1642, 17, 0
2 15 53: 1642, 17, 0
2 15 54: 1642, 17, 0
2 15 55: 1642, 12, 3
2 16 39: 1791, 21, 1
2 16 40: 1791, 18, 2
2 16 41: 1791, 18, 2
2 16 42: 1791, 18, 2
2 16 43: 1791, 18, 2
2 16 44: 1791, 18, 2
2 16 45: 1791, 18, 2
2 16 46: 1791, 18, 2
2 16 47: 1791, 21, 2
2 16 50: 1790, 18, 1
2 16 51: 1642, 12, 1
2 16 52: 1642, 17, 0
2 16 53: 1642, 17, 0
2 16 54: 1642, 17, 0
2 16 55: 1642, 12, 3
2 17 39: 1791, 18, 1
2 17 40: 1643, 16, 1
2 17 41: 1643, 12, 2
2 17 42: 1643, 12, 2
2 17 43: 1643, 12, 2
2 17 44: 1643, 12, 2
2 17 45: 1643, 12, 2
2 17 46: 1643, 16, 2
2 17 47: 1791, 18, 3
2 17 50: 1790, 18, 1
2 17 51: 1632, 12, 1
2 17 52: 1642, 17, 0
2 17 53: 1642, 17, 0
2 17 54: 1642, 17, 0
2 17 55: 1642, 12, 3
2 18 39: 1791, 18, 1
2 18 40: 1643, 12, 1
2 18 41: 1643, 17, 1
2 18 42: 1643, 17, 1
2 18 43: 1643, 17, 1
2 18 44: 1643, 17, 1
2 18 45: 1643, 17, 1
2 18 46: 1643, 12, 3
2 18 47: 1791, 18, 3
2 18 50: 1790, 18, 1
2 18 51: 1642, 12, 1
2 18 52: 1642, 17, 0
2 18 53: 1642, 17, 0
2 18 54: 1642, 17, 0
2 18 55: 1642, 12, 3
2 19 39: 1791, 18, 1
2 19 40: 1643, 12, 1
2 19 41: 1643, 17, 1
2 19 42: 1643, 17, 1
2 19 43: 1643, 17, 1
2 19 44: 1643, 17, 1
2 19 45: 1643, 17, 1
2 19 46: 1643, 12, 3
2 19 47: 1791, 18, 3
2 19 50: 1790, 18, 1
2 19 51: 1642, 12, 1
2 19 52: 1642, 17, 0
2 19 53: 1642, 17, 0
2 19 54: 1642, 17, 0
2 19 55: 1642, 12, 3
2 20 39: 1791, 18, 1
2 20 40: 1643, 12, 1
2 20 41: 1643, 17, 1
2 20 42: 1643, 17, 1
2 20 43: 1643, 17, 1
2 20 44: 1643, 17, 1
2 20 45: 1643, 17, 1
2 20 46: 1643, 12, 3
2 20 47: 1791, 18, 3
2 20 50: 1790, 18, 1
2 20 51: 1642, 12, 1
2 20 52: 1642, 17, 0
2 20 53: 1642, 17, 0
2 20 54: 1642, 17, 0
2 20 55: 1642, 12, 3
2 21 39: 1791, 18, 1
2 21 40: 1643, 12, 1
2 21 41: 1643, 17, 1
2 21 42: 1643, 17, 1
2 21 43: 1643, 17, 1
2 21 44: 1643, 17, 1
2 21 45: 1643, 17, 1
2 21 46: 1643, 12, 3
2 21 47: 1791, 18, 3
2 21 50: 1790, 18, 1
2 21 51: 1642, 12, 1
2 21 52: 1642, 17, 0
2 21 53: 1642, 17, 0
2 21 54: 1642, 17, 0
2 21 55: 1642, 12, 3
2 22 39: 1791, 18, 1
2 22 40: 1643, 12, 1
2 22 41: 1643, 17, 1
2 22 42: 1643, 17, 1
2 22 43: 1643, 17, 1
2 22 44: 1643, 17, 1
2 22 45: 1643, 17, 1
2 22 46: 1643, 12, 3
2 22 47: 1791, 18, 3
2 22 50: 1790, 18, 1
2 22 51: 1642, 12, 1
2 22 52: 1642, 17, 0
2 22 53: 1642, 17, 0
2 22 54: 1642, 17, 0
2 22 55: 1642, 12, 3
2 23 39: 1791, 18, 1
2 23 40: 1643, 12, 1
2 23 41: 1643, 17, 1
2 23 42: 1643, 17, 1
2 23 43: 1643, 17, 1
2 23 44: 1643, 17, 1
2 23 45: 1643, 17, 1
2 23 46: 1643, 12, 3
2 23 47: 1791, 18, 3
2 24 39: 1791, 18, 1
2 24 40: 1643, 16, 0
2 24 41: 1643, 12, 0
2 24 42: 1643, 12, 0
2 24 43: 1643, 12, 0
2 24 44: 1643, 12, 0
2 24 45: 1643, 12, 0
2 24 46: 1643, 16, 3
2 24 47: 1791, 18, 3
2 25 39: 1791, 21, 0
2 25 40: 1791, 18, 0
2 25 41: 1791, 18, 0
2 25 42: 1791, 18, 0
2 25 43: 1791, 18, 0
2 25 44: 1791, 18, 0
2 25 45: 1791, 18, 0
2 25 46: 1791, 18, 0
2 25 47: 1791, 21, 3
2 45 33: 1984, 3, 1
2 45 34: 1983, 0, 2
2 45 35: 1983, 0, 2
2 45 36: 1983, 0, 2
2 45 37: 1984, 3, 2
2 46 33: 1983, 0, 1
2 46 34: 1602, 3, 3
2 46 36: 1602, 3, 0
2 46 37: 1983, 0, 3
2 47 33: 1983, 0, 1
2 47 37: 1983, 0, 3
2 48 33: 1983, 0, 1
2 48 34: 1602, 3, 2
2 48 36: 1602, 3, 1
2 48 37: 1983, 0, 3
2 49 33: 1984, 3, 0
2 49 34: 1983, 0, 0
2 49 35: 1983, 0, 0
2 49 36: 1983, 0, 0
2 49 37: 1984, 3, 3
3 11 58: 1642, 12, 1
3 11 59: 1642, 12, 3
3 12 58: 1642, 12, 1
3 12 59: 1642, 12, 3
3 13 58: 1642, 12, 1
3 13 59: 1642, 12, 3
3 14 58: 1642, 12, 1
3 14 59: 1642, 12, 3
3 45 33: 1793, 21, 1
3 45 34: 1793, 18, 2
3 45 35: 1793, 18, 2
3 45 36: 1793, 18, 2
3 45 37: 1793, 21, 2
3 46 33: 1793, 18, 1
3 46 34: 1640, 16, 1
3 46 35: 1640, 12, 2
3 46 36: 1640, 16, 2
3 46 37: 1793, 18, 3
3 47 33: 1793, 18, 1
3 47 34: 1640, 12, 1
3 47 35: 1640, 17, 0
3 47 36: 1640, 12, 3
3 47 37: 1793, 18, 3
3 48 33: 1793, 18, 1
3 48 34: 1640, 16, 0
3 48 35: 1640, 12, 0
3 48 36: 1640, 16, 3
3 48 37: 1793, 18, 3
3 49 33: 1793, 21, 0
3 49 34: 1793, 18, 0
3 49 35: 1793, 18, 0
3 49 36: 1793, 18, 0
3 49 37: 1793, 21, 3
