0 0 0: 1434, 10, 2
0 0 1: 1434, 10, 2
0 0 2: 1434, 10, 2
0 0 3: 1434, 10, 2
0 0 4: 1434, 10, 2
0 0 5: 1434, 10, 2
0 0 6: 1434, 10, 2
0 0 7: 1434, 10, 2
0 0 8: 1434, 10, 2
0 0 9: 1434, 10, 2
0 0 10: 1434, 10, 2
0 0 11: 1434, 10, 2
0 0 12: 1434, 10, 2
0 0 13: 1434, 10, 2
0 0 14: 1434, 10, 2
0 0 15: 1434, 10, 2
0 0 16: 1434, 10, 2
0 0 17: 1434, 10, 2
0 0 18: 1434, 10, 2
0 0 19: 1434, 10, 2
0 0 20: 1434, 10, 2
0 0 21: 1434, 10, 2
0 0 22: 1434, 10, 2
0 0 23: 1434, 10, 2
0 0 24: 1434, 10, 2
0 0 25: 1434, 10, 2
0 0 26: 1434, 10, 2
0 0 27: 1434, 10, 2
0 0 28: 1434, 10, 2
0 0 29: 1434, 10, 2
0 0 30: 1434, 10, 2
0 0 31: 1434, 10, 2
0 0 32: 1434, 10, 2
0 0 33: 1434, 10, 2
0 0 34: 1434, 10, 2
0 0 35: 1434, 10, 2
0 0 36: 1434, 10, 2
0 0 37: 1434, 10, 2
0 0 38: 1434, 10, 2
0 0 39: 1434, 10, 2
0 0 40: 1434, 10, 2
0 0 41: 1434, 10, 2
0 0 42: 1434, 10, 2
0 0 43: 1434, 10, 2
0 0 44: 1434, 10, 2
0 0 45: 1434, 10, 2
0 0 46: 1434, 10, 2
0 0 47: 1434, 10, 2
0 0 48: 1434, 10, 2
0 0 49: 1434, 10, 2
0 0 50: 1434, 10, 2
0 0 51: 1434, 10, 2
0 0 52: 1434, 10, 2
0 0 53: 1434, 10, 2
0 0 54: 1434, 10, 2
0 0 55: 1434, 10, 2
0 0 56: 1434, 10, 2
0 0 57: 1434, 10, 2
0 0 58: 1434, 10, 2
0 0 59: 1434, 10, 2
0 0 60: 1434, 10, 2
0 0 61: 1434, 10, 2
0 0 62: 1434, 10, 2
0 0 63: 1434, 10, 2
0 1 0: 1434, 10, 2
0 1 1: 1434, 10, 2
0 1 2: 1434, 10, 2
0 1 3: 1434, 10, 2
0 1 4: 1434, 10, 2
0 1 5: 1434, 10, 2
0 1 6: 1434, 10, 2
0 1 7: 1434, 10, 2
0 1 8: 1434, 10, 2
0 1 9: 1434, 10, 2
0 1 10: 1434, 10, 2
0 1 11: 1434, 10, 2
0 1 12: 1434, 10, 2
0 1 13: 1434, 10, 2
0 1 14: 1434, 10, 2
0 1 15: 1434, 10, 2
0 1 16: 1434, 10, 2
0 1 17: 1434, 10, 2
0 1 18: 1434, 10, 2
0 1 19: 1434, 10, 2
0 1 20: 1434, 10, 2
0 1 21: 1434, 10, 2
0 1 22: 1434, 10, 2
0 1 23: 1434, 10, 2
0 1 24: 1434, 10, 2
0 1 25: 1434, 10, 2
0 1 26: 1434, 10, 2
0 1 27: 1434, 10, 2
0 1 28: 1434, 10, 2
0 1 29: 1434, 10, 2
0 1 30: 1434, 10, 2
0 1 31: 1434, 10, 2
0 1 32: 1434, 10, 2
0 1 33: 1434, 10, 2
0 1 34: 1434, 10, 2
0 1 35: 1434, 10, 2
0 1 36: 1434, 10, 2
0 1 37: 1434, 10, 2
0 1 38: 1434, 10, 2
0 1 39: 1434, 10, 2
0 1 40: 1434, 10, 2
0 1 41: 1434, 10, 2
0 1 42: 1434, 10, 2
0 1 43: 1434, 10, 2
0 1 44: 1434, 10, 2
0 1 45: 1434, 10, 2
0 1 46: 1434, 10, 2
0 1 47: 1434, 10, 2
0 1 48: 1434, 10, 2
0 1 49: 1434, 10, 2
0 1 50: 1434, 10, 2
0 1 51: 1434, 10, 2
0 1 52: 1434, 10, 2
0 1 53: 1434, 10, 2
0 1 54: 1434, 10, 2
0 1 55: 1434, 10, 2
0 1 56: 1434, 10, 2
0 1 57: 1434, 10, 2
0 1 58: 1434, 10, 2
0 1 59: 1434, 10, 2
0 1 60: 1434, 10, 2
0 1 61: 1434, 10, 2
0 1 62: 1434, 10, 2
0 1 63: 1434, 10, 2
0 2 0: 1434, 10, 2
0 2 1: 1434, 10, 2
0 2 2: 1434, 10, 2
0 2 3: 1434, 10, 2
0 2 4: 1434, 10, 2
0 2 5: 1434, 10, 2
0 2 6: 1434, 10, 2
0 2 7: 1434, 10, 2
0 2 8: 1434, 10, 2
0 2 9: 1434, 10, 2
0 2 10: 1434, 10, 2
0 2 11: 1434, 10, 2
0 2 12: 1434, 10, 2
0 2 13: 1434, 10, 2
0 2 14: 1434, 10, 2
0 2 15: 1434, 10, 2
0 2 16: 1434, 10, 2
0 2 17: 1434, 10, 2
0 2 18: 1434, 10, 2
0 2 19: 1434, 10, 2
0 2 20: 1434, 10, 2
0 2 21: 1434, 10, 2
0 2 22: 1434, 10, 2
0 2 23: 1434, 10, 2
0 2 24: 1434, 10, 2
0 2 25: 1434, 10, 2
0 2 26: 1434, 10, 2
0 2 27: 1434, 10, 2
0 2 28: 1434, 10, 2
0 2 29: 1434, 10, 2
0 2 30: 1434, 10, 2
0 2 31: 1434, 10, 2
0 2 32: 1434, 10, 2
0 2 33: 1434, 10, 2
0 2 34: 1434, 10, 2
0 2 35: 1434, 10, 2
0 2 36: 1434, 10, 2
0 2 37: 1434, 10, 2
0 2 38: 1434, 10, 2
0 2 39: 1434, 10, 2
0 2 40: 1434, 10, 2
0 2 41: 1434, 10, 2
0 2 42: 1434, 10, 2
0 2 43: 1434, 10, 2
0 2 44: 1434, 10, 2
0 2 45: 1434, 10, 2
0 2 46: 1434, 10, 2
0 2 47: 1434, 10, 2
0 2 48: 1434, 10, 2
0 2 49: 1434, 10, 2
0 2 50: 1434, 10, 2
0 2 51: 1434, 10, 2
0 2 52: 1434, 10, 2
0 2 53: 1434, 10, 2
0 2 54: 1434, 10, 2
0 2 55: 1434, 10, 2
0 2 56: 1434, 10, 2
0 2 57: 1434, 10, 2
0 2 58: 1434, 10, 2
0 2 59: 1434, 10, 2
0 2 60: 1434, 10, 2
0 2 61: 1434, 10, 2
0 2 62: 1434, 10, 2
0 2 63: 1434, 10, 2
0 3 0: 1434, 10, 2
0 3 1: 1434, 10, 2
0 3 2: 1434, 10, 2
0 3 3: 1434, 10, 2
0 3 4: 1434, 10, 2
0 3 5: 1434, 10, 2
0 3 6: 1434, 10, 2
0 3 7: 1434, 10, 2
0 3 8: 1434, 10, 2
0 3 9: 1434, 10, 2
0 3 10: 1434, 10, 2
0 3 11: 1434, 10, 2
0 3 12: 1434, 10, 2
0 3 13: 1434, 10, 2
0 3 14: 1434, 10, 2
0 3 15: 1434, 10, 2
0 3 16: 1434, 10, 2
0 3 17: 1434, 10, 2
0 3 18: 1434, 10, 2
0 3 19: 1434, 10, 2
0 3 20: 1434, 10, 2
0 3 21: 1434, 10, 2
0 3 22: 1434, 10, 2
0 3 23: 1434, 10, 2
0 3 24: 1434, 10, 2
0 3 25: 1434, 10, 2
0 3 26: 1434, 10, 2
0 3 27: 1434, 10, 2
0 3 28: 1434, 10, 2
0 3 29: 1434, 10, 2
0 3 30: 1434, 10, 2
0 3 31: 1434, 10, 2
0 3 32: 1434, 10, 2
0 3 33: 1434, 10, 2
0 3 34: 1434, 10, 2
0 3 35: 1434, 10, 2
0 3 36: 1434, 10, 2
0 3 37: 1434, 10, 2
0 3 38: 1434, 10, 2
0 3 39: 1434, 10, 2
0 3 40: 1434, 10, 2
0 3 41: 1434, 10, 2
0 3 42: 1434, 10, 2
0 3 43: 1434, 10, 2
0 3 44: 1434, 10, 2
0 3 45: 1434, 10, 2
0 3 46: 1434, 10, 2
0 3 47: 1434, 10, 2
0 3 48: 1434, 10, 2
0 3 49: 1434, 10, 2
0 3 50: 1434, 10, 2
0 3 51: 1434, 10, 2
0 3 52: 1434, 10, 2
0 3 53: 1434, 10, 2
0 3 54: 1434, 10, 2
0 3 55: 1434, 10, 2
0 3 56: 1434, 10, 2
0 3 57: 1434, 10, 2
0 3 58: 1434, 10, 2
0 3 59: 1434, 10, 2
0 3 60: 1434, 10, 2
0 3 61: 1434, 10, 2
0 3 62: 1434, 10, 2
0 3 63: 1434, 10, 2
0 4 0: 1434, 10, 2
0 4 1: 1434, 10, 2
0 4 2: 1434, 10, 2
0 4 3: 1434, 10, 2
0 4 4: 1434, 10, 2
0 4 5: 1434, 10, 2
0 4 6: 1434, 10, 2
0 4 7: 1434, 10, 2
0 4 8: 1434, 10, 2
0 4 9: 1434, 10, 2
0 4 10: 1434, 10, 2
0 4 11: 1434, 10, 2
0 4 12: 1434, 10, 2
0 4 13: 1434, 10, 2
0 4 14: 1434, 10, 2
0 4 15: 1434, 10, 2
0 4 16: 1434, 10, 2
0 4 17: 1434, 10, 2
0 4 18: 1434, 10, 2
0 4 19: 1434, 10, 2
0 4 20: 1434, 10, 2
0 4 21: 1434, 10, 2
0 4 22: 1434, 10, 2
0 4 23: 1434, 10, 2
0 4 24: 1434, 10, 2
0 4 25: 1434, 10, 2
0 4 26: 1434, 10, 2
0 4 27: 1434, 10, 2
0 4 28: 1434, 10, 2
0 4 29: 1434, 10, 2
0 4 30: 1434, 10, 2
0 4 31: 1434, 10, 2
0 4 32: 1434, 10, 2
0 4 33: 1434, 10, 2
0 4 34: 1434, 10, 2
0 4 35: 1434, 10, 2
0 4 36: 1434, 10, 2
0 4 37: 1434, 10, 2
0 4 38: 1434, 10, 2
0 4 39: 1434, 10, 2
0 4 40: 1434, 10, 2
0 4 41: 1434, 10, 2
0 4 42: 1434, 10, 2
0 4 43: 1434, 10, 2
0 4 44: 1434, 10, 2
0 4 45: 1434, 10, 2
0 4 46: 1434, 10, 2
0 4 47: 1434, 10, 2
0 4 48: 1434, 10, 2
0 4 49: 1434, 10, 2
0 4 50: 1434, 10, 2
0 4 51: 1434, 10, 2
0 4 52: 1434, 10, 2
0 4 53: 1434, 10, 2
0 4 54: 1434, 10, 2
0 4 55: 1434, 10, 2
0 4 56: 1434, 10, 2
0 4 57: 1434, 10, 2
0 4 58: 1434, 10, 2
0 4 59: 1434, 10, 2
0 4 60: 1434, 10, 2
0 4 61: 1434, 10, 2
0 4 62: 1434, 10, 2
0 4 63: 1434, 10, 2
0 5 0: 1434, 10, 2
0 5 1: 1434, 10, 2
0 5 2: 1434, 10, 2
0 5 3: 1434, 10, 2
0 5 4: 1434, 10, 2
0 5 5: 1434, 10, 2
0 5 6: 1434, 10, 2
0 5 7: 1434, 10, 2
0 5 8: 1434, 10, 2
0 5 9: 1434, 10, 2
0 5 10: 1434, 10, 2
0 5 11: 1434, 10, 2
0 5 12: 1434, 10, 2
0 5 13: 1434, 10, 2
0 5 14: 1434, 10, 2
0 5 15: 1434, 10, 2
0 5 16: 1434, 10, 2
0 5 17: 1434, 10, 2
0 5 18: 1434, 10, 2
0 5 19: 1434, 10, 2
0 5 20: 1434, 10, 2
0 5 21: 1434, 10, 2
0 5 22: 1434, 10, 2
0 5 23: 1434, 10, 2
0 5 24: 1434, 10, 2
0 5 25: 1434, 10, 2
0 5 26: 1434, 10, 2
0 5 27: 1434, 10, 2
0 5 28: 1434, 10, 2
0 5 29: 1434, 10, 2
0 5 30: 1434, 10, 2
0 5 31: 1434, 10, 2
0 5 32: 1434, 10, 2
0 5 33: 1434, 10, 2
0 5 34: 1434, 10, 2
0 5 35: 1417, 1, 1
0 5 36: 1417, 0, 2
0 5 37: 1417, 0, 2
0 5 38: 1417, 0, 2
0 5 39: 1417, 1, 2
0 5 40: 1434, 10, 2
0 5 41: 1434, 10, 2
0 5 42: 1434, 10, 2
0 5 43: 1434, 10, 2
0 5 44: 1434, 10, 2
0 5 45: 1434, 10, 2
0 5 46: 1434, 10, 2
0 5 47: 1434, 10, 2
0 5 48: 1434, 10, 2
0 5 49: 1434, 10, 2
0 5 50: 1434, 10, 2
0 5 51: 1434, 10, 2
0 5 52: 1434, 10, 2
0 5 53: 1434, 10, 2
0 5 54: 1434, 10, 2
0 5 55: 1434, 10, 2
0 5 56: 1434, 10, 2
0 5 57: 1434, 10, 2
0 5 58: 1434, 10, 2
0 5 59: 1434, 10, 2
0 5 60: 1434, 10, 2
0 5 61: 1434, 10, 2
0 5 62: 1434, 10, 2
0 5 63: 1434, 10, 2
0 6 0: 1434, 10, 2
0 6 1: 1434, 10, 2
0 6 2: 1434, 10, 2
0 6 3: 1434, 10, 2
0 6 4: 1434, 10, 2
0 6 5: 1434, 10, 2
0 6 6: 1434, 10, 2
0 6 7: 1434, 10, 2
0 6 8: 1434, 10, 2
0 6 9: 1434, 10, 2
0 6 10: 1434, 10, 2
0 6 11: 1434, 10, 2
0 6 12: 1434, 10, 2
0 6 13: 1434, 10, 2
0 6 14: 1434, 10, 2
0 6 15: 1434, 10, 2
0 6 16: 1434, 10, 2
0 6 17: 1434, 10, 2
0 6 18: 1434, 10, 2
0 6 19: 1434, 10, 2
0 6 20: 1434, 10, 2
0 6 21: 1434, 10, 2
0 6 22: 1434, 10, 2
0 6 23: 1434, 10, 2
0 6 24: 1434, 10, 2
0 6 25: 1434, 10, 2
0 6 26: 1434, 10, 2
0 6 27: 1434, 10, 2
0 6 28: 1434, 10, 2
0 6 29: 1434, 10, 2
0 6 30: 1434, 10, 2
0 6 31: 1417, 1, 1
0 6 32: 1417, 0, 2
0 6 33: 1417, 0, 2
0 6 34: 1417, 0, 2
0 6 35: 1417, 9, 1
0 6 36: 542, 10, 2
0 6 37: 320, 22, 1
0 6 38: 542, 10, 3
0 6 39: 1417, 9, 2
0 6 40: 1417, 1, 2
0 6 41: 1434, 10, 2
0 6 42: 1434, 10, 2
0 6 43: 1434, 10, 2
0 6 44: 1434, 10, 2
0 6 45: 1434, 10, 2
0 6 46: 1434, 10, 2
0 6 47: 1434, 10, 2
0 6 48: 1434, 10, 2
0 6 49: 1434, 10, 2
0 6 50: 1434, 10, 2
0 6 51: 1434, 10, 2
0 6 52: 1434, 10, 2
0 6 53: 1434, 10, 2
0 6 54: 1434, 10, 2
0 6 55: 1434, 10, 2
0 6 56: 1434, 10, 2
0 6 57: 1434, 10, 2
0 6 58: 1434, 10, 2
0 6 59: 1434, 10, 2
0 6 60: 1434, 10, 2
0 6 61: 1434, 10, 2
0 6 62: 1434, 10, 2
0 6 63: 1434, 10, 2
0 7 0: 1434, 10, 2
0 7 1: 1434, 10, 2
0 7 2: 1434, 10, 2
0 7 3: 1434, 10, 2
0 7 4: 1434, 10, 2
0 7 5: 1434, 10, 2
0 7 6: 1434, 10, 2
0 7 7: 1434, 10, 2
0 7 8: 1434, 10, 2
0 7 9: 1434, 10, 2
0 7 10: 1434, 10, 2
0 7 11: 1434, 10, 2
0 7 12: 1434, 10, 2
0 7 13: 1434, 10, 2
0 7 14: 1434, 10, 2
0 7 15: 1434, 10, 2
0 7 16: 1434, 10, 2
0 7 17: 1434, 10, 2
0 7 18: 1434, 10, 2
0 7 19: 1434, 10, 2
0 7 20: 1434, 10, 2
0 7 21: 1434, 10, 2
0 7 22: 1434, 10, 2
0 7 23: 1434, 10, 2
0 7 24: 1434, 10, 2
0 7 25: 1434, 10, 2
0 7 26: 1434, 10, 2
0 7 27: 1434, 10, 2
0 7 28: 1434, 10, 2
0 7 29: 1434, 10, 2
0 7 30: 1417, 1, 1
0 7 31: 1417, 9, 1
0 7 32: 320, 22, 2
0 7 33: 198, 4, 0
0 7 34: 320, 22, 2
0 7 35: 321, 22, 1
0 7 36: 320, 22, 3
0 7 37: 541, 10, 3
0 7 38: 320, 22, 3
0 7 39: 321, 22, 1
0 7 40: 198, 7, 2
0 7 40: 1417, 9, 2
0 7 41: 1417, 1, 2
0 7 42: 1434, 10, 2
0 7 43: 1434, 10, 2
0 7 44: 1434, 10, 2
0 7 45: 1434, 10, 2
0 7 46: 1434, 10, 2
0 7 47: 1434, 10, 2
0 7 48: 1434, 10, 2
0 7 49: 1434, 10, 2
0 7 50: 1434, 10, 2
0 7 51: 1434, 10, 2
0 7 52: 1434, 10, 2
0 7 53: 1434, 10, 2
0 7 54: 1434, 10, 2
0 7 55: 1434, 10, 2
0 7 56: 1434, 10, 2
0 7 57: 1434, 10, 2
0 7 58: 1434, 10, 2
0 7 59: 1434, 10, 2
0 7 60: 1434, 10, 2
0 7 61: 1434, 10, 2
0 7 62: 1434, 10, 2
0 7 63: 1434, 10, 2
0 8 0: 1434, 10, 2
0 8 1: 1434, 10, 2
0 8 2: 1434, 10, 2
0 8 3: 1434, 10, 2
0 8 4: 1434, 10, 2
0 8 5: 1434, 10, 2
0 8 6: 1434, 10, 2
0 8 7: 1434, 10, 2
0 8 8: 1434, 10, 2
0 8 9: 1434, 10, 2
0 8 10: 1434, 10, 2
0 8 11: 1434, 10, 2
0 8 12: 1434, 10, 2
0 8 13: 1434, 10, 2
0 8 14: 1434, 10, 2
0 8 15: 1417, 1, 1
0 8 16: 1417, 0, 2
0 8 17: 1417, 1, 2
0 8 18: 1434, 10, 3
0 8 19: 1434, 10, 2
0 8 20: 1434, 10, 2
0 8 21: 1434, 10, 2
0 8 22: 1434, 10, 2
0 8 23: 1434, 10, 2
0 8 24: 1434, 10, 2
0 8 25: 1434, 10, 2
0 8 26: 1434, 10, 2
0 8 27: 1434, 10, 2
0 8 28: 1434, 10, 2
0 8 29: 1417, 1, 1
0 8 30: 1417, 9, 1
0 8 31: 321, 22, 0
0 8 32: 320, 22, 2
0 8 35: 320, 22, 2
0 8 37: 542, 10, 2
0 8 39: 320, 22, 2
0 8 40: 320, 22, 1
0 8 41: 1417, 9, 2
0 8 42: 1417, 1, 2
0 8 43: 1434, 10, 2
0 8 44: 1434, 10, 2
0 8 45: 1434, 10, 2
0 8 46: 1434, 10, 2
0 8 47: 1434, 10, 2
0 8 48: 1434, 10, 2
0 8 49: 1434, 10, 2
0 8 50: 1434, 10, 2
0 8 51: 1434, 10, 2
0 8 52: 1434, 10, 2
0 8 53: 1434, 10, 2
0 8 54: 1434, 10, 2
0 8 55: 1434, 10, 2
0 8 56: 1434, 10, 2
0 8 57: 1434, 10, 2
0 8 58: 1434, 10, 2
0 8 59: 1434, 10, 2
0 8 60: 1434, 10, 2
0 8 61: 1434, 10, 2
0 8 62: 1434, 10, 2
0 8 63: 1434, 10, 2
0 9 0: 1434, 10, 2
0 9 1: 1434, 10, 2
0 9 2: 1434, 10, 2
0 9 3: 1434, 10, 2
0 9 4: 1434, 10, 2
0 9 5: 1434, 10, 2
0 9 6: 1434, 10, 2
0 9 7: 1434, 10, 2
0 9 8: 1434, 10, 2
0 9 9: 1434, 10, 2
0 9 10: 1417, 1, 1
0 9 11: 1417, 0, 2
0 9 12: 1417, 0, 2
0 9 13: 1417, 0, 2
0 9 14: 1417, 0, 2
0 9 15: 1417, 9, 1
0 9 16: 321, 22, 2
0 9 16: 661, 11, 3
0 9 17: 198, 7, 2
0 9 17: 1417, 9, 2
0 9 18: 1417, 1, 2
0 9 19: 1434, 10, 2
0 9 20: 1434, 10, 2
0 9 21: 1434, 10, 2
0 9 22: 1434, 10, 2
0 9 23: 1434, 10, 2
0 9 24: 1434, 10, 2
0 9 25: 1434, 10, 2
0 9 26: 1434, 10, 2
0 9 27: 1434, 10, 2
0 9 28: 1417, 1, 1
0 9 29: 1417, 9, 1
0 9 30: 320, 22, 1
0 9 31: 320, 22, 3
0 9 31: 465, 10, 0
0 9 32: 320, 22, 0
0 9 40: 320, 22, 0
0 9 41: 321, 22, 2
0 9 41: 1452, 4, 1
0 9 42: 1417, 0, 3
0 9 43: 1434, 10, 2
0 9 44: 1434, 10, 2
0 9 45: 1434, 10, 2
0 9 46: 1434, 10, 2
0 9 47: 1434, 10, 2
0 9 48: 1434, 10, 2
0 9 49: 1434, 10, 2
0 9 50: 1434, 10, 2
0 9 51: 1434, 10, 2
0 9 52: 1434, 10, 2
0 9 53: 1434, 10, 2
0 9 54: 1434, 10, 2
0 9 55: 1434, 10, 2
0 9 56: 1434, 10, 2
0 9 57: 1434, 10, 2
0 9 58: 1434, 10, 2
0 9 59: 1434, 10, 2
0 9 60: 1434, 10, 2
0 9 61: 1434, 10, 2
0 9 62: 1434, 10, 2
0 9 63: 1434, 10, 2
0 10 0: 1434, 10, 2
0 10 1: 1434, 10, 2
0 10 2: 1434, 10, 2
0 10 3: 1434, 10, 2
0 10 4: 1434, 10, 2
0 10 5: 1434, 10, 2
0 10 6: 1434, 10, 2
0 10 7: 1434, 10, 2
0 10 8: 1434, 10, 2
0 10 9: 1417, 1, 1
0 10 10: 1417, 9, 1
0 10 11: 198, 4, 0
0 10 12: 732, 11, 2
0 10 13: 732, 10, 2
0 10 15: 668, 11, 0
0 10 16: 320, 22, 1
0 10 17: 320, 22, 0
0 10 17: 662, 11, 0
0 10 18: 1417, 9, 2
0 10 19: 1417, 0, 2
0 10 20: 1417, 0, 2
0 10 21: 1417, 1, 2
0 10 22: 1434, 10, 2
0 10 23: 1434, 10, 2
0 10 24: 1434, 10, 2
0 10 25: 1434, 10, 2
0 10 26: 1434, 10, 2
0 10 27: 1434, 10, 2
0 10 28: 1417, 0, 1
0 10 29: 321, 22, 3
0 10 30: 320, 22, 1
0 10 35: 543, 10, 1
0 10 39: 465, 11, 1
0 10 41: 320, 22, 2
0 10 42: 1417, 9, 2
0 10 43: 1417, 1, 2
0 10 44: 1434, 10, 2
0 10 45: 1434, 10, 2
0 10 46: 1434, 10, 2
0 10 47: 1434, 10, 2
0 10 48: 1434, 10, 2
0 10 49: 1434, 10, 2
0 10 50: 1434, 10, 2
0 10 51: 1434, 10, 2
0 10 52: 1434, 10, 2
0 10 53: 1434, 10, 2
0 10 54: 1434, 10, 2
0 10 55: 1434, 10, 2
0 10 56: 1434, 10, 2
0 10 57: 1434, 10, 2
0 10 58: 1434, 10, 2
0 10 59: 1434, 10, 2
0 10 60: 1434, 10, 2
0 10 61: 1434, 10, 2
0 10 62: 1434, 10, 2
0 10 63: 1434, 10, 2
0 11 0: 1434, 10, 2
0 11 1: 1434, 10, 2
0 11 2: 1434, 10, 2
0 11 3: 1434, 10, 2
0 11 4: 1434, 10, 2
0 11 5: 1434, 10, 2
0 11 6: 1434, 10, 2
0 11 7: 1434, 10, 2
0 11 8: 1417, 1, 1
0 11 9: 1417, 9, 1
0 11 10: 732, 10, 3
0 11 13: 541, 11, 0
0 11 14: 320, 22, 0
0 11 15: 321, 22, 3
0 11 16: 320, 22, 2
0 11 19: 541, 11, 3
0 11 21: 1417, 9, 2
0 11 22: 1417, 1, 2
0 11 23: 1434, 10, 2
0 11 24: 1434, 10, 2
0 11 25: 1434, 10, 2
0 11 26: 1434, 10, 2
0 11 27: 1434, 10, 2
0 11 28: 1417, 0, 1
0 11 29: 198, 4, 3
0 11 29: 320, 22, 3
0 11 30: 320, 22, 3
0 11 41: 320, 22, 1
0 11 42: 321, 22, 3
0 11 42: 1452, 4, 1
0 11 43: 1417, 0, 3
0 11 44: 1434, 10, 2
0 11 45: 1434, 10, 2
0 11 46: 1434, 10, 2
0 11 47: 1434, 10, 2
0 11 48: 1434, 10, 2
0 11 49: 1434, 10, 2
0 11 50: 1434, 10, 2
0 11 51: 1434, 10, 2
0 11 52: 1434, 10, 2
0 11 53: 1434, 10, 2
0 11 54: 1434, 10, 2
0 11 55: 1434, 10, 2
0 11 56: 1434, 10, 2
0 11 57: 1434, 10, 2
0 11 58: 1434, 10, 2
0 11 59: 1434, 10, 2
0 11 60: 1434, 10, 2
0 11 61: 1434, 10, 2
0 11 62: 1434, 10, 2
0 11 63: 1434, 10, 2
0 12 0: 1434, 10, 2
0 12 1: 1434, 10, 2
0 12 2: 1434, 10, 2
0 12 3: 1434, 10, 2
0 12 4: 1434, 10, 2
0 12 5: 1434, 10, 2
0 12 6: 1434, 10, 2
0 12 7: 1434, 10, 2
0 12 8: 1417, 0, 1
0 12 9: 732, 10, 0
0 12 10: 732, 11, 2
0 12 11: 724, 10, 0
0 12 12: 320, 22, 0
0 12 12: 542, 11, 2
0 12 15: 320, 22, 1
0 12 22: 198, 7, 2
0 12 22: 1417, 9, 2
0 12 23: 1417, 1, 2
0 12 24: 1434, 10, 2
0 12 25: 1434, 10, 2
0 12 26: 1434, 10, 2
0 12 27: 1417, 1, 1
0 12 28: 1417, 9, 1
0 12 30: 542, 10, 0
0 12 32: 320, 22, 2
0 12 33: 320, 22, 3
0 12 41: 543, 10, 2
0 12 42: 320, 22, 0
0 12 42: 1454, 4, 1
0 12 43: 1417, 0, 3
0 12 44: 1434, 10, 2
0 12 45: 1434, 10, 2
0 12 46: 1417, 1, 1
0 12 47: 1417, 0, 2
0 12 48: 1417, 0, 2
0 12 49: 1417, 0, 2
0 12 50: 1417, 1, 2
0 12 51: 1434, 10, 2
0 12 52: 1434, 10, 2
0 12 53: 1434, 10, 2
0 12 54: 1434, 10, 2
0 12 55: 1434, 10, 2
0 12 56: 1434, 10, 2
0 12 57: 1434, 10, 2
0 12 58: 1434, 10, 2
0 12 59: 1434, 10, 2
0 12 60: 1434, 10, 2
0 12 61: 1434, 10, 2
0 12 62: 1434, 10, 2
0 12 63: 1434, 10, 2
0 13 0: 1434, 10, 2
0 13 1: 1434, 10, 2
0 13 2: 1434, 10, 2
0 13 3: 1434, 10, 2
0 13 4: 1434, 10, 2
0 13 5: 1434, 10, 2
0 13 6: 1434, 10, 2
0 13 7: 1434, 10, 2
0 13 8: 1417, 0, 1
0 13 10: 320, 22, 2
0 13 11: 543, 10, 1
0 13 18: 320, 22, 1
0 13 19: 320, 22, 3
0 13 20: 320, 22, 1
0 13 22: 320, 22, 3
0 13 23: 1417, 0, 3
0 13 24: 1434, 10, 2
0 13 25: 1434, 10, 2
0 13 26: 1434, 10, 2
0 13 27: 1417, 0, 1
0 13 28: 542, 10, 1
0 13 30: 541, 10, 2
0 13 31: 320, 22, 2
0 13 32: 319, 22, 3
0 13 32: 542, 10, 0
0 13 33: 320, 22, 0
0 13 37: 320, 22, 1
0 13 37: 543, 10, 0
0 13 38: 320, 22, 0
0 13 42: 724, 10, 0
0 13 43: 198, 7, 2
0 13 43: 321, 22, 1
0 13 43: 1417, 9, 2
0 13 44: 1417, 0, 2
0 13 45: 1417, 0, 2
0 13 46: 1417, 9, 1
0 13 48: 320, 22, 1
0 13 48: 542, 10, 3
0 13 49: 321, 22, 2
0 13 50: 198, 7, 2
0 13 50: 319, 22, 1
0 13 50: 1417, 9, 2
0 13 51: 1417, 0, 2
0 13 52: 1417, 0, 2
0 13 53: 1417, 1, 2
0 13 54: 1434, 10, 2
0 13 55: 1434, 10, 2
0 13 56: 1434, 10, 2
0 13 57: 1434, 10, 2
0 13 58: 1434, 10, 2
0 13 59: 1434, 10, 2
0 13 60: 1434, 10, 2
0 13 61: 1434, 10, 2
0 13 62: 1434, 10, 2
0 13 63: 1434, 10, 2
0 14 0: 1434, 10, 2
0 14 1: 1434, 10, 2
0 14 2: 1434, 10, 2
0 14 3: 1434, 10, 2
0 14 4: 1434, 10, 2
0 14 5: 1434, 10, 2
0 14 6: 1434, 10, 2
0 14 7: 1434, 10, 2
0 14 8: 1417, 0, 1
0 14 10: 319, 22, 3
0 14 10: 658, 11, 3
0 14 11: 320, 22, 0
0 14 12: 2150, 10, 0
0 14 17: 320, 22, 0
0 14 18: 319, 22, 1
0 14 19: 321, 22, 2
0 14 20: 320, 22, 0
0 14 21: 320, 22, 0
0 14 22: 321, 22, 2
0 14 22: 1455, 4, 1
0 14 23: 1417, 0, 3
0 14 24: 1434, 10, 2
0 14 25: 1434, 10, 2
0 14 26: 1434, 10, 2
0 14 27: 1417, 0, 1
0 14 32: 320, 22, 1
0 14 33: 541, 11, 2
0 14 36: 320, 22, 2
0 14 37: 319, 22, 1
0 14 38: 320, 22, 3
0 14 44: 320, 22, 1
0 14 44: 542, 10, 2
0 14 45: 319, 22, 1
0 14 46: 320, 22, 2
0 14 47: 542, 10, 2
0 14 48: 541, 10, 3
0 14 49: 320, 22, 3
0 14 49: 542, 10, 1
0 14 50: 320, 22, 2
0 14 50: 724, 10, 2
0 14 52: 320, 22, 1
0 14 53: 1417, 9, 2
0 14 54: 1417, 1, 2
0 14 55: 1434, 10, 2
0 14 56: 1434, 10, 2
0 14 57: 1434, 10, 2
0 14 58: 1434, 10, 2
0 14 59: 1434, 10, 2
0 14 60: 1434, 10, 2
0 14 61: 1434, 10, 2
0 14 62: 1434, 10, 2
0 14 63: 1434, 10, 2
0 15 0: 1434, 10, 2
0 15 1: 1434, 10, 2
0 15 2: 1434, 10, 2
0 15 3: 1434, 10, 2
0 15 4: 1434, 10, 2
0 15 5: 1434, 10, 2
0 15 6: 1434, 10, 2
0 15 7: 1434, 10, 2
0 15 8: 1417, 0, 1
0 15 9: 198, 4, 3
0 15 10: 320, 22, 1
0 15 11: 658, 11, 0
0 15 18: 320, 22, 3
0 15 19: 320, 22, 2
0 15 22: 320, 22, 2
0 15 22: 724, 10, 3
0 15 23: 320, 22, 1
0 15 23: 1417, 9, 2
0 15 24: 1417, 0, 2
0 15 25: 1417, 0, 2
0 15 26: 1417, 0, 2
0 15 27: 198, 7, 1
0 15 27: 1417, 9, 1
0 15 29: 320, 22, 2
0 15 33: 542, 10, 3
0 15 38: 320, 22, 0
0 15 39: 543, 10, 3
0 15 44: 320, 22, 0
0 15 45: 320, 22, 3
0 15 52: 320, 22, 0
0 15 53: 321, 22, 1
0 15 53: 1452, 4, 1
0 15 54: 1417, 0, 3
0 15 55: 1434, 10, 2
0 15 56: 1434, 10, 2
0 15 57: 1434, 10, 2
0 15 58: 1434, 10, 2
0 15 59: 1434, 10, 2
0 15 60: 1434, 10, 2
0 15 61: 1434, 10, 2
0 15 62: 1434, 10, 2
0 15 63: 1434, 10, 2
0 16 0: 1434, 10, 2
0 16 1: 1434, 10, 2
0 16 2: 1434, 10, 2
0 16 3: 1434, 10, 2
0 16 4: 1434, 10, 2
0 16 5: 1434, 10, 2
0 16 6: 1434, 10, 2
0 16 7: 1434, 10, 2
0 16 8: 1417, 0, 1
0 16 10: 668, 10, 0
0 16 25: 997, 0, 1
0 16 26: 541, 10, 1
0 16 27: 542, 10, 0
0 16 28: 320, 22, 3
0 16 29: 319, 22, 2
0 16 30: 320, 22, 1
0 16 37: 320, 22, 0
0 16 51: 319, 22, 0
0 16 51: 1755, 10, 0
0 16 53: 320, 22, 3
0 16 53: 1453, 4, 1
0 16 54: 1417, 0, 3
0 16 55: 1434, 10, 2
0 16 56: 1434, 10, 2
0 16 57: 1434, 10, 2
0 16 58: 1434, 10, 2
0 16 59: 1434, 10, 2
0 16 60: 1434, 10, 2
0 16 61: 1434, 10, 2
0 16 62: 1434, 10, 2
0 16 63: 1434, 10, 2
0 17 0: 1434, 10, 2
0 17 1: 1434, 10, 2
0 17 2: 1434, 10, 2
0 17 3: 1434, 10, 2
0 17 4: 1434, 10, 2
0 17 5: 1434, 10, 2
0 17 6: 1434, 10, 2
0 17 7: 1434, 10, 2
0 17 8: 1417, 0, 1
0 17 9: 732, 11, 2
0 17 11: 724, 10, 3
0 17 12: 543, 10, 2
0 17 25: 2432, 0, 1
0 17 29: 320, 22, 0
0 17 31: 543, 10, 2
0 17 33: 321, 22, 3
0 17 34: 320, 22, 2
0 17 37: 543, 10, 1
0 17 45: 320, 22, 1
0 17 46: 542, 10, 3
0 17 52: 320, 22, 2
0 17 53: 321, 22, 3
0 17 53: 1453, 4, 1
0 17 54: 1417, 0, 3
0 17 55: 1434, 10, 2
0 17 56: 1434, 10, 2
0 17 57: 1434, 10, 2
0 17 58: 1434, 10, 2
0 17 59: 1434, 10, 2
0 17 60: 1434, 10, 2
0 17 61: 1434, 10, 2
0 17 62: 1434, 10, 2
0 17 63: 1434, 10, 2
0 18 0: 1434, 10, 2
0 18 1: 1434, 10, 2
0 18 2: 1434, 10, 2
0 18 3: 1434, 10, 2
0 18 4: 1434, 10, 2
0 18 5: 1434, 10, 2
0 18 6: 1434, 10, 2
0 18 7: 1434, 10, 2
0 18 8: 1417, 1, 0
0 18 9: 1417, 9, 0
0 18 10: 731, 10, 3
0 18 10: 1454, 4, 2
0 18 11: 320, 22, 0
0 18 11: 732, 10, 0
0 18 11: 1455, 4, 2
0 18 13: 320, 22, 3
0 18 13: 541, 11, 3
0 18 16: 320, 22, 0
0 18 17: 320, 22, 3
0 18 20: 320, 22, 3
0 18 22: 543, 10, 0
0 18 23: 320, 22, 0
0 18 24: 320, 22, 3
0 18 25: 1454, 4, 2
0 18 25: 2433, 0, 1
0 18 26: 1452, 4, 2
0 18 27: 1455, 4, 2
0 18 28: 320, 22, 0
0 18 29: 320, 22, 1
0 18 30: 543, 10, 1
0 18 32: 320, 22, 0
0 18 33: 466, 10, 1
0 18 34: 321, 22, 0
0 18 35: 320, 22, 2
0 18 40: 543, 10, 0
0 18 43: 320, 22, 3
0 18 44: 320, 22, 0
0 18 45: 319, 22, 3
0 18 45: 1452, 4, 2
0 18 46: 320, 22, 2
0 18 46: 1453, 4, 2
0 18 47: 1454, 4, 2
0 18 48: 320, 22, 0
0 18 48: 1452, 4, 2
0 18 49: 320, 22, 2
0 18 50: 320, 22, 3
0 18 50: 724, 10, 1
0 18 51: 542, 10, 1
0 18 53: 198, 7, 3
0 18 53: 320, 22, 1
0 18 53: 1417, 9, 3
0 18 54: 1417, 1, 3
0 18 55: 1434, 10, 2
0 18 56: 1434, 10, 2
0 18 57: 1434, 10, 2
0 18 58: 1434, 10, 2
0 18 59: 1434, 10, 2
0 18 60: 1434, 10, 2
0 18 61: 1434, 10, 2
0 18 62: 1434, 10, 2
0 18 63: 1434, 10, 2
0 19 0: 1434, 10, 2
0 19 1: 1434, 10, 2
0 19 2: 1434, 10, 2
0 19 3: 1434, 10, 2
0 19 4: 1434, 10, 2
0 19 5: 1434, 10, 2
0 19 6: 1434, 10, 2
0 19 7: 1434, 10, 2
0 19 8: 1434, 10, 2
0 19 9: 1417, 1, 0
0 19 10: 1417, 0, 0
0 19 11: 1417, 0, 0
0 19 12: 198, 7, 0
0 19 12: 1417, 9, 0
0 19 13: 321, 22, 2
0 19 13: 1454, 4, 2
0 19 14: 320, 22, 2
0 19 14: 1453, 4, 2
0 19 15: 320, 22, 1
0 19 15: 1452, 4, 2
0 19 16: 321, 22, 1
0 19 16: 1455, 4, 2
0 19 17: 320, 22, 2
0 19 19: 320, 22, 2
0 19 19: 542, 10, 0
0 19 20: 321, 22, 0
0 19 21: 320, 22, 0
0 19 21: 724, 10, 2
0 19 22: 320, 22, 3
0 19 22: 1455, 4, 2
0 19 23: 321, 22, 1
0 19 23: 1454, 4, 2
0 19 24: 198, 7, 3
0 19 24: 1417, 9, 3
0 19 25: 1417, 0, 0
0 19 26: 1417, 0, 0
0 19 27: 1417, 0, 0
0 19 28: 1417, 9, 0
0 19 29: 321, 22, 2
0 19 30: 320, 22, 3
0 19 32: 320, 22, 1
0 19 42: 320, 22, 2
0 19 43: 320, 22, 0
0 19 44: 198, 7, 3
0 19 44: 1417, 9, 3
0 19 45: 1417, 0, 0
0 19 46: 1417, 0, 0
0 19 47: 1417, 0, 0
0 19 48: 1417, 0, 0
0 19 49: 320, 22, 1
0 19 49: 1417, 9, 0
0 19 50: 321, 22, 1
0 19 50: 1454, 4, 2
0 19 51: 320, 22, 0
0 19 51: 1453, 4, 2
0 19 52: 1417, 9, 3
0 19 52: 1452, 7, 3
0 19 53: 1417, 1, 3
0 19 54: 1434, 10, 2
0 19 55: 1434, 10, 2
0 19 56: 1434, 10, 2
0 19 57: 1434, 10, 2
0 19 58: 1434, 10, 2
0 19 59: 1434, 10, 2
0 19 60: 1434, 10, 2
0 19 61: 1434, 10, 2
0 19 62: 1434, 10, 2
0 19 63: 1434, 10, 2
0 20 0: 1434, 10, 2
0 20 1: 1434, 10, 2
0 20 2: 1434, 10, 2
0 20 3: 1434, 10, 2
0 20 4: 1434, 10, 2
0 20 5: 1434, 10, 2
0 20 6: 1434, 10, 2
0 20 7: 1434, 10, 2
0 20 8: 1434, 10, 2
0 20 9: 1434, 10, 2
0 20 10: 1434, 10, 2
0 20 11: 1434, 10, 2
0 20 12: 1417, 1, 0
0 20 13: 1417, 0, 0
0 20 14: 1417, 0, 0
0 20 15: 1417, 0, 0
0 20 16: 1417, 0, 0
0 20 17: 198, 7, 0
0 20 17: 1417, 9, 0
0 20 18: 1455, 4, 2
0 20 19: 541, 11, 0
0 20 19: 1452, 4, 2
0 20 20: 320, 22, 2
0 20 20: 1454, 4, 2
0 20 21: 1417, 9, 3
0 20 21: 1452, 7, 3
0 20 22: 1417, 0, 0
0 20 23: 1417, 0, 0
0 20 24: 1417, 1, 3
0 20 25: 1434, 10, 2
0 20 26: 1434, 10, 2
0 20 27: 1434, 10, 2
0 20 28: 1417, 0, 1
0 20 29: 320, 22, 2
0 20 31: 543, 10, 3
0 20 41: 466, 11, 2
0 20 43: 321, 22, 1
0 20 43: 1454, 4, 1
0 20 44: 1417, 0, 3
0 20 45: 1434, 10, 2
0 20 46: 1434, 10, 2
0 20 47: 1434, 10, 2
0 20 48: 1434, 10, 2
0 20 49: 1417, 1, 0
0 20 50: 1417, 0, 0
0 20 51: 1417, 0, 0
0 20 52: 1417, 1, 3
0 20 53: 1434, 10, 2
0 20 54: 1434, 10, 2
0 20 55: 1434, 10, 2
0 20 56: 1434, 10, 2
0 20 57: 1434, 10, 2
0 20 58: 1434, 10, 2
0 20 59: 1434, 10, 2
0 20 60: 1434, 10, 2
0 20 61: 1434, 10, 2
0 20 62: 1434, 10, 2
0 20 63: 1434, 10, 2
0 21 0: 1434, 10, 2
0 21 1: 1434, 10, 2
0 21 2: 1434, 10, 2
0 21 3: 1434, 10, 2
0 21 4: 1434, 10, 2
0 21 5: 1434, 10, 2
0 21 6: 1434, 10, 2
0 21 7: 1434, 10, 2
0 21 8: 1434, 10, 2
0 21 9: 1434, 10, 2
0 21 10: 1434, 10, 2
0 21 11: 1434, 10, 2
0 21 12: 1434, 10, 2
0 21 13: 1434, 10, 2
0 21 14: 1434, 10, 2
0 21 15: 1434, 10, 2
0 21 16: 1434, 10, 2
0 21 17: 1417, 1, 0
0 21 18: 1417, 0, 0
0 21 19: 1417, 0, 0
0 21 20: 1417, 0, 0
0 21 21: 1417, 1, 3
0 21 22: 1434, 10, 2
0 21 23: 1434, 10, 2
0 21 24: 1434, 10, 2
0 21 25: 1434, 10, 2
0 21 26: 1434, 10, 2
0 21 27: 1434, 10, 2
0 21 28: 1417, 0, 1
0 21 36: 320, 22, 0
0 21 36: 543, 10, 3
0 21 40: 320, 22, 0
0 21 43: 320, 22, 3
0 21 43: 1455, 4, 1
0 21 44: 1417, 0, 3
0 21 45: 1434, 10, 2
0 21 46: 1434, 10, 2
0 21 47: 1434, 10, 2
0 21 48: 1434, 10, 2
0 21 49: 1434, 10, 2
0 21 50: 1434, 10, 2
0 21 51: 1434, 10, 2
0 21 52: 1434, 10, 2
0 21 53: 1434, 10, 2
0 21 54: 1434, 10, 2
0 21 55: 1434, 10, 2
0 21 56: 1434, 10, 2
0 21 57: 1434, 10, 2
0 21 58: 1434, 10, 2
0 21 59: 1434, 10, 2
0 21 60: 1434, 10, 2
0 21 61: 1434, 10, 2
0 21 62: 1434, 10, 2
0 21 63: 1434, 10, 2
0 22 0: 1434, 10, 2
0 22 1: 1434, 10, 2
0 22 2: 1434, 10, 2
0 22 3: 1434, 10, 2
0 22 4: 1434, 10, 2
0 22 5: 1434, 10, 2
0 22 6: 1434, 10, 2
0 22 7: 1434, 10, 2
0 22 8: 1434, 10, 2
0 22 9: 1434, 10, 2
0 22 10: 1434, 10, 2
0 22 11: 1434, 10, 2
0 22 12: 1434, 10, 2
0 22 13: 1434, 10, 2
0 22 14: 1434, 10, 2
0 22 15: 1434, 10, 2
0 22 16: 1434, 10, 2
0 22 17: 1434, 10, 2
0 22 18: 1434, 10, 2
0 22 19: 1434, 10, 2
0 22 20: 1434, 10, 2
0 22 21: 1434, 10, 2
0 22 22: 1434, 10, 2
0 22 23: 1434, 10, 2
0 22 24: 1434, 10, 2
0 22 25: 1434, 10, 2
0 22 26: 1434, 10, 2
0 22 27: 1434, 10, 2
0 22 28: 1417, 1, 0
0 22 29: 198, 7, 0
0 22 29: 1417, 9, 0
0 22 31: 542, 10, 2
0 22 35: 320, 22, 1
0 22 36: 321, 22, 0
0 22 37: 320, 22, 0
0 22 40: 319, 22, 0
0 22 41: 320, 22, 2
0 22 43: 1454, 4, 1
0 22 44: 1417, 0, 3
0 22 45: 1434, 10, 2
0 22 46: 1434, 10, 2
0 22 47: 1434, 10, 2
0 22 48: 1434, 10, 2
0 22 49: 1434, 10, 2
0 22 50: 1434, 10, 2
0 22 51: 1434, 10, 2
0 22 52: 1434, 10, 2
0 22 53: 1434, 10, 2
0 22 54: 1434, 10, 2
0 22 55: 1434, 10, 2
0 22 56: 1434, 10, 2
0 22 57: 1434, 10, 2
0 22 58: 1434, 10, 2
0 22 59: 1434, 10, 2
0 22 60: 1434, 10, 2
0 22 61: 1434, 10, 2
0 22 62: 1434, 10, 2
0 22 63: 1434, 10, 2
0 23 0: 1434, 10, 2
0 23 1: 1434, 10, 2
0 23 2: 1434, 10, 2
0 23 3: 1434, 10, 2
0 23 4: 1434, 10, 2
0 23 5: 1434, 10, 2
0 23 6: 1434, 10, 2
0 23 7: 1434, 10, 2
0 23 8: 1434, 10, 2
0 23 9: 1434, 10, 2
0 23 10: 1434, 10, 2
0 23 11: 1434, 10, 2
0 23 12: 1434, 10, 2
0 23 13: 1434, 10, 2
0 23 14: 1434, 10, 2
0 23 15: 1434, 10, 2
0 23 16: 1434, 10, 2
0 23 17: 1434, 10, 2
0 23 18: 1434, 10, 2
0 23 19: 1434, 10, 2
0 23 20: 1434, 10, 2
0 23 21: 1434, 10, 2
0 23 22: 1434, 10, 2
0 23 23: 1434, 10, 2
0 23 24: 1434, 10, 2
0 23 25: 1434, 10, 2
0 23 26: 1434, 10, 2
0 23 27: 1434, 10, 2
0 23 28: 1434, 10, 2
0 23 29: 1417, 0, 1
0 23 30: 542, 10, 3
0 23 31: 541, 10, 3
0 23 36: 320, 22, 2
0 23 42: 320, 22, 1
0 23 42: 542, 10, 0
0 23 43: 1417, 9, 3
0 23 44: 1417, 1, 3
0 23 45: 1434, 10, 2
0 23 46: 1434, 10, 2
0 23 47: 1434, 10, 2
0 23 48: 1434, 10, 2
0 23 49: 1434, 10, 2
0 23 50: 1434, 10, 2
0 23 51: 1434, 10, 2
0 23 52: 1434, 10, 2
0 23 53: 1434, 10, 2
0 23 54: 1434, 10, 2
0 23 55: 1434, 10, 2
0 23 56: 1434, 10, 2
0 23 57: 1434, 10, 2
0 23 58: 1434, 10, 2
0 23 59: 1434, 10, 2
0 23 60: 1434, 10, 2
0 23 61: 1434, 10, 2
0 23 62: 1434, 10, 2
0 23 63: 1434, 10, 2
0 24 0: 1434, 10, 2
0 24 1: 1434, 10, 2
0 24 2: 1434, 10, 2
0 24 3: 1434, 10, 2
0 24 4: 1434, 10, 2
0 24 5: 1434, 10, 2
0 24 6: 1434, 10, 2
0 24 7: 1434, 10, 2
0 24 8: 1434, 10, 2
0 24 9: 1434, 10, 2
0 24 10: 1434, 10, 2
0 24 11: 1434, 10, 2
0 24 12: 1434, 10, 2
0 24 13: 1434, 10, 2
0 24 14: 1434, 10, 2
0 24 15: 1434, 10, 2
0 24 16: 1434, 10, 2
0 24 17: 1434, 10, 2
0 24 18: 1434, 10, 2
0 24 19: 1434, 10, 2
0 24 20: 1434, 10, 2
0 24 21: 1434, 10, 2
0 24 22: 1434, 10, 2
0 24 23: 1434, 10, 2
0 24 24: 1434, 10, 2
0 24 25: 1434, 10, 2
0 24 26: 1434, 10, 2
0 24 27: 1434, 10, 2
0 24 28: 1434, 10, 2
0 24 29: 1417, 1, 0
0 24 30: 1417, 9, 0
0 24 31: 542, 10, 2
0 24 32: 542, 10, 1
0 24 33: 465, 11, 2
0 24 38: 543, 10, 2
0 24 41: 320, 22, 1
0 24 42: 321, 22, 0
0 24 42: 1452, 4, 1
0 24 43: 1417, 0, 3
0 24 44: 1434, 10, 2
0 24 45: 1434, 10, 2
0 24 46: 1434, 10, 2
0 24 47: 1434, 10, 2
0 24 48: 1434, 10, 2
0 24 49: 1434, 10, 2
0 24 50: 1434, 10, 2
0 24 51: 1434, 10, 2
0 24 52: 1434, 10, 2
0 24 53: 1434, 10, 2
0 24 54: 1434, 10, 2
0 24 55: 1434, 10, 2
0 24 56: 1434, 10, 2
0 24 57: 1434, 10, 2
0 24 58: 1434, 10, 2
0 24 59: 1434, 10, 2
0 24 60: 1434, 10, 2
0 24 61: 1434, 10, 2
0 24 62: 1434, 10, 2
0 24 63: 1434, 10, 2
0 25 0: 1434, 10, 2
0 25 1: 1434, 10, 2
0 25 2: 1434, 10, 2
0 25 3: 1434, 10, 2
0 25 4: 1434, 10, 2
0 25 5: 1434, 10, 2
0 25 6: 1434, 10, 2
0 25 7: 1434, 10, 2
0 25 8: 1434, 10, 2
0 25 9: 1434, 10, 2
0 25 10: 1434, 10, 2
0 25 11: 1434, 10, 2
0 25 12: 1434, 10, 2
0 25 13: 1434, 10, 2
0 25 14: 1434, 10, 2
0 25 15: 1434, 10, 2
0 25 16: 1434, 10, 2
0 25 17: 1434, 10, 2
0 25 18: 1434, 10, 2
0 25 19: 1434, 10, 2
0 25 20: 1434, 10, 2
0 25 21: 1434, 10, 2
0 25 22: 1434, 10, 2
0 25 23: 1434, 10, 2
0 25 24: 1434, 10, 2
0 25 25: 1434, 10, 2
0 25 26: 1434, 10, 2
0 25 27: 1434, 10, 2
0 25 28: 1434, 10, 2
0 25 29: 1434, 10, 2
0 25 30: 1417, 1, 0
0 25 31: 1417, 9, 0
0 25 39: 320, 22, 2
0 25 42: 198, 4, 1
0 25 42: 320, 22, 3
0 25 43: 1417, 0, 3
0 25 44: 1434, 10, 2
0 25 45: 1434, 10, 2
0 25 46: 1434, 10, 2
0 25 47: 1434, 10, 2
0 25 48: 1434, 10, 2
0 25 49: 1434, 10, 2
0 25 50: 1434, 10, 2
0 25 51: 1434, 10, 2
0 25 52: 1434, 10, 2
0 25 53: 1434, 10, 2
0 25 54: 1434, 10, 2
0 25 55: 1434, 10, 2
0 25 56: 1434, 10, 2
0 25 57: 1434, 10, 2
0 25 58: 1434, 10, 2
0 25 59: 1434, 10, 2
0 25 60: 1434, 10, 2
0 25 61: 1434, 10, 2
0 25 62: 1434, 10, 2
0 25 63: 1434, 10, 2
0 26 0: 1434, 10, 2
0 26 1: 1434, 10, 2
0 26 2: 1434, 10, 2
0 26 3: 1434, 10, 2
0 26 4: 1434, 10, 2
0 26 5: 1434, 10, 2
0 26 6: 1434, 10, 2
0 26 7: 1434, 10, 2
0 26 8: 1434, 10, 2
0 26 9: 1434, 10, 2
0 26 10: 1434, 10, 2
0 26 11: 1434, 10, 2
0 26 12: 1434, 10, 2
0 26 13: 1434, 10, 2
0 26 14: 1434, 10, 2
0 26 15: 1434, 10, 2
0 26 16: 1434, 10, 2
0 26 17: 1434, 10, 2
0 26 18: 1434, 10, 2
0 26 19: 1434, 10, 2
0 26 20: 1434, 10, 2
0 26 21: 1434, 10, 2
0 26 22: 1434, 10, 2
0 26 23: 1434, 10, 2
0 26 24: 1434, 10, 2
0 26 25: 1434, 10, 2
0 26 26: 1434, 10, 2
0 26 27: 1434, 10, 2
0 26 28: 1434, 10, 2
0 26 29: 1434, 10, 2
0 26 30: 1434, 10, 2
0 26 31: 1417, 1, 0
0 26 32: 1417, 9, 0
0 26 36: 543, 10, 1
0 26 38: 320, 22, 3
0 26 39: 465, 10, 3
0 26 42: 1417, 9, 3
0 26 42: 1453, 7, 3
0 26 43: 1417, 1, 3
0 26 44: 1434, 10, 2
0 26 45: 1434, 10, 2
0 26 46: 1434, 10, 2
0 26 47: 1434, 10, 2
0 26 48: 1434, 10, 2
0 26 49: 1434, 10, 2
0 26 50: 1434, 10, 2
0 26 51: 1434, 10, 2
0 26 52: 1434, 10, 2
0 26 53: 1434, 10, 2
0 26 54: 1434, 10, 2
0 26 55: 1434, 10, 2
0 26 56: 1434, 10, 2
0 26 57: 1434, 10, 2
0 26 58: 1434, 10, 2
0 26 59: 1434, 10, 2
0 26 60: 1434, 10, 2
0 26 61: 1434, 10, 2
0 26 62: 1434, 10, 2
0 26 63: 1434, 10, 2
0 27 0: 1434, 10, 2
0 27 1: 1434, 10, 2
0 27 2: 1434, 10, 2
0 27 3: 1434, 10, 2
0 27 4: 1434, 10, 2
0 27 5: 1434, 10, 2
0 27 6: 1434, 10, 2
0 27 7: 1434, 10, 2
0 27 8: 1434, 10, 2
0 27 9: 1434, 10, 2
0 27 10: 1434, 10, 2
0 27 11: 1434, 10, 2
0 27 12: 1434, 10, 2
0 27 13: 1434, 10, 2
0 27 14: 1434, 10, 2
0 27 15: 1434, 10, 2
0 27 16: 1434, 10, 2
0 27 17: 1434, 10, 2
0 27 18: 1434, 10, 2
0 27 19: 1434, 10, 2
0 27 20: 1434, 10, 2
0 27 21: 1434, 10, 2
0 27 22: 1434, 10, 2
0 27 23: 1434, 10, 2
0 27 24: 1434, 10, 2
0 27 25: 1434, 10, 2
0 27 26: 1434, 10, 2
0 27 27: 1434, 10, 2
0 27 28: 1434, 10, 2
0 27 29: 1434, 10, 2
0 27 30: 1434, 10, 2
0 27 31: 1434, 10, 2
0 27 32: 1417, 1, 0
0 27 33: 198, 7, 0
0 27 33: 1417, 9, 0
0 27 39: 320, 22, 2
0 27 41: 1417, 9, 3
0 27 41: 1454, 7, 3
0 27 42: 1417, 1, 3
0 27 43: 1434, 10, 2
0 27 44: 1434, 10, 2
0 27 45: 1434, 10, 2
0 27 46: 1434, 10, 2
0 27 47: 1434, 10, 2
0 27 48: 1434, 10, 2
0 27 49: 1434, 10, 2
0 27 50: 1434, 10, 2
0 27 51: 1434, 10, 2
0 27 52: 1434, 10, 2
0 27 53: 1434, 10, 2
0 27 54: 1434, 10, 2
0 27 55: 1434, 10, 2
0 27 56: 1434, 10, 2
0 27 57: 1434, 10, 2
0 27 58: 1434, 10, 2
0 27 59: 1434, 10, 2
0 27 60: 1434, 10, 2
0 27 61: 1434, 10, 2
0 27 62: 1434, 10, 2
0 27 63: 1434, 10, 2
0 28 0: 1434, 10, 2
0 28 1: 1434, 10, 2
0 28 2: 1434, 10, 2
0 28 3: 1434, 10, 2
0 28 4: 1434, 10, 2
0 28 5: 1434, 10, 2
0 28 6: 1434, 10, 2
0 28 7: 1434, 10, 2
0 28 8: 1434, 10, 2
0 28 9: 1434, 10, 2
0 28 10: 1434, 10, 2
0 28 11: 1434, 10, 2
0 28 12: 1434, 10, 2
0 28 13: 1434, 10, 2
0 28 14: 1434, 10, 2
0 28 15: 1434, 10, 2
0 28 16: 1434, 10, 2
0 28 17: 1434, 10, 2
0 28 18: 1434, 10, 2
0 28 19: 1434, 10, 2
0 28 20: 1434, 10, 2
0 28 21: 1434, 10, 2
0 28 22: 1434, 10, 2
0 28 23: 1434, 10, 2
0 28 24: 1434, 10, 2
0 28 25: 1434, 10, 2
0 28 26: 1434, 10, 2
0 28 27: 1434, 10, 2
0 28 28: 1434, 10, 2
0 28 29: 1434, 10, 2
0 28 30: 1434, 10, 2
0 28 31: 1434, 10, 2
0 28 32: 1434, 10, 2
0 28 33: 1417, 0, 1
0 28 38: 320, 22, 2
0 28 39: 321, 22, 2
0 28 40: 320, 22, 0
0 28 40: 1417, 9, 3
0 28 40: 1453, 7, 3
0 28 41: 1417, 1, 3
0 28 42: 1434, 10, 2
0 28 43: 1434, 10, 2
0 28 44: 1434, 10, 2
0 28 45: 1434, 10, 2
0 28 46: 1434, 10, 2
0 28 47: 1434, 10, 2
0 28 48: 1434, 10, 2
0 28 49: 1434, 10, 2
0 28 50: 1434, 10, 2
0 28 51: 1434, 10, 2
0 28 52: 1434, 10, 2
0 28 53: 1434, 10, 2
0 28 54: 1434, 10, 2
0 28 55: 1434, 10, 2
0 28 56: 1434, 10, 2
0 28 57: 1434, 10, 2
0 28 58: 1434, 10, 2
0 28 59: 1434, 10, 2
0 28 60: 1434, 10, 2
0 28 61: 1434, 10, 2
0 28 62: 1434, 10, 2
0 28 63: 1434, 10, 2
0 29 0: 1434, 10, 2
0 29 1: 1434, 10, 2
0 29 2: 1434, 10, 2
0 29 3: 1434, 10, 2
0 29 4: 1434, 10, 2
0 29 5: 1434, 10, 2
0 29 6: 1434, 10, 2
0 29 7: 1434, 10, 2
0 29 8: 1434, 10, 2
0 29 9: 1434, 10, 2
0 29 10: 1434, 10, 2
0 29 11: 1434, 10, 2
0 29 12: 1434, 10, 2
0 29 13: 1434, 10, 2
0 29 14: 1434, 10, 2
0 29 15: 1434, 10, 2
0 29 16: 1434, 10, 2
0 29 17: 1434, 10, 2
0 29 18: 1434, 10, 2
0 29 19: 1434, 10, 2
0 29 20: 1434, 10, 2
0 29 21: 1434, 10, 2
0 29 22: 1434, 10, 2
0 29 23: 1434, 10, 2
0 29 24: 1434, 10, 2
0 29 25: 1434, 10, 2
0 29 26: 1434, 10, 2
0 29 27: 1434, 10, 2
0 29 28: 1434, 10, 2
0 29 29: 1434, 10, 2
0 29 30: 1434, 10, 2
0 29 31: 1434, 10, 2
0 29 32: 1434, 10, 2
0 29 33: 1417, 0, 1
0 29 34: 320, 22, 3
0 29 38: 198, 7, 3
0 29 38: 1417, 9, 3
0 29 39: 1417, 0, 0
0 29 40: 1417, 1, 3
0 29 41: 1434, 10, 2
0 29 42: 1434, 10, 2
0 29 43: 1434, 10, 2
0 29 44: 1434, 10, 2
0 29 45: 1434, 10, 2
0 29 46: 1434, 10, 2
0 29 47: 1434, 10, 2
0 29 48: 1434, 10, 2
0 29 49: 1434, 10, 2
0 29 50: 1434, 10, 2
0 29 51: 1434, 10, 2
0 29 52: 1434, 10, 2
0 29 53: 1434, 10, 2
0 29 54: 1434, 10, 2
0 29 55: 1434, 10, 2
0 29 56: 1434, 10, 2
0 29 57: 1434, 10, 2
0 29 58: 1434, 10, 2
0 29 59: 1434, 10, 2
0 29 60: 1434, 10, 2
0 29 61: 1434, 10, 2
0 29 62: 1434, 10, 2
0 29 63: 1434, 10, 2
0 30 0: 1434, 10, 2
0 30 1: 1434, 10, 2
0 30 2: 1434, 10, 2
0 30 3: 1434, 10, 2
0 30 4: 1434, 10, 2
0 30 5: 1434, 10, 2
0 30 6: 1434, 10, 2
0 30 7: 1434, 10, 2
0 30 8: 1434, 10, 2
0 30 9: 1434, 10, 2
0 30 10: 1434, 10, 2
0 30 11: 1434, 10, 2
0 30 12: 1434, 10, 2
0 30 13: 1434, 10, 2
0 30 14: 1434, 10, 2
0 30 15: 1434, 10, 2
0 30 16: 1434, 10, 2
0 30 17: 1434, 10, 2
0 30 18: 1434, 10, 2
0 30 19: 1434, 10, 2
0 30 20: 1434, 10, 2
0 30 21: 1434, 10, 2
0 30 22: 1434, 10, 2
0 30 23: 1434, 10, 2
0 30 24: 1434, 10, 2
0 30 25: 1434, 10, 2
0 30 26: 1434, 10, 2
0 30 27: 1434, 10, 2
0 30 28: 1434, 10, 2
0 30 29: 1434, 10, 2
0 30 30: 1434, 10, 2
0 30 31: 1434, 10, 2
0 30 32: 1417, 1, 1
0 30 33: 1417, 9, 1
0 30 34: 320, 22, 1
0 30 35: 320, 22, 1
0 30 37: 724, 10, 1
0 30 38: 1417, 0, 3
0 30 39: 1434, 10, 2
0 30 40: 1434, 10, 2
0 30 41: 1434, 10, 2
0 30 42: 1434, 10, 2
0 30 43: 1434, 10, 2
0 30 44: 1434, 10, 2
0 30 45: 1434, 10, 2
0 30 46: 1434, 10, 2
0 30 47: 1434, 10, 2
0 30 48: 1434, 10, 2
0 30 49: 1434, 10, 2
0 30 50: 1434, 10, 2
0 30 51: 1434, 10, 2
0 30 52: 1434, 10, 2
0 30 53: 1434, 10, 2
0 30 54: 1434, 10, 2
0 30 55: 1434, 10, 2
0 30 56: 1434, 10, 2
0 30 57: 1434, 10, 2
0 30 58: 1434, 10, 2
0 30 59: 1434, 10, 2
0 30 60: 1434, 10, 2
0 30 61: 1434, 10, 2
0 30 62: 1434, 10, 2
0 30 63: 1434, 10, 2
0 31 0: 1434, 10, 2
0 31 1: 1434, 10, 2
0 31 2: 1434, 10, 2
0 31 3: 1434, 10, 2
0 31 4: 1434, 10, 2
0 31 5: 1434, 10, 2
0 31 6: 1434, 10, 2
0 31 7: 1434, 10, 2
0 31 8: 1434, 10, 2
0 31 9: 1434, 10, 2
0 31 10: 1434, 10, 2
0 31 11: 1434, 10, 2
0 31 12: 1434, 10, 2
0 31 13: 1434, 10, 2
0 31 14: 1434, 10, 2
0 31 15: 1417, 1, 1
0 31 16: 1659, 2, 2
0 31 17: 1658, 0, 2
0 31 18: 1658, 0, 2
0 31 19: 1658, 0, 2
0 31 20: 1658, 0, 2
0 31 21: 1658, 0, 2
0 31 22: 1658, 0, 2
0 31 23: 1658, 0, 2
0 31 24: 1658, 0, 2
0 31 25: 1658, 0, 2
0 31 26: 1658, 0, 2
0 31 27: 1658, 0, 2
0 31 28: 1658, 0, 2
0 31 29: 1658, 0, 2
0 31 30: 1658, 0, 2
0 31 31: 1659, 2, 1
0 31 32: 198, 7, 1
0 31 32: 1417, 9, 1
0 31 34: 543, 10, 2
0 31 35: 320, 22, 2
0 31 37: 1417, 9, 3
0 31 37: 1454, 7, 3
0 31 38: 1417, 1, 3
0 31 39: 1434, 10, 2
0 31 40: 1434, 10, 2
0 31 41: 1434, 10, 2
0 31 42: 1434, 10, 2
0 31 43: 1434, 10, 2
0 31 44: 1434, 10, 2
0 31 45: 1434, 10, 2
0 31 46: 1434, 10, 2
0 31 47: 1434, 10, 2
0 31 48: 1434, 10, 2
0 31 49: 1434, 10, 2
0 31 50: 1434, 10, 2
0 31 51: 1434, 10, 2
0 31 52: 1434, 10, 2
0 31 53: 1434, 10, 2
0 31 54: 1434, 10, 2
0 31 55: 1434, 10, 2
0 31 56: 1434, 10, 2
0 31 57: 1434, 10, 2
0 31 58: 1434, 10, 2
0 31 59: 1434, 10, 2
0 31 60: 1434, 10, 2
0 31 61: 1434, 10, 2
0 31 62: 1434, 10, 2
0 31 63: 1434, 10, 2
0 32 0: 1434, 10, 2
0 32 1: 1434, 10, 2
0 32 2: 1434, 10, 2
0 32 3: 1434, 10, 2
0 32 4: 1434, 10, 2
0 32 5: 1434, 10, 2
0 32 6: 1434, 10, 2
0 32 7: 1434, 10, 2
0 32 8: 1434, 10, 2
0 32 9: 1434, 10, 2
0 32 10: 1434, 10, 2
0 32 11: 1434, 10, 2
0 32 12: 1434, 10, 2
0 32 13: 1434, 10, 2
0 32 14: 1417, 1, 1
0 32 15: 1417, 9, 1
0 32 16: 197, 4, 0
0 32 16: 321, 22, 2
0 32 16: 1631, 3, 0
0 32 17: 320, 22, 0
0 32 19: 197, 4, 0
0 32 19: 1631, 3, 0
0 32 20: 542, 10, 3
0 32 22: 320, 22, 0
0 32 22: 1631, 3, 0
0 32 23: 197, 4, 0
0 32 23: 320, 22, 1
0 32 24: 321, 22, 1
0 32 24: 997, 0, 1
0 32 25: 321, 22, 0
0 32 25: 1631, 3, 0
0 32 26: 320, 22, 2
0 32 27: 197, 4, 0
0 32 28: 320, 22, 1
0 32 28: 1631, 3, 0
0 32 29: 321, 22, 3
0 32 30: 320, 22, 2
0 32 31: 197, 4, 0
0 32 31: 320, 22, 2
0 32 31: 1631, 3, 0
0 32 32: 320, 22, 3
0 32 33: 320, 22, 2
0 32 36: 320, 22, 0
0 32 36: 1453, 4, 1
0 32 37: 1417, 0, 3
0 32 38: 1434, 10, 2
0 32 39: 1434, 10, 2
0 32 40: 1434, 10, 2
0 32 41: 1434, 10, 2
0 32 42: 1434, 10, 2
0 32 43: 1434, 10, 2
0 32 44: 1434, 10, 2
0 32 45: 1434, 10, 2
0 32 46: 1434, 10, 2
0 32 47: 1434, 10, 2
0 32 48: 1434, 10, 2
0 32 49: 1434, 10, 2
0 32 50: 1434, 10, 2
0 32 51: 1434, 10, 2
0 32 52: 1434, 10, 2
0 32 53: 1434, 10, 2
0 32 54: 1434, 10, 2
0 32 55: 1434, 10, 2
0 32 56: 1434, 10, 2
0 32 57: 1434, 10, 2
0 32 58: 1434, 10, 2
0 32 59: 1434, 10, 2
0 32 60: 1434, 10, 2
0 32 61: 1434, 10, 2
0 32 62: 1434, 10, 2
0 32 63: 1434, 10, 2
0 33 0: 1434, 10, 2
0 33 1: 1434, 10, 2
0 33 2: 1434, 10, 2
0 33 3: 1434, 10, 2
0 33 4: 1434, 10, 2
0 33 5: 1434, 10, 2
0 33 6: 1434, 10, 2
0 33 7: 1434, 10, 2
0 33 8: 1434, 10, 2
0 33 9: 1434, 10, 2
0 33 10: 1434, 10, 2
0 33 11: 1434, 10, 2
0 33 12: 1434, 10, 2
0 33 13: 1417, 1, 1
0 33 14: 198, 7, 1
0 33 14: 1417, 9, 1
0 33 15: 320, 22, 2
0 33 16: 320, 22, 3
0 33 24: 320, 22, 0
0 33 24: 1557, 0, 1
0 33 25: 320, 22, 1
0 33 28: 320, 22, 1
0 33 29: 320, 22, 3
0 33 31: 320, 22, 1
0 33 34: 542, 10, 1
0 33 35: 320, 22, 2
0 33 36: 321, 22, 1
0 33 36: 1452, 4, 1
0 33 37: 1417, 0, 3
0 33 38: 1434, 10, 2
0 33 39: 1434, 10, 2
0 33 40: 1434, 10, 2
0 33 41: 1434, 10, 2
0 33 42: 1434, 10, 2
0 33 43: 1434, 10, 2
0 33 44: 1434, 10, 2
0 33 45: 1434, 10, 2
0 33 46: 1434, 10, 2
0 33 47: 1434, 10, 2
0 33 48: 1434, 10, 2
0 33 49: 1434, 10, 2
0 33 50: 1434, 10, 2
0 33 51: 1434, 10, 2
0 33 52: 1434, 10, 2
0 33 53: 1434, 10, 2
0 33 54: 1434, 10, 2
0 33 55: 1434, 10, 2
0 33 56: 1434, 10, 2
0 33 57: 1434, 10, 2
0 33 58: 1434, 10, 2
0 33 59: 1434, 10, 2
0 33 60: 1434, 10, 2
0 33 61: 1434, 10, 2
0 33 62: 1434, 10, 2
0 33 63: 1434, 10, 2
0 34 0: 1434, 10, 2
0 34 1: 1434, 10, 2
0 34 2: 1434, 10, 2
0 34 3: 1434, 10, 2
0 34 4: 1434, 10, 2
0 34 5: 1434, 10, 2
0 34 6: 1434, 10, 2
0 34 7: 1434, 10, 2
0 34 8: 1434, 10, 2
0 34 9: 1434, 10, 2
0 34 10: 1434, 10, 2
0 34 11: 1434, 10, 2
0 34 12: 1417, 1, 1
0 34 13: 1417, 9, 1
0 34 17: 1452, 4, 2
0 34 18: 1455, 4, 2
0 34 19: 1454, 4, 2
0 34 23: 320, 22, 3
0 34 24: 320, 22, 3
0 34 24: 1558, 0, 1
0 34 26: 1454, 4, 2
0 34 27: 1452, 4, 2
0 34 28: 542, 10, 2
0 34 29: 542, 10, 3
0 34 33: 543, 10, 2
0 34 35: 320, 22, 1
0 34 36: 198, 4, 1
0 34 36: 321, 22, 0
0 34 37: 1417, 0, 3
0 34 38: 1434, 10, 2
0 34 39: 1434, 10, 2
0 34 40: 1434, 10, 2
0 34 41: 1434, 10, 2
0 34 42: 1434, 10, 2
0 34 43: 1434, 10, 2
0 34 44: 1434, 10, 2
0 34 45: 1434, 10, 2
0 34 46: 1434, 10, 2
0 34 47: 1434, 10, 2
0 34 48: 1434, 10, 2
0 34 49: 1434, 10, 2
0 34 50: 1434, 10, 2
0 34 51: 1434, 10, 2
0 34 52: 1434, 10, 2
0 34 53: 1434, 10, 2
0 34 54: 1434, 10, 2
0 34 55: 1434, 10, 2
0 34 56: 1434, 10, 2
0 34 57: 1434, 10, 2
0 34 58: 1434, 10, 2
0 34 59: 1434, 10, 2
0 34 60: 1434, 10, 2
0 34 61: 1434, 10, 2
0 34 62: 1434, 10, 2
0 34 63: 1434, 10, 2
0 35 0: 1434, 10, 2
0 35 1: 1434, 10, 2
0 35 2: 1434, 10, 2
0 35 3: 1434, 10, 2
0 35 4: 1434, 10, 2
0 35 5: 1434, 10, 2
0 35 6: 1434, 10, 2
0 35 7: 1434, 10, 2
0 35 8: 1434, 10, 2
0 35 9: 1417, 1, 1
0 35 10: 1417, 0, 2
0 35 11: 1417, 0, 2
0 35 12: 1417, 9, 1
0 35 13: 542, 10, 2
0 35 16: 198, 7, 3
0 35 16: 1417, 9, 3
0 35 17: 1417, 0, 0
0 35 18: 1417, 0, 0
0 35 19: 1417, 0, 0
0 35 20: 908, 7, 0
0 35 20: 1417, 9, 0
0 35 23: 320, 22, 2
0 35 24: 319, 22, 3
0 35 24: 997, 0, 1
0 35 25: 1417, 9, 3
0 35 26: 1417, 0, 0
0 35 27: 1417, 0, 0
0 35 28: 1417, 9, 0
0 35 29: 541, 10, 3
0 35 30: 320, 22, 0
0 35 30: 542, 10, 2
0 35 35: 543, 10, 3
0 35 36: 320, 22, 1
0 35 36: 702, 10, 0
0 35 36: 1454, 4, 1
0 35 37: 1417, 0, 3
0 35 38: 1434, 10, 2
0 35 39: 1434, 10, 2
0 35 40: 1434, 10, 2
0 35 41: 1434, 10, 2
0 35 42: 1434, 10, 2
0 35 43: 1434, 10, 2
0 35 44: 1434, 10, 2
0 35 45: 1434, 10, 2
0 35 46: 1434, 10, 2
0 35 47: 1434, 10, 2
0 35 48: 1434, 10, 2
0 35 49: 1434, 10, 2
0 35 50: 1434, 10, 2
0 35 51: 1434, 10, 2
0 35 52: 1434, 10, 2
0 35 53: 1434, 10, 2
0 35 54: 1434, 10, 2
0 35 55: 1434, 10, 2
0 35 56: 1434, 10, 2
0 35 57: 1434, 10, 2
0 35 58: 1434, 10, 2
0 35 59: 1434, 10, 2
0 35 60: 1434, 10, 2
0 35 61: 1434, 10, 2
0 35 62: 1434, 10, 2
0 35 63: 1434, 10, 2
0 36 0: 1434, 10, 2
0 36 1: 1434, 10, 2
0 36 2: 1434, 10, 2
0 36 3: 1434, 10, 2
0 36 4: 1434, 10, 2
0 36 5: 1417, 1, 1
0 36 6: 1417, 0, 2
0 36 7: 1417, 0, 2
0 36 8: 1417, 0, 2
0 36 9: 198, 7, 1
0 36 9: 1417, 9, 1
0 36 11: 542, 10, 0
0 36 12: 541, 10, 2
0 36 16: 1417, 0, 3
0 36 17: 1434, 10, 1
0 36 18: 1434, 10, 1
0 36 19: 1417, 1, 1
0 36 20: 1417, 9, 1
0 36 23: 320, 22, 1
0 36 24: 1417, 9, 3
0 36 24: 1454, 7, 3
0 36 25: 1417, 1, 3
0 36 26: 1434, 10, 2
0 36 27: 1434, 10, 2
0 36 28: 1417, 1, 0
0 36 29: 1417, 9, 0
0 36 30: 321, 22, 1
0 36 31: 320, 22, 1
0 36 33: 543, 10, 1
0 36 35: 542, 10, 0
0 36 37: 1417, 9, 2
0 36 38: 1417, 0, 2
0 36 39: 1417, 1, 2
0 36 40: 1434, 10, 2
0 36 41: 1434, 10, 2
0 36 42: 1434, 10, 2
0 36 43: 1434, 10, 2
0 36 44: 1434, 10, 2
0 36 45: 1434, 10, 2
0 36 46: 1434, 10, 2
0 36 47: 1434, 10, 2
0 36 48: 1434, 10, 2
0 36 49: 1434, 10, 2
0 36 50: 1434, 10, 2
0 36 51: 1434, 10, 2
0 36 52: 1434, 10, 2
0 36 53: 1434, 10, 2
0 36 54: 1434, 10, 2
0 36 55: 1434, 10, 2
0 36 56: 1434, 10, 2
0 36 57: 1434, 10, 2
0 36 58: 1434, 10, 2
0 36 59: 1434, 10, 2
0 36 60: 1434, 10, 2
0 36 61: 1434, 10, 2
0 36 62: 1434, 10, 2
0 36 63: 1434, 10, 2
0 37 0: 1434, 10, 2
0 37 1: 1434, 10, 2
0 37 2: 1434, 10, 2
0 37 3: 1434, 10, 2
0 37 4: 1417, 1, 1
0 37 5: 1417, 9, 1
0 37 6: 321, 22, 2
0 37 7: 320, 22, 1
0 37 8: 320, 22, 2
0 37 12: 542, 10, 1
0 37 14: 320, 22, 1
0 37 16: 908, 7, 2
0 37 16: 1417, 9, 2
0 37 17: 1417, 0, 2
0 37 18: 1417, 0, 2
0 37 19: 198, 7, 1
0 37 19: 1417, 9, 1
0 37 23: 198, 7, 3
0 37 23: 1417, 9, 3
0 37 24: 1417, 1, 3
0 37 25: 1434, 10, 2
0 37 26: 1434, 10, 2
0 37 27: 1434, 10, 2
0 37 28: 1434, 10, 2
0 37 29: 1417, 1, 0
0 37 30: 198, 7, 0
0 37 30: 1417, 9, 0
0 37 31: 320, 22, 3
0 37 31: 702, 11, 2
0 37 32: 543, 10, 0
0 37 34: 320, 22, 0
0 37 35: 320, 22, 1
0 37 37: 320, 22, 0
0 37 38: 321, 22, 2
0 37 38: 702, 10, 1
0 37 39: 1417, 9, 2
0 37 40: 1417, 1, 2
0 37 41: 1434, 10, 2
0 37 42: 1434, 10, 2
0 37 43: 1434, 10, 2
0 37 44: 1434, 10, 2
0 37 45: 1434, 10, 2
0 37 46: 1434, 10, 2
0 37 47: 1434, 10, 2
0 37 48: 1434, 10, 2
0 37 49: 1434, 10, 2
0 37 50: 1434, 10, 2
0 37 51: 1434, 10, 2
0 37 52: 1434, 10, 2
0 37 53: 1434, 10, 2
0 37 54: 1434, 10, 2
0 37 55: 1434, 10, 2
0 37 56: 1434, 10, 2
0 37 57: 1434, 10, 2
0 37 58: 1434, 10, 2
0 37 59: 1434, 10, 2
0 37 60: 1434, 10, 2
0 37 61: 1434, 10, 2
0 37 62: 1434, 10, 2
0 37 63: 1434, 10, 2
0 38 0: 1434, 10, 2
0 38 1: 1434, 10, 2
0 38 2: 1434, 10, 2
0 38 3: 1417, 1, 1
0 38 4: 1417, 9, 1
0 38 5: 321, 22, 2
0 38 6: 320, 22, 2
0 38 7: 541, 11, 1
0 38 8: 321, 22, 3
0 38 9: 320, 22, 0
0 38 13: 320, 22, 0
0 38 14: 321, 22, 0
0 38 15: 320, 22, 3
0 38 22: 1417, 9, 3
0 38 22: 1452, 7, 3
0 38 23: 1417, 1, 3
0 38 24: 1434, 10, 2
0 38 25: 1434, 10, 2
0 38 26: 1434, 10, 2
0 38 27: 1434, 10, 2
0 38 28: 1434, 10, 2
0 38 29: 1434, 10, 2
0 38 30: 1417, 1, 0
0 38 31: 1417, 9, 0
0 38 32: 321, 22, 0
0 38 34: 320, 22, 3
0 38 35: 319, 22, 0
0 38 36: 543, 10, 1
0 38 38: 320, 22, 3
0 38 39: 321, 22, 3
0 38 39: 700, 10, 1
0 38 39: 1453, 4, 1
0 38 40: 1417, 0, 3
0 38 41: 1434, 10, 2
0 38 42: 1434, 10, 2
0 38 43: 1434, 10, 2
0 38 44: 1434, 10, 2
0 38 45: 1434, 10, 2
0 38 46: 1434, 10, 2
0 38 47: 1434, 10, 2
0 38 48: 1434, 10, 2
0 38 49: 1434, 10, 2
0 38 50: 1434, 10, 2
0 38 51: 1434, 10, 2
0 38 52: 1434, 10, 2
0 38 53: 1434, 10, 2
0 38 54: 1434, 10, 2
0 38 55: 1434, 10, 2
0 38 56: 1434, 10, 2
0 38 57: 1434, 10, 2
0 38 58: 1434, 10, 2
0 38 59: 1434, 10, 2
0 38 60: 1434, 10, 2
0 38 61: 1434, 10, 2
0 38 62: 1434, 10, 2
0 38 63: 1434, 10, 2
0 39 0: 1434, 10, 2
0 39 1: 1434, 10, 2
0 39 2: 1434, 10, 2
0 39 3: 1417, 0, 1
0 39 4: 198, 4, 3
0 39 4: 320, 22, 2
0 39 8: 320, 22, 3
0 39 10: 466, 10, 2
0 39 13: 543, 10, 3
0 39 14: 320, 22, 3
0 39 15: 320, 22, 2
0 39 17: 320, 22, 1
0 39 17: 1454, 4, 2
0 39 18: 321, 22, 3
0 39 18: 1452, 4, 2
0 39 19: 320, 22, 2
0 39 19: 1454, 4, 2
0 39 20: 1452, 4, 2
0 39 21: 908, 7, 3
0 39 21: 1417, 9, 3
0 39 22: 1417, 1, 3
0 39 23: 1434, 10, 2
0 39 24: 1434, 10, 2
0 39 25: 1434, 10, 2
0 39 26: 1434, 10, 2
0 39 27: 1434, 10, 2
0 39 28: 1434, 10, 2
0 39 29: 1434, 10, 2
0 39 30: 1434, 10, 2
0 39 31: 1417, 1, 0
0 39 32: 1417, 9, 0
0 39 33: 700, 11, 2
0 39 35: 320, 22, 2
0 39 35: 542, 10, 3
0 39 36: 320, 22, 2
0 39 39: 320, 22, 1
0 39 39: 1452, 4, 1
0 39 40: 1417, 0, 3
0 39 41: 1434, 10, 2
0 39 42: 1434, 10, 2
0 39 43: 1434, 10, 2
0 39 44: 1434, 10, 2
0 39 45: 1434, 10, 2
0 39 46: 1434, 10, 2
0 39 47: 1434, 10, 2
0 39 48: 1434, 10, 2
0 39 49: 1434, 10, 2
0 39 50: 1434, 10, 2
0 39 51: 1434, 10, 2
0 39 52: 1434, 10, 2
0 39 53: 1434, 10, 2
0 39 54: 1434, 10, 2
0 39 55: 1434, 10, 2
0 39 56: 1434, 10, 2
0 39 57: 1434, 10, 2
0 39 58: 1434, 10, 2
0 39 59: 1434, 10, 2
0 39 60: 1434, 10, 2
0 39 61: 1434, 10, 2
0 39 62: 1434, 10, 2
0 39 63: 1434, 10, 2
0 40 0: 1434, 10, 2
0 40 1: 1434, 10, 2
0 40 2: 1417, 1, 1
0 40 3: 1417, 9, 1
0 40 4: 542, 10, 3
0 40 5: 320, 22, 1
0 40 10: 320, 22, 2
0 40 15: 1171, 10, 2
0 40 16: 198, 7, 3
0 40 16: 1417, 9, 3
0 40 17: 1417, 0, 0
0 40 18: 1417, 0, 0
0 40 19: 1417, 0, 0
0 40 20: 1417, 0, 0
0 40 21: 1417, 1, 3
0 40 22: 1434, 10, 0
0 40 23: 1434, 10, 2
0 40 24: 1434, 10, 2
0 40 25: 1434, 10, 2
0 40 26: 1434, 10, 2
0 40 27: 1434, 10, 2
0 40 28: 1434, 10, 2
0 40 29: 1434, 10, 2
0 40 30: 1434, 10, 2
0 40 31: 1434, 10, 2
0 40 32: 1417, 1, 0
0 40 33: 1417, 0, 0
0 40 34: 1417, 0, 0
0 40 35: 1417, 9, 0
0 40 36: 320, 22, 3
0 40 39: 1452, 4, 1
0 40 40: 1417, 0, 3
0 40 41: 1434, 10, 2
0 40 42: 1434, 10, 2
0 40 43: 1434, 10, 2
0 40 44: 1434, 10, 2
0 40 45: 1434, 10, 2
0 40 46: 1434, 10, 2
0 40 47: 1434, 10, 2
0 40 48: 1434, 10, 2
0 40 49: 1434, 10, 2
0 40 50: 1434, 10, 2
0 40 51: 1434, 10, 2
0 40 52: 1434, 10, 2
0 40 53: 1434, 10, 2
0 40 54: 1434, 10, 2
0 40 55: 1434, 10, 2
0 40 56: 1434, 10, 2
0 40 57: 1434, 10, 2
0 40 58: 1434, 10, 2
0 40 59: 1434, 10, 2
0 40 60: 1434, 10, 2
0 40 61: 1434, 10, 2
0 40 62: 1434, 10, 2
0 40 63: 1434, 10, 2
0 41 0: 1434, 10, 2
0 41 1: 1434, 10, 2
0 41 2: 1417, 0, 1
0 41 3: 319, 22, 1
0 41 4: 541, 10, 1
0 41 5: 321, 22, 0
0 41 6: 320, 22, 0
0 41 7: 543, 10, 1
0 41 10: 543, 10, 0
0 41 12: 1171, 10, 0
0 41 14: 541, 11, 2
0 41 15: 908, 4, 1
0 41 16: 1417, 0, 3
0 41 17: 1434, 10, 2
0 41 18: 1434, 10, 2
0 41 19: 1434, 10, 2
0 41 20: 1434, 10, 2
0 41 21: 1434, 10, 2
0 41 22: 1434, 10, 2
0 41 23: 1434, 10, 2
0 41 24: 1434, 10, 2
0 41 25: 1434, 10, 2
0 41 26: 1434, 10, 2
0 41 27: 1434, 10, 2
0 41 28: 1434, 10, 2
0 41 29: 1434, 10, 2
0 41 30: 1434, 10, 2
0 41 31: 1434, 10, 2
0 41 32: 1434, 10, 2
0 41 33: 1434, 10, 2
0 41 34: 1434, 10, 2
0 41 35: 1417, 0, 1
0 41 36: 320, 22, 0
0 41 36: 541, 10, 1
0 41 37: 542, 10, 2
0 41 38: 320, 22, 3
0 41 39: 320, 22, 0
0 41 39: 543, 10, 3
0 41 39: 1454, 4, 1
0 41 40: 1417, 0, 3
0 41 41: 1434, 10, 2
0 41 42: 1434, 10, 2
0 41 43: 1434, 10, 2
0 41 44: 1434, 10, 2
0 41 45: 1434, 10, 2
0 41 46: 1434, 10, 2
0 41 47: 1434, 10, 2
0 41 48: 1434, 10, 2
0 41 49: 1434, 10, 2
0 41 50: 1434, 10, 2
0 41 51: 1434, 10, 2
0 41 52: 1434, 10, 2
0 41 53: 1434, 10, 2
0 41 54: 1434, 10, 2
0 41 55: 1434, 10, 2
0 41 56: 1434, 10, 2
0 41 57: 1434, 10, 2
0 41 58: 1434, 10, 2
0 41 59: 1434, 10, 2
0 41 60: 1434, 10, 2
0 41 61: 1434, 10, 2
0 41 62: 1434, 10, 2
0 41 63: 1434, 10, 2
0 42 0: 1434, 10, 2
0 42 1: 1434, 10, 2
0 42 2: 1417, 0, 1
0 42 3: 542, 10, 2
0 42 4: 542, 10, 0
0 42 5: 320, 22, 3
0 42 11: 543, 10, 1
0 42 15: 1171, 10, 3
0 42 15: 1454, 4, 1
0 42 16: 1417, 0, 3
0 42 17: 1434, 10, 2
0 42 18: 1434, 10, 2
0 42 19: 1434, 10, 2
0 42 20: 1434, 10, 2
0 42 21: 1434, 10, 2
0 42 22: 1434, 10, 2
0 42 23: 1434, 10, 2
0 42 24: 1434, 10, 2
0 42 25: 1434, 10, 2
0 42 26: 1434, 10, 2
0 42 27: 1434, 10, 2
0 42 28: 1434, 10, 2
0 42 29: 1434, 10, 2
0 42 30: 1434, 10, 2
0 42 31: 1434, 10, 2
0 42 32: 1434, 10, 2
0 42 33: 1434, 10, 2
0 42 34: 1434, 10, 2
0 42 35: 1417, 0, 1
0 42 36: 321, 22, 1
0 42 36: 997, 0, 2
0 42 37: 320, 22, 1
0 42 37: 1558, 0, 2
0 42 38: 320, 22, 2
0 42 38: 1557, 0, 2
0 42 39: 321, 22, 2
0 42 39: 997, 0, 2
0 42 40: 997, 0, 2
0 42 40: 1417, 9, 2
0 42 41: 1417, 1, 2
0 42 42: 1434, 10, 2
0 42 43: 1434, 10, 2
0 42 44: 1434, 10, 2
0 42 45: 1434, 10, 2
0 42 46: 1434, 10, 2
0 42 47: 1434, 10, 2
0 42 48: 1434, 10, 2
0 42 49: 1434, 10, 2
0 42 50: 1434, 10, 2
0 42 51: 1434, 10, 2
0 42 52: 1434, 10, 2
0 42 53: 1417, 1, 1
0 42 54: 1417, 0, 2
0 42 55: 1417, 0, 2
0 42 56: 1417, 1, 2
0 42 57: 1434, 10, 2
0 42 58: 1434, 10, 2
0 42 59: 1434, 10, 2
0 42 60: 1434, 10, 2
0 42 61: 1434, 10, 2
0 42 62: 1434, 10, 2
0 42 63: 1434, 10, 2
0 43 0: 1434, 10, 2
0 43 1: 1434, 10, 2
0 43 2: 1417, 0, 1
0 43 3: 541, 10, 0
0 43 14: 1171, 10, 1
0 43 16: 1417, 9, 2
0 43 17: 1417, 1, 2
0 43 18: 1434, 10, 2
0 43 19: 1434, 10, 2
0 43 20: 1434, 10, 2
0 43 21: 1434, 10, 2
0 43 22: 1434, 10, 2
0 43 23: 1434, 10, 2
0 43 24: 1434, 10, 2
0 43 25: 1434, 10, 2
0 43 26: 1434, 10, 2
0 43 27: 1434, 10, 2
0 43 28: 1434, 10, 2
0 43 29: 1417, 1, 1
0 43 30: 1417, 0, 2
0 43 31: 1417, 0, 2
0 43 32: 1477, 10, 2
0 43 33: 1417, 0, 2
0 43 34: 1417, 0, 2
0 43 35: 706, 7, 1
0 43 35: 1417, 9, 1
0 43 36: 724, 10, 1
0 43 38: 320, 22, 2
0 43 39: 320, 22, 1
0 43 39: 724, 10, 2
0 43 40: 321, 22, 2
0 43 40: 706, 4, 1
0 43 41: 1417, 0, 3
0 43 42: 1434, 10, 2
0 43 43: 1434, 10, 2
0 43 44: 1434, 10, 2
0 43 45: 1434, 10, 2
0 43 46: 1434, 10, 2
0 43 47: 1434, 10, 2
0 43 48: 1434, 10, 2
0 43 49: 1434, 10, 2
0 43 50: 1434, 10, 2
0 43 51: 1434, 10, 2
0 43 52: 1417, 1, 1
0 43 53: 1417, 9, 1
0 43 54: 365, 11, 3
0 43 55: 365, 11, 0
0 43 56: 1417, 9, 2
0 43 57: 1417, 1, 2
0 43 58: 1434, 10, 2
0 43 59: 1434, 10, 2
0 43 60: 1434, 10, 2
0 43 61: 1434, 10, 2
0 43 62: 1434, 10, 2
0 43 63: 1434, 10, 2
0 44 0: 1434, 10, 2
0 44 1: 1434, 10, 2
0 44 2: 1417, 0, 1
0 44 3: 320, 22, 1
0 44 3: 542, 10, 1
0 44 4: 320, 22, 2
0 44 5: 320, 22, 1
0 44 6: 543, 10, 2
0 44 8: 465, 10, 0
0 44 12: 542, 10, 2
0 44 16: 1452, 4, 1
0 44 17: 1417, 0, 3
0 44 18: 1434, 10, 2
0 44 19: 1434, 10, 2
0 44 20: 1434, 10, 2
0 44 21: 1434, 10, 2
0 44 22: 1434, 10, 2
0 44 23: 1434, 10, 2
0 44 24: 1434, 10, 2
0 44 25: 1434, 10, 2
0 44 26: 1434, 10, 2
0 44 27: 1434, 10, 2
0 44 28: 1417, 1, 1
0 44 29: 198, 7, 1
0 44 29: 1417, 9, 1
0 44 31: 706, 4, 0
0 44 34: 706, 4, 0
0 44 39: 320, 22, 3
0 44 39: 542, 10, 1
0 44 40: 198, 4, 1
0 44 40: 320, 22, 3
0 44 41: 1417, 0, 3
0 44 42: 1434, 10, 2
0 44 43: 1434, 10, 2
0 44 44: 1434, 10, 2
0 44 45: 1434, 10, 2
0 44 46: 1434, 10, 2
0 44 47: 1434, 10, 2
0 44 48: 1434, 10, 2
0 44 49: 1434, 10, 2
0 44 50: 1434, 10, 2
0 44 51: 1417, 1, 1
0 44 52: 1417, 9, 1
0 44 53: 454, 10, 1
0 44 54: 321, 22, 2
0 44 55: 320, 22, 3
0 44 55: 455, 10, 0
0 44 56: 542, 10, 0
0 44 57: 1417, 9, 2
0 44 58: 1417, 1, 2
0 44 59: 1434, 10, 2
0 44 60: 1434, 10, 2
0 44 61: 1434, 10, 2
0 44 62: 1434, 10, 2
0 44 63: 1434, 10, 2
0 45 0: 1434, 10, 2
0 45 1: 1434, 10, 2
0 45 2: 1417, 0, 1
0 45 3: 198, 4, 3
0 45 4: 320, 22, 2
0 45 5: 321, 22, 3
0 45 6: 320, 22, 0
0 45 12: 320, 22, 1
0 45 12: 541, 10, 3
0 45 16: 1453, 4, 1
0 45 17: 1417, 0, 3
0 45 18: 1434, 10, 2
0 45 19: 1434, 10, 2
0 45 20: 1434, 10, 2
0 45 21: 1434, 10, 2
0 45 22: 1434, 10, 2
0 45 23: 1434, 10, 2
0 45 24: 1434, 10, 2
0 45 25: 1434, 10, 2
0 45 26: 1434, 10, 2
0 45 27: 1417, 1, 1
0 45 28: 1417, 9, 1
0 45 29: 661, 10, 2
0 45 32: 320, 22, 1
0 45 33: 320, 22, 3
0 45 34: 320, 22, 3
0 45 38: 542, 10, 2
0 45 39: 464, 10, 1
0 45 40: 320, 22, 0
0 45 40: 1454, 4, 1
0 45 41: 1417, 0, 3
0 45 42: 1434, 10, 2
0 45 43: 1434, 10, 2
0 45 44: 1434, 10, 2
0 45 45: 1434, 10, 2
0 45 46: 1434, 10, 2
0 45 47: 1434, 10, 2
0 45 48: 1434, 10, 2
0 45 49: 1434, 10, 2
0 45 50: 1417, 1, 1
0 45 51: 198, 7, 1
0 45 51: 1417, 9, 1
0 45 54: 320, 22, 1
0 45 54: 543, 10, 0
0 45 55: 320, 22, 0
0 45 56: 466, 10, 1
0 45 58: 1417, 9, 2
0 45 59: 1417, 0, 2
0 45 60: 1417, 0, 2
0 45 61: 1417, 1, 2
0 45 62: 1434, 10, 2
0 45 63: 1434, 10, 2
0 46 0: 1434, 10, 2
0 46 1: 1434, 10, 2
0 46 2: 1417, 0, 1
0 46 5: 320, 22, 3
0 46 12: 320, 22, 1
0 46 14: 543, 10, 2
0 46 17: 198, 7, 2
0 46 17: 1417, 9, 2
0 46 18: 1417, 1, 2
0 46 19: 1434, 10, 2
0 46 20: 1434, 10, 2
0 46 21: 1434, 10, 2
0 46 22: 1434, 10, 2
0 46 23: 1434, 10, 2
0 46 24: 1434, 10, 2
0 46 25: 1434, 10, 2
0 46 26: 1434, 10, 2
0 46 27: 1417, 0, 1
0 46 32: 542, 10, 2
0 46 33: 321, 22, 1
0 46 33: 466, 10, 3
0 46 34: 320, 22, 0
0 46 35: 320, 22, 3
0 46 39: 320, 22, 2
0 46 41: 1417, 9, 2
0 46 42: 1417, 0, 2
0 46 43: 1417, 0, 2
0 46 44: 1417, 0, 2
0 46 45: 1417, 0, 2
0 46 46: 543, 10, 2
0 46 46: 1417, 0, 2
0 46 47: 1417, 0, 2
0 46 48: 1417, 0, 2
0 46 49: 1417, 0, 2
0 46 50: 1417, 9, 1
0 46 51: 320, 22, 2
0 46 52: 320, 22, 1
0 46 55: 454, 10, 2
0 46 58: 541, 11, 0
0 46 59: 198, 4, 0
0 46 60: 454, 10, 3
0 46 61: 1417, 9, 2
0 46 62: 1417, 1, 2
0 46 63: 1434, 10, 3
0 47 0: 1434, 10, 2
0 47 1: 1434, 10, 2
0 47 2: 1417, 0, 1
0 47 3: 320, 22, 1
0 47 4: 320, 22, 0
0 47 4: 543, 10, 3
0 47 10: 320, 22, 2
0 47 11: 1171, 10, 0
0 47 14: 542, 10, 2
0 47 16: 542, 10, 1
0 47 17: 2026, 10, 2
0 47 18: 1417, 0, 3
0 47 19: 1434, 10, 2
0 47 20: 1434, 10, 2
0 47 21: 1434, 10, 2
0 47 22: 1434, 10, 2
0 47 23: 1434, 10, 2
0 47 24: 1434, 10, 2
0 47 25: 1434, 10, 2
0 47 26: 1434, 10, 2
0 47 27: 1417, 0, 1
0 47 28: 706, 4, 3
0 47 32: 320, 22, 1
0 47 33: 321, 22, 0
0 47 38: 320, 22, 2
0 47 39: 321, 22, 0
0 47 41: 320, 22, 3
0 47 41: 724, 10, 1
0 47 42: 706, 4, 0
0 47 43: 542, 10, 0
0 47 44: 2320, 10, 2
0 47 45: 198, 4, 0
0 47 46: 2306, 22, 3
0 47 47: 2306, 22, 2
0 47 49: 320, 22, 0
0 47 49: 2320, 10, 2
0 47 50: 321, 22, 1
0 47 50: 724, 10, 0
0 47 51: 320, 22, 3
0 47 60: 724, 10, 1
0 47 62: 1417, 9, 2
0 47 63: 1417, 0, 2
0 48 0: 1434, 10, 2
0 48 1: 1434, 10, 2
0 48 2: 1417, 1, 0
0 48 3: 1417, 9, 0
0 48 4: 321, 22, 0
0 48 5: 320, 22, 3
0 48 10: 320, 22, 1
0 48 15: 541, 10, 0
0 48 17: 2026, 10, 3
0 48 18: 1417, 0, 3
0 48 19: 1434, 10, 2
0 48 20: 1434, 10, 2
0 48 21: 1434, 10, 2
0 48 22: 1434, 10, 2
0 48 23: 1434, 10, 2
0 48 24: 1434, 10, 2
0 48 25: 1434, 10, 2
0 48 26: 1434, 10, 2
0 48 27: 1477, 10, 1
0 48 30: 542, 10, 3
0 48 33: 320, 22, 2
0 48 33: 541, 10, 3
0 48 36: 543, 10, 3
0 48 38: 320, 22, 1
0 48 40: 320, 22, 1
0 48 42: 320, 22, 2
0 48 44: 2320, 10, 0
0 48 45: 2306, 22, 0
0 48 46: 2306, 22, 0
0 48 47: 2306, 22, 1
0 48 48: 2306, 22, 1
0 48 49: 2320, 10, 0
0 48 50: 320, 22, 2
0 48 51: 543, 10, 1
0 48 57: 542, 11, 3
0 48 61: 320, 22, 1
0 48 62: 543, 10, 2
0 49 0: 1434, 10, 2
0 49 1: 1434, 10, 2
0 49 2: 1434, 10, 2
0 49 3: 1417, 1, 0
0 49 4: 1417, 9, 0
0 49 5: 321, 22, 1
0 49 6: 320, 22, 2
0 49 7: 542, 10, 3
0 49 9: 320, 22, 3
0 49 10: 319, 22, 1
0 49 12: 543, 10, 1
0 49 14: 542, 10, 3
0 49 16: 2026, 10, 1
0 49 17: 1417, 9, 3
0 49 17: 1454, 7, 3
0 49 18: 1417, 1, 3
0 49 19: 1434, 10, 2
0 49 20: 1434, 10, 2
0 49 21: 1434, 10, 2
0 49 22: 1434, 10, 2
0 49 23: 1434, 10, 2
0 49 24: 1434, 10, 2
0 49 25: 1434, 10, 2
0 49 26: 1434, 10, 2
0 49 27: 1417, 0, 1
0 49 28: 706, 4, 3
0 49 30: 541, 10, 1
0 49 31: 542, 10, 2
0 49 39: 542, 10, 1
0 49 41: 320, 22, 3
0 49 42: 321, 22, 1
0 49 43: 320, 22, 0
0 49 45: 2306, 22, 3
0 49 46: 2306, 22, 1
0 49 47: 2306, 22, 0
0 49 48: 2306, 22, 2
0 49 52: 320, 22, 3
0 49 53: 542, 10, 1
0 49 59: 320, 22, 3
0 49 60: 320, 22, 2
0 49 60: 543, 10, 2
0 49 61: 321, 22, 1
0 49 62: 320, 22, 0
0 49 62: 1454, 4, 2
0 49 63: 543, 10, 1
0 49 63: 1452, 4, 2
0 50 0: 1434, 10, 2
0 50 1: 1434, 10, 2
0 50 2: 1434, 10, 2
0 50 3: 1434, 10, 2
0 50 4: 1417, 1, 0
0 50 5: 198, 7, 0
0 50 5: 1417, 9, 0
0 50 7: 541, 10, 0
0 50 8: 542, 10, 2
0 50 10: 320, 22, 2
0 50 11: 542, 10, 0
0 50 14: 543, 10, 0
0 50 16: 1454, 4, 1
0 50 17: 1417, 0, 3
0 50 18: 1434, 10, 2
0 50 19: 1434, 10, 2
0 50 20: 1434, 10, 2
0 50 21: 1434, 10, 2
0 50 22: 1434, 10, 2
0 50 23: 1434, 10, 2
0 50 24: 1434, 10, 2
0 50 25: 1434, 10, 2
0 50 26: 1434, 10, 2
0 50 27: 1417, 0, 1
0 50 29: 542, 10, 1
0 50 33: 320, 22, 1
0 50 38: 542, 10, 0
0 50 39: 541, 10, 3
0 50 40: 542, 10, 2
0 50 40: 706, 4, 2
0 50 41: 198, 4, 2
0 50 41: 724, 10, 3
0 50 42: 320, 22, 3
0 50 42: 543, 10, 3
0 50 42: 1452, 4, 2
0 50 43: 1454, 4, 2
0 50 44: 1452, 4, 2
0 50 46: 1452, 4, 2
0 50 46: 2306, 22, 2
0 50 47: 1453, 4, 2
0 50 47: 2306, 22, 3
0 50 49: 198, 4, 2
0 50 50: 724, 10, 3
0 50 50: 1453, 4, 2
0 50 51: 320, 22, 0
0 50 52: 319, 22, 0
0 50 54: 541, 10, 1
0 50 55: 542, 10, 2
0 50 58: 320, 22, 2
0 50 58: 454, 10, 0
0 50 59: 321, 22, 0
0 50 59: 1454, 4, 2
0 50 60: 320, 22, 3
0 50 60: 724, 10, 2
0 50 60: 1452, 4, 2
0 50 61: 1417, 9, 3
0 50 61: 1454, 7, 3
0 50 62: 1417, 0, 0
0 50 63: 1417, 0, 0
0 51 0: 1434, 10, 2
0 51 1: 1434, 10, 2
0 51 2: 1434, 10, 2
0 51 3: 1434, 10, 2
0 51 4: 1434, 10, 2
0 51 5: 1417, 1, 0
0 51 6: 1417, 0, 0
0 51 7: 1417, 9, 0
0 51 8: 320, 22, 2
0 51 16: 1452, 4, 1
0 51 17: 1417, 0, 3
0 51 18: 1434, 10, 2
0 51 19: 1434, 10, 2
0 51 20: 1434, 10, 2
0 51 21: 1434, 10, 2
0 51 22: 1434, 10, 2
0 51 23: 1434, 10, 2
0 51 24: 1434, 10, 2
0 51 25: 1434, 10, 2
0 51 26: 1434, 10, 2
0 51 27: 1417, 0, 1
0 51 28: 198, 4, 3
0 51 32: 320, 22, 2
0 51 33: 321, 22, 1
0 51 34: 320, 22, 0
0 51 36: 543, 10, 2
0 51 39: 706, 7, 3
0 51 39: 1417, 9, 3
0 51 40: 1417, 0, 0
0 51 41: 1417, 0, 0
0 51 42: 1417, 0, 0
0 51 43: 1417, 0, 0
0 51 44: 1417, 0, 0
0 51 45: 1417, 0, 0
0 51 46: 1417, 0, 0
0 51 47: 1417, 0, 0
0 51 48: 1417, 0, 0
0 51 49: 1417, 0, 0
0 51 50: 1417, 0, 0
0 51 51: 1417, 9, 0
0 51 52: 320, 22, 2
0 51 53: 320, 22, 2
0 51 56: 543, 10, 3
0 51 58: 1417, 9, 3
0 51 58: 1452, 7, 3
0 51 59: 1417, 0, 0
0 51 60: 1417, 0, 0
0 51 61: 1417, 1, 3
0 51 62: 1434, 10, 2
0 51 63: 1434, 10, 2
0 52 0: 1434, 10, 2
0 52 1: 1434, 10, 2
0 52 2: 1434, 10, 2
0 52 3: 1434, 10, 2
0 52 4: 1434, 10, 2
0 52 5: 1434, 10, 2
0 52 6: 1434, 10, 2
0 52 7: 1659, 2, 0
0 52 8: 197, 4, 3
0 52 8: 321, 22, 2
0 52 9: 320, 22, 3
0 52 10: 320, 22, 1
0 52 16: 198, 7, 3
0 52 16: 1417, 9, 3
0 52 17: 1417, 1, 3
0 52 18: 1434, 10, 2
0 52 19: 1434, 10, 2
0 52 20: 1434, 10, 2
0 52 21: 1434, 10, 2
0 52 22: 1434, 10, 2
0 52 23: 1434, 10, 2
0 52 24: 1434, 10, 2
0 52 25: 1434, 10, 2
0 52 26: 1434, 10, 2
0 52 27: 1417, 0, 1
0 52 32: 321, 22, 2
0 52 33: 320, 22, 3
0 52 33: 465, 10, 0
0 52 35: 320, 22, 1
0 52 36: 320, 22, 0
0 52 38: 1452, 4, 1
0 52 39: 1417, 0, 3
0 52 40: 1434, 10, 2
0 52 41: 1434, 10, 2
0 52 42: 1434, 10, 2
0 52 43: 1434, 10, 2
0 52 44: 1434, 10, 2
0 52 45: 1434, 10, 2
0 52 46: 1434, 10, 2
0 52 47: 1434, 10, 2
0 52 48: 1434, 10, 2
0 52 49: 1434, 10, 2
0 52 50: 1434, 10, 2
0 52 51: 1417, 0, 1
0 52 52: 320, 22, 2
0 52 52: 455, 10, 1
0 52 56: 320, 22, 0
0 52 57: 320, 22, 3
0 52 57: 542, 11, 3
0 52 57: 1452, 4, 1
0 52 58: 1417, 0, 3
0 52 59: 1434, 10, 2
0 52 60: 1434, 10, 2
0 52 61: 1434, 10, 2
0 52 62: 1434, 10, 2
0 52 63: 1434, 10, 2
0 53 0: 1434, 10, 2
0 53 1: 1434, 10, 2
0 53 2: 1434, 10, 2
0 53 3: 1434, 10, 2
0 53 4: 1434, 10, 2
0 53 5: 1434, 10, 2
0 53 6: 1434, 10, 2
0 53 7: 1658, 0, 1
0 53 8: 320, 22, 1
0 53 8: 1631, 3, 2
0 53 9: 320, 22, 3
0 53 10: 321, 22, 1
0 53 11: 320, 22, 2
0 53 12: 542, 10, 1
0 53 13: 541, 10, 0
0 53 15: 1417, 9, 3
0 53 15: 1455, 7, 3
0 53 16: 1417, 1, 3
0 53 17: 1434, 10, 2
0 53 18: 1434, 10, 2
0 53 19: 1434, 10, 2
0 53 20: 1434, 10, 2
0 53 21: 1434, 10, 2
0 53 22: 1434, 10, 2
0 53 23: 1434, 10, 2
0 53 24: 1434, 10, 2
0 53 25: 1434, 10, 2
0 53 26: 1434, 10, 2
0 53 27: 1417, 0, 1
0 53 31: 543, 10, 1
0 53 32: 320, 22, 2
0 53 35: 320, 22, 2
0 53 36: 321, 22, 3
0 53 39: 1477, 10, 3
0 53 40: 1434, 10, 2
0 53 41: 1434, 10, 2
0 53 42: 1434, 10, 2
0 53 43: 1434, 10, 2
0 53 44: 1434, 10, 2
0 53 45: 1434, 10, 2
0 53 46: 1434, 10, 2
0 53 47: 1434, 10, 2
0 53 48: 1434, 10, 2
0 53 49: 1434, 10, 2
0 53 50: 1434, 10, 2
0 53 51: 1417, 0, 1
0 53 52: 321, 22, 3
0 53 53: 320, 22, 1
0 53 55: 320, 22, 1
0 53 55: 454, 10, 1
0 53 56: 321, 22, 0
0 53 57: 1417, 9, 3
0 53 57: 1453, 7, 3
0 53 58: 1417, 1, 3
0 53 59: 1434, 10, 2
0 53 60: 1434, 10, 2
0 53 61: 1434, 10, 2
0 53 62: 1434, 10, 2
0 53 63: 1434, 10, 2
0 54 0: 1434, 10, 2
0 54 1: 1434, 10, 2
0 54 2: 1434, 10, 2
0 54 3: 1434, 10, 2
0 54 4: 1434, 10, 2
0 54 5: 1434, 10, 3
0 54 6: 1658, 1, 1
0 54 7: 1658, 9, 1
0 54 10: 320, 22, 1
0 54 13: 1171, 10, 3
0 54 14: 1452, 4, 1
0 54 15: 1417, 0, 3
0 54 16: 1434, 10, 2
0 54 17: 1434, 10, 2
0 54 18: 1434, 10, 2
0 54 19: 1434, 10, 2
0 54 20: 1434, 10, 2
0 54 21: 1434, 10, 2
0 54 22: 1434, 10, 2
0 54 23: 1434, 10, 2
0 54 24: 1434, 10, 2
0 54 25: 1434, 10, 2
0 54 26: 1434, 10, 2
0 54 27: 1417, 0, 1
0 54 36: 320, 22, 2
0 54 37: 320, 22, 3
0 54 37: 660, 10, 2
0 54 38: 706, 4, 1
0 54 39: 1417, 0, 3
0 54 40: 1434, 10, 2
0 54 41: 1434, 10, 2
0 54 42: 1434, 10, 2
0 54 43: 1434, 10, 2
0 54 44: 1434, 10, 2
0 54 45: 1434, 10, 2
0 54 46: 1434, 10, 2
0 54 47: 1434, 10, 2
0 54 48: 1434, 10, 2
0 54 49: 1434, 10, 2
0 54 50: 1434, 10, 2
0 54 51: 1417, 1, 0
0 54 52: 1417, 9, 0
0 54 53: 320, 22, 0
0 54 53: 1454, 4, 2
0 54 54: 198, 4, 2
0 54 55: 455, 10, 2
0 54 55: 1452, 4, 2
0 54 56: 1417, 9, 3
0 54 56: 1452, 7, 3
0 54 57: 1417, 1, 3
0 54 58: 1434, 10, 2
0 54 59: 1434, 10, 2
0 54 60: 1434, 10, 2
0 54 61: 1434, 10, 2
0 54 62: 1434, 10, 2
0 54 63: 1434, 10, 2
0 55 0: 1434, 10, 2
0 55 1: 1434, 10, 2
0 55 2: 1434, 10, 2
0 55 3: 1434, 10, 2
0 55 4: 1434, 10, 2
0 55 5: 1658, 1, 1
0 55 6: 197, 7, 1
0 55 6: 1658, 9, 1
0 55 7: 375, 11, 0
0 55 14: 1171, 10, 2
0 55 15: 1417, 9, 2
0 55 16: 1417, 0, 2
0 55 17: 1417, 1, 2
0 55 18: 1434, 10, 2
0 55 19: 1434, 10, 2
0 55 20: 1434, 10, 2
0 55 21: 1434, 10, 2
0 55 22: 1434, 10, 2
0 55 23: 1434, 10, 2
0 55 24: 1434, 10, 2
0 55 25: 1434, 10, 2
0 55 26: 1434, 10, 2
0 55 27: 1417, 0, 1
0 55 28: 706, 4, 3
0 55 31: 320, 22, 0
0 55 38: 1417, 9, 3
0 55 38: 1455, 7, 3
0 55 39: 1417, 1, 3
0 55 40: 1434, 10, 2
0 55 41: 1434, 10, 2
0 55 42: 1434, 10, 2
0 55 43: 1434, 10, 2
0 55 44: 1434, 10, 2
0 55 45: 1434, 10, 2
0 55 46: 1434, 10, 2
0 55 47: 1434, 10, 2
0 55 48: 1434, 10, 2
0 55 49: 1434, 10, 2
0 55 50: 1434, 10, 2
0 55 51: 1434, 10, 2
0 55 52: 1417, 1, 0
0 55 53: 1417, 0, 0
0 55 54: 1417, 0, 0
0 55 55: 1417, 0, 0
0 55 56: 1417, 1, 3
0 55 57: 1434, 10, 2
0 55 58: 1434, 10, 2
0 55 59: 1434, 10, 2
0 55 60: 1434, 10, 2
0 55 61: 1434, 10, 2
0 55 62: 1434, 10, 2
0 55 63: 1434, 10, 2
0 56 0: 1434, 10, 2
0 56 1: 1434, 10, 2
0 56 2: 1434, 10, 2
0 56 3: 1434, 10, 2
0 56 4: 1658, 1, 1
0 56 5: 1658, 9, 1
0 56 6: 320, 22, 0
0 56 6: 378, 11, 0
0 56 11: 320, 22, 0
0 56 16: 542, 10, 3
0 56 17: 198, 7, 2
0 56 17: 1417, 9, 2
0 56 18: 1434, 10, 2
0 56 19: 1434, 10, 2
0 56 20: 1434, 10, 2
0 56 21: 1434, 10, 2
0 56 22: 1434, 10, 2
0 56 23: 1434, 10, 2
0 56 24: 1434, 10, 2
0 56 25: 1434, 10, 2
0 56 26: 1434, 10, 2
0 56 27: 1417, 0, 1
0 56 29: 543, 10, 0
0 56 30: 320, 22, 1
0 56 31: 542, 10, 0
0 56 32: 321, 22, 1
0 56 33: 320, 22, 1
0 56 37: 198, 7, 3
0 56 37: 1417, 9, 3
0 56 38: 1417, 1, 3
0 56 39: 1434, 10, 2
0 56 40: 1434, 10, 2
0 56 41: 1434, 10, 2
0 56 42: 1434, 10, 2
0 56 43: 1434, 10, 2
0 56 44: 1434, 10, 2
0 56 45: 1434, 10, 2
0 56 46: 1434, 10, 2
0 56 47: 1434, 10, 2
0 56 48: 1434, 10, 2
0 56 49: 1434, 10, 2
0 56 50: 1434, 10, 2
0 56 51: 1434, 10, 2
0 56 52: 1434, 10, 2
0 56 53: 1434, 10, 2
0 56 54: 1434, 10, 2
0 56 55: 1434, 10, 2
0 56 56: 1434, 10, 2
0 56 57: 1434, 10, 2
0 56 58: 1434, 10, 2
0 56 59: 1434, 10, 2
0 56 60: 1434, 10, 2
0 56 61: 1434, 10, 2
0 56 62: 1434, 10, 2
0 56 63: 1434, 10, 2
0 57 0: 1434, 10, 2
0 57 1: 1434, 10, 2
0 57 2: 1434, 10, 2
0 57 3: 1658, 1, 1
0 57 4: 197, 7, 1
0 57 4: 1658, 9, 1
0 57 5: 321, 22, 2
0 57 5: 375, 11, 0
0 57 6: 320, 22, 1
0 57 7: 542, 11, 3
0 57 10: 320, 22, 2
0 57 11: 319, 22, 3
0 57 12: 320, 22, 0
0 57 12: 541, 11, 2
0 57 15: 542, 10, 2
0 57 16: 541, 10, 0
0 57 18: 1659, 2, 3
0 57 19: 1434, 10, 2
0 57 20: 1434, 10, 2
0 57 21: 1434, 10, 2
0 57 22: 1434, 10, 2
0 57 23: 1434, 10, 2
0 57 24: 1434, 10, 2
0 57 25: 1434, 10, 2
0 57 26: 1417, 1, 1
0 57 27: 706, 7, 1
0 57 27: 1417, 9, 1
0 57 30: 320, 22, 3
0 57 31: 541, 10, 2
0 57 32: 321, 22, 2
0 57 32: 542, 10, 3
0 57 32: 1454, 4, 2
0 57 33: 321, 22, 1
0 57 33: 1452, 4, 2
0 57 34: 320, 22, 0
0 57 34: 706, 4, 2
0 57 35: 662, 10, 3
0 57 35: 706, 4, 2
0 57 36: 706, 7, 3
0 57 36: 1417, 9, 3
0 57 37: 1417, 1, 3
0 57 38: 1434, 10, 2
0 57 39: 1434, 10, 2
0 57 40: 1434, 10, 2
0 57 41: 1434, 10, 2
0 57 42: 1434, 10, 2
0 57 43: 1434, 10, 2
0 57 44: 1434, 10, 2
0 57 45: 1434, 10, 2
0 57 46: 1434, 10, 2
0 57 47: 1434, 10, 2
0 57 48: 1434, 10, 2
0 57 49: 1434, 10, 2
0 57 50: 1434, 10, 2
0 57 51: 1434, 10, 2
0 57 52: 1434, 10, 2
0 57 53: 1434, 10, 2
0 57 54: 1434, 10, 2
0 57 55: 1434, 10, 2
0 57 56: 1434, 10, 2
0 57 57: 1434, 10, 2
0 57 58: 1434, 10, 2
0 57 59: 1434, 10, 2
0 57 60: 1434, 10, 2
0 57 61: 1434, 10, 2
0 57 62: 1434, 10, 2
0 57 63: 1434, 10, 2
0 58 0: 1658, 0, 2
0 58 1: 1658, 0, 2
0 58 2: 1658, 0, 2
0 58 3: 1658, 9, 1
0 58 4: 320, 22, 3
0 58 5: 320, 22, 3
0 58 6: 320, 22, 2
0 58 11: 320, 22, 1
0 58 16: 464, 10, 1
0 58 17: 1631, 3, 1
0 58 18: 1658, 0, 3
0 58 19: 1434, 10, 2
0 58 20: 1434, 10, 2
0 58 21: 1434, 10, 2
0 58 22: 1434, 10, 2
0 58 23: 1434, 10, 2
0 58 24: 1434, 10, 2
0 58 25: 1417, 1, 1
0 58 26: 198, 7, 1
0 58 26: 1417, 9, 1
0 58 31: 198, 7, 3
0 58 31: 1417, 9, 3
0 58 32: 1417, 0, 0
0 58 33: 1417, 0, 0
0 58 34: 1417, 0, 0
0 58 35: 1417, 0, 0
0 58 36: 1417, 1, 3
0 58 37: 1434, 10, 2
0 58 38: 1434, 10, 2
0 58 39: 1434, 10, 2
0 58 40: 1434, 10, 2
0 58 41: 1434, 10, 2
0 58 42: 1434, 10, 2
0 58 43: 1434, 10, 2
0 58 44: 1434, 10, 2
0 58 45: 1434, 10, 2
0 58 46: 1434, 10, 2
0 58 47: 1434, 10, 2
0 58 48: 1434, 10, 2
0 58 49: 1434, 10, 2
0 58 50: 1434, 10, 2
0 58 51: 1434, 10, 2
0 58 52: 1434, 10, 2
0 58 53: 1434, 10, 2
0 58 54: 1434, 10, 2
0 58 55: 1434, 10, 2
0 58 56: 1434, 10, 2
0 58 57: 1434, 10, 2
0 58 58: 1434, 10, 2
0 58 59: 1434, 10, 2
0 58 60: 1434, 10, 2
0 58 61: 1434, 10, 2
0 58 62: 1434, 10, 2
0 58 63: 1434, 10, 2
0 59 0: 197, 4, 0
0 59 1: 320, 22, 2
0 59 2: 197, 4, 0
0 59 2: 1631, 3, 0
0 59 3: 1032, 10, 2
0 59 8: 1032, 11, 3
0 59 12: 320, 22, 2
0 59 17: 320, 22, 1
0 59 18: 1658, 9, 2
0 59 19: 1658, 0, 2
0 59 20: 1658, 0, 2
0 59 21: 1658, 0, 2
0 59 22: 1658, 0, 2
0 59 23: 1658, 0, 2
0 59 24: 1658, 0, 2
0 59 25: 1417, 9, 1
0 59 26: 320, 22, 3
0 59 30: 1417, 9, 3
0 59 30: 1452, 7, 3
0 59 31: 1417, 1, 3
0 59 32: 1434, 10, 2
0 59 33: 1434, 10, 2
0 59 34: 1434, 10, 2
0 59 35: 1434, 10, 2
0 59 36: 1434, 10, 2
0 59 37: 1434, 10, 2
0 59 38: 1434, 10, 2
0 59 39: 1434, 10, 2
0 59 40: 1434, 10, 2
0 59 41: 1434, 10, 2
0 59 42: 1434, 10, 2
0 59 43: 1434, 10, 2
0 59 44: 1434, 10, 2
0 59 45: 1434, 10, 2
0 59 46: 1434, 10, 2
0 59 47: 1434, 10, 2
0 59 48: 1434, 10, 2
0 59 49: 1434, 10, 2
0 59 50: 1434, 10, 2
0 59 51: 1434, 10, 2
0 59 52: 1434, 10, 2
0 59 53: 1434, 10, 2
0 59 54: 1434, 10, 2
0 59 55: 1434, 10, 2
0 59 56: 1434, 10, 2
0 59 57: 1434, 10, 2
0 59 58: 1434, 10, 2
0 59 59: 1434, 10, 2
0 59 60: 1434, 10, 2
0 59 61: 1434, 10, 2
0 59 62: 1434, 10, 2
0 59 63: 1434, 10, 2
0 60 1: 321, 22, 0
0 60 2: 320, 22, 3
0 60 11: 320, 22, 3
0 60 12: 321, 22, 1
0 60 13: 320, 22, 1
0 60 17: 320, 22, 1
0 60 18: 321, 22, 2
0 60 19: 320, 22, 2
0 60 21: 1631, 3, 0
0 60 23: 320, 22, 2
0 60 24: 321, 22, 2
0 60 24: 1631, 3, 0
0 60 25: 320, 22, 0
0 60 29: 1417, 9, 3
0 60 29: 1454, 7, 3
0 60 30: 1417, 1, 3
0 60 31: 1434, 10, 2
0 60 32: 1434, 10, 2
0 60 33: 1434, 10, 2
0 60 34: 1434, 10, 2
0 60 35: 1434, 10, 2
0 60 36: 1434, 10, 2
0 60 37: 1434, 10, 2
0 60 38: 1434, 10, 2
0 60 39: 1434, 10, 2
0 60 40: 1434, 10, 2
0 60 41: 1434, 10, 2
0 60 42: 1434, 10, 2
0 60 43: 1434, 10, 2
0 60 44: 1434, 10, 2
0 60 45: 1434, 10, 2
0 60 46: 1434, 10, 2
0 60 47: 1434, 10, 2
0 60 48: 1434, 10, 2
0 60 49: 1434, 10, 2
0 60 50: 1434, 10, 2
0 60 51: 1434, 10, 2
0 60 52: 1434, 10, 2
0 60 53: 1434, 10, 2
0 60 54: 1434, 10, 2
0 60 55: 1434, 10, 2
0 60 56: 1434, 10, 2
0 60 57: 1434, 10, 2
0 60 58: 1434, 10, 2
0 60 59: 1434, 10, 2
0 60 60: 1434, 10, 2
0 60 61: 1434, 10, 2
0 60 62: 1434, 10, 2
0 60 63: 1434, 10, 2
0 61 0: 197, 4, 2
0 61 2: 197, 4, 2
0 61 2: 1631, 3, 1
0 61 4: 320, 22, 0
0 61 5: 1032, 11, 2
0 61 10: 1032, 10, 0
0 61 11: 320, 22, 1
0 61 12: 320, 22, 0
0 61 14: 543, 11, 3
0 61 18: 320, 22, 0
0 61 24: 320, 22, 1
0 61 26: 320, 22, 3
0 61 27: 320, 22, 0
0 61 28: 1417, 9, 3
0 61 28: 1454, 7, 3
0 61 29: 1417, 1, 3
0 61 30: 1434, 10, 2
0 61 31: 1434, 10, 2
0 61 32: 1434, 10, 2
0 61 33: 1434, 10, 2
0 61 34: 1434, 10, 2
0 61 35: 1434, 10, 2
0 61 36: 1434, 10, 2
0 61 37: 1434, 10, 2
0 61 38: 1434, 10, 2
0 61 39: 1434, 10, 2
0 61 40: 1434, 10, 2
0 61 41: 1434, 10, 2
0 61 42: 1434, 10, 2
0 61 43: 1434, 10, 2
0 61 44: 1434, 10, 2
0 61 45: 1434, 10, 2
0 61 46: 1434, 10, 2
0 61 47: 1434, 10, 2
0 61 48: 1434, 10, 2
0 61 49: 1434, 10, 2
0 61 50: 1434, 10, 2
0 61 51: 1434, 10, 2
0 61 52: 1434, 10, 2
0 61 53: 1434, 10, 2
0 61 54: 1434, 10, 2
0 61 55: 1434, 10, 2
0 61 56: 1434, 10, 2
0 61 57: 1434, 10, 2
0 61 58: 1434, 10, 2
0 61 59: 1434, 10, 2
0 61 60: 1434, 10, 2
0 61 61: 1434, 10, 2
0 61 62: 1434, 10, 2
0 61 63: 1434, 10, 2
0 62 0: 1658, 0, 0
0 62 1: 1658, 0, 0
0 62 2: 1658, 0, 0
0 62 3: 1658, 9, 0
0 62 4: 197, 4, 2
0 62 4: 321, 22, 3
0 62 5: 320, 22, 1
0 62 5: 1631, 3, 1
0 62 7: 378, 10, 3
0 62 8: 197, 4, 2
0 62 8: 375, 10, 3
0 62 8: 1631, 3, 1
0 62 9: 650, 4, 2
0 62 10: 320, 22, 0
0 62 10: 650, 4, 2
0 62 11: 321, 22, 1
0 62 11: 1631, 3, 1
0 62 12: 197, 4, 2
0 62 12: 320, 22, 2
0 62 13: 320, 22, 3
0 62 14: 1631, 3, 1
0 62 16: 197, 4, 2
0 62 16: 320, 22, 1
0 62 17: 1631, 3, 1
0 62 18: 321, 22, 0
0 62 19: 320, 22, 2
0 62 20: 197, 4, 2
0 62 20: 1631, 3, 1
0 62 21: 650, 4, 2
0 62 22: 650, 4, 2
0 62 23: 1631, 3, 1
0 62 24: 197, 4, 2
0 62 25: 320, 22, 1
0 62 26: 321, 22, 3
0 62 26: 1631, 3, 1
0 62 27: 198, 7, 3
0 62 27: 321, 22, 3
0 62 27: 1417, 9, 3
0 62 28: 1417, 1, 3
0 62 29: 1434, 10, 2
0 62 30: 1434, 10, 2
0 62 31: 1434, 10, 2
0 62 32: 1434, 10, 2
0 62 33: 1434, 10, 2
0 62 34: 1434, 10, 2
0 62 35: 1434, 10, 2
0 62 36: 1434, 10, 2
0 62 37: 1434, 10, 2
0 62 38: 1434, 10, 2
0 62 39: 1434, 10, 2
0 62 40: 1434, 10, 2
0 62 41: 1434, 10, 2
0 62 42: 1434, 10, 2
0 62 43: 1434, 10, 2
0 62 44: 1434, 10, 2
0 62 45: 1434, 10, 2
0 62 46: 1434, 10, 2
0 62 47: 1434, 10, 2
0 62 48: 1434, 10, 2
0 62 49: 1434, 10, 2
0 62 50: 1434, 10, 2
0 62 51: 1434, 10, 2
0 62 52: 1434, 10, 2
0 62 53: 1434, 10, 2
0 62 54: 1434, 10, 2
0 62 55: 1434, 10, 2
0 62 56: 1434, 10, 2
0 62 57: 1434, 10, 2
0 62 58: 1434, 10, 2
0 62 59: 1434, 10, 2
0 62 60: 1434, 10, 2
0 62 61: 1434, 10, 2
0 62 62: 1434, 10, 2
0 62 63: 1434, 10, 2
0 63 0: 1434, 10, 2
0 63 1: 1434, 10, 2
0 63 2: 1434, 10, 2
0 63 3: 1658, 1, 0
0 63 4: 1658, 0, 0
0 63 5: 1658, 0, 0
0 63 6: 1658, 0, 0
0 63 7: 1658, 0, 0
0 63 8: 1658, 0, 0
0 63 9: 1658, 0, 0
0 63 10: 1658, 0, 0
0 63 11: 1658, 0, 0
0 63 12: 1658, 0, 0
0 63 13: 1658, 0, 0
0 63 14: 1658, 0, 0
0 63 15: 1658, 0, 0
0 63 16: 1658, 0, 0
0 63 17: 1658, 0, 0
0 63 18: 1658, 0, 0
0 63 19: 1658, 0, 0
0 63 20: 1658, 0, 0
0 63 21: 1658, 0, 0
0 63 22: 1658, 0, 0
0 63 23: 1658, 0, 0
0 63 24: 1658, 0, 0
0 63 25: 1658, 0, 0
0 63 26: 1658, 0, 0
0 63 27: 1658, 1, 3
0 63 28: 1434, 10, 2
0 63 29: 1434, 10, 2
0 63 30: 1434, 10, 2
0 63 31: 1434, 10, 2
0 63 32: 1434, 10, 2
0 63 33: 1434, 10, 2
0 63 34: 1434, 10, 2
0 63 35: 1434, 10, 2
0 63 36: 1434, 10, 2
0 63 37: 1434, 10, 2
0 63 38: 1434, 10, 2
0 63 39: 1434, 10, 2
0 63 40: 1434, 10, 2
0 63 41: 1434, 10, 2
0 63 42: 1434, 10, 2
0 63 43: 1434, 10, 2
0 63 44: 1434, 10, 2
0 63 45: 1434, 10, 2
0 63 46: 1434, 10, 2
0 63 47: 1434, 10, 2
0 63 48: 1434, 10, 2
0 63 49: 1434, 10, 2
0 63 50: 1434, 10, 2
0 63 51: 1434, 10, 2
0 63 52: 1434, 10, 2
0 63 53: 1434, 10, 2
0 63 54: 1434, 10, 2
0 63 55: 1434, 10, 2
0 63 56: 1434, 10, 2
0 63 57: 1434, 10, 2
0 63 58: 1434, 10, 2
0 63 59: 1434, 10, 2
0 63 60: 1434, 10, 2
0 63 61: 1434, 10, 2
0 63 62: 1434, 10, 2
0 63 63: 1434, 10, 2
1 3 36: 320, 22, 0
1 3 37: 320, 22, 0
1 3 38: 320, 22, 1
1 4 35: 319, 22, 1
1 4 36: 320, 22, 3
1 4 37: 321, 22, 1
1 4 38: 319, 22, 2
1 4 39: 320, 22, 2
1 4 40: 320, 22, 2
1 4 41: 320, 22, 3
1 5 32: 320, 22, 1
1 5 33: 320, 22, 2
1 5 34: 1435, 10, 2
1 5 40: 1435, 10, 3
1 6 12: 320, 22, 3
1 6 13: 320, 22, 3
1 6 30: 1435, 10, 2
1 6 40: 319, 22, 3
1 6 41: 1435, 10, 3
1 7 11: 320, 22, 3
1 7 12: 320, 22, 1
1 7 13: 320, 22, 0
1 7 14: 320, 22, 2
1 7 15: 320, 22, 3
1 7 19: 320, 22, 1
1 7 26: 320, 22, 0
1 7 27: 320, 22, 1
1 7 28: 320, 22, 2
1 7 29: 1435, 10, 2
1 7 41: 320, 22, 2
1 7 42: 1435, 10, 3
1 8 12: 320, 22, 0
1 8 13: 319, 22, 2
1 8 14: 1435, 10, 2
1 8 18: 1435, 10, 3
1 8 19: 320, 22, 2
1 8 20: 320, 22, 3
1 8 26: 320, 22, 3
1 8 27: 320, 22, 3
1 8 28: 1435, 10, 2
1 8 43: 320, 22, 3
1 9 9: 1435, 10, 2
1 9 19: 1435, 10, 3
1 9 20: 320, 22, 1
1 9 21: 320, 22, 2
1 9 26: 320, 22, 2
1 9 27: 321, 22, 0
1 9 43: 1435, 10, 3
1 9 48: 320, 22, 1
1 10 7: 320, 22, 3
1 10 8: 1435, 10, 2
1 10 9: 320, 22, 0
1 10 20: 319, 22, 0
1 10 21: 321, 22, 2
1 10 22: 1435, 10, 3
1 10 26: 320, 22, 1
1 10 27: 319, 22, 2
1 10 47: 320, 22, 3
1 10 48: 320, 22, 0
1 10 49: 320, 22, 2
1 11 7: 319, 22, 1
1 11 22: 319, 22, 0
1 11 23: 1435, 10, 3
1 11 27: 1435, 10, 2
1 11 44: 320, 22, 1
1 11 46: 320, 22, 2
1 11 48: 321, 22, 2
1 11 49: 319, 22, 3
1 12 6: 320, 22, 1
1 12 7: 320, 22, 2
1 12 24: 320, 22, 0
1 12 26: 320, 22, 3
1 12 44: 1435, 10, 3
1 12 45: 1435, 10, 2
1 12 51: 1435, 10, 3
1 12 53: 320, 22, 0
1 13 6: 320, 22, 1
1 13 7: 320, 22, 0
1 13 24: 320, 22, 2
1 13 26: 320, 22, 2
1 13 54: 1435, 10, 3
1 14 7: 321, 22, 1
1 14 24: 1435, 10, 3
1 14 25: 321, 22, 3
1 14 26: 1435, 10, 2
1 14 55: 319, 22, 1
1 14 57: 320, 22, 2
1 15 7: 320, 22, 3
1 15 55: 320, 22, 0
1 15 56: 320, 22, 3
1 15 57: 320, 22, 2
1 16 7: 319, 22, 0
1 16 55: 321, 22, 3
1 17 6: 320, 22, 0
1 17 7: 320, 22, 2
1 17 55: 319, 22, 2
1 18 6: 320, 22, 3
1 18 7: 320, 22, 1
1 18 55: 320, 22, 1
1 19 7: 320, 22, 2
1 19 8: 1435, 10, 1
1 19 54: 1435, 10, 0
1 20 8: 320, 22, 2
1 20 9: 320, 22, 0
1 20 11: 1435, 10, 1
1 20 22: 320, 22, 1
1 20 23: 320, 22, 1
1 20 24: 319, 22, 3
1 20 25: 1435, 10, 0
1 20 26: 321, 22, 2
1 20 27: 1435, 10, 1
1 20 45: 1435, 10, 0
1 20 46: 319, 22, 0
1 20 47: 320, 22, 1
1 20 48: 1435, 10, 1
1 20 53: 1435, 10, 0
1 21 10: 320, 22, 0
1 21 11: 320, 22, 1
1 21 12: 319, 22, 3
1 21 13: 321, 22, 3
1 21 14: 319, 22, 1
1 21 15: 320, 22, 0
1 21 16: 1435, 10, 1
1 21 22: 1435, 10, 0
1 21 26: 320, 22, 2
1 21 27: 320, 22, 3
1 21 45: 319, 22, 1
1 21 46: 320, 22, 3
1 21 47: 320, 22, 0
1 21 48: 320, 22, 3
1 21 49: 321, 22, 0
1 21 50: 320, 22, 2
1 21 51: 319, 22, 3
1 21 52: 320, 22, 3
1 22 10: 320, 22, 2
1 22 14: 320, 22, 3
1 22 19: 320, 22, 2
1 22 20: 319, 22, 0
1 22 21: 320, 22, 0
1 22 45: 320, 22, 3
1 22 48: 320, 22, 3
1 22 50: 320, 22, 2
1 22 51: 320, 22, 0
1 23 28: 1435, 10, 1
1 23 29: 320, 22, 3
1 23 44: 320, 22, 2
1 23 45: 320, 22, 1
1 24 28: 320, 22, 0
1 24 29: 319, 22, 2
1 24 44: 1435, 10, 0
1 24 45: 320, 22, 1
1 25 29: 1435, 10, 1
1 25 30: 321, 22, 0
1 25 44: 321, 22, 1
1 26 30: 1435, 10, 1
1 26 31: 319, 22, 1
1 26 43: 319, 22, 2
1 26 44: 320, 22, 3
1 27 28: 320, 22, 1
1 27 31: 1435, 10, 1
1 27 32: 320, 22, 3
1 27 43: 1435, 10, 0
1 28 22: 320, 22, 0
1 28 24: 320, 22, 1
1 28 25: 320, 22, 3
1 28 26: 320, 22, 3
1 28 32: 1435, 10, 1
1 28 33: 319, 22, 0
1 28 42: 1435, 10, 0
1 29 20: 320, 22, 3
1 29 22: 320, 22, 1
1 29 23: 320, 22, 2
1 29 24: 320, 22, 3
1 29 27: 320, 22, 0
1 29 32: 1435, 10, 2
1 29 33: 320, 22, 0
1 29 40: 320, 22, 2
1 29 41: 1435, 10, 0
1 30 15: 320, 22, 1
1 30 19: 320, 22, 2
1 30 20: 319, 22, 1
1 30 21: 321, 22, 2
1 30 24: 319, 22, 1
1 30 26: 319, 22, 2
1 30 29: 319, 22, 3
1 30 32: 321, 22, 3
1 30 39: 1435, 10, 0
1 30 40: 320, 22, 1
1 31 14: 1435, 10, 2
1 31 15: 320, 22, 0
1 31 39: 320, 22, 3
1 32 9: 320, 22, 0
1 32 10: 320, 22, 1
1 32 11: 320, 22, 2
1 32 13: 1435, 10, 2
1 32 38: 1435, 10, 0
1 33 8: 320, 22, 2
1 33 10: 320, 22, 0
1 33 12: 1435, 10, 2
1 33 24: 1559, 10, 1
1 33 38: 320, 22, 0
1 33 39: 321, 22, 3
1 33 40: 320, 22, 1
1 34 5: 320, 22, 2
1 34 6: 320, 22, 3
1 34 8: 320, 22, 3
1 34 9: 320, 22, 2
1 34 10: 320, 22, 0
1 34 11: 1435, 10, 2
1 34 38: 319, 22, 3
1 34 39: 320, 22, 3
1 34 40: 320, 22, 0
1 35 5: 320, 22, 0
1 35 6: 320, 22, 1
1 35 7: 321, 22, 0
1 35 8: 1435, 10, 2
1 35 26: 321, 22, 1
1 35 27: 320, 22, 3
1 35 38: 1435, 10, 3
1 35 39: 320, 22, 2
1 36 3: 320, 22, 1
1 36 4: 1435, 10, 2
1 36 25: 320, 22, 2
1 36 26: 1435, 10, 0
1 36 27: 1435, 10, 1
1 36 28: 319, 22, 1
1 36 40: 1435, 10, 3
1 36 41: 321, 22, 0
1 37 2: 320, 22, 3
1 37 3: 1435, 10, 2
1 37 4: 319, 22, 0
1 37 24: 319, 22, 3
1 37 25: 1435, 10, 0
1 37 26: 320, 22, 1
1 37 28: 1435, 10, 1
1 37 29: 320, 22, 0
1 37 41: 320, 22, 2
1 38 2: 320, 22, 2
1 38 3: 321, 22, 3
1 38 23: 320, 22, 1
1 38 24: 1435, 10, 0
1 38 27: 320, 22, 2
1 38 29: 1435, 10, 1
1 38 30: 321, 22, 0
1 38 41: 319, 22, 3
1 39 2: 1435, 10, 2
1 39 22: 320, 22, 2
1 39 23: 1435, 10, 0
1 39 26: 320, 22, 0
1 39 28: 320, 22, 2
1 39 30: 1435, 10, 1
1 39 41: 320, 22, 0
1 39 44: 320, 22, 3
1 40 22: 1435, 10, 0
1 40 31: 1435, 10, 1
1 40 33: 320, 22, 0
1 40 41: 319, 22, 0
1 40 43: 320, 22, 1
1 40 44: 320, 22, 0
1 40 45: 320, 22, 3
1 41 1: 319, 22, 3
1 41 17: 1435, 10, 0
1 41 20: 320, 22, 0
1 41 22: 320, 22, 3
1 41 32: 320, 22, 3
1 41 33: 319, 22, 0
1 41 34: 1435, 10, 1
1 41 41: 1435, 10, 3
1 41 42: 320, 22, 1
1 41 44: 321, 22, 1
1 41 53: 320, 22, 2
1 41 54: 320, 22, 1
1 41 55: 320, 22, 2
1 42 0: 320, 22, 3
1 42 1: 320, 22, 0
1 42 17: 1435, 10, 3
1 42 18: 320, 22, 1
1 42 19: 320, 22, 1
1 42 20: 320, 22, 2
1 42 21: 320, 22, 1
1 42 30: 320, 22, 2
1 42 31: 320, 22, 3
1 42 32: 320, 22, 0
1 42 33: 320, 22, 1
1 42 34: 1435, 10, 2
1 42 37: 1559, 10, 2
1 42 51: 320, 22, 1
1 42 52: 1435, 10, 2
1 42 53: 319, 22, 0
1 42 54: 320, 22, 0
1 42 55: 319, 22, 1
1 42 56: 320, 22, 0
1 42 57: 1435, 10, 3
1 43 0: 320, 22, 3
1 43 1: 321, 22, 2
1 43 19: 319, 22, 0
1 43 20: 320, 22, 1
1 43 21: 320, 22, 1
1 43 28: 1435, 10, 2
1 43 33: 320, 22, 1
1 43 42: 320, 22, 3
1 43 50: 320, 22, 3
1 43 51: 1435, 10, 2
1 43 57: 321, 22, 2
1 43 58: 1435, 10, 3
1 43 59: 320, 22, 2
1 43 60: 320, 22, 2
1 44 0: 320, 22, 2
1 44 1: 320, 22, 1
1 44 19: 320, 22, 0
1 44 20: 320, 22, 2
1 44 27: 1435, 10, 2
1 44 42: 320, 22, 2
1 44 44: 320, 22, 1
1 44 45: 320, 22, 2
1 44 46: 320, 22, 3
1 44 50: 1435, 10, 2
1 44 59: 1435, 10, 3
1 44 60: 320, 22, 3
1 45 0: 320, 22, 2
1 45 18: 1435, 10, 3
1 45 19: 320, 22, 1
1 45 20: 320, 22, 2
1 45 42: 1435, 10, 3
1 45 43: 320, 22, 3
1 45 44: 320, 22, 0
1 45 45: 319, 22, 0
1 45 46: 320, 22, 0
1 45 49: 1435, 10, 2
1 45 62: 1435, 10, 3
1 46 0: 320, 22, 1
1 46 1: 319, 22, 2
1 46 19: 320, 22, 2
1 46 25: 320, 22, 0
1 46 26: 320, 22, 0
1 46 42: 320, 22, 1
1 46 43: 320, 22, 3
1 47 1: 321, 22, 1
1 47 19: 321, 22, 2
1 47 24: 320, 22, 3
1 47 25: 320, 22, 2
1 47 26: 320, 22, 1
1 48 1: 320, 22, 0
1 48 19: 320, 22, 3
1 48 26: 319, 22, 3
1 48 44: 2319, 10, 0
1 48 45: 2319, 10, 0
1 48 46: 2319, 10, 0
1 48 47: 2319, 10, 0
1 48 48: 2319, 10, 0
1 48 49: 2319, 10, 0
1 49 1: 320, 22, 2
1 49 2: 1435, 10, 1
1 49 19: 319, 22, 2
1 49 26: 320, 22, 1
1 49 44: 2319, 10, 0
1 49 45: 2319, 10, 0
1 49 46: 2319, 10, 0
1 49 47: 2319, 10, 0
1 49 48: 2319, 10, 0
1 49 49: 2319, 10, 0
1 50 2: 320, 22, 1
1 50 3: 1435, 10, 1
1 50 18: 1435, 10, 0
1 50 19: 320, 22, 1
1 50 26: 320, 22, 0
1 51 2: 320, 22, 0
1 51 3: 320, 22, 2
1 51 4: 1435, 10, 1
1 51 18: 321, 22, 3
1 51 26: 319, 22, 2
1 51 61: 320, 22, 1
1 51 62: 1435, 10, 0
1 52 2: 320, 22, 3
1 52 4: 320, 22, 2
1 52 5: 321, 22, 0
1 52 6: 1435, 10, 1
1 52 18: 320, 22, 3
1 52 21: 320, 22, 2
1 52 26: 320, 22, 2
1 52 27: 320, 22, 3
1 52 40: 1435, 10, 0
1 52 42: 320, 22, 0
1 52 43: 319, 22, 0
1 52 44: 321, 22, 1
1 52 45: 320, 22, 2
1 52 46: 319, 22, 2
1 52 47: 320, 22, 0
1 52 48: 321, 22, 0
1 52 49: 319, 22, 1
1 52 50: 1435, 10, 1
1 52 51: 320, 22, 0
1 52 58: 319, 22, 3
1 52 59: 1435, 10, 0
1 52 60: 321, 22, 1
1 52 61: 320, 22, 2
1 53 4: 320, 22, 0
1 53 17: 1435, 10, 0
1 53 18: 320, 22, 0
1 53 21: 320, 22, 2
1 53 22: 320, 22, 3
1 53 26: 321, 22, 3
1 53 40: 319, 22, 1
1 53 45: 320, 22, 2
1 53 46: 320, 22, 1
1 53 47: 320, 22, 0
1 53 48: 320, 22, 2
1 53 58: 320, 22, 3
1 54 2: 320, 22, 3
1 54 16: 1435, 10, 0
1 54 17: 319, 22, 3
1 54 18: 320, 22, 0
1 54 21: 320, 22, 0
1 54 23: 320, 22, 0
1 54 26: 320, 22, 1
1 54 39: 320, 22, 0
1 54 40: 320, 22, 2
1 54 45: 320, 22, 0
1 54 46: 320, 22, 3
1 54 58: 1435, 10, 0
1 55 1: 320, 22, 1
1 55 2: 320, 22, 0
1 55 3: 320, 22, 0
1 55 17: 320, 22, 2
1 55 18: 320, 22, 1
1 55 19: 320, 22, 3
1 55 26: 319, 22, 1
1 55 51: 1435, 10, 1
1 55 52: 320, 22, 1
1 55 57: 1435, 10, 0
1 56 1: 320, 22, 1
1 56 2: 319, 22, 0
1 56 19: 320, 22, 0
1 56 25: 320, 22, 3
1 56 26: 1435, 10, 2
1 56 38: 321, 22, 2
1 56 39: 1435, 10, 0
1 56 40: 320, 22, 3
1 56 41: 320, 22, 2
1 56 42: 320, 22, 1
1 56 43: 320, 22, 0
1 56 52: 320, 22, 2
1 56 53: 319, 22, 0
1 56 54: 320, 22, 3
1 56 55: 320, 22, 2
1 56 57: 320, 22, 1
1 57 0: 1435, 10, 3
1 57 1: 320, 22, 3
1 57 20: 320, 22, 1
1 57 22: 320, 22, 1
1 57 25: 1435, 10, 2
1 57 26: 320, 22, 1
1 57 37: 320, 22, 2
1 57 38: 1435, 10, 0
1 57 39: 320, 22, 1
1 57 41: 320, 22, 2
1 57 42: 320, 22, 3
1 57 43: 320, 22, 0
1 57 53: 320, 22, 0
1 57 54: 320, 22, 3
1 58 21: 320, 22, 3
1 58 22: 320, 22, 2
1 58 24: 1435, 10, 2
1 58 25: 321, 22, 2
1 58 37: 1435, 10, 0
1 58 38: 320, 22, 0
1 58 42: 320, 22, 2
1 58 43: 320, 22, 1
1 59 32: 1435, 10, 0
1 59 33: 321, 22, 3
1 59 34: 320, 22, 3
1 59 36: 320, 22, 2
1 59 37: 320, 22, 1
1 59 38: 320, 22, 0
1 60 31: 1435, 10, 0
1 60 32: 320, 22, 2
1 60 33: 320, 22, 0
1 61 30: 1435, 10, 0
1 61 31: 320, 22, 0
1 61 32: 320, 22, 2
1 62 29: 1435, 10, 0
1 62 31: 320, 22, 1
1 63 3: 1435, 10, 3
1 63 27: 320, 22, 3
1 63 28: 1435, 10, 0
