0 0 4: 325, 22, 3
0 0 7: 325, 22, 0
0 0 8: 325, 22, 1
0 0 21: 325, 22, 1
0 0 49: 1250, 22, 0
0 0 54: 1286, 10, 1
0 1 1: 325, 22, 0
0 1 5: 325, 22, 0
0 1 9: 325, 22, 1
0 1 11: 325, 22, 1
0 1 12: 325, 22, 1
0 1 13: 324, 22, 3
0 1 15: 325, 22, 1
0 1 17: 325, 22, 3
0 1 18: 325, 22, 0
0 1 24: 325, 22, 1
0 1 25: 325, 22, 2
0 1 26: 325, 22, 3
0 1 28: 325, 22, 0
0 1 30: 324, 22, 0
0 1 32: 325, 22, 0
0 1 35: 324, 22, 1
0 1 37: 325, 22, 3
0 1 38: 325, 22, 1
0 1 43: 1250, 22, 1
0 1 45: 1250, 22, 0
0 1 46: 1250, 22, 3
0 1 47: 1250, 22, 2
0 1 48: 1286, 10, 0
0 1 51: 1249, 22, 3
0 1 52: 1250, 22, 3
0 1 56: 1250, 22, 3
0 1 58: 1383, 10, 2
0 1 60: 1171, 10, 0
0 1 60: 1250, 22, 3
0 2 2: 324, 22, 1
0 2 4: 325, 22, 1
0 2 5: 325, 22, 2
0 2 7: 324, 22, 2
0 2 14: 325, 22, 3
0 2 15: 325, 22, 2
0 2 20: 324, 22, 0
0 2 23: 325, 22, 2
0 2 24: 325, 22, 3
0 2 25: 325, 22, 3
0 2 27: 325, 22, 0
0 2 28: 325, 22, 0
0 2 29: 325, 22, 1
0 2 33: 325, 22, 0
0 2 34: 325, 22, 1
0 2 42: 1383, 10, 1
0 2 45: 1286, 10, 3
0 2 49: 1250, 22, 1
0 2 50: 1282, 10, 3
0 2 54: 1250, 22, 2
0 2 55: 1383, 10, 3
0 2 56: 1171, 10, 1
0 2 57: 1250, 22, 1
0 2 61: 1286, 10, 3
0 3 3: 325, 22, 1
0 3 8: 325, 22, 2
0 3 11: 325, 22, 3
0 3 12: 325, 22, 3
0 3 13: 325, 22, 0
0 3 18: 325, 22, 3
0 3 21: 325, 22, 0
0 3 31: 325, 22, 3
0 3 36: 325, 22, 2
0 3 38: 325, 22, 2
0 3 39: 324, 22, 2
0 3 44: 1250, 22, 2
0 3 47: 1171, 10, 0
0 3 47: 1250, 22, 0
0 3 53: 1250, 22, 2
0 3 58: 1249, 22, 2
0 3 60: 1171, 10, 3
0 3 60: 1250, 22, 2
0 4 1: 325, 22, 3
0 4 6: 325, 22, 1
0 4 12: 325, 22, 0
0 4 16: 326, 22, 0
0 4 18: 1341, 10, 3
0 4 20: 325, 22, 0
0 4 22: 324, 22, 1
0 4 27: 326, 22, 1
0 4 30: 326, 22, 3
0 4 35: 1341, 10, 2
0 4 38: 325, 22, 3
0 4 45: 1250, 22, 3
0 4 50: 1249, 22, 2
0 4 52: 1171, 10, 1
0 4 53: 1250, 22, 1
0 4 55: 1171, 10, 0
0 4 56: 1171, 10, 1
0 4 57: 1286, 10, 2
0 4 58: 1171, 10, 2
0 5 4: 326, 22, 2
0 5 9: 326, 22, 3
0 5 10: 325, 22, 3
0 5 11: 325, 22, 3
0 5 14: 325, 22, 0
0 5 19: 325, 22, 2
0 5 20: 325, 22, 3
0 5 23: 325, 22, 2
0 5 25: 325, 22, 3
0 5 34: 325, 22, 2
0 5 42: 1297, 10, 1
0 5 45: 1383, 10, 3
0 5 48: 1383, 10, 3
0 5 55: 1383, 10, 0
0 5 56: 1171, 10, 3
0 5 58: 1168, 10, 1
0 5 59: 1383, 10, 1
0 5 62: 1383, 10, 0
0 6 0: 325, 22, 2
0 6 3: 325, 22, 3
0 6 7: 324, 22, 2
0 6 11: 325, 22, 0
0 6 12: 325, 22, 3
0 6 16: 325, 22, 2
0 6 21: 325, 22, 0
0 6 31: 325, 22, 1
0 6 33: 324, 22, 2
0 6 36: 326, 22, 0
0 6 40: 325, 22, 1
0 6 45: 1249, 22, 1
0 6 46: 1250, 22, 0
0 6 49: 1250, 22, 3
0 6 52: 1286, 10, 1
0 6 56: 1249, 22, 3
0 6 57: 1167, 10, 2
0 6 58: 1164, 10, 3
0 6 61: 1250, 22, 1
0 7 1: 325, 22, 2
0 7 2: 325, 22, 2
0 7 4: 325, 22, 0
0 7 7: 325, 22, 3
0 7 14: 325, 22, 1
0 7 23: 1250, 22, 3
0 7 28: 1286, 10, 1
0 7 36: 324, 22, 0
0 7 38: 325, 22, 0
0 7 41: 325, 22, 2
0 7 43: 1250, 22, 3
0 7 46: 1286, 10, 2
0 7 47: 1250, 22, 2
0 7 48: 1171, 10, 2
0 7 50: 1171, 10, 3
0 7 50: 1249, 22, 1
0 7 53: 1250, 22, 1
0 7 55: 1171, 10, 2
0 7 60: 1250, 22, 1
0 8 3: 325, 22, 1
0 8 5: 325, 22, 0
0 8 9: 325, 22, 3
0 8 10: 325, 22, 3
0 8 11: 324, 22, 1
0 8 14: 325, 22, 2
0 8 17: 324, 22, 0
0 8 19: 325, 22, 0
0 8 24: 1286, 10, 2
0 8 25: 1250, 22, 2
0 8 26: 1383, 10, 2
0 8 27: 1250, 22, 3
0 8 33: 325, 22, 0
0 8 36: 325, 22, 3
0 8 40: 326, 22, 1
0 8 41: 325, 22, 3
0 8 51: 1250, 22, 2
0 8 54: 1250, 22, 1
0 8 56: 1383, 10, 2
0 8 58: 1250, 22, 3
0 8 59: 1286, 10, 0
0 9 6: 325, 22, 1
0 9 7: 325, 22, 1
0 9 10: 1341, 10, 2
0 9 15: 325, 22, 2
0 9 23: 1250, 22, 1
0 9 28: 1383, 10, 3
0 9 29: 1250, 22, 0
0 9 35: 325, 22, 3
0 9 38: 326, 22, 1
0 9 41: 325, 22, 3
0 9 41: 1341, 10, 1
0 9 45: 1250, 22, 3
0 9 47: 1250, 22, 2
0 9 48: 1383, 10, 0
0 9 52: 1286, 10, 1
0 9 58: 1171, 10, 0
0 9 61: 1171, 10, 3
0 10 0: 325, 22, 0
0 10 2: 324, 22, 0
0 10 4: 325, 22, 0
0 10 6: 325, 22, 2
0 10 10: 325, 22, 1
0 10 12: 325, 22, 2
0 10 15: 325, 22, 2
0 10 16: 325, 22, 3
0 10 20: 1250, 22, 0
0 10 22: 1250, 22, 2
0 10 24: 1383, 10, 1
0 10 25: 1249, 22, 2
0 10 26: 1282, 10, 2
0 10 28: 1250, 22, 1
0 10 35: 325, 22, 1
0 10 43: 325, 22, 1
0 10 47: 1383, 10, 1
0 10 49: 1250, 22, 0
0 10 51: 1250, 22, 2
0 10 54: 1250, 22, 0
0 10 55: 1250, 22, 1
0 10 57: 1250, 22, 2
0 11 5: 326, 22, 1
0 11 7: 325, 22, 3
0 11 9: 326, 22, 3
0 11 13: 326, 22, 1
0 11 21: 1286, 10, 3
0 11 24: 1250, 22, 0
0 11 29: 1286, 10, 2
0 11 33: 326, 22, 2
0 11 36: 325, 22, 2
0 11 37: 325, 22, 3
0 11 38: 325, 22, 3
0 11 41: 324, 22, 3
0 11 48: 1250, 22, 1
0 11 55: 1286, 10, 1
0 11 62: 325, 22, 0
0 12 2: 325, 22, 3
0 12 6: 324, 22, 3
0 12 11: 325, 22, 2
0 12 13: 326, 22, 0
0 12 18: 1383, 10, 2
0 12 21: 1171, 10, 0
0 12 21: 1250, 22, 3
0 12 22: 1250, 22, 0
0 12 23: 1383, 10, 2
0 12 24: 1171, 10, 3
0 12 25: 1250, 22, 3
0 12 27: 1249, 22, 0
0 12 33: 324, 22, 0
0 12 36: 324, 22, 3
0 12 38: 325, 22, 2
0 12 39: 325, 22, 3
0 12 40: 325, 22, 0
0 12 44: 325, 22, 1
0 12 46: 324, 22, 2
0 12 51: 1250, 22, 2
0 12 53: 1250, 22, 3
0 12 55: 1249, 22, 0
0 12 58: 1250, 22, 2
0 13 0: 325, 22, 1
0 13 2: 325, 22, 2
0 13 4: 325, 22, 3
0 13 5: 325, 22, 0
0 13 6: 325, 22, 1
0 13 8: 325, 22, 1
0 13 9: 325, 22, 2
0 13 11: 325, 22, 2
0 13 17: 1250, 22, 1
0 13 19: 1250, 22, 0
0 13 20: 1250, 22, 1
0 13 21: 1171, 10, 0
0 13 24: 1250, 22, 1
0 13 26: 1286, 10, 3
0 13 27: 1250, 22, 2
0 13 28: 1383, 10, 0
0 13 29: 1250, 22, 1
0 13 33: 325, 22, 0
0 13 33: 1341, 10, 3
0 13 44: 325, 22, 2
0 13 49: 1250, 22, 1
0 13 51: 1383, 10, 1
0 13 58: 1383, 10, 3
0 13 60: 325, 22, 3
0 13 62: 324, 22, 1
0 14 1: 326, 22, 1
0 14 3: 325, 22, 2
0 14 4: 325, 22, 3
0 14 11: 325, 22, 1
0 14 14: 324, 22, 3
0 14 18: 1286, 10, 2
0 14 20: 1171, 10, 1
0 14 21: 1286, 10, 0
0 14 23: 1171, 10, 2
0 14 26: 1249, 22, 3
0 14 28: 1250, 22, 0
0 14 35: 325, 22, 2
0 14 38: 326, 22, 2
0 14 39: 325, 22, 0
0 14 41: 325, 22, 3
0 14 43: 326, 22, 3
0 14 45: 325, 22, 3
0 14 53: 1250, 22, 0
0 14 54: 1297, 10, 0
0 14 56: 1250, 22, 3
0 15 3: 325, 22, 2
0 15 5: 325, 22, 0
0 15 6: 326, 22, 2
0 15 8: 325, 22, 2
0 15 9: 325, 22, 3
0 15 15: 1286, 10, 1
0 15 17: 1250, 22, 3
0 15 19: 1249, 22, 1
0 15 21: 1171, 10, 0
0 15 22: 1249, 22, 3
0 15 24: 1286, 10, 3
0 15 25: 1250, 22, 2
0 15 26: 1297, 10, 3
0 15 33: 326, 22, 2
0 15 37: 325, 22, 3
0 15 40: 325, 22, 1
0 15 41: 325, 22, 1
0 15 47: 325, 22, 0
0 15 58: 325, 22, 1
0 15 61: 325, 22, 2
0 16 2: 325, 22, 1
0 16 9: 325, 22, 1
0 16 10: 325, 22, 2
0 16 11: 325, 22, 2
0 16 15: 1250, 22, 0
0 16 18: 1282, 10, 1
0 16 21: 1383, 10, 2
0 16 22: 1171, 10, 3
0 16 23: 1171, 10, 3
0 16 25: 1383, 10, 0
0 16 32: 325, 22, 0
0 16 36: 325, 22, 2
0 16 37: 325, 22, 3
0 16 38: 325, 22, 0
0 16 39: 325, 22, 0
0 16 41: 325, 22, 2
0 16 42: 325, 22, 3
0 16 43: 326, 22, 3
0 16 45: 324, 22, 0
0 16 47: 325, 22, 2
0 16 48: 325, 22, 3
0 16 50: 325, 22, 3
0 16 52: 325, 22, 3
0 16 59: 325, 22, 3
0 16 62: 326, 22, 0
0 17 0: 325, 22, 0
0 17 3: 325, 22, 3
0 17 4: 325, 22, 3
0 17 5: 325, 22, 0
0 17 6: 325, 22, 0
0 17 7: 325, 22, 1
0 17 9: 324, 22, 3
0 17 11: 325, 22, 3
0 17 16: 1383, 10, 1
0 17 21: 1250, 22, 2
0 17 23: 1250, 22, 3
0 17 24: 1250, 22, 0
0 17 25: 1250, 22, 3
0 17 31: 325, 22, 1
0 17 33: 325, 22, 1
0 17 34: 325, 22, 0
0 17 35: 325, 22, 1
0 17 36: 325, 22, 1
0 17 38: 324, 22, 3
0 17 41: 324, 22, 3
0 17 42: 325, 22, 3
0 17 43: 325, 22, 1
0 17 44: 325, 22, 2
0 17 45: 325, 22, 2
0 17 46: 325, 22, 1
0 17 48: 325, 22, 1
0 17 49: 325, 22, 0
0 17 50: 326, 22, 0
0 17 52: 325, 22, 0
0 17 53: 325, 22, 0
0 17 56: 326, 22, 3
0 17 60: 325, 22, 0
0 17 63: 325, 22, 0
0 18 1: 325, 22, 1
0 18 2: 325, 22, 2
0 18 4: 325, 22, 2
0 18 5: 325, 22, 3
0 18 6: 325, 22, 0
0 18 8: 325, 22, 1
0 18 15: 1250, 22, 0
0 18 16: 1171, 10, 1
0 18 19: 1171, 10, 2
0 18 20: 1250, 22, 1
0 18 21: 1286, 10, 1
0 18 23: 1383, 10, 3
0 18 29: 325, 22, 3
0 18 30: 324, 22, 3
0 18 31: 325, 22, 2
0 18 33: 326, 22, 0
0 18 35: 326, 22, 2
0 18 42: 325, 22, 3
0 18 43: 325, 22, 0
0 18 44: 324, 22, 0
0 18 45: 325, 22, 3
0 18 47: 326, 22, 2
0 18 49: 325, 22, 2
0 18 54: 325, 22, 2
0 18 57: 325, 22, 0
0 18 59: 324, 22, 2
0 18 60: 1341, 10, 3
0 19 0: 325, 22, 3
0 19 2: 324, 22, 3
0 19 4: 325, 22, 1
0 19 6: 324, 22, 0
0 19 9: 325, 22, 2
0 19 17: 1250, 22, 2
0 19 18: 1383, 10, 2
0 19 19: 1249, 22, 0
0 19 23: 1250, 22, 1
0 19 31: 325, 22, 0
0 19 32: 325, 22, 2
0 19 33: 325, 22, 0
0 19 46: 326, 22, 0
0 19 48: 325, 22, 2
0 19 50: 325, 22, 2
0 19 52: 324, 22, 1
0 19 53: 325, 22, 1
0 19 54: 325, 22, 1
0 19 57: 325, 22, 2
0 19 59: 325, 22, 1
0 19 61: 325, 22, 1
0 19 62: 326, 22, 2
0 20 2: 325, 22, 1
0 20 4: 325, 22, 0
0 20 5: 1341, 10, 1
0 20 8: 325, 22, 3
0 20 14: 1250, 22, 2
0 20 15: 1286, 10, 3
0 20 17: 1286, 10, 0
0 20 19: 1171, 10, 0
0 20 20: 1250, 22, 1
0 20 27: 324, 22, 3
0 20 29: 325, 22, 0
0 20 30: 325, 22, 0
0 20 32: 325, 22, 2
0 20 33: 324, 22, 2
0 20 48: 325, 22, 3
0 20 49: 325, 22, 3
0 20 51: 325, 22, 3
0 20 54: 325, 22, 3
0 20 55: 325, 22, 0
0 20 58: 325, 22, 3
0 20 59: 325, 22, 2
0 20 63: 325, 22, 1
0 21 1: 325, 22, 1
0 21 10: 325, 22, 3
0 21 11: 325, 22, 1
0 21 16: 1250, 22, 1
0 21 18: 1250, 22, 0
0 21 19: 1383, 10, 2
0 21 22: 1250, 22, 2
0 21 28: 325, 22, 2
0 21 29: 325, 22, 3
0 21 31: 325, 22, 1
0 21 48: 325, 22, 3
0 21 49: 1341, 10, 0
0 21 50: 325, 22, 3
0 21 55: 325, 22, 3
0 21 56: 325, 22, 3
0 21 61: 325, 22, 2
0 22 4: 326, 22, 3
0 22 6: 326, 22, 3
0 22 8: 325, 22, 1
0 22 11: 324, 22, 2
0 22 16: 1383, 10, 0
0 22 18: 1250, 22, 0
0 22 20: 1250, 22, 3
0 22 21: 1383, 10, 3
0 22 25: 325, 22, 0
0 22 27: 325, 22, 2
0 22 29: 326, 22, 0
0 22 30: 325, 22, 3
0 22 31: 326, 22, 1
0 22 49: 325, 22, 1
0 22 50: 325, 22, 2
0 22 51: 325, 22, 0
0 22 53: 325, 22, 0
0 22 54: 325, 22, 1
0 22 56: 326, 22, 3
0 22 58: 324, 22, 1
0 22 63: 325, 22, 2
0 23 0: 326, 22, 0
0 23 2: 325, 22, 0
0 23 7: 325, 22, 0
0 23 28: 325, 22, 2
0 23 29: 325, 22, 1
0 23 49: 326, 22, 1
0 23 52: 325, 22, 1
0 23 55: 325, 22, 1
0 23 58: 325, 22, 1
0 23 59: 325, 22, 2
0 23 61: 325, 22, 0
0 24 4: 325, 22, 0
0 24 5: 325, 22, 0
0 24 6: 325, 22, 0
0 24 9: 324, 22, 2
0 24 11: 325, 22, 0
0 24 13: 325, 22, 1
0 24 20: 325, 22, 3
0 24 24: 324, 22, 2
0 24 24: 1341, 10, 0
0 24 25: 324, 22, 2
0 24 28: 325, 22, 1
0 24 30: 325, 22, 2
0 24 39: 1259, 22, 3
0 24 40: 1259, 22, 2
0 24 41: 1259, 22, 3
0 24 50: 325, 22, 3
0 24 51: 326, 22, 2
0 24 52: 325, 22, 1
0 24 54: 324, 22, 1
0 24 56: 325, 22, 2
0 24 57: 325, 22, 0
0 25 2: 325, 22, 3
0 25 9: 325, 22, 3
0 25 10: 325, 22, 1
0 25 11: 325, 22, 1
0 25 28: 325, 22, 0
0 25 29: 325, 22, 0
0 25 30: 325, 22, 1
0 25 38: 1259, 22, 2
0 25 39: 1259, 22, 1
0 25 40: 1189, 10, 0
0 25 41: 1258, 22, 1
0 25 42: 1259, 22, 0
0 25 49: 325, 22, 0
0 25 50: 325, 22, 0
0 25 51: 325, 22, 0
0 25 54: 1341, 10, 1
0 25 60: 326, 22, 1
0 25 62: 324, 22, 3
0 26 1: 325, 22, 2
0 26 6: 325, 22, 3
0 26 7: 325, 22, 2
0 26 9: 325, 22, 2
0 26 18: 325, 22, 2
0 26 19: 325, 22, 0
0 26 22: 325, 22, 2
0 26 26: 326, 22, 3
0 26 28: 324, 22, 0
0 26 29: 325, 22, 0
0 26 37: 1259, 22, 2
0 26 38: 1259, 22, 0
0 26 39: 1258, 22, 0
0 26 40: 562, 10, 1
0 26 41: 1258, 22, 0
0 26 42: 1259, 22, 2
0 26 43: 1259, 22, 1
0 26 49: 325, 22, 1
0 26 53: 325, 22, 2
0 26 57: 326, 22, 1
0 26 60: 325, 22, 2
0 26 61: 325, 22, 3
0 26 63: 325, 22, 3
0 27 2: 324, 22, 1
0 27 4: 325, 22, 3
0 27 6: 325, 22, 1
0 27 9: 325, 22, 0
0 27 14: 324, 22, 0
0 27 16: 325, 22, 1
0 27 20: 325, 22, 1
0 27 22: 324, 22, 1
0 27 24: 324, 22, 1
0 27 28: 325, 22, 3
0 27 29: 325, 22, 3
0 27 37: 1259, 22, 3
0 27 38: 1259, 22, 3
0 27 39: 1189, 10, 0
0 27 40: 1258, 22, 3
0 27 41: 1189, 10, 3
0 27 42: 1259, 22, 1
0 27 43: 1259, 22, 3
0 27 49: 325, 22, 2
0 27 50: 324, 22, 3
0 27 52: 326, 22, 1
0 27 53: 325, 22, 3
0 27 56: 326, 22, 0
0 27 59: 325, 22, 2
0 27 61: 325, 22, 3
0 28 4: 325, 22, 0
0 28 15: 325, 22, 0
0 28 23: 325, 22, 3
0 28 26: 325, 22, 1
0 28 27: 325, 22, 0
0 28 29: 325, 22, 2
0 28 37: 1259, 22, 0
0 28 38: 1259, 22, 2
0 28 39: 1258, 22, 2
0 28 40: 404, 10, 0
0 28 41: 1258, 22, 2
0 28 42: 1259, 22, 3
0 28 43: 1259, 22, 0
0 28 51: 325, 22, 2
0 28 54: 325, 22, 3
0 28 56: 325, 22, 0
0 28 60: 326, 22, 3
0 28 63: 325, 22, 0
0 29 1: 325, 22, 1
0 29 4: 325, 22, 3
0 29 5: 324, 22, 1
0 29 13: 324, 22, 3
0 29 14: 325, 22, 0
0 29 17: 324, 22, 3
0 29 19: 325, 22, 2
0 29 26: 325, 22, 1
0 29 28: 325, 22, 3
0 29 29: 325, 22, 2
0 29 37: 1259, 22, 0
0 29 38: 1259, 22, 1
0 29 39: 1259, 22, 1
0 29 40: 1259, 22, 0
0 29 41: 1259, 22, 2
0 29 42: 1259, 22, 2
0 29 43: 1259, 22, 1
0 29 48: 325, 22, 0
0 29 49: 325, 22, 0
0 29 50: 325, 22, 1
0 29 51: 325, 22, 2
0 29 55: 325, 22, 0
0 29 58: 326, 22, 2
0 29 60: 1341, 10, 2
0 29 62: 326, 22, 0
0 29 63: 325, 22, 0
0 30 3: 325, 22, 3
0 30 6: 325, 22, 1
0 30 7: 325, 22, 1
0 30 11: 325, 22, 3
0 30 13: 325, 22, 3
0 30 14: 325, 22, 0
0 30 21: 325, 22, 3
0 30 28: 325, 22, 2
0 30 29: 326, 22, 0
0 30 38: 1259, 22, 2
0 30 39: 1259, 22, 2
0 30 40: 1259, 22, 1
0 30 41: 1259, 22, 0
0 30 42: 1259, 22, 2
0 30 49: 325, 22, 0
0 30 60: 324, 22, 2
0 30 61: 325, 22, 0
0 31 1: 325, 22, 1
0 31 2: 325, 22, 2
0 31 4: 325, 22, 2
0 31 5: 325, 22, 0
0 31 8: 325, 22, 2
0 31 24: 324, 22, 0
0 31 26: 324, 22, 2
0 31 28: 325, 22, 1
0 31 29: 325, 22, 0
0 31 39: 1259, 22, 3
0 31 40: 1259, 22, 0
0 31 41: 1259, 22, 1
0 31 52: 1250, 22, 1
0 31 56: 1250, 22, 0
0 31 59: 325, 22, 2
0 31 61: 325, 22, 1
0 31 63: 325, 22, 1
0 32 2: 324, 22, 3
0 32 6: 326, 22, 2
0 32 10: 325, 22, 2
0 32 23: 325, 22, 0
0 32 27: 325, 22, 3
0 32 28: 325, 22, 0
0 32 30: 325, 22, 0
0 32 47: 325, 22, 2
0 32 51: 1383, 10, 2
0 32 52: 1250, 22, 2
0 32 56: 1383, 10, 0
0 32 57: 1250, 22, 1
0 32 62: 326, 22, 1
0 33 1: 325, 22, 2
0 33 3: 325, 22, 2
0 33 5: 325, 22, 1
0 33 15: 1250, 22, 3
0 33 19: 1383, 10, 1
0 33 25: 325, 22, 1
0 33 29: 325, 22, 2
0 33 30: 325, 22, 3
0 33 47: 326, 22, 3
0 33 48: 325, 22, 1
0 33 54: 1250, 22, 0
0 33 56: 1250, 22, 2
0 33 60: 325, 22, 3
0 34 1: 325, 22, 2
0 34 4: 325, 22, 1
0 34 9: 326, 22, 2
0 34 15: 1383, 10, 0
0 34 18: 1250, 22, 1
0 34 27: 324, 22, 3
0 34 29: 325, 22, 1
0 34 31: 325, 22, 2
0 34 32: 325, 22, 2
0 34 51: 1250, 22, 3
0 34 52: 1286, 10, 3
0 34 61: 325, 22, 0
0 34 63: 325, 22, 1
0 35 3: 325, 22, 3
0 35 5: 325, 22, 2
0 35 6: 325, 22, 0
0 35 7: 325, 22, 0
0 35 10: 325, 22, 0
0 35 10: 1341, 10, 2
0 35 20: 1250, 22, 2
0 35 29: 325, 22, 3
0 35 30: 325, 22, 0
0 35 32: 325, 22, 1
0 35 33: 325, 22, 1
0 35 47: 325, 22, 0
0 35 53: 1249, 22, 2
0 35 55: 1250, 22, 3
0 35 56: 1286, 10, 2
0 35 57: 1250, 22, 3
0 35 61: 324, 22, 1
0 36 1: 325, 22, 1
0 36 3: 325, 22, 0
0 36 8: 324, 22, 3
0 36 13: 1250, 22, 3
0 36 15: 1250, 22, 0
0 36 17: 1286, 10, 3
0 36 18: 1250, 22, 2
0 36 27: 325, 22, 2
0 36 31: 325, 22, 0
0 36 32: 325, 22, 3
0 36 34: 325, 22, 0
0 36 35: 325, 22, 3
0 36 43: 325, 22, 0
0 36 44: 325, 22, 3
0 36 45: 324, 22, 3
0 36 50: 1250, 22, 3
0 36 51: 1286, 10, 0
0 36 54: 1383, 10, 1
0 36 56: 1250, 22, 2
0 36 58: 1250, 22, 0
0 36 62: 325, 22, 0
0 37 0: 325, 22, 0
0 37 1: 325, 22, 1
0 37 4: 324, 22, 1
0 37 5: 325, 22, 3
0 37 5: 1341, 10, 3
0 37 11: 325, 22, 3
0 37 14: 1286, 10, 2
0 37 16: 1249, 22, 3
0 37 24: 325, 22, 2
0 37 31: 326, 22, 1
0 37 33: 325, 22, 3
0 37 34: 324, 22, 3
0 37 35: 325, 22, 3
0 37 36: 325, 22, 2
0 37 37: 325, 22, 1
0 37 38: 325, 22, 1
0 37 39: 325, 22, 0
0 37 41: 325, 22, 3
0 37 42: 325, 22, 2
0 37 43: 325, 22, 1
0 37 51: 1250, 22, 0
0 37 53: 1250, 22, 1
0 37 54: 1250, 22, 2
0 37 55: 1249, 22, 2
0 37 57: 1383, 10, 3
0 37 61: 325, 22, 3
0 37 63: 325, 22, 1
0 38 7: 325, 22, 0
0 38 9: 325, 22, 1
0 38 10: 325, 22, 2
0 38 17: 1250, 22, 1
0 38 18: 1383, 10, 0
0 38 21: 1250, 22, 3
0 38 29: 324, 22, 3
0 38 31: 325, 22, 1
0 38 36: 324, 22, 3
0 38 39: 326, 22, 1
0 38 42: 324, 22, 3
0 38 45: 326, 22, 0
0 38 46: 325, 22, 3
0 38 50: 1383, 10, 3
0 38 51: 1250, 22, 2
0 38 57: 1250, 22, 1
0 38 60: 1341, 10, 2
0 38 62: 326, 22, 3
0 39 0: 325, 22, 3
0 39 1: 325, 22, 3
0 39 3: 325, 22, 2
0 39 4: 325, 22, 3
0 39 5: 325, 22, 3
0 39 6: 325, 22, 0
0 39 8: 325, 22, 1
0 39 15: 1250, 22, 1
0 39 16: 1282, 10, 0
0 39 22: 1383, 10, 1
0 39 25: 325, 22, 1
0 39 26: 325, 22, 1
0 39 43: 325, 22, 1
0 39 45: 325, 22, 2
0 39 49: 1250, 22, 0
0 39 52: 1250, 22, 1
0 39 53: 1282, 10, 0
0 39 55: 1171, 10, 1
0 39 56: 1250, 22, 3
0 39 60: 326, 22, 2
0 39 61: 325, 22, 2
0 39 63: 325, 22, 2
0 40 1: 325, 22, 0
0 40 3: 325, 22, 0
0 40 5: 325, 22, 0
0 40 7: 326, 22, 1
0 40 11: 325, 22, 2
0 40 14: 1383, 10, 3
0 40 18: 1168, 10, 1
0 40 19: 1250, 22, 0
0 40 20: 1286, 10, 3
0 40 27: 325, 22, 0
0 40 32: 325, 22, 0
0 40 34: 324, 22, 2
0 40 37: 326, 22, 2
0 40 41: 325, 22, 0
0 40 44: 325, 22, 1
0 40 50: 1250, 22, 1
0 40 51: 1286, 10, 0
0 40 56: 1286, 10, 2
0 40 57: 1250, 22, 0
0 41 1: 324, 22, 2
0 41 9: 325, 22, 2
0 41 11: 325, 22, 2
0 41 15: 1250, 22, 2
0 41 17: 1249, 22, 2
0 41 19: 1167, 10, 3
0 41 22: 1250, 22, 0
0 41 26: 324, 22, 0
0 41 28: 325, 22, 2
0 41 31: 324, 22, 3
0 41 32: 325, 22, 0
0 41 40: 324, 22, 3
0 41 41: 325, 22, 1
0 41 42: 1341, 10, 0
0 41 43: 325, 22, 1
0 41 48: 1250, 22, 1
0 41 49: 1383, 10, 0
0 41 52: 1171, 10, 3
0 41 52: 1249, 22, 3
0 41 54: 1250, 22, 0
0 41 60: 325, 22, 1
0 41 62: 324, 22, 3
0 42 1: 325, 22, 1
0 42 3: 325, 22, 1
0 42 4: 326, 22, 0
0 42 7: 324, 22, 0
0 42 17: 1383, 10, 3
0 42 18: 1164, 10, 2
0 42 19: 1168, 10, 0
0 42 20: 1286, 10, 0
0 42 34: 325, 22, 2
0 42 36: 326, 22, 3
0 42 38: 324, 22, 1
0 42 42: 325, 22, 2
0 42 43: 325, 22, 1
0 42 47: 1383, 10, 3
0 42 50: 1250, 22, 2
0 42 53: 1286, 10, 2
0 42 54: 1171, 10, 2
0 42 55: 1250, 22, 3
0 42 56: 1250, 22, 1
0 42 59: 324, 22, 2
0 42 61: 325, 22, 2
0 42 62: 325, 22, 3
0 43 10: 324, 22, 2
0 43 11: 325, 22, 2
0 43 14: 1250, 22, 1
0 43 15: 1286, 10, 1
0 43 17: 1250, 22, 2
0 43 19: 1250, 22, 3
0 43 22: 1286, 10, 3
0 43 23: 1250, 22, 1
0 43 28: 324, 22, 1
0 43 30: 326, 22, 1
0 43 32: 326, 22, 2
0 43 34: 324, 22, 0
0 43 38: 325, 22, 3
0 43 39: 325, 22, 0
0 43 41: 326, 22, 3
0 43 42: 325, 22, 2
0 43 47: 1250, 22, 2
0 43 49: 1249, 22, 0
0 43 52: 1250, 22, 3
0 43 56: 1383, 10, 2
0 43 61: 325, 22, 3
0 43 63: 325, 22, 3
0 44 0: 325, 22, 2
0 44 3: 325, 22, 1
0 44 5: 325, 22, 3
0 44 6: 325, 22, 0
0 44 11: 325, 22, 1
0 44 18: 1282, 10, 3
0 44 21: 1250, 22, 2
0 44 24: 1383, 10, 1
0 44 33: 325, 22, 1
0 44 36: 1341, 10, 3
0 44 46: 1250, 22, 3
0 44 47: 1286, 10, 0
0 44 49: 1250, 22, 0
0 44 50: 1383, 10, 1
0 44 52: 1383, 10, 3
0 44 54: 1383, 10, 1
0 44 56: 1250, 22, 2
0 44 58: 325, 22, 0
0 44 60: 325, 22, 3
0 44 62: 325, 22, 3
0 45 2: 326, 22, 0
0 45 5: 325, 22, 0
0 45 8: 325, 22, 1
0 45 9: 325, 22, 2
0 45 10: 326, 22, 3
0 45 14: 1297, 10, 0
0 45 16: 1249, 22, 1
0 45 21: 1250, 22, 1
0 45 23: 1249, 22, 0
0 45 26: 1286, 10, 0
0 45 37: 326, 22, 0
0 45 38: 325, 22, 2
0 45 42: 1250, 22, 3
0 45 44: 1250, 22, 2
0 45 47: 1250, 22, 0
0 45 49: 1171, 10, 3
0 45 50: 1250, 22, 3
0 45 52: 1250, 22, 0
0 45 61: 326, 22, 0
0 45 62: 325, 22, 0
0 46 5: 325, 22, 1
0 46 7: 325, 22, 3
0 46 9: 1341, 10, 1
0 46 11: 325, 22, 0
0 46 12: 325, 22, 1
0 46 18: 1249, 22, 0
0 46 20: 1250, 22, 0
0 46 23: 1286, 10, 2
0 46 29: 1286, 10, 0
0 46 35: 326, 22, 3
0 46 44: 1383, 10, 0
0 46 46: 1250, 22, 1
0 46 48: 1286, 10, 0
0 46 50: 1282, 10, 1
0 46 52: 1250, 22, 2
0 46 54: 1250, 22, 1
0 46 57: 325, 22, 0
0 46 58: 325, 22, 1
0 46 59: 325, 22, 1
0 46 61: 325, 22, 0
0 46 62: 325, 22, 0
0 47 0: 325, 22, 1
0 47 3: 325, 22, 2
0 47 4: 325, 22, 1
0 47 6: 325, 22, 2
0 47 7: 325, 22, 0
0 47 17: 1286, 10, 0
0 47 21: 1250, 22, 2
0 47 25: 1250, 22, 2
0 47 28: 1250, 22, 1
0 47 33: 325, 22, 1
0 47 38: 325, 22, 2
0 47 42: 1250, 22, 3
0 47 44: 1250, 22, 2
0 47 46: 1383, 10, 2
0 47 47: 1250, 22, 0
0 47 49: 1249, 22, 0
0 47 53: 1286, 10, 2
0 47 57: 1341, 10, 3
0 47 58: 325, 22, 0
0 48 1: 325, 22, 0
0 48 9: 325, 22, 3
0 48 10: 325, 22, 3
0 48 11: 326, 22, 3
0 48 19: 1250, 22, 3
0 48 21: 1383, 10, 2
0 48 24: 1249, 22, 1
0 48 25: 1282, 10, 2
0 48 28: 1383, 10, 0
0 48 31: 1383, 10, 3
0 48 35: 325, 22, 1
0 48 37: 324, 22, 0
0 48 40: 1250, 22, 3
0 48 41: 1286, 10, 2
0 48 43: 1282, 10, 2
0 48 45: 1250, 22, 1
0 48 46: 1250, 22, 3
0 48 49: 1250, 22, 1
0 48 57: 324, 22, 3
0 48 59: 325, 22, 3
0 48 60: 325, 22, 3
0 48 62: 326, 22, 3
0 49 0: 325, 22, 0
0 49 3: 325, 22, 2
0 49 7: 324, 22, 1
0 49 18: 1286, 10, 1
0 49 22: 1250, 22, 0
0 49 23: 1383, 10, 0
0 49 34: 325, 22, 2
0 49 42: 1249, 22, 2
0 49 48: 1383, 10, 1
0 49 50: 1286, 10, 1
0 49 52: 1383, 10, 0
0 49 55: 325, 22, 1
0 49 60: 325, 22, 3
0 49 61: 325, 22, 3
0 50 3: 325, 22, 3
0 50 4: 324, 22, 2
0 50 5: 325, 22, 0
0 50 14: 325, 22, 2
0 50 15: 325, 22, 3
0 50 16: 325, 22, 3
0 50 20: 1250, 22, 0
0 50 21: 1286, 10, 1
0 50 27: 1249, 22, 2
0 50 29: 1250, 22, 0
0 50 35: 326, 22, 0
0 50 37: 325, 22, 3
0 50 41: 1250, 22, 0
0 50 44: 1250, 22, 0
0 50 46: 1383, 10, 2
0 50 47: 1250, 22, 2
0 50 51: 1250, 22, 2
0 50 54: 325, 22, 0
0 50 59: 326, 22, 2
0 50 60: 325, 22, 2
0 51 9: 325, 22, 1
0 51 11: 325, 22, 1
0 51 12: 324, 22, 1
0 51 13: 325, 22, 2
0 51 22: 1250, 22, 1
0 51 23: 1286, 10, 3
0 51 24: 1383, 10, 0
0 51 26: 1250, 22, 3
0 51 30: 1286, 10, 1
0 51 34: 325, 22, 0
0 51 40: 1250, 22, 0
0 51 41: 1383, 10, 0
0 51 43: 1250, 22, 3
0 51 48: 1249, 22, 1
0 51 49: 1250, 22, 3
0 51 50: 1297, 10, 0
0 51 55: 325, 22, 0
0 51 56: 325, 22, 0
0 51 57: 325, 22, 3
0 51 60: 325, 22, 1
0 51 62: 325, 22, 0
0 52 1: 325, 22, 3
0 52 3: 325, 22, 0
0 52 6: 325, 22, 3
0 52 9: 325, 22, 0
0 52 11: 325, 22, 3
0 52 15: 326, 22, 2
0 52 24: 1250, 22, 2
0 52 27: 1286, 10, 2
0 52 33: 325, 22, 2
0 52 37: 326, 22, 1
0 52 38: 325, 22, 2
0 52 42: 1250, 22, 2
0 52 43: 1383, 10, 3
0 52 44: 1250, 22, 2
0 52 45: 1286, 10, 1
0 52 46: 1250, 22, 1
0 52 48: 1383, 10, 1
0 52 52: 325, 22, 1
0 52 54: 324, 22, 0
0 52 58: 325, 22, 3
0 52 62: 324, 22, 2
0 53 1: 325, 22, 3
0 53 3: 326, 22, 1
0 53 6: 325, 22, 3
0 53 8: 326, 22, 2
0 53 13: 325, 22, 3
0 53 16: 325, 22, 3
0 53 19: 325, 22, 1
0 53 21: 324, 22, 0
0 53 25: 1383, 10, 1
0 53 28: 1383, 10, 2
0 53 38: 325, 22, 2
0 53 43: 1250, 22, 1
0 53 47: 1250, 22, 0
0 53 53: 325, 22, 0
0 53 54: 325, 22, 3
0 53 56: 325, 22, 2
0 53 61: 325, 22, 1
0 54 7: 325, 22, 0
0 54 12: 325, 22, 0
0 54 15: 326, 22, 2
0 54 18: 325, 22, 1
0 54 23: 325, 22, 3
0 54 33: 326, 22, 1
0 54 35: 324, 22, 1
0 54 37: 325, 22, 2
0 54 38: 325, 22, 3
0 54 39: 325, 22, 3
0 54 41: 325, 22, 0
0 54 58: 326, 22, 0
0 54 60: 325, 22, 1
0 55 3: 325, 22, 1
0 55 9: 326, 22, 0
0 55 15: 1341, 10, 0
0 55 17: 325, 22, 2
0 55 22: 325, 22, 0
0 55 30: 326, 22, 2
0 55 38: 325, 22, 1
0 55 43: 325, 22, 0
0 55 46: 1341, 10, 0
0 55 47: 325, 22, 2
0 55 49: 325, 22, 3
0 55 52: 325, 22, 1
0 55 54: 325, 22, 1
0 55 56: 326, 22, 3
0 55 60: 325, 22, 2
0 55 62: 325, 22, 0
0 55 63: 325, 22, 3
0 56 1: 325, 22, 2
0 56 5: 325, 22, 3
0 56 11: 325, 22, 2
0 56 12: 325, 22, 1
0 56 13: 325, 22, 2
0 56 16: 325, 22, 2
0 56 19: 324, 22, 1
0 56 21: 325, 22, 0
0 56 23: 1341, 10, 0
0 56 24: 326, 22, 2
0 56 27: 324, 22, 3
0 56 30: 326, 22, 2
0 56 34: 325, 22, 3
0 56 35: 325, 22, 0
0 56 35: 1341, 10, 2
0 56 36: 325, 22, 0
0 56 37: 325, 22, 1
0 56 38: 325, 22, 1
0 56 40: 325, 22, 0
0 56 41: 324, 22, 1
0 56 43: 325, 22, 1
0 56 44: 325, 22, 1
0 56 46: 324, 22, 2
0 56 50: 325, 22, 0
0 56 57: 324, 22, 1
0 56 59: 325, 22, 3
0 57 2: 325, 22, 0
0 57 4: 325, 22, 2
0 57 8: 325, 22, 2
0 57 10: 325, 22, 2
0 57 14: 325, 22, 1
0 57 21: 324, 22, 2
0 57 29: 326, 22, 2
0 57 32: 324, 22, 2
0 57 36: 324, 22, 2
0 57 38: 326, 22, 2
0 57 43: 326, 22, 3
0 57 48: 324, 22, 3
0 57 51: 325, 22, 0
0 57 52: 326, 22, 2
0 57 52: 1341, 10, 0
0 57 54: 325, 22, 0
0 57 56: 325, 22, 3
0 57 59: 325, 22, 0
0 57 60: 325, 22, 0
0 57 61: 326, 22, 2
0 58 3: 325, 22, 3
0 58 5: 325, 22, 2
0 58 11: 324, 22, 0
0 58 17: 326, 22, 1
0 58 18: 325, 22, 1
0 58 23: 325, 22, 0
0 58 25: 325, 22, 1
0 58 30: 1341, 10, 0
0 58 34: 325, 22, 3
0 58 40: 325, 22, 1
0 58 45: 325, 22, 2
0 58 47: 326, 22, 2
0 58 50: 325, 22, 1
0 58 54: 325, 22, 0
0 58 56: 325, 22, 3
0 58 57: 325, 22, 0
0 58 59: 326, 22, 1
0 58 61: 325, 22, 1
0 59 1: 325, 22, 1
0 59 7: 326, 22, 0
0 59 9: 325, 22, 1
0 59 12: 325, 22, 0
0 59 13: 325, 22, 1
0 59 15: 326, 22, 2
0 59 19: 325, 22, 2
0 59 21: 325, 22, 3
0 59 25: 325, 22, 1
0 59 26: 325, 22, 2
0 59 28: 324, 22, 2
0 59 32: 325, 22, 2
0 59 36: 325, 22, 2
0 59 43: 325, 22, 1
0 59 47: 325, 22, 2
0 59 49: 325, 22, 2
0 59 51: 326, 22, 1
0 59 53: 325, 22, 3
0 59 55: 324, 22, 2
0 59 57: 325, 22, 0
0 59 58: 325, 22, 1
0 59 61: 325, 22, 1
0 59 62: 324, 22, 1
0 60 1: 324, 22, 3
0 60 2: 325, 22, 0
0 60 4: 325, 22, 3
0 60 11: 325, 22, 3
0 60 19: 325, 22, 3
0 60 20: 325, 22, 3
0 60 27: 325, 22, 3
0 60 28: 325, 22, 3
0 60 31: 325, 22, 2
0 60 34: 325, 22, 3
0 60 38: 326, 22, 0
0 60 41: 325, 22, 3
0 60 43: 325, 22, 2
0 60 44: 325, 22, 3
0 60 45: 324, 22, 1
0 60 48: 325, 22, 3
0 60 50: 325, 22, 0
0 60 54: 325, 22, 2
0 61 1: 325, 22, 1
0 61 9: 326, 22, 3
0 61 12: 325, 22, 2
0 61 13: 325, 22, 3
0 61 17: 326, 22, 0
0 61 24: 326, 22, 0
0 61 26: 326, 22, 3
0 61 30: 324, 22, 0
0 61 31: 326, 22, 1
0 61 36: 325, 22, 0
0 61 41: 324, 22, 0
0 61 42: 325, 22, 2
0 61 43: 325, 22, 2
0 61 44: 325, 22, 3
0 61 47: 326, 22, 0
0 61 49: 324, 22, 3
0 61 50: 325, 22, 1
0 61 52: 325, 22, 0
0 61 55: 325, 22, 1
0 61 57: 326, 22, 0
0 61 59: 325, 22, 1
0 61 60: 324, 22, 0
0 62 2: 325, 22, 3
0 62 3: 325, 22, 3
0 62 5: 324, 22, 2
0 62 8: 325, 22, 0
0 62 11: 325, 22, 2
0 62 14: 324, 22, 1
0 62 15: 325, 22, 0
0 62 21: 324, 22, 0
0 62 28: 326, 22, 0
0 62 32: 325, 22, 3
0 62 33: 325, 22, 0
0 62 34: 324, 22, 3
0 62 36: 325, 22, 0
0 62 37: 325, 22, 0
0 62 46: 325, 22, 0
0 62 49: 325, 22, 1
0 62 51: 325, 22, 3
0 62 52: 325, 22, 3
0 62 54: 325, 22, 0
0 62 57: 325, 22, 0
0 62 58: 325, 22, 0
0 62 61: 326, 22, 3
0 62 62: 325, 22, 2
0 63 11: 325, 22, 1
0 63 15: 325, 22, 0
0 63 17: 325, 22, 1
0 63 18: 325, 22, 1
0 63 19: 325, 22, 2
0 63 24: 325, 22, 0
0 63 25: 325, 22, 1
0 63 26: 325, 22, 1
0 63 29: 325, 22, 2
0 63 30: 325, 22, 3
0 63 31: 325, 22, 3
0 63 35: 325, 22, 3
0 63 38: 326, 22, 0
0 63 43: 326, 22, 0
0 63 52: 326, 22, 3
0 63 58: 325, 22, 2
0 63 60: 325, 22, 2
0 63 61: 325, 22, 2
