0 0 28: 1257, 22, 3
0 0 29: 1257, 22, 0
0 1 20: 1179, 10, 0
0 1 24: 1257, 22, 1
0 1 29: 1257, 22, 0
0 2 5: 1253, 22, 3
0 2 24: 1257, 22, 2
0 2 25: 1257, 22, 2
0 2 26: 1248, 22, 1
0 2 28: 1258, 22, 3
0 2 29: 1257, 22, 0
0 2 30: 1245, 22, 1
0 2 36: 1276, 10, 2
0 2 40: 1254, 22, 0
0 2 59: 1286, 10, 2
0 2 62: 1282, 10, 0
0 3 2: 1278, 10, 2
0 3 9: 1244, 22, 3
0 3 24: 1257, 22, 3
0 3 29: 1258, 22, 0
0 3 30: 1257, 22, 3
0 3 44: 1254, 22, 1
0 3 48: 1254, 22, 2
0 3 56: 1282, 10, 2
0 4 2: 1247, 22, 2
0 4 3: 1248, 22, 0
0 4 5: 1248, 22, 3
0 4 5: 1276, 10, 1
0 4 6: 1244, 22, 2
0 4 8: 1253, 22, 3
0 4 16: 1178, 10, 2
0 4 19: 1298, 10, 1
0 4 24: 1257, 22, 0
0 4 25: 444, 10, 1
0 4 25: 1257, 22, 3
0 4 26: 1257, 22, 1
0 4 29: 1259, 22, 1
0 4 30: 1258, 22, 1
0 4 34: 1253, 22, 3
0 4 38: 1244, 22, 2
0 4 39: 1276, 10, 2
0 4 41: 1245, 22, 0
0 4 42: 1244, 22, 0
0 4 45: 444, 10, 1
0 4 57: 1247, 22, 2
0 5 2: 1244, 22, 3
0 5 4: 1244, 22, 1
0 5 8: 1253, 22, 3
0 5 9: 1276, 10, 1
0 5 23: 1257, 22, 3
0 5 24: 1257, 22, 3
0 5 25: 1257, 22, 0
0 5 26: 1257, 22, 2
0 5 29: 1258, 22, 2
0 5 30: 1259, 22, 1
0 5 34: 1244, 22, 2
0 5 35: 444, 10, 0
0 5 38: 1253, 22, 2
0 5 40: 1246, 22, 2
0 5 42: 1244, 22, 0
0 5 46: 1246, 22, 2
0 6 3: 1248, 22, 1
0 6 5: 1253, 22, 3
0 6 8: 1254, 22, 3
0 6 10: 1248, 22, 2
0 6 13: 445, 10, 1
0 6 24: 1257, 22, 3
0 6 25: 1257, 22, 2
0 6 29: 1257, 22, 1
0 6 31: 1276, 10, 2
0 6 37: 1281, 10, 2
0 6 40: 1254, 22, 2
0 6 42: 1244, 22, 3
0 6 43: 1276, 10, 1
0 6 47: 1253, 22, 0
0 6 53: 1282, 10, 2
0 7 2: 1245, 22, 2
0 7 3: 1276, 10, 2
0 7 4: 1253, 22, 3
0 7 5: 1247, 22, 1
0 7 6: 1245, 22, 2
0 7 6: 1278, 10, 1
0 7 7: 1253, 22, 3
0 7 8: 1244, 22, 0
0 7 10: 1244, 22, 3
0 7 20: 446, 10, 1
0 7 24: 1257, 22, 0
0 7 32: 1246, 22, 1
0 7 33: 1253, 22, 0
0 7 35: 1244, 22, 1
0 7 36: 1245, 22, 2
0 7 40: 445, 10, 2
0 7 42: 1254, 22, 1
0 7 46: 445, 10, 3
0 7 53: 1247, 22, 3
0 7 54: 1247, 22, 3
0 7 55: 1244, 22, 1
0 7 62: 1286, 10, 1
0 8 0: 1245, 22, 3
0 8 3: 1244, 22, 2
0 8 5: 1244, 22, 3
0 8 8: 1276, 10, 2
0 8 9: 1248, 22, 1
0 8 12: 1244, 22, 2
0 8 14: 1244, 22, 1
0 8 17: 1245, 22, 0
0 8 18: 446, 10, 2
0 8 20: 444, 10, 3
0 8 22: 447, 10, 0
0 8 23: 1257, 22, 3
0 8 25: 1248, 22, 0
0 8 30: 1253, 22, 1
0 8 33: 445, 10, 1
0 8 36: 1244, 22, 0
0 8 37: 1246, 22, 3
0 8 43: 1253, 22, 1
0 9 1: 1276, 10, 0
0 9 5: 1248, 22, 2
0 9 6: 1254, 22, 3
0 9 7: 1245, 22, 3
0 9 10: 445, 10, 1
0 9 12: 444, 10, 1
0 9 19: 447, 10, 0
0 9 22: 447, 10, 1
0 9 27: 1281, 10, 2
0 9 28: 1247, 22, 0
0 9 32: 1244, 22, 3
0 9 34: 1246, 22, 3
0 9 37: 444, 10, 3
0 9 39: 1245, 22, 3
0 9 40: 1253, 22, 0
0 9 42: 1244, 22, 2
0 9 44: 1276, 10, 2
0 9 49: 1244, 22, 0
0 9 55: 1286, 10, 3
0 9 58: 1282, 10, 3
0 9 59: 1247, 22, 0
0 10 4: 1254, 22, 3
0 10 5: 1245, 22, 0
0 10 7: 1244, 22, 2
0 10 8: 1244, 22, 1
0 10 11: 1246, 22, 0
0 10 19: 444, 10, 2
0 10 21: 445, 10, 1
0 10 23: 447, 10, 3
0 10 29: 1246, 22, 0
0 10 31: 1281, 10, 2
0 10 35: 1254, 22, 3
0 10 40: 1276, 10, 2
0 10 43: 1245, 22, 3
0 10 58: 1247, 22, 1
0 11 1: 1253, 22, 3
0 11 2: 1244, 22, 2
0 11 3: 1254, 22, 3
0 11 4: 1253, 22, 3
0 11 5: 1244, 22, 0
0 11 6: 444, 10, 1
0 11 12: 1244, 22, 1
0 11 13: 444, 10, 2
0 11 26: 1247, 22, 1
0 11 27: 1247, 22, 0
0 11 28: 1246, 22, 3
0 11 30: 1244, 22, 0
0 11 35: 1244, 22, 2
0 11 36: 1281, 10, 2
0 11 38: 1245, 22, 0
0 11 42: 1278, 10, 2
0 11 43: 1246, 22, 1
0 11 46: 445, 10, 0
0 11 53: 1286, 10, 0
0 11 62: 1265, 22, 3
0 12 2: 1247, 22, 3
0 12 2: 1278, 10, 3
0 12 4: 1253, 22, 3
0 12 5: 1276, 10, 3
0 12 7: 1247, 22, 0
0 12 9: 1245, 22, 2
0 12 11: 1245, 22, 3
0 12 16: 1245, 22, 0
0 12 19: 447, 10, 0
0 12 20: 447, 10, 1
0 12 22: 447, 10, 2
0 12 23: 1276, 10, 0
0 12 24: 1247, 22, 2
0 12 27: 1247, 22, 1
0 12 30: 1245, 22, 2
0 12 32: 1246, 22, 0
0 12 34: 1276, 10, 2
0 12 39: 1244, 22, 3
0 12 45: 1245, 22, 2
0 13 2: 1253, 22, 3
0 13 6: 1245, 22, 1
0 13 8: 1253, 22, 3
0 13 14: 1244, 22, 3
0 13 23: 1247, 22, 3
0 13 26: 1247, 22, 3
0 13 27: 1247, 22, 3
0 13 27: 1276, 10, 0
0 13 32: 1244, 22, 1
0 13 36: 1244, 22, 3
0 13 38: 1253, 22, 3
0 13 41: 1244, 22, 0
0 13 43: 1244, 22, 1
0 13 44: 1244, 22, 2
0 13 48: 1253, 22, 3
0 13 56: 1286, 10, 1
0 14 3: 1254, 22, 3
0 14 4: 1244, 22, 1
0 14 5: 1253, 22, 3
0 14 6: 1244, 22, 0
0 14 10: 1257, 22, 0
0 14 11: 1257, 22, 2
0 14 13: 1257, 22, 3
0 14 20: 1276, 10, 2
0 14 25: 1247, 22, 1
0 14 26: 1246, 22, 2
0 14 28: 1247, 22, 2
0 14 32: 1276, 10, 2
0 14 36: 1245, 22, 1
0 14 37: 444, 10, 2
0 14 39: 1253, 22, 2
0 14 40: 445, 10, 3
0 14 60: 1170, 10, 3
0 14 62: 1289, 10, 3
0 15 2: 1257, 22, 3
0 15 3: 1257, 22, 2
0 15 5: 1257, 22, 1
0 15 7: 1248, 22, 3
0 15 8: 1244, 22, 1
0 15 9: 1257, 22, 2
0 15 10: 1631, 9, 3
0 15 11: 1631, 9, 0
0 15 12: 1257, 22, 1
0 15 13: 1257, 22, 2
0 15 14: 1257, 22, 3
0 15 15: 1257, 22, 2
0 15 20: 1247, 22, 0
0 15 21: 1247, 22, 3
0 15 24: 1257, 22, 0
0 15 26: 1248, 22, 2
0 15 28: 1247, 22, 2
0 15 35: 1244, 22, 2
0 15 43: 1278, 10, 2
0 15 44: 1247, 22, 1
0 15 55: 1282, 10, 1
0 15 56: 1247, 22, 2
0 16 1: 1257, 22, 1
0 16 2: 362, 10, 1
0 16 2: 1257, 22, 2
0 16 3: 362, 10, 0
0 16 3: 1258, 22, 0
0 16 4: 1257, 22, 0
0 16 5: 307, 10, 0
0 16 6: 1247, 22, 0
0 16 9: 197, 6, 3
0 16 9: 1631, 9, 3
0 16 10: 358, 11, 3
0 16 10: 1631, 1, 3
0 16 11: 365, 10, 1
0 16 11: 1247, 22, 0
0 16 11: 1631, 1, 0
0 16 12: 197, 6, 0
0 16 12: 1631, 9, 0
0 16 13: 1258, 22, 3
0 16 14: 1257, 22, 0
0 16 16: 1257, 22, 1
0 16 23: 1276, 10, 3
0 16 24: 1257, 22, 1
0 16 28: 1257, 22, 0
0 16 31: 1244, 22, 1
0 16 37: 1253, 22, 1
0 16 39: 1254, 22, 2
0 16 40: 1244, 22, 1
0 16 41: 1245, 22, 1
0 16 43: 1247, 22, 3
0 16 44: 1247, 22, 2
0 16 55: 1247, 22, 3
0 17 0: 1631, 0, 0
0 17 1: 705, 5, 0
0 17 1: 1631, 2, 3
0 17 2: 196, 5, 0
0 17 2: 1631, 0, 0
0 17 3: 705, 5, 0
0 17 3: 1102, 10, 3
0 17 3: 1631, 0, 0
0 17 4: 1015, 10, 0
0 17 4: 1631, 2, 0
0 17 7: 1244, 22, 2
0 17 8: 1631, 9, 3
0 17 9: 362, 10, 3
0 17 9: 1631, 1, 3
0 17 10: 362, 10, 2
0 17 12: 357, 11, 2
0 17 12: 1631, 1, 0
0 17 13: 197, 6, 0
0 17 13: 1631, 9, 0
0 17 14: 1257, 22, 2
0 17 15: 1257, 22, 1
0 17 19: 1245, 22, 3
0 17 22: 1257, 22, 3
0 17 23: 1257, 22, 2
0 17 24: 1258, 22, 2
0 17 27: 1257, 22, 1
0 17 28: 1258, 22, 1
0 17 29: 1257, 22, 3
0 17 35: 445, 10, 2
0 17 37: 1278, 10, 2
0 17 42: 1247, 22, 0
0 17 46: 1276, 10, 0
0 17 51: 1282, 10, 3
0 17 52: 1247, 22, 0
0 17 59: 1248, 22, 2
0 18 1: 1015, 10, 3
0 18 1: 1247, 22, 0
0 18 1: 1631, 0, 3
0 18 3: 598, 10, 0
0 18 3: 1248, 22, 1
0 18 4: 1102, 10, 0
0 18 4: 1631, 0, 1
0 18 5: 1257, 22, 1
0 18 5: 1844, 4, 3
0 18 6: 1257, 22, 3
0 18 7: 1257, 22, 3
0 18 8: 1631, 9, 2
0 18 8: 1825, 8, 2
0 18 9: 362, 10, 1
0 18 9: 1631, 1, 2
0 18 11: 1247, 22, 1
0 18 13: 365, 10, 2
0 18 13: 1631, 1, 0
0 18 14: 1631, 9, 0
0 18 15: 1257, 22, 1
0 18 22: 1257, 22, 0
0 18 23: 1259, 22, 0
0 18 24: 1257, 22, 3
0 18 28: 1257, 22, 2
0 18 29: 1257, 22, 2
0 18 39: 1253, 22, 0
0 18 40: 1245, 22, 0
0 18 41: 1278, 10, 2
0 18 44: 1253, 22, 2
0 18 51: 1247, 22, 3
0 19 1: 1017, 10, 3
0 19 1: 1631, 0, 3
0 19 3: 687, 22, 3
0 19 4: 196, 5, 1
0 19 4: 1631, 0, 1
0 19 5: 205, 4, 3
0 19 5: 1257, 22, 0
0 19 6: 1257, 22, 2
0 19 7: 1257, 22, 0
0 19 8: 1257, 22, 1
0 19 9: 197, 8, 2
0 19 9: 1631, 9, 2
0 19 10: 1631, 1, 2
0 19 12: 356, 10, 2
0 19 13: 362, 10, 0
0 19 13: 1631, 1, 1
0 19 14: 1631, 9, 1
0 19 15: 1257, 22, 3
0 19 16: 1257, 22, 3
0 19 22: 1257, 22, 3
0 19 23: 1257, 22, 2
0 19 24: 1178, 10, 3
0 19 24: 1257, 22, 2
0 19 28: 981, 3, 2
0 19 28: 1257, 22, 1
0 19 29: 1257, 22, 3
0 19 30: 1257, 22, 2
0 19 39: 1244, 22, 3
0 19 41: 1247, 22, 2
0 19 42: 1247, 22, 1
0 19 52: 1247, 22, 2
0 19 55: 1264, 22, 1
0 19 60: 1282, 10, 1
0 19 61: 1247, 22, 3
0 20 1: 1016, 10, 3
0 20 1: 1248, 22, 2
0 20 1: 1631, 0, 3
0 20 4: 1530, 0, 1
0 20 7: 1257, 22, 1
0 20 8: 1257, 22, 0
0 20 10: 1530, 9, 2
0 20 11: 1631, 1, 2
0 20 12: 357, 11, 3
0 20 12: 1631, 1, 1
0 20 13: 197, 6, 1
0 20 13: 1631, 9, 1
0 20 14: 1257, 22, 0
0 20 15: 1276, 10, 2
0 20 16: 1257, 22, 0
0 20 23: 1257, 22, 3
0 20 24: 1257, 22, 1
0 20 28: 980, 9, 2
0 20 29: 980, 1, 2
0 20 29: 1257, 22, 0
0 20 30: 1257, 22, 0
0 20 31: 1257, 22, 1
0 20 57: 1286, 10, 2
0 20 60: 1247, 22, 0
0 21 1: 706, 5, 3
0 21 1: 1631, 0, 3
0 21 2: 688, 22, 3
0 21 4: 196, 5, 1
0 21 4: 1247, 22, 1
0 21 4: 1631, 0, 1
0 21 7: 1248, 22, 3
0 21 11: 197, 8, 2
0 21 11: 1631, 9, 2
0 21 12: 1631, 9, 1
0 21 13: 1298, 10, 2
0 21 14: 1257, 22, 2
0 21 15: 1257, 22, 0
0 21 16: 1247, 22, 2
0 21 19: 1278, 10, 3
0 21 20: 1247, 22, 3
0 21 23: 1276, 10, 0
0 21 29: 980, 9, 2
0 21 30: 980, 1, 2
0 21 30: 1257, 22, 2
0 21 31: 1257, 22, 1
0 21 37: 1247, 22, 3
0 21 37: 1276, 10, 3
0 21 54: 1282, 10, 0
0 21 55: 1247, 22, 1
0 21 61: 1247, 22, 3
0 22 0: 1248, 22, 2
0 22 1: 196, 5, 3
0 22 1: 362, 10, 2
0 22 1: 1631, 0, 3
0 22 2: 1247, 22, 0
0 22 3: 357, 11, 2
0 22 4: 358, 10, 3
0 22 4: 1631, 0, 1
0 22 4: 1844, 5, 1
0 22 5: 1844, 4, 3
0 22 11: 1276, 10, 3
0 22 12: 1247, 22, 3
0 22 13: 1257, 22, 1
0 22 14: 1257, 22, 1
0 22 19: 1247, 22, 0
0 22 20: 1246, 22, 1
0 22 23: 1247, 22, 2
0 22 25: 981, 3, 0
0 22 26: 980, 9, 0
0 22 30: 980, 9, 2
0 22 31: 980, 1, 2
0 22 31: 1257, 22, 3
0 22 32: 1257, 22, 1
0 22 37: 1247, 22, 3
0 22 38: 1246, 22, 1
0 22 41: 1248, 22, 3
0 22 48: 1248, 22, 0
0 22 54: 1247, 22, 3
0 22 59: 1122, 10, 2
0 22 60: 1247, 22, 0
0 22 61: 1289, 10, 1
0 22 62: 1247, 22, 2
0 23 1: 362, 10, 2
0 23 1: 1631, 0, 3
0 23 2: 196, 4, 2
0 23 2: 364, 10, 1
0 23 3: 1016, 10, 2
0 23 3: 1248, 22, 3
0 23 4: 357, 10, 0
0 23 4: 706, 5, 1
0 23 4: 1631, 0, 1
0 23 5: 1257, 22, 2
0 23 11: 1247, 22, 0
0 23 12: 1247, 22, 1
0 23 16: 1257, 22, 3
0 23 17: 1257, 22, 3
0 23 18: 1257, 22, 0
0 23 26: 980, 1, 0
0 23 27: 980, 9, 0
0 23 31: 980, 9, 2
0 23 32: 981, 3, 2
0 23 54: 1264, 22, 0
0 23 59: 1247, 22, 1
0 23 61: 1247, 22, 2
0 23 63: 1248, 22, 0
0 24 1: 1631, 2, 0
0 24 2: 196, 4, 3
0 24 2: 375, 10, 1
0 24 2: 1631, 0, 0
0 24 3: 375, 10, 1
0 24 3: 1023, 5, 0
0 24 3: 1631, 0, 0
0 24 4: 196, 5, 0
0 24 4: 1631, 0, 0
0 24 5: 1023, 5, 0
0 24 5: 1262, 22, 0
0 24 5: 1631, 0, 0
0 24 6: 362, 10, 3
0 24 6: 1631, 2, 0
0 24 10: 981, 0, 2
0 24 10: 1257, 22, 2
0 24 11: 981, 0, 2
0 24 11: 1298, 10, 2
0 24 12: 981, 0, 2
0 24 12: 1257, 22, 3
0 24 13: 1257, 22, 0
0 24 13: 1631, 0, 2
0 24 14: 1258, 22, 0
0 24 14: 1631, 0, 2
0 24 14: 1838, 5, 2
0 24 15: 1257, 22, 3
0 24 15: 1631, 0, 2
0 24 16: 1258, 22, 1
0 24 16: 1631, 0, 2
0 24 16: 1838, 5, 2
0 24 17: 1257, 22, 2
0 24 17: 1631, 0, 2
0 24 18: 1257, 22, 1
0 24 18: 1631, 3, 2
0 24 23: 1281, 10, 3
0 24 24: 1247, 22, 3
0 24 25: 1247, 22, 0
0 24 27: 980, 1, 0
0 24 28: 980, 9, 0
0 24 32: 980, 0, 3
0 24 46: 1276, 10, 1
0 24 56: 1247, 22, 2
0 24 59: 1289, 10, 0
0 25 1: 1631, 0, 1
0 25 2: 2739, 22, 0
0 25 3: 920, 22, 3
0 25 4: 921, 22, 3
0 25 5: 920, 22, 0
0 25 6: 1631, 0, 1
0 25 6: 1838, 5, 1
0 25 7: 1838, 4, 3
0 25 9: 1257, 22, 1
0 25 10: 981, 0, 3
0 25 10: 1257, 22, 0
0 25 11: 1257, 22, 3
0 25 12: 1257, 22, 0
0 25 12: 1631, 0, 1
0 25 13: 350, 10, 0
0 25 14: 604, 10, 0
0 25 14: 1838, 4, 0
0 25 15: 196, 4, 0
0 25 15: 419, 10, 3
0 25 16: 1247, 22, 2
0 25 16: 1838, 4, 0
0 25 17: 419, 10, 3
0 25 18: 1258, 22, 2
0 25 18: 1631, 0, 3
0 25 19: 1278, 10, 0
0 25 20: 1247, 22, 3
0 25 23: 1247, 22, 3
0 25 26: 1276, 10, 2
0 25 28: 980, 0, 1
0 25 30: 1248, 22, 3
0 25 32: 980, 0, 3
0 26 1: 1631, 0, 1
0 26 1: 1838, 5, 1
0 26 2: 1838, 4, 3
0 26 3: 920, 22, 2
0 26 4: 921, 22, 1
0 26 5: 920, 22, 1
0 26 6: 1530, 0, 1
0 26 10: 981, 0, 3
0 26 10: 1257, 22, 0
0 26 11: 1257, 22, 3
0 26 12: 1257, 22, 0
0 26 12: 1631, 0, 1
0 26 12: 1838, 5, 1
0 26 13: 1838, 4, 3
0 26 17: 196, 4, 1
0 26 18: 1257, 22, 1
0 26 18: 1631, 0, 3
0 26 19: 1247, 22, 2
0 26 24: 1246, 22, 3
0 26 27: 1247, 22, 1
0 26 28: 981, 3, 0
0 26 29: 980, 9, 0
0 26 32: 980, 0, 3
0 26 36: 1248, 22, 2
0 26 42: 1278, 10, 2
0 26 43: 1247, 22, 1
0 26 51: 1282, 10, 0
0 26 55: 1282, 10, 2
0 26 56: 1247, 22, 1
0 26 60: 1265, 22, 0
0 27 1: 1631, 0, 1
0 27 2: 1722, 10, 1
0 27 4: 917, 22, 3
0 27 5: 917, 22, 0
0 27 6: 196, 5, 1
0 27 6: 1631, 0, 1
0 27 7: 205, 4, 3
0 27 8: 1248, 22, 3
0 27 12: 205, 5, 1
0 27 12: 1631, 0, 1
0 27 13: 1247, 22, 3
0 27 15: 917, 22, 3
0 27 16: 917, 22, 0
0 27 17: 364, 10, 0
0 27 18: 1257, 22, 3
0 27 18: 1631, 0, 3
0 27 19: 1257, 22, 3
0 27 23: 1276, 10, 1
0 27 25: 1276, 10, 3
0 27 26: 1247, 22, 2
0 27 27: 1281, 10, 3
0 27 28: 1247, 22, 2
0 27 29: 980, 0, 1
0 27 29: 1246, 22, 3
0 27 32: 981, 3, 3
0 27 38: 1247, 22, 0
0 27 38: 1276, 10, 3
0 27 39: 1254, 22, 2
0 27 55: 1247, 22, 2
0 27 60: 1247, 22, 1
0 27 61: 1247, 22, 1
0 28 0: 1248, 22, 1
0 28 1: 1631, 0, 1
0 28 4: 918, 22, 2
0 28 5: 918, 22, 0
0 28 5: 1102, 10, 0
0 28 6: 1631, 0, 1
0 28 12: 1530, 0, 1
0 28 15: 918, 22, 2
0 28 16: 918, 22, 0
0 28 17: 1838, 4, 1
0 28 18: 1258, 22, 3
0 28 18: 1631, 0, 3
0 28 18: 1838, 5, 3
0 28 19: 1257, 22, 0
0 28 22: 1246, 22, 1
0 28 26: 1247, 22, 1
0 28 27: 1246, 22, 0
0 28 28: 1257, 22, 0
0 28 29: 980, 0, 1
0 28 29: 1257, 22, 1
0 28 32: 981, 3, 2
0 28 38: 1248, 22, 0
0 28 40: 1278, 10, 2
0 28 41: 1248, 22, 0
0 28 45: 1278, 10, 2
0 28 46: 1248, 22, 1
0 28 60: 1282, 10, 3
0 28 61: 1247, 22, 1
0 29 1: 1631, 0, 1
0 29 1: 1838, 5, 1
0 29 2: 1838, 4, 3
0 29 4: 917, 22, 2
0 29 4: 1102, 10, 3
0 29 5: 604, 10, 2
0 29 5: 917, 22, 1
0 29 6: 1102, 10, 1
0 29 6: 1631, 0, 1
0 29 6: 1839, 5, 1
0 29 7: 1839, 4, 3
0 29 10: 981, 0, 3
0 29 10: 1257, 22, 2
0 29 11: 1257, 22, 1
0 29 12: 1257, 22, 1
0 29 12: 1631, 0, 1
0 29 12: 1838, 5, 1
0 29 13: 1838, 4, 3
0 29 14: 1088, 10, 3
0 29 15: 917, 22, 2
0 29 15: 1088, 10, 3
0 29 16: 917, 22, 1
0 29 17: 2724, 10, 1
0 29 18: 1257, 22, 2
0 29 18: 1631, 0, 3
0 29 19: 1257, 22, 3
0 29 22: 1281, 10, 0
0 29 24: 1247, 22, 3
0 29 25: 1276, 10, 0
0 29 26: 1247, 22, 0
0 29 28: 981, 3, 1
0 29 28: 1257, 22, 1
0 29 29: 980, 9, 1
0 29 32: 980, 0, 3
0 29 41: 1265, 22, 1
0 29 43: 1265, 22, 1
0 29 43: 1278, 10, 2
0 29 51: 1265, 22, 3
0 29 53: 1248, 22, 1
0 29 60: 1247, 22, 1
0 29 61: 1247, 22, 3
0 30 1: 1631, 0, 1
0 30 2: 1247, 22, 1
0 30 3: 196, 4, 2
0 30 4: 391, 4, 2
0 30 5: 196, 4, 2
0 30 5: 1102, 10, 2
0 30 6: 1631, 0, 1
0 30 9: 1257, 22, 2
0 30 10: 981, 0, 3
0 30 10: 1257, 22, 0
0 30 11: 1257, 22, 1
0 30 12: 1257, 22, 2
0 30 12: 1631, 0, 1
0 30 13: 196, 4, 2
0 30 14: 595, 10, 3
0 30 16: 196, 4, 2
0 30 16: 1088, 10, 0
0 30 17: 381, 10, 1
0 30 18: 1258, 22, 0
0 30 18: 1631, 0, 3
0 30 27: 1276, 10, 0
0 30 28: 980, 0, 1
0 30 28: 1257, 22, 3
0 30 29: 1247, 22, 1
0 30 32: 980, 0, 3
0 30 32: 1257, 22, 2
0 30 33: 1281, 10, 1
0 30 34: 1247, 22, 3
0 30 41: 1278, 10, 2
0 30 43: 1247, 22, 2
0 30 44: 1254, 22, 3
0 30 52: 1282, 10, 1
0 30 53: 1247, 22, 0
0 30 55: 1289, 10, 3
0 30 58: 1247, 22, 1
0 31 1: 1631, 3, 0
0 31 2: 1631, 0, 0
0 31 3: 1631, 0, 0
0 31 4: 1631, 0, 0
0 31 5: 1631, 0, 0
0 31 6: 1631, 0, 0
0 31 7: 1248, 22, 2
0 31 10: 981, 0, 0
0 31 11: 981, 0, 0
0 31 11: 1258, 22, 3
0 31 12: 981, 0, 0
0 31 12: 1257, 22, 3
0 31 13: 1257, 22, 0
0 31 13: 1631, 0, 0
0 31 14: 1257, 22, 3
0 31 14: 1631, 0, 0
0 31 15: 1258, 22, 2
0 31 15: 1631, 0, 0
0 31 16: 1257, 22, 1
0 31 16: 1631, 0, 0
0 31 17: 1258, 22, 1
0 31 17: 1631, 0, 0
0 31 18: 1257, 22, 2
0 31 18: 1631, 3, 3
0 31 19: 1257, 22, 1
0 31 23: 1246, 22, 2
0 31 25: 1276, 10, 1
0 31 26: 1246, 22, 1
0 31 27: 1257, 22, 2
0 31 28: 980, 0, 1
0 31 28: 1257, 22, 0
0 31 32: 980, 0, 3
0 31 32: 1257, 22, 3
0 31 33: 1257, 22, 1
0 31 34: 1257, 22, 0
0 31 35: 1247, 22, 0
0 31 41: 1248, 22, 3
0 31 52: 1247, 22, 3
0 31 62: 1247, 22, 2
0 31 62: 1282, 10, 3
0 31 63: 1247, 22, 3
0 32 3: 1248, 22, 1
0 32 12: 1257, 22, 0
0 32 13: 1257, 22, 0
0 32 14: 1257, 22, 2
0 32 15: 1257, 22, 1
0 32 17: 1257, 22, 0
0 32 18: 1257, 22, 3
0 32 21: 1276, 10, 2
0 32 22: 1246, 22, 3
0 32 23: 1257, 22, 3
0 32 24: 1257, 22, 2
0 32 25: 1257, 22, 1
0 32 26: 1257, 22, 1
0 32 27: 1257, 22, 2
0 32 28: 980, 0, 1
0 32 28: 1258, 22, 0
0 32 32: 980, 0, 3
0 32 32: 1257, 22, 3
0 32 33: 1246, 22, 1
0 32 34: 1257, 22, 2
0 32 35: 1257, 22, 0
0 32 37: 1257, 22, 1
0 32 39: 1246, 22, 2
0 32 42: 1264, 22, 2
0 32 45: 1278, 10, 2
0 32 46: 1247, 22, 3
0 32 59: 1289, 10, 1
0 32 61: 1246, 22, 1
0 32 61: 1282, 10, 0
0 32 63: 1247, 22, 2
0 33 2: 1257, 22, 1
0 33 3: 1257, 22, 0
0 33 4: 1257, 22, 3
0 33 5: 1257, 22, 1
0 33 6: 1257, 22, 2
0 33 23: 1276, 10, 3
0 33 24: 1257, 22, 1
0 33 25: 1276, 10, 0
0 33 27: 1281, 10, 2
0 33 28: 981, 3, 0
0 33 28: 1257, 22, 3
0 33 29: 980, 9, 0
0 33 29: 1247, 22, 0
0 33 32: 980, 0, 3
0 33 32: 1257, 22, 0
0 33 33: 1257, 22, 3
0 33 34: 1276, 10, 3
0 33 35: 1247, 22, 1
0 33 42: 1278, 10, 2
0 33 43: 1265, 22, 2
0 33 49: 1276, 10, 2
0 33 52: 1264, 22, 3
0 33 61: 1247, 22, 3
0 33 62: 1247, 22, 1
0 34 1: 1257, 22, 2
0 34 2: 1258, 22, 3
0 34 3: 1258, 22, 0
0 34 4: 1257, 22, 2
0 34 5: 1257, 22, 0
0 34 6: 1257, 22, 3
0 34 7: 1257, 22, 0
0 34 8: 1257, 22, 3
0 34 18: 1281, 10, 3
0 34 19: 1247, 22, 1
0 34 20: 1247, 22, 3
0 34 21: 981, 3, 1
0 34 21: 1341, 10, 0
0 34 22: 980, 0, 2
0 34 23: 980, 0, 2
0 34 24: 980, 0, 2
0 34 24: 1246, 22, 2
0 34 25: 981, 3, 2
0 34 25: 1247, 22, 1
0 34 26: 1247, 22, 0
0 34 29: 980, 0, 1
0 34 29: 1247, 22, 2
0 34 32: 980, 0, 3
0 34 32: 1276, 10, 0
0 34 33: 1253, 22, 2
0 34 34: 1257, 22, 0
0 34 35: 1257, 22, 3
0 34 36: 1276, 10, 2
0 34 37: 1246, 22, 1
0 34 40: 1276, 10, 0
0 34 41: 1247, 22, 1
0 34 42: 1247, 22, 0
0 34 56: 1171, 11, 2
0 34 63: 1247, 22, 1
0 35 0: 1257, 22, 3
0 35 1: 1258, 22, 2
0 35 2: 1259, 22, 3
0 35 3: 1260, 22, 3
0 35 4: 1258, 22, 3
0 35 5: 1257, 22, 1
0 35 6: 980, 9, 3
0 35 7: 313, 11, 1
0 35 7: 980, 0, 0
0 35 8: 185, 22, 1
0 35 8: 313, 11, 1
0 35 8: 1007, 0, 0
0 35 9: 313, 10, 0
0 35 9: 1551, 0, 0
0 35 10: 313, 11, 1
0 35 10: 1553, 0, 0
0 35 11: 185, 22, 1
0 35 11: 1008, 0, 0
0 35 12: 185, 22, 1
0 35 12: 980, 0, 0
0 35 13: 980, 9, 0
0 35 18: 1247, 22, 2
0 35 25: 980, 9, 2
0 35 26: 980, 1, 2
0 35 26: 1257, 22, 0
0 35 27: 1247, 22, 3
0 35 28: 1246, 22, 2
0 35 29: 980, 0, 1
0 35 32: 980, 0, 3
0 35 32: 1257, 22, 2
0 35 33: 1247, 22, 1
0 35 34: 1253, 22, 2
0 35 34: 1276, 10, 3
0 35 35: 1257, 22, 2
0 35 40: 1248, 22, 2
0 35 44: 1276, 10, 1
0 35 45: 1248, 22, 2
0 35 60: 1171, 11, 3
0 35 62: 1247, 22, 2
0 36 1: 1257, 22, 0
0 36 2: 1259, 22, 2
0 36 3: 1259, 22, 1
0 36 4: 1257, 22, 0
0 36 5: 980, 9, 3
0 36 6: 981, 3, 3
0 36 7: 185, 22, 0
0 36 7: 313, 10, 0
0 36 8: 313, 10, 0
0 36 9: 313, 11, 1
0 36 10: 313, 10, 1
0 36 11: 313, 11, 1
0 36 12: 313, 11, 1
0 36 13: 185, 22, 2
0 36 13: 981, 3, 0
0 36 14: 980, 9, 0
0 36 18: 1247, 22, 3
0 36 20: 1246, 22, 0
0 36 23: 1248, 22, 0
0 36 26: 980, 9, 2
0 36 27: 980, 0, 2
0 36 27: 1257, 22, 2
0 36 28: 980, 0, 2
0 36 28: 1083, 10, 0
0 36 28: 1257, 22, 1
0 36 29: 980, 9, 1
0 36 32: 980, 9, 2
0 36 33: 980, 0, 2
0 36 33: 1257, 22, 3
0 36 34: 980, 0, 2
0 36 35: 980, 0, 2
0 36 35: 1257, 22, 1
0 36 36: 981, 3, 2
0 36 36: 1257, 22, 2
0 36 37: 1253, 22, 3
0 36 37: 1281, 10, 1
0 36 38: 1253, 22, 3
0 36 39: 1246, 22, 0
0 36 51: 1282, 10, 0
0 36 56: 1282, 10, 2
0 36 57: 1247, 22, 0
0 37 0: 1257, 22, 2
0 37 1: 1257, 22, 1
0 37 2: 1257, 22, 2
0 37 3: 1257, 22, 3
0 37 4: 980, 9, 3
0 37 5: 981, 3, 3
0 37 6: 185, 22, 1
0 37 6: 313, 10, 0
0 37 7: 313, 10, 0
0 37 8: 185, 22, 2
0 37 9: 313, 10, 0
0 37 12: 186, 22, 1
0 37 13: 313, 10, 0
0 37 14: 980, 1, 0
0 37 15: 980, 9, 0
0 37 18: 1246, 22, 3
0 37 32: 1247, 22, 0
0 37 35: 1246, 22, 3
0 37 36: 980, 9, 2
0 37 37: 980, 1, 2
0 37 37: 1253, 22, 2
0 37 38: 1253, 22, 2
0 37 52: 1246, 22, 1
0 37 56: 1247, 22, 3
0 37 59: 1282, 10, 3
0 37 60: 1247, 22, 0
0 38 0: 1257, 22, 2
0 38 1: 1257, 22, 3
0 38 2: 1257, 22, 2
0 38 3: 980, 9, 3
0 38 4: 313, 11, 1
0 38 4: 981, 3, 3
0 38 5: 186, 22, 1
0 38 5: 313, 11, 1
0 38 6: 185, 22, 1
0 38 6: 313, 11, 1
0 38 7: 313, 10, 1
0 38 8: 313, 10, 1
0 38 9: 313, 11, 1
0 38 10: 186, 22, 0
0 38 10: 313, 11, 1
0 38 11: 313, 11, 1
0 38 12: 313, 11, 1
0 38 13: 313, 10, 1
0 38 14: 185, 22, 3
0 38 14: 313, 11, 1
0 38 15: 980, 1, 0
0 38 16: 980, 9, 0
0 38 22: 1257, 22, 3
0 38 23: 1257, 22, 1
0 38 37: 980, 9, 2
0 38 38: 980, 1, 2
0 38 38: 1246, 22, 0
0 38 40: 1253, 22, 0
0 38 41: 1122, 10, 2
0 38 43: 1257, 22, 2
0 38 45: 1257, 22, 3
0 38 54: 1248, 22, 2
0 38 57: 1246, 22, 2
0 38 58: 1246, 22, 1
0 38 59: 1247, 22, 1
0 38 60: 1247, 22, 1
0 38 62: 1289, 10, 0
0 39 1: 1257, 22, 3
0 39 2: 1257, 22, 3
0 39 3: 185, 22, 3
0 39 3: 980, 0, 3
0 39 4: 313, 10, 0
0 39 5: 186, 22, 1
0 39 5: 313, 10, 0
0 39 6: 313, 10, 0
0 39 7: 185, 22, 0
0 39 7: 313, 10, 0
0 39 8: 313, 10, 0
0 39 9: 186, 22, 0
0 39 9: 313, 10, 0
0 39 11: 185, 22, 3
0 39 12: 313, 10, 0
0 39 13: 185, 22, 0
0 39 13: 313, 10, 0
0 39 14: 313, 10, 0
0 39 15: 186, 22, 2
0 39 15: 313, 10, 0
0 39 16: 980, 1, 0
0 39 17: 980, 9, 0
0 39 26: 981, 3, 0
0 39 27: 980, 0, 0
0 39 28: 980, 0, 0
0 39 28: 1257, 22, 1
0 39 29: 980, 9, 0
0 39 32: 980, 9, 3
0 39 33: 980, 0, 0
0 39 33: 1082, 10, 0
0 39 34: 980, 0, 0
0 39 34: 1257, 22, 0
0 39 35: 980, 9, 0
0 39 38: 980, 9, 2
0 39 39: 980, 0, 2
0 39 39: 1253, 22, 1
0 39 40: 980, 0, 2
0 39 40: 1253, 22, 1
0 39 41: 981, 3, 2
0 39 42: 1248, 22, 3
0 39 46: 1257, 22, 1
0 39 49: 1289, 10, 3
0 39 58: 1282, 10, 1
0 39 61: 1247, 22, 3
0 39 63: 1247, 22, 3
0 40 0: 1257, 22, 0
0 40 3: 185, 22, 3
0 40 3: 980, 0, 3
0 40 4: 185, 22, 0
0 40 4: 313, 11, 1
0 40 5: 313, 11, 1
0 40 6: 313, 11, 1
0 40 7: 313, 11, 1
0 40 8: 313, 11, 1
0 40 9: 313, 10, 1
0 40 10: 185, 22, 2
0 40 10: 313, 11, 1
0 40 11: 185, 22, 1
0 40 11: 313, 11, 1
0 40 12: 313, 11, 1
0 40 13: 186, 22, 3
0 40 13: 313, 11, 1
0 40 14: 313, 10, 1
0 40 15: 313, 11, 1
0 40 17: 185, 22, 1
0 40 17: 981, 3, 0
0 40 18: 980, 0, 0
0 40 19: 980, 0, 0
0 40 20: 186, 22, 1
0 40 20: 980, 0, 0
0 40 21: 980, 0, 0
0 40 22: 185, 22, 3
0 40 22: 980, 0, 0
0 40 23: 980, 0, 0
0 40 24: 185, 22, 3
0 40 24: 980, 9, 0
0 40 26: 185, 22, 0
0 40 28: 1257, 22, 0
0 40 28: 1341, 10, 3
0 40 29: 980, 0, 1
0 40 29: 1257, 22, 0
0 40 32: 980, 0, 3
0 40 32: 1257, 22, 1
0 40 33: 1278, 10, 1
0 40 34: 1247, 22, 3
0 40 35: 980, 1, 0
0 40 35: 1257, 22, 2
0 40 36: 980, 9, 0
0 40 53: 1282, 10, 0
0 40 54: 1247, 22, 3
0 40 55: 1246, 22, 3
0 40 59: 1247, 22, 3
0 41 1: 1257, 22, 2
0 41 2: 1257, 22, 2
0 41 3: 980, 0, 3
0 41 4: 313, 10, 0
0 41 6: 185, 22, 3
0 41 7: 313, 10, 0
0 41 8: 185, 22, 2
0 41 9: 313, 10, 0
0 41 10: 313, 10, 0
0 41 11: 313, 10, 0
0 41 12: 185, 22, 1
0 41 13: 185, 22, 0
0 41 14: 313, 10, 0
0 41 15: 313, 10, 0
0 41 16: 186, 22, 2
0 41 16: 313, 10, 0
0 41 17: 313, 10, 0
0 41 18: 184, 22, 2
0 41 18: 313, 10, 0
0 41 19: 313, 10, 0
0 41 20: 185, 22, 2
0 41 20: 313, 10, 0
0 41 21: 313, 10, 0
0 41 22: 186, 22, 0
0 41 22: 313, 10, 0
0 41 23: 313, 10, 0
0 41 24: 185, 22, 0
0 41 24: 981, 3, 0
0 41 25: 185, 22, 2
0 41 25: 980, 9, 0
0 41 29: 980, 0, 1
0 41 32: 980, 0, 3
0 41 32: 1257, 22, 0
0 41 33: 1247, 22, 1
0 41 35: 1247, 22, 2
0 41 35: 1278, 10, 2
0 41 36: 980, 1, 0
0 41 37: 980, 9, 0
0 41 42: 1248, 22, 0
0 41 43: 1257, 22, 3
0 41 49: 1248, 22, 3
0 41 54: 1247, 22, 0
0 41 55: 1289, 10, 0
0 42 0: 1257, 22, 1
0 42 2: 980, 9, 3
0 42 3: 981, 3, 3
0 42 4: 185, 22, 1
0 42 4: 313, 11, 1
0 42 5: 313, 11, 1
0 42 6: 313, 11, 1
0 42 7: 313, 10, 1
0 42 8: 313, 10, 1
0 42 9: 313, 11, 1
0 42 10: 313, 11, 1
0 42 11: 313, 11, 1
0 42 12: 313, 11, 1
0 42 13: 186, 22, 2
0 42 13: 313, 11, 1
0 42 14: 313, 10, 1
0 42 15: 313, 10, 1
0 42 16: 313, 10, 1
0 42 17: 313, 11, 1
0 42 18: 313, 11, 1
0 42 19: 313, 11, 1
0 42 20: 313, 11, 1
0 42 21: 313, 11, 1
0 42 22: 313, 11, 1
0 42 23: 313, 11, 1
0 42 25: 980, 1, 0
0 42 26: 980, 9, 0
0 42 27: 185, 22, 1
0 42 29: 980, 0, 1
0 42 31: 1247, 22, 0
0 42 32: 980, 0, 3
0 42 32: 1257, 22, 1
0 42 33: 1257, 22, 0
0 42 34: 1257, 22, 3
0 42 36: 1247, 22, 3
0 42 37: 981, 3, 0
0 42 37: 1257, 22, 0
0 42 38: 980, 0, 0
0 42 39: 980, 9, 0
0 42 42: 1276, 10, 1
0 42 43: 1257, 22, 0
0 42 52: 1282, 10, 1
0 42 53: 1247, 22, 1
0 42 55: 1246, 22, 2
0 42 56: 1247, 22, 0
0 42 59: 1247, 22, 0
0 42 63: 1289, 10, 2
0 43 1: 980, 9, 3
0 43 2: 186, 22, 2
0 43 2: 981, 3, 3
0 43 3: 186, 22, 3
0 43 4: 313, 10, 0
0 43 5: 313, 10, 0
0 43 6: 313, 10, 0
0 43 8: 313, 10, 0
0 43 9: 313, 10, 0
0 43 10: 313, 10, 0
0 43 11: 186, 22, 1
0 43 12: 313, 10, 0
0 43 14: 313, 10, 0
0 43 15: 313, 10, 0
0 43 17: 313, 10, 0
0 43 18: 186, 22, 3
0 43 18: 313, 10, 0
0 43 19: 313, 10, 0
0 43 20: 313, 10, 0
0 43 22: 185, 22, 1
0 43 22: 313, 10, 0
0 43 23: 313, 10, 0
0 43 24: 313, 10, 0
0 43 25: 185, 22, 2
0 43 25: 313, 10, 0
0 43 26: 185, 22, 2
0 43 26: 980, 1, 0
0 43 27: 185, 22, 1
0 43 27: 980, 9, 0
0 43 29: 981, 3, 0
0 43 32: 980, 0, 3
0 43 32: 1257, 22, 3
0 43 33: 1257, 22, 3
0 43 34: 1278, 10, 0
0 43 36: 1278, 10, 3
0 43 39: 981, 3, 0
0 43 40: 980, 0, 0
0 43 41: 981, 3, 3
0 43 42: 1247, 22, 1
0 43 52: 1247, 22, 1
0 43 53: 1247, 22, 2
0 43 55: 1289, 10, 2
0 43 56: 1246, 22, 0
0 43 56: 1283, 10, 1
0 43 57: 1247, 22, 0
0 43 61: 1289, 10, 2
0 43 62: 1122, 10, 2
0 44 1: 980, 0, 3
0 44 3: 313, 10, 0
0 44 4: 313, 11, 1
0 44 5: 185, 22, 2
0 44 5: 313, 10, 1
0 44 6: 313, 11, 1
0 44 7: 313, 11, 1
0 44 8: 313, 11, 1
0 44 9: 313, 10, 0
0 44 10: 313, 10, 1
0 44 11: 313, 11, 1
0 44 12: 313, 11, 1
0 44 13: 313, 11, 1
0 44 14: 186, 22, 1
0 44 14: 313, 11, 1
0 44 15: 313, 11, 1
0 44 16: 313, 11, 1
0 44 17: 186, 22, 0
0 44 17: 313, 11, 1
0 44 18: 313, 11, 1
0 44 19: 313, 11, 1
0 44 20: 313, 11, 1
0 44 21: 186, 22, 3
0 44 21: 313, 11, 1
0 44 22: 313, 11, 1
0 44 23: 313, 10, 1
0 44 24: 313, 11, 1
0 44 25: 313, 11, 1
0 44 26: 313, 11, 1
0 44 27: 185, 22, 3
0 44 27: 980, 1, 0
0 44 28: 980, 9, 0
0 44 32: 980, 9, 2
0 44 33: 981, 3, 2
0 44 33: 1257, 22, 1
0 44 34: 1247, 22, 2
0 44 35: 1247, 22, 0
0 44 37: 1247, 22, 2
0 44 48: 1122, 10, 2
0 44 49: 1246, 22, 2
0 44 55: 1247, 22, 0
0 44 57: 1248, 22, 1
0 44 57: 1282, 10, 3
0 44 58: 1247, 22, 2
0 44 59: 1247, 22, 3
0 44 62: 1247, 22, 3
0 44 63: 1247, 22, 2
0 45 1: 980, 0, 3
0 45 2: 313, 10, 0
0 45 3: 186, 22, 0
0 45 3: 313, 10, 0
0 45 6: 313, 10, 0
0 45 7: 186, 22, 0
0 45 9: 313, 10, 0
0 45 10: 186, 22, 3
0 45 10: 313, 10, 0
0 45 11: 313, 10, 0
0 45 14: 313, 10, 0
0 45 15: 186, 22, 2
0 45 15: 313, 10, 0
0 45 16: 313, 10, 0
0 45 17: 313, 10, 0
0 45 19: 313, 10, 0
0 45 20: 313, 10, 0
0 45 21: 185, 22, 2
0 45 21: 313, 10, 0
0 45 22: 313, 10, 0
0 45 23: 313, 10, 0
0 45 24: 184, 22, 0
0 45 24: 313, 10, 0
0 45 25: 313, 10, 0
0 45 26: 313, 10, 0
0 45 28: 980, 0, 1
0 45 33: 980, 9, 2
0 45 34: 981, 3, 2
0 45 35: 1341, 10, 1
0 45 37: 1247, 22, 2
0 45 40: 1278, 10, 1
0 45 41: 1247, 22, 0
0 45 43: 1257, 22, 3
0 45 54: 1164, 10, 3
0 45 55: 1282, 10, 0
0 45 56: 1282, 10, 1
0 45 59: 1171, 10, 0
0 45 60: 1171, 11, 0
0 46 1: 980, 0, 3
0 46 2: 186, 22, 1
0 46 2: 313, 10, 0
0 46 3: 313, 10, 0
0 46 4: 313, 11, 1
0 46 5: 185, 22, 0
0 46 5: 313, 10, 1
0 46 6: 313, 11, 1
0 46 7: 313, 11, 1
0 46 8: 313, 10, 1
0 46 9: 313, 11, 1
0 46 10: 313, 10, 1
0 46 11: 313, 11, 1
0 46 12: 313, 11, 1
0 46 13: 313, 11, 1
0 46 14: 313, 11, 1
0 46 15: 313, 10, 0
0 46 16: 313, 10, 1
0 46 17: 313, 11, 1
0 46 18: 185, 22, 1
0 46 18: 313, 11, 1
0 46 19: 313, 11, 1
0 46 20: 313, 10, 1
0 46 21: 184, 22, 2
0 46 21: 313, 11, 1
0 46 22: 184, 22, 1
0 46 22: 313, 10, 1
0 46 23: 184, 22, 3
0 46 23: 313, 11, 1
0 46 24: 313, 10, 1
0 46 25: 313, 11, 1
0 46 26: 186, 22, 3
0 46 26: 313, 11, 1
0 46 27: 186, 22, 3
0 46 27: 981, 3, 1
0 46 28: 980, 9, 1
0 46 30: 1257, 22, 0
0 46 33: 1247, 22, 1
0 46 36: 1253, 22, 1
0 46 36: 1278, 10, 2
0 46 37: 1253, 22, 3
0 46 40: 1247, 22, 2
0 46 49: 1122, 10, 2
0 46 52: 1164, 10, 1
0 46 54: 1247, 22, 1
0 46 55: 1247, 22, 0
0 46 57: 1282, 10, 1
0 46 58: 1247, 22, 1
0 46 59: 1171, 10, 3
0 46 60: 1247, 22, 3
0 46 61: 1171, 10, 0
0 47 1: 980, 0, 3
0 47 3: 313, 11, 1
0 47 4: 185, 22, 0
0 47 4: 313, 10, 0
0 47 5: 313, 10, 0
0 47 6: 313, 10, 0
0 47 8: 185, 22, 3
0 47 9: 313, 10, 0
0 47 10: 313, 10, 0
0 47 11: 185, 22, 2
0 47 14: 185, 22, 1
0 47 14: 313, 10, 0
0 47 15: 313, 11, 1
0 47 16: 313, 10, 0
0 47 18: 185, 22, 0
0 47 20: 313, 11, 1
0 47 21: 185, 22, 0
0 47 22: 313, 10, 0
0 47 23: 313, 10, 0
0 47 24: 313, 10, 0
0 47 25: 313, 10, 0
0 47 26: 313, 10, 0
0 47 27: 185, 22, 2
0 47 27: 980, 0, 1
0 47 31: 1257, 22, 1
0 47 36: 1247, 22, 2
0 47 37: 1247, 22, 3
0 47 41: 1247, 22, 2
0 47 48: 1265, 22, 0
0 47 53: 1164, 10, 0
0 47 56: 1282, 10, 2
0 47 57: 1247, 22, 2
0 47 59: 1247, 22, 2
0 48 1: 980, 0, 3
0 48 2: 186, 22, 1
0 48 3: 313, 10, 0
0 48 4: 185, 22, 1
0 48 6: 313, 11, 1
0 48 7: 313, 11, 1
0 48 8: 313, 10, 1
0 48 9: 313, 11, 1
0 48 10: 313, 11, 1
0 48 11: 313, 11, 1
0 48 12: 313, 11, 1
0 48 13: 313, 10, 1
0 48 14: 313, 11, 1
0 48 15: 185, 22, 1
0 48 15: 313, 10, 0
0 48 16: 313, 11, 1
0 48 17: 313, 11, 1
0 48 18: 313, 11, 1
0 48 19: 313, 10, 1
0 48 20: 313, 11, 1
0 48 21: 313, 11, 1
0 48 22: 313, 10, 1
0 48 23: 313, 11, 1
0 48 24: 313, 11, 1
0 48 25: 313, 11, 1
0 48 26: 313, 11, 1
0 48 27: 980, 0, 1
0 48 28: 185, 22, 3
0 48 30: 1257, 22, 1
0 48 31: 1258, 22, 0
0 48 32: 1257, 22, 3
0 48 56: 1247, 22, 1
0 48 57: 1247, 22, 1
0 48 58: 1289, 10, 3
0 48 61: 1247, 22, 2
0 48 63: 1247, 22, 1
0 49 1: 980, 0, 3
0 49 2: 185, 22, 2
0 49 2: 313, 10, 0
0 49 3: 313, 10, 0
0 49 4: 185, 22, 1
0 49 4: 313, 10, 0
0 49 5: 313, 10, 0
0 49 7: 185, 22, 0
0 49 8: 313, 10, 0
0 49 9: 313, 10, 0
0 49 12: 186, 22, 3
0 49 13: 186, 22, 3
0 49 13: 313, 10, 0
0 49 14: 313, 10, 0
0 49 15: 185, 22, 3
0 49 15: 313, 10, 0
0 49 16: 186, 22, 0
0 49 16: 313, 10, 0
0 49 17: 186, 22, 1
0 49 18: 313, 10, 0
0 49 19: 313, 10, 0
0 49 20: 186, 22, 1
0 49 21: 186, 22, 2
0 49 23: 313, 10, 0
0 49 24: 313, 10, 0
0 49 25: 313, 10, 0
0 49 26: 313, 10, 0
0 49 27: 185, 22, 1
0 49 27: 980, 0, 1
0 49 29: 1257, 22, 3
0 49 30: 1258, 22, 3
0 49 31: 1259, 22, 3
0 49 32: 1259, 22, 2
0 49 32: 1286, 10, 3
0 49 33: 1257, 22, 3
0 49 44: 1189, 10, 2
0 49 46: 1189, 10, 3
0 49 52: 1286, 10, 2
0 49 61: 1282, 10, 0
0 49 62: 1247, 22, 2
0 50 1: 980, 9, 2
0 50 2: 981, 3, 2
0 50 3: 313, 11, 1
0 50 4: 313, 11, 1
0 50 5: 313, 11, 1
0 50 6: 313, 10, 1
0 50 7: 313, 11, 1
0 50 8: 313, 11, 1
0 50 9: 313, 11, 1
0 50 10: 313, 10, 1
0 50 11: 186, 22, 1
0 50 11: 313, 10, 1
0 50 12: 313, 11, 1
0 50 13: 313, 11, 1
0 50 14: 313, 11, 1
0 50 15: 313, 11, 1
0 50 16: 313, 11, 1
0 50 17: 313, 11, 1
0 50 18: 313, 10, 1
0 50 19: 313, 11, 1
0 50 20: 313, 11, 1
0 50 21: 313, 11, 1
0 50 22: 313, 11, 1
0 50 23: 313, 10, 1
0 50 24: 313, 11, 1
0 50 25: 313, 10, 1
0 50 26: 184, 22, 1
0 50 26: 313, 11, 1
0 50 27: 185, 22, 1
0 50 27: 980, 0, 1
0 50 29: 1257, 22, 2
0 50 30: 1257, 22, 2
0 50 30: 1286, 10, 1
0 50 31: 1260, 22, 0
0 50 32: 1259, 22, 1
0 50 33: 1258, 22, 0
0 50 39: 1278, 10, 0
0 50 46: 1189, 10, 2
0 50 61: 1247, 22, 3
0 50 63: 1247, 22, 0
0 51 2: 980, 9, 2
0 51 3: 313, 10, 0
0 51 3: 981, 3, 2
0 51 4: 313, 10, 0
0 51 5: 313, 10, 0
0 51 6: 313, 10, 0
0 51 7: 186, 22, 2
0 51 7: 313, 10, 0
0 51 9: 313, 10, 0
0 51 10: 313, 10, 0
0 51 11: 185, 22, 1
0 51 13: 313, 10, 0
0 51 15: 185, 22, 2
0 51 17: 186, 22, 0
0 51 18: 186, 22, 0
0 51 20: 186, 22, 0
0 51 20: 313, 10, 0
0 51 21: 313, 10, 0
0 51 22: 313, 10, 0
0 51 23: 186, 22, 3
0 51 23: 313, 10, 0
0 51 24: 313, 10, 0
0 51 25: 313, 10, 0
0 51 26: 313, 10, 0
0 51 27: 980, 0, 1
0 51 28: 185, 22, 0
0 51 30: 1258, 22, 2
0 51 31: 1259, 22, 2
0 51 32: 1258, 22, 1
0 51 33: 1257, 22, 0
0 51 37: 1257, 22, 1
0 51 38: 1257, 22, 1
0 51 40: 1247, 22, 2
0 51 45: 1189, 10, 1
0 51 48: 1189, 10, 0
0 51 49: 1247, 22, 3
0 51 55: 1282, 10, 1
0 51 56: 1247, 22, 2
0 51 59: 1282, 10, 3
0 52 3: 980, 0, 3
0 52 4: 313, 11, 1
0 52 5: 313, 11, 1
0 52 6: 313, 11, 1
0 52 7: 313, 11, 1
0 52 8: 313, 11, 1
0 52 9: 313, 11, 1
0 52 10: 313, 11, 1
0 52 11: 313, 10, 1
0 52 12: 313, 10, 1
0 52 13: 313, 11, 1
0 52 14: 313, 11, 1
0 52 15: 313, 10, 1
0 52 16: 313, 10, 1
0 52 17: 313, 11, 1
0 52 18: 313, 11, 1
0 52 19: 313, 10, 1
0 52 20: 313, 10, 0
0 52 21: 313, 11, 1
0 52 22: 313, 11, 1
0 52 23: 313, 11, 1
0 52 24: 313, 11, 1
0 52 25: 313, 10, 1
0 52 26: 313, 11, 1
0 52 27: 981, 3, 0
0 52 28: 980, 9, 0
0 52 30: 1257, 22, 1
0 52 31: 1257, 22, 1
0 52 31: 1286, 10, 0
0 52 32: 1257, 22, 0
0 52 36: 1257, 22, 0
0 52 37: 1257, 22, 0
0 52 38: 1257, 22, 1
0 52 46: 1189, 10, 1
0 52 55: 1247, 22, 0
0 52 56: 1247, 22, 1
0 53 3: 185, 22, 3
0 53 3: 980, 0, 3
0 53 4: 185, 22, 3
0 53 4: 313, 10, 0
0 53 5: 313, 10, 0
0 53 6: 185, 22, 3
0 53 6: 313, 10, 0
0 53 7: 313, 10, 0
0 53 8: 313, 10, 0
0 53 10: 185, 22, 0
0 53 11: 313, 10, 0
0 53 12: 313, 10, 0
0 53 13: 186, 22, 0
0 53 13: 313, 10, 0
0 53 16: 313, 11, 1
0 53 17: 313, 10, 0
0 53 18: 185, 22, 2
0 53 18: 313, 10, 0
0 53 19: 313, 10, 0
0 53 24: 186, 22, 2
0 53 25: 313, 10, 0
0 53 26: 313, 10, 0
0 53 27: 185, 22, 2
0 53 28: 980, 0, 1
0 53 30: 1257, 22, 0
0 53 31: 1257, 22, 1
0 53 32: 1257, 22, 3
0 53 33: 1248, 22, 1
0 53 36: 1258, 22, 1
0 53 37: 1257, 22, 3
0 53 60: 1289, 10, 1
0 53 62: 1248, 22, 2
0 54 3: 980, 0, 3
0 54 4: 313, 11, 1
0 54 5: 313, 11, 1
0 54 6: 313, 11, 1
0 54 7: 313, 11, 1
0 54 8: 184, 22, 1
0 54 8: 313, 10, 1
0 54 9: 313, 11, 1
0 54 10: 313, 11, 1
0 54 11: 184, 22, 2
0 54 11: 313, 11, 1
0 54 12: 184, 22, 3
0 54 12: 313, 11, 1
0 54 13: 313, 11, 1
0 54 14: 313, 11, 1
0 54 15: 186, 22, 1
0 54 15: 313, 10, 1
0 54 16: 313, 10, 1
0 54 17: 313, 10, 1
0 54 18: 313, 10, 1
0 54 19: 313, 11, 1
0 54 20: 313, 11, 1
0 54 21: 313, 11, 1
0 54 22: 184, 22, 3
0 54 22: 313, 11, 1
0 54 23: 313, 11, 1
0 54 24: 313, 11, 1
0 54 25: 185, 22, 0
0 54 25: 313, 11, 1
0 54 26: 184, 22, 0
0 54 26: 313, 11, 1
0 54 28: 980, 0, 1
0 54 31: 1257, 22, 2
0 54 35: 1258, 22, 2
0 54 36: 1257, 22, 0
0 54 37: 1257, 22, 2
0 54 38: 1276, 10, 3
0 54 39: 1247, 22, 2
0 54 41: 1257, 22, 0
0 54 42: 1257, 22, 0
0 54 43: 447, 10, 2
0 54 59: 1247, 22, 2
0 54 60: 1247, 22, 1
0 55 1: 185, 22, 2
0 55 2: 185, 22, 1
0 55 2: 980, 9, 3
0 55 3: 313, 11, 1
0 55 3: 981, 3, 3
0 55 4: 313, 10, 0
0 55 5: 313, 10, 0
0 55 6: 186, 22, 3
0 55 6: 313, 10, 0
0 55 9: 313, 10, 0
0 55 10: 313, 10, 0
0 55 11: 313, 10, 0
0 55 14: 313, 10, 0
0 55 15: 313, 10, 0
0 55 16: 313, 10, 0
0 55 17: 186, 22, 1
0 55 19: 186, 22, 2
0 55 19: 313, 10, 0
0 55 20: 313, 10, 0
0 55 21: 185, 22, 1
0 55 21: 313, 10, 0
0 55 22: 313, 10, 0
0 55 23: 313, 10, 0
0 55 24: 313, 10, 0
0 55 26: 185, 22, 0
0 55 26: 313, 10, 0
0 55 27: 185, 22, 3
0 55 28: 185, 22, 2
0 55 28: 980, 0, 1
0 55 35: 1257, 22, 1
0 55 35: 1278, 10, 0
0 55 38: 1247, 22, 2
0 55 42: 1257, 22, 3
0 55 43: 1257, 22, 0
0 55 48: 1122, 10, 2
0 55 51: 1286, 10, 3
0 55 53: 1171, 10, 1
0 55 58: 1286, 10, 3
0 56 2: 980, 0, 3
0 56 3: 185, 22, 0
0 56 4: 313, 11, 1
0 56 5: 186, 22, 3
0 56 5: 313, 11, 1
0 56 6: 313, 11, 1
0 56 7: 313, 11, 1
0 56 8: 313, 11, 1
0 56 9: 313, 10, 0
0 56 10: 184, 22, 0
0 56 10: 313, 10, 0
0 56 11: 313, 11, 1
0 56 12: 313, 10, 0
0 56 13: 313, 10, 1
0 56 14: 184, 22, 3
0 56 14: 313, 11, 1
0 56 15: 313, 11, 1
0 56 16: 313, 10, 1
0 56 17: 313, 11, 1
0 56 18: 313, 11, 1
0 56 19: 313, 11, 1
0 56 20: 313, 11, 1
0 56 21: 313, 11, 1
0 56 22: 313, 11, 1
0 56 23: 313, 11, 1
0 56 24: 313, 11, 1
0 56 25: 313, 11, 1
0 56 26: 313, 11, 1
0 56 27: 185, 22, 3
0 56 27: 981, 3, 1
0 56 28: 185, 22, 2
0 56 28: 980, 9, 1
0 56 35: 1247, 22, 0
0 56 37: 1247, 22, 1
0 56 39: 1257, 22, 0
0 56 40: 447, 10, 2
0 56 40: 1257, 22, 1
0 56 41: 1257, 22, 2
0 56 42: 446, 10, 1
0 56 43: 1257, 22, 3
0 56 44: 447, 10, 3
0 56 44: 1257, 22, 2
0 56 45: 1257, 22, 1
0 56 58: 1247, 22, 2
0 57 1: 185, 22, 2
0 57 2: 980, 0, 3
0 57 3: 185, 22, 1
0 57 4: 185, 22, 1
0 57 7: 185, 22, 3
0 57 7: 981, 3, 1
0 57 8: 980, 0, 2
0 57 9: 185, 22, 0
0 57 9: 980, 0, 2
0 57 10: 185, 22, 0
0 57 10: 980, 0, 2
0 57 11: 981, 3, 2
0 57 15: 184, 22, 0
0 57 16: 296, 10, 1
0 57 18: 185, 22, 3
0 57 21: 184, 22, 1
0 57 23: 186, 22, 2
0 57 24: 981, 3, 1
0 57 25: 980, 0, 2
0 57 26: 185, 22, 3
0 57 26: 980, 0, 2
0 57 27: 185, 22, 1
0 57 27: 980, 9, 1
0 57 28: 185, 22, 2
0 57 34: 1257, 22, 3
0 57 35: 1257, 22, 0
0 57 39: 1257, 22, 1
0 57 41: 1258, 22, 3
0 57 42: 1258, 22, 3
0 57 43: 445, 10, 3
0 57 44: 1257, 22, 1
0 57 45: 1257, 22, 1
0 57 55: 1282, 10, 2
0 57 56: 1247, 22, 3
0 57 58: 1264, 22, 3
0 57 59: 1265, 22, 1
0 57 61: 1282, 10, 0
0 58 2: 185, 22, 3
0 58 2: 980, 9, 2
0 58 3: 185, 22, 3
0 58 3: 981, 3, 2
0 58 4: 186, 22, 2
0 58 5: 185, 22, 2
0 58 6: 185, 22, 2
0 58 6: 981, 3, 1
0 58 7: 980, 9, 1
0 58 8: 185, 22, 3
0 58 9: 185, 22, 0
0 58 10: 185, 22, 0
0 58 11: 185, 22, 1
0 58 11: 980, 9, 2
0 58 12: 981, 3, 2
0 58 13: 186, 22, 3
0 58 15: 185, 22, 2
0 58 17: 184, 22, 2
0 58 19: 185, 22, 1
0 58 20: 185, 22, 0
0 58 20: 981, 3, 1
0 58 21: 185, 22, 3
0 58 21: 980, 0, 2
0 58 22: 980, 0, 2
0 58 23: 980, 0, 2
0 58 24: 980, 9, 1
0 58 26: 185, 22, 0
0 58 29: 1257, 22, 3
0 58 33: 1257, 22, 0
0 58 34: 1257, 22, 1
0 58 35: 1257, 22, 1
0 58 39: 1257, 22, 1
0 58 40: 446, 10, 2
0 58 41: 1259, 22, 3
0 58 42: 447, 10, 0
0 58 42: 1258, 22, 1
0 58 43: 1259, 22, 1
0 58 44: 1257, 22, 1
0 58 45: 445, 10, 3
0 58 45: 1257, 22, 0
0 58 55: 1247, 22, 1
0 58 56: 1247, 22, 3
0 58 59: 1264, 22, 1
0 58 60: 1264, 22, 2
0 59 3: 980, 9, 2
0 59 4: 980, 0, 2
0 59 5: 185, 22, 2
0 59 5: 980, 0, 2
0 59 6: 185, 22, 2
0 59 6: 980, 9, 1
0 59 11: 185, 22, 0
0 59 12: 185, 22, 1
0 59 12: 980, 9, 2
0 59 13: 980, 0, 2
0 59 14: 185, 22, 1
0 59 14: 980, 0, 2
0 59 15: 980, 0, 2
0 59 16: 185, 22, 1
0 59 16: 980, 0, 2
0 59 17: 980, 0, 2
0 59 18: 185, 22, 2
0 59 18: 980, 0, 2
0 59 19: 185, 22, 2
0 59 19: 980, 0, 2
0 59 20: 185, 22, 2
0 59 20: 980, 9, 1
0 59 28: 1257, 22, 0
0 59 29: 1257, 22, 2
0 59 31: 1248, 22, 0
0 59 33: 1257, 22, 1
0 59 34: 1257, 22, 0
0 59 35: 1257, 22, 3
0 59 39: 1257, 22, 2
0 59 40: 1257, 22, 3
0 59 41: 1257, 22, 0
0 59 42: 444, 10, 1
0 59 43: 1259, 22, 2
0 59 44: 1257, 22, 0
0 59 46: 1257, 22, 0
0 59 57: 1247, 22, 0
0 60 4: 185, 22, 1
0 60 11: 185, 22, 1
0 60 12: 185, 22, 2
0 60 13: 185, 22, 3
0 60 19: 185, 22, 1
0 60 20: 185, 22, 2
0 60 27: 1257, 22, 2
0 60 28: 1257, 22, 2
0 60 29: 1257, 22, 2
0 60 32: 1257, 22, 2
0 60 33: 1259, 22, 0
0 60 34: 1257, 22, 3
0 60 35: 1257, 22, 0
0 60 36: 1257, 22, 2
0 60 42: 1259, 22, 2
0 60 44: 1257, 22, 3
0 60 45: 444, 10, 0
0 60 45: 1257, 22, 2
0 60 46: 1257, 22, 0
0 60 51: 1264, 22, 2
0 61 25: 1257, 22, 1
0 61 26: 1257, 22, 2
0 61 27: 1257, 22, 3
0 61 28: 1257, 22, 3
0 61 29: 1257, 22, 0
0 61 32: 1258, 22, 2
0 61 33: 1259, 22, 1
0 61 34: 1259, 22, 3
0 61 35: 1257, 22, 2
0 61 36: 1257, 22, 0
0 61 42: 1257, 22, 1
0 61 43: 445, 10, 2
0 61 43: 1257, 22, 1
0 61 45: 1257, 22, 3
0 61 53: 1282, 10, 3
0 61 57: 1247, 22, 1
0 61 59: 1282, 10, 1
0 61 60: 1247, 22, 3
0 62 26: 1257, 22, 0
0 62 27: 1257, 22, 0
0 62 28: 1257, 22, 3
0 62 29: 1257, 22, 0
0 62 32: 1257, 22, 0
0 62 33: 1259, 22, 2
0 62 34: 1257, 22, 1
0 62 35: 1257, 22, 3
0 62 36: 1257, 22, 0
0 62 53: 1247, 22, 2
0 62 54: 1247, 22, 1
0 62 56: 1247, 22, 2
0 62 57: 1286, 10, 0
0 62 59: 1247, 22, 0
0 63 27: 1257, 22, 3
0 63 28: 1257, 22, 2
0 63 32: 1257, 22, 3
0 63 33: 1257, 22, 2
0 63 34: 1257, 22, 2
0 63 57: 1247, 22, 3
1 14 10: 1791, 19, 1
1 14 11: 1791, 19, 2
1 15 9: 1791, 19, 1
1 15 10: 1643, 13, 1
1 15 11: 1643, 13, 2
1 15 12: 1791, 19, 2
1 16 8: 1791, 19, 1
1 16 9: 1643, 13, 1
1 16 10: 1643, 14, 1
1 16 11: 1643, 14, 2
1 16 12: 1643, 13, 2
1 16 13: 1791, 19, 2
1 17 0: 1791, 18, 1
1 17 1: 1643, 12, 1
1 17 2: 1643, 17, 1
1 17 3: 1643, 17, 1
1 17 4: 1643, 12, 3
1 17 5: 1791, 18, 3
1 17 7: 1791, 19, 1
1 17 8: 1643, 13, 1
1 17 9: 1643, 14, 1
1 17 10: 1643, 17, 2
1 17 11: 1643, 17, 2
1 17 12: 1643, 14, 2
1 17 13: 1643, 13, 2
1 17 14: 1791, 19, 2
1 18 0: 1791, 18, 1
1 18 1: 1643, 12, 1
1 18 2: 1643, 17, 1
1 18 3: 1643, 17, 1
1 18 4: 1643, 12, 3
1 18 5: 1791, 18, 3
1 18 7: 1791, 19, 0
1 18 8: 1643, 13, 0
1 18 9: 1643, 14, 0
1 18 10: 1643, 17, 2
1 18 11: 1643, 17, 2
1 18 12: 1643, 17, 2
1 18 13: 1643, 14, 2
1 18 14: 1643, 13, 2
1 18 15: 1791, 19, 2
1 19 0: 1791, 18, 1
1 19 1: 1643, 12, 1
1 19 2: 1643, 17, 1
1 19 3: 1643, 17, 1
1 19 4: 1643, 12, 3
1 19 5: 1791, 18, 3
1 19 8: 1791, 19, 0
1 19 9: 1643, 13, 0
1 19 10: 1643, 14, 0
1 19 11: 1643, 17, 2
1 19 12: 1643, 17, 2
1 19 13: 1643, 14, 3
1 19 14: 1643, 13, 3
1 19 15: 1791, 19, 3
1 20 0: 1791, 18, 1
1 20 1: 1643, 12, 1
1 20 2: 1643, 17, 1
1 20 3: 1643, 17, 1
1 20 4: 1643, 12, 3
1 20 5: 1791, 18, 3
1 20 9: 1791, 19, 0
1 20 10: 1643, 13, 0
1 20 11: 1643, 14, 0
1 20 12: 1643, 14, 3
1 20 13: 1643, 13, 3
1 20 14: 1791, 19, 3
1 21 0: 1791, 18, 1
1 21 1: 1643, 12, 1
1 21 2: 1643, 17, 1
1 21 3: 1643, 17, 1
1 21 4: 1643, 12, 3
1 21 5: 1791, 18, 3
1 21 10: 1791, 19, 0
1 21 11: 1643, 13, 0
1 21 12: 1643, 13, 3
1 21 13: 1791, 19, 3
1 22 0: 1791, 18, 1
1 22 1: 1643, 12, 1
1 22 2: 1643, 17, 1
1 22 3: 1643, 17, 1
1 22 4: 1643, 12, 3
1 22 5: 1791, 18, 3
1 22 11: 1791, 19, 0
1 22 12: 1791, 19, 3
1 23 0: 1791, 18, 1
1 23 1: 1643, 12, 1
1 23 2: 1643, 17, 1
1 23 3: 1643, 17, 1
1 23 4: 1643, 12, 3
1 23 5: 1791, 18, 3
1 24 1: 1631, 0, 1
1 24 2: 1102, 10, 1
1 24 2: 1631, 0, 0
1 24 3: 196, 5, 0
1 24 3: 1631, 0, 0
1 24 4: 1631, 0, 0
1 24 4: 2612, 10, 0
1 24 5: 1631, 0, 0
1 24 6: 374, 10, 2
1 24 6: 1631, 2, 0
1 24 12: 1791, 21, 1
1 24 13: 1791, 18, 2
1 24 14: 1791, 18, 2
1 24 15: 1791, 18, 2
1 24 16: 1791, 18, 2
1 24 17: 1791, 18, 2
1 24 18: 1791, 21, 2
1 25 1: 1631, 0, 1
1 25 2: 419, 10, 2
1 25 6: 1631, 0, 1
1 25 6: 1838, 5, 1
1 25 7: 1838, 4, 3
1 25 12: 1791, 18, 1
1 25 13: 1925, 16, 1
1 25 14: 1925, 12, 2
1 25 15: 1925, 12, 2
1 25 16: 1925, 12, 2
1 25 17: 1925, 16, 2
1 25 18: 1791, 18, 3
1 26 1: 1631, 0, 1
1 26 2: 994, 0, 2
1 26 3: 994, 0, 2
1 26 4: 994, 0, 2
1 26 6: 196, 5, 1
1 26 6: 1631, 0, 1
1 26 12: 1791, 18, 1
1 26 13: 1925, 12, 1
1 26 14: 1925, 17, 3
1 26 15: 1925, 17, 3
1 26 16: 1925, 17, 3
1 26 17: 1925, 12, 3
1 26 18: 1791, 18, 3
1 27 1: 1631, 0, 1
1 27 4: 994, 0, 1
1 27 5: 595, 10, 2
1 27 6: 1631, 0, 1
1 27 12: 1791, 18, 1
1 27 13: 1925, 12, 1
1 27 14: 1925, 17, 3
1 27 15: 1925, 17, 3
1 27 16: 1925, 17, 3
1 27 17: 1925, 12, 3
1 27 18: 1791, 18, 3
1 28 1: 1631, 0, 1
1 28 2: 1723, 10, 1
1 28 4: 994, 0, 1
1 28 6: 196, 5, 1
1 28 6: 1631, 0, 1
1 28 12: 1791, 18, 1
1 28 13: 1925, 12, 1
1 28 14: 1925, 17, 3
1 28 15: 1925, 17, 3
1 28 16: 1925, 17, 3
1 28 17: 1925, 12, 3
1 28 18: 1791, 18, 3
1 29 1: 1631, 0, 1
1 29 1: 1838, 5, 1
1 29 2: 1838, 4, 3
1 29 4: 994, 2, 1
1 29 5: 1102, 10, 2
1 29 6: 1631, 0, 1
1 29 6: 1838, 5, 1
1 29 7: 1838, 4, 3
1 29 12: 1791, 18, 1
1 29 13: 1925, 12, 1
1 29 14: 1925, 17, 3
1 29 15: 1925, 17, 3
1 29 16: 1925, 17, 3
1 29 17: 1925, 12, 3
1 29 18: 1791, 18, 3
1 30 1: 1631, 0, 1
1 30 3: 196, 4, 2
1 30 5: 196, 4, 2
1 30 6: 1248, 22, 3
1 30 6: 1631, 0, 1
1 30 12: 1791, 18, 1
1 30 13: 1925, 16, 0
1 30 14: 1925, 12, 0
1 30 15: 1925, 12, 0
1 30 16: 1925, 12, 0
1 30 17: 1925, 16, 3
1 30 18: 1791, 18, 3
1 31 1: 1631, 3, 0
1 31 2: 1631, 0, 0
1 31 3: 1631, 0, 0
1 31 4: 1631, 0, 0
1 31 5: 1631, 0, 0
1 31 6: 1631, 0, 0
1 31 12: 1791, 21, 0
1 31 13: 1791, 18, 0
1 31 14: 1791, 18, 0
1 31 15: 1791, 18, 0
1 31 16: 1791, 18, 0
1 31 17: 1791, 18, 0
1 31 18: 1791, 21, 3
2 23 1: 1791, 21, 1
2 23 2: 1791, 18, 2
2 23 3: 1791, 18, 2
2 23 4: 1791, 18, 2
2 23 5: 1791, 18, 2
2 23 6: 1791, 18, 2
2 23 7: 1791, 21, 2
2 24 1: 1791, 18, 1
2 24 2: 1643, 16, 1
2 24 3: 1643, 12, 2
2 24 4: 1643, 12, 2
2 24 5: 1643, 12, 2
2 24 6: 1643, 16, 2
2 24 7: 1791, 18, 3
2 25 1: 1791, 18, 1
2 25 2: 1643, 12, 1
2 25 3: 1643, 17, 3
2 25 4: 1643, 17, 3
2 25 5: 1643, 17, 3
2 25 6: 1643, 12, 3
2 25 7: 1791, 18, 3
2 26 1: 1791, 18, 1
2 26 2: 1643, 12, 1
2 26 3: 1643, 17, 3
2 26 4: 1643, 17, 3
2 26 5: 1643, 17, 3
2 26 6: 1643, 12, 3
2 26 7: 1791, 18, 3
2 27 1: 1791, 18, 1
2 27 2: 1643, 12, 1
2 27 3: 1643, 17, 3
2 27 4: 1643, 17, 3
2 27 5: 1643, 17, 3
2 27 6: 1643, 12, 3
2 27 7: 1791, 18, 3
2 28 1: 1791, 18, 1
2 28 2: 1643, 12, 1
2 28 3: 1643, 17, 3
2 28 4: 1643, 17, 3
2 28 5: 1643, 17, 3
2 28 6: 1643, 12, 3
2 28 7: 1791, 18, 3
2 29 1: 1791, 18, 1
2 29 2: 1643, 12, 1
2 29 3: 1643, 17, 3
2 29 4: 1643, 17, 3
2 29 5: 1643, 17, 3
2 29 6: 1643, 12, 3
2 29 7: 1791, 18, 3
2 30 1: 1791, 18, 1
2 30 2: 1643, 16, 0
2 30 3: 1643, 12, 0
2 30 4: 1643, 12, 0
2 30 5: 1643, 12, 0
2 30 6: 1643, 16, 3
2 30 7: 1791, 18, 3
2 31 1: 1791, 21, 0
2 31 2: 1791, 18, 0
2 31 3: 1791, 18, 0
2 31 4: 1791, 18, 0
2 31 5: 1791, 18, 0
2 31 6: 1791, 18, 0
2 31 7: 1791, 21, 3
