0 0 16: 1394, 10, 3
0 0 17: 1247, 22, 0
0 0 51: 979, 0, 1
0 0 52: 979, 0, 0
0 0 53: 979, 0, 0
0 0 54: 979, 0, 0
0 0 55: 979, 0, 0
0 0 56: 979, 0, 0
0 0 57: 979, 0, 0
0 0 58: 979, 0, 0
0 1 7: 1247, 22, 1
0 1 7: 1278, 10, 2
0 1 8: 1246, 22, 0
0 1 16: 1247, 22, 2
0 1 17: 1247, 22, 3
0 1 19: 1393, 10, 0
0 1 22: 1276, 10, 3
0 1 23: 1247, 22, 1
0 1 26: 1276, 10, 0
0 1 27: 1247, 22, 3
0 1 28: 1247, 22, 0
0 1 32: 1276, 10, 2
0 1 33: 1247, 22, 1
0 1 38: 1394, 10, 2
0 1 44: 1394, 10, 2
0 1 45: 1247, 22, 1
0 1 47: 979, 1, 1
0 1 48: 979, 0, 2
0 1 49: 979, 0, 2
0 1 50: 979, 0, 2
0 1 51: 979, 9, 1
0 1 52: 1257, 22, 2
0 1 53: 1257, 22, 2
0 2 3: 1247, 22, 3
0 2 7: 1247, 22, 2
0 2 8: 1247, 22, 1
0 2 10: 1278, 10, 1
0 2 11: 1247, 22, 0
0 2 13: 1276, 10, 0
0 2 15: 1264, 22, 1
0 2 21: 1247, 22, 1
0 2 22: 1247, 22, 0
0 2 23: 1247, 22, 0
0 2 26: 1247, 22, 2
0 2 27: 1247, 22, 3
0 2 31: 1244, 22, 2
0 2 32: 1247, 22, 3
0 2 33: 1247, 22, 0
0 2 40: 1247, 22, 3
0 2 42: 1247, 22, 0
0 2 46: 979, 1, 1
0 2 47: 979, 9, 1
0 2 51: 1257, 22, 1
0 2 52: 1257, 22, 0
0 2 53: 1258, 22, 2
0 2 54: 1257, 22, 3
0 2 55: 1257, 22, 2
0 3 2: 1278, 10, 0
0 3 3: 1247, 22, 3
0 3 4: 1393, 10, 0
0 3 10: 1247, 22, 2
0 3 11: 1247, 22, 1
0 3 13: 1247, 22, 2
0 3 15: 1394, 10, 3
0 3 21: 1394, 10, 0
0 3 29: 1393, 10, 2
0 3 33: 1393, 10, 2
0 3 45: 979, 1, 1
0 3 46: 979, 9, 1
0 3 50: 1257, 22, 3
0 3 51: 1257, 22, 1
0 3 51: 1902, 1, 1
0 3 52: 1257, 22, 1
0 3 52: 1823, 5, 2
0 3 52: 1902, 0, 2
0 3 53: 1259, 22, 0
0 3 53: 1902, 0, 2
0 3 54: 1258, 22, 3
0 3 54: 1902, 0, 2
0 3 55: 1257, 22, 2
0 3 55: 1902, 0, 2
0 3 56: 1257, 22, 0
0 3 56: 1902, 0, 2
0 3 57: 1902, 1, 2
0 4 3: 1246, 22, 2
0 4 5: 1247, 22, 0
0 4 7: 1247, 22, 1
0 4 7: 1278, 10, 2
0 4 8: 1246, 22, 3
0 4 18: 1394, 10, 1
0 4 23: 979, 1, 1
0 4 24: 979, 0, 2
0 4 25: 979, 0, 2
0 4 26: 979, 0, 2
0 4 27: 979, 0, 2
0 4 28: 979, 0, 2
0 4 29: 979, 0, 2
0 4 30: 979, 0, 2
0 4 31: 979, 0, 2
0 4 32: 979, 0, 2
0 4 33: 979, 0, 2
0 4 34: 979, 0, 2
0 4 35: 979, 0, 2
0 4 36: 979, 0, 2
0 4 37: 979, 0, 2
0 4 38: 979, 0, 2
0 4 39: 979, 0, 2
0 4 40: 979, 0, 2
0 4 41: 979, 0, 2
0 4 42: 979, 0, 2
0 4 43: 979, 0, 2
0 4 44: 979, 0, 2
0 4 45: 979, 9, 1
0 4 50: 1257, 22, 2
0 4 50: 1902, 1, 1
0 4 51: 196, 7, 1
0 4 51: 1902, 9, 1
0 4 52: 1823, 4, 0
0 4 53: 1017, 10, 0
0 4 54: 1016, 10, 0
0 4 55: 1015, 10, 0
0 4 56: 1016, 10, 0
0 4 57: 196, 7, 2
0 4 57: 1902, 9, 2
0 4 58: 1257, 22, 1
0 4 58: 1902, 1, 2
0 4 60: 1276, 11, 0
0 4 61: 1247, 22, 2
0 5 6: 1264, 22, 2
0 5 7: 1247, 22, 3
0 5 8: 1247, 22, 3
0 5 10: 1391, 10, 3
0 5 11: 1246, 22, 1
0 5 22: 979, 1, 1
0 5 23: 979, 9, 1
0 5 26: 1257, 22, 0
0 5 27: 1257, 22, 1
0 5 28: 1257, 22, 2
0 5 29: 1257, 22, 2
0 5 30: 1258, 22, 0
0 5 31: 1259, 22, 2
0 5 32: 1260, 22, 3
0 5 32: 1902, 0, 1
0 5 33: 1102, 10, 2
0 5 33: 1902, 0, 0
0 5 34: 1102, 10, 2
0 5 34: 1902, 0, 0
0 5 35: 196, 5, 0
0 5 35: 1902, 0, 0
0 5 36: 1902, 0, 0
0 5 37: 196, 5, 0
0 5 37: 1902, 0, 0
0 5 38: 1902, 0, 0
0 5 39: 196, 5, 0
0 5 39: 356, 10, 3
0 5 39: 1902, 0, 0
0 5 40: 357, 10, 0
0 5 40: 1902, 2, 0
0 5 41: 1258, 22, 1
0 5 42: 1257, 22, 1
0 5 43: 1258, 22, 0
0 5 44: 979, 0, 1
0 5 44: 1259, 22, 0
0 5 45: 1257, 22, 3
0 5 46: 1257, 22, 2
0 5 49: 1257, 22, 3
0 5 50: 1257, 22, 2
0 5 50: 1902, 0, 1
0 5 51: 381, 10, 3
0 5 55: 917, 22, 3
0 5 56: 917, 22, 0
0 5 56: 1760, 10, 1
0 5 57: 1018, 10, 1
0 5 58: 1257, 22, 2
0 5 58: 1902, 0, 3
0 5 59: 1257, 22, 1
0 6 10: 979, 1, 1
0 6 11: 979, 0, 2
0 6 12: 979, 0, 2
0 6 13: 979, 0, 2
0 6 13: 1257, 22, 0
0 6 14: 979, 0, 2
0 6 14: 1257, 22, 0
0 6 15: 979, 0, 2
0 6 15: 1257, 22, 2
0 6 16: 979, 0, 2
0 6 17: 979, 0, 2
0 6 18: 979, 0, 2
0 6 19: 979, 0, 2
0 6 20: 979, 0, 2
0 6 21: 979, 0, 2
0 6 22: 979, 9, 1
0 6 30: 1257, 22, 1
0 6 31: 1258, 22, 3
0 6 32: 1259, 22, 1
0 6 32: 1902, 0, 1
0 6 33: 595, 10, 3
0 6 35: 917, 22, 3
0 6 36: 918, 22, 3
0 6 37: 918, 22, 3
0 6 38: 917, 22, 0
0 6 40: 356, 10, 2
0 6 40: 1838, 5, 1
0 6 40: 1902, 0, 1
0 6 41: 1257, 22, 3
0 6 41: 1838, 4, 3
0 6 43: 1257, 22, 2
0 6 44: 979, 0, 1
0 6 44: 1258, 22, 3
0 6 45: 1257, 22, 0
0 6 46: 1248, 22, 3
0 6 47: 1257, 22, 0
0 6 48: 1257, 22, 2
0 6 49: 1258, 22, 0
0 6 50: 1257, 22, 0
0 6 50: 1823, 5, 1
0 6 50: 1902, 0, 1
0 6 51: 1823, 4, 3
0 6 54: 595, 10, 0
0 6 55: 918, 22, 2
0 6 56: 918, 22, 0
0 6 57: 1017, 10, 1
0 6 58: 1257, 22, 0
0 6 58: 1902, 0, 3
0 6 59: 1257, 22, 0
0 6 60: 1257, 22, 0
0 7 9: 979, 1, 1
0 7 10: 979, 9, 1
0 7 12: 1257, 22, 2
0 7 13: 1257, 22, 3
0 7 14: 1258, 22, 1
0 7 15: 1257, 22, 2
0 7 16: 1257, 22, 3
0 7 20: 1174, 10, 0
0 7 30: 1257, 22, 0
0 7 31: 1257, 22, 0
0 7 32: 1258, 22, 2
0 7 32: 1838, 5, 1
0 7 32: 1902, 0, 1
0 7 33: 1102, 10, 1
0 7 33: 1838, 4, 3
0 7 35: 917, 22, 2
0 7 36: 918, 22, 1
0 7 37: 918, 22, 1
0 7 38: 917, 22, 1
0 7 40: 916, 22, 0
0 7 40: 1530, 0, 1
0 7 44: 1257, 22, 1
0 7 44: 1551, 0, 1
0 7 45: 1257, 22, 1
0 7 46: 1257, 22, 3
0 7 48: 1257, 22, 1
0 7 49: 1257, 22, 0
0 7 50: 205, 5, 1
0 7 50: 1257, 22, 0
0 7 50: 1902, 0, 1
0 7 51: 381, 10, 3
0 7 55: 918, 22, 2
0 7 56: 918, 22, 0
0 7 57: 1018, 10, 1
0 7 58: 1259, 22, 3
0 7 58: 1902, 0, 3
0 7 59: 1258, 22, 3
0 7 60: 1257, 22, 0
0 8 6: 1393, 10, 3
0 8 8: 979, 1, 1
0 8 9: 979, 9, 1
0 8 11: 1257, 22, 0
0 8 12: 1257, 22, 0
0 8 12: 1625, 0, 2
0 8 13: 1258, 22, 0
0 8 13: 1624, 0, 2
0 8 14: 1259, 22, 2
0 8 14: 1626, 0, 2
0 8 15: 1258, 22, 3
0 8 15: 1625, 0, 2
0 8 16: 1257, 22, 3
0 8 16: 1631, 0, 2
0 8 17: 1624, 0, 2
0 8 32: 1257, 22, 3
0 8 32: 1902, 0, 1
0 8 33: 419, 10, 1
0 8 37: 419, 10, 1
0 8 40: 1838, 5, 1
0 8 40: 1902, 0, 1
0 8 41: 1838, 4, 3
0 8 44: 1257, 22, 0
0 8 44: 1553, 0, 1
0 8 46: 1257, 22, 3
0 8 51: 916, 22, 2
0 8 51: 1531, 0, 2
0 8 53: 2733, 22, 0
0 8 54: 356, 10, 0
0 8 55: 918, 22, 2
0 8 56: 918, 22, 0
0 8 57: 1016, 10, 1
0 8 58: 1258, 22, 0
0 8 58: 1902, 0, 3
0 8 59: 1258, 22, 1
0 8 60: 1257, 22, 3
0 9 3: 1247, 22, 2
0 9 3: 1278, 10, 0
0 9 4: 1246, 22, 1
0 9 7: 979, 1, 1
0 9 8: 979, 9, 1
0 9 9: 1257, 22, 0
0 9 10: 1257, 22, 3
0 9 11: 1257, 22, 3
0 9 11: 1625, 0, 1
0 9 15: 175, 22, 2
0 9 18: 1630, 22, 2
0 9 19: 1394, 10, 1
0 9 30: 1257, 22, 2
0 9 32: 1902, 0, 1
0 9 34: 350, 10, 2
0 9 35: 1838, 4, 2
0 9 36: 604, 10, 3
0 9 38: 350, 10, 2
0 9 39: 1838, 4, 2
0 9 40: 1902, 0, 1
0 9 41: 979, 0, 2
0 9 41: 1257, 22, 1
0 9 42: 979, 0, 2
0 9 42: 1257, 22, 2
0 9 43: 979, 0, 2
0 9 43: 1257, 22, 3
0 9 44: 979, 2, 1
0 9 44: 1258, 22, 3
0 9 45: 1257, 22, 1
0 9 47: 1248, 22, 3
0 9 50: 1902, 0, 1
0 9 51: 196, 4, 3
0 9 54: 595, 10, 0
0 9 55: 918, 22, 2
0 9 56: 918, 22, 0
0 9 57: 887, 4, 1
0 9 58: 1259, 22, 0
0 9 58: 1902, 0, 3
0 9 59: 1257, 22, 1
0 9 60: 1257, 22, 2
0 10 3: 1247, 22, 1
0 10 7: 979, 0, 1
0 10 8: 1257, 22, 1
0 10 9: 1257, 22, 2
0 10 10: 1257, 22, 0
0 10 11: 1626, 0, 1
0 10 12: 1624, 3, 1
0 10 12: 1629, 22, 2
0 10 13: 1626, 0, 2
0 10 14: 1626, 0, 2
0 10 15: 1394, 10, 2
0 10 15: 1626, 3, 2
0 10 16: 1626, 3, 2
0 10 17: 1626, 0, 3
0 10 18: 1629, 22, 2
0 10 20: 1624, 3, 1
0 10 23: 1394, 10, 0
0 10 24: 1626, 3, 0
0 10 25: 1629, 22, 2
0 10 26: 1626, 0, 0
0 10 27: 1624, 3, 3
0 10 30: 1259, 22, 1
0 10 31: 1257, 22, 2
0 10 32: 1902, 3, 0
0 10 33: 1902, 0, 0
0 10 34: 1902, 0, 0
0 10 35: 1838, 5, 0
0 10 35: 1902, 0, 0
0 10 36: 1258, 22, 3
0 10 36: 1902, 0, 0
0 10 37: 1259, 22, 0
0 10 37: 1902, 0, 0
0 10 38: 1258, 22, 2
0 10 38: 1902, 0, 0
0 10 39: 1259, 22, 3
0 10 39: 1838, 5, 0
0 10 39: 1902, 0, 0
0 10 40: 1258, 22, 1
0 10 40: 1902, 0, 0
0 10 41: 1258, 22, 3
0 10 42: 1259, 22, 2
0 10 47: 1257, 22, 0
0 10 50: 1258, 22, 2
0 10 50: 1823, 5, 1
0 10 50: 1902, 0, 1
0 10 51: 1823, 4, 3
0 10 55: 918, 22, 2
0 10 56: 918, 22, 0
0 10 57: 196, 4, 1
0 10 58: 1257, 22, 0
0 10 58: 1902, 0, 3
0 10 59: 1257, 22, 1
0 10 60: 1276, 11, 0
0 11 7: 979, 0, 1
0 11 7: 1257, 22, 3
0 11 9: 1257, 22, 1
0 11 10: 1258, 22, 1
0 11 11: 1259, 22, 0
0 11 11: 1624, 0, 1
0 11 14: 1626, 3, 2
0 11 15: 1629, 22, 1
0 11 17: 1624, 2, 2
0 11 18: 1629, 22, 2
0 11 19: 1626, 3, 2
0 11 19: 1629, 22, 2
0 11 20: 1626, 0, 1
0 11 20: 1630, 22, 2
0 11 21: 1629, 22, 2
0 11 22: 1626, 3, 1
0 11 22: 1630, 22, 2
0 11 23: 1624, 3, 1
0 11 23: 1629, 22, 2
0 11 24: 1626, 2, 1
0 11 27: 1625, 0, 3
0 11 31: 1259, 22, 2
0 11 32: 1257, 22, 3
0 11 46: 1257, 22, 0
0 11 47: 1257, 22, 3
0 11 50: 1258, 22, 1
0 11 50: 1902, 0, 1
0 11 51: 374, 10, 2
0 11 55: 917, 22, 2
0 11 56: 917, 22, 1
0 11 57: 1747, 10, 2
0 11 58: 1257, 22, 2
0 11 58: 1902, 0, 3
0 12 6: 1257, 22, 1
0 12 7: 979, 0, 1
0 12 7: 1257, 22, 0
0 12 8: 1257, 22, 2
0 12 9: 1257, 22, 0
0 12 10: 1257, 22, 0
0 12 11: 1258, 22, 0
0 12 11: 1631, 0, 1
0 12 12: 1631, 0, 2
0 12 13: 1631, 0, 2
0 12 14: 1631, 0, 2
0 12 15: 1631, 0, 2
0 12 16: 1631, 0, 2
0 12 17: 1631, 2, 2
0 12 18: 1630, 22, 1
0 12 18: 1631, 0, 2
0 12 19: 1631, 0, 2
0 12 20: 1624, 0, 2
0 12 20: 1629, 22, 1
0 12 21: 1626, 0, 2
0 12 22: 1626, 0, 2
0 12 23: 1625, 0, 2
0 12 24: 1631, 0, 2
0 12 25: 1631, 0, 2
0 12 26: 1631, 0, 2
0 12 27: 1631, 0, 3
0 12 45: 1257, 22, 1
0 12 46: 884, 10, 1
0 12 46: 2771, 22, 0
0 12 48: 1257, 22, 2
0 12 50: 1257, 22, 2
0 12 50: 1902, 1, 0
0 12 51: 196, 7, 0
0 12 51: 1902, 9, 0
0 12 52: 1823, 4, 2
0 12 53: 358, 10, 2
0 12 53: 887, 4, 2
0 12 54: 358, 10, 2
0 12 54: 1023, 4, 2
0 12 55: 1023, 4, 2
0 12 56: 357, 10, 1
0 12 56: 1023, 4, 2
0 12 57: 196, 7, 3
0 12 57: 1902, 9, 3
0 12 58: 1257, 22, 3
0 12 58: 1902, 1, 3
0 13 3: 1393, 10, 0
0 13 6: 1257, 22, 1
0 13 7: 979, 0, 1
0 13 7: 1259, 22, 1
0 13 8: 1258, 22, 1
0 13 9: 1257, 22, 2
0 13 10: 1257, 22, 3
0 13 11: 1257, 22, 2
0 13 11: 1631, 0, 1
0 13 12: 1309, 10, 3
0 13 16: 197, 4, 0
0 13 18: 197, 4, 0
0 13 24: 1309, 10, 0
0 13 27: 1631, 0, 3
0 13 33: 1244, 22, 1
0 13 34: 1257, 22, 2
0 13 36: 1257, 22, 1
0 13 45: 1259, 22, 3
0 13 48: 1257, 22, 1
0 13 50: 1257, 22, 3
0 13 51: 1257, 22, 1
0 13 51: 1902, 1, 0
0 13 52: 1823, 5, 0
0 13 52: 1902, 0, 0
0 13 53: 1258, 22, 1
0 13 53: 1902, 0, 0
0 13 54: 1259, 22, 0
0 13 54: 1902, 0, 0
0 13 55: 1258, 22, 2
0 13 55: 1902, 0, 0
0 13 56: 1257, 22, 1
0 13 56: 1902, 0, 0
0 13 57: 1257, 22, 2
0 13 57: 1902, 1, 3
0 14 7: 1258, 22, 3
0 14 7: 1602, 3, 0
0 14 8: 1257, 22, 2
0 14 10: 1257, 22, 0
0 14 11: 1257, 22, 2
0 14 11: 1631, 0, 1
0 14 12: 1181, 10, 3
0 14 13: 2767, 22, 0
0 14 17: 1102, 10, 2
0 14 18: 595, 10, 0
0 14 19: 1102, 10, 0
0 14 25: 2767, 22, 0
0 14 27: 1631, 0, 3
0 14 31: 1257, 22, 0
0 14 32: 1257, 22, 1
0 14 33: 1257, 22, 0
0 14 34: 1257, 22, 0
0 14 35: 1258, 22, 3
0 14 36: 1258, 22, 3
0 14 37: 1257, 22, 0
0 14 38: 1257, 22, 0
0 14 39: 1257, 22, 1
0 14 42: 1257, 22, 0
0 14 46: 1259, 22, 2
0 14 47: 1258, 22, 2
0 14 48: 1257, 22, 0
0 14 51: 1257, 22, 2
0 14 52: 1257, 22, 3
0 14 53: 1257, 22, 1
0 14 54: 1257, 22, 3
0 14 55: 1257, 22, 3
0 14 56: 1257, 22, 1
0 14 58: 1257, 22, 2
0 14 59: 1257, 22, 3
0 14 60: 1257, 22, 0
0 15 11: 1631, 0, 1
0 15 12: 1181, 10, 3
0 15 15: 1630, 22, 3
0 15 17: 1102, 10, 2
0 15 17: 1630, 22, 3
0 15 19: 1102, 10, 0
0 15 27: 1631, 0, 3
0 15 32: 1257, 22, 2
0 15 33: 1257, 22, 3
0 15 34: 1257, 22, 1
0 15 35: 1257, 22, 3
0 15 36: 1257, 22, 3
0 15 37: 1257, 22, 0
0 15 43: 1257, 22, 1
0 15 46: 1257, 22, 2
0 15 47: 1257, 22, 3
0 15 57: 1257, 22, 2
0 15 58: 1257, 22, 3
0 15 59: 1258, 22, 1
0 15 60: 1257, 22, 1
0 15 61: 1257, 22, 0
0 16 6: 1257, 22, 2
0 16 7: 1258, 22, 3
0 16 7: 1602, 3, 1
0 16 8: 1257, 22, 2
0 16 11: 1631, 0, 1
0 16 12: 197, 4, 3
0 16 12: 1181, 10, 3
0 16 17: 1629, 22, 3
0 16 22: 1630, 22, 2
0 16 26: 197, 4, 1
0 16 27: 1631, 0, 3
0 16 30: 1245, 22, 1
0 16 53: 307, 10, 0
0 16 56: 1257, 22, 1
0 16 57: 1258, 22, 0
0 16 58: 1259, 22, 2
0 16 59: 1259, 22, 2
0 16 60: 1257, 22, 1
0 17 1: 1278, 10, 0
0 17 2: 1247, 22, 3
0 17 6: 1257, 22, 2
0 17 7: 979, 0, 1
0 17 7: 1257, 22, 1
0 17 8: 1257, 22, 3
0 17 11: 1631, 0, 1
0 17 12: 1181, 10, 3
0 17 14: 1630, 22, 2
0 17 15: 1630, 22, 2
0 17 16: 1624, 3, 1
0 17 16: 1629, 22, 2
0 17 17: 1629, 22, 3
0 17 18: 1631, 0, 2
0 17 19: 1631, 0, 2
0 17 20: 1631, 0, 2
0 17 21: 1106, 10, 1
0 17 21: 1631, 0, 2
0 17 21: 1844, 5, 2
0 17 22: 1631, 0, 2
0 17 23: 1631, 0, 2
0 17 24: 1631, 0, 2
0 17 24: 1844, 5, 2
0 17 25: 1106, 10, 1
0 17 25: 1631, 0, 2
0 17 26: 1631, 0, 2
0 17 27: 1631, 0, 3
0 17 57: 1257, 22, 0
0 17 58: 1258, 22, 2
0 17 59: 1257, 22, 3
0 17 60: 1257, 22, 2
0 17 61: 1257, 22, 1
0 18 1: 1247, 22, 0
0 18 2: 1247, 22, 2
0 18 5: 1394, 10, 0
0 18 7: 979, 0, 1
0 18 7: 1257, 22, 0
0 18 9: 1629, 22, 3
0 18 10: 1629, 22, 2
0 18 11: 1631, 0, 1
0 18 12: 197, 4, 3
0 18 12: 1181, 10, 3
0 18 16: 1626, 0, 1
0 18 18: 326, 22, 1
0 18 18: 1102, 10, 2
0 18 18: 1631, 0, 3
0 18 19: 197, 4, 0
0 18 19: 325, 22, 1
0 18 20: 398, 10, 2
0 18 21: 1844, 4, 0
0 18 22: 197, 4, 0
0 18 22: 326, 22, 3
0 18 23: 398, 10, 2
0 18 24: 1844, 4, 0
0 18 25: 197, 4, 0
0 18 25: 326, 22, 2
0 18 26: 1859, 10, 2
0 18 33: 205, 4, 2
0 18 36: 205, 4, 2
0 18 37: 1854, 9, 3
0 18 38: 1088, 11, 2
0 18 38: 1853, 0, 0
0 18 39: 1853, 0, 0
0 18 40: 1088, 11, 3
0 18 40: 1853, 0, 0
0 18 41: 1854, 9, 0
0 18 47: 1276, 10, 0
0 18 49: 1244, 22, 1
0 18 50: 1902, 3, 1
0 18 51: 1902, 0, 2
0 18 52: 1838, 5, 2
0 18 52: 1902, 0, 2
0 18 53: 1902, 0, 2
0 18 54: 1902, 0, 2
0 18 55: 1902, 0, 2
0 18 56: 1838, 5, 2
0 18 56: 1902, 0, 2
0 18 57: 1902, 0, 2
0 18 58: 1257, 22, 1
0 18 58: 1902, 3, 2
0 18 60: 1278, 11, 0
0 19 6: 979, 1, 1
0 19 7: 979, 9, 1
0 19 9: 1626, 3, 1
0 19 9: 1630, 22, 3
0 19 10: 1625, 0, 2
0 19 11: 1631, 2, 1
0 19 12: 1181, 10, 3
0 19 12: 1631, 0, 2
0 19 13: 1631, 0, 2
0 19 15: 1631, 0, 2
0 19 16: 1631, 0, 2
0 19 17: 1631, 0, 2
0 19 18: 197, 5, 3
0 19 18: 325, 22, 3
0 19 18: 1631, 0, 3
0 19 22: 324, 22, 0
0 19 22: 1102, 10, 3
0 19 25: 325, 22, 3
0 19 31: 1902, 0, 1
0 19 32: 196, 4, 3
0 19 32: 1902, 0, 0
0 19 33: 196, 5, 0
0 19 33: 1902, 0, 0
0 19 34: 1509, 0, 3
0 19 35: 1510, 0, 1
0 19 36: 196, 5, 0
0 19 36: 1902, 0, 0
0 19 37: 1902, 1, 3
0 19 39: 598, 10, 3
0 19 41: 1902, 1, 0
0 19 42: 962, 5, 0
0 19 42: 1902, 0, 0
0 19 43: 196, 4, 1
0 19 43: 1902, 0, 0
0 19 44: 205, 5, 3
0 19 44: 1902, 0, 3
0 19 50: 1902, 0, 1
0 19 51: 362, 10, 2
0 19 52: 362, 10, 3
0 19 52: 1838, 4, 0
0 19 54: 298, 10, 1
0 19 56: 1838, 4, 0
0 19 57: 362, 10, 3
0 19 58: 1258, 22, 3
0 19 58: 1902, 0, 3
0 19 59: 1258, 22, 3
0 19 60: 1257, 22, 1
0 20 6: 979, 0, 1
0 20 9: 1624, 0, 3
0 20 11: 1631, 0, 1
0 20 12: 197, 4, 0
0 20 12: 326, 22, 0
0 20 13: 325, 22, 3
0 20 14: 1537, 0, 3
0 20 15: 325, 22, 3
0 20 16: 197, 4, 0
0 20 16: 325, 22, 3
0 20 17: 197, 4, 1
0 20 17: 326, 22, 2
0 20 18: 325, 22, 0
0 20 18: 1631, 0, 3
0 20 21: 724, 10, 0
0 20 22: 325, 22, 2
0 20 23: 325, 22, 2
0 20 24: 325, 22, 0
0 20 24: 724, 10, 0
0 20 26: 1859, 10, 2
0 20 31: 1902, 0, 1
0 20 32: 591, 10, 2
0 20 32: 961, 4, 3
0 20 40: 1088, 11, 0
0 20 43: 1509, 0, 0
0 20 44: 1902, 3, 3
0 20 50: 1257, 22, 3
0 20 50: 1844, 5, 1
0 20 50: 1902, 0, 1
0 20 51: 1844, 4, 3
0 20 57: 362, 10, 0
0 20 57: 1838, 4, 1
0 20 58: 1838, 5, 3
0 20 58: 1902, 0, 3
0 20 59: 1257, 22, 3
0 20 60: 1257, 22, 0
0 21 2: 1394, 10, 3
0 21 5: 1257, 22, 3
0 21 6: 979, 0, 1
0 21 9: 1629, 22, 3
0 21 10: 1626, 0, 1
0 21 11: 1631, 0, 1
0 21 12: 324, 22, 0
0 21 13: 325, 22, 2
0 21 16: 325, 22, 0
0 21 17: 325, 22, 1
0 21 18: 325, 22, 3
0 21 18: 1631, 0, 3
0 21 23: 324, 22, 0
0 21 24: 326, 22, 1
0 21 25: 325, 22, 3
0 21 31: 1257, 22, 0
0 21 31: 1902, 0, 1
0 21 43: 1510, 0, 2
0 21 44: 1902, 3, 2
0 21 46: 1245, 22, 0
0 21 49: 1257, 22, 1
0 21 50: 1257, 22, 2
0 21 50: 1902, 0, 1
0 21 51: 296, 10, 2
0 21 53: 300, 10, 1
0 21 57: 1016, 10, 1
0 21 58: 1257, 22, 1
0 21 58: 1902, 0, 3
0 21 59: 1257, 22, 0
0 22 5: 1257, 22, 0
0 22 6: 979, 0, 1
0 22 7: 1257, 22, 2
0 22 9: 1626, 3, 3
0 22 9: 1629, 22, 3
0 22 10: 1624, 3, 0
0 22 11: 1631, 0, 1
0 22 12: 197, 4, 3
0 22 12: 325, 22, 1
0 22 22: 325, 22, 1
0 22 23: 325, 22, 2
0 22 24: 325, 22, 2
0 22 30: 1257, 22, 3
0 22 31: 1259, 22, 2
0 22 31: 1902, 0, 1
0 22 32: 196, 4, 3
0 22 38: 2738, 22, 0
0 22 43: 961, 4, 1
0 22 44: 205, 5, 3
0 22 44: 1902, 0, 3
0 22 48: 1257, 22, 0
0 22 49: 1257, 22, 1
0 22 50: 1258, 22, 1
0 22 50: 1902, 0, 1
0 22 55: 1263, 22, 3
0 22 57: 299, 10, 0
0 22 58: 1258, 22, 0
0 22 58: 1902, 0, 3
0 22 59: 1258, 22, 1
0 22 60: 1257, 22, 3
0 23 5: 1257, 22, 1
0 23 5: 1394, 10, 0
0 23 6: 979, 1, 0
0 23 6: 1257, 22, 3
0 23 7: 979, 9, 0
0 23 7: 1257, 22, 1
0 23 9: 1626, 3, 3
0 23 10: 1629, 22, 0
0 23 11: 1631, 0, 1
0 23 13: 2745, 22, 0
0 23 16: 175, 22, 1
0 23 18: 1631, 0, 3
0 23 21: 724, 10, 0
0 23 24: 724, 10, 0
0 23 26: 1859, 10, 2
0 23 30: 1257, 22, 3
0 23 31: 1257, 22, 1
0 23 31: 1902, 0, 1
0 23 32: 1902, 0, 0
0 23 33: 2213, 10, 3
0 23 34: 1902, 2, 3
0 23 35: 2213, 10, 3
0 23 36: 1902, 2, 3
0 23 37: 1902, 2, 0
0 23 42: 590, 10, 2
0 23 43: 196, 4, 1
0 23 43: 1088, 10, 0
0 23 44: 1902, 0, 3
0 23 48: 1257, 22, 3
0 23 49: 1258, 22, 3
0 23 50: 1259, 22, 2
0 23 50: 1902, 0, 1
0 23 54: 1262, 22, 0
0 23 58: 1258, 22, 0
0 23 58: 1902, 0, 3
0 23 59: 1259, 22, 1
0 23 60: 1257, 22, 3
0 24 4: 1257, 22, 1
0 24 5: 1257, 22, 2
0 24 6: 1257, 22, 1
0 24 7: 979, 0, 1
0 24 7: 1259, 22, 3
0 24 8: 1257, 22, 1
0 24 9: 1626, 0, 3
0 24 10: 1626, 3, 3
0 24 11: 1631, 0, 1
0 24 12: 325, 22, 1
0 24 13: 399, 10, 3
0 24 17: 197, 4, 1
0 24 17: 325, 22, 3
0 24 18: 197, 5, 3
0 24 18: 325, 22, 2
0 24 18: 1631, 0, 3
0 24 20: 398, 10, 0
0 24 22: 325, 22, 0
0 24 23: 398, 10, 0
0 24 25: 325, 22, 0
0 24 31: 1257, 22, 2
0 24 31: 1902, 0, 1
0 24 34: 1902, 0, 3
0 24 36: 1902, 0, 3
0 24 37: 2213, 10, 0
0 24 43: 961, 4, 1
0 24 44: 1902, 0, 3
0 24 49: 1257, 22, 2
0 24 50: 1259, 22, 1
0 24 50: 1902, 0, 1
0 24 51: 1017, 10, 3
0 24 55: 1747, 10, 3
0 24 57: 1015, 10, 1
0 24 58: 1257, 22, 3
0 24 58: 1902, 0, 3
0 24 59: 1257, 22, 1
0 24 60: 1257, 22, 2
0 25 4: 1257, 22, 3
0 25 5: 1257, 22, 0
0 25 6: 1258, 22, 1
0 25 7: 979, 0, 1
0 25 7: 1259, 22, 0
0 25 9: 1257, 22, 3
0 25 9: 1625, 0, 3
0 25 11: 1631, 0, 1
0 25 12: 197, 4, 2
0 25 12: 1568, 22, 2
0 25 13: 325, 22, 0
0 25 16: 197, 4, 2
0 25 16: 325, 22, 0
0 25 17: 326, 22, 3
0 25 18: 326, 22, 0
0 25 18: 1102, 10, 1
0 25 18: 1631, 0, 3
0 25 19: 197, 4, 2
0 25 19: 325, 22, 1
0 25 21: 1844, 4, 2
0 25 22: 197, 4, 2
0 25 22: 326, 22, 2
0 25 24: 1844, 4, 2
0 25 25: 197, 4, 2
0 25 25: 325, 22, 0
0 25 25: 1102, 10, 2
0 25 26: 1859, 10, 2
0 25 31: 1257, 22, 2
0 25 31: 1902, 0, 1
0 25 37: 1902, 2, 0
0 25 43: 196, 4, 1
0 25 44: 1902, 0, 3
0 25 49: 1257, 22, 1
0 25 50: 1258, 22, 3
0 25 50: 1902, 0, 1
0 25 51: 1018, 10, 3
0 25 54: 1263, 22, 0
0 25 57: 1016, 10, 1
0 25 57: 1262, 22, 1
0 25 58: 1902, 0, 3
0 25 59: 1257, 22, 2
0 25 62: 1276, 11, 0
0 26 2: 1298, 10, 1
0 26 3: 1257, 22, 2
0 26 4: 1258, 22, 2
0 26 5: 1257, 22, 1
0 26 6: 1257, 22, 2
0 26 7: 979, 0, 1
0 26 7: 1259, 22, 2
0 26 10: 1624, 0, 0
0 26 11: 1631, 0, 0
0 26 12: 1631, 0, 0
0 26 13: 1631, 0, 0
0 26 14: 1631, 0, 0
0 26 15: 1631, 0, 0
0 26 16: 1631, 0, 0
0 26 17: 1631, 0, 0
0 26 18: 1631, 0, 0
0 26 19: 1631, 0, 0
0 26 20: 1631, 0, 0
0 26 21: 1631, 0, 0
0 26 21: 1844, 5, 0
0 26 22: 1631, 0, 0
0 26 23: 1257, 22, 3
0 26 23: 1631, 0, 0
0 26 24: 1257, 22, 2
0 26 24: 1631, 0, 0
0 26 24: 1844, 5, 0
0 26 25: 1631, 0, 0
0 26 26: 1631, 0, 0
0 26 27: 1602, 3, 3
0 26 30: 1257, 22, 3
0 26 31: 1257, 22, 1
0 26 31: 1902, 0, 1
0 26 33: 196, 4, 2
0 26 35: 196, 4, 2
0 26 37: 2213, 10, 0
0 26 38: 196, 4, 2
0 26 40: 196, 4, 2
0 26 40: 2214, 10, 1
0 26 41: 2214, 10, 1
0 26 42: 196, 4, 2
0 26 42: 2214, 10, 1
0 26 44: 1902, 0, 3
0 26 49: 1257, 22, 0
0 26 50: 1258, 22, 2
0 26 50: 1902, 0, 1
0 26 51: 1016, 10, 3
0 26 52: 1262, 22, 1
0 26 57: 356, 10, 3
0 26 58: 1257, 22, 0
0 26 58: 1902, 0, 3
0 26 59: 1257, 22, 0
0 27 1: 1257, 22, 0
0 27 2: 1257, 22, 1
0 27 3: 1257, 22, 2
0 27 4: 1259, 22, 2
0 27 5: 1258, 22, 1
0 27 6: 1257, 22, 3
0 27 7: 979, 0, 1
0 27 7: 1257, 22, 0
0 27 23: 1257, 22, 0
0 27 24: 1258, 22, 1
0 27 25: 1257, 22, 0
0 27 29: 1257, 22, 3
0 27 30: 1257, 22, 2
0 27 31: 1257, 22, 0
0 27 31: 1902, 3, 0
0 27 32: 1257, 22, 2
0 27 32: 1902, 0, 0
0 27 33: 1259, 22, 3
0 27 33: 1902, 0, 0
0 27 34: 1258, 22, 2
0 27 34: 1902, 0, 0
0 27 35: 1257, 22, 2
0 27 35: 1902, 0, 0
0 27 36: 1258, 22, 3
0 27 36: 1902, 0, 0
0 27 37: 1257, 22, 1
0 27 37: 1902, 0, 0
0 27 38: 1257, 22, 1
0 27 38: 1902, 0, 0
0 27 39: 1902, 0, 0
0 27 40: 1902, 0, 0
0 27 41: 1902, 0, 0
0 27 42: 1902, 0, 0
0 27 43: 1902, 0, 0
0 27 44: 1902, 3, 3
0 27 48: 1257, 22, 3
0 27 49: 1258, 22, 1
0 27 50: 1259, 22, 1
0 27 50: 1838, 5, 1
0 27 50: 1902, 0, 1
0 27 51: 356, 10, 0
0 27 51: 1838, 4, 3
0 27 55: 1262, 22, 2
0 27 56: 357, 10, 2
0 27 57: 357, 10, 3
0 27 57: 1844, 4, 1
0 27 58: 1257, 22, 3
0 27 58: 1844, 5, 3
0 27 58: 1902, 0, 3
0 27 59: 1257, 22, 2
0 28 0: 320, 22, 2
0 28 1: 321, 22, 3
0 28 2: 320, 22, 2
0 28 3: 320, 22, 2
0 28 5: 1257, 22, 2
0 28 6: 1257, 22, 0
0 28 7: 979, 0, 1
0 28 9: 1162, 10, 0
0 28 10: 320, 22, 2
0 28 11: 320, 22, 2
0 28 12: 321, 22, 3
0 28 13: 320, 22, 2
0 28 14: 321, 22, 3
0 28 15: 320, 22, 3
0 28 16: 320, 22, 1
0 28 17: 319, 22, 2
0 28 18: 320, 22, 0
0 28 19: 321, 22, 2
0 28 20: 320, 22, 3
0 28 21: 320, 22, 1
0 28 22: 321, 22, 1
0 28 23: 319, 22, 2
0 28 26: 1257, 22, 3
0 28 27: 1257, 22, 2
0 28 28: 1257, 22, 1
0 28 29: 1257, 22, 0
0 28 30: 1257, 22, 0
0 28 31: 1257, 22, 1
0 28 32: 1257, 22, 1
0 28 33: 1257, 22, 0
0 28 34: 1257, 22, 3
0 28 35: 1257, 22, 0
0 28 36: 1257, 22, 2
0 28 45: 1245, 22, 2
0 28 47: 1257, 22, 2
0 28 48: 1258, 22, 0
0 28 49: 1259, 22, 1
0 28 50: 1259, 22, 2
0 28 50: 1902, 0, 1
0 28 51: 358, 10, 3
0 28 52: 356, 10, 3
0 28 52: 1838, 4, 2
0 28 56: 357, 10, 1
0 28 56: 1838, 4, 2
0 28 57: 358, 10, 3
0 28 58: 1257, 22, 0
0 28 58: 1902, 0, 3
0 29 5: 1162, 10, 0
0 29 22: 320, 22, 0
0 29 23: 320, 22, 3
0 29 24: 320, 22, 2
0 29 25: 321, 22, 0
0 29 26: 320, 22, 0
0 29 28: 1258, 22, 3
0 29 29: 1257, 22, 3
0 29 30: 1258, 22, 2
0 29 31: 1257, 22, 1
0 29 34: 1257, 22, 3
0 29 35: 1257, 22, 3
0 29 48: 1257, 22, 1
0 29 49: 1258, 22, 3
0 29 50: 1259, 22, 1
0 29 50: 1902, 3, 0
0 29 51: 1259, 22, 0
0 29 51: 1902, 0, 0
0 29 52: 1838, 5, 0
0 29 52: 1902, 0, 0
0 29 53: 1516, 0, 0
0 29 54: 1257, 22, 3
0 29 54: 1519, 0, 0
0 29 55: 205, 5, 0
0 29 55: 1259, 22, 0
0 29 55: 1902, 0, 0
0 29 56: 1259, 22, 3
0 29 56: 1838, 5, 0
0 29 56: 1902, 0, 0
0 29 57: 1258, 22, 1
0 29 57: 1902, 0, 0
0 29 58: 1257, 22, 2
0 29 58: 1902, 3, 3
0 29 59: 1257, 22, 3
0 30 25: 320, 22, 2
0 30 26: 320, 22, 3
0 30 27: 320, 22, 3
0 30 28: 1299, 10, 3
0 30 31: 1257, 22, 3
0 30 45: 1300, 10, 1
0 30 48: 1257, 22, 0
0 30 49: 1258, 22, 3
0 30 50: 1258, 22, 2
0 30 51: 1258, 22, 1
0 30 52: 1257, 22, 0
0 30 54: 1257, 22, 2
0 30 55: 1258, 22, 3
0 30 56: 1258, 22, 2
0 30 57: 1257, 22, 0
0 30 58: 1257, 22, 3
0 30 59: 1257, 22, 2
0 31 28: 321, 22, 3
0 31 29: 320, 22, 1
0 31 37: 1392, 10, 2
0 31 42: 1392, 10, 3
0 31 48: 1257, 22, 3
0 31 49: 1257, 22, 3
0 31 50: 1257, 22, 2
0 31 51: 1257, 22, 2
0 31 54: 1257, 22, 0
0 31 55: 1257, 22, 3
0 31 55: 1276, 11, 0
0 31 56: 1257, 22, 2
0 31 57: 1257, 22, 1
0 31 59: 1257, 22, 2
0 32 0: 320, 22, 1
0 32 1: 321, 22, 0
0 32 2: 320, 22, 3
0 32 3: 320, 22, 2
0 32 4: 320, 22, 1
0 32 5: 320, 22, 0
0 32 6: 321, 22, 1
0 32 7: 979, 0, 1
0 32 9: 320, 22, 3
0 32 10: 320, 22, 2
0 32 11: 320, 22, 1
0 32 12: 320, 22, 2
0 32 13: 321, 22, 2
0 32 14: 320, 22, 3
0 32 31: 1299, 10, 2
0 32 37: 1246, 22, 0
0 33 0: 320, 22, 2
0 33 2: 1257, 22, 2
0 33 3: 1258, 22, 0
0 33 4: 1257, 22, 2
0 33 6: 1257, 22, 1
0 33 7: 979, 0, 1
0 33 8: 980, 0, 0
0 33 9: 980, 0, 0
0 33 9: 1257, 22, 0
0 33 10: 980, 0, 0
0 33 10: 1258, 22, 2
0 33 11: 980, 0, 0
0 33 11: 1257, 22, 1
0 33 12: 980, 9, 0
0 33 14: 320, 22, 1
0 33 36: 1300, 10, 3
0 33 58: 1257, 22, 1
0 33 59: 1257, 22, 1
0 33 60: 1257, 22, 0
0 33 61: 1257, 22, 0
0 34 0: 1257, 22, 3
0 34 1: 1257, 22, 0
0 34 2: 1257, 22, 0
0 34 3: 1259, 22, 1
0 34 4: 1258, 22, 3
0 34 5: 1257, 22, 3
0 34 6: 1257, 22, 0
0 34 7: 979, 0, 1
0 34 7: 1257, 22, 2
0 34 8: 1257, 22, 2
0 34 9: 1258, 22, 1
0 34 10: 1259, 22, 0
0 34 11: 1258, 22, 0
0 34 12: 981, 3, 0
0 34 12: 1257, 22, 2
0 34 13: 980, 0, 0
0 34 13: 1257, 22, 0
0 34 14: 980, 0, 0
0 34 14: 1257, 22, 1
0 34 15: 980, 0, 0
0 34 15: 1257, 22, 1
0 34 16: 980, 9, 0
0 34 16: 1257, 22, 2
0 34 17: 1257, 22, 0
0 34 32: 1392, 10, 1
0 34 35: 1257, 22, 3
0 34 40: 1299, 10, 2
0 34 54: 1257, 22, 1
0 34 56: 1257, 22, 0
0 34 57: 1258, 22, 3
0 34 57: 1938, 4, 2
0 34 58: 1258, 22, 3
0 34 59: 1258, 22, 0
0 34 59: 1938, 4, 2
0 34 60: 1259, 22, 0
0 34 61: 1257, 22, 1
0 34 62: 1257, 22, 2
0 35 1: 1257, 22, 2
0 35 2: 1257, 22, 0
0 35 2: 1298, 10, 0
0 35 3: 1257, 22, 1
0 35 4: 1257, 22, 1
0 35 6: 979, 1, 1
0 35 7: 979, 9, 1
0 35 8: 1257, 22, 1
0 35 9: 1189, 10, 3
0 35 9: 1257, 22, 0
0 35 10: 1258, 22, 3
0 35 11: 1257, 22, 3
0 35 12: 1257, 22, 3
0 35 13: 1257, 22, 2
0 35 14: 1189, 10, 3
0 35 14: 1257, 22, 3
0 35 15: 1257, 22, 0
0 35 16: 981, 3, 0
0 35 16: 1258, 22, 3
0 35 17: 980, 0, 0
0 35 17: 1257, 22, 2
0 35 18: 980, 0, 0
0 35 18: 1257, 22, 2
0 35 19: 980, 9, 0
0 35 31: 1257, 22, 2
0 35 32: 1257, 22, 2
0 35 33: 1257, 22, 1
0 35 34: 1257, 22, 0
0 35 35: 1257, 22, 3
0 35 36: 1257, 22, 2
0 35 37: 1257, 22, 0
0 35 48: 1299, 10, 1
0 35 54: 1257, 22, 2
0 35 54: 1902, 0, 1
0 35 55: 647, 10, 2
0 35 55: 1902, 0, 0
0 35 56: 1902, 0, 0
0 35 57: 1902, 0, 0
0 35 57: 1938, 5, 0
0 35 58: 650, 5, 0
0 35 58: 1902, 0, 0
0 35 59: 1902, 0, 0
0 35 59: 1938, 5, 0
0 35 60: 196, 5, 0
0 35 60: 653, 22, 3
0 35 60: 1902, 2, 3
0 35 61: 650, 4, 1
0 35 61: 661, 10, 0
0 35 61: 1902, 0, 0
0 35 62: 1257, 22, 0
0 35 62: 1902, 0, 3
0 36 5: 979, 1, 1
0 36 6: 979, 9, 1
0 36 9: 1257, 22, 3
0 36 10: 1257, 22, 1
0 36 11: 1257, 22, 0
0 36 13: 1257, 22, 2
0 36 15: 1257, 22, 2
0 36 16: 1257, 22, 1
0 36 17: 1257, 22, 0
0 36 19: 980, 1, 0
0 36 19: 1258, 22, 2
0 36 20: 980, 0, 0
0 36 20: 1257, 22, 2
0 36 21: 981, 3, 3
0 36 33: 1257, 22, 0
0 36 34: 1258, 22, 1
0 36 36: 1257, 22, 1
0 36 37: 1257, 22, 0
0 36 44: 1392, 10, 0
0 36 54: 1257, 22, 0
0 36 54: 1902, 0, 1
0 36 54: 1938, 5, 1
0 36 55: 1938, 4, 3
0 36 57: 652, 22, 3
0 36 60: 662, 10, 1
0 36 60: 1541, 0, 3
0 36 61: 653, 22, 0
0 36 61: 1938, 4, 1
0 36 62: 1257, 22, 1
0 36 62: 1902, 0, 3
0 36 62: 1938, 5, 3
0 36 63: 1257, 22, 1
0 37 5: 979, 0, 1
0 37 6: 1257, 22, 0
0 37 13: 1189, 10, 0
0 37 19: 1257, 22, 1
0 37 20: 1257, 22, 0
0 37 22: 1258, 22, 2
0 37 23: 1258, 22, 3
0 37 24: 1257, 22, 2
0 37 25: 1259, 22, 0
0 37 35: 1259, 22, 1
0 37 36: 1258, 22, 0
0 37 37: 1257, 22, 3
0 37 38: 1257, 22, 1
0 37 39: 1392, 10, 1
0 37 53: 1257, 22, 3
0 37 54: 1257, 22, 2
0 37 54: 1902, 0, 1
0 37 55: 650, 4, 3
0 37 60: 997, 0, 3
0 37 61: 196, 4, 1
0 37 62: 1257, 22, 0
0 37 62: 1902, 0, 3
0 37 63: 1257, 22, 0
0 38 0: 1276, 10, 2
0 38 5: 979, 0, 1
0 38 6: 1257, 22, 1
0 38 7: 1257, 22, 2
0 38 12: 1189, 10, 0
0 38 16: 1189, 10, 3
0 38 20: 1257, 22, 3
0 38 21: 1257, 22, 3
0 38 22: 1257, 22, 2
0 38 23: 1257, 22, 1
0 38 24: 1257, 22, 0
0 38 25: 1257, 22, 0
0 38 26: 1257, 22, 3
0 38 28: 1257, 22, 2
0 38 37: 1257, 22, 2
0 38 38: 1257, 22, 3
0 38 54: 1258, 22, 2
0 38 54: 1902, 0, 1
0 38 54: 1938, 5, 1
0 38 55: 1938, 4, 3
0 38 56: 653, 22, 2
0 38 57: 653, 22, 1
0 38 60: 997, 0, 0
0 38 61: 997, 0, 0
0 38 61: 1938, 4, 1
0 38 62: 1257, 22, 3
0 38 62: 1902, 0, 3
0 38 62: 1938, 5, 3
0 38 63: 1257, 22, 2
0 39 2: 1394, 10, 0
0 39 3: 1246, 22, 2
0 39 5: 979, 0, 1
0 39 6: 1258, 22, 2
0 39 7: 1257, 22, 2
0 39 8: 1257, 22, 1
0 39 13: 1189, 10, 2
0 39 22: 1257, 22, 2
0 39 23: 1257, 22, 1
0 39 29: 1257, 22, 1
0 39 30: 1257, 22, 0
0 39 31: 1308, 10, 2
0 39 37: 1258, 22, 0
0 39 37: 1300, 10, 1
0 39 38: 1257, 22, 2
0 39 39: 1257, 22, 2
0 39 44: 1299, 10, 2
0 39 52: 1257, 22, 1
0 39 53: 1257, 22, 0
0 39 54: 1259, 22, 3
0 39 54: 1902, 0, 1
0 39 55: 196, 4, 3
0 39 57: 196, 4, 2
0 39 60: 196, 4, 2
0 39 61: 196, 4, 1
0 39 62: 1259, 22, 3
0 39 62: 1902, 0, 3
0 39 63: 1258, 22, 1
0 40 4: 1257, 22, 0
0 40 5: 979, 0, 1
0 40 5: 1257, 22, 3
0 40 6: 1259, 22, 1
0 40 8: 1257, 22, 0
0 40 10: 1189, 10, 1
0 40 20: 1197, 10, 3
0 40 29: 1257, 22, 2
0 40 30: 1257, 22, 2
0 40 31: 1257, 22, 3
0 40 37: 1259, 22, 2
0 40 38: 1258, 22, 3
0 40 39: 1257, 22, 0
0 40 49: 1276, 10, 1
0 40 50: 1247, 22, 2
0 40 53: 1257, 22, 3
0 40 54: 1257, 22, 1
0 40 54: 1902, 3, 0
0 40 55: 1257, 22, 1
0 40 55: 1902, 0, 0
0 40 56: 1257, 22, 1
0 40 56: 1902, 0, 0
0 40 57: 1258, 22, 0
0 40 57: 1902, 0, 0
0 40 58: 1258, 22, 1
0 40 58: 1557, 0, 0
0 40 59: 1259, 22, 0
0 40 59: 1558, 0, 0
0 40 60: 1257, 22, 3
0 40 60: 1902, 0, 0
0 40 61: 1257, 22, 0
0 40 61: 1902, 0, 0
0 40 62: 1902, 3, 3
0 41 0: 1281, 10, 2
0 41 4: 1257, 22, 1
0 41 5: 979, 0, 1
0 41 6: 1260, 22, 3
0 41 7: 1259, 22, 3
0 41 8: 1257, 22, 0
0 41 10: 1265, 22, 2
0 41 18: 1198, 10, 0
0 41 21: 1198, 10, 0
0 41 27: 1246, 22, 2
0 41 30: 1257, 22, 0
0 41 31: 1257, 22, 0
0 41 32: 1257, 22, 1
0 41 33: 1258, 22, 2
0 41 37: 1258, 22, 0
0 41 38: 1308, 10, 2
0 41 39: 1257, 22, 3
0 41 40: 1257, 22, 2
0 41 46: 1276, 10, 2
0 41 48: 1247, 22, 0
0 41 49: 1247, 22, 3
0 41 50: 1247, 22, 1
0 41 52: 1257, 22, 0
0 41 53: 1257, 22, 0
0 41 54: 1257, 22, 1
0 41 55: 1257, 22, 2
0 41 56: 1257, 22, 0
0 41 57: 1257, 22, 0
0 41 58: 1257, 22, 0
0 41 59: 1257, 22, 1
0 41 60: 1257, 22, 1
0 42 0: 1246, 22, 3
0 42 3: 1257, 22, 3
0 42 4: 1257, 22, 2
0 42 5: 979, 0, 1
0 42 5: 1257, 22, 0
0 42 6: 1260, 22, 3
0 42 7: 1394, 10, 3
0 42 8: 1257, 22, 2
0 42 13: 1393, 10, 3
0 42 19: 1265, 22, 2
0 42 20: 1198, 10, 1
0 42 21: 1198, 11, 0
0 42 31: 1257, 22, 0
0 42 32: 1258, 22, 1
0 42 33: 1264, 22, 1
0 42 34: 1258, 22, 3
0 42 39: 1257, 22, 1
0 42 40: 1257, 22, 1
0 42 41: 1257, 22, 0
0 42 45: 1247, 22, 2
0 42 46: 1247, 22, 3
0 42 47: 1247, 22, 3
0 42 52: 1257, 22, 3
0 42 53: 1257, 22, 2
0 42 54: 1257, 22, 1
0 42 55: 1257, 22, 2
0 42 56: 1257, 22, 3
0 42 58: 1257, 22, 1
0 42 59: 1257, 22, 1
0 43 4: 1257, 22, 2
0 43 5: 979, 0, 1
0 43 5: 1257, 22, 0
0 43 6: 1260, 22, 0
0 43 7: 1257, 22, 3
0 43 8: 1257, 22, 1
0 43 12: 1394, 10, 1
0 43 13: 1247, 22, 1
0 43 24: 1265, 22, 1
0 43 31: 1257, 22, 0
0 43 32: 1257, 22, 0
0 43 33: 1258, 22, 0
0 43 34: 1257, 22, 2
0 43 35: 1257, 22, 1
0 43 39: 1257, 22, 3
0 43 40: 1258, 22, 3
0 43 41: 1257, 22, 2
0 43 42: 1257, 22, 1
0 43 52: 1257, 22, 0
0 43 55: 1257, 22, 3
0 43 56: 1189, 10, 1
0 44 3: 1265, 22, 2
0 44 4: 1257, 22, 1
0 44 5: 979, 0, 1
0 44 5: 1257, 22, 3
0 44 6: 1258, 22, 0
0 44 7: 1258, 22, 2
0 44 8: 1257, 22, 1
0 44 11: 1247, 22, 0
0 44 12: 1247, 22, 0
0 44 13: 1247, 22, 2
0 44 25: 1394, 10, 1
0 44 26: 1247, 22, 3
0 44 32: 1257, 22, 2
0 44 33: 1257, 22, 0
0 44 35: 1257, 22, 3
0 44 39: 1258, 22, 2
0 44 40: 1258, 22, 0
0 44 41: 1258, 22, 2
0 44 42: 1257, 22, 0
0 44 48: 1300, 10, 0
0 44 53: 1189, 10, 2
0 44 54: 1257, 22, 1
0 45 4: 1257, 22, 3
0 45 5: 979, 0, 1
0 45 6: 1258, 22, 3
0 45 7: 1257, 22, 0
0 45 8: 1257, 22, 2
0 45 10: 1394, 10, 0
0 45 13: 1247, 22, 1
0 45 25: 1246, 22, 1
0 45 30: 1278, 10, 3
0 45 31: 1246, 22, 1
0 45 34: 1257, 22, 1
0 45 35: 1258, 22, 3
0 45 36: 1259, 22, 3
0 45 37: 1258, 22, 1
0 45 41: 1257, 22, 2
0 45 42: 1257, 22, 3
0 45 50: 1278, 10, 1
0 45 51: 1247, 22, 3
0 45 56: 1300, 10, 2
0 46 1: 1276, 10, 1
0 46 4: 1257, 22, 3
0 46 5: 979, 0, 1
0 46 6: 1257, 22, 3
0 46 6: 1394, 10, 0
0 46 10: 1247, 22, 0
0 46 11: 1247, 22, 1
0 46 18: 1276, 10, 2
0 46 19: 1247, 22, 1
0 46 22: 1276, 10, 1
0 46 23: 1246, 22, 0
0 46 34: 1257, 22, 0
0 46 36: 1257, 22, 1
0 46 37: 1257, 22, 3
0 46 41: 1257, 22, 0
0 46 42: 1257, 22, 2
0 46 43: 1276, 10, 1
0 46 50: 1247, 22, 0
0 46 51: 1247, 22, 1
0 46 58: 1189, 10, 3
0 47 4: 1257, 22, 0
0 47 5: 979, 0, 1
0 47 6: 1257, 22, 2
0 47 7: 1257, 22, 3
0 47 18: 1247, 22, 0
0 47 19: 1247, 22, 1
0 47 22: 1247, 22, 0
0 47 26: 1247, 22, 2
0 47 26: 1276, 10, 0
0 47 27: 1246, 22, 2
0 47 34: 1246, 22, 3
0 47 36: 1257, 22, 0
0 47 37: 1257, 22, 1
0 47 38: 1258, 22, 2
0 47 42: 1257, 22, 2
0 47 43: 1257, 22, 2
0 47 45: 1257, 22, 2
0 47 46: 1257, 22, 2
0 47 53: 1189, 10, 0
0 48 5: 979, 1, 0
0 48 6: 979, 9, 0
0 48 7: 1257, 22, 0
0 48 8: 1257, 22, 0
0 48 11: 1393, 10, 2
0 48 16: 1264, 22, 3
0 48 26: 1247, 22, 1
0 48 32: 1264, 22, 0
0 48 36: 1257, 22, 0
0 48 37: 1258, 22, 1
0 48 38: 1257, 22, 0
0 48 43: 1258, 22, 0
0 48 44: 1257, 22, 1
0 48 45: 1257, 22, 2
0 48 45: 1276, 10, 1
0 48 46: 1257, 22, 1
0 48 47: 1257, 22, 0
0 48 49: 1278, 10, 1
0 48 50: 1247, 22, 2
0 49 5: 1257, 22, 1
0 49 6: 979, 1, 0
0 49 7: 979, 9, 0
0 49 17: 1278, 10, 2
0 49 18: 1247, 22, 1
0 49 20: 1278, 10, 1
0 49 21: 1247, 22, 0
0 49 23: 1276, 10, 1
0 49 24: 1246, 22, 3
0 49 37: 1276, 10, 2
0 49 38: 1247, 22, 2
0 49 39: 1257, 22, 1
0 49 43: 1162, 10, 3
0 49 43: 1259, 22, 2
0 49 44: 1162, 10, 3
0 49 44: 1258, 22, 3
0 49 46: 1257, 22, 3
0 49 47: 1257, 22, 0
0 49 48: 1257, 22, 2
0 49 49: 1247, 22, 1
0 49 50: 1247, 22, 0
0 50 6: 1257, 22, 3
0 50 7: 979, 1, 0
0 50 8: 979, 9, 0
0 50 9: 1257, 22, 3
0 50 10: 1394, 10, 2
0 50 11: 1247, 22, 3
0 50 17: 1247, 22, 2
0 50 20: 1247, 22, 1
0 50 21: 1246, 22, 1
0 50 23: 1246, 22, 2
0 50 27: 1278, 10, 1
0 50 28: 1246, 22, 1
0 50 31: 1278, 10, 0
0 50 32: 1247, 22, 0
0 50 37: 1247, 22, 1
0 50 39: 1257, 22, 2
0 50 40: 1257, 22, 2
0 50 44: 1162, 10, 0
0 50 45: 1259, 22, 2
0 50 46: 1257, 22, 1
0 50 47: 1257, 22, 0
0 50 48: 1257, 22, 2
0 50 56: 1278, 10, 2
0 50 57: 1247, 22, 1
0 51 3: 1265, 22, 2
0 51 5: 1394, 10, 0
0 51 7: 1257, 22, 3
0 51 8: 979, 0, 1
0 51 9: 1259, 22, 1
0 51 10: 1257, 22, 2
0 51 14: 1278, 10, 2
0 51 15: 1247, 22, 2
0 51 27: 1247, 22, 2
0 51 31: 1247, 22, 0
0 51 32: 1247, 22, 2
0 51 38: 1257, 22, 3
0 51 39: 1257, 22, 1
0 51 40: 1162, 10, 3
0 51 45: 1162, 10, 1
0 51 45: 1258, 22, 3
0 51 46: 1258, 22, 2
0 51 47: 1257, 22, 1
0 51 48: 1257, 22, 1
0 51 48: 1276, 10, 0
0 51 49: 1257, 22, 3
0 51 57: 1247, 22, 0
0 52 6: 1257, 22, 0
0 52 8: 979, 0, 1
0 52 9: 1258, 22, 1
0 52 10: 1257, 22, 0
0 52 11: 1257, 22, 3
0 52 14: 1247, 22, 1
0 52 15: 1247, 22, 2
0 52 19: 1394, 10, 0
0 52 20: 1247, 22, 0
0 52 23: 1278, 10, 3
0 52 24: 1247, 22, 2
0 52 28: 1247, 22, 0
0 52 38: 1257, 22, 2
0 52 39: 1258, 22, 0
0 52 40: 1259, 22, 3
0 52 46: 1162, 10, 0
0 52 47: 1257, 22, 0
0 52 49: 1257, 22, 1
0 52 50: 1257, 22, 0
0 52 53: 1276, 10, 3
0 52 54: 1247, 22, 3
0 53 6: 1257, 22, 0
0 53 7: 1259, 22, 2
0 53 8: 979, 0, 1
0 53 8: 1259, 22, 0
0 53 9: 1258, 22, 0
0 53 10: 1259, 22, 3
0 53 11: 1257, 22, 3
0 53 15: 1247, 22, 3
0 53 19: 1247, 22, 3
0 53 20: 1246, 22, 1
0 53 23: 1247, 22, 1
0 53 32: 1189, 10, 0
0 53 32: 1257, 22, 0
0 53 33: 1257, 22, 1
0 53 34: 1257, 22, 3
0 53 35: 1257, 22, 2
0 53 38: 1257, 22, 2
0 53 39: 1257, 22, 0
0 53 40: 1162, 10, 2
0 53 40: 1258, 22, 2
0 53 41: 1258, 22, 1
0 53 42: 1162, 10, 1
0 53 42: 1258, 22, 0
0 53 48: 1257, 22, 3
0 53 49: 1257, 22, 3
0 53 49: 1278, 10, 3
0 53 52: 1257, 22, 1
0 53 53: 1247, 22, 2
0 54 6: 1257, 22, 1
0 54 7: 1259, 22, 1
0 54 8: 979, 0, 1
0 54 8: 1257, 22, 3
0 54 9: 1260, 22, 1
0 54 10: 1257, 22, 0
0 54 11: 1257, 22, 2
0 54 13: 1264, 22, 1
0 54 15: 1281, 10, 0
0 54 17: 1247, 22, 3
0 54 32: 1257, 22, 1
0 54 33: 1257, 22, 0
0 54 34: 1257, 22, 3
0 54 35: 1189, 10, 1
0 54 35: 1246, 22, 0
0 54 36: 1257, 22, 1
0 54 39: 1257, 22, 0
0 54 40: 1257, 22, 3
0 54 41: 1257, 22, 3
0 54 42: 1257, 22, 1
0 54 43: 1259, 22, 1
0 54 44: 1247, 22, 1
0 54 52: 1257, 22, 2
0 54 53: 1257, 22, 3
0 54 54: 1257, 22, 0
0 54 55: 1257, 22, 0
0 55 2: 1265, 22, 2
0 55 6: 1257, 22, 1
0 55 7: 1259, 22, 1
0 55 8: 979, 0, 1
0 55 8: 1257, 22, 2
0 55 9: 1260, 22, 1
0 55 10: 1259, 22, 2
0 55 11: 1257, 22, 3
0 55 20: 1264, 22, 0
0 55 23: 1247, 22, 2
0 55 30: 1276, 10, 0
0 55 31: 1247, 22, 1
0 55 32: 1258, 22, 3
0 55 33: 1189, 10, 2
0 55 33: 1258, 22, 2
0 55 34: 1189, 10, 1
0 55 34: 1258, 22, 2
0 55 35: 1258, 22, 2
0 55 36: 1257, 22, 1
0 55 38: 1276, 10, 3
0 55 39: 1246, 22, 1
0 55 42: 1257, 22, 3
0 55 43: 1258, 22, 3
0 55 44: 1258, 22, 2
0 55 45: 1257, 22, 3
0 55 53: 1257, 22, 1
0 55 54: 1259, 22, 2
0 55 55: 1258, 22, 0
0 55 56: 1257, 22, 3
0 56 6: 1257, 22, 2
0 56 7: 1257, 22, 3
0 56 8: 979, 0, 1
0 56 8: 1260, 22, 2
0 56 9: 1260, 22, 2
0 56 10: 1257, 22, 1
0 56 15: 1246, 22, 3
0 56 17: 1247, 22, 0
0 56 19: 1394, 10, 3
0 56 23: 1278, 10, 3
0 56 24: 1247, 22, 1
0 56 26: 1278, 10, 0
0 56 29: 1257, 22, 3
0 56 30: 1247, 22, 0
0 56 31: 1247, 22, 3
0 56 32: 1258, 22, 0
0 56 33: 1259, 22, 3
0 56 34: 1259, 22, 1
0 56 35: 1257, 22, 3
0 56 36: 1257, 22, 0
0 56 42: 1257, 22, 3
0 56 43: 1257, 22, 2
0 56 44: 1257, 22, 1
0 56 44: 1278, 10, 3
0 56 45: 1257, 22, 1
0 56 46: 1259, 22, 0
0 56 47: 1258, 22, 3
0 56 55: 1258, 22, 3
0 56 56: 1278, 10, 2
0 56 58: 1259, 22, 0
0 56 59: 1257, 22, 0
0 57 8: 979, 0, 1
0 57 8: 1257, 22, 0
0 57 9: 1259, 22, 1
0 57 10: 1259, 22, 2
0 57 11: 1257, 22, 0
0 57 19: 1246, 22, 2
0 57 23: 1247, 22, 1
0 57 24: 1247, 22, 2
0 57 26: 1247, 22, 1
0 57 27: 1264, 22, 3
0 57 29: 1257, 22, 3
0 57 30: 1257, 22, 1
0 57 31: 1257, 22, 2
0 57 32: 1259, 22, 0
0 57 33: 1259, 22, 1
0 57 34: 1258, 22, 0
0 57 35: 1189, 10, 3
0 57 35: 1257, 22, 2
0 57 36: 1257, 22, 1
0 57 38: 1246, 22, 3
0 57 46: 1258, 22, 0
0 57 47: 1259, 22, 1
0 57 48: 1257, 22, 1
0 57 49: 1257, 22, 0
0 57 49: 1278, 10, 0
0 57 50: 1257, 22, 3
0 57 55: 1257, 22, 1
0 57 58: 1258, 22, 3
0 57 59: 1259, 22, 3
0 57 60: 1257, 22, 1
0 57 61: 1257, 22, 2
0 58 7: 1257, 22, 1
0 58 8: 979, 0, 1
0 58 8: 1258, 22, 2
0 58 9: 1394, 10, 0
0 58 10: 1257, 22, 0
0 58 17: 1265, 22, 2
0 58 27: 1247, 22, 0
0 58 30: 1257, 22, 3
0 58 31: 1257, 22, 3
0 58 32: 1247, 22, 3
0 58 32: 1276, 10, 2
0 58 33: 1247, 22, 0
0 58 34: 1259, 22, 2
0 58 35: 1258, 22, 3
0 58 36: 1257, 22, 0
0 58 49: 1257, 22, 1
0 58 51: 1257, 22, 0
0 58 52: 1257, 22, 2
0 58 59: 1257, 22, 1
0 59 7: 1257, 22, 1
0 59 8: 979, 0, 1
0 59 9: 1257, 22, 0
0 59 10: 1257, 22, 2
0 59 21: 1278, 10, 3
0 59 22: 1247, 22, 1
0 59 27: 1278, 10, 2
0 59 28: 1247, 22, 2
0 59 30: 1257, 22, 1
0 59 31: 1257, 22, 0
0 59 32: 1247, 22, 2
0 59 33: 1247, 22, 2
0 59 34: 1257, 22, 2
0 59 35: 1257, 22, 3
0 59 38: 1278, 10, 2
0 59 39: 1247, 22, 1
0 59 44: 1276, 10, 1
0 59 45: 1247, 22, 0
0 59 50: 1257, 22, 2
0 59 51: 1257, 22, 1
0 59 52: 1259, 22, 1
0 59 53: 1258, 22, 2
0 59 60: 1714, 10, 2
0 59 62: 1714, 10, 0
0 60 8: 979, 1, 0
0 60 8: 1257, 22, 2
0 60 9: 979, 9, 0
0 60 9: 1257, 22, 2
0 60 10: 1257, 22, 3
0 60 11: 1257, 22, 3
0 60 13: 1264, 22, 2
0 60 16: 1278, 10, 2
0 60 17: 1247, 22, 1
0 60 18: 1246, 22, 3
0 60 21: 1247, 22, 1
0 60 22: 1247, 22, 2
0 60 27: 1247, 22, 3
0 60 33: 1257, 22, 1
0 60 38: 1247, 22, 2
0 60 41: 1247, 22, 0
0 60 44: 1246, 22, 1
0 60 47: 1278, 10, 0
0 60 48: 1247, 22, 3
0 60 51: 1257, 22, 0
0 60 52: 1257, 22, 3
0 60 53: 1257, 22, 1
0 60 53: 1278, 10, 3
0 60 54: 1257, 22, 2
0 60 55: 1257, 22, 0
0 60 56: 1257, 22, 3
0 61 9: 979, 1, 0
0 61 9: 1257, 22, 3
0 61 10: 979, 9, 0
0 61 11: 1257, 22, 2
0 61 16: 1247, 22, 0
0 61 23: 1247, 22, 3
0 61 24: 1281, 10, 1
0 61 25: 1247, 22, 3
0 61 26: 1247, 22, 2
0 61 31: 1247, 22, 1
0 61 34: 1276, 10, 0
0 61 35: 1247, 22, 1
0 61 41: 1278, 10, 1
0 61 42: 1247, 22, 1
0 61 47: 1247, 22, 2
0 61 52: 1257, 22, 1
0 61 53: 1257, 22, 2
0 61 54: 1257, 22, 0
0 61 55: 1259, 22, 0
0 61 56: 1257, 22, 2
0 61 57: 1278, 10, 1
0 62 3: 1265, 22, 3
0 62 10: 979, 1, 0
0 62 11: 979, 9, 0
0 62 12: 1257, 22, 1
0 62 12: 1393, 10, 1
0 62 24: 1264, 22, 2
0 62 34: 1247, 22, 0
0 62 35: 1247, 22, 0
0 62 41: 1247, 22, 3
0 62 42: 1247, 22, 0
0 62 48: 1246, 22, 0
0 62 54: 1257, 22, 2
0 62 55: 1257, 22, 3
0 62 56: 1257, 22, 0
0 62 57: 1257, 22, 1
0 62 58: 1257, 22, 1
0 63 11: 979, 0, 1
0 63 12: 1257, 22, 0
0 63 15: 1265, 22, 3
0 63 24: 1247, 22, 1
0 63 26: 1246, 22, 1
1 3 51: 1793, 19, 1
1 3 52: 1793, 18, 2
1 3 53: 1793, 18, 2
1 3 54: 1793, 18, 2
1 3 55: 1793, 18, 2
1 3 56: 1793, 18, 2
1 3 57: 1793, 19, 2
1 4 32: 1792, 19, 1
1 4 33: 1792, 18, 2
1 4 34: 1792, 18, 2
1 4 35: 1792, 18, 2
1 4 36: 1792, 18, 2
1 4 37: 1792, 18, 2
1 4 38: 1792, 18, 2
1 4 39: 1792, 18, 2
1 4 40: 1792, 18, 2
1 4 41: 1792, 19, 2
1 4 50: 1793, 19, 1
1 4 51: 1933, 13, 1
1 4 52: 1933, 12, 2
1 4 53: 1933, 12, 2
1 4 54: 1933, 12, 2
1 4 55: 1933, 12, 2
1 4 56: 1933, 12, 2
1 4 57: 1933, 13, 2
1 5 32: 1792, 18, 1
1 5 33: 1926, 16, 1
1 5 34: 1926, 12, 2
1 5 35: 1926, 12, 2
1 5 36: 1926, 12, 2
1 5 37: 1926, 12, 2
1 5 38: 1926, 12, 2
1 5 39: 1926, 12, 2
1 5 40: 1926, 16, 2
1 5 41: 1792, 18, 3
1 5 50: 1793, 18, 1
1 5 51: 1933, 12, 1
1 5 52: 422, 10, 2
1 5 52: 1902, 2, 3
1 5 53: 1902, 0, 0
1 5 54: 196, 5, 0
1 5 54: 1902, 0, 0
1 5 55: 422, 10, 3
1 5 55: 1902, 0, 0
1 5 56: 196, 5, 0
1 5 56: 1902, 0, 0
1 5 57: 1902, 0, 0
1 5 58: 1902, 0, 3
1 6 32: 1792, 18, 1
1 6 33: 1926, 12, 1
1 6 40: 1926, 12, 3
1 6 41: 1792, 18, 3
1 6 50: 1793, 18, 1
1 6 51: 1933, 12, 1
1 6 52: 422, 10, 2
1 6 52: 1902, 0, 3
1 6 56: 917, 22, 3
1 6 57: 917, 22, 0
1 6 57: 1822, 4, 1
1 6 58: 1821, 5, 3
1 6 58: 1902, 0, 3
1 7 32: 1792, 18, 1
1 7 33: 1926, 12, 1
1 7 40: 1926, 12, 3
1 7 41: 1792, 18, 3
1 7 50: 1793, 18, 1
1 7 51: 1933, 12, 1
1 7 52: 391, 5, 3
1 7 52: 604, 10, 0
1 7 52: 1902, 0, 3
1 7 56: 918, 22, 2
1 7 57: 196, 4, 1
1 7 57: 918, 22, 0
1 7 58: 1902, 0, 3
1 8 32: 1792, 18, 1
1 8 33: 1926, 12, 1
1 8 40: 1926, 12, 3
1 8 41: 1792, 18, 3
1 8 50: 1793, 18, 1
1 8 51: 1933, 12, 1
1 8 52: 196, 5, 3
1 8 52: 1902, 0, 3
1 8 54: 1088, 11, 2
1 8 56: 918, 22, 2
1 8 57: 918, 22, 0
1 8 57: 1822, 4, 1
1 8 58: 1821, 5, 3
1 8 58: 1902, 0, 3
1 9 32: 1792, 18, 1
1 9 33: 1926, 16, 0
1 9 34: 1926, 12, 0
1 9 35: 1926, 12, 0
1 9 36: 1926, 12, 0
1 9 37: 1926, 12, 0
1 9 38: 1926, 12, 0
1 9 39: 1926, 12, 0
1 9 40: 1926, 16, 3
1 9 41: 1792, 18, 3
1 9 50: 1793, 18, 1
1 9 51: 1933, 12, 1
1 9 52: 1902, 0, 3
1 9 52: 2728, 10, 3
1 9 52: 2772, 22, 0
1 9 54: 595, 10, 1
1 9 56: 918, 22, 2
1 9 57: 196, 4, 1
1 9 57: 918, 22, 0
1 9 58: 1902, 0, 3
1 10 32: 1792, 19, 0
1 10 33: 1792, 18, 0
1 10 34: 1792, 18, 0
1 10 35: 1792, 18, 0
1 10 36: 1792, 18, 0
1 10 37: 1792, 18, 0
1 10 38: 1792, 18, 0
1 10 39: 1792, 18, 0
1 10 40: 1792, 18, 0
1 10 41: 1792, 19, 3
1 10 50: 1793, 18, 1
1 10 51: 1933, 12, 1
1 10 52: 1902, 0, 3
1 10 54: 1088, 11, 1
1 10 55: 1088, 10, 1
1 10 56: 917, 22, 2
1 10 57: 917, 22, 1
1 10 57: 1822, 4, 1
1 10 58: 1821, 5, 3
1 10 58: 1902, 0, 3
1 11 50: 1793, 18, 1
1 11 51: 1933, 12, 1
1 11 52: 391, 5, 3
1 11 52: 1902, 2, 2
1 11 53: 391, 5, 2
1 11 53: 1902, 0, 2
1 11 54: 1022, 5, 2
1 11 54: 1902, 0, 2
1 11 55: 1022, 5, 2
1 11 55: 1902, 0, 2
1 11 56: 196, 5, 2
1 11 56: 1902, 0, 2
1 11 57: 1746, 10, 2
1 11 57: 1902, 0, 2
1 11 58: 1902, 0, 3
1 12 11: 1940, 0, 1
1 12 12: 1940, 0, 2
1 12 13: 1940, 0, 2
1 12 14: 1940, 0, 2
1 12 15: 1940, 0, 2
1 12 16: 1940, 0, 2
1 12 17: 1940, 0, 2
1 12 18: 1940, 0, 2
1 12 19: 1940, 0, 2
1 12 24: 1940, 0, 2
1 12 25: 1940, 0, 2
1 12 26: 1940, 0, 2
1 12 27: 1940, 0, 3
1 12 50: 1793, 19, 0
1 12 51: 1933, 13, 0
1 12 52: 1933, 12, 0
1 12 53: 1933, 12, 0
1 12 54: 1933, 12, 0
1 12 55: 1933, 12, 0
1 12 56: 1933, 12, 0
1 12 57: 1933, 13, 3
1 13 11: 1940, 0, 1
1 13 27: 1940, 0, 3
1 13 51: 1793, 19, 0
1 13 52: 1793, 18, 0
1 13 53: 1793, 18, 0
1 13 54: 1793, 18, 0
1 13 55: 1793, 18, 0
1 13 56: 1793, 18, 0
1 13 57: 1793, 19, 3
1 14 11: 1940, 0, 1
1 14 27: 1940, 0, 3
1 15 11: 1940, 0, 1
1 15 27: 1940, 0, 3
1 16 11: 1940, 0, 1
1 16 27: 1940, 0, 3
1 17 11: 1940, 0, 1
1 17 18: 1631, 0, 2
1 17 19: 1631, 0, 2
1 17 19: 1838, 5, 2
1 17 20: 1631, 0, 2
1 17 21: 1631, 0, 2
1 17 22: 1631, 0, 2
1 17 23: 1631, 0, 2
1 17 24: 1631, 0, 2
1 17 25: 1631, 0, 2
1 17 25: 1838, 5, 2
1 17 26: 1631, 0, 2
1 17 27: 1940, 0, 3
1 17 37: 1793, 19, 1
1 17 38: 1793, 18, 2
1 17 39: 1793, 18, 2
1 17 40: 1793, 18, 2
1 17 41: 1793, 19, 2
1 18 11: 1940, 0, 1
1 18 18: 1631, 0, 3
1 18 19: 1838, 4, 0
1 18 25: 1838, 4, 0
1 18 26: 1631, 0, 1
1 18 31: 1902, 3, 1
1 18 32: 1902, 0, 2
1 18 33: 1828, 5, 2
1 18 33: 1902, 0, 2
1 18 34: 1049, 5, 2
1 18 34: 1902, 0, 2
1 18 35: 1902, 0, 2
1 18 36: 1902, 0, 2
1 18 37: 1902, 1, 2
1 18 37: 1933, 13, 1
1 18 38: 1933, 12, 2
1 18 39: 1933, 12, 2
1 18 40: 1933, 12, 2
1 18 41: 1902, 1, 1
1 18 41: 1933, 13, 2
1 18 42: 1828, 5, 2
1 18 42: 1902, 0, 2
1 18 43: 1902, 0, 2
1 18 44: 1902, 3, 2
1 18 50: 1902, 3, 1
1 18 51: 1902, 0, 2
1 18 52: 1838, 5, 2
1 18 52: 1902, 0, 2
1 18 53: 1902, 0, 2
1 18 54: 1838, 5, 2
1 18 54: 1902, 0, 2
1 18 55: 1902, 0, 2
1 18 56: 1838, 5, 2
1 18 56: 1902, 0, 2
1 18 57: 1902, 0, 2
1 18 58: 1902, 3, 2
1 19 11: 1631, 3, 1
1 19 12: 1624, 0, 2
1 19 13: 1626, 0, 2
1 19 14: 1626, 0, 2
1 19 15: 1625, 0, 2
1 19 16: 1624, 0, 2
1 19 17: 1626, 0, 2
1 19 18: 1631, 0, 3
1 19 26: 1631, 0, 1
1 19 31: 1902, 0, 1
1 19 33: 1828, 4, 0
1 19 36: 1902, 1, 0
1 19 37: 1902, 0, 0
1 19 38: 1902, 0, 0
1 19 39: 1902, 0, 0
1 19 40: 1902, 0, 0
1 19 41: 1902, 0, 0
1 19 42: 1828, 4, 0
1 19 42: 1902, 1, 3
1 19 44: 1902, 0, 3
1 19 50: 1902, 0, 1
1 19 51: 358, 10, 3
1 19 52: 358, 10, 2
1 19 52: 1838, 4, 0
1 19 53: 357, 10, 2
1 19 54: 357, 10, 1
1 19 54: 1838, 4, 0
1 19 55: 362, 10, 3
1 19 56: 359, 10, 2
1 19 56: 1838, 4, 0
1 19 57: 356, 10, 3
1 19 58: 1902, 0, 3
1 20 11: 1631, 0, 1
1 20 18: 1631, 0, 3
1 20 26: 1631, 0, 1
1 20 31: 1828, 5, 1
1 20 31: 1902, 0, 1
1 20 32: 1828, 4, 3
1 20 43: 1828, 4, 1
1 20 44: 1828, 5, 3
1 20 44: 1902, 0, 3
1 20 50: 1838, 5, 1
1 20 50: 1902, 0, 1
1 20 51: 357, 10, 1
1 20 51: 1838, 4, 3
1 20 52: 357, 10, 1
1 20 54: 1102, 10, 3
1 20 55: 1102, 10, 3
1 20 57: 1838, 4, 1
1 20 58: 1838, 5, 3
1 20 58: 1902, 0, 3
1 21 11: 1625, 0, 1
1 21 18: 1631, 0, 3
1 21 26: 1631, 0, 1
1 21 31: 1902, 0, 1
1 21 44: 1049, 5, 3
1 21 44: 1902, 0, 3
1 21 50: 1902, 0, 1
1 21 51: 1016, 10, 3
1 21 54: 595, 10, 1
1 21 57: 1015, 10, 1
1 21 58: 1902, 0, 3
1 22 11: 1626, 0, 1
1 22 18: 1631, 0, 3
1 22 26: 1631, 0, 1
1 22 31: 1902, 0, 1
1 22 44: 1902, 0, 3
1 22 50: 1838, 5, 1
1 22 50: 1902, 0, 1
1 22 51: 1838, 4, 3
1 22 52: 688, 22, 3
1 22 54: 1102, 10, 1
1 22 55: 1102, 10, 1
1 22 57: 1838, 4, 1
1 22 58: 1838, 5, 3
1 22 58: 1902, 0, 3
1 23 11: 1624, 0, 1
1 23 18: 1631, 0, 3
1 23 26: 1631, 0, 1
1 23 31: 1902, 0, 1
1 23 44: 1902, 0, 3
1 23 50: 1902, 0, 1
1 23 51: 1017, 10, 3
1 23 57: 1018, 10, 1
1 23 58: 1902, 0, 3
1 24 11: 1631, 0, 1
1 24 18: 1631, 0, 3
1 24 26: 1631, 0, 1
1 24 31: 1902, 0, 1
1 24 44: 1902, 0, 3
1 24 50: 1902, 0, 1
1 24 51: 1018, 10, 3
1 24 53: 917, 22, 3
1 24 54: 917, 22, 0
1 24 55: 1746, 10, 3
1 24 57: 1017, 10, 1
1 24 58: 1902, 0, 3
1 25 11: 1631, 0, 1
1 25 18: 1631, 0, 3
1 25 19: 1838, 4, 2
1 25 25: 1838, 4, 2
1 25 26: 1631, 0, 1
1 25 31: 1828, 5, 1
1 25 31: 1902, 0, 1
1 25 32: 1828, 4, 3
1 25 43: 1828, 4, 1
1 25 44: 1828, 5, 3
1 25 44: 1902, 0, 3
1 25 50: 1838, 5, 1
1 25 50: 1902, 0, 1
1 25 51: 362, 10, 0
1 25 51: 1838, 4, 3
1 25 53: 918, 22, 2
1 25 54: 918, 22, 0
1 25 57: 1838, 4, 1
1 25 58: 1838, 5, 3
1 25 58: 1902, 0, 3
1 26 11: 1631, 3, 0
1 26 12: 1631, 0, 0
1 26 13: 1625, 0, 0
1 26 14: 1626, 0, 0
1 26 15: 1626, 0, 0
1 26 16: 1626, 0, 0
1 26 17: 1624, 0, 0
1 26 18: 1631, 0, 0
1 26 19: 1631, 0, 0
1 26 19: 1838, 5, 0
1 26 20: 1631, 0, 0
1 26 21: 1631, 0, 0
1 26 22: 1631, 0, 0
1 26 23: 1631, 0, 0
1 26 24: 1631, 0, 0
1 26 25: 1631, 0, 0
1 26 25: 1838, 5, 0
1 26 26: 1631, 0, 0
1 26 27: 1602, 3, 3
1 26 31: 1902, 0, 1
1 26 33: 1828, 4, 2
1 26 37: 1828, 4, 2
1 26 42: 1828, 4, 2
1 26 44: 1902, 0, 3
1 26 50: 1902, 0, 1
1 26 51: 362, 10, 0
1 26 53: 918, 22, 2
1 26 54: 918, 22, 0
1 26 57: 359, 10, 1
1 26 58: 1902, 0, 3
1 27 31: 1902, 3, 0
1 27 32: 1902, 0, 0
1 27 33: 1828, 5, 0
1 27 33: 1902, 0, 0
1 27 34: 1902, 0, 0
1 27 35: 1902, 0, 0
1 27 36: 1902, 0, 0
1 27 37: 1828, 5, 0
1 27 37: 1902, 0, 0
1 27 38: 1902, 0, 0
1 27 39: 1902, 0, 0
1 27 40: 1902, 0, 0
1 27 41: 1902, 0, 0
1 27 42: 1828, 5, 0
1 27 42: 1902, 0, 0
1 27 43: 1902, 0, 0
1 27 44: 1902, 3, 3
1 27 50: 1838, 5, 1
1 27 50: 1902, 0, 1
1 27 51: 356, 10, 0
1 27 51: 1838, 4, 3
1 27 52: 362, 10, 0
1 27 53: 917, 22, 2
1 27 54: 422, 10, 1
1 27 54: 917, 22, 1
1 27 55: 422, 10, 1
1 27 56: 359, 10, 0
1 27 57: 359, 10, 0
1 27 57: 1838, 4, 1
1 27 58: 1838, 5, 3
1 27 58: 1902, 0, 3
1 28 4: 320, 22, 0
1 28 5: 321, 22, 2
1 28 6: 320, 22, 1
1 28 50: 1902, 0, 1
1 28 51: 357, 10, 1
1 28 52: 357, 10, 0
1 28 52: 1838, 4, 2
1 28 54: 1838, 4, 2
1 28 56: 1838, 4, 2
1 28 57: 356, 10, 0
1 28 58: 1902, 0, 3
1 29 50: 1902, 3, 0
1 29 51: 1902, 0, 0
1 29 52: 1838, 5, 0
1 29 52: 1902, 0, 0
1 29 53: 1902, 0, 0
1 29 54: 1838, 5, 0
1 29 54: 1902, 0, 0
1 29 55: 1902, 0, 0
1 29 56: 1838, 5, 0
1 29 56: 1902, 0, 0
1 29 57: 1902, 0, 0
1 29 58: 1902, 3, 3
1 33 16: 320, 22, 3
1 34 18: 321, 22, 2
1 34 19: 320, 22, 0
1 34 55: 1938, 4, 2
1 34 61: 1938, 4, 2
1 35 21: 320, 22, 2
1 35 54: 1902, 0, 1
1 35 55: 1902, 0, 0
1 35 55: 1938, 5, 0
1 35 56: 1902, 0, 0
1 35 57: 1902, 0, 0
1 35 58: 1902, 0, 0
1 35 59: 1902, 0, 0
1 35 60: 1902, 0, 0
1 35 61: 1902, 0, 0
1 35 61: 1938, 5, 0
1 35 62: 1902, 0, 3
1 36 24: 321, 22, 1
1 36 25: 320, 22, 1
1 36 26: 320, 22, 0
1 36 54: 1902, 0, 1
1 36 62: 1902, 0, 3
1 37 54: 1902, 0, 1
1 37 54: 1938, 5, 1
1 37 55: 1938, 4, 3
1 37 61: 1938, 4, 1
1 37 62: 1902, 0, 3
1 37 62: 1938, 5, 3
1 38 54: 1902, 0, 1
1 38 62: 1902, 0, 3
1 39 54: 1902, 0, 1
1 39 55: 1938, 4, 2
1 39 61: 1938, 4, 2
1 39 62: 1902, 0, 3
1 40 54: 1902, 3, 0
1 40 55: 1902, 0, 0
1 40 55: 1938, 5, 0
1 40 56: 1902, 0, 0
1 40 57: 1902, 0, 0
1 40 58: 1902, 0, 0
1 40 59: 1902, 0, 0
1 40 60: 1902, 0, 0
1 40 61: 1902, 0, 0
1 40 61: 1938, 5, 0
1 40 62: 1902, 3, 3
1 58 60: 982, 0, 3
1 58 62: 982, 0, 1
1 59 60: 982, 0, 3
1 59 62: 982, 0, 1
1 60 60: 982, 0, 3
1 60 62: 982, 0, 1
1 61 60: 982, 0, 3
1 61 62: 982, 0, 1
2 4 51: 1793, 19, 1
2 4 52: 1793, 18, 2
2 4 53: 1793, 18, 2
2 4 54: 1793, 18, 2
2 4 55: 1793, 18, 2
2 4 56: 1793, 18, 2
2 4 57: 1793, 18, 2
2 4 58: 1793, 19, 2
2 5 51: 1793, 18, 1
2 5 52: 1933, 16, 1
2 5 53: 1933, 12, 2
2 5 54: 1933, 12, 2
2 5 55: 1933, 12, 2
2 5 56: 1933, 12, 2
2 5 57: 1933, 16, 2
2 5 58: 1793, 18, 3
2 6 34: 1926, 16, 1
2 6 35: 1926, 12, 2
2 6 36: 1926, 12, 2
2 6 37: 1926, 12, 2
2 6 38: 1926, 12, 2
2 6 39: 1926, 16, 2
2 6 51: 1793, 18, 1
2 6 52: 1933, 12, 1
2 6 53: 1640, 17, 0
2 6 54: 1640, 17, 0
2 6 55: 1640, 17, 0
2 6 56: 1640, 17, 0
2 6 57: 1933, 12, 3
2 6 58: 1793, 18, 3
2 7 34: 1926, 12, 1
2 7 35: 1926, 17, 2
2 7 36: 1926, 17, 2
2 7 37: 1926, 17, 2
2 7 38: 1926, 17, 2
2 7 39: 1926, 12, 3
2 7 51: 1793, 18, 1
2 7 52: 1933, 12, 1
2 7 53: 1640, 17, 0
2 7 54: 1640, 17, 0
2 7 55: 1640, 17, 0
2 7 56: 1640, 17, 0
2 7 57: 1933, 12, 3
2 7 58: 1793, 18, 3
2 8 34: 1926, 16, 0
2 8 35: 1926, 12, 0
2 8 36: 1926, 12, 0
2 8 37: 1926, 12, 0
2 8 38: 1926, 12, 0
2 8 39: 1926, 16, 3
2 8 51: 1793, 18, 1
2 8 52: 1933, 12, 1
2 8 53: 1640, 17, 0
2 8 54: 1640, 17, 0
2 8 55: 1640, 17, 0
2 8 56: 1640, 17, 0
2 8 57: 1933, 12, 3
2 8 58: 1793, 18, 3
2 9 51: 1793, 18, 1
2 9 52: 1933, 12, 1
2 9 53: 1640, 17, 0
2 9 54: 1640, 17, 0
2 9 55: 1640, 17, 0
2 9 56: 1640, 17, 0
2 9 57: 1933, 12, 3
2 9 58: 1793, 18, 3
2 10 51: 1793, 18, 1
2 10 52: 1933, 12, 1
2 10 53: 1640, 17, 0
2 10 54: 1640, 17, 0
2 10 55: 1640, 17, 0
2 10 56: 1640, 17, 0
2 10 57: 1933, 12, 3
2 10 58: 1793, 18, 3
2 11 51: 1793, 18, 1
2 11 52: 1933, 16, 0
2 11 53: 1933, 12, 0
2 11 54: 1933, 12, 0
2 11 55: 1933, 12, 0
2 11 56: 1933, 12, 0
2 11 57: 1933, 16, 3
2 11 58: 1793, 18, 3
2 12 51: 1793, 19, 0
2 12 52: 1793, 18, 0
2 12 53: 1793, 18, 0
2 12 54: 1793, 18, 0
2 12 55: 1793, 18, 0
2 12 56: 1793, 18, 0
2 12 57: 1793, 18, 0
2 12 58: 1793, 19, 3
2 17 18: 1793, 18, 2
2 17 19: 1793, 18, 2
2 17 20: 1793, 18, 2
2 17 21: 1793, 18, 2
2 17 22: 1793, 18, 2
2 17 23: 1793, 18, 2
2 17 24: 1793, 18, 2
2 17 25: 1793, 18, 2
2 17 26: 1793, 18, 2
2 17 27: 1793, 19, 2
2 18 18: 1640, 12, 2
2 18 19: 1640, 12, 2
2 18 20: 1640, 12, 2
2 18 21: 1640, 12, 2
2 18 22: 1640, 12, 2
2 18 23: 1640, 12, 2
2 18 24: 1640, 12, 2
2 18 25: 1640, 12, 2
2 18 26: 1640, 16, 2
2 18 27: 1793, 18, 3
2 18 31: 1793, 19, 1
2 18 32: 1793, 18, 2
2 18 33: 1793, 18, 2
2 18 34: 1793, 18, 2
2 18 35: 1793, 18, 2
2 18 36: 1793, 18, 2
2 18 37: 1793, 18, 2
2 18 38: 1793, 18, 2
2 18 39: 1793, 18, 2
2 18 40: 1793, 18, 2
2 18 41: 1793, 18, 2
2 18 42: 1793, 18, 2
2 18 43: 1793, 18, 2
2 18 44: 1793, 19, 2
2 18 50: 1793, 21, 1
2 18 51: 1793, 18, 2
2 18 52: 1793, 18, 2
2 18 53: 1793, 18, 2
2 18 54: 1793, 18, 2
2 18 55: 1793, 18, 2
2 18 56: 1793, 18, 2
2 18 57: 1793, 18, 2
2 18 58: 1793, 21, 2
2 19 18: 1640, 12, 0
2 19 19: 1640, 12, 0
2 19 20: 1640, 12, 0
2 19 21: 1640, 12, 0
2 19 22: 1640, 12, 0
2 19 23: 1640, 12, 0
2 19 24: 1640, 12, 0
2 19 25: 1640, 12, 0
2 19 26: 1640, 16, 3
2 19 27: 1793, 18, 3
2 19 31: 1793, 18, 1
2 19 32: 1933, 16, 1
2 19 33: 1933, 12, 2
2 19 34: 1933, 12, 2
2 19 35: 1933, 12, 2
2 19 36: 1933, 12, 2
2 19 37: 1933, 12, 2
2 19 38: 1933, 12, 2
2 19 39: 1933, 12, 2
2 19 40: 1933, 12, 2
2 19 41: 1933, 12, 2
2 19 42: 1933, 12, 2
2 19 43: 1933, 16, 2
2 19 44: 1793, 18, 3
2 19 50: 1793, 18, 1
2 19 51: 1933, 12, 1
2 19 52: 1923, 0, 0
2 19 53: 1923, 0, 0
2 19 54: 1923, 0, 0
2 19 55: 1923, 0, 0
2 19 56: 1923, 0, 0
2 19 57: 1933, 12, 3
2 19 58: 1793, 18, 3
2 20 11: 1624, 0, 1
2 20 18: 1640, 12, 2
2 20 19: 1640, 12, 2
2 20 20: 1640, 12, 2
2 20 21: 1640, 12, 2
2 20 22: 1640, 12, 2
2 20 23: 1640, 12, 2
2 20 24: 1640, 12, 2
2 20 25: 1640, 12, 2
2 20 26: 1640, 12, 2
2 20 27: 1793, 19, 3
2 20 31: 1793, 18, 1
2 20 32: 1933, 12, 1
2 20 33: 1640, 17, 0
2 20 34: 1640, 17, 0
2 20 35: 1640, 17, 0
2 20 36: 1640, 17, 0
2 20 37: 1640, 17, 0
2 20 38: 1640, 17, 0
2 20 39: 1640, 17, 0
2 20 40: 1640, 17, 0
2 20 41: 1640, 17, 0
2 20 42: 1640, 17, 0
2 20 43: 1933, 12, 3
2 20 44: 1793, 18, 3
2 20 50: 1793, 18, 1
2 20 51: 1933, 12, 1
2 20 57: 1933, 12, 3
2 20 58: 1793, 18, 3
2 21 18: 1644, 0, 3
2 21 26: 1644, 0, 1
2 21 31: 1793, 18, 1
2 21 32: 1933, 12, 1
2 21 33: 1640, 17, 0
2 21 34: 1640, 17, 0
2 21 35: 1640, 17, 0
2 21 36: 1640, 17, 0
2 21 37: 1640, 17, 0
2 21 38: 1640, 17, 0
2 21 39: 1640, 17, 0
2 21 40: 1640, 17, 0
2 21 41: 1640, 17, 0
2 21 42: 1640, 17, 0
2 21 43: 1933, 12, 3
2 21 44: 1793, 18, 3
2 21 50: 1793, 18, 1
2 21 51: 1933, 12, 1
2 21 57: 1933, 12, 3
2 21 58: 1793, 18, 3
2 22 18: 1644, 0, 3
2 22 26: 1644, 0, 1
2 22 31: 1793, 18, 1
2 22 32: 1933, 12, 1
2 22 33: 1640, 17, 0
2 22 34: 1640, 17, 0
2 22 35: 1640, 17, 0
2 22 36: 1640, 17, 0
2 22 37: 1640, 17, 0
2 22 38: 1640, 17, 0
2 22 39: 1640, 17, 0
2 22 40: 1640, 17, 0
2 22 41: 1640, 17, 0
2 22 42: 1640, 17, 0
2 22 43: 1933, 12, 3
2 22 44: 1793, 18, 3
2 22 50: 1793, 18, 1
2 22 51: 1933, 12, 1
2 22 57: 1933, 12, 3
2 22 58: 1793, 18, 3
2 23 18: 1640, 12, 0
2 23 19: 1640, 12, 0
2 23 20: 1640, 12, 0
2 23 21: 1640, 12, 0
2 23 22: 1640, 12, 0
2 23 23: 1640, 12, 0
2 23 24: 1640, 12, 0
2 23 25: 1640, 12, 0
2 23 26: 1640, 12, 0
2 23 27: 1793, 19, 2
2 23 31: 1793, 18, 1
2 23 32: 1933, 12, 1
2 23 33: 1640, 17, 0
2 23 34: 1640, 17, 0
2 23 35: 1640, 17, 0
2 23 36: 1640, 17, 0
2 23 37: 1640, 17, 0
2 23 38: 1640, 17, 0
2 23 39: 1640, 17, 0
2 23 40: 1640, 17, 0
2 23 41: 1640, 17, 0
2 23 42: 1640, 17, 0
2 23 43: 1933, 12, 3
2 23 44: 1793, 18, 3
2 23 50: 1793, 18, 1
2 23 51: 1933, 12, 1
2 23 57: 1933, 12, 3
2 23 58: 1793, 18, 3
2 24 18: 1640, 12, 2
2 24 19: 1640, 12, 2
2 24 20: 1640, 12, 2
2 24 21: 1640, 12, 2
2 24 22: 1640, 12, 2
2 24 23: 1640, 12, 2
2 24 24: 1640, 12, 2
2 24 25: 1640, 12, 2
2 24 26: 1640, 16, 2
2 24 27: 1793, 18, 3
2 24 31: 1793, 18, 1
2 24 32: 1933, 12, 1
2 24 33: 1640, 17, 0
2 24 34: 1640, 17, 0
2 24 35: 1640, 17, 0
2 24 36: 1640, 17, 0
2 24 37: 1640, 17, 0
2 24 38: 1640, 17, 0
2 24 39: 1640, 17, 0
2 24 40: 1640, 17, 0
2 24 41: 1640, 17, 0
2 24 42: 1640, 17, 0
2 24 43: 1933, 12, 3
2 24 44: 1793, 18, 3
2 24 50: 1793, 18, 1
2 24 51: 1933, 12, 1
2 24 57: 1933, 12, 3
2 24 58: 1793, 18, 3
2 25 11: 1624, 0, 1
2 25 18: 1640, 12, 0
2 25 19: 1640, 12, 0
2 25 20: 1640, 12, 0
2 25 21: 1640, 12, 0
2 25 22: 1640, 12, 0
2 25 23: 1640, 12, 0
2 25 24: 1640, 12, 0
2 25 25: 1640, 12, 0
2 25 26: 1640, 16, 3
2 25 27: 1793, 18, 3
2 25 31: 1793, 18, 1
2 25 32: 1933, 12, 1
2 25 33: 1640, 17, 0
2 25 34: 1640, 17, 0
2 25 35: 1640, 17, 0
2 25 36: 1640, 17, 0
2 25 37: 1640, 17, 0
2 25 38: 1640, 17, 0
2 25 39: 1640, 17, 0
2 25 40: 1640, 17, 0
2 25 41: 1640, 17, 0
2 25 42: 1640, 17, 0
2 25 43: 1933, 12, 3
2 25 44: 1793, 18, 3
2 25 50: 1793, 18, 1
2 25 51: 1933, 12, 1
2 25 57: 1933, 12, 3
2 25 58: 1793, 18, 3
2 26 11: 1624, 3, 0
2 26 12: 1625, 0, 0
2 26 18: 1793, 18, 0
2 26 19: 1793, 18, 0
2 26 20: 1793, 18, 0
2 26 21: 1793, 18, 0
2 26 22: 1793, 18, 0
2 26 23: 1793, 18, 0
2 26 24: 1793, 18, 0
2 26 25: 1793, 18, 0
2 26 26: 1793, 18, 0
2 26 27: 1793, 19, 3
2 26 31: 1793, 18, 1
2 26 32: 1933, 16, 0
2 26 33: 1933, 12, 0
2 26 34: 1933, 12, 0
2 26 35: 1933, 12, 0
2 26 36: 1933, 12, 0
2 26 37: 1933, 12, 0
2 26 38: 1933, 12, 0
2 26 39: 1933, 12, 0
2 26 40: 1933, 12, 0
2 26 41: 1933, 12, 0
2 26 42: 1933, 12, 0
2 26 43: 1933, 16, 3
2 26 44: 1793, 18, 3
2 26 50: 1793, 18, 1
2 26 51: 1933, 12, 1
2 26 57: 1933, 12, 3
2 26 58: 1793, 18, 3
2 27 31: 1793, 19, 0
2 27 32: 1793, 18, 0
2 27 33: 1793, 18, 0
2 27 34: 1793, 18, 0
2 27 35: 1793, 18, 0
2 27 36: 1793, 18, 0
2 27 37: 1793, 18, 0
2 27 38: 1793, 18, 0
2 27 39: 1793, 18, 0
2 27 40: 1793, 18, 0
2 27 41: 1793, 18, 0
2 27 42: 1793, 18, 0
2 27 43: 1793, 18, 0
2 27 44: 1793, 19, 3
2 27 50: 1793, 18, 1
2 27 51: 1933, 12, 1
2 27 57: 1933, 12, 3
2 27 58: 1793, 18, 3
2 28 50: 1793, 18, 1
2 28 51: 1933, 12, 1
2 28 52: 1923, 0, 2
2 28 53: 1923, 0, 2
2 28 54: 1923, 0, 2
2 28 55: 1923, 0, 2
2 28 56: 1923, 0, 2
2 28 57: 1933, 12, 3
2 28 58: 1793, 18, 3
2 29 50: 1793, 21, 0
2 29 51: 1793, 18, 0
2 29 52: 1793, 18, 0
2 29 53: 1793, 18, 0
2 29 54: 1793, 18, 0
2 29 55: 1793, 18, 0
2 29 56: 1793, 18, 0
2 29 57: 1793, 18, 0
2 29 58: 1793, 21, 3
2 35 54: 1913, 0, 1
2 35 55: 1913, 0, 0
2 35 56: 1913, 0, 0
2 35 57: 1913, 0, 0
2 35 58: 1913, 0, 0
2 35 59: 1913, 0, 0
2 35 60: 1913, 0, 0
2 35 61: 1913, 0, 0
2 35 62: 1913, 0, 3
2 36 54: 1913, 0, 1
2 36 62: 1913, 0, 3
2 37 54: 1913, 0, 1
2 37 62: 1913, 0, 3
2 38 54: 1913, 0, 1
2 38 62: 1913, 0, 3
2 39 54: 1913, 0, 1
2 39 62: 1913, 0, 3
2 40 54: 1913, 3, 0
2 40 55: 1913, 0, 0
2 40 56: 1913, 0, 0
2 40 57: 1913, 0, 0
2 40 58: 1913, 0, 0
2 40 59: 1913, 0, 0
2 40 60: 1913, 0, 0
2 40 61: 1913, 0, 0
2 40 62: 1913, 3, 3
3 19 52: 1933, 12, 1
3 19 53: 1933, 17, 3
3 19 54: 1933, 17, 3
3 19 55: 1933, 17, 3
3 19 56: 1933, 12, 3
3 20 52: 1933, 12, 1
3 20 53: 1933, 17, 3
3 20 54: 1933, 17, 3
3 20 55: 1933, 17, 3
3 20 56: 1933, 12, 3
3 21 18: 1640, 12, 2
3 21 19: 1640, 12, 2
3 21 20: 1640, 12, 2
3 21 21: 1640, 12, 2
3 21 22: 1640, 12, 2
3 21 23: 1640, 12, 2
3 21 24: 1640, 12, 2
3 21 25: 1640, 12, 2
3 21 26: 1640, 12, 2
3 21 52: 1933, 12, 1
3 21 53: 1933, 17, 3
3 21 54: 1933, 17, 3
3 21 55: 1933, 17, 3
3 21 56: 1933, 12, 3
3 22 18: 1640, 12, 0
3 22 19: 1640, 12, 0
3 22 20: 1640, 12, 0
3 22 21: 1640, 12, 0
3 22 22: 1640, 12, 0
3 22 23: 1640, 12, 0
3 22 24: 1640, 12, 0
3 22 25: 1640, 12, 0
3 22 26: 1640, 12, 0
3 22 52: 1933, 12, 1
3 22 53: 1933, 17, 3
3 22 54: 1933, 17, 3
3 22 55: 1933, 17, 3
3 22 56: 1933, 12, 3
3 23 52: 1933, 12, 1
3 23 53: 1933, 17, 3
3 23 54: 1933, 17, 3
3 23 55: 1933, 17, 3
3 23 56: 1933, 12, 3
3 24 52: 1933, 12, 1
3 24 53: 1933, 17, 3
3 24 54: 1933, 17, 3
3 24 55: 1933, 17, 3
3 24 56: 1933, 12, 3
3 25 52: 1933, 12, 1
3 25 53: 1933, 17, 3
3 25 54: 1933, 17, 3
3 25 55: 1933, 17, 3
3 25 56: 1933, 12, 3
3 26 52: 1933, 12, 1
3 26 53: 1933, 17, 3
3 26 54: 1933, 17, 3
3 26 55: 1933, 17, 3
3 26 56: 1933, 12, 3
3 27 52: 1933, 12, 1
3 27 53: 1933, 17, 3
3 27 54: 1933, 17, 3
3 27 55: 1933, 17, 3
3 27 56: 1933, 12, 3
3 28 52: 1933, 12, 1
3 28 53: 1933, 17, 3
3 28 54: 1933, 17, 3
3 28 55: 1933, 17, 3
3 28 56: 1933, 12, 3
