0 0 2: 1259, 22, 3
0 0 3: 1259, 22, 0
0 0 4: 1259, 22, 1
0 0 6: 1259, 22, 2
0 0 7: 1121, 10, 2
0 0 7: 1259, 22, 3
0 0 8: 1259, 22, 2
0 0 10: 1259, 22, 1
0 0 11: 1259, 22, 2
0 0 12: 1259, 22, 2
0 0 13: 1259, 22, 3
0 0 14: 1259, 22, 0
0 0 16: 1259, 22, 0
0 0 17: 1259, 22, 1
0 0 18: 1259, 22, 1
0 0 19: 1259, 22, 2
0 0 25: 1259, 22, 3
0 0 26: 1259, 22, 0
0 0 27: 1259, 22, 1
0 0 29: 1259, 22, 2
0 0 30: 1259, 22, 2
0 0 31: 1259, 22, 0
0 0 33: 1259, 22, 0
0 0 34: 1259, 22, 1
0 0 36: 1259, 22, 2
0 0 39: 463, 10, 3
0 0 39: 1259, 22, 2
0 0 40: 1259, 22, 2
0 0 41: 1259, 22, 3
0 0 42: 1259, 22, 2
0 0 43: 1259, 22, 0
0 0 44: 1259, 22, 1
0 0 47: 1390, 10, 3
0 0 48: 1259, 22, 3
0 0 50: 325, 22, 0
0 0 51: 325, 22, 1
0 0 52: 326, 22, 2
0 0 53: 325, 22, 0
0 0 54: 324, 22, 3
0 0 55: 325, 22, 3
0 0 56: 325, 22, 3
0 0 57: 325, 22, 2
0 0 59: 336, 22, 0
0 0 60: 336, 22, 3
0 0 61: 336, 22, 2
0 0 62: 336, 22, 3
0 0 63: 336, 22, 3
0 1 1: 1259, 22, 1
0 1 2: 1259, 22, 3
0 1 3: 1184, 10, 1
0 1 4: 1259, 22, 3
0 1 6: 1259, 22, 0
0 1 9: 1259, 22, 2
0 1 10: 1119, 10, 2
0 1 13: 1259, 22, 3
0 1 15: 1259, 22, 2
0 1 16: 1259, 22, 2
0 1 19: 1259, 22, 0
0 1 20: 1259, 22, 3
0 1 21: 1259, 22, 0
0 1 22: 1259, 22, 0
0 1 23: 1259, 22, 1
0 1 24: 1259, 22, 2
0 1 25: 1259, 22, 3
0 1 27: 1390, 10, 0
0 1 29: 1259, 22, 2
0 1 30: 1259, 22, 1
0 1 32: 1259, 22, 0
0 1 33: 1259, 22, 0
0 1 35: 1259, 22, 3
0 1 37: 1259, 22, 3
0 1 38: 1259, 22, 1
0 1 39: 1259, 22, 1
0 1 42: 1259, 22, 0
0 1 43: 1259, 22, 2
0 1 45: 1259, 22, 1
0 1 46: 1119, 10, 0
0 1 48: 1259, 22, 0
0 1 49: 1259, 22, 3
0 1 50: 1259, 22, 1
0 1 51: 325, 22, 2
0 1 52: 325, 22, 3
0 1 53: 325, 22, 1
0 1 54: 325, 22, 2
0 1 55: 1250, 22, 2
0 1 56: 1249, 22, 1
0 1 57: 325, 22, 1
0 1 58: 325, 22, 0
0 1 59: 336, 22, 1
0 1 60: 336, 22, 1
0 1 61: 336, 22, 2
0 1 63: 336, 22, 0
0 2 0: 1259, 22, 0
0 2 2: 1259, 22, 3
0 2 3: 1259, 22, 2
0 2 4: 1259, 22, 2
0 2 6: 1259, 22, 2
0 2 8: 1259, 22, 3
0 2 9: 1259, 22, 3
0 2 10: 1259, 22, 2
0 2 11: 1259, 22, 0
0 2 12: 1259, 22, 3
0 2 13: 1259, 22, 1
0 2 14: 1259, 22, 0
0 2 16: 1259, 22, 1
0 2 17: 1259, 22, 3
0 2 18: 1259, 22, 2
0 2 21: 1259, 22, 2
0 2 23: 1259, 22, 2
0 2 24: 1259, 22, 0
0 2 25: 1259, 22, 3
0 2 26: 1259, 22, 0
0 2 27: 1259, 22, 1
0 2 28: 1259, 22, 1
0 2 30: 1259, 22, 2
0 2 31: 1259, 22, 3
0 2 32: 1259, 22, 1
0 2 33: 1259, 22, 3
0 2 36: 1259, 22, 2
0 2 39: 1259, 22, 2
0 2 40: 1259, 22, 2
0 2 42: 1259, 22, 3
0 2 44: 1259, 22, 2
0 2 45: 1259, 22, 2
0 2 46: 1259, 22, 1
0 2 48: 1259, 22, 2
0 2 49: 1121, 10, 3
0 2 50: 1259, 22, 0
0 2 52: 325, 22, 2
0 2 53: 325, 22, 3
0 2 54: 325, 22, 2
0 2 55: 325, 22, 2
0 2 56: 1286, 10, 1
0 2 57: 1250, 22, 3
0 2 58: 325, 22, 2
0 2 59: 325, 22, 3
0 2 61: 336, 22, 1
0 2 62: 336, 22, 1
0 3 1: 1259, 22, 0
0 3 2: 1259, 22, 0
0 3 4: 1259, 22, 1
0 3 6: 1259, 22, 1
0 3 7: 1259, 22, 3
0 3 8: 1259, 22, 3
0 3 9: 1259, 22, 3
0 3 11: 1259, 22, 0
0 3 12: 1259, 22, 1
0 3 13: 1259, 22, 3
0 3 14: 1259, 22, 2
0 3 15: 1259, 22, 0
0 3 16: 1259, 22, 0
0 3 17: 1259, 22, 3
0 3 18: 1259, 22, 1
0 3 19: 1259, 22, 0
0 3 20: 1259, 22, 0
0 3 21: 1259, 22, 3
0 3 22: 1259, 22, 0
0 3 23: 1259, 22, 3
0 3 24: 1259, 22, 2
0 3 27: 1259, 22, 2
0 3 28: 1259, 22, 2
0 3 29: 1259, 22, 1
0 3 34: 1259, 22, 1
0 3 36: 1259, 22, 2
0 3 38: 1259, 22, 2
0 3 39: 1259, 22, 1
0 3 40: 1259, 22, 2
0 3 42: 1259, 22, 3
0 3 44: 1259, 22, 2
0 3 46: 1259, 22, 3
0 3 47: 1259, 22, 3
0 3 48: 1259, 22, 2
0 3 49: 1259, 22, 1
0 3 51: 1259, 22, 1
0 3 52: 1259, 22, 2
0 3 53: 320, 22, 3
0 3 54: 325, 22, 0
0 3 55: 325, 22, 1
0 3 56: 326, 22, 1
0 3 57: 325, 22, 0
0 3 58: 325, 22, 3
0 3 59: 324, 22, 0
0 3 62: 336, 22, 2
0 3 63: 336, 22, 0
0 4 1: 1259, 22, 2
0 4 2: 1259, 22, 3
0 4 3: 1259, 22, 1
0 4 6: 1259, 22, 1
0 4 7: 1259, 22, 0
0 4 9: 1259, 22, 2
0 4 10: 1121, 10, 0
0 4 13: 1259, 22, 0
0 4 14: 1259, 22, 2
0 4 16: 1259, 22, 0
0 4 18: 1259, 22, 1
0 4 19: 1259, 22, 3
0 4 21: 1259, 22, 3
0 4 22: 1259, 22, 1
0 4 24: 1259, 22, 3
0 4 26: 1259, 22, 1
0 4 27: 1259, 22, 1
0 4 32: 1259, 22, 0
0 4 33: 1259, 22, 0
0 4 34: 1259, 22, 1
0 4 35: 1259, 22, 2
0 4 36: 1259, 22, 2
0 4 37: 1259, 22, 2
0 4 38: 1259, 22, 2
0 4 39: 1259, 22, 0
0 4 40: 1259, 22, 2
0 4 41: 1259, 22, 2
0 4 42: 1259, 22, 2
0 4 45: 1259, 22, 0
0 4 46: 1259, 22, 2
0 4 47: 1259, 22, 3
0 4 48: 1259, 22, 0
0 4 49: 1259, 22, 3
0 4 50: 1259, 22, 0
0 4 51: 1259, 22, 0
0 4 52: 1259, 22, 0
0 4 53: 1121, 10, 2
0 4 55: 1259, 22, 2
0 4 56: 325, 22, 3
0 4 57: 325, 22, 3
0 4 58: 326, 22, 0
0 4 59: 325, 22, 2
0 4 60: 325, 22, 1
0 4 61: 325, 22, 1
0 4 63: 336, 22, 3
0 5 1: 1259, 22, 0
0 5 3: 1259, 22, 3
0 5 4: 1259, 22, 0
0 5 4: 1390, 10, 1
0 5 7: 462, 10, 3
0 5 11: 1259, 22, 0
0 5 12: 1259, 22, 0
0 5 14: 1259, 22, 1
0 5 16: 1259, 22, 1
0 5 21: 1259, 22, 1
0 5 25: 1259, 22, 0
0 5 26: 1259, 22, 0
0 5 30: 1259, 22, 2
0 5 32: 1259, 22, 1
0 5 33: 1259, 22, 2
0 5 35: 1259, 22, 0
0 5 36: 1259, 22, 0
0 5 37: 1259, 22, 3
0 5 38: 1259, 22, 2
0 5 39: 1259, 22, 2
0 5 41: 1259, 22, 2
0 5 43: 1259, 22, 1
0 5 45: 1259, 22, 2
0 5 46: 1259, 22, 2
0 5 47: 1259, 22, 1
0 5 48: 1259, 22, 0
0 5 51: 1259, 22, 1
0 5 52: 1259, 22, 2
0 5 53: 1259, 22, 0
0 5 54: 1259, 22, 1
0 5 56: 1259, 22, 2
0 5 57: 325, 22, 0
0 5 58: 325, 22, 0
0 5 59: 325, 22, 3
0 5 60: 325, 22, 1
0 5 61: 325, 22, 3
0 5 62: 325, 22, 0
0 6 0: 1259, 22, 1
0 6 1: 1259, 22, 1
0 6 2: 1259, 22, 3
0 6 3: 1259, 22, 2
0 6 5: 1259, 22, 1
0 6 8: 1184, 10, 1
0 6 9: 1259, 22, 2
0 6 10: 1259, 22, 3
0 6 11: 1259, 22, 0
0 6 12: 1259, 22, 3
0 6 13: 1259, 22, 2
0 6 15: 1259, 22, 3
0 6 16: 1259, 22, 1
0 6 19: 1176, 10, 2
0 6 21: 1259, 22, 1
0 6 22: 1259, 22, 1
0 6 24: 1259, 22, 2
0 6 28: 1259, 22, 0
0 6 30: 1121, 10, 0
0 6 31: 1259, 22, 3
0 6 33: 1259, 22, 1
0 6 37: 1259, 22, 2
0 6 38: 1259, 22, 0
0 6 39: 1259, 22, 2
0 6 40: 1259, 22, 2
0 6 41: 1259, 22, 2
0 6 41: 1390, 10, 1
0 6 44: 1121, 10, 0
0 6 44: 1259, 22, 2
0 6 45: 1259, 22, 3
0 6 46: 1259, 22, 2
0 6 48: 1259, 22, 3
0 6 49: 1259, 22, 0
0 6 50: 1259, 22, 1
0 6 51: 1259, 22, 3
0 6 52: 1259, 22, 1
0 6 53: 1121, 10, 1
0 6 53: 1259, 22, 3
0 6 54: 1259, 22, 2
0 6 55: 1259, 22, 1
0 6 56: 1259, 22, 2
0 6 58: 325, 22, 1
0 6 59: 325, 22, 2
0 6 60: 324, 22, 1
0 6 61: 325, 22, 3
0 6 62: 324, 22, 2
0 6 63: 325, 22, 3
0 7 0: 1259, 22, 1
0 7 1: 1259, 22, 1
0 7 2: 1259, 22, 2
0 7 3: 1259, 22, 1
0 7 4: 1259, 22, 1
0 7 5: 1259, 22, 2
0 7 6: 1259, 22, 0
0 7 7: 1259, 22, 1
0 7 8: 1259, 22, 3
0 7 9: 1259, 22, 1
0 7 11: 1259, 22, 1
0 7 13: 1259, 22, 1
0 7 15: 1259, 22, 2
0 7 21: 1162, 10, 2
0 7 22: 1259, 22, 3
0 7 24: 1259, 22, 0
0 7 25: 1259, 22, 3
0 7 26: 1259, 22, 0
0 7 28: 1259, 22, 0
0 7 29: 1259, 22, 0
0 7 32: 1259, 22, 3
0 7 33: 1259, 22, 2
0 7 34: 1259, 22, 3
0 7 35: 1259, 22, 1
0 7 37: 1259, 22, 3
0 7 38: 1259, 22, 3
0 7 39: 1259, 22, 0
0 7 40: 1259, 22, 2
0 7 42: 1259, 22, 2
0 7 43: 1259, 22, 0
0 7 45: 1259, 22, 2
0 7 46: 1259, 22, 3
0 7 48: 1259, 22, 1
0 7 49: 1259, 22, 2
0 7 51: 1259, 22, 3
0 7 52: 1259, 22, 3
0 7 54: 1259, 22, 2
0 7 56: 1119, 10, 3
0 7 57: 1259, 22, 0
0 7 59: 325, 22, 2
0 7 60: 325, 22, 2
0 7 61: 325, 22, 2
0 7 62: 325, 22, 1
0 8 2: 1259, 22, 2
0 8 3: 1259, 22, 1
0 8 4: 1259, 22, 1
0 8 5: 1259, 22, 2
0 8 6: 1259, 22, 0
0 8 9: 1259, 22, 3
0 8 10: 1259, 22, 3
0 8 11: 1259, 22, 3
0 8 12: 1259, 22, 1
0 8 13: 1259, 22, 1
0 8 15: 1259, 22, 2
0 8 18: 1175, 10, 2
0 8 22: 1259, 22, 0
0 8 23: 1259, 22, 2
0 8 24: 1259, 22, 1
0 8 25: 1259, 22, 3
0 8 26: 1259, 22, 1
0 8 27: 1259, 22, 1
0 8 28: 1259, 22, 3
0 8 29: 1259, 22, 2
0 8 30: 1259, 22, 3
0 8 31: 1259, 22, 0
0 8 32: 1259, 22, 2
0 8 33: 1259, 22, 0
0 8 34: 1259, 22, 1
0 8 37: 1259, 22, 2
0 8 38: 1259, 22, 3
0 8 39: 1259, 22, 2
0 8 40: 1259, 22, 2
0 8 41: 1259, 22, 0
0 8 42: 1259, 22, 0
0 8 43: 1259, 22, 2
0 8 44: 1259, 22, 1
0 8 46: 1121, 10, 2
0 8 46: 1259, 22, 0
0 8 47: 1259, 22, 0
0 8 49: 1259, 22, 2
0 8 50: 1259, 22, 1
0 8 52: 1259, 22, 1
0 8 53: 1259, 22, 0
0 8 54: 1184, 10, 1
0 8 55: 1259, 22, 2
0 8 56: 1259, 22, 2
0 8 57: 1259, 22, 2
0 8 58: 1259, 22, 2
0 8 59: 1259, 22, 3
0 8 60: 325, 22, 0
0 8 61: 325, 22, 0
0 8 62: 325, 22, 1
0 8 63: 1250, 22, 0
0 9 0: 1259, 22, 2
0 9 1: 1259, 22, 1
0 9 2: 1259, 22, 3
0 9 3: 1259, 22, 2
0 9 4: 1259, 22, 0
0 9 5: 1259, 22, 3
0 9 6: 1259, 22, 1
0 9 7: 1259, 22, 3
0 9 8: 1259, 22, 2
0 9 9: 1259, 22, 0
0 9 10: 1259, 22, 0
0 9 11: 1259, 22, 3
0 9 12: 1259, 22, 0
0 9 13: 462, 10, 2
0 9 15: 1259, 22, 2
0 9 20: 1177, 10, 2
0 9 23: 1259, 22, 1
0 9 24: 1259, 22, 3
0 9 25: 1259, 22, 2
0 9 27: 1259, 22, 3
0 9 28: 1259, 22, 3
0 9 30: 1259, 22, 3
0 9 32: 1259, 22, 3
0 9 33: 1259, 22, 3
0 9 34: 1259, 22, 0
0 9 35: 1259, 22, 3
0 9 36: 1259, 22, 0
0 9 37: 1259, 22, 3
0 9 38: 1259, 22, 2
0 9 39: 1259, 22, 1
0 9 40: 1259, 22, 2
0 9 41: 1259, 22, 0
0 9 42: 1259, 22, 1
0 9 44: 1259, 22, 2
0 9 45: 1259, 22, 2
0 9 46: 1259, 22, 1
0 9 47: 1259, 22, 0
0 9 48: 1259, 22, 1
0 9 49: 1259, 22, 3
0 9 51: 1259, 22, 3
0 9 52: 1259, 22, 1
0 9 53: 1259, 22, 3
0 9 54: 1259, 22, 2
0 9 57: 1259, 22, 0
0 9 58: 1259, 22, 1
0 9 60: 325, 22, 1
0 9 61: 325, 22, 0
0 9 62: 1383, 10, 0
0 9 63: 325, 22, 3
0 10 0: 1259, 22, 1
0 10 1: 1259, 22, 1
0 10 3: 1259, 22, 0
0 10 4: 1259, 22, 3
0 10 5: 1259, 22, 0
0 10 6: 1259, 22, 3
0 10 7: 1259, 22, 0
0 10 8: 462, 10, 3
0 10 10: 1259, 22, 0
0 10 11: 1259, 22, 3
0 10 15: 1259, 22, 3
0 10 16: 1259, 22, 3
0 10 17: 1162, 10, 3
0 10 23: 1259, 22, 3
0 10 26: 1259, 22, 1
0 10 27: 1259, 22, 2
0 10 30: 1259, 22, 2
0 10 31: 1259, 22, 1
0 10 32: 1259, 22, 2
0 10 33: 1259, 22, 2
0 10 36: 1259, 22, 3
0 10 37: 1259, 22, 3
0 10 38: 1259, 22, 2
0 10 40: 1259, 22, 1
0 10 41: 1259, 22, 1
0 10 42: 1259, 22, 2
0 10 43: 462, 10, 3
0 10 44: 1259, 22, 3
0 10 45: 1259, 22, 2
0 10 47: 1259, 22, 0
0 10 48: 1390, 10, 1
0 10 50: 1259, 22, 3
0 10 51: 1120, 10, 1
0 10 53: 1259, 22, 3
0 10 54: 1259, 22, 2
0 10 55: 1121, 10, 3
0 10 55: 1259, 22, 2
0 10 57: 1259, 22, 0
0 10 59: 1259, 22, 2
0 10 61: 1250, 22, 1
0 10 62: 1249, 22, 0
0 10 63: 325, 22, 2
0 11 0: 1259, 22, 1
0 11 1: 1259, 22, 0
0 11 2: 1259, 22, 3
0 11 5: 1259, 22, 1
0 11 6: 1259, 22, 3
0 11 10: 1259, 22, 2
0 11 11: 463, 10, 3
0 11 11: 1259, 22, 3
0 11 12: 1259, 22, 0
0 11 13: 1259, 22, 2
0 11 14: 1259, 22, 3
0 11 17: 1259, 22, 1
0 11 18: 1259, 22, 1
0 11 21: 1259, 22, 2
0 11 22: 1259, 22, 3
0 11 24: 1259, 22, 0
0 11 25: 1259, 22, 3
0 11 27: 1259, 22, 0
0 11 28: 1259, 22, 2
0 11 29: 1259, 22, 3
0 11 30: 1259, 22, 1
0 11 32: 1259, 22, 1
0 11 33: 1259, 22, 3
0 11 34: 1259, 22, 3
0 11 35: 1259, 22, 0
0 11 36: 1259, 22, 1
0 11 39: 1259, 22, 2
0 11 40: 1259, 22, 2
0 11 41: 1259, 22, 2
0 11 42: 463, 10, 1
0 11 42: 1259, 22, 1
0 11 44: 1259, 22, 3
0 11 45: 463, 10, 2
0 11 45: 1259, 22, 0
0 11 46: 1259, 22, 3
0 11 47: 1259, 22, 2
0 11 49: 1259, 22, 3
0 11 50: 1259, 22, 2
0 11 51: 1259, 22, 2
0 11 53: 1259, 22, 1
0 11 54: 1259, 22, 2
0 11 55: 1259, 22, 2
0 11 56: 1259, 22, 2
0 11 57: 1259, 22, 3
0 11 59: 1259, 22, 2
0 11 60: 1259, 22, 2
0 11 62: 326, 22, 3
0 11 63: 325, 22, 3
0 12 0: 1259, 22, 3
0 12 2: 1259, 22, 1
0 12 3: 1259, 22, 3
0 12 5: 1259, 22, 1
0 12 6: 1259, 22, 2
0 12 7: 1259, 22, 3
0 12 8: 1259, 22, 0
0 12 9: 1259, 22, 2
0 12 11: 1259, 22, 1
0 12 17: 1259, 22, 0
0 12 19: 1259, 22, 0
0 12 20: 1259, 22, 2
0 12 21: 1259, 22, 2
0 12 22: 1259, 22, 0
0 12 23: 1259, 22, 0
0 12 25: 1259, 22, 0
0 12 26: 1259, 22, 0
0 12 29: 1259, 22, 2
0 12 32: 1259, 22, 2
0 12 33: 1259, 22, 0
0 12 35: 1259, 22, 2
0 12 37: 1259, 22, 1
0 12 39: 1259, 22, 2
0 12 41: 1259, 22, 3
0 12 43: 1259, 22, 0
0 12 45: 1259, 22, 0
0 12 47: 1259, 22, 0
0 12 48: 1259, 22, 1
0 12 49: 1259, 22, 1
0 12 50: 1259, 22, 1
0 12 51: 1259, 22, 2
0 12 52: 1259, 22, 2
0 12 53: 1259, 22, 2
0 12 54: 1259, 22, 2
0 12 56: 1259, 22, 2
0 12 57: 1259, 22, 3
0 12 58: 1259, 22, 3
0 12 59: 1259, 22, 2
0 12 61: 325, 22, 2
0 12 62: 325, 22, 1
0 12 63: 325, 22, 0
0 13 2: 1259, 22, 1
0 13 3: 1259, 22, 1
0 13 4: 1259, 22, 2
0 13 5: 1259, 22, 1
0 13 6: 1259, 22, 3
0 13 7: 1259, 22, 0
0 13 8: 1259, 22, 0
0 13 9: 1259, 22, 0
0 13 10: 1259, 22, 0
0 13 11: 1259, 22, 3
0 13 13: 1259, 22, 2
0 13 15: 1259, 22, 1
0 13 17: 1259, 22, 1
0 13 18: 1259, 22, 2
0 13 20: 1259, 22, 2
0 13 22: 1259, 22, 0
0 13 23: 1259, 22, 1
0 13 25: 1259, 22, 0
0 13 26: 1259, 22, 2
0 13 27: 1259, 22, 1
0 13 28: 1259, 22, 0
0 13 29: 1259, 22, 1
0 13 30: 1259, 22, 1
0 13 32: 1259, 22, 0
0 13 35: 1259, 22, 1
0 13 36: 1259, 22, 1
0 13 37: 1259, 22, 1
0 13 38: 1259, 22, 2
0 13 41: 325, 22, 2
0 13 42: 325, 22, 2
0 13 46: 1259, 22, 1
0 13 47: 1259, 22, 2
0 13 49: 1259, 22, 2
0 13 50: 1259, 22, 0
0 13 52: 1259, 22, 2
0 13 53: 1259, 22, 1
0 13 54: 1259, 22, 1
0 13 56: 1259, 22, 0
0 13 57: 1259, 22, 2
0 13 58: 1259, 22, 2
0 13 59: 1259, 22, 2
0 13 60: 325, 22, 3
0 13 61: 325, 22, 2
0 13 62: 325, 22, 2
0 13 63: 324, 22, 3
0 14 0: 1259, 22, 0
0 14 1: 1259, 22, 0
0 14 2: 1259, 22, 0
0 14 4: 1259, 22, 2
0 14 5: 1259, 22, 3
0 14 6: 1259, 22, 0
0 14 7: 1259, 22, 1
0 14 8: 1259, 22, 0
0 14 9: 1259, 22, 3
0 14 11: 1259, 22, 1
0 14 12: 1259, 22, 1
0 14 13: 1259, 22, 1
0 14 15: 1259, 22, 2
0 14 18: 1259, 22, 2
0 14 22: 1259, 22, 2
0 14 24: 1259, 22, 2
0 14 27: 1259, 22, 3
0 14 29: 1259, 22, 2
0 14 33: 1259, 22, 2
0 14 34: 1259, 22, 0
0 14 35: 1259, 22, 1
0 14 36: 1259, 22, 1
0 14 39: 325, 22, 1
0 14 40: 325, 22, 1
0 14 41: 325, 22, 1
0 14 42: 325, 22, 2
0 14 43: 325, 22, 3
0 14 44: 325, 22, 3
0 14 45: 325, 22, 0
0 14 47: 1259, 22, 2
0 14 48: 1259, 22, 2
0 14 49: 1259, 22, 3
0 14 50: 1259, 22, 0
0 14 52: 1259, 22, 3
0 14 53: 1259, 22, 2
0 14 54: 1259, 22, 2
0 14 55: 1259, 22, 2
0 14 56: 1259, 22, 2
0 14 60: 325, 22, 3
0 14 61: 325, 22, 2
0 14 62: 325, 22, 2
0 14 63: 325, 22, 0
0 15 0: 1259, 22, 1
0 15 1: 1259, 22, 0
0 15 2: 1259, 22, 3
0 15 4: 1259, 22, 3
0 15 5: 1259, 22, 3
0 15 6: 1259, 22, 0
0 15 8: 1259, 22, 0
0 15 10: 1259, 22, 0
0 15 11: 1259, 22, 1
0 15 14: 1259, 22, 2
0 15 15: 1259, 22, 3
0 15 16: 1259, 22, 3
0 15 17: 1259, 22, 0
0 15 21: 1259, 22, 0
0 15 22: 1259, 22, 2
0 15 23: 1259, 22, 1
0 15 25: 1259, 22, 2
0 15 26: 1259, 22, 0
0 15 29: 1259, 22, 3
0 15 31: 1259, 22, 3
0 15 33: 1259, 22, 3
0 15 35: 1259, 22, 3
0 15 37: 325, 22, 3
0 15 38: 325, 22, 3
0 15 39: 324, 22, 0
0 15 40: 325, 22, 3
0 15 41: 325, 22, 0
0 15 42: 325, 22, 2
0 15 43: 325, 22, 1
0 15 44: 325, 22, 2
0 15 45: 325, 22, 2
0 15 46: 325, 22, 3
0 15 47: 325, 22, 1
0 15 48: 325, 22, 1
0 15 52: 1259, 22, 2
0 15 53: 1259, 22, 2
0 15 54: 325, 22, 2
0 15 55: 325, 22, 3
0 15 56: 325, 22, 3
0 15 57: 325, 22, 0
0 15 58: 325, 22, 1
0 15 59: 325, 22, 0
0 15 60: 326, 22, 3
0 15 61: 325, 22, 2
0 15 62: 325, 22, 0
0 15 63: 325, 22, 2
0 16 0: 1259, 22, 1
0 16 1: 1259, 22, 3
0 16 2: 1259, 22, 1
0 16 3: 1259, 22, 3
0 16 4: 1259, 22, 2
0 16 7: 1259, 22, 0
0 16 8: 1259, 22, 1
0 16 10: 1259, 22, 1
0 16 11: 1259, 22, 1
0 16 13: 1259, 22, 2
0 16 15: 325, 22, 1
0 16 17: 325, 22, 2
0 16 18: 325, 22, 3
0 16 19: 325, 22, 3
0 16 20: 325, 22, 0
0 16 21: 325, 22, 1
0 16 24: 1259, 22, 0
0 16 26: 320, 22, 2
0 16 27: 1259, 22, 3
0 16 29: 1259, 22, 0
0 16 32: 1259, 22, 1
0 16 33: 1259, 22, 1
0 16 34: 1259, 22, 1
0 16 36: 325, 22, 2
0 16 37: 325, 22, 3
0 16 38: 325, 22, 2
0 16 39: 325, 22, 2
0 16 40: 325, 22, 2
0 16 41: 326, 22, 1
0 16 42: 325, 22, 3
0 16 43: 325, 22, 0
0 16 44: 325, 22, 1
0 16 45: 324, 22, 2
0 16 46: 325, 22, 0
0 16 47: 325, 22, 0
0 16 48: 325, 22, 3
0 16 49: 325, 22, 2
0 16 50: 325, 22, 2
0 16 51: 325, 22, 0
0 16 52: 325, 22, 3
0 16 53: 325, 22, 3
0 16 54: 325, 22, 2
0 16 55: 325, 22, 1
0 16 56: 324, 22, 0
0 16 58: 1249, 22, 0
0 16 59: 325, 22, 0
0 16 60: 325, 22, 1
0 16 61: 1250, 22, 1
0 16 62: 325, 22, 3
0 16 63: 325, 22, 1
0 17 1: 1259, 22, 2
0 17 2: 1259, 22, 3
0 17 3: 1259, 22, 3
0 17 4: 1259, 22, 0
0 17 6: 1259, 22, 2
0 17 8: 1259, 22, 0
0 17 9: 1259, 22, 0
0 17 12: 325, 22, 1
0 17 13: 325, 22, 2
0 17 14: 325, 22, 3
0 17 15: 325, 22, 1
0 17 16: 325, 22, 0
0 17 17: 325, 22, 3
0 17 18: 326, 22, 1
0 17 19: 325, 22, 3
0 17 20: 326, 22, 2
0 17 21: 325, 22, 1
0 17 22: 325, 22, 1
0 17 23: 325, 22, 3
0 17 24: 325, 22, 3
0 17 25: 325, 22, 3
0 17 26: 325, 22, 3
0 17 28: 325, 22, 3
0 17 30: 325, 22, 3
0 17 31: 325, 22, 3
0 17 32: 325, 22, 3
0 17 33: 325, 22, 3
0 17 34: 325, 22, 3
0 17 35: 325, 22, 1
0 17 36: 325, 22, 2
0 17 37: 1250, 22, 1
0 17 38: 325, 22, 2
0 17 39: 325, 22, 2
0 17 40: 325, 22, 2
0 17 41: 325, 22, 1
0 17 42: 325, 22, 2
0 17 43: 324, 22, 3
0 17 44: 325, 22, 3
0 17 45: 325, 22, 0
0 17 46: 325, 22, 0
0 17 47: 325, 22, 1
0 17 48: 1250, 22, 1
0 17 49: 325, 22, 2
0 17 50: 325, 22, 1
0 17 51: 325, 22, 0
0 17 52: 1250, 22, 0
0 17 53: 325, 22, 1
0 17 54: 325, 22, 3
0 17 55: 325, 22, 0
0 17 56: 325, 22, 0
0 17 57: 1250, 22, 3
0 17 58: 1341, 10, 3
0 17 59: 325, 22, 0
0 17 60: 325, 22, 2
0 17 61: 1286, 10, 0
0 17 62: 1250, 22, 1
0 18 0: 1259, 22, 2
0 18 2: 1259, 22, 3
0 18 4: 1259, 22, 0
0 18 5: 1259, 22, 1
0 18 7: 1259, 22, 2
0 18 9: 325, 22, 3
0 18 11: 325, 22, 2
0 18 12: 325, 22, 1
0 18 13: 325, 22, 2
0 18 14: 1250, 22, 0
0 18 15: 325, 22, 1
0 18 16: 325, 22, 3
0 18 17: 325, 22, 0
0 18 18: 325, 22, 2
0 18 19: 325, 22, 0
0 18 20: 325, 22, 2
0 18 21: 325, 22, 1
0 18 22: 325, 22, 3
0 18 23: 326, 22, 2
0 18 24: 325, 22, 3
0 18 25: 325, 22, 3
0 18 26: 325, 22, 1
0 18 27: 325, 22, 2
0 18 28: 325, 22, 0
0 18 29: 325, 22, 0
0 18 30: 324, 22, 0
0 18 31: 325, 22, 2
0 18 32: 325, 22, 1
0 18 33: 1250, 22, 3
0 18 34: 325, 22, 0
0 18 35: 325, 22, 1
0 18 36: 325, 22, 1
0 18 37: 1249, 22, 0
0 18 38: 1341, 10, 1
0 18 39: 1250, 22, 0
0 18 40: 325, 22, 1
0 18 41: 326, 22, 1
0 18 42: 325, 22, 1
0 18 43: 325, 22, 0
0 18 44: 1250, 22, 0
0 18 45: 1286, 10, 3
0 18 46: 325, 22, 2
0 18 47: 325, 22, 2
0 18 48: 325, 22, 3
0 18 49: 1341, 10, 2
0 18 50: 1249, 22, 2
0 18 51: 325, 22, 0
0 18 52: 1383, 10, 1
0 18 53: 1250, 22, 0
0 18 54: 325, 22, 3
0 18 55: 326, 22, 3
0 18 56: 325, 22, 3
0 18 57: 325, 22, 1
0 18 58: 1250, 22, 2
0 18 59: 325, 22, 3
0 18 60: 325, 22, 0
0 18 61: 325, 22, 0
0 19 0: 1259, 22, 1
0 19 1: 1259, 22, 2
0 19 2: 1259, 22, 0
0 19 3: 1259, 22, 0
0 19 5: 1259, 22, 1
0 19 6: 1259, 22, 3
0 19 9: 325, 22, 1
0 19 10: 325, 22, 0
0 19 11: 324, 22, 3
0 19 12: 325, 22, 0
0 19 13: 1341, 10, 0
0 19 14: 325, 22, 0
0 19 15: 325, 22, 2
0 19 16: 325, 22, 1
0 19 17: 325, 22, 1
0 19 18: 324, 22, 1
0 19 19: 325, 22, 0
0 19 21: 325, 22, 1
0 19 22: 325, 22, 2
0 19 23: 325, 22, 2
0 19 24: 325, 22, 0
0 19 25: 325, 22, 0
0 19 26: 324, 22, 0
0 19 27: 325, 22, 3
0 19 28: 325, 22, 1
0 19 29: 325, 22, 0
0 19 30: 325, 22, 2
0 19 31: 325, 22, 1
0 19 32: 326, 22, 2
0 19 33: 325, 22, 0
0 19 34: 1383, 10, 2
0 19 35: 1250, 22, 2
0 19 36: 325, 22, 0
0 19 37: 324, 22, 1
0 19 38: 325, 22, 1
0 19 44: 325, 22, 3
0 19 45: 1249, 22, 1
0 19 46: 1250, 22, 3
0 19 47: 325, 22, 0
0 19 48: 325, 22, 0
0 19 49: 325, 22, 0
0 19 50: 1250, 22, 2
0 19 51: 325, 22, 2
0 19 52: 1249, 22, 3
0 19 53: 325, 22, 1
0 19 54: 325, 22, 3
0 19 55: 324, 22, 0
0 19 56: 325, 22, 0
0 19 57: 325, 22, 0
0 19 58: 325, 22, 1
0 19 59: 325, 22, 2
0 19 62: 336, 22, 0
0 19 63: 336, 22, 1
0 20 0: 1259, 22, 2
0 20 2: 1259, 22, 3
0 20 3: 1259, 22, 0
0 20 5: 1259, 22, 2
0 20 8: 325, 22, 3
0 20 9: 325, 22, 0
0 20 10: 325, 22, 3
0 20 11: 325, 22, 3
0 20 12: 325, 22, 3
0 20 13: 1250, 22, 1
0 20 14: 325, 22, 1
0 20 24: 325, 22, 1
0 20 27: 325, 22, 3
0 20 28: 325, 22, 2
0 20 29: 325, 22, 3
0 20 30: 325, 22, 2
0 20 31: 325, 22, 0
0 20 32: 325, 22, 1
0 20 33: 1249, 22, 3
0 20 34: 325, 22, 2
0 20 35: 325, 22, 3
0 20 36: 325, 22, 3
0 20 37: 325, 22, 0
0 20 42: 336, 22, 2
0 20 43: 336, 22, 1
0 20 47: 325, 22, 1
0 20 48: 325, 22, 1
0 20 49: 325, 22, 0
0 20 50: 325, 22, 1
0 20 51: 326, 22, 2
0 20 52: 325, 22, 3
0 20 53: 325, 22, 0
0 20 61: 336, 22, 0
0 20 63: 336, 22, 1
0 21 0: 1259, 22, 2
0 21 1: 1259, 22, 3
0 21 6: 325, 22, 3
0 21 7: 325, 22, 0
0 21 8: 325, 22, 1
0 21 9: 324, 22, 0
0 21 10: 325, 22, 1
0 21 11: 325, 22, 1
0 21 12: 325, 22, 1
0 21 16: 336, 22, 2
0 21 18: 336, 22, 1
0 21 20: 336, 22, 0
0 21 21: 336, 22, 0
0 21 22: 336, 22, 3
0 21 23: 336, 22, 3
0 21 29: 325, 22, 2
0 21 30: 325, 22, 3
0 21 31: 324, 22, 2
0 21 32: 325, 22, 2
0 21 33: 325, 22, 1
0 21 34: 326, 22, 3
0 21 35: 325, 22, 3
0 21 40: 336, 22, 2
0 21 41: 336, 22, 2
0 21 44: 336, 22, 1
0 21 46: 336, 22, 0
0 21 48: 325, 22, 2
0 21 49: 324, 22, 1
0 21 50: 325, 22, 1
0 21 51: 325, 22, 2
0 21 56: 336, 22, 2
0 21 57: 337, 22, 1
0 21 61: 336, 22, 3
0 22 0: 1259, 22, 3
0 22 1: 1259, 22, 1
0 22 3: 1259, 22, 0
0 22 4: 325, 22, 0
0 22 5: 325, 22, 1
0 22 6: 325, 22, 3
0 22 7: 325, 22, 0
0 22 8: 325, 22, 1
0 22 9: 1250, 22, 2
0 22 10: 325, 22, 3
0 22 12: 325, 22, 3
0 22 15: 336, 22, 3
0 22 20: 335, 22, 3
0 22 24: 336, 22, 2
0 22 25: 336, 22, 2
0 22 26: 337, 22, 3
0 22 29: 336, 22, 0
0 22 31: 325, 22, 0
0 22 32: 325, 22, 0
0 22 33: 325, 22, 3
0 22 34: 325, 22, 0
0 22 38: 336, 22, 3
0 22 41: 335, 22, 2
0 22 43: 336, 22, 2
0 22 44: 336, 22, 3
0 22 47: 336, 22, 3
0 22 48: 336, 22, 0
0 22 50: 336, 22, 0
0 22 53: 336, 22, 3
0 22 54: 336, 22, 3
0 22 55: 336, 22, 1
0 22 59: 336, 22, 1
0 22 61: 336, 22, 0
0 22 62: 335, 22, 1
0 22 63: 336, 22, 0
0 23 1: 1259, 22, 3
0 23 2: 1259, 22, 1
0 23 3: 325, 22, 0
0 23 5: 325, 22, 3
0 23 6: 325, 22, 3
0 23 7: 325, 22, 3
0 23 8: 325, 22, 3
0 23 8: 1286, 10, 2
0 23 9: 325, 22, 2
0 23 11: 325, 22, 3
0 23 12: 325, 22, 0
0 23 13: 336, 22, 0
0 23 16: 337, 22, 1
0 23 20: 336, 22, 2
0 23 22: 336, 22, 0
0 23 25: 336, 22, 1
0 23 27: 336, 22, 1
0 23 29: 336, 22, 3
0 23 35: 336, 22, 3
0 23 36: 336, 22, 0
0 23 37: 336, 22, 0
0 23 40: 336, 22, 3
0 23 42: 336, 22, 3
0 23 45: 335, 22, 3
0 23 49: 336, 22, 2
0 23 50: 336, 22, 1
0 23 53: 336, 22, 2
0 23 54: 336, 22, 2
0 23 55: 335, 22, 0
0 23 57: 336, 22, 0
0 23 63: 336, 22, 3
0 24 0: 1259, 22, 3
0 24 3: 325, 22, 3
0 24 4: 325, 22, 3
0 24 5: 325, 22, 3
0 24 6: 326, 22, 3
0 24 7: 325, 22, 0
0 24 8: 325, 22, 1
0 24 9: 325, 22, 1
0 24 10: 325, 22, 2
0 24 13: 336, 22, 1
0 24 14: 336, 22, 0
0 24 18: 336, 22, 0
0 24 21: 336, 22, 1
0 24 23: 337, 22, 2
0 24 25: 336, 22, 1
0 24 26: 335, 22, 0
0 24 28: 336, 22, 1
0 24 29: 336, 22, 3
0 24 31: 336, 22, 1
0 24 33: 335, 22, 1
0 24 36: 336, 22, 1
0 24 38: 337, 22, 1
0 24 43: 336, 22, 2
0 24 45: 336, 22, 2
0 24 47: 336, 22, 3
0 24 48: 337, 22, 0
0 24 51: 336, 22, 3
0 24 52: 336, 22, 3
0 24 54: 336, 22, 1
0 24 56: 336, 22, 3
0 24 58: 335, 22, 0
0 24 59: 336, 22, 0
0 24 60: 336, 22, 0
0 24 61: 336, 22, 0
0 24 63: 336, 22, 3
0 25 2: 325, 22, 2
0 25 4: 325, 22, 3
0 25 5: 325, 22, 3
0 25 7: 325, 22, 2
0 25 8: 325, 22, 1
0 25 11: 335, 22, 3
0 25 12: 336, 22, 1
0 25 13: 336, 22, 2
0 25 17: 336, 22, 3
0 25 18: 336, 22, 3
0 25 20: 336, 22, 0
0 25 21: 336, 22, 1
0 25 24: 336, 22, 0
0 25 25: 336, 22, 3
0 25 27: 336, 22, 3
0 25 30: 336, 22, 1
0 25 32: 336, 22, 1
0 25 33: 336, 22, 1
0 25 34: 336, 22, 0
0 25 37: 336, 22, 0
0 25 40: 336, 22, 1
0 25 42: 336, 22, 1
0 25 47: 336, 22, 2
0 25 50: 335, 22, 1
0 25 51: 336, 22, 3
0 25 53: 336, 22, 3
0 25 55: 336, 22, 0
0 25 59: 336, 22, 1
0 25 60: 336, 22, 3
0 25 61: 336, 22, 3
0 25 62: 337, 22, 0
0 25 63: 336, 22, 2
0 26 0: 1259, 22, 1
0 26 2: 325, 22, 2
0 26 3: 325, 22, 2
0 26 4: 325, 22, 0
0 26 5: 325, 22, 0
0 26 6: 325, 22, 3
0 26 7: 325, 22, 1
0 26 8: 325, 22, 1
0 26 11: 336, 22, 2
0 26 14: 336, 22, 1
0 26 15: 336, 22, 0
0 26 17: 336, 22, 1
0 26 19: 336, 22, 3
0 26 20: 336, 22, 1
0 26 25: 336, 22, 0
0 26 27: 336, 22, 3
0 26 29: 336, 22, 1
0 26 30: 337, 22, 0
0 26 33: 336, 22, 0
0 26 35: 336, 22, 2
0 26 36: 337, 22, 1
0 26 38: 336, 22, 3
0 26 39: 336, 22, 1
0 26 42: 337, 22, 2
0 26 43: 336, 22, 1
0 26 45: 336, 22, 0
0 26 46: 336, 22, 1
0 26 47: 336, 22, 1
0 26 49: 336, 22, 1
0 26 50: 336, 22, 0
0 26 53: 336, 22, 2
0 26 54: 336, 22, 0
0 26 55: 336, 22, 1
0 26 57: 337, 22, 0
0 26 60: 336, 22, 1
0 26 61: 336, 22, 2
0 26 63: 336, 22, 1
0 27 2: 326, 22, 1
0 27 3: 325, 22, 1
0 27 4: 325, 22, 1
0 27 5: 326, 22, 1
0 27 6: 325, 22, 2
0 27 7: 325, 22, 1
0 27 8: 325, 22, 1
0 27 10: 336, 22, 3
0 27 18: 336, 22, 2
0 27 20: 336, 22, 2
0 27 22: 335, 22, 2
0 27 24: 336, 22, 1
0 27 25: 336, 22, 1
0 27 27: 336, 22, 2
0 27 28: 335, 22, 2
0 27 30: 336, 22, 0
0 27 31: 336, 22, 0
0 27 32: 336, 22, 2
0 27 34: 336, 22, 3
0 27 35: 336, 22, 2
0 27 38: 336, 22, 2
0 27 40: 336, 22, 1
0 27 41: 336, 22, 0
0 27 42: 336, 22, 3
0 27 44: 336, 22, 0
0 27 45: 336, 22, 1
0 27 46: 337, 22, 3
0 27 48: 336, 22, 3
0 27 51: 337, 22, 3
0 27 52: 336, 22, 1
0 27 55: 336, 22, 1
0 27 56: 336, 22, 1
0 27 58: 336, 22, 2
0 27 59: 336, 22, 2
0 28 1: 325, 22, 0
0 28 3: 1249, 22, 0
0 28 4: 325, 22, 1
0 28 5: 325, 22, 1
0 28 6: 325, 22, 0
0 28 8: 336, 22, 3
0 28 9: 336, 22, 2
0 28 12: 336, 22, 2
0 28 13: 336, 22, 2
0 28 15: 336, 22, 1
0 28 16: 336, 22, 2
0 28 19: 336, 22, 2
0 28 21: 336, 22, 3
0 28 23: 336, 22, 3
0 28 25: 336, 22, 1
0 28 26: 336, 22, 0
0 28 27: 336, 22, 2
0 28 28: 336, 22, 1
0 28 29: 336, 22, 1
0 28 31: 336, 22, 0
0 28 32: 336, 22, 3
0 28 33: 336, 22, 1
0 28 35: 1384, 10, 0
0 28 37: 336, 22, 3
0 28 39: 335, 22, 1
0 28 41: 336, 22, 3
0 28 42: 336, 22, 3
0 28 43: 1384, 10, 1
0 28 45: 336, 22, 2
0 28 50: 336, 22, 3
0 28 52: 336, 22, 1
0 28 54: 336, 22, 2
0 28 56: 336, 22, 1
0 28 57: 336, 22, 3
0 28 61: 336, 22, 1
0 28 63: 336, 22, 0
0 29 0: 325, 22, 3
0 29 1: 325, 22, 3
0 29 2: 1250, 22, 0
0 29 3: 1383, 10, 3
0 29 4: 325, 22, 1
0 29 5: 325, 22, 2
0 29 10: 337, 22, 2
0 29 17: 337, 22, 0
0 29 21: 336, 22, 0
0 29 23: 336, 22, 1
0 29 27: 336, 22, 0
0 29 29: 336, 22, 3
0 29 31: 335, 22, 1
0 29 33: 336, 22, 0
0 29 34: 336, 22, 0
0 29 35: 336, 22, 3
0 29 36: 336, 22, 3
0 29 41: 336, 22, 1
0 29 44: 336, 22, 2
0 29 45: 336, 22, 1
0 29 55: 335, 22, 2
0 29 59: 335, 22, 3
0 29 60: 336, 22, 2
0 29 62: 335, 22, 3
0 30 0: 325, 22, 3
0 30 1: 325, 22, 1
0 30 2: 325, 22, 2
0 30 3: 1250, 22, 1
0 30 4: 325, 22, 0
0 30 8: 336, 22, 3
0 30 10: 336, 22, 0
0 30 11: 336, 22, 0
0 30 12: 336, 22, 3
0 30 13: 335, 22, 0
0 30 15: 336, 22, 1
0 30 17: 336, 22, 1
0 30 18: 336, 22, 3
0 30 19: 336, 22, 1
0 30 20: 336, 22, 0
0 30 21: 337, 22, 1
0 30 22: 336, 22, 2
0 30 23: 336, 22, 1
0 30 25: 1384, 10, 3
0 30 27: 336, 22, 3
0 30 30: 336, 22, 2
0 30 31: 336, 22, 1
0 30 32: 336, 22, 1
0 30 33: 336, 22, 0
0 30 36: 337, 22, 2
0 30 37: 336, 22, 2
0 30 38: 336, 22, 3
0 30 39: 336, 22, 0
0 30 41: 336, 22, 0
0 30 42: 336, 22, 3
0 30 45: 336, 22, 1
0 30 51: 336, 22, 3
0 30 52: 336, 22, 2
0 30 53: 336, 22, 2
0 30 56: 336, 22, 0
0 30 58: 336, 22, 0
0 30 60: 336, 22, 2
0 30 61: 336, 22, 2
0 30 63: 336, 22, 0
0 31 0: 325, 22, 2
0 31 1: 326, 22, 1
0 31 2: 325, 22, 0
0 31 3: 325, 22, 3
0 31 5: 325, 22, 3
0 31 7: 336, 22, 0
0 31 8: 336, 22, 1
0 31 10: 336, 22, 1
0 31 12: 336, 22, 3
0 31 13: 336, 22, 3
0 31 16: 336, 22, 1
0 31 17: 336, 22, 0
0 31 20: 336, 22, 1
0 31 21: 337, 22, 1
0 31 23: 336, 22, 0
0 31 24: 336, 22, 0
0 31 28: 336, 22, 3
0 31 31: 315, 22, 3
0 31 33: 315, 22, 0
0 31 38: 336, 22, 2
0 31 40: 335, 22, 2
0 31 43: 337, 22, 3
0 31 44: 336, 22, 2
0 31 47: 316, 22, 0
0 31 48: 316, 22, 0
0 31 54: 336, 22, 1
0 31 55: 336, 22, 1
0 31 59: 336, 22, 3
0 31 60: 336, 22, 3
0 31 61: 336, 22, 3
0 31 63: 336, 22, 3
0 32 0: 325, 22, 1
0 32 1: 325, 22, 3
0 32 3: 325, 22, 0
0 32 4: 325, 22, 3
0 32 12: 336, 22, 1
0 32 14: 336, 22, 2
0 32 15: 336, 22, 1
0 32 18: 336, 22, 0
0 32 19: 336, 22, 0
0 32 20: 336, 22, 1
0 32 24: 336, 22, 3
0 32 26: 335, 22, 0
0 32 28: 336, 22, 1
0 32 30: 315, 22, 1
0 32 31: 316, 22, 2
0 32 32: 315, 22, 3
0 32 33: 316, 22, 1
0 32 34: 315, 22, 2
0 32 35: 315, 22, 0
0 32 36: 315, 22, 2
0 32 39: 336, 22, 1
0 32 40: 336, 22, 0
0 32 42: 336, 22, 3
0 32 43: 336, 22, 3
0 32 44: 336, 22, 2
0 32 46: 732, 10, 0
0 32 47: 732, 10, 2
0 32 49: 316, 22, 1
0 32 52: 336, 22, 0
0 32 53: 1384, 10, 2
0 32 55: 337, 22, 0
0 32 57: 336, 22, 1
0 32 58: 337, 22, 3
0 32 61: 336, 22, 3
0 33 0: 325, 22, 1
0 33 1: 325, 22, 1
0 33 2: 324, 22, 2
0 33 3: 325, 22, 3
0 33 4: 325, 22, 3
0 33 5: 335, 22, 2
0 33 7: 336, 22, 2
0 33 8: 336, 22, 2
0 33 10: 336, 22, 1
0 33 11: 337, 22, 0
0 33 12: 336, 22, 0
0 33 12: 1384, 10, 0
0 33 14: 336, 22, 1
0 33 16: 336, 22, 1
0 33 19: 1384, 10, 3
0 33 21: 336, 22, 2
0 33 22: 336, 22, 3
0 33 28: 315, 22, 3
0 33 29: 315, 22, 2
0 33 30: 315, 22, 0
0 33 31: 732, 10, 3
0 33 34: 732, 10, 0
0 33 36: 316, 22, 0
0 33 37: 315, 22, 0
0 33 38: 315, 22, 1
0 33 41: 336, 22, 0
0 33 43: 315, 22, 2
0 33 44: 316, 22, 1
0 33 45: 315, 22, 3
0 33 47: 731, 10, 3
0 33 48: 732, 10, 2
0 33 49: 315, 22, 1
0 33 50: 315, 22, 0
0 33 55: 336, 22, 2
0 33 56: 336, 22, 2
0 33 60: 336, 22, 0
0 33 61: 1384, 10, 0
0 33 63: 336, 22, 2
0 34 0: 325, 22, 0
0 34 1: 325, 22, 3
0 34 2: 1250, 22, 3
0 34 3: 325, 22, 2
0 34 4: 325, 22, 0
0 34 6: 336, 22, 2
0 34 13: 336, 22, 3
0 34 14: 336, 22, 1
0 34 16: 337, 22, 1
0 34 17: 336, 22, 2
0 34 19: 336, 22, 3
0 34 20: 336, 22, 2
0 34 23: 336, 22, 2
0 34 24: 336, 22, 2
0 34 25: 336, 22, 3
0 34 26: 336, 22, 1
0 34 28: 315, 22, 0
0 34 29: 315, 22, 2
0 34 31: 731, 10, 0
0 34 34: 731, 10, 0
0 34 36: 732, 10, 1
0 34 38: 315, 22, 2
0 34 39: 316, 22, 3
0 34 40: 315, 22, 0
0 34 42: 315, 22, 1
0 34 43: 315, 22, 0
0 34 44: 315, 22, 1
0 34 46: 731, 10, 0
0 34 48: 731, 10, 3
0 34 50: 316, 22, 2
0 34 54: 336, 22, 3
0 34 57: 336, 22, 3
0 34 58: 336, 22, 3
0 35 0: 1250, 22, 0
0 35 1: 1383, 10, 1
0 35 2: 1249, 22, 2
0 35 7: 336, 22, 2
0 35 8: 336, 22, 2
0 35 9: 335, 22, 1
0 35 9: 1384, 10, 3
0 35 11: 336, 22, 0
0 35 12: 336, 22, 0
0 35 13: 336, 22, 2
0 35 14: 335, 22, 1
0 35 17: 336, 22, 2
0 35 18: 336, 22, 0
0 35 21: 336, 22, 0
0 35 23: 336, 22, 1
0 35 24: 337, 22, 0
0 35 26: 336, 22, 2
0 35 28: 315, 22, 0
0 35 30: 731, 10, 3
0 35 34: 731, 10, 1
0 35 36: 731, 10, 1
0 35 40: 315, 22, 3
0 35 41: 315, 22, 2
0 35 42: 316, 22, 2
0 35 43: 732, 10, 1
0 35 45: 731, 10, 2
0 35 47: 731, 10, 1
0 35 50: 315, 22, 1
0 35 51: 315, 22, 2
0 35 55: 1384, 10, 3
0 35 56: 336, 22, 0
0 35 58: 335, 22, 1
0 35 59: 336, 22, 2
0 35 61: 337, 22, 2
0 35 63: 335, 22, 0
0 36 0: 325, 22, 0
0 36 1: 325, 22, 1
0 36 2: 325, 22, 1
0 36 4: 337, 22, 3
0 36 5: 336, 22, 3
0 36 6: 336, 22, 1
0 36 10: 336, 22, 1
0 36 12: 336, 22, 0
0 36 15: 336, 22, 2
0 36 16: 336, 22, 1
0 36 16: 1384, 10, 2
0 36 18: 336, 22, 0
0 36 19: 336, 22, 1
0 36 21: 336, 22, 0
0 36 22: 335, 22, 3
0 36 23: 336, 22, 0
0 36 25: 336, 22, 2
0 36 26: 336, 22, 2
0 36 27: 315, 22, 3
0 36 28: 316, 22, 0
0 36 29: 732, 10, 2
0 36 32: 731, 10, 3
0 36 38: 731, 10, 2
0 36 40: 731, 10, 2
0 36 41: 732, 10, 0
0 36 45: 731, 10, 0
0 36 48: 731, 10, 1
0 36 49: 732, 10, 0
0 36 51: 316, 22, 3
0 36 55: 336, 22, 1
0 36 57: 315, 22, 1
0 36 61: 336, 22, 1
0 37 1: 1249, 22, 1
0 37 2: 325, 22, 3
0 37 3: 325, 22, 1
0 37 7: 336, 22, 0
0 37 9: 336, 22, 2
0 37 10: 336, 22, 2
0 37 11: 336, 22, 2
0 37 12: 336, 22, 0
0 37 13: 336, 22, 3
0 37 16: 336, 22, 3
0 37 17: 336, 22, 1
0 37 18: 337, 22, 3
0 37 19: 336, 22, 1
0 37 20: 336, 22, 0
0 37 22: 336, 22, 3
0 37 23: 336, 22, 0
0 37 25: 336, 22, 3
0 37 27: 315, 22, 2
0 37 28: 315, 22, 1
0 37 29: 731, 10, 0
0 37 30: 731, 10, 3
0 37 34: 731, 10, 2
0 37 36: 731, 10, 2
0 37 39: 731, 10, 0
0 37 42: 731, 10, 1
0 37 44: 731, 10, 1
0 37 45: 731, 10, 0
0 37 47: 731, 10, 1
0 37 49: 731, 10, 2
0 37 56: 315, 22, 2
0 37 57: 316, 22, 1
0 37 58: 315, 22, 0
0 37 63: 316, 22, 2
0 38 0: 1250, 22, 2
0 38 1: 1341, 10, 3
0 38 4: 336, 22, 0
0 38 6: 336, 22, 0
0 38 7: 336, 22, 3
0 38 8: 336, 22, 3
0 38 9: 336, 22, 0
0 38 14: 336, 22, 3
0 38 15: 336, 22, 3
0 38 16: 336, 22, 1
0 38 17: 336, 22, 1
0 38 19: 336, 22, 2
0 38 20: 336, 22, 3
0 38 21: 336, 22, 3
0 38 24: 336, 22, 3
0 38 26: 315, 22, 3
0 38 27: 316, 22, 1
0 38 32: 731, 10, 2
0 38 37: 732, 10, 0
0 38 41: 731, 10, 3
0 38 46: 731, 10, 2
0 38 48: 731, 10, 2
0 38 51: 732, 10, 3
0 38 52: 315, 22, 0
0 38 54: 315, 22, 1
0 38 55: 316, 22, 2
0 38 56: 315, 22, 3
0 38 58: 732, 10, 3
0 38 59: 316, 22, 3
0 38 60: 315, 22, 3
0 38 61: 315, 22, 2
0 38 62: 315, 22, 1
0 39 1: 1250, 22, 1
0 39 2: 325, 22, 3
0 39 6: 336, 22, 1
0 39 7: 336, 22, 1
0 39 10: 337, 22, 2
0 39 12: 336, 22, 3
0 39 13: 336, 22, 0
0 39 13: 1384, 10, 1
0 39 15: 337, 22, 3
0 39 16: 336, 22, 3
0 39 18: 336, 22, 0
0 39 19: 336, 22, 2
0 39 20: 336, 22, 0
0 39 21: 336, 22, 3
0 39 23: 336, 22, 0
0 39 24: 315, 22, 0
0 39 25: 315, 22, 1
0 39 26: 316, 22, 0
0 39 27: 731, 10, 0
0 39 30: 731, 10, 1
0 39 32: 731, 10, 2
0 39 33: 732, 10, 2
0 39 35: 732, 10, 3
0 39 36: 316, 22, 3
0 39 37: 315, 22, 0
0 39 38: 316, 22, 0
0 39 40: 732, 10, 0
0 39 43: 732, 10, 2
0 39 44: 315, 22, 2
0 39 45: 316, 22, 0
0 39 50: 731, 10, 0
0 39 52: 732, 10, 2
0 39 53: 316, 22, 0
0 39 54: 315, 22, 2
0 39 55: 315, 22, 0
0 39 57: 731, 10, 0
0 39 61: 316, 22, 3
0 40 0: 324, 22, 3
0 40 1: 325, 22, 2
0 40 3: 336, 22, 1
0 40 4: 336, 22, 1
0 40 7: 335, 22, 3
0 40 9: 336, 22, 1
0 40 10: 336, 22, 0
0 40 11: 336, 22, 2
0 40 13: 336, 22, 2
0 40 15: 336, 22, 3
0 40 16: 336, 22, 3
0 40 17: 336, 22, 1
0 40 19: 336, 22, 0
0 40 21: 336, 22, 2
0 40 22: 336, 22, 1
0 40 23: 336, 22, 0
0 40 25: 316, 22, 2
0 40 29: 731, 10, 1
0 40 34: 315, 22, 2
0 40 35: 316, 22, 2
0 40 38: 315, 22, 2
0 40 39: 315, 22, 1
0 40 39: 732, 10, 1
0 40 41: 731, 10, 0
0 40 42: 732, 10, 3
0 40 43: 315, 22, 2
0 40 44: 316, 22, 3
0 40 45: 315, 22, 3
0 40 46: 315, 22, 0
0 40 46: 732, 10, 1
0 40 47: 315, 22, 1
0 40 48: 316, 22, 2
0 40 49: 732, 10, 0
0 40 50: 731, 10, 1
0 40 53: 315, 22, 3
0 40 54: 316, 22, 1
0 40 55: 732, 10, 0
0 40 58: 731, 10, 1
0 40 59: 732, 10, 0
0 40 60: 731, 10, 1
0 40 61: 732, 10, 3
0 40 62: 731, 10, 3
0 41 0: 324, 22, 3
0 41 1: 325, 22, 3
0 41 5: 336, 22, 3
0 41 7: 336, 22, 2
0 41 8: 336, 22, 1
0 41 11: 336, 22, 3
0 41 12: 336, 22, 2
0 41 13: 336, 22, 1
0 41 14: 336, 22, 1
0 41 15: 336, 22, 2
0 41 16: 336, 22, 1
0 41 18: 335, 22, 3
0 41 19: 336, 22, 0
0 41 20: 1384, 10, 2
0 41 22: 336, 22, 1
0 41 24: 315, 22, 2
0 41 26: 731, 10, 3
0 41 28: 731, 10, 1
0 41 31: 316, 22, 0
0 41 32: 315, 22, 0
0 41 36: 336, 22, 3
0 41 39: 315, 22, 0
0 41 40: 316, 22, 1
0 41 41: 316, 22, 2
0 41 42: 315, 22, 3
0 41 43: 315, 22, 1
0 41 44: 315, 22, 0
0 41 46: 315, 22, 3
0 41 47: 316, 22, 1
0 41 48: 315, 22, 2
0 41 49: 315, 22, 3
0 41 50: 732, 10, 3
0 41 52: 731, 10, 3
0 41 56: 731, 10, 3
0 41 57: 731, 10, 0
0 41 61: 731, 10, 1
0 42 0: 325, 22, 2
0 42 3: 336, 22, 0
0 42 5: 336, 22, 0
0 42 8: 336, 22, 0
0 42 9: 336, 22, 1
0 42 10: 336, 22, 1
0 42 12: 336, 22, 2
0 42 15: 336, 22, 1
0 42 16: 336, 22, 1
0 42 17: 336, 22, 2
0 42 18: 336, 22, 1
0 42 21: 336, 22, 2
0 42 23: 316, 22, 3
0 42 25: 732, 10, 1
0 42 29: 732, 10, 3
0 42 30: 315, 22, 2
0 42 31: 316, 22, 2
0 42 34: 336, 22, 2
0 42 35: 336, 22, 2
0 42 36: 335, 22, 0
0 42 38: 336, 22, 1
0 42 42: 316, 22, 1
0 42 49: 315, 22, 0
0 42 50: 316, 22, 0
0 42 51: 732, 10, 2
0 42 54: 731, 10, 2
0 42 58: 731, 10, 0
0 43 0: 325, 22, 1
0 43 1: 325, 22, 3
0 43 5: 336, 22, 0
0 43 6: 336, 22, 1
0 43 8: 336, 22, 0
0 43 10: 336, 22, 2
0 43 11: 336, 22, 2
0 43 13: 336, 22, 1
0 43 14: 336, 22, 1
0 43 16: 336, 22, 1
0 43 18: 336, 22, 2
0 43 19: 336, 22, 3
0 43 21: 336, 22, 3
0 43 26: 731, 10, 1
0 43 27: 731, 10, 2
0 43 29: 315, 22, 3
0 43 30: 316, 22, 3
0 43 31: 315, 22, 0
0 43 34: 336, 22, 1
0 43 35: 336, 22, 0
0 43 37: 336, 22, 0
0 43 38: 336, 22, 1
0 43 43: 336, 22, 2
0 43 49: 316, 22, 3
0 43 50: 315, 22, 1
0 43 51: 315, 22, 2
0 43 53: 731, 10, 1
0 43 57: 731, 10, 3
0 43 59: 731, 10, 2
0 43 61: 731, 10, 2
0 43 63: 731, 10, 2
0 44 0: 325, 22, 1
0 44 4: 336, 22, 1
0 44 6: 336, 22, 1
0 44 7: 336, 22, 3
0 44 8: 337, 22, 1
0 44 10: 336, 22, 3
0 44 13: 1384, 10, 2
0 44 15: 336, 22, 0
0 44 17: 336, 22, 0
0 44 19: 336, 22, 0
0 44 20: 336, 22, 3
0 44 25: 732, 10, 0
0 44 28: 732, 10, 0
0 44 29: 316, 22, 1
0 44 30: 315, 22, 1
0 44 32: 336, 22, 1
0 44 33: 335, 22, 3
0 44 35: 336, 22, 0
0 44 36: 336, 22, 0
0 44 37: 336, 22, 3
0 44 39: 336, 22, 2
0 44 40: 336, 22, 3
0 44 41: 336, 22, 0
0 44 42: 336, 22, 1
0 44 43: 336, 22, 2
0 44 44: 337, 22, 3
0 44 45: 336, 22, 0
0 44 50: 315, 22, 3
0 44 51: 316, 22, 1
0 44 52: 731, 10, 0
0 44 54: 731, 10, 3
0 44 56: 731, 10, 3
0 44 58: 731, 10, 1
0 44 59: 732, 10, 2
0 44 62: 732, 10, 3
0 45 0: 325, 22, 0
0 45 1: 325, 22, 2
0 45 3: 335, 22, 2
0 45 4: 336, 22, 1
0 45 6: 336, 22, 2
0 45 7: 336, 22, 2
0 45 8: 336, 22, 3
0 45 9: 336, 22, 3
0 45 11: 336, 22, 1
0 45 15: 336, 22, 0
0 45 16: 337, 22, 0
0 45 18: 336, 22, 3
0 45 19: 336, 22, 2
0 45 20: 335, 22, 3
0 45 21: 336, 22, 1
0 45 22: 336, 22, 0
0 45 25: 315, 22, 0
0 45 27: 731, 10, 0
0 45 29: 315, 22, 2
0 45 30: 315, 22, 2
0 45 32: 336, 22, 1
0 45 33: 336, 22, 0
0 45 36: 336, 22, 0
0 45 37: 336, 22, 3
0 45 39: 336, 22, 1
0 45 41: 336, 22, 0
0 45 42: 336, 22, 1
0 45 43: 336, 22, 0
0 45 44: 336, 22, 1
0 45 45: 336, 22, 2
0 45 46: 336, 22, 2
0 45 50: 316, 22, 2
0 45 51: 315, 22, 0
0 45 53: 731, 10, 3
0 45 60: 316, 22, 3
0 45 61: 315, 22, 2
0 46 0: 326, 22, 2
0 46 1: 325, 22, 2
0 46 4: 336, 22, 2
0 46 5: 336, 22, 2
0 46 5: 1384, 10, 2
0 46 6: 335, 22, 2
0 46 7: 336, 22, 2
0 46 10: 336, 22, 1
0 46 10: 1384, 10, 3
0 46 12: 336, 22, 2
0 46 13: 336, 22, 3
0 46 15: 336, 22, 3
0 46 17: 336, 22, 2
0 46 19: 336, 22, 2
0 46 20: 336, 22, 1
0 46 22: 336, 22, 3
0 46 23: 336, 22, 0
0 46 24: 336, 22, 3
0 46 25: 315, 22, 1
0 46 26: 316, 22, 0
0 46 27: 731, 10, 1
0 46 30: 315, 22, 1
0 46 34: 336, 22, 2
0 46 35: 336, 22, 0
0 46 37: 336, 22, 1
0 46 38: 336, 22, 1
0 46 40: 336, 22, 3
0 46 43: 336, 22, 1
0 46 44: 336, 22, 3
0 46 50: 315, 22, 1
0 46 54: 731, 10, 0
0 46 57: 732, 10, 1
0 46 59: 315, 22, 0
0 46 60: 315, 22, 3
0 46 61: 316, 22, 0
0 46 62: 315, 22, 0
0 47 1: 325, 22, 1
0 47 3: 336, 22, 2
0 47 5: 336, 22, 2
0 47 6: 336, 22, 3
0 47 7: 336, 22, 3
0 47 8: 336, 22, 0
0 47 9: 336, 22, 0
0 47 13: 336, 22, 1
0 47 14: 336, 22, 2
0 47 16: 336, 22, 1
0 47 17: 336, 22, 1
0 47 18: 336, 22, 1
0 47 20: 336, 22, 2
0 47 25: 315, 22, 2
0 47 26: 315, 22, 3
0 47 28: 731, 10, 2
0 47 29: 732, 10, 2
0 47 31: 316, 22, 3
0 47 34: 336, 22, 2
0 47 35: 336, 22, 3
0 47 36: 336, 22, 3
0 47 38: 336, 22, 2
0 47 39: 336, 22, 1
0 47 41: 1384, 10, 1
0 47 42: 336, 22, 3
0 47 47: 315, 22, 2
0 47 48: 732, 10, 1
0 47 51: 732, 10, 2
0 47 55: 731, 10, 2
0 47 58: 315, 22, 3
0 47 59: 316, 22, 0
0 47 60: 315, 22, 1
0 47 61: 316, 22, 2
0 47 62: 315, 22, 1
0 47 63: 315, 22, 3
0 48 0: 325, 22, 0
0 48 2: 336, 22, 2
0 48 4: 336, 22, 0
0 48 5: 336, 22, 2
0 48 7: 336, 22, 1
0 48 9: 336, 22, 3
0 48 10: 336, 22, 1
0 48 12: 335, 22, 2
0 48 15: 336, 22, 3
0 48 18: 336, 22, 2
0 48 22: 336, 22, 0
0 48 23: 335, 22, 0
0 48 24: 336, 22, 1
0 48 25: 316, 22, 1
0 48 26: 315, 22, 3
0 48 28: 731, 10, 0
0 48 29: 731, 10, 3
0 48 30: 316, 22, 0
0 48 33: 336, 22, 2
0 48 36: 1384, 10, 0
0 48 37: 335, 22, 2
0 48 38: 336, 22, 2
0 48 39: 336, 22, 2
0 48 40: 336, 22, 2
0 48 41: 336, 22, 2
0 48 42: 336, 22, 3
0 48 43: 336, 22, 0
0 48 46: 316, 22, 3
0 48 50: 731, 10, 0
0 48 53: 731, 10, 1
0 48 56: 315, 22, 1
0 48 57: 316, 22, 3
0 48 58: 316, 22, 1
0 48 59: 315, 22, 2
0 49 0: 325, 22, 3
0 49 2: 336, 22, 3
0 49 4: 336, 22, 0
0 49 6: 337, 22, 2
0 49 7: 336, 22, 1
0 49 8: 336, 22, 1
0 49 8: 1384, 10, 2
0 49 9: 336, 22, 3
0 49 10: 336, 22, 2
0 49 12: 336, 22, 0
0 49 13: 336, 22, 1
0 49 14: 336, 22, 3
0 49 16: 337, 22, 2
0 49 18: 336, 22, 2
0 49 19: 336, 22, 3
0 49 20: 336, 22, 3
0 49 21: 335, 22, 1
0 49 23: 315, 22, 1
0 49 25: 315, 22, 0
0 49 30: 316, 22, 2
0 49 32: 336, 22, 2
0 49 33: 336, 22, 2
0 49 34: 336, 22, 3
0 49 35: 336, 22, 2
0 49 37: 336, 22, 0
0 49 38: 336, 22, 1
0 49 40: 336, 22, 1
0 49 43: 337, 22, 3
0 49 45: 732, 10, 3
0 49 47: 731, 10, 3
0 49 48: 731, 10, 3
0 49 49: 732, 10, 0
0 49 52: 731, 10, 2
0 49 55: 315, 22, 2
0 49 56: 316, 22, 3
0 49 57: 315, 22, 0
0 50 2: 336, 22, 3
0 50 3: 1384, 10, 1
0 50 4: 336, 22, 0
0 50 5: 336, 22, 1
0 50 8: 336, 22, 1
0 50 10: 336, 22, 2
0 50 11: 336, 22, 1
0 50 11: 1384, 10, 3
0 50 13: 336, 22, 3
0 50 15: 336, 22, 3
0 50 16: 336, 22, 0
0 50 17: 336, 22, 3
0 50 18: 336, 22, 2
0 50 20: 336, 22, 2
0 50 22: 336, 22, 2
0 50 23: 336, 22, 2
0 50 24: 315, 22, 2
0 50 27: 731, 10, 3
0 50 29: 316, 22, 3
0 50 32: 336, 22, 1
0 50 36: 336, 22, 1
0 50 37: 659, 10, 1
0 50 38: 336, 22, 0
0 50 43: 336, 22, 1
0 50 45: 732, 10, 0
0 50 46: 732, 10, 3
0 50 48: 731, 10, 0
0 50 50: 731, 10, 2
0 50 53: 732, 10, 2
0 50 54: 315, 22, 3
0 50 55: 315, 22, 0
0 50 58: 336, 22, 2
0 50 60: 336, 22, 2
0 51 2: 336, 22, 0
0 51 3: 337, 22, 3
0 51 4: 336, 22, 1
0 51 5: 336, 22, 0
0 51 7: 336, 22, 0
0 51 8: 336, 22, 2
0 51 9: 335, 22, 0
0 51 10: 336, 22, 1
0 51 11: 336, 22, 3
0 51 12: 336, 22, 0
0 51 14: 336, 22, 0
0 51 16: 336, 22, 3
0 51 18: 336, 22, 0
0 51 22: 336, 22, 2
0 51 23: 315, 22, 3
0 51 24: 315, 22, 0
0 51 26: 731, 10, 0
0 51 28: 316, 22, 1
0 51 29: 316, 22, 0
0 51 31: 336, 22, 1
0 51 33: 336, 22, 3
0 51 34: 337, 22, 1
0 51 35: 336, 22, 2
0 51 37: 336, 22, 2
0 51 38: 336, 22, 1
0 51 39: 336, 22, 0
0 51 41: 335, 22, 3
0 51 42: 336, 22, 2
0 51 44: 315, 22, 0
0 51 46: 731, 10, 1
0 51 48: 731, 10, 1
0 51 50: 731, 10, 1
0 51 51: 732, 10, 3
0 51 52: 731, 10, 0
0 51 54: 316, 22, 0
0 51 55: 315, 22, 1
0 51 58: 336, 22, 1
0 51 59: 336, 22, 3
0 51 60: 336, 22, 0
0 51 61: 336, 22, 3
0 51 62: 335, 22, 0
0 52 2: 336, 22, 0
0 52 4: 336, 22, 2
0 52 6: 336, 22, 0
0 52 8: 336, 22, 1
0 52 9: 336, 22, 0
0 52 10: 336, 22, 0
0 52 11: 1384, 10, 0
0 52 12: 336, 22, 2
0 52 13: 336, 22, 1
0 52 14: 335, 22, 3
0 52 15: 336, 22, 2
0 52 16: 336, 22, 1
0 52 18: 336, 22, 2
0 52 19: 1384, 10, 1
0 52 21: 336, 22, 3
0 52 23: 316, 22, 2
0 52 25: 731, 10, 3
0 52 27: 732, 10, 1
0 52 30: 336, 22, 0
0 52 34: 336, 22, 0
0 52 35: 666, 10, 2
0 52 37: 336, 22, 3
0 52 40: 336, 22, 3
0 52 43: 315, 22, 3
0 52 44: 316, 22, 0
0 52 45: 315, 22, 2
0 52 49: 731, 10, 0
0 52 52: 315, 22, 3
0 52 54: 315, 22, 2
0 52 57: 336, 22, 1
0 52 58: 336, 22, 0
0 52 59: 336, 22, 2
0 52 61: 336, 22, 0
0 52 62: 336, 22, 0
0 53 2: 336, 22, 1
0 53 4: 336, 22, 2
0 53 5: 337, 22, 0
0 53 6: 336, 22, 3
0 53 7: 336, 22, 3
0 53 7: 1384, 10, 0
0 53 9: 336, 22, 2
0 53 11: 336, 22, 3
0 53 13: 336, 22, 1
0 53 14: 336, 22, 2
0 53 15: 336, 22, 1
0 53 16: 1384, 10, 0
0 53 17: 336, 22, 1
0 53 18: 336, 22, 1
0 53 20: 336, 22, 1
0 53 22: 315, 22, 1
0 53 24: 732, 10, 1
0 53 29: 336, 22, 3
0 53 31: 337, 22, 0
0 53 32: 336, 22, 0
0 53 35: 336, 22, 3
0 53 36: 336, 22, 3
0 53 37: 336, 22, 3
0 53 38: 336, 22, 2
0 53 39: 336, 22, 1
0 53 40: 336, 22, 0
0 53 41: 336, 22, 0
0 53 42: 336, 22, 3
0 53 43: 336, 22, 3
0 53 46: 315, 22, 1
0 53 47: 315, 22, 2
0 53 49: 732, 10, 1
0 53 51: 315, 22, 3
0 53 52: 316, 22, 2
0 53 53: 315, 22, 0
0 53 55: 336, 22, 2
0 53 56: 336, 22, 0
0 53 58: 336, 22, 1
0 53 59: 336, 22, 3
0 53 60: 336, 22, 3
0 53 61: 336, 22, 0
0 54 1: 335, 22, 1
0 54 3: 336, 22, 3
0 54 5: 336, 22, 2
0 54 5: 1384, 10, 1
0 54 8: 336, 22, 3
0 54 9: 336, 22, 3
0 54 10: 336, 22, 2
0 54 11: 336, 22, 1
0 54 13: 336, 22, 0
0 54 13: 1384, 10, 1
0 54 14: 336, 22, 2
0 54 15: 336, 22, 1
0 54 19: 336, 22, 3
0 54 20: 336, 22, 0
0 54 22: 315, 22, 0
0 54 24: 731, 10, 3
0 54 27: 316, 22, 0
0 54 29: 336, 22, 3
0 54 31: 336, 22, 1
0 54 32: 335, 22, 0
0 54 33: 336, 22, 0
0 54 34: 336, 22, 3
0 54 38: 336, 22, 2
0 54 40: 336, 22, 1
0 54 41: 336, 22, 1
0 54 44: 336, 22, 3
0 54 47: 315, 22, 0
0 54 48: 315, 22, 0
0 54 49: 316, 22, 1
0 54 50: 315, 22, 0
0 54 51: 315, 22, 2
0 54 52: 315, 22, 1
0 54 54: 336, 22, 1
0 54 55: 336, 22, 3
0 54 56: 336, 22, 0
0 54 57: 336, 22, 0
0 54 58: 336, 22, 2
0 54 59: 336, 22, 2
0 55 1: 336, 22, 2
0 55 2: 336, 22, 2
0 55 4: 336, 22, 0
0 55 7: 337, 22, 1
0 55 8: 336, 22, 3
0 55 8: 1384, 10, 0
0 55 10: 336, 22, 0
0 55 12: 336, 22, 3
0 55 13: 336, 22, 0
0 55 15: 336, 22, 1
0 55 16: 336, 22, 0
0 55 17: 335, 22, 3
0 55 19: 336, 22, 3
0 55 20: 336, 22, 0
0 55 21: 316, 22, 3
0 55 22: 315, 22, 1
0 55 26: 316, 22, 0
0 55 29: 336, 22, 2
0 55 30: 336, 22, 2
0 55 31: 336, 22, 1
0 55 35: 1384, 10, 3
0 55 36: 336, 22, 3
0 55 37: 336, 22, 1
0 55 37: 667, 10, 3
0 55 39: 336, 22, 2
0 55 40: 336, 22, 0
0 55 41: 336, 22, 1
0 55 42: 336, 22, 2
0 55 43: 336, 22, 3
0 55 45: 336, 22, 0
0 55 46: 336, 22, 1
0 55 49: 315, 22, 1
0 55 52: 337, 22, 2
0 55 54: 336, 22, 2
0 55 55: 335, 22, 1
0 55 56: 336, 22, 0
0 55 57: 336, 22, 2
0 55 58: 336, 22, 1
0 56 1: 336, 22, 2
0 56 5: 335, 22, 1
0 56 6: 336, 22, 1
0 56 8: 336, 22, 0
0 56 9: 336, 22, 3
0 56 11: 1384, 10, 2
0 56 12: 336, 22, 3
0 56 14: 336, 22, 2
0 56 14: 1384, 10, 0
0 56 16: 336, 22, 3
0 56 18: 336, 22, 0
0 56 19: 336, 22, 2
0 56 20: 336, 22, 0
0 56 21: 315, 22, 0
0 56 22: 315, 22, 2
0 56 23: 732, 10, 3
0 56 25: 316, 22, 2
0 56 31: 336, 22, 2
0 56 32: 336, 22, 3
0 56 33: 336, 22, 2
0 56 34: 336, 22, 1
0 56 34: 666, 10, 1
0 56 39: 336, 22, 2
0 56 40: 336, 22, 3
0 56 43: 336, 22, 0
0 56 46: 336, 22, 3
0 56 48: 336, 22, 2
0 56 50: 336, 22, 3
0 56 52: 336, 22, 3
0 56 53: 336, 22, 0
0 56 55: 336, 22, 3
0 56 56: 336, 22, 3
0 56 57: 336, 22, 3
0 56 59: 336, 22, 3
0 56 62: 316, 22, 3
0 57 1: 336, 22, 0
0 57 2: 336, 22, 1
0 57 3: 336, 22, 2
0 57 3: 1384, 10, 0
0 57 4: 336, 22, 1
0 57 5: 336, 22, 0
0 57 8: 336, 22, 0
0 57 9: 336, 22, 3
0 57 10: 336, 22, 2
0 57 11: 336, 22, 1
0 57 12: 336, 22, 2
0 57 13: 336, 22, 2
0 57 17: 336, 22, 1
0 57 20: 336, 22, 2
0 57 22: 315, 22, 2
0 57 27: 316, 22, 1
0 57 28: 315, 22, 3
0 57 29: 315, 22, 2
0 57 35: 336, 22, 1
0 57 36: 336, 22, 2
0 57 37: 336, 22, 1
0 57 39: 659, 10, 2
0 57 40: 336, 22, 3
0 57 41: 336, 22, 0
0 57 43: 336, 22, 1
0 57 45: 336, 22, 2
0 57 46: 336, 22, 3
0 57 47: 336, 22, 3
0 57 49: 336, 22, 0
0 57 52: 336, 22, 3
0 57 53: 336, 22, 2
0 57 55: 336, 22, 2
0 57 56: 336, 22, 3
0 57 58: 336, 22, 0
0 57 59: 336, 22, 2
0 58 0: 336, 22, 3
0 58 2: 335, 22, 0
0 58 6: 336, 22, 3
0 58 7: 1384, 10, 2
0 58 8: 336, 22, 1
0 58 9: 336, 22, 2
0 58 11: 336, 22, 0
0 58 12: 336, 22, 3
0 58 13: 336, 22, 3
0 58 14: 337, 22, 3
0 58 15: 336, 22, 2
0 58 16: 336, 22, 2
0 58 17: 336, 22, 1
0 58 18: 335, 22, 0
0 58 20: 336, 22, 1
0 58 21: 315, 22, 3
0 58 22: 316, 22, 0
0 58 23: 315, 22, 2
0 58 26: 731, 10, 2
0 58 28: 315, 22, 3
0 58 29: 316, 22, 3
0 58 30: 315, 22, 0
0 58 33: 336, 22, 0
0 58 34: 336, 22, 0
0 58 35: 335, 22, 2
0 58 38: 336, 22, 0
0 58 40: 337, 22, 3
0 58 41: 336, 22, 1
0 58 44: 336, 22, 1
0 58 47: 336, 22, 3
0 58 48: 1384, 10, 1
0 58 50: 336, 22, 3
0 58 51: 336, 22, 0
0 58 53: 659, 10, 3
0 58 54: 336, 22, 0
0 58 56: 336, 22, 2
0 58 57: 335, 22, 0
0 58 58: 336, 22, 1
0 58 59: 336, 22, 2
0 58 61: 316, 22, 1
0 59 0: 336, 22, 3
0 59 1: 336, 22, 3
0 59 3: 336, 22, 2
0 59 4: 336, 22, 2
0 59 5: 336, 22, 3
0 59 6: 336, 22, 3
0 59 7: 337, 22, 2
0 59 8: 336, 22, 2
0 59 10: 336, 22, 1
0 59 10: 1384, 10, 3
0 59 11: 336, 22, 1
0 59 13: 336, 22, 3
0 59 14: 1384, 10, 1
0 59 15: 1384, 10, 1
0 59 17: 336, 22, 2
0 59 18: 336, 22, 2
0 59 19: 336, 22, 3
0 59 21: 336, 22, 0
0 59 22: 315, 22, 0
0 59 24: 315, 22, 2
0 59 25: 732, 10, 1
0 59 27: 732, 10, 0
0 59 30: 316, 22, 2
0 59 31: 316, 22, 3
0 59 32: 315, 22, 2
0 59 34: 336, 22, 3
0 59 35: 336, 22, 0
0 59 36: 336, 22, 1
0 59 37: 336, 22, 0
0 59 38: 336, 22, 3
0 59 39: 336, 22, 0
0 59 41: 336, 22, 2
0 59 42: 336, 22, 2
0 59 43: 336, 22, 0
0 59 44: 336, 22, 2
0 59 45: 336, 22, 0
0 59 46: 336, 22, 0
0 59 47: 336, 22, 2
0 59 50: 336, 22, 1
0 59 51: 336, 22, 3
0 59 52: 336, 22, 1
0 59 53: 336, 22, 1
0 59 54: 336, 22, 3
0 59 55: 336, 22, 0
0 59 57: 336, 22, 3
0 59 59: 336, 22, 2
0 59 60: 316, 22, 2
0 60 0: 336, 22, 0
0 60 1: 336, 22, 3
0 60 4: 336, 22, 1
0 60 4: 1384, 10, 3
0 60 5: 336, 22, 2
0 60 8: 336, 22, 2
0 60 9: 336, 22, 3
0 60 12: 336, 22, 0
0 60 13: 336, 22, 1
0 60 14: 336, 22, 2
0 60 15: 336, 22, 2
0 60 16: 336, 22, 1
0 60 21: 336, 22, 0
0 60 22: 336, 22, 0
0 60 24: 315, 22, 3
0 60 25: 316, 22, 1
0 60 26: 315, 22, 0
0 60 29: 731, 10, 3
0 60 31: 315, 22, 3
0 60 32: 315, 22, 1
0 60 33: 315, 22, 0
0 60 35: 336, 22, 3
0 60 37: 336, 22, 1
0 60 38: 336, 22, 2
0 60 40: 336, 22, 3
0 60 41: 336, 22, 1
0 60 43: 336, 22, 0
0 60 44: 336, 22, 3
0 60 46: 336, 22, 1
0 60 47: 336, 22, 1
0 60 48: 336, 22, 2
0 60 49: 336, 22, 2
0 60 50: 336, 22, 3
0 60 51: 336, 22, 0
0 60 52: 336, 22, 1
0 60 53: 336, 22, 0
0 60 54: 336, 22, 1
0 60 56: 336, 22, 1
0 60 57: 336, 22, 3
0 60 58: 336, 22, 1
0 60 59: 336, 22, 1
0 61 1: 336, 22, 2
0 61 3: 336, 22, 0
0 61 4: 337, 22, 1
0 61 6: 336, 22, 3
0 61 7: 336, 22, 0
0 61 9: 335, 22, 3
0 61 10: 336, 22, 2
0 61 11: 336, 22, 3
0 61 12: 336, 22, 0
0 61 14: 337, 22, 0
0 61 15: 336, 22, 1
0 61 16: 336, 22, 0
0 61 17: 336, 22, 1
0 61 18: 336, 22, 0
0 61 19: 1384, 10, 0
0 61 20: 336, 22, 0
0 61 24: 336, 22, 3
0 61 25: 315, 22, 2
0 61 26: 315, 22, 1
0 61 27: 315, 22, 0
0 61 28: 732, 10, 3
0 61 30: 731, 10, 0
0 61 33: 316, 22, 1
0 61 34: 315, 22, 3
0 61 36: 336, 22, 2
0 61 37: 337, 22, 0
0 61 39: 336, 22, 2
0 61 40: 336, 22, 3
0 61 42: 336, 22, 2
0 61 42: 1384, 10, 3
0 61 43: 336, 22, 0
0 61 44: 336, 22, 3
0 61 45: 336, 22, 1
0 61 46: 336, 22, 2
0 61 48: 336, 22, 1
0 61 49: 336, 22, 2
0 61 50: 336, 22, 2
0 61 51: 336, 22, 0
0 61 52: 336, 22, 0
0 61 53: 336, 22, 2
0 61 54: 336, 22, 0
0 61 56: 336, 22, 2
0 61 57: 1384, 10, 2
0 61 58: 336, 22, 0
0 61 59: 336, 22, 2
0 62 1: 336, 22, 2
0 62 2: 335, 22, 3
0 62 3: 336, 22, 0
0 62 4: 336, 22, 3
0 62 5: 336, 22, 2
0 62 6: 336, 22, 2
0 62 7: 336, 22, 2
0 62 8: 336, 22, 1
0 62 9: 336, 22, 1
0 62 10: 336, 22, 2
0 62 11: 336, 22, 3
0 62 12: 1384, 10, 2
0 62 13: 336, 22, 1
0 62 14: 336, 22, 2
0 62 16: 336, 22, 1
0 62 17: 336, 22, 1
0 62 19: 336, 22, 3
0 62 21: 336, 22, 1
0 62 23: 335, 22, 2
0 62 25: 336, 22, 2
0 62 27: 315, 22, 3
0 62 28: 316, 22, 2
0 62 31: 731, 10, 2
0 62 32: 732, 10, 2
0 62 34: 316, 22, 0
0 62 35: 315, 22, 3
0 62 37: 336, 22, 2
0 62 38: 336, 22, 0
0 62 39: 336, 22, 1
0 62 40: 336, 22, 2
0 62 41: 336, 22, 3
0 62 42: 336, 22, 0
0 62 43: 336, 22, 0
0 62 44: 336, 22, 3
0 62 46: 336, 22, 0
0 62 47: 336, 22, 3
0 62 49: 336, 22, 2
0 62 50: 336, 22, 1
0 62 51: 336, 22, 3
0 62 52: 336, 22, 0
0 62 53: 336, 22, 1
0 62 54: 337, 22, 3
0 62 55: 336, 22, 3
0 62 56: 336, 22, 2
0 62 57: 336, 22, 1
0 62 58: 336, 22, 0
0 62 59: 336, 22, 3
0 62 61: 316, 22, 1
0 63 3: 336, 22, 3
0 63 8: 336, 22, 1
0 63 9: 336, 22, 0
0 63 10: 336, 22, 0
0 63 12: 336, 22, 3
0 63 14: 336, 22, 2
0 63 15: 336, 22, 2
0 63 20: 336, 22, 3
0 63 22: 336, 22, 2
0 63 23: 336, 22, 2
0 63 29: 315, 22, 2
0 63 33: 732, 10, 1
0 63 35: 315, 22, 1
0 63 37: 336, 22, 3
0 63 39: 336, 22, 2
0 63 40: 336, 22, 2
0 63 42: 336, 22, 1
0 63 43: 336, 22, 1
0 63 45: 337, 22, 1
0 63 48: 336, 22, 3
0 63 49: 335, 22, 2
0 63 50: 336, 22, 3
0 63 53: 336, 22, 3
0 63 55: 336, 22, 1
0 63 57: 336, 22, 1
0 63 58: 335, 22, 3
0 63 60: 336, 22, 3
