0 17 32: 730, 22, 2
0 18 29: 728, 22, 0
0 18 29: 2670, 10, 3
0 19 37: 2670, 10, 2
0 20 5: 728, 22, 0
0 20 5: 2670, 10, 2
0 20 28: 341, 22, 0
0 20 41: 730, 22, 3
0 21 29: 341, 22, 3
0 21 31: 1404, 10, 1
0 22 19: 341, 22, 2
0 22 20: 1405, 10, 3
0 22 22: 341, 22, 1
0 22 28: 729, 22, 3
0 22 29: 730, 22, 3
0 22 30: 341, 22, 2
0 22 48: 2670, 10, 3
0 23 18: 341, 22, 3
0 23 19: 729, 22, 0
0 23 20: 341, 22, 0
0 23 21: 729, 22, 2
0 23 25: 728, 22, 1
0 23 25: 2670, 10, 1
0 23 29: 341, 22, 1
0 23 29: 1123, 10, 2
0 23 33: 729, 22, 0
0 23 36: 729, 22, 2
0 23 37: 341, 22, 1
0 24 18: 341, 22, 0
0 24 19: 729, 22, 2
0 24 20: 728, 22, 3
0 24 21: 729, 22, 0
0 24 22: 341, 22, 3
0 24 28: 341, 22, 0
0 24 32: 729, 22, 1
0 24 33: 730, 22, 2
0 24 34: 729, 22, 3
0 24 35: 341, 22, 1
0 24 36: 729, 22, 2
0 24 37: 729, 22, 3
0 25 18: 1405, 10, 3
0 25 20: 729, 22, 3
0 25 21: 729, 22, 1
0 25 22: 342, 22, 0
0 25 29: 445, 10, 2
0 25 32: 341, 22, 1
0 25 33: 729, 22, 1
0 25 34: 341, 22, 2
0 25 36: 342, 22, 1
0 25 37: 341, 22, 0
0 25 38: 342, 22, 3
0 25 48: 1405, 10, 1
0 26 5: 342, 22, 3
0 26 7: 341, 22, 2
0 26 17: 341, 22, 0
0 26 20: 1123, 10, 1
0 26 22: 729, 22, 0
0 26 23: 341, 22, 1
0 26 35: 341, 22, 0
0 26 38: 729, 22, 0
0 27 5: 341, 22, 1
0 27 8: 342, 22, 0
0 27 22: 729, 22, 1
0 27 23: 729, 22, 3
0 27 36: 341, 22, 3
0 27 37: 730, 22, 1
0 27 38: 341, 22, 0
0 27 39: 341, 22, 3
0 27 44: 444, 10, 3
0 28 6: 342, 22, 2
0 28 20: 342, 22, 3
0 28 21: 729, 22, 2
0 28 22: 729, 22, 0
0 28 27: 341, 22, 2
0 28 30: 1304, 10, 2
0 28 37: 729, 22, 1
0 28 38: 729, 22, 2
0 28 47: 1405, 10, 2
0 29 15: 1304, 10, 3
0 29 16: 729, 22, 0
0 29 21: 342, 22, 0
0 29 22: 341, 22, 3
0 29 23: 342, 22, 1
0 29 24: 341, 22, 1
0 29 26: 729, 22, 0
0 29 27: 342, 22, 3
0 29 37: 342, 22, 0
0 29 38: 341, 22, 1
0 30 10: 730, 22, 1
0 30 12: 729, 22, 2
0 30 12: 1304, 10, 1
0 30 13: 730, 22, 2
0 30 16: 729, 22, 0
0 30 26: 341, 22, 0
0 30 29: 1203, 10, 2
0 30 33: 1390, 10, 2
0 30 38: 1673, 0, 2
0 30 39: 1673, 0, 2
0 30 40: 1673, 0, 2
0 30 41: 1673, 0, 2
0 31 13: 729, 22, 3
0 31 18: 1674, 9, 3
0 31 19: 320, 22, 3
0 31 19: 1158, 10, 3
0 31 19: 1674, 0, 0
0 31 20: 319, 22, 2
0 31 20: 1674, 0, 0
0 31 21: 320, 22, 1
0 31 21: 1158, 10, 3
0 31 21: 1674, 0, 0
0 31 22: 1674, 9, 0
0 31 25: 729, 22, 3
0 31 26: 729, 22, 2
0 31 38: 583, 10, 2
0 31 38: 1673, 0, 3
0 31 39: 320, 22, 1
0 31 39: 396, 10, 2
0 31 40: 319, 22, 2
0 31 41: 320, 22, 3
0 31 41: 1673, 0, 1
0 32 17: 1674, 9, 3
0 32 20: 320, 22, 0
0 32 23: 1674, 9, 0
0 32 24: 341, 22, 2
0 32 25: 729, 22, 2
0 32 26: 341, 22, 1
0 32 38: 1673, 0, 3
0 32 40: 320, 22, 0
0 32 40: 610, 10, 2
0 32 41: 1673, 0, 1
0 33 12: 729, 22, 0
0 33 12: 1304, 10, 0
0 33 16: 1674, 9, 3
0 33 17: 320, 22, 2
0 33 18: 917, 22, 3
0 33 19: 917, 22, 0
0 33 20: 951, 22, 2
0 33 21: 953, 22, 2
0 33 24: 1674, 9, 0
0 33 25: 729, 22, 2
0 33 26: 729, 22, 1
0 33 27: 341, 22, 0
0 33 37: 341, 22, 1
0 33 38: 916, 22, 2
0 33 38: 2700, 0, 3
0 33 39: 1102, 10, 3
0 33 41: 1673, 0, 1
0 34 12: 730, 22, 2
0 34 13: 729, 22, 1
0 34 16: 320, 22, 1
0 34 16: 1674, 0, 3
0 34 17: 319, 22, 1
0 34 18: 918, 22, 2
0 34 19: 918, 22, 0
0 34 20: 950, 22, 2
0 34 21: 952, 22, 2
0 34 23: 320, 22, 0
0 34 24: 1676, 0, 1
0 34 25: 341, 22, 3
0 34 27: 341, 22, 2
0 34 36: 342, 22, 0
0 34 38: 1673, 0, 3
0 34 41: 1673, 0, 1
0 35 5: 2670, 10, 3
0 35 16: 1110, 10, 2
0 35 16: 1674, 0, 3
0 35 17: 320, 22, 0
0 35 18: 918, 22, 2
0 35 19: 918, 22, 0
0 35 22: 320, 22, 2
0 35 23: 319, 22, 3
0 35 24: 320, 22, 3
0 35 24: 583, 10, 3
0 35 24: 1674, 0, 1
0 35 25: 729, 22, 3
0 35 26: 729, 22, 1
0 35 27: 342, 22, 3
0 35 36: 729, 22, 1
0 35 37: 729, 22, 3
0 35 38: 320, 22, 0
0 35 38: 1673, 0, 3
0 35 40: 2672, 10, 2
0 35 41: 320, 22, 2
0 35 41: 1673, 0, 1
0 36 3: 342, 22, 1
0 36 12: 730, 22, 3
0 36 12: 1304, 10, 0
0 36 13: 729, 22, 2
0 36 16: 1674, 0, 3
0 36 18: 918, 22, 2
0 36 19: 918, 22, 0
0 36 20: 951, 22, 2
0 36 21: 953, 22, 2
0 36 23: 320, 22, 2
0 36 24: 1674, 0, 1
0 36 25: 342, 22, 2
0 36 26: 341, 22, 0
0 36 31: 1360, 10, 2
0 36 36: 730, 22, 0
0 36 37: 729, 22, 2
0 36 38: 319, 22, 3
0 36 38: 1673, 0, 3
0 36 39: 320, 22, 2
0 36 40: 320, 22, 3
0 36 41: 319, 22, 0
0 36 41: 1673, 0, 1
0 37 3: 341, 22, 1
0 37 12: 729, 22, 3
0 37 16: 1674, 9, 2
0 37 18: 917, 22, 2
0 37 19: 917, 22, 1
0 37 20: 950, 22, 2
0 37 21: 952, 22, 2
0 37 23: 356, 10, 2
0 37 24: 1674, 9, 1
0 37 25: 342, 22, 1
0 37 26: 729, 22, 2
0 37 36: 729, 22, 0
0 37 37: 729, 22, 1
0 37 38: 341, 22, 3
0 37 38: 1673, 0, 0
0 37 39: 1673, 0, 0
0 37 40: 1673, 0, 0
0 37 41: 1673, 0, 0
0 38 3: 342, 22, 0
0 38 4: 729, 22, 2
0 38 17: 1674, 9, 2
0 38 19: 320, 22, 0
0 38 20: 319, 22, 0
0 38 21: 320, 22, 3
0 38 22: 356, 11, 2
0 38 23: 1674, 9, 1
0 38 24: 341, 22, 2
0 38 25: 729, 22, 1
0 38 26: 730, 22, 0
0 38 27: 729, 22, 0
0 38 35: 341, 22, 1
0 38 36: 730, 22, 3
0 38 37: 342, 22, 3
0 39 2: 729, 22, 2
0 39 4: 341, 22, 0
0 39 18: 1674, 9, 2
0 39 19: 1158, 10, 1
0 39 19: 1674, 0, 2
0 39 20: 320, 22, 3
0 39 20: 1674, 0, 2
0 39 21: 1158, 10, 1
0 39 21: 1674, 0, 2
0 39 22: 1674, 9, 1
0 39 25: 341, 22, 1
0 39 26: 2670, 10, 1
0 39 27: 729, 22, 3
0 39 28: 341, 22, 0
0 39 35: 341, 22, 0
0 39 36: 729, 22, 3
0 39 44: 445, 10, 2
0 40 3: 1405, 10, 2
0 40 5: 341, 22, 1
0 40 11: 1304, 10, 0
0 40 25: 341, 22, 1
0 40 27: 341, 22, 3
0 40 28: 729, 22, 0
0 40 31: 341, 22, 3
0 40 32: 342, 22, 1
0 40 33: 342, 22, 2
0 41 5: 729, 22, 2
0 41 11: 730, 22, 1
0 41 13: 730, 22, 0
0 41 13: 1304, 10, 3
0 41 27: 341, 22, 1
0 41 28: 341, 22, 2
0 41 31: 342, 22, 0
0 41 32: 730, 22, 2
0 41 33: 729, 22, 0
0 41 34: 341, 22, 0
0 42 1: 1304, 10, 0
0 42 3: 729, 22, 2
0 42 4: 342, 22, 3
0 42 5: 1304, 10, 2
0 42 7: 341, 22, 0
0 42 31: 729, 22, 2
0 42 32: 729, 22, 1
0 42 33: 341, 22, 3
0 42 37: 730, 22, 2
0 42 37: 2670, 10, 0
0 43 3: 1123, 10, 0
0 43 4: 729, 22, 2
0 43 27: 444, 10, 2
0 43 30: 341, 22, 3
0 43 31: 341, 22, 0
0 43 32: 341, 22, 1
0 43 33: 730, 22, 0
0 43 33: 2670, 10, 2
0 44 6: 341, 22, 3
0 44 7: 341, 22, 2
0 44 21: 730, 22, 0
0 44 29: 341, 22, 0
0 44 30: 729, 22, 3
0 44 39: 474, 10, 3
0 44 41: 474, 10, 0
0 44 44: 730, 22, 1
0 44 44: 2670, 10, 1
0 45 3: 1304, 10, 3
0 45 6: 1406, 10, 0
0 45 21: 2670, 10, 0
0 45 29: 1123, 10, 3
0 45 31: 342, 22, 0
0 46 9: 341, 22, 0
0 46 38: 473, 10, 0
0 46 40: 472, 10, 3
0 46 42: 474, 10, 2
0 47 5: 729, 22, 2
0 47 7: 341, 22, 1
0 47 10: 341, 22, 3
0 47 11: 342, 22, 3
0 48 6: 341, 22, 3
0 48 7: 729, 22, 2
0 48 12: 729, 22, 1
0 48 41: 473, 10, 0
0 48 43: 474, 10, 1
0 49 6: 342, 22, 2
0 49 7: 341, 22, 2
0 49 11: 342, 22, 3
0 49 12: 729, 22, 0
0 49 23: 1326, 10, 0
0 49 28: 730, 22, 3
0 49 28: 2670, 10, 1
0 49 39: 474, 10, 3
0 50 11: 341, 22, 0
0 50 12: 729, 22, 3
0 50 13: 729, 22, 1
0 50 14: 341, 22, 1
0 50 16: 341, 22, 2
0 50 42: 474, 10, 2
0 50 44: 471, 10, 0
0 50 46: 473, 10, 1
0 51 12: 341, 22, 3
0 51 13: 341, 22, 2
0 51 14: 729, 22, 2
0 51 15: 729, 22, 1
0 51 17: 729, 22, 1
0 51 18: 729, 22, 0
0 52 13: 729, 22, 3
0 52 15: 341, 22, 3
0 52 17: 341, 22, 1
0 52 18: 729, 22, 0
0 52 19: 341, 22, 3
0 52 21: 341, 22, 3
0 52 39: 341, 22, 0
0 52 44: 473, 10, 0
0 52 46: 474, 10, 3
0 53 9: 341, 22, 0
0 53 10: 341, 22, 3
0 53 14: 342, 22, 0
0 53 17: 1406, 10, 3
0 53 19: 729, 22, 3
0 53 20: 342, 22, 2
0 53 21: 729, 22, 2
0 53 38: 341, 22, 3
0 53 40: 730, 22, 3
0 53 40: 2670, 10, 2
0 53 41: 730, 22, 3
0 54 7: 2670, 10, 0
0 54 9: 729, 22, 2
0 54 19: 729, 22, 3
0 54 20: 342, 22, 1
0 54 21: 341, 22, 2
0 54 22: 729, 22, 1
0 54 23: 341, 22, 0
0 54 39: 342, 22, 3
0 54 53: 730, 22, 3
0 54 53: 2670, 10, 1
0 55 9: 341, 22, 1
0 55 11: 729, 22, 3
0 55 19: 729, 22, 3
0 55 20: 729, 22, 2
0 55 21: 729, 22, 0
0 55 23: 729, 22, 0
0 55 24: 341, 22, 1
0 55 32: 1406, 10, 2
0 55 37: 341, 22, 2
0 56 16: 1123, 10, 0
0 56 19: 1304, 10, 0
0 56 22: 341, 22, 0
0 56 23: 341, 22, 2
0 56 25: 341, 22, 1
0 57 41: 341, 22, 0
0 58 30: 730, 22, 3
0 58 30: 2670, 10, 3
0 58 38: 341, 22, 1
0 58 52: 730, 22, 3
0 59 11: 730, 22, 1
0 59 23: 730, 22, 3
0 59 43: 341, 22, 3
0 60 18: 730, 22, 3
0 60 18: 2670, 10, 1
0 62 56: 730, 22, 2
0 63 44: 730, 22, 1
1 30 28: 1361, 10, 2
1 31 18: 1670, 13, 1
1 31 19: 1670, 12, 2
1 31 20: 1670, 12, 2
1 31 21: 1670, 12, 2
1 31 22: 1670, 13, 2
1 31 38: 1670, 16, 1
1 31 39: 1670, 12, 2
1 31 40: 1670, 12, 2
1 31 41: 1670, 16, 2
1 32 17: 1670, 13, 1
1 32 18: 1670, 14, 1
1 32 19: 1683, 17, 3
1 32 20: 1683, 17, 3
1 32 21: 1683, 17, 3
1 32 22: 1670, 14, 2
1 32 23: 1670, 13, 2
1 32 38: 1670, 12, 1
1 32 39: 1683, 17, 2
1 32 40: 1683, 17, 2
1 32 41: 1670, 12, 3
1 33 16: 1670, 13, 1
1 33 17: 1670, 14, 1
1 33 18: 1683, 17, 3
1 33 19: 1683, 17, 3
1 33 20: 1683, 17, 3
1 33 21: 1683, 17, 3
1 33 22: 1683, 17, 3
1 33 23: 1670, 14, 2
1 33 24: 1670, 13, 2
1 33 38: 1670, 12, 1
1 33 39: 1683, 17, 2
1 33 40: 1683, 17, 2
1 33 41: 1670, 12, 3
1 34 16: 1670, 12, 1
1 34 17: 1683, 17, 3
1 34 18: 1683, 17, 3
1 34 19: 1683, 17, 3
1 34 20: 1683, 17, 3
1 34 21: 1683, 17, 3
1 34 22: 1683, 17, 3
1 34 23: 1683, 17, 3
1 34 24: 1670, 12, 3
1 34 38: 1670, 12, 1
1 34 39: 1683, 17, 2
1 34 40: 1683, 17, 2
1 34 41: 1670, 12, 3
1 35 16: 1670, 12, 1
1 35 17: 1683, 17, 3
1 35 18: 1683, 17, 3
1 35 19: 1683, 17, 3
1 35 20: 1683, 17, 3
1 35 21: 1683, 17, 3
1 35 22: 1683, 17, 3
1 35 23: 1683, 17, 3
1 35 24: 1670, 12, 3
1 35 38: 1670, 12, 1
1 35 39: 1683, 17, 2
1 35 40: 1683, 17, 2
1 35 41: 1670, 12, 3
1 36 16: 1670, 12, 1
1 36 17: 1683, 17, 3
1 36 18: 1683, 17, 3
1 36 19: 1683, 17, 3
1 36 20: 1683, 17, 3
1 36 21: 1683, 17, 3
1 36 22: 1683, 17, 3
1 36 23: 1683, 17, 3
1 36 24: 1670, 12, 3
1 36 38: 1670, 16, 0
1 36 39: 1670, 12, 0
1 36 40: 1670, 12, 0
1 36 41: 1670, 16, 3
1 37 16: 1670, 13, 0
1 37 17: 1670, 14, 0
1 37 18: 1683, 17, 3
1 37 19: 1683, 17, 3
1 37 20: 1683, 17, 3
1 37 21: 1683, 17, 3
1 37 22: 1683, 17, 3
1 37 23: 1670, 14, 3
1 37 24: 1670, 13, 3
1 38 17: 1670, 13, 0
1 38 18: 1670, 14, 0
1 38 19: 1683, 17, 3
1 38 20: 1683, 17, 3
1 38 21: 1683, 17, 3
1 38 22: 1670, 14, 3
1 38 23: 1670, 13, 3
1 39 18: 1670, 13, 0
1 39 19: 1670, 12, 0
1 39 20: 1670, 12, 0
1 39 21: 1670, 12, 0
1 39 22: 1670, 13, 3
1 49 23: 1327, 10, 0
2 30 30: 1362, 10, 2
2 48 22: 1329, 10, 0
