0 0 12: 197, 5, 3
0 0 12: 1659, 0, 3
0 0 12: 2097, 10, 0
0 0 16: 724, 10, 0
0 0 20: 724, 10, 3
0 0 22: 325, 22, 3
0 0 23: 324, 22, 1
0 0 24: 197, 4, 1
0 0 25: 1658, 0, 3
0 0 47: 1658, 0, 0
0 0 48: 1658, 0, 0
0 0 49: 1658, 0, 0
0 0 50: 1658, 0, 0
0 0 51: 1658, 0, 0
0 0 52: 1658, 0, 0
0 0 53: 1658, 0, 0
0 0 54: 1658, 0, 0
0 0 55: 1658, 0, 0
0 0 56: 1658, 0, 0
0 0 57: 1658, 9, 0
0 0 60: 1659, 0, 1
0 0 60: 1872, 5, 1
0 1 12: 325, 22, 0
0 1 12: 1659, 0, 3
0 1 12: 1872, 5, 3
0 1 16: 325, 22, 3
0 1 17: 325, 22, 0
0 1 18: 325, 22, 0
0 1 18: 2100, 10, 2
0 1 19: 325, 22, 1
0 1 22: 325, 22, 0
0 1 23: 324, 22, 3
0 1 24: 324, 22, 2
0 1 24: 2101, 10, 2
0 1 25: 1658, 0, 3
0 1 57: 1658, 0, 1
0 1 60: 197, 5, 1
0 1 60: 1659, 0, 1
0 2 12: 324, 22, 2
0 2 12: 1659, 0, 3
0 2 12: 2097, 10, 2
0 2 13: 325, 22, 1
0 2 16: 325, 22, 3
0 2 17: 324, 22, 3
0 2 17: 2104, 11, 0
0 2 18: 326, 22, 3
0 2 19: 325, 22, 2
0 2 23: 325, 22, 2
0 2 23: 2101, 10, 0
0 2 24: 325, 22, 1
0 2 25: 1658, 0, 3
0 2 28: 1659, 9, 3
0 2 29: 326, 22, 2
0 2 29: 1659, 0, 0
0 2 30: 325, 22, 2
0 2 30: 1659, 0, 0
0 2 30: 1872, 5, 0
0 2 31: 325, 22, 3
0 2 31: 1659, 0, 0
0 2 32: 1659, 0, 0
0 2 33: 325, 22, 2
0 2 33: 1659, 0, 0
0 2 34: 325, 22, 3
0 2 34: 1659, 0, 0
0 2 34: 1872, 5, 0
0 2 35: 326, 22, 3
0 2 35: 1659, 0, 0
0 2 36: 197, 6, 0
0 2 36: 1659, 9, 0
0 2 57: 1658, 0, 1
0 2 60: 325, 22, 1
0 2 60: 1659, 0, 1
0 3 12: 326, 22, 1
0 3 12: 1659, 0, 3
0 3 12: 2096, 10, 2
0 3 13: 324, 22, 1
0 3 14: 325, 22, 1
0 3 15: 724, 10, 3
0 3 16: 325, 22, 2
0 3 17: 326, 22, 0
0 3 18: 325, 22, 1
0 3 19: 325, 22, 3
0 3 19: 2092, 10, 2
0 3 24: 702, 11, 0
0 3 24: 1872, 4, 1
0 3 25: 1658, 0, 3
0 3 27: 197, 6, 3
0 3 27: 1659, 9, 3
0 3 28: 325, 22, 0
0 3 28: 1631, 1, 3
0 3 29: 325, 22, 1
0 3 30: 325, 22, 1
0 3 34: 325, 22, 0
0 3 35: 325, 22, 0
0 3 36: 325, 22, 1
0 3 36: 1631, 1, 0
0 3 37: 1659, 0, 0
0 3 38: 1659, 0, 0
0 3 39: 1659, 0, 0
0 3 39: 1872, 5, 0
0 3 40: 325, 22, 1
0 3 40: 1659, 0, 0
0 3 41: 326, 22, 2
0 3 41: 1659, 0, 0
0 3 42: 1659, 9, 0
0 3 49: 1659, 9, 3
0 3 50: 1659, 0, 0
0 3 50: 1872, 5, 0
0 3 51: 197, 5, 0
0 3 51: 1659, 0, 0
0 3 52: 1659, 0, 0
0 3 53: 325, 22, 1
0 3 53: 1659, 0, 0
0 3 53: 1872, 5, 0
0 3 54: 325, 22, 1
0 3 54: 1659, 0, 0
0 3 55: 325, 22, 0
0 3 55: 1659, 0, 0
0 3 56: 197, 5, 0
0 3 56: 326, 22, 3
0 3 56: 1659, 0, 0
0 3 57: 325, 22, 0
0 3 57: 1659, 0, 0
0 3 57: 1872, 5, 0
0 3 59: 325, 22, 3
0 3 60: 326, 22, 3
0 3 60: 1659, 0, 1
0 3 60: 1872, 5, 1
0 4 12: 324, 22, 0
0 4 12: 1659, 0, 3
0 4 12: 1872, 5, 3
0 4 13: 325, 22, 1
0 4 14: 325, 22, 0
0 4 17: 325, 22, 1
0 4 18: 325, 22, 0
0 4 18: 2104, 10, 2
0 4 19: 724, 10, 0
0 4 24: 657, 4, 1
0 4 24: 700, 10, 2
0 4 25: 1658, 0, 3
0 4 26: 1659, 9, 3
0 4 27: 1631, 1, 3
0 4 31: 1872, 4, 2
0 4 32: 197, 4, 2
0 4 39: 325, 22, 3
0 4 41: 325, 22, 0
0 4 42: 324, 22, 1
0 4 42: 1631, 1, 0
0 4 43: 197, 6, 0
0 4 43: 1659, 9, 0
0 4 48: 1659, 9, 3
0 4 49: 325, 22, 3
0 4 49: 1631, 1, 3
0 4 55: 325, 22, 2
0 4 56: 325, 22, 3
0 4 60: 325, 22, 2
0 4 60: 1659, 0, 1
0 5 12: 197, 5, 3
0 5 12: 325, 22, 0
0 5 12: 1659, 0, 3
0 5 12: 2095, 10, 2
0 5 13: 325, 22, 3
0 5 16: 2092, 11, 0
0 5 23: 325, 22, 2
0 5 24: 197, 4, 1
0 5 24: 325, 22, 0
0 5 24: 2091, 11, 2
0 5 25: 1658, 0, 3
0 5 26: 325, 22, 0
0 5 26: 1659, 0, 3
0 5 29: 1658, 9, 3
0 5 29: 1872, 7, 3
0 5 30: 1658, 0, 0
0 5 31: 1658, 0, 0
0 5 32: 1658, 0, 0
0 5 33: 1658, 0, 0
0 5 34: 1658, 9, 0
0 5 42: 325, 22, 2
0 5 43: 325, 22, 1
0 5 43: 1631, 1, 0
0 5 44: 1659, 0, 0
0 5 44: 1872, 5, 0
0 5 45: 325, 22, 1
0 5 45: 1659, 0, 0
0 5 46: 326, 22, 1
0 5 46: 1659, 0, 0
0 5 47: 325, 22, 2
0 5 47: 1659, 0, 0
0 5 47: 1872, 5, 0
0 5 48: 325, 22, 1
0 5 48: 1631, 1, 3
0 5 49: 325, 22, 2
0 5 51: 1659, 0, 2
0 5 52: 1659, 0, 2
0 5 53: 1659, 0, 2
0 5 53: 1872, 5, 2
0 5 54: 1659, 0, 2
0 5 55: 1659, 0, 2
0 5 56: 1659, 0, 2
0 5 57: 1659, 0, 2
0 5 57: 1872, 5, 2
0 5 60: 197, 5, 1
0 5 60: 1659, 0, 1
0 6 12: 325, 22, 1
0 6 12: 657, 5, 3
0 6 12: 1659, 0, 3
0 6 19: 325, 22, 2
0 6 20: 325, 22, 2
0 6 21: 325, 22, 0
0 6 22: 325, 22, 3
0 6 22: 700, 10, 1
0 6 23: 325, 22, 1
0 6 23: 724, 10, 1
0 6 24: 326, 22, 3
0 6 25: 1658, 0, 3
0 6 26: 324, 22, 0
0 6 26: 1659, 0, 3
0 6 27: 325, 22, 2
0 6 29: 1658, 0, 3
0 6 34: 1658, 0, 1
0 6 37: 197, 6, 1
0 6 37: 1658, 9, 3
0 6 38: 1658, 0, 0
0 6 39: 1658, 0, 0
0 6 40: 1658, 0, 0
0 6 41: 1658, 9, 0
0 6 45: 325, 22, 3
0 6 46: 325, 22, 3
0 6 47: 325, 22, 2
0 6 48: 325, 22, 0
0 6 49: 1631, 1, 1
0 6 50: 1659, 9, 1
0 6 50: 1872, 6, 1
0 6 57: 1658, 0, 1
0 6 60: 325, 22, 1
0 6 60: 1659, 0, 1
0 6 60: 1872, 5, 1
0 7 12: 325, 22, 2
0 7 12: 655, 5, 3
0 7 12: 1659, 0, 3
0 7 13: 325, 22, 0
0 7 15: 724, 10, 2
0 7 18: 325, 22, 0
0 7 18: 1631, 1, 1
0 7 19: 1659, 0, 2
0 7 19: 1872, 5, 2
0 7 20: 326, 22, 2
0 7 20: 1659, 0, 2
0 7 20: 2092, 10, 2
0 7 21: 325, 22, 1
0 7 21: 655, 5, 2
0 7 21: 1659, 0, 2
0 7 21: 2091, 10, 2
0 7 22: 197, 5, 2
0 7 22: 325, 22, 2
0 7 22: 1659, 0, 2
0 7 23: 700, 10, 0
0 7 23: 1659, 0, 2
0 7 23: 1872, 5, 2
0 7 24: 326, 22, 2
0 7 24: 702, 10, 3
0 7 24: 1659, 0, 2
0 7 24: 1872, 4, 1
0 7 25: 1658, 0, 3
0 7 26: 325, 22, 3
0 7 26: 1659, 0, 3
0 7 27: 325, 22, 3
0 7 29: 197, 6, 0
0 7 29: 1658, 9, 2
0 7 30: 1658, 1, 2
0 7 34: 1658, 0, 1
0 7 36: 325, 22, 2
0 7 37: 1658, 0, 3
0 7 41: 1658, 1, 0
0 7 42: 1658, 9, 0
0 7 42: 1872, 7, 0
0 7 47: 1659, 0, 2
0 7 48: 1659, 0, 2
0 7 49: 1659, 9, 1
0 7 51: 1658, 1, 1
0 7 52: 1658, 0, 2
0 7 53: 1658, 0, 2
0 7 54: 1658, 0, 2
0 7 55: 1658, 0, 2
0 7 56: 1658, 0, 2
0 7 57: 325, 22, 3
0 7 57: 1658, 9, 1
0 7 59: 325, 22, 0
0 7 59: 1631, 1, 1
0 7 60: 1659, 9, 1
0 8 11: 1658, 1, 1
0 8 12: 325, 22, 1
0 8 12: 1659, 0, 3
0 8 13: 325, 22, 0
0 8 14: 325, 22, 0
0 8 17: 325, 22, 2
0 8 17: 1631, 1, 1
0 8 18: 197, 6, 1
0 8 18: 1659, 9, 1
0 8 25: 197, 6, 3
0 8 25: 1659, 9, 3
0 8 26: 1631, 1, 3
0 8 27: 325, 22, 2
0 8 28: 326, 22, 1
0 8 29: 325, 22, 0
0 8 30: 1658, 9, 2
0 8 31: 1658, 0, 2
0 8 32: 1658, 0, 2
0 8 33: 1658, 0, 2
0 8 34: 1658, 9, 1
0 8 34: 1872, 7, 1
0 8 36: 325, 22, 3
0 8 37: 1658, 0, 3
0 8 42: 1658, 0, 1
0 8 46: 325, 22, 0
0 8 47: 1658, 9, 2
0 8 48: 1658, 1, 2
0 8 50: 1658, 1, 1
0 8 51: 1658, 9, 1
0 8 52: 325, 22, 1
0 8 53: 326, 22, 0
0 8 54: 324, 22, 2
0 8 55: 325, 22, 0
0 8 56: 325, 22, 3
0 8 58: 325, 22, 3
0 8 59: 326, 22, 0
0 8 59: 1659, 0, 1
0 8 59: 1872, 5, 1
0 9 11: 1658, 0, 1
0 9 12: 326, 22, 3
0 9 12: 1631, 2, 2
0 9 12: 1872, 5, 3
0 9 13: 324, 22, 2
0 9 13: 1631, 0, 2
0 9 14: 325, 22, 3
0 9 14: 1558, 0, 2
0 9 15: 325, 22, 0
0 9 15: 1557, 0, 2
0 9 16: 326, 22, 0
0 9 16: 1631, 0, 2
0 9 17: 1659, 9, 1
0 9 17: 1872, 6, 1
0 9 25: 326, 22, 2
0 9 25: 1659, 0, 3
0 9 26: 324, 22, 2
0 9 27: 325, 22, 2
0 9 28: 325, 22, 2
0 9 30: 325, 22, 1
0 9 31: 325, 22, 1
0 9 35: 325, 22, 1
0 9 36: 326, 22, 0
0 9 37: 1658, 0, 3
0 9 41: 1658, 1, 1
0 9 42: 197, 6, 3
0 9 42: 1658, 9, 1
0 9 44: 325, 22, 0
0 9 46: 325, 22, 3
0 9 47: 326, 22, 2
0 9 48: 197, 6, 0
0 9 48: 1658, 9, 2
0 9 49: 1658, 0, 2
0 9 50: 1658, 9, 1
0 9 51: 325, 22, 3
0 9 52: 325, 22, 3
0 9 53: 325, 22, 1
0 9 54: 325, 22, 1
0 9 55: 325, 22, 0
0 9 59: 197, 5, 1
0 9 59: 325, 22, 1
0 9 59: 1659, 0, 1
0 10 11: 1658, 1, 0
0 10 12: 197, 5, 3
0 10 12: 326, 22, 3
0 10 12: 1659, 0, 3
0 10 13: 325, 22, 3
0 10 13: 909, 4, 0
0 10 15: 325, 22, 2
0 10 16: 326, 22, 0
0 10 16: 1659, 0, 1
0 10 25: 325, 22, 1
0 10 25: 1659, 0, 3
0 10 26: 325, 22, 1
0 10 29: 197, 5, 2
0 10 29: 325, 22, 2
0 10 29: 1659, 0, 2
0 10 30: 1659, 0, 2
0 10 31: 325, 22, 0
0 10 31: 1659, 0, 2
0 10 31: 1872, 5, 2
0 10 32: 1659, 0, 2
0 10 33: 1659, 0, 2
0 10 34: 197, 5, 2
0 10 34: 325, 22, 2
0 10 34: 1659, 0, 2
0 10 35: 324, 22, 0
0 10 35: 1659, 0, 2
0 10 36: 326, 22, 1
0 10 36: 1659, 0, 2
0 10 37: 1658, 0, 3
0 10 40: 1658, 1, 1
0 10 41: 1658, 9, 1
0 10 44: 326, 22, 1
0 10 45: 325, 22, 3
0 10 47: 325, 22, 2
0 10 48: 325, 22, 0
0 10 49: 325, 22, 2
0 10 52: 1631, 1, 1
0 10 53: 1659, 0, 2
0 10 53: 1872, 5, 2
0 10 54: 197, 5, 2
0 10 54: 1659, 0, 2
0 10 55: 1659, 0, 2
0 10 59: 325, 22, 0
0 10 59: 1659, 0, 1
0 11 12: 325, 22, 3
0 11 12: 1659, 0, 3
0 11 13: 325, 22, 1
0 11 16: 325, 22, 1
0 11 16: 1659, 0, 1
0 11 25: 325, 22, 0
0 11 25: 1659, 0, 3
0 11 28: 1659, 0, 1
0 11 33: 1658, 1, 1
0 11 34: 1658, 0, 2
0 11 35: 1658, 0, 2
0 11 36: 1658, 1, 2
0 11 39: 1658, 1, 1
0 11 40: 1658, 9, 1
0 11 43: 325, 22, 2
0 11 44: 325, 22, 3
0 11 45: 325, 22, 3
0 11 52: 325, 22, 0
0 11 52: 1659, 0, 1
0 11 55: 1658, 0, 1
0 11 56: 1872, 4, 3
0 11 58: 325, 22, 1
0 11 59: 325, 22, 3
0 11 59: 1659, 0, 1
0 11 59: 1872, 5, 1
0 12 12: 324, 22, 1
0 12 12: 1659, 0, 3
0 12 13: 325, 22, 1
0 12 14: 325, 22, 0
0 12 16: 325, 22, 0
0 12 16: 1659, 0, 1
0 12 25: 325, 22, 0
0 12 25: 1659, 0, 3
0 12 28: 1659, 0, 1
0 12 29: 1658, 0, 2
0 12 30: 1658, 0, 2
0 12 31: 1658, 0, 2
0 12 32: 1658, 0, 2
0 12 33: 1658, 9, 1
0 12 33: 1872, 7, 1
0 12 34: 197, 4, 0
0 12 34: 326, 22, 0
0 12 35: 325, 22, 2
0 12 36: 1658, 9, 2
0 12 36: 1872, 7, 2
0 12 37: 1658, 0, 2
0 12 38: 1658, 0, 2
0 12 39: 197, 6, 3
0 12 39: 1658, 9, 1
0 12 43: 197, 4, 2
0 12 52: 325, 22, 1
0 12 52: 1659, 0, 1
0 12 55: 1658, 0, 1
0 12 57: 325, 22, 2
0 12 58: 325, 22, 2
0 12 59: 325, 22, 2
0 12 59: 1659, 0, 1
0 13 12: 326, 22, 1
0 13 12: 1659, 0, 3
0 13 12: 1872, 5, 3
0 13 13: 324, 22, 0
0 13 14: 325, 22, 3
0 13 16: 1631, 1, 0
0 13 17: 1659, 9, 0
0 13 17: 1872, 6, 0
0 13 24: 1659, 9, 3
0 13 24: 1872, 6, 3
0 13 25: 1631, 1, 3
0 13 29: 197, 4, 0
0 13 29: 325, 22, 1
0 13 32: 325, 22, 1
0 13 33: 325, 22, 3
0 13 34: 325, 22, 0
0 13 35: 325, 22, 2
0 13 41: 1658, 9, 3
0 13 41: 1872, 7, 3
0 13 42: 1658, 0, 0
0 13 43: 1658, 0, 0
0 13 44: 1658, 0, 0
0 13 45: 1658, 9, 0
0 13 45: 1872, 7, 0
0 13 47: 325, 22, 2
0 13 48: 325, 22, 2
0 13 51: 325, 22, 2
0 13 52: 325, 22, 3
0 13 52: 1631, 1, 0
0 13 53: 1659, 9, 0
0 13 55: 1658, 1, 0
0 13 56: 1658, 9, 0
0 13 57: 326, 22, 1
0 13 57: 1872, 4, 2
0 13 58: 197, 5, 2
0 13 58: 325, 22, 3
0 13 59: 326, 22, 2
0 13 59: 1659, 0, 1
0 14 12: 197, 6, 2
0 14 12: 1659, 9, 2
0 14 13: 324, 22, 3
0 14 13: 1631, 1, 2
0 14 14: 324, 22, 3
0 14 15: 325, 22, 1
0 14 17: 1631, 1, 0
0 14 18: 657, 5, 0
0 14 18: 1659, 0, 0
0 14 19: 655, 5, 0
0 14 19: 1659, 0, 0
0 14 20: 197, 5, 0
0 14 20: 1659, 0, 0
0 14 21: 1659, 0, 0
0 14 22: 655, 5, 0
0 14 22: 1659, 0, 0
0 14 23: 325, 22, 2
0 14 23: 1659, 0, 0
0 14 24: 325, 22, 1
0 14 24: 1631, 1, 3
0 14 25: 325, 22, 0
0 14 26: 325, 22, 2
0 14 27: 325, 22, 2
0 14 38: 325, 22, 2
0 14 39: 325, 22, 3
0 14 40: 1658, 9, 3
0 14 41: 1658, 1, 3
0 14 45: 1658, 1, 0
0 14 46: 325, 22, 3
0 14 46: 1658, 9, 0
0 14 47: 326, 22, 1
0 14 48: 197, 4, 2
0 14 48: 325, 22, 1
0 14 49: 325, 22, 0
0 14 49: 1872, 4, 2
0 14 50: 325, 22, 0
0 14 51: 325, 22, 2
0 14 52: 197, 4, 2
0 14 52: 326, 22, 3
0 14 53: 326, 22, 0
0 14 53: 1659, 0, 1
0 14 53: 1872, 5, 1
0 14 56: 1658, 1, 0
0 14 57: 1658, 0, 0
0 14 58: 1658, 0, 0
0 14 59: 1658, 0, 0
0 15 13: 1659, 9, 2
0 15 14: 325, 22, 0
0 15 14: 1631, 1, 2
0 15 15: 325, 22, 1
0 15 16: 1872, 4, 2
0 15 17: 197, 4, 2
0 15 21: 1872, 4, 2
0 15 22: 197, 4, 2
0 15 22: 325, 22, 2
0 15 24: 326, 22, 1
0 15 25: 325, 22, 3
0 15 26: 325, 22, 0
0 15 26: 1872, 4, 2
0 15 27: 197, 4, 2
0 15 27: 326, 22, 2
0 15 28: 325, 22, 1
0 15 29: 325, 22, 1
0 15 30: 325, 22, 1
0 15 31: 1872, 4, 2
0 15 32: 197, 4, 2
0 15 34: 325, 22, 3
0 15 35: 325, 22, 0
0 15 35: 1872, 4, 2
0 15 36: 325, 22, 0
0 15 37: 197, 4, 2
0 15 37: 325, 22, 1
0 15 38: 325, 22, 2
0 15 39: 1658, 9, 3
0 15 39: 1872, 7, 3
0 15 40: 1658, 1, 3
0 15 46: 1658, 1, 0
0 15 47: 1658, 0, 0
0 15 48: 1658, 0, 0
0 15 49: 1658, 0, 0
0 15 50: 1658, 0, 0
0 15 51: 1658, 0, 0
0 15 52: 1658, 0, 0
0 15 53: 1658, 0, 0
0 16 14: 1658, 0, 0
0 16 15: 1658, 0, 0
0 16 16: 1658, 0, 0
0 16 17: 1658, 0, 0
0 16 18: 1658, 0, 0
0 16 19: 1658, 0, 0
0 16 20: 1658, 0, 0
0 16 21: 1658, 0, 0
0 16 22: 1658, 0, 0
0 16 23: 1658, 0, 0
0 16 24: 1658, 0, 0
0 16 25: 1658, 0, 0
0 16 26: 1658, 0, 0
0 16 27: 1658, 0, 0
0 16 28: 1658, 0, 0
0 16 29: 1658, 0, 0
0 16 30: 1658, 0, 0
0 16 31: 1658, 0, 0
0 16 32: 1658, 0, 0
0 16 33: 1658, 0, 0
0 16 34: 1658, 0, 0
0 16 35: 1658, 0, 0
0 16 36: 1658, 0, 0
0 16 37: 1658, 0, 0
0 16 38: 1658, 0, 0
0 16 39: 1658, 1, 3
0 16 46: 1658, 1, 1
0 16 47: 1658, 0, 2
0 16 48: 1658, 0, 2
0 16 49: 1658, 0, 2
0 16 50: 1658, 0, 2
0 16 51: 1658, 0, 2
0 16 52: 1658, 1, 2
0 17 45: 1658, 1, 1
0 17 46: 1658, 9, 1
0 17 47: 325, 22, 3
0 17 48: 326, 22, 0
0 17 48: 660, 10, 0
0 17 49: 197, 4, 0
0 17 49: 325, 22, 1
0 17 50: 325, 22, 0
0 17 50: 463, 10, 3
0 17 51: 326, 22, 1
0 17 51: 1324, 10, 1
0 17 52: 1658, 9, 2
0 17 53: 1658, 1, 2
0 18 45: 1658, 0, 1
0 18 48: 325, 22, 2
0 18 50: 325, 22, 0
0 18 51: 325, 22, 3
0 18 52: 325, 22, 2
0 18 53: 325, 22, 2
0 18 53: 1658, 9, 2
0 18 54: 1658, 1, 2
0 19 43: 1658, 1, 1
0 19 44: 1658, 0, 2
0 19 45: 1658, 9, 1
0 19 48: 462, 10, 0
0 19 52: 325, 22, 1
0 19 52: 660, 10, 1
0 19 53: 197, 4, 1
0 19 53: 326, 22, 2
0 19 54: 1658, 0, 3
0 20 35: 1658, 1, 1
0 20 36: 1880, 0, 2
0 20 37: 1881, 0, 2
0 20 38: 1658, 1, 2
0 20 42: 1658, 1, 1
0 20 43: 1658, 9, 1
0 20 45: 462, 10, 2
0 20 49: 463, 10, 0
0 20 51: 325, 22, 1
0 20 52: 325, 22, 0
0 20 53: 325, 22, 3
0 20 53: 1658, 9, 3
0 20 54: 1658, 1, 3
0 21 34: 1658, 1, 1
0 21 35: 1658, 9, 1
0 21 38: 1658, 9, 2
0 21 39: 1658, 0, 2
0 21 40: 1658, 0, 2
0 21 41: 1658, 0, 2
0 21 42: 1658, 9, 1
0 21 52: 325, 22, 0
0 21 53: 1658, 0, 3
0 22 34: 1658, 0, 1
0 22 48: 2382, 22, 1
0 22 52: 197, 4, 1
0 22 52: 325, 22, 0
0 22 53: 1658, 0, 3
0 23 34: 1658, 0, 1
0 23 48: 2382, 22, 0
0 23 49: 2383, 22, 2
0 23 50: 1286, 10, 1
0 23 52: 1658, 9, 3
0 23 53: 1658, 1, 3
0 24 34: 1658, 1, 0
0 24 35: 1658, 9, 0
0 24 39: 1658, 9, 3
0 24 40: 1658, 0, 0
0 24 41: 1658, 0, 0
0 24 42: 1658, 9, 0
0 24 49: 2382, 22, 3
0 24 51: 1658, 9, 3
0 24 52: 1658, 1, 3
0 25 20: 1658, 1, 1
0 25 21: 1658, 0, 2
0 25 22: 1658, 0, 2
0 25 23: 1658, 0, 2
0 25 24: 1658, 1, 2
0 25 31: 1658, 1, 1
0 25 32: 1658, 0, 2
0 25 33: 1658, 0, 2
0 25 34: 1658, 0, 2
0 25 35: 1658, 9, 1
0 25 39: 1658, 0, 3
0 25 42: 1658, 1, 0
0 25 43: 1658, 9, 0
0 25 45: 1286, 10, 0
0 25 49: 692, 10, 0
0 25 51: 1658, 0, 3
0 26 19: 1658, 1, 1
0 26 20: 1658, 9, 1
0 26 21: 324, 22, 2
0 26 22: 326, 22, 1
0 26 22: 1325, 10, 2
0 26 23: 326, 22, 3
0 26 24: 1658, 9, 2
0 26 25: 1658, 1, 2
0 26 30: 1658, 1, 1
0 26 31: 1658, 9, 1
0 26 32: 197, 4, 0
0 26 34: 197, 4, 0
0 26 39: 1658, 9, 2
0 26 40: 1658, 1, 2
0 26 43: 1658, 1, 0
0 26 44: 1658, 9, 0
0 26 48: 1365, 10, 3
0 26 50: 197, 4, 1
0 26 51: 1658, 0, 3
0 27 19: 1658, 0, 1
0 27 20: 197, 4, 3
0 27 20: 326, 22, 3
0 27 21: 324, 22, 3
0 27 22: 324, 22, 2
0 27 23: 325, 22, 3
0 27 24: 325, 22, 0
0 27 25: 325, 22, 0
0 27 25: 1658, 9, 2
0 27 26: 1658, 1, 2
0 27 29: 1658, 1, 1
0 27 30: 1658, 9, 1
0 27 34: 859, 10, 1
0 27 39: 859, 10, 1
0 27 40: 1658, 9, 2
0 27 41: 1658, 1, 2
0 27 44: 1658, 0, 1
0 27 46: 462, 10, 2
0 27 48: 463, 10, 0
0 27 49: 462, 10, 3
0 27 51: 1658, 0, 3
0 28 19: 1658, 0, 1
0 28 20: 325, 22, 3
0 28 21: 325, 22, 0
0 28 22: 325, 22, 0
0 28 25: 325, 22, 3
0 28 26: 1658, 9, 2
0 28 27: 1658, 0, 2
0 28 28: 1658, 0, 2
0 28 29: 1658, 9, 1
0 28 33: 463, 10, 1
0 28 41: 1658, 9, 2
0 28 42: 1658, 1, 2
0 28 44: 1658, 1, 0
0 28 45: 1658, 9, 0
0 28 48: 325, 22, 3
0 28 49: 325, 22, 3
0 28 50: 325, 22, 2
0 28 51: 1658, 0, 3
0 29 19: 1658, 0, 1
0 29 20: 197, 4, 3
0 29 20: 326, 22, 0
0 29 20: 1325, 10, 3
0 29 21: 325, 22, 3
0 29 26: 1324, 10, 3
0 29 27: 197, 4, 0
0 29 27: 1624, 0, 3
0 29 28: 1626, 0, 1
0 29 31: 1167, 10, 3
0 29 38: 462, 10, 3
0 29 41: 197, 4, 1
0 29 42: 1658, 0, 3
0 29 45: 1658, 1, 0
0 29 46: 325, 22, 0
0 29 46: 1658, 9, 0
0 29 47: 325, 22, 1
0 29 48: 325, 22, 0
0 29 48: 668, 10, 1
0 29 50: 1658, 9, 3
0 29 51: 1658, 1, 3
0 30 19: 1658, 1, 0
0 30 20: 1658, 9, 0
0 30 21: 325, 22, 2
0 30 22: 1325, 10, 0
0 30 24: 463, 10, 1
0 30 28: 1626, 0, 1
0 30 30: 1168, 10, 2
0 30 42: 1658, 0, 3
0 30 46: 1658, 1, 0
0 30 47: 1658, 9, 0
0 30 48: 326, 22, 0
0 30 49: 325, 22, 2
0 30 49: 1658, 9, 3
0 30 50: 1658, 1, 3
0 31 20: 1658, 1, 0
0 31 21: 325, 22, 1
0 31 21: 1658, 9, 0
0 31 22: 325, 22, 1
0 31 27: 326, 22, 1
0 31 30: 1324, 10, 2
0 31 41: 197, 4, 1
0 31 42: 1659, 2, 2
0 31 43: 1658, 0, 2
0 31 44: 1658, 0, 2
0 31 45: 1658, 1, 2
0 31 47: 1658, 1, 0
0 31 48: 1658, 0, 0
0 31 49: 1658, 1, 3
0 32 21: 1658, 1, 0
0 32 22: 325, 22, 2
0 32 22: 1658, 9, 0
0 32 23: 325, 22, 1
0 32 34: 478, 10, 3
0 32 43: 197, 4, 0
0 32 45: 1658, 0, 3
0 33 22: 1658, 1, 0
0 33 23: 1658, 9, 0
0 33 27: 325, 22, 2
0 33 28: 325, 22, 2
0 33 29: 325, 22, 1
0 33 36: 325, 22, 2
0 33 42: 1324, 10, 3
0 33 45: 1658, 0, 3
0 34 23: 1658, 1, 0
0 34 24: 1658, 9, 0
0 34 26: 1323, 10, 1
0 34 28: 326, 22, 3
0 34 29: 325, 22, 0
0 34 35: 325, 22, 3
0 34 36: 325, 22, 0
0 34 37: 325, 22, 0
0 34 38: 326, 22, 0
0 34 38: 1168, 10, 1
0 34 44: 1325, 10, 2
0 34 45: 1658, 9, 2
0 34 46: 1658, 1, 2
0 35 24: 1658, 0, 1
0 35 25: 197, 4, 3
0 35 25: 325, 22, 1
0 35 27: 325, 22, 3
0 35 28: 325, 22, 0
0 35 29: 1325, 10, 2
0 35 36: 325, 22, 1
0 35 37: 326, 22, 1
0 35 37: 1167, 10, 2
0 35 38: 325, 22, 3
0 35 39: 325, 22, 0
0 35 42: 1325, 10, 1
0 35 45: 872, 10, 0
0 35 46: 1658, 0, 3
0 36 24: 1658, 0, 1
0 36 25: 326, 22, 2
0 36 25: 1325, 10, 0
0 36 26: 325, 22, 0
0 36 29: 325, 22, 1
0 36 30: 325, 22, 2
0 36 36: 325, 22, 2
0 36 45: 1658, 9, 3
0 36 46: 1658, 1, 3
0 37 24: 1658, 0, 1
0 37 25: 197, 4, 3
0 37 25: 325, 22, 3
0 37 26: 325, 22, 3
0 37 27: 1324, 10, 2
0 37 28: 325, 22, 3
0 37 29: 326, 22, 2
0 37 44: 1624, 0, 0
0 37 45: 1658, 0, 3
0 38 23: 1658, 1, 1
0 38 24: 325, 22, 1
0 38 24: 1658, 9, 1
0 38 25: 326, 22, 1
0 38 26: 325, 22, 0
0 38 28: 325, 22, 3
0 38 45: 1658, 0, 3
0 39 22: 1658, 1, 1
0 39 23: 1658, 9, 1
0 39 24: 325, 22, 0
0 39 25: 326, 22, 2
0 39 26: 325, 22, 3
0 39 44: 1626, 0, 2
0 39 45: 1658, 0, 3
0 40 21: 1658, 1, 1
0 40 22: 1658, 9, 1
0 40 23: 325, 22, 0
0 40 24: 325, 22, 3
0 40 24: 1325, 10, 2
0 40 25: 325, 22, 2
0 40 45: 1658, 9, 2
0 40 46: 1658, 1, 2
0 41 21: 1658, 0, 1
0 41 22: 324, 22, 2
0 41 22: 706, 4, 3
0 41 23: 325, 22, 0
0 41 25: 654, 22, 1
0 41 26: 652, 22, 2
0 41 30: 1167, 10, 1
0 41 43: 197, 4, 2
0 41 45: 872, 10, 0
0 41 46: 1658, 0, 3
0 42 21: 1658, 0, 1
0 42 22: 326, 22, 3
0 42 22: 668, 10, 0
0 42 22: 705, 4, 3
0 42 23: 325, 22, 3
0 42 29: 1168, 10, 2
0 42 42: 1658, 9, 3
0 42 43: 1658, 0, 0
0 42 44: 1658, 0, 0
0 42 45: 1658, 0, 0
0 42 46: 1658, 1, 3
0 43 21: 1658, 1, 0
0 43 22: 706, 7, 0
0 43 22: 1658, 9, 0
0 43 23: 325, 22, 3
0 43 23: 1325, 10, 0
0 43 24: 325, 22, 0
0 43 26: 1325, 10, 1
0 43 41: 1658, 9, 3
0 43 42: 1658, 1, 3
0 44 22: 1658, 1, 0
0 44 23: 324, 22, 0
0 44 23: 705, 7, 0
0 44 23: 1658, 9, 0
0 44 24: 325, 22, 1
0 44 24: 1324, 10, 3
0 44 25: 654, 22, 0
0 44 26: 652, 22, 1
0 44 40: 197, 4, 1
0 44 41: 1658, 0, 3
0 45 23: 1658, 1, 0
0 45 24: 705, 7, 0
0 45 24: 1658, 9, 0
0 45 25: 197, 4, 2
0 45 25: 325, 22, 2
0 45 25: 668, 10, 3
0 45 26: 325, 22, 3
0 45 29: 1167, 10, 0
0 45 40: 1624, 0, 0
0 45 41: 1658, 0, 3
0 46 24: 1658, 1, 0
0 46 25: 1659, 2, 0
0 46 26: 197, 4, 3
0 46 26: 326, 22, 1
0 46 27: 325, 22, 0
0 46 29: 652, 22, 1
0 46 40: 1324, 10, 3
0 46 40: 1626, 0, 3
0 46 41: 1658, 0, 3
0 47 25: 1658, 0, 1
0 47 26: 326, 22, 2
0 47 26: 706, 4, 3
0 47 27: 324, 22, 0
0 47 28: 325, 22, 2
0 47 40: 197, 4, 1
0 47 40: 1626, 0, 3
0 47 41: 1658, 0, 3
0 48 25: 1658, 1, 0
0 48 26: 706, 7, 0
0 48 26: 1658, 9, 0
0 48 27: 197, 4, 2
0 48 27: 326, 22, 2
0 48 28: 324, 22, 1
0 48 29: 325, 22, 2
0 48 38: 1324, 10, 2
0 48 40: 1658, 9, 3
0 48 41: 1658, 1, 3
0 49 26: 1658, 1, 0
0 49 27: 1659, 2, 0
0 49 28: 197, 4, 3
0 49 28: 324, 22, 0
0 49 29: 724, 10, 3
0 49 37: 724, 10, 3
0 49 39: 1659, 2, 3
0 49 40: 1658, 1, 3
0 50 27: 1658, 1, 0
0 50 28: 705, 7, 0
0 50 28: 1658, 9, 0
0 50 29: 324, 22, 0
0 50 38: 1658, 9, 3
0 50 39: 1658, 1, 3
0 51 28: 1658, 1, 0
0 51 29: 705, 7, 0
0 51 29: 1658, 9, 0
0 51 31: 724, 10, 3
0 51 35: 724, 10, 3
0 51 37: 1658, 9, 3
0 51 38: 1658, 1, 3
0 52 29: 1658, 1, 0
0 52 30: 1658, 9, 0
0 52 36: 1658, 9, 3
0 52 37: 1658, 1, 3
0 53 30: 1658, 1, 0
0 53 31: 1659, 2, 0
0 53 35: 1659, 2, 3
0 53 36: 1658, 1, 3
0 54 31: 1658, 0, 1
0 54 35: 1658, 0, 3
0 55 31: 1881, 0, 1
0 55 35: 1880, 0, 3
0 56 31: 1880, 0, 1
0 56 35: 1881, 0, 3
0 57 31: 1658, 0, 1
0 57 35: 1658, 0, 3
0 58 31: 1881, 0, 1
0 58 35: 1880, 0, 3
0 59 31: 1880, 0, 1
0 59 35: 1881, 0, 3
0 60 31: 1658, 0, 1
0 60 35: 1658, 0, 3
0 61 31: 1881, 0, 1
0 61 35: 1880, 0, 3
0 62 31: 1880, 0, 1
0 62 35: 1881, 0, 3
0 63 31: 1658, 0, 1
0 63 35: 1658, 0, 3
1 0 26: 325, 22, 2
1 0 27: 325, 22, 3
1 0 28: 325, 22, 0
1 0 29: 324, 22, 3
1 0 30: 325, 22, 3
1 0 31: 325, 22, 0
1 0 33: 325, 22, 0
1 0 34: 325, 22, 1
1 0 44: 325, 22, 1
1 1 26: 326, 22, 2
1 1 38: 325, 22, 2
1 1 41: 325, 22, 3
1 1 43: 325, 22, 3
1 1 44: 324, 22, 1
1 1 45: 325, 22, 0
1 1 48: 325, 22, 0
1 1 52: 325, 22, 2
1 1 54: 325, 22, 3
1 1 55: 325, 22, 1
1 1 56: 326, 22, 3
1 1 62: 325, 22, 2
1 2 44: 325, 22, 3
1 2 45: 325, 22, 0
1 2 46: 325, 22, 2
1 2 47: 325, 22, 1
1 2 62: 325, 22, 3
1 3 45: 325, 22, 1
1 3 46: 326, 22, 0
1 3 62: 326, 22, 1
1 3 63: 325, 22, 1
1 4 6: 326, 22, 3
1 4 62: 325, 22, 3
1 5 62: 325, 22, 2
1 5 63: 325, 22, 0
1 6 31: 326, 22, 0
1 6 32: 325, 22, 3
1 6 33: 326, 22, 0
1 7 32: 325, 22, 2
1 7 38: 325, 22, 2
1 8 10: 326, 22, 1
1 8 38: 326, 22, 0
1 8 39: 325, 22, 1
1 9 14: 1559, 10, 2
1 9 20: 325, 22, 2
1 9 22: 325, 22, 3
1 9 23: 326, 22, 2
1 9 38: 324, 22, 2
1 9 39: 325, 22, 0
1 9 61: 325, 22, 0
1 9 62: 325, 22, 1
1 10 23: 325, 22, 1
1 10 61: 324, 22, 1
1 10 62: 326, 22, 3
1 10 63: 325, 22, 3
1 11 20: 325, 22, 3
1 11 21: 325, 22, 1
1 11 61: 325, 22, 3
1 11 62: 325, 22, 2
1 12 19: 325, 22, 2
1 12 20: 326, 22, 0
1 12 21: 325, 22, 1
1 12 22: 325, 22, 1
1 12 61: 325, 22, 1
1 14 10: 326, 22, 0
1 14 43: 325, 22, 3
1 15 42: 324, 22, 3
1 15 43: 325, 22, 3
1 15 44: 325, 22, 2
1 15 56: 325, 22, 3
1 16 41: 325, 22, 1
1 16 42: 325, 22, 0
1 16 43: 325, 22, 1
1 16 44: 325, 22, 0
1 16 45: 326, 22, 1
1 16 53: 325, 22, 0
1 16 54: 325, 22, 1
1 16 56: 325, 22, 2
1 16 57: 326, 22, 2
1 16 58: 325, 22, 3
1 17 14: 325, 22, 3
1 17 15: 325, 22, 3
1 17 16: 326, 22, 2
1 17 17: 325, 22, 1
1 17 26: 325, 22, 2
1 17 27: 326, 22, 1
1 17 28: 325, 22, 0
1 17 30: 325, 22, 2
1 17 39: 325, 22, 2
1 17 44: 326, 22, 1
1 17 54: 326, 22, 0
1 17 55: 325, 22, 3
1 17 56: 325, 22, 1
1 17 57: 325, 22, 0
1 17 58: 325, 22, 1
1 18 16: 325, 22, 0
1 18 17: 325, 22, 1
1 18 27: 325, 22, 1
1 18 31: 325, 22, 1
1 18 33: 325, 22, 0
1 18 38: 325, 22, 1
1 18 39: 326, 22, 2
1 18 40: 325, 22, 2
1 18 42: 325, 22, 3
1 18 43: 325, 22, 2
1 18 55: 325, 22, 2
1 18 56: 325, 22, 0
1 18 57: 326, 22, 0
1 18 58: 325, 22, 2
1 19 30: 325, 22, 2
1 19 31: 325, 22, 0
1 19 32: 325, 22, 0
1 19 39: 325, 22, 3
1 19 41: 325, 22, 3
1 19 42: 325, 22, 1
1 19 56: 325, 22, 0
1 19 57: 325, 22, 3
1 20 22: 325, 22, 2
1 20 30: 325, 22, 3
1 20 31: 325, 22, 0
1 20 40: 325, 22, 0
1 20 41: 326, 22, 1
1 21 17: 325, 22, 3
1 21 26: 325, 22, 1
1 21 27: 325, 22, 0
1 21 33: 325, 22, 2
1 21 59: 325, 22, 3
1 21 60: 325, 22, 2
1 22 17: 325, 22, 2
1 22 22: 325, 22, 0
1 22 25: 325, 22, 2
1 22 26: 326, 22, 2
1 22 27: 325, 22, 3
1 22 32: 325, 22, 1
1 22 33: 326, 22, 2
1 22 58: 325, 22, 0
1 22 59: 326, 22, 0
1 22 60: 325, 22, 1
1 23 17: 324, 22, 1
1 23 21: 325, 22, 1
1 23 22: 326, 22, 0
1 23 23: 325, 22, 3
1 23 25: 325, 22, 0
1 23 26: 325, 22, 1
1 23 27: 325, 22, 1
1 23 30: 325, 22, 0
1 23 31: 325, 22, 1
1 23 32: 325, 22, 0
1 23 33: 325, 22, 0
1 23 55: 325, 22, 2
1 23 56: 325, 22, 3
1 23 59: 325, 22, 0
1 24 16: 325, 22, 2
1 24 17: 325, 22, 1
1 24 18: 325, 22, 1
1 24 22: 325, 22, 2
1 24 25: 325, 22, 3
1 24 26: 326, 22, 3
1 24 30: 325, 22, 0
1 24 31: 326, 22, 2
1 24 32: 325, 22, 3
1 24 33: 326, 22, 0
1 24 53: 325, 22, 2
1 24 55: 325, 22, 1
1 24 56: 326, 22, 3
1 24 57: 325, 22, 3
1 25 26: 325, 22, 3
1 25 27: 325, 22, 2
1 25 30: 325, 22, 3
1 25 41: 326, 22, 3
1 25 52: 326, 22, 2
1 25 53: 325, 22, 1
1 25 55: 325, 22, 0
1 25 56: 325, 22, 3
1 25 57: 325, 22, 2
1 26 18: 325, 22, 3
1 26 26: 325, 22, 2
1 26 27: 325, 22, 1
1 26 28: 325, 22, 1
1 26 42: 325, 22, 1
1 26 52: 324, 22, 3
1 26 55: 325, 22, 0
1 26 56: 326, 22, 3
1 26 57: 325, 22, 2
1 27 17: 325, 22, 3
1 27 18: 326, 22, 1
1 27 27: 326, 22, 3
1 27 28: 325, 22, 0
1 27 43: 325, 22, 1
1 27 52: 325, 22, 3
1 27 53: 325, 22, 0
1 27 56: 325, 22, 1
1 28 18: 325, 22, 2
1 28 43: 325, 22, 2
1 28 53: 325, 22, 2
1 28 54: 325, 22, 1
1 29 18: 325, 22, 0
1 29 43: 325, 22, 1
1 29 44: 326, 22, 2
1 29 53: 325, 22, 2
1 29 54: 325, 22, 1
1 30 17: 325, 22, 3
1 30 43: 325, 22, 0
1 30 44: 325, 22, 3
1 30 45: 325, 22, 2
1 30 54: 325, 22, 1
1 30 55: 325, 22, 0
1 31 16: 325, 22, 0
1 31 17: 326, 22, 3
1 31 19: 325, 22, 1
1 31 46: 325, 22, 1
1 31 52: 325, 22, 0
1 31 54: 325, 22, 3
1 32 17: 325, 22, 1
1 32 19: 325, 22, 2
1 32 20: 326, 22, 2
1 32 46: 326, 22, 1
1 32 47: 325, 22, 0
1 32 48: 325, 22, 0
1 32 49: 325, 22, 1
1 32 51: 325, 22, 0
1 32 52: 326, 22, 1
1 32 53: 325, 22, 3
1 33 19: 325, 22, 3
1 33 20: 325, 22, 0
1 33 21: 325, 22, 2
1 33 47: 325, 22, 3
1 33 48: 325, 22, 3
1 33 51: 325, 22, 1
1 33 52: 325, 22, 2
1 34 19: 325, 22, 3
1 34 21: 325, 22, 2
1 34 47: 325, 22, 2
1 34 48: 325, 22, 3
1 34 50: 325, 22, 1
1 34 51: 325, 22, 3
1 35 17: 325, 22, 2
1 35 18: 325, 22, 1
1 35 19: 326, 22, 2
1 35 20: 325, 22, 0
1 35 23: 325, 22, 0
1 35 49: 325, 22, 3
1 35 50: 325, 22, 2
1 35 51: 325, 22, 1
1 35 52: 325, 22, 2
1 36 19: 325, 22, 1
1 36 22: 325, 22, 3
1 36 23: 324, 22, 0
1 36 47: 324, 22, 0
1 36 48: 325, 22, 1
1 36 50: 325, 22, 2
1 36 54: 325, 22, 0
1 36 55: 325, 22, 3
1 36 56: 325, 22, 2
1 37 19: 325, 22, 0
1 37 22: 325, 22, 3
1 37 23: 326, 22, 3
1 37 47: 325, 22, 2
1 37 48: 326, 22, 3
1 37 49: 325, 22, 0
1 37 54: 325, 22, 0
1 37 55: 326, 22, 2
1 37 56: 325, 22, 2
1 38 18: 325, 22, 1
1 38 19: 326, 22, 0
1 38 20: 325, 22, 2
1 38 22: 325, 22, 2
1 38 46: 326, 22, 2
1 38 47: 325, 22, 3
1 38 48: 325, 22, 0
1 38 54: 325, 22, 1
1 38 55: 325, 22, 1
1 39 18: 325, 22, 0
1 39 19: 325, 22, 1
1 39 47: 325, 22, 1
1 40 17: 325, 22, 0
1 40 18: 324, 22, 3
1 41 17: 325, 22, 3
1 41 18: 325, 22, 2
1 41 19: 325, 22, 1
1 41 20: 325, 22, 3
1 41 48: 325, 22, 3
1 41 49: 325, 22, 3
1 41 50: 325, 22, 2
1 42 19: 325, 22, 1
1 42 20: 326, 22, 0
1 42 48: 325, 22, 3
1 42 49: 326, 22, 1
1 42 50: 325, 22, 1
1 43 19: 325, 22, 0
1 43 20: 325, 22, 0
1 43 43: 326, 22, 0
1 43 44: 325, 22, 1
1 43 45: 325, 22, 1
1 43 46: 325, 22, 0
1 43 48: 325, 22, 0
1 43 50: 325, 22, 1
1 44 42: 325, 22, 3
1 44 43: 325, 22, 0
1 44 44: 325, 22, 2
1 44 48: 325, 22, 1
1 45 17: 325, 22, 2
1 45 18: 325, 22, 2
1 45 19: 325, 22, 2
1 45 21: 325, 22, 2
1 45 22: 324, 22, 2
1 46 16: 325, 22, 1
1 46 18: 325, 22, 1
1 46 19: 325, 22, 0
1 46 21: 325, 22, 1
1 46 22: 325, 22, 0
1 46 23: 326, 22, 0
1 46 42: 325, 22, 3
1 47 17: 325, 22, 1
1 47 24: 325, 22, 3
1 47 42: 326, 22, 3
1 47 43: 325, 22, 3
1 48 42: 325, 22, 2
1 48 43: 325, 22, 2
1 48 45: 325, 22, 3
1 48 46: 325, 22, 2
1 48 47: 325, 22, 0
1 49 21: 325, 22, 1
1 49 22: 325, 22, 2
1 49 24: 325, 22, 2
1 49 25: 326, 22, 1
1 49 42: 325, 22, 1
1 49 44: 325, 22, 0
1 49 45: 325, 22, 1
1 49 46: 326, 22, 2
1 49 47: 325, 22, 1
1 50 21: 325, 22, 1
1 50 22: 326, 22, 2
1 50 23: 325, 22, 3
1 50 25: 325, 22, 1
1 50 26: 325, 22, 0
1 50 40: 326, 22, 1
1 50 41: 325, 22, 0
1 50 46: 325, 22, 3
1 51 21: 325, 22, 0
1 51 27: 325, 22, 2
1 51 40: 325, 22, 1
1 52 26: 326, 22, 3
1 52 27: 325, 22, 1
1 52 28: 325, 22, 1
1 52 39: 324, 22, 2
1 52 40: 325, 22, 0
1 52 41: 325, 22, 3
1 53 26: 325, 22, 2
1 53 28: 324, 22, 2
1 53 29: 325, 22, 0
1 53 38: 326, 22, 0
1 53 39: 325, 22, 3
1 53 41: 325, 22, 1
1 53 42: 325, 22, 0
1 54 26: 325, 22, 2
1 54 28: 325, 22, 2
1 54 29: 325, 22, 3
1 54 30: 326, 22, 0
1 54 37: 325, 22, 1
1 54 38: 325, 22, 2
1 54 40: 325, 22, 1
1 54 41: 325, 22, 3
1 54 42: 325, 22, 3
1 55 30: 325, 22, 2
1 55 36: 326, 22, 1
1 55 37: 325, 22, 2
1 55 42: 325, 22, 2
1 56 27: 325, 22, 3
1 56 28: 325, 22, 0
1 56 30: 325, 22, 1
1 56 36: 324, 22, 3
1 56 37: 325, 22, 2
1 56 38: 325, 22, 1
1 56 39: 325, 22, 2
1 56 40: 325, 22, 3
1 56 41: 325, 22, 0
1 57 26: 325, 22, 1
1 57 27: 325, 22, 3
1 57 28: 326, 22, 2
1 57 29: 325, 22, 2
1 57 36: 326, 22, 2
1 57 37: 325, 22, 1
1 57 40: 325, 22, 2
1 57 41: 326, 22, 3
1 57 42: 325, 22, 3
1 58 24: 325, 22, 0
1 58 25: 325, 22, 0
1 58 27: 325, 22, 3
1 58 30: 325, 22, 2
1 58 36: 325, 22, 3
1 58 37: 325, 22, 0
1 58 40: 325, 22, 1
1 58 41: 325, 22, 1
1 59 24: 325, 22, 0
1 59 25: 325, 22, 0
1 59 26: 325, 22, 3
1 59 28: 325, 22, 3
1 59 29: 325, 22, 1
1 59 30: 324, 22, 1
1 59 36: 325, 22, 0
1 59 42: 325, 22, 0
1 60 30: 325, 22, 0
1 60 36: 324, 22, 0
1 60 37: 325, 22, 3
1 61 29: 325, 22, 0
1 61 30: 326, 22, 3
1 61 36: 326, 22, 1
1 61 37: 325, 22, 3
1 61 38: 325, 22, 1
1 61 39: 325, 22, 0
1 61 40: 325, 22, 3
1 62 29: 325, 22, 3
1 62 30: 325, 22, 2
1 62 36: 325, 22, 2
1 62 37: 325, 22, 2
1 62 39: 326, 22, 2
1 62 40: 325, 22, 3
