0 0 7: 1286, 10, 1
0 0 63: 319, 22, 0
0 1 8: 1282, 10, 0
0 1 9: 1246, 22, 2
0 1 10: 1246, 22, 2
0 1 10: 1282, 10, 1
0 1 11: 1282, 10, 3
0 1 15: 1181, 11, 2
0 1 16: 1181, 10, 3
0 1 52: 1257, 22, 0
0 1 53: 1257, 22, 1
0 1 54: 1257, 22, 3
0 1 55: 1257, 22, 2
0 1 56: 319, 22, 0
0 1 63: 320, 22, 0
0 2 2: 1286, 10, 0
0 2 5: 1247, 22, 0
0 2 7: 1247, 22, 3
0 2 7: 1282, 10, 2
0 2 9: 1247, 22, 0
0 2 11: 1247, 22, 1
0 2 12: 1122, 10, 0
0 2 12: 1247, 22, 2
0 2 14: 1181, 10, 3
0 2 15: 1181, 10, 2
0 2 16: 1181, 11, 1
0 2 18: 1282, 10, 1
0 2 19: 1246, 22, 2
0 2 38: 1247, 22, 3
0 2 40: 1246, 22, 0
0 2 42: 1286, 10, 3
0 2 44: 1163, 10, 0
0 2 48: 1282, 10, 1
0 2 50: 1246, 22, 2
0 2 51: 1257, 22, 3
0 2 52: 1257, 22, 0
0 2 53: 1259, 22, 2
0 2 54: 1258, 22, 1
0 2 56: 320, 22, 0
0 2 57: 85, 9, 3
0 2 58: 85, 0, 0
0 2 59: 85, 0, 0
0 2 60: 85, 0, 0
0 2 61: 85, 9, 0
0 2 63: 321, 22, 0
0 3 3: 1282, 10, 2
0 3 8: 1282, 10, 2
0 3 9: 1246, 22, 1
0 3 10: 1282, 10, 2
0 3 12: 1246, 22, 0
0 3 18: 1246, 22, 3
0 3 19: 1282, 10, 3
0 3 20: 1246, 22, 2
0 3 22: 1286, 10, 2
0 3 27: 1247, 22, 1
0 3 27: 1282, 10, 1
0 3 29: 1246, 22, 3
0 3 34: 1282, 10, 0
0 3 35: 1246, 22, 3
0 3 48: 1246, 22, 3
0 3 51: 1257, 22, 2
0 3 52: 1259, 22, 1
0 3 53: 1259, 22, 0
0 3 55: 321, 22, 0
0 3 57: 85, 0, 3
0 3 61: 85, 0, 1
0 4 3: 1282, 10, 2
0 4 4: 1282, 10, 1
0 4 6: 1246, 22, 0
0 4 7: 1282, 10, 3
0 4 9: 1247, 22, 0
0 4 10: 1247, 22, 3
0 4 17: 1247, 22, 1
0 4 17: 1282, 10, 1
0 4 18: 1247, 22, 0
0 4 19: 1282, 10, 0
0 4 23: 1246, 22, 3
0 4 28: 1247, 22, 0
0 4 34: 1246, 22, 2
0 4 36: 1247, 22, 0
0 4 50: 1257, 22, 2
0 4 51: 1257, 22, 1
0 4 52: 1257, 22, 1
0 4 53: 1259, 22, 0
0 4 56: 85, 9, 3
0 4 61: 85, 0, 1
0 4 63: 319, 22, 0
0 5 4: 1246, 22, 3
0 5 8: 1247, 22, 1
0 5 9: 1247, 22, 0
0 5 17: 1247, 22, 2
0 5 18: 1282, 10, 0
0 5 20: 1246, 22, 1
0 5 27: 1246, 22, 0
0 5 40: 1282, 10, 1
0 5 42: 1246, 22, 0
0 5 47: 1286, 10, 3
0 5 49: 1257, 22, 0
0 5 50: 1257, 22, 1
0 5 51: 1257, 22, 3
0 5 54: 321, 22, 0
0 5 56: 85, 0, 3
0 5 61: 85, 9, 1
0 6 0: 1286, 10, 0
0 6 7: 1122, 10, 3
0 6 7: 1247, 22, 2
0 6 12: 1282, 10, 0
0 6 13: 1246, 22, 0
0 6 16: 1163, 10, 0
0 6 18: 1247, 22, 2
0 6 34: 1286, 10, 3
0 6 40: 1246, 22, 1
0 6 47: 1257, 22, 1
0 6 48: 1257, 22, 3
0 6 49: 1247, 22, 2
0 6 52: 319, 22, 0
0 6 53: 320, 22, 0
0 6 55: 85, 9, 3
0 6 60: 85, 0, 1
0 6 62: 320, 22, 0
0 7 3: 1341, 10, 1
0 7 8: 1246, 22, 1
0 7 13: 1247, 22, 0
0 7 40: 1257, 22, 0
0 7 42: 1257, 22, 1
0 7 43: 1122, 10, 3
0 7 46: 1257, 22, 0
0 7 49: 321, 22, 0
0 7 50: 320, 22, 0
0 7 54: 85, 9, 3
0 7 60: 85, 9, 1
0 7 61: 321, 22, 0
0 7 63: 1257, 22, 1
0 8 1: 1248, 22, 1
0 8 10: 1286, 10, 3
0 8 24: 1247, 22, 3
0 8 25: 1122, 10, 1
0 8 26: 1246, 22, 0
0 8 33: 1247, 22, 3
0 8 38: 1257, 22, 2
0 8 39: 1257, 22, 1
0 8 40: 1257, 22, 2
0 8 41: 1257, 22, 2
0 8 42: 1257, 22, 2
0 8 43: 1257, 22, 0
0 8 44: 1246, 22, 3
0 8 47: 320, 22, 0
0 8 48: 319, 22, 0
0 8 51: 85, 9, 3
0 8 52: 85, 0, 0
0 8 53: 85, 0, 0
0 8 59: 85, 9, 3
0 8 62: 1257, 22, 1
0 8 63: 1257, 22, 3
0 9 21: 1286, 10, 0
0 9 25: 1247, 22, 2
0 9 26: 1247, 22, 2
0 9 27: 1341, 10, 0
0 9 32: 1122, 10, 0
0 9 33: 1247, 22, 1
0 9 37: 1257, 22, 0
0 9 38: 1257, 22, 2
0 9 39: 1259, 22, 3
0 9 40: 1257, 22, 1
0 9 40: 1341, 10, 1
0 9 41: 1257, 22, 3
0 9 43: 321, 22, 0
0 9 44: 320, 22, 0
0 9 45: 319, 22, 0
0 9 46: 321, 22, 0
0 9 48: 85, 9, 3
0 9 49: 85, 0, 0
0 9 50: 85, 0, 0
0 9 58: 85, 9, 3
0 9 62: 1257, 22, 0
0 9 63: 1257, 22, 1
0 10 4: 1282, 10, 3
0 10 5: 1246, 22, 1
0 10 8: 1248, 22, 1
0 10 21: 180, 22, 1
0 10 28: 1247, 22, 1
0 10 31: 1247, 22, 0
0 10 32: 1247, 22, 1
0 10 35: 1257, 22, 2
0 10 36: 1257, 22, 2
0 10 37: 1257, 22, 1
0 10 38: 1257, 22, 3
0 10 39: 1258, 22, 2
0 10 41: 320, 22, 0
0 10 42: 319, 22, 0
0 10 45: 85, 9, 3
0 10 46: 85, 0, 0
0 10 47: 85, 0, 0
0 10 58: 85, 0, 3
0 10 59: 319, 22, 0
0 10 61: 1257, 22, 3
0 10 62: 1257, 22, 2
0 11 1: 1341, 10, 2
0 11 13: 1122, 10, 2
0 11 14: 1246, 22, 0
0 11 17: 1247, 22, 0
0 11 28: 1282, 10, 3
0 11 29: 1247, 22, 3
0 11 33: 1257, 22, 2
0 11 34: 1257, 22, 3
0 11 35: 1257, 22, 0
0 11 36: 1257, 22, 3
0 11 38: 320, 22, 0
0 11 39: 319, 22, 0
0 11 40: 321, 22, 0
0 11 42: 85, 9, 3
0 11 43: 85, 0, 0
0 11 44: 85, 0, 0
0 11 57: 85, 9, 3
0 11 60: 1257, 22, 1
0 11 61: 1257, 22, 0
0 11 62: 1257, 22, 2
0 12 12: 1247, 22, 2
0 12 14: 1247, 22, 0
0 12 16: 1282, 10, 1
0 12 24: 1278, 11, 0
0 12 27: 1247, 22, 2
0 12 28: 1247, 22, 2
0 12 31: 320, 22, 0
0 12 32: 319, 22, 0
0 12 35: 320, 22, 0
0 12 36: 320, 22, 0
0 12 37: 321, 22, 0
0 12 40: 85, 9, 3
0 12 41: 85, 0, 0
0 12 56: 85, 9, 3
0 12 60: 1258, 22, 2
0 12 61: 1257, 22, 0
0 12 62: 447, 10, 0
0 12 62: 1257, 22, 3
0 13 1: 1286, 10, 2
0 13 6: 1122, 10, 1
0 13 7: 1246, 22, 1
0 13 16: 1247, 22, 1
0 13 17: 1246, 22, 0
0 13 22: 1341, 10, 3
0 13 23: 1257, 22, 0
0 13 24: 1257, 22, 1
0 13 28: 319, 22, 0
0 13 30: 321, 22, 0
0 13 34: 321, 22, 0
0 13 38: 85, 9, 3
0 13 39: 85, 0, 0
0 13 53: 85, 0, 2
0 13 54: 85, 9, 3
0 13 55: 85, 0, 0
0 13 57: 320, 22, 0
0 13 59: 1258, 22, 3
0 13 60: 1257, 22, 3
0 13 61: 444, 10, 3
0 13 61: 1257, 22, 3
0 14 10: 1286, 10, 2
0 14 21: 1257, 22, 1
0 14 22: 1257, 22, 3
0 14 23: 1257, 22, 0
0 14 26: 320, 22, 0
0 14 28: 85, 9, 1
0 14 29: 85, 0, 0
0 14 30: 85, 0, 0
0 14 31: 85, 0, 0
0 14 32: 85, 0, 0
0 14 33: 85, 0, 0
0 14 34: 85, 0, 0
0 14 35: 85, 0, 0
0 14 36: 85, 0, 0
0 14 37: 85, 0, 0
0 14 49: 85, 0, 2
0 14 50: 85, 0, 2
0 14 51: 85, 0, 2
0 14 52: 85, 9, 1
0 14 54: 321, 22, 0
0 14 55: 319, 22, 0
0 14 56: 321, 22, 0
0 14 58: 1257, 22, 2
0 14 59: 1257, 22, 3
0 14 60: 447, 10, 2
0 14 60: 1257, 22, 1
0 14 61: 1257, 22, 0
0 14 63: 447, 10, 3
0 15 20: 1257, 22, 0
0 15 22: 1246, 22, 1
0 15 23: 1257, 22, 2
0 15 24: 321, 22, 0
0 15 27: 85, 9, 1
0 15 47: 85, 0, 2
0 15 48: 85, 9, 1
0 15 50: 320, 22, 0
0 15 52: 319, 22, 0
0 15 53: 320, 22, 0
0 15 55: 1257, 22, 3
0 15 56: 1258, 22, 0
0 15 57: 1257, 22, 2
0 15 58: 1257, 22, 0
0 15 58: 1298, 10, 3
0 15 59: 1257, 22, 3
0 15 60: 1257, 22, 2
0 16 0: 980, 0, 2
0 16 1: 980, 0, 2
0 16 2: 980, 0, 2
0 16 3: 980, 0, 2
0 16 4: 980, 0, 2
0 16 5: 980, 0, 2
0 16 6: 980, 0, 2
0 16 7: 980, 0, 2
0 16 8: 980, 0, 2
0 16 9: 980, 0, 2
0 16 10: 980, 0, 2
0 16 11: 980, 0, 2
0 16 12: 980, 0, 2
0 16 13: 980, 0, 2
0 16 14: 980, 0, 2
0 16 15: 980, 0, 2
0 16 16: 980, 0, 2
0 16 17: 980, 0, 2
0 16 18: 980, 1, 2
0 16 20: 1257, 22, 0
0 16 21: 1258, 22, 3
0 16 22: 1257, 22, 2
0 16 23: 1257, 22, 1
0 16 25: 85, 9, 3
0 16 26: 85, 0, 0
0 16 35: 85, 0, 2
0 16 36: 85, 0, 2
0 16 37: 85, 0, 2
0 16 38: 85, 0, 2
0 16 39: 85, 0, 2
0 16 45: 85, 0, 2
0 16 46: 85, 9, 1
0 16 49: 321, 22, 0
0 16 52: 1257, 22, 3
0 16 53: 1257, 22, 0
0 16 54: 1257, 22, 0
0 16 55: 1257, 22, 3
0 16 56: 1257, 22, 0
0 16 57: 1257, 22, 1
0 16 58: 1257, 22, 3
0 16 59: 445, 10, 2
0 16 61: 447, 10, 0
0 16 61: 1245, 22, 2
0 16 62: 447, 10, 1
0 17 18: 980, 9, 2
0 17 19: 980, 1, 2
0 17 19: 1257, 22, 3
0 17 20: 1257, 22, 1
0 17 21: 1257, 22, 1
0 17 22: 1257, 22, 0
0 17 24: 85, 9, 3
0 17 33: 85, 0, 2
0 17 34: 85, 9, 1
0 17 40: 85, 9, 2
0 17 41: 85, 0, 2
0 17 42: 85, 0, 2
0 17 43: 85, 0, 2
0 17 44: 85, 9, 1
0 17 46: 320, 22, 0
0 17 47: 320, 22, 3
0 17 51: 1258, 22, 3
0 17 52: 1257, 22, 1
0 17 53: 1257, 22, 2
0 17 54: 1257, 22, 0
0 17 55: 1257, 22, 3
0 17 56: 1257, 22, 2
0 17 57: 1257, 22, 1
0 17 58: 1257, 22, 2
0 18 17: 1257, 22, 1
0 18 19: 980, 9, 2
0 18 19: 1257, 22, 2
0 18 20: 980, 1, 2
0 18 20: 1257, 22, 0
0 18 21: 1257, 22, 3
0 18 23: 85, 9, 3
0 18 31: 85, 0, 2
0 18 32: 85, 9, 1
0 18 35: 320, 22, 3
0 18 36: 320, 22, 0
0 18 37: 320, 22, 2
0 18 38: 320, 22, 1
0 18 39: 320, 22, 0
0 18 40: 320, 22, 0
0 18 41: 321, 22, 0
0 18 42: 320, 22, 0
0 18 43: 320, 22, 0
0 18 44: 320, 22, 0
0 18 45: 321, 22, 0
0 18 48: 1257, 22, 0
0 18 49: 1258, 22, 0
0 18 50: 1257, 22, 2
0 18 51: 1257, 22, 2
0 18 52: 1257, 22, 0
0 18 53: 1257, 22, 1
0 18 59: 447, 10, 3
0 19 3: 447, 10, 0
0 19 17: 1257, 22, 1
0 19 18: 1257, 22, 2
0 19 20: 980, 9, 2
0 19 22: 85, 9, 3
0 19 29: 85, 0, 2
0 19 30: 85, 9, 1
0 19 32: 320, 22, 1
0 19 33: 320, 22, 0
0 19 34: 320, 22, 0
0 19 36: 1257, 22, 2
0 19 37: 1257, 22, 1
0 19 38: 1257, 22, 0
0 19 40: 321, 22, 0
0 19 41: 320, 22, 0
0 19 44: 1257, 22, 0
0 19 45: 1257, 22, 1
0 19 46: 1258, 22, 1
0 19 47: 1257, 22, 1
0 19 48: 1257, 22, 0
0 19 49: 1257, 22, 3
0 19 50: 1257, 22, 1
0 19 51: 1257, 22, 2
0 19 56: 1189, 10, 0
0 19 62: 1189, 10, 1
0 20 7: 447, 10, 3
0 20 16: 1257, 22, 1
0 20 17: 1257, 22, 1
0 20 18: 1257, 22, 0
0 20 19: 319, 22, 0
0 20 21: 85, 9, 3
0 20 28: 85, 9, 1
0 20 30: 320, 22, 0
0 20 31: 320, 22, 2
0 20 33: 1257, 22, 0
0 20 34: 1257, 22, 2
0 20 35: 1257, 22, 1
0 20 37: 320, 22, 0
0 20 38: 319, 22, 0
0 20 41: 1258, 22, 3
0 20 42: 1258, 22, 2
0 20 43: 1257, 22, 1
0 20 44: 1257, 22, 2
0 20 45: 1257, 22, 3
0 20 46: 1257, 22, 3
0 20 47: 1258, 22, 2
0 20 48: 1257, 22, 3
0 20 49: 1257, 22, 0
0 20 51: 1276, 10, 3
0 20 52: 1247, 22, 1
0 20 60: 1189, 10, 0
0 21 3: 444, 10, 2
0 21 5: 445, 10, 1
0 21 16: 1257, 22, 3
0 21 17: 1257, 22, 1
0 21 18: 1257, 22, 2
0 21 19: 320, 22, 0
0 21 21: 85, 0, 3
0 21 27: 85, 0, 1
0 21 29: 321, 22, 0
0 21 31: 1257, 22, 0
0 21 32: 1258, 22, 2
0 21 33: 1257, 22, 0
0 21 34: 1257, 22, 3
0 21 35: 1257, 22, 0
0 21 36: 321, 22, 3
0 21 37: 1257, 22, 1
0 21 38: 1257, 22, 0
0 21 39: 1257, 22, 2
0 21 40: 1257, 22, 3
0 21 41: 1245, 22, 2
0 21 42: 1257, 22, 0
0 21 43: 1257, 22, 2
0 21 44: 1257, 22, 1
0 21 45: 1257, 22, 0
0 21 46: 1257, 22, 3
0 21 47: 1189, 10, 2
0 21 47: 1257, 22, 2
0 21 49: 1189, 10, 0
0 21 51: 1247, 22, 2
0 21 52: 1246, 22, 0
0 22 1: 447, 10, 1
0 22 8: 447, 10, 2
0 22 16: 1257, 22, 0
0 22 17: 1258, 22, 0
0 22 18: 1257, 22, 3
0 22 19: 320, 22, 0
0 22 21: 85, 0, 3
0 22 27: 85, 9, 1
0 22 31: 1257, 22, 2
0 22 32: 1259, 22, 3
0 22 33: 1258, 22, 1
0 22 33: 1393, 10, 3
0 22 34: 321, 22, 0
0 22 38: 1257, 22, 2
0 22 39: 1257, 22, 3
0 22 40: 1257, 22, 1
0 22 42: 1257, 22, 0
0 22 43: 1257, 22, 0
0 22 53: 1257, 22, 2
0 22 60: 1189, 10, 2
0 23 5: 444, 10, 3
0 23 17: 1257, 22, 3
0 23 18: 1257, 22, 2
0 23 21: 85, 0, 3
0 23 26: 85, 9, 1
0 23 28: 319, 22, 0
0 23 30: 1257, 22, 3
0 23 32: 1257, 22, 1
0 23 33: 1257, 22, 0
0 23 34: 321, 22, 2
0 23 44: 1299, 10, 3
0 23 49: 1189, 10, 1
0 23 52: 1257, 22, 1
0 23 53: 1257, 22, 0
0 23 54: 1257, 22, 3
0 24 3: 445, 10, 0
0 24 7: 1247, 22, 2
0 24 9: 1246, 22, 2
0 24 16: 1248, 22, 2
0 24 17: 1257, 22, 2
0 24 18: 1257, 22, 2
0 24 19: 320, 22, 0
0 24 21: 85, 0, 3
0 24 25: 85, 0, 1
0 24 27: 320, 22, 0
0 24 29: 1257, 22, 0
0 24 37: 1247, 22, 1
0 24 38: 1278, 10, 3
0 24 39: 1246, 22, 0
0 24 47: 1189, 10, 0
0 24 51: 1257, 22, 1
0 24 52: 1257, 22, 1
0 24 53: 1258, 22, 3
0 24 54: 1257, 22, 2
0 24 55: 1257, 22, 1
0 24 55: 1276, 10, 0
0 24 56: 1246, 22, 2
0 25 0: 447, 10, 0
0 25 16: 1244, 22, 2
0 25 20: 85, 9, 3
0 25 25: 85, 9, 1
0 25 26: 320, 22, 3
0 25 28: 1257, 22, 0
0 25 29: 1258, 22, 0
0 25 30: 1257, 22, 1
0 25 33: 321, 22, 1
0 25 38: 1247, 22, 1
0 25 47: 1247, 22, 0
0 25 50: 1257, 22, 2
0 25 51: 1257, 22, 0
0 25 52: 1257, 22, 2
0 25 53: 1259, 22, 3
0 25 54: 1258, 22, 2
0 25 55: 1247, 22, 2
0 26 13: 1257, 22, 3
0 26 14: 1257, 22, 2
0 26 15: 1257, 22, 1
0 26 18: 319, 22, 0
0 26 20: 85, 0, 3
0 26 25: 85, 9, 0
0 26 27: 1257, 22, 3
0 26 28: 1257, 22, 1
0 26 29: 1259, 22, 1
0 26 30: 1258, 22, 3
0 26 31: 1257, 22, 2
0 26 35: 1189, 10, 2
0 26 39: 1247, 22, 0
0 26 41: 1247, 22, 0
0 26 41: 1278, 10, 0
0 26 42: 1247, 22, 3
0 26 48: 1276, 10, 1
0 26 49: 1246, 22, 1
0 26 50: 1257, 22, 2
0 26 51: 1257, 22, 3
0 26 52: 1299, 10, 3
0 26 53: 1257, 22, 0
0 26 54: 1257, 22, 1
0 26 55: 1257, 22, 0
0 26 57: 1246, 22, 2
0 26 62: 1298, 10, 1
0 27 3: 447, 10, 1
0 27 5: 1298, 10, 0
0 27 12: 1257, 22, 0
0 27 13: 1258, 22, 1
0 27 14: 1257, 22, 0
0 27 15: 1257, 22, 2
0 27 17: 320, 22, 0
0 27 19: 85, 9, 3
0 27 25: 85, 0, 1
0 27 26: 1162, 10, 2
0 27 28: 1257, 22, 2
0 27 29: 1258, 22, 2
0 27 30: 1257, 22, 3
0 27 32: 1276, 10, 3
0 27 33: 1247, 22, 3
0 27 39: 1278, 10, 1
0 27 42: 1246, 22, 1
0 27 48: 1247, 22, 2
0 27 49: 1257, 22, 0
0 27 50: 1247, 22, 1
0 27 51: 1276, 10, 1
0 27 52: 1247, 22, 2
0 27 55: 1246, 22, 3
0 27 55: 1276, 10, 2
0 27 57: 1276, 10, 3
0 27 59: 1247, 22, 1
0 27 60: 1247, 22, 2
0 28 11: 1257, 22, 2
0 28 12: 1258, 22, 2
0 28 13: 1247, 22, 3
0 28 14: 1258, 22, 0
0 28 15: 1257, 22, 3
0 28 16: 320, 22, 0
0 28 18: 85, 9, 3
0 28 26: 85, 9, 0
0 28 29: 1257, 22, 0
0 28 32: 1247, 22, 1
0 28 33: 1246, 22, 1
0 28 36: 1189, 10, 1
0 28 39: 1247, 22, 1
0 28 40: 1247, 22, 2
0 28 44: 1247, 22, 3
0 28 45: 1247, 22, 2
0 28 48: 1257, 22, 1
0 28 49: 1257, 22, 3
0 28 52: 1247, 22, 3
0 28 54: 1265, 22, 2
0 28 56: 1265, 22, 3
0 28 57: 1247, 22, 1
0 28 58: 1247, 22, 0
0 28 59: 1276, 10, 3
0 29 11: 1257, 22, 1
0 29 12: 1257, 22, 1
0 29 13: 1258, 22, 3
0 29 13: 1278, 10, 1
0 29 14: 1247, 22, 3
0 29 15: 1257, 22, 2
0 29 16: 321, 22, 0
0 29 18: 85, 0, 3
0 29 27: 85, 9, 0
0 29 29: 1257, 22, 1
0 29 30: 1257, 22, 2
0 29 31: 1257, 22, 2
0 29 33: 1257, 22, 0
0 29 35: 1189, 10, 0
0 29 38: 1246, 22, 3
0 29 42: 1247, 22, 1
0 29 43: 1276, 10, 0
0 29 47: 1257, 22, 0
0 29 48: 1247, 22, 0
0 29 50: 1265, 22, 0
0 29 51: 1247, 22, 3
0 29 55: 1281, 10, 1
0 29 57: 1247, 22, 3
0 29 59: 1247, 22, 2
0 29 60: 1246, 22, 1
0 30 12: 1247, 22, 2
0 30 14: 1247, 22, 0
0 30 17: 85, 9, 3
0 30 21: 85, 0, 2
0 30 22: 1162, 11, 0
0 30 23: 85, 0, 2
0 30 24: 1162, 11, 0
0 30 27: 85, 0, 1
0 30 30: 1257, 22, 3
0 30 31: 1257, 22, 0
0 30 32: 1257, 22, 3
0 30 33: 1257, 22, 3
0 30 34: 1257, 22, 2
0 30 35: 1257, 22, 1
0 30 37: 1189, 10, 3
0 30 43: 1265, 22, 1
0 30 44: 1246, 22, 2
0 30 47: 1257, 22, 3
0 30 48: 1247, 22, 1
0 30 49: 1276, 10, 2
0 30 50: 1246, 22, 0
0 30 53: 1298, 10, 1
0 30 54: 1247, 22, 3
0 30 55: 1247, 22, 0
0 31 4: 1247, 22, 0
0 31 12: 1257, 22, 0
0 31 14: 1257, 22, 2
0 31 17: 85, 0, 3
0 31 20: 85, 0, 1
0 31 21: 1162, 11, 0
0 31 22: 85, 0, 0
0 31 23: 1162, 10, 3
0 31 24: 85, 9, 0
0 31 28: 85, 9, 0
0 31 30: 1257, 22, 1
0 31 31: 1257, 22, 3
0 31 32: 1257, 22, 0
0 31 33: 1189, 10, 3
0 31 33: 1257, 22, 1
0 31 34: 1258, 22, 3
0 31 35: 1257, 22, 0
0 31 39: 1247, 22, 1
0 31 39: 1278, 10, 2
0 31 40: 1247, 22, 2
0 31 46: 1257, 22, 2
0 31 47: 1257, 22, 3
0 31 48: 1257, 22, 3
0 31 49: 1247, 22, 1
0 31 51: 1247, 22, 1
0 31 52: 1276, 10, 1
0 31 53: 1247, 22, 2
0 31 57: 1247, 22, 3
0 31 58: 1247, 22, 0
0 31 60: 1281, 10, 2
0 31 62: 1247, 22, 1
0 32 4: 1276, 10, 1
0 32 5: 1247, 22, 1
0 32 12: 1257, 22, 2
0 32 13: 1257, 22, 0
0 32 14: 1257, 22, 3
0 32 15: 320, 22, 0
0 32 17: 85, 0, 3
0 32 20: 85, 9, 1
0 32 22: 1308, 11, 2
0 32 23: 1246, 22, 0
0 32 24: 1162, 10, 3
0 32 25: 85, 0, 3
0 32 28: 85, 0, 1
0 32 29: 1162, 11, 0
0 32 30: 1257, 22, 0
0 32 31: 1257, 22, 2
0 32 32: 1257, 22, 0
0 32 33: 1258, 22, 2
0 32 34: 1259, 22, 1
0 32 35: 1258, 22, 1
0 32 36: 1257, 22, 2
0 32 39: 1247, 22, 1
0 32 40: 1246, 22, 2
0 32 46: 1257, 22, 3
0 32 47: 1257, 22, 1
0 32 48: 1257, 22, 2
0 32 49: 1257, 22, 2
0 32 52: 1247, 22, 3
0 32 53: 1247, 22, 3
0 32 55: 1247, 22, 0
0 32 56: 1276, 10, 0
0 33 4: 1247, 22, 3
0 33 11: 1257, 22, 1
0 33 12: 1258, 22, 2
0 33 13: 1259, 22, 2
0 33 14: 1257, 22, 1
0 33 15: 320, 22, 1
0 33 16: 85, 9, 3
0 33 19: 85, 0, 1
0 33 20: 1162, 11, 0
0 33 22: 1247, 22, 3
0 33 23: 1247, 22, 0
0 33 25: 85, 9, 2
0 33 29: 85, 9, 0
0 33 31: 1189, 10, 2
0 33 31: 1257, 22, 1
0 33 32: 1257, 22, 1
0 33 33: 1257, 22, 3
0 33 34: 1258, 22, 1
0 33 35: 1257, 22, 3
0 33 36: 1257, 22, 2
0 33 45: 1257, 22, 1
0 33 46: 1258, 22, 1
0 33 47: 1258, 22, 1
0 33 48: 1257, 22, 0
0 33 49: 1257, 22, 1
0 33 57: 1246, 22, 0
0 33 60: 1247, 22, 3
0 33 61: 1247, 22, 0
0 33 62: 1247, 22, 0
0 34 7: 1247, 22, 1
0 34 11: 1257, 22, 0
0 34 12: 1257, 22, 3
0 34 13: 1258, 22, 3
0 34 14: 1257, 22, 2
0 34 15: 320, 22, 3
0 34 16: 85, 0, 3
0 34 20: 85, 0, 3
0 34 23: 1298, 10, 3
0 34 25: 1162, 11, 0
0 34 26: 85, 0, 3
0 34 29: 85, 0, 1
0 34 32: 1257, 22, 3
0 34 33: 1257, 22, 1
0 34 34: 1257, 22, 2
0 34 35: 1257, 22, 1
0 34 40: 1257, 22, 1
0 34 41: 1257, 22, 3
0 34 42: 1257, 22, 3
0 34 43: 1257, 22, 0
0 34 44: 1257, 22, 2
0 34 45: 1257, 22, 0
0 34 47: 1259, 22, 0
0 34 48: 1258, 22, 3
0 34 49: 1257, 22, 3
0 34 50: 1276, 10, 3
0 34 51: 1246, 22, 3
0 34 59: 1173, 10, 1
0 35 12: 1257, 22, 2
0 35 13: 1257, 22, 0
0 35 14: 1257, 22, 0
0 35 15: 320, 22, 0
0 35 16: 85, 0, 3
0 35 19: 1162, 11, 0
0 35 20: 85, 0, 3
0 35 21: 1247, 22, 1
0 35 21: 1281, 11, 2
0 35 23: 1247, 22, 2
0 35 25: 85, 0, 1
0 35 29: 85, 0, 1
0 35 30: 319, 22, 0
0 35 31: 1257, 22, 3
0 35 33: 1257, 22, 0
0 35 34: 1257, 22, 0
0 35 39: 1257, 22, 1
0 35 40: 1257, 22, 2
0 35 41: 1257, 22, 1
0 35 42: 1258, 22, 3
0 35 43: 1257, 22, 3
0 35 44: 1257, 22, 3
0 35 45: 1257, 22, 2
0 35 46: 1258, 22, 2
0 35 47: 1258, 22, 0
0 35 48: 1257, 22, 2
0 35 49: 1257, 22, 0
0 35 50: 1247, 22, 2
0 35 52: 1278, 10, 2
0 35 53: 1265, 22, 2
0 36 12: 1258, 22, 2
0 36 13: 1257, 22, 0
0 36 14: 1257, 22, 1
0 36 16: 85, 0, 3
0 36 20: 85, 0, 3
0 36 21: 1247, 22, 0
0 36 25: 85, 0, 1
0 36 29: 85, 0, 1
0 36 30: 320, 22, 2
0 36 31: 1257, 22, 3
0 36 38: 2095, 10, 0
0 36 42: 1257, 22, 2
0 36 43: 1258, 22, 0
0 36 44: 1257, 22, 0
0 36 45: 1278, 10, 3
0 36 46: 1265, 22, 1
0 36 47: 1257, 22, 0
0 36 48: 1257, 22, 1
0 36 49: 1257, 22, 3
0 36 53: 1246, 22, 2
0 37 2: 1298, 10, 1
0 37 11: 1258, 22, 0
0 37 12: 1259, 22, 1
0 37 13: 1258, 22, 3
0 37 14: 1257, 22, 1
0 37 15: 320, 22, 1
0 37 16: 85, 0, 3
0 37 20: 85, 0, 3
0 37 23: 1246, 22, 3
0 37 25: 85, 9, 1
0 37 26: 1247, 22, 2
0 37 29: 85, 0, 1
0 37 30: 321, 22, 0
0 37 31: 1257, 22, 2
0 37 37: 2095, 10, 0
0 37 38: 2095, 10, 1
0 37 43: 1257, 22, 1
0 37 44: 1257, 22, 3
0 37 47: 1257, 22, 3
0 37 48: 1257, 22, 2
0 38 11: 1257, 22, 1
0 38 12: 1258, 22, 3
0 38 13: 1258, 22, 0
0 38 14: 1257, 22, 0
0 38 16: 85, 9, 2
0 38 20: 85, 0, 3
0 38 24: 85, 0, 1
0 38 29: 85, 0, 1
0 38 30: 320, 22, 3
0 38 44: 1257, 22, 1
0 38 45: 1257, 22, 0
0 38 46: 1257, 22, 0
0 38 47: 1257, 22, 1
0 38 50: 1257, 22, 3
0 39 12: 1257, 22, 2
0 39 13: 1257, 22, 0
0 39 14: 1257, 22, 3
0 39 15: 320, 22, 3
0 39 17: 85, 0, 3
0 39 20: 85, 9, 0
0 39 21: 85, 0, 2
0 39 22: 85, 0, 2
0 39 23: 85, 0, 2
0 39 24: 85, 9, 1
0 39 29: 85, 9, 1
0 39 38: 2093, 10, 0
0 39 40: 2092, 10, 2
0 39 47: 1257, 22, 0
0 39 48: 1257, 22, 1
0 39 49: 1257, 22, 2
0 39 50: 1258, 22, 0
0 39 51: 1257, 22, 1
0 39 59: 1246, 22, 0
0 40 7: 1298, 10, 3
0 40 10: 1298, 10, 1
0 40 12: 1257, 22, 3
0 40 13: 1257, 22, 0
0 40 14: 1257, 22, 3
0 40 15: 320, 22, 1
0 40 17: 85, 9, 2
0 40 23: 1246, 22, 2
0 40 28: 85, 0, 1
0 40 30: 320, 22, 0
0 40 37: 2101, 10, 1
0 40 41: 2095, 10, 1
0 40 48: 1257, 22, 2
0 40 49: 1258, 22, 1
0 40 50: 1259, 22, 0
0 40 51: 1258, 22, 2
0 40 52: 1257, 22, 2
0 41 14: 1257, 22, 2
0 41 18: 85, 0, 3
0 41 28: 85, 9, 1
0 41 29: 320, 22, 1
0 41 38: 2101, 10, 1
0 41 42: 2101, 10, 0
0 41 47: 1276, 10, 3
0 41 49: 1257, 22, 1
0 41 50: 1257, 22, 0
0 41 51: 1257, 22, 3
0 41 52: 1257, 22, 0
0 42 15: 1257, 22, 1
0 42 17: 320, 22, 2
0 42 18: 85, 0, 3
0 42 27: 85, 9, 1
0 42 29: 319, 22, 0
0 42 41: 2741, 22, 1
0 42 50: 1257, 22, 3
0 42 51: 1257, 22, 2
0 42 52: 1257, 22, 1
0 42 53: 1257, 22, 2
0 43 15: 1257, 22, 0
0 43 17: 319, 22, 0
0 43 18: 85, 0, 3
0 43 25: 85, 0, 2
0 43 26: 85, 9, 1
0 43 28: 321, 22, 0
0 43 43: 2109, 10, 0
0 43 44: 452, 10, 0
0 43 52: 1257, 22, 1
0 43 53: 1257, 22, 0
0 43 61: 174, 22, 0
0 44 17: 320, 22, 0
0 44 18: 85, 0, 3
0 44 24: 85, 9, 3
0 44 27: 320, 22, 2
0 44 29: 1257, 22, 1
0 44 30: 1257, 22, 1
0 44 31: 1278, 10, 3
0 44 44: 2108, 10, 3
0 44 51: 452, 10, 0
0 44 54: 981, 3, 1
0 44 55: 849, 10, 2
0 44 56: 849, 10, 2
0 44 57: 849, 10, 2
0 44 58: 849, 10, 2
0 44 59: 849, 10, 2
0 44 60: 849, 10, 2
0 44 61: 849, 10, 2
0 44 62: 981, 3, 2
0 45 3: 1298, 10, 3
0 45 9: 1247, 22, 2
0 45 14: 1257, 22, 0
0 45 15: 1257, 22, 3
0 45 16: 320, 22, 3
0 45 18: 85, 0, 3
0 45 23: 85, 9, 3
0 45 25: 319, 22, 0
0 45 26: 320, 22, 3
0 45 28: 1257, 22, 2
0 45 29: 1257, 22, 2
0 45 30: 1257, 22, 1
0 45 31: 1247, 22, 0
0 45 32: 1247, 22, 3
0 45 42: 452, 10, 1
0 45 45: 2093, 10, 0
0 45 47: 2095, 10, 1
0 45 48: 2095, 10, 0
0 45 49: 2095, 10, 0
0 45 51: 452, 10, 1
0 45 53: 1631, 1, 1
0 45 54: 1631, 0, 2
0 45 55: 1631, 0, 2
0 45 55: 1825, 5, 2
0 45 56: 1631, 0, 2
0 45 57: 1631, 0, 2
0 45 58: 1631, 0, 2
0 45 58: 1825, 5, 2
0 45 59: 1631, 0, 2
0 45 60: 1631, 0, 2
0 45 61: 1631, 0, 2
0 45 62: 1631, 0, 2
0 45 63: 1631, 0, 2
0 46 7: 1122, 10, 2
0 46 8: 1247, 22, 0
0 46 12: 1257, 22, 0
0 46 13: 1257, 22, 1
0 46 14: 1257, 22, 3
0 46 16: 321, 22, 0
0 46 18: 85, 0, 3
0 46 22: 85, 9, 3
0 46 24: 320, 22, 0
0 46 26: 1258, 22, 0
0 46 28: 1257, 22, 3
0 46 29: 1257, 22, 3
0 46 30: 1257, 22, 1
0 46 45: 452, 10, 1
0 46 53: 1631, 0, 1
0 46 54: 358, 10, 2
0 46 55: 357, 10, 2
0 46 55: 1825, 4, 0
0 46 56: 1017, 10, 0
0 46 57: 1016, 10, 0
0 46 58: 365, 10, 0
0 46 58: 1825, 4, 0
0 46 59: 197, 4, 0
0 46 59: 356, 10, 3
0 46 60: 1631, 0, 3
0 46 61: 197, 4, 0
0 46 63: 197, 4, 0
0 47 1: 1189, 10, 2
0 47 7: 1247, 22, 3
0 47 8: 1247, 22, 0
0 47 11: 1257, 22, 3
0 47 12: 1257, 22, 3
0 47 13: 1257, 22, 2
0 47 14: 1257, 22, 1
0 47 17: 85, 9, 1
0 47 22: 85, 0, 3
0 47 23: 320, 22, 1
0 47 25: 1258, 22, 1
0 47 26: 1257, 22, 0
0 47 27: 1257, 22, 3
0 47 28: 1246, 22, 1
0 47 29: 1257, 22, 2
0 47 48: 2095, 10, 1
0 47 49: 2109, 10, 0
0 47 53: 1631, 0, 1
0 47 54: 356, 10, 0
0 47 54: 1022, 4, 3
0 47 56: 917, 22, 3
0 47 57: 917, 22, 0
0 47 59: 175, 22, 3
0 47 60: 1631, 0, 3
0 47 61: 940, 22, 3
0 47 62: 941, 22, 3
0 47 63: 941, 22, 3
0 48 10: 1257, 22, 1
0 48 11: 1257, 22, 2
0 48 12: 1258, 22, 0
0 48 13: 1244, 22, 2
0 48 15: 320, 22, 0
0 48 17: 85, 0, 3
0 48 21: 85, 9, 3
0 48 23: 321, 22, 0
0 48 24: 981, 3, 1
0 48 25: 980, 0, 2
0 48 25: 1257, 22, 2
0 48 26: 980, 0, 2
0 48 26: 1258, 22, 3
0 48 27: 980, 0, 2
0 48 27: 1257, 22, 1
0 48 28: 980, 0, 2
0 48 28: 1257, 22, 1
0 48 29: 980, 0, 2
0 48 30: 980, 0, 2
0 48 31: 980, 0, 2
0 48 32: 980, 0, 2
0 48 33: 980, 0, 2
0 48 34: 980, 0, 2
0 48 35: 981, 3, 2
0 48 53: 1631, 0, 1
0 48 53: 1821, 5, 1
0 48 54: 365, 10, 0
0 48 54: 1821, 4, 3
0 48 55: 174, 22, 0
0 48 56: 918, 22, 2
0 48 57: 918, 22, 0
0 48 59: 197, 4, 1
0 48 60: 197, 5, 3
0 48 60: 1631, 0, 3
0 48 61: 941, 22, 2
0 48 62: 942, 22, 1
0 48 63: 942, 22, 1
0 49 9: 1257, 22, 0
0 49 10: 1258, 22, 3
0 49 11: 1259, 22, 1
0 49 12: 1258, 22, 1
0 49 13: 1257, 22, 0
0 49 14: 320, 22, 2
0 49 16: 85, 9, 1
0 49 19: 85, 9, 3
0 49 20: 85, 0, 0
0 49 22: 320, 22, 2
0 49 25: 1257, 22, 3
0 49 26: 1258, 22, 1
0 49 27: 1258, 22, 2
0 49 28: 1257, 22, 0
0 49 29: 1257, 22, 1
0 49 30: 1257, 22, 0
0 49 31: 1257, 22, 3
0 49 32: 1257, 22, 0
0 49 35: 980, 9, 2
0 49 36: 981, 3, 2
0 49 39: 1276, 10, 3
0 49 52: 175, 22, 2
0 49 53: 1631, 0, 1
0 49 54: 1018, 10, 3
0 49 56: 918, 22, 2
0 49 56: 1088, 10, 3
0 49 57: 918, 22, 0
0 49 59: 916, 22, 0
0 49 60: 2399, 0, 3
0 49 61: 941, 22, 2
0 49 62: 942, 22, 1
0 49 63: 942, 22, 1
0 50 9: 1257, 22, 2
0 50 10: 1257, 22, 2
0 50 11: 1258, 22, 2
0 50 12: 1257, 22, 1
0 50 16: 85, 0, 3
0 50 18: 85, 9, 3
0 50 20: 320, 22, 3
0 50 21: 319, 22, 0
0 50 26: 1257, 22, 1
0 50 27: 1257, 22, 2
0 50 28: 1257, 22, 3
0 50 29: 1257, 22, 0
0 50 30: 1257, 22, 3
0 50 31: 1257, 22, 2
0 50 32: 1257, 22, 2
0 50 33: 1257, 22, 1
0 50 35: 1257, 22, 1
0 50 36: 980, 9, 2
0 50 36: 1257, 22, 0
0 50 37: 981, 3, 2
0 50 50: 1258, 22, 2
0 50 51: 981, 3, 1
0 50 53: 1631, 0, 1
0 50 54: 375, 10, 0
0 50 54: 1023, 4, 3
0 50 56: 595, 10, 0
0 50 56: 918, 22, 2
0 50 57: 918, 22, 0
0 50 59: 1016, 10, 1
0 50 60: 197, 5, 3
0 50 60: 1631, 0, 3
0 50 61: 940, 22, 2
0 50 62: 941, 22, 1
0 50 63: 941, 22, 1
0 51 8: 1257, 22, 1
0 51 9: 1258, 22, 1
0 51 10: 1258, 22, 0
0 51 11: 1257, 22, 0
0 51 15: 85, 9, 1
0 51 18: 85, 0, 3
0 51 23: 1902, 3, 1
0 51 24: 1902, 0, 2
0 51 25: 1902, 0, 2
0 51 26: 1821, 5, 2
0 51 26: 1902, 0, 2
0 51 27: 1902, 0, 2
0 51 28: 1902, 0, 2
0 51 29: 1821, 5, 2
0 51 29: 1902, 0, 2
0 51 30: 1902, 0, 2
0 51 31: 1902, 0, 2
0 51 32: 1902, 0, 2
0 51 33: 1902, 0, 2
0 51 34: 1902, 0, 2
0 51 35: 1902, 3, 2
0 51 36: 1257, 22, 2
0 51 37: 980, 0, 3
0 51 37: 1257, 22, 3
0 51 49: 1257, 22, 3
0 51 51: 849, 10, 1
0 51 53: 1631, 0, 1
0 51 54: 375, 10, 0
0 51 54: 1023, 4, 3
0 51 56: 918, 22, 2
0 51 57: 918, 22, 0
0 51 57: 1088, 10, 0
0 51 59: 1015, 10, 1
0 51 60: 1631, 0, 3
0 52 7: 1257, 22, 3
0 52 8: 1258, 22, 3
0 52 9: 1259, 22, 0
0 52 11: 320, 22, 0
0 52 14: 85, 9, 1
0 52 18: 85, 0, 3
0 52 20: 320, 22, 0
0 52 21: 1257, 22, 1
0 52 22: 1716, 10, 3
0 52 23: 1902, 0, 1
0 52 24: 2728, 10, 0
0 52 24: 2772, 22, 1
0 52 26: 1821, 4, 0
0 52 26: 1902, 0, 1
0 52 27: 1722, 10, 2
0 52 29: 1821, 4, 0
0 52 30: 196, 4, 0
0 52 31: 840, 4, 0
0 52 32: 196, 4, 0
0 52 33: 840, 4, 0
0 52 34: 915, 10, 3
0 52 35: 1902, 0, 3
0 52 36: 1258, 22, 3
0 52 37: 980, 0, 3
0 52 37: 1257, 22, 1
0 52 38: 1257, 22, 3
0 52 47: 1257, 22, 0
0 52 48: 1257, 22, 2
0 52 49: 1258, 22, 1
0 52 50: 1257, 22, 0
0 52 51: 849, 10, 1
0 52 53: 1631, 0, 1
0 52 53: 1821, 5, 1
0 52 54: 1095, 10, 0
0 52 54: 1821, 4, 3
0 52 56: 917, 22, 2
0 52 57: 917, 22, 1
0 52 59: 1017, 10, 1
0 52 60: 1631, 0, 3
0 52 61: 1722, 10, 0
0 53 7: 1257, 22, 3
0 53 8: 1257, 22, 1
0 53 9: 1258, 22, 3
0 53 10: 1257, 22, 0
0 53 11: 321, 22, 0
0 53 14: 85, 0, 3
0 53 18: 85, 0, 3
0 53 21: 1257, 22, 2
0 53 23: 1902, 0, 1
0 53 24: 196, 4, 3
0 53 26: 1022, 5, 1
0 53 26: 1902, 0, 1
0 53 27: 1902, 0, 2
0 53 28: 1902, 0, 2
0 53 29: 940, 22, 3
0 53 29: 1902, 0, 2
0 53 30: 941, 22, 3
0 53 31: 941, 22, 3
0 53 32: 941, 22, 3
0 53 33: 940, 22, 0
0 53 34: 1821, 4, 1
0 53 35: 1821, 5, 3
0 53 35: 1902, 0, 3
0 53 36: 1258, 22, 2
0 53 37: 980, 0, 3
0 53 37: 1257, 22, 0
0 53 38: 1257, 22, 2
0 53 41: 1257, 22, 3
0 53 47: 1257, 22, 0
0 53 48: 1258, 22, 0
0 53 49: 1257, 22, 1
0 53 50: 1258, 22, 3
0 53 51: 849, 10, 1
0 53 53: 1631, 0, 1
0 53 54: 1102, 10, 1
0 53 55: 197, 4, 2
0 53 57: 197, 4, 2
0 53 59: 179, 22, 1
0 53 59: 197, 4, 1
0 53 60: 1631, 0, 3
0 54 6: 1257, 22, 3
0 54 7: 1257, 22, 1
0 54 8: 1257, 22, 2
0 54 9: 1257, 22, 3
0 54 13: 85, 9, 1
0 54 18: 85, 0, 3
0 54 19: 319, 22, 0
0 54 20: 320, 22, 1
0 54 21: 1257, 22, 3
0 54 23: 1902, 0, 1
0 54 24: 917, 22, 3
0 54 24: 1013, 10, 3
0 54 25: 918, 22, 3
0 54 26: 391, 5, 1
0 54 26: 917, 22, 0
0 54 26: 1902, 0, 1
0 54 29: 941, 22, 2
0 54 30: 942, 22, 3
0 54 31: 942, 22, 3
0 54 32: 942, 22, 3
0 54 33: 941, 22, 0
0 54 34: 196, 4, 1
0 54 35: 205, 5, 3
0 54 35: 1902, 0, 3
0 54 36: 1257, 22, 0
0 54 37: 981, 3, 3
0 54 37: 1257, 22, 1
0 54 40: 1257, 22, 1
0 54 41: 1257, 22, 2
0 54 42: 1257, 22, 0
0 54 46: 1257, 22, 3
0 54 47: 1257, 22, 3
0 54 48: 1257, 22, 2
0 54 49: 1258, 22, 1
0 54 50: 1258, 22, 2
0 54 51: 981, 3, 0
0 54 53: 1631, 0, 1
0 54 54: 197, 5, 0
0 54 54: 1631, 0, 0
0 54 55: 962, 5, 0
0 54 55: 1631, 0, 0
0 54 56: 1530, 0, 0
0 54 57: 1018, 10, 0
0 54 57: 1631, 0, 0
0 54 58: 1017, 10, 0
0 54 58: 1631, 0, 0
0 54 59: 962, 5, 0
0 54 59: 1102, 10, 0
0 54 59: 1631, 0, 0
0 54 60: 358, 10, 3
0 54 60: 1631, 2, 3
0 54 61: 197, 5, 0
0 54 61: 357, 10, 2
0 54 61: 1631, 0, 0
0 54 62: 356, 10, 3
0 54 62: 1631, 0, 0
0 54 63: 197, 5, 0
0 54 63: 357, 10, 2
0 54 63: 1631, 0, 0
0 55 5: 1257, 22, 1
0 55 6: 1257, 22, 2
0 55 7: 1258, 22, 1
0 55 8: 1257, 22, 0
0 55 13: 85, 0, 3
0 55 17: 85, 9, 3
0 55 19: 321, 22, 0
0 55 20: 1246, 22, 2
0 55 21: 1258, 22, 3
0 55 23: 1902, 0, 1
0 55 24: 917, 22, 2
0 55 24: 1013, 10, 3
0 55 25: 918, 22, 1
0 55 26: 391, 5, 1
0 55 26: 917, 22, 1
0 55 26: 1902, 0, 1
0 55 27: 196, 4, 3
0 55 29: 941, 22, 2
0 55 29: 1092, 10, 3
0 55 30: 942, 22, 3
0 55 30: 1092, 10, 3
0 55 31: 942, 22, 3
0 55 31: 1092, 10, 3
0 55 32: 942, 22, 3
0 55 32: 1092, 10, 3
0 55 33: 941, 22, 0
0 55 34: 2739, 22, 2
0 55 35: 1805, 0, 3
0 55 36: 1257, 22, 3
0 55 41: 1257, 22, 2
0 55 42: 1258, 22, 2
0 55 43: 1257, 22, 0
0 55 44: 1257, 22, 0
0 55 47: 1257, 22, 2
0 55 48: 1257, 22, 1
0 55 49: 1258, 22, 3
0 55 50: 1257, 22, 0
0 55 53: 1631, 0, 1
0 55 53: 1821, 5, 1
0 55 54: 1821, 4, 3
0 55 58: 174, 22, 3
0 55 59: 1014, 10, 1
0 55 60: 197, 5, 3
0 55 60: 357, 10, 1
0 55 60: 1631, 0, 3
0 55 61: 357, 10, 0
0 56 4: 1257, 22, 0
0 56 5: 1174, 10, 2
0 56 6: 1258, 22, 0
0 56 7: 1259, 22, 3
0 56 8: 1258, 22, 2
0 56 12: 85, 9, 1
0 56 17: 85, 0, 3
0 56 19: 320, 22, 2
0 56 21: 1257, 22, 1
0 56 23: 1838, 5, 1
0 56 23: 1902, 0, 1
0 56 24: 1014, 10, 3
0 56 24: 1826, 4, 3
0 56 26: 1533, 0, 1
0 56 29: 596, 10, 3
0 56 29: 941, 22, 2
0 56 30: 942, 22, 3
0 56 31: 942, 22, 3
0 56 32: 942, 22, 3
0 56 33: 941, 22, 0
0 56 34: 196, 4, 1
0 56 35: 205, 5, 3
0 56 35: 1902, 0, 3
0 56 36: 1257, 22, 2
0 56 37: 981, 3, 2
0 56 39: 1189, 10, 1
0 56 40: 1257, 22, 0
0 56 41: 1258, 22, 3
0 56 42: 1259, 22, 3
0 56 43: 1258, 22, 1
0 56 44: 1257, 22, 3
0 56 48: 1245, 22, 2
0 56 49: 1257, 22, 0
0 56 50: 1257, 22, 1
0 56 51: 981, 3, 1
0 56 53: 1631, 0, 1
0 56 54: 1018, 10, 3
0 56 55: 917, 22, 3
0 56 56: 918, 22, 3
0 56 57: 595, 10, 2
0 56 57: 918, 22, 3
0 56 58: 917, 22, 0
0 56 59: 1014, 10, 1
0 56 60: 356, 10, 2
0 56 60: 1631, 0, 3
0 57 5: 1257, 22, 0
0 57 6: 1257, 22, 2
0 57 7: 1258, 22, 3
0 57 9: 320, 22, 0
0 57 12: 85, 0, 3
0 57 16: 85, 9, 3
0 57 21: 1258, 22, 0
0 57 23: 1902, 0, 1
0 57 24: 196, 4, 3
0 57 24: 1102, 10, 1
0 57 25: 595, 10, 2
0 57 26: 196, 5, 1
0 57 26: 1902, 0, 1
0 57 27: 196, 4, 3
0 57 29: 940, 22, 2
0 57 29: 1092, 10, 1
0 57 30: 941, 22, 1
0 57 30: 1092, 10, 1
0 57 31: 941, 22, 1
0 57 31: 1092, 10, 1
0 57 32: 941, 22, 1
0 57 32: 1092, 10, 1
0 57 33: 940, 22, 1
0 57 34: 1821, 4, 1
0 57 35: 1821, 5, 3
0 57 35: 1902, 0, 3
0 57 36: 1257, 22, 2
0 57 37: 980, 0, 3
0 57 37: 1257, 22, 1
0 57 41: 1257, 22, 2
0 57 42: 1258, 22, 0
0 57 43: 1257, 22, 3
0 57 44: 1257, 22, 2
0 57 46: 1276, 10, 3
0 57 47: 1247, 22, 2
0 57 48: 1257, 22, 0
0 57 49: 1257, 22, 2
0 57 51: 849, 10, 1
0 57 53: 1631, 0, 1
0 57 54: 175, 22, 3
0 57 54: 1018, 10, 3
0 57 55: 917, 22, 2
0 57 56: 918, 22, 1
0 57 57: 918, 22, 1
0 57 58: 917, 22, 1
0 57 59: 197, 4, 1
0 57 60: 1631, 0, 3
0 58 4: 1257, 22, 3
0 58 5: 1257, 22, 3
0 58 6: 1257, 22, 1
0 58 7: 1257, 22, 0
0 58 11: 85, 9, 1
0 58 16: 85, 0, 3
0 58 18: 320, 22, 3
0 58 20: 320, 22, 2
0 58 21: 1257, 22, 3
0 58 22: 1716, 10, 1
0 58 23: 1902, 0, 1
0 58 24: 196, 5, 2
0 58 24: 1102, 10, 2
0 58 24: 1902, 0, 2
0 58 25: 1821, 5, 2
0 58 25: 1902, 0, 2
0 58 26: 196, 5, 2
0 58 26: 1102, 10, 0
0 58 26: 1902, 2, 1
0 58 27: 1821, 5, 2
0 58 27: 1902, 0, 2
0 58 28: 840, 5, 2
0 58 28: 1902, 0, 2
0 58 29: 1533, 0, 2
0 58 30: 196, 5, 2
0 58 30: 1902, 0, 2
0 58 31: 840, 5, 2
0 58 31: 1902, 0, 2
0 58 32: 196, 5, 2
0 58 32: 1902, 0, 2
0 58 33: 840, 5, 2
0 58 33: 1902, 0, 2
0 58 34: 915, 10, 3
0 58 34: 1902, 0, 2
0 58 35: 1902, 0, 3
0 58 36: 1257, 22, 1
0 58 37: 980, 0, 3
0 58 37: 1257, 22, 0
0 58 38: 1257, 22, 3
0 58 39: 1278, 10, 3
0 58 40: 1247, 22, 3
0 58 41: 1189, 10, 2
0 58 42: 1257, 22, 1
0 58 43: 1257, 22, 0
0 58 44: 1257, 22, 2
0 58 45: 1257, 22, 1
0 58 49: 1257, 22, 2
0 58 51: 849, 10, 1
0 58 53: 1631, 0, 1
0 58 53: 1821, 5, 1
0 58 54: 356, 10, 0
0 58 54: 1821, 4, 3
0 58 59: 357, 10, 3
0 58 60: 197, 5, 3
0 58 60: 360, 10, 3
0 58 60: 1631, 0, 3
0 59 5: 1257, 22, 2
0 59 6: 1257, 22, 3
0 59 8: 321, 22, 0
0 59 11: 85, 0, 3
0 59 15: 85, 9, 3
0 59 17: 319, 22, 0
0 59 19: 1257, 22, 0
0 59 20: 320, 22, 1
0 59 21: 1257, 22, 3
0 59 23: 982, 0, 1
0 59 25: 1821, 4, 0
0 59 27: 1821, 4, 0
0 59 32: 982, 0, 3
0 59 36: 1257, 22, 2
0 59 37: 980, 0, 3
0 59 37: 1257, 22, 3
0 59 38: 1257, 22, 2
0 59 40: 1247, 22, 0
0 59 42: 1257, 22, 2
0 59 43: 1189, 10, 0
0 59 43: 1257, 22, 2
0 59 44: 1257, 22, 3
0 59 45: 1257, 22, 3
0 59 47: 1247, 22, 3
0 59 49: 1257, 22, 1
0 59 51: 849, 10, 1
0 59 53: 1631, 0, 1
0 59 54: 357, 10, 1
0 59 55: 357, 10, 0
0 59 55: 1821, 4, 2
0 59 56: 916, 22, 1
0 59 57: 197, 4, 2
0 59 58: 356, 10, 1
0 59 58: 1825, 4, 2
0 59 59: 358, 10, 3
0 59 60: 357, 10, 3
0 59 60: 1631, 0, 3
0 59 61: 360, 10, 2
0 59 62: 1017, 10, 2
0 60 4: 1257, 22, 1
0 60 5: 1257, 22, 1
0 60 6: 1257, 22, 0
0 60 10: 85, 9, 1
0 60 15: 85, 0, 3
0 60 18: 1257, 22, 1
0 60 20: 320, 22, 0
0 60 21: 1257, 22, 2
0 60 23: 982, 0, 1
0 60 26: 1299, 11, 3
0 60 27: 1299, 11, 2
0 60 28: 1173, 11, 2
0 60 29: 1299, 11, 1
0 60 32: 982, 0, 3
0 60 33: 1257, 22, 3
0 60 34: 1258, 22, 1
0 60 35: 1257, 22, 2
0 60 36: 980, 9, 3
0 60 36: 1257, 22, 3
0 60 37: 981, 3, 3
0 60 41: 1278, 10, 0
0 60 42: 1247, 22, 1
0 60 43: 1257, 22, 2
0 60 44: 1257, 22, 0
0 60 45: 1257, 22, 3
0 60 51: 849, 10, 1
0 60 53: 1631, 0, 1
0 60 54: 1631, 0, 0
0 60 55: 1631, 0, 0
0 60 55: 1821, 5, 0
0 60 56: 1530, 0, 0
0 60 57: 1631, 0, 0
0 60 58: 1631, 0, 0
0 60 58: 1825, 5, 0
0 60 59: 1631, 0, 0
0 60 60: 1631, 0, 0
0 60 61: 1631, 0, 0
0 60 62: 1631, 9, 0
0 60 63: 1017, 10, 2
0 61 5: 1257, 22, 1
0 61 6: 1257, 22, 0
0 61 8: 319, 22, 0
0 61 9: 85, 0, 1
0 61 15: 85, 0, 3
0 61 16: 320, 22, 0
0 61 18: 1278, 11, 0
0 61 20: 319, 22, 3
0 61 21: 1257, 22, 1
0 61 23: 983, 0, 1
0 61 26: 1299, 11, 0
0 61 27: 1173, 11, 3
0 61 28: 1299, 11, 2
0 61 29: 1298, 11, 3
0 61 32: 983, 0, 3
0 61 33: 1258, 22, 0
0 61 34: 1259, 22, 2
0 61 35: 980, 9, 3
0 61 35: 1257, 22, 2
0 61 36: 981, 3, 3
0 61 36: 1257, 22, 0
0 61 36: 1278, 10, 2
0 61 37: 1247, 22, 0
0 61 39: 1278, 10, 1
0 61 41: 1247, 22, 0
0 61 44: 1257, 22, 1
0 61 45: 1257, 22, 0
0 61 51: 849, 10, 1
0 61 53: 175, 22, 1
0 61 53: 1631, 0, 1
0 61 62: 1631, 1, 0
0 61 63: 1631, 9, 0
0 62 6: 1257, 22, 3
0 62 8: 320, 22, 0
0 62 10: 85, 9, 0
0 62 14: 85, 9, 3
0 62 17: 1257, 22, 2
0 62 18: 1247, 22, 2
0 62 19: 1247, 22, 1
0 62 20: 320, 22, 3
0 62 23: 982, 0, 1
0 62 32: 982, 0, 3
0 62 33: 1257, 22, 3
0 62 34: 1257, 22, 0
0 62 35: 980, 0, 3
0 62 35: 1257, 22, 0
0 62 36: 1257, 22, 2
0 62 37: 1247, 22, 1
0 62 39: 1247, 22, 3
0 62 40: 1247, 22, 2
0 62 51: 849, 10, 1
0 62 53: 1631, 0, 1
0 62 63: 1631, 1, 0
0 63 8: 321, 22, 0
0 63 11: 85, 0, 0
0 63 12: 85, 0, 0
0 63 13: 85, 0, 0
0 63 15: 319, 22, 0
0 63 16: 1257, 22, 1
0 63 17: 1257, 22, 0
0 63 23: 982, 3, 0
0 63 24: 982, 0, 0
0 63 25: 983, 0, 0
0 63 26: 982, 0, 0
0 63 27: 982, 0, 0
0 63 28: 982, 0, 0
0 63 29: 982, 0, 0
0 63 30: 983, 0, 0
0 63 31: 982, 0, 0
0 63 32: 982, 3, 3
0 63 33: 1257, 22, 2
0 63 34: 980, 9, 3
0 63 34: 1257, 22, 1
0 63 35: 981, 3, 3
0 63 35: 1257, 22, 3
0 63 51: 849, 10, 1
0 63 53: 1631, 0, 1
1 45 53: 1631, 1, 1
1 45 54: 1631, 0, 2
1 45 54: 1821, 5, 2
1 45 55: 1631, 0, 2
1 45 56: 1631, 0, 2
1 45 56: 1826, 5, 2
1 45 57: 1631, 0, 2
1 45 58: 1631, 0, 2
1 45 58: 1821, 5, 2
1 45 59: 1631, 0, 2
1 45 60: 1631, 0, 2
1 45 61: 1631, 0, 2
1 45 62: 1631, 0, 2
1 45 62: 1821, 5, 2
1 45 63: 1631, 0, 2
1 46 53: 1631, 0, 1
1 46 54: 1821, 4, 0
1 46 55: 197, 4, 0
1 46 55: 357, 10, 2
1 46 56: 358, 10, 3
1 46 56: 1821, 4, 0
1 46 57: 197, 4, 0
1 46 57: 357, 10, 2
1 46 58: 356, 10, 1
1 46 58: 1821, 4, 0
1 46 59: 197, 4, 0
1 46 59: 356, 10, 0
1 46 60: 1017, 10, 0
1 46 61: 1016, 10, 0
1 46 62: 1017, 10, 0
1 46 62: 1821, 4, 0
1 46 63: 1018, 10, 0
1 47 53: 1631, 0, 1
1 47 53: 1826, 5, 1
1 47 54: 1017, 10, 3
1 47 54: 1821, 4, 3
1 47 56: 357, 10, 1
1 47 59: 687, 22, 1
1 48 53: 1631, 0, 1
1 48 54: 1016, 10, 3
1 48 55: 917, 22, 3
1 48 56: 918, 22, 3
1 48 56: 1088, 11, 2
1 48 57: 595, 10, 0
1 48 57: 918, 22, 3
1 48 58: 918, 22, 3
1 48 59: 918, 22, 3
1 48 60: 918, 22, 3
1 48 60: 1102, 10, 2
1 48 61: 595, 10, 0
1 48 61: 918, 22, 3
1 48 62: 918, 22, 3
1 48 62: 1088, 11, 3
1 48 63: 917, 22, 0
1 49 53: 1631, 0, 1
1 49 53: 1821, 5, 1
1 49 54: 1015, 10, 3
1 49 54: 1821, 4, 3
1 49 55: 917, 22, 2
1 49 56: 918, 22, 1
1 49 56: 1102, 10, 2
1 49 57: 918, 22, 1
1 49 58: 918, 22, 1
1 49 58: 1102, 10, 0
1 49 59: 918, 22, 1
1 49 60: 918, 22, 1
1 49 60: 1102, 10, 1
1 49 61: 918, 22, 1
1 49 62: 918, 22, 1
1 49 62: 1102, 10, 0
1 49 63: 917, 22, 1
1 50 53: 1631, 0, 1
1 50 54: 1016, 10, 3
1 50 61: 686, 22, 1
1 51 22: 1902, 0, 2
1 51 23: 1902, 0, 2
1 51 24: 1902, 0, 2
1 51 25: 1902, 0, 2
1 51 26: 1821, 5, 2
1 51 26: 1902, 0, 2
1 51 27: 1902, 0, 2
1 51 28: 1902, 0, 2
1 51 29: 1821, 5, 2
1 51 29: 1902, 0, 2
1 51 30: 1902, 0, 2
1 51 31: 1902, 0, 2
1 51 32: 1902, 0, 2
1 51 33: 1902, 0, 2
1 51 34: 1902, 0, 2
1 51 35: 1902, 3, 2
1 51 53: 1631, 0, 1
1 51 53: 1826, 5, 1
1 51 54: 1015, 10, 3
1 51 54: 1821, 4, 3
1 51 56: 688, 22, 1
1 51 57: 917, 22, 3
1 51 58: 918, 22, 3
1 51 59: 917, 22, 0
1 51 61: 994, 0, 2
1 51 62: 994, 0, 2
1 51 63: 994, 0, 2
1 52 21: 1821, 4, 1
1 52 22: 1158, 10, 1
1 52 22: 1821, 5, 3
1 52 22: 1902, 0, 3
1 52 23: 1088, 11, 2
1 52 24: 196, 4, 0
1 52 24: 1088, 11, 3
1 52 25: 840, 4, 0
1 52 26: 1821, 4, 0
1 52 27: 1723, 10, 2
1 52 29: 1821, 4, 0
1 52 30: 987, 0, 1
1 52 31: 375, 10, 1
1 52 31: 840, 4, 0
1 52 32: 1017, 10, 0
1 52 33: 1016, 10, 0
1 52 34: 1017, 10, 0
1 52 34: 1821, 4, 1
1 52 35: 1821, 5, 3
1 52 35: 1902, 0, 3
1 52 53: 1631, 0, 1
1 52 54: 365, 10, 3
1 52 55: 1096, 11, 1
1 52 57: 917, 22, 2
1 52 57: 2400, 10, 2
1 52 58: 918, 22, 1
1 52 59: 917, 22, 1
1 52 60: 994, 0, 1
1 52 62: 1723, 10, 0
1 53 22: 840, 5, 3
1 53 22: 1902, 0, 3
1 53 23: 593, 10, 3
1 53 26: 987, 1, 1
1 53 30: 987, 0, 1
1 53 33: 1760, 10, 0
1 53 34: 196, 4, 1
1 53 35: 1902, 0, 3
1 53 53: 1631, 0, 1
1 53 54: 374, 10, 2
1 53 54: 1631, 0, 2
1 53 55: 850, 5, 2
1 53 55: 1631, 0, 2
1 53 56: 365, 10, 3
1 53 56: 1631, 0, 2
1 53 57: 197, 5, 2
1 53 57: 1631, 0, 2
1 53 58: 1631, 0, 2
1 53 59: 197, 5, 2
1 53 59: 1631, 0, 2
1 53 60: 362, 10, 2
1 53 60: 1631, 0, 2
1 53 61: 1631, 0, 2
1 53 62: 1631, 0, 2
1 53 63: 1631, 0, 2
1 54 22: 1018, 10, 3
1 54 22: 1902, 0, 3
1 54 26: 987, 0, 1
1 54 30: 987, 0, 1
1 54 33: 594, 10, 3
1 54 34: 1821, 4, 1
1 54 35: 1821, 5, 3
1 54 35: 1902, 0, 3
1 54 53: 1793, 18, 1
1 54 54: 1640, 12, 1
1 54 55: 1640, 17, 0
1 54 55: 1837, 4, 0
1 54 56: 1640, 17, 0
1 54 57: 1640, 17, 0
1 54 57: 1826, 4, 0
1 54 58: 1640, 17, 0
1 54 58: 1837, 4, 0
1 54 59: 1640, 17, 0
1 54 60: 1631, 0, 3
1 54 61: 197, 4, 0
1 54 63: 197, 4, 0
1 55 22: 1017, 10, 3
1 55 22: 1902, 0, 3
1 55 26: 987, 1, 0
1 55 27: 987, 0, 0
1 55 28: 987, 0, 0
1 55 29: 987, 0, 0
1 55 30: 987, 0, 0
1 55 34: 1017, 10, 1
1 55 35: 1902, 0, 3
1 55 53: 1793, 18, 1
1 55 54: 1640, 12, 1
1 55 55: 1640, 17, 0
1 55 56: 1640, 17, 0
1 55 57: 1640, 17, 0
1 55 58: 1640, 17, 0
1 55 59: 1640, 17, 0
1 55 59: 1826, 4, 1
1 55 60: 197, 5, 3
1 55 60: 1631, 0, 3
1 55 62: 917, 22, 3
1 55 63: 917, 22, 0
1 56 22: 1016, 10, 3
1 56 22: 1902, 0, 3
1 56 25: 940, 22, 3
1 56 26: 941, 22, 3
1 56 27: 941, 22, 3
1 56 28: 941, 22, 3
1 56 29: 941, 22, 3
1 56 30: 940, 22, 0
1 56 32: 612, 10, 2
1 56 34: 1821, 4, 1
1 56 35: 1821, 5, 3
1 56 35: 1902, 0, 3
1 56 53: 1793, 18, 1
1 56 54: 1640, 12, 1
1 56 55: 1640, 17, 0
1 56 56: 1640, 17, 0
1 56 57: 1640, 17, 0
1 56 58: 1640, 17, 0
1 56 59: 1640, 17, 0
1 56 60: 1631, 0, 3
1 56 61: 595, 10, 0
1 56 62: 918, 22, 2
1 56 63: 595, 10, 0
1 56 63: 918, 22, 0
1 57 22: 840, 5, 3
1 57 22: 1902, 0, 3
1 57 25: 940, 22, 2
1 57 26: 941, 22, 1
1 57 27: 941, 22, 1
1 57 28: 941, 22, 1
1 57 29: 941, 22, 1
1 57 30: 940, 22, 1
1 57 34: 196, 4, 1
1 57 35: 1902, 0, 3
1 57 53: 1793, 18, 1
1 57 54: 1640, 12, 1
1 57 55: 1640, 17, 0
1 57 56: 1640, 17, 0
1 57 57: 1640, 17, 0
1 57 58: 1640, 17, 0
1 57 59: 1640, 17, 0
1 57 59: 1826, 4, 1
1 57 60: 1631, 0, 3
1 57 62: 918, 22, 2
1 57 63: 918, 22, 0
1 58 21: 1821, 4, 1
1 58 22: 1158, 10, 0
1 58 22: 1821, 5, 3
1 58 22: 1902, 2, 2
1 58 23: 1902, 0, 2
1 58 24: 196, 5, 2
1 58 24: 1902, 0, 2
1 58 25: 840, 5, 2
1 58 25: 1902, 0, 2
1 58 26: 1106, 10, 1
1 58 26: 1821, 5, 2
1 58 26: 1902, 0, 2
1 58 27: 1902, 0, 2
1 58 28: 840, 5, 2
1 58 28: 1902, 0, 2
1 58 29: 1106, 10, 1
1 58 29: 1821, 5, 2
1 58 29: 1902, 0, 2
1 58 30: 1902, 0, 2
1 58 31: 840, 5, 2
1 58 31: 1902, 0, 2
1 58 32: 196, 5, 2
1 58 32: 1902, 0, 2
1 58 33: 1096, 11, 0
1 58 33: 1902, 0, 2
1 58 34: 1158, 10, 0
1 58 34: 1821, 4, 1
1 58 34: 1902, 0, 2
1 58 35: 1821, 5, 3
1 58 35: 1902, 0, 3
1 58 53: 1793, 18, 1
1 58 54: 1640, 12, 1
1 58 55: 1640, 17, 0
1 58 56: 1640, 17, 0
1 58 57: 1640, 17, 0
1 58 58: 1640, 17, 0
1 58 59: 1640, 17, 0
1 58 60: 197, 5, 3
1 58 60: 1631, 0, 3
1 58 62: 918, 22, 2
1 58 63: 918, 22, 0
1 59 26: 1821, 4, 0
1 59 29: 1821, 4, 0
1 59 53: 1793, 18, 1
1 59 54: 1640, 16, 0
1 59 55: 1640, 12, 0
1 59 56: 1640, 12, 0
1 59 57: 1640, 12, 0
1 59 58: 1640, 12, 0
1 59 59: 1640, 12, 0
1 59 60: 1631, 0, 3
1 59 62: 917, 22, 2
1 59 63: 917, 22, 1
1 60 53: 1793, 19, 0
1 60 54: 1793, 18, 0
1 60 55: 1793, 18, 0
1 60 56: 1793, 18, 0
1 60 57: 1793, 18, 0
1 60 58: 1793, 18, 0
1 60 59: 1793, 18, 0
1 60 60: 1631, 0, 0
1 60 60: 1837, 5, 0
1 60 61: 1631, 0, 0
1 60 61: 1826, 5, 0
1 60 62: 1631, 9, 0
1 60 62: 1826, 6, 0
1 61 62: 1631, 1, 0
1 61 63: 1631, 9, 0
1 61 63: 1826, 6, 0
1 62 63: 1631, 1, 0
2 45 53: 1793, 21, 1
2 45 54: 1793, 18, 2
2 45 55: 1793, 18, 2
2 45 56: 1793, 18, 2
2 45 57: 1793, 18, 2
2 45 58: 1793, 18, 2
2 45 59: 1793, 18, 2
2 45 60: 1793, 18, 2
2 45 61: 1793, 18, 2
2 45 62: 1793, 18, 2
2 45 63: 1793, 18, 2
2 46 53: 1793, 18, 1
2 46 54: 1640, 16, 1
2 46 55: 1640, 12, 2
2 46 56: 1640, 12, 2
2 46 57: 1640, 12, 2
2 46 58: 1640, 12, 2
2 46 59: 1640, 12, 2
2 46 60: 1640, 12, 2
2 46 61: 1640, 12, 2
2 46 62: 1640, 12, 2
2 46 63: 1640, 12, 2
2 47 53: 1793, 18, 1
2 47 54: 1640, 12, 1
2 47 55: 1640, 17, 0
2 47 56: 1640, 17, 0
2 47 57: 1640, 17, 0
2 47 58: 1640, 17, 0
2 47 59: 1640, 17, 0
2 47 60: 1640, 17, 0
2 47 61: 1640, 17, 0
2 47 62: 1640, 17, 0
2 47 63: 1640, 17, 0
2 48 53: 1793, 18, 1
2 48 54: 1640, 12, 1
2 48 55: 1640, 17, 0
2 48 56: 1640, 17, 0
2 48 57: 1640, 17, 0
2 48 58: 1640, 17, 0
2 48 59: 1640, 17, 0
2 48 60: 1640, 17, 0
2 48 61: 1640, 17, 0
2 48 62: 1640, 17, 0
2 48 63: 1640, 17, 0
2 49 53: 1793, 18, 1
2 49 54: 1640, 12, 1
2 49 55: 1640, 17, 0
2 49 56: 1640, 17, 0
2 49 57: 1640, 17, 0
2 49 58: 1640, 17, 0
2 49 59: 1640, 17, 0
2 49 60: 1640, 17, 0
2 49 61: 1640, 17, 0
2 49 62: 1640, 17, 0
2 49 63: 1640, 17, 0
2 50 53: 1793, 18, 1
2 50 54: 1640, 12, 1
2 50 55: 1640, 17, 0
2 50 56: 1640, 17, 0
2 50 57: 1640, 17, 0
2 50 58: 1640, 17, 0
2 50 59: 1640, 17, 0
2 50 60: 1640, 17, 0
2 50 61: 1640, 17, 0
2 50 62: 1640, 17, 0
2 50 63: 1640, 17, 0
2 51 21: 1790, 21, 1
2 51 22: 1790, 18, 2
2 51 23: 1790, 18, 2
2 51 24: 1790, 18, 2
2 51 25: 1790, 18, 2
2 51 26: 1790, 18, 2
2 51 27: 1790, 18, 2
2 51 28: 1790, 18, 2
2 51 29: 1790, 18, 2
2 51 30: 1790, 18, 2
2 51 31: 1790, 18, 2
2 51 32: 1790, 18, 2
2 51 33: 1790, 18, 2
2 51 34: 1790, 18, 2
2 51 35: 1790, 21, 2
2 51 53: 1793, 18, 1
2 51 54: 1640, 12, 1
2 51 55: 1640, 17, 0
2 51 56: 1640, 17, 0
2 51 57: 1640, 17, 0
2 51 58: 1640, 17, 0
2 51 59: 1640, 17, 0
2 51 60: 1640, 17, 0
2 51 61: 1640, 17, 0
2 51 62: 1640, 17, 0
2 51 63: 1640, 17, 0
2 52 21: 1790, 18, 1
2 52 22: 1924, 16, 1
2 52 23: 1924, 12, 2
2 52 24: 1924, 12, 2
2 52 25: 1924, 12, 2
2 52 26: 1924, 12, 2
2 52 27: 1924, 12, 2
2 52 28: 1924, 12, 2
2 52 29: 1924, 12, 2
2 52 30: 1924, 12, 2
2 52 31: 1924, 12, 2
2 52 32: 1924, 12, 2
2 52 33: 1924, 12, 2
2 52 34: 1924, 16, 2
2 52 35: 1790, 18, 3
2 52 53: 1793, 18, 1
2 52 54: 1640, 12, 1
2 52 55: 1640, 17, 0
2 52 56: 1640, 17, 0
2 52 57: 1640, 17, 0
2 52 58: 1640, 17, 0
2 52 59: 1640, 17, 0
2 52 60: 1640, 17, 0
2 52 61: 1640, 17, 0
2 52 62: 1640, 17, 0
2 52 63: 1640, 17, 0
2 53 21: 1790, 18, 1
2 53 22: 1924, 12, 1
2 53 34: 1924, 12, 3
2 53 35: 1790, 18, 3
2 53 53: 1793, 18, 1
2 53 54: 1640, 16, 0
2 53 55: 1640, 12, 0
2 53 56: 1640, 12, 0
2 53 57: 1640, 12, 0
2 53 58: 1640, 12, 0
2 53 59: 1640, 12, 0
2 53 60: 1640, 15, 0
2 53 61: 1640, 17, 0
2 53 62: 1640, 17, 0
2 53 63: 1640, 17, 0
2 54 21: 1790, 18, 1
2 54 22: 1924, 12, 1
2 54 34: 1924, 12, 3
2 54 35: 1790, 18, 3
2 54 53: 1793, 21, 0
2 54 54: 1793, 18, 0
2 54 55: 1793, 18, 0
2 54 56: 1793, 18, 0
2 54 57: 1793, 18, 0
2 54 58: 1793, 18, 0
2 54 59: 1793, 20, 0
2 54 60: 1640, 12, 1
2 54 61: 1640, 17, 0
2 54 62: 1640, 17, 0
2 54 63: 1640, 17, 0
2 55 21: 1790, 18, 1
2 55 22: 1924, 12, 1
2 55 34: 1924, 12, 3
2 55 35: 1790, 18, 3
2 55 59: 1793, 18, 1
2 55 60: 1640, 12, 1
2 55 61: 1640, 17, 0
2 55 62: 1640, 17, 0
2 55 63: 1640, 17, 0
2 56 21: 1790, 18, 1
2 56 22: 1924, 12, 1
2 56 34: 1924, 12, 3
2 56 35: 1790, 18, 3
2 56 59: 1793, 18, 1
2 56 60: 1640, 12, 1
2 56 61: 1640, 17, 0
2 56 62: 1640, 17, 0
2 56 63: 1640, 17, 0
2 57 21: 1790, 18, 1
2 57 22: 1924, 12, 1
2 57 34: 1924, 12, 3
2 57 35: 1790, 18, 3
2 57 59: 1793, 18, 1
2 57 60: 1640, 12, 1
2 57 61: 1640, 17, 0
2 57 62: 1640, 17, 0
2 57 63: 1640, 17, 0
2 58 21: 1790, 18, 1
2 58 22: 1924, 16, 0
2 58 23: 1924, 12, 0
2 58 24: 1924, 12, 0
2 58 25: 1924, 12, 0
2 58 26: 1924, 12, 0
2 58 27: 1924, 12, 0
2 58 28: 1924, 12, 0
2 58 29: 1924, 12, 0
2 58 30: 1924, 12, 0
2 58 31: 1924, 12, 0
2 58 32: 1924, 12, 0
2 58 33: 1924, 12, 0
2 58 34: 1924, 16, 3
2 58 35: 1790, 18, 3
2 58 59: 1793, 18, 1
2 58 60: 1640, 12, 1
2 58 61: 1640, 17, 0
2 58 62: 1640, 17, 0
2 58 63: 1640, 17, 0
2 59 21: 1790, 21, 0
2 59 22: 1790, 18, 0
2 59 23: 1790, 18, 0
2 59 24: 1790, 18, 0
2 59 25: 1790, 18, 0
2 59 26: 1790, 18, 0
2 59 27: 1790, 18, 0
2 59 28: 1790, 18, 0
2 59 29: 1790, 18, 0
2 59 30: 1790, 18, 0
2 59 31: 1790, 18, 0
2 59 32: 1790, 18, 0
2 59 33: 1790, 18, 0
2 59 34: 1790, 18, 0
2 59 35: 1790, 21, 3
2 59 59: 1793, 18, 1
2 59 60: 1640, 16, 0
2 59 61: 1640, 12, 0
2 59 62: 1640, 14, 0
2 59 63: 1640, 17, 0
2 60 59: 1793, 21, 0
2 60 60: 1793, 18, 0
2 60 61: 1793, 18, 0
2 60 62: 1640, 13, 0
2 60 63: 1640, 14, 0
2 61 62: 1793, 19, 0
2 61 63: 1640, 13, 0
2 62 63: 1793, 19, 0
3 53 23: 1924, 16, 1
3 53 24: 1924, 12, 2
3 53 25: 1924, 12, 2
3 53 26: 1924, 12, 2
3 53 27: 1924, 12, 2
3 53 28: 1924, 12, 2
3 53 29: 1924, 12, 2
3 53 30: 1924, 12, 2
3 53 31: 1924, 12, 2
3 53 32: 1924, 12, 2
3 53 33: 1924, 16, 2
3 54 23: 1924, 12, 1
3 54 24: 1924, 17, 0
3 54 25: 1924, 17, 0
3 54 26: 1924, 17, 0
3 54 27: 1924, 17, 0
3 54 28: 1924, 17, 0
3 54 29: 1924, 17, 0
3 54 30: 1924, 17, 0
3 54 31: 1924, 17, 0
3 54 32: 1924, 17, 0
3 54 33: 1924, 12, 3
3 55 23: 1924, 12, 1
3 55 24: 1924, 17, 0
3 55 25: 1924, 17, 0
3 55 26: 1924, 17, 0
3 55 27: 1924, 17, 0
3 55 28: 1924, 17, 0
3 55 29: 1924, 17, 0
3 55 30: 1924, 17, 0
3 55 31: 1924, 17, 0
3 55 32: 1924, 17, 0
3 55 33: 1924, 12, 3
3 56 23: 1924, 12, 1
3 56 24: 1924, 17, 0
3 56 25: 1924, 17, 0
3 56 26: 1924, 17, 0
3 56 27: 1924, 17, 0
3 56 28: 1924, 17, 0
3 56 29: 1924, 17, 0
3 56 30: 1924, 17, 0
3 56 31: 1924, 17, 0
3 56 32: 1924, 17, 0
3 56 33: 1924, 12, 3
3 57 23: 1924, 16, 0
3 57 24: 1924, 12, 0
3 57 25: 1924, 12, 0
3 57 26: 1924, 12, 0
3 57 27: 1924, 12, 0
3 57 28: 1924, 12, 0
3 57 29: 1924, 12, 0
3 57 30: 1924, 12, 0
3 57 31: 1924, 12, 0
3 57 32: 1924, 12, 0
3 57 33: 1924, 16, 3
