0 0 0: 325, 22, 1
0 0 1: 325, 22, 0
0 0 2: 325, 22, 0
0 0 3: 325, 22, 3
0 0 4: 325, 22, 0
0 0 6: 325, 22, 1
0 0 7: 325, 22, 2
0 0 8: 325, 22, 0
0 0 9: 325, 22, 1
0 0 10: 325, 22, 1
0 0 13: 325, 22, 3
0 0 14: 325, 22, 3
0 0 15: 325, 22, 0
0 0 16: 325, 22, 0
0 0 17: 325, 22, 1
0 0 23: 1250, 22, 2
0 0 25: 1250, 22, 3
0 0 27: 325, 22, 0
0 0 29: 325, 22, 2
0 0 31: 325, 22, 0
0 0 32: 325, 22, 3
0 0 35: 325, 22, 0
0 0 36: 325, 22, 0
0 0 39: 325, 22, 1
0 0 40: 325, 22, 2
0 0 42: 325, 22, 3
0 0 43: 325, 22, 3
0 0 44: 325, 22, 0
0 0 47: 326, 22, 3
0 0 48: 325, 22, 2
0 0 56: 1259, 22, 1
0 0 57: 1171, 10, 3
0 0 59: 1259, 22, 2
0 0 60: 1259, 22, 2
0 0 61: 1259, 22, 3
0 0 62: 1259, 22, 0
0 0 63: 1259, 22, 3
0 1 0: 325, 22, 1
0 1 1: 324, 22, 0
0 1 3: 325, 22, 0
0 1 4: 325, 22, 3
0 1 5: 325, 22, 0
0 1 6: 324, 22, 1
0 1 9: 325, 22, 2
0 1 12: 326, 22, 1
0 1 19: 325, 22, 2
0 1 21: 1250, 22, 1
0 1 24: 1383, 10, 1
0 1 26: 325, 22, 3
0 1 28: 325, 22, 3
0 1 31: 325, 22, 2
0 1 32: 325, 22, 2
0 1 33: 325, 22, 3
0 1 35: 326, 22, 1
0 1 37: 325, 22, 1
0 1 38: 325, 22, 0
0 1 40: 325, 22, 3
0 1 44: 324, 22, 2
0 1 45: 325, 22, 1
0 1 46: 325, 22, 1
0 1 50: 1250, 22, 1
0 1 55: 1259, 22, 3
0 1 56: 1259, 22, 1
0 1 57: 1259, 22, 1
0 1 59: 1171, 10, 1
0 1 59: 1259, 22, 3
0 1 60: 1259, 22, 0
0 1 61: 1259, 22, 2
0 1 62: 1259, 22, 0
0 1 63: 1259, 22, 1
0 2 0: 325, 22, 2
0 2 2: 325, 22, 3
0 2 3: 325, 22, 0
0 2 4: 326, 22, 2
0 2 10: 325, 22, 3
0 2 11: 324, 22, 2
0 2 14: 1250, 22, 2
0 2 18: 326, 22, 0
0 2 20: 1383, 10, 0
0 2 22: 1249, 22, 0
0 2 25: 1250, 22, 3
0 2 29: 325, 22, 0
0 2 31: 326, 22, 2
0 2 33: 325, 22, 1
0 2 34: 325, 22, 2
0 2 37: 325, 22, 1
0 2 39: 1250, 22, 0
0 2 41: 325, 22, 3
0 2 42: 325, 22, 2
0 2 43: 325, 22, 1
0 2 45: 325, 22, 3
0 2 49: 1250, 22, 0
0 2 50: 1286, 10, 0
0 2 55: 1259, 22, 3
0 2 56: 1259, 22, 2
0 2 58: 1171, 10, 2
0 2 58: 1259, 22, 1
0 2 60: 1259, 22, 2
0 2 61: 1259, 22, 3
0 2 62: 1259, 22, 0
0 2 63: 1259, 22, 2
0 3 1: 325, 22, 3
0 3 2: 325, 22, 3
0 3 3: 325, 22, 3
0 3 7: 325, 22, 3
0 3 8: 1250, 22, 1
0 3 14: 1383, 10, 3
0 3 15: 1249, 22, 3
0 3 19: 1250, 22, 0
0 3 25: 325, 22, 1
0 3 26: 325, 22, 1
0 3 27: 325, 22, 2
0 3 29: 325, 22, 2
0 3 34: 325, 22, 1
0 3 35: 324, 22, 3
0 3 37: 325, 22, 2
0 3 38: 1250, 22, 3
0 3 39: 1341, 10, 0
0 3 40: 1250, 22, 1
0 3 42: 326, 22, 0
0 3 44: 325, 22, 0
0 3 45: 325, 22, 3
0 3 47: 325, 22, 0
0 3 50: 1250, 22, 3
0 3 54: 1259, 22, 3
0 3 55: 1171, 10, 0
0 3 57: 1171, 10, 2
0 3 57: 1259, 22, 1
0 3 60: 1259, 22, 2
0 3 61: 1259, 22, 0
0 3 63: 1259, 22, 2
0 4 1: 325, 22, 0
0 4 4: 325, 22, 2
0 4 5: 325, 22, 1
0 4 6: 325, 22, 2
0 4 8: 1383, 10, 2
0 4 13: 1602, 3, 2
0 4 17: 1602, 3, 2
0 4 21: 1602, 3, 2
0 4 24: 1602, 3, 2
0 4 27: 1602, 3, 2
0 4 30: 325, 22, 3
0 4 30: 1602, 3, 1
0 4 32: 325, 22, 2
0 4 37: 325, 22, 2
0 4 41: 325, 22, 3
0 4 42: 325, 22, 0
0 4 48: 1250, 22, 0
0 4 55: 1171, 10, 2
0 4 55: 1259, 22, 2
0 4 56: 1171, 10, 1
0 4 57: 1259, 22, 1
0 4 58: 1171, 10, 2
0 4 59: 1259, 22, 2
0 4 60: 1259, 22, 1
0 4 61: 1259, 22, 1
0 4 62: 1259, 22, 1
0 4 63: 1259, 22, 3
0 5 0: 325, 22, 0
0 5 1: 325, 22, 1
0 5 2: 324, 22, 3
0 5 4: 325, 22, 2
0 5 7: 1250, 22, 0
0 5 12: 997, 9, 3
0 5 13: 997, 0, 0
0 5 14: 997, 0, 0
0 5 15: 997, 0, 0
0 5 16: 997, 0, 0
0 5 17: 997, 0, 0
0 5 18: 997, 0, 0
0 5 19: 997, 0, 0
0 5 20: 336, 22, 3
0 5 20: 997, 0, 0
0 5 21: 336, 22, 1
0 5 21: 997, 0, 0
0 5 22: 336, 22, 0
0 5 22: 997, 0, 0
0 5 23: 336, 22, 2
0 5 23: 997, 0, 0
0 5 24: 997, 0, 0
0 5 25: 447, 10, 2
0 5 25: 997, 0, 0
0 5 26: 997, 0, 0
0 5 27: 997, 0, 0
0 5 28: 997, 0, 0
0 5 29: 997, 0, 0
0 5 30: 997, 0, 0
0 5 31: 997, 9, 0
0 5 35: 325, 22, 0
0 5 36: 325, 22, 3
0 5 37: 325, 22, 1
0 5 38: 325, 22, 2
0 5 39: 1249, 22, 0
0 5 40: 325, 22, 2
0 5 41: 325, 22, 2
0 5 45: 325, 22, 3
0 5 49: 1250, 22, 0
0 5 55: 1259, 22, 3
0 5 56: 1259, 22, 0
0 5 57: 1259, 22, 2
0 5 61: 1259, 22, 3
0 5 62: 1259, 22, 3
0 5 63: 1259, 22, 3
0 6 3: 325, 22, 3
0 6 5: 325, 22, 1
0 6 6: 325, 22, 1
0 6 11: 997, 9, 3
0 6 19: 336, 22, 0
0 6 19: 1689, 3, 1
0 6 20: 336, 22, 2
0 6 20: 1809, 0, 2
0 6 21: 337, 22, 1
0 6 21: 1809, 0, 2
0 6 22: 336, 22, 3
0 6 22: 1809, 0, 2
0 6 22: 1837, 5, 2
0 6 23: 337, 22, 0
0 6 23: 1809, 0, 2
0 6 24: 336, 22, 1
0 6 24: 1809, 0, 2
0 6 24: 1825, 5, 2
0 6 25: 1809, 0, 2
0 6 26: 706, 5, 2
0 6 26: 1809, 0, 2
0 6 27: 1689, 3, 2
0 6 30: 447, 10, 3
0 6 32: 997, 9, 0
0 6 34: 325, 22, 3
0 6 35: 325, 22, 0
0 6 38: 325, 22, 2
0 6 39: 325, 22, 3
0 6 40: 325, 22, 2
0 6 41: 1297, 10, 3
0 6 47: 1250, 22, 3
0 6 48: 1250, 22, 2
0 6 49: 1286, 10, 1
0 6 51: 1171, 11, 1
0 6 53: 1171, 10, 3
0 6 55: 1171, 10, 0
0 6 55: 1259, 22, 2
0 6 56: 1171, 10, 1
0 6 56: 1259, 22, 0
0 6 58: 1259, 22, 1
0 6 59: 1259, 22, 3
0 6 60: 1259, 22, 0
0 6 62: 1259, 22, 0
0 6 63: 1259, 22, 0
0 7 1: 326, 22, 3
0 7 3: 325, 22, 1
0 7 4: 325, 22, 0
0 7 5: 325, 22, 0
0 7 7: 325, 22, 1
0 7 10: 997, 9, 3
0 7 16: 1690, 3, 1
0 7 18: 336, 22, 2
0 7 18: 1690, 3, 1
0 7 19: 336, 22, 0
0 7 19: 1809, 0, 1
0 7 20: 336, 22, 2
0 7 20: 2784, 4, 3
0 7 21: 706, 4, 0
0 7 23: 2781, 10, 0
0 7 27: 337, 22, 0
0 7 27: 1809, 0, 3
0 7 28: 336, 22, 0
0 7 28: 1690, 0, 0
0 7 29: 337, 22, 3
0 7 29: 447, 10, 1
0 7 29: 1689, 2, 0
0 7 31: 447, 10, 0
0 7 33: 997, 9, 0
0 7 36: 325, 22, 1
0 7 38: 324, 22, 1
0 7 39: 325, 22, 3
0 7 44: 325, 22, 3
0 7 47: 1250, 22, 0
0 7 54: 1171, 10, 0
0 7 57: 1259, 22, 3
0 7 58: 1259, 22, 0
0 7 59: 1259, 22, 3
0 7 60: 1259, 22, 1
0 7 61: 1259, 22, 2
0 7 62: 1259, 22, 0
0 8 1: 325, 22, 0
0 8 2: 325, 22, 0
0 8 6: 325, 22, 1
0 8 10: 997, 0, 3
0 8 12: 1383, 10, 0
0 8 15: 447, 10, 3
0 8 15: 1689, 3, 1
0 8 16: 336, 22, 1
0 8 16: 1809, 0, 2
0 8 17: 336, 22, 2
0 8 17: 1183, 5, 2
0 8 17: 1809, 0, 2
0 8 18: 336, 22, 3
0 8 18: 1809, 0, 2
0 8 19: 337, 22, 1
0 8 19: 705, 5, 1
0 8 19: 1809, 2, 1
0 8 20: 354, 10, 1
0 8 21: 336, 22, 3
0 8 22: 2785, 10, 0
0 8 24: 2742, 22, 0
0 8 27: 336, 22, 1
0 8 27: 1183, 5, 3
0 8 27: 1809, 0, 3
0 8 28: 336, 22, 2
0 8 29: 336, 22, 0
0 8 29: 1690, 0, 1
0 8 30: 444, 10, 2
0 8 34: 997, 9, 0
0 8 36: 325, 22, 3
0 8 39: 325, 22, 1
0 8 41: 325, 22, 0
0 8 42: 325, 22, 1
0 8 46: 1250, 22, 2
0 8 47: 1383, 10, 1
0 8 48: 1249, 22, 0
0 8 53: 1171, 10, 1
0 8 56: 1259, 22, 3
0 8 57: 1259, 22, 0
0 8 59: 1259, 22, 0
0 8 61: 1259, 22, 2
0 8 62: 1259, 22, 1
0 8 63: 1259, 22, 0
0 9 0: 325, 22, 2
0 9 1: 325, 22, 3
0 9 2: 325, 22, 0
0 9 3: 325, 22, 0
0 9 6: 325, 22, 0
0 9 9: 1602, 3, 1
0 9 10: 997, 0, 3
0 9 15: 446, 10, 3
0 9 15: 706, 5, 1
0 9 15: 1690, 0, 1
0 9 16: 336, 22, 2
0 9 17: 336, 22, 1
0 9 17: 1089, 10, 1
0 9 18: 336, 22, 1
0 9 19: 706, 4, 0
0 9 20: 336, 22, 1
0 9 21: 337, 22, 0
0 9 22: 337, 22, 1
0 9 26: 1843, 4, 1
0 9 27: 1809, 0, 3
0 9 27: 1843, 5, 3
0 9 28: 335, 22, 0
0 9 29: 336, 22, 3
0 9 29: 1690, 0, 1
0 9 33: 1383, 10, 2
0 9 34: 997, 0, 1
0 9 35: 1602, 3, 3
0 9 38: 325, 22, 0
0 9 40: 1250, 22, 1
0 9 43: 325, 22, 2
0 9 44: 325, 22, 2
0 9 48: 1250, 22, 3
0 9 52: 1171, 10, 3
0 9 55: 1259, 22, 3
0 9 57: 1259, 22, 1
0 9 58: 1259, 22, 3
0 9 59: 1259, 22, 2
0 9 60: 1259, 22, 1
0 10 1: 325, 22, 3
0 10 2: 1250, 22, 2
0 10 4: 325, 22, 1
0 10 5: 326, 22, 3
0 10 7: 324, 22, 2
0 10 8: 325, 22, 2
0 10 10: 997, 0, 3
0 10 14: 1690, 3, 1
0 10 15: 336, 22, 0
0 10 15: 1689, 0, 1
0 10 16: 336, 22, 2
0 10 17: 336, 22, 0
0 10 18: 336, 22, 2
0 10 19: 336, 22, 3
0 10 20: 336, 22, 0
0 10 21: 335, 22, 1
0 10 22: 336, 22, 1
0 10 23: 336, 22, 1
0 10 24: 336, 22, 2
0 10 25: 336, 22, 2
0 10 26: 337, 22, 2
0 10 26: 354, 10, 2
0 10 27: 336, 22, 3
0 10 27: 1809, 0, 3
0 10 28: 335, 22, 3
0 10 30: 447, 10, 1
0 10 34: 997, 0, 1
0 10 36: 325, 22, 1
0 10 38: 325, 22, 3
0 10 40: 1341, 10, 1
0 10 41: 1250, 22, 2
0 10 45: 1250, 22, 2
0 10 47: 1250, 22, 2
0 10 53: 1171, 10, 3
0 10 55: 1259, 22, 0
0 10 58: 1259, 22, 1
0 10 59: 1259, 22, 2
0 10 60: 1259, 22, 2
0 10 61: 1259, 22, 1
0 10 62: 1259, 22, 2
0 10 63: 1259, 22, 1
0 11 0: 325, 22, 2
0 11 1: 1250, 22, 0
0 11 2: 1341, 10, 0
0 11 3: 1250, 22, 3
0 11 6: 325, 22, 3
0 11 9: 325, 22, 1
0 11 10: 997, 0, 3
0 11 15: 336, 22, 0
0 11 15: 733, 10, 1
0 11 16: 336, 22, 2
0 11 17: 336, 22, 0
0 11 17: 599, 10, 1
0 11 18: 336, 22, 0
0 11 19: 336, 22, 2
0 11 20: 174, 22, 2
0 11 21: 1089, 10, 0
0 11 22: 336, 22, 1
0 11 23: 336, 22, 0
0 11 24: 175, 22, 1
0 11 25: 336, 22, 3
0 11 26: 336, 22, 0
0 11 26: 1874, 4, 1
0 11 27: 336, 22, 3
0 11 27: 1809, 0, 3
0 11 27: 1874, 5, 3
0 11 34: 997, 0, 1
0 11 35: 1602, 3, 2
0 11 38: 325, 22, 2
0 11 39: 1250, 22, 0
0 11 42: 325, 22, 1
0 11 46: 1250, 22, 3
0 11 47: 1250, 22, 1
0 11 55: 1259, 22, 3
0 11 56: 1259, 22, 3
0 11 57: 1259, 22, 3
0 11 58: 1259, 22, 2
0 11 59: 1259, 22, 2
0 11 61: 1259, 22, 0
0 11 62: 1259, 22, 3
0 11 63: 1259, 22, 2
0 12 0: 325, 22, 2
0 12 2: 1249, 22, 0
0 12 5: 325, 22, 2
0 12 7: 325, 22, 3
0 12 9: 325, 22, 1
0 12 10: 997, 0, 3
0 12 14: 336, 22, 2
0 12 14: 1690, 3, 0
0 12 15: 337, 22, 3
0 12 15: 1809, 0, 1
0 12 16: 336, 22, 3
0 12 16: 706, 4, 2
0 12 17: 336, 22, 3
0 12 18: 337, 22, 2
0 12 19: 336, 22, 0
0 12 20: 336, 22, 3
0 12 21: 336, 22, 3
0 12 22: 336, 22, 0
0 12 23: 336, 22, 3
0 12 24: 336, 22, 1
0 12 25: 337, 22, 3
0 12 26: 366, 10, 3
0 12 26: 1843, 4, 1
0 12 27: 336, 22, 1
0 12 27: 1809, 0, 3
0 12 27: 1843, 5, 3
0 12 28: 336, 22, 0
0 12 29: 336, 22, 2
0 12 29: 1690, 0, 1
0 12 34: 980, 1, 0
0 12 35: 997, 9, 0
0 12 37: 325, 22, 3
0 12 40: 1249, 22, 1
0 12 44: 1250, 22, 1
0 12 47: 1383, 10, 2
0 12 48: 1250, 22, 2
0 12 54: 1259, 22, 3
0 12 55: 1259, 22, 2
0 12 56: 1259, 22, 3
0 12 58: 1259, 22, 3
0 12 60: 1259, 22, 3
0 12 62: 1259, 22, 3
0 12 63: 1259, 22, 3
0 13 1: 325, 22, 1
0 13 2: 325, 22, 0
0 13 3: 325, 22, 0
0 13 5: 325, 22, 1
0 13 7: 325, 22, 0
0 13 9: 1602, 3, 1
0 13 10: 997, 0, 3
0 13 15: 336, 22, 3
0 13 15: 1689, 3, 0
0 13 16: 336, 22, 2
0 13 16: 1809, 0, 0
0 13 17: 447, 10, 2
0 13 17: 1183, 5, 0
0 13 17: 1809, 0, 0
0 13 18: 337, 22, 0
0 13 18: 446, 10, 1
0 13 18: 705, 5, 0
0 13 18: 1809, 2, 0
0 13 19: 336, 22, 2
0 13 19: 706, 4, 3
0 13 20: 335, 22, 0
0 13 20: 1689, 2, 0
0 13 21: 336, 22, 1
0 13 23: 336, 22, 3
0 13 24: 335, 22, 3
0 13 25: 1102, 10, 0
0 13 26: 355, 10, 3
0 13 27: 337, 22, 2
0 13 27: 1809, 0, 3
0 13 28: 337, 22, 1
0 13 28: 1690, 0, 2
0 13 29: 447, 10, 0
0 13 29: 1689, 2, 1
0 13 30: 336, 22, 0
0 13 35: 997, 0, 1
0 13 36: 1602, 3, 3
0 13 38: 326, 22, 3
0 13 39: 325, 22, 2
0 13 42: 325, 22, 0
0 13 45: 1250, 22, 0
0 13 46: 1250, 22, 1
0 13 47: 1250, 22, 1
0 13 53: 1171, 10, 0
0 13 54: 1259, 22, 0
0 13 55: 1259, 22, 1
0 13 56: 1259, 22, 0
0 13 57: 1259, 22, 0
0 13 59: 1259, 22, 1
0 13 60: 1259, 22, 3
0 13 61: 1259, 22, 3
0 13 62: 1259, 22, 0
0 13 63: 1259, 22, 3
0 14 0: 325, 22, 3
0 14 1: 325, 22, 3
0 14 4: 1297, 10, 3
0 14 8: 325, 22, 2
0 14 9: 325, 22, 0
0 14 10: 997, 0, 3
0 14 16: 1689, 3, 2
0 14 17: 336, 22, 3
0 14 17: 1690, 3, 1
0 14 18: 337, 22, 0
0 14 18: 1809, 0, 1
0 14 18: 1843, 5, 1
0 14 19: 336, 22, 3
0 14 19: 1843, 4, 3
0 14 20: 337, 22, 2
0 14 20: 1690, 0, 1
0 14 21: 336, 22, 1
0 14 22: 336, 22, 2
0 14 23: 336, 22, 1
0 14 24: 336, 22, 0
0 14 25: 336, 22, 1
0 14 25: 1809, 0, 1
0 14 26: 337, 22, 0
0 14 26: 705, 4, 3
0 14 26: 1809, 0, 0
0 14 27: 336, 22, 1
0 14 27: 447, 10, 3
0 14 27: 1689, 3, 3
0 14 28: 336, 22, 2
0 14 29: 336, 22, 1
0 14 30: 336, 22, 0
0 14 35: 997, 0, 1
0 14 40: 325, 22, 3
0 14 46: 1286, 10, 2
0 14 54: 1259, 22, 0
0 14 55: 1259, 22, 1
0 14 58: 1259, 22, 1
0 14 59: 1259, 22, 1
0 14 62: 1259, 22, 0
0 14 63: 1259, 22, 3
0 15 1: 324, 22, 1
0 15 2: 325, 22, 2
0 15 9: 325, 22, 0
0 15 10: 997, 0, 3
0 15 16: 446, 10, 1
0 15 16: 1690, 0, 3
0 15 17: 336, 22, 1
0 15 18: 447, 10, 2
0 15 18: 706, 5, 1
0 15 18: 1809, 0, 1
0 15 19: 336, 22, 1
0 15 20: 336, 22, 3
0 15 21: 447, 10, 2
0 15 21: 1690, 3, 2
0 15 22: 335, 22, 3
0 15 23: 336, 22, 3
0 15 24: 174, 22, 3
0 15 25: 1089, 10, 1
0 15 25: 1809, 0, 1
0 15 26: 336, 22, 2
0 15 26: 444, 10, 2
0 15 27: 336, 22, 0
0 15 27: 1690, 3, 3
0 15 35: 997, 0, 1
0 15 37: 325, 22, 3
0 15 38: 325, 22, 2
0 15 39: 325, 22, 2
0 15 41: 325, 22, 0
0 15 42: 325, 22, 0
0 15 44: 1250, 22, 3
0 15 45: 1250, 22, 0
0 15 47: 1249, 22, 1
0 15 48: 1250, 22, 1
0 15 49: 1171, 11, 0
0 15 51: 1171, 10, 1
0 15 56: 1259, 22, 1
0 15 57: 1259, 22, 2
0 15 58: 1259, 22, 1
0 15 59: 1165, 11, 1
0 15 60: 1259, 22, 0
0 15 61: 1259, 22, 2
0 15 62: 1259, 22, 1
0 15 63: 1259, 22, 0
0 16 0: 325, 22, 2
0 16 1: 325, 22, 0
0 16 2: 325, 22, 1
0 16 4: 325, 22, 1
0 16 5: 325, 22, 2
0 16 7: 325, 22, 2
0 16 8: 325, 22, 0
0 16 9: 325, 22, 3
0 16 10: 325, 22, 0
0 16 10: 997, 0, 3
0 16 15: 1689, 3, 1
0 16 16: 447, 10, 2
0 16 16: 1689, 2, 2
0 16 17: 337, 22, 0
0 16 17: 1690, 0, 2
0 16 18: 336, 22, 3
0 16 18: 1809, 0, 1
0 16 19: 1809, 0, 2
0 16 20: 336, 22, 1
0 16 20: 1689, 0, 2
0 16 21: 336, 22, 1
0 16 21: 1690, 3, 2
0 16 22: 336, 22, 3
0 16 23: 336, 22, 2
0 16 24: 336, 22, 3
0 16 24: 1809, 0, 2
0 16 25: 336, 22, 3
0 16 25: 1809, 2, 1
0 16 26: 336, 22, 3
0 16 26: 1183, 4, 3
0 16 30: 2494, 10, 1
0 16 31: 336, 22, 1
0 16 32: 2509, 10, 3
0 16 33: 336, 22, 3
0 16 34: 2494, 10, 2
0 16 35: 997, 0, 1
0 16 39: 325, 22, 1
0 16 40: 324, 22, 0
0 16 42: 325, 22, 0
0 16 45: 1250, 22, 0
0 16 53: 1171, 10, 0
0 16 56: 1259, 22, 1
0 16 58: 1166, 11, 2
0 16 58: 1259, 22, 2
0 16 59: 1259, 22, 0
0 16 61: 1259, 22, 1
0 16 62: 1259, 22, 1
0 17 5: 1341, 10, 1
0 17 6: 1250, 22, 1
0 17 9: 1602, 3, 1
0 17 10: 325, 22, 0
0 17 10: 997, 0, 3
0 17 16: 336, 22, 0
0 17 17: 337, 22, 3
0 17 18: 336, 22, 2
0 17 19: 336, 22, 2
0 17 19: 1183, 4, 0
0 17 20: 337, 22, 3
0 17 20: 446, 10, 1
0 17 20: 1689, 3, 1
0 17 21: 1690, 0, 3
0 17 22: 336, 22, 0
0 17 23: 337, 22, 2
0 17 24: 337, 22, 3
0 17 24: 706, 4, 0
0 17 24: 1689, 0, 3
0 17 25: 337, 22, 1
0 17 25: 447, 10, 0
0 17 26: 337, 22, 3
0 17 27: 447, 10, 1
0 17 30: 336, 22, 1
0 17 31: 337, 22, 2
0 17 32: 336, 22, 2
0 17 33: 337, 22, 0
0 17 34: 336, 22, 2
0 17 35: 997, 0, 1
0 17 36: 1602, 3, 3
0 17 42: 325, 22, 3
0 17 44: 1383, 10, 0
0 17 45: 1250, 22, 3
0 17 46: 1383, 10, 3
0 17 48: 1286, 10, 3
0 17 52: 1171, 10, 3
0 17 54: 1171, 10, 1
0 17 56: 1259, 22, 2
0 17 58: 1259, 22, 0
0 17 59: 1259, 22, 1
0 17 60: 1166, 11, 0
0 17 60: 1259, 22, 0
0 17 62: 1259, 22, 1
0 17 63: 1259, 22, 1
0 18 2: 326, 22, 1
0 18 4: 1250, 22, 0
0 18 8: 1249, 22, 3
0 18 9: 1250, 22, 2
0 18 10: 997, 0, 3
0 18 12: 444, 10, 2
0 18 17: 336, 22, 1
0 18 20: 336, 22, 1
0 18 21: 1690, 2, 2
0 18 22: 1689, 3, 2
0 18 23: 336, 22, 1
0 18 24: 337, 22, 2
0 18 24: 1690, 0, 3
0 18 25: 337, 22, 0
0 18 25: 1690, 3, 1
0 18 29: 336, 22, 3
0 18 30: 2494, 10, 1
0 18 31: 336, 22, 0
0 18 31: 1752, 10, 1
0 18 32: 337, 22, 3
0 18 33: 336, 22, 1
0 18 34: 2508, 10, 0
0 18 35: 997, 0, 1
0 18 37: 325, 22, 1
0 18 39: 325, 22, 1
0 18 41: 325, 22, 0
0 18 44: 1250, 22, 1
0 18 46: 1250, 22, 2
0 18 48: 1250, 22, 3
0 18 54: 1171, 10, 1
0 18 57: 1259, 22, 2
0 18 59: 1259, 22, 1
0 18 61: 1259, 22, 3
0 18 62: 1259, 22, 2
0 19 1: 325, 22, 1
0 19 8: 1286, 10, 3
0 19 10: 997, 0, 3
0 19 11: 447, 10, 2
0 19 14: 447, 10, 0
0 19 21: 336, 22, 0
0 19 24: 1689, 3, 3
0 19 28: 2509, 10, 0
0 19 29: 336, 22, 2
0 19 30: 337, 22, 3
0 19 31: 336, 22, 0
0 19 32: 2508, 10, 1
0 19 33: 336, 22, 0
0 19 35: 997, 0, 1
0 19 40: 326, 22, 0
0 19 44: 1249, 22, 2
0 19 53: 1171, 10, 3
0 19 57: 1259, 22, 1
0 19 58: 1259, 22, 1
0 19 60: 1259, 22, 2
0 19 61: 1259, 22, 3
0 19 62: 1259, 22, 2
0 19 63: 1259, 22, 3
0 20 7: 325, 22, 2
0 20 9: 1250, 22, 1
0 20 10: 997, 0, 3
0 20 12: 445, 10, 1
0 20 14: 447, 10, 3
0 20 30: 336, 22, 3
0 20 32: 336, 22, 0
0 20 33: 337, 22, 0
0 20 34: 336, 22, 2
0 20 35: 997, 0, 1
0 20 39: 325, 22, 0
0 20 41: 325, 22, 1
0 20 43: 1250, 22, 0
0 20 45: 1282, 10, 2
0 20 47: 1250, 22, 1
0 20 48: 1168, 11, 3
0 20 55: 1171, 10, 2
0 20 59: 1259, 22, 0
0 20 60: 1259, 22, 2
0 20 61: 1259, 22, 3
0 20 63: 1259, 22, 0
0 21 9: 325, 22, 3
0 21 10: 997, 0, 3
0 21 11: 447, 10, 1
0 21 15: 306, 10, 2
0 21 23: 336, 22, 3
0 21 23: 447, 10, 2
0 21 25: 336, 22, 1
0 21 26: 336, 22, 1
0 21 27: 336, 22, 3
0 21 28: 325, 22, 1
0 21 30: 2509, 10, 0
0 21 31: 336, 22, 3
0 21 32: 2494, 10, 1
0 21 33: 336, 22, 3
0 21 34: 2494, 10, 3
0 21 35: 997, 0, 1
0 21 36: 325, 22, 0
0 21 36: 1602, 3, 3
0 21 38: 325, 22, 1
0 21 43: 1383, 10, 1
0 21 47: 1168, 11, 2
0 21 49: 1167, 11, 0
0 21 55: 1171, 10, 1
0 21 62: 1259, 22, 1
0 21 63: 1259, 22, 1
0 22 10: 1602, 3, 3
0 22 20: 336, 22, 3
0 22 21: 337, 22, 3
0 22 22: 336, 22, 0
0 22 23: 337, 22, 0
0 22 24: 336, 22, 2
0 22 25: 337, 22, 0
0 22 26: 336, 22, 0
0 22 27: 337, 22, 1
0 22 28: 336, 22, 2
0 22 28: 2508, 10, 2
0 22 30: 336, 22, 2
0 22 31: 337, 22, 3
0 22 32: 336, 22, 1
0 22 35: 997, 0, 1
0 22 40: 325, 22, 3
0 22 42: 325, 22, 1
0 22 43: 1250, 22, 3
0 22 44: 1383, 10, 2
0 22 46: 1249, 22, 0
0 22 48: 1250, 22, 0
0 22 51: 1171, 11, 3
0 22 52: 1383, 10, 2
0 22 56: 1171, 10, 0
0 22 57: 1171, 10, 0
0 22 61: 1259, 22, 3
0 22 62: 1259, 22, 0
0 22 63: 1259, 22, 2
0 23 9: 325, 22, 2
0 23 10: 325, 22, 1
0 23 16: 325, 22, 3
0 23 19: 336, 22, 2
0 23 20: 337, 22, 0
0 23 21: 337, 22, 1
0 23 21: 1690, 2, 3
0 23 22: 336, 22, 0
0 23 23: 337, 22, 2
0 23 23: 1689, 2, 0
0 23 25: 335, 22, 0
0 23 25: 1689, 2, 3
0 23 26: 336, 22, 3
0 23 26: 1690, 0, 0
0 23 27: 337, 22, 0
0 23 27: 1689, 2, 0
0 23 28: 336, 22, 1
0 23 29: 336, 22, 3
0 23 30: 2508, 10, 1
0 23 31: 336, 22, 0
0 23 32: 2509, 10, 3
0 23 35: 997, 0, 1
0 23 37: 325, 22, 3
0 23 38: 325, 22, 2
0 23 45: 1250, 22, 2
0 23 47: 1383, 10, 0
0 23 49: 1383, 10, 0
0 24 10: 1602, 3, 2
0 24 12: 325, 22, 2
0 24 13: 828, 22, 3
0 24 15: 325, 22, 1
0 24 20: 336, 22, 2
0 24 21: 336, 22, 2
0 24 21: 1689, 3, 2
0 24 22: 335, 22, 1
0 24 22: 1690, 3, 2
0 24 23: 336, 22, 3
0 24 23: 1690, 0, 1
0 24 25: 336, 22, 0
0 24 25: 1690, 0, 3
0 24 26: 1690, 0, 0
0 24 27: 336, 22, 2
0 24 27: 447, 10, 0
0 24 27: 1690, 0, 1
0 24 28: 337, 22, 0
0 24 29: 336, 22, 2
0 24 34: 2509, 10, 1
0 24 35: 997, 0, 1
0 24 36: 1602, 3, 2
0 24 42: 325, 22, 2
0 24 43: 325, 22, 3
0 24 46: 1250, 22, 0
0 24 47: 1250, 22, 3
0 24 48: 1250, 22, 0
0 24 49: 1250, 22, 0
0 24 50: 1250, 22, 1
0 24 59: 1383, 10, 3
0 25 8: 1249, 22, 2
0 25 9: 325, 22, 0
0 25 10: 997, 0, 3
0 25 11: 325, 22, 0
0 25 17: 2509, 10, 1
0 25 20: 336, 22, 0
0 25 21: 336, 22, 0
0 25 21: 1690, 0, 3
0 25 23: 336, 22, 3
0 25 23: 1690, 0, 1
0 25 25: 336, 22, 2
0 25 26: 1690, 3, 0
0 25 27: 336, 22, 1
0 25 27: 1689, 3, 1
0 25 28: 336, 22, 1
0 25 29: 336, 22, 1
0 25 35: 997, 0, 1
0 25 37: 325, 22, 2
0 25 39: 326, 22, 3
0 25 40: 325, 22, 3
0 25 41: 325, 22, 3
0 25 43: 325, 22, 3
0 25 44: 325, 22, 0
0 25 49: 1249, 22, 3
0 25 50: 1282, 10, 0
0 25 52: 1250, 22, 3
0 26 0: 325, 22, 0
0 26 8: 1383, 10, 1
0 26 9: 1250, 22, 3
0 26 10: 997, 0, 3
0 26 11: 325, 22, 3
0 26 12: 325, 22, 3
0 26 18: 1689, 3, 1
0 26 19: 337, 22, 1
0 26 19: 1689, 0, 2
0 26 20: 336, 22, 3
0 26 20: 447, 10, 0
0 26 21: 337, 22, 3
0 26 21: 706, 4, 2
0 26 21: 1690, 0, 3
0 26 22: 336, 22, 1
0 26 22: 1845, 4, 2
0 26 23: 337, 22, 0
0 26 23: 1689, 0, 1
0 26 24: 336, 22, 3
0 26 25: 336, 22, 3
0 26 25: 1690, 0, 3
0 26 26: 336, 22, 1
0 26 26: 1689, 3, 0
0 26 27: 337, 22, 1
0 26 27: 1689, 0, 1
0 26 28: 447, 10, 0
0 26 35: 997, 9, 1
0 26 37: 325, 22, 3
0 26 39: 325, 22, 1
0 26 41: 325, 22, 0
0 26 45: 325, 22, 2
0 26 48: 1250, 22, 2
0 26 53: 1383, 10, 3
0 26 54: 1250, 22, 3
0 27 0: 325, 22, 1
0 27 8: 1250, 22, 0
0 27 9: 1602, 3, 1
0 27 10: 997, 0, 3
0 27 11: 325, 22, 1
0 27 16: 2508, 10, 0
0 27 18: 1690, 0, 1
0 27 18: 2510, 10, 1
0 27 19: 336, 22, 0
0 27 20: 337, 22, 0
0 27 21: 366, 10, 0
0 27 21: 1809, 2, 3
0 27 22: 1089, 10, 1
0 27 22: 1809, 0, 0
0 27 22: 1845, 5, 0
0 27 23: 1809, 0, 0
0 27 24: 336, 22, 0
0 27 24: 733, 10, 0
0 27 25: 337, 22, 2
0 27 25: 706, 5, 0
0 27 25: 1809, 0, 0
0 27 26: 422, 10, 0
0 27 26: 1809, 0, 0
0 27 27: 337, 22, 0
0 27 27: 1809, 2, 0
0 27 28: 325, 22, 1
0 27 28: 1183, 4, 3
0 27 29: 447, 10, 2
0 27 34: 997, 9, 1
0 27 38: 325, 22, 0
0 27 40: 325, 22, 2
0 27 42: 326, 22, 0
0 27 43: 325, 22, 0
0 27 46: 325, 22, 0
0 27 49: 1286, 10, 0
0 27 52: 1249, 22, 2
0 27 63: 1383, 10, 1
0 28 6: 324, 22, 0
0 28 10: 997, 0, 3
0 28 18: 336, 22, 2
0 28 19: 336, 22, 1
0 28 19: 1690, 3, 3
0 28 20: 337, 22, 0
0 28 20: 1690, 3, 3
0 28 20: 1837, 4, 1
0 28 21: 354, 10, 3
0 28 21: 1809, 0, 3
0 28 21: 1837, 5, 3
0 28 22: 337, 22, 3
0 28 23: 336, 22, 2
0 28 24: 336, 22, 2
0 28 25: 336, 22, 1
0 28 26: 422, 10, 0
0 28 27: 1809, 0, 1
0 28 28: 444, 10, 0
0 28 28: 706, 4, 3
0 28 30: 447, 10, 1
0 28 32: 980, 1, 1
0 28 33: 997, 9, 1
0 28 39: 324, 22, 1
0 28 41: 325, 22, 1
0 28 43: 325, 22, 0
0 28 44: 325, 22, 1
0 28 47: 325, 22, 1
0 28 50: 1250, 22, 1
0 28 51: 1250, 22, 0
0 28 53: 1383, 10, 2
0 28 54: 1250, 22, 2
0 28 62: 1250, 22, 1
0 29 1: 324, 22, 3
0 29 7: 325, 22, 3
0 29 8: 325, 22, 3
0 29 10: 997, 0, 3
0 29 11: 326, 22, 2
0 29 16: 336, 22, 2
0 29 17: 336, 22, 3
0 29 18: 336, 22, 1
0 29 18: 1689, 0, 1
0 29 19: 336, 22, 2
0 29 19: 1809, 0, 2
0 29 20: 337, 22, 3
0 29 20: 447, 10, 3
0 29 20: 1809, 0, 2
0 29 21: 1089, 10, 2
0 29 21: 1809, 0, 3
0 29 22: 337, 22, 2
0 29 23: 336, 22, 3
0 29 25: 336, 22, 3
0 29 27: 336, 22, 1
0 29 27: 1809, 0, 1
0 29 32: 997, 0, 1
0 29 33: 1602, 3, 3
0 29 34: 1250, 22, 3
0 29 37: 325, 22, 1
0 29 39: 325, 22, 3
0 29 40: 325, 22, 3
0 29 41: 325, 22, 2
0 29 42: 325, 22, 3
0 29 44: 325, 22, 3
0 29 45: 325, 22, 0
0 29 46: 324, 22, 3
0 29 53: 1250, 22, 1
0 29 55: 1171, 11, 2
0 29 59: 1250, 22, 0
0 29 61: 1383, 10, 2
0 29 63: 1250, 22, 3
0 30 1: 325, 22, 3
0 30 2: 325, 22, 2
0 30 3: 325, 22, 0
0 30 4: 1250, 22, 3
0 30 9: 325, 22, 1
0 30 10: 997, 0, 3
0 30 15: 336, 22, 1
0 30 16: 336, 22, 2
0 30 17: 336, 22, 2
0 30 18: 337, 22, 0
0 30 18: 706, 5, 1
0 30 18: 1809, 0, 1
0 30 19: 337, 22, 3
0 30 19: 1022, 4, 0
0 30 20: 337, 22, 2
0 30 20: 1023, 4, 0
0 30 21: 336, 22, 1
0 30 22: 336, 22, 0
0 30 23: 337, 22, 3
0 30 24: 336, 22, 0
0 30 25: 336, 22, 2
0 30 26: 336, 22, 2
0 30 26: 599, 10, 0
0 30 27: 336, 22, 0
0 30 27: 705, 5, 1
0 30 27: 1809, 0, 1
0 30 29: 446, 10, 0
0 30 32: 997, 0, 1
0 30 34: 1383, 10, 1
0 30 36: 325, 22, 3
0 30 37: 324, 22, 0
0 30 39: 326, 22, 1
0 30 40: 325, 22, 1
0 30 42: 325, 22, 2
0 30 44: 325, 22, 2
0 30 45: 325, 22, 3
0 30 47: 325, 22, 0
0 30 48: 325, 22, 2
0 30 52: 1250, 22, 2
0 30 54: 1286, 10, 1
0 30 55: 1250, 22, 3
0 30 58: 1286, 10, 2
0 30 60: 1249, 22, 2
0 30 62: 1286, 10, 3
0 31 0: 325, 22, 2
0 31 1: 325, 22, 2
0 31 3: 325, 22, 3
0 31 5: 1341, 10, 3
0 31 6: 1250, 22, 2
0 31 7: 325, 22, 0
0 31 8: 325, 22, 0
0 31 9: 1602, 3, 1
0 31 10: 997, 0, 3
0 31 11: 325, 22, 2
0 31 12: 325, 22, 3
0 31 15: 336, 22, 1
0 31 16: 336, 22, 3
0 31 17: 337, 22, 3
0 31 18: 336, 22, 3
0 31 18: 1809, 0, 1
0 31 19: 336, 22, 0
0 31 20: 336, 22, 1
0 31 22: 336, 22, 2
0 31 23: 336, 22, 2
0 31 23: 1809, 0, 2
0 31 24: 336, 22, 1
0 31 24: 1089, 10, 3
0 31 24: 1809, 0, 2
0 31 24: 1845, 5, 2
0 31 25: 337, 22, 0
0 31 25: 705, 5, 2
0 31 25: 1809, 0, 2
0 31 26: 336, 22, 3
0 31 26: 1809, 0, 2
0 31 26: 1844, 5, 2
0 31 27: 337, 22, 1
0 31 27: 1018, 10, 1
0 31 27: 1809, 2, 1
0 31 28: 325, 22, 1
0 31 28: 997, 0, 2
0 31 29: 1602, 3, 2
0 31 32: 997, 0, 1
0 31 34: 1250, 22, 1
0 31 36: 325, 22, 3
0 31 37: 325, 22, 0
0 31 43: 325, 22, 3
0 31 45: 325, 22, 2
0 31 49: 325, 22, 3
0 31 50: 325, 22, 0
0 31 52: 1250, 22, 2
0 31 53: 1250, 22, 0
0 31 54: 1249, 22, 1
0 31 57: 1250, 22, 2
0 31 58: 1250, 22, 3
0 31 62: 1250, 22, 0
0 32 1: 326, 22, 2
0 32 2: 325, 22, 3
0 32 4: 325, 22, 1
0 32 6: 325, 22, 3
0 32 7: 325, 22, 1
0 32 8: 325, 22, 0
0 32 10: 997, 0, 3
0 32 11: 1250, 22, 1
0 32 16: 336, 22, 0
0 32 17: 336, 22, 1
0 32 18: 336, 22, 2
0 32 19: 336, 22, 3
0 32 22: 706, 5, 1
0 32 22: 873, 10, 1
0 32 22: 1809, 0, 1
0 32 23: 337, 22, 0
0 32 23: 365, 10, 1
0 32 24: 336, 22, 2
0 32 24: 1845, 4, 0
0 32 25: 336, 22, 1
0 32 25: 1874, 4, 0
0 32 26: 335, 22, 2
0 32 26: 1844, 4, 0
0 32 27: 336, 22, 3
0 32 27: 1809, 3, 0
0 32 28: 997, 0, 1
0 32 32: 997, 0, 1
0 32 33: 1602, 3, 3
0 32 36: 325, 22, 3
0 32 38: 325, 22, 3
0 32 39: 325, 22, 2
0 32 40: 325, 22, 1
0 32 41: 325, 22, 2
0 32 43: 324, 22, 3
0 32 45: 325, 22, 2
0 32 46: 325, 22, 2
0 32 47: 325, 22, 3
0 32 49: 325, 22, 2
0 32 51: 325, 22, 0
0 32 53: 1250, 22, 3
0 32 55: 1282, 10, 1
0 32 60: 1383, 10, 3
0 33 0: 325, 22, 1
0 33 2: 325, 22, 3
0 33 3: 1297, 10, 0
0 33 6: 325, 22, 3
0 33 7: 325, 22, 2
0 33 8: 325, 22, 1
0 33 9: 325, 22, 1
0 33 10: 997, 0, 3
0 33 10: 1249, 22, 1
0 33 11: 1383, 10, 0
0 33 16: 336, 22, 0
0 33 17: 336, 22, 1
0 33 18: 337, 22, 3
0 33 18: 1809, 0, 1
0 33 19: 337, 22, 1
0 33 19: 354, 10, 1
0 33 19: 1874, 4, 2
0 33 20: 336, 22, 2
0 33 21: 336, 22, 1
0 33 21: 354, 10, 3
0 33 21: 705, 4, 2
0 33 22: 1809, 0, 1
0 33 23: 336, 22, 0
0 33 23: 1809, 3, 2
0 33 24: 336, 22, 1
0 33 26: 336, 22, 0
0 33 28: 997, 0, 1
0 33 32: 997, 0, 1
0 33 34: 325, 22, 2
0 33 36: 325, 22, 3
0 33 37: 325, 22, 0
0 33 38: 325, 22, 1
0 33 39: 325, 22, 1
0 33 42: 325, 22, 0
0 33 44: 325, 22, 1
0 33 45: 325, 22, 1
0 33 46: 325, 22, 3
0 33 47: 325, 22, 0
0 33 48: 324, 22, 0
0 33 49: 325, 22, 1
0 33 50: 325, 22, 2
0 33 51: 324, 22, 1
0 33 54: 1250, 22, 3
0 33 57: 1250, 22, 1
0 33 58: 1250, 22, 1
0 33 59: 1250, 22, 3
0 33 61: 1250, 22, 1
0 33 63: 325, 22, 0
0 34 1: 325, 22, 1
0 34 2: 325, 22, 0
0 34 5: 325, 22, 1
0 34 6: 325, 22, 2
0 34 10: 997, 0, 3
0 34 10: 1250, 22, 0
0 34 11: 1250, 22, 0
0 34 16: 336, 22, 0
0 34 17: 336, 22, 1
0 34 18: 336, 22, 0
0 34 18: 1809, 3, 0
0 34 19: 336, 22, 1
0 34 19: 1809, 0, 0
0 34 19: 1874, 5, 0
0 34 20: 337, 22, 1
0 34 20: 706, 5, 0
0 34 20: 1809, 0, 0
0 34 21: 336, 22, 0
0 34 21: 1809, 0, 0
0 34 22: 336, 22, 2
0 34 22: 876, 5, 0
0 34 22: 1809, 0, 0
0 34 23: 336, 22, 0
0 34 23: 997, 0, 3
0 34 28: 997, 0, 1
0 34 32: 997, 0, 1
0 34 33: 325, 22, 1
0 34 35: 325, 22, 0
0 34 36: 325, 22, 3
0 34 38: 325, 22, 0
0 34 39: 325, 22, 1
0 34 40: 325, 22, 2
0 34 41: 1250, 22, 3
0 34 43: 325, 22, 1
0 34 46: 325, 22, 2
0 34 47: 325, 22, 2
0 34 49: 325, 22, 2
0 34 50: 325, 22, 3
0 34 52: 325, 22, 3
0 34 55: 1383, 10, 1
0 34 58: 1383, 10, 0
0 34 63: 325, 22, 1
0 35 0: 325, 22, 1
0 35 6: 325, 22, 1
0 35 9: 325, 22, 0
0 35 9: 997, 0, 1
0 35 10: 997, 0, 2
0 35 11: 997, 0, 2
0 35 12: 706, 5, 2
0 35 12: 997, 0, 2
0 35 18: 336, 22, 2
0 35 20: 336, 22, 3
0 35 21: 336, 22, 2
0 35 21: 2510, 10, 0
0 35 22: 337, 22, 3
0 35 23: 337, 22, 1
0 35 23: 997, 0, 3
0 35 24: 336, 22, 1
0 35 25: 336, 22, 0
0 35 28: 336, 22, 3
0 35 28: 997, 0, 1
0 35 32: 997, 0, 1
0 35 33: 325, 22, 1
0 35 33: 1602, 3, 2
0 35 37: 325, 22, 3
0 35 38: 325, 22, 0
0 35 40: 1250, 22, 0
0 35 41: 1341, 10, 3
0 35 42: 1250, 22, 2
0 35 43: 325, 22, 3
0 35 45: 325, 22, 3
0 35 46: 325, 22, 1
0 35 48: 326, 22, 2
0 35 51: 325, 22, 3
0 35 53: 325, 22, 0
0 35 56: 1250, 22, 2
0 35 58: 1250, 22, 0
0 35 62: 326, 22, 1
0 36 0: 325, 22, 2
0 36 1: 325, 22, 1
0 36 2: 325, 22, 0
0 36 4: 325, 22, 3
0 36 5: 325, 22, 0
0 36 8: 325, 22, 2
0 36 9: 325, 22, 0
0 36 10: 997, 0, 3
0 36 12: 1602, 3, 0
0 36 13: 997, 9, 0
0 36 22: 336, 22, 3
0 36 22: 1602, 3, 0
0 36 23: 336, 22, 0
0 36 23: 997, 0, 0
0 36 24: 997, 0, 0
0 36 25: 1004, 10, 0
0 36 27: 1005, 10, 0
0 36 28: 997, 0, 0
0 36 29: 1602, 3, 3
0 36 30: 447, 10, 0
0 36 33: 997, 9, 0
0 36 34: 325, 22, 1
0 36 39: 324, 22, 0
0 36 41: 1250, 22, 1
0 36 44: 325, 22, 0
0 36 48: 325, 22, 3
0 36 49: 325, 22, 2
0 36 50: 325, 22, 2
0 36 51: 325, 22, 1
0 36 52: 325, 22, 0
0 36 53: 325, 22, 2
0 36 60: 325, 22, 1
0 36 61: 325, 22, 0
0 37 1: 325, 22, 2
0 37 3: 1250, 22, 2
0 37 4: 325, 22, 3
0 37 6: 326, 22, 3
0 37 7: 325, 22, 2
0 37 10: 997, 0, 3
0 37 11: 325, 22, 2
0 37 12: 326, 22, 0
0 37 14: 997, 9, 0
0 37 18: 444, 10, 2
0 37 29: 444, 10, 2
0 37 34: 325, 22, 0
0 37 34: 997, 9, 0
0 37 37: 325, 22, 3
0 37 38: 325, 22, 2
0 37 39: 325, 22, 1
0 37 40: 325, 22, 1
0 37 43: 325, 22, 3
0 37 45: 325, 22, 3
0 37 46: 325, 22, 3
0 37 47: 325, 22, 2
0 37 48: 325, 22, 3
0 37 49: 325, 22, 2
0 37 51: 325, 22, 0
0 37 59: 325, 22, 2
0 37 62: 325, 22, 3
0 37 63: 325, 22, 2
0 38 3: 1341, 10, 2
0 38 5: 325, 22, 2
0 38 6: 325, 22, 0
0 38 7: 325, 22, 3
0 38 9: 325, 22, 2
0 38 9: 1602, 3, 1
0 38 10: 997, 0, 3
0 38 13: 324, 22, 2
0 38 15: 997, 0, 3
0 38 20: 447, 10, 2
0 38 21: 325, 22, 3
0 38 27: 445, 10, 1
0 38 35: 997, 9, 0
0 38 37: 325, 22, 3
0 38 39: 325, 22, 1
0 38 40: 325, 22, 1
0 38 42: 325, 22, 2
0 38 43: 325, 22, 0
0 38 44: 326, 22, 1
0 38 46: 325, 22, 0
0 38 47: 325, 22, 0
0 38 48: 325, 22, 0
0 38 53: 325, 22, 0
0 38 54: 325, 22, 1
0 38 58: 325, 22, 2
0 38 60: 325, 22, 1
0 38 61: 324, 22, 3
0 39 0: 325, 22, 1
0 39 1: 1250, 22, 2
0 39 2: 325, 22, 0
0 39 3: 1250, 22, 3
0 39 4: 325, 22, 1
0 39 5: 325, 22, 3
0 39 6: 324, 22, 2
0 39 8: 325, 22, 0
0 39 9: 325, 22, 0
0 39 10: 997, 0, 3
0 39 12: 325, 22, 3
0 39 15: 1005, 10, 3
0 39 18: 447, 10, 3
0 39 20: 445, 10, 1
0 39 26: 447, 10, 2
0 39 29: 447, 10, 3
0 39 35: 997, 0, 1
0 39 36: 1602, 3, 3
0 39 39: 325, 22, 2
0 39 40: 325, 22, 2
0 39 42: 325, 22, 0
0 39 44: 325, 22, 3
0 39 45: 325, 22, 1
0 39 47: 325, 22, 1
0 39 49: 326, 22, 0
0 39 51: 325, 22, 3
0 39 53: 325, 22, 1
0 39 54: 325, 22, 1
0 39 55: 325, 22, 0
0 39 56: 325, 22, 0
0 39 57: 325, 22, 3
0 39 59: 325, 22, 3
0 39 60: 325, 22, 1
0 39 62: 325, 22, 3
0 39 63: 325, 22, 3
0 40 0: 325, 22, 1
0 40 1: 1383, 10, 0
0 40 3: 325, 22, 0
0 40 5: 325, 22, 0
0 40 6: 325, 22, 2
0 40 10: 997, 0, 3
0 40 10: 1250, 22, 2
0 40 13: 325, 22, 3
0 40 34: 324, 22, 2
0 40 35: 997, 0, 1
0 40 38: 325, 22, 3
0 40 39: 325, 22, 3
0 40 41: 324, 22, 1
0 40 43: 325, 22, 2
0 40 46: 325, 22, 1
0 40 48: 325, 22, 0
0 40 51: 325, 22, 3
0 40 53: 324, 22, 3
0 40 56: 325, 22, 3
0 40 58: 325, 22, 1
0 40 59: 325, 22, 3
0 40 60: 325, 22, 2
0 40 61: 325, 22, 2
0 40 62: 325, 22, 0
0 41 1: 325, 22, 0
0 41 2: 325, 22, 0
0 41 3: 325, 22, 3
0 41 6: 325, 22, 1
0 41 7: 325, 22, 2
0 41 8: 325, 22, 1
0 41 10: 997, 0, 3
0 41 11: 1383, 10, 1
0 41 12: 1250, 22, 3
0 41 15: 1004, 10, 3
0 41 32: 324, 22, 0
0 41 33: 325, 22, 0
0 41 34: 1383, 10, 1
0 41 35: 997, 0, 1
0 41 37: 1250, 22, 0
0 41 40: 325, 22, 2
0 41 42: 325, 22, 3
0 41 44: 325, 22, 3
0 41 45: 325, 22, 2
0 41 47: 324, 22, 2
0 41 50: 325, 22, 3
0 41 52: 325, 22, 2
0 41 54: 325, 22, 2
0 41 57: 325, 22, 0
0 41 58: 325, 22, 3
0 41 59: 325, 22, 0
0 41 61: 325, 22, 0
0 41 62: 325, 22, 0
0 41 63: 325, 22, 2
0 42 0: 325, 22, 0
0 42 1: 1250, 22, 1
0 42 2: 325, 22, 1
0 42 5: 325, 22, 3
0 42 9: 325, 22, 0
0 42 9: 997, 0, 1
0 42 10: 997, 0, 2
0 42 10: 1249, 22, 0
0 42 11: 997, 0, 2
0 42 12: 997, 0, 2
0 42 13: 997, 0, 2
0 42 14: 997, 0, 2
0 42 15: 706, 5, 3
0 42 15: 997, 0, 3
0 42 16: 997, 0, 2
0 42 17: 997, 0, 2
0 42 18: 1602, 3, 2
0 42 24: 2510, 10, 2
0 42 32: 325, 22, 3
0 42 35: 997, 0, 1
0 42 36: 1602, 3, 2
0 42 38: 1383, 10, 0
0 42 43: 1250, 22, 3
0 42 44: 325, 22, 2
0 42 46: 325, 22, 1
0 42 48: 325, 22, 3
0 42 49: 325, 22, 3
0 42 51: 326, 22, 0
0 42 53: 325, 22, 1
0 42 54: 325, 22, 3
0 42 55: 326, 22, 3
0 42 58: 325, 22, 2
0 42 60: 324, 22, 3
0 42 61: 325, 22, 3
0 42 62: 326, 22, 2
0 42 63: 325, 22, 3
0 43 0: 325, 22, 0
0 43 1: 325, 22, 1
0 43 2: 325, 22, 2
0 43 3: 325, 22, 2
0 43 4: 325, 22, 2
0 43 6: 325, 22, 1
0 43 7: 325, 22, 1
0 43 9: 1602, 3, 0
0 43 10: 997, 0, 3
0 43 13: 325, 22, 3
0 43 14: 1602, 3, 3
0 43 15: 997, 0, 0
0 43 18: 997, 0, 3
0 43 19: 336, 22, 1
0 43 20: 336, 22, 0
0 43 21: 336, 22, 3
0 43 30: 997, 9, 3
0 43 31: 997, 0, 0
0 43 32: 1602, 3, 3
0 43 33: 1602, 3, 0
0 43 34: 997, 0, 0
0 43 35: 997, 0, 0
0 43 36: 997, 9, 0
0 43 38: 1250, 22, 3
0 43 40: 325, 22, 1
0 43 42: 325, 22, 0
0 43 43: 1250, 22, 1
0 43 44: 1341, 10, 0
0 43 45: 1250, 22, 2
0 43 47: 325, 22, 3
0 43 48: 325, 22, 2
0 43 55: 325, 22, 3
0 43 56: 325, 22, 0
0 43 57: 324, 22, 0
0 43 59: 325, 22, 2
0 43 62: 325, 22, 1
0 44 0: 1249, 22, 3
0 44 1: 1383, 10, 2
0 44 3: 325, 22, 2
0 44 5: 325, 22, 0
0 44 6: 326, 22, 0
0 44 7: 325, 22, 1
0 44 8: 325, 22, 2
0 44 9: 325, 22, 1
0 44 10: 997, 0, 3
0 44 18: 706, 5, 3
0 44 18: 997, 0, 3
0 44 19: 336, 22, 2
0 44 20: 336, 22, 3
0 44 21: 336, 22, 1
0 44 22: 336, 22, 2
0 44 23: 336, 22, 2
0 44 26: 2510, 10, 1
0 44 28: 1602, 3, 1
0 44 29: 997, 9, 3
0 44 30: 325, 22, 2
0 44 32: 1262, 22, 0
0 44 35: 1263, 22, 3
0 44 36: 997, 0, 1
0 44 37: 1602, 3, 3
0 44 39: 325, 22, 2
0 44 41: 325, 22, 1
0 44 42: 325, 22, 0
0 44 44: 1250, 22, 1
0 44 45: 325, 22, 2
0 44 46: 325, 22, 2
0 44 47: 325, 22, 2
0 44 49: 325, 22, 3
0 44 50: 325, 22, 3
0 44 51: 325, 22, 0
0 44 52: 325, 22, 1
0 44 54: 325, 22, 0
0 44 55: 325, 22, 3
0 44 56: 325, 22, 1
0 44 58: 325, 22, 1
0 44 59: 325, 22, 3
0 44 60: 325, 22, 1
0 44 61: 325, 22, 1
0 44 63: 325, 22, 3
0 45 0: 1250, 22, 1
0 45 2: 1250, 22, 0
0 45 3: 325, 22, 3
0 45 4: 325, 22, 0
0 45 10: 997, 0, 3
0 45 11: 325, 22, 1
0 45 12: 325, 22, 1
0 45 18: 336, 22, 0
0 45 18: 997, 0, 3
0 45 19: 337, 22, 2
0 45 19: 706, 4, 2
0 45 20: 336, 22, 1
0 45 21: 337, 22, 1
0 45 21: 1183, 4, 2
0 45 22: 336, 22, 0
0 45 22: 1690, 3, 3
0 45 23: 337, 22, 0
0 45 23: 1690, 3, 3
0 45 24: 336, 22, 0
0 45 28: 997, 0, 1
0 45 35: 1262, 22, 1
0 45 36: 997, 0, 1
0 45 37: 325, 22, 2
0 45 42: 325, 22, 0
0 45 43: 325, 22, 3
0 45 44: 325, 22, 1
0 45 47: 325, 22, 1
0 45 48: 325, 22, 2
0 45 49: 324, 22, 0
0 45 50: 325, 22, 2
0 45 54: 324, 22, 1
0 45 56: 325, 22, 3
0 45 58: 325, 22, 2
0 45 59: 325, 22, 3
0 45 60: 325, 22, 3
0 45 61: 325, 22, 0
0 46 0: 1250, 22, 1
0 46 0: 1383, 10, 0
0 46 1: 1250, 22, 0
0 46 2: 1250, 22, 3
0 46 5: 325, 22, 3
0 46 8: 325, 22, 3
0 46 9: 325, 22, 1
0 46 10: 997, 0, 3
0 46 17: 336, 22, 0
0 46 17: 1602, 3, 0
0 46 18: 337, 22, 3
0 46 18: 997, 0, 3
0 46 19: 337, 22, 1
0 46 19: 706, 5, 3
0 46 19: 1809, 2, 3
0 46 20: 336, 22, 2
0 46 21: 359, 10, 2
0 46 21: 1183, 5, 0
0 46 21: 1809, 2, 0
0 46 22: 337, 22, 3
0 46 22: 1690, 0, 0
0 46 23: 336, 22, 2
0 46 23: 1690, 0, 0
0 46 24: 337, 22, 3
0 46 24: 1689, 2, 0
0 46 25: 336, 22, 1
0 46 25: 2509, 10, 3
0 46 28: 997, 0, 1
0 46 29: 325, 22, 3
0 46 33: 1263, 22, 0
0 46 34: 300, 10, 0
0 46 36: 997, 0, 1
0 46 39: 325, 22, 0
0 46 40: 324, 22, 3
0 46 41: 325, 22, 3
0 46 42: 325, 22, 0
0 46 43: 325, 22, 0
0 46 45: 325, 22, 0
0 46 46: 325, 22, 0
0 46 47: 325, 22, 2
0 46 50: 325, 22, 2
0 46 52: 325, 22, 1
0 46 53: 325, 22, 1
0 46 56: 325, 22, 2
0 46 57: 325, 22, 1
0 46 59: 325, 22, 0
0 46 62: 324, 22, 1
0 46 63: 325, 22, 0
0 47 1: 325, 22, 3
0 47 2: 325, 22, 3
0 47 4: 325, 22, 3
0 47 6: 325, 22, 3
0 47 7: 325, 22, 1
0 47 9: 1602, 3, 1
0 47 10: 997, 0, 3
0 47 16: 336, 22, 2
0 47 17: 336, 22, 1
0 47 18: 336, 22, 0
0 47 18: 655, 4, 1
0 47 18: 997, 0, 3
0 47 19: 336, 22, 1
0 47 19: 366, 10, 1
0 47 19: 1809, 0, 3
0 47 20: 337, 22, 1
0 47 21: 733, 10, 1
0 47 22: 337, 22, 3
0 47 22: 1690, 3, 0
0 47 23: 336, 22, 2
0 47 23: 1689, 3, 0
0 47 24: 336, 22, 1
0 47 24: 1689, 3, 0
0 47 26: 2510, 10, 3
0 47 28: 706, 5, 1
0 47 28: 997, 0, 1
0 47 30: 325, 22, 1
0 47 31: 325, 22, 2
0 47 33: 1262, 22, 2
0 47 35: 1263, 22, 1
0 47 36: 997, 0, 1
0 47 37: 1602, 3, 2
0 47 38: 325, 22, 2
0 47 39: 325, 22, 0
0 47 43: 1249, 22, 2
0 47 45: 325, 22, 1
0 47 46: 325, 22, 1
0 47 48: 325, 22, 2
0 47 51: 325, 22, 1
0 47 53: 325, 22, 2
0 47 55: 325, 22, 3
0 47 58: 325, 22, 0
0 47 61: 325, 22, 3
0 47 62: 325, 22, 2
0 47 63: 325, 22, 1
0 48 0: 325, 22, 2
0 48 1: 325, 22, 1
0 48 2: 325, 22, 1
0 48 3: 1383, 10, 0
0 48 6: 325, 22, 0
0 48 8: 325, 22, 2
0 48 10: 997, 0, 3
0 48 15: 1262, 22, 1
0 48 17: 336, 22, 3
0 48 18: 336, 22, 0
0 48 18: 997, 0, 3
0 48 18: 1874, 4, 1
0 48 19: 336, 22, 0
0 48 19: 354, 10, 3
0 48 19: 1809, 0, 3
0 48 20: 336, 22, 0
0 48 21: 336, 22, 3
0 48 21: 706, 5, 1
0 48 21: 1809, 0, 1
0 48 22: 337, 22, 2
0 48 22: 1183, 4, 3
0 48 23: 336, 22, 1
0 48 23: 1690, 3, 1
0 48 24: 336, 22, 3
0 48 24: 1690, 0, 1
0 48 25: 336, 22, 1
0 48 27: 325, 22, 2
0 48 28: 997, 0, 1
0 48 30: 174, 22, 2
0 48 31: 327, 10, 2
0 48 34: 1263, 22, 2
0 48 36: 997, 9, 1
0 48 38: 325, 22, 1
0 48 41: 1250, 22, 1
0 48 42: 1341, 10, 2
0 48 44: 325, 22, 0
0 48 46: 324, 22, 2
0 48 47: 325, 22, 2
0 48 48: 1249, 22, 1
0 48 49: 1250, 22, 0
0 48 52: 325, 22, 1
0 49 0: 1250, 22, 2
0 49 2: 1286, 10, 1
0 49 5: 325, 22, 2
0 49 8: 325, 22, 0
0 49 10: 997, 0, 3
0 49 14: 1263, 22, 0
0 49 15: 1263, 22, 1
0 49 17: 706, 4, 1
0 49 17: 1602, 3, 0
0 49 18: 336, 22, 3
0 49 18: 997, 0, 3
0 49 19: 355, 10, 3
0 49 19: 1809, 2, 2
0 49 20: 354, 10, 2
0 49 20: 1183, 5, 2
0 49 20: 1809, 0, 2
0 49 21: 337, 22, 0
0 49 21: 693, 10, 2
0 49 21: 705, 5, 2
0 49 21: 1809, 2, 1
0 49 22: 337, 22, 0
0 49 22: 1689, 0, 2
0 49 23: 336, 22, 2
0 49 23: 1690, 0, 2
0 49 24: 337, 22, 1
0 49 24: 1689, 2, 1
0 49 25: 336, 22, 3
0 49 27: 325, 22, 3
0 49 28: 997, 0, 1
0 49 31: 325, 22, 3
0 49 32: 325, 22, 3
0 49 33: 325, 22, 2
0 49 35: 997, 9, 1
0 49 38: 325, 22, 1
0 49 42: 1250, 22, 3
0 49 43: 325, 22, 3
0 49 45: 325, 22, 1
0 49 47: 325, 22, 1
0 49 48: 1250, 22, 2
0 49 49: 1341, 10, 3
0 49 56: 336, 22, 2
0 49 58: 336, 22, 1
0 49 60: 336, 22, 0
0 50 3: 325, 22, 3
0 50 4: 1341, 10, 1
0 50 5: 325, 22, 3
0 50 6: 325, 22, 0
0 50 7: 325, 22, 1
0 50 10: 997, 9, 2
0 50 11: 997, 0, 2
0 50 12: 301, 10, 3
0 50 12: 997, 0, 2
0 50 13: 997, 0, 2
0 50 14: 301, 10, 3
0 50 14: 997, 0, 2
0 50 15: 997, 0, 2
0 50 15: 1263, 22, 3
0 50 16: 997, 0, 2
0 50 17: 997, 0, 2
0 50 18: 997, 0, 3
0 50 19: 997, 0, 2
0 50 20: 997, 0, 2
0 50 20: 1183, 4, 0
0 50 21: 706, 4, 0
0 50 21: 997, 0, 2
0 50 22: 997, 0, 2
0 50 23: 997, 0, 2
0 50 24: 997, 0, 2
0 50 25: 997, 0, 2
0 50 26: 997, 0, 2
0 50 27: 997, 0, 2
0 50 28: 997, 0, 1
0 50 29: 325, 22, 0
0 50 29: 997, 0, 2
0 50 30: 997, 0, 2
0 50 31: 997, 0, 2
0 50 32: 997, 0, 2
0 50 33: 997, 0, 2
0 50 34: 997, 9, 1
0 50 35: 325, 22, 2
0 50 39: 325, 22, 3
0 50 42: 325, 22, 3
0 50 47: 325, 22, 1
0 50 49: 1250, 22, 3
0 50 50: 1250, 22, 1
0 50 57: 336, 22, 3
0 50 60: 336, 22, 3
0 50 62: 336, 22, 1
0 50 63: 336, 22, 2
0 51 1: 1383, 10, 3
0 51 2: 1249, 22, 2
0 51 3: 325, 22, 3
0 51 5: 326, 22, 3
0 51 7: 325, 22, 1
0 51 8: 325, 22, 1
0 51 10: 325, 22, 1
0 51 12: 325, 22, 1
0 51 13: 1602, 3, 0
0 51 17: 325, 22, 3
0 51 17: 1602, 3, 0
0 51 18: 997, 0, 0
0 51 20: 325, 22, 3
0 51 21: 1602, 3, 0
0 51 22: 325, 22, 1
0 51 23: 325, 22, 1
0 51 24: 325, 22, 1
0 51 25: 1602, 3, 0
0 51 27: 325, 22, 1
0 51 28: 325, 22, 2
0 51 28: 997, 0, 0
0 51 29: 1602, 3, 3
0 51 30: 325, 22, 3
0 51 33: 1602, 3, 0
0 51 34: 325, 22, 2
0 51 35: 325, 22, 2
0 51 37: 325, 22, 0
0 51 38: 325, 22, 1
0 51 39: 325, 22, 0
0 51 41: 325, 22, 2
0 51 44: 326, 22, 2
0 51 47: 325, 22, 0
0 51 52: 336, 22, 1
0 51 54: 337, 22, 1
0 51 56: 336, 22, 3
0 51 58: 336, 22, 3
0 51 59: 336, 22, 0
0 51 61: 336, 22, 3
0 51 62: 337, 22, 2
0 51 63: 336, 22, 3
0 52 0: 1250, 22, 3
0 52 1: 1250, 22, 0
0 52 4: 325, 22, 3
0 52 6: 325, 22, 2
0 52 7: 325, 22, 1
0 52 11: 325, 22, 1
0 52 12: 325, 22, 0
0 52 13: 325, 22, 0
0 52 14: 325, 22, 2
0 52 15: 325, 22, 3
0 52 16: 325, 22, 2
0 52 17: 324, 22, 3
0 52 20: 325, 22, 0
0 52 21: 325, 22, 3
0 52 24: 1383, 10, 2
0 52 25: 325, 22, 2
0 52 26: 325, 22, 1
0 52 29: 1383, 10, 3
0 52 31: 325, 22, 3
0 52 33: 325, 22, 1
0 52 35: 325, 22, 3
0 52 37: 325, 22, 1
0 52 42: 324, 22, 1
0 52 46: 325, 22, 3
0 52 51: 336, 22, 2
0 52 53: 336, 22, 1
0 52 54: 336, 22, 0
0 52 55: 336, 22, 3
0 52 57: 336, 22, 0
0 52 59: 335, 22, 0
0 52 61: 336, 22, 2
0 52 63: 336, 22, 0
0 53 2: 1250, 22, 3
0 53 3: 1250, 22, 3
0 53 4: 325, 22, 0
0 53 5: 325, 22, 2
0 53 6: 325, 22, 2
0 53 7: 325, 22, 2
0 53 8: 325, 22, 1
0 53 9: 325, 22, 3
0 53 15: 324, 22, 2
0 53 16: 325, 22, 1
0 53 20: 325, 22, 3
0 53 21: 325, 22, 1
0 53 22: 325, 22, 1
0 53 23: 325, 22, 0
0 53 25: 325, 22, 0
0 53 27: 325, 22, 1
0 53 31: 325, 22, 0
0 53 32: 325, 22, 1
0 53 33: 325, 22, 2
0 53 35: 325, 22, 2
0 53 38: 324, 22, 0
0 53 39: 325, 22, 1
0 53 40: 325, 22, 2
0 53 44: 325, 22, 0
0 53 47: 336, 22, 1
0 53 49: 337, 22, 2
0 53 51: 336, 22, 3
0 53 53: 336, 22, 0
0 53 54: 336, 22, 1
0 53 56: 335, 22, 3
0 53 57: 336, 22, 0
0 53 58: 336, 22, 3
0 53 59: 336, 22, 1
0 53 62: 336, 22, 1
0 54 0: 1250, 22, 0
0 54 3: 1250, 22, 2
0 54 5: 325, 22, 3
0 54 9: 325, 22, 2
0 54 11: 324, 22, 1
0 54 12: 326, 22, 1
0 54 13: 325, 22, 2
0 54 15: 325, 22, 2
0 54 17: 325, 22, 2
0 54 18: 325, 22, 2
0 54 19: 325, 22, 3
0 54 25: 325, 22, 2
0 54 26: 325, 22, 0
0 54 28: 325, 22, 1
0 54 29: 325, 22, 3
0 54 30: 325, 22, 0
0 54 31: 325, 22, 1
0 54 33: 325, 22, 2
0 54 34: 325, 22, 3
0 54 35: 325, 22, 3
0 54 36: 324, 22, 3
0 54 39: 325, 22, 1
0 54 42: 325, 22, 0
0 54 43: 325, 22, 2
0 54 46: 336, 22, 1
0 54 48: 336, 22, 0
0 54 49: 336, 22, 0
0 54 50: 1250, 22, 0
0 54 52: 336, 22, 2
0 54 53: 336, 22, 3
0 54 54: 336, 22, 0
0 54 55: 1250, 22, 3
0 54 56: 1384, 11, 1
0 54 58: 336, 22, 0
0 54 60: 336, 22, 0
0 54 63: 336, 22, 0
0 55 2: 1383, 10, 0
0 55 4: 325, 22, 2
0 55 5: 325, 22, 3
0 55 7: 324, 22, 0
0 55 19: 325, 22, 3
0 55 22: 325, 22, 2
0 55 23: 325, 22, 2
0 55 25: 325, 22, 3
0 55 26: 325, 22, 3
0 55 29: 325, 22, 2
0 55 31: 325, 22, 0
0 55 33: 325, 22, 0
0 55 35: 325, 22, 1
0 55 37: 325, 22, 2
0 55 39: 325, 22, 1
0 55 41: 325, 22, 2
0 55 42: 325, 22, 3
0 55 45: 1250, 22, 1
0 55 47: 337, 22, 1
0 55 48: 336, 22, 2
0 55 49: 336, 22, 3
0 55 51: 1384, 11, 3
0 55 53: 336, 22, 0
0 55 54: 336, 22, 1
0 55 55: 336, 22, 3
0 55 57: 336, 22, 1
0 55 59: 335, 22, 0
0 55 60: 336, 22, 3
0 55 61: 336, 22, 0
0 55 63: 336, 22, 0
0 56 0: 325, 22, 1
0 56 1: 1383, 10, 1
0 56 3: 325, 22, 2
0 56 4: 1250, 22, 2
0 56 6: 325, 22, 0
0 56 8: 325, 22, 1
0 56 9: 324, 22, 3
0 56 10: 325, 22, 3
0 56 12: 325, 22, 3
0 56 13: 325, 22, 0
0 56 15: 325, 22, 1
0 56 16: 325, 22, 1
0 56 18: 1250, 22, 0
0 56 20: 325, 22, 0
0 56 23: 325, 22, 1
0 56 24: 326, 22, 2
0 56 25: 325, 22, 0
0 56 30: 325, 22, 3
0 56 31: 325, 22, 3
0 56 32: 325, 22, 0
0 56 33: 325, 22, 1
0 56 38: 325, 22, 3
0 56 40: 326, 22, 3
0 56 42: 325, 22, 3
0 56 44: 1341, 10, 1
0 56 47: 336, 22, 1
0 56 49: 336, 22, 2
0 56 50: 336, 22, 3
0 56 52: 1250, 22, 3
0 56 53: 336, 22, 1
0 56 55: 336, 22, 2
0 56 56: 336, 22, 0
0 56 57: 336, 22, 0
0 56 58: 336, 22, 1
0 56 59: 336, 22, 3
0 56 62: 336, 22, 2
0 57 4: 1286, 10, 2
0 57 5: 1249, 22, 1
0 57 6: 1341, 10, 0
0 57 11: 324, 22, 1
0 57 14: 325, 22, 2
0 57 17: 1250, 22, 3
0 57 18: 1341, 10, 3
0 57 21: 325, 22, 3
0 57 24: 325, 22, 1
0 57 26: 325, 22, 0
0 57 28: 324, 22, 3
0 57 29: 325, 22, 3
0 57 31: 325, 22, 3
0 57 34: 1250, 22, 0
0 57 37: 325, 22, 3
0 57 40: 325, 22, 1
0 57 41: 325, 22, 0
0 57 43: 1249, 22, 3
0 57 45: 1250, 22, 2
0 57 46: 336, 22, 3
0 57 48: 336, 22, 0
0 57 49: 336, 22, 3
0 57 51: 336, 22, 1
0 57 52: 336, 22, 1
0 57 53: 659, 10, 1
0 57 54: 336, 22, 1
0 57 57: 336, 22, 1
0 57 59: 336, 22, 2
0 57 60: 336, 22, 1
0 57 62: 335, 22, 3
0 57 63: 336, 22, 1
0 58 1: 325, 22, 0
0 58 2: 325, 22, 3
0 58 4: 1282, 10, 3
0 58 8: 325, 22, 0
0 58 9: 325, 22, 1
0 58 12: 325, 22, 2
0 58 14: 324, 22, 0
0 58 16: 325, 22, 1
0 58 19: 325, 22, 1
0 58 20: 1249, 22, 1
0 58 23: 325, 22, 0
0 58 27: 325, 22, 1
0 58 32: 325, 22, 0
0 58 33: 1250, 22, 1
0 58 34: 1341, 10, 1
0 58 36: 325, 22, 2
0 58 39: 325, 22, 1
0 58 44: 336, 22, 2
0 58 45: 336, 22, 3
0 58 47: 336, 22, 0
0 58 48: 336, 22, 1
0 58 50: 335, 22, 3
0 58 51: 336, 22, 0
0 58 52: 336, 22, 3
0 58 53: 336, 22, 2
0 58 55: 1250, 22, 0
0 58 56: 1249, 22, 1
0 58 57: 336, 22, 2
0 58 58: 336, 22, 2
0 58 60: 336, 22, 1
0 58 61: 336, 22, 2
0 58 63: 336, 22, 2
0 59 2: 325, 22, 0
0 59 7: 1383, 10, 2
0 59 9: 325, 22, 0
0 59 11: 1249, 22, 2
0 59 16: 325, 22, 0
0 59 17: 326, 22, 0
0 59 21: 325, 22, 3
0 59 22: 325, 22, 0
0 59 25: 1250, 22, 3
0 59 28: 325, 22, 2
0 59 29: 324, 22, 0
0 59 30: 325, 22, 1
0 59 31: 325, 22, 3
0 59 35: 1249, 22, 0
0 59 38: 324, 22, 2
0 59 41: 1250, 22, 3
0 59 45: 336, 22, 2
0 59 46: 336, 22, 3
0 59 47: 337, 22, 1
0 59 48: 336, 22, 3
0 59 49: 336, 22, 3
0 59 51: 336, 22, 0
0 59 54: 1250, 22, 3
0 59 55: 1384, 11, 1
0 59 57: 336, 22, 0
0 59 59: 336, 22, 3
0 59 61: 336, 22, 2
0 60 0: 325, 22, 3
0 60 1: 1250, 22, 0
0 60 3: 1383, 10, 0
0 60 5: 1250, 22, 3
0 60 6: 1250, 22, 0
0 60 10: 325, 22, 0
0 60 12: 1341, 10, 3
0 60 13: 1250, 22, 0
0 60 14: 325, 22, 1
0 60 15: 325, 22, 2
0 60 18: 325, 22, 1
0 60 19: 324, 22, 2
0 60 21: 325, 22, 2
0 60 22: 325, 22, 0
0 60 24: 1250, 22, 1
0 60 25: 1341, 10, 0
0 60 26: 1250, 22, 0
0 60 30: 325, 22, 1
0 60 32: 325, 22, 0
0 60 33: 325, 22, 0
0 60 34: 325, 22, 1
0 60 42: 1341, 10, 2
0 60 43: 1250, 22, 2
0 60 44: 336, 22, 1
0 60 49: 336, 22, 2
0 60 50: 336, 22, 1
0 60 51: 336, 22, 0
0 60 52: 337, 22, 2
0 60 53: 336, 22, 1
0 60 55: 336, 22, 3
0 60 56: 336, 22, 0
0 60 58: 336, 22, 3
0 60 60: 336, 22, 3
0 60 62: 336, 22, 0
0 60 63: 336, 22, 1
0 61 1: 1250, 22, 1
0 61 1: 1286, 10, 3
0 61 4: 1249, 22, 0
0 61 5: 1383, 10, 2
0 61 7: 325, 22, 3
0 61 8: 325, 22, 3
0 61 12: 1250, 22, 3
0 61 14: 325, 22, 1
0 61 15: 325, 22, 2
0 61 16: 325, 22, 2
0 61 17: 325, 22, 3
0 61 20: 325, 22, 0
0 61 21: 325, 22, 2
0 61 22: 325, 22, 3
0 61 24: 1250, 22, 2
0 61 27: 325, 22, 1
0 61 29: 325, 22, 2
0 61 32: 324, 22, 1
0 61 36: 325, 22, 1
0 61 38: 325, 22, 2
0 61 39: 326, 22, 0
0 61 42: 1250, 22, 0
0 61 44: 336, 22, 1
0 61 46: 337, 22, 0
0 61 47: 336, 22, 2
0 61 48: 336, 22, 3
0 61 49: 336, 22, 2
0 61 50: 336, 22, 0
0 61 51: 336, 22, 1
0 61 54: 336, 22, 2
0 61 55: 336, 22, 0
0 61 56: 336, 22, 3
0 61 57: 336, 22, 1
0 61 59: 335, 22, 1
0 61 61: 336, 22, 1
0 61 63: 336, 22, 1
0 62 1: 1250, 22, 2
0 62 4: 325, 22, 1
0 62 5: 325, 22, 2
0 62 6: 1250, 22, 0
0 62 7: 1286, 10, 2
0 62 9: 325, 22, 2
0 62 10: 325, 22, 3
0 62 11: 325, 22, 0
0 62 12: 325, 22, 1
0 62 14: 326, 22, 2
0 62 16: 325, 22, 2
0 62 17: 325, 22, 2
0 62 18: 324, 22, 3
0 62 20: 326, 22, 2
0 62 21: 325, 22, 2
0 62 24: 325, 22, 1
0 62 25: 325, 22, 1
0 62 26: 325, 22, 1
0 62 27: 325, 22, 1
0 62 28: 326, 22, 1
0 62 30: 325, 22, 2
0 62 31: 325, 22, 3
0 62 33: 325, 22, 0
0 62 34: 325, 22, 1
0 62 36: 325, 22, 2
0 62 40: 325, 22, 3
0 62 41: 325, 22, 3
0 62 42: 325, 22, 1
0 62 45: 336, 22, 0
0 62 48: 336, 22, 1
0 62 51: 336, 22, 2
0 62 52: 337, 22, 3
0 62 53: 336, 22, 0
0 62 54: 1249, 22, 0
0 62 56: 336, 22, 2
0 62 57: 336, 22, 1
0 62 58: 336, 22, 1
0 62 59: 336, 22, 0
0 62 60: 336, 22, 0
0 62 61: 335, 22, 2
0 62 63: 336, 22, 0
0 63 0: 325, 22, 1
0 63 2: 325, 22, 1
0 63 3: 325, 22, 1
0 63 11: 324, 22, 2
0 63 12: 325, 22, 0
0 63 14: 325, 22, 1
0 63 15: 325, 22, 2
0 63 16: 325, 22, 2
0 63 18: 325, 22, 3
0 63 19: 325, 22, 3
0 63 20: 325, 22, 0
0 63 21: 325, 22, 0
0 63 22: 325, 22, 1
0 63 24: 325, 22, 3
0 63 25: 325, 22, 0
0 63 30: 325, 22, 3
0 63 36: 325, 22, 2
0 63 38: 325, 22, 3
0 63 40: 325, 22, 3
0 63 41: 325, 22, 0
0 63 43: 325, 22, 1
0 63 45: 336, 22, 3
0 63 46: 336, 22, 3
0 63 47: 336, 22, 0
0 63 49: 336, 22, 2
0 63 50: 336, 22, 1
0 63 51: 336, 22, 3
0 63 52: 336, 22, 3
0 63 53: 336, 22, 0
0 63 54: 1250, 22, 2
0 63 55: 1384, 11, 3
0 63 56: 1249, 22, 1
0 63 59: 336, 22, 2
0 63 60: 336, 22, 3
0 63 62: 336, 22, 3
1 6 19: 1791, 19, 1
1 6 20: 1791, 18, 2
1 6 21: 1791, 18, 2
1 6 22: 1791, 18, 2
1 6 23: 1791, 18, 2
1 6 24: 1791, 18, 2
1 6 25: 1791, 18, 2
1 6 26: 1791, 18, 2
1 6 27: 1791, 19, 2
1 7 19: 1791, 18, 1
1 7 20: 1925, 16, 1
1 7 21: 1925, 12, 2
1 7 22: 1925, 12, 2
1 7 23: 1925, 12, 2
1 7 24: 1925, 12, 2
1 7 25: 1925, 12, 2
1 7 26: 1925, 16, 2
1 7 27: 1791, 18, 3
1 8 16: 1791, 19, 1
1 8 17: 1791, 18, 2
1 8 18: 1791, 18, 2
1 8 19: 1791, 20, 1
1 8 20: 1925, 12, 1
1 8 21: 1925, 17, 2
1 8 22: 1925, 17, 2
1 8 25: 1925, 17, 2
1 8 26: 1925, 12, 3
1 8 27: 1791, 18, 3
1 9 17: 1925, 12, 2
1 9 18: 1925, 12, 2
1 9 19: 1925, 12, 2
1 9 20: 1925, 15, 1
1 9 21: 1925, 17, 2
1 9 22: 1925, 17, 2
1 9 25: 1925, 17, 2
1 9 26: 1925, 12, 3
1 9 27: 1791, 18, 3
1 10 17: 1925, 17, 2
1 10 18: 1925, 17, 2
1 10 19: 1925, 17, 2
1 10 20: 1925, 17, 2
1 10 21: 1925, 17, 2
1 10 22: 1925, 17, 2
1 10 23: 1925, 17, 2
1 10 24: 1925, 17, 2
1 10 25: 1925, 17, 2
1 10 26: 1925, 12, 3
1 10 27: 1791, 18, 3
1 11 15: 1791, 19, 1
1 11 17: 1925, 17, 2
1 11 18: 1925, 17, 2
1 11 19: 1925, 17, 2
1 11 20: 1925, 17, 2
1 11 21: 1925, 17, 2
1 11 22: 1925, 17, 2
1 11 23: 1925, 17, 2
1 11 24: 1925, 17, 2
1 11 25: 1925, 17, 2
1 11 26: 1925, 12, 3
1 11 27: 1791, 18, 3
1 12 15: 1791, 18, 1
1 12 16: 1925, 16, 0
1 12 17: 1925, 12, 0
1 12 18: 1925, 12, 0
1 12 19: 1925, 15, 0
1 12 20: 1925, 17, 2
1 12 21: 1925, 17, 2
1 12 22: 1925, 17, 2
1 12 23: 1925, 17, 2
1 12 24: 1925, 17, 2
1 12 25: 1925, 17, 2
1 12 26: 1925, 12, 3
1 12 27: 1791, 18, 3
1 13 15: 1791, 19, 0
1 13 16: 1791, 18, 0
1 13 17: 1791, 18, 0
1 13 18: 1791, 20, 0
1 13 19: 1925, 12, 1
1 13 20: 1925, 17, 2
1 13 21: 1925, 17, 2
1 13 22: 1925, 17, 2
1 13 23: 1925, 17, 2
1 13 24: 1925, 17, 2
1 13 25: 1925, 15, 3
1 13 26: 1925, 16, 3
1 13 27: 1791, 18, 3
1 14 18: 1791, 18, 1
1 14 19: 1925, 12, 1
1 14 24: 1925, 17, 2
1 14 25: 1925, 12, 3
1 14 26: 1791, 20, 3
1 14 27: 1791, 19, 3
1 15 18: 1791, 18, 1
1 15 19: 1925, 12, 1
1 15 24: 1925, 17, 2
1 15 25: 1925, 12, 3
1 15 26: 1791, 18, 3
1 15 29: 1809, 3, 1
1 15 30: 1809, 0, 2
1 15 31: 1689, 0, 2
1 15 33: 1690, 0, 2
1 15 34: 1809, 0, 2
1 15 35: 1809, 3, 2
1 16 18: 1791, 18, 1
1 16 19: 1925, 16, 0
1 16 24: 1925, 12, 0
1 16 25: 1925, 16, 3
1 16 26: 1791, 18, 3
1 16 29: 1183, 5, 1
1 16 29: 1809, 0, 1
1 16 30: 337, 22, 0
1 16 31: 336, 22, 3
1 16 31: 2508, 10, 2
1 16 32: 2509, 10, 2
1 16 34: 337, 22, 0
1 16 34: 2509, 10, 1
1 16 35: 1809, 0, 3
1 17 18: 1791, 19, 0
1 17 19: 1791, 18, 0
1 17 24: 1791, 18, 0
1 17 25: 1791, 18, 0
1 17 26: 1791, 19, 3
1 17 29: 1689, 0, 1
1 17 30: 336, 22, 2
1 17 31: 336, 22, 1
1 17 33: 336, 22, 0
1 17 33: 2508, 10, 3
1 17 34: 336, 22, 3
1 17 35: 1689, 0, 3
1 18 29: 1690, 0, 1
1 18 31: 1809, 3, 1
1 18 34: 336, 22, 2
1 18 35: 1690, 0, 3
1 19 29: 1809, 3, 0
1 19 31: 1689, 0, 1
1 19 34: 337, 22, 3
1 19 35: 1689, 0, 3
1 20 31: 1809, 0, 1
1 20 31: 1837, 5, 1
1 20 32: 336, 22, 1
1 20 33: 336, 22, 0
1 20 35: 1690, 0, 3
1 21 31: 1809, 0, 1
1 21 32: 337, 22, 1
1 21 33: 336, 22, 0
1 21 34: 2508, 10, 0
1 21 35: 1809, 0, 3
1 22 31: 1809, 3, 0
1 22 32: 1809, 0, 0
1 22 33: 1183, 5, 0
1 22 33: 1809, 0, 0
1 22 34: 1809, 0, 0
1 22 35: 1809, 3, 3
1 26 20: 1791, 19, 1
1 26 21: 1791, 18, 2
1 26 22: 1791, 18, 2
1 26 23: 1791, 18, 2
1 26 24: 1791, 18, 2
1 26 25: 1791, 18, 2
1 26 26: 1791, 18, 2
1 26 27: 1791, 18, 2
1 26 28: 1791, 19, 2
1 27 20: 1791, 18, 1
1 27 21: 1925, 16, 1
1 27 22: 1925, 12, 2
1 27 23: 1925, 12, 2
1 27 24: 1925, 12, 2
1 27 25: 1925, 12, 2
1 27 26: 1925, 12, 2
1 27 27: 1925, 16, 2
1 27 28: 1791, 18, 3
1 28 20: 1791, 18, 1
1 28 21: 1925, 12, 1
1 28 22: 1925, 17, 1
1 28 23: 1925, 17, 1
1 28 24: 1925, 17, 1
1 28 25: 1925, 17, 1
1 28 26: 1925, 17, 1
1 28 27: 1925, 12, 3
1 28 28: 1791, 18, 3
1 29 18: 1791, 19, 1
1 29 19: 1791, 18, 2
1 29 20: 1791, 20, 1
1 29 21: 1925, 12, 1
1 29 22: 1925, 17, 1
1 29 23: 1925, 17, 1
1 29 24: 1925, 17, 1
1 29 25: 1925, 17, 1
1 29 26: 1925, 17, 1
1 29 27: 1925, 12, 3
1 29 28: 1791, 18, 3
1 30 18: 1791, 18, 1
1 30 19: 1925, 16, 1
1 30 20: 1925, 12, 2
1 30 21: 1643, 15, 1
1 30 22: 1925, 17, 1
1 30 23: 1925, 17, 1
1 30 24: 1925, 17, 1
1 30 25: 1925, 17, 1
1 30 26: 1925, 17, 1
1 30 27: 1925, 12, 3
1 30 28: 1791, 18, 3
1 31 18: 1791, 18, 1
1 31 19: 1925, 12, 1
1 31 20: 1925, 17, 1
1 31 21: 1925, 17, 1
1 31 22: 1643, 15, 3
1 31 23: 1925, 12, 0
1 31 24: 1925, 12, 0
1 31 25: 1925, 12, 0
1 31 26: 1925, 12, 0
1 31 27: 1925, 16, 3
1 31 28: 1791, 18, 3
1 32 18: 1791, 18, 1
1 32 19: 1925, 12, 1
1 32 20: 1925, 17, 1
1 32 21: 1925, 17, 1
1 32 22: 1925, 12, 3
1 32 23: 1791, 20, 3
1 32 24: 1791, 18, 0
1 32 25: 1791, 18, 0
1 32 26: 1791, 18, 0
1 32 27: 1791, 18, 0
1 32 28: 1791, 19, 3
1 33 18: 1791, 18, 1
1 33 19: 1925, 16, 0
1 33 20: 1925, 12, 0
1 33 21: 1925, 12, 0
1 33 22: 1925, 16, 3
1 33 23: 1791, 18, 3
1 34 18: 1791, 19, 0
1 34 19: 1791, 18, 0
1 34 20: 1791, 18, 0
1 34 21: 1791, 18, 0
1 34 22: 1791, 18, 0
1 34 23: 1791, 19, 3
1 45 18: 1791, 19, 1
1 45 19: 1791, 18, 2
1 45 20: 1791, 18, 2
1 45 21: 1791, 18, 2
1 45 22: 1791, 19, 2
1 46 18: 1791, 18, 1
1 46 19: 1643, 16, 1
1 46 20: 1643, 12, 2
1 46 21: 1643, 16, 2
1 46 22: 1791, 18, 3
1 47 18: 1791, 18, 1
1 47 19: 1643, 12, 1
1 47 20: 1643, 17, 2
1 47 21: 1643, 12, 3
1 47 22: 1791, 18, 3
1 48 18: 1791, 18, 1
1 48 19: 1643, 12, 1
1 48 20: 1643, 17, 2
1 48 21: 1643, 12, 3
1 48 22: 1791, 18, 3
1 49 18: 1791, 18, 1
1 49 19: 1643, 16, 0
1 49 20: 1643, 12, 0
1 49 21: 1643, 16, 3
1 49 22: 1791, 18, 3
1 50 18: 1791, 19, 0
1 50 19: 1791, 18, 0
1 50 20: 1791, 18, 0
1 50 21: 1791, 18, 0
1 50 22: 1791, 19, 3
