0 0 0: 997, 0, 3
0 0 0: 1871, 5, 3
0 0 4: 335, 22, 3
0 0 7: 336, 22, 2
0 0 9: 336, 22, 0
0 0 12: 336, 22, 1
0 0 15: 335, 22, 2
0 0 18: 336, 22, 0
0 0 20: 336, 22, 1
0 0 24: 335, 22, 2
0 0 26: 337, 22, 3
0 0 33: 335, 22, 2
0 0 34: 336, 22, 3
0 0 35: 336, 22, 2
0 0 38: 337, 22, 2
0 0 41: 336, 22, 2
0 0 44: 335, 22, 3
0 0 47: 335, 22, 0
0 0 52: 336, 22, 1
0 0 55: 336, 22, 2
0 1 0: 336, 22, 0
0 1 0: 997, 0, 3
0 1 2: 336, 22, 2
0 1 5: 336, 22, 1
0 1 7: 337, 22, 2
0 1 9: 336, 22, 3
0 1 10: 336, 22, 3
0 1 12: 337, 22, 0
0 1 18: 336, 22, 1
0 1 20: 336, 22, 0
0 1 22: 336, 22, 2
0 1 25: 336, 22, 2
0 1 26: 522, 10, 0
0 1 28: 336, 22, 1
0 1 31: 336, 22, 0
0 1 42: 336, 22, 2
0 1 46: 336, 22, 1
0 1 48: 337, 22, 3
0 1 50: 335, 22, 1
0 1 52: 336, 22, 3
0 1 54: 335, 22, 2
0 2 0: 997, 0, 3
0 2 4: 336, 22, 2
0 2 10: 1384, 10, 3
0 2 14: 336, 22, 2
0 2 16: 336, 22, 2
0 2 19: 335, 22, 0
0 2 21: 337, 22, 0
0 2 23: 1384, 10, 0
0 2 27: 336, 22, 3
0 2 29: 521, 10, 1
0 2 32: 337, 22, 0
0 2 37: 335, 22, 2
0 2 40: 336, 22, 3
0 2 41: 335, 22, 2
0 2 42: 337, 22, 2
0 2 45: 335, 22, 3
0 2 46: 336, 22, 0
0 2 49: 336, 22, 1
0 2 53: 336, 22, 1
0 2 56: 337, 22, 2
0 3 0: 997, 0, 3
0 3 1: 335, 22, 2
0 3 5: 337, 22, 3
0 3 6: 336, 22, 3
0 3 7: 521, 10, 0
0 3 9: 336, 22, 3
0 3 11: 336, 22, 2
0 3 13: 336, 22, 2
0 3 14: 336, 22, 3
0 3 15: 335, 22, 1
0 3 19: 336, 22, 1
0 3 23: 336, 22, 2
0 3 25: 335, 22, 3
0 3 31: 335, 22, 0
0 3 34: 336, 22, 1
0 3 35: 1384, 10, 1
0 3 39: 336, 22, 0
0 3 50: 336, 22, 0
0 3 55: 336, 22, 2
0 3 57: 336, 22, 0
0 4 0: 997, 0, 3
0 4 3: 337, 22, 2
0 4 11: 337, 22, 0
0 4 16: 336, 22, 3
0 4 19: 336, 22, 3
0 4 22: 336, 22, 3
0 4 23: 336, 22, 2
0 4 26: 337, 22, 3
0 4 35: 336, 22, 0
0 4 42: 337, 22, 3
0 4 44: 336, 22, 2
0 4 46: 337, 22, 3
0 4 47: 335, 22, 2
0 4 51: 336, 22, 0
0 4 53: 337, 22, 3
0 5 0: 997, 0, 3
0 5 2: 336, 22, 3
0 5 5: 336, 22, 0
0 5 6: 336, 22, 0
0 5 6: 522, 10, 2
0 5 10: 336, 22, 2
0 5 13: 336, 22, 0
0 5 14: 337, 22, 2
0 5 17: 336, 22, 0
0 5 27: 336, 22, 1
0 5 29: 336, 22, 0
0 5 37: 336, 22, 1
0 5 38: 337, 22, 2
0 5 40: 336, 22, 1
0 5 43: 335, 22, 1
0 5 47: 521, 10, 0
0 5 49: 336, 22, 3
0 5 51: 335, 22, 3
0 5 56: 335, 22, 1
0 5 58: 336, 22, 3
0 6 0: 997, 0, 3
0 6 1: 336, 22, 3
0 6 3: 336, 22, 1
0 6 8: 335, 22, 0
0 6 9: 336, 22, 0
0 6 13: 336, 22, 1
0 6 15: 336, 22, 3
0 6 32: 316, 22, 0
0 6 42: 336, 22, 2
0 6 45: 336, 22, 3
0 6 54: 337, 22, 0
0 7 0: 997, 0, 3
0 7 1: 337, 22, 1
0 7 3: 336, 22, 0
0 7 5: 336, 22, 2
0 7 6: 337, 22, 2
0 7 10: 336, 22, 0
0 7 11: 335, 22, 2
0 7 13: 336, 22, 2
0 7 19: 314, 22, 2
0 7 23: 316, 22, 1
0 7 36: 315, 22, 2
0 7 37: 336, 22, 3
0 7 39: 1384, 10, 1
0 7 41: 337, 22, 0
0 7 43: 336, 22, 3
0 7 50: 336, 22, 2
0 7 52: 335, 22, 2
0 7 56: 336, 22, 3
0 7 58: 337, 22, 1
0 8 0: 997, 0, 3
0 8 3: 522, 10, 2
0 8 4: 336, 22, 1
0 8 8: 336, 22, 3
0 8 12: 336, 22, 1
0 8 25: 314, 22, 1
0 8 30: 731, 10, 1
0 8 31: 732, 10, 1
0 8 33: 731, 10, 3
0 8 46: 336, 22, 1
0 8 47: 337, 22, 0
0 8 50: 337, 22, 0
0 8 54: 336, 22, 2
0 8 56: 335, 22, 1
0 9 0: 997, 0, 3
0 9 2: 336, 22, 0
0 9 3: 335, 22, 1
0 9 5: 336, 22, 1
0 9 7: 336, 22, 3
0 9 10: 336, 22, 2
0 9 15: 316, 22, 3
0 9 18: 731, 10, 1
0 9 21: 731, 10, 2
0 9 28: 731, 10, 3
0 9 32: 731, 10, 2
0 9 34: 731, 10, 0
0 9 39: 336, 22, 2
0 9 41: 335, 22, 3
0 9 44: 1384, 10, 2
0 9 48: 336, 22, 3
0 9 52: 336, 22, 2
0 9 54: 335, 22, 1
0 9 58: 336, 22, 3
0 10 0: 997, 0, 3
0 10 0: 1871, 5, 3
0 10 1: 337, 22, 0
0 10 6: 336, 22, 3
0 10 8: 336, 22, 0
0 10 11: 336, 22, 1
0 10 13: 314, 22, 3
0 10 17: 731, 10, 0
0 10 23: 731, 10, 3
0 10 29: 731, 10, 0
0 10 33: 732, 10, 0
0 10 35: 731, 10, 1
0 10 44: 336, 22, 1
0 10 46: 336, 22, 2
0 10 48: 337, 22, 0
0 10 50: 336, 22, 0
0 10 52: 336, 22, 2
0 10 54: 336, 22, 3
0 10 55: 336, 22, 0
0 10 58: 335, 22, 0
0 10 59: 336, 22, 0
0 11 0: 336, 22, 0
0 11 0: 997, 0, 3
0 11 1: 336, 22, 0
0 11 4: 336, 22, 3
0 11 4: 1384, 10, 2
0 11 6: 336, 22, 2
0 11 9: 335, 22, 0
0 11 16: 731, 10, 0
0 11 24: 731, 10, 0
0 11 26: 731, 10, 1
0 11 28: 731, 10, 2
0 11 37: 316, 22, 3
0 11 43: 336, 22, 0
0 11 47: 336, 22, 0
0 11 49: 335, 22, 0
0 11 50: 336, 22, 0
0 11 51: 336, 22, 1
0 11 57: 336, 22, 0
0 12 0: 336, 22, 1
0 12 0: 997, 0, 3
0 12 2: 336, 22, 2
0 12 7: 336, 22, 0
0 12 15: 732, 10, 2
0 12 16: 731, 10, 1
0 12 21: 315, 22, 0
0 12 34: 731, 10, 2
0 12 41: 337, 22, 1
0 12 52: 1384, 10, 3
0 12 55: 521, 10, 2
0 12 58: 336, 22, 1
0 13 0: 997, 0, 3
0 13 1: 336, 22, 1
0 13 2: 336, 22, 3
0 13 3: 336, 22, 2
0 13 4: 336, 22, 3
0 13 6: 337, 22, 1
0 13 14: 731, 10, 0
0 13 20: 314, 22, 3
0 13 23: 316, 22, 0
0 13 26: 315, 22, 0
0 13 29: 316, 22, 1
0 13 30: 315, 22, 1
0 13 35: 731, 10, 0
0 13 37: 314, 22, 3
0 13 39: 315, 22, 2
0 13 50: 335, 22, 1
0 13 53: 335, 22, 2
0 13 59: 335, 22, 3
0 14 0: 997, 0, 3
0 14 8: 337, 22, 3
0 14 15: 731, 10, 3
0 14 18: 315, 22, 2
0 14 27: 314, 22, 0
0 14 32: 315, 22, 2
0 14 40: 314, 22, 2
0 14 41: 315, 22, 0
0 14 43: 316, 22, 2
0 14 45: 314, 22, 1
0 14 48: 315, 22, 3
0 14 52: 336, 22, 3
0 14 58: 336, 22, 2
0 15 0: 336, 22, 2
0 15 0: 997, 0, 3
0 15 1: 336, 22, 2
0 15 2: 335, 22, 3
0 15 4: 336, 22, 0
0 15 6: 336, 22, 2
0 15 11: 314, 22, 0
0 15 13: 731, 10, 1
0 15 18: 316, 22, 3
0 15 21: 1629, 22, 1
0 15 28: 1384, 10, 2
0 15 31: 314, 22, 1
0 15 35: 731, 10, 0
0 15 48: 315, 22, 2
0 15 53: 336, 22, 2
0 15 55: 336, 22, 1
0 15 57: 336, 22, 0
0 16 0: 997, 0, 3
0 16 7: 336, 22, 1
0 16 14: 731, 10, 1
0 16 16: 314, 22, 2
0 16 19: 706, 4, 2
0 16 20: 665, 10, 1
0 16 21: 1945, 0, 1
0 16 24: 666, 10, 1
0 16 36: 732, 10, 3
0 16 37: 731, 10, 1
0 16 44: 731, 10, 0
0 16 46: 731, 10, 2
0 16 50: 316, 22, 2
0 16 55: 335, 22, 0
0 16 57: 337, 22, 3
0 16 59: 336, 22, 1
0 16 60: 336, 22, 3
0 17 0: 336, 22, 2
0 17 0: 997, 0, 3
0 17 2: 336, 22, 3
0 17 4: 335, 22, 3
0 17 9: 315, 22, 2
0 17 12: 731, 10, 1
0 17 15: 315, 22, 1
0 17 17: 706, 4, 1
0 17 18: 706, 5, 3
0 17 18: 1631, 2, 3
0 17 19: 1631, 0, 0
0 17 19: 1815, 4, 0
0 17 20: 1631, 0, 0
0 17 21: 706, 5, 0
0 17 21: 1631, 2, 0
0 17 22: 706, 4, 3
0 17 22: 1625, 0, 0
0 17 23: 1629, 22, 0
0 17 24: 1629, 22, 0
0 17 25: 1624, 2, 0
0 17 27: 316, 22, 1
0 17 30: 659, 10, 3
0 17 34: 316, 22, 2
0 17 39: 731, 10, 2
0 17 42: 731, 10, 3
0 17 45: 731, 10, 1
0 17 47: 731, 10, 3
0 17 58: 335, 22, 1
0 18 0: 997, 0, 3
0 18 0: 1871, 5, 3
0 18 2: 336, 22, 1
0 18 3: 521, 10, 3
0 18 11: 732, 10, 0
0 18 17: 667, 10, 3
0 18 20: 336, 22, 2
0 18 25: 1629, 22, 1
0 18 34: 315, 22, 1
0 18 40: 732, 10, 2
0 18 48: 731, 10, 1
0 18 52: 315, 22, 1
0 18 55: 337, 22, 1
0 18 58: 336, 22, 0
0 18 60: 337, 22, 2
0 19 0: 336, 22, 3
0 19 0: 997, 0, 3
0 19 6: 335, 22, 0
0 19 12: 732, 10, 0
0 19 19: 336, 22, 1
0 19 21: 337, 22, 1
0 19 24: 315, 22, 1
0 19 28: 314, 22, 0
0 19 31: 314, 22, 1
0 19 36: 314, 22, 2
0 19 39: 314, 22, 3
0 19 42: 315, 22, 2
0 19 44: 316, 22, 0
0 19 49: 732, 10, 0
0 19 50: 731, 10, 3
0 19 56: 336, 22, 3
0 19 60: 336, 22, 1
0 20 0: 997, 0, 3
0 20 1: 337, 22, 3
0 20 3: 336, 22, 2
0 20 11: 732, 10, 0
0 20 14: 314, 22, 2
0 20 16: 1629, 22, 2
0 20 17: 1946, 0, 2
0 20 18: 1631, 2, 2
0 20 19: 1631, 0, 2
0 20 20: 706, 5, 2
0 20 20: 1631, 0, 2
0 20 21: 1631, 2, 1
0 20 22: 1627, 0, 2
0 20 23: 1629, 22, 2
0 20 24: 1384, 10, 2
0 20 30: 316, 22, 0
0 20 34: 1384, 10, 3
0 20 38: 315, 22, 1
0 20 39: 315, 22, 2
0 20 45: 314, 22, 0
0 20 55: 336, 22, 2
0 20 57: 335, 22, 0
0 21 0: 997, 0, 3
0 21 5: 336, 22, 3
0 21 9: 314, 22, 1
0 21 12: 731, 10, 2
0 21 14: 315, 22, 0
0 21 18: 1627, 0, 3
0 21 19: 706, 4, 0
0 21 20: 1183, 4, 0
0 21 25: 316, 22, 2
0 21 27: 314, 22, 1
0 21 42: 1384, 10, 0
0 21 44: 315, 22, 3
0 21 47: 1287, 10, 1
0 21 48: 337, 22, 2
0 21 52: 316, 22, 3
0 21 57: 336, 22, 2
0 21 59: 337, 22, 3
0 22 0: 336, 22, 0
0 22 0: 997, 0, 3
0 22 3: 337, 22, 2
0 22 6: 336, 22, 0
0 22 11: 732, 10, 3
0 22 13: 316, 22, 2
0 22 16: 316, 22, 3
0 22 18: 1628, 0, 3
0 22 23: 315, 22, 0
0 22 24: 315, 22, 0
0 22 31: 315, 22, 2
0 22 35: 314, 22, 2
0 22 40: 315, 22, 3
0 22 47: 733, 10, 1
0 22 51: 337, 22, 3
0 23 0: 997, 0, 3
0 23 2: 336, 22, 1
0 23 10: 731, 10, 2
0 23 16: 664, 10, 1
0 23 19: 315, 22, 1
0 23 20: 316, 22, 0
0 23 21: 314, 22, 2
0 23 26: 731, 10, 1
0 23 28: 732, 10, 2
0 23 33: 314, 22, 3
0 23 38: 315, 22, 1
0 23 47: 1288, 10, 1
0 23 49: 336, 22, 3
0 23 53: 337, 22, 1
0 23 56: 337, 22, 0
0 23 57: 522, 10, 2
0 23 58: 335, 22, 3
0 23 59: 336, 22, 3
0 24 0: 997, 0, 3
0 24 1: 335, 22, 2
0 24 4: 336, 22, 2
0 24 9: 731, 10, 2
0 24 12: 315, 22, 3
0 24 13: 316, 22, 2
0 24 25: 731, 10, 3
0 24 27: 732, 10, 2
0 24 29: 732, 10, 3
0 24 30: 731, 10, 2
0 24 34: 316, 22, 3
0 24 35: 315, 22, 2
0 24 39: 659, 10, 2
0 24 43: 314, 22, 3
0 24 45: 316, 22, 0
0 24 51: 316, 22, 3
0 24 60: 336, 22, 2
0 25 0: 997, 0, 3
0 25 0: 1871, 5, 3
0 25 2: 336, 22, 2
0 25 6: 335, 22, 0
0 25 10: 731, 10, 3
0 25 14: 1624, 2, 2
0 25 15: 1629, 22, 2
0 25 17: 1946, 0, 2
0 25 18: 1946, 0, 3
0 25 23: 732, 10, 1
0 25 28: 731, 10, 0
0 25 31: 732, 10, 0
0 25 40: 315, 22, 0
0 25 49: 732, 10, 1
0 25 50: 731, 10, 0
0 25 55: 521, 10, 3
0 26 0: 997, 0, 3
0 26 1: 336, 22, 3
0 26 3: 1384, 10, 0
0 26 4: 336, 22, 1
0 26 9: 731, 10, 2
0 26 12: 314, 22, 0
0 26 14: 315, 22, 0
0 26 19: 315, 22, 2
0 26 22: 732, 10, 1
0 26 24: 732, 10, 1
0 26 27: 315, 22, 0
0 26 30: 732, 10, 1
0 26 32: 732, 10, 3
0 26 36: 314, 22, 3
0 26 38: 315, 22, 3
0 26 41: 315, 22, 1
0 26 44: 314, 22, 1
0 26 47: 732, 10, 2
0 26 48: 731, 10, 1
0 26 52: 316, 22, 3
0 26 57: 336, 22, 3
0 26 59: 335, 22, 2
0 27 0: 997, 0, 3
0 27 2: 337, 22, 0
0 27 5: 337, 22, 1
0 27 10: 732, 10, 0
0 27 11: 731, 10, 3
0 27 16: 315, 22, 0
0 27 17: 315, 22, 1
0 27 21: 731, 10, 1
0 27 23: 732, 10, 1
0 27 26: 315, 22, 2
0 27 31: 732, 10, 2
0 27 33: 732, 10, 0
0 27 38: 316, 22, 2
0 27 46: 732, 10, 3
0 28 0: 997, 0, 3
0 28 1: 336, 22, 0
0 28 3: 336, 22, 0
0 28 6: 336, 22, 3
0 28 8: 316, 22, 1
0 28 14: 315, 22, 2
0 28 15: 314, 22, 3
0 28 20: 731, 10, 2
0 28 25: 315, 22, 3
0 28 27: 315, 22, 3
0 28 28: 314, 22, 2
0 28 32: 731, 10, 2
0 28 34: 731, 10, 0
0 28 39: 315, 22, 0
0 28 41: 1384, 10, 1
0 28 43: 315, 22, 1
0 28 46: 731, 10, 2
0 28 49: 316, 22, 2
0 28 51: 315, 22, 0
0 28 54: 522, 10, 2
0 28 55: 336, 22, 1
0 28 57: 337, 22, 2
0 28 59: 336, 22, 0
0 29 0: 997, 0, 3
0 29 2: 336, 22, 3
0 29 4: 336, 22, 1
0 29 11: 731, 10, 2
0 29 19: 732, 10, 1
0 29 23: 315, 22, 1
0 29 25: 314, 22, 1
0 29 33: 732, 10, 1
0 29 35: 732, 10, 3
0 29 40: 314, 22, 1
0 29 45: 732, 10, 1
0 29 51: 314, 22, 1
0 29 60: 336, 22, 1
0 30 0: 336, 22, 3
0 30 0: 997, 0, 3
0 30 1: 336, 22, 2
0 30 6: 336, 22, 0
0 30 9: 314, 22, 2
0 30 12: 731, 10, 0
0 30 18: 731, 10, 3
0 30 21: 315, 22, 2
0 30 28: 315, 22, 1
0 30 30: 316, 22, 0
0 30 34: 732, 10, 3
0 30 36: 732, 10, 0
0 30 42: 316, 22, 1
0 30 45: 732, 10, 1
0 30 48: 315, 22, 3
0 30 53: 337, 22, 1
0 30 55: 336, 22, 2
0 30 56: 336, 22, 1
0 31 0: 997, 0, 3
0 31 2: 337, 22, 1
0 31 3: 336, 22, 1
0 31 5: 336, 22, 0
0 31 13: 731, 10, 1
0 31 15: 731, 10, 0
0 31 17: 732, 10, 1
0 31 24: 315, 22, 3
0 31 26: 315, 22, 0
0 31 30: 315, 22, 0
0 31 32: 314, 22, 3
0 31 35: 732, 10, 0
0 31 37: 732, 10, 1
0 31 44: 731, 10, 3
0 31 54: 336, 22, 1
0 31 58: 336, 22, 1
0 32 0: 997, 0, 3
0 32 1: 336, 22, 2
0 32 3: 336, 22, 1
0 32 4: 336, 22, 3
0 32 10: 315, 22, 2
0 32 12: 314, 22, 3
0 32 14: 731, 10, 1
0 32 19: 315, 22, 2
0 32 20: 315, 22, 0
0 32 34: 315, 22, 1
0 32 38: 731, 10, 1
0 32 40: 732, 10, 2
0 32 42: 732, 10, 2
0 32 43: 732, 10, 1
0 32 48: 314, 22, 0
0 32 56: 336, 22, 1
0 32 58: 336, 22, 0
0 32 60: 336, 22, 3
0 33 0: 997, 0, 3
0 33 0: 1871, 5, 3
0 33 7: 336, 22, 2
0 33 17: 314, 22, 0
0 33 23: 336, 22, 0
0 33 24: 336, 22, 0
0 33 27: 337, 22, 1
0 33 35: 314, 22, 0
0 33 39: 732, 10, 2
0 33 41: 732, 10, 3
0 33 45: 314, 22, 2
0 33 53: 336, 22, 0
0 33 56: 336, 22, 1
0 34 0: 997, 0, 3
0 34 1: 336, 22, 1
0 34 3: 521, 10, 2
0 34 6: 337, 22, 2
0 34 7: 336, 22, 2
0 34 14: 316, 22, 2
0 34 15: 315, 22, 3
0 34 18: 315, 22, 1
0 34 22: 336, 22, 2
0 34 23: 337, 22, 1
0 34 26: 336, 22, 2
0 34 30: 336, 22, 1
0 34 31: 336, 22, 1
0 34 38: 314, 22, 1
0 34 41: 316, 22, 1
0 34 43: 315, 22, 2
0 34 54: 336, 22, 1
0 34 60: 336, 22, 2
0 35 0: 997, 0, 3
0 35 7: 336, 22, 1
0 35 9: 336, 22, 3
0 35 10: 336, 22, 0
0 35 22: 336, 22, 3
0 35 25: 337, 22, 0
0 35 29: 336, 22, 2
0 35 30: 335, 22, 3
0 35 31: 336, 22, 0
0 35 34: 336, 22, 0
0 35 51: 336, 22, 1
0 35 56: 336, 22, 2
0 35 58: 336, 22, 2
0 35 59: 336, 22, 3
0 36 0: 997, 0, 3
0 36 5: 336, 22, 1
0 36 7: 336, 22, 2
0 36 9: 336, 22, 3
0 36 10: 335, 22, 1
0 36 12: 336, 22, 1
0 36 21: 336, 22, 3
0 36 23: 336, 22, 0
0 36 24: 336, 22, 0
0 36 27: 336, 22, 1
0 36 28: 1384, 10, 0
0 36 31: 336, 22, 3
0 36 33: 336, 22, 2
0 36 36: 335, 22, 0
0 36 49: 336, 22, 3
0 36 54: 336, 22, 2
0 36 59: 336, 22, 2
0 37 0: 997, 0, 3
0 37 1: 336, 22, 2
0 37 4: 336, 22, 3
0 37 14: 336, 22, 1
0 37 18: 1384, 10, 3
0 37 23: 336, 22, 3
0 37 26: 336, 22, 0
0 37 30: 336, 22, 2
0 37 37: 1384, 10, 1
0 37 38: 336, 22, 2
0 37 40: 336, 22, 1
0 37 42: 336, 22, 0
0 37 46: 336, 22, 2
0 37 51: 1384, 10, 0
0 37 57: 336, 22, 0
0 38 0: 997, 0, 3
0 38 2: 335, 22, 0
0 38 6: 336, 22, 0
0 38 9: 336, 22, 1
0 38 15: 336, 22, 3
0 38 19: 336, 22, 0
0 38 20: 336, 22, 0
0 38 21: 336, 22, 3
0 38 29: 336, 22, 2
0 38 31: 521, 10, 0
0 38 34: 336, 22, 0
0 38 36: 337, 22, 2
0 38 41: 659, 10, 1
0 38 44: 336, 22, 2
0 38 47: 336, 22, 0
0 38 49: 336, 22, 1
0 38 51: 336, 22, 2
0 38 53: 336, 22, 3
0 38 55: 336, 22, 0
0 39 0: 997, 0, 3
0 39 6: 337, 22, 0
0 39 14: 337, 22, 3
0 39 19: 336, 22, 1
0 39 20: 337, 22, 2
0 39 21: 336, 22, 3
0 39 22: 336, 22, 2
0 39 24: 336, 22, 3
0 39 25: 659, 10, 0
0 39 27: 337, 22, 1
0 39 29: 336, 22, 2
0 39 36: 336, 22, 1
0 39 39: 336, 22, 2
0 39 58: 335, 22, 0
0 40 0: 997, 0, 3
0 40 1: 336, 22, 3
0 40 3: 337, 22, 3
0 40 7: 1384, 10, 3
0 40 10: 336, 22, 0
0 40 12: 336, 22, 2
0 40 13: 521, 10, 3
0 40 16: 336, 22, 2
0 40 18: 336, 22, 1
0 40 21: 336, 22, 2
0 40 23: 337, 22, 3
0 40 26: 336, 22, 1
0 40 28: 336, 22, 1
0 40 34: 336, 22, 1
0 40 37: 336, 22, 3
0 40 41: 336, 22, 3
0 40 42: 336, 22, 3
0 40 45: 1384, 10, 3
0 40 48: 336, 22, 3
0 40 51: 335, 22, 0
0 40 52: 522, 10, 3
0 40 53: 335, 22, 3
0 40 56: 336, 22, 0
0 40 57: 336, 22, 0
0 40 60: 336, 22, 0
0 41 0: 997, 0, 3
0 41 0: 1871, 5, 3
0 41 4: 336, 22, 3
0 41 6: 336, 22, 3
0 41 18: 337, 22, 3
0 41 24: 336, 22, 0
0 41 26: 336, 22, 2
0 41 31: 336, 22, 2
0 41 35: 336, 22, 1
0 41 44: 336, 22, 3
0 41 46: 336, 22, 0
0 41 47: 335, 22, 2
0 41 48: 336, 22, 1
0 41 56: 336, 22, 1
0 41 58: 336, 22, 0
0 42 0: 336, 22, 1
0 42 0: 997, 0, 3
0 42 2: 335, 22, 3
0 42 9: 336, 22, 0
0 42 13: 336, 22, 1
0 42 16: 336, 22, 1
0 42 17: 1384, 10, 2
0 42 20: 336, 22, 2
0 42 22: 336, 22, 3
0 42 26: 336, 22, 2
0 42 27: 335, 22, 0
0 42 28: 336, 22, 0
0 42 33: 337, 22, 0
0 42 37: 336, 22, 0
0 42 39: 336, 22, 3
0 42 43: 336, 22, 0
0 42 51: 521, 10, 3
0 42 54: 335, 22, 3
0 42 58: 336, 22, 1
0 42 60: 336, 22, 2
0 43 0: 997, 0, 3
0 43 3: 336, 22, 1
0 43 6: 337, 22, 3
0 43 8: 336, 22, 3
0 43 14: 336, 22, 0
0 43 18: 336, 22, 1
0 43 19: 336, 22, 1
0 43 22: 336, 22, 2
0 43 24: 336, 22, 3
0 43 26: 336, 22, 3
0 43 28: 336, 22, 0
0 43 30: 1384, 10, 1
0 43 34: 336, 22, 2
0 43 41: 336, 22, 1
0 43 42: 337, 22, 3
0 43 44: 336, 22, 3
0 43 45: 337, 22, 0
0 43 47: 336, 22, 2
0 43 48: 336, 22, 1
0 43 56: 336, 22, 1
0 43 59: 336, 22, 1
0 44 0: 997, 0, 3
0 44 1: 337, 22, 1
0 44 3: 336, 22, 0
0 44 5: 336, 22, 1
0 44 10: 335, 22, 2
0 44 12: 336, 22, 3
0 44 17: 336, 22, 3
0 44 20: 336, 22, 1
0 44 22: 336, 22, 2
0 44 23: 337, 22, 0
0 44 27: 336, 22, 3
0 44 31: 336, 22, 1
0 44 36: 335, 22, 1
0 44 40: 336, 22, 3
0 44 41: 336, 22, 2
0 44 50: 337, 22, 1
0 44 54: 336, 22, 0
0 44 56: 335, 22, 2
0 44 58: 336, 22, 3
0 44 60: 335, 22, 1
0 44 62: 336, 22, 1
0 45 0: 336, 22, 2
0 45 0: 997, 0, 3
0 45 10: 336, 22, 3
0 45 15: 336, 22, 2
0 45 22: 336, 22, 1
0 45 29: 336, 22, 0
0 45 33: 337, 22, 3
0 45 34: 336, 22, 1
0 45 38: 336, 22, 0
0 45 39: 336, 22, 3
0 45 43: 336, 22, 1
0 45 45: 335, 22, 1
0 45 46: 333, 22, 3
0 45 47: 333, 22, 1
0 45 48: 332, 22, 1
0 45 49: 333, 22, 0
0 45 51: 336, 22, 3
0 45 52: 336, 22, 3
0 45 59: 336, 22, 0
0 45 60: 336, 22, 0
0 46 0: 997, 0, 3
0 46 1: 336, 22, 0
0 46 3: 335, 22, 1
0 46 5: 336, 22, 3
0 46 6: 336, 22, 2
0 46 9: 336, 22, 2
0 46 13: 336, 22, 1
0 46 16: 337, 22, 2
0 46 18: 336, 22, 0
0 46 19: 335, 22, 3
0 46 21: 336, 22, 2
0 46 23: 336, 22, 0
0 46 27: 335, 22, 2
0 46 32: 336, 22, 0
0 46 45: 333, 22, 0
0 46 46: 333, 22, 3
0 46 47: 334, 22, 2
0 46 48: 333, 22, 3
0 46 49: 333, 22, 3
0 46 50: 336, 22, 2
0 46 52: 333, 22, 0
0 46 53: 333, 22, 0
0 46 54: 333, 22, 2
0 46 55: 334, 22, 3
0 46 56: 333, 22, 0
0 46 57: 333, 22, 2
0 46 62: 336, 22, 3
0 47 0: 997, 0, 3
0 47 2: 336, 22, 3
0 47 3: 336, 22, 1
0 47 8: 336, 22, 1
0 47 11: 336, 22, 0
0 47 14: 335, 22, 2
0 47 15: 336, 22, 1
0 47 17: 336, 22, 0
0 47 19: 336, 22, 3
0 47 24: 336, 22, 1
0 47 25: 336, 22, 2
0 47 28: 335, 22, 2
0 47 30: 336, 22, 3
0 47 35: 336, 22, 0
0 47 38: 336, 22, 2
0 47 40: 336, 22, 0
0 47 41: 336, 22, 1
0 47 43: 336, 22, 2
0 47 45: 333, 22, 1
0 47 46: 333, 22, 2
0 47 47: 333, 22, 0
0 47 48: 333, 22, 1
0 47 49: 337, 22, 1
0 47 51: 333, 22, 0
0 47 52: 334, 22, 1
0 47 53: 333, 22, 2
0 47 54: 332, 22, 2
0 47 55: 333, 22, 1
0 47 56: 333, 22, 3
0 47 57: 332, 22, 1
0 47 58: 333, 22, 3
0 47 62: 335, 22, 2
0 48 0: 997, 0, 3
0 48 3: 336, 22, 0
0 48 6: 1384, 10, 0
0 48 7: 336, 22, 0
0 48 8: 337, 22, 0
0 48 13: 336, 22, 3
0 48 16: 336, 22, 2
0 48 22: 336, 22, 3
0 48 27: 336, 22, 3
0 48 31: 336, 22, 3
0 48 41: 335, 22, 0
0 48 42: 336, 22, 1
0 48 45: 332, 22, 1
0 48 46: 333, 22, 0
0 48 47: 333, 22, 1
0 48 48: 336, 22, 1
0 48 50: 333, 22, 2
0 48 51: 333, 22, 3
0 48 52: 336, 22, 3
0 48 53: 336, 22, 0
0 48 55: 337, 22, 0
0 48 57: 333, 22, 0
0 48 58: 333, 22, 0
0 48 59: 333, 22, 2
0 49 0: 997, 0, 3
0 49 0: 1871, 5, 3
0 49 1: 336, 22, 2
0 49 2: 337, 22, 2
0 49 9: 336, 22, 2
0 49 12: 336, 22, 0
0 49 18: 336, 22, 1
0 49 21: 1384, 10, 3
0 49 24: 336, 22, 2
0 49 26: 337, 22, 2
0 49 28: 336, 22, 0
0 49 30: 335, 22, 1
0 49 32: 336, 22, 0
0 49 34: 336, 22, 1
0 49 37: 336, 22, 0
0 49 40: 336, 22, 3
0 49 43: 337, 22, 2
0 49 44: 333, 22, 2
0 49 45: 333, 22, 0
0 49 46: 333, 22, 2
0 49 47: 333, 22, 3
0 49 48: 337, 22, 0
0 49 49: 333, 22, 2
0 49 50: 334, 22, 2
0 49 51: 333, 22, 0
0 49 53: 337, 22, 3
0 49 54: 335, 22, 1
0 49 56: 335, 22, 2
0 49 58: 333, 22, 1
0 49 59: 334, 22, 2
0 49 60: 333, 22, 1
0 50 0: 997, 0, 3
0 50 3: 336, 22, 3
0 50 6: 336, 22, 3
0 50 8: 335, 22, 1
0 50 10: 336, 22, 3
0 50 16: 336, 22, 0
0 50 17: 337, 22, 1
0 50 20: 336, 22, 0
0 50 23: 337, 22, 1
0 50 28: 336, 22, 0
0 50 29: 336, 22, 1
0 50 34: 336, 22, 3
0 50 37: 336, 22, 1
0 50 39: 1384, 10, 1
0 50 41: 336, 22, 2
0 50 43: 333, 22, 1
0 50 44: 333, 22, 3
0 50 45: 333, 22, 2
0 50 46: 333, 22, 2
0 50 47: 337, 22, 2
0 50 48: 333, 22, 3
0 50 49: 333, 22, 0
0 50 50: 333, 22, 1
0 50 51: 336, 22, 2
0 50 52: 337, 22, 2
0 50 54: 1631, 1, 1
0 50 55: 336, 22, 1
0 50 55: 706, 5, 2
0 50 55: 1631, 0, 2
0 50 56: 1631, 0, 2
0 50 57: 336, 22, 2
0 50 57: 1631, 0, 2
0 50 58: 335, 22, 3
0 50 58: 1631, 1, 2
0 50 59: 333, 22, 0
0 50 60: 333, 22, 2
0 50 61: 333, 22, 0
0 50 62: 336, 22, 0
0 51 0: 997, 0, 3
0 51 1: 336, 22, 0
0 51 6: 336, 22, 2
0 51 8: 336, 22, 3
0 51 13: 1384, 10, 1
0 51 17: 336, 22, 3
0 51 19: 335, 22, 0
0 51 22: 336, 22, 0
0 51 32: 336, 22, 2
0 51 33: 336, 22, 2
0 51 37: 336, 22, 1
0 51 41: 336, 22, 3
0 51 43: 333, 22, 2
0 51 44: 333, 22, 2
0 51 45: 333, 22, 3
0 51 46: 333, 22, 1
0 51 48: 333, 22, 1
0 51 49: 333, 22, 0
0 51 53: 336, 22, 0
0 51 53: 1631, 1, 1
0 51 54: 1631, 9, 1
0 51 55: 337, 22, 3
0 51 56: 179, 22, 2
0 51 57: 179, 22, 1
0 51 57: 706, 4, 0
0 51 58: 1631, 9, 2
0 51 59: 1631, 1, 2
0 51 60: 333, 22, 1
0 51 61: 333, 22, 2
0 52 0: 997, 0, 3
0 52 4: 337, 22, 1
0 52 11: 336, 22, 0
0 52 14: 336, 22, 0
0 52 18: 336, 22, 2
0 52 20: 336, 22, 1
0 52 24: 336, 22, 1
0 52 27: 336, 22, 3
0 52 30: 1384, 10, 0
0 52 31: 336, 22, 1
0 52 33: 337, 22, 0
0 52 34: 336, 22, 3
0 52 40: 337, 22, 1
0 52 42: 333, 22, 3
0 52 43: 333, 22, 0
0 52 44: 332, 22, 0
0 52 45: 333, 22, 1
0 52 46: 337, 22, 1
0 52 47: 337, 22, 2
0 52 48: 333, 22, 0
0 52 49: 333, 22, 1
0 52 50: 337, 22, 0
0 52 51: 335, 22, 1
0 52 52: 336, 22, 1
0 52 53: 706, 5, 1
0 52 53: 1631, 0, 1
0 52 54: 179, 22, 3
0 52 54: 197, 4, 3
0 52 55: 337, 22, 3
0 52 58: 197, 4, 1
0 52 58: 2566, 10, 2
0 52 59: 336, 22, 3
0 52 59: 1631, 0, 3
0 52 60: 332, 22, 0
0 52 61: 334, 22, 1
0 52 62: 336, 22, 3
0 53 0: 997, 0, 3
0 53 1: 336, 22, 0
0 53 5: 336, 22, 1
0 53 7: 336, 22, 1
0 53 7: 522, 10, 1
0 53 9: 336, 22, 1
0 53 13: 336, 22, 0
0 53 15: 336, 22, 3
0 53 20: 336, 22, 1
0 53 25: 336, 22, 0
0 53 28: 336, 22, 0
0 53 37: 336, 22, 0
0 53 39: 336, 22, 3
0 53 42: 333, 22, 0
0 53 43: 334, 22, 0
0 53 44: 333, 22, 3
0 53 45: 333, 22, 0
0 53 46: 337, 22, 0
0 53 47: 337, 22, 0
0 53 49: 332, 22, 0
0 53 50: 337, 22, 2
0 53 51: 336, 22, 1
0 53 53: 1631, 0, 1
0 53 55: 336, 22, 2
0 53 58: 2566, 10, 2
0 53 59: 706, 5, 3
0 53 59: 1631, 0, 3
0 53 60: 333, 22, 3
0 53 61: 333, 22, 0
0 53 62: 335, 22, 3
0 54 0: 997, 0, 3
0 54 2: 1384, 10, 2
0 54 4: 336, 22, 0
0 54 10: 336, 22, 2
0 54 12: 337, 22, 0
0 54 17: 336, 22, 3
0 54 21: 337, 22, 1
0 54 22: 336, 22, 0
0 54 27: 335, 22, 3
0 54 30: 336, 22, 1
0 54 33: 336, 22, 1
0 54 35: 336, 22, 0
0 54 39: 336, 22, 2
0 54 41: 333, 22, 1
0 54 42: 333, 22, 3
0 54 43: 333, 22, 0
0 54 44: 333, 22, 2
0 54 46: 336, 22, 1
0 54 49: 333, 22, 0
0 54 50: 336, 22, 2
0 54 52: 337, 22, 2
0 54 53: 336, 22, 0
0 54 53: 2557, 0, 1
0 54 54: 335, 22, 0
0 54 57: 335, 22, 2
0 54 59: 335, 22, 0
0 54 59: 1631, 0, 3
0 54 60: 333, 22, 1
0 54 61: 333, 22, 2
0 55 0: 997, 0, 3
0 55 5: 336, 22, 0
0 55 6: 335, 22, 0
0 55 7: 521, 10, 2
0 55 8: 336, 22, 2
0 55 10: 522, 10, 0
0 55 13: 336, 22, 1
0 55 15: 336, 22, 2
0 55 20: 336, 22, 2
0 55 22: 336, 22, 3
0 55 26: 336, 22, 2
0 55 28: 336, 22, 1
0 55 30: 522, 10, 2
0 55 33: 336, 22, 1
0 55 35: 337, 22, 0
0 55 36: 336, 22, 3
0 55 38: 336, 22, 1
0 55 41: 333, 22, 2
0 55 42: 332, 22, 3
0 55 43: 333, 22, 1
0 55 44: 333, 22, 1
0 55 47: 335, 22, 0
0 55 49: 333, 22, 2
0 55 52: 335, 22, 3
0 55 53: 1631, 0, 1
0 55 54: 336, 22, 0
0 55 55: 337, 22, 2
0 55 57: 336, 22, 0
0 55 59: 2557, 0, 3
0 55 60: 333, 22, 1
0 55 61: 332, 22, 3
0 56 0: 997, 0, 3
0 56 0: 1871, 5, 3
0 56 18: 336, 22, 1
0 56 27: 522, 10, 0
0 56 28: 521, 10, 3
0 56 32: 336, 22, 2
0 56 38: 336, 22, 1
0 56 39: 335, 22, 3
0 56 41: 334, 22, 3
0 56 42: 333, 22, 1
0 56 43: 333, 22, 0
0 56 45: 336, 22, 0
0 56 51: 336, 22, 0
0 56 53: 1631, 0, 1
0 56 56: 336, 22, 3
0 56 58: 336, 22, 3
0 56 58: 706, 4, 1
0 56 59: 336, 22, 0
0 56 59: 1631, 0, 3
0 56 60: 333, 22, 0
0 56 61: 333, 22, 2
0 56 62: 336, 22, 2
0 57 0: 997, 0, 3
0 57 2: 336, 22, 2
0 57 4: 336, 22, 3
0 57 6: 336, 22, 3
0 57 9: 336, 22, 2
0 57 13: 336, 22, 2
0 57 14: 336, 22, 2
0 57 15: 1384, 10, 2
0 57 18: 336, 22, 0
0 57 19: 337, 22, 2
0 57 20: 336, 22, 2
0 57 23: 336, 22, 3
0 57 25: 336, 22, 0
0 57 34: 336, 22, 3
0 57 36: 336, 22, 0
0 57 41: 333, 22, 0
0 57 42: 332, 22, 3
0 57 43: 333, 22, 0
0 57 44: 336, 22, 3
0 57 46: 337, 22, 1
0 57 47: 336, 22, 2
0 57 49: 336, 22, 1
0 57 50: 336, 22, 1
0 57 51: 336, 22, 0
0 57 53: 336, 22, 3
0 57 53: 1631, 0, 1
0 57 54: 179, 22, 0
0 57 54: 197, 4, 3
0 57 55: 337, 22, 1
0 57 57: 335, 22, 1
0 57 58: 197, 4, 1
0 57 58: 2566, 10, 2
0 57 59: 1631, 0, 3
0 57 60: 334, 22, 0
0 57 61: 333, 22, 1
0 58 0: 336, 22, 1
0 58 0: 997, 0, 3
0 58 9: 336, 22, 3
0 58 11: 336, 22, 0
0 58 16: 336, 22, 1
0 58 20: 336, 22, 3
0 58 24: 335, 22, 3
0 58 26: 336, 22, 3
0 58 28: 522, 10, 3
0 58 29: 336, 22, 0
0 58 31: 335, 22, 0
0 58 37: 336, 22, 2
0 58 38: 336, 22, 3
0 58 40: 336, 22, 3
0 58 41: 333, 22, 3
0 58 42: 333, 22, 2
0 58 45: 337, 22, 2
0 58 48: 337, 22, 0
0 58 50: 337, 22, 3
0 58 52: 335, 22, 2
0 58 53: 1631, 1, 0
0 58 54: 1631, 9, 0
0 58 55: 179, 22, 1
0 58 55: 706, 4, 2
0 58 56: 909, 4, 2
0 58 58: 1631, 9, 3
0 58 59: 333, 22, 1
0 58 59: 1631, 1, 3
0 58 60: 333, 22, 0
0 58 61: 333, 22, 3
0 58 62: 336, 22, 1
0 59 0: 336, 22, 0
0 59 0: 997, 0, 3
0 59 1: 337, 22, 2
0 59 4: 1384, 10, 3
0 59 7: 336, 22, 3
0 59 9: 336, 22, 2
0 59 10: 335, 22, 3
0 59 14: 336, 22, 0
0 59 17: 336, 22, 2
0 59 23: 336, 22, 2
0 59 35: 336, 22, 3
0 59 37: 336, 22, 2
0 59 47: 335, 22, 1
0 59 54: 336, 22, 3
0 59 54: 1631, 1, 0
0 59 55: 1631, 0, 0
0 59 56: 336, 22, 1
0 59 56: 1631, 0, 0
0 59 57: 1631, 0, 0
0 59 58: 333, 22, 2
0 59 58: 1631, 1, 3
0 59 59: 332, 22, 2
0 59 60: 333, 22, 2
0 60 0: 997, 0, 3
0 60 5: 336, 22, 0
0 60 11: 336, 22, 2
0 60 20: 1384, 10, 2
0 60 25: 336, 22, 2
0 60 27: 335, 22, 0
0 60 29: 336, 22, 3
0 60 31: 336, 22, 2
0 60 32: 336, 22, 2
0 60 39: 337, 22, 3
0 60 41: 336, 22, 0
0 60 43: 335, 22, 2
0 60 49: 335, 22, 3
0 60 51: 333, 22, 1
0 60 52: 333, 22, 1
0 60 53: 333, 22, 2
0 60 54: 333, 22, 0
0 60 55: 333, 22, 1
0 60 56: 333, 22, 2
0 60 57: 334, 22, 3
0 60 58: 333, 22, 3
0 60 59: 333, 22, 0
0 60 61: 336, 22, 0
0 61 0: 997, 0, 3
0 61 1: 336, 22, 3
0 61 2: 336, 22, 3
0 61 9: 336, 22, 1
0 61 10: 336, 22, 1
0 61 14: 337, 22, 3
0 61 21: 335, 22, 1
0 61 24: 336, 22, 0
0 61 30: 336, 22, 1
0 61 34: 336, 22, 3
0 61 37: 336, 22, 2
0 61 39: 336, 22, 1
0 61 40: 336, 22, 0
0 61 45: 336, 22, 3
0 61 50: 333, 22, 3
0 61 51: 332, 22, 3
0 61 52: 333, 22, 2
0 61 53: 334, 22, 2
0 61 54: 333, 22, 1
0 61 55: 332, 22, 1
0 61 56: 333, 22, 3
0 61 57: 333, 22, 0
0 61 58: 333, 22, 1
0 61 60: 335, 22, 0
0 62 0: 997, 0, 3
0 62 2: 336, 22, 2
0 62 4: 337, 22, 3
0 62 6: 336, 22, 2
0 62 8: 336, 22, 3
0 62 12: 337, 22, 0
0 62 18: 336, 22, 3
0 62 25: 336, 22, 2
0 62 26: 337, 22, 2
0 62 28: 336, 22, 0
0 62 33: 337, 22, 3
0 62 37: 337, 22, 2
0 62 44: 337, 22, 3
0 62 46: 336, 22, 2
0 62 48: 335, 22, 1
0 62 55: 335, 22, 2
0 62 60: 336, 22, 1
0 63 0: 997, 0, 3
0 63 0: 1871, 5, 3
0 63 2: 336, 22, 1
0 63 6: 336, 22, 2
0 63 12: 336, 22, 0
0 63 16: 336, 22, 3
0 63 23: 336, 22, 0
0 63 27: 336, 22, 1
0 63 30: 336, 22, 0
0 63 31: 336, 22, 1
0 63 35: 336, 22, 2
0 63 37: 336, 22, 3
0 63 39: 336, 22, 0
0 63 41: 336, 22, 1
0 63 47: 336, 22, 1
0 63 52: 336, 22, 0
0 63 56: 336, 22, 3
0 63 58: 335, 22, 1
0 63 59: 336, 22, 2
1 17 18: 1631, 2, 3
1 17 19: 1625, 0, 0
1 17 20: 1624, 0, 0
1 17 21: 1631, 2, 0
1 18 18: 1650, 10, 3
1 18 21: 1649, 10, 1
1 19 18: 1649, 10, 3
1 19 21: 1650, 10, 1
1 20 18: 1631, 2, 2
1 20 19: 1631, 0, 2
1 20 20: 1631, 0, 2
1 20 21: 1631, 2, 1
1 50 54: 1793, 19, 1
1 50 55: 1793, 18, 2
1 50 56: 1793, 18, 2
1 50 57: 1793, 18, 2
1 50 58: 1793, 19, 2
1 51 53: 1793, 19, 1
1 51 54: 1640, 13, 1
1 51 55: 1640, 12, 2
1 51 56: 1640, 12, 2
1 51 57: 1640, 12, 2
1 51 58: 1640, 13, 2
1 51 59: 1793, 19, 2
1 52 53: 1793, 18, 1
1 52 54: 1640, 12, 1
1 52 55: 1640, 17, 0
1 52 56: 1640, 17, 0
1 52 57: 1640, 17, 0
1 52 58: 1640, 12, 3
1 52 59: 1793, 18, 3
1 53 53: 1793, 18, 1
1 53 54: 1640, 12, 1
1 53 55: 1640, 17, 0
1 53 56: 1640, 17, 0
1 53 57: 1640, 17, 0
1 53 58: 1640, 12, 3
1 53 59: 1793, 18, 3
1 54 53: 1793, 18, 1
1 54 54: 1640, 12, 1
1 54 55: 1640, 17, 0
1 54 56: 1640, 17, 0
1 54 57: 1640, 17, 0
1 54 58: 1640, 12, 3
1 54 59: 1793, 18, 3
1 55 53: 1793, 18, 1
1 55 54: 1640, 12, 1
1 55 55: 1640, 17, 0
1 55 56: 1640, 17, 0
1 55 57: 1640, 17, 0
1 55 58: 1640, 12, 3
1 55 59: 1793, 18, 3
1 56 53: 1793, 18, 1
1 56 54: 1640, 12, 1
1 56 55: 1640, 17, 0
1 56 56: 1640, 17, 0
1 56 57: 1640, 17, 0
1 56 58: 1640, 12, 3
1 56 59: 1793, 18, 3
1 57 53: 1793, 18, 1
1 57 54: 1640, 12, 1
1 57 55: 1640, 17, 0
1 57 56: 1640, 17, 0
1 57 57: 1640, 17, 0
1 57 58: 1640, 12, 3
1 57 59: 1793, 18, 3
1 58 53: 1793, 19, 0
1 58 54: 1640, 13, 0
1 58 55: 1640, 12, 0
1 58 56: 1640, 12, 0
1 58 57: 1640, 12, 0
1 58 58: 1640, 13, 3
1 58 59: 1793, 19, 3
1 59 54: 1793, 19, 0
1 59 55: 1793, 18, 0
1 59 56: 1793, 18, 0
1 59 57: 1793, 18, 0
1 59 58: 1793, 19, 3
2 17 18: 1622, 2, 3
2 17 21: 1622, 2, 0
2 20 18: 1622, 2, 2
2 20 21: 1622, 2, 1
