0 0 3: 1258, 22, 1
0 0 4: 1258, 22, 3
0 0 5: 1602, 3, 1
0 0 6: 1258, 22, 3
0 0 6: 1902, 0, 2
0 0 6: 1938, 5, 2
0 0 7: 1258, 22, 1
0 0 7: 1902, 0, 2
0 0 8: 1258, 22, 2
0 0 8: 1902, 0, 2
0 0 8: 1938, 5, 2
0 0 9: 1902, 0, 2
0 0 10: 1258, 22, 3
0 0 10: 1602, 3, 2
0 0 11: 1196, 10, 1
0 0 11: 1258, 22, 0
0 0 14: 980, 0, 1
0 0 14: 1196, 10, 3
0 0 16: 319, 22, 3
0 0 17: 980, 0, 3
0 0 17: 1248, 22, 3
0 0 19: 1258, 22, 2
0 0 19: 1602, 3, 1
0 0 20: 1258, 22, 0
0 0 20: 1902, 0, 2
0 0 21: 1258, 22, 3
0 0 21: 1902, 0, 2
0 0 21: 1938, 5, 2
0 0 22: 1258, 22, 1
0 0 22: 1902, 0, 2
0 0 23: 1902, 0, 2
0 0 23: 1938, 5, 2
0 0 24: 1602, 3, 2
0 0 30: 980, 0, 1
0 0 33: 1394, 10, 1
0 0 52: 1394, 10, 3
0 0 58: 1258, 22, 2
0 0 59: 1258, 22, 3
0 1 0: 1259, 22, 0
0 1 2: 1189, 10, 1
0 1 3: 1258, 22, 2
0 1 4: 1259, 22, 3
0 1 4: 1602, 3, 1
0 1 5: 1902, 9, 1
0 1 6: 1248, 22, 2
0 1 6: 1938, 4, 0
0 1 7: 196, 4, 0
0 1 8: 1088, 10, 2
0 1 8: 1938, 4, 0
0 1 9: 196, 4, 0
0 1 9: 604, 10, 0
0 1 10: 908, 7, 2
0 1 10: 1902, 0, 3
0 1 10: 1902, 9, 2
0 1 11: 1258, 22, 0
0 1 11: 1602, 1, 2
0 1 12: 1258, 22, 1
0 1 13: 981, 3, 1
0 1 13: 1195, 10, 1
0 1 13: 1258, 22, 0
0 1 14: 320, 22, 0
0 1 14: 980, 9, 1
0 1 15: 320, 22, 3
0 1 16: 980, 9, 3
0 1 17: 981, 3, 3
0 1 17: 1258, 22, 0
0 1 18: 1195, 10, 0
0 1 18: 1258, 22, 3
0 1 18: 1602, 1, 1
0 1 19: 908, 7, 1
0 1 19: 1902, 9, 1
0 1 20: 196, 4, 0
0 1 20: 997, 0, 3
0 1 21: 320, 22, 2
0 1 21: 1938, 4, 0
0 1 22: 196, 4, 0
0 1 22: 1262, 22, 0
0 1 23: 320, 22, 1
0 1 23: 1938, 4, 0
0 1 24: 1902, 9, 2
0 1 25: 1258, 22, 2
0 1 25: 1602, 3, 2
0 1 26: 1165, 10, 1
0 1 29: 1166, 10, 3
0 1 30: 980, 0, 1
0 1 30: 1165, 10, 0
0 1 43: 320, 22, 0
0 1 44: 321, 22, 2
0 1 45: 321, 22, 1
0 1 46: 320, 22, 1
0 1 48: 321, 22, 0
0 1 49: 320, 22, 0
0 1 50: 320, 22, 3
0 1 55: 1189, 10, 1
0 1 56: 3037, 10, 2
0 1 57: 1247, 22, 2
0 1 58: 1189, 10, 3
0 1 58: 1258, 22, 0
0 1 59: 1259, 22, 1
0 2 0: 1260, 22, 2
0 2 1: 1259, 22, 1
0 2 3: 1258, 22, 2
0 2 4: 1258, 22, 2
0 2 4: 1902, 0, 1
0 2 5: 196, 4, 3
0 2 7: 917, 22, 3
0 2 8: 917, 22, 0
0 2 9: 1088, 10, 1
0 2 10: 196, 5, 3
0 2 10: 1902, 0, 3
0 2 11: 196, 7, 2
0 2 11: 1902, 9, 2
0 2 12: 1602, 1, 2
0 2 13: 980, 0, 1
0 2 13: 1259, 22, 2
0 2 14: 320, 22, 0
0 2 14: 981, 3, 2
0 2 15: 320, 22, 1
0 2 15: 981, 3, 1
0 2 16: 980, 0, 3
0 2 16: 1259, 22, 3
0 2 17: 1196, 10, 2
0 2 17: 1258, 22, 1
0 2 17: 1602, 1, 1
0 2 18: 196, 6, 3
0 2 18: 1902, 9, 1
0 2 19: 1602, 3, 0
0 2 20: 997, 0, 3
0 2 22: 1263, 22, 2
0 2 23: 1263, 22, 1
0 2 24: 196, 4, 1
0 2 24: 304, 10, 3
0 2 25: 1259, 22, 2
0 2 25: 1902, 0, 3
0 2 26: 1258, 22, 2
0 2 30: 980, 0, 1
0 2 30: 1166, 10, 0
0 2 37: 1394, 10, 2
0 2 42: 321, 22, 3
0 2 43: 1258, 22, 0
0 2 44: 1258, 22, 1
0 2 45: 1259, 22, 1
0 2 46: 1258, 22, 0
0 2 50: 321, 22, 2
0 2 51: 1258, 22, 3
0 2 52: 1258, 22, 3
0 2 53: 1394, 10, 2
0 2 56: 1247, 22, 3
0 2 57: 1258, 22, 1
0 2 58: 1259, 22, 0
0 3 0: 1189, 10, 3
0 3 0: 1259, 22, 2
0 3 3: 1189, 10, 0
0 3 4: 1258, 22, 1
0 3 4: 1902, 0, 1
0 3 4: 1938, 5, 1
0 3 5: 1248, 22, 1
0 3 5: 1938, 4, 3
0 3 6: 1747, 10, 2
0 3 7: 918, 22, 2
0 3 8: 918, 22, 0
0 3 9: 916, 22, 0
0 3 10: 916, 22, 2
0 3 10: 1530, 0, 3
0 3 12: 907, 6, 2
0 3 12: 1902, 9, 2
0 3 13: 1258, 22, 0
0 3 13: 1902, 0, 2
0 3 13: 1938, 5, 2
0 3 14: 320, 22, 2
0 3 14: 1902, 1, 2
0 3 15: 321, 22, 0
0 3 15: 1902, 1, 1
0 3 16: 1195, 10, 1
0 3 16: 1258, 22, 3
0 3 16: 1902, 0, 2
0 3 16: 1938, 5, 2
0 3 17: 907, 6, 1
0 3 17: 1902, 9, 1
0 3 19: 1248, 22, 2
0 3 20: 997, 0, 3
0 3 22: 320, 22, 3
0 3 24: 304, 10, 3
0 3 24: 1263, 22, 2
0 3 24: 1938, 4, 1
0 3 25: 1258, 22, 1
0 3 25: 1902, 0, 3
0 3 25: 1938, 5, 3
0 3 27: 1166, 10, 2
0 3 30: 980, 1, 0
0 3 31: 980, 9, 0
0 3 34: 1394, 10, 1
0 3 42: 320, 22, 1
0 3 44: 1258, 22, 3
0 3 45: 1258, 22, 2
0 3 46: 320, 22, 2
0 3 47: 320, 22, 0
0 3 48: 320, 22, 3
0 3 49: 320, 22, 1
0 3 50: 320, 22, 2
0 3 51: 1258, 22, 0
0 3 52: 1259, 22, 2
0 3 53: 1258, 22, 1
0 3 57: 1258, 22, 1
0 4 0: 1258, 22, 3
0 4 4: 1902, 0, 1
0 4 5: 196, 4, 3
0 4 7: 917, 22, 2
0 4 8: 917, 22, 1
0 4 9: 683, 10, 0
0 4 10: 196, 5, 3
0 4 10: 1902, 0, 3
0 4 11: 1248, 22, 0
0 4 13: 1938, 4, 0
0 4 14: 1509, 0, 3
0 4 15: 1510, 0, 1
0 4 16: 1938, 4, 0
0 4 17: 1248, 22, 3
0 4 19: 1602, 3, 0
0 4 20: 997, 0, 3
0 4 22: 1262, 22, 1
0 4 23: 1263, 22, 1
0 4 24: 196, 4, 1
0 4 24: 1263, 22, 3
0 4 25: 1258, 22, 0
0 4 25: 1902, 0, 3
0 4 28: 320, 22, 1
0 4 29: 321, 22, 0
0 4 30: 320, 22, 0
0 4 31: 321, 22, 1
0 4 31: 980, 1, 0
0 4 32: 320, 22, 3
0 4 32: 980, 9, 0
0 4 33: 980, 1, 2
0 4 43: 321, 22, 0
0 4 44: 320, 22, 3
0 4 48: 1394, 10, 2
0 4 51: 1258, 22, 1
0 4 52: 1258, 22, 3
0 4 53: 1258, 22, 0
0 4 54: 3037, 10, 2
0 4 55: 1247, 22, 1
0 4 56: 1189, 10, 0
0 5 2: 1247, 22, 1
0 5 2: 3033, 10, 3
0 5 3: 1246, 22, 3
0 5 4: 1602, 3, 0
0 5 5: 1902, 9, 0
0 5 6: 1248, 22, 3
0 5 6: 1938, 4, 2
0 5 7: 196, 4, 2
0 5 8: 1102, 10, 1
0 5 8: 1938, 4, 2
0 5 9: 1902, 9, 3
0 5 10: 908, 7, 0
0 5 10: 1902, 9, 0
0 5 13: 917, 22, 3
0 5 14: 918, 22, 3
0 5 15: 918, 22, 3
0 5 16: 917, 22, 0
0 5 19: 908, 7, 3
0 5 19: 1902, 9, 3
0 5 20: 1902, 9, 0
0 5 21: 320, 22, 1
0 5 21: 1938, 4, 2
0 5 22: 196, 4, 2
0 5 22: 1263, 22, 0
0 5 23: 1262, 22, 2
0 5 23: 1938, 4, 2
0 5 24: 1902, 9, 3
0 5 25: 1602, 3, 3
0 5 27: 320, 22, 2
0 5 28: 321, 22, 3
0 5 29: 1258, 22, 2
0 5 30: 1189, 10, 3
0 5 30: 1258, 22, 2
0 5 32: 321, 22, 2
0 5 33: 980, 0, 3
0 5 41: 1258, 22, 0
0 5 42: 1258, 22, 1
0 5 43: 1258, 22, 2
0 5 50: 1258, 22, 2
0 5 51: 1259, 22, 3
0 5 52: 1258, 22, 1
0 5 53: 1259, 22, 0
0 5 54: 1247, 22, 3
0 5 55: 1247, 22, 0
0 6 2: 1259, 22, 3
0 6 3: 1247, 22, 2
0 6 5: 1602, 3, 0
0 6 6: 1902, 0, 0
0 6 6: 1938, 5, 0
0 6 7: 1902, 0, 0
0 6 8: 1902, 0, 0
0 6 8: 1938, 5, 0
0 6 9: 1258, 22, 0
0 6 9: 1602, 3, 3
0 6 10: 1259, 22, 1
0 6 10: 1602, 1, 0
0 6 11: 196, 7, 0
0 6 11: 1902, 9, 0
0 6 13: 917, 22, 2
0 6 14: 595, 10, 3
0 6 14: 918, 22, 1
0 6 15: 918, 22, 1
0 6 16: 917, 22, 1
0 6 17: 1248, 22, 1
0 6 18: 196, 7, 3
0 6 18: 1902, 9, 3
0 6 19: 1259, 22, 3
0 6 19: 1602, 1, 3
0 6 20: 1258, 22, 2
0 6 20: 1602, 3, 0
0 6 21: 1258, 22, 3
0 6 21: 1902, 0, 0
0 6 21: 1938, 5, 0
0 6 22: 1902, 0, 0
0 6 23: 1258, 22, 2
0 6 23: 1902, 0, 0
0 6 23: 1938, 5, 0
0 6 24: 1602, 3, 3
0 6 27: 320, 22, 3
0 6 28: 320, 22, 0
0 6 29: 1258, 22, 3
0 6 30: 1259, 22, 2
0 6 31: 1258, 22, 1
0 6 32: 320, 22, 2
0 6 33: 980, 0, 3
0 6 34: 1248, 22, 0
0 6 36: 3037, 10, 2
0 6 40: 3037, 10, 2
0 6 41: 1247, 22, 1
0 6 42: 1259, 22, 2
0 6 43: 1259, 22, 3
0 6 44: 1258, 22, 3
0 6 54: 1258, 22, 0
0 7 2: 1259, 22, 3
0 7 4: 3037, 10, 0
0 7 5: 1247, 22, 0
0 7 8: 1258, 22, 3
0 7 9: 1258, 22, 1
0 7 11: 1602, 1, 0
0 7 12: 904, 7, 0
0 7 12: 1902, 9, 0
0 7 13: 724, 10, 1
0 7 13: 1938, 4, 2
0 7 14: 1020, 4, 2
0 7 15: 1019, 4, 2
0 7 16: 724, 10, 1
0 7 16: 1938, 4, 2
0 7 17: 904, 7, 3
0 7 17: 1902, 9, 3
0 7 18: 1602, 1, 3
0 7 19: 1258, 22, 1
0 7 27: 320, 22, 3
0 7 28: 320, 22, 1
0 7 29: 321, 22, 1
0 7 31: 1258, 22, 0
0 7 32: 320, 22, 0
0 7 33: 980, 0, 3
0 7 36: 1247, 22, 3
0 7 40: 1247, 22, 2
0 7 41: 1247, 22, 0
0 7 42: 1259, 22, 1
0 7 43: 1258, 22, 0
0 8 2: 1259, 22, 2
0 8 3: 1259, 22, 1
0 8 4: 1246, 22, 1
0 8 6: 1247, 22, 1
0 8 8: 1248, 22, 0
0 8 10: 320, 22, 3
0 8 12: 1602, 3, 0
0 8 13: 1902, 0, 0
0 8 13: 1938, 5, 0
0 8 14: 1902, 0, 0
0 8 15: 1902, 0, 0
0 8 16: 1902, 0, 0
0 8 16: 1938, 5, 0
0 8 17: 1602, 3, 3
0 8 19: 320, 22, 2
0 8 24: 1258, 22, 2
0 8 25: 1258, 22, 0
0 8 30: 320, 22, 2
0 8 31: 321, 22, 0
0 8 33: 980, 0, 3
0 8 40: 1258, 22, 2
0 8 41: 1258, 22, 0
0 8 42: 1258, 22, 1
0 9 4: 1247, 22, 3
0 9 5: 1247, 22, 2
0 9 6: 1246, 22, 0
0 9 11: 320, 22, 0
0 9 12: 320, 22, 0
0 9 13: 321, 22, 0
0 9 14: 320, 22, 1
0 9 15: 320, 22, 2
0 9 16: 321, 22, 3
0 9 17: 320, 22, 3
0 9 18: 320, 22, 0
0 9 21: 1248, 22, 2
0 9 24: 1258, 22, 3
0 9 25: 1259, 22, 3
0 9 26: 1258, 22, 1
0 9 33: 980, 0, 3
0 9 35: 3037, 10, 3
0 9 37: 3037, 10, 3
0 9 38: 1247, 22, 0
0 9 40: 1258, 22, 3
0 9 41: 1258, 22, 2
0 10 5: 1246, 22, 2
0 10 5: 3033, 10, 2
0 10 6: 1247, 22, 3
0 10 9: 321, 22, 1
0 10 10: 320, 22, 3
0 10 11: 321, 22, 2
0 10 23: 1258, 22, 3
0 10 24: 1189, 10, 1
0 10 24: 1259, 22, 1
0 10 25: 1259, 22, 0
0 10 26: 1258, 22, 2
0 10 27: 1189, 10, 0
0 10 31: 1258, 22, 1
0 10 32: 1258, 22, 1
0 10 33: 980, 0, 3
0 10 35: 1247, 22, 2
0 10 37: 1247, 22, 1
0 11 5: 1247, 22, 0
0 11 6: 1247, 22, 3
0 11 8: 320, 22, 0
0 11 9: 1258, 22, 2
0 11 10: 1259, 22, 0
0 11 12: 320, 22, 1
0 11 20: 1247, 22, 2
0 11 20: 3037, 10, 2
0 11 22: 1258, 22, 2
0 11 23: 1259, 22, 1
0 11 24: 1258, 22, 1
0 11 25: 1258, 22, 2
0 11 26: 1258, 22, 0
0 11 27: 1258, 22, 1
0 11 30: 1247, 22, 0
0 11 30: 3037, 10, 3
0 11 31: 1258, 22, 0
0 11 32: 1258, 22, 1
0 11 33: 980, 0, 3
0 11 33: 1258, 22, 2
0 11 34: 1258, 22, 3
0 12 4: 1247, 22, 1
0 12 4: 3033, 10, 1
0 12 5: 1246, 22, 1
0 12 6: 1258, 22, 1
0 12 8: 321, 22, 0
0 12 9: 1258, 22, 2
0 12 10: 1258, 22, 0
0 12 11: 1258, 22, 3
0 12 12: 321, 22, 2
0 12 15: 1258, 22, 2
0 12 18: 1247, 22, 0
0 12 18: 3037, 10, 2
0 12 21: 1247, 22, 1
0 12 22: 1258, 22, 1
0 12 23: 1258, 22, 3
0 12 29: 1258, 22, 2
0 12 30: 1258, 22, 3
0 12 31: 1247, 22, 3
0 12 32: 1259, 22, 0
0 12 33: 980, 0, 3
0 12 33: 1258, 22, 3
0 12 34: 1259, 22, 3
0 13 4: 1247, 22, 2
0 13 6: 1258, 22, 3
0 13 7: 1189, 10, 1
0 13 7: 1258, 22, 2
0 13 8: 320, 22, 1
0 13 9: 320, 22, 2
0 13 10: 321, 22, 3
0 13 11: 320, 22, 3
0 13 12: 320, 22, 0
0 13 14: 1189, 10, 3
0 13 14: 1258, 22, 1
0 13 15: 1259, 22, 1
0 13 16: 1258, 22, 3
0 13 19: 1247, 22, 3
0 13 30: 1258, 22, 1
0 13 31: 1258, 22, 1
0 13 32: 1258, 22, 1
0 13 33: 1008, 0, 3
0 13 33: 1258, 22, 2
0 14 5: 1258, 22, 1
0 14 6: 1258, 22, 2
0 14 7: 1258, 22, 0
0 14 10: 1258, 22, 2
0 14 11: 1189, 10, 0
0 14 13: 1189, 10, 2
0 14 13: 1258, 22, 1
0 14 14: 1258, 22, 2
0 14 15: 1258, 22, 0
0 14 16: 1258, 22, 3
0 14 17: 1258, 22, 2
0 14 52: 1258, 22, 1
0 14 53: 1258, 22, 3
0 15 5: 1258, 22, 0
0 15 6: 1258, 22, 1
0 15 7: 1259, 22, 1
0 15 8: 1258, 22, 3
0 15 9: 1258, 22, 3
0 15 10: 1259, 22, 0
0 15 11: 1258, 22, 1
0 15 53: 1258, 22, 2
0 16 1: 473, 10, 1
0 16 7: 1258, 22, 2
0 16 10: 1258, 22, 0
0 16 46: 1258, 22, 0
0 18 1: 471, 10, 2
0 18 11: 473, 10, 3
0 18 21: 473, 10, 2
0 19 3: 473, 10, 1
0 19 13: 473, 10, 2
0 19 19: 472, 10, 1
0 19 50: 2771, 22, 3
0 20 1: 473, 10, 1
0 20 6: 473, 10, 0
0 20 9: 473, 10, 0
0 20 11: 472, 10, 2
0 21 19: 473, 10, 2
0 21 26: 1259, 22, 0
0 21 30: 1259, 22, 3
0 22 26: 3036, 10, 0
0 23 5: 1258, 22, 0
0 23 5: 3037, 10, 1
0 23 6: 1247, 22, 2
0 23 42: 3036, 10, 2
0 24 4: 1258, 22, 0
0 24 10: 1189, 10, 3
0 24 12: 1247, 22, 3
0 24 12: 3037, 10, 1
0 24 13: 1247, 22, 0
0 24 41: 1259, 22, 3
0 24 42: 1259, 22, 2
0 24 53: 1258, 22, 2
0 24 54: 1258, 22, 1
0 25 5: 1258, 22, 0
0 25 6: 1259, 22, 3
0 25 7: 1189, 10, 3
0 25 7: 1258, 22, 2
0 25 8: 1258, 22, 3
0 25 9: 1258, 22, 2
0 25 12: 1259, 22, 0
0 25 14: 1189, 10, 2
0 25 41: 3036, 10, 3
0 26 10: 1258, 22, 0
0 27 12: 1258, 22, 0
0 30 29: 1259, 22, 1
1 0 5: 1602, 3, 1
1 0 24: 1602, 3, 2
1 0 61: 321, 22, 3
1 1 4: 1602, 3, 1
1 1 5: 994, 9, 3
1 1 6: 994, 0, 0
1 1 6: 1870, 10, 1
1 1 7: 994, 0, 0
1 1 8: 994, 0, 0
1 1 8: 1870, 10, 1
1 1 9: 994, 0, 0
1 1 10: 994, 9, 0
1 1 19: 994, 9, 3
1 1 20: 994, 0, 0
1 1 21: 994, 0, 0
1 1 21: 1870, 10, 1
1 1 22: 994, 0, 0
1 1 23: 994, 0, 0
1 1 23: 1870, 10, 1
1 1 24: 994, 9, 0
1 1 25: 1602, 3, 2
1 1 60: 320, 22, 3
1 2 5: 994, 0, 3
1 2 5: 1870, 10, 0
1 2 8: 1096, 11, 3
1 2 9: 1870, 10, 2
1 2 10: 1933, 13, 1
1 2 11: 1933, 13, 2
1 2 12: 1793, 19, 2
1 2 17: 1793, 19, 1
1 2 18: 1933, 13, 1
1 2 19: 1933, 13, 2
1 2 20: 1870, 10, 0
1 2 23: 1248, 22, 1
1 2 24: 994, 0, 1
1 2 24: 1870, 10, 2
1 2 60: 321, 22, 0
1 3 5: 994, 0, 3
1 3 6: 1746, 10, 2
1 3 8: 604, 10, 2
1 3 9: 994, 0, 1
1 3 10: 1933, 12, 1
1 3 11: 1933, 14, 2
1 3 12: 1933, 13, 2
1 3 13: 1793, 18, 2
1 3 14: 1793, 18, 2
1 3 15: 1793, 18, 2
1 3 16: 1793, 18, 2
1 3 17: 1933, 13, 1
1 3 18: 1933, 14, 1
1 3 19: 1933, 12, 3
1 3 20: 994, 0, 3
1 3 24: 994, 0, 1
1 3 59: 319, 22, 0
1 4 5: 994, 0, 3
1 4 5: 1870, 10, 0
1 4 8: 1096, 11, 0
1 4 9: 994, 0, 1
1 4 9: 1870, 10, 2
1 4 10: 1933, 12, 1
1 4 11: 1933, 17, 1
1 4 12: 1933, 14, 2
1 4 13: 1933, 12, 2
1 4 14: 1933, 12, 2
1 4 15: 1933, 12, 2
1 4 16: 1933, 12, 2
1 4 17: 1933, 14, 1
1 4 18: 1933, 17, 1
1 4 19: 1933, 12, 3
1 4 20: 994, 0, 3
1 4 20: 1870, 10, 0
1 4 21: 1248, 22, 0
1 4 24: 994, 0, 1
1 4 24: 1870, 10, 2
1 4 58: 321, 22, 2
1 5 4: 1602, 3, 0
1 5 5: 994, 9, 2
1 5 6: 994, 0, 2
1 5 6: 1870, 10, 3
1 5 7: 994, 0, 2
1 5 8: 994, 0, 2
1 5 8: 1870, 10, 3
1 5 9: 994, 9, 1
1 5 10: 1933, 13, 0
1 5 11: 1933, 14, 0
1 5 12: 1933, 17, 1
1 5 13: 1933, 17, 1
1 5 14: 1933, 17, 1
1 5 15: 1933, 17, 1
1 5 16: 1933, 17, 1
1 5 17: 1933, 17, 1
1 5 18: 1933, 14, 3
1 5 19: 1933, 13, 3
1 5 20: 994, 9, 2
1 5 21: 994, 0, 2
1 5 21: 1870, 10, 3
1 5 22: 994, 0, 2
1 5 23: 994, 0, 2
1 5 23: 1870, 10, 3
1 5 24: 994, 9, 1
1 5 25: 1602, 3, 3
1 5 57: 320, 22, 3
1 6 5: 1602, 3, 0
1 6 9: 1602, 3, 3
1 6 10: 1793, 19, 0
1 6 11: 1933, 13, 0
1 6 12: 1933, 14, 0
1 6 13: 1933, 17, 1
1 6 14: 1933, 17, 1
1 6 15: 1933, 17, 1
1 6 16: 1933, 17, 1
1 6 17: 1933, 14, 3
1 6 18: 1933, 13, 3
1 6 19: 1793, 19, 3
1 6 20: 1602, 3, 0
1 6 24: 1602, 3, 3
1 6 47: 320, 22, 0
1 6 48: 321, 22, 1
1 6 49: 321, 22, 3
1 6 50: 319, 22, 3
1 6 51: 320, 22, 1
1 6 52: 320, 22, 2
1 6 53: 321, 22, 1
1 6 56: 321, 22, 1
1 7 0: 320, 22, 1
1 7 1: 321, 22, 3
1 7 11: 1793, 19, 0
1 7 12: 1933, 13, 0
1 7 13: 1933, 12, 0
1 7 14: 1933, 12, 0
1 7 15: 1933, 12, 0
1 7 16: 1933, 12, 0
1 7 17: 1933, 13, 3
1 7 18: 1793, 19, 3
1 7 46: 320, 22, 3
1 7 53: 320, 22, 3
1 7 54: 320, 22, 0
1 7 55: 321, 22, 0
1 7 56: 320, 22, 1
1 8 1: 320, 22, 2
1 8 12: 1793, 19, 0
1 8 13: 1793, 18, 0
1 8 14: 1793, 18, 0
1 8 15: 1793, 18, 0
1 8 16: 1793, 18, 0
1 8 17: 1793, 19, 3
1 8 44: 321, 22, 2
1 8 45: 320, 22, 3
1 9 1: 319, 22, 3
1 9 43: 320, 22, 1
1 10 2: 321, 22, 0
1 10 41: 321, 22, 0
1 10 42: 321, 22, 1
1 11 3: 320, 22, 3
1 11 40: 320, 22, 0
1 11 50: 321, 22, 3
1 11 61: 321, 22, 0
1 11 62: 320, 22, 3
1 12 3: 321, 22, 1
1 12 23: 321, 22, 1
1 12 24: 320, 22, 3
1 12 25: 319, 22, 2
1 12 26: 320, 22, 1
1 12 27: 320, 22, 2
1 12 28: 321, 22, 1
1 12 36: 321, 22, 2
1 12 37: 319, 22, 2
1 12 38: 320, 22, 3
1 12 39: 321, 22, 3
1 12 49: 321, 22, 3
1 12 50: 320, 22, 1
1 12 51: 321, 22, 2
1 12 60: 320, 22, 1
1 12 62: 321, 22, 3
1 13 3: 319, 22, 0
1 13 22: 320, 22, 0
1 13 29: 321, 22, 2
1 13 35: 320, 22, 2
1 13 47: 321, 22, 2
1 13 48: 320, 22, 3
1 13 52: 320, 22, 0
1 13 53: 321, 22, 1
1 13 54: 320, 22, 3
1 13 60: 321, 22, 1
1 13 63: 321, 22, 2
1 14 20: 321, 22, 2
1 14 21: 319, 22, 1
1 14 22: 320, 22, 2
1 14 30: 320, 22, 3
1 14 31: 321, 22, 3
1 14 32: 320, 22, 0
1 14 33: 320, 22, 1
1 14 34: 321, 22, 1
1 14 45: 321, 22, 0
1 14 46: 320, 22, 0
1 14 47: 320, 22, 3
1 14 48: 321, 22, 1
1 14 49: 320, 22, 2
1 14 50: 319, 22, 3
1 14 55: 321, 22, 0
1 14 60: 319, 22, 1
1 14 63: 320, 22, 2
1 15 4: 320, 22, 2
1 15 5: 321, 22, 0
1 15 15: 321, 22, 0
1 15 16: 319, 22, 0
1 15 17: 320, 22, 1
1 15 18: 320, 22, 0
1 15 19: 321, 22, 0
1 15 44: 321, 22, 2
1 15 45: 319, 22, 0
1 15 48: 320, 22, 2
1 15 51: 321, 22, 3
1 15 55: 321, 22, 1
1 15 59: 321, 22, 0
1 15 62: 321, 22, 2
1 16 4: 320, 22, 0
1 16 5: 320, 22, 2
1 16 6: 321, 22, 1
1 16 12: 321, 22, 3
1 16 13: 321, 22, 0
1 16 14: 320, 22, 0
1 16 45: 321, 22, 3
1 16 47: 321, 22, 0
1 16 53: 321, 22, 2
1 16 60: 321, 22, 3
1 16 61: 320, 22, 1
1 16 62: 321, 22, 3
1 17 3: 320, 22, 0
1 17 4: 321, 22, 2
1 17 5: 319, 22, 1
1 17 6: 320, 22, 2
1 17 6: 3036, 10, 1
1 17 7: 320, 22, 3
1 17 8: 320, 22, 2
1 17 9: 320, 22, 3
1 17 10: 321, 22, 2
1 17 11: 319, 22, 3
1 17 46: 321, 22, 1
1 17 61: 320, 22, 0
1 18 4: 320, 22, 1
1 18 4: 3036, 10, 0
1 18 5: 320, 22, 1
1 18 6: 320, 22, 1
1 18 7: 321, 22, 3
1 18 8: 319, 22, 2
1 19 7: 320, 22, 0
1 20 25: 321, 22, 2
1 20 26: 321, 22, 1
1 20 27: 320, 22, 2
1 20 28: 321, 22, 3
1 20 29: 320, 22, 1
1 20 30: 319, 22, 0
1 20 31: 321, 22, 1
1 20 32: 320, 22, 0
1 21 4: 319, 22, 0
1 21 5: 320, 22, 0
1 21 16: 321, 22, 2
1 21 17: 320, 22, 1
1 21 24: 320, 22, 3
1 21 32: 321, 22, 0
1 22 2: 320, 22, 0
1 22 3: 321, 22, 2
1 22 4: 320, 22, 3
1 22 5: 320, 22, 2
1 22 6: 321, 22, 1
1 22 7: 320, 22, 1
1 22 8: 319, 22, 1
1 22 14: 319, 22, 0
1 22 15: 320, 22, 3
1 22 16: 320, 22, 2
1 22 17: 321, 22, 0
1 22 18: 320, 22, 0
1 22 24: 321, 22, 0
1 22 27: 321, 22, 0
1 22 28: 319, 22, 3
1 22 29: 320, 22, 3
1 22 32: 320, 22, 1
1 22 40: 321, 22, 0
1 22 41: 319, 22, 1
1 22 42: 321, 22, 3
1 22 43: 320, 22, 2
1 23 1: 320, 22, 1
1 23 2: 321, 22, 0
1 23 3: 320, 22, 3
1 23 9: 321, 22, 0
1 23 10: 320, 22, 3
1 23 11: 320, 22, 2
1 23 12: 320, 22, 1
1 23 13: 321, 22, 3
1 23 14: 320, 22, 0
1 23 15: 319, 22, 2
1 23 16: 320, 22, 0
1 23 17: 319, 22, 1
1 23 24: 320, 22, 0
1 23 30: 321, 22, 2
1 23 31: 320, 22, 2
1 23 39: 321, 22, 0
1 23 44: 321, 22, 2
1 23 52: 321, 22, 3
1 23 53: 319, 22, 2
1 23 55: 319, 22, 1
1 24 1: 321, 22, 3
1 24 2: 320, 22, 2
1 24 3: 319, 22, 3
1 24 15: 320, 22, 1
1 24 16: 321, 22, 1
1 24 17: 320, 22, 2
1 24 25: 321, 22, 1
1 24 39: 320, 22, 3
1 24 44: 320, 22, 1
1 24 45: 321, 22, 1
1 24 55: 321, 22, 0
1 25 1: 320, 22, 0
1 25 2: 320, 22, 3
1 25 3: 321, 22, 2
1 25 14: 1258, 22, 0
1 25 15: 319, 22, 3
1 25 16: 320, 22, 0
1 25 38: 320, 22, 2
1 25 39: 321, 22, 1
1 25 44: 321, 22, 0
1 25 52: 321, 22, 3
1 26 3: 320, 22, 1
1 26 4: 321, 22, 3
1 26 5: 320, 22, 1
1 26 15: 320, 22, 3
1 26 16: 321, 22, 3
1 26 39: 321, 22, 2
1 26 41: 320, 22, 0
1 26 43: 320, 22, 3
1 26 54: 321, 22, 2
1 27 6: 319, 22, 2
1 27 7: 321, 22, 0
1 27 8: 319, 22, 1
1 27 9: 320, 22, 1
1 27 10: 321, 22, 1
1 27 14: 321, 22, 2
1 27 42: 321, 22, 3
1 28 7: 320, 22, 2
1 28 11: 320, 22, 0
1 28 12: 319, 22, 0
1 28 13: 320, 22, 3
1 28 29: 321, 22, 2
1 29 27: 321, 22, 3
1 29 28: 320, 22, 2
1 29 30: 320, 22, 1
1 29 31: 320, 22, 1
1 30 27: 320, 22, 0
1 30 31: 320, 22, 0
1 31 27: 321, 22, 2
1 31 31: 321, 22, 0
1 32 28: 320, 22, 3
1 32 29: 321, 22, 1
1 32 30: 320, 22, 2
2 0 5: 1793, 19, 1
2 0 6: 1793, 18, 2
2 0 7: 1793, 18, 2
2 0 8: 1793, 18, 2
2 0 9: 1793, 19, 2
2 0 20: 1793, 19, 1
2 0 21: 1793, 18, 2
2 0 22: 1793, 18, 2
2 0 23: 1793, 18, 2
2 0 24: 1793, 19, 2
2 1 4: 1793, 19, 1
2 1 5: 1933, 13, 1
2 1 6: 1933, 12, 2
2 1 7: 1933, 12, 2
2 1 8: 1933, 12, 2
2 1 9: 1933, 13, 2
2 1 10: 1793, 19, 2
2 1 19: 1793, 19, 1
2 1 20: 1933, 13, 1
2 1 21: 1933, 12, 2
2 1 22: 1933, 12, 2
2 1 23: 1933, 12, 2
2 1 24: 1933, 13, 2
2 1 25: 1793, 19, 2
2 2 4: 1793, 18, 1
2 2 5: 1933, 12, 1
2 2 6: 1933, 17, 1
2 2 7: 1933, 17, 1
2 2 8: 1933, 17, 1
2 2 9: 1933, 12, 3
2 2 10: 1793, 18, 3
2 2 19: 1793, 18, 1
2 2 20: 1933, 12, 1
2 2 21: 1933, 17, 1
2 2 22: 1933, 17, 1
2 2 23: 1933, 17, 1
2 2 24: 1933, 12, 3
2 2 25: 1793, 18, 3
2 3 4: 1793, 18, 1
2 3 5: 1933, 12, 1
2 3 6: 1933, 17, 1
2 3 7: 1933, 17, 1
2 3 8: 1933, 17, 1
2 3 9: 1933, 12, 3
2 3 10: 1793, 18, 3
2 3 19: 1793, 18, 1
2 3 20: 1933, 12, 1
2 3 21: 1933, 17, 1
2 3 22: 1933, 17, 1
2 3 23: 1933, 17, 1
2 3 24: 1933, 12, 3
2 3 25: 1793, 18, 3
2 4 4: 1793, 18, 1
2 4 5: 1933, 12, 1
2 4 6: 1933, 17, 1
2 4 7: 1933, 17, 1
2 4 8: 1933, 17, 1
2 4 9: 1933, 12, 3
2 4 10: 1793, 18, 3
2 4 19: 1793, 18, 1
2 4 20: 1933, 12, 1
2 4 21: 1933, 17, 1
2 4 22: 1933, 17, 1
2 4 23: 1933, 17, 1
2 4 24: 1933, 12, 3
2 4 25: 1793, 18, 3
2 5 4: 1793, 19, 0
2 5 5: 1933, 13, 0
2 5 6: 1933, 12, 0
2 5 7: 1933, 12, 0
2 5 8: 1933, 12, 0
2 5 9: 1933, 13, 3
2 5 10: 1793, 19, 3
2 5 19: 1793, 19, 0
2 5 20: 1933, 13, 0
2 5 21: 1933, 12, 0
2 5 22: 1933, 12, 0
2 5 23: 1933, 12, 0
2 5 24: 1933, 13, 3
2 5 25: 1793, 19, 3
2 6 5: 1793, 19, 0
2 6 6: 1793, 18, 0
2 6 7: 1793, 18, 0
2 6 8: 1793, 18, 0
2 6 9: 1793, 19, 3
2 6 20: 1793, 19, 0
2 6 21: 1793, 18, 0
2 6 22: 1793, 18, 0
2 6 23: 1793, 18, 0
2 6 24: 1793, 19, 3
