0 0 20: 1658, 1, 1
0 0 21: 1658, 0, 2
0 0 22: 1658, 0, 2
0 0 23: 1658, 0, 2
0 0 24: 1658, 0, 2
0 0 25: 1658, 0, 2
0 0 26: 1658, 0, 2
0 0 27: 1658, 1, 2
0 0 31: 1658, 0, 1
0 0 32: 197, 4, 3
0 0 34: 197, 4, 1
0 0 35: 1658, 0, 3
0 0 50: 1658, 1, 1
0 0 51: 1658, 0, 2
0 0 52: 1658, 0, 2
0 0 53: 1658, 0, 2
0 0 54: 1658, 0, 2
0 0 55: 1658, 1, 2
0 1 20: 1658, 0, 1
0 1 21: 197, 4, 0
0 1 21: 326, 22, 3
0 1 22: 325, 22, 2
0 1 22: 1620, 3, 3
0 1 23: 325, 22, 0
0 1 24: 325, 22, 0
0 1 25: 325, 22, 2
0 1 25: 1620, 3, 0
0 1 26: 197, 4, 0
0 1 26: 324, 22, 2
0 1 27: 1658, 0, 3
0 1 31: 1658, 0, 1
0 1 35: 1658, 0, 3
0 1 49: 1658, 1, 1
0 1 50: 1658, 9, 1
0 1 51: 197, 4, 0
0 1 51: 325, 22, 3
0 1 51: 357, 10, 3
0 1 51: 1620, 3, 3
0 1 52: 358, 10, 0
0 1 52: 1247, 22, 1
0 1 53: 325, 22, 0
0 1 53: 357, 10, 0
0 1 54: 197, 4, 0
0 1 54: 325, 22, 2
0 1 54: 356, 10, 1
0 1 54: 1620, 3, 0
0 1 55: 326, 22, 2
0 1 55: 1658, 9, 2
0 1 56: 1658, 1, 2
0 2 20: 1658, 0, 1
0 2 21: 325, 22, 1
0 2 21: 1620, 3, 3
0 2 21: 1873, 4, 3
0 2 22: 325, 22, 1
0 2 25: 325, 22, 1
0 2 26: 325, 22, 1
0 2 26: 1873, 4, 1
0 2 27: 1659, 2, 2
0 2 28: 1658, 1, 2
0 2 31: 1658, 0, 1
0 2 35: 1658, 0, 3
0 2 49: 1658, 0, 1
0 2 50: 325, 22, 3
0 2 51: 325, 22, 2
0 2 52: 325, 22, 3
0 2 52: 356, 10, 3
0 2 53: 325, 22, 3
0 2 54: 325, 22, 0
0 2 54: 356, 10, 2
0 2 55: 197, 4, 1
0 2 55: 325, 22, 3
0 2 55: 1620, 3, 0
0 2 56: 1658, 0, 3
0 3 20: 1658, 0, 1
0 3 21: 325, 22, 2
0 3 21: 1873, 4, 3
0 3 27: 325, 22, 2
0 3 28: 1658, 0, 3
0 3 31: 1658, 0, 1
0 3 32: 197, 4, 3
0 3 34: 197, 4, 1
0 3 35: 1658, 0, 3
0 3 49: 1658, 0, 1
0 3 52: 325, 22, 2
0 3 55: 325, 22, 3
0 3 55: 357, 10, 3
0 3 56: 1658, 0, 3
0 4 20: 1658, 0, 1
0 4 21: 197, 4, 3
0 4 27: 197, 4, 1
0 4 28: 1658, 0, 3
0 4 31: 1658, 0, 1
0 4 35: 1658, 0, 3
0 4 48: 1658, 1, 1
0 4 49: 1659, 2, 1
0 4 50: 655, 4, 3
0 4 54: 325, 22, 0
0 4 55: 197, 4, 1
0 4 55: 326, 22, 1
0 4 55: 1620, 3, 1
0 4 56: 1658, 0, 3
0 5 20: 1658, 0, 1
0 5 21: 1620, 3, 2
0 5 24: 325, 22, 3
0 5 28: 1658, 0, 3
0 5 31: 1658, 0, 1
0 5 33: 1247, 22, 2
0 5 35: 1658, 0, 3
0 5 47: 1658, 1, 1
0 5 48: 1658, 9, 1
0 5 49: 197, 4, 0
0 5 51: 325, 22, 1
0 5 53: 325, 22, 0
0 5 53: 1620, 3, 2
0 5 54: 324, 22, 2
0 5 55: 326, 22, 2
0 5 55: 1658, 9, 3
0 5 56: 1658, 1, 3
0 6 19: 1658, 1, 1
0 6 20: 1658, 9, 1
0 6 24: 325, 22, 3
0 6 26: 325, 22, 0
0 6 28: 1658, 9, 2
0 6 29: 1658, 1, 2
0 6 31: 1658, 0, 1
0 6 32: 197, 4, 3
0 6 34: 197, 4, 1
0 6 35: 1658, 0, 3
0 6 47: 1658, 0, 1
0 6 48: 325, 22, 2
0 6 50: 325, 22, 1
0 6 52: 325, 22, 2
0 6 53: 1659, 2, 3
0 6 54: 1658, 0, 0
0 6 55: 1658, 1, 3
0 7 18: 1658, 1, 1
0 7 19: 1658, 9, 1
0 7 25: 1873, 4, 2
0 7 26: 197, 4, 2
0 7 28: 325, 22, 0
0 7 29: 1658, 9, 2
0 7 30: 1658, 0, 2
0 7 31: 1659, 2, 1
0 7 35: 1659, 2, 2
0 7 36: 1658, 0, 2
0 7 37: 1658, 1, 2
0 7 46: 1658, 1, 1
0 7 47: 197, 7, 1
0 7 47: 1658, 9, 1
0 7 52: 197, 4, 1
0 7 52: 325, 22, 3
0 7 53: 1659, 2, 2
0 7 54: 1658, 1, 2
0 8 17: 1658, 1, 1
0 8 18: 1658, 9, 1
0 8 23: 197, 4, 1
0 8 24: 1659, 2, 3
0 8 25: 1658, 0, 0
0 8 26: 1658, 0, 0
0 8 27: 1658, 9, 0
0 8 30: 1620, 3, 3
0 8 31: 197, 4, 0
0 8 35: 197, 4, 0
0 8 36: 1620, 3, 0
0 8 37: 1658, 9, 2
0 8 38: 1658, 1, 2
0 8 45: 1658, 1, 1
0 8 46: 1658, 9, 1
0 8 49: 325, 22, 2
0 8 52: 325, 22, 0
0 8 53: 326, 22, 0
0 8 54: 1658, 9, 2
0 8 55: 1658, 1, 2
0 9 16: 1658, 1, 1
0 9 17: 1658, 9, 1
0 9 23: 325, 22, 0
0 9 23: 1620, 3, 0
0 9 24: 1658, 0, 3
0 9 27: 1658, 1, 0
0 9 28: 1658, 9, 0
0 9 29: 325, 22, 3
0 9 35: 1630, 22, 3
0 9 37: 325, 22, 3
0 9 38: 1658, 9, 2
0 9 39: 1658, 0, 2
0 9 40: 1658, 0, 2
0 9 41: 1658, 0, 2
0 9 42: 1658, 0, 2
0 9 43: 1658, 0, 2
0 9 44: 1658, 0, 2
0 9 45: 1658, 9, 1
0 9 46: 325, 22, 1
0 9 49: 1247, 22, 2
0 9 51: 325, 22, 2
0 9 53: 325, 22, 2
0 9 54: 325, 22, 3
0 9 55: 1880, 0, 3
0 10 15: 1658, 1, 1
0 10 16: 1658, 9, 1
0 10 19: 1247, 22, 3
0 10 21: 325, 22, 0
0 10 22: 325, 22, 3
0 10 23: 325, 22, 1
0 10 24: 1658, 0, 3
0 10 28: 1658, 1, 0
0 10 29: 197, 7, 0
0 10 29: 1658, 9, 0
0 10 31: 325, 22, 0
0 10 35: 1629, 22, 3
0 10 39: 325, 22, 1
0 10 40: 705, 4, 0
0 10 41: 325, 22, 0
0 10 42: 733, 10, 1
0 10 44: 325, 22, 3
0 10 45: 325, 22, 2
0 10 46: 326, 22, 0
0 10 47: 325, 22, 0
0 10 54: 325, 22, 1
0 10 55: 1881, 0, 3
0 11 14: 1658, 1, 1
0 11 15: 1658, 9, 1
0 11 20: 325, 22, 1
0 11 21: 325, 22, 2
0 11 21: 1620, 3, 2
0 11 22: 325, 22, 0
0 11 23: 197, 4, 1
0 11 23: 326, 22, 0
0 11 23: 1620, 3, 1
0 11 24: 1658, 0, 3
0 11 29: 1658, 0, 1
0 11 30: 325, 22, 0
0 11 31: 325, 22, 3
0 11 34: 1629, 22, 0
0 11 37: 325, 22, 3
0 11 39: 1658, 9, 3
0 11 40: 1658, 0, 0
0 11 41: 1658, 0, 0
0 11 42: 1658, 0, 0
0 11 43: 1658, 0, 0
0 11 44: 1658, 0, 0
0 11 45: 1658, 9, 0
0 11 46: 325, 22, 3
0 11 54: 325, 22, 0
0 11 54: 1620, 3, 0
0 11 55: 1658, 0, 3
0 12 14: 1658, 0, 1
0 12 17: 1658, 9, 3
0 12 18: 1658, 0, 0
0 12 19: 1658, 0, 0
0 12 20: 1658, 0, 0
0 12 21: 1658, 0, 0
0 12 22: 1658, 0, 0
0 12 23: 1658, 0, 0
0 12 24: 1658, 1, 3
0 12 29: 1658, 0, 1
0 12 30: 324, 22, 0
0 12 30: 705, 4, 3
0 12 31: 325, 22, 1
0 12 36: 325, 22, 0
0 12 38: 1658, 9, 3
0 12 39: 1658, 1, 3
0 12 45: 1658, 1, 0
0 12 46: 1658, 9, 0
0 12 50: 325, 22, 3
0 12 53: 1248, 22, 2
0 12 54: 1620, 3, 1
0 12 55: 1658, 0, 3
0 13 14: 1658, 1, 0
0 13 15: 1881, 0, 0
0 13 16: 1880, 0, 0
0 13 17: 1658, 1, 3
0 13 29: 1658, 0, 1
0 13 30: 326, 22, 1
0 13 30: 1620, 3, 2
0 13 31: 324, 22, 1
0 13 31: 706, 4, 2
0 13 32: 325, 22, 1
0 13 32: 705, 4, 2
0 13 34: 325, 22, 2
0 13 36: 706, 4, 2
0 13 36: 1620, 3, 1
0 13 37: 1658, 9, 3
0 13 38: 1658, 1, 3
0 13 46: 1658, 0, 1
0 13 48: 325, 22, 0
0 13 54: 325, 22, 2
0 13 55: 1880, 0, 3
0 14 29: 1658, 1, 0
0 14 30: 1658, 0, 0
0 14 31: 1658, 0, 0
0 14 32: 1659, 2, 0
0 14 33: 197, 4, 3
0 14 34: 197, 4, 1
0 14 35: 1659, 2, 3
0 14 36: 1658, 0, 0
0 14 37: 1658, 1, 3
0 14 46: 1658, 1, 0
0 14 47: 197, 7, 0
0 14 47: 1658, 9, 0
0 14 52: 325, 22, 1
0 14 53: 325, 22, 3
0 14 54: 326, 22, 2
0 14 55: 1881, 0, 3
0 15 32: 1658, 0, 1
0 15 33: 706, 4, 3
0 15 34: 325, 22, 2
0 15 34: 706, 4, 1
0 15 35: 1658, 0, 3
0 15 47: 1658, 1, 0
0 15 48: 1658, 9, 0
0 15 52: 325, 22, 1
0 15 53: 324, 22, 0
0 15 54: 196, 7, 3
0 15 54: 1658, 9, 3
0 15 55: 1658, 1, 3
0 16 7: 1658, 1, 1
0 16 8: 1658, 0, 2
0 16 9: 1658, 0, 2
0 16 10: 1658, 0, 2
0 16 11: 1658, 0, 2
0 16 12: 1658, 0, 2
0 16 13: 1658, 0, 2
0 16 14: 1658, 1, 2
0 16 29: 1658, 1, 1
0 16 30: 1658, 0, 2
0 16 31: 1658, 0, 2
0 16 32: 1659, 2, 1
0 16 33: 197, 4, 3
0 16 34: 197, 4, 1
0 16 35: 1659, 2, 2
0 16 36: 1658, 1, 2
0 16 48: 1658, 1, 0
0 16 49: 1658, 0, 0
0 16 50: 1658, 9, 0
0 16 52: 325, 22, 0
0 16 53: 325, 22, 0
0 16 53: 1658, 9, 3
0 16 54: 1658, 1, 3
0 17 6: 1658, 1, 1
0 17 7: 1658, 9, 1
0 17 8: 197, 4, 0
0 17 8: 1620, 3, 3
0 17 10: 325, 22, 0
0 17 10: 1620, 3, 0
0 17 11: 325, 22, 1
0 17 12: 326, 22, 1
0 17 13: 197, 4, 0
0 17 13: 326, 22, 2
0 17 13: 1620, 3, 0
0 17 14: 1658, 9, 2
0 17 15: 1658, 1, 2
0 17 29: 1658, 0, 1
0 17 30: 326, 22, 2
0 17 30: 1620, 3, 3
0 17 31: 325, 22, 2
0 17 32: 705, 4, 0
0 17 32: 1620, 3, 0
0 17 35: 326, 22, 2
0 17 35: 706, 4, 1
0 17 35: 1620, 3, 0
0 17 36: 1658, 0, 3
0 17 50: 1658, 0, 1
0 17 51: 197, 4, 3
0 17 52: 197, 4, 1
0 17 53: 1658, 0, 3
0 18 5: 1658, 1, 1
0 18 6: 1658, 9, 1
0 18 11: 325, 22, 3
0 18 12: 325, 22, 2
0 18 13: 325, 22, 1
0 18 14: 325, 22, 0
0 18 15: 1658, 9, 2
0 18 16: 1658, 1, 2
0 18 29: 1658, 0, 1
0 18 30: 325, 22, 1
0 18 30: 705, 4, 3
0 18 32: 1247, 22, 3
0 18 35: 325, 22, 2
0 18 35: 705, 4, 1
0 18 36: 1658, 0, 3
0 18 50: 1658, 0, 1
0 18 51: 650, 4, 3
0 18 51: 660, 10, 0
0 18 52: 650, 4, 1
0 18 53: 1658, 0, 3
0 19 1: 1658, 1, 1
0 19 2: 1658, 0, 2
0 19 3: 1658, 0, 2
0 19 4: 1658, 0, 2
0 19 5: 197, 7, 1
0 19 5: 1658, 9, 1
0 19 14: 325, 22, 1
0 19 15: 325, 22, 0
0 19 16: 1658, 9, 2
0 19 17: 1658, 0, 2
0 19 18: 1658, 0, 2
0 19 19: 1658, 0, 2
0 19 20: 1658, 1, 2
0 19 29: 1658, 0, 1
0 19 33: 325, 22, 0
0 19 33: 705, 4, 2
0 19 34: 325, 22, 1
0 19 35: 326, 22, 3
0 19 35: 705, 4, 2
0 19 35: 1620, 3, 1
0 19 36: 1658, 0, 3
0 19 50: 1658, 0, 1
0 19 51: 325, 22, 0
0 19 51: 650, 4, 3
0 19 52: 650, 4, 1
0 19 53: 1658, 0, 3
0 20 1: 1658, 0, 1
0 20 10: 197, 4, 2
0 20 12: 197, 4, 2
0 20 16: 325, 22, 2
0 20 17: 197, 4, 0
0 20 17: 325, 22, 1
0 20 18: 325, 22, 1
0 20 19: 324, 22, 2
0 20 19: 1620, 3, 0
0 20 20: 1658, 0, 3
0 20 29: 1658, 0, 1
0 20 30: 325, 22, 0
0 20 30: 705, 4, 3
0 20 31: 325, 22, 0
0 20 32: 705, 4, 1
0 20 33: 1659, 2, 3
0 20 34: 1658, 0, 0
0 20 35: 1658, 0, 0
0 20 36: 1658, 1, 3
0 20 48: 1658, 1, 1
0 20 49: 1658, 0, 2
0 20 50: 1659, 2, 1
0 20 51: 197, 4, 3
0 20 52: 197, 4, 1
0 20 53: 1659, 2, 2
0 20 54: 1658, 0, 2
0 20 55: 1658, 1, 2
0 21 1: 1658, 0, 1
0 21 9: 1658, 9, 3
0 21 10: 1658, 0, 0
0 21 11: 1658, 0, 0
0 21 12: 1658, 0, 0
0 21 13: 1658, 9, 0
0 21 18: 325, 22, 0
0 21 19: 325, 22, 1
0 21 20: 1658, 0, 3
0 21 29: 1658, 0, 1
0 21 30: 326, 22, 3
0 21 30: 1620, 3, 2
0 21 31: 325, 22, 1
0 21 32: 325, 22, 1
0 21 32: 1620, 3, 1
0 21 33: 1658, 0, 3
0 21 39: 1658, 1, 1
0 21 40: 1880, 0, 2
0 21 41: 1881, 0, 2
0 21 42: 1658, 1, 2
0 21 43: 1658, 1, 1
0 21 44: 1880, 0, 2
0 21 45: 1881, 0, 2
0 21 46: 1658, 1, 2
0 21 47: 1658, 1, 1
0 21 48: 1659, 2, 1
0 21 49: 1248, 22, 1
0 21 49: 1620, 3, 3
0 21 50: 1620, 3, 0
0 21 52: 325, 22, 2
0 21 53: 325, 22, 2
0 21 53: 1620, 3, 3
0 21 54: 326, 22, 0
0 21 54: 1620, 3, 0
0 21 54: 2530, 10, 0
0 21 55: 1658, 0, 3
0 22 1: 1658, 0, 1
0 22 8: 1658, 9, 3
0 22 9: 1658, 1, 3
0 22 13: 1658, 1, 0
0 22 14: 1658, 9, 0
0 22 19: 325, 22, 2
0 22 19: 1659, 0, 1
0 22 20: 1880, 0, 2
0 22 21: 1881, 0, 2
0 22 22: 1658, 1, 2
0 22 29: 1658, 1, 0
0 22 30: 1658, 0, 0
0 22 31: 1658, 0, 0
0 22 32: 1658, 0, 0
0 22 33: 1658, 1, 3
0 22 39: 1658, 0, 1
0 22 40: 326, 22, 3
0 22 40: 660, 10, 0
0 22 40: 1620, 3, 3
0 22 41: 325, 22, 0
0 22 41: 656, 4, 1
0 22 41: 660, 10, 0
0 22 41: 1620, 3, 0
0 22 42: 1658, 0, 3
0 22 43: 1658, 0, 1
0 22 44: 325, 22, 1
0 22 44: 658, 10, 2
0 22 44: 1620, 3, 3
0 22 45: 326, 22, 2
0 22 45: 1620, 3, 0
0 22 46: 1658, 0, 3
0 22 47: 1658, 0, 1
0 22 48: 326, 22, 0
0 22 49: 325, 22, 2
0 22 54: 325, 22, 3
0 22 55: 1658, 0, 3
0 23 1: 1658, 1, 0
0 23 2: 197, 7, 0
0 23 2: 1658, 9, 0
0 23 7: 197, 4, 1
0 23 8: 1658, 0, 3
0 23 14: 1658, 1, 0
0 23 15: 1658, 9, 0
0 23 19: 325, 22, 0
0 23 20: 325, 22, 2
0 23 21: 326, 22, 3
0 23 22: 1880, 0, 3
0 23 39: 1658, 0, 1
0 23 40: 660, 10, 3
0 23 41: 325, 22, 1
0 23 41: 656, 4, 1
0 23 41: 660, 10, 1
0 23 42: 1658, 0, 3
0 23 43: 1658, 0, 1
0 23 44: 326, 22, 2
0 23 44: 660, 10, 1
0 23 45: 325, 22, 2
0 23 45: 658, 10, 3
0 23 46: 1658, 0, 3
0 23 47: 1658, 0, 1
0 23 48: 325, 22, 3
0 23 48: 1873, 4, 3
0 23 49: 325, 22, 3
0 23 50: 1630, 22, 2
0 23 51: 1629, 22, 2
0 23 52: 1629, 22, 2
0 23 53: 1630, 22, 2
0 23 54: 325, 22, 2
0 23 54: 1624, 0, 0
0 23 55: 1658, 0, 3
0 24 2: 1658, 1, 0
0 24 3: 1658, 9, 0
0 24 8: 1658, 9, 2
0 24 9: 1658, 0, 2
0 24 10: 1658, 1, 2
0 24 15: 1658, 0, 1
0 24 16: 197, 4, 3
0 24 17: 325, 22, 1
0 24 19: 1247, 22, 0
0 24 20: 325, 22, 1
0 24 21: 326, 22, 2
0 24 22: 1881, 0, 3
0 24 39: 1658, 0, 1
0 24 40: 325, 22, 0
0 24 40: 656, 4, 3
0 24 41: 325, 22, 1
0 24 41: 655, 4, 1
0 24 41: 660, 10, 2
0 24 42: 1659, 2, 2
0 24 43: 1659, 2, 1
0 24 45: 325, 22, 1
0 24 46: 1659, 2, 2
0 24 47: 1659, 2, 1
0 24 48: 325, 22, 2
0 24 54: 197, 4, 1
0 24 55: 1658, 0, 3
0 25 3: 1658, 0, 1
0 25 10: 1658, 9, 2
0 25 11: 1658, 1, 2
0 25 14: 1658, 1, 1
0 25 15: 1658, 9, 1
0 25 20: 325, 22, 1
0 25 21: 325, 22, 0
0 25 22: 1658, 0, 3
0 25 39: 1658, 0, 1
0 25 40: 877, 4, 3
0 25 42: 1624, 0, 3
0 25 43: 1626, 0, 1
0 25 46: 1624, 0, 3
0 25 47: 197, 4, 0
0 25 54: 325, 22, 3
0 25 55: 1658, 0, 3
0 26 3: 1658, 1, 0
0 26 4: 1658, 9, 0
0 26 11: 1658, 9, 2
0 26 12: 1658, 0, 2
0 26 13: 1658, 0, 2
0 26 14: 1658, 9, 1
0 26 21: 197, 4, 1
0 26 21: 325, 22, 3
0 26 21: 1620, 3, 0
0 26 22: 1658, 0, 3
0 26 39: 1658, 0, 1
0 26 40: 657, 4, 3
0 26 42: 1626, 0, 3
0 26 43: 325, 22, 3
0 26 44: 1630, 22, 3
0 26 46: 1626, 0, 3
0 26 49: 325, 22, 0
0 26 50: 325, 22, 2
0 26 52: 1248, 22, 0
0 26 54: 197, 4, 1
0 26 55: 1658, 0, 3
0 27 4: 1658, 0, 1
0 27 12: 197, 4, 0
0 27 16: 325, 22, 2
0 27 21: 325, 22, 0
0 27 21: 1620, 3, 1
0 27 22: 1658, 0, 3
0 27 39: 1658, 0, 1
0 27 40: 1620, 3, 2
0 27 42: 1629, 22, 3
0 27 44: 1630, 22, 2
0 27 45: 1629, 22, 2
0 27 46: 1629, 22, 3
0 27 50: 325, 22, 0
0 27 53: 325, 22, 0
0 27 54: 324, 22, 3
0 27 55: 1658, 0, 3
0 28 4: 1658, 0, 1
0 28 19: 325, 22, 2
0 28 20: 1247, 22, 1
0 28 21: 326, 22, 2
0 28 22: 1658, 9, 2
0 28 23: 1658, 1, 2
0 28 39: 1658, 1, 0
0 28 40: 1659, 2, 0
0 28 42: 1629, 22, 3
0 28 47: 325, 22, 1
0 28 48: 325, 22, 0
0 28 52: 325, 22, 0
0 28 53: 324, 22, 0
0 28 54: 197, 4, 1
0 28 54: 326, 22, 1
0 28 54: 1620, 3, 1
0 28 55: 1658, 0, 3
0 29 4: 1658, 1, 0
0 29 5: 197, 7, 0
0 29 5: 1658, 9, 0
0 29 14: 325, 22, 3
0 29 18: 325, 22, 2
0 29 19: 325, 22, 3
0 29 19: 1620, 3, 1
0 29 23: 197, 7, 2
0 29 23: 1658, 9, 2
0 29 24: 1658, 1, 2
0 29 40: 1658, 0, 1
0 29 41: 1626, 0, 2
0 29 46: 1626, 3, 3
0 29 46: 1629, 22, 3
0 29 47: 1630, 22, 0
0 29 48: 1629, 22, 0
0 29 49: 1629, 22, 0
0 29 50: 1629, 22, 0
0 29 51: 1626, 0, 0
0 29 53: 1659, 2, 3
0 29 54: 1658, 0, 0
0 29 55: 1658, 1, 3
0 30 5: 1658, 1, 0
0 30 6: 1658, 9, 0
0 30 13: 197, 4, 1
0 30 14: 1659, 2, 3
0 30 15: 1881, 0, 0
0 30 16: 1880, 0, 0
0 30 17: 1658, 0, 0
0 30 18: 1658, 0, 0
0 30 19: 1658, 0, 0
0 30 20: 197, 7, 0
0 30 20: 1658, 9, 0
0 30 21: 326, 22, 3
0 30 22: 325, 22, 3
0 30 23: 326, 22, 2
0 30 24: 1658, 9, 2
0 30 25: 1658, 0, 2
0 30 26: 1658, 0, 2
0 30 27: 1658, 0, 2
0 30 28: 1658, 0, 2
0 30 29: 1658, 0, 2
0 30 30: 1658, 0, 2
0 30 31: 1658, 0, 2
0 30 32: 1658, 0, 2
0 30 33: 1658, 0, 2
0 30 34: 1658, 0, 2
0 30 35: 1658, 0, 2
0 30 36: 1658, 0, 2
0 30 37: 1658, 0, 2
0 30 38: 1658, 0, 2
0 30 39: 1658, 0, 2
0 30 40: 1658, 0, 1
0 30 42: 1626, 0, 3
0 30 48: 1755, 10, 3
0 30 52: 197, 4, 1
0 30 53: 1658, 0, 3
0 31 6: 1658, 0, 1
0 31 7: 877, 4, 3
0 31 14: 1658, 0, 3
0 31 20: 1658, 1, 0
0 31 21: 1658, 9, 0
0 31 24: 325, 22, 2
0 31 39: 1631, 1, 0
0 31 40: 1659, 0, 0
0 31 45: 1626, 0, 1
0 31 51: 1248, 22, 2
0 31 52: 1620, 3, 0
0 31 53: 1658, 0, 3
0 32 6: 1658, 0, 1
0 32 14: 1658, 0, 3
0 32 21: 1658, 1, 0
0 32 22: 197, 7, 0
0 32 22: 1658, 9, 0
0 32 23: 326, 22, 1
0 32 28: 325, 22, 1
0 32 32: 325, 22, 0
0 32 36: 325, 22, 3
0 32 45: 1624, 0, 1
0 32 48: 1624, 0, 1
0 32 52: 197, 4, 1
0 32 52: 325, 22, 1
0 32 53: 1658, 0, 3
0 33 6: 1658, 0, 1
0 33 13: 197, 4, 1
0 33 14: 1659, 2, 2
0 33 15: 1658, 0, 2
0 33 16: 1658, 0, 2
0 33 17: 1658, 0, 2
0 33 18: 1658, 1, 2
0 33 22: 1658, 1, 0
0 33 23: 1658, 9, 0
0 33 26: 1659, 2, 3
0 33 27: 1658, 0, 0
0 33 28: 1659, 2, 0
0 33 30: 1659, 2, 3
0 33 31: 1658, 0, 0
0 33 32: 1659, 2, 0
0 33 33: 660, 10, 1
0 33 34: 1659, 2, 3
0 33 35: 1658, 0, 0
0 33 36: 1659, 2, 0
0 33 37: 660, 10, 2
0 33 38: 1659, 2, 3
0 33 39: 1658, 0, 0
0 33 40: 1658, 0, 0
0 33 41: 1658, 0, 0
0 33 42: 1658, 0, 0
0 33 43: 1658, 0, 0
0 33 44: 1658, 0, 0
0 33 45: 1658, 0, 0
0 33 46: 1879, 0, 0
0 33 47: 1878, 0, 0
0 33 48: 1659, 2, 0
0 33 51: 325, 22, 0
0 33 52: 326, 22, 2
0 33 52: 1620, 3, 0
0 33 53: 1658, 0, 3
0 34 6: 1658, 0, 1
0 34 7: 877, 4, 3
0 34 14: 325, 22, 2
0 34 15: 325, 22, 3
0 34 16: 326, 22, 0
0 34 17: 324, 22, 2
0 34 17: 1620, 3, 0
0 34 18: 1658, 0, 3
0 34 23: 1658, 1, 0
0 34 24: 1658, 0, 0
0 34 25: 1658, 0, 0
0 34 26: 1658, 1, 3
0 34 28: 1658, 1, 0
0 34 29: 1658, 0, 0
0 34 30: 1658, 1, 3
0 34 32: 1658, 1, 0
0 34 33: 1658, 0, 0
0 34 34: 1658, 1, 3
0 34 36: 1658, 1, 0
0 34 37: 1658, 0, 0
0 34 38: 1658, 1, 3
0 34 48: 1658, 0, 1
0 34 49: 197, 4, 3
0 34 52: 197, 4, 1
0 34 52: 325, 22, 2
0 34 53: 1658, 0, 3
0 35 0: 1658, 1, 1
0 35 1: 1658, 0, 2
0 35 2: 1658, 0, 2
0 35 3: 1658, 0, 2
0 35 4: 1658, 1, 2
0 35 5: 1658, 1, 1
0 35 6: 197, 7, 1
0 35 6: 1658, 9, 1
0 35 11: 325, 22, 2
0 35 15: 325, 22, 2
0 35 16: 324, 22, 3
0 35 17: 197, 4, 1
0 35 17: 325, 22, 3
0 35 18: 1658, 0, 3
0 35 48: 1658, 0, 1
0 35 52: 325, 22, 3
0 35 52: 1620, 3, 0
0 35 53: 1658, 0, 3
0 36 0: 1658, 0, 1
0 36 4: 1659, 2, 2
0 36 5: 1658, 9, 1
0 36 12: 325, 22, 2
0 36 16: 325, 22, 3
0 36 17: 324, 22, 3
0 36 18: 1658, 0, 3
0 36 48: 1658, 0, 1
0 36 49: 197, 4, 3
0 36 49: 325, 22, 2
0 36 50: 1248, 22, 1
0 36 51: 325, 22, 2
0 36 52: 197, 4, 1
0 36 52: 325, 22, 3
0 36 53: 1658, 0, 3
0 37 0: 1658, 0, 1
0 37 2: 1755, 10, 0
0 37 17: 325, 22, 3
0 37 17: 1658, 9, 3
0 37 18: 1658, 1, 3
0 37 48: 1658, 0, 1
0 37 49: 325, 22, 1
0 37 50: 325, 22, 2
0 37 51: 325, 22, 1
0 37 52: 326, 22, 3
0 37 53: 1658, 0, 3
0 37 57: 1658, 1, 1
0 37 58: 1658, 0, 2
0 37 59: 1658, 0, 2
0 37 60: 1658, 1, 2
0 38 0: 1658, 0, 1
0 38 4: 1659, 2, 3
0 38 5: 197, 7, 0
0 38 5: 1658, 9, 0
0 38 8: 660, 10, 1
0 38 10: 325, 22, 1
0 38 16: 197, 7, 3
0 38 16: 1658, 9, 3
0 38 17: 1658, 1, 3
0 38 48: 1658, 1, 0
0 38 49: 1659, 2, 0
0 38 52: 1659, 2, 3
0 38 53: 1658, 1, 3
0 38 56: 1658, 1, 1
0 38 57: 325, 22, 0
0 38 57: 1658, 9, 1
0 38 58: 324, 22, 0
0 38 58: 1626, 0, 3
0 38 59: 325, 22, 1
0 38 60: 196, 7, 2
0 38 60: 1658, 9, 2
0 38 61: 1658, 1, 2
0 39 0: 1658, 1, 0
0 39 1: 1658, 0, 0
0 39 2: 1658, 0, 0
0 39 3: 1658, 0, 0
0 39 4: 1658, 1, 3
0 39 5: 1658, 1, 0
0 39 6: 1658, 9, 0
0 39 15: 1658, 9, 3
0 39 16: 1658, 1, 3
0 39 49: 1658, 0, 1
0 39 50: 325, 22, 3
0 39 52: 1658, 0, 3
0 39 55: 1658, 1, 1
0 39 56: 1658, 9, 1
0 39 57: 325, 22, 1
0 39 58: 325, 22, 1
0 39 58: 1626, 0, 3
0 39 59: 325, 22, 0
0 39 60: 325, 22, 0
0 39 61: 1658, 9, 2
0 39 62: 1658, 1, 2
0 40 6: 1658, 0, 1
0 40 13: 325, 22, 2
0 40 14: 197, 4, 1
0 40 14: 326, 22, 3
0 40 15: 1658, 0, 3
0 40 33: 1658, 1, 1
0 40 34: 1658, 0, 2
0 40 35: 1658, 0, 2
0 40 36: 1658, 0, 2
0 40 37: 1658, 0, 2
0 40 38: 1658, 0, 2
0 40 39: 1658, 0, 2
0 40 40: 1658, 1, 2
0 40 49: 1658, 0, 1
0 40 50: 325, 22, 0
0 40 52: 1659, 2, 2
0 40 53: 1658, 0, 2
0 40 54: 1658, 0, 2
0 40 55: 1658, 9, 1
0 40 56: 1089, 10, 0
0 40 58: 1629, 22, 3
0 40 59: 325, 22, 1
0 40 61: 1629, 22, 3
0 40 62: 1658, 9, 2
0 40 63: 1658, 1, 2
0 41 5: 1658, 1, 1
0 41 6: 1658, 9, 1
0 41 11: 325, 22, 2
0 41 12: 325, 22, 1
0 41 13: 325, 22, 2
0 41 14: 324, 22, 2
0 41 15: 1658, 0, 3
0 41 17: 1658, 1, 1
0 41 18: 1658, 0, 2
0 41 19: 1658, 0, 2
0 41 20: 1658, 0, 2
0 41 21: 1658, 1, 2
0 41 22: 1658, 1, 1
0 41 23: 1658, 0, 2
0 41 24: 1658, 0, 2
0 41 25: 1658, 0, 2
0 41 26: 1658, 1, 2
0 41 27: 1658, 1, 1
0 41 28: 1658, 0, 2
0 41 29: 1658, 0, 2
0 41 30: 1658, 0, 2
0 41 31: 1658, 1, 2
0 41 33: 1658, 0, 1
0 41 34: 326, 22, 0
0 41 34: 1620, 3, 3
0 41 35: 197, 4, 0
0 41 35: 326, 22, 1
0 41 36: 325, 22, 0
0 41 36: 1620, 3, 3
0 41 37: 325, 22, 0
0 41 37: 1620, 3, 0
0 41 38: 197, 4, 0
0 41 38: 324, 22, 0
0 41 39: 326, 22, 3
0 41 39: 1620, 3, 0
0 41 40: 1658, 0, 3
0 41 49: 1658, 0, 1
0 41 50: 326, 22, 1
0 41 51: 325, 22, 0
0 41 54: 1530, 0, 1
0 41 58: 1630, 22, 3
0 41 61: 1089, 10, 3
0 41 61: 1247, 22, 1
0 41 62: 197, 4, 1
0 41 63: 1658, 0, 3
0 42 4: 1658, 1, 1
0 42 5: 1658, 9, 1
0 42 13: 325, 22, 1
0 42 14: 197, 4, 1
0 42 14: 326, 22, 0
0 42 14: 1620, 3, 1
0 42 15: 1659, 2, 2
0 42 16: 1658, 0, 2
0 42 17: 1659, 2, 1
0 42 18: 197, 4, 0
0 42 18: 326, 22, 3
0 42 18: 1620, 3, 3
0 42 19: 325, 22, 2
0 42 20: 197, 4, 0
0 42 20: 326, 22, 3
0 42 20: 1620, 3, 0
0 42 21: 1659, 2, 2
0 42 22: 1659, 2, 1
0 42 23: 197, 4, 0
0 42 23: 1620, 3, 3
0 42 24: 325, 22, 1
0 42 25: 197, 4, 0
0 42 25: 326, 22, 0
0 42 25: 1620, 3, 0
0 42 26: 1659, 2, 2
0 42 27: 1659, 2, 1
0 42 28: 197, 4, 0
0 42 28: 1620, 3, 3
0 42 29: 325, 22, 2
0 42 30: 197, 4, 0
0 42 30: 326, 22, 3
0 42 30: 1620, 3, 0
0 42 31: 1659, 2, 2
0 42 32: 1658, 0, 2
0 42 33: 1659, 2, 1
0 42 34: 197, 4, 3
0 42 34: 324, 22, 1
0 42 35: 325, 22, 1
0 42 38: 325, 22, 1
0 42 39: 197, 4, 1
0 42 39: 324, 22, 1
0 42 40: 1658, 0, 3
0 42 49: 1658, 1, 0
0 42 50: 1658, 0, 0
0 42 51: 1658, 0, 0
0 42 52: 1658, 0, 0
0 42 53: 1658, 0, 0
0 42 54: 1658, 0, 0
0 42 55: 1658, 9, 0
0 42 57: 325, 22, 2
0 42 63: 1658, 0, 3
0 43 4: 1658, 0, 1
0 43 15: 325, 22, 0
0 43 16: 325, 22, 3
0 43 20: 325, 22, 2
0 43 24: 1247, 22, 3
0 43 25: 325, 22, 2
0 43 30: 325, 22, 2
0 43 39: 325, 22, 1
0 43 39: 1620, 3, 0
0 43 40: 1658, 0, 3
0 43 55: 1658, 1, 0
0 43 56: 1658, 9, 0
0 43 58: 325, 22, 3
0 43 60: 1629, 22, 0
0 43 61: 1629, 22, 0
0 43 62: 1624, 0, 0
0 43 63: 1658, 0, 3
0 44 3: 1658, 1, 1
0 44 4: 1658, 9, 1
0 44 14: 325, 22, 3
0 44 18: 325, 22, 3
0 44 36: 1247, 22, 0
0 44 39: 325, 22, 0
0 44 39: 1620, 3, 1
0 44 40: 1658, 0, 3
0 44 56: 1658, 1, 0
0 44 57: 1658, 9, 0
0 44 61: 325, 22, 0
0 44 62: 197, 4, 1
0 44 62: 325, 22, 0
0 44 63: 1658, 0, 3
0 45 3: 1658, 0, 1
0 45 4: 877, 4, 3
0 45 6: 660, 10, 2
0 45 14: 197, 4, 1
0 45 14: 1620, 3, 0
0 45 15: 1659, 2, 3
0 45 16: 1658, 0, 0
0 45 17: 1659, 2, 0
0 45 18: 197, 4, 2
0 45 18: 326, 22, 0
0 45 18: 1620, 3, 2
0 45 20: 197, 4, 2
0 45 20: 324, 22, 2
0 45 20: 1620, 3, 1
0 45 21: 1659, 2, 3
0 45 22: 1659, 2, 0
0 45 23: 197, 4, 2
0 45 23: 326, 22, 0
0 45 23: 1620, 3, 2
0 45 25: 197, 4, 2
0 45 25: 325, 22, 0
0 45 25: 1620, 3, 1
0 45 26: 1659, 2, 3
0 45 27: 1659, 2, 0
0 45 28: 197, 4, 2
0 45 28: 326, 22, 3
0 45 28: 1620, 3, 2
0 45 29: 325, 22, 1
0 45 30: 197, 4, 2
0 45 30: 325, 22, 0
0 45 30: 1620, 3, 1
0 45 31: 1659, 2, 3
0 45 32: 1658, 0, 0
0 45 33: 1659, 2, 0
0 45 34: 197, 4, 3
0 45 34: 324, 22, 1
0 45 38: 325, 22, 0
0 45 39: 197, 4, 1
0 45 39: 324, 22, 1
0 45 40: 1658, 0, 3
0 45 57: 1658, 0, 1
0 45 58: 1631, 0, 2
0 45 59: 1631, 0, 2
0 45 60: 325, 22, 1
0 45 60: 1530, 0, 2
0 45 61: 325, 22, 1
0 45 61: 1631, 0, 2
0 45 62: 326, 22, 1
0 45 62: 1631, 0, 2
0 45 63: 1658, 0, 3
0 46 3: 1658, 0, 1
0 46 10: 325, 22, 2
0 46 14: 325, 22, 2
0 46 15: 1658, 0, 3
0 46 17: 1658, 1, 0
0 46 18: 1658, 0, 0
0 46 19: 1658, 0, 0
0 46 20: 1658, 0, 0
0 46 21: 1658, 1, 3
0 46 22: 1658, 1, 0
0 46 23: 1658, 0, 0
0 46 24: 1658, 0, 0
0 46 25: 1658, 0, 0
0 46 26: 1658, 1, 3
0 46 27: 1658, 1, 0
0 46 28: 1658, 0, 0
0 46 29: 1658, 0, 0
0 46 30: 1658, 0, 0
0 46 31: 1658, 1, 3
0 46 33: 1658, 0, 1
0 46 34: 324, 22, 1
0 46 34: 1620, 3, 2
0 46 35: 197, 4, 2
0 46 35: 324, 22, 0
0 46 38: 197, 4, 2
0 46 38: 324, 22, 0
0 46 39: 324, 22, 0
0 46 39: 1620, 3, 1
0 46 40: 1658, 0, 3
0 46 42: 1658, 1, 1
0 46 43: 1658, 0, 2
0 46 44: 1658, 0, 2
0 46 45: 1658, 0, 2
0 46 46: 1658, 1, 2
0 46 47: 1658, 1, 1
0 46 48: 1658, 0, 2
0 46 49: 1658, 0, 2
0 46 50: 1658, 0, 2
0 46 51: 1658, 0, 2
0 46 52: 1658, 1, 2
0 46 55: 1658, 1, 1
0 46 56: 1658, 0, 2
0 46 57: 1658, 9, 1
0 46 58: 326, 22, 2
0 46 59: 325, 22, 2
0 46 59: 1620, 3, 0
0 46 60: 325, 22, 2
0 46 61: 1247, 22, 1
0 46 61: 1620, 3, 3
0 46 62: 326, 22, 1
0 46 63: 1658, 0, 3
0 47 3: 1658, 0, 1
0 47 4: 877, 4, 3
0 47 13: 325, 22, 0
0 47 14: 197, 4, 1
0 47 14: 326, 22, 0
0 47 15: 1658, 0, 3
0 47 33: 1658, 1, 0
0 47 34: 1658, 0, 0
0 47 35: 1659, 2, 0
0 47 36: 1530, 0, 0
0 47 37: 326, 22, 0
0 47 37: 1620, 0, 0
0 47 38: 1659, 2, 3
0 47 39: 1658, 0, 0
0 47 40: 1658, 1, 3
0 47 42: 1658, 0, 1
0 47 43: 1247, 22, 3
0 47 45: 324, 22, 3
0 47 46: 1658, 0, 3
0 47 47: 1658, 0, 1
0 47 48: 326, 22, 3
0 47 49: 325, 22, 0
0 47 50: 325, 22, 0
0 47 51: 325, 22, 0
0 47 52: 1658, 0, 3
0 47 53: 1658, 1, 1
0 47 54: 1658, 0, 2
0 47 55: 1658, 9, 1
0 47 57: 325, 22, 1
0 47 58: 325, 22, 1
0 47 59: 325, 22, 3
0 47 60: 1246, 22, 0
0 47 61: 1286, 10, 0
0 47 62: 197, 4, 1
0 47 62: 325, 22, 0
0 47 63: 1658, 0, 3
0 48 3: 1658, 0, 1
0 48 14: 325, 22, 1
0 48 15: 1658, 0, 3
0 48 35: 1658, 0, 1
0 48 36: 197, 4, 3
0 48 37: 197, 4, 1
0 48 38: 1659, 2, 2
0 48 39: 1658, 0, 2
0 48 40: 1658, 0, 2
0 48 41: 1658, 0, 2
0 48 42: 1659, 2, 1
0 48 43: 1630, 22, 0
0 48 44: 1629, 22, 0
0 48 45: 1630, 22, 0
0 48 46: 1659, 2, 2
0 48 47: 1659, 2, 1
0 48 48: 325, 22, 3
0 48 48: 1624, 0, 2
0 48 49: 1626, 0, 2
0 48 51: 325, 22, 1
0 48 51: 1626, 3, 2
0 48 52: 1659, 2, 2
0 48 53: 196, 7, 1
0 48 53: 1658, 9, 1
0 48 62: 325, 22, 3
0 48 62: 1620, 3, 1
0 48 63: 1658, 0, 3
0 49 3: 1658, 0, 1
0 49 4: 877, 4, 3
0 49 11: 325, 22, 3
0 49 14: 197, 4, 1
0 49 15: 1658, 0, 3
0 49 35: 1658, 0, 1
0 49 36: 325, 22, 0
0 49 38: 326, 22, 2
0 49 38: 1631, 0, 3
0 49 39: 197, 4, 0
0 49 39: 325, 22, 0
0 49 40: 325, 22, 1
0 49 42: 197, 4, 0
0 49 42: 1630, 22, 1
0 49 46: 1624, 0, 3
0 49 52: 1624, 0, 3
0 49 53: 325, 22, 3
0 49 61: 422, 10, 0
0 49 63: 1658, 0, 3
0 50 3: 1658, 1, 0
0 50 4: 1658, 9, 0
0 50 10: 660, 10, 2
0 50 12: 325, 22, 3
0 50 15: 1658, 9, 2
0 50 16: 1658, 1, 2
0 50 35: 1658, 0, 1
0 50 36: 325, 22, 1
0 50 38: 325, 22, 3
0 50 38: 1626, 0, 3
0 50 42: 1626, 0, 1
0 50 46: 1630, 22, 3
0 50 47: 1247, 22, 0
0 50 51: 324, 22, 3
0 50 58: 325, 22, 3
0 50 62: 197, 4, 1
0 50 63: 1658, 0, 3
0 51 4: 1658, 1, 0
0 51 5: 197, 7, 0
0 51 5: 1658, 9, 0
0 51 13: 325, 22, 0
0 51 15: 325, 22, 1
0 51 16: 197, 7, 2
0 51 16: 1658, 9, 2
0 51 17: 1658, 1, 2
0 51 35: 1658, 0, 1
0 51 36: 197, 4, 3
0 51 38: 1630, 22, 3
0 51 42: 1629, 22, 1
0 51 46: 1626, 0, 3
0 51 50: 325, 22, 1
0 51 58: 325, 22, 0
0 51 62: 1620, 3, 1
0 51 63: 1658, 0, 3
0 52 5: 1658, 1, 0
0 52 6: 1658, 9, 0
0 52 15: 325, 22, 2
0 52 16: 326, 22, 3
0 52 16: 1620, 3, 0
0 52 17: 1658, 0, 3
0 52 35: 1658, 0, 1
0 52 38: 1629, 22, 3
0 52 39: 325, 22, 3
0 52 40: 1626, 3, 0
0 52 43: 1626, 3, 3
0 52 44: 325, 22, 1
0 52 45: 325, 22, 0
0 52 46: 1630, 22, 3
0 52 54: 1626, 3, 2
0 52 63: 1658, 0, 3
0 53 6: 1658, 1, 0
0 53 7: 197, 7, 0
0 53 7: 1658, 9, 0
0 53 16: 325, 22, 0
0 53 17: 1658, 0, 3
0 53 35: 1658, 0, 1
0 53 37: 325, 22, 3
0 53 38: 324, 22, 1
0 53 38: 1626, 0, 3
0 53 39: 197, 4, 2
0 53 39: 326, 22, 0
0 53 40: 325, 22, 0
0 53 41: 325, 22, 1
0 53 42: 197, 4, 2
0 53 42: 1630, 22, 1
0 53 43: 325, 22, 2
0 53 44: 326, 22, 1
0 53 45: 197, 4, 2
0 53 45: 326, 22, 2
0 53 45: 1624, 0, 1
0 53 46: 325, 22, 1
0 53 50: 1630, 22, 1
0 53 53: 1629, 22, 1
0 53 59: 325, 22, 2
0 53 62: 197, 4, 1
0 53 63: 1658, 0, 3
0 54 7: 1658, 0, 1
0 54 16: 1620, 3, 1
0 54 17: 1658, 0, 3
0 54 35: 1658, 0, 1
0 54 36: 197, 4, 3
0 54 37: 197, 4, 1
0 54 38: 1659, 2, 3
0 54 39: 1658, 0, 0
0 54 40: 1658, 0, 0
0 54 41: 1658, 0, 0
0 54 42: 1658, 0, 0
0 54 43: 1658, 0, 0
0 54 44: 1658, 0, 0
0 54 45: 1658, 0, 0
0 54 46: 1658, 9, 0
0 54 47: 325, 22, 0
0 54 50: 1629, 22, 1
0 54 52: 325, 22, 2
0 54 54: 1626, 3, 2
0 54 55: 1247, 22, 0
0 54 62: 1620, 3, 1
0 54 63: 1658, 0, 3
0 55 7: 1658, 1, 0
0 55 8: 1658, 9, 0
0 55 17: 197, 7, 2
0 55 17: 1658, 9, 2
0 55 18: 1658, 1, 2
0 55 35: 1658, 0, 1
0 55 38: 1658, 0, 3
0 55 46: 1658, 0, 1
0 55 47: 326, 22, 0
0 55 47: 1624, 0, 2
0 55 48: 325, 22, 3
0 55 48: 1626, 0, 2
0 55 49: 1624, 3, 1
0 55 50: 1626, 0, 2
0 55 50: 1629, 22, 1
0 55 51: 1630, 22, 2
0 55 52: 1630, 22, 2
0 55 53: 1630, 22, 2
0 55 54: 1247, 22, 3
0 55 54: 1626, 3, 2
0 55 55: 1286, 10, 3
0 55 63: 1658, 0, 3
0 56 8: 1658, 0, 1
0 56 17: 325, 22, 1
0 56 18: 1658, 9, 2
0 56 19: 1658, 1, 2
0 56 34: 1658, 1, 1
0 56 35: 1658, 9, 1
0 56 37: 325, 22, 2
0 56 38: 1658, 0, 3
0 56 46: 1658, 0, 1
0 56 47: 326, 22, 0
0 56 48: 325, 22, 3
0 56 60: 1247, 22, 3
0 56 62: 197, 4, 1
0 56 62: 1620, 3, 1
0 56 63: 1658, 0, 3
0 57 8: 1658, 0, 1
0 57 9: 877, 4, 3
0 57 13: 825, 22, 0
0 57 14: 1247, 22, 2
0 57 15: 827, 22, 1
0 57 17: 325, 22, 0
0 57 18: 326, 22, 0
0 57 18: 1620, 3, 0
0 57 19: 1658, 0, 3
0 57 34: 1658, 0, 1
0 57 35: 197, 4, 3
0 57 35: 326, 22, 1
0 57 37: 1658, 9, 3
0 57 38: 1658, 1, 3
0 57 46: 1658, 0, 1
0 57 47: 325, 22, 0
0 57 49: 325, 22, 1
0 57 53: 325, 22, 2
0 57 54: 1626, 0, 3
0 57 55: 197, 4, 2
0 57 57: 1247, 22, 0
0 57 59: 1247, 22, 0
0 57 60: 1286, 10, 2
0 57 62: 1658, 9, 3
0 57 63: 1658, 1, 3
0 58 7: 1658, 1, 1
0 58 8: 1658, 9, 1
0 58 14: 660, 10, 0
0 58 18: 325, 22, 3
0 58 18: 1620, 3, 1
0 58 19: 1658, 0, 3
0 58 34: 1658, 0, 1
0 58 36: 197, 4, 1
0 58 37: 1658, 0, 3
0 58 46: 1658, 0, 1
0 58 47: 326, 22, 1
0 58 48: 325, 22, 3
0 58 50: 325, 22, 2
0 58 52: 325, 22, 3
0 58 53: 325, 22, 3
0 58 54: 1659, 2, 3
0 58 55: 1658, 0, 0
0 58 56: 1658, 9, 0
0 58 62: 1658, 0, 3
0 59 6: 1658, 1, 1
0 59 7: 197, 7, 1
0 59 7: 1658, 9, 1
0 59 13: 660, 10, 3
0 59 18: 1658, 9, 3
0 59 19: 1658, 1, 3
0 59 34: 1658, 0, 1
0 59 37: 1658, 0, 3
0 59 46: 1658, 0, 1
0 59 47: 324, 22, 0
0 59 47: 658, 10, 3
0 59 48: 324, 22, 1
0 59 49: 325, 22, 2
0 59 50: 1624, 0, 1
0 59 52: 325, 22, 2
0 59 53: 326, 22, 3
0 59 54: 1658, 0, 3
0 59 56: 1658, 0, 1
0 59 61: 196, 7, 3
0 59 61: 1658, 9, 3
0 59 62: 1658, 1, 3
0 60 5: 1658, 1, 1
0 60 6: 1658, 9, 1
0 60 16: 325, 22, 0
0 60 17: 197, 7, 3
0 60 17: 1658, 9, 3
0 60 18: 1658, 1, 3
0 60 34: 1658, 0, 1
0 60 36: 197, 4, 1
0 60 37: 1658, 0, 3
0 60 46: 1658, 1, 0
0 60 47: 1658, 0, 0
0 60 48: 1658, 0, 0
0 60 49: 1658, 0, 0
0 60 50: 1658, 0, 0
0 60 51: 1658, 0, 0
0 60 52: 1658, 0, 0
0 60 53: 1658, 0, 0
0 60 54: 1658, 1, 3
0 60 56: 1658, 0, 1
0 60 60: 1658, 9, 3
0 60 61: 1658, 1, 3
0 61 5: 1658, 0, 1
0 61 15: 325, 22, 1
0 61 16: 326, 22, 3
0 61 17: 1658, 0, 3
0 61 34: 1658, 0, 1
0 61 35: 197, 4, 3
0 61 35: 326, 22, 0
0 61 37: 1658, 9, 2
0 61 38: 1658, 1, 2
0 61 56: 1658, 0, 1
0 61 58: 325, 22, 3
0 61 59: 197, 4, 1
0 61 60: 1658, 0, 3
0 62 4: 1658, 1, 1
0 62 5: 1658, 9, 1
0 62 15: 325, 22, 2
0 62 16: 1658, 9, 3
0 62 17: 1658, 1, 3
0 62 34: 1658, 1, 0
0 62 35: 1658, 9, 0
0 62 38: 1658, 0, 3
0 62 56: 1658, 0, 1
0 62 58: 325, 22, 0
0 62 60: 1658, 0, 3
0 63 3: 1658, 1, 1
0 63 4: 1658, 9, 1
0 63 15: 1658, 9, 3
0 63 16: 1658, 1, 3
0 63 35: 1658, 0, 1
0 63 36: 197, 4, 3
0 63 37: 197, 4, 1
0 63 37: 325, 22, 3
0 63 38: 1658, 0, 3
0 63 56: 1658, 0, 1
0 63 60: 1658, 0, 3
1 0 56: 326, 22, 3
1 1 19: 324, 22, 2
1 1 28: 326, 22, 2
1 1 31: 326, 22, 2
1 2 48: 325, 22, 1
1 2 49: 325, 22, 1
1 3 30: 326, 22, 3
1 3 36: 325, 22, 3
1 3 42: 325, 22, 2
1 3 48: 326, 22, 0
1 4 19: 324, 22, 3
1 4 30: 325, 22, 0
1 4 31: 325, 22, 3
1 4 36: 326, 22, 0
1 4 41: 325, 22, 2
1 4 42: 324, 22, 0
1 4 48: 325, 22, 2
1 5 36: 325, 22, 0
1 5 42: 325, 22, 3
1 5 47: 325, 22, 1
1 6 30: 326, 22, 1
1 7 17: 325, 22, 2
1 7 37: 325, 22, 0
1 7 55: 326, 22, 0
1 8 39: 326, 22, 1
1 8 44: 326, 22, 2
1 9 15: 324, 22, 3
1 9 25: 324, 22, 0
1 9 26: 325, 22, 1
1 10 24: 325, 22, 0
1 10 28: 325, 22, 2
1 10 56: 325, 22, 1
1 11 15: 325, 22, 0
1 11 28: 324, 22, 1
1 11 56: 326, 22, 1
1 12 16: 326, 22, 2
1 12 17: 325, 22, 3
1 12 28: 325, 22, 2
1 12 40: 326, 22, 1
1 12 44: 326, 22, 0
1 13 20: 324, 22, 2
1 13 25: 324, 22, 1
1 13 29: 325, 22, 3
1 13 38: 325, 22, 2
1 13 39: 325, 22, 3
1 14 36: 324, 22, 0
1 14 39: 325, 22, 1
1 14 46: 325, 22, 3
1 15 7: 326, 22, 1
1 15 11: 326, 22, 2
1 15 12: 324, 22, 0
1 15 29: 324, 22, 0
1 15 31: 324, 22, 3
1 15 36: 324, 22, 3
1 15 46: 326, 22, 0
1 15 47: 325, 22, 0
1 15 55: 325, 22, 0
1 16 5: 326, 22, 2
1 16 21: 324, 22, 1
1 16 36: 324, 22, 1
1 16 37: 325, 22, 0
1 16 48: 325, 22, 1
1 16 54: 325, 22, 3
1 17 17: 326, 22, 3
1 17 37: 324, 22, 1
1 17 49: 326, 22, 3
1 17 57: 324, 22, 1
1 18 4: 326, 22, 3
1 18 29: 325, 22, 2
1 18 37: 325, 22, 1
1 18 40: 324, 22, 0
1 18 54: 326, 22, 0
1 19 1: 325, 22, 1
1 19 39: 325, 22, 0
1 19 40: 325, 22, 1
1 20 35: 325, 22, 2
1 20 38: 325, 22, 3
1 20 39: 326, 22, 2
1 20 40: 325, 22, 1
1 20 42: 324, 22, 2
1 20 43: 325, 22, 0
1 20 44: 324, 22, 0
1 20 46: 325, 22, 0
1 20 47: 325, 22, 3
1 20 48: 325, 22, 2
1 20 53: 326, 22, 3
1 20 56: 325, 22, 2
1 21 0: 326, 22, 1
1 21 12: 326, 22, 3
1 21 21: 324, 22, 2
1 21 38: 324, 22, 1
1 21 56: 326, 22, 3
1 22 0: 325, 22, 0
1 22 28: 324, 22, 0
1 22 33: 325, 22, 2
1 22 47: 325, 22, 3
1 23 8: 326, 22, 0
1 23 11: 326, 22, 1
1 23 23: 324, 22, 3
1 23 33: 325, 22, 3
1 23 42: 325, 22, 3
1 23 46: 326, 22, 1
1 23 56: 325, 22, 2
1 24 14: 326, 22, 0
1 24 23: 326, 22, 2
1 24 43: 326, 22, 0
1 24 47: 325, 22, 2
1 25 23: 324, 22, 2
1 25 27: 325, 22, 1
1 26 2: 325, 22, 3
1 26 23: 325, 22, 0
1 26 38: 325, 22, 1
1 27 2: 326, 22, 0
1 27 38: 326, 22, 3
1 28 24: 324, 22, 1
1 28 34: 325, 22, 1
1 28 38: 325, 22, 2
1 28 56: 325, 22, 1
1 29 25: 324, 22, 2
1 29 38: 325, 22, 3
1 29 39: 326, 22, 1
1 29 40: 324, 22, 3
1 29 55: 325, 22, 3
1 29 56: 326, 22, 0
1 30 27: 326, 22, 1
1 30 30: 325, 22, 0
1 30 36: 325, 22, 0
1 30 37: 326, 22, 0
1 30 38: 325, 22, 1
1 30 39: 324, 22, 2
1 30 54: 325, 22, 3
1 30 56: 325, 22, 0
1 31 17: 324, 22, 2
1 32 5: 326, 22, 3
1 32 15: 324, 22, 3
1 32 54: 326, 22, 3
1 33 5: 325, 22, 1
1 33 21: 325, 22, 1
1 33 41: 326, 22, 3
1 33 48: 326, 22, 2
1 34 5: 326, 22, 2
1 34 19: 325, 22, 2
1 34 27: 326, 22, 2
1 34 31: 326, 22, 1
1 34 39: 326, 22, 1
1 34 40: 325, 22, 1
1 34 41: 325, 22, 2
1 34 43: 325, 22, 1
1 34 46: 325, 22, 1
1 34 47: 326, 22, 2
1 35 19: 325, 22, 2
1 35 20: 325, 22, 3
1 35 26: 325, 22, 2
1 35 29: 325, 22, 3
1 35 30: 325, 22, 3
1 35 31: 325, 22, 0
1 35 32: 325, 22, 1
1 35 33: 325, 22, 0
1 35 38: 326, 22, 2
1 35 39: 325, 22, 3
1 35 44: 324, 22, 3
1 35 47: 325, 22, 1
1 35 54: 325, 22, 2
1 35 56: 324, 22, 0
1 36 18: 325, 22, 2
1 36 19: 326, 22, 0
1 36 20: 325, 22, 1
1 36 21: 325, 22, 2
1 36 31: 325, 22, 2
1 36 32: 325, 22, 2
1 36 33: 325, 22, 1
1 36 54: 325, 22, 1
1 36 60: 325, 22, 3
1 37 19: 325, 22, 0
1 37 20: 325, 22, 0
1 37 44: 325, 22, 2
1 37 57: 325, 22, 2
1 37 61: 326, 22, 1
1 38 3: 325, 22, 1
1 38 18: 324, 22, 0
1 38 19: 325, 22, 3
1 38 54: 325, 22, 3
1 39 17: 324, 22, 2
1 39 23: 325, 22, 1
1 39 26: 325, 22, 2
1 39 39: 326, 22, 0
1 39 48: 324, 22, 1
1 39 53: 326, 22, 3
1 39 63: 325, 22, 2
1 40 3: 325, 22, 2
1 40 17: 326, 22, 2
1 40 18: 325, 22, 2
1 40 19: 324, 22, 1
1 40 21: 326, 22, 1
1 40 23: 325, 22, 0
1 40 24: 325, 22, 0
1 40 25: 325, 22, 1
1 40 26: 326, 22, 0
1 40 27: 325, 22, 3
1 40 28: 324, 22, 1
1 40 31: 325, 22, 0
1 40 34: 325, 22, 3
1 40 37: 325, 22, 2
1 40 48: 325, 22, 0
1 41 32: 324, 22, 0
1 41 47: 325, 22, 0
1 41 48: 325, 22, 2
1 42 3: 326, 22, 2
1 42 15: 325, 22, 3
1 42 26: 326, 22, 3
1 42 41: 325, 22, 2
1 42 47: 325, 22, 3
1 42 48: 326, 22, 3
1 42 49: 325, 22, 0
1 43 41: 326, 22, 2
1 43 50: 325, 22, 3
1 43 54: 325, 22, 3
1 44 41: 325, 22, 1
1 44 55: 325, 22, 0
1 45 15: 326, 22, 0
1 45 21: 325, 22, 2
1 45 27: 326, 22, 2
1 45 32: 326, 22, 3
1 45 54: 325, 22, 3
1 45 56: 326, 22, 1
1 46 32: 324, 22, 1
1 47 16: 326, 22, 3
1 47 17: 325, 22, 1
1 47 18: 325, 22, 2
1 47 19: 326, 22, 1
1 47 22: 325, 22, 1
1 47 23: 325, 22, 3
1 47 24: 325, 22, 2
1 47 25: 326, 22, 0
1 47 27: 325, 22, 0
1 47 28: 324, 22, 0
1 47 29: 325, 22, 3
1 47 30: 326, 22, 2
1 47 31: 325, 22, 1
1 47 38: 326, 22, 2
1 47 41: 326, 22, 3
1 47 46: 326, 22, 2
1 48 16: 325, 22, 1
1 48 17: 325, 22, 0
1 48 22: 325, 22, 0
1 48 23: 325, 22, 0
1 48 27: 325, 22, 1
1 48 29: 325, 22, 2
1 48 30: 325, 22, 0
1 48 34: 326, 22, 2
1 49 16: 325, 22, 2
1 50 3: 326, 22, 1
1 50 16: 324, 22, 3
1 50 34: 325, 22, 1
1 51 17: 325, 22, 2
1 51 19: 325, 22, 1
1 52 34: 326, 22, 1
1 54 5: 326, 22, 0
1 54 18: 324, 22, 2
1 54 34: 325, 22, 2
1 55 39: 325, 22, 2
1 55 41: 324, 22, 0
1 55 43: 325, 22, 0
1 55 45: 326, 22, 0
1 56 19: 324, 22, 0
1 56 33: 325, 22, 1
1 56 39: 326, 22, 1
1 56 45: 325, 22, 0
1 57 32: 325, 22, 3
1 57 33: 326, 22, 2
1 57 40: 325, 22, 3
1 58 5: 326, 22, 3
1 58 32: 325, 22, 0
1 58 33: 325, 22, 0
1 59 45: 325, 22, 1
1 59 55: 326, 22, 0
1 60 47: 325, 22, 2
1 60 53: 325, 22, 1
1 60 63: 325, 22, 2
1 61 19: 324, 22, 1
1 61 33: 326, 22, 2
1 61 51: 324, 22, 3
1 61 61: 326, 22, 3
1 62 17: 324, 22, 2
