0 0 30: 1257, 22, 1
0 0 31: 1257, 22, 0
0 0 32: 1257, 22, 0
0 0 63: 980, 0, 3
0 1 29: 1257, 22, 2
0 1 30: 1257, 22, 3
0 1 31: 1257, 22, 2
0 1 32: 1258, 22, 1
0 1 44: 2382, 22, 0
0 1 45: 2382, 22, 2
0 1 46: 2383, 22, 3
0 1 47: 2382, 22, 2
0 1 63: 980, 0, 3
0 2 29: 1257, 22, 1
0 2 30: 1258, 22, 3
0 2 31: 362, 10, 1
0 2 31: 1902, 2, 3
0 2 32: 1902, 0, 0
0 2 33: 2406, 0, 0
0 2 34: 354, 10, 1
0 2 34: 1902, 2, 0
0 2 43: 2382, 22, 3
0 2 46: 1366, 10, 3
0 2 48: 1367, 10, 2
0 2 48: 2382, 22, 0
0 2 49: 2382, 22, 0
0 2 63: 980, 0, 3
0 3 28: 1257, 22, 0
0 3 29: 1257, 22, 0
0 3 30: 1258, 22, 3
0 3 31: 365, 10, 1
0 3 31: 1902, 0, 3
0 3 33: 175, 22, 3
0 3 34: 366, 10, 1
0 3 34: 1902, 0, 1
0 3 42: 1369, 10, 0
0 3 43: 2383, 22, 2
0 3 45: 1367, 10, 0
0 3 46: 1364, 10, 3
0 3 49: 2383, 22, 3
0 3 63: 980, 0, 3
0 4 22: 1257, 22, 0
0 4 29: 1257, 22, 1
0 4 30: 1257, 22, 0
0 4 31: 1015, 10, 3
0 4 31: 1902, 0, 3
0 4 32: 174, 22, 3
0 4 33: 362, 10, 1
0 4 34: 355, 10, 1
0 4 34: 1902, 0, 1
0 4 42: 2382, 22, 1
0 4 44: 1177, 10, 3
0 4 50: 2382, 22, 2
0 4 63: 980, 0, 3
0 5 20: 1257, 22, 2
0 5 21: 1257, 22, 1
0 5 22: 1257, 22, 3
0 5 23: 1257, 22, 3
0 5 25: 1300, 10, 3
0 5 30: 1257, 22, 3
0 5 31: 362, 10, 1
0 5 31: 1902, 2, 2
0 5 32: 365, 10, 1
0 5 32: 1902, 0, 2
0 5 33: 355, 10, 1
0 5 33: 1902, 0, 2
0 5 34: 354, 10, 1
0 5 34: 1902, 2, 1
0 5 37: 1246, 22, 2
0 5 44: 684, 10, 1
0 5 46: 1368, 10, 2
0 5 48: 1366, 10, 3
0 5 50: 2382, 22, 1
0 5 52: 1365, 10, 1
0 5 63: 980, 0, 3
0 6 19: 1257, 22, 3
0 6 20: 1257, 22, 0
0 6 21: 1257, 22, 3
0 6 22: 1257, 22, 2
0 6 24: 1257, 22, 2
0 6 44: 1175, 10, 2
0 6 46: 1176, 10, 0
0 6 51: 1365, 10, 3
0 6 63: 980, 0, 3
0 7 19: 1257, 22, 0
0 7 20: 1257, 22, 1
0 7 21: 1258, 22, 1
0 7 22: 1257, 22, 0
0 7 23: 1257, 22, 0
0 7 24: 1257, 22, 1
0 7 33: 1244, 22, 2
0 7 41: 1369, 10, 3
0 7 42: 1368, 10, 3
0 7 50: 2382, 22, 2
0 7 53: 1365, 10, 2
0 7 55: 1365, 10, 0
0 7 63: 980, 0, 3
0 8 19: 1257, 22, 2
0 8 20: 1259, 22, 2
0 8 21: 1259, 22, 3
0 8 22: 1258, 22, 0
0 8 23: 1257, 22, 3
0 8 24: 1257, 22, 3
0 8 35: 1162, 10, 1
0 8 36: 1162, 10, 3
0 8 42: 1367, 10, 2
0 8 44: 1367, 10, 3
0 8 46: 1177, 10, 2
0 8 47: 1363, 10, 0
0 8 49: 1368, 10, 3
0 8 49: 2382, 22, 3
0 8 50: 1368, 10, 1
0 8 50: 2382, 22, 1
0 8 53: 2382, 22, 2
0 8 63: 980, 0, 3
0 9 19: 1257, 22, 2
0 9 20: 1259, 22, 2
0 9 21: 1259, 22, 1
0 9 22: 1258, 22, 3
0 9 23: 1257, 22, 0
0 9 38: 1162, 10, 1
0 9 39: 1364, 10, 3
0 9 41: 1367, 10, 0
0 9 48: 2383, 22, 1
0 9 49: 2383, 22, 0
0 9 50: 1367, 10, 2
0 9 51: 1272, 22, 3
0 9 52: 2382, 22, 1
0 9 53: 2383, 22, 0
0 9 54: 2382, 22, 1
0 9 63: 980, 0, 3
0 10 19: 1257, 22, 3
0 10 20: 1258, 22, 1
0 10 21: 1258, 22, 2
0 10 22: 1257, 22, 1
0 10 23: 1257, 22, 2
0 10 35: 1367, 10, 1
0 10 36: 1363, 10, 0
0 10 41: 1368, 10, 2
0 10 45: 684, 10, 2
0 10 47: 1368, 10, 1
0 10 48: 2382, 22, 2
0 10 50: 1272, 22, 3
0 10 53: 2382, 22, 0
0 10 54: 1365, 10, 3
0 10 63: 980, 0, 3
0 11 19: 1257, 22, 0
0 11 20: 1257, 22, 0
0 11 21: 1257, 22, 1
0 11 22: 1257, 22, 0
0 11 39: 1367, 10, 1
0 11 40: 1369, 10, 2
0 11 42: 1367, 10, 3
0 11 44: 1368, 10, 2
0 11 47: 1366, 10, 2
0 11 47: 2382, 22, 0
0 11 48: 1368, 10, 0
0 11 48: 2382, 22, 1
0 11 49: 1272, 22, 0
0 11 58: 1365, 10, 2
0 11 63: 980, 0, 3
0 12 20: 1257, 22, 2
0 12 21: 1257, 22, 0
0 12 21: 1300, 10, 0
0 12 35: 2382, 22, 0
0 12 37: 2383, 22, 0
0 12 38: 2382, 22, 3
0 12 39: 2382, 22, 1
0 12 46: 2382, 22, 2
0 12 63: 980, 0, 3
0 13 21: 1257, 22, 1
0 13 25: 1300, 10, 2
0 13 37: 2382, 22, 2
0 13 38: 2382, 22, 2
0 13 39: 2382, 22, 3
0 13 43: 1366, 10, 2
0 13 56: 1246, 22, 2
0 13 63: 980, 0, 3
0 14 20: 1257, 22, 2
0 14 21: 1258, 22, 0
0 14 22: 1257, 22, 1
0 14 28: 1298, 10, 3
0 14 33: 1366, 10, 2
0 14 48: 1365, 10, 2
0 14 51: 2382, 22, 1
0 14 63: 980, 0, 3
0 15 20: 1258, 22, 3
0 15 21: 1258, 22, 3
0 15 22: 1257, 22, 0
0 15 30: 2382, 22, 3
0 15 31: 1367, 10, 3
0 15 38: 1365, 10, 0
0 15 50: 1367, 10, 2
0 15 50: 2382, 22, 0
0 15 51: 2382, 22, 3
0 15 52: 2382, 22, 2
0 15 53: 1368, 10, 3
0 15 55: 2382, 22, 0
0 15 56: 1365, 10, 3
0 15 56: 2382, 22, 3
0 15 57: 2382, 22, 2
0 15 63: 980, 0, 3
0 16 20: 1257, 22, 3
0 16 21: 1257, 22, 0
0 16 29: 2382, 22, 0
0 16 30: 2382, 22, 2
0 16 32: 1364, 10, 0
0 16 41: 2382, 22, 2
0 16 49: 1272, 22, 3
0 16 50: 2382, 22, 3
0 16 51: 2383, 22, 0
0 16 52: 1367, 10, 0
0 16 57: 2383, 22, 0
0 16 58: 1365, 10, 0
0 16 58: 2382, 22, 1
0 16 63: 980, 0, 3
0 17 20: 1257, 22, 2
0 17 21: 1257, 22, 0
0 17 28: 2383, 22, 2
0 17 29: 2382, 22, 1
0 17 35: 1366, 10, 3
0 17 36: 1367, 10, 2
0 17 40: 2382, 22, 0
0 17 41: 2383, 22, 1
0 17 42: 2382, 22, 1
0 17 48: 1272, 22, 2
0 17 49: 1272, 22, 0
0 17 50: 2382, 22, 2
0 17 51: 1364, 10, 0
0 17 54: 684, 10, 0
0 17 58: 2382, 22, 0
0 17 59: 2382, 22, 3
0 17 63: 980, 0, 3
0 18 20: 1257, 22, 1
0 18 21: 1257, 22, 1
0 18 27: 1300, 10, 3
0 18 28: 2382, 22, 2
0 18 29: 1363, 10, 1
0 18 35: 1368, 10, 0
0 18 36: 1369, 10, 1
0 18 37: 2383, 22, 0
0 18 41: 2382, 22, 0
0 18 48: 1272, 22, 1
0 18 49: 1272, 22, 0
0 18 50: 2383, 22, 1
0 18 56: 1363, 10, 3
0 18 60: 2382, 22, 1
0 18 63: 980, 0, 3
0 19 28: 2383, 22, 3
0 19 34: 1364, 10, 0
0 19 44: 1369, 10, 0
0 19 47: 1365, 10, 0
0 19 49: 1368, 10, 1
0 19 50: 2382, 22, 1
0 19 59: 1369, 10, 1
0 19 63: 980, 0, 3
0 20 18: 1122, 10, 3
0 20 28: 2382, 22, 0
0 20 29: 2382, 22, 0
0 20 35: 1367, 10, 0
0 20 47: 1273, 22, 3
0 20 48: 1273, 22, 2
0 20 50: 1366, 10, 3
0 20 51: 2382, 22, 0
0 20 52: 1366, 10, 1
0 20 55: 684, 10, 2
0 20 63: 980, 0, 3
0 21 29: 2382, 22, 2
0 21 30: 2382, 22, 0
0 21 35: 1272, 22, 1
0 21 36: 1272, 22, 2
0 21 40: 2382, 22, 0
0 21 41: 2382, 22, 3
0 21 42: 1162, 11, 0
0 21 42: 2382, 22, 2
0 21 46: 1273, 22, 0
0 21 47: 1274, 22, 3
0 21 48: 1273, 22, 3
0 21 49: 1272, 22, 3
0 21 51: 2382, 22, 2
0 21 52: 2383, 22, 3
0 21 54: 1368, 10, 2
0 21 56: 1367, 10, 1
0 21 63: 980, 0, 3
0 22 32: 1369, 10, 1
0 22 34: 1272, 22, 0
0 22 35: 1273, 22, 0
0 22 36: 1272, 22, 3
0 22 40: 2382, 22, 2
0 22 41: 1162, 11, 1
0 22 41: 2383, 22, 1
0 22 42: 1162, 10, 1
0 22 43: 1162, 11, 3
0 22 45: 1273, 22, 0
0 22 46: 1273, 22, 1
0 22 47: 1273, 22, 1
0 22 48: 1273, 22, 2
0 22 51: 2382, 22, 3
0 22 52: 2382, 22, 0
0 22 53: 1369, 10, 3
0 22 53: 2382, 22, 1
0 22 54: 2382, 22, 0
0 22 56: 1366, 10, 0
0 22 63: 980, 0, 3
0 23 22: 1244, 22, 3
0 23 30: 1367, 10, 2
0 23 34: 1272, 22, 2
0 23 35: 1272, 22, 1
0 23 37: 1365, 10, 0
0 23 40: 1363, 10, 2
0 23 40: 2383, 22, 2
0 23 47: 1273, 22, 2
0 23 48: 1273, 22, 3
0 23 52: 2382, 22, 2
0 23 53: 2382, 22, 1
0 23 54: 2382, 22, 3
0 23 56: 1363, 10, 1
0 23 63: 980, 0, 3
0 24 29: 1363, 10, 0
0 24 35: 1366, 10, 2
0 24 36: 1272, 22, 0
0 24 39: 2382, 22, 0
0 24 43: 684, 10, 0
0 24 44: 1368, 10, 0
0 24 46: 1369, 10, 1
0 24 50: 2382, 22, 2
0 24 54: 2382, 22, 3
0 24 55: 2382, 22, 2
0 24 56: 2382, 22, 1
0 24 62: 980, 9, 3
0 24 63: 980, 1, 3
0 25 20: 1299, 10, 0
0 25 32: 1366, 10, 3
0 25 34: 1368, 10, 3
0 25 35: 1367, 10, 2
0 25 39: 2383, 22, 0
0 25 41: 1366, 10, 1
0 25 49: 2382, 22, 1
0 25 50: 2383, 22, 2
0 25 51: 2382, 22, 3
0 25 53: 1366, 10, 1
0 25 54: 2382, 22, 0
0 25 55: 2383, 22, 2
0 25 56: 2382, 22, 1
0 25 61: 980, 9, 3
0 25 62: 980, 1, 3
0 26 33: 2382, 22, 0
0 26 36: 1244, 22, 3
0 26 41: 1366, 10, 2
0 26 42: 1367, 10, 1
0 26 44: 1369, 10, 2
0 26 46: 1367, 10, 3
0 26 49: 1367, 10, 2
0 26 50: 2382, 22, 0
0 26 52: 1367, 10, 0
0 26 55: 2382, 22, 3
0 26 56: 1245, 22, 2
0 26 59: 1162, 10, 3
0 26 61: 980, 0, 3
0 27 30: 1368, 10, 1
0 27 31: 1369, 10, 2
0 27 33: 2382, 22, 2
0 27 40: 2382, 22, 3
0 27 43: 1366, 10, 2
0 27 46: 1369, 10, 1
0 27 55: 2382, 22, 2
0 27 61: 980, 0, 3
0 28 19: 1298, 10, 0
0 28 28: 1298, 10, 3
0 28 30: 1367, 10, 3
0 28 30: 2382, 22, 3
0 28 31: 2382, 22, 0
0 28 32: 2383, 22, 3
0 28 33: 2382, 22, 2
0 28 39: 1369, 10, 3
0 28 41: 1162, 10, 1
0 28 50: 1368, 10, 0
0 28 58: 1162, 10, 1
0 28 59: 1162, 10, 2
0 28 61: 980, 0, 3
0 29 17: 1257, 22, 0
0 29 18: 1257, 22, 0
0 29 24: 1298, 10, 3
0 29 32: 2382, 22, 3
0 29 52: 2382, 22, 3
0 29 61: 980, 0, 3
0 30 15: 1902, 1, 1
0 30 16: 1257, 22, 1
0 30 16: 1821, 5, 2
0 30 16: 1902, 0, 2
0 30 17: 1257, 22, 2
0 30 17: 1902, 0, 2
0 30 18: 1257, 22, 3
0 30 18: 1821, 5, 2
0 30 18: 1902, 0, 2
0 30 19: 1257, 22, 3
0 30 19: 1902, 1, 2
0 30 20: 1257, 22, 3
0 30 42: 684, 10, 0
0 30 45: 1367, 10, 3
0 30 53: 2382, 22, 0
0 30 54: 2382, 22, 3
0 30 59: 196, 5, 3
0 30 59: 1902, 2, 3
0 30 60: 1902, 0, 0
0 30 60: 2728, 10, 0
0 30 60: 2772, 22, 2
0 30 61: 1902, 0, 0
0 30 62: 196, 5, 1
0 30 62: 1902, 2, 0
0 30 63: 1124, 10, 1
0 31 14: 1258, 22, 0
0 31 14: 1902, 1, 1
0 31 15: 196, 7, 1
0 31 15: 1902, 9, 1
0 31 16: 1821, 4, 0
0 31 17: 381, 10, 0
0 31 17: 887, 4, 0
0 31 18: 1821, 4, 0
0 31 19: 196, 7, 2
0 31 19: 1902, 9, 2
0 31 20: 1257, 22, 0
0 31 20: 1902, 1, 2
0 31 21: 1257, 22, 2
0 31 48: 1367, 10, 3
0 31 53: 2382, 22, 0
0 31 54: 2383, 22, 1
0 31 55: 2382, 22, 2
0 31 59: 196, 5, 3
0 31 59: 1902, 0, 3
0 31 62: 1902, 0, 1
0 32 14: 1902, 0, 1
0 32 15: 595, 10, 0
0 32 16: 1088, 10, 0
0 32 19: 889, 4, 1
0 32 20: 1257, 22, 0
0 32 20: 1902, 0, 3
0 32 21: 1257, 22, 2
0 32 22: 1300, 10, 0
0 32 24: 1162, 10, 2
0 32 47: 1367, 10, 0
0 32 54: 2382, 22, 1
0 32 58: 1821, 4, 1
0 32 59: 1821, 5, 3
0 32 59: 1902, 0, 3
0 32 60: 595, 10, 0
0 32 60: 917, 22, 3
0 32 61: 917, 22, 0
0 32 61: 1088, 10, 0
0 32 62: 196, 5, 1
0 32 62: 1902, 0, 1
0 33 14: 1257, 22, 0
0 33 14: 1902, 0, 1
0 33 16: 1088, 10, 0
0 33 17: 917, 22, 3
0 33 18: 917, 22, 0
0 33 20: 1821, 5, 1
0 33 20: 1902, 2, 0
0 33 21: 1257, 22, 3
0 33 21: 1821, 4, 3
0 33 22: 1257, 22, 3
0 33 28: 1122, 10, 3
0 33 31: 2097, 11, 0
0 33 48: 1363, 10, 1
0 33 52: 1245, 22, 1
0 33 59: 1902, 0, 3
0 33 60: 918, 22, 2
0 33 61: 918, 22, 0
0 33 61: 1088, 10, 0
0 33 62: 1902, 0, 1
0 34 13: 1257, 22, 3
0 34 14: 1257, 22, 0
0 34 14: 1902, 0, 1
0 34 17: 918, 22, 2
0 34 18: 918, 22, 0
0 34 20: 1530, 0, 1
0 34 23: 1162, 10, 1
0 34 27: 1244, 22, 0
0 34 30: 2096, 10, 1
0 34 47: 2382, 22, 3
0 34 59: 196, 5, 3
0 34 59: 1902, 0, 3
0 34 60: 918, 22, 2
0 34 61: 918, 22, 0
0 34 62: 196, 5, 1
0 34 62: 1902, 0, 1
0 35 13: 1257, 22, 2
0 35 14: 1258, 22, 1
0 35 14: 1902, 0, 1
0 35 15: 381, 10, 3
0 35 15: 888, 4, 3
0 35 17: 918, 22, 2
0 35 18: 918, 22, 0
0 35 20: 356, 10, 0
0 35 20: 1902, 0, 1
0 35 21: 205, 4, 3
0 35 29: 2096, 10, 1
0 35 43: 2383, 22, 0
0 35 47: 2382, 22, 2
0 35 48: 2383, 22, 2
0 35 49: 2382, 22, 1
0 35 50: 2382, 22, 0
0 35 58: 1821, 4, 1
0 35 59: 1821, 5, 3
0 35 59: 1902, 0, 3
0 35 60: 918, 22, 2
0 35 61: 918, 22, 0
0 35 62: 916, 22, 0
0 35 62: 1530, 0, 1
0 36 14: 1257, 22, 1
0 36 14: 1821, 5, 1
0 36 14: 1902, 0, 1
0 36 15: 1821, 4, 3
0 36 16: 1096, 11, 3
0 36 17: 917, 22, 2
0 36 18: 917, 22, 1
0 36 19: 357, 10, 1
0 36 20: 357, 10, 0
0 36 20: 1821, 5, 1
0 36 20: 1902, 2, 1
0 36 21: 1821, 4, 3
0 36 25: 1300, 10, 1
0 36 30: 2096, 10, 0
0 36 59: 419, 10, 1
0 36 59: 1902, 0, 3
0 36 60: 917, 22, 2
0 36 61: 917, 22, 1
0 36 62: 196, 5, 1
0 36 62: 1902, 0, 1
0 37 14: 1902, 0, 1
0 37 15: 2724, 10, 3
0 37 19: 1013, 10, 1
0 37 20: 1902, 0, 3
0 37 21: 1257, 22, 0
0 37 54: 1602, 3, 1
0 37 55: 997, 0, 2
0 37 56: 997, 0, 2
0 37 57: 997, 0, 2
0 37 58: 997, 0, 2
0 37 59: 1902, 2, 2
0 37 60: 380, 10, 2
0 37 60: 1902, 0, 2
0 37 61: 1902, 0, 2
0 37 62: 1902, 2, 1
0 37 63: 997, 0, 2
0 38 14: 1902, 1, 0
0 38 15: 196, 7, 0
0 38 15: 1902, 9, 0
0 38 16: 1821, 4, 2
0 38 17: 361, 10, 0
0 38 17: 887, 4, 2
0 38 18: 1821, 4, 2
0 38 19: 196, 7, 3
0 38 19: 1902, 9, 3
0 38 20: 1257, 22, 3
0 38 20: 1902, 1, 3
0 38 23: 1162, 10, 3
0 38 29: 2096, 10, 0
0 38 30: 1341, 10, 0
0 38 54: 997, 0, 1
0 38 55: 1394, 10, 1
0 38 57: 405, 10, 0
0 38 59: 404, 10, 0
0 38 61: 405, 10, 0
0 39 15: 1902, 1, 0
0 39 16: 1257, 22, 3
0 39 16: 1821, 5, 0
0 39 16: 1902, 0, 0
0 39 17: 1258, 22, 2
0 39 17: 1821, 5, 0
0 39 17: 1902, 0, 0
0 39 18: 1258, 22, 1
0 39 18: 1821, 5, 0
0 39 18: 1902, 0, 0
0 39 19: 1257, 22, 2
0 39 19: 1902, 1, 3
0 39 20: 1257, 22, 1
0 39 23: 1162, 10, 0
0 39 26: 1162, 10, 3
0 39 29: 2096, 10, 3
0 39 41: 1244, 22, 0
0 39 54: 997, 0, 1
0 40 17: 1257, 22, 3
0 40 18: 1257, 22, 2
0 40 19: 1257, 22, 2
0 40 30: 2096, 10, 2
0 40 54: 997, 0, 1
0 40 56: 405, 10, 1
0 40 58: 404, 10, 1
0 40 62: 1257, 22, 0
0 41 29: 2741, 22, 0
0 41 54: 997, 0, 1
0 41 62: 404, 10, 1
0 42 24: 2103, 11, 3
0 42 29: 2104, 10, 1
0 42 54: 997, 0, 1
0 42 56: 405, 10, 1
0 42 62: 1257, 22, 3
0 43 21: 2102, 10, 0
0 43 22: 2102, 10, 0
0 43 28: 2105, 11, 3
0 43 30: 2102, 10, 1
0 43 31: 2102, 10, 2
0 43 39: 1257, 22, 3
0 43 40: 1257, 22, 3
0 43 41: 1257, 22, 2
0 43 54: 997, 0, 1
0 43 55: 1394, 10, 1
0 43 58: 404, 10, 0
0 43 60: 404, 10, 0
0 43 62: 404, 10, 0
0 43 63: 1257, 22, 1
0 44 31: 1301, 10, 2
0 44 33: 1259, 22, 2
0 44 34: 1260, 22, 2
0 44 35: 1259, 22, 0
0 44 37: 1257, 22, 3
0 44 38: 1257, 22, 3
0 44 39: 1257, 22, 3
0 44 40: 1257, 22, 2
0 44 41: 1257, 22, 1
0 44 42: 1257, 22, 1
0 44 43: 1257, 22, 1
0 44 54: 997, 0, 1
0 45 26: 1390, 10, 2
0 45 29: 320, 22, 1
0 45 30: 320, 22, 0
0 45 34: 1259, 22, 1
0 45 37: 1258, 22, 3
0 45 39: 1257, 22, 0
0 45 40: 1257, 22, 1
0 45 43: 1257, 22, 0
0 45 44: 1257, 22, 3
0 45 45: 1257, 22, 3
0 45 46: 1257, 22, 2
0 45 54: 997, 0, 1
0 45 56: 404, 10, 1
0 45 58: 1392, 10, 1
0 45 60: 1257, 22, 1
0 45 61: 1257, 22, 0
0 46 29: 320, 22, 3
0 46 30: 321, 22, 1
0 46 31: 320, 22, 0
0 46 32: 319, 22, 1
0 46 33: 320, 22, 1
0 46 35: 320, 22, 2
0 46 36: 320, 22, 3
0 46 38: 320, 22, 2
0 46 39: 320, 22, 0
0 46 40: 320, 22, 1
0 46 44: 1259, 22, 0
0 46 45: 1258, 22, 3
0 46 46: 1257, 22, 1
0 46 47: 1257, 22, 0
0 46 48: 1257, 22, 3
0 46 49: 1257, 22, 2
0 46 50: 1257, 22, 1
0 46 54: 997, 0, 1
0 46 54: 1182, 4, 2
0 46 55: 1182, 4, 2
0 46 56: 1182, 4, 2
0 46 58: 1182, 4, 2
0 46 59: 1182, 4, 2
0 47 36: 320, 22, 0
0 47 37: 320, 22, 1
0 47 38: 319, 22, 1
0 47 39: 320, 22, 3
0 47 40: 320, 22, 2
0 47 41: 320, 22, 3
0 47 44: 320, 22, 2
0 47 45: 320, 22, 3
0 47 46: 320, 22, 0
0 47 47: 321, 22, 1
0 47 49: 1258, 22, 2
0 47 51: 1257, 22, 0
0 47 53: 1182, 4, 1
0 47 54: 1631, 2, 3
0 47 55: 706, 5, 0
0 47 55: 1631, 0, 0
0 47 56: 1631, 0, 0
0 47 57: 1530, 0, 0
0 47 58: 1631, 0, 0
0 47 59: 706, 5, 0
0 47 59: 1631, 2, 0
0 47 60: 1182, 4, 3
0 47 60: 1257, 22, 1
0 47 61: 1188, 10, 1
0 48 42: 320, 22, 0
0 48 43: 319, 22, 1
0 48 44: 320, 22, 1
0 48 45: 320, 22, 2
0 48 46: 320, 22, 1
0 48 47: 320, 22, 3
0 48 48: 320, 22, 0
0 48 50: 1258, 22, 1
0 48 51: 1257, 22, 0
0 48 52: 1301, 10, 1
0 48 53: 1182, 4, 1
0 48 54: 914, 5, 3
0 48 54: 1631, 0, 3
0 48 59: 914, 5, 1
0 48 59: 1631, 0, 1
0 48 60: 1182, 4, 3
0 48 60: 1257, 22, 1
0 49 47: 320, 22, 1
0 49 48: 319, 22, 2
0 49 49: 320, 22, 3
0 49 51: 1257, 22, 0
0 49 53: 1182, 4, 1
0 49 54: 706, 5, 3
0 49 54: 1631, 0, 3
0 49 56: 2145, 10, 0
0 49 59: 705, 5, 1
0 49 59: 1631, 0, 1
0 49 60: 1182, 4, 3
0 49 60: 1257, 22, 3
0 49 61: 1257, 22, 3
0 49 61: 1392, 10, 1
0 50 48: 320, 22, 0
0 50 49: 320, 22, 1
0 50 50: 320, 22, 2
0 50 53: 1182, 4, 1
0 50 54: 914, 5, 3
0 50 54: 1631, 0, 3
0 50 59: 914, 5, 1
0 50 59: 1631, 0, 1
0 50 60: 1182, 4, 3
0 50 60: 1257, 22, 1
0 50 61: 1257, 22, 0
0 51 49: 321, 22, 1
0 51 50: 320, 22, 3
0 51 51: 320, 22, 0
0 51 53: 1182, 4, 1
0 51 54: 705, 5, 3
0 51 54: 1631, 0, 3
0 51 59: 1631, 0, 1
0 51 60: 1182, 4, 3
0 51 60: 1257, 22, 2
0 51 61: 1257, 22, 2
0 51 62: 1257, 22, 0
0 52 51: 319, 22, 1
0 52 52: 320, 22, 1
0 52 53: 1182, 4, 1
0 52 54: 914, 5, 3
0 52 54: 1631, 2, 2
0 52 55: 914, 5, 2
0 52 55: 1631, 0, 2
0 52 56: 1631, 0, 2
0 52 57: 705, 5, 2
0 52 57: 1631, 0, 2
0 52 58: 914, 5, 2
0 52 58: 1631, 0, 2
0 52 59: 914, 5, 1
0 52 59: 1631, 2, 1
0 52 60: 997, 0, 0
0 52 60: 1182, 4, 3
0 52 60: 1257, 22, 1
0 52 61: 997, 0, 0
0 52 62: 997, 0, 0
0 52 63: 997, 0, 0
0 53 58: 1276, 10, 1
0 53 61: 154, 10, 1
0 55 33: 320, 22, 2
0 55 34: 320, 22, 3
0 55 35: 320, 22, 0
0 55 36: 320, 22, 1
0 55 37: 320, 22, 2
0 55 38: 319, 22, 1
0 55 57: 320, 22, 2
0 55 58: 320, 22, 3
0 55 59: 321, 22, 1
0 55 60: 320, 22, 2
0 55 61: 320, 22, 3
0 56 27: 320, 22, 2
0 56 28: 321, 22, 1
0 56 29: 320, 22, 3
0 56 30: 320, 22, 0
0 56 31: 320, 22, 1
0 56 32: 320, 22, 2
0 56 34: 1304, 10, 2
0 56 37: 320, 22, 3
0 56 38: 320, 22, 0
0 56 39: 320, 22, 1
0 56 40: 320, 22, 2
0 56 59: 320, 22, 0
0 56 60: 320, 22, 1
0 56 61: 320, 22, 0
0 56 62: 319, 22, 1
0 57 25: 320, 22, 1
0 57 26: 320, 22, 2
0 57 28: 1390, 11, 1
0 57 31: 320, 22, 0
0 57 32: 320, 22, 1
0 57 33: 320, 22, 3
0 57 40: 321, 22, 1
0 57 41: 320, 22, 3
0 57 42: 320, 22, 0
0 57 63: 320, 22, 1
0 58 23: 320, 22, 2
0 58 24: 320, 22, 3
0 58 25: 320, 22, 0
0 58 26: 320, 22, 3
0 58 27: 320, 22, 0
0 58 28: 320, 22, 1
0 58 29: 320, 22, 2
0 58 41: 1304, 10, 1
0 58 42: 320, 22, 1
0 58 43: 320, 22, 2
0 58 44: 320, 22, 3
0 58 45: 320, 22, 0
0 58 46: 319, 22, 1
0 59 22: 321, 22, 1
0 59 23: 320, 22, 1
0 59 26: 1304, 10, 0
0 59 28: 1304, 10, 3
0 59 39: 1304, 10, 1
0 59 42: 1304, 10, 2
0 59 46: 320, 22, 1
0 59 47: 320, 22, 2
0 59 48: 320, 22, 3
0 60 20: 320, 22, 2
0 60 21: 320, 22, 3
0 60 22: 320, 22, 0
0 60 24: 1304, 10, 0
0 60 25: 1304, 10, 3
0 60 26: 1304, 10, 2
0 60 44: 1304, 10, 0
0 60 49: 320, 22, 0
0 61 19: 320, 22, 0
0 61 20: 320, 22, 1
0 61 23: 1304, 10, 1
0 61 25: 1304, 10, 0
0 61 43: 1304, 10, 3
0 61 50: 320, 22, 1
0 61 51: 320, 22, 2
0 62 18: 321, 22, 1
0 62 19: 320, 22, 3
0 62 52: 320, 22, 3
0 62 53: 319, 22, 1
0 63 17: 320, 22, 1
0 63 18: 320, 22, 2
0 63 53: 320, 22, 0
0 63 54: 320, 22, 1
0 63 55: 320, 22, 2
0 63 56: 320, 22, 3
0 63 57: 320, 22, 0
0 63 58: 320, 22, 1
0 63 59: 320, 22, 2
0 63 60: 319, 22, 1
0 63 61: 320, 22, 3
0 63 62: 320, 22, 0
0 63 63: 321, 22, 1
1 1 30: 1793, 19, 1
1 1 31: 1793, 18, 2
1 1 32: 1793, 18, 2
1 1 33: 1793, 18, 2
1 1 34: 1793, 18, 2
1 1 35: 1793, 19, 2
1 2 30: 1793, 18, 1
1 2 31: 1933, 16, 1
1 2 32: 1933, 12, 2
1 2 33: 1933, 12, 2
1 2 34: 1933, 16, 2
1 2 35: 1793, 18, 3
1 3 30: 1793, 18, 1
1 3 31: 1933, 12, 1
1 3 32: 1933, 17, 0
1 3 33: 1933, 17, 0
1 3 34: 1933, 12, 3
1 3 35: 1793, 18, 3
1 4 30: 1793, 18, 1
1 4 31: 1933, 12, 1
1 4 32: 1933, 17, 0
1 4 33: 1933, 17, 0
1 4 34: 1933, 12, 3
1 4 35: 1793, 18, 3
1 5 30: 1793, 18, 1
1 5 31: 1933, 16, 0
1 5 32: 1933, 12, 0
1 5 33: 1933, 12, 0
1 5 34: 1933, 16, 3
1 5 35: 1793, 18, 3
1 6 30: 1793, 19, 0
1 6 31: 1793, 18, 0
1 6 32: 1793, 18, 0
1 6 33: 1793, 18, 0
1 6 34: 1793, 18, 0
1 6 35: 1793, 19, 3
1 30 15: 1792, 19, 1
1 30 16: 1792, 18, 2
1 30 17: 1792, 18, 2
1 30 18: 1792, 18, 2
1 30 19: 1792, 19, 2
1 30 58: 1790, 18, 1
1 30 59: 1924, 12, 1
1 30 60: 1924, 17, 1
1 30 61: 1924, 17, 1
1 30 62: 1924, 12, 3
1 31 14: 1792, 19, 1
1 31 15: 1926, 13, 1
1 31 16: 1926, 12, 2
1 31 17: 1926, 12, 2
1 31 18: 1926, 12, 2
1 31 19: 1926, 13, 2
1 31 20: 1792, 19, 2
1 31 58: 1790, 18, 1
1 31 59: 1927, 12, 1
1 31 60: 1924, 17, 1
1 31 61: 1924, 17, 1
1 31 62: 1924, 12, 3
1 32 14: 1792, 18, 1
1 32 15: 1926, 12, 1
1 32 19: 1926, 12, 3
1 32 20: 1792, 20, 2
1 32 21: 1792, 19, 2
1 32 58: 1790, 18, 1
1 32 59: 1927, 12, 1
1 32 60: 1924, 17, 1
1 32 61: 1924, 17, 1
1 32 62: 1924, 12, 3
1 33 14: 1792, 18, 1
1 33 15: 1926, 12, 1
1 33 19: 1926, 15, 2
1 33 20: 1926, 16, 2
1 33 21: 1792, 18, 3
1 33 58: 1790, 18, 1
1 33 59: 1924, 12, 1
1 33 60: 1924, 17, 1
1 33 61: 1924, 17, 1
1 33 62: 1924, 12, 3
1 34 14: 1792, 18, 1
1 34 15: 1926, 12, 1
1 34 20: 1926, 12, 3
1 34 21: 1792, 18, 3
1 34 58: 1790, 18, 1
1 34 59: 1924, 12, 1
1 34 60: 1924, 17, 1
1 34 61: 1924, 17, 1
1 34 62: 1924, 12, 3
1 35 14: 1792, 18, 1
1 35 15: 1926, 12, 1
1 35 20: 1926, 12, 3
1 35 21: 1792, 18, 3
1 35 58: 1790, 18, 1
1 35 59: 1924, 12, 1
1 35 60: 1924, 17, 1
1 35 61: 1924, 17, 1
1 35 62: 1924, 12, 3
1 36 14: 1792, 18, 1
1 36 15: 1926, 12, 1
1 36 19: 1926, 15, 3
1 36 20: 1926, 16, 3
1 36 21: 1792, 18, 3
1 36 58: 1790, 18, 1
1 36 59: 1924, 12, 1
1 36 60: 1924, 17, 1
1 36 61: 1924, 17, 1
1 36 62: 1924, 12, 3
1 37 14: 1792, 18, 1
1 37 15: 1926, 12, 1
1 37 19: 1926, 12, 3
1 37 20: 1792, 20, 3
1 37 21: 1792, 19, 3
1 37 58: 1790, 18, 1
1 37 59: 1924, 12, 1
1 37 60: 1924, 17, 1
1 37 61: 1924, 17, 1
1 37 62: 1924, 12, 3
1 38 14: 1792, 19, 0
1 38 15: 1926, 13, 0
1 38 16: 1926, 12, 0
1 38 17: 1926, 12, 0
1 38 18: 1926, 12, 0
1 38 19: 1926, 13, 3
1 38 20: 1792, 19, 3
1 39 15: 1792, 19, 0
1 39 16: 1792, 18, 0
1 39 17: 1792, 18, 0
1 39 18: 1792, 18, 0
1 39 19: 1792, 19, 3
1 47 54: 1631, 2, 3
1 47 55: 1631, 0, 0
1 47 56: 1631, 0, 0
1 47 57: 1631, 0, 0
1 47 58: 1631, 0, 0
1 47 59: 1631, 2, 0
1 48 54: 1631, 0, 3
1 48 59: 1631, 0, 1
1 49 54: 1631, 0, 3
1 49 59: 1631, 0, 1
1 50 54: 1631, 0, 3
1 50 59: 1631, 0, 1
1 51 54: 1631, 0, 3
1 51 59: 1631, 0, 1
1 52 54: 1631, 2, 2
1 52 55: 1631, 0, 2
1 52 56: 1631, 0, 2
1 52 57: 1631, 0, 2
1 52 58: 1631, 0, 2
1 52 59: 1631, 2, 1
2 32 16: 1926, 16, 1
2 32 17: 1926, 12, 2
2 32 18: 1926, 16, 2
2 33 16: 1926, 12, 1
2 33 17: 1926, 17, 2
2 33 18: 1926, 12, 3
2 34 16: 1926, 12, 1
2 34 17: 1926, 17, 2
2 34 18: 1926, 15, 2
2 34 19: 1926, 16, 2
2 35 16: 1926, 12, 1
2 35 17: 1926, 17, 2
2 35 18: 1926, 15, 3
2 35 19: 1926, 16, 3
2 36 16: 1926, 12, 1
2 36 17: 1926, 17, 2
2 36 18: 1926, 12, 3
2 37 16: 1926, 16, 0
2 37 17: 1926, 12, 0
2 37 18: 1926, 16, 3
2 46 53: 1791, 21, 1
2 46 54: 1791, 18, 2
2 46 55: 1791, 18, 2
2 46 56: 1791, 18, 2
2 46 57: 1791, 18, 2
2 46 58: 1791, 18, 2
2 46 59: 1791, 18, 2
2 46 60: 1791, 21, 2
2 47 53: 1791, 18, 1
2 47 54: 1643, 16, 1
2 47 55: 1643, 12, 2
2 47 56: 1643, 12, 2
2 47 57: 1643, 12, 2
2 47 58: 1643, 12, 2
2 47 59: 1643, 16, 2
2 47 60: 1791, 18, 3
2 48 53: 1791, 18, 1
2 48 54: 1643, 12, 1
2 48 55: 1643, 17, 2
2 48 56: 1643, 17, 2
2 48 57: 1643, 17, 2
2 48 58: 1643, 17, 2
2 48 59: 1643, 12, 3
2 48 60: 1791, 18, 3
2 49 53: 1791, 18, 1
2 49 54: 1643, 12, 1
2 49 55: 1643, 17, 2
2 49 56: 1643, 17, 2
2 49 57: 1643, 17, 2
2 49 58: 1643, 17, 2
2 49 59: 1643, 12, 3
2 49 60: 1791, 18, 3
2 50 53: 1791, 18, 1
2 50 54: 1643, 12, 1
2 50 55: 1643, 17, 2
2 50 56: 1643, 17, 2
2 50 57: 1643, 17, 2
2 50 58: 1643, 17, 2
2 50 59: 1643, 12, 3
2 50 60: 1791, 18, 3
2 51 53: 1791, 18, 1
2 51 54: 1643, 12, 1
2 51 55: 1643, 17, 2
2 51 56: 1643, 17, 2
2 51 57: 1643, 17, 2
2 51 58: 1643, 17, 2
2 51 59: 1643, 12, 3
2 51 60: 1791, 18, 3
2 52 53: 1791, 18, 1
2 52 54: 1643, 16, 0
2 52 55: 1643, 12, 0
2 52 56: 1643, 12, 0
2 52 57: 1643, 12, 0
2 52 58: 1643, 12, 0
2 52 59: 1643, 16, 3
2 52 60: 1791, 18, 3
2 53 53: 1791, 21, 0
2 53 54: 1791, 18, 0
2 53 55: 1791, 18, 0
2 53 56: 1791, 18, 0
2 53 57: 1791, 18, 0
2 53 58: 1791, 18, 0
2 53 59: 1791, 18, 0
2 53 60: 1791, 21, 3
