0 0 13: 980, 0, 3
0 0 18: 980, 9, 2
0 0 21: 1161, 10, 0
0 0 23: 1161, 10, 0
0 0 24: 326, 22, 1
0 0 25: 1161, 10, 0
0 0 27: 1161, 10, 0
0 0 29: 1161, 10, 0
0 0 31: 324, 22, 2
0 0 32: 324, 22, 2
0 0 33: 1161, 10, 0
0 0 35: 324, 22, 3
0 0 35: 1161, 10, 0
0 0 37: 1161, 10, 0
0 0 38: 980, 9, 3
0 0 43: 1248, 22, 2
0 0 44: 980, 0, 3
0 1 3: 1246, 22, 0
0 1 13: 980, 0, 3
0 1 18: 980, 0, 1
0 1 19: 324, 22, 2
0 1 20: 324, 22, 3
0 1 23: 324, 22, 1
0 1 25: 324, 22, 1
0 1 26: 324, 22, 1
0 1 28: 324, 22, 3
0 1 34: 324, 22, 0
0 1 37: 1393, 10, 2
0 1 38: 324, 22, 2
0 1 38: 980, 0, 3
0 1 43: 981, 3, 1
0 1 44: 980, 0, 3
0 1 56: 1257, 22, 1
0 1 57: 1257, 22, 3
0 2 13: 980, 0, 3
0 2 18: 980, 0, 1
0 2 19: 324, 22, 0
0 2 21: 326, 22, 0
0 2 21: 1161, 10, 0
0 2 23: 1161, 10, 0
0 2 25: 1161, 10, 0
0 2 27: 326, 22, 2
0 2 27: 1161, 10, 0
0 2 29: 1161, 10, 0
0 2 31: 1161, 10, 0
0 2 32: 326, 22, 3
0 2 33: 1161, 10, 0
0 2 34: 324, 22, 1
0 2 35: 326, 22, 2
0 2 35: 1161, 10, 0
0 2 37: 1161, 10, 0
0 2 38: 980, 0, 3
0 2 44: 980, 9, 2
0 2 45: 980, 1, 2
0 2 51: 1257, 22, 1
0 2 54: 1257, 22, 2
0 2 56: 1257, 22, 1
0 2 57: 1257, 22, 2
0 3 5: 1245, 22, 3
0 3 9: 1391, 10, 2
0 3 13: 980, 0, 3
0 3 18: 980, 0, 1
0 3 19: 324, 22, 0
0 3 22: 326, 22, 1
0 3 24: 326, 22, 0
0 3 26: 326, 22, 1
0 3 30: 326, 22, 2
0 3 34: 324, 22, 2
0 3 36: 324, 22, 2
0 3 38: 980, 0, 3
0 3 43: 1393, 10, 2
0 3 45: 980, 0, 3
0 3 49: 1245, 22, 0
0 3 55: 1264, 22, 1
0 3 56: 1257, 22, 1
0 3 57: 1244, 22, 3
0 3 58: 1257, 22, 1
0 3 62: 320, 22, 1
0 3 63: 319, 22, 1
0 4 13: 980, 0, 3
0 4 18: 980, 0, 1
0 4 19: 324, 22, 1
0 4 21: 1161, 10, 0
0 4 23: 1161, 10, 0
0 4 25: 1161, 10, 0
0 4 27: 1161, 10, 0
0 4 31: 1161, 10, 0
0 4 32: 324, 22, 1
0 4 33: 324, 22, 0
0 4 33: 1161, 10, 0
0 4 35: 1161, 10, 0
0 4 37: 1161, 10, 0
0 4 38: 980, 0, 3
0 4 45: 980, 0, 3
0 4 52: 1257, 22, 0
0 4 54: 1257, 22, 3
0 4 55: 1257, 22, 3
0 4 56: 1257, 22, 2
0 4 57: 1257, 22, 0
0 4 59: 320, 22, 1
0 4 60: 320, 22, 1
0 4 61: 321, 22, 1
0 5 7: 1391, 10, 2
0 5 12: 980, 9, 3
0 5 13: 980, 1, 3
0 5 18: 980, 0, 1
0 5 19: 324, 22, 1
0 5 19: 980, 1, 2
0 5 21: 324, 22, 3
0 5 24: 324, 22, 3
0 5 35: 326, 22, 3
0 5 38: 980, 9, 2
0 5 39: 981, 3, 2
0 5 39: 1393, 10, 3
0 5 45: 980, 0, 3
0 5 54: 1257, 22, 0
0 5 55: 1257, 22, 0
0 5 58: 320, 22, 2
0 5 59: 320, 22, 3
0 5 60: 320, 22, 0
0 6 0: 1264, 22, 0
0 6 12: 980, 0, 3
0 6 18: 981, 3, 0
0 6 19: 980, 9, 2
0 6 21: 324, 22, 2
0 6 21: 1161, 10, 0
0 6 22: 324, 22, 3
0 6 23: 1161, 10, 0
0 6 24: 324, 22, 1
0 6 25: 1161, 10, 0
0 6 27: 326, 22, 0
0 6 27: 1161, 10, 0
0 6 29: 1161, 10, 0
0 6 31: 1161, 10, 0
0 6 33: 326, 22, 1
0 6 33: 1161, 10, 0
0 6 35: 1161, 10, 0
0 6 37: 324, 22, 1
0 6 37: 1161, 10, 0
0 6 38: 324, 22, 3
0 6 39: 980, 0, 3
0 6 45: 980, 0, 3
0 6 52: 1257, 22, 2
0 6 53: 1257, 22, 1
0 6 57: 320, 22, 3
0 6 58: 319, 22, 1
0 7 12: 980, 0, 3
0 7 19: 324, 22, 1
0 7 19: 980, 0, 1
0 7 22: 326, 22, 3
0 7 23: 324, 22, 2
0 7 30: 326, 22, 3
0 7 39: 980, 0, 3
0 7 44: 1393, 10, 2
0 7 45: 980, 0, 3
0 7 46: 1257, 22, 1
0 7 48: 1247, 22, 1
0 7 50: 1257, 22, 2
0 7 53: 1245, 22, 0
0 7 56: 320, 22, 0
0 7 57: 320, 22, 2
0 7 58: 85, 9, 3
0 7 59: 85, 0, 0
0 7 60: 85, 0, 3
0 8 11: 1246, 22, 1
0 8 12: 980, 0, 3
0 8 13: 1257, 22, 3
0 8 19: 980, 0, 1
0 8 21: 1161, 10, 0
0 8 22: 324, 22, 2
0 8 23: 1161, 10, 0
0 8 25: 1161, 10, 0
0 8 27: 326, 22, 3
0 8 27: 1161, 10, 0
0 8 29: 326, 22, 2
0 8 29: 1161, 10, 0
0 8 31: 1161, 10, 0
0 8 32: 324, 22, 2
0 8 33: 1161, 10, 0
0 8 35: 326, 22, 0
0 8 37: 324, 22, 3
0 8 37: 1161, 10, 0
0 8 38: 324, 22, 0
0 8 39: 980, 0, 3
0 8 39: 1245, 22, 1
0 8 44: 980, 9, 3
0 8 45: 980, 1, 3
0 8 46: 1257, 22, 0
0 8 47: 1257, 22, 0
0 8 48: 1257, 22, 1
0 8 49: 1257, 22, 3
0 8 55: 320, 22, 0
0 8 56: 320, 22, 1
0 8 57: 85, 9, 3
0 8 60: 85, 0, 3
0 9 4: 1245, 22, 0
0 9 8: 1248, 22, 2
0 9 12: 980, 0, 3
0 9 14: 1257, 22, 2
0 9 15: 1257, 22, 1
0 9 19: 980, 0, 1
0 9 21: 324, 22, 3
0 9 24: 324, 22, 0
0 9 33: 326, 22, 0
0 9 36: 324, 22, 0
0 9 38: 324, 22, 1
0 9 39: 980, 0, 3
0 9 43: 981, 3, 0
0 9 44: 980, 0, 3
0 9 45: 1257, 22, 3
0 9 46: 1393, 10, 1
0 9 47: 1257, 22, 3
0 9 49: 1257, 22, 2
0 9 50: 1257, 22, 1
0 9 54: 320, 22, 2
0 9 55: 320, 22, 3
0 9 56: 85, 9, 3
0 9 60: 85, 0, 3
0 10 1: 1247, 22, 2
0 10 11: 980, 9, 3
0 10 12: 980, 1, 3
0 10 14: 1257, 22, 3
0 10 15: 1257, 22, 0
0 10 19: 980, 0, 1
0 10 19: 1245, 22, 1
0 10 20: 324, 22, 3
0 10 21: 1161, 10, 0
0 10 23: 324, 22, 0
0 10 23: 1161, 10, 0
0 10 25: 324, 22, 3
0 10 25: 1161, 10, 0
0 10 26: 324, 22, 3
0 10 27: 1161, 10, 0
0 10 29: 1161, 10, 0
0 10 31: 324, 22, 0
0 10 31: 1161, 10, 0
0 10 32: 324, 22, 3
0 10 32: 981, 3, 1
0 10 33: 980, 0, 2
0 10 33: 1161, 10, 0
0 10 34: 980, 0, 2
0 10 35: 980, 0, 2
0 10 35: 1161, 10, 0
0 10 36: 980, 0, 2
0 10 37: 324, 22, 1
0 10 37: 980, 0, 2
0 10 37: 1161, 10, 0
0 10 38: 980, 9, 3
0 10 39: 981, 3, 3
0 10 44: 980, 0, 3
0 10 45: 1257, 22, 2
0 10 45: 1276, 10, 0
0 10 46: 1257, 22, 2
0 10 47: 1257, 22, 1
0 10 48: 1257, 22, 0
0 10 49: 1257, 22, 2
0 10 53: 319, 22, 1
0 10 54: 320, 22, 1
0 10 55: 85, 9, 3
0 10 60: 85, 0, 3
0 10 63: 320, 22, 2
0 11 4: 301, 10, 3
0 11 7: 301, 10, 3
0 11 10: 980, 9, 3
0 11 11: 980, 1, 3
0 11 13: 1257, 22, 2
0 11 17: 1257, 22, 0
0 11 19: 980, 0, 1
0 11 20: 980, 1, 2
0 11 21: 324, 22, 2
0 11 23: 326, 22, 0
0 11 25: 326, 22, 2
0 11 29: 326, 22, 1
0 11 31: 980, 1, 1
0 11 32: 980, 9, 1
0 11 33: 324, 22, 1
0 11 43: 981, 3, 1
0 11 44: 980, 0, 3
0 11 44: 1257, 22, 2
0 11 47: 320, 22, 2
0 11 48: 319, 22, 1
0 11 49: 320, 22, 3
0 11 50: 320, 22, 0
0 11 51: 320, 22, 1
0 11 52: 321, 22, 1
0 11 54: 85, 9, 3
0 11 60: 85, 0, 3
0 11 62: 1299, 10, 2
0 11 63: 320, 22, 1
0 12 5: 980, 9, 3
0 12 6: 980, 0, 0
0 12 7: 980, 0, 0
0 12 8: 980, 0, 0
0 12 9: 980, 0, 0
0 12 10: 980, 1, 3
0 12 11: 1124, 10, 2
0 12 12: 1257, 22, 0
0 12 13: 1257, 22, 1
0 12 16: 1257, 22, 0
0 12 18: 1257, 22, 1
0 12 19: 981, 3, 0
0 12 20: 980, 9, 2
0 12 21: 980, 0, 2
0 12 21: 1161, 10, 0
0 12 22: 980, 0, 2
0 12 23: 980, 0, 2
0 12 24: 980, 0, 2
0 12 25: 981, 3, 2
0 12 25: 1161, 10, 0
0 12 27: 1161, 10, 0
0 12 28: 324, 22, 1
0 12 29: 1161, 10, 0
0 12 30: 980, 1, 1
0 12 31: 980, 9, 1
0 12 33: 1276, 10, 2
0 12 36: 320, 22, 3
0 12 37: 320, 22, 0
0 12 38: 319, 22, 1
0 12 39: 320, 22, 1
0 12 40: 320, 22, 2
0 12 41: 320, 22, 3
0 12 42: 1248, 22, 2
0 12 43: 320, 22, 0
0 12 43: 981, 3, 1
0 12 44: 321, 22, 1
0 12 44: 980, 0, 3
0 12 45: 320, 22, 1
0 12 47: 85, 9, 3
0 12 48: 85, 0, 0
0 12 48: 1162, 10, 1
0 12 49: 85, 0, 0
0 12 50: 85, 0, 0
0 12 50: 1162, 10, 2
0 12 51: 85, 0, 0
0 12 52: 85, 0, 0
0 12 53: 85, 0, 0
0 12 60: 85, 0, 3
0 12 61: 319, 22, 2
0 12 63: 320, 22, 1
0 13 0: 980, 0, 0
0 13 1: 980, 0, 0
0 13 2: 980, 0, 0
0 13 3: 980, 0, 0
0 13 4: 980, 0, 0
0 13 5: 980, 1, 3
0 13 13: 1257, 22, 0
0 13 16: 1257, 22, 3
0 13 17: 1257, 22, 2
0 13 18: 1257, 22, 2
0 13 23: 1276, 10, 3
0 13 25: 980, 9, 2
0 13 26: 980, 0, 2
0 13 27: 980, 0, 2
0 13 28: 980, 0, 2
0 13 29: 324, 22, 2
0 13 29: 980, 0, 2
0 13 30: 980, 9, 1
0 13 31: 321, 22, 1
0 13 32: 1247, 22, 1
0 13 35: 320, 22, 2
0 13 37: 85, 9, 3
0 13 38: 85, 0, 0
0 13 39: 85, 0, 0
0 13 40: 85, 9, 0
0 13 44: 85, 9, 3
0 13 45: 85, 0, 0
0 13 46: 85, 0, 0
0 13 59: 85, 9, 3
0 13 60: 1299, 10, 3
0 13 62: 1257, 22, 0
0 13 63: 320, 22, 2
0 14 16: 1257, 22, 3
0 14 20: 320, 22, 1
0 14 21: 320, 22, 3
0 14 22: 320, 22, 2
0 14 27: 319, 22, 1
0 14 28: 320, 22, 3
0 14 29: 320, 22, 0
0 14 30: 320, 22, 1
0 14 32: 85, 9, 1
0 14 33: 85, 0, 0
0 14 34: 85, 0, 0
0 14 35: 85, 0, 0
0 14 36: 85, 0, 0
0 14 41: 85, 0, 0
0 14 42: 85, 0, 0
0 14 43: 85, 0, 0
0 14 58: 85, 9, 3
0 14 59: 320, 22, 0
0 14 61: 1174, 11, 2
0 14 62: 320, 22, 0
0 14 63: 320, 22, 3
0 15 16: 1257, 22, 0
0 15 19: 320, 22, 0
0 15 21: 319, 22, 1
0 15 22: 320, 22, 0
0 15 23: 320, 22, 1
0 15 26: 320, 22, 2
0 15 29: 85, 9, 3
0 15 30: 85, 0, 0
0 15 31: 85, 0, 0
0 15 56: 85, 0, 2
0 15 57: 85, 9, 3
0 15 59: 1257, 22, 0
0 15 62: 320, 22, 1
0 16 16: 1246, 22, 1
0 16 18: 320, 22, 3
0 16 19: 321, 22, 1
0 16 21: 85, 9, 1
0 16 22: 85, 0, 0
0 16 23: 85, 9, 2
0 16 24: 85, 0, 2
0 16 25: 85, 9, 1
0 16 26: 85, 0, 0
0 16 27: 85, 0, 0
0 16 28: 85, 0, 0
0 16 47: 85, 0, 2
0 16 48: 85, 0, 2
0 16 54: 85, 0, 2
0 16 55: 85, 9, 3
0 16 57: 321, 22, 2
0 16 59: 320, 22, 3
0 16 61: 1173, 10, 3
0 17 5: 1264, 22, 3
0 17 5: 1278, 10, 3
0 17 6: 1265, 22, 3
0 17 17: 320, 22, 2
0 17 18: 320, 22, 1
0 17 20: 85, 9, 1
0 17 42: 85, 0, 2
0 17 43: 85, 0, 2
0 17 44: 85, 0, 2
0 17 45: 85, 0, 2
0 17 46: 85, 9, 3
0 17 49: 85, 9, 0
0 17 50: 85, 0, 2
0 17 51: 85, 0, 2
0 17 52: 85, 0, 2
0 17 53: 85, 9, 3
0 17 55: 320, 22, 2
0 17 56: 320, 22, 1
0 17 58: 1257, 22, 1
0 17 59: 1257, 22, 2
0 17 60: 1257, 22, 3
0 18 5: 1248, 22, 3
0 18 16: 320, 22, 1
0 18 19: 85, 9, 1
0 18 30: 85, 0, 2
0 18 31: 85, 0, 2
0 18 32: 85, 0, 2
0 18 33: 85, 0, 2
0 18 38: 85, 0, 2
0 18 39: 85, 0, 2
0 18 40: 85, 0, 2
0 18 41: 85, 9, 1
0 18 43: 320, 22, 2
0 18 44: 320, 22, 3
0 18 45: 319, 22, 2
0 18 46: 320, 22, 0
0 18 47: 320, 22, 1
0 18 48: 320, 22, 2
0 18 49: 321, 22, 2
0 18 50: 320, 22, 3
0 18 51: 320, 22, 3
0 18 52: 320, 22, 0
0 18 57: 1257, 22, 0
0 18 58: 1257, 22, 1
0 19 2: 1257, 22, 3
0 19 8: 1257, 22, 2
0 19 11: 1393, 10, 3
0 19 12: 1257, 22, 0
0 19 13: 1257, 22, 1
0 19 15: 319, 22, 1
0 19 18: 85, 9, 1
0 19 30: 85, 0, 3
0 19 34: 85, 9, 0
0 19 35: 85, 0, 2
0 19 36: 85, 0, 2
0 19 37: 85, 9, 3
0 19 39: 319, 22, 2
0 19 40: 320, 22, 0
0 19 41: 320, 22, 1
0 19 42: 321, 22, 2
0 19 45: 1257, 22, 3
0 19 46: 1257, 22, 0
0 19 47: 1257, 22, 3
0 19 48: 1257, 22, 0
0 19 50: 1257, 22, 0
0 19 52: 1257, 22, 3
0 19 54: 1174, 11, 2
0 19 56: 1257, 22, 0
0 19 57: 1257, 22, 2
0 19 58: 1276, 10, 2
0 20 1: 1257, 22, 2
0 20 2: 1257, 22, 0
0 20 3: 1257, 22, 1
0 20 9: 1257, 22, 0
0 20 11: 1257, 22, 3
0 20 13: 1341, 10, 1
0 20 14: 320, 22, 3
0 20 15: 320, 22, 0
0 20 17: 85, 9, 1
0 20 26: 85, 9, 3
0 20 27: 85, 9, 0
0 20 29: 85, 9, 3
0 20 30: 319, 22, 2
0 20 31: 320, 22, 0
0 20 32: 320, 22, 1
0 20 33: 320, 22, 2
0 20 34: 1162, 10, 3
0 20 36: 1162, 10, 2
0 20 37: 320, 22, 3
0 20 38: 320, 22, 0
0 20 40: 1257, 22, 0
0 20 41: 1308, 11, 0
0 20 43: 1257, 22, 2
0 20 44: 1265, 22, 2
0 20 44: 1308, 11, 0
0 20 46: 1257, 22, 1
0 20 48: 1257, 22, 1
0 20 49: 1257, 22, 3
0 20 51: 1257, 22, 1
0 20 52: 1257, 22, 0
0 20 57: 1257, 22, 0
0 20 58: 1257, 22, 3
0 21 6: 1257, 22, 3
0 21 8: 1257, 22, 1
0 21 10: 1257, 22, 3
0 21 11: 1257, 22, 1
0 21 12: 1257, 22, 0
0 21 14: 320, 22, 2
0 21 16: 85, 9, 1
0 21 24: 85, 9, 3
0 21 25: 85, 0, 0
0 21 26: 1257, 22, 3
0 21 26: 1308, 10, 3
0 21 27: 1257, 22, 2
0 21 28: 85, 0, 0
0 21 29: 320, 22, 3
0 21 30: 320, 22, 3
0 21 32: 321, 22, 2
0 21 34: 1174, 10, 2
0 21 37: 1257, 22, 0
0 21 38: 1257, 22, 0
0 21 39: 1257, 22, 3
0 21 40: 1257, 22, 3
0 21 41: 1265, 22, 0
0 21 42: 1265, 22, 1
0 21 45: 1265, 22, 3
0 21 47: 1257, 22, 3
0 21 49: 1257, 22, 3
0 21 50: 1257, 22, 2
0 21 51: 1257, 22, 0
0 21 52: 1257, 22, 1
0 21 53: 1257, 22, 2
0 21 55: 1189, 10, 2
0 21 61: 1174, 10, 3
0 22 1: 1257, 22, 3
0 22 2: 1246, 22, 3
0 22 3: 1265, 22, 3
0 22 3: 1276, 11, 2
0 22 5: 1257, 22, 2
0 22 10: 1257, 22, 2
0 22 11: 1341, 10, 2
0 22 13: 319, 22, 1
0 22 15: 85, 9, 1
0 22 21: 85, 9, 3
0 22 22: 85, 0, 0
0 22 23: 85, 0, 0
0 22 25: 1257, 22, 1
0 22 26: 1248, 22, 2
0 22 27: 1257, 22, 0
0 22 28: 1257, 22, 1
0 22 37: 1308, 11, 0
0 22 38: 1265, 22, 3
0 22 39: 1257, 22, 2
0 22 40: 1257, 22, 1
0 22 41: 1257, 22, 2
0 22 42: 1257, 22, 3
0 22 43: 1257, 22, 0
0 22 49: 1257, 22, 0
0 22 51: 1257, 22, 3
0 22 53: 1257, 22, 3
0 23 3: 1257, 22, 0
0 23 4: 1257, 22, 1
0 23 6: 1278, 10, 3
0 23 7: 1246, 22, 3
0 23 8: 1257, 22, 1
0 23 9: 1248, 22, 3
0 23 12: 320, 22, 1
0 23 14: 85, 9, 1
0 23 19: 85, 9, 3
0 23 20: 85, 0, 0
0 23 25: 1257, 22, 2
0 23 26: 1257, 22, 3
0 23 28: 1257, 22, 2
0 23 29: 1257, 22, 3
0 23 36: 1248, 22, 2
0 23 37: 1265, 22, 2
0 23 39: 1257, 22, 1
0 23 40: 1244, 22, 1
0 23 41: 1257, 22, 1
0 23 42: 1257, 22, 0
0 23 45: 1245, 22, 2
0 23 48: 1393, 10, 0
0 23 49: 1257, 22, 1
0 23 50: 1257, 22, 2
0 23 58: 1124, 10, 2
0 24 2: 1257, 22, 1
0 24 3: 1257, 22, 3
0 24 7: 1257, 22, 0
0 24 8: 1257, 22, 3
0 24 9: 1257, 22, 2
0 24 11: 320, 22, 0
0 24 13: 85, 9, 1
0 24 18: 85, 9, 3
0 24 22: 1257, 22, 1
0 24 24: 1257, 22, 3
0 24 25: 1257, 22, 1
0 24 26: 1257, 22, 0
0 24 42: 1257, 22, 3
0 24 47: 1393, 10, 1
0 24 54: 1244, 22, 0
0 25 2: 1245, 22, 2
0 25 4: 1257, 22, 2
0 25 7: 1257, 22, 3
0 25 8: 1257, 22, 2
0 25 10: 320, 22, 3
0 25 12: 85, 9, 1
0 25 17: 85, 9, 3
0 25 23: 1017, 10, 3
0 25 23: 1902, 2, 3
0 25 24: 1902, 0, 0
0 25 25: 391, 5, 0
0 25 25: 1902, 0, 0
0 25 26: 1902, 0, 0
0 25 26: 2727, 10, 0
0 25 27: 1022, 5, 0
0 25 27: 1902, 0, 0
0 25 28: 1902, 0, 0
0 25 29: 1902, 0, 0
0 25 30: 358, 10, 3
0 25 30: 1902, 2, 0
0 25 31: 362, 10, 0
0 25 31: 980, 0, 0
0 25 32: 980, 0, 0
0 25 33: 980, 0, 0
0 25 34: 980, 0, 0
0 25 35: 980, 0, 0
0 25 36: 980, 0, 0
0 25 37: 980, 2, 0
0 25 39: 1257, 22, 1
0 25 41: 1257, 22, 2
0 25 51: 1264, 22, 0
0 25 60: 1174, 10, 1
0 26 3: 1393, 10, 3
0 26 6: 1257, 22, 1
0 26 9: 319, 22, 1
0 26 11: 85, 9, 1
0 26 15: 85, 9, 3
0 26 16: 85, 0, 0
0 26 18: 319, 22, 2
0 26 22: 1257, 22, 2
0 26 22: 1821, 4, 1
0 26 23: 1018, 10, 3
0 26 23: 1821, 5, 3
0 26 23: 1902, 0, 3
0 26 27: 1088, 10, 3
0 26 28: 1088, 10, 3
0 26 30: 357, 10, 1
0 26 30: 1821, 5, 1
0 26 30: 1902, 0, 1
0 26 31: 362, 10, 1
0 26 31: 1821, 4, 3
0 26 34: 185, 22, 2
0 26 36: 1838, 4, 2
0 26 37: 980, 0, 1
0 27 6: 1257, 22, 2
0 27 8: 320, 22, 1
0 27 10: 85, 9, 1
0 27 14: 85, 9, 3
0 27 17: 320, 22, 1
0 27 21: 1257, 22, 3
0 27 22: 1257, 22, 0
0 27 23: 1017, 10, 3
0 27 23: 1902, 0, 3
0 27 24: 917, 22, 3
0 27 25: 918, 22, 3
0 27 26: 918, 22, 3
0 27 27: 595, 10, 1
0 27 27: 918, 22, 3
0 27 28: 918, 22, 3
0 27 29: 917, 22, 0
0 27 30: 356, 10, 0
0 27 30: 1902, 0, 1
0 27 33: 185, 22, 3
0 27 33: 1602, 3, 0
0 27 34: 185, 22, 1
0 27 34: 1902, 0, 0
0 27 35: 186, 22, 2
0 27 35: 1902, 2, 3
0 27 36: 185, 22, 0
0 27 36: 1838, 5, 0
0 27 36: 1902, 0, 0
0 27 37: 186, 22, 1
0 27 37: 1902, 2, 0
0 27 41: 1174, 10, 1
0 27 53: 1247, 22, 0
0 27 62: 1297, 10, 0
0 28 2: 1281, 10, 1
0 28 3: 1264, 22, 3
0 28 4: 1265, 22, 3
0 28 5: 1247, 22, 1
0 28 7: 320, 22, 0
0 28 9: 85, 9, 1
0 28 13: 85, 9, 3
0 28 15: 320, 22, 1
0 28 21: 1257, 22, 1
0 28 23: 367, 10, 3
0 28 23: 1902, 0, 3
0 28 24: 917, 22, 2
0 28 25: 918, 22, 1
0 28 26: 918, 22, 1
0 28 27: 918, 22, 1
0 28 27: 1088, 10, 1
0 28 28: 918, 22, 1
0 28 28: 1088, 11, 0
0 28 29: 917, 22, 1
0 28 30: 1902, 0, 1
0 28 34: 1262, 22, 2
0 28 35: 185, 22, 2
0 28 35: 1602, 3, 3
0 28 37: 185, 22, 3
0 28 37: 1838, 5, 1
0 28 37: 1902, 0, 1
0 28 38: 1838, 4, 3
0 28 52: 1189, 10, 3
0 28 57: 1248, 22, 3
0 29 2: 1248, 22, 3
0 29 6: 321, 22, 1
0 29 8: 85, 9, 1
0 29 12: 85, 9, 3
0 29 14: 981, 3, 2
0 29 17: 1257, 22, 2
0 29 22: 1821, 4, 1
0 29 23: 1821, 5, 3
0 29 23: 1902, 0, 3
0 29 24: 419, 10, 1
0 29 30: 1821, 5, 1
0 29 30: 1902, 0, 1
0 29 31: 1821, 4, 3
0 29 33: 185, 22, 2
0 29 35: 185, 22, 1
0 29 36: 1263, 22, 0
0 29 37: 1902, 0, 1
0 29 50: 1248, 22, 2
0 30 5: 320, 22, 3
0 30 7: 85, 9, 1
0 30 11: 85, 9, 3
0 30 13: 320, 22, 2
0 30 14: 980, 0, 3
0 30 15: 1248, 22, 2
0 30 15: 1278, 10, 0
0 30 16: 1248, 22, 2
0 30 17: 1257, 22, 3
0 30 18: 1244, 22, 2
0 30 23: 1902, 2, 2
0 30 24: 1902, 0, 2
0 30 25: 604, 10, 0
0 30 25: 1827, 5, 2
0 30 25: 1902, 0, 2
0 30 26: 1902, 0, 2
0 30 27: 916, 22, 3
0 30 27: 1530, 0, 2
0 30 28: 683, 10, 1
0 30 28: 1902, 0, 2
0 30 29: 1827, 5, 2
0 30 29: 1902, 0, 2
0 30 30: 1902, 2, 1
0 30 34: 185, 22, 1
0 30 36: 186, 22, 1
0 30 37: 185, 22, 2
0 30 37: 1902, 0, 1
0 30 40: 307, 10, 0
0 30 56: 1245, 22, 3
0 30 59: 1264, 22, 0
0 31 2: 320, 22, 1
0 31 3: 320, 22, 2
0 31 6: 85, 9, 1
0 31 10: 85, 9, 3
0 31 12: 320, 22, 0
0 31 14: 980, 0, 3
0 31 15: 1257, 22, 3
0 31 16: 1265, 22, 2
0 31 17: 1257, 22, 1
0 31 18: 1257, 22, 0
0 31 21: 1189, 10, 3
0 31 23: 980, 0, 3
0 31 25: 1156, 10, 2
0 31 25: 1257, 22, 3
0 31 25: 1826, 4, 0
0 31 26: 205, 4, 0
0 31 29: 1156, 10, 2
0 31 29: 1826, 4, 0
0 31 33: 1262, 22, 2
0 31 35: 185, 22, 0
0 31 37: 185, 22, 3
0 31 37: 1902, 0, 1
0 31 51: 1299, 10, 3
0 31 60: 1264, 22, 1
0 32 2: 85, 0, 2
0 32 3: 85, 0, 2
0 32 4: 85, 0, 2
0 32 5: 85, 9, 1
0 32 9: 85, 9, 3
0 32 11: 320, 22, 3
0 32 13: 1257, 22, 3
0 32 14: 980, 9, 2
0 32 15: 980, 1, 2
0 32 15: 1257, 22, 2
0 32 16: 1257, 22, 0
0 32 20: 1189, 10, 1
0 32 23: 980, 0, 3
0 32 24: 1257, 22, 2
0 32 25: 1257, 22, 2
0 32 34: 1262, 22, 3
0 32 35: 185, 22, 0
0 32 35: 1602, 3, 2
0 32 36: 300, 10, 2
0 32 37: 1838, 5, 1
0 32 37: 1902, 0, 1
0 32 38: 1838, 4, 3
0 32 49: 1257, 22, 2
0 32 50: 1257, 22, 2
0 32 51: 1257, 22, 3
0 32 55: 979, 1, 1
0 32 56: 979, 0, 2
0 32 57: 979, 0, 2
0 32 58: 979, 0, 2
0 32 59: 979, 0, 2
0 32 60: 979, 1, 2
0 33 1: 85, 9, 1
0 33 8: 85, 9, 3
0 33 10: 320, 22, 0
0 33 13: 1257, 22, 2
0 33 14: 1257, 22, 1
0 33 15: 980, 9, 2
0 33 16: 980, 1, 2
0 33 16: 1257, 22, 1
0 33 18: 1245, 22, 1
0 33 19: 1189, 10, 3
0 33 20: 1189, 10, 2
0 33 21: 1257, 22, 1
0 33 22: 1257, 22, 3
0 33 23: 365, 10, 3
0 33 23: 980, 0, 3
0 33 24: 1257, 22, 0
0 33 25: 1259, 22, 0
0 33 33: 185, 22, 1
0 33 33: 1602, 3, 1
0 33 34: 185, 22, 1
0 33 34: 1902, 0, 2
0 33 35: 186, 22, 3
0 33 35: 1902, 2, 2
0 33 36: 1838, 5, 2
0 33 36: 1902, 0, 2
0 33 37: 186, 22, 0
0 33 37: 1902, 2, 1
0 33 38: 979, 0, 2
0 33 39: 979, 0, 2
0 33 40: 979, 0, 2
0 33 41: 979, 0, 2
0 33 42: 979, 0, 2
0 33 46: 979, 0, 2
0 33 47: 979, 0, 2
0 33 48: 979, 1, 2
0 33 48: 1257, 22, 1
0 33 49: 1257, 22, 1
0 33 50: 1258, 22, 3
0 33 51: 1257, 22, 3
0 33 52: 1257, 22, 0
0 33 54: 979, 1, 1
0 33 55: 979, 9, 1
0 33 56: 1257, 22, 2
0 33 57: 1257, 22, 0
0 33 58: 1259, 22, 0
0 33 59: 1257, 22, 0
0 33 60: 979, 9, 2
0 33 61: 979, 0, 2
0 33 62: 979, 0, 2
0 33 63: 979, 0, 2
0 34 0: 85, 0, 1
0 34 6: 85, 0, 2
0 34 7: 85, 9, 3
0 34 9: 320, 22, 2
0 34 16: 980, 9, 2
0 34 17: 980, 1, 2
0 34 18: 1257, 22, 1
0 34 19: 1257, 22, 2
0 34 21: 1189, 10, 1
0 34 21: 1257, 22, 1
0 34 22: 1257, 22, 3
0 34 23: 365, 10, 0
0 34 23: 980, 0, 3
0 34 24: 1189, 10, 2
0 34 25: 1257, 22, 3
0 34 26: 1257, 22, 2
0 34 36: 1838, 4, 0
0 34 37: 980, 0, 1
0 34 47: 1393, 10, 0
0 34 48: 979, 9, 2
0 34 49: 979, 0, 2
0 34 49: 1393, 10, 1
0 34 50: 979, 0, 2
0 34 50: 1258, 22, 3
0 34 51: 979, 0, 2
0 34 51: 1258, 22, 3
0 34 52: 979, 0, 2
0 34 52: 1257, 22, 0
0 34 53: 979, 0, 2
0 34 53: 1257, 22, 0
0 34 54: 979, 9, 1
0 34 54: 1257, 22, 0
0 34 55: 1257, 22, 2
0 34 56: 1257, 22, 2
0 34 57: 1257, 22, 0
0 34 58: 1258, 22, 2
0 34 59: 1258, 22, 0
0 34 60: 1257, 22, 1
0 34 61: 1257, 22, 2
0 35 0: 85, 0, 1
0 35 4: 85, 0, 2
0 35 5: 85, 9, 3
0 35 7: 320, 22, 2
0 35 8: 320, 22, 3
0 35 9: 319, 22, 1
0 35 10: 1281, 10, 2
0 35 15: 1299, 10, 2
0 35 17: 980, 9, 2
0 35 18: 980, 1, 2
0 35 19: 1189, 10, 0
0 35 20: 1258, 22, 3
0 35 21: 1258, 22, 2
0 35 22: 1257, 22, 0
0 35 23: 980, 0, 3
0 35 24: 1257, 22, 1
0 35 25: 1258, 22, 1
0 35 26: 1189, 10, 1
0 35 26: 1257, 22, 0
0 35 27: 1257, 22, 1
0 35 36: 1262, 22, 2
0 35 37: 980, 0, 1
0 35 39: 365, 10, 3
0 35 41: 365, 11, 0
0 35 53: 1257, 22, 2
0 35 54: 1257, 22, 1
0 35 55: 1257, 22, 1
0 35 56: 1257, 22, 1
0 35 57: 1257, 22, 1
0 35 58: 1257, 22, 1
0 35 59: 1257, 22, 2
0 35 60: 1257, 22, 1
0 35 61: 1257, 22, 3
0 36 0: 85, 0, 1
0 36 1: 85, 0, 2
0 36 2: 85, 0, 2
0 36 3: 85, 9, 3
0 36 5: 320, 22, 2
0 36 6: 321, 22, 1
0 36 7: 320, 22, 1
0 36 8: 320, 22, 0
0 36 12: 1248, 22, 1
0 36 16: 1257, 22, 1
0 36 17: 1257, 22, 2
0 36 18: 980, 9, 2
0 36 19: 1008, 0, 2
0 36 20: 1258, 22, 3
0 36 20: 1553, 0, 2
0 36 21: 1257, 22, 1
0 36 21: 1551, 0, 2
0 36 22: 1007, 0, 2
0 36 22: 1257, 22, 0
0 36 23: 980, 2, 2
0 36 24: 980, 0, 2
0 36 24: 1246, 22, 0
0 36 25: 980, 0, 2
0 36 26: 980, 0, 2
0 36 26: 1257, 22, 3
0 36 27: 980, 0, 2
0 36 27: 1257, 22, 2
0 36 28: 980, 0, 2
0 36 28: 1257, 22, 1
0 36 29: 980, 0, 2
0 36 30: 1008, 0, 2
0 36 31: 1553, 0, 2
0 36 32: 1551, 0, 2
0 36 33: 1007, 0, 2
0 36 34: 980, 0, 2
0 36 35: 980, 0, 2
0 36 36: 980, 0, 2
0 36 37: 980, 2, 1
0 36 42: 1257, 22, 0
0 36 43: 1257, 22, 3
0 36 53: 1276, 10, 0
0 36 55: 1257, 22, 1
0 36 57: 1257, 22, 0
0 36 58: 1257, 22, 3
0 36 59: 1257, 22, 1
0 36 61: 1276, 10, 3
0 37 1: 320, 22, 1
0 37 2: 320, 22, 0
0 37 3: 319, 22, 1
0 37 4: 320, 22, 1
0 37 5: 320, 22, 1
0 37 6: 320, 22, 0
0 37 8: 1247, 22, 1
0 37 10: 1247, 22, 1
0 37 11: 1248, 22, 3
0 37 15: 1257, 22, 0
0 37 16: 1257, 22, 0
0 37 17: 1257, 22, 2
0 37 23: 1257, 22, 2
0 37 24: 1257, 22, 1
0 37 25: 1257, 22, 0
0 37 26: 1257, 22, 3
0 37 27: 1257, 22, 2
0 37 28: 1257, 22, 0
0 37 29: 1257, 22, 3
0 37 41: 1257, 22, 3
0 37 42: 1257, 22, 2
0 37 43: 1257, 22, 0
0 37 44: 1257, 22, 3
0 37 49: 1392, 10, 0
0 37 56: 1257, 22, 0
0 37 58: 1257, 22, 3
0 37 59: 1257, 22, 2
0 38 0: 320, 22, 1
0 38 1: 320, 22, 2
0 38 2: 320, 22, 3
0 38 3: 320, 22, 3
0 38 4: 321, 22, 1
0 38 6: 1257, 22, 0
0 38 8: 1278, 10, 2
0 38 10: 1247, 22, 2
0 38 11: 1300, 10, 1
0 38 12: 1246, 22, 1
0 38 14: 1257, 22, 0
0 38 15: 1257, 22, 3
0 38 28: 1248, 22, 1
0 38 42: 1247, 22, 3
0 38 43: 1257, 22, 2
0 38 44: 1257, 22, 1
0 38 59: 1245, 22, 3
0 39 2: 1257, 22, 1
0 39 3: 1257, 22, 2
0 39 4: 1257, 22, 3
0 39 5: 1257, 22, 3
0 39 6: 1257, 22, 0
0 39 7: 1257, 22, 1
0 39 9: 1247, 22, 2
0 39 11: 1257, 22, 3
0 39 12: 1257, 22, 0
0 39 13: 1257, 22, 1
0 39 14: 1257, 22, 1
0 39 44: 1257, 22, 1
0 39 46: 1257, 22, 2
0 39 47: 1257, 22, 1
0 39 56: 447, 10, 3
0 40 1: 1257, 22, 3
0 40 2: 1257, 22, 2
0 40 3: 1257, 22, 1
0 40 4: 1257, 22, 2
0 40 5: 1257, 22, 0
0 40 7: 1257, 22, 1
0 40 9: 1257, 22, 2
0 40 10: 1257, 22, 2
0 40 11: 1257, 22, 1
0 40 45: 1257, 22, 2
0 40 46: 1257, 22, 2
0 40 47: 1257, 22, 1
0 40 48: 1173, 10, 2
0 40 48: 1257, 22, 1
0 40 55: 444, 10, 1
0 41 2: 1257, 22, 0
0 41 3: 1257, 22, 1
0 41 4: 1264, 22, 0
0 41 4: 1276, 10, 3
0 41 5: 1264, 22, 0
0 41 6: 1257, 22, 2
0 41 9: 1257, 22, 1
0 41 10: 1257, 22, 1
0 41 19: 980, 9, 3
0 41 20: 980, 0, 0
0 41 21: 980, 0, 0
0 41 22: 980, 0, 0
0 41 22: 1257, 22, 2
0 41 23: 980, 0, 0
0 41 23: 1257, 22, 0
0 41 24: 980, 0, 0
0 41 24: 1257, 22, 3
0 41 25: 980, 0, 0
0 41 26: 980, 0, 0
0 41 27: 980, 0, 0
0 41 28: 980, 0, 0
0 41 29: 980, 0, 0
0 41 30: 980, 0, 0
0 41 31: 980, 0, 0
0 41 32: 980, 0, 0
0 41 33: 980, 0, 0
0 41 34: 980, 0, 0
0 41 35: 980, 2, 3
0 41 36: 1007, 0, 0
0 41 37: 1551, 0, 0
0 41 38: 1553, 0, 0
0 41 39: 1008, 0, 0
0 41 40: 980, 9, 0
0 41 45: 1258, 22, 0
0 41 46: 1258, 22, 0
0 41 47: 1258, 22, 3
0 41 48: 1257, 22, 0
0 41 51: 1173, 10, 2
0 41 54: 447, 10, 0
0 41 57: 447, 10, 2
0 41 59: 1392, 10, 0
0 42 1: 1257, 22, 0
0 42 2: 1257, 22, 3
0 42 4: 1248, 22, 1
0 42 5: 1264, 22, 0
0 42 8: 1257, 22, 3
0 42 9: 1257, 22, 1
0 42 10: 1257, 22, 1
0 42 15: 1257, 22, 1
0 42 16: 1258, 22, 3
0 42 17: 1258, 22, 2
0 42 18: 980, 9, 3
0 42 18: 1257, 22, 1
0 42 19: 980, 1, 3
0 42 20: 301, 10, 1
0 42 23: 1257, 22, 1
0 42 24: 301, 10, 1
0 42 28: 301, 10, 1
0 42 35: 980, 0, 3
0 42 36: 312, 10, 3
0 42 38: 312, 10, 0
0 42 39: 325, 22, 3
0 42 40: 980, 1, 0
0 42 41: 325, 22, 1
0 42 41: 980, 9, 0
0 42 42: 325, 22, 2
0 42 45: 1258, 22, 1
0 42 46: 1259, 22, 3
0 42 47: 1258, 22, 2
0 42 48: 1258, 22, 2
0 42 49: 1257, 22, 3
0 42 54: 445, 10, 1
0 43 0: 1257, 22, 0
0 43 3: 1257, 22, 2
0 43 4: 1257, 22, 3
0 43 5: 1257, 22, 3
0 43 7: 1257, 22, 3
0 43 8: 1257, 22, 3
0 43 8: 1276, 10, 0
0 43 9: 1257, 22, 3
0 43 10: 1257, 22, 3
0 43 14: 1257, 22, 3
0 43 15: 1258, 22, 0
0 43 16: 1257, 22, 0
0 43 17: 980, 9, 3
0 43 17: 1257, 22, 3
0 43 18: 980, 1, 3
0 43 18: 1257, 22, 0
0 43 19: 1257, 22, 3
0 43 20: 1257, 22, 3
0 43 27: 1257, 22, 2
0 43 28: 1257, 22, 2
0 43 29: 1257, 22, 1
0 43 31: 1257, 22, 3
0 43 32: 1257, 22, 1
0 43 35: 980, 0, 3
0 43 36: 312, 10, 3
0 43 36: 325, 22, 0
0 43 37: 326, 22, 1
0 43 38: 312, 10, 0
0 43 38: 325, 22, 1
0 43 40: 325, 22, 0
0 43 41: 325, 22, 0
0 43 41: 980, 1, 0
0 43 42: 325, 22, 3
0 43 42: 980, 9, 0
0 43 43: 325, 22, 0
0 43 46: 1257, 22, 2
0 43 47: 1257, 22, 2
0 43 48: 1257, 22, 2
0 43 49: 1257, 22, 1
0 43 50: 1257, 22, 0
0 43 51: 1257, 22, 1
0 44 0: 1257, 22, 1
0 44 1: 1257, 22, 0
0 44 6: 1257, 22, 3
0 44 7: 1257, 22, 0
0 44 8: 1257, 22, 2
0 44 9: 1247, 22, 1
0 44 10: 1257, 22, 2
0 44 14: 1258, 22, 1
0 44 15: 1257, 22, 0
0 44 16: 980, 9, 3
0 44 16: 1257, 22, 2
0 44 17: 980, 1, 3
0 44 17: 1257, 22, 3
0 44 18: 1257, 22, 1
0 44 19: 1259, 22, 0
0 44 20: 1259, 22, 3
0 44 21: 1257, 22, 2
0 44 22: 1257, 22, 2
0 44 26: 1257, 22, 3
0 44 27: 1258, 22, 1
0 44 28: 1259, 22, 1
0 44 29: 1258, 22, 2
0 44 30: 1257, 22, 0
0 44 31: 1257, 22, 1
0 44 35: 980, 0, 3
0 44 36: 312, 10, 2
0 44 37: 326, 22, 2
0 44 38: 312, 10, 3
0 44 38: 325, 22, 2
0 44 39: 326, 22, 2
0 44 40: 312, 10, 0
0 44 41: 325, 22, 0
0 44 42: 325, 22, 1
0 44 42: 980, 1, 0
0 44 43: 325, 22, 0
0 44 43: 980, 9, 0
0 44 50: 1278, 10, 3
0 44 51: 1257, 22, 2
0 44 52: 1257, 22, 3
0 44 53: 1257, 22, 1
0 44 54: 1257, 22, 1
0 44 57: 1298, 10, 0
0 45 0: 1257, 22, 2
0 45 1: 1257, 22, 0
0 45 3: 1278, 10, 1
0 45 7: 1257, 22, 1
0 45 8: 1257, 22, 1
0 45 13: 1257, 22, 1
0 45 14: 1257, 22, 2
0 45 15: 980, 9, 3
0 45 15: 1257, 22, 2
0 45 16: 980, 1, 3
0 45 16: 1257, 22, 2
0 45 18: 1257, 22, 1
0 45 19: 1257, 22, 3
0 45 20: 1257, 22, 3
0 45 21: 1257, 22, 2
0 45 22: 1257, 22, 2
0 45 25: 1257, 22, 0
0 45 27: 1259, 22, 2
0 45 28: 1258, 22, 3
0 45 29: 1258, 22, 3
0 45 30: 1257, 22, 0
0 45 35: 980, 0, 3
0 45 36: 312, 10, 1
0 45 36: 325, 22, 3
0 45 37: 326, 22, 3
0 45 38: 312, 10, 2
0 45 41: 325, 22, 3
0 45 42: 312, 10, 1
0 45 43: 980, 1, 0
0 45 44: 325, 22, 0
0 45 44: 980, 9, 0
0 45 52: 1257, 22, 1
0 45 53: 1257, 22, 3
0 45 54: 1257, 22, 0
0 45 55: 1257, 22, 0
0 45 61: 1392, 10, 0
0 46 1: 1257, 22, 0
0 46 2: 1257, 22, 3
0 46 3: 1248, 22, 1
0 46 4: 1264, 22, 0
0 46 13: 1257, 22, 1
0 46 14: 980, 9, 3
0 46 14: 1257, 22, 0
0 46 15: 980, 1, 3
0 46 15: 1257, 22, 0
0 46 18: 1257, 22, 1
0 46 19: 1257, 22, 0
0 46 20: 1257, 22, 0
0 46 21: 1257, 22, 0
0 46 22: 1257, 22, 0
0 46 23: 1257, 22, 1
0 46 24: 1257, 22, 0
0 46 25: 1257, 22, 0
0 46 26: 1257, 22, 0
0 46 27: 1258, 22, 0
0 46 28: 1257, 22, 3
0 46 29: 1257, 22, 3
0 46 30: 1257, 22, 0
0 46 31: 1189, 10, 1
0 46 35: 980, 0, 3
0 46 37: 326, 22, 3
0 46 38: 325, 22, 2
0 46 39: 326, 22, 1
0 46 40: 312, 10, 2
0 46 40: 325, 22, 0
0 46 41: 325, 22, 0
0 46 43: 325, 22, 1
0 46 44: 980, 1, 0
0 46 45: 980, 9, 0
0 46 51: 1258, 22, 1
0 46 52: 1257, 22, 2
0 46 53: 1257, 22, 3
0 46 54: 1257, 22, 2
0 46 55: 1257, 22, 2
0 46 56: 1265, 22, 2
0 47 0: 1257, 22, 0
0 47 1: 1257, 22, 3
0 47 2: 1257, 22, 0
0 47 13: 980, 9, 3
0 47 14: 980, 1, 3
0 47 14: 1257, 22, 2
0 47 19: 1257, 22, 0
0 47 20: 1257, 22, 3
0 47 21: 1257, 22, 2
0 47 22: 1257, 22, 2
0 47 23: 1257, 22, 3
0 47 24: 1257, 22, 1
0 47 25: 1257, 22, 3
0 47 26: 1257, 22, 3
0 47 27: 1189, 10, 0
0 47 27: 1257, 22, 2
0 47 28: 1257, 22, 2
0 47 35: 980, 0, 3
0 47 36: 296, 10, 0
0 47 39: 325, 22, 0
0 47 40: 312, 10, 2
0 47 41: 324, 22, 1
0 47 42: 312, 10, 0
0 47 43: 326, 22, 3
0 47 45: 980, 1, 0
0 47 46: 980, 9, 0
0 47 47: 325, 22, 3
0 47 52: 1257, 22, 3
0 47 53: 1257, 22, 1
0 47 54: 1257, 22, 3
0 47 55: 1257, 22, 0
0 47 56: 1257, 22, 1
0 47 58: 445, 10, 0
0 48 0: 1257, 22, 1
0 48 1: 1257, 22, 3
0 48 2: 1259, 22, 0
0 48 3: 1257, 22, 1
0 48 6: 1281, 10, 0
0 48 7: 1264, 22, 0
0 48 11: 1188, 10, 3
0 48 12: 980, 9, 3
0 48 13: 980, 1, 3
0 48 13: 1257, 22, 2
0 48 21: 1257, 22, 2
0 48 22: 1257, 22, 2
0 48 23: 1257, 22, 1
0 48 24: 1257, 22, 0
0 48 25: 1257, 22, 0
0 48 26: 1257, 22, 3
0 48 27: 1257, 22, 2
0 48 32: 1189, 10, 0
0 48 35: 980, 0, 3
0 48 38: 312, 10, 1
0 48 38: 325, 22, 3
0 48 40: 312, 10, 2
0 48 41: 324, 22, 0
0 48 44: 312, 10, 0
0 48 45: 326, 22, 0
0 48 46: 312, 10, 0
0 48 46: 980, 1, 0
0 48 47: 980, 9, 0
0 48 51: 1247, 22, 2
0 48 52: 1257, 22, 0
0 48 53: 1257, 22, 1
0 48 55: 1257, 22, 1
0 48 56: 1257, 22, 2
0 48 57: 1257, 22, 2
0 48 58: 1257, 22, 3
0 49 2: 1257, 22, 3
0 49 3: 1257, 22, 2
0 49 6: 1264, 22, 0
0 49 7: 1257, 22, 3
0 49 8: 1257, 22, 2
0 49 9: 1257, 22, 0
0 49 10: 1257, 22, 0
0 49 11: 980, 9, 3
0 49 12: 980, 1, 3
0 49 15: 1394, 10, 1
0 49 22: 1174, 10, 2
0 49 28: 1189, 10, 2
0 49 30: 1189, 10, 3
0 49 31: 1189, 10, 3
0 49 35: 980, 0, 3
0 49 37: 325, 22, 1
0 49 38: 325, 22, 3
0 49 39: 325, 22, 0
0 49 41: 325, 22, 2
0 49 42: 312, 10, 3
0 49 43: 325, 22, 2
0 49 44: 312, 10, 0
0 49 47: 980, 1, 0
0 49 48: 325, 22, 2
0 49 48: 980, 9, 0
0 49 56: 1257, 22, 1
0 49 57: 1258, 22, 1
0 49 58: 1257, 22, 0
0 49 59: 1257, 22, 0
0 49 62: 1246, 22, 1
0 50 6: 1248, 22, 0
0 50 7: 1257, 22, 3
0 50 8: 1264, 22, 0
0 50 9: 1188, 10, 3
0 50 9: 1257, 22, 3
0 50 10: 980, 9, 3
0 50 11: 980, 1, 3
0 50 13: 1394, 10, 0
0 50 35: 980, 0, 3
0 50 37: 326, 22, 0
0 50 38: 312, 10, 2
0 50 39: 325, 22, 3
0 50 40: 312, 10, 0
0 50 40: 325, 22, 3
0 50 41: 326, 22, 3
0 50 42: 325, 22, 1
0 50 43: 326, 22, 3
0 50 45: 326, 22, 0
0 50 46: 312, 10, 0
0 50 47: 325, 22, 0
0 50 48: 980, 1, 0
0 50 49: 980, 9, 0
0 50 50: 325, 22, 1
0 50 55: 1257, 22, 1
0 50 56: 1257, 22, 1
0 50 57: 1259, 22, 0
0 50 58: 1257, 22, 0
0 50 59: 1257, 22, 3
0 51 6: 1257, 22, 2
0 51 7: 1257, 22, 0
0 51 8: 1257, 22, 2
0 51 9: 980, 9, 3
0 51 10: 980, 1, 3
0 51 28: 1244, 22, 3
0 51 35: 980, 0, 3
0 51 36: 312, 10, 0
0 51 36: 325, 22, 0
0 51 37: 326, 22, 1
0 51 38: 312, 10, 1
0 51 38: 325, 22, 3
0 51 39: 326, 22, 3
0 51 40: 312, 10, 3
0 51 40: 325, 22, 1
0 51 41: 325, 22, 0
0 51 42: 312, 10, 2
0 51 43: 325, 22, 1
0 51 44: 312, 10, 3
0 51 45: 325, 22, 3
0 51 47: 326, 22, 2
0 51 48: 312, 10, 1
0 51 49: 980, 1, 0
0 51 50: 325, 22, 1
0 51 50: 980, 9, 0
0 51 51: 325, 22, 0
0 51 55: 1257, 22, 0
0 51 56: 1257, 22, 1
0 51 57: 1258, 22, 2
0 51 58: 1257, 22, 0
0 51 59: 1257, 22, 2
0 51 60: 1257, 22, 2
0 52 6: 1257, 22, 2
0 52 7: 1257, 22, 0
0 52 8: 980, 9, 3
0 52 9: 980, 1, 3
0 52 21: 1257, 22, 0
0 52 22: 1257, 22, 0
0 52 35: 980, 0, 3
0 52 36: 325, 22, 3
0 52 37: 326, 22, 2
0 52 39: 325, 22, 1
0 52 40: 312, 10, 0
0 52 41: 326, 22, 0
0 52 42: 312, 10, 2
0 52 44: 312, 10, 2
0 52 44: 325, 22, 2
0 52 46: 312, 10, 1
0 52 47: 325, 22, 3
0 52 49: 325, 22, 1
0 52 50: 980, 1, 0
0 52 51: 325, 22, 0
0 52 51: 980, 9, 0
0 52 52: 325, 22, 3
0 52 56: 1257, 22, 3
0 52 57: 1257, 22, 0
0 52 58: 1257, 22, 0
0 52 59: 1257, 22, 1
0 52 60: 1257, 22, 1
0 52 61: 1257, 22, 2
0 52 62: 1187, 10, 0
0 53 0: 980, 0, 0
0 53 1: 1007, 0, 0
0 53 1: 1257, 22, 2
0 53 2: 1257, 22, 1
0 53 2: 1551, 0, 0
0 53 3: 1553, 0, 0
0 53 4: 1008, 0, 0
0 53 4: 1258, 22, 2
0 53 5: 980, 0, 0
0 53 6: 980, 0, 0
0 53 6: 1257, 22, 1
0 53 7: 980, 0, 0
0 53 7: 1257, 22, 3
0 53 8: 980, 1, 3
0 53 8: 1257, 22, 3
0 53 9: 1257, 22, 2
0 53 19: 1257, 22, 3
0 53 20: 1257, 22, 3
0 53 21: 1257, 22, 2
0 53 22: 1257, 22, 2
0 53 23: 1257, 22, 0
0 53 24: 1257, 22, 0
0 53 25: 1257, 22, 0
0 53 35: 980, 0, 3
0 53 36: 312, 10, 0
0 53 36: 325, 22, 3
0 53 37: 325, 22, 2
0 53 38: 325, 22, 3
0 53 39: 325, 22, 1
0 53 41: 326, 22, 0
0 53 42: 312, 10, 1
0 53 43: 324, 22, 3
0 53 44: 312, 10, 2
0 53 45: 326, 22, 3
0 53 48: 312, 10, 2
0 53 49: 326, 22, 1
0 53 50: 312, 10, 3
0 53 51: 980, 1, 0
0 53 52: 325, 22, 3
0 53 52: 980, 9, 0
0 53 53: 325, 22, 3
0 53 60: 1187, 10, 2
0 53 61: 1257, 22, 2
0 53 62: 1257, 22, 0
0 54 0: 1257, 22, 3
0 54 1: 1257, 22, 2
0 54 2: 1258, 22, 2
0 54 3: 1258, 22, 2
0 54 5: 1258, 22, 3
0 54 6: 1258, 22, 2
0 54 7: 1257, 22, 3
0 54 8: 1257, 22, 0
0 54 8: 1394, 10, 3
0 54 9: 1257, 22, 1
0 54 10: 1257, 22, 0
0 54 11: 1257, 22, 0
0 54 18: 1257, 22, 2
0 54 19: 1257, 22, 0
0 54 20: 1257, 22, 3
0 54 21: 1257, 22, 3
0 54 22: 1259, 22, 3
0 54 23: 1258, 22, 2
0 54 24: 1258, 22, 1
0 54 25: 1257, 22, 3
0 54 26: 1257, 22, 3
0 54 35: 980, 0, 3
0 54 37: 326, 22, 3
0 54 38: 325, 22, 3
0 54 39: 325, 22, 0
0 54 40: 312, 10, 0
0 54 40: 325, 22, 0
0 54 41: 325, 22, 3
0 54 42: 312, 10, 1
0 54 43: 326, 22, 1
0 54 44: 312, 10, 1
0 54 45: 325, 22, 2
0 54 46: 312, 10, 0
0 54 47: 326, 22, 3
0 54 48: 312, 10, 3
0 54 49: 326, 22, 1
0 54 50: 312, 10, 2
0 54 51: 326, 22, 3
0 54 52: 312, 10, 0
0 54 52: 980, 1, 0
0 54 53: 980, 9, 0
0 54 54: 325, 22, 2
0 54 62: 1257, 22, 3
0 55 1: 1257, 22, 3
0 55 2: 1257, 22, 1
0 55 3: 1258, 22, 3
0 55 3: 1394, 10, 1
0 55 4: 1259, 22, 3
0 55 5: 1258, 22, 0
0 55 6: 1259, 22, 0
0 55 7: 1258, 22, 1
0 55 8: 1257, 22, 0
0 55 9: 1257, 22, 1
0 55 10: 1257, 22, 1
0 55 11: 1257, 22, 1
0 55 19: 1257, 22, 0
0 55 21: 1257, 22, 0
0 55 22: 1257, 22, 1
0 55 23: 1257, 22, 1
0 55 24: 1257, 22, 2
0 55 25: 1258, 22, 0
0 55 26: 1257, 22, 2
0 55 27: 1257, 22, 2
0 55 33: 1391, 10, 2
0 55 35: 980, 0, 3
0 55 36: 312, 10, 2
0 55 37: 326, 22, 0
0 55 38: 312, 10, 3
0 55 38: 325, 22, 3
0 55 39: 325, 22, 1
0 55 40: 325, 22, 1
0 55 41: 326, 22, 1
0 55 44: 312, 10, 1
0 55 44: 325, 22, 2
0 55 45: 325, 22, 0
0 55 46: 312, 10, 0
0 55 47: 326, 22, 0
0 55 48: 312, 10, 0
0 55 50: 312, 10, 2
0 55 51: 326, 22, 0
0 55 53: 325, 22, 1
0 55 53: 980, 1, 0
0 55 54: 980, 9, 0
0 55 55: 325, 22, 1
0 56 1: 1257, 22, 0
0 56 2: 1257, 22, 0
0 56 3: 1257, 22, 0
0 56 4: 1173, 10, 3
0 56 4: 1257, 22, 3
0 56 5: 1257, 22, 3
0 56 6: 1258, 22, 0
0 56 7: 1257, 22, 2
0 56 8: 1257, 22, 2
0 56 10: 1257, 22, 0
0 56 18: 1257, 22, 3
0 56 19: 1257, 22, 1
0 56 23: 1257, 22, 3
0 56 24: 1257, 22, 3
0 56 25: 1257, 22, 3
0 56 26: 1257, 22, 0
0 56 27: 1257, 22, 2
0 56 35: 980, 0, 3
0 56 36: 312, 10, 2
0 56 37: 326, 22, 1
0 56 38: 325, 22, 0
0 56 40: 312, 10, 0
0 56 40: 325, 22, 2
0 56 42: 312, 10, 0
0 56 43: 326, 22, 1
0 56 44: 312, 10, 1
0 56 44: 325, 22, 2
0 56 45: 324, 22, 3
0 56 46: 312, 10, 0
0 56 46: 325, 22, 0
0 56 47: 325, 22, 3
0 56 48: 325, 22, 0
0 56 49: 325, 22, 2
0 56 51: 325, 22, 0
0 56 52: 312, 10, 0
0 56 53: 326, 22, 2
0 56 54: 312, 10, 1
0 56 54: 980, 1, 0
0 56 55: 980, 9, 0
0 56 62: 1278, 10, 0
0 57 1: 1257, 22, 0
0 57 2: 1257, 22, 1
0 57 3: 1257, 22, 1
0 57 4: 1257, 22, 1
0 57 5: 1257, 22, 1
0 57 6: 1257, 22, 0
0 57 6: 1394, 10, 2
0 57 7: 1257, 22, 3
0 57 13: 1245, 22, 0
0 57 18: 1257, 22, 3
0 57 19: 1174, 10, 3
0 57 24: 1257, 22, 3
0 57 25: 1257, 22, 3
0 57 25: 1393, 10, 2
0 57 26: 1257, 22, 2
0 57 27: 1257, 22, 1
0 57 35: 980, 0, 3
0 57 36: 312, 10, 1
0 57 37: 325, 22, 2
0 57 38: 312, 10, 2
0 57 39: 325, 22, 2
0 57 40: 312, 10, 0
0 57 40: 325, 22, 2
0 57 41: 325, 22, 3
0 57 43: 324, 22, 2
0 57 44: 325, 22, 0
0 57 45: 325, 22, 1
0 57 48: 312, 10, 3
0 57 48: 325, 22, 3
0 57 49: 325, 22, 0
0 57 50: 312, 10, 0
0 57 51: 325, 22, 3
0 57 52: 312, 10, 3
0 57 53: 326, 22, 2
0 57 55: 980, 1, 0
0 57 56: 980, 9, 0
0 57 61: 1187, 10, 3
0 58 3: 1245, 22, 1
0 58 6: 1257, 22, 0
0 58 18: 1257, 22, 0
0 58 19: 1257, 22, 3
0 58 25: 1257, 22, 0
0 58 26: 1257, 22, 1
0 58 27: 1257, 22, 3
0 58 35: 980, 0, 3
0 58 36: 325, 22, 1
0 58 37: 326, 22, 2
0 58 38: 312, 10, 3
0 58 39: 326, 22, 3
0 58 40: 312, 10, 1
0 58 42: 325, 22, 3
0 58 43: 325, 22, 2
0 58 44: 312, 10, 0
0 58 44: 325, 22, 0
0 58 45: 326, 22, 1
0 58 46: 312, 10, 2
0 58 46: 325, 22, 0
0 58 47: 326, 22, 0
0 58 48: 312, 10, 1
0 58 48: 325, 22, 2
0 58 49: 325, 22, 1
0 58 50: 325, 22, 1
0 58 53: 325, 22, 3
0 58 54: 312, 10, 0
0 58 55: 312, 10, 0
0 58 56: 980, 1, 0
0 58 57: 980, 9, 0
0 58 60: 1257, 22, 1
0 58 61: 1257, 22, 1
0 58 62: 1257, 22, 2
0 59 13: 1189, 10, 1
0 59 18: 1257, 22, 0
0 59 19: 1258, 22, 1
0 59 20: 1257, 22, 1
0 59 21: 1257, 22, 1
0 59 27: 1257, 22, 3
0 59 35: 980, 0, 3
0 59 36: 325, 22, 1
0 59 36: 1281, 10, 0
0 59 38: 312, 10, 1
0 59 39: 325, 22, 3
0 59 41: 326, 22, 0
0 59 42: 312, 10, 3
0 59 43: 325, 22, 2
0 59 44: 312, 10, 3
0 59 44: 325, 22, 3
0 59 45: 325, 22, 2
0 59 46: 312, 10, 2
0 59 46: 325, 22, 1
0 59 47: 325, 22, 0
0 59 48: 312, 10, 1
0 59 48: 325, 22, 2
0 59 49: 324, 22, 3
0 59 50: 312, 10, 3
0 59 51: 324, 22, 1
0 59 52: 312, 10, 0
0 59 53: 324, 22, 0
0 59 54: 312, 10, 3
0 59 55: 312, 10, 3
0 59 57: 980, 0, 1
0 59 60: 1257, 22, 1
0 59 61: 1258, 22, 0
0 59 62: 1257, 22, 2
0 60 15: 1189, 10, 2
0 60 19: 1258, 22, 0
0 60 20: 1259, 22, 1
0 60 21: 1258, 22, 1
0 60 22: 1257, 22, 0
0 60 35: 980, 0, 3
0 60 37: 325, 22, 3
0 60 38: 325, 22, 0
0 60 39: 326, 22, 2
0 60 40: 312, 10, 0
0 60 42: 312, 10, 2
0 60 44: 325, 22, 0
0 60 46: 324, 22, 0
0 60 47: 324, 22, 1
0 60 48: 312, 10, 2
0 60 49: 312, 10, 1
0 60 49: 326, 22, 3
0 60 50: 312, 10, 3
0 60 51: 326, 22, 1
0 60 52: 312, 10, 0
0 60 53: 324, 22, 0
0 60 54: 307, 10, 1
0 60 57: 1007, 0, 1
0 60 60: 1257, 22, 0
0 60 61: 1257, 22, 0
0 60 62: 1257, 22, 0
0 60 62: 1278, 10, 0
0 61 13: 1189, 10, 0
0 61 19: 1246, 22, 0
0 61 20: 1258, 22, 2
0 61 21: 1257, 22, 1
0 61 22: 1257, 22, 3
0 61 23: 1257, 22, 0
0 61 24: 1257, 22, 0
0 61 26: 1257, 22, 2
0 61 35: 980, 0, 3
0 61 36: 325, 22, 3
0 61 37: 325, 22, 3
0 61 38: 312, 10, 0
0 61 38: 325, 22, 1
0 61 39: 326, 22, 2
0 61 40: 312, 10, 0
0 61 41: 326, 22, 2
0 61 42: 312, 10, 2
0 61 43: 326, 22, 3
0 61 44: 312, 10, 2
0 61 45: 326, 22, 3
0 61 46: 312, 10, 1
0 61 48: 312, 10, 2
0 61 49: 324, 22, 3
0 61 51: 325, 22, 1
0 61 53: 325, 22, 3
0 61 57: 1551, 0, 1
0 61 62: 1257, 22, 0
0 62 11: 1189, 10, 1
0 62 14: 1189, 10, 3
0 62 16: 1189, 10, 2
0 62 20: 1257, 22, 0
0 62 21: 1257, 22, 3
0 62 22: 1257, 22, 3
0 62 23: 1257, 22, 2
0 62 24: 1257, 22, 0
0 62 25: 1257, 22, 3
0 62 26: 1257, 22, 3
0 62 35: 980, 0, 3
0 62 36: 325, 22, 2
0 62 37: 326, 22, 3
0 62 38: 325, 22, 1
0 62 39: 326, 22, 1
0 62 40: 312, 10, 3
0 62 41: 325, 22, 1
0 62 42: 312, 10, 1
0 62 44: 312, 10, 1
0 62 45: 326, 22, 3
0 62 46: 312, 10, 1
0 62 47: 326, 22, 2
0 62 48: 312, 10, 2
0 62 50: 312, 10, 2
0 62 51: 326, 22, 2
0 62 52: 312, 10, 2
0 62 53: 325, 22, 0
0 62 57: 1553, 0, 1
0 63 35: 980, 0, 3
0 63 36: 312, 10, 0
0 63 37: 325, 22, 2
0 63 41: 325, 22, 0
0 63 46: 312, 10, 3
0 63 47: 326, 22, 2
0 63 50: 312, 10, 1
0 63 52: 312, 10, 3
0 63 53: 326, 22, 1
0 63 57: 1008, 0, 1
1 19 30: 320, 22, 1
1 20 30: 320, 22, 2
1 22 23: 320, 22, 0
1 23 21: 320, 22, 3
1 24 20: 320, 22, 2
1 24 23: 1792, 18, 2
1 24 24: 1792, 18, 2
1 24 25: 1792, 18, 2
1 24 26: 1792, 18, 2
1 24 27: 1792, 18, 2
1 24 28: 1792, 18, 2
1 24 29: 1792, 18, 2
1 24 30: 1792, 18, 2
1 25 19: 320, 22, 1
1 25 23: 1926, 12, 2
1 25 24: 1926, 12, 2
1 25 25: 1926, 12, 2
1 25 26: 1926, 12, 2
1 25 27: 1926, 12, 2
1 25 28: 1926, 12, 2
1 25 29: 1926, 12, 2
1 25 30: 1926, 12, 2
1 26 22: 1159, 4, 1
1 26 23: 1923, 0, 3
1 26 30: 1923, 0, 1
1 26 33: 1792, 19, 1
1 26 34: 1792, 18, 2
1 26 35: 1792, 18, 2
1 26 36: 1792, 18, 2
1 26 37: 1792, 18, 2
1 26 38: 1792, 19, 2
1 27 16: 320, 22, 0
1 27 23: 1923, 0, 3
1 27 30: 1923, 0, 1
1 27 33: 1792, 18, 1
1 27 34: 1926, 16, 1
1 27 35: 1926, 12, 2
1 27 36: 1926, 12, 2
1 27 37: 1926, 16, 2
1 27 38: 1792, 18, 3
1 28 23: 1923, 0, 3
1 28 30: 1923, 0, 1
1 28 33: 1792, 18, 1
1 28 34: 1926, 12, 1
1 28 35: 1926, 17, 3
1 28 36: 1926, 17, 3
1 28 37: 1926, 12, 3
1 28 38: 1792, 18, 3
1 29 22: 1159, 4, 1
1 29 23: 1923, 0, 3
1 29 30: 1923, 0, 1
1 29 33: 1792, 18, 1
1 29 34: 1926, 12, 1
1 29 35: 1926, 17, 3
1 29 36: 1926, 17, 3
1 29 37: 1926, 12, 3
1 29 38: 1792, 18, 3
1 30 23: 1926, 12, 0
1 30 24: 1926, 12, 0
1 30 25: 1926, 12, 0
1 30 26: 1926, 12, 0
1 30 27: 1926, 12, 0
1 30 28: 1926, 12, 0
1 30 29: 1926, 12, 0
1 30 30: 1926, 12, 0
1 30 33: 1792, 18, 1
1 30 34: 1926, 12, 1
1 30 35: 1926, 17, 3
1 30 36: 1926, 17, 3
1 30 37: 1926, 12, 3
1 30 38: 1792, 18, 3
1 31 23: 1792, 18, 0
1 31 24: 1792, 18, 0
1 31 25: 1792, 18, 0
1 31 26: 1792, 18, 0
1 31 27: 1792, 18, 0
1 31 28: 1792, 18, 0
1 31 29: 1792, 18, 0
1 31 30: 1792, 18, 0
1 31 33: 1792, 18, 1
1 31 34: 1926, 12, 1
1 31 35: 1926, 17, 3
1 31 36: 1926, 17, 3
1 31 37: 1926, 12, 3
1 31 38: 1792, 18, 3
1 32 33: 1792, 18, 1
1 32 34: 1926, 12, 1
1 32 35: 1926, 17, 3
1 32 36: 1926, 17, 3
1 32 37: 1926, 12, 3
1 32 38: 1792, 18, 3
1 33 33: 1792, 18, 1
1 33 34: 1926, 16, 0
1 33 35: 1926, 12, 0
1 33 36: 1926, 12, 0
1 33 37: 1926, 16, 3
1 33 38: 1792, 18, 3
1 34 33: 1792, 19, 0
1 34 34: 1792, 18, 0
1 34 35: 1792, 18, 0
1 34 36: 1792, 18, 0
1 34 37: 1792, 18, 0
1 34 38: 1792, 19, 3
1 35 6: 320, 22, 2
1 36 4: 320, 22, 3
2 26 23: 1926, 12, 2
2 26 24: 1926, 12, 2
2 26 25: 1926, 12, 2
2 26 26: 1926, 12, 2
2 26 27: 1926, 12, 2
2 26 28: 1926, 12, 2
2 26 29: 1926, 12, 2
2 26 30: 1926, 12, 2
2 27 23: 1923, 0, 3
2 27 30: 1923, 0, 1
2 28 23: 1923, 0, 3
2 28 30: 1923, 0, 1
2 29 23: 1926, 12, 0
2 29 24: 1926, 12, 0
2 29 25: 1926, 12, 0
2 29 26: 1926, 12, 0
2 29 27: 1926, 12, 0
2 29 28: 1926, 12, 0
2 29 29: 1926, 12, 0
2 29 30: 1926, 12, 0
3 27 23: 1926, 12, 2
3 27 24: 1926, 12, 2
3 27 25: 1926, 12, 2
3 27 26: 1926, 12, 2
3 27 27: 1926, 12, 2
3 27 28: 1926, 12, 2
3 27 29: 1926, 12, 2
3 27 30: 1926, 12, 2
3 28 23: 1926, 12, 0
3 28 24: 1926, 12, 0
3 28 25: 1926, 12, 0
3 28 26: 1926, 12, 0
3 28 27: 1926, 12, 0
3 28 28: 1926, 12, 0
3 28 29: 1926, 12, 0
3 28 30: 1926, 12, 0
