0 0 3: 325, 22, 3
0 0 8: 1250, 22, 1
0 0 11: 1250, 22, 0
0 0 12: 1286, 10, 1
0 0 13: 1250, 22, 1
0 0 16: 1249, 22, 2
0 0 18: 1286, 10, 2
0 0 20: 325, 22, 2
0 0 22: 325, 22, 3
0 0 24: 1250, 22, 0
0 0 29: 1250, 22, 3
0 0 32: 325, 22, 0
0 0 36: 325, 22, 2
0 0 37: 324, 22, 0
0 0 41: 325, 22, 2
0 0 44: 325, 22, 1
0 0 46: 325, 22, 2
0 0 47: 325, 22, 0
0 0 50: 325, 22, 2
0 0 52: 325, 22, 2
0 0 54: 325, 22, 0
0 0 56: 325, 22, 1
0 0 58: 325, 22, 2
0 0 60: 325, 22, 3
0 0 63: 325, 22, 2
0 1 1: 325, 22, 0
0 1 2: 324, 22, 1
0 1 3: 324, 22, 2
0 1 5: 325, 22, 3
0 1 6: 325, 22, 0
0 1 7: 1383, 10, 3
0 1 10: 325, 22, 2
0 1 14: 1282, 10, 3
0 1 18: 1250, 22, 2
0 1 20: 1250, 22, 3
0 1 23: 1383, 10, 3
0 1 26: 326, 22, 2
0 1 30: 325, 22, 3
0 1 30: 1341, 10, 1
0 1 32: 325, 22, 0
0 1 34: 324, 22, 3
0 1 35: 325, 22, 1
0 1 37: 325, 22, 0
0 1 38: 325, 22, 0
0 1 39: 325, 22, 0
0 1 40: 326, 22, 3
0 1 42: 325, 22, 2
0 1 43: 324, 22, 1
0 1 44: 324, 22, 2
0 1 48: 326, 22, 1
0 1 50: 324, 22, 0
0 1 53: 326, 22, 3
0 1 55: 1250, 22, 1
0 1 59: 326, 22, 2
0 1 62: 324, 22, 2
0 2 2: 325, 22, 1
0 2 3: 325, 22, 2
0 2 5: 1250, 22, 0
0 2 7: 1250, 22, 0
0 2 9: 1286, 10, 2
0 2 10: 1250, 22, 1
0 2 11: 1383, 10, 2
0 2 12: 1250, 22, 3
0 2 13: 1249, 22, 0
0 2 18: 1249, 22, 3
0 2 19: 1282, 10, 0
0 2 21: 1249, 22, 1
0 2 22: 1286, 10, 3
0 2 23: 1250, 22, 3
0 2 24: 1250, 22, 2
0 2 25: 325, 22, 3
0 2 26: 324, 22, 0
0 2 28: 326, 22, 2
0 2 29: 325, 22, 2
0 2 30: 325, 22, 2
0 2 31: 1250, 22, 2
0 2 32: 325, 22, 0
0 2 33: 325, 22, 1
0 2 34: 325, 22, 1
0 2 35: 325, 22, 2
0 2 36: 324, 22, 0
0 2 37: 325, 22, 2
0 2 39: 1250, 22, 0
0 2 41: 325, 22, 0
0 2 43: 325, 22, 3
0 2 45: 1250, 22, 2
0 2 46: 325, 22, 1
0 2 47: 1250, 22, 0
0 2 49: 325, 22, 0
0 2 51: 326, 22, 3
0 2 56: 1341, 10, 2
0 2 59: 325, 22, 3
0 2 61: 325, 22, 3
0 2 63: 325, 22, 0
0 3 0: 326, 22, 2
0 3 2: 325, 22, 1
0 3 3: 325, 22, 2
0 3 5: 1383, 10, 2
0 3 8: 1250, 22, 3
0 3 9: 1249, 22, 3
0 3 13: 1383, 10, 0
0 3 15: 1249, 22, 1
0 3 16: 1286, 10, 3
0 3 22: 325, 22, 0
0 3 23: 325, 22, 1
0 3 24: 325, 22, 1
0 3 27: 325, 22, 0
0 3 28: 325, 22, 1
0 3 31: 325, 22, 2
0 3 33: 325, 22, 3
0 3 34: 326, 22, 0
0 3 36: 325, 22, 2
0 3 38: 325, 22, 1
0 3 39: 325, 22, 2
0 3 40: 1250, 22, 3
0 3 41: 325, 22, 0
0 3 42: 326, 22, 0
0 3 44: 325, 22, 0
0 3 45: 325, 22, 0
0 3 48: 326, 22, 2
0 3 49: 325, 22, 1
0 3 51: 325, 22, 3
0 3 53: 324, 22, 3
0 3 54: 325, 22, 1
0 3 57: 325, 22, 0
0 3 58: 1250, 22, 2
0 3 60: 324, 22, 1
0 4 1: 325, 22, 1
0 4 4: 1250, 22, 1
0 4 6: 1250, 22, 3
0 4 7: 1286, 10, 1
0 4 9: 1282, 10, 2
0 4 11: 1249, 22, 0
0 4 13: 1250, 22, 2
0 4 17: 1250, 22, 3
0 4 18: 1250, 22, 1
0 4 19: 1250, 22, 0
0 4 20: 1249, 22, 0
0 4 22: 1250, 22, 2
0 4 23: 1250, 22, 2
0 4 28: 325, 22, 3
0 4 29: 1250, 22, 0
0 4 31: 325, 22, 2
0 4 33: 325, 22, 3
0 4 34: 325, 22, 3
0 4 35: 325, 22, 0
0 4 36: 325, 22, 0
0 4 37: 324, 22, 3
0 4 38: 324, 22, 1
0 4 40: 325, 22, 3
0 4 43: 325, 22, 3
0 4 45: 325, 22, 0
0 4 46: 325, 22, 0
0 4 47: 325, 22, 1
0 4 48: 325, 22, 2
0 4 50: 1250, 22, 1
0 4 52: 325, 22, 3
0 4 53: 325, 22, 0
0 4 56: 1250, 22, 0
0 4 59: 325, 22, 1
0 4 62: 326, 22, 1
0 4 63: 325, 22, 1
0 5 0: 325, 22, 0
0 5 2: 326, 22, 3
0 5 3: 325, 22, 1
0 5 4: 325, 22, 0
0 5 7: 1250, 22, 2
0 5 12: 1286, 10, 0
0 5 15: 1250, 22, 3
0 5 18: 1286, 10, 0
0 5 21: 1383, 10, 0
0 5 24: 1250, 22, 2
0 5 25: 325, 22, 0
0 5 26: 324, 22, 1
0 5 29: 1341, 10, 2
0 5 32: 324, 22, 3
0 5 34: 325, 22, 0
0 5 35: 1250, 22, 1
0 5 39: 326, 22, 2
0 5 41: 324, 22, 1
0 5 47: 1297, 10, 2
0 5 49: 325, 22, 1
0 5 51: 325, 22, 3
0 5 54: 326, 22, 2
0 5 55: 326, 22, 3
0 6 1: 324, 22, 3
0 6 2: 325, 22, 2
0 6 4: 325, 22, 0
0 6 5: 1250, 22, 0
0 6 7: 1286, 10, 0
0 6 9: 1249, 22, 2
0 6 14: 1250, 22, 1
0 6 15: 1383, 10, 1
0 6 16: 1250, 22, 3
0 6 19: 1250, 22, 2
0 6 21: 1250, 22, 1
0 6 23: 1383, 10, 1
0 6 25: 325, 22, 0
0 6 27: 326, 22, 1
0 6 28: 325, 22, 2
0 6 29: 1250, 22, 3
0 6 30: 1249, 22, 3
0 6 31: 325, 22, 3
0 6 32: 325, 22, 3
0 6 33: 325, 22, 3
0 6 35: 1341, 10, 3
0 6 36: 325, 22, 3
0 6 37: 325, 22, 0
0 6 38: 325, 22, 0
0 6 39: 325, 22, 0
0 6 41: 325, 22, 1
0 6 43: 1250, 22, 1
0 6 51: 1383, 10, 2
0 6 52: 1250, 22, 2
0 6 53: 325, 22, 1
0 6 57: 1383, 10, 3
0 6 59: 324, 22, 0
0 6 60: 325, 22, 0
0 6 61: 1250, 22, 0
0 6 63: 325, 22, 3
0 7 0: 325, 22, 0
0 7 4: 325, 22, 3
0 7 6: 1250, 22, 1
0 7 8: 1250, 22, 1
0 7 11: 1250, 22, 2
0 7 13: 1250, 22, 2
0 7 15: 1250, 22, 0
0 7 18: 1249, 22, 0
0 7 20: 1250, 22, 1
0 7 21: 1286, 10, 3
0 7 22: 1250, 22, 0
0 7 23: 1250, 22, 1
0 7 24: 325, 22, 3
0 7 27: 325, 22, 1
0 7 28: 325, 22, 1
0 7 31: 325, 22, 2
0 7 33: 326, 22, 3
0 7 35: 1250, 22, 3
0 7 36: 325, 22, 3
0 7 37: 325, 22, 3
0 7 38: 326, 22, 1
0 7 40: 325, 22, 1
0 7 44: 1383, 10, 3
0 7 45: 1250, 22, 2
0 7 46: 1286, 11, 3
0 7 52: 325, 22, 0
0 7 54: 325, 22, 1
0 7 55: 325, 22, 2
0 7 56: 325, 22, 2
0 7 61: 1341, 10, 3
0 8 0: 325, 22, 0
0 8 2: 1250, 22, 1
0 8 4: 325, 22, 2
0 8 5: 1250, 22, 3
0 8 6: 1383, 10, 1
0 8 9: 1383, 10, 0
0 8 10: 1250, 22, 3
0 8 16: 1383, 10, 3
0 8 17: 1250, 22, 1
0 8 18: 1383, 10, 2
0 8 19: 325, 22, 2
0 8 21: 1250, 22, 3
0 8 23: 325, 22, 2
0 8 26: 325, 22, 2
0 8 27: 324, 22, 0
0 8 29: 325, 22, 1
0 8 32: 324, 22, 3
0 8 35: 325, 22, 0
0 8 36: 325, 22, 2
0 8 39: 325, 22, 1
0 8 40: 325, 22, 2
0 8 42: 1250, 22, 3
0 8 44: 1249, 22, 2
0 8 46: 1250, 22, 1
0 8 49: 1250, 22, 0
0 8 50: 1250, 22, 3
0 8 53: 1249, 22, 2
0 8 54: 324, 22, 2
0 8 55: 325, 22, 2
0 8 57: 325, 22, 3
0 8 58: 1250, 22, 3
0 8 60: 325, 22, 3
0 8 62: 1250, 22, 1
0 8 63: 325, 22, 0
0 9 1: 1341, 10, 0
0 9 4: 326, 22, 1
0 9 7: 1250, 22, 0
0 9 8: 1250, 22, 0
0 9 11: 1249, 22, 1
0 9 12: 1286, 10, 3
0 9 13: 1250, 22, 2
0 9 14: 1383, 10, 0
0 9 16: 1250, 22, 0
0 9 18: 1250, 22, 3
0 9 20: 1383, 10, 2
0 9 21: 1250, 22, 0
0 9 22: 1250, 22, 3
0 9 24: 326, 22, 1
0 9 27: 325, 22, 1
0 9 30: 326, 22, 0
0 9 31: 325, 22, 0
0 9 32: 325, 22, 0
0 9 34: 325, 22, 3
0 9 36: 325, 22, 3
0 9 37: 325, 22, 0
0 9 39: 325, 22, 1
0 9 40: 325, 22, 2
0 9 43: 1286, 11, 2
0 9 45: 1282, 11, 0
0 9 47: 1249, 22, 0
0 9 48: 1383, 10, 0
0 9 52: 1383, 10, 3
0 9 56: 326, 22, 0
0 9 59: 325, 22, 3
0 10 1: 1250, 22, 0
0 10 2: 325, 22, 0
0 10 3: 325, 22, 3
0 10 4: 325, 22, 2
0 10 6: 325, 22, 1
0 10 9: 1249, 22, 3
0 10 10: 1282, 10, 1
0 10 15: 1249, 22, 1
0 10 17: 325, 22, 1
0 10 19: 325, 22, 0
0 10 20: 1250, 22, 1
0 10 22: 325, 22, 2
0 10 27: 325, 22, 1
0 10 28: 325, 22, 0
0 10 34: 325, 22, 1
0 10 36: 325, 22, 1
0 10 37: 324, 22, 0
0 10 38: 325, 22, 3
0 10 42: 1250, 22, 2
0 10 48: 325, 22, 3
0 10 50: 325, 22, 2
0 10 51: 1250, 22, 0
0 10 53: 325, 22, 2
0 10 54: 325, 22, 1
0 10 55: 325, 22, 3
0 10 57: 1383, 10, 1
0 10 58: 325, 22, 0
0 10 60: 326, 22, 1
0 10 61: 325, 22, 1
0 10 63: 325, 22, 1
0 11 0: 325, 22, 1
0 11 5: 325, 22, 1
0 11 6: 1250, 22, 1
0 11 7: 1286, 10, 0
0 11 8: 1250, 22, 2
0 11 13: 1286, 10, 2
0 11 15: 1383, 10, 1
0 11 16: 325, 22, 0
0 11 17: 325, 22, 2
0 11 21: 325, 22, 1
0 11 23: 325, 22, 2
0 11 24: 325, 22, 3
0 11 25: 325, 22, 3
0 11 26: 326, 22, 1
0 11 28: 325, 22, 2
0 11 30: 325, 22, 3
0 11 31: 326, 22, 2
0 11 33: 325, 22, 2
0 11 35: 324, 22, 3
0 11 39: 325, 22, 2
0 11 42: 325, 22, 0
0 11 44: 1383, 10, 1
0 11 45: 1249, 22, 1
0 11 49: 1286, 10, 3
0 11 50: 1250, 22, 3
0 11 52: 325, 22, 2
0 11 53: 1250, 22, 1
0 11 55: 325, 22, 0
0 11 59: 325, 22, 1
0 12 2: 325, 22, 3
0 12 3: 325, 22, 0
0 12 5: 325, 22, 0
0 12 7: 1250, 22, 2
0 12 12: 1249, 22, 0
0 12 14: 325, 22, 1
0 12 15: 1250, 22, 1
0 12 18: 324, 22, 0
0 12 20: 324, 22, 1
0 12 21: 325, 22, 2
0 12 23: 326, 22, 2
0 12 26: 325, 22, 3
0 12 28: 324, 22, 1
0 12 29: 325, 22, 2
0 12 34: 325, 22, 1
0 12 36: 325, 22, 0
0 12 37: 326, 22, 1
0 12 38: 325, 22, 3
0 12 40: 325, 22, 0
0 12 44: 1250, 22, 1
0 12 47: 1383, 10, 2
0 12 48: 1249, 22, 3
0 12 49: 1250, 22, 3
0 12 54: 1383, 10, 0
0 12 56: 1249, 22, 3
0 12 58: 1250, 22, 2
0 12 60: 324, 22, 3
0 12 61: 325, 22, 0
0 12 62: 324, 22, 2
0 13 0: 324, 22, 0
0 13 2: 326, 22, 0
0 13 8: 1249, 22, 2
0 13 11: 1383, 10, 2
0 13 13: 1250, 22, 2
0 13 14: 325, 22, 2
0 13 15: 325, 22, 3
0 13 20: 325, 22, 2
0 13 22: 325, 22, 1
0 13 23: 325, 22, 3
0 13 24: 325, 22, 0
0 13 25: 325, 22, 1
0 13 27: 325, 22, 0
0 13 29: 325, 22, 2
0 13 31: 326, 22, 3
0 13 33: 325, 22, 1
0 13 35: 324, 22, 3
0 13 38: 325, 22, 0
0 13 39: 326, 22, 1
0 13 41: 325, 22, 3
0 13 43: 325, 22, 2
0 13 46: 1250, 22, 0
0 13 48: 1383, 10, 3
0 13 49: 1250, 22, 1
0 13 57: 325, 22, 1
0 14 2: 325, 22, 3
0 14 4: 324, 22, 1
0 14 5: 325, 22, 3
0 14 6: 1250, 22, 1
0 14 7: 1383, 10, 3
0 14 9: 1286, 10, 1
0 14 10: 1250, 22, 3
0 14 12: 325, 22, 3
0 14 17: 324, 22, 3
0 14 18: 325, 22, 1
0 14 21: 325, 22, 3
0 14 22: 325, 22, 0
0 14 23: 325, 22, 0
0 14 24: 325, 22, 1
0 14 26: 325, 22, 1
0 14 28: 325, 22, 1
0 14 31: 325, 22, 0
0 14 33: 325, 22, 0
0 14 37: 325, 22, 3
0 14 38: 325, 22, 1
0 14 40: 325, 22, 1
0 14 42: 326, 22, 0
0 14 43: 325, 22, 3
0 14 45: 325, 22, 0
0 14 48: 1250, 22, 3
0 14 50: 1286, 10, 2
0 14 51: 1249, 22, 2
0 14 54: 1250, 22, 2
0 14 56: 325, 22, 2
0 14 58: 1383, 10, 0
0 14 59: 325, 22, 2
0 14 60: 325, 22, 3
0 14 61: 325, 22, 3
0 14 63: 1250, 22, 1
0 15 0: 325, 22, 1
0 15 1: 324, 22, 2
0 15 2: 325, 22, 3
0 15 3: 325, 22, 2
0 15 7: 1250, 22, 2
0 15 8: 325, 22, 1
0 15 12: 326, 22, 1
0 15 13: 325, 22, 0
0 15 15: 325, 22, 1
0 15 19: 325, 22, 0
0 15 20: 326, 22, 3
0 15 23: 326, 22, 0
0 15 24: 325, 22, 3
0 15 26: 326, 22, 0
0 15 28: 325, 22, 2
0 15 30: 325, 22, 3
0 15 33: 325, 22, 1
0 15 35: 325, 22, 1
0 15 36: 326, 22, 1
0 15 39: 325, 22, 2
0 15 40: 325, 22, 2
0 15 42: 325, 22, 1
0 15 45: 325, 22, 0
0 15 49: 1250, 22, 2
0 15 52: 1250, 22, 1
0 15 55: 1250, 22, 3
0 15 56: 325, 22, 2
0 15 62: 1341, 10, 1
0 16 1: 325, 22, 0
0 16 3: 326, 22, 3
0 16 5: 325, 22, 3
0 16 7: 325, 22, 1
0 16 9: 326, 22, 0
0 16 10: 325, 22, 2
0 16 14: 326, 22, 2
0 16 16: 325, 22, 2
0 16 17: 326, 22, 0
0 16 18: 325, 22, 3
0 16 19: 325, 22, 2
0 16 20: 325, 22, 2
0 16 22: 325, 22, 0
0 16 23: 325, 22, 0
0 16 26: 325, 22, 1
0 16 31: 732, 10, 3
0 16 37: 325, 22, 0
0 16 41: 324, 22, 2
0 16 43: 325, 22, 3
0 16 45: 325, 22, 1
0 16 46: 325, 22, 0
0 16 51: 1383, 10, 2
0 16 52: 1250, 22, 0
0 16 54: 325, 22, 2
0 16 55: 1383, 10, 1
0 16 57: 325, 22, 3
0 16 58: 1250, 22, 0
0 16 60: 1250, 22, 1
0 16 62: 1250, 22, 0
0 17 1: 325, 22, 0
0 17 3: 325, 22, 1
0 17 6: 326, 22, 2
0 17 9: 325, 22, 0
0 17 15: 325, 22, 2
0 17 17: 325, 22, 1
0 17 21: 325, 22, 3
0 17 22: 326, 22, 2
0 17 23: 325, 22, 1
0 17 25: 325, 22, 2
0 17 31: 731, 10, 0
0 17 38: 325, 22, 1
0 17 39: 325, 22, 1
0 17 40: 325, 22, 2
0 17 42: 325, 22, 0
0 17 44: 324, 22, 3
0 17 45: 325, 22, 2
0 17 47: 325, 22, 1
0 17 48: 325, 22, 1
0 17 49: 325, 22, 3
0 17 51: 1250, 22, 1
0 17 59: 325, 22, 1
0 17 61: 325, 22, 0
0 17 62: 325, 22, 1
0 18 1: 1250, 22, 0
0 18 4: 325, 22, 1
0 18 7: 324, 22, 0
0 18 13: 324, 22, 2
0 18 14: 325, 22, 0
0 18 16: 325, 22, 0
0 18 18: 325, 22, 1
0 18 19: 326, 22, 1
0 18 30: 731, 10, 1
0 18 33: 731, 10, 1
0 18 35: 732, 10, 2
0 18 37: 732, 10, 1
0 18 41: 325, 22, 2
0 18 42: 325, 22, 0
0 18 43: 326, 22, 0
0 18 45: 325, 22, 1
0 18 46: 325, 22, 0
0 18 49: 324, 22, 0
0 18 53: 1250, 22, 3
0 18 58: 1383, 10, 2
0 18 60: 325, 22, 1
0 18 63: 325, 22, 0
0 19 0: 325, 22, 0
0 19 1: 1341, 10, 0
0 19 2: 1250, 22, 3
0 19 3: 325, 22, 0
0 19 6: 325, 22, 2
0 19 8: 325, 22, 3
0 19 10: 326, 22, 0
0 19 11: 325, 22, 3
0 19 13: 325, 22, 0
0 19 17: 326, 22, 3
0 19 27: 731, 10, 2
0 19 32: 732, 10, 0
0 19 42: 325, 22, 1
0 19 43: 325, 22, 0
0 19 44: 325, 22, 3
0 19 46: 326, 22, 3
0 19 47: 325, 22, 3
0 19 50: 325, 22, 0
0 19 53: 1383, 10, 1
0 19 56: 1250, 22, 2
0 19 59: 1250, 22, 1
0 19 61: 324, 22, 1
0 19 63: 325, 22, 0
0 20 1: 325, 22, 0
0 20 3: 325, 22, 1
0 20 4: 325, 22, 3
0 20 5: 324, 22, 3
0 20 6: 326, 22, 1
0 20 11: 325, 22, 0
0 20 12: 325, 22, 1
0 20 14: 325, 22, 1
0 20 15: 326, 22, 3
0 20 16: 325, 22, 3
0 20 23: 732, 10, 2
0 20 25: 731, 10, 3
0 20 35: 731, 10, 2
0 20 37: 731, 10, 3
0 20 39: 731, 10, 2
0 20 45: 325, 22, 2
0 20 47: 325, 22, 3
0 20 48: 325, 22, 2
0 20 49: 324, 22, 1
0 20 51: 325, 22, 0
0 20 53: 1250, 22, 0
0 20 55: 1249, 22, 1
0 20 56: 1286, 10, 1
0 21 1: 326, 22, 0
0 21 5: 325, 22, 2
0 21 7: 325, 22, 1
0 21 9: 325, 22, 1
0 21 10: 325, 22, 3
0 21 11: 325, 22, 0
0 21 12: 325, 22, 2
0 21 13: 325, 22, 3
0 21 22: 731, 10, 3
0 21 40: 732, 10, 3
0 21 46: 325, 22, 3
0 21 47: 325, 22, 2
0 21 48: 325, 22, 2
0 21 49: 325, 22, 3
0 21 50: 325, 22, 0
0 21 51: 325, 22, 1
0 21 55: 1250, 22, 3
0 21 58: 1250, 22, 2
0 21 60: 325, 22, 3
0 21 61: 325, 22, 3
0 21 62: 324, 22, 1
0 22 0: 325, 22, 0
0 22 2: 325, 22, 0
0 22 3: 1341, 10, 1
0 22 4: 1250, 22, 3
0 22 8: 326, 22, 3
0 22 10: 324, 22, 1
0 22 12: 325, 22, 1
0 22 13: 326, 22, 2
0 22 19: 732, 10, 2
0 22 21: 731, 10, 2
0 22 36: 732, 10, 1
0 22 38: 731, 10, 2
0 22 47: 325, 22, 3
0 22 48: 324, 22, 2
0 22 50: 326, 22, 2
0 22 51: 325, 22, 1
0 22 52: 325, 22, 3
0 22 55: 1383, 10, 0
0 22 57: 1250, 22, 1
0 22 60: 325, 22, 0
0 23 0: 325, 22, 2
0 23 1: 325, 22, 3
0 23 2: 1250, 22, 2
0 23 5: 324, 22, 0
0 23 6: 325, 22, 0
0 23 9: 325, 22, 2
0 23 11: 325, 22, 0
0 23 19: 731, 10, 1
0 23 26: 336, 22, 1
0 23 27: 336, 22, 2
0 23 28: 336, 22, 2
0 23 30: 336, 22, 3
0 23 40: 731, 10, 3
0 23 42: 732, 10, 2
0 23 46: 325, 22, 1
0 23 48: 325, 22, 0
0 23 49: 325, 22, 1
0 23 55: 1250, 22, 3
0 23 57: 1286, 10, 0
0 23 61: 324, 22, 2
0 23 63: 325, 22, 1
0 24 4: 325, 22, 1
0 24 6: 325, 22, 3
0 24 7: 326, 22, 0
0 24 8: 325, 22, 3
0 24 9: 326, 22, 0
0 24 10: 325, 22, 0
0 24 11: 326, 22, 1
0 24 16: 732, 10, 3
0 24 17: 731, 10, 2
0 24 24: 336, 22, 0
0 24 25: 336, 22, 0
0 24 26: 337, 22, 1
0 24 28: 335, 22, 2
0 24 29: 335, 22, 2
0 24 31: 336, 22, 0
0 24 37: 731, 10, 0
0 24 40: 731, 10, 1
0 24 42: 731, 10, 3
0 24 47: 325, 22, 1
0 24 48: 326, 22, 1
0 24 50: 325, 22, 1
0 24 51: 325, 22, 2
0 24 57: 1250, 22, 0
0 24 59: 1250, 22, 3
0 24 60: 325, 22, 3
0 24 62: 325, 22, 2
0 25 1: 1250, 22, 1
0 25 3: 325, 22, 1
0 25 9: 325, 22, 3
0 25 11: 325, 22, 3
0 25 16: 731, 10, 0
0 25 19: 731, 10, 1
0 25 23: 336, 22, 3
0 25 24: 337, 22, 2
0 25 25: 667, 10, 3
0 25 27: 335, 22, 1
0 25 30: 335, 22, 3
0 25 31: 336, 22, 1
0 25 33: 336, 22, 1
0 25 38: 731, 10, 1
0 25 41: 731, 10, 0
0 25 47: 325, 22, 0
0 25 50: 325, 22, 2
0 25 51: 324, 22, 2
0 25 52: 325, 22, 2
0 25 53: 325, 22, 2
0 25 54: 324, 22, 0
0 25 58: 1249, 22, 0
0 25 63: 326, 22, 2
0 26 0: 1341, 10, 1
0 26 2: 325, 22, 0
0 26 5: 324, 22, 2
0 26 6: 325, 22, 2
0 26 7: 325, 22, 0
0 26 9: 325, 22, 1
0 26 15: 731, 10, 3
0 26 22: 336, 22, 2
0 26 24: 335, 22, 0
0 26 25: 336, 22, 2
0 26 26: 336, 22, 0
0 26 27: 336, 22, 1
0 26 28: 336, 22, 3
0 26 29: 336, 22, 0
0 26 31: 336, 22, 2
0 26 32: 335, 22, 1
0 26 39: 731, 10, 0
0 26 40: 731, 10, 3
0 26 49: 324, 22, 3
0 26 55: 325, 22, 2
0 26 61: 1250, 22, 1
0 26 62: 325, 22, 3
0 27 0: 1250, 22, 3
0 27 3: 326, 22, 0
0 27 7: 325, 22, 0
0 27 9: 326, 22, 3
0 27 13: 732, 10, 1
0 27 14: 731, 10, 3
0 27 16: 732, 10, 0
0 27 21: 336, 22, 1
0 27 22: 336, 22, 0
0 27 23: 336, 22, 1
0 27 25: 336, 22, 0
0 27 26: 336, 22, 1
0 27 27: 336, 22, 2
0 27 28: 336, 22, 3
0 27 29: 336, 22, 3
0 27 30: 336, 22, 3
0 27 31: 664, 10, 2
0 27 33: 336, 22, 3
0 27 34: 336, 22, 0
0 27 37: 731, 10, 0
0 27 42: 731, 10, 1
0 27 48: 325, 22, 3
0 27 50: 325, 22, 3
0 27 52: 325, 22, 3
0 27 53: 325, 22, 3
0 27 54: 326, 22, 0
0 27 56: 325, 22, 1
0 27 57: 324, 22, 1
0 27 60: 1383, 10, 3
0 27 63: 325, 22, 0
0 28 1: 325, 22, 3
0 28 4: 325, 22, 1
0 28 5: 325, 22, 3
0 28 6: 325, 22, 2
0 28 8: 324, 22, 3
0 28 12: 731, 10, 0
0 28 14: 731, 10, 0
0 28 19: 336, 22, 0
0 28 20: 336, 22, 1
0 28 22: 337, 22, 3
0 28 23: 336, 22, 3
0 28 25: 337, 22, 0
0 28 28: 337, 22, 2
0 28 30: 336, 22, 2
0 28 31: 336, 22, 0
0 28 32: 336, 22, 1
0 28 33: 336, 22, 0
0 28 34: 337, 22, 2
0 28 39: 731, 10, 1
0 28 44: 732, 10, 0
0 28 49: 325, 22, 0
0 28 51: 325, 22, 0
0 28 52: 326, 22, 0
0 28 53: 325, 22, 0
0 28 55: 325, 22, 0
0 28 56: 325, 22, 1
0 28 58: 325, 22, 2
0 28 60: 325, 22, 3
0 28 62: 324, 22, 0
0 29 0: 325, 22, 1
0 29 1: 325, 22, 1
0 29 2: 325, 22, 2
0 29 3: 325, 22, 3
0 29 5: 326, 22, 1
0 29 8: 326, 22, 2
0 29 11: 732, 10, 2
0 29 15: 731, 10, 2
0 29 19: 336, 22, 3
0 29 20: 337, 22, 1
0 29 22: 336, 22, 1
0 29 24: 659, 10, 1
0 29 25: 336, 22, 2
0 29 26: 336, 22, 0
0 29 28: 336, 22, 1
0 29 29: 337, 22, 0
0 29 29: 666, 10, 0
0 29 31: 336, 22, 2
0 29 32: 335, 22, 2
0 29 33: 336, 22, 2
0 29 40: 731, 10, 1
0 29 43: 731, 10, 2
0 29 49: 325, 22, 2
0 29 51: 336, 22, 0
0 29 53: 325, 22, 1
0 29 54: 325, 22, 3
0 29 58: 326, 22, 3
0 30 3: 326, 22, 2
0 30 4: 325, 22, 0
0 30 5: 325, 22, 3
0 30 6: 325, 22, 2
0 30 13: 731, 10, 1
0 30 17: 336, 22, 2
0 30 18: 336, 22, 3
0 30 20: 336, 22, 2
0 30 21: 336, 22, 1
0 30 22: 336, 22, 1
0 30 23: 336, 22, 3
0 30 24: 336, 22, 2
0 30 25: 337, 22, 2
0 30 26: 336, 22, 0
0 30 28: 336, 22, 2
0 30 30: 336, 22, 1
0 30 31: 336, 22, 3
0 30 32: 659, 10, 0
0 30 33: 336, 22, 1
0 30 34: 337, 22, 3
0 30 36: 336, 22, 2
0 30 39: 732, 10, 3
0 30 42: 731, 10, 1
0 30 45: 731, 10, 3
0 30 51: 336, 22, 1
0 30 52: 325, 22, 3
0 30 54: 336, 22, 2
0 30 55: 336, 22, 3
0 30 56: 325, 22, 3
0 30 57: 325, 22, 2
0 30 60: 325, 22, 2
0 30 62: 325, 22, 2
0 30 63: 326, 22, 2
0 31 0: 325, 22, 0
0 31 2: 325, 22, 3
0 31 8: 325, 22, 2
0 31 17: 336, 22, 2
0 31 19: 335, 22, 1
0 31 20: 336, 22, 3
0 31 21: 336, 22, 2
0 31 22: 336, 22, 3
0 31 23: 337, 22, 3
0 31 24: 336, 22, 3
0 31 25: 336, 22, 3
0 31 26: 336, 22, 2
0 31 27: 336, 22, 3
0 31 28: 336, 22, 0
0 31 29: 337, 22, 3
0 31 30: 336, 22, 0
0 31 31: 337, 22, 3
0 31 32: 336, 22, 2
0 31 34: 336, 22, 1
0 31 35: 336, 22, 0
0 31 40: 731, 10, 3
0 31 47: 731, 10, 3
0 31 48: 732, 10, 1
0 31 50: 325, 22, 2
0 31 53: 336, 22, 3
0 31 55: 325, 22, 1
0 31 57: 326, 22, 3
0 31 58: 325, 22, 2
0 31 59: 325, 22, 3
0 31 60: 325, 22, 1
0 32 1: 326, 22, 1
0 32 2: 325, 22, 3
0 32 3: 324, 22, 0
0 32 5: 326, 22, 3
0 32 18: 336, 22, 1
0 32 19: 337, 22, 0
0 32 20: 336, 22, 1
0 32 22: 336, 22, 0
0 32 23: 453, 10, 1
0 32 24: 336, 22, 1
0 32 25: 336, 22, 0
0 32 26: 336, 22, 1
0 32 27: 452, 10, 2
0 32 28: 336, 22, 2
0 32 29: 336, 22, 2
0 32 30: 336, 22, 2
0 32 31: 336, 22, 3
0 32 32: 336, 22, 2
0 32 33: 336, 22, 1
0 32 34: 335, 22, 0
0 32 36: 337, 22, 0
0 32 46: 732, 10, 0
0 32 51: 337, 22, 3
0 32 52: 325, 22, 2
0 32 54: 325, 22, 1
0 32 56: 336, 22, 1
0 32 57: 325, 22, 1
0 32 59: 325, 22, 2
0 32 60: 324, 22, 2
0 32 62: 324, 22, 3
0 32 63: 325, 22, 3
0 33 1: 325, 22, 1
0 33 2: 325, 22, 2
0 33 4: 325, 22, 0
0 33 9: 731, 10, 3
0 33 17: 335, 22, 0
0 33 18: 336, 22, 0
0 33 19: 336, 22, 2
0 33 20: 336, 22, 3
0 33 21: 1690, 1, 1
0 33 22: 1689, 0, 2
0 33 23: 1690, 0, 2
0 33 24: 1689, 0, 2
0 33 25: 453, 10, 2
0 33 25: 1690, 0, 2
0 33 26: 1690, 0, 2
0 33 27: 452, 10, 3
0 33 27: 1690, 0, 2
0 33 28: 453, 10, 2
0 33 29: 336, 22, 2
0 33 30: 336, 22, 2
0 33 31: 337, 22, 0
0 33 32: 336, 22, 0
0 33 33: 336, 22, 1
0 33 34: 336, 22, 0
0 33 35: 336, 22, 2
0 33 36: 336, 22, 0
0 33 37: 336, 22, 3
0 33 52: 325, 22, 1
0 33 53: 335, 22, 0
0 33 54: 325, 22, 0
0 33 56: 325, 22, 0
0 33 57: 325, 22, 1
0 33 58: 336, 22, 2
0 33 59: 325, 22, 2
0 33 61: 325, 22, 0
0 34 1: 325, 22, 2
0 34 2: 325, 22, 2
0 34 3: 325, 22, 3
0 34 5: 325, 22, 3
0 34 15: 336, 22, 2
0 34 16: 337, 22, 2
0 34 17: 336, 22, 2
0 34 18: 336, 22, 2
0 34 19: 336, 22, 1
0 34 20: 453, 10, 0
0 34 20: 1690, 1, 1
0 34 21: 1690, 9, 1
0 34 22: 336, 22, 3
0 34 23: 702, 10, 0
0 34 24: 336, 22, 2
0 34 25: 336, 22, 0
0 34 26: 336, 22, 0
0 34 27: 337, 22, 2
0 34 28: 1689, 9, 2
0 34 29: 453, 10, 0
0 34 29: 1690, 1, 2
0 34 30: 336, 22, 0
0 34 30: 1690, 3, 2
0 34 31: 1690, 3, 1
0 34 32: 336, 22, 1
0 34 33: 336, 22, 3
0 34 34: 337, 22, 1
0 34 35: 336, 22, 1
0 34 36: 1384, 10, 0
0 34 37: 336, 22, 2
0 34 38: 336, 22, 0
0 34 41: 336, 22, 2
0 34 42: 336, 22, 2
0 34 43: 336, 22, 1
0 34 44: 336, 22, 0
0 34 49: 336, 22, 0
0 34 50: 336, 22, 0
0 34 51: 336, 22, 3
0 34 54: 325, 22, 3
0 34 55: 336, 22, 3
0 34 57: 325, 22, 1
0 34 59: 325, 22, 1
0 34 63: 1250, 22, 3
0 35 2: 325, 22, 3
0 35 3: 325, 22, 0
0 35 8: 732, 10, 3
0 35 9: 731, 10, 2
0 35 15: 336, 22, 3
0 35 16: 336, 22, 3
0 35 17: 336, 22, 3
0 35 18: 336, 22, 0
0 35 19: 1690, 1, 1
0 35 20: 1689, 9, 1
0 35 21: 336, 22, 1
0 35 22: 336, 22, 2
0 35 23: 336, 22, 0
0 35 24: 336, 22, 1
0 35 25: 337, 22, 1
0 35 26: 336, 22, 2
0 35 27: 336, 22, 1
0 35 28: 336, 22, 3
0 35 29: 1690, 9, 2
0 35 30: 1690, 1, 2
0 35 31: 336, 22, 1
0 35 32: 1690, 3, 2
0 35 33: 336, 22, 1
0 35 34: 336, 22, 1
0 35 35: 335, 22, 1
0 35 36: 336, 22, 0
0 35 37: 336, 22, 1
0 35 38: 335, 22, 2
0 35 39: 336, 22, 3
0 35 40: 336, 22, 0
0 35 41: 336, 22, 2
0 35 42: 336, 22, 1
0 35 43: 336, 22, 3
0 35 44: 337, 22, 0
0 35 46: 335, 22, 0
0 35 47: 336, 22, 2
0 35 48: 337, 22, 2
0 35 49: 336, 22, 3
0 35 50: 335, 22, 3
0 35 52: 336, 22, 2
0 35 53: 325, 22, 3
0 35 55: 336, 22, 0
0 35 56: 325, 22, 1
0 35 59: 325, 22, 0
0 35 61: 325, 22, 1
0 35 62: 1341, 10, 0
0 36 1: 324, 22, 3
0 36 3: 325, 22, 0
0 36 4: 326, 22, 0
0 36 6: 325, 22, 2
0 36 9: 731, 10, 2
0 36 15: 336, 22, 0
0 36 16: 335, 22, 3
0 36 17: 336, 22, 1
0 36 18: 336, 22, 1
0 36 18: 1688, 1, 1
0 36 19: 1690, 9, 1
0 36 20: 336, 22, 0
0 36 21: 337, 22, 0
0 36 22: 1869, 10, 0
0 36 23: 335, 22, 1
0 36 24: 1869, 10, 0
0 36 26: 335, 22, 2
0 36 27: 1869, 10, 3
0 36 28: 336, 22, 0
0 36 29: 337, 22, 1
0 36 30: 1690, 9, 2
0 36 31: 453, 10, 1
0 36 31: 1690, 1, 2
0 36 32: 336, 22, 2
0 36 33: 336, 22, 2
0 36 34: 336, 22, 0
0 36 35: 336, 22, 3
0 36 36: 336, 22, 2
0 36 37: 336, 22, 3
0 36 38: 336, 22, 2
0 36 39: 336, 22, 3
0 36 40: 335, 22, 3
0 36 41: 336, 22, 3
0 36 42: 335, 22, 2
0 36 43: 336, 22, 0
0 36 44: 336, 22, 0
0 36 45: 336, 22, 3
0 36 46: 336, 22, 2
0 36 47: 336, 22, 1
0 36 48: 336, 22, 0
0 36 49: 336, 22, 2
0 36 50: 336, 22, 1
0 36 51: 335, 22, 1
0 36 53: 336, 22, 1
0 36 54: 325, 22, 1
0 36 55: 325, 22, 2
0 36 57: 325, 22, 3
0 36 58: 336, 22, 0
0 36 60: 325, 22, 2
0 36 62: 1250, 22, 2
0 37 0: 325, 22, 1
0 37 1: 325, 22, 2
0 37 3: 325, 22, 1
0 37 5: 325, 22, 1
0 37 11: 731, 10, 2
0 37 15: 337, 22, 1
0 37 16: 336, 22, 0
0 37 17: 336, 22, 2
0 37 18: 1689, 0, 1
0 37 19: 336, 22, 3
0 37 20: 337, 22, 3
0 37 21: 337, 22, 2
0 37 22: 336, 22, 0
0 37 23: 336, 22, 1
0 37 24: 653, 22, 1
0 37 25: 1869, 10, 3
0 37 26: 336, 22, 3
0 37 27: 336, 22, 2
0 37 28: 1886, 10, 2
0 37 29: 335, 22, 3
0 37 30: 336, 22, 1
0 37 31: 1690, 0, 3
0 37 32: 336, 22, 0
0 37 33: 336, 22, 3
0 37 34: 336, 22, 3
0 37 35: 335, 22, 3
0 37 36: 336, 22, 1
0 37 37: 337, 22, 1
0 37 38: 337, 22, 1
0 37 39: 336, 22, 0
0 37 40: 336, 22, 3
0 37 41: 336, 22, 0
0 37 42: 336, 22, 2
0 37 43: 336, 22, 1
0 37 44: 336, 22, 2
0 37 45: 336, 22, 3
0 37 46: 337, 22, 1
0 37 47: 336, 22, 3
0 37 48: 1384, 10, 1
0 37 49: 336, 22, 1
0 37 50: 336, 22, 2
0 37 52: 325, 22, 2
0 37 54: 336, 22, 1
0 37 56: 325, 22, 0
0 37 61: 325, 22, 3
0 37 63: 325, 22, 0
0 38 0: 325, 22, 3
0 38 2: 325, 22, 0
0 38 5: 325, 22, 3
0 38 7: 325, 22, 2
0 38 9: 732, 10, 0
0 38 14: 336, 22, 1
0 38 15: 336, 22, 3
0 38 16: 337, 22, 1
0 38 17: 336, 22, 1
0 38 18: 453, 10, 3
0 38 18: 1690, 0, 1
0 38 19: 335, 22, 1
0 38 20: 336, 22, 0
0 38 21: 1869, 10, 3
0 38 22: 336, 22, 1
0 38 23: 1869, 10, 3
0 38 24: 653, 22, 0
0 38 25: 653, 22, 0
0 38 25: 661, 10, 3
0 38 26: 1629, 22, 1
0 38 27: 335, 22, 3
0 38 28: 336, 22, 0
0 38 29: 336, 22, 2
0 38 30: 915, 10, 1
0 38 31: 1690, 9, 2
0 38 32: 452, 10, 2
0 38 32: 1690, 0, 2
0 38 33: 1630, 22, 0
0 38 34: 336, 22, 0
0 38 35: 336, 22, 1
0 38 36: 337, 22, 0
0 38 37: 336, 22, 0
0 38 38: 336, 22, 1
0 38 39: 336, 22, 2
0 38 40: 337, 22, 2
0 38 41: 336, 22, 2
0 38 42: 336, 22, 3
0 38 42: 1384, 10, 3
0 38 43: 336, 22, 0
0 38 44: 336, 22, 2
0 38 45: 336, 22, 2
0 38 46: 336, 22, 1
0 38 47: 336, 22, 0
0 38 48: 336, 22, 2
0 38 49: 336, 22, 3
0 38 50: 336, 22, 3
0 38 52: 336, 22, 2
0 38 53: 337, 22, 0
0 38 55: 336, 22, 0
0 38 57: 326, 22, 1
0 38 58: 325, 22, 0
0 38 59: 324, 22, 2
0 38 61: 325, 22, 2
0 39 3: 326, 22, 3
0 39 6: 324, 22, 2
0 39 7: 325, 22, 1
0 39 10: 731, 10, 1
0 39 15: 336, 22, 2
0 39 16: 336, 22, 2
0 39 17: 336, 22, 0
0 39 18: 336, 22, 3
0 39 18: 1690, 0, 1
0 39 19: 336, 22, 1
0 39 20: 336, 22, 2
0 39 21: 335, 22, 0
0 39 23: 654, 22, 2
0 39 24: 61, 10, 0
0 39 25: 1629, 22, 2
0 39 26: 652, 22, 2
0 39 27: 1629, 22, 0
0 39 28: 336, 22, 1
0 39 29: 337, 22, 0
0 39 30: 336, 22, 2
0 39 30: 1690, 3, 0
0 39 31: 336, 22, 0
0 39 32: 336, 22, 3
0 39 33: 336, 22, 3
0 39 34: 1630, 22, 3
0 39 35: 336, 22, 2
0 39 36: 336, 22, 3
0 39 37: 336, 22, 2
0 39 38: 1384, 10, 3
0 39 39: 336, 22, 0
0 39 40: 335, 22, 1
0 39 41: 336, 22, 1
0 39 42: 336, 22, 0
0 39 43: 336, 22, 3
0 39 44: 336, 22, 1
0 39 48: 336, 22, 1
0 39 49: 336, 22, 0
0 39 50: 337, 22, 1
0 39 52: 325, 22, 1
0 39 53: 325, 22, 2
0 39 55: 325, 22, 3
0 39 58: 325, 22, 0
0 39 61: 324, 22, 2
0 39 62: 326, 22, 0
0 40 0: 325, 22, 3
0 40 1: 326, 22, 0
0 40 2: 325, 22, 3
0 40 4: 325, 22, 1
0 40 5: 325, 22, 0
0 40 6: 325, 22, 1
0 40 11: 731, 10, 3
0 40 15: 336, 22, 2
0 40 16: 336, 22, 0
0 40 17: 337, 22, 3
0 40 18: 336, 22, 2
0 40 18: 1690, 0, 1
0 40 19: 337, 22, 3
0 40 20: 336, 22, 0
0 40 21: 336, 22, 2
0 40 22: 653, 22, 0
0 40 23: 654, 22, 0
0 40 25: 654, 22, 1
0 40 26: 336, 22, 0
0 40 27: 336, 22, 1
0 40 28: 337, 22, 3
0 40 29: 336, 22, 2
0 40 30: 336, 22, 1
0 40 30: 1690, 3, 1
0 40 31: 335, 22, 1
0 40 32: 336, 22, 1
0 40 33: 336, 22, 0
0 40 34: 336, 22, 1
0 40 35: 337, 22, 3
0 40 36: 336, 22, 3
0 40 37: 335, 22, 0
0 40 38: 336, 22, 3
0 40 39: 336, 22, 3
0 40 40: 336, 22, 3
0 40 42: 337, 22, 3
0 40 46: 732, 10, 3
0 40 53: 336, 22, 0
0 40 54: 325, 22, 0
0 40 55: 336, 22, 0
0 40 56: 336, 22, 2
0 40 57: 325, 22, 3
0 40 59: 325, 22, 3
0 40 61: 325, 22, 0
0 40 63: 325, 22, 1
0 41 1: 325, 22, 0
0 41 7: 325, 22, 0
0 41 11: 731, 10, 0
0 41 12: 732, 10, 2
0 41 14: 336, 22, 1
0 41 16: 336, 22, 0
0 41 17: 336, 22, 3
0 41 18: 336, 22, 0
0 41 18: 1690, 0, 1
0 41 19: 335, 22, 2
0 41 20: 335, 22, 3
0 41 21: 1869, 10, 3
0 41 22: 336, 22, 3
0 41 22: 661, 10, 2
0 41 23: 652, 22, 3
0 41 24: 654, 22, 3
0 41 25: 336, 22, 3
0 41 26: 653, 22, 2
0 41 27: 335, 22, 0
0 41 28: 336, 22, 3
0 41 28: 660, 10, 1
0 41 29: 337, 22, 0
0 41 30: 915, 10, 3
0 41 31: 1690, 9, 3
0 41 32: 1690, 0, 0
0 41 33: 1629, 22, 0
0 41 34: 336, 22, 2
0 41 35: 336, 22, 0
0 41 36: 335, 22, 1
0 41 37: 336, 22, 1
0 41 38: 336, 22, 2
0 41 39: 335, 22, 2
0 41 45: 731, 10, 1
0 41 47: 731, 10, 0
0 41 51: 336, 22, 3
0 41 53: 325, 22, 0
0 41 54: 325, 22, 0
0 41 55: 325, 22, 1
0 41 57: 325, 22, 2
0 41 58: 326, 22, 2
0 41 60: 324, 22, 0
0 41 61: 325, 22, 1
0 42 1: 325, 22, 1
0 42 2: 324, 22, 1
0 42 3: 325, 22, 0
0 42 5: 325, 22, 2
0 42 6: 326, 22, 3
0 42 10: 731, 10, 3
0 42 12: 732, 10, 3
0 42 15: 335, 22, 2
0 42 16: 337, 22, 0
0 42 17: 336, 22, 2
0 42 18: 453, 10, 2
0 42 18: 1689, 0, 1
0 42 19: 336, 22, 2
0 42 20: 336, 22, 3
0 42 21: 336, 22, 0
0 42 22: 1869, 10, 3
0 42 23: 336, 22, 2
0 42 24: 336, 22, 2
0 42 25: 336, 22, 0
0 42 26: 1630, 22, 0
0 42 28: 337, 22, 3
0 42 29: 826, 22, 2
0 42 29: 1886, 10, 0
0 42 30: 336, 22, 0
0 42 31: 453, 10, 2
0 42 31: 1690, 0, 3
0 42 32: 1630, 22, 0
0 42 33: 851, 10, 2
0 42 34: 337, 22, 2
0 42 35: 336, 22, 0
0 42 36: 336, 22, 1
0 42 37: 1630, 22, 0
0 42 38: 337, 22, 1
0 42 39: 336, 22, 2
0 42 48: 731, 10, 0
0 42 52: 335, 22, 0
0 42 54: 336, 22, 1
0 42 56: 325, 22, 1
0 42 61: 325, 22, 0
0 42 63: 325, 22, 1
0 43 0: 325, 22, 2
0 43 15: 336, 22, 0
0 43 17: 336, 22, 0
0 43 18: 453, 10, 0
0 43 18: 1688, 1, 0
0 43 19: 1689, 9, 0
0 43 20: 335, 22, 0
0 43 21: 336, 22, 1
0 43 22: 1869, 10, 3
0 43 23: 336, 22, 1
0 43 24: 1869, 10, 3
0 43 25: 336, 22, 2
0 43 26: 336, 22, 1
0 43 27: 1886, 10, 1
0 43 28: 336, 22, 2
0 43 29: 336, 22, 1
0 43 30: 1689, 9, 3
0 43 31: 336, 22, 2
0 43 31: 1688, 1, 3
0 43 32: 336, 22, 1
0 43 33: 335, 22, 2
0 43 34: 336, 22, 3
0 43 35: 337, 22, 0
0 43 36: 335, 22, 1
0 43 37: 336, 22, 0
0 43 38: 336, 22, 3
0 43 42: 731, 10, 3
0 43 44: 731, 10, 1
0 43 47: 732, 10, 2
0 43 51: 336, 22, 0
0 43 52: 336, 22, 1
0 43 53: 325, 22, 3
0 43 54: 325, 22, 2
0 43 55: 325, 22, 1
0 43 56: 336, 22, 3
0 43 58: 324, 22, 1
0 43 59: 325, 22, 0
0 43 60: 325, 22, 0
0 43 62: 324, 22, 0
0 44 1: 325, 22, 3
0 44 3: 326, 22, 2
0 44 4: 325, 22, 2
0 44 6: 325, 22, 3
0 44 10: 731, 10, 0
0 44 16: 337, 22, 3
0 44 17: 336, 22, 1
0 44 18: 336, 22, 1
0 44 19: 336, 22, 0
0 44 19: 1690, 1, 0
0 44 20: 1690, 9, 0
0 44 21: 337, 22, 0
0 44 22: 336, 22, 2
0 44 23: 336, 22, 0
0 44 24: 335, 22, 3
0 44 25: 336, 22, 0
0 44 26: 337, 22, 2
0 44 27: 336, 22, 0
0 44 28: 336, 22, 3
0 44 29: 1690, 9, 3
0 44 30: 336, 22, 3
0 44 30: 1688, 1, 3
0 44 31: 452, 10, 1
0 44 32: 336, 22, 0
0 44 33: 336, 22, 3
0 44 34: 336, 22, 1
0 44 35: 336, 22, 2
0 44 37: 335, 22, 3
0 44 43: 731, 10, 3
0 44 51: 325, 22, 2
0 44 52: 325, 22, 2
0 44 54: 336, 22, 2
0 44 55: 325, 22, 1
0 44 61: 1250, 22, 1
0 44 63: 325, 22, 1
0 45 2: 325, 22, 0
0 45 3: 325, 22, 1
0 45 4: 325, 22, 2
0 45 9: 731, 10, 2
0 45 13: 336, 22, 3
0 45 14: 337, 22, 2
0 45 17: 453, 10, 1
0 45 18: 336, 22, 2
0 45 19: 336, 22, 2
0 45 20: 336, 22, 3
0 45 20: 1690, 1, 0
0 45 21: 1690, 9, 0
0 45 23: 336, 22, 3
0 45 24: 337, 22, 1
0 45 25: 336, 22, 1
0 45 26: 335, 22, 2
0 45 26: 1690, 3, 0
0 45 28: 1689, 9, 3
0 45 29: 452, 10, 0
0 45 29: 1688, 1, 3
0 45 30: 336, 22, 0
0 45 31: 337, 22, 1
0 45 32: 335, 22, 3
0 45 33: 336, 22, 0
0 45 36: 337, 22, 3
0 45 41: 731, 10, 2
0 45 42: 731, 10, 2
0 45 44: 732, 10, 1
0 45 49: 325, 22, 3
0 45 51: 336, 22, 2
0 45 54: 325, 22, 3
0 45 56: 325, 22, 0
0 45 58: 326, 22, 3
0 45 59: 325, 22, 2
0 45 61: 1383, 10, 2
0 45 62: 325, 22, 3
0 45 63: 1250, 22, 2
0 46 1: 324, 22, 2
0 46 3: 324, 22, 3
0 46 4: 325, 22, 1
0 46 7: 732, 10, 0
0 46 13: 336, 22, 2
0 46 14: 335, 22, 1
0 46 15: 335, 22, 1
0 46 18: 336, 22, 3
0 46 19: 336, 22, 3
0 46 20: 336, 22, 0
0 46 21: 336, 22, 1
0 46 21: 1690, 1, 0
0 46 22: 336, 22, 2
0 46 22: 1690, 0, 0
0 46 23: 453, 10, 2
0 46 23: 1689, 0, 0
0 46 24: 452, 10, 2
0 46 24: 1690, 0, 0
0 46 25: 336, 22, 2
0 46 25: 1690, 0, 0
0 46 26: 336, 22, 2
0 46 26: 1689, 0, 0
0 46 27: 336, 22, 3
0 46 27: 1689, 0, 0
0 46 28: 336, 22, 1
0 46 28: 1688, 1, 3
0 46 29: 453, 10, 1
0 46 30: 336, 22, 1
0 46 31: 336, 22, 2
0 46 32: 336, 22, 3
0 46 40: 732, 10, 2
0 46 47: 325, 22, 2
0 46 50: 337, 22, 2
0 46 52: 325, 22, 2
0 46 53: 325, 22, 3
0 46 54: 336, 22, 3
0 46 55: 336, 22, 1
0 46 57: 325, 22, 3
0 46 60: 325, 22, 2
0 46 61: 325, 22, 2
0 46 62: 325, 22, 2
0 46 63: 1286, 10, 3
0 47 0: 325, 22, 1
0 47 1: 325, 22, 1
0 47 3: 325, 22, 2
0 47 8: 731, 10, 3
0 47 13: 336, 22, 1
0 47 16: 336, 22, 2
0 47 17: 336, 22, 0
0 47 18: 337, 22, 0
0 47 19: 336, 22, 2
0 47 21: 336, 22, 1
0 47 22: 336, 22, 3
0 47 23: 336, 22, 1
0 47 24: 453, 10, 1
0 47 25: 336, 22, 3
0 47 26: 453, 10, 3
0 47 27: 336, 22, 1
0 47 28: 336, 22, 0
0 47 29: 336, 22, 0
0 47 30: 337, 22, 2
0 47 32: 336, 22, 1
0 47 34: 731, 10, 0
0 47 40: 731, 10, 3
0 47 46: 325, 22, 1
0 47 47: 326, 22, 3
0 47 48: 335, 22, 0
0 47 51: 325, 22, 0
0 47 53: 337, 22, 1
0 47 56: 325, 22, 2
0 47 57: 325, 22, 2
0 47 59: 325, 22, 2
0 47 60: 1249, 22, 3
0 47 61: 1250, 22, 0
0 47 62: 1250, 22, 2
0 47 63: 325, 22, 1
0 48 2: 326, 22, 1
0 48 7: 731, 10, 2
0 48 14: 336, 22, 1
0 48 15: 335, 22, 0
0 48 16: 335, 22, 0
0 48 18: 336, 22, 1
0 48 19: 336, 22, 0
0 48 20: 335, 22, 3
0 48 21: 336, 22, 2
0 48 22: 452, 10, 3
0 48 23: 337, 22, 2
0 48 24: 336, 22, 0
0 48 25: 336, 22, 0
0 48 26: 453, 10, 0
0 48 27: 337, 22, 0
0 48 28: 336, 22, 2
0 48 30: 336, 22, 2
0 48 33: 732, 10, 3
0 48 45: 325, 22, 0
0 48 48: 335, 22, 1
0 48 50: 325, 22, 1
0 48 52: 335, 22, 2
0 48 55: 337, 22, 0
0 48 57: 1250, 22, 3
0 48 60: 1297, 10, 3
0 49 0: 325, 22, 0
0 49 2: 325, 22, 0
0 49 5: 731, 10, 0
0 49 8: 731, 10, 1
0 49 15: 336, 22, 0
0 49 16: 336, 22, 3
0 49 19: 336, 22, 0
0 49 20: 336, 22, 1
0 49 21: 336, 22, 3
0 49 22: 336, 22, 0
0 49 23: 336, 22, 2
0 49 24: 335, 22, 1
0 49 26: 336, 22, 3
0 49 28: 335, 22, 1
0 49 29: 337, 22, 3
0 49 35: 731, 10, 1
0 49 36: 731, 10, 0
0 49 39: 731, 10, 1
0 49 40: 731, 10, 0
0 49 46: 337, 22, 3
0 49 48: 335, 22, 1
0 49 50: 336, 22, 0
0 49 53: 335, 22, 2
0 49 55: 325, 22, 0
0 49 56: 1383, 10, 3
0 49 59: 325, 22, 1
0 49 63: 1250, 22, 3
0 50 1: 326, 22, 1
0 50 2: 325, 22, 3
0 50 3: 325, 22, 3
0 50 6: 731, 10, 1
0 50 9: 731, 10, 1
0 50 11: 731, 10, 3
0 50 25: 337, 22, 1
0 50 27: 336, 22, 1
0 50 28: 335, 22, 2
0 50 29: 336, 22, 1
0 50 32: 731, 10, 2
0 50 38: 731, 10, 3
0 50 40: 732, 10, 1
0 50 43: 325, 22, 3
0 50 44: 335, 22, 2
0 50 47: 337, 22, 0
0 50 49: 325, 22, 0
0 50 51: 1384, 10, 2
0 50 52: 325, 22, 1
0 50 53: 325, 22, 1
0 50 54: 336, 22, 2
0 50 56: 1250, 22, 2
0 50 57: 1250, 22, 0
0 50 58: 1383, 10, 1
0 50 60: 1250, 22, 0
0 50 62: 1250, 22, 3
0 50 63: 325, 22, 0
0 51 1: 325, 22, 2
0 51 2: 325, 22, 2
0 51 3: 325, 22, 2
0 51 13: 732, 10, 0
0 51 19: 732, 10, 1
0 51 24: 336, 22, 2
0 51 26: 335, 22, 0
0 51 28: 336, 22, 0
0 51 29: 336, 22, 0
0 51 33: 731, 10, 2
0 51 35: 732, 10, 0
0 51 42: 325, 22, 3
0 51 45: 325, 22, 2
0 51 47: 1384, 10, 3
0 51 49: 326, 22, 3
0 51 51: 325, 22, 2
0 51 53: 325, 22, 2
0 51 54: 325, 22, 2
0 51 59: 1250, 22, 3
0 51 61: 1250, 22, 0
0 51 63: 1250, 22, 0
0 52 1: 325, 22, 1
0 52 2: 324, 22, 2
0 52 7: 732, 10, 0
0 52 8: 732, 10, 0
0 52 10: 731, 10, 0
0 52 16: 731, 10, 3
0 52 18: 731, 10, 1
0 52 20: 731, 10, 1
0 52 25: 336, 22, 1
0 52 26: 336, 22, 2
0 52 27: 336, 22, 3
0 52 28: 336, 22, 0
0 52 41: 325, 22, 3
0 52 43: 335, 22, 3
0 52 46: 336, 22, 2
0 52 47: 336, 22, 3
0 52 48: 325, 22, 3
0 52 50: 325, 22, 1
0 52 51: 325, 22, 3
0 52 52: 335, 22, 1
0 52 54: 325, 22, 1
0 52 55: 325, 22, 3
0 52 57: 1383, 10, 2
0 52 59: 1286, 10, 2
0 52 60: 1383, 10, 3
0 52 62: 1250, 22, 0
0 52 63: 325, 22, 2
0 53 3: 325, 22, 3
0 53 4: 325, 22, 0
0 53 12: 732, 10, 3
0 53 21: 731, 10, 2
0 53 26: 336, 22, 2
0 53 27: 336, 22, 2
0 53 32: 732, 10, 2
0 53 40: 325, 22, 1
0 53 42: 336, 22, 0
0 53 44: 325, 22, 0
0 53 45: 336, 22, 2
0 53 48: 325, 22, 2
0 53 49: 337, 22, 1
0 53 50: 325, 22, 0
0 53 52: 336, 22, 3
0 53 53: 337, 22, 3
0 53 56: 1250, 22, 3
0 53 57: 1250, 22, 3
0 53 59: 1250, 22, 0
0 53 62: 1286, 10, 0
0 53 63: 325, 22, 3
0 54 1: 325, 22, 2
0 54 3: 326, 22, 0
0 54 5: 324, 22, 1
0 54 6: 325, 22, 1
0 54 9: 732, 10, 0
0 54 11: 731, 10, 2
0 54 20: 732, 10, 1
0 54 31: 731, 10, 0
0 54 38: 336, 22, 2
0 54 39: 325, 22, 1
0 54 41: 335, 22, 0
0 54 43: 325, 22, 0
0 54 46: 325, 22, 2
0 54 47: 1384, 10, 0
0 54 49: 335, 22, 0
0 54 54: 325, 22, 2
0 54 55: 1250, 22, 2
0 54 58: 1250, 22, 0
0 54 59: 325, 22, 3
0 54 60: 1250, 22, 1
0 54 61: 1249, 22, 2
0 54 62: 1250, 22, 2
0 54 63: 325, 22, 0
0 55 0: 325, 22, 2
0 55 1: 324, 22, 2
0 55 3: 324, 22, 0
0 55 15: 325, 22, 3
0 55 22: 731, 10, 0
0 55 23: 732, 10, 3
0 55 30: 731, 10, 1
0 55 36: 326, 22, 0
0 55 40: 337, 22, 3
0 55 42: 325, 22, 0
0 55 43: 336, 22, 0
0 55 44: 1384, 10, 2
0 55 46: 325, 22, 1
0 55 48: 337, 22, 2
0 55 50: 325, 22, 1
0 55 51: 336, 22, 0
0 55 52: 325, 22, 2
0 55 53: 336, 22, 3
0 55 55: 1383, 10, 1
0 55 57: 1383, 10, 1
0 55 58: 1286, 10, 1
0 55 59: 325, 22, 2
0 55 60: 325, 22, 2
0 55 61: 1282, 10, 2
0 55 63: 1250, 22, 1
0 56 0: 325, 22, 1
0 56 2: 325, 22, 0
0 56 3: 325, 22, 3
0 56 5: 325, 22, 1
0 56 6: 325, 22, 2
0 56 8: 325, 22, 2
0 56 14: 325, 22, 3
0 56 15: 325, 22, 0
0 56 17: 325, 22, 0
0 56 29: 731, 10, 1
0 56 32: 732, 10, 2
0 56 38: 326, 22, 1
0 56 39: 325, 22, 0
0 56 40: 336, 22, 1
0 56 41: 335, 22, 1
0 56 43: 325, 22, 3
0 56 45: 336, 22, 3
0 56 49: 336, 22, 3
0 56 52: 325, 22, 3
0 56 54: 1250, 22, 1
0 56 56: 325, 22, 1
0 56 57: 1250, 22, 1
0 56 59: 1250, 22, 0
0 56 60: 1249, 22, 1
0 57 1: 325, 22, 3
0 57 5: 326, 22, 3
0 57 7: 326, 22, 0
0 57 10: 325, 22, 2
0 57 12: 325, 22, 2
0 57 14: 324, 22, 1
0 57 16: 324, 22, 0
0 57 17: 325, 22, 1
0 57 22: 731, 10, 3
0 57 25: 731, 10, 3
0 57 31: 731, 10, 3
0 57 42: 325, 22, 1
0 57 43: 336, 22, 2
0 57 45: 325, 22, 0
0 57 46: 325, 22, 0
0 57 47: 335, 22, 3
0 57 48: 325, 22, 3
0 57 50: 325, 22, 0
0 57 51: 326, 22, 2
0 57 52: 325, 22, 0
0 57 53: 1250, 22, 0
0 57 56: 325, 22, 3
0 57 58: 1286, 10, 1
0 57 60: 1383, 10, 1
0 57 63: 325, 22, 1
0 58 0: 325, 22, 2
0 58 1: 1250, 22, 2
0 58 2: 325, 22, 0
0 58 3: 325, 22, 3
0 58 4: 325, 22, 2
0 58 6: 325, 22, 0
0 58 7: 325, 22, 0
0 58 8: 325, 22, 0
0 58 10: 324, 22, 0
0 58 12: 325, 22, 1
0 58 13: 325, 22, 2
0 58 14: 325, 22, 3
0 58 18: 325, 22, 1
0 58 22: 732, 10, 2
0 58 23: 731, 10, 2
0 58 27: 732, 10, 0
0 58 32: 732, 10, 1
0 58 34: 731, 10, 0
0 58 40: 326, 22, 2
0 58 42: 325, 22, 2
0 58 44: 335, 22, 2
0 58 46: 336, 22, 1
0 58 48: 325, 22, 0
0 58 49: 336, 22, 0
0 58 50: 337, 22, 2
0 58 51: 325, 22, 1
0 58 52: 1383, 10, 0
0 58 55: 1383, 10, 2
0 58 56: 1250, 22, 0
0 58 57: 325, 22, 3
0 58 58: 1250, 22, 1
0 58 61: 1286, 10, 1
0 58 62: 1250, 22, 1
0 58 63: 1383, 10, 1
0 59 4: 324, 22, 1
0 59 5: 325, 22, 2
0 59 8: 325, 22, 1
0 59 9: 325, 22, 2
0 59 12: 325, 22, 1
0 59 13: 326, 22, 3
0 59 15: 325, 22, 3
0 59 16: 325, 22, 1
0 59 18: 325, 22, 2
0 59 26: 731, 10, 1
0 59 34: 731, 10, 1
0 59 36: 732, 10, 0
0 59 42: 325, 22, 2
0 59 44: 325, 22, 0
0 59 45: 325, 22, 3
0 59 47: 325, 22, 1
0 59 48: 325, 22, 1
0 59 50: 325, 22, 2
0 59 52: 1250, 22, 2
0 59 53: 1250, 22, 0
0 59 55: 1250, 22, 2
0 59 57: 1383, 10, 2
0 59 59: 1249, 22, 2
0 59 60: 1250, 22, 2
0 59 62: 325, 22, 1
0 59 63: 325, 22, 3
0 60 1: 325, 22, 2
0 60 2: 1250, 22, 2
0 60 4: 325, 22, 0
0 60 7: 325, 22, 0
0 60 8: 325, 22, 1
0 60 9: 326, 22, 2
0 60 10: 325, 22, 2
0 60 11: 325, 22, 2
0 60 13: 325, 22, 0
0 60 16: 325, 22, 0
0 60 19: 325, 22, 1
0 60 25: 732, 10, 1
0 60 29: 325, 22, 2
0 60 30: 325, 22, 3
0 60 36: 731, 10, 2
0 60 38: 732, 10, 3
0 60 43: 325, 22, 3
0 60 44: 325, 22, 1
0 60 46: 325, 22, 2
0 60 47: 325, 22, 2
0 60 49: 326, 22, 1
0 60 51: 325, 22, 1
0 60 53: 1250, 22, 3
0 60 54: 325, 22, 1
0 60 55: 1383, 10, 0
0 60 56: 1250, 22, 2
0 60 58: 1282, 10, 1
0 60 60: 1250, 22, 3
0 60 61: 1250, 22, 0
0 60 62: 1249, 22, 0
0 60 63: 1250, 22, 1
0 61 0: 325, 22, 2
0 61 2: 325, 22, 2
0 61 5: 325, 22, 1
0 61 8: 325, 22, 3
0 61 14: 324, 22, 2
0 61 17: 325, 22, 0
0 61 18: 325, 22, 2
0 61 19: 326, 22, 0
0 61 28: 325, 22, 1
0 61 30: 324, 22, 2
0 61 31: 325, 22, 0
0 61 38: 731, 10, 3
0 61 44: 326, 22, 3
0 61 46: 324, 22, 1
0 61 48: 325, 22, 3
0 61 52: 1286, 10, 3
0 61 53: 1383, 10, 3
0 61 55: 1286, 10, 2
0 61 57: 1250, 22, 2
0 61 60: 1286, 10, 0
0 61 62: 1282, 10, 3
0 62 0: 326, 22, 2
0 62 1: 325, 22, 1
0 62 2: 324, 22, 3
0 62 5: 325, 22, 2
0 62 6: 325, 22, 1
0 62 7: 326, 22, 1
0 62 10: 325, 22, 0
0 62 12: 325, 22, 3
0 62 13: 325, 22, 0
0 62 17: 324, 22, 0
0 62 19: 325, 22, 3
0 62 21: 326, 22, 0
0 62 23: 325, 22, 2
0 62 25: 325, 22, 3
0 62 30: 325, 22, 0
0 62 32: 326, 22, 2
0 62 39: 731, 10, 3
0 62 41: 731, 10, 2
0 62 45: 326, 22, 0
0 62 47: 325, 22, 3
0 62 49: 1250, 22, 3
0 62 50: 1383, 10, 3
0 62 51: 1250, 22, 2
0 62 53: 1250, 22, 3
0 62 54: 1249, 22, 1
0 62 55: 1250, 22, 1
0 62 57: 1286, 10, 3
0 62 59: 1249, 22, 3
0 62 60: 1383, 10, 3
0 62 61: 1250, 22, 0
0 63 1: 325, 22, 1
0 63 4: 325, 22, 3
0 63 7: 325, 22, 2
0 63 8: 325, 22, 2
0 63 9: 325, 22, 1
0 63 10: 325, 22, 1
0 63 12: 325, 22, 0
0 63 14: 325, 22, 2
0 63 15: 325, 22, 3
0 63 20: 325, 22, 3
0 63 22: 325, 22, 2
0 63 24: 326, 22, 1
0 63 25: 325, 22, 1
0 63 27: 325, 22, 0
0 63 29: 324, 22, 3
0 63 31: 325, 22, 0
0 63 33: 325, 22, 1
0 63 41: 732, 10, 2
0 63 46: 325, 22, 3
0 63 47: 325, 22, 0
0 63 48: 325, 22, 1
0 63 50: 1250, 22, 1
0 63 52: 1250, 22, 2
0 63 53: 1250, 22, 3
0 63 55: 1250, 22, 0
0 63 56: 1250, 22, 0
0 63 58: 1250, 22, 3
0 63 59: 325, 22, 3
0 63 60: 325, 22, 1
0 63 61: 325, 22, 0
0 63 62: 325, 22, 2
0 63 63: 1250, 22, 1
1 36 21: 1690, 9, 3
1 36 22: 1689, 0, 0
1 36 23: 1690, 0, 0
1 36 24: 1629, 22, 0
1 36 25: 851, 10, 2
1 36 25: 1690, 0, 0
1 36 26: 1689, 0, 0
1 36 27: 1690, 0, 0
1 36 28: 1690, 9, 0
1 37 21: 1690, 0, 3
1 37 22: 851, 11, 2
1 37 27: 1690, 2, 0
1 37 28: 1689, 0, 1
1 38 21: 1629, 22, 3
1 38 24: 1690, 9, 3
1 38 25: 1689, 0, 0
1 39 21: 1690, 0, 3
1 39 22: 1690, 9, 3
1 39 23: 1690, 0, 0
1 40 21: 1690, 0, 3
1 40 22: 1689, 0, 3
1 41 21: 1689, 0, 3
1 41 22: 1689, 9, 2
1 42 21: 1689, 0, 3
1 42 23: 1690, 9, 2
1 43 21: 1690, 9, 2
1 43 22: 1690, 0, 2
1 43 23: 851, 10, 2
1 43 23: 1689, 0, 2
1 43 24: 1629, 22, 0
1 43 24: 1690, 0, 2
