0 0 2: 336, 22, 1
0 0 3: 336, 22, 2
0 0 7: 336, 22, 3
0 0 10: 336, 22, 0
0 0 14: 336, 22, 3
0 0 15: 336, 22, 3
0 0 16: 336, 22, 0
0 0 18: 336, 22, 1
0 0 20: 336, 22, 2
0 0 21: 336, 22, 3
0 0 22: 336, 22, 3
0 0 23: 336, 22, 3
0 0 26: 336, 22, 0
0 0 33: 731, 10, 1
0 0 40: 336, 22, 3
0 0 42: 336, 22, 0
0 0 43: 336, 22, 1
0 0 45: 1384, 10, 1
0 0 46: 336, 22, 0
0 0 47: 336, 22, 0
0 0 48: 336, 22, 3
0 0 51: 336, 22, 0
0 0 52: 336, 22, 0
0 0 54: 336, 22, 1
0 0 55: 336, 22, 2
0 1 0: 336, 22, 2
0 1 1: 336, 22, 2
0 1 2: 336, 22, 3
0 1 3: 336, 22, 0
0 1 5: 335, 22, 1
0 1 8: 336, 22, 0
0 1 11: 336, 22, 0
0 1 12: 336, 22, 1
0 1 13: 336, 22, 1
0 1 20: 826, 22, 1
0 1 24: 336, 22, 3
0 1 27: 337, 22, 2
0 1 32: 731, 10, 2
0 1 37: 336, 22, 0
0 1 38: 336, 22, 1
0 1 38: 1384, 10, 1
0 1 39: 336, 22, 1
0 1 40: 336, 22, 1
0 1 41: 335, 22, 3
0 1 42: 336, 22, 1
0 1 43: 336, 22, 1
0 1 44: 336, 22, 1
0 1 45: 336, 22, 2
0 1 48: 337, 22, 3
0 1 50: 336, 22, 3
0 1 52: 336, 22, 1
0 1 54: 337, 22, 0
0 1 55: 336, 22, 2
0 1 57: 825, 22, 2
0 1 60: 336, 22, 1
0 1 61: 336, 22, 2
0 1 62: 337, 22, 0
0 2 3: 335, 22, 3
0 2 4: 336, 22, 1
0 2 7: 336, 22, 0
0 2 9: 336, 22, 0
0 2 11: 335, 22, 2
0 2 14: 337, 22, 1
0 2 17: 336, 22, 0
0 2 18: 335, 22, 3
0 2 20: 336, 22, 2
0 2 22: 336, 22, 0
0 2 24: 1384, 10, 1
0 2 25: 336, 22, 3
0 2 32: 732, 10, 0
0 2 33: 732, 10, 3
0 2 36: 336, 22, 3
0 2 39: 336, 22, 3
0 2 42: 336, 22, 1
0 2 43: 825, 22, 2
0 2 46: 336, 22, 2
0 2 47: 336, 22, 0
0 2 48: 826, 22, 3
0 2 49: 336, 22, 2
0 2 51: 335, 22, 0
0 2 53: 336, 22, 0
0 2 54: 336, 22, 0
0 2 55: 336, 22, 0
0 2 56: 336, 22, 1
0 2 58: 335, 22, 1
0 2 63: 336, 22, 1
0 3 1: 336, 22, 1
0 3 2: 336, 22, 0
0 3 6: 337, 22, 3
0 3 8: 336, 22, 3
0 3 11: 336, 22, 1
0 3 12: 336, 22, 2
0 3 13: 336, 22, 2
0 3 14: 336, 22, 2
0 3 16: 336, 22, 3
0 3 19: 336, 22, 1
0 3 21: 335, 22, 0
0 3 22: 336, 22, 1
0 3 24: 336, 22, 3
0 3 31: 731, 10, 0
0 3 35: 336, 22, 2
0 3 36: 336, 22, 3
0 3 37: 336, 22, 2
0 3 38: 336, 22, 2
0 3 40: 336, 22, 0
0 3 41: 336, 22, 1
0 3 42: 336, 22, 2
0 3 43: 336, 22, 1
0 3 44: 337, 22, 2
0 3 45: 336, 22, 2
0 3 46: 825, 22, 1
0 3 47: 336, 22, 0
0 3 48: 336, 22, 0
0 3 49: 336, 22, 1
0 3 51: 336, 22, 1
0 3 52: 336, 22, 2
0 3 53: 336, 22, 2
0 3 56: 336, 22, 2
0 3 58: 336, 22, 0
0 3 59: 336, 22, 0
0 3 60: 336, 22, 0
0 3 61: 335, 22, 3
0 4 0: 336, 22, 2
0 4 1: 336, 22, 3
0 4 2: 336, 22, 1
0 4 3: 336, 22, 0
0 4 5: 336, 22, 1
0 4 6: 336, 22, 2
0 4 10: 336, 22, 3
0 4 13: 336, 22, 0
0 4 18: 336, 22, 1
0 4 22: 336, 22, 1
0 4 24: 336, 22, 2
0 4 30: 732, 10, 1
0 4 32: 316, 22, 0
0 4 37: 334, 22, 3
0 4 38: 334, 22, 0
0 4 39: 334, 22, 0
0 4 42: 336, 22, 0
0 4 49: 335, 22, 0
0 4 51: 336, 22, 0
0 4 52: 337, 22, 3
0 4 53: 336, 22, 0
0 4 54: 825, 22, 0
0 4 57: 336, 22, 3
0 4 61: 336, 22, 0
0 4 63: 336, 22, 0
0 5 0: 336, 22, 3
0 5 1: 336, 22, 2
0 5 2: 335, 22, 2
0 5 4: 336, 22, 3
0 5 7: 336, 22, 3
0 5 8: 336, 22, 3
0 5 10: 337, 22, 2
0 5 11: 336, 22, 0
0 5 12: 336, 22, 1
0 5 13: 336, 22, 3
0 5 15: 336, 22, 3
0 5 16: 336, 22, 3
0 5 19: 336, 22, 2
0 5 20: 336, 22, 0
0 5 29: 731, 10, 1
0 5 35: 334, 22, 2
0 5 36: 334, 22, 2
0 5 37: 333, 22, 0
0 5 38: 667, 10, 2
0 5 39: 334, 22, 0
0 5 40: 336, 22, 0
0 5 42: 333, 22, 2
0 5 51: 336, 22, 1
0 5 53: 336, 22, 3
0 5 55: 336, 22, 3
0 5 56: 336, 22, 3
0 5 59: 337, 22, 3
0 5 61: 336, 22, 0
0 5 63: 336, 22, 3
0 6 0: 336, 22, 3
0 6 5: 336, 22, 1
0 6 7: 827, 22, 2
0 6 9: 336, 22, 0
0 6 12: 336, 22, 1
0 6 13: 336, 22, 2
0 6 14: 335, 22, 1
0 6 16: 336, 22, 0
0 6 18: 828, 22, 2
0 6 21: 337, 22, 1
0 6 22: 336, 22, 2
0 6 24: 336, 22, 1
0 6 29: 731, 10, 2
0 6 33: 334, 22, 1
0 6 34: 333, 22, 3
0 6 35: 334, 22, 2
0 6 36: 333, 22, 3
0 6 40: 334, 22, 1
0 6 45: 732, 10, 3
0 6 46: 731, 10, 0
0 6 47: 731, 10, 2
0 6 52: 336, 22, 2
0 6 54: 336, 22, 3
0 6 56: 336, 22, 2
0 6 58: 336, 22, 3
0 6 61: 336, 22, 1
0 6 62: 825, 22, 3
0 6 63: 336, 22, 3
0 7 1: 336, 22, 0
0 7 2: 336, 22, 2
0 7 3: 336, 22, 3
0 7 6: 336, 22, 0
0 7 9: 335, 22, 1
0 7 10: 336, 22, 1
0 7 11: 336, 22, 1
0 7 12: 336, 22, 2
0 7 14: 336, 22, 2
0 7 17: 336, 22, 1
0 7 19: 336, 22, 2
0 7 20: 336, 22, 1
0 7 22: 336, 22, 3
0 7 23: 335, 22, 2
0 7 24: 336, 22, 1
0 7 28: 731, 10, 2
0 7 30: 315, 22, 3
0 7 32: 333, 22, 3
0 7 33: 333, 22, 0
0 7 35: 664, 10, 2
0 7 37: 333, 22, 0
0 7 38: 666, 10, 1
0 7 40: 334, 22, 2
0 7 45: 731, 10, 1
0 7 48: 731, 10, 2
0 7 53: 336, 22, 3
0 7 55: 1384, 10, 1
0 7 58: 336, 22, 3
0 7 59: 336, 22, 2
0 7 60: 336, 22, 2
0 7 61: 336, 22, 1
0 7 63: 336, 22, 2
0 8 2: 336, 22, 1
0 8 4: 827, 22, 1
0 8 7: 336, 22, 3
0 8 8: 336, 22, 3
0 8 9: 336, 22, 3
0 8 13: 336, 22, 0
0 8 14: 335, 22, 2
0 8 15: 336, 22, 3
0 8 17: 336, 22, 0
0 8 18: 336, 22, 1
0 8 23: 336, 22, 0
0 8 24: 336, 22, 1
0 8 27: 731, 10, 3
0 8 28: 732, 10, 3
0 8 30: 315, 22, 0
0 8 32: 333, 22, 2
0 8 33: 334, 22, 0
0 8 34: 334, 22, 0
0 8 35: 334, 22, 1
0 8 36: 333, 22, 1
0 8 37: 333, 22, 1
0 8 38: 333, 22, 1
0 8 40: 334, 22, 2
0 8 43: 731, 10, 1
0 8 44: 731, 10, 3
0 8 46: 731, 10, 3
0 8 48: 731, 10, 0
0 8 54: 336, 22, 0
0 8 55: 336, 22, 1
0 8 56: 336, 22, 1
0 8 57: 336, 22, 0
0 8 58: 335, 22, 1
0 8 62: 337, 22, 1
0 9 1: 336, 22, 1
0 9 3: 336, 22, 1
0 9 5: 336, 22, 3
0 9 7: 335, 22, 3
0 9 9: 336, 22, 2
0 9 12: 336, 22, 1
0 9 16: 336, 22, 0
0 9 17: 337, 22, 0
0 9 19: 336, 22, 1
0 9 20: 335, 22, 3
0 9 21: 336, 22, 2
0 9 23: 336, 22, 3
0 9 26: 732, 10, 2
0 9 27: 731, 10, 3
0 9 28: 732, 10, 2
0 9 29: 316, 22, 2
0 9 31: 333, 22, 0
0 9 32: 334, 22, 3
0 9 33: 333, 22, 2
0 9 34: 334, 22, 1
0 9 35: 333, 22, 1
0 9 36: 334, 22, 1
0 9 37: 334, 22, 2
0 9 38: 333, 22, 0
0 9 39: 333, 22, 2
0 9 43: 731, 10, 2
0 9 44: 732, 10, 0
0 9 49: 731, 10, 1
0 9 50: 731, 10, 0
0 9 54: 337, 22, 1
0 9 56: 825, 22, 1
0 9 57: 336, 22, 0
0 9 59: 336, 22, 1
0 9 60: 336, 22, 2
0 9 61: 336, 22, 3
0 9 63: 336, 22, 1
0 10 1: 337, 22, 0
0 10 4: 336, 22, 3
0 10 6: 336, 22, 0
0 10 7: 336, 22, 1
0 10 8: 336, 22, 2
0 10 10: 336, 22, 1
0 10 11: 336, 22, 1
0 10 13: 336, 22, 3
0 10 14: 337, 22, 3
0 10 16: 336, 22, 0
0 10 17: 336, 22, 1
0 10 19: 336, 22, 0
0 10 21: 336, 22, 2
0 10 29: 315, 22, 1
0 10 32: 333, 22, 3
0 10 33: 333, 22, 2
0 10 33: 664, 10, 3
0 10 34: 333, 22, 2
0 10 35: 333, 22, 2
0 10 36: 333, 22, 3
0 10 37: 334, 22, 1
0 10 38: 334, 22, 3
0 10 39: 333, 22, 2
0 10 42: 731, 10, 0
0 10 53: 315, 22, 0
0 10 55: 336, 22, 2
0 10 58: 336, 22, 1
0 10 60: 337, 22, 2
0 11 0: 336, 22, 0
0 11 3: 337, 22, 1
0 11 4: 336, 22, 3
0 11 7: 336, 22, 3
0 11 8: 336, 22, 3
0 11 9: 336, 22, 0
0 11 11: 337, 22, 2
0 11 13: 336, 22, 3
0 11 15: 336, 22, 1
0 11 17: 336, 22, 2
0 11 19: 336, 22, 3
0 11 21: 336, 22, 3
0 11 22: 336, 22, 2
0 11 26: 731, 10, 1
0 11 27: 731, 10, 3
0 11 28: 732, 10, 1
0 11 30: 316, 22, 2
0 11 32: 333, 22, 0
0 11 33: 333, 22, 1
0 11 34: 333, 22, 3
0 11 36: 666, 10, 2
0 11 38: 334, 22, 3
0 11 39: 333, 22, 2
0 11 39: 664, 10, 0
0 11 40: 333, 22, 1
0 11 50: 731, 10, 3
0 11 53: 316, 22, 1
0 11 55: 336, 22, 2
0 11 56: 336, 22, 2
0 11 57: 336, 22, 3
0 11 58: 336, 22, 3
0 11 60: 336, 22, 0
0 11 62: 335, 22, 0
0 12 2: 336, 22, 1
0 12 3: 336, 22, 2
0 12 5: 336, 22, 3
0 12 6: 336, 22, 2
0 12 11: 336, 22, 3
0 12 13: 336, 22, 0
0 12 14: 336, 22, 0
0 12 17: 826, 22, 0
0 12 18: 336, 22, 2
0 12 27: 732, 10, 1
0 12 28: 731, 10, 1
0 12 29: 731, 10, 2
0 12 33: 333, 22, 1
0 12 34: 333, 22, 0
0 12 37: 333, 22, 0
0 12 38: 334, 22, 0
0 12 39: 333, 22, 3
0 12 40: 333, 22, 1
0 12 44: 701, 10, 2
0 12 45: 653, 22, 1
0 12 46: 701, 10, 1
0 12 50: 731, 10, 1
0 12 51: 731, 10, 1
0 12 54: 315, 22, 2
0 12 55: 336, 22, 1
0 12 57: 336, 22, 0
0 12 59: 336, 22, 2
0 12 60: 336, 22, 1
0 12 63: 336, 22, 0
0 13 3: 336, 22, 2
0 13 4: 336, 22, 2
0 13 5: 335, 22, 2
0 13 6: 336, 22, 0
0 13 8: 335, 22, 3
0 13 10: 336, 22, 1
0 13 11: 336, 22, 2
0 13 12: 336, 22, 3
0 13 15: 336, 22, 1
0 13 18: 336, 22, 0
0 13 20: 336, 22, 3
0 13 23: 336, 22, 1
0 13 29: 732, 10, 0
0 13 33: 333, 22, 2
0 13 35: 666, 10, 0
0 13 37: 664, 10, 3
0 13 38: 334, 22, 0
0 13 39: 333, 22, 1
0 13 44: 736, 10, 3
0 13 46: 652, 22, 0
0 13 47: 701, 10, 3
0 13 51: 731, 10, 2
0 13 53: 731, 10, 3
0 13 54: 316, 22, 2
0 13 57: 336, 22, 0
0 13 58: 1384, 10, 2
0 13 59: 336, 22, 0
0 13 61: 1384, 10, 1
0 13 62: 336, 22, 3
0 13 63: 336, 22, 3
0 14 0: 326, 22, 2
0 14 1: 325, 22, 0
0 14 4: 336, 22, 2
0 14 5: 336, 22, 2
0 14 7: 336, 22, 1
0 14 9: 336, 22, 1
0 14 13: 336, 22, 2
0 14 17: 336, 22, 0
0 14 21: 336, 22, 1
0 14 23: 1384, 10, 2
0 14 24: 336, 22, 1
0 14 29: 731, 10, 3
0 14 30: 732, 10, 0
0 14 31: 316, 22, 1
0 14 34: 333, 22, 3
0 14 36: 333, 22, 3
0 14 37: 334, 22, 2
0 14 38: 334, 22, 0
0 14 39: 333, 22, 0
0 14 39: 664, 10, 1
0 14 40: 333, 22, 2
0 14 41: 334, 22, 0
0 14 46: 653, 22, 1
0 14 48: 703, 10, 1
0 14 52: 731, 10, 2
0 14 55: 315, 22, 1
0 14 59: 336, 22, 3
0 14 60: 336, 22, 0
0 15 0: 325, 22, 3
0 15 1: 325, 22, 0
0 15 2: 325, 22, 1
0 15 6: 336, 22, 3
0 15 7: 336, 22, 1
0 15 9: 336, 22, 0
0 15 10: 336, 22, 3
0 15 11: 336, 22, 0
0 15 12: 336, 22, 0
0 15 14: 336, 22, 3
0 15 15: 336, 22, 1
0 15 17: 336, 22, 1
0 15 19: 337, 22, 1
0 15 21: 336, 22, 1
0 15 22: 336, 22, 0
0 15 25: 336, 22, 1
0 15 34: 333, 22, 0
0 15 35: 333, 22, 3
0 15 36: 334, 22, 2
0 15 37: 334, 22, 3
0 15 38: 334, 22, 1
0 15 39: 334, 22, 1
0 15 40: 334, 22, 2
0 15 41: 334, 22, 0
0 15 43: 334, 22, 1
0 15 44: 334, 22, 2
0 15 53: 731, 10, 0
0 15 55: 316, 22, 3
0 15 56: 315, 22, 3
0 15 61: 336, 22, 1
0 16 0: 325, 22, 3
0 16 1: 324, 22, 3
0 16 3: 325, 22, 2
0 16 4: 325, 22, 2
0 16 7: 336, 22, 3
0 16 9: 336, 22, 2
0 16 11: 337, 22, 0
0 16 18: 336, 22, 2
0 16 19: 336, 22, 3
0 16 26: 336, 22, 2
0 16 30: 731, 10, 2
0 16 36: 334, 22, 1
0 16 37: 334, 22, 2
0 16 38: 333, 22, 2
0 16 39: 333, 22, 1
0 16 46: 334, 22, 0
0 16 52: 731, 10, 1
0 16 54: 731, 10, 2
0 16 56: 315, 22, 0
0 17 0: 325, 22, 2
0 17 1: 1250, 22, 0
0 17 2: 1383, 11, 1
0 17 4: 325, 22, 2
0 17 5: 325, 22, 3
0 17 8: 337, 22, 3
0 17 11: 336, 22, 0
0 17 13: 336, 22, 1
0 17 14: 336, 22, 2
0 17 16: 337, 22, 0
0 17 18: 337, 22, 2
0 17 20: 336, 22, 3
0 17 21: 336, 22, 3
0 17 23: 337, 22, 2
0 17 31: 731, 10, 3
0 17 36: 334, 22, 0
0 17 37: 333, 22, 3
0 17 38: 333, 22, 0
0 17 38: 664, 10, 2
0 17 39: 333, 22, 1
0 17 40: 333, 22, 2
0 17 43: 334, 22, 2
0 17 45: 334, 22, 3
0 17 47: 334, 22, 0
0 17 53: 731, 10, 1
0 17 54: 731, 10, 1
0 17 57: 316, 22, 0
0 18 0: 325, 22, 1
0 18 2: 1250, 22, 0
0 18 3: 1250, 22, 3
0 18 5: 325, 22, 0
0 18 6: 325, 22, 0
0 18 7: 336, 22, 2
0 18 10: 336, 22, 3
0 18 12: 826, 22, 2
0 18 14: 336, 22, 2
0 18 18: 336, 22, 2
0 18 19: 336, 22, 2
0 18 20: 336, 22, 0
0 18 22: 336, 22, 0
0 18 24: 336, 22, 1
0 18 27: 336, 22, 2
0 18 32: 731, 10, 0
0 18 33: 732, 10, 3
0 18 37: 333, 22, 2
0 18 38: 333, 22, 1
0 18 39: 334, 22, 1
0 18 40: 333, 22, 2
0 18 41: 654, 22, 1
0 18 43: 654, 22, 2
0 18 44: 334, 22, 3
0 18 48: 334, 22, 3
0 18 50: 334, 22, 1
0 18 55: 731, 10, 2
0 18 57: 315, 22, 1
0 18 58: 315, 22, 3
0 18 62: 732, 10, 1
0 19 0: 325, 22, 0
0 19 1: 1249, 22, 1
0 19 3: 1250, 22, 0
0 19 5: 325, 22, 1
0 19 6: 325, 22, 1
0 19 8: 336, 22, 2
0 19 9: 336, 22, 2
0 19 11: 336, 22, 0
0 19 13: 336, 22, 3
0 19 14: 336, 22, 3
0 19 16: 336, 22, 3
0 19 17: 336, 22, 2
0 19 19: 336, 22, 1
0 19 26: 335, 22, 1
0 19 28: 336, 22, 3
0 19 38: 333, 22, 3
0 19 39: 334, 22, 1
0 19 41: 654, 22, 1
0 19 42: 652, 22, 2
0 19 45: 334, 22, 0
0 19 46: 334, 22, 1
0 19 51: 334, 22, 2
0 19 56: 731, 10, 3
0 19 58: 315, 22, 2
0 19 61: 731, 10, 2
0 19 63: 731, 10, 3
0 20 0: 325, 22, 3
0 20 2: 325, 22, 2
0 20 3: 1383, 11, 2
0 20 4: 1250, 22, 1
0 20 6: 325, 22, 2
0 20 10: 336, 22, 3
0 20 12: 336, 22, 0
0 20 14: 336, 22, 0
0 20 18: 337, 22, 3
0 20 21: 336, 22, 3
0 20 23: 336, 22, 0
0 20 24: 1384, 10, 3
0 20 29: 336, 22, 3
0 20 33: 731, 10, 1
0 20 40: 703, 10, 2
0 20 41: 653, 22, 1
0 20 41: 736, 10, 1
0 20 42: 654, 22, 0
0 20 42: 701, 10, 0
0 20 46: 334, 22, 2
0 20 47: 334, 22, 2
0 20 48: 334, 22, 3
0 20 57: 731, 10, 0
0 20 59: 731, 10, 3
0 20 60: 731, 10, 1
0 20 62: 731, 10, 2
0 21 0: 326, 22, 3
0 21 1: 325, 22, 3
0 21 2: 1249, 22, 2
0 21 4: 1250, 22, 2
0 21 5: 1250, 22, 2
0 21 6: 325, 22, 2
0 21 9: 336, 22, 1
0 21 10: 336, 22, 1
0 21 12: 335, 22, 1
0 21 14: 828, 22, 3
0 21 16: 336, 22, 1
0 21 20: 336, 22, 0
0 21 24: 336, 22, 1
0 21 26: 336, 22, 0
0 21 27: 336, 22, 0
0 21 36: 731, 10, 3
0 21 37: 732, 10, 3
0 21 41: 653, 22, 1
0 21 41: 701, 10, 0
0 21 43: 334, 22, 0
0 21 44: 334, 22, 0
0 21 45: 334, 22, 1
0 21 49: 334, 22, 0
0 21 53: 334, 22, 0
0 21 57: 732, 10, 0
0 21 58: 731, 10, 0
0 21 60: 731, 10, 3
0 21 62: 731, 10, 0
0 22 0: 325, 22, 2
0 22 2: 325, 22, 1
0 22 4: 1249, 22, 3
0 22 6: 1250, 22, 3
0 22 7: 325, 22, 1
0 22 9: 336, 22, 2
0 22 11: 336, 22, 2
0 22 13: 336, 22, 1
0 22 15: 336, 22, 2
0 22 17: 336, 22, 3
0 22 18: 336, 22, 3
0 22 19: 336, 22, 0
0 22 21: 336, 22, 2
0 22 22: 336, 22, 2
0 22 23: 336, 22, 3
0 22 29: 1384, 10, 0
0 22 35: 731, 10, 1
0 22 37: 731, 10, 0
0 22 38: 732, 10, 2
0 22 48: 334, 22, 2
0 22 49: 334, 22, 2
0 22 54: 334, 22, 1
0 22 59: 731, 10, 0
0 22 63: 732, 10, 1
0 23 0: 325, 22, 1
0 23 1: 324, 22, 2
0 23 3: 325, 22, 2
0 23 4: 1250, 22, 2
0 23 5: 1383, 11, 3
0 23 6: 1250, 22, 0
0 23 7: 325, 22, 1
0 23 13: 336, 22, 2
0 23 18: 336, 22, 3
0 23 21: 336, 22, 2
0 23 23: 337, 22, 3
0 23 25: 336, 22, 2
0 23 28: 336, 22, 0
0 23 36: 731, 10, 1
0 23 37: 731, 10, 0
0 23 40: 732, 10, 2
0 23 43: 732, 10, 1
0 23 44: 731, 10, 0
0 23 46: 731, 10, 3
0 23 47: 732, 10, 1
0 23 50: 334, 22, 1
0 23 55: 334, 22, 0
0 23 60: 731, 10, 1
0 23 62: 731, 10, 1
0 24 0: 325, 22, 0
0 24 2: 324, 22, 3
0 24 3: 325, 22, 2
0 24 5: 1250, 22, 1
0 24 7: 326, 22, 0
0 24 9: 336, 22, 2
0 24 10: 337, 22, 1
0 24 11: 336, 22, 0
0 24 12: 336, 22, 1
0 24 14: 336, 22, 3
0 24 15: 336, 22, 3
0 24 16: 336, 22, 0
0 24 19: 335, 22, 3
0 24 21: 336, 22, 2
0 24 27: 336, 22, 3
0 24 29: 336, 22, 1
0 24 30: 336, 22, 2
0 24 39: 731, 10, 2
0 24 40: 731, 10, 3
0 24 46: 731, 10, 3
0 24 48: 731, 10, 2
0 24 51: 334, 22, 1
0 24 56: 334, 22, 3
0 24 62: 731, 10, 2
0 25 0: 325, 22, 3
0 25 1: 1250, 22, 2
0 25 4: 325, 22, 0
0 25 5: 325, 22, 1
0 25 7: 325, 22, 2
0 25 8: 325, 22, 3
0 25 9: 336, 22, 3
0 25 13: 336, 22, 2
0 25 17: 336, 22, 0
0 25 18: 336, 22, 0
0 25 21: 336, 22, 2
0 25 24: 335, 22, 0
0 25 26: 336, 22, 1
0 25 31: 336, 22, 2
0 25 37: 731, 10, 3
0 25 39: 731, 10, 2
0 25 41: 732, 10, 1
0 25 43: 731, 10, 1
0 25 45: 731, 10, 0
0 25 47: 732, 10, 0
0 25 48: 731, 10, 2
0 25 53: 334, 22, 3
0 25 61: 731, 10, 0
0 26 2: 1250, 22, 1
0 26 7: 336, 22, 2
0 26 10: 336, 22, 3
0 26 13: 336, 22, 2
0 26 14: 335, 22, 2
0 26 15: 336, 22, 0
0 26 16: 336, 22, 3
0 26 19: 336, 22, 0
0 26 21: 336, 22, 1
0 26 22: 336, 22, 2
0 26 24: 336, 22, 3
0 26 27: 337, 22, 0
0 26 29: 336, 22, 0
0 26 36: 732, 10, 1
0 26 38: 731, 10, 3
0 26 41: 731, 10, 1
0 26 49: 731, 10, 1
0 26 50: 732, 10, 0
0 26 54: 334, 22, 0
0 26 55: 334, 22, 1
0 26 55: 698, 10, 3
0 26 56: 334, 22, 2
0 26 61: 731, 10, 0
0 26 63: 731, 10, 3
0 27 0: 326, 22, 2
0 27 1: 1250, 22, 0
0 27 5: 335, 22, 3
0 27 6: 336, 22, 1
0 27 16: 336, 22, 0
0 27 18: 336, 22, 2
0 27 19: 337, 22, 2
0 27 22: 335, 22, 2
0 27 24: 336, 22, 0
0 27 25: 336, 22, 1
0 27 26: 336, 22, 1
0 27 29: 825, 22, 2
0 27 30: 336, 22, 0
0 27 33: 336, 22, 3
0 27 37: 731, 10, 2
0 27 39: 731, 10, 1
0 27 40: 731, 10, 2
0 27 42: 732, 10, 3
0 27 51: 731, 10, 0
0 27 60: 731, 10, 2
0 28 4: 336, 22, 3
0 28 5: 336, 22, 1
0 28 8: 336, 22, 2
0 28 9: 336, 22, 3
0 28 11: 336, 22, 3
0 28 12: 336, 22, 0
0 28 15: 336, 22, 1
0 28 19: 336, 22, 3
0 28 22: 336, 22, 1
0 28 24: 335, 22, 2
0 28 25: 336, 22, 0
0 28 27: 336, 22, 1
0 28 32: 337, 22, 2
0 28 34: 1384, 10, 1
0 28 40: 731, 10, 1
0 28 46: 334, 22, 3
0 28 47: 334, 22, 2
0 28 59: 731, 10, 2
0 28 61: 731, 10, 1
0 28 62: 731, 10, 0
0 28 63: 732, 10, 2
0 29 0: 325, 22, 2
0 29 3: 336, 22, 3
0 29 5: 336, 22, 0
0 29 6: 336, 22, 1
0 29 10: 336, 22, 0
0 29 13: 336, 22, 0
0 29 16: 337, 22, 1
0 29 21: 336, 22, 0
0 29 25: 336, 22, 0
0 29 27: 336, 22, 2
0 29 28: 336, 22, 1
0 29 30: 335, 22, 3
0 29 34: 336, 22, 1
0 29 37: 732, 10, 3
0 29 38: 731, 10, 0
0 29 40: 732, 10, 0
0 29 44: 334, 22, 0
0 29 45: 334, 22, 0
0 29 46: 698, 10, 1
0 29 47: 334, 22, 2
0 29 48: 334, 22, 1
0 29 51: 732, 10, 3
0 29 52: 731, 10, 3
0 29 60: 731, 10, 2
0 30 0: 325, 22, 2
0 30 3: 336, 22, 3
0 30 6: 336, 22, 3
0 30 8: 337, 22, 0
0 30 10: 336, 22, 3
0 30 11: 336, 22, 3
0 30 14: 335, 22, 2
0 30 18: 336, 22, 2
0 30 20: 336, 22, 2
0 30 29: 336, 22, 1
0 30 33: 336, 22, 0
0 30 39: 731, 10, 3
0 30 41: 315, 22, 1
0 30 45: 334, 22, 1
0 30 48: 698, 10, 2
0 30 53: 732, 10, 3
0 30 55: 731, 10, 1
0 30 58: 731, 10, 3
0 30 60: 731, 10, 1
0 30 62: 731, 10, 0
0 30 63: 732, 10, 3
0 31 2: 336, 22, 2
0 31 5: 337, 22, 3
0 31 7: 336, 22, 2
0 31 9: 336, 22, 3
0 31 13: 336, 22, 3
0 31 14: 336, 22, 3
0 31 16: 336, 22, 0
0 31 17: 336, 22, 1
0 31 19: 336, 22, 1
0 31 20: 336, 22, 2
0 31 26: 336, 22, 1
0 31 27: 336, 22, 2
0 31 28: 336, 22, 2
0 31 29: 336, 22, 2
0 31 30: 336, 22, 3
0 31 31: 336, 22, 3
0 31 32: 336, 22, 3
0 31 35: 336, 22, 2
0 31 40: 731, 10, 3
0 31 42: 315, 22, 0
0 31 44: 334, 22, 3
0 31 46: 334, 22, 2
0 31 47: 334, 22, 3
0 31 50: 334, 22, 0
0 31 53: 731, 10, 2
0 31 54: 731, 10, 1
0 31 56: 731, 10, 0
0 31 58: 731, 10, 1
0 31 60: 732, 10, 1
0 32 3: 337, 22, 2
0 32 4: 336, 22, 2
0 32 5: 336, 22, 2
0 32 9: 336, 22, 2
0 32 11: 335, 22, 1
0 32 14: 336, 22, 0
0 32 21: 336, 22, 3
0 32 23: 336, 22, 0
0 32 25: 336, 22, 1
0 32 27: 336, 22, 2
0 32 29: 336, 22, 2
0 32 32: 336, 22, 1
0 32 33: 336, 22, 1
0 32 39: 731, 10, 2
0 32 44: 334, 22, 3
0 32 45: 334, 22, 0
0 32 46: 334, 22, 1
0 32 47: 334, 22, 0
0 32 48: 334, 22, 0
0 32 49: 698, 10, 3
0 32 50: 334, 22, 3
0 32 55: 731, 10, 2
0 32 57: 731, 10, 0
0 32 59: 731, 10, 1
0 32 61: 731, 10, 3
0 32 62: 731, 10, 3
0 33 1: 336, 22, 1
0 33 3: 336, 22, 2
0 33 7: 336, 22, 1
0 33 9: 336, 22, 0
0 33 11: 335, 22, 1
0 33 16: 336, 22, 1
0 33 17: 336, 22, 1
0 33 18: 335, 22, 0
0 33 26: 336, 22, 2
0 33 27: 337, 22, 3
0 33 28: 336, 22, 2
0 33 30: 336, 22, 3
0 33 32: 336, 22, 3
0 33 34: 336, 22, 1
0 33 36: 335, 22, 1
0 33 37: 336, 22, 3
0 33 40: 732, 10, 0
0 33 41: 731, 10, 1
0 33 47: 334, 22, 2
0 33 48: 334, 22, 1
0 33 53: 731, 10, 3
0 33 54: 732, 10, 2
0 33 56: 731, 10, 2
0 33 58: 732, 10, 0
0 33 60: 732, 10, 0
0 33 63: 731, 10, 2
0 34 1: 336, 22, 1
0 34 4: 335, 22, 1
0 34 6: 336, 22, 1
0 34 8: 336, 22, 0
0 34 14: 336, 22, 2
0 34 16: 336, 22, 3
0 34 18: 336, 22, 0
0 34 20: 336, 22, 3
0 34 24: 335, 22, 3
0 34 26: 336, 22, 2
0 34 30: 336, 22, 3
0 34 32: 335, 22, 2
0 34 36: 336, 22, 1
0 34 40: 315, 22, 1
0 34 44: 315, 22, 3
0 34 45: 316, 22, 3
0 34 47: 334, 22, 2
0 34 48: 334, 22, 2
0 34 49: 334, 22, 3
0 34 55: 731, 10, 3
0 34 58: 316, 22, 3
0 34 59: 315, 22, 1
0 34 60: 316, 22, 2
0 34 62: 732, 10, 0
0 35 3: 336, 22, 3
0 35 5: 336, 22, 0
0 35 6: 336, 22, 3
0 35 9: 337, 22, 1
0 35 11: 336, 22, 3
0 35 12: 336, 22, 3
0 35 13: 336, 22, 3
0 35 14: 452, 10, 3
0 35 15: 336, 22, 1
0 35 16: 336, 22, 1
0 35 18: 336, 22, 3
0 35 22: 336, 22, 2
0 35 24: 336, 22, 2
0 35 26: 336, 22, 2
0 35 29: 336, 22, 3
0 35 31: 336, 22, 0
0 35 33: 336, 22, 0
0 35 35: 336, 22, 2
0 35 38: 336, 22, 3
0 35 41: 315, 22, 2
0 35 48: 315, 22, 2
0 35 52: 731, 10, 0
0 35 54: 731, 10, 0
0 35 61: 315, 22, 0
0 36 1: 336, 22, 0
0 36 3: 336, 22, 3
0 36 9: 336, 22, 0
0 36 10: 336, 22, 0
0 36 13: 336, 22, 2
0 36 14: 336, 22, 3
0 36 17: 336, 22, 2
0 36 18: 336, 22, 3
0 36 19: 453, 10, 0
0 36 22: 336, 22, 2
0 36 25: 336, 22, 2
0 36 34: 336, 22, 1
0 36 35: 336, 22, 2
0 36 37: 336, 22, 2
0 36 43: 315, 22, 3
0 36 46: 731, 10, 2
0 36 47: 732, 10, 2
0 36 51: 731, 10, 0
0 36 55: 315, 22, 3
0 37 1: 336, 22, 0
0 37 2: 337, 22, 3
0 37 5: 336, 22, 2
0 37 7: 336, 22, 3
0 37 9: 336, 22, 1
0 37 10: 336, 22, 0
0 37 11: 336, 22, 2
0 37 12: 337, 22, 0
0 37 13: 336, 22, 2
0 37 14: 336, 22, 1
0 37 15: 336, 22, 1
0 37 16: 336, 22, 2
0 37 17: 336, 22, 1
0 37 19: 336, 22, 1
0 37 20: 336, 22, 1
0 37 22: 336, 22, 3
0 37 26: 336, 22, 1
0 37 27: 336, 22, 1
0 37 29: 336, 22, 3
0 37 33: 336, 22, 0
0 37 37: 336, 22, 0
0 37 38: 335, 22, 0
0 37 40: 336, 22, 1
0 37 45: 315, 22, 0
0 37 46: 732, 10, 2
0 37 48: 731, 10, 1
0 37 52: 732, 10, 2
0 37 53: 315, 22, 2
0 37 59: 336, 22, 3
0 37 60: 336, 22, 0
0 38 0: 336, 22, 3
0 38 1: 336, 22, 0
0 38 3: 336, 22, 1
0 38 4: 336, 22, 2
0 38 8: 336, 22, 1
0 38 9: 336, 22, 1
0 38 10: 337, 22, 1
0 38 11: 336, 22, 0
0 38 12: 337, 22, 2
0 38 13: 336, 22, 0
0 38 14: 336, 22, 3
0 38 15: 336, 22, 3
0 38 16: 336, 22, 1
0 38 17: 336, 22, 0
0 38 18: 336, 22, 3
0 38 19: 336, 22, 2
0 38 20: 336, 22, 1
0 38 21: 336, 22, 1
0 38 22: 336, 22, 3
0 38 23: 336, 22, 0
0 38 24: 336, 22, 1
0 38 25: 336, 22, 0
0 38 26: 336, 22, 3
0 38 32: 335, 22, 0
0 38 35: 335, 22, 3
0 38 41: 336, 22, 2
0 38 42: 336, 22, 3
0 38 46: 315, 22, 1
0 38 47: 316, 22, 2
0 38 48: 315, 22, 2
0 38 49: 315, 22, 3
0 38 50: 316, 22, 1
0 38 51: 315, 22, 0
0 38 52: 315, 22, 1
0 38 53: 316, 22, 0
0 38 56: 336, 22, 0
0 38 57: 336, 22, 0
0 38 58: 336, 22, 1
0 39 2: 336, 22, 1
0 39 5: 336, 22, 2
0 39 7: 336, 22, 2
0 39 9: 336, 22, 1
0 39 10: 453, 10, 2
0 39 11: 336, 22, 2
0 39 12: 336, 22, 0
0 39 13: 336, 22, 0
0 39 14: 336, 22, 3
0 39 15: 719, 10, 1
0 39 19: 336, 22, 1
0 39 21: 337, 22, 3
0 39 22: 337, 22, 1
0 39 23: 336, 22, 0
0 39 25: 336, 22, 2
0 39 27: 336, 22, 3
0 39 28: 336, 22, 0
0 39 31: 336, 22, 0
0 39 33: 336, 22, 3
0 39 34: 336, 22, 3
0 39 35: 336, 22, 2
0 39 36: 336, 22, 1
0 39 38: 336, 22, 1
0 39 39: 336, 22, 1
0 39 40: 336, 22, 2
0 39 43: 336, 22, 3
0 39 54: 336, 22, 3
0 39 55: 336, 22, 3
0 39 56: 1384, 10, 0
0 39 60: 335, 22, 0
0 39 62: 336, 22, 1
0 40 0: 336, 22, 3
0 40 1: 336, 22, 0
0 40 4: 335, 22, 2
0 40 5: 336, 22, 1
0 40 6: 336, 22, 3
0 40 8: 336, 22, 0
0 40 9: 2732, 10, 2
0 40 10: 336, 22, 1
0 40 10: 2732, 10, 2
0 40 11: 336, 22, 2
0 40 12: 337, 22, 1
0 40 14: 336, 22, 2
0 40 19: 336, 22, 0
0 40 20: 336, 22, 0
0 40 22: 336, 22, 0
0 40 24: 336, 22, 1
0 40 25: 336, 22, 2
0 40 26: 452, 10, 2
0 40 32: 336, 22, 0
0 40 42: 336, 22, 1
0 40 44: 335, 22, 1
0 40 47: 336, 22, 1
0 40 51: 336, 22, 2
0 40 53: 336, 22, 3
0 40 58: 336, 22, 2
0 40 62: 1384, 10, 1
0 41 2: 336, 22, 0
0 41 7: 336, 22, 3
0 41 8: 336, 22, 3
0 41 9: 336, 22, 0
0 41 10: 336, 22, 1
0 41 11: 336, 22, 1
0 41 13: 450, 10, 3
0 41 14: 337, 22, 3
0 41 19: 337, 22, 2
0 41 20: 336, 22, 3
0 41 21: 336, 22, 3
0 41 22: 336, 22, 2
0 41 23: 337, 22, 2
0 41 24: 336, 22, 2
0 41 26: 336, 22, 3
0 41 27: 336, 22, 3
0 41 28: 336, 22, 2
0 41 29: 337, 22, 1
0 41 34: 336, 22, 1
0 41 37: 336, 22, 3
0 41 40: 1384, 10, 3
0 41 41: 336, 22, 3
0 41 43: 336, 22, 3
0 41 44: 336, 22, 3
0 41 45: 336, 22, 3
0 41 46: 336, 22, 0
0 41 48: 336, 22, 1
0 41 54: 336, 22, 3
0 41 59: 825, 22, 0
0 42 1: 337, 22, 0
0 42 3: 337, 22, 1
0 42 6: 336, 22, 2
0 42 7: 336, 22, 2
0 42 8: 336, 22, 0
0 42 9: 336, 22, 0
0 42 10: 336, 22, 1
0 42 11: 336, 22, 1
0 42 12: 336, 22, 0
0 42 13: 336, 22, 2
0 42 14: 336, 22, 3
0 42 18: 336, 22, 3
0 42 19: 336, 22, 0
0 42 20: 336, 22, 2
0 42 21: 453, 10, 3
0 42 23: 336, 22, 1
0 42 24: 336, 22, 1
0 42 25: 336, 22, 2
0 42 26: 337, 22, 2
0 42 27: 336, 22, 3
0 42 28: 336, 22, 0
0 42 29: 336, 22, 1
0 42 30: 336, 22, 3
0 42 32: 336, 22, 3
0 42 35: 336, 22, 2
0 42 36: 336, 22, 2
0 42 39: 336, 22, 2
0 42 49: 336, 22, 1
0 42 50: 1384, 10, 3
0 42 53: 335, 22, 2
0 42 55: 336, 22, 3
0 42 56: 336, 22, 3
0 42 57: 336, 22, 0
0 42 58: 336, 22, 0
0 42 59: 336, 22, 1
0 42 61: 336, 22, 3
0 42 63: 336, 22, 2
0 43 2: 336, 22, 3
0 43 6: 336, 22, 3
0 43 7: 336, 22, 2
0 43 8: 719, 10, 3
0 43 12: 336, 22, 0
0 43 13: 336, 22, 1
0 43 14: 336, 22, 2
0 43 15: 336, 22, 2
0 43 16: 336, 22, 2
0 43 17: 337, 22, 3
0 43 18: 336, 22, 1
0 43 19: 336, 22, 1
0 43 21: 336, 22, 1
0 43 22: 336, 22, 2
0 43 23: 336, 22, 0
0 43 24: 336, 22, 1
0 43 27: 336, 22, 0
0 43 28: 336, 22, 1
0 43 29: 336, 22, 1
0 43 36: 336, 22, 3
0 43 39: 336, 22, 2
0 43 41: 825, 22, 3
0 43 44: 336, 22, 0
0 43 45: 336, 22, 3
0 43 47: 335, 22, 3
0 43 55: 336, 22, 0
0 43 60: 336, 22, 2
0 43 62: 336, 22, 1
0 44 1: 336, 22, 2
0 44 5: 336, 22, 3
0 44 6: 336, 22, 1
0 44 7: 336, 22, 0
0 44 13: 336, 22, 1
0 44 14: 336, 22, 1
0 44 16: 337, 22, 0
0 44 17: 337, 22, 1
0 44 19: 336, 22, 1
0 44 20: 2732, 10, 2
0 44 22: 336, 22, 2
0 44 24: 336, 22, 2
0 44 25: 336, 22, 0
0 44 26: 336, 22, 2
0 44 30: 336, 22, 2
0 44 31: 337, 22, 3
0 44 37: 335, 22, 2
0 44 39: 336, 22, 1
0 44 40: 336, 22, 0
0 44 43: 336, 22, 0
0 44 46: 336, 22, 2
0 44 48: 336, 22, 0
0 44 50: 335, 22, 1
0 44 52: 336, 22, 0
0 44 54: 337, 22, 3
0 44 57: 335, 22, 1
0 44 61: 336, 22, 0
0 45 0: 336, 22, 2
0 45 1: 336, 22, 2
0 45 2: 336, 22, 3
0 45 4: 336, 22, 0
0 45 6: 336, 22, 2
0 45 7: 336, 22, 2
0 45 12: 336, 22, 3
0 45 13: 336, 22, 0
0 45 14: 336, 22, 0
0 45 15: 336, 22, 1
0 45 16: 336, 22, 3
0 45 17: 336, 22, 1
0 45 18: 336, 22, 3
0 45 18: 450, 10, 0
0 45 19: 336, 22, 1
0 45 20: 2732, 10, 2
0 45 21: 336, 22, 0
0 45 21: 719, 10, 2
0 45 25: 336, 22, 3
0 45 27: 336, 22, 3
0 45 28: 336, 22, 3
0 45 29: 336, 22, 1
0 45 31: 336, 22, 3
0 45 34: 336, 22, 0
0 45 38: 336, 22, 0
0 45 41: 336, 22, 1
0 45 44: 335, 22, 1
0 45 49: 336, 22, 1
0 45 50: 336, 22, 1
0 45 59: 335, 22, 2
0 45 61: 336, 22, 0
0 45 62: 335, 22, 3
0 46 4: 336, 22, 1
0 46 6: 336, 22, 3
0 46 7: 336, 22, 3
0 46 12: 336, 22, 0
0 46 14: 336, 22, 0
0 46 15: 336, 22, 1
0 46 17: 336, 22, 2
0 46 18: 336, 22, 1
0 46 19: 336, 22, 2
0 46 20: 336, 22, 3
0 46 25: 336, 22, 3
0 46 26: 336, 22, 2
0 46 27: 336, 22, 2
0 46 28: 336, 22, 3
0 46 30: 336, 22, 0
0 46 31: 336, 22, 3
0 46 32: 336, 22, 3
0 46 33: 337, 22, 0
0 46 42: 336, 22, 1
0 46 47: 336, 22, 3
0 46 48: 337, 22, 2
0 46 50: 336, 22, 1
0 46 53: 336, 22, 0
0 46 55: 336, 22, 3
0 46 57: 336, 22, 0
0 46 61: 336, 22, 3
0 47 1: 336, 22, 1
0 47 3: 336, 22, 1
0 47 4: 337, 22, 1
0 47 6: 336, 22, 1
0 47 7: 336, 22, 3
0 47 8: 336, 22, 2
0 47 9: 336, 22, 3
0 47 10: 336, 22, 3
0 47 11: 336, 22, 0
0 47 12: 336, 22, 0
0 47 13: 719, 10, 3
0 47 17: 336, 22, 2
0 47 18: 336, 22, 1
0 47 20: 336, 22, 0
0 47 25: 336, 22, 0
0 47 26: 337, 22, 0
0 47 28: 336, 22, 0
0 47 29: 336, 22, 2
0 47 30: 336, 22, 1
0 47 31: 336, 22, 0
0 47 33: 336, 22, 2
0 47 35: 336, 22, 1
0 47 39: 337, 22, 2
0 47 41: 335, 22, 3
0 47 44: 336, 22, 2
0 47 45: 336, 22, 2
0 47 46: 336, 22, 3
0 47 50: 336, 22, 2
0 47 51: 336, 22, 3
0 47 52: 336, 22, 3
0 47 58: 336, 22, 1
0 47 59: 336, 22, 2
0 47 60: 336, 22, 2
0 48 0: 336, 22, 2
0 48 2: 337, 22, 0
0 48 6: 336, 22, 1
0 48 7: 336, 22, 0
0 48 8: 336, 22, 2
0 48 9: 336, 22, 1
0 48 10: 453, 10, 1
0 48 11: 336, 22, 1
0 48 12: 337, 22, 0
0 48 17: 453, 10, 1
0 48 18: 336, 22, 0
0 48 19: 336, 22, 3
0 48 20: 336, 22, 3
0 48 25: 336, 22, 0
0 48 26: 336, 22, 3
0 48 27: 337, 22, 2
0 48 29: 336, 22, 3
0 48 30: 336, 22, 0
0 48 34: 336, 22, 1
0 48 35: 336, 22, 1
0 48 44: 336, 22, 2
0 48 46: 336, 22, 3
0 48 52: 336, 22, 2
0 48 54: 826, 22, 2
0 48 56: 336, 22, 1
0 48 62: 336, 22, 2
0 49 1: 336, 22, 1
0 49 7: 336, 22, 2
0 49 8: 336, 22, 1
0 49 11: 337, 22, 3
0 49 12: 336, 22, 2
0 49 17: 336, 22, 2
0 49 18: 336, 22, 3
0 49 19: 336, 22, 1
0 49 20: 337, 22, 1
0 49 21: 336, 22, 2
0 49 22: 336, 22, 2
0 49 23: 336, 22, 1
0 49 24: 336, 22, 1
0 49 25: 336, 22, 2
0 49 26: 336, 22, 2
0 49 27: 336, 22, 2
0 49 28: 336, 22, 1
0 49 29: 336, 22, 3
0 49 32: 337, 22, 0
0 49 34: 336, 22, 1
0 49 39: 336, 22, 0
0 49 41: 336, 22, 1
0 49 48: 336, 22, 0
0 49 50: 336, 22, 3
0 49 58: 336, 22, 3
0 49 60: 828, 22, 1
0 50 0: 336, 22, 3
0 50 3: 336, 22, 2
0 50 5: 336, 22, 1
0 50 8: 336, 22, 0
0 50 9: 336, 22, 3
0 50 10: 335, 22, 1
0 50 11: 336, 22, 3
0 50 12: 336, 22, 2
0 50 13: 336, 22, 1
0 50 17: 336, 22, 3
0 50 19: 336, 22, 2
0 50 20: 336, 22, 2
0 50 22: 336, 22, 3
0 50 23: 336, 22, 3
0 50 24: 336, 22, 0
0 50 25: 336, 22, 1
0 50 26: 336, 22, 3
0 50 27: 336, 22, 0
0 50 28: 336, 22, 0
0 50 29: 336, 22, 1
0 50 31: 336, 22, 2
0 50 36: 335, 22, 3
0 50 40: 336, 22, 3
0 50 42: 336, 22, 2
0 50 43: 336, 22, 2
0 50 45: 827, 22, 0
0 50 47: 336, 22, 1
0 50 50: 336, 22, 2
0 50 52: 335, 22, 2
0 50 53: 336, 22, 1
0 50 55: 336, 22, 0
0 50 62: 336, 22, 1
0 51 2: 336, 22, 0
0 51 4: 335, 22, 3
0 51 6: 336, 22, 1
0 51 7: 335, 22, 0
0 51 8: 336, 22, 3
0 51 10: 336, 22, 2
0 51 12: 336, 22, 0
0 51 13: 336, 22, 1
0 51 14: 336, 22, 1
0 51 15: 336, 22, 0
0 51 16: 337, 22, 3
0 51 17: 336, 22, 2
0 51 18: 336, 22, 0
0 51 19: 336, 22, 3
0 51 20: 336, 22, 0
0 51 21: 337, 22, 0
0 51 22: 336, 22, 0
0 51 23: 337, 22, 0
0 51 24: 336, 22, 1
0 51 25: 336, 22, 0
0 51 26: 336, 22, 3
0 51 27: 336, 22, 3
0 51 30: 335, 22, 2
0 51 34: 336, 22, 0
0 51 45: 336, 22, 3
0 51 47: 336, 22, 2
0 51 50: 336, 22, 3
0 51 51: 336, 22, 0
0 51 52: 336, 22, 0
0 51 54: 336, 22, 0
0 51 57: 337, 22, 0
0 51 59: 336, 22, 3
0 51 62: 335, 22, 0
0 52 3: 336, 22, 3
0 52 6: 336, 22, 0
0 52 9: 336, 22, 0
0 52 10: 450, 10, 1
0 52 11: 336, 22, 1
0 52 12: 336, 22, 0
0 52 13: 336, 22, 1
0 52 14: 336, 22, 1
0 52 15: 337, 22, 0
0 52 16: 337, 22, 3
0 52 17: 336, 22, 0
0 52 18: 336, 22, 2
0 52 19: 336, 22, 1
0 52 21: 336, 22, 0
0 52 23: 336, 22, 3
0 52 24: 336, 22, 2
0 52 25: 336, 22, 3
0 52 27: 336, 22, 2
0 52 32: 336, 22, 3
0 52 37: 336, 22, 1
0 52 40: 336, 22, 2
0 52 41: 335, 22, 1
0 52 46: 336, 22, 0
0 52 48: 337, 22, 3
0 52 51: 336, 22, 1
0 52 54: 336, 22, 0
0 52 56: 336, 22, 2
0 52 61: 336, 22, 0
0 53 2: 336, 22, 0
0 53 6: 336, 22, 0
0 53 10: 336, 22, 1
0 53 12: 336, 22, 1
0 53 13: 336, 22, 1
0 53 14: 336, 22, 2
0 53 15: 336, 22, 3
0 53 16: 336, 22, 3
0 53 17: 336, 22, 0
0 53 18: 336, 22, 0
0 53 20: 335, 22, 0
0 53 21: 336, 22, 3
0 53 22: 336, 22, 3
0 53 24: 336, 22, 2
0 53 25: 337, 22, 1
0 53 26: 336, 22, 1
0 53 28: 336, 22, 3
0 53 30: 336, 22, 3
0 53 34: 337, 22, 2
0 53 37: 336, 22, 1
0 53 41: 336, 22, 2
0 53 44: 337, 22, 0
0 53 47: 336, 22, 0
0 53 50: 336, 22, 1
0 53 53: 336, 22, 0
0 53 58: 336, 22, 1
0 53 60: 336, 22, 0
0 54 3: 336, 22, 0
0 54 8: 336, 22, 3
0 54 11: 336, 22, 1
0 54 12: 336, 22, 2
0 54 13: 336, 22, 2
0 54 14: 337, 22, 2
0 54 16: 336, 22, 2
0 54 17: 336, 22, 0
0 54 19: 336, 22, 0
0 54 20: 336, 22, 3
0 54 23: 337, 22, 1
0 54 27: 337, 22, 1
0 54 29: 336, 22, 2
0 54 36: 336, 22, 1
0 54 42: 336, 22, 3
0 54 44: 336, 22, 0
0 54 50: 336, 22, 0
0 54 54: 337, 22, 2
0 54 55: 336, 22, 1
0 54 57: 335, 22, 2
0 54 60: 336, 22, 3
0 55 6: 337, 22, 1
0 55 9: 336, 22, 2
0 55 12: 336, 22, 0
0 55 13: 336, 22, 1
0 55 14: 336, 22, 2
0 55 15: 336, 22, 2
0 55 16: 336, 22, 3
0 55 17: 336, 22, 3
0 55 19: 336, 22, 2
0 55 22: 336, 22, 0
0 55 25: 336, 22, 3
0 55 31: 337, 22, 3
0 55 34: 336, 22, 0
0 55 41: 337, 22, 1
0 55 47: 335, 22, 2
0 55 49: 336, 22, 3
0 55 51: 337, 22, 1
0 55 53: 336, 22, 1
0 55 58: 336, 22, 1
0 55 60: 336, 22, 3
0 55 61: 335, 22, 3
0 55 62: 336, 22, 0
0 56 4: 336, 22, 1
0 56 5: 336, 22, 2
0 56 11: 335, 22, 2
0 56 21: 336, 22, 0
0 56 22: 336, 22, 0
0 56 23: 336, 22, 3
0 56 26: 335, 22, 1
0 56 30: 336, 22, 2
0 56 31: 336, 22, 3
0 56 32: 336, 22, 0
0 56 40: 336, 22, 2
0 56 43: 336, 22, 3
0 56 44: 336, 22, 3
0 56 45: 336, 22, 0
0 56 50: 336, 22, 3
0 56 53: 336, 22, 3
0 56 55: 336, 22, 3
0 56 57: 336, 22, 0
0 56 60: 336, 22, 3
0 56 62: 336, 22, 1
0 57 6: 336, 22, 2
0 57 10: 336, 22, 1
0 57 11: 336, 22, 0
0 57 13: 336, 22, 3
0 57 15: 336, 22, 2
0 57 17: 336, 22, 1
0 57 18: 336, 22, 1
0 57 20: 336, 22, 0
0 57 22: 336, 22, 2
0 57 24: 337, 22, 0
0 57 28: 336, 22, 2
0 57 31: 337, 22, 3
0 57 33: 336, 22, 3
0 57 42: 336, 22, 2
0 57 44: 828, 22, 1
0 57 48: 336, 22, 3
0 57 50: 336, 22, 0
0 57 60: 336, 22, 2
0 57 61: 336, 22, 2
0 58 0: 325, 22, 3
0 58 8: 336, 22, 3
0 58 10: 336, 22, 1
0 58 12: 336, 22, 0
0 58 13: 337, 22, 0
0 58 16: 336, 22, 3
0 58 20: 336, 22, 1
0 58 21: 336, 22, 1
0 58 23: 336, 22, 1
0 58 26: 336, 22, 1
0 58 30: 336, 22, 3
0 58 38: 325, 22, 1
0 58 41: 336, 22, 2
0 58 45: 336, 22, 0
0 58 51: 335, 22, 0
0 58 52: 336, 22, 2
0 58 56: 826, 22, 2
0 58 58: 336, 22, 2
0 59 0: 325, 22, 0
0 59 8: 336, 22, 3
0 59 12: 336, 22, 2
0 59 18: 335, 22, 3
0 59 26: 336, 22, 2
0 59 27: 336, 22, 2
0 59 36: 325, 22, 0
0 59 38: 325, 22, 2
0 59 41: 335, 22, 0
0 59 44: 336, 22, 1
0 59 46: 336, 22, 2
0 59 48: 336, 22, 0
0 59 49: 336, 22, 1
0 59 50: 336, 22, 2
0 59 52: 336, 22, 2
0 59 54: 336, 22, 2
0 59 59: 337, 22, 2
0 60 1: 325, 22, 2
0 60 10: 336, 22, 0
0 60 12: 336, 22, 2
0 60 14: 337, 22, 3
0 60 17: 336, 22, 3
0 60 19: 336, 22, 0
0 60 20: 337, 22, 2
0 60 22: 336, 22, 2
0 60 24: 336, 22, 1
0 60 35: 325, 22, 3
0 60 36: 325, 22, 0
0 60 37: 324, 22, 2
0 60 38: 325, 22, 3
0 60 48: 335, 22, 3
0 60 50: 336, 22, 2
0 60 53: 336, 22, 2
0 60 54: 336, 22, 2
0 60 55: 336, 22, 3
0 60 57: 336, 22, 1
0 60 62: 335, 22, 0
0 61 0: 325, 22, 2
0 61 1: 326, 22, 0
0 61 3: 326, 22, 1
0 61 13: 336, 22, 3
0 61 16: 336, 22, 0
0 61 18: 336, 22, 1
0 61 21: 336, 22, 2
0 61 34: 325, 22, 2
0 61 35: 325, 22, 2
0 61 37: 325, 22, 1
0 61 38: 325, 22, 0
0 61 42: 337, 22, 1
0 61 44: 336, 22, 2
0 61 45: 336, 22, 1
0 61 46: 336, 22, 1
0 61 49: 336, 22, 3
0 61 55: 336, 22, 3
0 61 56: 337, 22, 1
0 61 59: 336, 22, 1
0 61 60: 336, 22, 2
0 61 61: 336, 22, 2
0 62 1: 325, 22, 3
0 62 2: 325, 22, 3
0 62 3: 325, 22, 1
0 62 4: 325, 22, 1
0 62 33: 325, 22, 1
0 62 35: 1249, 22, 3
0 62 36: 1383, 11, 3
0 62 38: 325, 22, 0
0 62 47: 336, 22, 0
0 62 51: 336, 22, 1
0 62 53: 337, 22, 0
0 62 56: 336, 22, 0
0 62 58: 336, 22, 1
0 62 62: 336, 22, 3
0 63 0: 325, 22, 1
0 63 1: 325, 22, 0
0 63 2: 325, 22, 0
0 63 3: 325, 22, 0
0 63 5: 325, 22, 1
0 63 13: 325, 22, 3
0 63 14: 325, 22, 2
0 63 15: 325, 22, 2
0 63 16: 325, 22, 1
0 63 17: 325, 22, 1
0 63 29: 326, 22, 3
0 63 31: 325, 22, 3
0 63 33: 324, 22, 2
0 63 35: 325, 22, 2
0 63 36: 325, 22, 0
0 63 37: 325, 22, 0
0 63 38: 326, 22, 3
0 63 44: 336, 22, 3
0 63 56: 336, 22, 0
0 63 59: 337, 22, 3
