0 0 3: 1250, 22, 0
0 0 4: 1250, 22, 1
0 0 12: 325, 22, 3
0 0 14: 325, 22, 2
0 0 16: 325, 22, 2
0 0 18: 325, 22, 3
0 0 19: 325, 22, 0
0 0 21: 325, 22, 0
0 0 22: 325, 22, 0
0 0 23: 325, 22, 1
0 0 28: 325, 22, 0
0 0 30: 325, 22, 1
0 0 34: 325, 22, 3
0 0 40: 325, 22, 1
0 0 41: 325, 22, 1
0 0 45: 336, 22, 1
0 0 47: 337, 22, 3
0 0 49: 336, 22, 3
0 0 50: 336, 22, 0
0 0 51: 336, 22, 1
0 0 53: 336, 22, 3
0 0 54: 336, 22, 2
0 0 56: 336, 22, 2
0 0 57: 336, 22, 1
0 0 58: 336, 22, 0
0 0 59: 336, 22, 0
0 0 60: 336, 22, 3
0 0 61: 335, 22, 0
0 0 63: 336, 22, 0
0 1 1: 1383, 10, 1
0 1 4: 1286, 10, 0
0 1 7: 325, 22, 3
0 1 8: 325, 22, 0
0 1 9: 325, 22, 0
0 1 11: 325, 22, 3
0 1 14: 325, 22, 1
0 1 16: 325, 22, 1
0 1 17: 325, 22, 1
0 1 19: 326, 22, 2
0 1 24: 325, 22, 1
0 1 25: 325, 22, 2
0 1 26: 325, 22, 3
0 1 27: 325, 22, 0
0 1 29: 324, 22, 0
0 1 31: 325, 22, 1
0 1 33: 325, 22, 3
0 1 35: 325, 22, 2
0 1 37: 325, 22, 2
0 1 40: 325, 22, 0
0 1 42: 325, 22, 2
0 1 45: 336, 22, 2
0 1 46: 336, 22, 1
0 1 47: 336, 22, 2
0 1 48: 336, 22, 3
0 1 50: 336, 22, 1
0 1 51: 336, 22, 0
0 1 52: 336, 22, 2
0 1 53: 336, 22, 2
0 1 55: 337, 22, 2
0 1 56: 336, 22, 0
0 1 58: 336, 22, 1
0 1 59: 336, 22, 1
0 1 61: 336, 22, 2
0 1 62: 336, 22, 3
0 1 63: 337, 22, 1
0 2 0: 325, 22, 0
0 2 2: 1250, 22, 3
0 2 3: 1249, 22, 3
0 2 5: 1250, 22, 2
0 2 8: 325, 22, 3
0 2 10: 325, 22, 1
0 2 12: 325, 22, 0
0 2 13: 1341, 10, 0
0 2 18: 325, 22, 0
0 2 20: 325, 22, 3
0 2 22: 324, 22, 3
0 2 24: 325, 22, 2
0 2 27: 326, 22, 3
0 2 33: 325, 22, 2
0 2 38: 1341, 10, 3
0 2 39: 325, 22, 0
0 2 40: 325, 22, 0
0 2 41: 324, 22, 0
0 2 44: 325, 22, 0
0 2 46: 336, 22, 0
0 2 47: 336, 22, 0
0 2 50: 335, 22, 0
0 2 52: 336, 22, 0
0 2 54: 336, 22, 0
0 2 56: 336, 22, 1
0 2 57: 825, 22, 3
0 2 59: 336, 22, 1
0 2 60: 1384, 10, 1
0 2 62: 336, 22, 1
0 2 63: 336, 22, 2
0 3 1: 1250, 22, 2
0 3 2: 1286, 10, 1
0 3 4: 1282, 10, 1
0 3 6: 1249, 22, 0
0 3 8: 325, 22, 2
0 3 10: 325, 22, 2
0 3 15: 325, 22, 2
0 3 17: 324, 22, 2
0 3 20: 325, 22, 3
0 3 25: 325, 22, 2
0 3 28: 325, 22, 3
0 3 30: 325, 22, 0
0 3 33: 324, 22, 2
0 3 35: 325, 22, 1
0 3 37: 325, 22, 2
0 3 38: 325, 22, 3
0 3 39: 325, 22, 0
0 3 41: 325, 22, 3
0 3 44: 325, 22, 1
0 3 48: 336, 22, 1
0 3 49: 336, 22, 2
0 3 52: 336, 22, 3
0 3 53: 1384, 10, 0
0 3 54: 336, 22, 0
0 3 55: 336, 22, 1
0 3 56: 336, 22, 2
0 3 57: 336, 22, 3
0 3 58: 335, 22, 3
0 3 59: 336, 22, 3
0 3 60: 336, 22, 3
0 3 61: 336, 22, 2
0 3 63: 336, 22, 1
0 4 0: 325, 22, 1
0 4 3: 1250, 22, 2
0 4 8: 325, 22, 2
0 4 9: 325, 22, 2
0 4 11: 325, 22, 0
0 4 13: 325, 22, 1
0 4 14: 325, 22, 2
0 4 16: 325, 22, 3
0 4 18: 325, 22, 2
0 4 25: 336, 22, 2
0 4 31: 326, 22, 0
0 4 34: 325, 22, 0
0 4 39: 325, 22, 0
0 4 42: 325, 22, 2
0 4 43: 325, 22, 1
0 4 44: 325, 22, 2
0 4 46: 325, 22, 1
0 4 50: 336, 22, 2
0 4 52: 336, 22, 2
0 4 53: 336, 22, 1
0 4 57: 336, 22, 2
0 4 59: 336, 22, 1
0 4 60: 336, 22, 2
0 4 61: 336, 22, 0
0 4 62: 335, 22, 1
0 4 63: 336, 22, 1
0 5 1: 1250, 22, 3
0 5 2: 1383, 10, 3
0 5 3: 1250, 22, 1
0 5 8: 325, 22, 2
0 5 10: 1341, 10, 1
0 5 15: 324, 22, 1
0 5 17: 325, 22, 1
0 5 24: 336, 22, 3
0 5 25: 336, 22, 0
0 5 37: 325, 22, 1
0 5 38: 325, 22, 1
0 5 43: 326, 22, 2
0 5 45: 325, 22, 2
0 5 48: 325, 22, 2
0 5 51: 336, 22, 3
0 5 54: 336, 22, 0
0 5 55: 336, 22, 0
0 5 56: 336, 22, 3
0 5 57: 336, 22, 0
0 5 58: 336, 22, 1
0 5 59: 826, 22, 2
0 5 60: 336, 22, 1
0 5 62: 664, 10, 1
0 5 63: 336, 22, 3
0 6 1: 1250, 22, 3
0 6 2: 1249, 22, 1
0 6 4: 1286, 10, 2
0 6 6: 1250, 22, 1
0 6 8: 325, 22, 0
0 6 9: 325, 22, 3
0 6 11: 325, 22, 3
0 6 12: 324, 22, 0
0 6 16: 325, 22, 0
0 6 20: 336, 22, 0
0 6 21: 335, 22, 1
0 6 23: 336, 22, 3
0 6 24: 335, 22, 2
0 6 26: 336, 22, 1
0 6 33: 325, 22, 3
0 6 36: 325, 22, 2
0 6 40: 324, 22, 3
0 6 42: 325, 22, 2
0 6 43: 325, 22, 1
0 6 46: 1341, 10, 1
0 6 48: 325, 22, 3
0 6 49: 325, 22, 0
0 6 52: 336, 22, 0
0 6 53: 336, 22, 0
0 6 55: 336, 22, 3
0 6 56: 336, 22, 3
0 6 57: 336, 22, 0
0 6 58: 336, 22, 1
0 6 59: 336, 22, 0
0 6 60: 336, 22, 3
0 6 61: 336, 22, 3
0 6 62: 336, 22, 0
0 7 1: 1383, 10, 2
0 7 3: 1250, 22, 0
0 7 5: 1250, 22, 0
0 7 8: 325, 22, 0
0 7 9: 325, 22, 2
0 7 10: 325, 22, 2
0 7 11: 325, 22, 3
0 7 13: 325, 22, 3
0 7 14: 325, 22, 0
0 7 20: 336, 22, 0
0 7 22: 336, 22, 2
0 7 25: 336, 22, 0
0 7 27: 335, 22, 0
0 7 28: 336, 22, 2
0 7 30: 336, 22, 0
0 7 34: 326, 22, 1
0 7 36: 325, 22, 3
0 7 37: 325, 22, 0
0 7 38: 325, 22, 0
0 7 41: 325, 22, 3
0 7 50: 325, 22, 3
0 7 51: 325, 22, 0
0 7 54: 336, 22, 1
0 7 57: 336, 22, 2
0 7 60: 336, 22, 2
0 7 61: 1384, 10, 2
0 7 62: 336, 22, 0
0 7 63: 337, 22, 2
0 8 2: 1250, 22, 3
0 8 4: 1250, 22, 3
0 8 8: 325, 22, 0
0 8 9: 325, 22, 1
0 8 16: 325, 22, 0
0 8 18: 336, 22, 1
0 8 19: 336, 22, 1
0 8 22: 336, 22, 1
0 8 22: 663, 10, 3
0 8 25: 660, 10, 3
0 8 27: 336, 22, 0
0 8 29: 336, 22, 3
0 8 35: 325, 22, 3
0 8 38: 325, 22, 1
0 8 42: 325, 22, 0
0 8 44: 326, 22, 2
0 8 45: 325, 22, 3
0 8 46: 325, 22, 3
0 8 49: 325, 22, 0
0 8 50: 325, 22, 0
0 8 56: 336, 22, 2
0 8 58: 336, 22, 1
0 8 59: 337, 22, 0
0 8 60: 336, 22, 1
0 8 61: 336, 22, 2
0 8 62: 336, 22, 3
0 8 63: 336, 22, 2
0 9 0: 1250, 22, 1
0 9 1: 1383, 10, 2
0 9 3: 1250, 22, 3
0 9 7: 325, 22, 2
0 9 9: 325, 22, 3
0 9 10: 325, 22, 0
0 9 11: 325, 22, 1
0 9 12: 325, 22, 1
0 9 13: 325, 22, 2
0 9 14: 326, 22, 1
0 9 20: 335, 22, 0
0 9 22: 336, 22, 1
0 9 24: 336, 22, 2
0 9 26: 337, 22, 0
0 9 30: 335, 22, 1
0 9 31: 336, 22, 3
0 9 37: 324, 22, 2
0 9 39: 326, 22, 3
0 9 41: 325, 22, 3
0 9 42: 325, 22, 0
0 9 47: 325, 22, 3
0 9 51: 325, 22, 3
0 9 52: 325, 22, 1
0 9 57: 336, 22, 3
0 9 60: 336, 22, 3
0 9 61: 336, 22, 3
0 9 62: 336, 22, 1
0 9 63: 336, 22, 1
0 10 2: 1250, 22, 2
0 10 3: 1250, 22, 3
0 10 7: 325, 22, 3
0 10 13: 325, 22, 2
0 10 14: 325, 22, 1
0 10 15: 325, 22, 1
0 10 16: 325, 22, 0
0 10 19: 336, 22, 2
0 10 21: 336, 22, 3
0 10 22: 336, 22, 0
0 10 24: 700, 10, 0
0 10 25: 661, 11, 0
0 10 27: 336, 22, 3
0 10 30: 336, 22, 1
0 10 32: 336, 22, 0
0 10 38: 325, 22, 2
0 10 43: 325, 22, 1
0 10 44: 325, 22, 2
0 10 46: 1297, 10, 2
0 10 48: 1250, 22, 2
0 10 50: 1250, 22, 0
0 10 51: 1250, 22, 1
0 10 52: 325, 22, 3
0 10 53: 325, 22, 2
0 10 54: 325, 22, 1
0 10 59: 336, 22, 0
0 10 60: 336, 22, 1
0 10 62: 335, 22, 1
0 11 1: 1250, 22, 0
0 11 3: 1250, 22, 2
0 11 4: 1383, 10, 2
0 11 9: 1250, 22, 2
0 11 11: 1250, 22, 0
0 11 14: 325, 22, 2
0 11 15: 325, 22, 1
0 11 19: 336, 22, 2
0 11 21: 336, 22, 3
0 11 22: 337, 22, 0
0 11 23: 662, 10, 0
0 11 25: 699, 11, 3
0 11 27: 336, 22, 3
0 11 28: 336, 22, 3
0 11 31: 337, 22, 3
0 11 32: 336, 22, 2
0 11 37: 325, 22, 3
0 11 40: 325, 22, 2
0 11 42: 325, 22, 3
0 11 48: 1383, 10, 3
0 11 49: 1250, 22, 3
0 11 50: 1383, 10, 0
0 11 51: 1250, 22, 2
0 11 56: 325, 22, 2
0 11 57: 325, 22, 0
0 11 61: 336, 22, 2
0 11 63: 336, 22, 0
0 12 0: 325, 22, 2
0 12 2: 1250, 22, 2
0 12 2: 1383, 10, 3
0 12 5: 1250, 22, 1
0 12 6: 1383, 10, 1
0 12 7: 1250, 22, 0
0 12 10: 1250, 22, 3
0 12 14: 325, 22, 2
0 12 15: 325, 22, 3
0 12 20: 336, 22, 0
0 12 24: 337, 22, 3
0 12 27: 336, 22, 1
0 12 28: 336, 22, 0
0 12 30: 336, 22, 3
0 12 30: 700, 10, 2
0 12 32: 336, 22, 2
0 12 33: 336, 22, 0
0 12 34: 336, 22, 1
0 12 37: 325, 22, 3
0 12 38: 326, 22, 3
0 12 39: 325, 22, 1
0 12 41: 325, 22, 3
0 12 43: 325, 22, 2
0 12 45: 325, 22, 2
0 12 47: 1250, 22, 1
0 12 48: 1249, 22, 3
0 12 50: 1250, 22, 3
0 12 52: 1286, 10, 1
0 12 53: 1250, 22, 2
0 12 55: 325, 22, 3
0 12 58: 325, 22, 1
0 12 63: 336, 22, 3
0 13 0: 325, 22, 3
0 13 3: 1249, 22, 0
0 13 4: 1383, 10, 1
0 13 7: 1250, 22, 0
0 13 8: 1383, 10, 2
0 13 11: 1383, 10, 1
0 13 14: 324, 22, 3
0 13 17: 325, 22, 1
0 13 19: 336, 22, 1
0 13 21: 335, 22, 2
0 13 22: 336, 22, 0
0 13 24: 336, 22, 0
0 13 27: 697, 10, 2
0 13 29: 337, 22, 2
0 13 30: 336, 22, 0
0 13 32: 335, 22, 2
0 13 34: 336, 22, 0
0 13 38: 325, 22, 0
0 13 39: 325, 22, 0
0 13 40: 324, 22, 1
0 13 42: 326, 22, 0
0 13 44: 325, 22, 2
0 13 47: 1286, 10, 0
0 13 49: 1282, 10, 1
0 13 51: 1249, 22, 2
0 13 52: 1250, 22, 0
0 13 54: 1286, 10, 2
0 13 55: 1250, 22, 3
0 13 57: 325, 22, 0
0 14 0: 325, 22, 3
0 14 1: 1250, 22, 3
0 14 2: 1286, 10, 0
0 14 3: 1249, 22, 2
0 14 6: 1250, 22, 3
0 14 9: 325, 22, 0
0 14 11: 1249, 22, 1
0 14 12: 1250, 22, 1
0 14 14: 325, 22, 3
0 14 15: 325, 22, 0
0 14 23: 336, 22, 3
0 14 25: 337, 22, 1
0 14 27: 335, 22, 2
0 14 29: 662, 10, 1
0 14 33: 336, 22, 3
0 14 34: 337, 22, 2
0 14 35: 336, 22, 0
0 14 41: 325, 22, 0
0 14 42: 325, 22, 0
0 14 46: 1250, 22, 0
0 14 48: 1171, 10, 1
0 14 51: 1250, 22, 1
0 14 52: 1383, 10, 1
0 14 54: 1249, 22, 1
0 14 58: 326, 22, 0
0 14 60: 324, 22, 0
0 14 62: 325, 22, 1
0 14 63: 325, 22, 0
0 15 1: 1250, 22, 1
0 15 2: 1250, 22, 1
0 15 3: 1250, 22, 1
0 15 4: 1250, 22, 2
0 15 5: 1383, 10, 0
0 15 8: 325, 22, 3
0 15 10: 1250, 22, 1
0 15 11: 1282, 10, 1
0 15 13: 1250, 22, 0
0 15 16: 325, 22, 0
0 15 17: 325, 22, 3
0 15 19: 336, 22, 2
0 15 20: 336, 22, 2
0 15 21: 336, 22, 3
0 15 22: 336, 22, 3
0 15 23: 335, 22, 3
0 15 24: 336, 22, 1
0 15 25: 336, 22, 1
0 15 26: 702, 10, 3
0 15 27: 336, 22, 0
0 15 28: 336, 22, 1
0 15 30: 336, 22, 2
0 15 31: 336, 22, 3
0 15 32: 336, 22, 1
0 15 33: 336, 22, 0
0 15 35: 336, 22, 3
0 15 39: 325, 22, 2
0 15 40: 325, 22, 3
0 15 41: 325, 22, 0
0 15 46: 1383, 10, 2
0 15 47: 1250, 22, 3
0 15 48: 1249, 22, 1
0 15 49: 1383, 10, 3
0 15 50: 1171, 10, 0
0 15 52: 1282, 10, 3
0 15 57: 325, 22, 3
0 16 0: 1286, 10, 2
0 16 2: 1282, 10, 3
0 16 5: 1250, 22, 2
0 16 6: 325, 22, 3
0 16 7: 325, 22, 2
0 16 9: 1250, 22, 0
0 16 13: 1250, 22, 1
0 16 15: 325, 22, 2
0 16 18: 325, 22, 0
0 16 23: 336, 22, 2
0 16 24: 700, 10, 1
0 16 25: 336, 22, 2
0 16 27: 336, 22, 0
0 16 28: 668, 10, 0
0 16 30: 337, 22, 0
0 16 30: 663, 10, 2
0 16 32: 337, 22, 1
0 16 37: 336, 22, 3
0 16 39: 325, 22, 2
0 16 40: 325, 22, 3
0 16 42: 325, 22, 0
0 16 44: 325, 22, 1
0 16 45: 1250, 22, 0
0 16 46: 1250, 22, 2
0 16 50: 1250, 22, 3
0 16 51: 1250, 22, 1
0 16 54: 1250, 22, 2
0 16 55: 1286, 10, 3
0 16 56: 1250, 22, 0
0 16 57: 325, 22, 2
0 16 59: 325, 22, 1
0 16 62: 324, 22, 1
0 16 63: 325, 22, 3
0 17 0: 1250, 22, 0
0 17 4: 1383, 10, 1
0 17 7: 1250, 22, 2
0 17 8: 1250, 22, 3
0 17 11: 1249, 22, 0
0 17 13: 1250, 22, 3
0 17 16: 325, 22, 2
0 17 17: 325, 22, 3
0 17 19: 325, 22, 1
0 17 23: 336, 22, 1
0 17 28: 336, 22, 1
0 17 29: 337, 22, 2
0 17 30: 336, 22, 2
0 17 31: 660, 10, 2
0 17 32: 702, 10, 1
0 17 36: 335, 22, 0
0 17 37: 336, 22, 3
0 17 41: 326, 22, 1
0 17 47: 1286, 10, 3
0 17 48: 1249, 22, 0
0 17 49: 1282, 10, 2
0 17 52: 1249, 22, 2
0 17 54: 1250, 22, 2
0 17 57: 1341, 10, 1
0 17 60: 325, 22, 3
0 18 2: 1286, 10, 3
0 18 3: 1250, 22, 3
0 18 4: 1250, 22, 1
0 18 6: 325, 22, 3
0 18 9: 1383, 10, 0
0 18 10: 1250, 22, 1
0 18 11: 1250, 22, 0
0 18 12: 1286, 10, 1
0 18 13: 1250, 22, 2
0 18 17: 326, 22, 3
0 18 18: 325, 22, 3
0 18 23: 336, 22, 0
0 18 24: 663, 10, 0
0 18 25: 335, 22, 3
0 18 26: 336, 22, 3
0 18 29: 336, 22, 3
0 18 30: 336, 22, 2
0 18 31: 336, 22, 1
0 18 33: 337, 22, 1
0 18 34: 336, 22, 1
0 18 35: 336, 22, 1
0 18 36: 336, 22, 1
0 18 43: 324, 22, 3
0 18 44: 325, 22, 0
0 18 45: 325, 22, 0
0 18 46: 1250, 22, 2
0 18 47: 1250, 22, 1
0 18 51: 1249, 22, 3
0 18 54: 1250, 22, 3
0 18 55: 1250, 22, 1
0 18 60: 325, 22, 3
0 18 63: 325, 22, 2
0 19 1: 1250, 22, 3
0 19 1: 1383, 10, 3
0 19 6: 1250, 22, 1
0 19 8: 1250, 22, 3
0 19 9: 1250, 22, 1
0 19 12: 1250, 22, 3
0 19 14: 325, 22, 0
0 19 14: 1297, 10, 2
0 19 15: 325, 22, 1
0 19 16: 325, 22, 0
0 19 17: 325, 22, 0
0 19 18: 325, 22, 0
0 19 20: 325, 22, 2
0 19 25: 336, 22, 3
0 19 27: 702, 11, 1
0 19 28: 336, 22, 1
0 19 29: 702, 11, 1
0 19 31: 337, 22, 1
0 19 33: 336, 22, 2
0 19 34: 336, 22, 3
0 19 35: 337, 22, 2
0 19 36: 336, 22, 2
0 19 38: 336, 22, 2
0 19 40: 325, 22, 1
0 19 45: 325, 22, 0
0 19 47: 1250, 22, 3
0 19 48: 1250, 22, 0
0 19 50: 1250, 22, 2
0 19 52: 1383, 10, 2
0 19 53: 1250, 22, 2
0 19 54: 1383, 10, 3
0 19 55: 325, 22, 3
0 19 57: 325, 22, 1
0 19 58: 325, 22, 1
0 20 2: 1383, 10, 1
0 20 4: 1250, 22, 0
0 20 4: 1286, 10, 0
0 20 9: 1249, 22, 3
0 20 10: 1171, 10, 1
0 20 11: 1250, 22, 2
0 20 15: 325, 22, 1
0 20 19: 325, 22, 1
0 20 20: 325, 22, 2
0 20 25: 336, 22, 2
0 20 27: 336, 22, 3
0 20 28: 336, 22, 0
0 20 30: 697, 10, 1
0 20 32: 663, 10, 2
0 20 36: 336, 22, 3
0 20 37: 335, 22, 3
0 20 42: 325, 22, 2
0 20 47: 1383, 10, 0
0 20 49: 1250, 22, 1
0 20 50: 1383, 10, 1
0 20 51: 1171, 10, 3
0 20 52: 1250, 22, 1
0 20 56: 325, 22, 0
0 20 61: 326, 22, 1
0 20 63: 325, 22, 2
0 21 0: 325, 22, 0
0 21 1: 1250, 22, 0
0 21 3: 1250, 22, 0
0 21 5: 1250, 22, 0
0 21 7: 1249, 22, 2
0 21 8: 1282, 10, 1
0 21 11: 1286, 10, 3
0 21 12: 1250, 22, 1
0 21 13: 1250, 22, 1
0 21 15: 325, 22, 1
0 21 17: 324, 22, 1
0 21 20: 325, 22, 1
0 21 21: 325, 22, 2
0 21 25: 337, 22, 3
0 21 26: 336, 22, 3
0 21 27: 337, 22, 2
0 21 28: 335, 22, 1
0 21 31: 336, 22, 0
0 21 33: 336, 22, 3
0 21 35: 336, 22, 3
0 21 36: 335, 22, 1
0 21 38: 336, 22, 2
0 21 40: 336, 22, 2
0 21 43: 325, 22, 1
0 21 46: 1250, 22, 2
0 21 48: 1249, 22, 0
0 21 49: 1286, 10, 2
0 21 50: 1250, 22, 0
0 21 52: 1250, 22, 1
0 21 53: 1383, 10, 2
0 21 54: 1250, 22, 1
0 21 56: 325, 22, 3
0 21 59: 325, 22, 3
0 22 0: 325, 22, 3
0 22 2: 1383, 10, 0
0 22 4: 1250, 22, 1
0 22 5: 1250, 22, 3
0 22 6: 325, 22, 2
0 22 11: 1250, 22, 1
0 22 13: 1250, 22, 1
0 22 18: 325, 22, 0
0 22 21: 325, 22, 2
0 22 25: 702, 10, 1
0 22 26: 336, 22, 1
0 22 27: 697, 11, 3
0 22 28: 336, 22, 0
0 22 29: 336, 22, 3
0 22 29: 702, 11, 2
0 22 30: 335, 22, 2
0 22 34: 335, 22, 3
0 22 35: 336, 22, 0
0 22 40: 336, 22, 2
0 22 41: 336, 22, 2
0 22 42: 325, 22, 2
0 22 43: 325, 22, 1
0 22 44: 325, 22, 0
0 22 51: 1383, 10, 2
0 22 52: 1249, 22, 0
0 22 55: 325, 22, 0
0 22 56: 1341, 10, 3
0 22 57: 325, 22, 2
0 22 60: 325, 22, 1
0 22 62: 325, 22, 0
0 23 0: 325, 22, 2
0 23 2: 1250, 22, 1
0 23 3: 1249, 22, 2
0 23 4: 1383, 10, 2
0 23 6: 325, 22, 1
0 23 7: 1250, 22, 2
0 23 9: 1171, 10, 2
0 23 10: 1250, 22, 0
0 23 12: 1171, 10, 0
0 23 14: 1250, 22, 1
0 23 17: 325, 22, 1
0 23 19: 326, 22, 3
0 23 21: 325, 22, 3
0 23 25: 336, 22, 1
0 23 27: 335, 22, 0
0 23 30: 661, 10, 1
0 23 31: 336, 22, 3
0 23 33: 702, 11, 2
0 23 36: 336, 22, 1
0 23 37: 336, 22, 2
0 23 38: 336, 22, 2
0 23 39: 336, 22, 1
0 23 43: 325, 22, 1
0 23 44: 325, 22, 3
0 23 48: 1250, 22, 0
0 23 49: 1383, 10, 0
0 23 50: 1250, 22, 0
0 23 52: 1286, 10, 1
0 23 53: 1250, 22, 2
0 23 55: 1250, 22, 2
0 23 56: 325, 22, 1
0 23 58: 325, 22, 0
0 24 0: 325, 22, 1
0 24 2: 1250, 22, 1
0 24 3: 1250, 22, 1
0 24 5: 325, 22, 0
0 24 8: 1250, 22, 0
0 24 10: 1383, 10, 2
0 24 12: 1250, 22, 3
0 24 14: 1250, 22, 0
0 24 15: 1341, 10, 2
0 24 19: 325, 22, 3
0 24 22: 325, 22, 1
0 24 23: 325, 22, 2
0 24 27: 336, 22, 2
0 24 28: 336, 22, 3
0 24 29: 699, 10, 3
0 24 31: 336, 22, 2
0 24 32: 662, 10, 3
0 24 35: 702, 10, 2
0 24 37: 335, 22, 2
0 24 38: 336, 22, 3
0 24 42: 336, 22, 3
0 24 44: 325, 22, 1
0 24 45: 324, 22, 3
0 24 50: 1249, 22, 1
0 24 53: 1250, 22, 1
0 24 54: 1250, 22, 3
0 24 60: 326, 22, 3
0 24 62: 326, 22, 0
0 24 63: 325, 22, 0
0 25 4: 1250, 22, 1
0 25 6: 1250, 22, 2
0 25 8: 1250, 22, 3
0 25 11: 1383, 10, 3
0 25 12: 1250, 22, 2
0 25 13: 1250, 22, 0
0 25 16: 1250, 22, 1
0 25 18: 325, 22, 2
0 25 19: 1341, 10, 2
0 25 21: 325, 22, 1
0 25 27: 336, 22, 1
0 25 33: 702, 10, 2
0 25 34: 336, 22, 0
0 25 36: 336, 22, 0
0 25 37: 336, 22, 3
0 25 39: 336, 22, 0
0 25 41: 335, 22, 3
0 25 43: 336, 22, 0
0 25 44: 325, 22, 0
0 25 46: 325, 22, 0
0 25 49: 1250, 22, 3
0 25 51: 1383, 10, 0
0 25 52: 1249, 22, 3
0 25 55: 1383, 10, 1
0 25 56: 1250, 22, 1
0 25 58: 325, 22, 1
0 25 60: 325, 22, 1
0 25 61: 325, 22, 2
0 25 63: 325, 22, 3
0 26 1: 1250, 22, 0
0 26 3: 325, 22, 0
0 26 6: 1250, 22, 0
0 26 7: 325, 22, 3
0 26 8: 1250, 22, 2
0 26 10: 1250, 22, 1
0 26 12: 325, 22, 2
0 26 13: 1250, 22, 0
0 26 15: 325, 22, 2
0 26 16: 325, 22, 3
0 26 19: 325, 22, 3
0 26 20: 325, 22, 0
0 26 23: 324, 22, 0
0 26 27: 336, 22, 1
0 26 29: 337, 22, 0
0 26 31: 702, 10, 2
0 26 32: 336, 22, 1
0 26 35: 336, 22, 1
0 26 36: 335, 22, 0
0 26 37: 336, 22, 3
0 26 38: 337, 22, 1
0 26 40: 336, 22, 3
0 26 42: 337, 22, 0
0 26 43: 336, 22, 0
0 26 46: 325, 22, 0
0 26 48: 325, 22, 3
0 26 53: 1286, 10, 0
0 26 54: 1250, 22, 0
0 26 55: 1250, 22, 3
0 26 60: 324, 22, 2
0 27 1: 1341, 10, 2
0 27 3: 1250, 22, 1
0 27 6: 1383, 10, 0
0 27 8: 1286, 10, 0
0 27 10: 1383, 10, 0
0 27 11: 1250, 22, 2
0 27 13: 325, 22, 3
0 27 16: 325, 22, 1
0 27 17: 325, 22, 3
0 27 18: 1250, 22, 0
0 27 22: 325, 22, 2
0 27 23: 325, 22, 0
0 27 24: 325, 22, 3
0 27 29: 336, 22, 1
0 27 32: 336, 22, 0
0 27 33: 335, 22, 3
0 27 35: 336, 22, 2
0 27 36: 336, 22, 3
0 27 37: 336, 22, 0
0 27 39: 336, 22, 1
0 27 40: 336, 22, 3
0 27 41: 336, 22, 3
0 27 44: 336, 22, 0
0 27 46: 325, 22, 3
0 27 49: 325, 22, 2
0 27 50: 1250, 22, 1
0 27 51: 1383, 10, 3
0 27 52: 1250, 22, 2
0 27 53: 1250, 22, 3
0 27 54: 1297, 10, 0
0 27 55: 325, 22, 3
0 27 56: 325, 22, 2
0 27 58: 325, 22, 0
0 27 59: 325, 22, 1
0 27 61: 325, 22, 0
0 28 2: 1250, 22, 3
0 28 4: 1383, 10, 3
0 28 7: 1250, 22, 3
0 28 9: 1249, 22, 1
0 28 14: 325, 22, 0
0 28 16: 325, 22, 3
0 28 17: 325, 22, 3
0 28 18: 325, 22, 0
0 28 20: 1250, 22, 3
0 28 22: 325, 22, 2
0 28 25: 325, 22, 2
0 28 29: 336, 22, 2
0 28 30: 702, 10, 2
0 28 31: 336, 22, 3
0 28 32: 702, 11, 1
0 28 33: 336, 22, 2
0 28 35: 337, 22, 2
0 28 36: 336, 22, 3
0 28 37: 337, 22, 0
0 28 38: 335, 22, 1
0 28 42: 336, 22, 0
0 28 43: 337, 22, 3
0 28 50: 325, 22, 2
0 28 52: 1249, 22, 2
0 28 53: 1250, 22, 1
0 28 62: 326, 22, 0
0 29 0: 325, 22, 1
0 29 1: 325, 22, 2
0 29 6: 1249, 22, 3
0 29 9: 1282, 10, 1
0 29 12: 1250, 22, 0
0 29 15: 325, 22, 0
0 29 17: 325, 22, 0
0 29 19: 325, 22, 0
0 29 20: 1341, 10, 1
0 29 21: 325, 22, 1
0 29 23: 325, 22, 0
0 29 24: 326, 22, 2
0 29 25: 325, 22, 2
0 29 31: 335, 22, 1
0 29 34: 702, 10, 3
0 29 36: 336, 22, 0
0 29 37: 336, 22, 1
0 29 39: 336, 22, 3
0 29 41: 336, 22, 2
0 29 42: 336, 22, 1
0 29 44: 336, 22, 1
0 29 45: 325, 22, 2
0 29 47: 325, 22, 0
0 29 49: 325, 22, 1
0 29 51: 325, 22, 2
0 29 53: 1383, 10, 3
0 29 56: 325, 22, 0
0 29 58: 1341, 10, 2
0 29 60: 325, 22, 2
0 29 61: 325, 22, 3
0 30 0: 325, 22, 1
0 30 3: 325, 22, 3
0 30 5: 1250, 22, 3
0 30 7: 1383, 10, 1
0 30 12: 1383, 10, 3
0 30 14: 1250, 22, 1
0 30 17: 1341, 10, 1
0 30 18: 325, 22, 0
0 30 19: 325, 22, 0
0 30 20: 1250, 22, 2
0 30 21: 325, 22, 2
0 30 23: 325, 22, 0
0 30 24: 325, 22, 0
0 30 25: 325, 22, 1
0 30 29: 337, 22, 3
0 30 30: 660, 10, 1
0 30 32: 336, 22, 1
0 30 33: 699, 10, 2
0 30 37: 336, 22, 1
0 30 38: 336, 22, 2
0 30 40: 336, 22, 3
0 30 42: 336, 22, 3
0 30 43: 335, 22, 2
0 30 51: 325, 22, 0
0 30 53: 1250, 22, 0
0 30 54: 325, 22, 0
0 30 56: 325, 22, 3
0 30 57: 325, 22, 2
0 30 58: 325, 22, 2
0 30 59: 325, 22, 1
0 30 62: 325, 22, 0
0 31 0: 325, 22, 0
0 31 2: 1250, 22, 3
0 31 3: 1250, 22, 2
0 31 5: 1383, 10, 2
0 31 7: 1250, 22, 0
0 31 9: 1249, 22, 0
0 31 10: 1286, 10, 2
0 31 11: 1250, 22, 2
0 31 12: 1250, 22, 3
0 31 13: 1250, 22, 0
0 31 16: 326, 22, 1
0 31 17: 325, 22, 1
0 31 19: 325, 22, 3
0 31 20: 325, 22, 3
0 31 21: 325, 22, 2
0 31 23: 325, 22, 0
0 31 24: 325, 22, 0
0 31 25: 325, 22, 1
0 31 26: 325, 22, 1
0 31 31: 702, 10, 0
0 31 32: 336, 22, 0
0 31 36: 337, 22, 3
0 31 37: 663, 10, 3
0 31 40: 335, 22, 0
0 31 42: 336, 22, 0
0 31 44: 337, 22, 2
0 31 46: 325, 22, 1
0 31 48: 325, 22, 1
0 31 50: 325, 22, 1
0 31 52: 325, 22, 1
0 32 1: 1250, 22, 3
0 32 3: 1383, 10, 1
0 32 6: 1250, 22, 0
0 32 9: 1383, 10, 2
0 32 10: 1250, 22, 1
0 32 11: 325, 22, 1
0 32 14: 325, 22, 2
0 32 14: 1297, 10, 3
0 32 15: 325, 22, 1
0 32 16: 325, 22, 1
0 32 18: 1250, 22, 1
0 32 20: 325, 22, 2
0 32 22: 324, 22, 2
0 32 24: 325, 22, 1
0 32 25: 325, 22, 1
0 32 27: 325, 22, 0
0 32 29: 336, 22, 0
0 32 30: 335, 22, 1
0 32 32: 336, 22, 0
0 32 35: 335, 22, 2
0 32 37: 336, 22, 3
0 32 39: 336, 22, 0
0 32 41: 336, 22, 2
0 32 42: 336, 22, 0
0 32 43: 335, 22, 1
0 32 47: 324, 22, 1
0 32 51: 1341, 10, 0
0 32 53: 325, 22, 0
0 32 55: 325, 22, 0
0 32 56: 325, 22, 1
0 32 58: 326, 22, 3
0 32 60: 325, 22, 3
0 32 61: 325, 22, 2
0 32 62: 325, 22, 2
0 33 5: 1249, 22, 3
0 33 7: 1383, 10, 1
0 33 8: 1250, 22, 2
0 33 15: 325, 22, 1
0 33 17: 1341, 10, 0
0 33 19: 325, 22, 0
0 33 20: 325, 22, 0
0 33 21: 325, 22, 1
0 33 24: 325, 22, 3
0 33 25: 325, 22, 2
0 33 26: 326, 22, 0
0 33 27: 325, 22, 3
0 33 29: 336, 22, 3
0 33 30: 337, 22, 1
0 33 31: 336, 22, 2
0 33 32: 337, 22, 2
0 33 33: 700, 10, 2
0 33 34: 336, 22, 0
0 33 36: 335, 22, 3
0 33 38: 336, 22, 2
0 33 39: 336, 22, 1
0 33 40: 700, 10, 2
0 33 41: 336, 22, 0
0 33 43: 336, 22, 1
0 33 45: 336, 22, 3
0 33 48: 325, 22, 1
0 33 49: 325, 22, 1
0 33 50: 325, 22, 3
0 33 51: 325, 22, 0
0 33 53: 325, 22, 2
0 33 59: 326, 22, 3
0 33 62: 326, 22, 0
0 33 63: 325, 22, 1
0 34 1: 1341, 10, 1
0 34 2: 1250, 22, 1
0 34 4: 1250, 22, 0
0 34 6: 1250, 22, 3
0 34 7: 1250, 22, 1
0 34 10: 1250, 22, 0
0 34 11: 325, 22, 2
0 34 12: 325, 22, 1
0 34 13: 325, 22, 0
0 34 17: 1250, 22, 0
0 34 18: 325, 22, 1
0 34 21: 326, 22, 2
0 34 23: 325, 22, 2
0 34 26: 325, 22, 2
0 34 27: 325, 22, 3
0 34 29: 337, 22, 0
0 34 31: 336, 22, 1
0 34 32: 336, 22, 0
0 34 33: 336, 22, 1
0 34 34: 337, 22, 3
0 34 35: 336, 22, 2
0 34 37: 335, 22, 3
0 34 42: 336, 22, 1
0 34 43: 337, 22, 2
0 34 44: 336, 22, 3
0 34 46: 324, 22, 3
0 34 48: 325, 22, 1
0 34 49: 325, 22, 0
0 34 52: 325, 22, 0
0 34 54: 1341, 10, 1
0 34 56: 325, 22, 2
0 34 57: 325, 22, 3
0 34 60: 325, 22, 3
0 34 61: 325, 22, 3
0 34 62: 325, 22, 0
0 34 63: 325, 22, 0
0 35 0: 325, 22, 2
0 35 2: 1286, 10, 2
0 35 4: 1383, 10, 1
0 35 7: 1383, 10, 0
0 35 10: 1286, 10, 3
0 35 14: 325, 22, 3
0 35 15: 325, 22, 2
0 35 17: 325, 22, 2
0 35 18: 325, 22, 3
0 35 19: 325, 22, 3
0 35 22: 325, 22, 2
0 35 24: 324, 22, 3
0 35 25: 325, 22, 0
0 35 26: 325, 22, 2
0 35 27: 325, 22, 2
0 35 28: 336, 22, 3
0 35 30: 700, 10, 3
0 35 31: 336, 22, 0
0 35 33: 337, 22, 0
0 35 34: 668, 10, 2
0 35 36: 337, 22, 0
0 35 38: 336, 22, 1
0 35 39: 335, 22, 1
0 35 41: 336, 22, 0
0 35 42: 337, 22, 1
0 35 47: 325, 22, 3
0 35 51: 326, 22, 1
0 35 52: 325, 22, 2
0 35 54: 325, 22, 1
0 35 58: 325, 22, 0
0 35 60: 325, 22, 2
0 35 62: 325, 22, 0
0 36 1: 325, 22, 1
0 36 2: 1250, 22, 3
0 36 3: 1249, 22, 3
0 36 5: 1249, 22, 1
0 36 7: 1250, 22, 2
0 36 9: 1249, 22, 3
0 36 16: 325, 22, 1
0 36 18: 325, 22, 3
0 36 20: 1250, 22, 2
0 36 21: 325, 22, 1
0 36 23: 325, 22, 3
0 36 24: 325, 22, 3
0 36 26: 325, 22, 1
0 36 30: 335, 22, 1
0 36 31: 336, 22, 3
0 36 32: 335, 22, 2
0 36 33: 336, 22, 2
0 36 34: 336, 22, 3
0 36 35: 336, 22, 0
0 36 38: 336, 22, 0
0 36 40: 336, 22, 2
0 36 41: 336, 22, 3
0 36 43: 336, 22, 0
0 36 46: 325, 22, 2
0 36 48: 325, 22, 2
0 36 49: 326, 22, 0
0 36 52: 325, 22, 1
0 36 55: 325, 22, 0
0 36 57: 326, 22, 2
0 36 62: 325, 22, 1
0 37 1: 325, 22, 0
0 37 2: 1383, 10, 0
0 37 3: 1282, 10, 0
0 37 6: 1383, 10, 2
0 37 8: 1250, 22, 3
0 37 9: 1282, 10, 2
0 37 12: 1250, 22, 3
0 37 13: 1250, 22, 3
0 37 15: 325, 22, 0
0 37 17: 1250, 22, 1
0 37 19: 1341, 10, 2
0 37 24: 325, 22, 0
0 37 25: 325, 22, 0
0 37 26: 325, 22, 1
0 37 27: 325, 22, 1
0 37 28: 336, 22, 3
0 37 30: 336, 22, 2
0 37 32: 663, 10, 0
0 37 35: 337, 22, 2
0 37 37: 336, 22, 2
0 37 38: 335, 22, 3
0 37 39: 336, 22, 3
0 37 40: 336, 22, 3
0 37 42: 336, 22, 3
0 37 43: 336, 22, 2
0 37 45: 325, 22, 2
0 37 50: 325, 22, 3
0 37 54: 324, 22, 3
0 37 55: 325, 22, 0
0 37 59: 325, 22, 0
0 38 0: 325, 22, 0
0 38 1: 1250, 22, 2
0 38 5: 1250, 22, 1
0 38 7: 1286, 10, 0
0 38 11: 1250, 22, 0
0 38 12: 1383, 10, 3
0 38 14: 325, 22, 3
0 38 16: 1341, 10, 3
0 38 19: 1250, 22, 1
0 38 22: 1250, 22, 0
0 38 24: 325, 22, 2
0 38 29: 336, 22, 3
0 38 30: 337, 22, 2
0 38 33: 336, 22, 1
0 38 34: 662, 10, 2
0 38 36: 336, 22, 3
0 38 37: 337, 22, 3
0 38 41: 336, 22, 0
0 38 42: 337, 22, 1
0 38 46: 325, 22, 2
0 38 47: 325, 22, 2
0 38 48: 325, 22, 2
0 38 49: 325, 22, 3
0 38 50: 325, 22, 0
0 38 51: 325, 22, 0
0 38 52: 325, 22, 0
0 38 55: 325, 22, 3
0 38 58: 325, 22, 1
0 38 61: 324, 22, 1
0 39 0: 325, 22, 3
0 39 1: 1383, 10, 0
0 39 2: 1249, 22, 0
0 39 3: 1383, 10, 3
0 39 4: 1250, 22, 0
0 39 6: 1250, 22, 2
0 39 9: 1249, 22, 2
0 39 12: 1250, 22, 2
0 39 13: 1250, 22, 2
0 39 14: 325, 22, 3
0 39 15: 1250, 22, 2
0 39 17: 325, 22, 2
0 39 18: 325, 22, 2
0 39 21: 1341, 10, 0
0 39 23: 325, 22, 2
0 39 25: 325, 22, 3
0 39 26: 325, 22, 1
0 39 28: 335, 22, 0
0 39 31: 336, 22, 1
0 39 32: 660, 10, 0
0 39 33: 336, 22, 1
0 39 35: 336, 22, 2
0 39 38: 336, 22, 2
0 39 40: 336, 22, 2
0 39 41: 336, 22, 2
0 39 46: 325, 22, 0
0 39 48: 324, 22, 2
0 39 49: 325, 22, 3
0 39 53: 325, 22, 0
0 39 57: 325, 22, 2
0 39 59: 325, 22, 2
0 39 60: 325, 22, 2
0 39 63: 325, 22, 0
0 40 0: 325, 22, 3
0 40 4: 1250, 22, 0
0 40 8: 1383, 10, 1
0 40 10: 1383, 10, 0
0 40 11: 325, 22, 1
0 40 14: 325, 22, 2
0 40 16: 325, 22, 2
0 40 18: 1297, 10, 0
0 40 19: 325, 22, 3
0 40 21: 1250, 22, 0
0 40 25: 325, 22, 0
0 40 28: 336, 22, 0
0 40 30: 336, 22, 1
0 40 31: 336, 22, 1
0 40 32: 335, 22, 3
0 40 34: 702, 10, 1
0 40 35: 336, 22, 1
0 40 36: 337, 22, 3
0 40 37: 336, 22, 2
0 40 38: 699, 10, 0
0 40 41: 336, 22, 2
0 40 42: 336, 22, 3
0 40 45: 325, 22, 3
0 40 48: 325, 22, 3
0 40 50: 325, 22, 2
0 40 51: 325, 22, 2
0 40 52: 325, 22, 1
0 40 54: 325, 22, 1
0 40 55: 325, 22, 3
0 40 56: 325, 22, 2
0 40 59: 325, 22, 1
0 40 62: 325, 22, 3
0 41 1: 325, 22, 2
0 41 2: 1250, 22, 3
0 41 4: 1250, 22, 2
0 41 5: 1286, 10, 1
0 41 6: 1250, 22, 1
0 41 7: 1250, 22, 2
0 41 9: 1383, 10, 2
0 41 14: 325, 22, 1
0 41 17: 325, 22, 3
0 41 20: 325, 22, 0
0 41 22: 325, 22, 1
0 41 24: 326, 22, 3
0 41 28: 336, 22, 0
0 41 31: 337, 22, 1
0 41 32: 336, 22, 3
0 41 33: 336, 22, 2
0 41 34: 336, 22, 0
0 41 35: 336, 22, 1
0 41 36: 336, 22, 1
0 41 40: 661, 10, 2
0 41 41: 336, 22, 3
0 41 42: 336, 22, 0
0 41 43: 336, 22, 3
0 41 45: 325, 22, 2
0 41 46: 325, 22, 2
0 41 47: 325, 22, 2
0 41 49: 325, 22, 2
0 41 53: 325, 22, 0
0 41 54: 325, 22, 3
0 41 55: 325, 22, 2
0 41 57: 325, 22, 1
0 41 58: 324, 22, 1
0 41 60: 325, 22, 1
0 42 0: 325, 22, 2
0 42 2: 1383, 10, 2
0 42 4: 1250, 22, 2
0 42 5: 1250, 22, 3
0 42 7: 1250, 22, 1
0 42 8: 1250, 22, 1
0 42 11: 325, 22, 1
0 42 12: 325, 22, 1
0 42 14: 325, 22, 0
0 42 16: 326, 22, 1
0 42 18: 325, 22, 0
0 42 19: 325, 22, 1
0 42 20: 325, 22, 1
0 42 23: 325, 22, 0
0 42 25: 325, 22, 0
0 42 28: 336, 22, 1
0 42 30: 702, 11, 2
0 42 33: 337, 22, 0
0 42 34: 336, 22, 3
0 42 35: 335, 22, 1
0 42 38: 336, 22, 3
0 42 41: 336, 22, 3
0 42 45: 325, 22, 1
0 42 46: 325, 22, 1
0 42 47: 325, 22, 3
0 42 49: 324, 22, 2
0 42 50: 325, 22, 2
0 42 51: 325, 22, 3
0 42 53: 326, 22, 0
0 42 55: 325, 22, 2
0 42 57: 325, 22, 0
0 42 61: 326, 22, 2
0 42 62: 325, 22, 2
0 42 63: 325, 22, 2
0 43 1: 1250, 22, 2
0 43 3: 1250, 22, 3
0 43 5: 1250, 22, 0
0 43 6: 1250, 22, 1
0 43 10: 325, 22, 1
0 43 11: 325, 22, 2
0 43 12: 325, 22, 0
0 43 13: 325, 22, 3
0 43 18: 324, 22, 1
0 43 20: 1250, 22, 2
0 43 22: 325, 22, 2
0 43 24: 325, 22, 3
0 43 26: 335, 22, 3
0 43 29: 336, 22, 2
0 43 31: 336, 22, 0
0 43 32: 697, 10, 3
0 43 34: 336, 22, 3
0 43 36: 335, 22, 1
0 43 37: 336, 22, 2
0 43 38: 336, 22, 0
0 43 40: 336, 22, 0
0 43 41: 337, 22, 0
0 43 42: 336, 22, 0
0 43 43: 336, 22, 0
0 43 45: 325, 22, 0
0 43 48: 325, 22, 1
0 43 49: 325, 22, 1
0 43 51: 325, 22, 0
0 43 54: 325, 22, 2
0 43 60: 325, 22, 0
0 43 61: 325, 22, 3
0 43 63: 325, 22, 1
0 44 3: 1250, 22, 1
0 44 5: 1383, 10, 0
0 44 7: 1250, 22, 1
0 44 9: 325, 22, 3
0 44 10: 325, 22, 2
0 44 13: 325, 22, 3
0 44 14: 325, 22, 0
0 44 15: 1250, 22, 3
0 44 17: 325, 22, 2
0 44 18: 325, 22, 3
0 44 21: 1341, 10, 3
0 44 22: 1250, 22, 1
0 44 27: 700, 10, 0
0 44 30: 336, 22, 3
0 44 32: 336, 22, 0
0 44 33: 702, 11, 1
0 44 34: 336, 22, 3
0 44 35: 336, 22, 3
0 44 36: 336, 22, 2
0 44 37: 700, 10, 1
0 44 38: 336, 22, 1
0 44 39: 336, 22, 2
0 44 40: 336, 22, 3
0 44 42: 336, 22, 1
0 44 44: 325, 22, 1
0 44 45: 325, 22, 2
0 44 46: 325, 22, 2
0 44 49: 325, 22, 0
0 44 51: 325, 22, 0
0 44 52: 325, 22, 0
0 44 53: 325, 22, 3
0 44 54: 325, 22, 3
0 44 55: 1341, 10, 3
0 44 59: 325, 22, 2
0 44 62: 325, 22, 1
0 45 0: 325, 22, 1
0 45 2: 1250, 22, 3
0 45 3: 1286, 10, 3
0 45 4: 1249, 22, 2
0 45 5: 1282, 10, 1
0 45 7: 1286, 10, 0
0 45 11: 1341, 10, 3
0 45 13: 325, 22, 2
0 45 15: 1341, 10, 0
0 45 19: 325, 22, 3
0 45 20: 325, 22, 0
0 45 22: 325, 22, 1
0 45 23: 325, 22, 2
0 45 27: 336, 22, 3
0 45 28: 336, 22, 0
0 45 29: 699, 10, 1
0 45 31: 337, 22, 0
0 45 33: 336, 22, 2
0 45 35: 335, 22, 0
0 45 36: 336, 22, 1
0 45 39: 336, 22, 2
0 45 40: 336, 22, 3
0 45 41: 335, 22, 3
0 45 42: 336, 22, 1
0 45 43: 336, 22, 1
0 45 45: 326, 22, 3
0 45 47: 325, 22, 0
0 45 49: 325, 22, 1
0 45 55: 1297, 10, 2
0 45 56: 325, 22, 1
0 45 58: 1341, 10, 0
0 45 59: 325, 22, 3
0 45 61: 325, 22, 0
0 46 1: 325, 22, 0
0 46 4: 1250, 22, 2
0 46 9: 325, 22, 2
0 46 11: 325, 22, 3
0 46 12: 325, 22, 3
0 46 13: 325, 22, 2
0 46 16: 1250, 22, 0
0 46 17: 325, 22, 2
0 46 19: 325, 22, 0
0 46 21: 325, 22, 0
0 46 22: 325, 22, 1
0 46 25: 335, 22, 2
0 46 26: 336, 22, 2
0 46 27: 702, 11, 3
0 46 32: 663, 10, 1
0 46 34: 702, 10, 0
0 46 36: 336, 22, 1
0 46 39: 336, 22, 3
0 46 40: 336, 22, 3
0 46 44: 325, 22, 2
0 46 45: 325, 22, 3
0 46 46: 325, 22, 3
0 46 47: 325, 22, 3
0 46 48: 325, 22, 1
0 46 50: 325, 22, 2
0 46 51: 325, 22, 2
0 46 52: 325, 22, 3
0 46 57: 325, 22, 2
0 46 63: 325, 22, 0
0 47 1: 1250, 22, 0
0 47 3: 325, 22, 3
0 47 6: 1249, 22, 1
0 47 7: 1383, 10, 2
0 47 9: 325, 22, 3
0 47 10: 325, 22, 1
0 47 12: 325, 22, 1
0 47 13: 325, 22, 3
0 47 15: 325, 22, 0
0 47 18: 324, 22, 0
0 47 21: 325, 22, 1
0 47 26: 336, 22, 2
0 47 27: 336, 22, 3
0 47 30: 335, 22, 3
0 47 33: 335, 22, 2
0 47 34: 336, 22, 0
0 47 36: 335, 22, 0
0 47 38: 336, 22, 1
0 47 39: 336, 22, 2
0 47 40: 336, 22, 3
0 47 41: 337, 22, 0
0 47 43: 325, 22, 2
0 47 44: 325, 22, 1
0 47 45: 325, 22, 3
0 47 47: 325, 22, 2
0 47 49: 325, 22, 1
0 47 50: 325, 22, 2
0 47 54: 1250, 22, 1
0 47 60: 325, 22, 3
0 47 61: 325, 22, 3
0 47 62: 326, 22, 1
0 48 1: 1383, 10, 3
0 48 3: 1250, 22, 3
0 48 3: 1383, 10, 3
0 48 5: 1383, 10, 1
0 48 8: 1250, 22, 1
0 48 9: 325, 22, 3
0 48 11: 325, 22, 1
0 48 13: 324, 22, 2
0 48 17: 325, 22, 0
0 48 19: 325, 22, 3
0 48 20: 325, 22, 3
0 48 25: 336, 22, 1
0 48 26: 702, 10, 0
0 48 27: 336, 22, 3
0 48 29: 660, 10, 3
0 48 31: 336, 22, 1
0 48 33: 336, 22, 2
0 48 35: 336, 22, 0
0 48 37: 336, 22, 1
0 48 39: 336, 22, 0
0 48 42: 325, 22, 1
0 48 44: 325, 22, 1
0 48 46: 325, 22, 3
0 48 49: 325, 22, 1
0 48 51: 1250, 22, 2
0 48 53: 1250, 22, 3
0 48 54: 1286, 10, 1
0 48 55: 1250, 22, 2
0 48 58: 325, 22, 3
0 48 61: 325, 22, 2
0 48 63: 325, 22, 1
0 49 2: 1250, 22, 2
0 49 3: 1250, 22, 3
0 49 8: 1341, 10, 2
0 49 11: 325, 22, 2
0 49 15: 324, 22, 3
0 49 16: 325, 22, 1
0 49 18: 325, 22, 2
0 49 21: 336, 22, 2
0 49 24: 336, 22, 0
0 49 25: 336, 22, 1
0 49 26: 337, 22, 2
0 49 27: 336, 22, 2
0 49 28: 702, 10, 0
0 49 30: 702, 10, 1
0 49 31: 335, 22, 3
0 49 33: 658, 10, 3
0 49 34: 337, 22, 1
0 49 36: 336, 22, 0
0 49 39: 336, 22, 1
0 49 44: 325, 22, 2
0 49 46: 325, 22, 3
0 49 48: 325, 22, 0
0 49 50: 325, 22, 1
0 49 52: 1383, 10, 3
0 49 54: 1250, 22, 0
0 49 56: 1249, 22, 0
0 49 57: 1250, 22, 3
0 49 61: 325, 22, 0
0 49 62: 325, 22, 1
0 50 0: 325, 22, 2
0 50 3: 1249, 22, 0
0 50 6: 325, 22, 0
0 50 7: 325, 22, 0
0 50 8: 325, 22, 1
0 50 9: 1250, 22, 0
0 50 12: 325, 22, 3
0 50 13: 325, 22, 2
0 50 16: 326, 22, 0
0 50 21: 336, 22, 2
0 50 23: 335, 22, 1
0 50 25: 337, 22, 1
0 50 26: 702, 10, 1
0 50 28: 337, 22, 3
0 50 29: 336, 22, 1
0 50 30: 336, 22, 1
0 50 31: 336, 22, 2
0 50 32: 336, 22, 2
0 50 33: 336, 22, 0
0 50 35: 336, 22, 3
0 50 36: 336, 22, 0
0 50 37: 336, 22, 2
0 50 38: 336, 22, 2
0 50 41: 325, 22, 0
0 50 42: 325, 22, 0
0 50 44: 325, 22, 2
0 50 45: 326, 22, 3
0 50 46: 325, 22, 0
0 50 49: 1250, 22, 1
0 50 51: 1250, 22, 1
0 50 53: 1249, 22, 3
0 50 54: 1282, 10, 3
0 50 57: 1286, 10, 0
0 50 58: 1250, 22, 0
0 50 59: 325, 22, 0
0 51 1: 325, 22, 3
0 51 2: 1250, 22, 2
0 51 4: 1383, 10, 0
0 51 6: 325, 22, 3
0 51 7: 325, 22, 3
0 51 9: 325, 22, 2
0 51 10: 326, 22, 3
0 51 11: 325, 22, 2
0 51 16: 325, 22, 1
0 51 17: 325, 22, 1
0 51 19: 336, 22, 1
0 51 26: 336, 22, 1
0 51 27: 335, 22, 1
0 51 29: 702, 11, 0
0 51 31: 337, 22, 0
0 51 33: 337, 22, 2
0 51 34: 336, 22, 2
0 51 36: 336, 22, 3
0 51 38: 336, 22, 0
0 51 42: 325, 22, 3
0 51 44: 325, 22, 2
0 51 49: 1286, 10, 2
0 51 51: 1250, 22, 2
0 51 52: 1168, 10, 3
0 51 53: 1250, 22, 3
0 51 56: 1250, 22, 2
0 51 58: 1250, 22, 1
0 51 60: 325, 22, 1
0 51 61: 325, 22, 1
0 51 62: 325, 22, 1
0 51 63: 325, 22, 2
0 52 3: 1383, 10, 2
0 52 4: 1250, 22, 0
0 52 7: 325, 22, 2
0 52 10: 325, 22, 3
0 52 12: 326, 22, 2
0 52 13: 325, 22, 0
0 52 14: 325, 22, 3
0 52 15: 325, 22, 0
0 52 18: 336, 22, 0
0 52 20: 336, 22, 3
0 52 21: 335, 22, 0
0 52 24: 336, 22, 0
0 52 28: 702, 10, 2
0 52 31: 700, 10, 2
0 52 32: 336, 22, 0
0 52 33: 335, 22, 1
0 52 34: 336, 22, 2
0 52 36: 336, 22, 3
0 52 37: 336, 22, 1
0 52 38: 335, 22, 2
0 52 40: 325, 22, 0
0 52 41: 325, 22, 3
0 52 42: 325, 22, 3
0 52 45: 325, 22, 0
0 52 47: 325, 22, 3
0 52 49: 1250, 22, 3
0 52 50: 1249, 22, 2
0 52 51: 1167, 10, 2
0 52 52: 1383, 10, 2
0 52 53: 1383, 10, 0
0 52 54: 1249, 22, 1
0 52 55: 1250, 22, 1
0 52 58: 325, 22, 2
0 52 62: 324, 22, 0
0 53 0: 325, 22, 2
0 53 1: 325, 22, 0
0 53 3: 325, 22, 0
0 53 5: 325, 22, 1
0 53 6: 1341, 10, 1
0 53 8: 326, 22, 1
0 53 10: 325, 22, 2
0 53 12: 325, 22, 3
0 53 18: 336, 22, 1
0 53 19: 336, 22, 1
0 53 23: 336, 22, 3
0 53 27: 660, 10, 3
0 53 29: 336, 22, 2
0 53 30: 702, 10, 0
0 53 31: 336, 22, 0
0 53 33: 336, 22, 1
0 53 35: 335, 22, 3
0 53 36: 336, 22, 0
0 53 40: 325, 22, 2
0 53 42: 325, 22, 2
0 53 44: 324, 22, 1
0 53 49: 1250, 22, 0
0 53 50: 1250, 22, 3
0 53 51: 1168, 10, 0
0 53 52: 1250, 22, 2
0 53 53: 1164, 10, 1
0 53 56: 1250, 22, 0
0 53 58: 325, 22, 1
0 53 61: 325, 22, 0
0 54 2: 1250, 22, 1
0 54 5: 325, 22, 1
0 54 10: 324, 22, 3
0 54 14: 325, 22, 0
0 54 15: 325, 22, 1
0 54 17: 336, 22, 3
0 54 18: 337, 22, 2
0 54 22: 337, 22, 3
0 54 25: 662, 10, 1
0 54 28: 336, 22, 1
0 54 29: 337, 22, 2
0 54 32: 337, 22, 3
0 54 33: 336, 22, 0
0 54 36: 336, 22, 1
0 54 37: 336, 22, 0
0 54 38: 336, 22, 3
0 54 39: 324, 22, 0
0 54 40: 325, 22, 1
0 54 41: 325, 22, 2
0 54 43: 325, 22, 3
0 54 45: 325, 22, 3
0 54 47: 1250, 22, 3
0 54 48: 1249, 22, 3
0 54 49: 1383, 10, 0
0 54 51: 1383, 10, 1
0 54 53: 1250, 22, 0
0 54 54: 1383, 10, 1
0 54 55: 1250, 22, 3
0 54 56: 1250, 22, 2
0 54 59: 325, 22, 3
0 54 62: 325, 22, 3
0 54 63: 325, 22, 3
0 55 0: 325, 22, 1
0 55 3: 325, 22, 2
0 55 6: 325, 22, 0
0 55 7: 325, 22, 2
0 55 8: 325, 22, 2
0 55 10: 325, 22, 0
0 55 12: 324, 22, 1
0 55 17: 336, 22, 0
0 55 19: 336, 22, 3
0 55 20: 336, 22, 1
0 55 21: 336, 22, 2
0 55 22: 336, 22, 2
0 55 23: 335, 22, 1
0 55 24: 336, 22, 3
0 55 25: 335, 22, 1
0 55 26: 336, 22, 0
0 55 27: 336, 22, 0
0 55 29: 663, 10, 2
0 55 30: 336, 22, 0
0 55 31: 337, 22, 0
0 55 33: 335, 22, 2
0 55 34: 336, 22, 1
0 55 38: 324, 22, 0
0 55 41: 326, 22, 1
0 55 46: 1282, 10, 2
0 55 48: 1250, 22, 0
0 55 50: 1249, 22, 1
0 55 52: 325, 22, 3
0 55 53: 1250, 22, 1
0 55 54: 1164, 10, 0
0 55 55: 1250, 22, 1
0 55 56: 1286, 10, 3
0 55 57: 1250, 22, 3
0 55 59: 325, 22, 0
0 55 60: 324, 22, 1
0 55 61: 325, 22, 0
0 55 63: 325, 22, 3
0 56 1: 325, 22, 2
0 56 3: 325, 22, 2
0 56 4: 1250, 22, 3
0 56 6: 325, 22, 1
0 56 8: 324, 22, 0
0 56 10: 325, 22, 1
0 56 11: 325, 22, 3
0 56 14: 325, 22, 0
0 56 16: 336, 22, 2
0 56 17: 336, 22, 0
0 56 18: 335, 22, 3
0 56 21: 335, 22, 2
0 56 22: 663, 10, 3
0 56 25: 336, 22, 0
0 56 26: 702, 10, 0
0 56 27: 337, 22, 1
0 56 28: 336, 22, 3
0 56 30: 336, 22, 2
0 56 35: 336, 22, 0
0 56 36: 335, 22, 1
0 56 39: 325, 22, 0
0 56 41: 325, 22, 1
0 56 42: 325, 22, 1
0 56 43: 325, 22, 2
0 56 45: 1249, 22, 2
0 56 49: 1250, 22, 2
0 56 50: 1250, 22, 1
0 56 51: 1383, 10, 3
0 56 53: 1250, 22, 2
0 56 54: 1383, 10, 0
0 56 56: 1250, 22, 0
0 56 62: 325, 22, 0
0 57 4: 1341, 10, 0
0 57 6: 325, 22, 3
0 57 7: 325, 22, 3
0 57 8: 325, 22, 2
0 57 9: 325, 22, 1
0 57 12: 325, 22, 1
0 57 15: 335, 22, 1
0 57 16: 336, 22, 2
0 57 19: 336, 22, 2
0 57 21: 336, 22, 3
0 57 22: 336, 22, 0
0 57 24: 702, 10, 3
0 57 25: 336, 22, 1
0 57 27: 336, 22, 3
0 57 28: 336, 22, 0
0 57 29: 336, 22, 1
0 57 30: 336, 22, 1
0 57 32: 336, 22, 3
0 57 34: 336, 22, 2
0 57 35: 336, 22, 3
0 57 39: 325, 22, 2
0 57 40: 325, 22, 2
0 57 42: 325, 22, 1
0 57 45: 1250, 22, 1
0 57 46: 1249, 22, 1
0 57 48: 1249, 22, 0
0 57 49: 1383, 10, 0
0 57 51: 1250, 22, 2
0 57 52: 1249, 22, 2
0 57 54: 1250, 22, 1
0 57 58: 325, 22, 2
0 57 61: 324, 22, 0
0 57 62: 326, 22, 0
0 58 2: 325, 22, 1
0 58 4: 1250, 22, 2
0 58 11: 325, 22, 0
0 58 12: 325, 22, 3
0 58 15: 336, 22, 2
0 58 17: 335, 22, 2
0 58 18: 336, 22, 1
0 58 20: 702, 10, 3
0 58 21: 336, 22, 3
0 58 22: 337, 22, 2
0 58 23: 335, 22, 2
0 58 24: 336, 22, 2
0 58 25: 335, 22, 0
0 58 26: 336, 22, 1
0 58 27: 336, 22, 2
0 58 28: 658, 10, 0
0 58 32: 336, 22, 3
0 58 33: 336, 22, 2
0 58 34: 335, 22, 0
0 58 37: 325, 22, 3
0 58 39: 325, 22, 3
0 58 41: 325, 22, 1
0 58 42: 1250, 22, 2
0 58 43: 1249, 22, 2
0 58 44: 1286, 10, 3
0 58 45: 1250, 22, 1
0 58 46: 1250, 22, 0
0 58 47: 1168, 10, 2
0 58 50: 1282, 10, 0
0 58 52: 1250, 22, 3
0 58 53: 1383, 10, 0
0 58 55: 1250, 22, 1
0 58 57: 325, 22, 2
0 58 61: 325, 22, 1
0 58 63: 325, 22, 0
0 59 1: 326, 22, 0
0 59 3: 325, 22, 1
0 59 5: 325, 22, 3
0 59 6: 325, 22, 3
0 59 7: 325, 22, 0
0 59 9: 325, 22, 1
0 59 10: 325, 22, 0
0 59 12: 325, 22, 0
0 59 14: 336, 22, 0
0 59 15: 336, 22, 1
0 59 17: 336, 22, 2
0 59 18: 336, 22, 1
0 59 19: 336, 22, 0
0 59 20: 336, 22, 3
0 59 21: 336, 22, 3
0 59 22: 336, 22, 0
0 59 25: 337, 22, 0
0 59 26: 702, 10, 1
0 59 27: 337, 22, 0
0 59 30: 335, 22, 1
0 59 31: 336, 22, 3
0 59 32: 337, 22, 1
0 59 33: 336, 22, 3
0 59 36: 326, 22, 2
0 59 38: 325, 22, 2
0 59 41: 1282, 10, 2
0 59 43: 1250, 22, 3
0 59 44: 1250, 22, 2
0 59 45: 1383, 10, 1
0 59 47: 1383, 10, 1
0 59 48: 1250, 22, 3
0 59 49: 1249, 22, 0
0 59 53: 1250, 22, 0
0 59 54: 1383, 10, 0
0 59 56: 325, 22, 1
0 59 58: 326, 22, 1
0 59 60: 325, 22, 1
0 59 62: 325, 22, 2
0 60 3: 325, 22, 0
0 60 5: 325, 22, 3
0 60 7: 326, 22, 0
0 60 9: 325, 22, 1
0 60 10: 325, 22, 2
0 60 11: 325, 22, 3
0 60 13: 336, 22, 1
0 60 14: 336, 22, 3
0 60 16: 336, 22, 3
0 60 19: 335, 22, 0
0 60 21: 702, 10, 3
0 60 22: 336, 22, 0
0 60 23: 336, 22, 1
0 60 24: 336, 22, 2
0 60 25: 336, 22, 1
0 60 26: 336, 22, 0
0 60 27: 336, 22, 3
0 60 29: 335, 22, 0
0 60 32: 337, 22, 1
0 60 34: 336, 22, 3
0 60 37: 325, 22, 2
0 60 39: 325, 22, 0
0 60 43: 325, 22, 3
0 60 44: 1383, 10, 2
0 60 45: 1250, 22, 0
0 60 47: 1249, 22, 1
0 60 49: 1250, 22, 2
0 60 51: 1249, 22, 3
0 60 52: 1383, 10, 3
0 60 53: 1250, 22, 0
0 60 54: 1250, 22, 2
0 60 55: 325, 22, 0
0 60 59: 326, 22, 2
0 60 61: 325, 22, 3
0 60 62: 325, 22, 3
0 60 63: 325, 22, 3
0 61 0: 325, 22, 2
0 61 4: 324, 22, 1
0 61 9: 325, 22, 3
0 61 11: 336, 22, 2
0 61 12: 336, 22, 3
0 61 14: 335, 22, 1
0 61 16: 336, 22, 0
0 61 17: 337, 22, 1
0 61 18: 336, 22, 1
0 61 19: 336, 22, 1
0 61 20: 336, 22, 2
0 61 21: 337, 22, 2
0 61 22: 660, 10, 1
0 61 26: 662, 10, 0
0 61 29: 336, 22, 1
0 61 30: 336, 22, 2
0 61 31: 335, 22, 3
0 61 33: 337, 22, 2
0 61 37: 325, 22, 1
0 61 38: 325, 22, 3
0 61 39: 326, 22, 0
0 61 40: 1250, 22, 1
0 61 41: 1249, 22, 3
0 61 42: 1250, 22, 0
0 61 43: 325, 22, 0
0 61 44: 1250, 22, 3
0 61 45: 1168, 10, 0
0 61 46: 1250, 22, 0
0 61 49: 1383, 10, 1
0 61 51: 1383, 10, 2
0 61 53: 1250, 22, 3
0 61 58: 324, 22, 1
0 61 59: 325, 22, 2
0 61 63: 325, 22, 3
0 62 1: 325, 22, 2
0 62 2: 325, 22, 3
0 62 4: 325, 22, 3
0 62 5: 325, 22, 0
0 62 6: 325, 22, 1
0 62 8: 325, 22, 2
0 62 11: 325, 22, 1
0 62 12: 336, 22, 1
0 62 14: 336, 22, 3
0 62 18: 335, 22, 0
0 62 19: 336, 22, 0
0 62 20: 697, 10, 2
0 62 22: 336, 22, 3
0 62 23: 336, 22, 0
0 62 24: 337, 22, 3
0 62 25: 336, 22, 1
0 62 29: 336, 22, 1
0 62 31: 336, 22, 1
0 62 32: 336, 22, 0
0 62 36: 325, 22, 1
0 62 37: 325, 22, 1
0 62 38: 326, 22, 1
0 62 39: 325, 22, 0
0 62 40: 325, 22, 0
0 62 41: 1250, 22, 0
0 62 42: 1286, 10, 2
0 62 43: 1250, 22, 2
0 62 44: 324, 22, 1
0 62 46: 1286, 10, 0
0 62 48: 1250, 22, 1
0 62 49: 1250, 22, 1
0 62 51: 1250, 22, 0
0 62 55: 325, 22, 3
0 62 56: 326, 22, 1
0 62 58: 325, 22, 2
0 62 60: 324, 22, 2
0 62 61: 325, 22, 0
0 62 62: 326, 22, 3
0 62 63: 325, 22, 2
0 63 10: 325, 22, 2
0 63 12: 336, 22, 2
0 63 13: 336, 22, 3
0 63 17: 336, 22, 2
0 63 18: 336, 22, 3
0 63 19: 336, 22, 0
0 63 20: 336, 22, 1
0 63 21: 336, 22, 2
0 63 22: 335, 22, 3
0 63 24: 336, 22, 1
0 63 25: 336, 22, 2
0 63 26: 702, 10, 0
0 63 28: 336, 22, 3
0 63 29: 337, 22, 3
0 63 30: 336, 22, 1
0 63 31: 336, 22, 1
0 63 33: 336, 22, 0
0 63 37: 325, 22, 2
0 63 38: 325, 22, 3
0 63 39: 324, 22, 3
0 63 40: 324, 22, 0
0 63 41: 325, 22, 3
0 63 42: 1250, 22, 1
0 63 43: 325, 22, 2
0 63 44: 325, 22, 1
0 63 45: 1250, 22, 0
0 63 47: 1250, 22, 2
0 63 50: 325, 22, 3
0 63 51: 325, 22, 3
0 63 52: 325, 22, 0
0 63 54: 325, 22, 0
0 63 61: 325, 22, 1
0 63 63: 325, 22, 1
