0 3 17: 341, 22, 3
0 3 27: 341, 22, 1
0 4 8: 730, 22, 0
0 4 8: 2670, 10, 0
0 4 40: 730, 22, 0
0 4 40: 2670, 10, 3
0 5 20: 341, 22, 2
0 5 45: 342, 22, 2
0 6 9: 1406, 10, 1
0 6 29: 341, 22, 0
0 6 33: 1406, 10, 1
0 7 16: 342, 22, 3
0 7 51: 730, 22, 1
0 7 51: 2670, 10, 3
0 8 7: 1123, 10, 0
0 8 41: 341, 22, 1
0 9 9: 341, 22, 1
0 9 10: 1123, 10, 2
0 9 21: 730, 22, 0
0 9 21: 2670, 10, 2
0 9 43: 342, 22, 1
0 10 5: 1406, 10, 1
0 10 7: 341, 22, 0
0 10 58: 730, 22, 1
0 10 58: 2670, 10, 0
0 11 7: 1123, 10, 2
0 11 9: 1406, 10, 1
0 11 29: 342, 22, 0
0 11 35: 341, 22, 2
0 11 45: 341, 22, 3
0 12 4: 341, 22, 3
0 12 11: 1123, 10, 1
0 13 17: 341, 22, 0
0 13 32: 730, 22, 0
0 13 32: 2670, 10, 0
0 13 40: 474, 10, 1
0 14 9: 1405, 10, 1
0 14 26: 341, 22, 3
0 14 43: 2670, 10, 1
0 14 53: 730, 22, 3
0 15 6: 341, 22, 2
0 15 16: 342, 22, 2
0 15 21: 1123, 10, 0
0 15 23: 341, 22, 2
0 15 24: 341, 22, 0
0 15 27: 341, 22, 1
0 15 28: 729, 22, 1
0 15 29: 341, 22, 0
0 15 38: 474, 10, 0
0 15 40: 472, 10, 3
0 15 42: 474, 10, 2
0 15 60: 2670, 10, 1
0 16 2: 730, 22, 3
0 16 6: 730, 22, 2
0 16 25: 341, 22, 1
0 16 26: 729, 22, 2
0 16 27: 341, 22, 2
0 16 28: 728, 22, 1
0 16 29: 729, 22, 0
0 16 46: 474, 10, 0
0 17 10: 341, 22, 1
0 17 20: 341, 22, 1
0 17 22: 341, 22, 0
0 17 23: 341, 22, 3
0 17 24: 729, 22, 1
0 17 25: 728, 22, 3
0 17 26: 729, 22, 3
0 17 27: 730, 22, 1
0 17 29: 341, 22, 3
0 17 41: 472, 10, 2
0 17 43: 472, 10, 0
0 18 16: 728, 22, 2
0 18 19: 729, 22, 2
0 18 20: 341, 22, 0
0 18 21: 341, 22, 2
0 18 22: 729, 22, 3
0 18 23: 730, 22, 2
0 18 25: 729, 22, 0
0 18 26: 730, 22, 0
0 18 27: 728, 22, 2
0 18 28: 729, 22, 3
0 18 29: 341, 22, 2
0 18 37: 474, 10, 3
0 18 39: 471, 10, 1
0 19 15: 729, 22, 3
0 19 16: 730, 22, 2
0 19 17: 729, 22, 2
0 19 18: 341, 22, 2
0 19 19: 730, 22, 1
0 19 20: 341, 22, 3
0 19 21: 728, 22, 0
0 19 22: 729, 22, 1
0 19 23: 729, 22, 0
0 19 24: 729, 22, 2
0 19 25: 341, 22, 3
0 19 26: 729, 22, 2
0 19 27: 341, 22, 0
0 19 28: 341, 22, 1
0 19 44: 474, 10, 3
0 20 4: 730, 22, 1
0 20 4: 2670, 10, 2
0 20 16: 729, 22, 1
0 20 17: 341, 22, 1
0 20 18: 729, 22, 3
0 20 19: 728, 22, 1
0 20 20: 729, 22, 1
0 20 21: 730, 22, 0
0 20 22: 730, 22, 3
0 20 23: 341, 22, 1
0 20 25: 341, 22, 2
0 20 39: 474, 10, 2
0 20 41: 472, 10, 1
0 21 14: 728, 22, 3
0 21 16: 341, 22, 0
0 21 18: 729, 22, 0
0 21 21: 729, 22, 3
0 21 22: 729, 22, 2
0 21 36: 1404, 10, 3
0 21 62: 730, 22, 0
0 22 8: 341, 22, 2
0 22 14: 729, 22, 0
0 22 20: 729, 22, 0
0 22 21: 2670, 10, 1
0 22 39: 473, 10, 0
0 22 41: 474, 10, 0
0 23 23: 1404, 10, 2
0 23 45: 1404, 10, 0
0 24 53: 730, 22, 1
0 25 9: 341, 22, 0
0 25 30: 1123, 10, 3
0 25 34: 728, 22, 2
0 25 34: 2670, 10, 2
0 25 39: 1404, 10, 1
0 27 7: 341, 22, 3
0 27 16: 342, 22, 1
0 27 22: 1403, 10, 2
0 27 57: 2670, 10, 0
0 28 4: 730, 22, 3
0 29 11: 341, 22, 1
0 29 15: 1403, 10, 1
0 29 20: 474, 10, 1
0 29 24: 474, 10, 0
0 29 29: 342, 22, 3
0 29 44: 728, 22, 0
0 29 44: 2670, 10, 3
0 30 17: 474, 10, 2
0 30 22: 472, 10, 3
0 31 4: 342, 22, 0
0 31 20: 472, 10, 1
0 31 31: 341, 22, 0
0 31 41: 342, 22, 0
0 31 52: 1123, 10, 2
0 32 6: 341, 22, 2
0 32 18: 471, 10, 3
0 32 24: 474, 10, 3
0 33 22: 472, 10, 0
0 33 28: 341, 22, 3
0 33 44: 341, 22, 1
0 33 58: 730, 22, 2
0 34 1: 730, 22, 2
0 34 17: 474, 10, 2
0 34 19: 472, 10, 2
0 34 26: 1403, 10, 3
0 34 37: 474, 10, 2
0 35 14: 1403, 10, 0
0 35 22: 474, 10, 2
0 35 30: 341, 22, 2
0 35 59: 474, 10, 0
0 36 13: 342, 22, 3
0 36 19: 474, 10, 1
0 36 26: 2670, 10, 1
0 36 35: 474, 10, 1
0 36 37: 471, 10, 2
0 36 55: 474, 10, 2
0 36 57: 472, 10, 0
0 37 39: 472, 10, 0
0 37 41: 474, 10, 3
0 37 59: 472, 10, 3
0 37 61: 474, 10, 1
0 38 16: 473, 10, 2
0 38 36: 472, 10, 2
0 38 55: 474, 10, 0
0 38 57: 471, 10, 1
0 39 9: 2670, 10, 3
0 39 34: 473, 10, 1
0 39 38: 472, 10, 1
0 39 40: 474, 10, 0
0 39 52: 2670, 10, 2
0 39 59: 474, 10, 3
0 40 3: 730, 22, 1
0 40 36: 474, 10, 2
0 41 5: 342, 22, 2
0 41 54: 474, 10, 2
0 41 56: 472, 10, 1
0 41 58: 473, 10, 3
0 41 62: 2670, 10, 1
0 42 39: 474, 10, 1
0 43 35: 730, 22, 2
0 43 35: 2670, 10, 3
0 43 54: 473, 10, 2
0 43 56: 474, 10, 1
0 44 13: 341, 22, 0
0 45 6: 729, 22, 1
0 45 20: 1123, 10, 1
0 45 43: 342, 22, 1
0 45 51: 730, 22, 3
0 46 7: 728, 22, 2
0 46 28: 341, 22, 3
0 47 5: 341, 22, 3
0 47 6: 341, 22, 3
0 47 7: 730, 22, 0
0 47 8: 729, 22, 0
0 47 11: 341, 22, 3
0 47 37: 341, 22, 0
0 48 5: 729, 22, 2
0 48 8: 729, 22, 3
0 48 10: 341, 22, 3
0 48 11: 729, 22, 2
0 48 13: 341, 22, 0
0 48 16: 730, 22, 0
0 48 16: 2670, 10, 0
0 48 45: 728, 22, 2
0 48 45: 2670, 10, 3
0 49 5: 341, 22, 1
0 49 6: 729, 22, 1
0 49 7: 728, 22, 1
0 49 9: 729, 22, 3
0 49 11: 728, 22, 3
0 49 12: 729, 22, 1
0 49 13: 341, 22, 0
0 49 17: 341, 22, 3
0 49 40: 342, 22, 0
0 49 54: 1123, 10, 2
0 50 6: 729, 22, 0
0 50 7: 730, 22, 3
0 50 8: 729, 22, 3
0 50 9: 730, 22, 2
0 50 10: 730, 22, 2
0 50 11: 729, 22, 0
0 50 13: 341, 22, 1
0 50 14: 342, 22, 2
0 50 17: 341, 22, 3
0 50 37: 342, 22, 3
0 50 38: 341, 22, 1
0 50 39: 729, 22, 0
0 50 40: 341, 22, 2
0 51 6: 341, 22, 0
0 51 8: 728, 22, 0
0 51 9: 729, 22, 0
0 51 10: 729, 22, 1
0 51 11: 729, 22, 3
0 51 12: 730, 22, 1
0 51 13: 729, 22, 1
0 51 15: 341, 22, 2
0 51 16: 729, 22, 2
0 51 17: 729, 22, 3
0 51 18: 341, 22, 0
0 51 36: 341, 22, 3
0 51 38: 729, 22, 1
0 51 39: 728, 22, 1
0 51 40: 729, 22, 3
0 51 41: 341, 22, 3
0 52 6: 341, 22, 3
0 52 7: 729, 22, 2
0 52 9: 341, 22, 1
0 52 10: 342, 22, 0
0 52 11: 341, 22, 0
0 52 12: 730, 22, 0
0 52 13: 728, 22, 2
0 52 14: 729, 22, 0
0 52 15: 729, 22, 0
0 52 16: 728, 22, 0
0 52 17: 728, 22, 3
0 52 18: 729, 22, 0
0 52 19: 341, 22, 1
0 52 20: 341, 22, 2
0 52 22: 341, 22, 3
0 52 29: 730, 22, 0
0 52 29: 2670, 10, 2
0 52 36: 342, 22, 2
0 52 37: 728, 22, 0
0 52 38: 730, 22, 3
0 52 39: 341, 22, 0
0 52 40: 341, 22, 3
0 52 59: 2670, 10, 0
0 53 7: 341, 22, 2
0 53 8: 342, 22, 1
0 53 9: 341, 22, 1
0 53 11: 729, 22, 2
0 53 12: 342, 22, 3
0 53 13: 729, 22, 3
0 53 15: 729, 22, 1
0 53 16: 730, 22, 3
0 53 17: 730, 22, 2
0 53 18: 730, 22, 1
0 53 20: 729, 22, 2
0 53 21: 729, 22, 1
0 53 23: 341, 22, 0
0 53 34: 341, 22, 1
0 53 36: 342, 22, 1
0 53 37: 729, 22, 0
0 53 38: 730, 22, 2
0 53 39: 729, 22, 2
0 53 40: 342, 22, 1
0 53 51: 2670, 10, 1
0 54 11: 341, 22, 3
0 54 13: 342, 22, 2
0 54 15: 728, 22, 1
0 54 16: 341, 22, 2
0 54 17: 341, 22, 3
0 54 19: 728, 22, 2
0 54 20: 730, 22, 0
0 54 21: 728, 22, 1
0 54 22: 729, 22, 3
0 54 30: 729, 22, 2
0 54 32: 730, 22, 3
0 54 33: 729, 22, 2
0 54 35: 729, 22, 3
0 54 36: 730, 22, 0
0 54 37: 341, 22, 2
0 54 38: 729, 22, 1
0 54 56: 730, 22, 1
0 55 4: 730, 22, 0
0 55 4: 2670, 10, 1
0 55 14: 729, 22, 2
0 55 17: 729, 22, 1
0 55 18: 729, 22, 3
0 55 19: 730, 22, 1
0 55 20: 341, 22, 3
0 55 21: 730, 22, 3
0 55 22: 729, 22, 0
0 55 24: 341, 22, 1
0 55 27: 729, 22, 0
0 55 28: 341, 22, 3
0 55 29: 729, 22, 3
0 55 30: 728, 22, 1
0 55 31: 728, 22, 1
0 55 33: 728, 22, 2
0 55 34: 341, 22, 0
0 55 35: 342, 22, 2
0 55 36: 728, 22, 3
0 55 37: 729, 22, 2
0 56 14: 341, 22, 0
0 56 16: 341, 22, 1
0 56 18: 342, 22, 1
0 56 21: 729, 22, 2
0 56 22: 341, 22, 2
0 56 24: 342, 22, 2
0 56 26: 729, 22, 1
0 56 27: 342, 22, 3
0 56 28: 341, 22, 3
0 56 29: 730, 22, 0
0 56 30: 341, 22, 3
0 56 31: 729, 22, 0
0 56 32: 730, 22, 2
0 56 33: 729, 22, 3
0 56 35: 342, 22, 3
0 56 36: 729, 22, 1
0 56 40: 730, 22, 2
0 56 40: 2670, 10, 0
0 56 57: 730, 22, 0
0 57 20: 342, 22, 0
0 57 25: 729, 22, 0
0 57 26: 728, 22, 3
0 57 27: 341, 22, 2
0 57 28: 730, 22, 2
0 57 29: 728, 22, 0
0 57 30: 730, 22, 1
0 57 31: 729, 22, 1
0 57 32: 341, 22, 2
0 57 34: 341, 22, 3
0 57 35: 342, 22, 2
0 58 25: 341, 22, 0
0 58 26: 342, 22, 1
0 58 27: 341, 22, 1
0 58 28: 341, 22, 1
0 58 29: 729, 22, 1
0 58 30: 729, 22, 2
0 58 31: 342, 22, 0
0 59 29: 341, 22, 0
0 61 19: 730, 22, 0
0 61 19: 2670, 10, 2
0 61 30: 730, 22, 2
0 61 30: 2670, 10, 2
0 61 61: 2670, 10, 2
0 62 47: 728, 22, 2
0 62 47: 2670, 10, 3
