0 0 3: 1189, 11, 0
0 0 6: 320, 22, 3
0 0 15: 320, 22, 0
0 0 19: 320, 22, 0
0 0 36: 1247, 22, 0
0 0 36: 1281, 10, 3
0 0 51: 849, 10, 1
0 0 53: 1631, 0, 1
0 0 58: 1821, 8, 3
0 0 58: 1902, 9, 3
0 0 59: 1902, 9, 0
0 1 1: 1189, 11, 2
0 1 4: 320, 22, 2
0 1 5: 319, 22, 0
0 1 16: 1189, 11, 3
0 1 18: 320, 22, 3
0 1 41: 1255, 22, 0
0 1 42: 1281, 10, 2
0 1 43: 1247, 22, 3
0 1 44: 1255, 22, 3
0 1 51: 849, 10, 1
0 1 53: 1631, 0, 1
0 1 57: 1902, 9, 3
0 1 58: 357, 10, 2
0 1 58: 1602, 1, 3
0 1 59: 358, 10, 3
0 1 59: 1602, 1, 0
0 1 60: 1821, 8, 0
0 1 60: 1902, 9, 0
0 2 1: 320, 22, 3
0 2 2: 320, 22, 1
0 2 3: 320, 22, 0
0 2 18: 320, 22, 2
0 2 37: 1246, 22, 2
0 2 39: 1281, 10, 3
0 2 40: 1247, 22, 1
0 2 42: 1247, 22, 2
0 2 44: 1265, 22, 0
0 2 45: 1278, 10, 2
0 2 46: 1247, 22, 2
0 2 47: 1255, 22, 2
0 2 51: 849, 10, 1
0 2 53: 1631, 0, 1
0 2 56: 1821, 8, 3
0 2 56: 1902, 9, 3
0 2 57: 361, 10, 1
0 2 57: 1602, 1, 3
0 2 60: 1602, 1, 0
0 2 61: 1902, 9, 0
0 3 1: 320, 22, 0
0 3 17: 1189, 11, 0
0 3 19: 320, 22, 1
0 3 27: 1244, 22, 3
0 3 29: 1308, 10, 2
0 3 30: 1247, 22, 1
0 3 34: 1247, 22, 1
0 3 34: 1281, 10, 0
0 3 39: 1265, 22, 2
0 3 41: 1264, 22, 3
0 3 42: 1265, 22, 3
0 3 44: 1264, 22, 0
0 3 45: 1247, 22, 1
0 3 46: 1255, 22, 1
0 3 49: 1821, 4, 1
0 3 50: 1821, 5, 3
0 3 50: 1902, 2, 3
0 3 51: 899, 5, 0
0 3 51: 1902, 0, 0
0 3 52: 901, 5, 0
0 3 52: 1902, 0, 0
0 3 53: 196, 5, 1
0 3 53: 1902, 2, 0
0 3 55: 1902, 9, 3
0 3 56: 361, 10, 2
0 3 56: 1602, 1, 3
0 3 58: 598, 10, 1
0 3 59: 1088, 11, 0
0 3 61: 1602, 1, 0
0 3 61: 1747, 11, 1
0 3 62: 1821, 8, 0
0 3 62: 1902, 9, 0
0 4 29: 1246, 22, 3
0 4 36: 1244, 22, 3
0 4 38: 1255, 22, 0
0 4 39: 1255, 22, 0
0 4 40: 1247, 22, 3
0 4 44: 1247, 22, 2
0 4 46: 1278, 10, 0
0 4 47: 1255, 22, 2
0 4 50: 196, 5, 3
0 4 50: 1902, 0, 3
0 4 51: 917, 22, 3
0 4 52: 918, 22, 3
0 4 53: 917, 22, 0
0 4 53: 1088, 10, 3
0 4 53: 1902, 0, 1
0 4 54: 997, 0, 0
0 4 55: 1902, 9, 2
0 4 56: 1602, 1, 2
0 4 58: 1088, 10, 1
0 4 62: 1107, 5, 1
0 4 62: 1902, 0, 1
0 5 14: 1246, 22, 3
0 5 34: 1247, 22, 0
0 5 35: 1264, 22, 0
0 5 37: 1246, 22, 1
0 5 39: 1281, 10, 1
0 5 41: 1255, 22, 0
0 5 42: 1773, 10, 0
0 5 44: 1773, 10, 0
0 5 46: 1264, 22, 1
0 5 47: 1247, 22, 3
0 5 50: 916, 22, 2
0 5 50: 1530, 0, 3
0 5 51: 917, 22, 2
0 5 52: 918, 22, 1
0 5 53: 602, 10, 3
0 5 53: 917, 22, 1
0 5 53: 1902, 0, 1
0 5 56: 1821, 8, 2
0 5 56: 1902, 9, 2
0 5 57: 1602, 1, 2
0 5 62: 1107, 5, 1
0 5 62: 1902, 0, 1
0 6 10: 185, 22, 3
0 6 12: 185, 22, 0
0 6 18: 185, 22, 2
0 6 19: 185, 22, 0
0 6 20: 185, 22, 1
0 6 39: 1264, 22, 2
0 6 41: 1246, 22, 3
0 6 45: 1265, 22, 1
0 6 45: 1276, 10, 1
0 6 46: 1247, 22, 0
0 6 50: 1821, 5, 2
0 6 50: 1902, 2, 2
0 6 51: 196, 5, 2
0 6 51: 1902, 0, 2
0 6 52: 1821, 5, 2
0 6 52: 1902, 0, 2
0 6 53: 1088, 10, 1
0 6 53: 1902, 2, 1
0 6 57: 1530, 9, 2
0 6 58: 1602, 1, 2
0 6 61: 1602, 1, 1
0 6 62: 1902, 9, 1
0 7 11: 186, 22, 1
0 7 12: 185, 22, 0
0 7 13: 185, 22, 0
0 7 13: 980, 9, 3
0 7 14: 980, 0, 0
0 7 15: 980, 0, 0
0 7 16: 185, 22, 2
0 7 16: 980, 0, 0
0 7 17: 185, 22, 1
0 7 17: 980, 0, 0
0 7 18: 185, 22, 0
0 7 18: 980, 0, 0
0 7 19: 980, 0, 0
0 7 20: 185, 22, 3
0 7 20: 980, 0, 0
0 7 21: 186, 22, 1
0 7 21: 980, 0, 0
0 7 22: 980, 9, 0
0 7 30: 1281, 10, 0
0 7 32: 1246, 22, 0
0 7 39: 1264, 22, 1
0 7 40: 1265, 22, 1
0 7 42: 1773, 10, 2
0 7 44: 1773, 10, 2
0 7 45: 1247, 22, 0
0 7 46: 1255, 22, 0
0 7 48: 1259, 22, 0
0 7 49: 1258, 22, 2
0 7 50: 1821, 4, 0
0 7 51: 849, 10, 1
0 7 52: 1821, 4, 0
0 7 52: 1902, 0, 1
0 7 53: 1902, 0, 1
0 7 56: 1257, 22, 0
0 7 58: 1821, 8, 2
0 7 58: 1902, 9, 2
0 7 59: 1602, 1, 2
0 7 60: 356, 10, 2
0 7 60: 1602, 1, 1
0 7 61: 1821, 8, 1
0 7 61: 1902, 9, 1
0 8 8: 320, 22, 0
0 8 9: 319, 22, 0
0 8 10: 185, 22, 1
0 8 11: 186, 22, 3
0 8 12: 185, 22, 1
0 8 12: 980, 9, 3
0 8 13: 313, 11, 1
0 8 13: 980, 1, 3
0 8 14: 313, 11, 1
0 8 15: 185, 22, 3
0 8 15: 313, 11, 1
0 8 16: 313, 10, 1
0 8 17: 186, 22, 2
0 8 17: 313, 11, 1
0 8 18: 313, 11, 1
0 8 19: 185, 22, 2
0 8 19: 313, 10, 1
0 8 20: 313, 11, 1
0 8 21: 185, 22, 0
0 8 21: 313, 11, 1
0 8 22: 185, 22, 3
0 8 22: 313, 11, 1
0 8 22: 980, 1, 0
0 8 23: 980, 9, 0
0 8 30: 1247, 22, 0
0 8 32: 1264, 22, 3
0 8 36: 1281, 10, 2
0 8 39: 1255, 22, 0
0 8 40: 1281, 10, 0
0 8 41: 1265, 22, 3
0 8 43: 1124, 10, 0
0 8 43: 1265, 22, 2
0 8 44: 1124, 10, 0
0 8 46: 1255, 22, 3
0 8 47: 1247, 22, 3
0 8 48: 981, 3, 1
0 8 48: 1258, 22, 3
0 8 49: 1260, 22, 1
0 8 50: 1258, 22, 1
0 8 51: 849, 10, 1
0 8 52: 1902, 0, 1
0 8 53: 1902, 0, 1
0 8 54: 1938, 4, 3
0 8 55: 1257, 22, 1
0 8 56: 1257, 22, 1
0 8 57: 1258, 22, 3
0 8 58: 1257, 22, 2
0 8 59: 205, 7, 2
0 8 59: 1902, 9, 2
0 8 60: 1902, 9, 1
0 8 62: 1257, 22, 1
0 9 1: 320, 22, 3
0 9 2: 320, 22, 2
0 9 3: 319, 22, 0
0 9 4: 320, 22, 1
0 9 5: 320, 22, 0
0 9 6: 320, 22, 1
0 9 11: 1262, 22, 3
0 9 12: 186, 22, 2
0 9 12: 980, 0, 3
0 9 14: 185, 22, 2
0 9 15: 185, 22, 0
0 9 17: 185, 22, 0
0 9 18: 185, 22, 0
0 9 19: 186, 22, 3
0 9 20: 185, 22, 0
0 9 21: 185, 22, 0
0 9 22: 185, 22, 3
0 9 23: 185, 22, 3
0 9 23: 980, 1, 0
0 9 24: 980, 9, 0
0 9 25: 1262, 22, 0
0 9 36: 1247, 22, 1
0 9 37: 1264, 22, 3
0 9 40: 1246, 22, 0
0 9 42: 1265, 22, 0
0 9 44: 980, 1, 1
0 9 45: 980, 0, 2
0 9 46: 980, 0, 2
0 9 47: 980, 0, 2
0 9 48: 980, 9, 1
0 9 51: 981, 3, 0
0 9 52: 1904, 3, 0
0 9 53: 1902, 0, 0
0 9 54: 1257, 22, 0
0 9 55: 1258, 22, 2
0 9 56: 1258, 22, 1
0 9 57: 1257, 22, 3
0 9 61: 1257, 22, 3
0 9 62: 1257, 22, 0
0 9 63: 1257, 22, 3
0 10 1: 320, 22, 3
0 10 2: 320, 22, 0
0 10 3: 320, 22, 2
0 10 6: 1189, 10, 0
0 10 11: 980, 9, 3
0 10 12: 980, 1, 3
0 10 13: 185, 22, 3
0 10 13: 313, 11, 1
0 10 14: 185, 22, 0
0 10 14: 313, 11, 1
0 10 15: 185, 22, 1
0 10 15: 313, 11, 1
0 10 16: 313, 11, 1
0 10 17: 185, 22, 3
0 10 17: 313, 11, 1
0 10 18: 185, 22, 2
0 10 18: 313, 11, 1
0 10 19: 185, 22, 1
0 10 19: 313, 10, 1
0 10 20: 185, 22, 2
0 10 20: 313, 11, 1
0 10 21: 313, 11, 1
0 10 22: 185, 22, 3
0 10 22: 313, 10, 1
0 10 23: 185, 22, 2
0 10 23: 313, 11, 1
0 10 24: 185, 22, 1
0 10 24: 980, 1, 0
0 10 25: 980, 9, 0
0 10 26: 185, 22, 2
0 10 33: 1298, 10, 1
0 10 34: 1247, 22, 1
0 10 36: 1264, 22, 1
0 10 37: 1265, 22, 2
0 10 38: 1264, 22, 0
0 10 39: 1255, 22, 0
0 10 40: 1264, 22, 1
0 10 42: 1264, 22, 2
0 10 43: 980, 1, 1
0 10 43: 1257, 22, 0
0 10 44: 980, 9, 1
0 11 10: 185, 22, 3
0 11 10: 980, 9, 3
0 11 11: 980, 1, 3
0 11 12: 313, 11, 1
0 11 13: 185, 22, 3
0 11 14: 185, 22, 2
0 11 17: 185, 22, 2
0 11 19: 185, 22, 3
0 11 21: 185, 22, 0
0 11 23: 185, 22, 3
0 11 24: 185, 22, 1
0 11 25: 980, 0, 1
0 11 26: 185, 22, 3
0 11 33: 1247, 22, 2
0 11 37: 1264, 22, 0
0 11 42: 1257, 22, 3
0 11 43: 980, 0, 1
0 11 43: 1257, 22, 3
0 12 9: 980, 9, 3
0 12 10: 185, 22, 2
0 12 10: 980, 1, 3
0 12 11: 185, 22, 3
0 12 11: 313, 11, 1
0 12 12: 313, 11, 1
0 12 13: 313, 10, 1
0 12 14: 186, 22, 1
0 12 14: 313, 11, 1
0 12 15: 185, 22, 2
0 12 15: 313, 11, 1
0 12 16: 185, 22, 3
0 12 16: 313, 11, 1
0 12 17: 313, 11, 1
0 12 18: 186, 22, 0
0 12 18: 313, 11, 1
0 12 19: 313, 11, 1
0 12 20: 185, 22, 2
0 12 20: 313, 11, 1
0 12 21: 185, 22, 3
0 12 21: 313, 10, 1
0 12 22: 186, 22, 0
0 12 22: 313, 11, 1
0 12 23: 185, 22, 2
0 12 23: 313, 11, 1
0 12 24: 313, 11, 1
0 12 25: 313, 11, 1
0 12 25: 1007, 0, 1
0 12 26: 185, 22, 1
0 12 28: 1308, 10, 1
0 12 29: 1247, 22, 0
0 12 38: 1257, 22, 2
0 12 39: 981, 3, 1
0 12 39: 1257, 22, 2
0 12 40: 980, 0, 2
0 12 41: 980, 0, 2
0 12 41: 1257, 22, 3
0 12 42: 980, 0, 2
0 12 42: 1257, 22, 2
0 12 43: 980, 9, 1
0 13 4: 1246, 22, 2
0 13 8: 185, 22, 0
0 13 8: 980, 9, 3
0 13 9: 980, 1, 3
0 13 11: 185, 22, 0
0 13 13: 185, 22, 0
0 13 15: 185, 22, 2
0 13 17: 1246, 22, 1
0 13 20: 184, 22, 2
0 13 22: 184, 22, 3
0 13 23: 1246, 22, 2
0 13 25: 1551, 0, 1
0 13 26: 185, 22, 0
0 13 28: 1247, 22, 3
0 13 35: 1281, 10, 3
0 13 37: 1246, 22, 3
0 13 38: 981, 3, 1
0 13 46: 980, 9, 3
0 13 47: 980, 0, 0
0 13 48: 980, 9, 0
0 13 48: 1257, 22, 2
0 13 49: 1257, 22, 1
0 13 50: 1258, 22, 1
0 13 51: 981, 3, 1
0 13 54: 1258, 22, 2
0 13 60: 1257, 22, 0
0 14 2: 1189, 10, 1
0 14 7: 980, 9, 3
0 14 8: 185, 22, 3
0 14 8: 980, 1, 3
0 14 9: 313, 11, 1
0 14 10: 185, 22, 1
0 14 10: 313, 11, 1
0 14 11: 313, 11, 1
0 14 12: 185, 22, 3
0 14 12: 313, 11, 1
0 14 13: 184, 22, 1
0 14 13: 313, 11, 1
0 14 14: 313, 11, 1
0 14 15: 185, 22, 2
0 14 15: 313, 10, 1
0 14 16: 313, 11, 1
0 14 17: 313, 11, 1
0 14 18: 186, 22, 1
0 14 18: 313, 11, 1
0 14 19: 313, 11, 1
0 14 20: 313, 11, 1
0 14 21: 313, 10, 1
0 14 23: 186, 22, 3
0 14 24: 185, 22, 0
0 14 25: 185, 22, 1
0 14 25: 1553, 0, 1
0 14 33: 981, 3, 2
0 14 37: 1264, 22, 0
0 14 38: 980, 0, 1
0 14 42: 1247, 22, 0
0 14 45: 980, 9, 3
0 14 46: 980, 1, 3
0 14 47: 1257, 22, 3
0 14 48: 981, 3, 0
0 14 48: 1258, 22, 0
0 14 49: 1259, 22, 1
0 14 50: 1258, 22, 2
0 14 51: 849, 10, 1
0 14 51: 1257, 22, 2
0 14 52: 1902, 0, 1
0 14 53: 1902, 2, 0
0 14 54: 981, 0, 0
0 14 54: 1258, 22, 3
0 14 55: 981, 0, 0
0 14 55: 1258, 22, 2
0 14 58: 981, 3, 0
0 14 59: 981, 0, 0
0 14 59: 1258, 22, 0
0 14 60: 981, 0, 0
0 14 60: 1257, 22, 1
0 14 61: 981, 0, 3
0 14 61: 1257, 22, 3
0 15 5: 1298, 10, 3
0 15 6: 980, 9, 3
0 15 7: 185, 22, 2
0 15 7: 980, 1, 3
0 15 12: 185, 22, 2
0 15 13: 185, 22, 1
0 15 14: 185, 22, 1
0 15 15: 175, 22, 2
0 15 16: 1247, 22, 2
0 15 18: 185, 22, 3
0 15 20: 185, 22, 0
0 15 21: 185, 22, 2
0 15 22: 185, 22, 3
0 15 23: 1247, 22, 3
0 15 25: 1008, 0, 1
0 15 33: 980, 9, 2
0 15 34: 980, 0, 2
0 15 35: 980, 0, 2
0 15 36: 980, 0, 2
0 15 36: 1264, 22, 1
0 15 37: 980, 0, 2
0 15 38: 980, 9, 1
0 15 41: 980, 9, 3
0 15 42: 980, 0, 0
0 15 42: 1281, 10, 0
0 15 43: 980, 0, 0
0 15 44: 980, 0, 0
0 15 45: 980, 1, 3
0 15 47: 1257, 22, 3
0 15 48: 1257, 22, 1
0 15 49: 1257, 22, 3
0 15 50: 1257, 22, 0
0 15 51: 849, 10, 1
0 15 51: 1258, 22, 1
0 15 52: 1902, 0, 1
0 15 52: 1938, 5, 1
0 15 53: 1902, 0, 1
0 15 54: 1258, 22, 1
0 15 59: 1259, 22, 0
0 15 60: 1258, 22, 1
0 15 61: 981, 0, 3
0 15 61: 1257, 22, 2
0 16 6: 185, 22, 1
0 16 6: 980, 0, 3
0 16 7: 313, 11, 1
0 16 8: 313, 11, 1
0 16 9: 313, 11, 1
0 16 10: 313, 10, 1
0 16 11: 185, 22, 3
0 16 11: 313, 11, 1
0 16 12: 313, 11, 1
0 16 13: 186, 22, 2
0 16 13: 313, 11, 1
0 16 14: 313, 11, 1
0 16 15: 185, 22, 0
0 16 15: 313, 11, 1
0 16 16: 185, 22, 3
0 16 16: 313, 10, 1
0 16 17: 313, 11, 1
0 16 18: 185, 22, 1
0 16 18: 313, 11, 1
0 16 19: 185, 22, 0
0 16 19: 313, 11, 1
0 16 20: 185, 22, 0
0 16 20: 313, 11, 1
0 16 21: 185, 22, 2
0 16 21: 313, 11, 1
0 16 22: 185, 22, 1
0 16 22: 313, 10, 1
0 16 23: 185, 22, 0
0 16 23: 313, 11, 1
0 16 24: 313, 10, 1
0 16 25: 313, 11, 1
0 16 25: 980, 0, 1
0 16 35: 1247, 22, 3
0 16 41: 981, 3, 3
0 16 46: 1257, 22, 0
0 16 47: 1257, 22, 2
0 16 49: 1257, 22, 0
0 16 50: 1257, 22, 1
0 16 51: 849, 10, 1
0 16 51: 1258, 22, 3
0 16 52: 1902, 0, 1
0 16 53: 1591, 0, 1
0 16 59: 1258, 22, 3
0 16 60: 1258, 22, 2
0 16 61: 981, 0, 3
0 16 61: 1257, 22, 0
0 17 5: 185, 22, 0
0 17 6: 980, 0, 3
0 17 9: 185, 22, 2
0 17 9: 313, 11, 1
0 17 11: 185, 22, 2
0 17 12: 185, 22, 1
0 17 13: 184, 22, 0
0 17 15: 185, 22, 1
0 17 16: 186, 22, 0
0 17 18: 185, 22, 1
0 17 19: 185, 22, 0
0 17 21: 185, 22, 1
0 17 22: 185, 22, 1
0 17 23: 186, 22, 2
0 17 24: 186, 22, 2
0 17 25: 980, 0, 1
0 17 26: 1263, 22, 1
0 17 29: 1257, 22, 2
0 17 30: 1257, 22, 1
0 17 40: 1258, 22, 0
0 17 41: 1257, 22, 3
0 17 42: 1247, 22, 1
0 17 44: 1247, 22, 2
0 17 47: 1276, 10, 0
0 17 49: 1257, 22, 2
0 17 50: 1257, 22, 3
0 17 51: 849, 10, 1
0 17 51: 1258, 22, 0
0 17 52: 1257, 22, 1
0 17 52: 1902, 0, 1
0 17 53: 1902, 0, 1
0 17 57: 1821, 4, 2
0 17 59: 1257, 22, 2
0 17 59: 1821, 4, 2
0 17 60: 1257, 22, 3
0 17 61: 981, 0, 3
0 17 61: 1257, 22, 0
0 18 0: 1173, 10, 3
0 18 4: 1298, 10, 2
0 18 6: 185, 22, 0
0 18 6: 980, 0, 3
0 18 7: 313, 11, 1
0 18 8: 313, 10, 1
0 18 9: 313, 10, 1
0 18 10: 186, 22, 2
0 18 10: 313, 11, 1
0 18 11: 185, 22, 0
0 18 11: 313, 11, 1
0 18 12: 313, 11, 1
0 18 13: 185, 22, 3
0 18 13: 313, 11, 1
0 18 14: 313, 11, 1
0 18 15: 185, 22, 1
0 18 15: 313, 11, 1
0 18 16: 185, 22, 1
0 18 16: 313, 11, 1
0 18 17: 186, 22, 3
0 18 17: 313, 11, 1
0 18 18: 313, 11, 1
0 18 19: 313, 10, 1
0 18 20: 313, 11, 1
0 18 21: 185, 22, 1
0 18 21: 313, 11, 1
0 18 22: 313, 11, 1
0 18 23: 313, 11, 1
0 18 24: 313, 11, 1
0 18 25: 313, 11, 1
0 18 25: 980, 0, 1
0 18 26: 185, 22, 1
0 18 29: 1257, 22, 0
0 18 33: 980, 9, 3
0 18 34: 980, 0, 0
0 18 34: 1258, 22, 1
0 18 35: 980, 0, 0
0 18 35: 1257, 22, 0
0 18 36: 980, 9, 0
0 18 38: 980, 9, 3
0 18 39: 981, 3, 3
0 18 40: 1257, 22, 1
0 18 41: 1257, 22, 0
0 18 47: 1247, 22, 0
0 18 50: 1257, 22, 0
0 18 51: 849, 10, 1
0 18 51: 1258, 22, 0
0 18 52: 1902, 0, 1
0 18 53: 1902, 0, 1
0 18 56: 1153, 10, 3
0 18 56: 1902, 2, 3
0 18 57: 1821, 5, 0
0 18 57: 1902, 0, 0
0 18 58: 916, 22, 3
0 18 58: 1530, 0, 0
0 18 59: 1821, 5, 0
0 18 59: 1902, 0, 0
0 18 60: 391, 5, 0
0 18 60: 1153, 10, 2
0 18 60: 1902, 0, 0
0 18 61: 1902, 0, 3
0 19 6: 185, 22, 3
0 19 6: 980, 0, 3
0 19 7: 185, 22, 2
0 19 8: 185, 22, 3
0 19 9: 185, 22, 0
0 19 10: 185, 22, 0
0 19 12: 185, 22, 2
0 19 14: 185, 22, 1
0 19 16: 185, 22, 0
0 19 17: 185, 22, 3
0 19 18: 185, 22, 0
0 19 20: 185, 22, 1
0 19 21: 185, 22, 2
0 19 24: 185, 22, 2
0 19 25: 186, 22, 3
0 19 25: 980, 0, 1
0 19 26: 186, 22, 0
0 19 28: 1257, 22, 3
0 19 33: 981, 3, 3
0 19 33: 1259, 22, 0
0 19 34: 1258, 22, 2
0 19 35: 1257, 22, 3
0 19 36: 980, 1, 0
0 19 36: 1257, 22, 2
0 19 37: 980, 0, 0
0 19 38: 980, 1, 3
0 19 38: 1278, 10, 0
0 19 39: 1257, 22, 3
0 19 40: 1257, 22, 2
0 19 41: 1278, 10, 1
0 19 44: 1247, 22, 3
0 19 45: 1286, 10, 1
0 19 50: 1257, 22, 0
0 19 51: 849, 10, 1
0 19 51: 1258, 22, 3
0 19 52: 1902, 0, 1
0 19 52: 1938, 5, 1
0 19 53: 1902, 0, 1
0 19 56: 1902, 0, 3
0 19 60: 2728, 10, 1
0 19 60: 2772, 22, 1
0 19 61: 1902, 0, 3
0 20 2: 1189, 10, 2
0 20 6: 185, 22, 2
0 20 6: 980, 0, 3
0 20 7: 313, 11, 1
0 20 8: 313, 10, 1
0 20 9: 313, 11, 1
0 20 10: 313, 10, 1
0 20 11: 313, 11, 1
0 20 12: 185, 22, 1
0 20 12: 313, 11, 1
0 20 13: 185, 22, 2
0 20 15: 185, 22, 2
0 20 15: 313, 11, 1
0 20 16: 185, 22, 0
0 20 16: 313, 11, 1
0 20 17: 185, 22, 2
0 20 18: 184, 22, 3
0 20 19: 1246, 22, 0
0 20 20: 185, 22, 3
0 20 21: 1246, 22, 0
0 20 22: 186, 22, 0
0 20 23: 186, 22, 3
0 20 23: 313, 11, 1
0 20 24: 313, 10, 1
0 20 25: 313, 11, 1
0 20 25: 980, 0, 1
0 20 26: 185, 22, 0
0 20 28: 1257, 22, 1
0 20 29: 1258, 22, 3
0 20 33: 981, 3, 2
0 20 33: 1258, 22, 3
0 20 34: 1257, 22, 2
0 20 37: 1257, 22, 1
0 20 38: 1257, 22, 2
0 20 42: 1247, 22, 2
0 20 50: 1257, 22, 1
0 20 51: 849, 10, 1
0 20 52: 1902, 0, 1
0 20 53: 1902, 0, 1
0 20 56: 1902, 0, 3
0 20 57: 1088, 10, 3
0 20 58: 917, 22, 3
0 20 59: 917, 22, 0
0 20 61: 1902, 0, 3
0 21 6: 185, 22, 2
0 21 6: 980, 0, 3
0 21 7: 296, 10, 1
0 21 10: 186, 22, 0
0 21 13: 313, 11, 1
0 21 14: 313, 11, 1
0 21 15: 186, 22, 1
0 21 15: 313, 10, 1
0 21 16: 313, 11, 1
0 21 17: 313, 11, 1
0 21 18: 185, 22, 1
0 21 18: 313, 11, 1
0 21 19: 185, 22, 1
0 21 19: 313, 11, 1
0 21 20: 313, 11, 1
0 21 21: 313, 11, 1
0 21 22: 185, 22, 3
0 21 23: 186, 22, 1
0 21 24: 185, 22, 2
0 21 24: 980, 1, 1
0 21 25: 980, 9, 1
0 21 26: 185, 22, 3
0 21 28: 1258, 22, 2
0 21 29: 1259, 22, 0
0 21 30: 1257, 22, 1
0 21 33: 980, 9, 2
0 21 34: 980, 1, 2
0 21 34: 1257, 22, 1
0 21 35: 1257, 22, 0
0 21 47: 1286, 10, 3
0 21 49: 1247, 22, 0
0 21 50: 1276, 10, 2
0 21 51: 849, 10, 1
0 21 52: 1902, 0, 1
0 21 53: 1902, 0, 1
0 21 56: 1088, 10, 2
0 21 56: 1902, 0, 3
0 21 57: 602, 10, 1
0 21 58: 918, 22, 2
0 21 58: 1088, 10, 0
0 21 59: 918, 22, 0
0 21 60: 1013, 10, 1
0 21 61: 1902, 0, 3
0 22 3: 1244, 22, 2
0 22 6: 186, 22, 3
0 22 6: 980, 0, 3
0 22 9: 186, 22, 3
0 22 12: 185, 22, 2
0 22 13: 185, 22, 2
0 22 14: 185, 22, 1
0 22 15: 185, 22, 1
0 22 16: 174, 22, 1
0 22 18: 185, 22, 3
0 22 23: 185, 22, 1
0 22 23: 980, 1, 1
0 22 24: 186, 22, 2
0 22 24: 980, 9, 1
0 22 25: 185, 22, 2
0 22 26: 1263, 22, 2
0 22 28: 1257, 22, 0
0 22 29: 1257, 22, 0
0 22 30: 1257, 22, 0
0 22 34: 980, 0, 3
0 22 35: 1257, 22, 0
0 22 41: 407, 10, 2
0 22 51: 849, 10, 1
0 22 52: 1902, 0, 1
0 22 53: 1902, 0, 1
0 22 55: 1821, 4, 1
0 22 56: 1821, 5, 3
0 22 56: 1902, 0, 3
0 22 58: 918, 22, 2
0 22 59: 918, 22, 0
0 22 60: 1821, 4, 1
0 22 61: 1821, 5, 3
0 22 61: 1902, 0, 3
0 23 6: 185, 22, 1
0 23 6: 980, 0, 3
0 23 7: 313, 11, 1
0 23 8: 185, 22, 1
0 23 8: 313, 11, 1
0 23 9: 185, 22, 3
0 23 9: 313, 11, 1
0 23 10: 185, 22, 0
0 23 10: 313, 11, 1
0 23 11: 185, 22, 1
0 23 11: 313, 10, 1
0 23 12: 313, 10, 1
0 23 13: 313, 10, 1
0 23 14: 185, 22, 3
0 23 14: 313, 11, 1
0 23 15: 185, 22, 1
0 23 15: 313, 11, 1
0 23 16: 185, 22, 1
0 23 16: 313, 11, 1
0 23 17: 185, 22, 0
0 23 17: 313, 11, 1
0 23 18: 185, 22, 0
0 23 18: 313, 11, 1
0 23 19: 185, 22, 2
0 23 19: 313, 10, 1
0 23 20: 185, 22, 0
0 23 20: 313, 11, 1
0 23 21: 185, 22, 1
0 23 21: 313, 11, 1
0 23 22: 185, 22, 3
0 23 22: 980, 1, 1
0 23 23: 980, 9, 1
0 23 24: 185, 22, 0
0 23 25: 185, 22, 3
0 23 33: 980, 9, 3
0 23 34: 980, 1, 3
0 23 34: 1257, 22, 2
0 23 37: 408, 10, 3
0 23 44: 1260, 22, 1
0 23 45: 408, 10, 0
0 23 45: 1260, 22, 0
0 23 50: 1298, 10, 1
0 23 51: 981, 3, 0
0 23 52: 1902, 0, 1
0 23 52: 1938, 5, 1
0 23 53: 1902, 0, 1
0 23 56: 362, 10, 0
0 23 56: 1902, 0, 3
0 23 58: 917, 22, 2
0 23 59: 917, 22, 1
0 23 60: 1022, 4, 1
0 23 61: 1902, 0, 3
0 24 1: 1122, 10, 1
0 24 5: 980, 9, 3
0 24 6: 980, 0, 0
0 24 7: 980, 0, 0
0 24 8: 980, 0, 0
0 24 9: 980, 0, 0
0 24 10: 980, 0, 0
0 24 11: 980, 0, 0
0 24 12: 980, 0, 0
0 24 13: 980, 0, 0
0 24 14: 980, 0, 0
0 24 15: 980, 0, 0
0 24 16: 980, 0, 0
0 24 17: 980, 0, 0
0 24 18: 980, 0, 0
0 24 19: 980, 0, 0
0 24 20: 980, 0, 0
0 24 21: 980, 0, 0
0 24 22: 980, 0, 0
0 24 30: 981, 3, 0
0 24 31: 980, 0, 0
0 24 32: 980, 0, 0
0 24 33: 980, 1, 3
0 24 33: 1257, 22, 1
0 24 36: 1260, 22, 2
0 24 45: 1260, 22, 1
0 24 52: 1902, 0, 1
0 24 53: 1902, 0, 1
0 24 56: 365, 10, 3
0 24 56: 1902, 2, 2
0 24 57: 362, 10, 3
0 24 57: 1821, 5, 2
0 24 57: 1902, 0, 2
0 24 58: 916, 22, 1
0 24 58: 1530, 0, 2
0 24 59: 1821, 5, 2
0 24 59: 1902, 0, 2
0 24 60: 1747, 10, 3
0 24 60: 1902, 0, 2
0 24 61: 1902, 0, 3
0 25 2: 1248, 22, 0
0 25 4: 980, 9, 3
0 25 5: 980, 1, 3
0 25 6: 1276, 10, 2
0 25 7: 1265, 22, 1
0 25 12: 1265, 22, 0
0 25 12: 1394, 10, 0
0 25 13: 1247, 22, 1
0 25 28: 1257, 22, 0
0 25 29: 1257, 22, 3
0 25 34: 1247, 22, 3
0 25 35: 1286, 10, 1
0 25 38: 1260, 22, 2
0 25 46: 1260, 22, 2
0 25 49: 1278, 10, 2
0 25 50: 1247, 22, 3
0 25 52: 1902, 0, 1
0 25 53: 1902, 0, 1
0 25 57: 1821, 4, 0
0 25 59: 1821, 4, 0
0 25 60: 365, 10, 2
0 25 61: 981, 0, 3
0 26 3: 980, 9, 3
0 26 4: 980, 1, 3
0 26 6: 1264, 22, 1
0 26 7: 1246, 22, 0
0 26 8: 1257, 22, 1
0 26 10: 1299, 10, 1
0 26 12: 1264, 22, 3
0 26 20: 1257, 22, 0
0 26 27: 1257, 22, 2
0 26 28: 1257, 22, 0
0 26 34: 154, 11, 2
0 26 49: 1247, 22, 2
0 26 52: 1902, 0, 1
0 26 53: 1902, 0, 1
0 26 61: 981, 0, 3
0 27 3: 980, 0, 3
0 27 8: 1258, 22, 2
0 27 9: 1257, 22, 3
0 27 19: 981, 3, 1
0 27 19: 1257, 22, 2
0 27 20: 1257, 22, 3
0 27 21: 1257, 22, 2
0 27 26: 1257, 22, 0
0 27 27: 1257, 22, 1
0 27 36: 407, 10, 3
0 27 36: 1260, 22, 3
0 27 41: 413, 10, 3
0 27 47: 407, 10, 3
0 27 52: 1902, 0, 1
0 27 52: 1938, 5, 1
0 27 53: 1902, 0, 1
0 27 58: 185, 22, 2
0 27 58: 1161, 10, 0
0 27 59: 185, 22, 2
0 27 60: 185, 22, 2
0 27 60: 1161, 10, 0
0 27 61: 981, 0, 3
0 28 3: 980, 0, 3
0 28 4: 1276, 10, 3
0 28 5: 1257, 22, 2
0 28 6: 1248, 22, 3
0 28 7: 1258, 22, 0
0 28 8: 1244, 22, 1
0 28 9: 1257, 22, 1
0 28 15: 980, 9, 3
0 28 16: 980, 0, 0
0 28 16: 1257, 22, 0
0 28 17: 980, 0, 0
0 28 17: 1257, 22, 0
0 28 18: 980, 0, 0
0 28 18: 1257, 22, 3
0 28 19: 980, 0, 0
0 28 19: 1257, 22, 1
0 28 20: 980, 9, 0
0 28 22: 1257, 22, 0
0 28 24: 1247, 22, 0
0 28 26: 1257, 22, 3
0 28 28: 1247, 22, 1
0 28 34: 1247, 22, 0
0 28 37: 1260, 22, 3
0 28 52: 1902, 0, 1
0 28 53: 1902, 0, 1
0 28 57: 185, 22, 3
0 28 57: 1161, 10, 0
0 28 58: 186, 22, 2
0 28 59: 185, 22, 3
0 28 59: 1161, 10, 0
0 28 60: 185, 22, 1
0 28 61: 981, 0, 3
0 29 3: 980, 0, 3
0 29 5: 1264, 22, 2
0 29 7: 1257, 22, 3
0 29 8: 1257, 22, 2
0 29 10: 1247, 22, 2
0 29 11: 1265, 22, 3
0 29 11: 1394, 10, 0
0 29 12: 1257, 22, 3
0 29 14: 980, 9, 3
0 29 15: 981, 3, 3
0 29 20: 980, 1, 0
0 29 21: 980, 9, 0
0 29 21: 1257, 22, 3
0 29 23: 1257, 22, 3
0 29 24: 1257, 22, 0
0 29 25: 1257, 22, 2
0 29 34: 1286, 10, 2
0 29 50: 1278, 10, 1
0 29 51: 1247, 22, 1
0 29 52: 1902, 0, 1
0 29 53: 1902, 0, 1
0 29 54: 1902, 0, 2
0 29 55: 1902, 0, 2
0 29 56: 1902, 0, 2
0 29 57: 185, 22, 0
0 29 57: 1902, 0, 2
0 29 58: 185, 22, 0
0 29 58: 1161, 10, 0
0 29 58: 1902, 0, 2
0 29 59: 185, 22, 2
0 29 60: 186, 22, 1
0 29 60: 1161, 10, 0
0 29 61: 981, 0, 3
0 30 1: 1265, 22, 3
0 30 3: 980, 0, 3
0 30 7: 1257, 22, 0
0 30 8: 1257, 22, 3
0 30 11: 1257, 22, 2
0 30 12: 1257, 22, 1
0 30 13: 980, 9, 3
0 30 14: 980, 1, 3
0 30 19: 2044, 10, 1
0 30 21: 980, 1, 0
0 30 21: 1257, 22, 2
0 30 22: 980, 9, 0
0 30 22: 1257, 22, 1
0 30 23: 1257, 22, 0
0 30 24: 1258, 22, 3
0 30 25: 981, 3, 2
0 30 25: 1393, 10, 0
0 30 26: 1257, 22, 0
0 30 27: 1257, 22, 2
0 30 28: 981, 3, 1
0 30 33: 1247, 22, 3
0 30 37: 1260, 22, 1
0 30 48: 1286, 10, 2
0 30 50: 1246, 22, 1
0 30 52: 1902, 0, 1
0 30 53: 1902, 0, 1
0 30 55: 1725, 10, 2
0 30 58: 1902, 0, 1
0 30 59: 981, 0, 0
0 30 60: 981, 0, 0
0 31 3: 980, 0, 3
0 31 5: 1257, 22, 3
0 31 5: 1281, 10, 3
0 31 6: 1264, 22, 0
0 31 7: 1264, 22, 2
0 31 8: 1257, 22, 2
0 31 11: 1257, 22, 2
0 31 12: 980, 9, 3
0 31 13: 980, 1, 3
0 31 22: 980, 1, 0
0 31 22: 1257, 22, 2
0 31 23: 980, 0, 0
0 31 23: 1258, 22, 1
0 31 24: 980, 0, 0
0 31 24: 1258, 22, 0
0 31 25: 980, 0, 0
0 31 25: 1257, 22, 0
0 31 26: 980, 0, 0
0 31 26: 1257, 22, 1
0 31 27: 980, 0, 0
0 31 27: 1257, 22, 2
0 31 28: 980, 0, 0
0 31 29: 980, 9, 0
0 31 37: 408, 10, 2
0 31 37: 1260, 22, 2
0 31 38: 1260, 22, 1
0 31 45: 408, 10, 1
0 31 52: 1902, 0, 1
0 31 52: 1938, 5, 1
0 31 53: 1902, 0, 1
0 31 58: 1530, 0, 1
0 32 3: 980, 0, 3
0 32 4: 1257, 22, 2
0 32 7: 1246, 22, 1
0 32 11: 980, 9, 3
0 32 12: 981, 3, 3
0 32 19: 1298, 10, 1
0 32 22: 1257, 22, 1
0 32 23: 1257, 22, 1
0 32 25: 1257, 22, 3
0 32 29: 980, 1, 0
0 32 30: 980, 9, 0
0 32 32: 1247, 22, 2
0 32 33: 1286, 10, 1
0 32 38: 1260, 22, 1
0 32 52: 1902, 0, 1
0 32 53: 1902, 0, 1
0 32 54: 888, 5, 2
0 32 54: 1902, 0, 2
0 32 55: 1902, 0, 2
0 32 56: 1902, 0, 2
0 32 57: 887, 5, 2
0 32 57: 1902, 0, 2
0 32 58: 1902, 2, 1
0 33 0: 979, 0, 2
0 33 1: 979, 0, 2
0 33 2: 979, 0, 2
0 33 3: 980, 0, 3
0 33 5: 174, 22, 0
0 33 6: 1248, 22, 0
0 33 7: 1265, 22, 2
0 33 10: 981, 3, 0
0 33 11: 980, 0, 3
0 33 21: 1257, 22, 0
0 33 22: 1257, 22, 3
0 33 25: 1257, 22, 3
0 33 26: 1257, 22, 0
0 33 27: 1257, 22, 1
0 33 28: 1257, 22, 2
0 33 30: 980, 0, 1
0 33 31: 981, 3, 3
0 33 39: 154, 11, 0
0 33 41: 407, 10, 0
0 33 41: 1260, 22, 2
0 33 49: 1276, 10, 1
0 33 52: 1902, 0, 1
0 33 53: 1825, 5, 1
0 33 53: 1902, 0, 1
0 33 54: 598, 10, 3
0 33 54: 1821, 4, 3
0 33 55: 196, 4, 0
0 33 56: 417, 10, 3
0 33 57: 196, 4, 0
0 33 58: 1821, 5, 1
0 33 58: 1902, 0, 1
0 33 59: 1821, 4, 3
0 34 3: 980, 9, 2
0 34 4: 980, 1, 2
0 34 11: 980, 0, 3
0 34 19: 1257, 22, 1
0 34 20: 1257, 22, 2
0 34 21: 1257, 22, 1
0 34 22: 1173, 10, 0
0 34 22: 1257, 22, 2
0 34 23: 1257, 22, 1
0 34 24: 1257, 22, 3
0 34 24: 1602, 3, 1
0 34 25: 1631, 0, 2
0 34 26: 185, 22, 3
0 34 27: 185, 22, 0
0 34 28: 185, 22, 2
0 34 29: 1631, 0, 2
0 34 30: 980, 0, 1
0 34 35: 1278, 10, 3
0 34 43: 1286, 10, 1
0 34 49: 1247, 22, 1
0 34 52: 1902, 0, 1
0 34 53: 1902, 0, 1
0 34 54: 1022, 4, 3
0 34 58: 196, 5, 1
0 34 58: 1902, 0, 1
0 34 63: 981, 3, 0
0 35 2: 1393, 10, 0
0 35 4: 980, 9, 2
0 35 5: 980, 1, 2
0 35 11: 980, 0, 3
0 35 12: 2044, 10, 0
0 35 20: 1257, 22, 1
0 35 21: 1258, 22, 0
0 35 22: 1258, 22, 3
0 35 22: 1626, 0, 2
0 35 23: 185, 22, 1
0 35 23: 1625, 0, 2
0 35 24: 186, 22, 1
0 35 24: 1631, 2, 1
0 35 25: 186, 22, 2
0 35 25: 1631, 3, 3
0 35 26: 185, 22, 2
0 35 26: 1631, 3, 0
0 35 27: 185, 22, 2
0 35 28: 185, 22, 2
0 35 28: 1631, 3, 3
0 35 29: 186, 22, 3
0 35 29: 1631, 0, 1
0 35 30: 980, 0, 1
0 35 31: 981, 3, 2
0 35 36: 1247, 22, 0
0 35 39: 1286, 10, 0
0 35 40: 1247, 22, 1
0 35 43: 1247, 22, 0
0 35 46: 1286, 10, 3
0 35 51: 1245, 22, 2
0 35 52: 1902, 0, 1
0 35 52: 1938, 5, 1
0 35 53: 1902, 0, 1
0 35 54: 391, 4, 3
0 35 55: 917, 22, 3
0 35 56: 918, 22, 3
0 35 57: 917, 22, 0
0 35 58: 916, 22, 0
0 35 58: 1530, 0, 1
0 36 3: 1245, 22, 1
0 36 5: 980, 9, 2
0 36 6: 980, 1, 2
0 36 10: 981, 3, 0
0 36 11: 980, 0, 3
0 36 20: 1257, 22, 2
0 36 21: 1258, 22, 1
0 36 22: 1626, 0, 3
0 36 23: 185, 22, 3
0 36 24: 186, 22, 2
0 36 24: 1631, 0, 1
0 36 24: 1844, 5, 1
0 36 25: 185, 22, 1
0 36 26: 185, 22, 3
0 36 28: 185, 22, 0
0 36 28: 1626, 3, 3
0 36 29: 185, 22, 0
0 36 29: 1631, 0, 1
0 36 29: 1838, 5, 1
0 36 30: 980, 0, 1
0 36 30: 1838, 4, 3
0 36 31: 1257, 22, 1
0 36 37: 1286, 10, 2
0 36 46: 1276, 10, 0
0 36 52: 1902, 0, 1
0 36 53: 1902, 0, 1
0 36 54: 2728, 10, 3
0 36 55: 917, 22, 2
0 36 56: 918, 22, 1
0 36 56: 1102, 10, 3
0 36 57: 917, 22, 1
0 36 58: 196, 5, 1
0 36 58: 1902, 0, 1
0 37 6: 980, 9, 2
0 37 7: 980, 1, 2
0 37 11: 980, 0, 3
0 37 14: 1244, 22, 3
0 37 21: 1629, 22, 1
0 37 23: 185, 22, 0
0 37 24: 185, 22, 1
0 37 24: 1631, 0, 1
0 37 25: 185, 22, 0
0 37 25: 1631, 3, 2
0 37 26: 184, 22, 0
0 37 28: 186, 22, 1
0 37 28: 1624, 2, 3
0 37 29: 1630, 22, 0
0 37 29: 1631, 0, 1
0 37 30: 980, 0, 1
0 37 37: 1247, 22, 3
0 37 38: 1278, 10, 0
0 37 42: 1247, 22, 1
0 37 46: 1246, 22, 0
0 37 52: 1902, 0, 1
0 37 53: 1902, 0, 1
0 37 56: 595, 10, 3
0 37 58: 1902, 0, 1
0 38 4: 1264, 22, 1
0 38 4: 1276, 10, 3
0 38 7: 980, 0, 3
0 38 10: 1257, 22, 3
0 38 11: 980, 0, 3
0 38 12: 2044, 10, 0
0 38 21: 1630, 22, 1
0 38 22: 1630, 22, 0
0 38 23: 185, 22, 3
0 38 23: 1624, 0, 0
0 38 24: 185, 22, 2
0 38 24: 1631, 2, 0
0 38 24: 1844, 5, 1
0 38 25: 185, 22, 2
0 38 28: 1626, 0, 3
0 38 29: 1631, 0, 1
0 38 29: 1838, 5, 1
0 38 30: 980, 0, 1
0 38 30: 1838, 4, 3
0 38 31: 981, 3, 2
0 38 34: 1278, 10, 2
0 38 38: 1246, 22, 2
0 38 42: 1286, 10, 0
0 38 47: 1630, 22, 2
0 38 48: 1620, 3, 1
0 38 49: 1629, 22, 2
0 38 50: 1620, 3, 1
0 38 51: 1629, 22, 2
0 38 52: 1620, 3, 2
0 38 53: 1825, 5, 1
0 38 53: 1902, 2, 0
0 38 54: 1825, 4, 3
0 38 54: 2772, 22, 0
0 38 55: 196, 4, 2
0 38 56: 1102, 10, 0
0 38 56: 1821, 4, 2
0 38 57: 196, 4, 2
0 38 57: 1102, 10, 1
0 38 58: 1843, 5, 1
0 38 58: 1902, 0, 1
0 38 59: 1843, 4, 3
0 39 1: 1341, 10, 3
0 39 5: 1264, 22, 1
0 39 7: 980, 0, 3
0 39 10: 1257, 22, 0
0 39 11: 980, 0, 3
0 39 20: 1124, 10, 1
0 39 21: 1258, 22, 2
0 39 22: 1626, 0, 3
0 39 23: 1629, 22, 1
0 39 24: 186, 22, 0
0 39 24: 1631, 0, 1
0 39 25: 1631, 3, 2
0 39 27: 1630, 22, 3
0 39 29: 1631, 0, 1
0 39 30: 980, 0, 1
0 39 35: 1247, 22, 0
0 39 40: 1298, 10, 1
0 39 41: 1246, 22, 1
0 39 50: 1626, 0, 0
0 39 52: 1624, 0, 0
0 39 53: 185, 22, 1
0 39 53: 1631, 2, 0
0 39 54: 1902, 0, 0
0 39 55: 1902, 0, 0
0 39 56: 1821, 5, 0
0 39 56: 1902, 0, 0
0 39 57: 1902, 0, 0
0 39 58: 1902, 0, 0
0 40 7: 980, 0, 3
0 40 10: 981, 3, 1
0 40 10: 1257, 22, 0
0 40 11: 980, 0, 3
0 40 21: 1630, 22, 0
0 40 23: 1629, 22, 1
0 40 24: 185, 22, 2
0 40 24: 1631, 0, 1
0 40 24: 1845, 5, 1
0 40 25: 185, 22, 3
0 40 25: 1845, 4, 3
0 40 28: 1624, 2, 2
0 40 29: 185, 22, 1
0 40 29: 1631, 0, 1
0 40 29: 1838, 5, 1
0 40 30: 980, 0, 1
0 40 30: 1838, 4, 3
0 40 45: 1286, 10, 0
0 40 51: 185, 22, 0
0 40 53: 185, 22, 2
0 40 53: 1631, 0, 1
0 41 4: 1278, 10, 1
0 41 5: 1265, 22, 1
0 41 7: 980, 0, 3
0 41 10: 1257, 22, 1
0 41 11: 980, 0, 3
0 41 12: 2044, 10, 0
0 41 21: 1258, 22, 1
0 41 22: 1624, 2, 2
0 41 23: 185, 22, 1
0 41 23: 1626, 0, 2
0 41 24: 186, 22, 3
0 41 24: 1631, 0, 1
0 41 25: 184, 22, 1
0 41 25: 1631, 3, 2
0 41 26: 185, 22, 2
0 41 26: 1631, 3, 1
0 41 27: 185, 22, 1
0 41 28: 185, 22, 2
0 41 28: 1631, 3, 2
0 41 29: 186, 22, 0
0 41 29: 1631, 0, 1
0 41 30: 980, 0, 1
0 41 31: 981, 3, 2
0 41 31: 1257, 22, 0
0 41 36: 1278, 10, 0
0 41 45: 1247, 22, 3
0 41 47: 1624, 3, 1
0 41 48: 1624, 0, 2
0 41 49: 1629, 22, 2
0 41 50: 185, 22, 2
0 41 50: 1625, 0, 2
0 41 51: 185, 22, 3
0 41 51: 1631, 0, 2
0 41 52: 185, 22, 3
0 41 52: 1631, 0, 2
0 41 53: 186, 22, 3
0 41 53: 1631, 2, 1
0 41 53: 1821, 5, 2
0 41 54: 1530, 0, 2
0 41 55: 1631, 0, 2
0 41 56: 1631, 0, 2
0 41 57: 1631, 0, 2
0 41 57: 1821, 5, 2
0 41 58: 1631, 3, 2
0 41 62: 1245, 22, 2
0 41 63: 1821, 4, 1
0 42 4: 174, 22, 2
0 42 5: 1264, 22, 0
0 42 7: 980, 0, 3
0 42 10: 1257, 22, 2
0 42 11: 980, 0, 3
0 42 20: 1257, 22, 0
0 42 21: 1257, 22, 2
0 42 22: 1257, 22, 0
0 42 23: 185, 22, 0
0 42 24: 1602, 3, 0
0 42 24: 1629, 22, 0
0 42 25: 1631, 2, 3
0 42 26: 185, 22, 2
0 42 27: 185, 22, 2
0 42 27: 1626, 3, 2
0 42 28: 185, 22, 1
0 42 29: 1631, 0, 0
0 42 30: 980, 0, 1
0 42 32: 1281, 10, 1
0 42 33: 1264, 22, 1
0 42 34: 1246, 22, 3
0 42 37: 1247, 22, 3
0 42 41: 1276, 11, 0
0 42 47: 1625, 0, 1
0 42 49: 1630, 22, 1
0 42 50: 185, 22, 2
0 42 50: 1631, 3, 0
0 42 51: 184, 22, 3
0 42 51: 1631, 0, 1
0 42 52: 595, 10, 2
0 42 53: 1821, 4, 0
0 42 55: 197, 4, 1
0 42 56: 197, 5, 3
0 42 56: 1631, 0, 3
0 42 57: 1631, 0, 1
0 43 0: 1341, 10, 0
0 43 7: 980, 0, 3
0 43 10: 981, 3, 1
0 43 11: 980, 0, 3
0 43 15: 1173, 10, 1
0 43 20: 1257, 22, 3
0 43 21: 1257, 22, 3
0 43 22: 1257, 22, 0
0 43 25: 1624, 0, 3
0 43 25: 1629, 22, 0
0 43 26: 1626, 3, 3
0 43 26: 1630, 22, 1
0 43 27: 1257, 22, 1
0 43 28: 1257, 22, 3
0 43 29: 1257, 22, 2
0 43 30: 980, 9, 3
0 43 47: 1626, 0, 1
0 43 49: 1629, 22, 1
0 43 50: 185, 22, 3
0 43 51: 185, 22, 2
0 43 51: 1631, 0, 1
0 43 53: 1102, 10, 0
0 43 56: 1631, 0, 3
0 43 57: 197, 5, 1
0 43 57: 1631, 0, 1
0 43 58: 1631, 3, 2
0 43 63: 1902, 1, 1
0 44 3: 1122, 10, 0
0 44 7: 980, 0, 3
0 44 10: 1257, 22, 2
0 44 11: 980, 9, 2
0 44 11: 1257, 22, 1
0 44 12: 980, 1, 2
0 44 24: 1629, 22, 1
0 44 27: 1258, 22, 2
0 44 28: 1257, 22, 0
0 44 29: 980, 9, 3
0 44 29: 1257, 22, 1
0 44 30: 980, 1, 3
0 44 32: 1247, 22, 1
0 44 34: 174, 22, 0
0 44 36: 1254, 22, 0
0 44 43: 1247, 22, 2
0 44 44: 1286, 10, 3
0 44 46: 1247, 22, 0
0 44 47: 1630, 22, 1
0 44 49: 1630, 22, 1
0 44 51: 185, 22, 3
0 44 51: 1631, 0, 1
0 44 52: 197, 4, 2
0 44 54: 197, 4, 2
0 44 55: 1754, 10, 0
0 44 55: 2745, 22, 0
0 44 56: 1631, 0, 3
0 44 57: 1631, 0, 1
0 44 63: 1902, 0, 1
0 45 7: 980, 0, 3
0 45 10: 1257, 22, 0
0 45 11: 1258, 22, 0
0 45 12: 980, 9, 2
0 45 13: 980, 1, 2
0 45 24: 1393, 10, 0
0 45 26: 1257, 22, 2
0 45 27: 1257, 22, 0
0 45 28: 981, 3, 1
0 45 28: 1258, 22, 1
0 45 29: 980, 0, 3
0 45 39: 1255, 22, 0
0 45 42: 1276, 10, 3
0 45 47: 1629, 22, 1
0 45 48: 185, 22, 1
0 45 50: 186, 22, 2
0 45 50: 1631, 2, 3
0 45 51: 185, 22, 1
0 45 51: 1631, 0, 0
0 45 52: 1181, 10, 1
0 45 52: 1631, 0, 0
0 45 53: 184, 22, 0
0 45 53: 1181, 10, 1
0 45 53: 1631, 2, 0
0 45 54: 417, 10, 2
0 45 54: 1631, 0, 0
0 45 55: 1631, 0, 0
0 45 56: 1631, 3, 3
0 45 57: 197, 5, 1
0 45 57: 1631, 0, 1
0 45 58: 1631, 3, 2
0 45 63: 1821, 4, 1
0 45 63: 1902, 1, 0
0 46 7: 980, 0, 3
0 46 10: 1258, 22, 1
0 46 11: 1257, 22, 3
0 46 12: 1257, 22, 0
0 46 13: 980, 9, 2
0 46 14: 980, 1, 2
0 46 20: 1174, 10, 1
0 46 27: 1257, 22, 3
0 46 29: 980, 0, 3
0 46 29: 1257, 22, 0
0 46 33: 1253, 22, 0
0 46 35: 1244, 22, 3
0 46 37: 1265, 22, 3
0 46 37: 1276, 10, 2
0 46 47: 1626, 0, 1
0 46 50: 1624, 0, 3
0 46 52: 185, 22, 1
0 46 53: 185, 22, 0
0 46 53: 1631, 0, 1
0 46 53: 1821, 5, 1
0 46 54: 604, 10, 3
0 46 54: 1821, 4, 3
0 46 55: 917, 22, 3
0 46 56: 917, 22, 0
0 46 57: 916, 22, 2
0 46 57: 1530, 0, 1
0 47 2: 1244, 22, 0
0 47 7: 980, 0, 3
0 47 10: 1257, 22, 1
0 47 14: 980, 9, 2
0 47 15: 980, 1, 2
0 47 26: 1244, 22, 2
0 47 28: 981, 3, 1
0 47 29: 980, 0, 3
0 47 31: 1248, 22, 3
0 47 31: 1276, 10, 1
0 47 34: 1253, 22, 1
0 47 35: 1246, 22, 2
0 47 38: 1265, 22, 2
0 47 40: 1253, 22, 1
0 47 47: 1629, 22, 1
0 47 49: 1629, 22, 1
0 47 50: 1286, 10, 2
0 47 51: 1247, 22, 1
0 47 52: 175, 22, 0
0 47 53: 1631, 0, 1
0 47 54: 348, 10, 3
0 47 55: 918, 22, 2
0 47 56: 918, 22, 0
0 47 57: 197, 5, 1
0 47 57: 1631, 0, 1
0 47 58: 1631, 3, 2
0 48 2: 1393, 10, 0
0 48 6: 980, 9, 3
0 48 6: 1257, 22, 2
0 48 7: 980, 1, 3
0 48 10: 1259, 22, 0
0 48 12: 1276, 10, 0
0 48 15: 980, 9, 2
0 48 16: 980, 1, 2
0 48 29: 980, 0, 3
0 48 30: 1393, 10, 0
0 48 32: 1265, 22, 1
0 48 39: 1244, 22, 0
0 48 46: 1286, 10, 1
0 48 50: 1626, 0, 3
0 48 52: 185, 22, 2
0 48 53: 185, 22, 1
0 48 53: 1631, 0, 1
0 48 54: 604, 10, 1
0 48 55: 917, 22, 2
0 48 56: 917, 22, 1
0 48 57: 1631, 0, 1
0 49 6: 980, 0, 3
0 49 6: 1257, 22, 3
0 49 12: 174, 22, 1
0 49 16: 980, 9, 2
0 49 17: 980, 0, 2
0 49 18: 980, 1, 2
0 49 28: 980, 9, 3
0 49 29: 981, 3, 3
0 49 33: 1253, 22, 0
0 49 34: 1281, 10, 1
0 49 35: 1247, 22, 0
0 49 36: 1265, 22, 2
0 49 37: 1253, 22, 2
0 49 38: 1254, 22, 1
0 49 48: 175, 22, 1
0 49 50: 1630, 22, 2
0 49 52: 185, 22, 3
0 49 53: 186, 22, 3
0 49 53: 1631, 0, 1
0 49 54: 417, 10, 2
0 49 56: 381, 10, 2
0 49 57: 197, 5, 1
0 49 57: 1631, 0, 1
0 49 58: 1631, 3, 2
0 50 5: 980, 9, 3
0 50 6: 980, 1, 3
0 50 6: 1257, 22, 1
0 50 17: 981, 3, 3
0 50 18: 980, 9, 2
0 50 19: 980, 1, 2
0 50 28: 980, 0, 3
0 50 31: 1246, 22, 1
0 50 32: 1254, 22, 3
0 50 34: 1264, 22, 1
0 50 37: 1278, 10, 3
0 50 39: 1244, 22, 1
0 50 40: 1281, 10, 2
0 50 41: 1264, 22, 0
0 50 46: 1630, 22, 1
0 50 48: 1247, 22, 3
0 50 50: 185, 22, 2
0 50 51: 1626, 0, 0
0 50 52: 184, 22, 1
0 50 52: 1624, 0, 0
0 50 53: 185, 22, 3
0 50 53: 1631, 2, 0
0 50 54: 1631, 0, 0
0 50 55: 1631, 0, 0
0 50 56: 1631, 0, 0
0 50 57: 1631, 2, 0
0 51 2: 1393, 10, 0
0 51 4: 980, 9, 3
0 51 5: 980, 1, 3
0 51 8: 1248, 22, 1
0 51 9: 1257, 22, 1
0 51 10: 1257, 22, 0
0 51 13: 611, 10, 0
0 51 14: 174, 22, 0
0 51 19: 980, 9, 2
0 51 20: 980, 1, 2
0 51 28: 980, 0, 3
0 51 33: 1244, 22, 2
0 51 35: 1264, 22, 0
0 51 37: 1254, 22, 3
0 51 47: 184, 22, 0
0 51 47: 1626, 0, 3
0 51 48: 185, 22, 1
0 51 49: 1629, 22, 1
0 51 52: 185, 22, 1
0 51 53: 1264, 22, 1
0 51 53: 1631, 0, 1
0 51 53: 1821, 5, 1
0 51 54: 1821, 4, 3
0 51 57: 2398, 0, 1
0 52 3: 980, 9, 3
0 52 3: 1257, 22, 3
0 52 4: 980, 1, 3
0 52 4: 1257, 22, 3
0 52 7: 1247, 22, 1
0 52 7: 1281, 10, 2
0 52 8: 1259, 22, 0
0 52 9: 1258, 22, 2
0 52 10: 1257, 22, 3
0 52 13: 1264, 22, 3
0 52 19: 981, 3, 0
0 52 20: 980, 0, 3
0 52 28: 980, 9, 2
0 52 29: 980, 1, 2
0 52 33: 1253, 22, 3
0 52 35: 1248, 22, 2
0 52 37: 1253, 22, 3
0 52 38: 1254, 22, 2
0 52 40: 1264, 22, 1
0 52 47: 184, 22, 3
0 52 47: 1626, 0, 3
0 52 48: 185, 22, 3
0 52 49: 1630, 22, 2
0 52 51: 1247, 22, 2
0 52 53: 1631, 0, 1
0 52 54: 348, 10, 3
0 52 56: 1747, 10, 0
0 52 57: 1631, 0, 1
0 52 62: 1255, 22, 3
0 53 2: 980, 9, 3
0 53 3: 980, 1, 3
0 53 3: 1257, 22, 0
0 53 7: 1258, 22, 3
0 53 8: 1260, 22, 1
0 53 9: 1259, 22, 3
0 53 10: 1258, 22, 3
0 53 11: 1257, 22, 2
0 53 20: 1008, 0, 3
0 53 25: 1298, 10, 1
0 53 29: 980, 9, 2
0 53 30: 980, 1, 2
0 53 32: 1281, 10, 0
0 53 33: 1264, 22, 2
0 53 34: 1244, 22, 1
0 53 35: 1253, 22, 2
0 53 36: 1309, 10, 3
0 53 37: 1247, 22, 3
0 53 38: 1264, 22, 3
0 53 47: 1624, 2, 3
0 53 48: 1626, 0, 0
0 53 50: 185, 22, 2
0 53 50: 1624, 0, 0
0 53 51: 186, 22, 1
0 53 51: 1631, 2, 0
0 53 52: 1097, 10, 1
0 53 52: 1631, 0, 0
0 53 53: 206, 5, 0
0 53 53: 1631, 0, 0
0 53 54: 350, 10, 0
0 53 54: 1631, 0, 0
0 53 55: 350, 10, 0
0 53 55: 1631, 0, 0
0 53 56: 206, 5, 0
0 53 56: 1631, 0, 0
0 53 57: 1097, 10, 1
0 53 57: 1631, 2, 0
0 53 58: 1631, 3, 2
0 53 63: 1875, 10, 3
0 54 2: 980, 0, 3
0 54 3: 1257, 22, 1
0 54 4: 1257, 22, 3
0 54 7: 1258, 22, 2
0 54 8: 1258, 22, 1
0 54 9: 1247, 22, 1
0 54 10: 1257, 22, 1
0 54 11: 1257, 22, 3
0 54 20: 1553, 0, 3
0 54 30: 980, 9, 2
0 54 32: 1247, 22, 1
0 54 34: 1254, 22, 0
0 54 36: 1247, 22, 2
0 54 39: 1248, 22, 1
0 54 40: 1244, 22, 2
0 54 46: 1630, 22, 1
0 54 48: 185, 22, 3
0 54 49: 1630, 22, 1
0 54 51: 185, 22, 0
0 54 51: 1631, 0, 1
0 54 51: 1838, 5, 1
0 54 52: 1838, 4, 3
0 54 57: 1631, 0, 1
0 54 58: 577, 4, 3
0 54 63: 1631, 0, 2
0 55 2: 980, 0, 3
0 55 4: 1258, 22, 3
0 55 8: 1257, 22, 3
0 55 9: 1257, 22, 0
0 55 10: 1257, 22, 0
0 55 11: 1257, 22, 1
0 55 14: 1189, 10, 0
0 55 20: 1551, 0, 3
0 55 25: 1308, 10, 3
0 55 26: 174, 22, 0
0 55 28: 1257, 22, 1
0 55 29: 1257, 22, 0
0 55 30: 980, 0, 1
0 55 30: 1393, 10, 0
0 55 31: 981, 3, 3
0 55 32: 1264, 22, 3
0 55 33: 1265, 22, 3
0 55 35: 1244, 22, 0
0 55 36: 1246, 22, 3
0 55 37: 1264, 22, 2
0 55 38: 1265, 22, 1
0 55 41: 1276, 10, 3
0 55 44: 1247, 22, 0
0 55 47: 1393, 10, 0
0 55 49: 1630, 22, 1
0 55 50: 174, 22, 3
0 55 51: 1631, 0, 1
0 55 57: 1631, 0, 1
0 55 58: 1631, 3, 2
0 55 59: 577, 4, 2
0 55 60: 1631, 3, 1
0 55 61: 577, 4, 2
0 55 62: 1631, 3, 1
0 55 63: 206, 5, 3
0 55 63: 1631, 0, 3
0 56 2: 980, 0, 3
0 56 4: 1258, 22, 1
0 56 5: 1258, 22, 3
0 56 9: 1257, 22, 1
0 56 10: 1257, 22, 1
0 56 20: 1007, 0, 3
0 56 25: 174, 22, 1
0 56 27: 1257, 22, 2
0 56 28: 1162, 11, 0
0 56 28: 1258, 22, 1
0 56 29: 1257, 22, 0
0 56 30: 980, 0, 1
0 56 30: 1257, 22, 3
0 56 33: 1255, 22, 3
0 56 35: 1255, 22, 2
0 56 36: 1255, 22, 1
0 56 41: 1247, 22, 0
0 56 47: 1624, 2, 2
0 56 48: 1629, 22, 2
0 56 49: 1626, 0, 2
0 56 50: 185, 22, 3
0 56 50: 1625, 0, 2
0 56 51: 1631, 2, 1
0 56 57: 1631, 3, 0
0 56 58: 1631, 0, 0
0 56 59: 206, 5, 0
0 56 59: 1631, 0, 0
0 56 60: 1530, 0, 0
0 56 61: 206, 5, 0
0 56 61: 1631, 0, 0
0 56 62: 1631, 0, 0
0 56 63: 1631, 0, 3
0 57 2: 980, 0, 3
0 57 4: 1258, 22, 0
0 57 5: 1258, 22, 0
0 57 6: 1259, 22, 2
0 57 7: 1258, 22, 2
0 57 10: 1257, 22, 3
0 57 11: 611, 10, 2
0 57 16: 1281, 10, 1
0 57 18: 174, 22, 2
0 57 20: 980, 0, 3
0 57 29: 1162, 11, 2
0 57 29: 1257, 22, 1
0 57 30: 980, 0, 1
0 57 35: 1278, 10, 2
0 57 37: 1281, 10, 3
0 57 38: 1248, 22, 0
0 57 39: 1264, 22, 1
0 57 47: 1624, 0, 3
0 57 48: 185, 22, 1
0 57 49: 185, 22, 2
0 57 50: 185, 22, 0
0 57 51: 186, 22, 0
0 57 51: 1631, 0, 1
0 57 51: 1838, 5, 1
0 57 52: 1838, 4, 3
0 57 56: 1869, 10, 0
0 57 57: 202, 10, 1
0 57 58: 1869, 10, 0
0 57 59: 202, 10, 1
0 57 60: 1869, 10, 0
0 57 61: 202, 10, 1
0 57 62: 1631, 3, 0
0 57 62: 1869, 10, 0
0 57 63: 1631, 0, 3
0 58 2: 980, 0, 3
0 58 4: 1258, 22, 3
0 58 5: 1259, 22, 1
0 58 6: 1259, 22, 3
0 58 7: 1258, 22, 2
0 58 9: 1257, 22, 0
0 58 10: 1257, 22, 2
0 58 18: 1264, 22, 1
0 58 19: 981, 3, 1
0 58 20: 980, 0, 3
0 58 23: 174, 22, 2
0 58 23: 1308, 10, 0
0 58 25: 1189, 10, 3
0 58 29: 1162, 10, 0
0 58 30: 980, 0, 1
0 58 30: 1257, 22, 3
0 58 31: 981, 3, 3
0 58 32: 1276, 10, 0
0 58 36: 1265, 22, 0
0 58 37: 1244, 22, 3
0 58 47: 185, 22, 2
0 58 48: 185, 22, 3
0 58 49: 185, 22, 0
0 58 50: 1630, 22, 2
0 58 51: 185, 22, 3
0 58 51: 1631, 0, 1
0 58 52: 206, 4, 3
0 58 53: 202, 10, 0
0 58 56: 925, 22, 3
0 58 57: 926, 22, 3
0 58 58: 926, 22, 3
0 58 59: 926, 22, 3
0 58 60: 926, 22, 3
0 58 61: 925, 22, 0
0 58 62: 1631, 3, 1
0 58 63: 206, 5, 3
0 58 63: 1631, 0, 3
0 59 2: 980, 0, 3
0 59 4: 1258, 22, 2
0 59 9: 1257, 22, 1
0 59 16: 174, 22, 3
0 59 19: 980, 9, 3
0 59 20: 980, 1, 3
0 59 23: 174, 22, 2
0 59 24: 1257, 22, 2
0 59 25: 1257, 22, 3
0 59 27: 174, 22, 3
0 59 30: 980, 0, 1
0 59 30: 1162, 10, 0
0 59 30: 1257, 22, 0
0 59 31: 1257, 22, 2
0 59 33: 1247, 22, 2
0 59 35: 1254, 22, 2
0 59 36: 1255, 22, 0
0 59 38: 1264, 22, 0
0 59 47: 1626, 0, 3
0 59 49: 1626, 2, 3
0 59 50: 185, 22, 1
0 59 51: 1631, 0, 1
0 59 53: 411, 10, 0
0 59 53: 2752, 22, 0
0 59 56: 926, 22, 2
0 59 57: 927, 22, 0
0 59 58: 927, 22, 0
0 59 59: 927, 22, 0
0 59 60: 927, 22, 0
0 59 61: 926, 22, 0
0 59 63: 1528, 0, 3
0 60 2: 980, 0, 3
0 60 14: 1244, 22, 0
0 60 18: 980, 9, 3
0 60 19: 980, 1, 3
0 60 23: 1257, 22, 0
0 60 24: 1258, 22, 0
0 60 30: 980, 0, 1
0 60 30: 1257, 22, 3
0 60 31: 1257, 22, 2
0 60 40: 1255, 22, 1
0 60 46: 1629, 22, 1
0 60 48: 1629, 22, 1
0 60 49: 1244, 22, 0
0 60 50: 185, 22, 0
0 60 51: 185, 22, 0
0 60 51: 1631, 0, 1
0 60 51: 1838, 5, 1
0 60 52: 1838, 4, 3
0 60 56: 926, 22, 2
0 60 57: 927, 22, 0
0 60 58: 927, 22, 0
0 60 59: 927, 22, 0
0 60 60: 927, 22, 0
0 60 61: 926, 22, 0
0 60 62: 1631, 3, 0
0 60 63: 1631, 0, 3
0 61 2: 980, 0, 3
0 61 13: 1281, 10, 2
0 61 17: 980, 9, 3
0 61 18: 980, 1, 3
0 61 24: 1257, 22, 3
0 61 30: 980, 0, 1
0 61 30: 1257, 22, 1
0 61 31: 981, 3, 3
0 61 37: 1246, 22, 3
0 61 38: 1253, 22, 2
0 61 47: 1264, 22, 3
0 61 49: 1626, 0, 3
0 61 50: 185, 22, 1
0 61 51: 185, 22, 3
0 61 51: 1631, 0, 1
0 61 52: 206, 4, 3
0 61 53: 202, 10, 0
0 61 56: 925, 22, 2
0 61 57: 926, 22, 1
0 61 58: 926, 22, 1
0 61 59: 926, 22, 1
0 61 60: 926, 22, 1
0 61 61: 925, 22, 1
0 61 62: 1631, 3, 1
0 61 63: 206, 5, 3
0 61 63: 1631, 0, 3
0 62 2: 980, 0, 3
0 62 13: 1264, 22, 0
0 62 16: 981, 3, 0
0 62 17: 980, 0, 3
0 62 21: 1257, 22, 2
0 62 22: 1257, 22, 0
0 62 23: 1257, 22, 1
0 62 30: 980, 0, 1
0 62 34: 1276, 10, 3
0 62 46: 1629, 22, 1
0 62 48: 1629, 22, 1
0 62 50: 185, 22, 1
0 62 51: 185, 22, 3
0 62 51: 1631, 0, 1
0 62 56: 1869, 10, 0
0 62 57: 202, 10, 3
0 62 58: 1869, 10, 0
0 62 59: 202, 10, 3
0 62 60: 1869, 10, 0
0 62 61: 202, 10, 3
0 62 62: 1631, 3, 1
0 62 62: 1869, 10, 0
0 62 63: 1631, 0, 3
0 63 2: 980, 0, 3
0 63 17: 980, 0, 3
0 63 21: 1257, 22, 3
0 63 22: 1257, 22, 3
0 63 23: 1257, 22, 3
0 63 30: 980, 0, 1
0 63 31: 981, 3, 2
0 63 34: 1265, 22, 2
0 63 35: 1265, 22, 1
0 63 40: 1265, 22, 0
0 63 40: 1276, 10, 0
0 63 41: 1247, 22, 3
0 63 49: 186, 22, 2
0 63 49: 1624, 2, 2
0 63 50: 185, 22, 2
0 63 51: 185, 22, 3
0 63 51: 1631, 2, 1
0 63 51: 1838, 5, 1
0 63 52: 1631, 0, 2
0 63 52: 1838, 4, 3
0 63 53: 1631, 0, 2
0 63 54: 206, 5, 2
0 63 54: 1631, 0, 2
0 63 55: 1631, 0, 2
0 63 56: 206, 5, 2
0 63 56: 1631, 0, 2
0 63 57: 1631, 0, 2
0 63 58: 1631, 0, 2
0 63 59: 206, 5, 2
0 63 59: 1631, 0, 2
0 63 60: 1631, 0, 2
0 63 61: 206, 5, 2
0 63 61: 1631, 0, 2
0 63 62: 1631, 0, 2
0 63 63: 206, 5, 3
0 63 63: 1631, 2, 2
1 0 58: 1844, 8, 3
1 0 58: 1902, 9, 3
1 0 59: 196, 6, 0
1 0 59: 1902, 9, 0
1 1 57: 196, 6, 3
1 1 57: 1902, 9, 3
1 1 58: 359, 10, 0
1 1 58: 1602, 1, 3
1 1 59: 359, 10, 1
1 1 59: 1602, 1, 0
1 1 60: 1844, 8, 0
1 1 60: 1902, 9, 0
1 2 49: 1790, 21, 1
1 2 50: 1790, 18, 2
1 2 51: 1790, 18, 2
1 2 52: 1790, 18, 2
1 2 53: 1790, 18, 2
1 2 56: 1844, 8, 3
1 2 56: 1902, 9, 3
1 2 57: 1088, 10, 3
1 2 57: 1602, 1, 3
1 2 58: 1088, 11, 3
1 2 60: 1602, 1, 0
1 2 61: 196, 6, 0
1 2 61: 1902, 9, 0
1 3 49: 1790, 18, 1
1 3 50: 1924, 16, 1
1 3 51: 1924, 12, 2
1 3 52: 1924, 12, 2
1 3 53: 1924, 12, 2
1 3 55: 196, 6, 3
1 3 55: 1902, 9, 3
1 3 56: 1602, 1, 3
1 3 57: 593, 10, 0
1 3 61: 1602, 1, 0
1 3 61: 1746, 11, 1
1 3 62: 1902, 9, 0
1 4 49: 1790, 18, 1
1 4 50: 1924, 12, 1
1 4 51: 1924, 17, 0
1 4 52: 1924, 17, 0
1 4 53: 1924, 17, 0
1 4 55: 1902, 9, 2
1 4 56: 1088, 10, 2
1 4 56: 1602, 1, 2
1 4 59: 1088, 11, 0
1 4 62: 1902, 0, 1
1 5 42: 1774, 10, 0
1 5 44: 1774, 10, 0
1 5 49: 1790, 18, 1
1 5 50: 1924, 12, 1
1 5 51: 1924, 17, 0
1 5 52: 1924, 17, 0
1 5 53: 1924, 17, 0
1 5 56: 196, 6, 2
1 5 56: 1902, 9, 2
1 5 57: 1602, 1, 2
1 5 58: 1088, 10, 1
1 5 61: 357, 10, 3
1 5 62: 358, 10, 0
1 5 62: 1902, 0, 1
1 6 42: 1775, 10, 0
1 6 44: 1775, 10, 2
1 6 49: 1790, 18, 1
1 6 50: 1924, 16, 0
1 6 51: 1924, 12, 0
1 6 52: 1924, 12, 0
1 6 53: 1924, 12, 0
1 6 57: 1844, 8, 2
1 6 57: 1902, 9, 2
1 6 58: 1602, 1, 2
1 6 61: 1602, 1, 1
1 6 62: 196, 6, 1
1 6 62: 1902, 9, 1
1 7 42: 1774, 10, 2
1 7 44: 1774, 10, 2
1 7 49: 1790, 21, 0
1 7 50: 1790, 18, 0
1 7 51: 1790, 18, 0
1 7 52: 1790, 18, 0
1 7 53: 1790, 18, 0
1 7 58: 196, 6, 2
1 7 58: 1902, 9, 2
1 7 59: 359, 10, 1
1 7 59: 1602, 1, 2
1 7 60: 359, 10, 2
1 7 60: 1602, 1, 1
1 7 61: 1844, 8, 1
1 7 61: 1902, 9, 1
1 8 52: 1913, 0, 1
1 8 53: 1651, 0, 1
1 8 59: 1902, 9, 2
1 8 60: 196, 6, 1
1 8 60: 1902, 9, 1
1 9 52: 1913, 3, 0
1 9 53: 1913, 0, 0
1 13 52: 1913, 3, 1
1 13 53: 1913, 0, 2
1 14 52: 1913, 0, 1
1 14 53: 1651, 0, 1
1 15 52: 1913, 0, 1
1 15 53: 1651, 0, 1
1 16 52: 1913, 0, 1
1 16 53: 1651, 0, 1
1 17 52: 1913, 0, 1
1 17 53: 1651, 0, 1
1 17 55: 1790, 19, 1
1 17 56: 1790, 18, 2
1 17 57: 1790, 18, 2
1 17 58: 1790, 18, 2
1 17 59: 1790, 18, 2
1 17 60: 1790, 18, 2
1 17 61: 1790, 19, 2
1 18 52: 1913, 0, 1
1 18 53: 1651, 0, 1
1 18 55: 1790, 18, 1
1 18 56: 1924, 16, 1
1 18 57: 1924, 12, 2
1 18 58: 1821, 4, 2
1 18 58: 1924, 12, 2
1 18 59: 1924, 12, 2
1 18 60: 1924, 16, 2
1 18 61: 1790, 18, 3
1 19 52: 1913, 0, 1
1 19 53: 1651, 0, 1
1 19 56: 374, 10, 1
1 19 56: 1902, 2, 3
1 19 57: 417, 10, 3
1 19 57: 1902, 0, 0
1 19 58: 604, 10, 1
1 19 58: 1821, 5, 0
1 19 58: 1902, 0, 0
1 19 59: 417, 10, 3
1 19 59: 1902, 0, 0
1 19 60: 196, 5, 0
1 19 60: 1902, 0, 0
1 19 61: 1902, 0, 3
1 20 52: 1913, 0, 1
1 20 53: 1651, 0, 1
1 20 55: 1821, 4, 1
1 20 56: 1821, 5, 3
1 20 56: 1902, 0, 3
1 20 57: 917, 22, 3
1 20 58: 918, 22, 3
1 20 59: 917, 22, 0
1 20 60: 1821, 4, 1
1 20 61: 1821, 5, 3
1 20 61: 1902, 0, 3
1 21 52: 1913, 0, 1
1 21 53: 1651, 0, 1
1 21 56: 196, 5, 3
1 21 56: 1902, 0, 3
1 21 57: 917, 22, 2
1 21 58: 918, 22, 1
1 21 59: 917, 22, 1
1 21 60: 350, 10, 1
1 21 61: 1902, 0, 3
1 22 52: 1913, 0, 1
1 22 53: 1651, 0, 1
1 22 56: 604, 10, 0
1 22 56: 1902, 0, 3
1 22 57: 917, 22, 3
1 22 58: 918, 22, 3
1 22 59: 917, 22, 0
1 22 60: 196, 4, 1
1 22 61: 1902, 0, 3
1 23 52: 1913, 0, 1
1 23 53: 1651, 0, 1
1 23 56: 417, 10, 2
1 23 56: 1902, 0, 3
1 23 57: 917, 22, 2
1 23 58: 918, 22, 1
1 23 59: 917, 22, 1
1 23 61: 1902, 0, 3
1 24 52: 1913, 0, 1
1 24 53: 1651, 0, 1
1 24 55: 1821, 4, 1
1 24 56: 1821, 5, 3
1 24 56: 1902, 2, 2
1 24 57: 1902, 0, 2
1 24 58: 1821, 5, 2
1 24 58: 1902, 0, 2
1 24 59: 196, 5, 2
1 24 59: 1902, 0, 2
1 24 60: 1746, 10, 3
1 24 60: 1821, 4, 1
1 24 60: 1902, 0, 2
1 24 61: 1821, 5, 3
1 24 61: 1902, 0, 3
1 25 52: 1913, 0, 1
1 25 53: 1651, 0, 1
1 25 58: 1821, 4, 0
1 26 52: 1913, 0, 1
1 26 53: 1651, 0, 1
1 27 52: 1913, 0, 1
1 27 53: 1651, 0, 1
1 28 52: 1913, 0, 1
1 28 53: 1651, 0, 1
1 29 52: 1913, 0, 1
1 29 53: 1902, 3, 1
1 29 54: 1902, 0, 2
1 29 55: 1843, 5, 2
1 29 55: 1902, 0, 2
1 29 56: 1902, 0, 2
1 29 57: 1821, 5, 2
1 29 57: 1902, 0, 2
1 29 58: 1902, 0, 2
1 30 52: 1913, 0, 1
1 30 53: 1902, 0, 1
1 30 55: 1726, 10, 2
1 30 55: 1843, 4, 0
1 30 57: 1821, 4, 0
1 30 58: 1902, 0, 1
1 31 52: 1913, 0, 1
1 31 53: 1902, 0, 1
1 31 58: 1902, 0, 1
1 32 52: 1913, 0, 1
1 32 53: 1825, 5, 1
1 32 53: 1902, 0, 1
1 32 54: 1825, 4, 3
1 32 56: 994, 0, 0
1 32 57: 994, 0, 0
1 32 58: 1154, 10, 0
1 32 58: 1843, 5, 1
1 32 58: 1902, 0, 1
1 32 59: 1843, 4, 3
1 33 52: 1913, 0, 1
1 33 53: 1902, 0, 1
1 33 54: 350, 10, 3
1 33 55: 917, 22, 3
1 33 56: 918, 22, 3
1 33 57: 917, 22, 0
1 33 58: 196, 5, 1
1 33 58: 1902, 0, 1
1 34 52: 1913, 0, 1
1 34 53: 1902, 0, 1
1 34 54: 350, 10, 3
1 34 55: 917, 22, 2
1 34 56: 918, 22, 1
1 34 57: 917, 22, 1
1 34 58: 1902, 0, 1
1 35 24: 1793, 18, 1
1 35 25: 1640, 12, 1
1 35 26: 1640, 17, 0
1 35 27: 1640, 17, 0
1 35 28: 1640, 17, 0
1 35 29: 1640, 12, 3
1 35 30: 1793, 18, 3
1 35 52: 1913, 0, 1
1 35 53: 1825, 5, 1
1 35 53: 1902, 0, 1
1 35 54: 1825, 4, 3
1 35 55: 595, 10, 3
1 35 58: 1821, 5, 1
1 35 58: 1902, 0, 1
1 35 59: 1821, 4, 3
1 36 24: 1793, 18, 1
1 36 25: 1640, 12, 1
1 36 29: 1640, 12, 3
1 36 30: 1793, 18, 3
1 36 52: 1913, 0, 1
1 36 53: 1902, 0, 1
1 36 54: 196, 4, 3
1 36 54: 1902, 0, 2
1 36 55: 1843, 5, 2
1 36 55: 1902, 0, 2
1 36 56: 1088, 10, 1
1 36 56: 1902, 0, 2
1 36 57: 1843, 5, 2
1 36 57: 1902, 0, 2
1 36 58: 196, 5, 1
1 36 58: 1902, 2, 1
1 37 24: 1793, 18, 1
1 37 25: 1640, 12, 1
1 37 29: 1640, 12, 3
1 37 30: 1793, 18, 3
1 37 52: 1913, 0, 1
1 37 53: 1790, 18, 1
1 37 54: 1642, 12, 1
1 37 55: 1843, 4, 0
1 37 55: 1924, 17, 3
1 37 56: 1924, 17, 3
1 37 57: 1843, 4, 0
1 37 57: 1924, 17, 3
1 37 58: 1642, 12, 3
1 37 59: 1790, 18, 3
1 38 24: 1793, 18, 1
1 38 25: 1640, 12, 1
1 38 29: 1640, 12, 3
1 38 30: 1793, 18, 3
1 38 53: 1790, 18, 1
1 38 54: 1924, 16, 0
1 38 55: 1642, 12, 0
1 38 56: 1642, 12, 0
1 38 57: 1642, 12, 0
1 38 58: 1924, 16, 3
1 38 59: 1790, 18, 3
1 39 24: 1793, 18, 1
1 39 25: 1640, 12, 1
1 39 29: 1640, 12, 3
1 39 30: 1793, 18, 3
1 39 53: 1790, 21, 0
1 39 54: 1790, 18, 0
1 39 55: 1790, 18, 0
1 39 56: 1790, 18, 0
1 39 57: 1790, 18, 0
1 39 58: 1790, 18, 0
1 39 59: 1790, 21, 3
1 40 24: 1793, 18, 1
1 40 25: 1640, 12, 1
1 40 29: 1640, 12, 3
1 40 30: 1793, 18, 3
1 41 24: 1793, 18, 1
1 41 25: 1640, 12, 1
1 41 26: 1640, 17, 0
1 41 27: 1640, 17, 0
1 41 28: 1640, 17, 0
1 41 29: 1640, 12, 3
1 41 30: 1793, 18, 3
1 41 51: 1631, 3, 1
1 41 52: 1631, 0, 2
1 41 53: 1631, 0, 2
1 41 53: 1843, 5, 2
1 41 54: 1631, 0, 2
1 41 55: 1631, 0, 2
1 41 56: 1631, 0, 2
1 41 57: 1631, 0, 2
1 41 57: 1843, 5, 2
1 41 58: 1631, 0, 2
1 42 51: 1631, 0, 1
1 42 52: 595, 10, 0
1 42 53: 1843, 4, 0
1 42 54: 1018, 10, 0
1 42 55: 357, 10, 2
1 42 56: 1016, 10, 0
1 42 57: 357, 10, 0
1 42 57: 1843, 4, 0
1 42 58: 358, 10, 1
1 42 58: 1631, 0, 1
1 43 51: 1631, 0, 1
1 43 58: 357, 10, 3
1 43 58: 850, 5, 1
1 43 58: 1631, 0, 1
1 44 51: 1631, 0, 1
1 44 52: 197, 4, 3
1 44 56: 917, 22, 3
1 44 57: 917, 22, 0
1 44 58: 357, 10, 1
1 44 58: 850, 5, 1
1 44 58: 1631, 0, 1
1 45 50: 1624, 2, 3
1 45 51: 1631, 3, 0
1 45 52: 1631, 0, 0
1 45 53: 1631, 2, 0
1 45 54: 197, 4, 3
1 45 54: 1014, 10, 3
1 45 56: 918, 22, 2
1 45 57: 918, 22, 0
1 45 58: 1631, 0, 1
1 45 58: 1843, 5, 1
1 45 59: 1843, 4, 3
1 46 53: 1631, 0, 1
1 46 53: 1821, 5, 1
1 46 54: 1014, 10, 3
1 46 54: 1821, 4, 3
1 46 56: 918, 22, 2
1 46 57: 918, 22, 0
1 46 58: 197, 5, 1
1 46 58: 822, 10, 0
1 46 58: 1631, 0, 1
1 47 53: 1631, 0, 1
1 47 54: 595, 10, 0
1 47 56: 918, 22, 2
1 47 57: 918, 22, 0
1 47 58: 822, 10, 0
1 47 58: 1631, 0, 1
1 48 53: 1631, 0, 1
1 48 56: 918, 22, 2
1 48 57: 918, 22, 0
1 48 58: 821, 10, 1
1 48 58: 1631, 0, 1
1 49 53: 1631, 0, 1
1 49 53: 1843, 5, 1
1 49 54: 1843, 4, 3
1 49 56: 918, 22, 2
1 49 57: 918, 22, 0
1 49 58: 1631, 0, 1
1 50 53: 1631, 0, 1
1 50 54: 197, 4, 3
1 50 54: 1017, 10, 3
1 50 56: 917, 22, 2
1 50 57: 917, 22, 1
1 50 58: 1631, 0, 1
1 50 58: 1843, 5, 1
1 50 59: 1843, 4, 3
1 51 53: 1631, 0, 1
1 51 54: 1016, 10, 3
1 51 58: 357, 10, 0
1 51 58: 1631, 0, 1
1 52 51: 1793, 21, 1
1 52 52: 1793, 18, 2
1 52 53: 1631, 0, 1
1 52 53: 1793, 18, 2
1 52 54: 1015, 10, 3
1 52 54: 1631, 0, 2
1 52 55: 197, 5, 2
1 52 55: 1631, 0, 2
1 52 56: 1631, 0, 2
1 52 56: 1746, 10, 0
1 52 57: 197, 5, 2
1 52 57: 1631, 0, 2
1 52 58: 358, 10, 1
1 52 58: 1631, 2, 1
1 52 62: 1793, 21, 1
1 52 63: 1793, 18, 2
1 53 51: 1793, 18, 1
1 53 52: 1640, 16, 1
1 53 53: 1640, 12, 2
1 53 54: 1640, 12, 2
1 53 55: 1640, 12, 2
1 53 56: 1640, 12, 2
1 53 57: 1640, 16, 2
1 53 58: 1793, 18, 3
1 53 62: 1793, 18, 1
1 53 63: 1640, 16, 1
1 54 51: 1793, 18, 1
1 54 52: 1640, 12, 1
1 54 53: 1640, 17, 0
1 54 54: 1640, 17, 0
1 54 55: 1640, 17, 0
1 54 56: 1640, 17, 0
1 54 57: 1933, 12, 3
1 54 58: 1793, 18, 3
1 54 62: 1793, 18, 1
1 54 63: 1640, 12, 1
1 55 51: 1793, 18, 1
1 55 52: 1640, 12, 1
1 55 53: 1640, 17, 0
1 55 54: 1640, 17, 0
1 55 55: 1640, 17, 0
1 55 56: 1640, 17, 0
1 55 57: 1933, 12, 3
1 55 58: 1793, 20, 2
1 55 59: 1793, 18, 2
1 55 60: 1793, 18, 2
1 55 61: 1793, 18, 2
1 55 62: 1793, 20, 1
1 55 63: 1640, 12, 1
1 56 51: 1793, 18, 1
1 56 52: 1640, 12, 1
1 56 53: 1640, 17, 0
1 56 54: 1640, 17, 0
1 56 55: 1640, 17, 0
1 56 56: 1640, 17, 0
1 56 57: 1640, 15, 2
1 56 58: 1640, 12, 2
1 56 59: 1640, 12, 2
1 56 60: 1640, 12, 2
1 56 61: 1640, 12, 2
1 56 62: 1640, 12, 2
1 56 63: 1640, 15, 1
1 57 51: 1793, 18, 1
1 57 52: 1640, 12, 1
1 57 53: 1640, 17, 0
1 57 54: 1640, 17, 0
1 57 55: 1640, 17, 0
1 57 56: 1640, 17, 0
1 57 57: 1640, 17, 0
1 57 58: 1640, 17, 0
1 57 59: 1640, 17, 0
1 57 60: 1640, 17, 0
1 57 61: 1640, 17, 0
1 57 62: 1640, 17, 0
1 57 63: 1640, 17, 0
1 58 51: 1793, 18, 1
1 58 52: 1640, 12, 1
1 58 53: 1640, 17, 0
1 58 54: 1640, 17, 0
1 58 55: 1640, 17, 0
1 58 56: 1640, 17, 0
1 58 57: 1640, 17, 0
1 58 58: 1640, 17, 0
1 58 59: 1640, 17, 0
1 58 60: 1640, 17, 0
1 58 61: 1640, 17, 0
1 58 62: 1640, 17, 0
1 58 63: 1640, 17, 0
1 59 51: 1793, 18, 1
1 59 52: 1640, 12, 1
1 59 53: 1640, 17, 0
1 59 54: 1640, 17, 0
1 59 55: 1640, 17, 0
1 59 56: 1640, 17, 0
1 59 57: 1640, 17, 0
1 59 58: 1640, 17, 0
1 59 59: 1640, 17, 0
1 59 60: 1640, 17, 0
1 59 61: 1640, 17, 0
1 59 62: 1640, 17, 0
1 59 63: 1640, 17, 0
1 60 51: 1793, 18, 1
1 60 52: 1640, 12, 1
1 60 53: 1640, 17, 0
1 60 54: 1640, 17, 0
1 60 55: 1640, 17, 0
1 60 56: 1640, 17, 0
1 60 57: 1640, 17, 0
1 60 58: 1640, 17, 0
1 60 59: 1640, 17, 0
1 60 60: 1640, 17, 0
1 60 61: 1640, 17, 0
1 60 62: 1640, 17, 0
1 60 63: 1640, 17, 0
1 61 51: 1793, 18, 1
1 61 52: 1640, 12, 1
1 61 53: 1640, 17, 0
1 61 54: 1640, 17, 0
1 61 55: 1640, 17, 0
1 61 56: 1640, 17, 0
1 61 57: 1640, 17, 0
1 61 58: 1640, 17, 0
1 61 59: 1640, 17, 0
1 61 60: 1640, 17, 0
1 61 61: 1640, 17, 0
1 61 62: 1640, 17, 0
1 61 63: 1640, 17, 0
1 62 51: 1793, 18, 1
1 62 52: 1640, 12, 1
1 62 53: 1640, 17, 0
1 62 54: 1640, 17, 0
1 62 55: 1640, 17, 0
1 62 56: 1640, 17, 0
1 62 57: 1640, 17, 0
1 62 58: 1640, 17, 0
1 62 59: 1640, 17, 0
1 62 60: 1640, 17, 0
1 62 61: 1640, 17, 0
1 62 62: 1640, 17, 0
1 62 63: 1640, 17, 0
1 63 51: 1793, 18, 1
1 63 52: 1640, 16, 0
1 63 53: 1640, 12, 0
1 63 54: 1640, 12, 0
1 63 55: 1640, 12, 0
1 63 56: 1640, 12, 0
1 63 57: 1640, 12, 0
1 63 58: 1640, 12, 0
1 63 59: 1640, 12, 0
1 63 60: 1640, 12, 0
1 63 61: 1640, 12, 0
1 63 62: 1640, 12, 0
1 63 63: 1640, 12, 0
2 0 57: 1790, 19, 1
2 0 58: 1642, 13, 1
2 0 59: 1642, 13, 2
2 0 60: 1790, 19, 2
2 1 56: 1790, 19, 1
2 1 57: 1642, 13, 1
2 1 58: 1642, 14, 1
2 1 59: 1642, 14, 2
2 1 60: 1642, 13, 2
2 1 61: 1790, 19, 2
2 2 55: 1790, 19, 1
2 2 56: 1642, 13, 1
2 2 57: 1642, 14, 1
2 2 58: 1642, 17, 3
2 2 59: 1642, 17, 3
2 2 60: 1642, 14, 2
2 2 61: 1642, 13, 2
2 2 62: 1790, 19, 2
2 3 54: 1790, 19, 1
2 3 55: 1642, 13, 1
2 3 56: 1642, 14, 1
2 3 57: 1642, 17, 3
2 3 58: 1642, 17, 3
2 3 59: 1642, 17, 3
2 3 60: 1642, 17, 3
2 3 61: 1642, 14, 2
2 3 62: 1642, 13, 2
2 3 63: 1790, 19, 2
2 4 41: 1984, 3, 1
2 4 42: 1983, 0, 2
2 4 43: 1983, 0, 2
2 4 44: 1983, 0, 2
2 4 45: 1984, 3, 2
2 4 54: 1790, 19, 0
2 4 55: 1642, 13, 0
2 4 56: 1642, 14, 0
2 4 57: 1642, 17, 3
2 4 58: 1642, 17, 3
2 4 59: 1642, 17, 3
2 4 60: 1642, 17, 3
2 4 61: 1642, 17, 3
2 4 62: 1642, 12, 3
2 4 63: 1790, 18, 3
2 5 41: 1983, 0, 1
2 5 42: 1770, 3, 3
2 5 43: 1770, 3, 1
2 5 44: 1770, 3, 0
2 5 45: 1983, 0, 3
2 5 55: 1790, 19, 0
2 5 56: 1642, 13, 0
2 5 57: 1642, 14, 0
2 5 58: 1642, 17, 3
2 5 59: 1642, 17, 3
2 5 60: 1642, 17, 3
2 5 61: 1642, 17, 3
2 5 62: 1642, 12, 3
2 5 63: 1790, 18, 3
2 6 41: 1983, 0, 1
2 6 42: 1770, 3, 0
2 6 43: 1568, 22, 2
2 6 44: 1770, 3, 2
2 6 45: 1983, 0, 3
2 6 56: 1790, 19, 0
2 6 57: 1642, 13, 0
2 6 58: 1642, 14, 0
2 6 59: 1642, 17, 3
2 6 60: 1642, 17, 3
2 6 61: 1642, 14, 3
2 6 62: 1642, 13, 3
2 6 63: 1790, 19, 3
2 7 41: 1983, 0, 1
2 7 42: 1770, 3, 2
2 7 43: 1770, 3, 3
2 7 44: 1247, 22, 2
2 7 44: 1770, 3, 1
2 7 45: 1983, 0, 3
2 7 57: 1790, 19, 0
2 7 58: 1642, 13, 0
2 7 59: 1642, 14, 0
2 7 60: 1642, 14, 3
2 7 61: 1642, 13, 3
2 7 62: 1790, 19, 3
2 8 41: 1984, 3, 0
2 8 42: 1983, 0, 0
2 8 43: 1983, 0, 0
2 8 44: 1983, 0, 0
2 8 45: 1984, 3, 3
2 8 58: 1790, 19, 0
2 8 59: 1642, 13, 0
2 8 60: 1642, 13, 3
2 8 61: 1790, 19, 3
2 9 59: 1790, 19, 0
2 9 60: 1790, 19, 3
2 18 55: 1790, 21, 1
2 18 56: 1790, 18, 2
2 18 57: 1790, 18, 2
2 18 58: 1790, 18, 2
2 18 59: 1790, 18, 2
2 18 60: 1790, 18, 2
2 18 61: 1790, 21, 2
2 19 55: 1790, 18, 1
2 19 56: 1924, 16, 1
2 19 57: 1924, 12, 2
2 19 58: 1924, 12, 2
2 19 59: 1924, 12, 2
2 19 60: 1924, 16, 2
2 19 61: 1790, 18, 3
2 20 55: 1790, 18, 1
2 20 56: 1924, 12, 1
2 20 57: 1924, 17, 0
2 20 58: 1924, 17, 0
2 20 59: 1924, 17, 0
2 20 60: 1924, 12, 3
2 20 61: 1790, 18, 3
2 21 55: 1790, 18, 1
2 21 56: 1927, 12, 1
2 21 57: 1924, 17, 0
2 21 58: 1924, 17, 0
2 21 59: 1924, 17, 0
2 21 60: 1924, 12, 3
2 21 61: 1790, 18, 3
2 22 55: 1790, 18, 1
2 22 56: 1927, 12, 1
2 22 57: 1924, 17, 0
2 22 58: 1924, 17, 0
2 22 59: 1924, 17, 0
2 22 60: 1924, 12, 3
2 22 61: 1790, 18, 3
2 23 55: 1790, 18, 1
2 23 56: 1924, 12, 1
2 23 57: 1924, 17, 0
2 23 58: 1924, 17, 0
2 23 59: 1924, 17, 0
2 23 60: 1924, 12, 3
2 23 61: 1790, 18, 3
2 24 55: 1790, 18, 1
2 24 56: 1924, 16, 0
2 24 57: 1924, 12, 0
2 24 58: 1924, 12, 0
2 24 59: 1924, 12, 0
2 24 60: 1924, 16, 3
2 24 61: 1790, 18, 3
2 25 55: 1790, 21, 0
2 25 56: 1790, 18, 0
2 25 57: 1790, 18, 0
2 25 58: 1790, 18, 0
2 25 59: 1790, 18, 0
2 25 60: 1790, 18, 0
2 25 61: 1790, 21, 3
2 29 53: 1790, 21, 1
2 29 54: 1790, 18, 2
2 29 55: 1790, 18, 2
2 29 56: 1790, 18, 2
2 29 57: 1790, 18, 2
2 29 58: 1790, 18, 2
2 29 59: 1790, 21, 2
2 30 53: 1790, 18, 1
2 30 54: 1924, 16, 1
2 30 55: 1924, 12, 2
2 30 56: 1924, 12, 2
2 30 57: 1924, 12, 2
2 30 58: 1924, 16, 2
2 30 59: 1790, 18, 3
2 31 53: 1790, 18, 1
2 31 54: 1924, 12, 1
2 31 55: 1924, 17, 3
2 31 56: 1924, 17, 3
2 31 57: 1924, 17, 3
2 31 58: 1924, 12, 3
2 31 59: 1790, 18, 3
2 32 53: 1790, 18, 1
2 32 54: 1924, 12, 1
2 32 55: 1924, 17, 3
2 32 56: 1924, 17, 3
2 32 57: 1924, 17, 3
2 32 58: 1924, 12, 3
2 32 59: 1790, 18, 3
2 33 53: 1790, 18, 1
2 33 54: 1924, 12, 1
2 33 55: 1924, 17, 3
2 33 56: 1924, 17, 3
2 33 57: 1924, 17, 3
2 33 58: 1924, 12, 3
2 33 59: 1790, 18, 3
2 34 53: 1790, 18, 1
2 34 54: 1924, 12, 1
2 34 55: 1924, 17, 3
2 34 56: 1924, 17, 3
2 34 57: 1924, 17, 3
2 34 58: 1924, 12, 3
2 34 59: 1790, 18, 3
2 35 26: 1640, 12, 1
2 35 27: 1640, 17, 1
2 35 28: 1640, 12, 3
2 35 53: 1790, 18, 1
2 35 54: 1924, 12, 1
2 35 55: 1924, 17, 3
2 35 56: 1924, 17, 3
2 35 57: 1924, 17, 3
2 35 58: 1924, 12, 3
2 35 59: 1790, 18, 3
2 36 26: 1640, 12, 1
2 36 27: 1640, 17, 1
2 36 28: 1640, 12, 3
2 36 53: 1790, 18, 1
2 36 54: 1924, 16, 0
2 36 55: 1924, 12, 0
2 36 56: 1924, 12, 0
2 36 57: 1924, 12, 0
2 36 58: 1924, 16, 3
2 36 59: 1790, 18, 3
2 37 26: 1640, 12, 1
2 37 27: 1640, 17, 1
2 37 28: 1640, 12, 3
2 37 53: 1790, 21, 0
2 37 54: 1790, 18, 0
2 37 55: 1790, 18, 0
2 37 56: 1790, 18, 0
2 37 57: 1790, 18, 0
2 37 58: 1790, 18, 0
2 37 59: 1790, 21, 3
2 38 26: 1640, 12, 1
2 38 27: 1640, 17, 1
2 38 28: 1640, 12, 3
2 39 26: 1640, 12, 1
2 39 27: 1640, 17, 1
2 39 28: 1640, 12, 3
2 40 26: 1640, 12, 1
2 40 27: 1640, 17, 1
2 40 28: 1640, 12, 3
2 41 26: 1640, 12, 1
2 41 27: 1640, 17, 1
2 41 28: 1640, 12, 3
2 41 51: 1793, 21, 1
2 41 52: 1793, 18, 2
2 41 53: 1793, 18, 2
2 41 54: 1793, 18, 2
2 41 55: 1793, 18, 2
2 41 56: 1793, 18, 2
2 41 57: 1793, 18, 2
2 41 58: 1793, 18, 2
2 41 59: 1793, 21, 2
2 42 51: 1793, 18, 1
2 42 52: 1640, 16, 1
2 42 53: 1640, 12, 2
2 42 54: 1640, 12, 2
2 42 55: 1640, 12, 2
2 42 56: 1640, 12, 2
2 42 57: 1640, 12, 2
2 42 58: 1640, 16, 2
2 42 59: 1793, 18, 3
2 43 51: 1793, 18, 1
2 43 52: 1640, 12, 1
2 43 53: 1640, 17, 2
2 43 54: 1640, 17, 2
2 43 58: 1640, 12, 3
2 43 59: 1793, 18, 3
2 44 51: 1793, 18, 1
2 44 52: 1640, 16, 0
2 44 53: 1640, 12, 0
2 44 54: 1640, 15, 0
2 44 58: 1640, 12, 3
2 44 59: 1793, 18, 3
2 45 51: 1793, 21, 0
2 45 52: 1793, 18, 0
2 45 53: 1793, 20, 0
2 45 54: 1640, 12, 1
2 45 58: 1640, 12, 3
2 45 59: 1793, 18, 3
2 46 53: 1793, 18, 1
2 46 54: 1640, 12, 1
2 46 58: 1640, 12, 3
2 46 59: 1793, 18, 3
2 47 53: 1793, 18, 1
2 47 54: 1640, 12, 1
2 47 58: 1640, 12, 3
2 47 59: 1793, 18, 3
2 48 53: 1793, 18, 1
2 48 54: 1640, 12, 1
2 48 58: 1640, 12, 3
2 48 59: 1793, 18, 3
2 49 53: 1793, 18, 1
2 49 54: 1640, 12, 1
2 49 58: 1640, 12, 3
2 49 59: 1793, 18, 3
2 50 53: 1793, 18, 1
2 50 54: 1640, 12, 1
2 50 58: 1640, 12, 3
2 50 59: 1793, 18, 3
2 51 53: 1793, 18, 1
2 51 54: 1640, 12, 1
2 51 58: 1640, 12, 3
2 51 59: 1793, 18, 3
2 52 53: 1793, 18, 1
2 52 54: 1640, 16, 0
2 52 55: 1640, 12, 0
2 52 56: 1640, 12, 0
2 52 57: 1640, 12, 0
2 52 58: 1640, 16, 3
2 52 59: 1793, 18, 3
2 53 53: 1793, 21, 0
2 53 54: 1793, 18, 0
2 53 55: 1793, 18, 0
2 53 56: 1793, 18, 0
2 53 57: 1793, 18, 0
2 53 58: 1793, 18, 0
2 53 59: 1793, 21, 3
3 4 41: 1793, 21, 1
3 4 42: 1793, 18, 2
3 4 43: 1793, 18, 2
3 4 44: 1793, 18, 2
3 4 45: 1793, 21, 2
3 5 41: 1793, 18, 1
3 5 42: 1640, 16, 1
3 5 43: 1640, 12, 2
3 5 44: 1640, 16, 2
3 5 45: 1793, 18, 3
3 6 41: 1793, 18, 1
3 6 42: 1640, 12, 1
3 6 43: 1640, 17, 1
3 6 44: 1640, 12, 3
3 6 45: 1793, 18, 3
3 7 41: 1793, 18, 1
3 7 42: 1640, 16, 0
3 7 43: 1640, 12, 0
3 7 44: 1640, 16, 3
3 7 45: 1793, 18, 3
3 8 41: 1793, 21, 0
3 8 42: 1793, 18, 0
3 8 43: 1793, 18, 0
3 8 44: 1793, 18, 0
3 8 45: 1793, 21, 3
3 43 55: 1640, 16, 1
3 43 56: 1640, 12, 2
3 43 57: 1640, 16, 2
3 44 55: 1640, 12, 1
3 44 56: 1640, 17, 2
3 44 57: 1640, 12, 3
3 45 55: 1640, 12, 1
3 45 56: 1640, 17, 2
3 45 57: 1640, 12, 3
3 46 55: 1640, 12, 1
3 46 56: 1640, 17, 2
3 46 57: 1640, 12, 3
3 47 55: 1640, 12, 1
3 47 56: 1640, 17, 2
3 47 57: 1640, 12, 3
3 48 55: 1640, 12, 1
3 48 56: 1640, 17, 2
3 48 57: 1640, 12, 3
3 49 55: 1640, 12, 1
3 49 56: 1640, 17, 2
3 49 57: 1640, 12, 3
3 50 55: 1640, 12, 1
3 50 56: 1640, 17, 2
3 50 57: 1640, 12, 3
3 51 55: 1640, 16, 0
3 51 56: 1640, 12, 0
3 51 57: 1640, 16, 3
