0 0 3: 1902, 1, 1
0 0 4: 1902, 0, 2
0 0 4: 1938, 5, 2
0 0 5: 1902, 0, 2
0 0 6: 1902, 0, 2
0 0 7: 1902, 0, 2
0 0 7: 1938, 5, 2
0 0 8: 1902, 0, 2
0 0 9: 1902, 0, 2
0 0 10: 1903, 0, 2
0 0 11: 1903, 0, 2
0 0 12: 1902, 0, 2
0 0 13: 1902, 0, 2
0 0 14: 1912, 9, 3
0 0 14: 1938, 8, 3
0 0 15: 428, 10, 3
0 0 15: 1912, 0, 0
0 0 16: 1912, 0, 0
0 0 17: 1912, 0, 0
0 0 18: 1912, 9, 0
0 0 18: 1938, 8, 0
0 0 19: 1912, 0, 2
0 0 20: 1912, 0, 2
0 0 21: 1912, 0, 2
0 0 21: 1938, 5, 2
0 0 22: 1912, 0, 2
0 0 23: 1912, 0, 2
0 0 24: 1912, 0, 2
0 0 25: 1912, 0, 2
0 0 25: 1938, 5, 2
0 0 26: 1912, 0, 2
0 0 27: 1912, 0, 2
0 0 28: 1912, 0, 2
0 0 29: 1912, 0, 2
0 0 29: 1938, 5, 2
0 0 30: 1912, 0, 2
0 0 31: 1257, 22, 2
0 0 31: 1912, 0, 2
0 0 32: 1257, 22, 3
0 0 32: 1912, 0, 2
0 0 33: 1257, 22, 0
0 0 33: 1912, 0, 2
0 0 33: 1938, 5, 2
0 0 34: 1257, 22, 0
0 0 34: 1912, 0, 2
0 0 35: 1258, 22, 1
0 0 35: 1912, 0, 2
0 0 36: 1258, 22, 2
0 0 36: 1912, 0, 2
0 0 37: 1257, 22, 3
0 0 37: 1912, 0, 2
0 0 37: 1938, 5, 2
0 0 38: 1257, 22, 2
0 0 38: 1912, 0, 2
0 0 39: 1912, 9, 3
0 0 40: 820, 10, 3
0 0 40: 1912, 0, 0
0 0 41: 1912, 0, 0
0 0 42: 820, 10, 3
0 0 42: 1912, 0, 0
0 0 43: 1902, 9, 0
0 0 43: 1938, 8, 0
0 0 44: 1257, 22, 3
0 0 49: 1902, 1, 0
0 0 50: 1902, 9, 0
0 0 51: 1902, 0, 1
0 1 2: 1902, 1, 1
0 1 3: 1902, 9, 1
0 1 4: 1902, 1, 1
0 1 5: 1902, 0, 2
0 1 6: 1902, 0, 2
0 1 7: 1902, 0, 2
0 1 8: 1902, 0, 2
0 1 9: 1902, 2, 1
0 1 10: 1903, 0, 2
0 1 11: 1903, 0, 2
0 1 12: 1902, 0, 3
0 1 13: 1912, 9, 3
0 1 14: 934, 22, 3
0 1 14: 1912, 1, 3
0 1 15: 935, 22, 3
0 1 16: 935, 22, 3
0 1 17: 935, 22, 3
0 1 18: 934, 22, 0
0 1 19: 845, 5, 1
0 1 19: 1912, 0, 1
0 1 20: 420, 10, 2
0 1 21: 1938, 4, 0
0 1 24: 595, 10, 1
0 1 25: 1938, 4, 0
0 1 26: 196, 5, 3
0 1 26: 1912, 0, 3
0 1 27: 375, 10, 1
0 1 27: 845, 4, 0
0 1 28: 375, 10, 1
0 1 29: 1938, 4, 0
0 1 30: 420, 10, 3
0 1 31: 845, 4, 0
0 1 32: 196, 4, 1
0 1 33: 1912, 0, 3
0 1 33: 1938, 4, 0
0 1 34: 820, 10, 3
0 1 35: 563, 10, 3
0 1 36: 820, 10, 3
0 1 37: 1938, 4, 0
0 1 38: 1912, 9, 3
0 1 39: 1247, 22, 2
0 1 39: 1912, 1, 3
0 1 41: 994, 0, 2
0 1 42: 994, 0, 2
0 1 43: 1247, 22, 1
0 1 43: 1912, 1, 0
0 1 44: 1902, 9, 0
0 1 45: 1257, 22, 2
0 1 50: 1902, 0, 1
0 1 51: 1902, 0, 1
0 2 1: 1902, 1, 1
0 2 2: 1902, 9, 1
0 2 3: 1902, 1, 1
0 2 4: 1902, 9, 1
0 2 5: 576, 10, 3
0 2 6: 868, 10, 3
0 2 7: 575, 10, 3
0 2 8: 868, 10, 3
0 2 9: 574, 10, 3
0 2 10: 1862, 22, 0
0 2 11: 1912, 9, 3
0 2 12: 1912, 0, 0
0 2 13: 845, 5, 3
0 2 13: 1912, 0, 3
0 2 14: 935, 22, 2
0 2 15: 936, 22, 0
0 2 16: 936, 22, 0
0 2 17: 936, 22, 0
0 2 18: 935, 22, 0
0 2 19: 904, 5, 1
0 2 19: 1912, 0, 1
0 2 20: 380, 10, 3
0 2 21: 917, 22, 3
0 2 22: 918, 22, 3
0 2 23: 918, 22, 3
0 2 24: 917, 22, 0
0 2 25: 1102, 10, 0
0 2 26: 901, 5, 3
0 2 26: 1912, 0, 3
0 2 27: 953, 22, 1
0 2 28: 952, 22, 1
0 2 32: 595, 10, 0
0 2 33: 1912, 0, 3
0 2 37: 1248, 22, 3
0 2 38: 1912, 0, 3
0 2 39: 1248, 22, 3
0 2 40: 994, 0, 1
0 2 41: 1738, 10, 0
0 2 43: 994, 0, 3
0 2 44: 820, 10, 0
0 2 44: 1912, 0, 1
0 2 44: 1938, 5, 1
0 2 45: 1938, 4, 3
0 2 50: 1902, 0, 1
0 2 51: 1902, 0, 1
0 2 55: 1253, 22, 3
0 2 56: 1278, 10, 0
0 2 57: 1248, 22, 1
0 2 58: 1254, 22, 0
0 3 1: 1902, 0, 1
0 3 1: 1938, 5, 1
0 3 2: 1902, 1, 1
0 3 3: 1902, 9, 1
0 3 4: 360, 10, 1
0 3 5: 357, 10, 0
0 3 6: 827, 22, 3
0 3 10: 1862, 22, 0
0 3 13: 1912, 0, 3
0 3 14: 935, 22, 2
0 3 15: 936, 22, 0
0 3 16: 936, 22, 0
0 3 17: 936, 22, 0
0 3 18: 935, 22, 0
0 3 19: 904, 5, 1
0 3 19: 1912, 0, 1
0 3 21: 917, 22, 2
0 3 22: 918, 22, 1
0 3 23: 918, 22, 1
0 3 24: 917, 22, 1
0 3 25: 348, 10, 1
0 3 26: 899, 5, 3
0 3 26: 1912, 0, 3
0 3 27: 951, 22, 1
0 3 28: 950, 22, 1
0 3 33: 1912, 0, 3
0 3 35: 1248, 22, 0
0 3 38: 1533, 0, 3
0 3 39: 1248, 22, 3
0 3 43: 994, 0, 3
0 3 44: 1912, 0, 1
0 3 45: 1257, 22, 2
0 3 50: 1902, 0, 1
0 3 51: 1902, 0, 1
0 3 52: 1938, 4, 3
0 3 54: 1255, 22, 0
0 3 56: 1265, 22, 2
0 3 57: 1253, 22, 2
0 4 0: 824, 10, 2
0 4 1: 1902, 0, 1
0 4 2: 1902, 0, 1
0 4 3: 1106, 10, 2
0 4 4: 358, 10, 3
0 4 5: 357, 10, 2
0 4 8: 827, 22, 2
0 4 9: 1247, 22, 0
0 4 10: 1862, 22, 0
0 4 11: 1869, 10, 0
0 4 13: 845, 5, 3
0 4 13: 1912, 0, 3
0 4 14: 934, 22, 2
0 4 15: 935, 22, 1
0 4 16: 935, 22, 1
0 4 17: 935, 22, 1
0 4 18: 934, 22, 1
0 4 19: 845, 5, 1
0 4 19: 1912, 0, 1
0 4 20: 196, 5, 2
0 4 20: 1912, 0, 2
0 4 21: 845, 5, 2
0 4 21: 1912, 0, 2
0 4 22: 1536, 0, 2
0 4 23: 845, 5, 2
0 4 23: 1912, 0, 2
0 4 24: 196, 5, 2
0 4 24: 1912, 0, 2
0 4 25: 1912, 0, 2
0 4 26: 196, 5, 3
0 4 26: 1912, 2, 2
0 4 27: 1912, 0, 2
0 4 28: 845, 5, 2
0 4 28: 1912, 0, 2
0 4 29: 1536, 0, 2
0 4 30: 845, 5, 2
0 4 30: 1912, 0, 2
0 4 31: 1912, 0, 2
0 4 32: 196, 4, 1
0 4 32: 1912, 0, 2
0 4 33: 1912, 0, 3
0 4 38: 1912, 0, 3
0 4 42: 994, 0, 0
0 4 44: 820, 10, 0
0 4 44: 1912, 0, 1
0 4 44: 1938, 5, 1
0 4 45: 1257, 22, 3
0 4 45: 1938, 4, 3
0 4 48: 1309, 10, 1
0 4 50: 1902, 0, 1
0 4 51: 1902, 0, 1
0 4 61: 1278, 10, 0
0 5 0: 824, 10, 2
0 5 1: 1902, 0, 1
0 5 2: 1902, 0, 1
0 5 4: 357, 10, 1
0 5 10: 1862, 22, 0
0 5 13: 1912, 9, 2
0 5 14: 1247, 22, 3
0 5 14: 1912, 1, 2
0 5 16: 1248, 22, 0
0 5 18: 1912, 1, 1
0 5 19: 845, 7, 1
0 5 19: 1912, 9, 1
0 5 23: 203, 10, 3
0 5 24: 845, 4, 0
0 5 27: 845, 4, 0
0 5 30: 203, 10, 3
0 5 31: 845, 4, 0
0 5 33: 1248, 22, 0
0 5 38: 1912, 0, 3
0 5 43: 1248, 22, 1
0 5 43: 1912, 1, 1
0 5 44: 1912, 9, 1
0 5 45: 1258, 22, 2
0 5 46: 1257, 22, 1
0 5 49: 2767, 22, 0
0 5 50: 1902, 0, 1
0 5 51: 1902, 0, 1
0 5 54: 1278, 10, 3
0 5 63: 1253, 22, 3
0 6 1: 1902, 0, 1
0 6 1: 1938, 5, 1
0 6 2: 1902, 0, 1
0 6 3: 360, 10, 2
0 6 7: 879, 10, 0
0 6 7: 2771, 22, 0
0 6 10: 1862, 22, 0
0 6 12: 1248, 22, 1
0 6 14: 845, 7, 2
0 6 14: 1912, 9, 2
0 6 15: 196, 5, 2
0 6 15: 1912, 0, 2
0 6 16: 1536, 0, 2
0 6 17: 196, 5, 2
0 6 17: 1912, 0, 2
0 6 18: 845, 7, 1
0 6 18: 1912, 9, 1
0 6 19: 820, 11, 2
0 6 21: 1248, 22, 1
0 6 34: 1912, 0, 2
0 6 35: 1912, 0, 2
0 6 36: 1912, 0, 2
0 6 37: 1247, 22, 3
0 6 37: 1912, 0, 2
0 6 38: 1912, 2, 2
0 6 39: 1912, 0, 2
0 6 40: 820, 10, 1
0 6 40: 1912, 0, 2
0 6 41: 1912, 0, 2
0 6 42: 820, 10, 1
0 6 42: 1912, 0, 2
0 6 43: 1912, 9, 1
0 6 43: 1938, 8, 1
0 6 44: 1258, 22, 3
0 6 45: 1257, 22, 2
0 6 50: 1902, 0, 1
0 6 51: 1902, 0, 1
0 6 55: 1248, 22, 0
0 6 58: 1261, 22, 1
0 6 60: 1255, 22, 1
0 7 0: 824, 10, 2
0 7 1: 1902, 0, 1
0 7 2: 1902, 0, 1
0 7 3: 362, 10, 2
0 7 10: 1862, 22, 0
0 7 11: 1869, 10, 0
0 7 15: 196, 4, 0
0 7 15: 1912, 0, 3
0 7 17: 196, 4, 0
0 7 23: 203, 10, 3
0 7 24: 838, 10, 2
0 7 26: 196, 4, 2
0 7 28: 835, 10, 2
0 7 30: 203, 10, 3
0 7 33: 196, 4, 1
0 7 33: 1248, 22, 3
0 7 34: 202, 10, 2
0 7 34: 1912, 0, 3
0 7 35: 381, 10, 0
0 7 36: 381, 10, 0
0 7 37: 380, 10, 0
0 7 39: 381, 10, 0
0 7 40: 381, 10, 0
0 7 41: 196, 7, 2
0 7 41: 1912, 9, 2
0 7 42: 1257, 22, 1
0 7 42: 1912, 1, 2
0 7 43: 1257, 22, 0
0 7 44: 1257, 22, 1
0 7 50: 1902, 0, 1
0 7 51: 1902, 0, 1
0 7 52: 1938, 4, 3
0 7 57: 1254, 22, 3
0 7 59: 1253, 22, 1
0 7 61: 1254, 22, 0
0 8 0: 824, 10, 2
0 8 1: 1902, 0, 1
0 8 2: 1902, 0, 1
0 8 3: 364, 10, 2
0 8 6: 827, 22, 3
0 8 10: 1862, 22, 0
0 8 13: 868, 10, 0
0 8 14: 1938, 4, 1
0 8 15: 1912, 0, 3
0 8 15: 1938, 5, 3
0 8 18: 1248, 22, 0
0 8 22: 1912, 9, 3
0 8 23: 845, 5, 0
0 8 23: 1912, 0, 0
0 8 24: 320, 22, 3
0 8 24: 1191, 10, 0
0 8 24: 1912, 0, 0
0 8 25: 1912, 0, 0
0 8 26: 1912, 0, 0
0 8 27: 320, 22, 0
0 8 27: 1912, 0, 0
0 8 28: 320, 22, 3
0 8 28: 1199, 10, 0
0 8 28: 1912, 0, 0
0 8 29: 320, 22, 2
0 8 29: 845, 5, 0
0 8 29: 1196, 10, 0
0 8 29: 1912, 0, 0
0 8 30: 321, 22, 3
0 8 30: 1195, 10, 2
0 8 30: 1912, 2, 0
0 8 31: 203, 10, 0
0 8 33: 820, 10, 0
0 8 34: 196, 5, 3
0 8 34: 1912, 0, 3
0 8 41: 380, 10, 1
0 8 42: 1257, 22, 2
0 8 42: 1912, 0, 3
0 8 42: 1938, 5, 3
0 8 43: 827, 22, 3
0 8 44: 1309, 10, 1
0 8 50: 1902, 0, 1
0 8 51: 1902, 0, 1
0 8 58: 1278, 10, 3
0 8 59: 1247, 22, 2
0 8 62: 1278, 10, 1
0 8 63: 1265, 22, 1
0 9 1: 1902, 0, 1
0 9 1: 1938, 5, 1
0 9 2: 1591, 0, 1
0 9 8: 1248, 22, 2
0 9 10: 1862, 22, 0
0 9 13: 868, 10, 0
0 9 15: 576, 10, 2
0 9 15: 1912, 0, 3
0 9 21: 1912, 9, 3
0 9 22: 1259, 22, 1
0 9 22: 1912, 1, 3
0 9 23: 1258, 22, 0
0 9 27: 1248, 22, 1
0 9 29: 1257, 22, 3
0 9 30: 320, 22, 2
0 9 30: 845, 5, 1
0 9 30: 1912, 0, 1
0 9 31: 196, 4, 3
0 9 34: 1512, 0, 3
0 9 37: 608, 10, 3
0 9 39: 2739, 22, 0
0 9 42: 1257, 22, 3
0 9 42: 1912, 0, 3
0 9 45: 2767, 22, 0
0 9 50: 1902, 0, 1
0 9 51: 1902, 0, 1
0 9 53: 1278, 10, 2
0 9 54: 1247, 22, 0
0 9 57: 1253, 22, 0
0 9 58: 1264, 22, 0
0 9 59: 1265, 22, 0
0 9 63: 1247, 22, 3
0 10 1: 1902, 0, 1
0 10 2: 1902, 0, 1
0 10 10: 1862, 22, 0
0 10 11: 1869, 10, 0
0 10 14: 845, 4, 1
0 10 15: 845, 5, 3
0 10 15: 1912, 0, 3
0 10 20: 820, 10, 0
0 10 21: 1257, 22, 1
0 10 21: 1912, 0, 3
0 10 22: 1257, 22, 2
0 10 30: 1912, 0, 1
0 10 33: 820, 10, 0
0 10 34: 196, 5, 3
0 10 34: 1912, 0, 3
0 10 41: 196, 4, 1
0 10 42: 1912, 0, 3
0 10 46: 1257, 22, 0
0 10 50: 1257, 22, 1
0 10 50: 1902, 0, 1
0 10 51: 1902, 0, 1
0 10 53: 1253, 22, 2
0 10 56: 1261, 22, 3
0 10 58: 1248, 22, 2
0 10 60: 1255, 22, 2
0 10 61: 1253, 22, 2
0 11 1: 845, 5, 1
0 11 1: 1902, 0, 1
0 11 2: 1902, 0, 1
0 11 10: 1862, 22, 0
0 11 11: 563, 10, 3
0 11 13: 563, 10, 3
0 11 14: 1912, 3, 1
0 11 15: 820, 10, 2
0 11 15: 1912, 0, 3
0 11 20: 970, 4, 1
0 11 20: 997, 0, 2
0 11 21: 1257, 22, 0
0 11 21: 1912, 0, 3
0 11 26: 319, 22, 0
0 11 30: 1258, 22, 3
0 11 30: 1912, 0, 1
0 11 33: 196, 4, 1
0 11 34: 1912, 0, 3
0 11 35: 380, 10, 2
0 11 37: 380, 10, 2
0 11 39: 380, 10, 2
0 11 42: 1257, 22, 2
0 11 42: 1912, 0, 3
0 11 47: 1257, 22, 0
0 11 50: 1257, 22, 0
0 11 50: 1902, 0, 1
0 11 51: 1902, 0, 1
0 11 52: 1938, 4, 3
0 11 55: 1254, 22, 2
0 11 62: 1254, 22, 0
0 12 1: 1902, 3, 0
0 12 2: 1902, 0, 0
0 12 5: 1247, 22, 2
0 12 10: 1862, 22, 0
0 12 14: 1516, 0, 1
0 12 17: 1722, 10, 0
0 12 20: 1912, 0, 3
0 12 21: 1258, 22, 1
0 12 21: 1912, 0, 3
0 12 24: 1257, 22, 0
0 12 25: 320, 22, 3
0 12 26: 320, 22, 1
0 12 26: 1326, 10, 0
0 12 27: 320, 22, 2
0 12 30: 1912, 0, 1
0 12 31: 196, 4, 3
0 12 34: 1912, 0, 3
0 12 35: 380, 10, 0
0 12 37: 2402, 10, 0
0 12 39: 380, 10, 0
0 12 41: 1938, 4, 1
0 12 42: 1257, 22, 3
0 12 42: 1912, 0, 3
0 12 42: 1938, 5, 3
0 12 43: 1257, 22, 1
0 12 45: 1257, 22, 2
0 12 46: 1257, 22, 1
0 12 47: 1257, 22, 1
0 12 49: 1257, 22, 3
0 12 50: 1257, 22, 2
0 12 50: 1902, 0, 1
0 12 51: 1902, 0, 1
0 12 55: 1254, 22, 2
0 12 56: 1278, 10, 0
0 12 57: 1247, 22, 1
0 12 58: 1255, 22, 3
0 12 62: 1261, 22, 0
0 13 0: 1247, 22, 1
0 13 1: 825, 22, 2
0 13 1: 1902, 3, 1
0 13 2: 1902, 0, 2
0 13 3: 1248, 22, 3
0 13 10: 1862, 22, 0
0 13 14: 1519, 0, 1
0 13 20: 1912, 0, 3
0 13 21: 1257, 22, 2
0 13 21: 1912, 0, 3
0 13 25: 1257, 22, 3
0 13 26: 321, 22, 3
0 13 28: 1257, 22, 0
0 13 30: 1912, 0, 1
0 13 31: 203, 10, 0
0 13 33: 203, 10, 0
0 13 34: 196, 5, 3
0 13 34: 1912, 0, 3
0 13 39: 1248, 22, 2
0 13 41: 196, 4, 1
0 13 41: 1247, 22, 1
0 13 42: 1259, 22, 2
0 13 42: 1912, 0, 3
0 13 43: 1257, 22, 1
0 13 45: 1257, 22, 0
0 13 46: 1257, 22, 3
0 13 48: 1257, 22, 3
0 13 49: 1258, 22, 1
0 13 50: 1190, 10, 1
0 13 50: 1259, 22, 3
0 13 50: 1902, 0, 1
0 13 51: 1902, 0, 1
0 13 56: 1247, 22, 0
0 13 59: 1261, 22, 2
0 13 60: 1278, 10, 3
0 14 1: 845, 5, 1
0 14 1: 1902, 0, 1
0 14 2: 1902, 0, 1
0 14 10: 1862, 22, 0
0 14 11: 563, 10, 1
0 14 13: 563, 10, 1
0 14 14: 1912, 3, 0
0 14 15: 820, 10, 2
0 14 15: 1912, 0, 3
0 14 20: 196, 4, 1
0 14 20: 997, 0, 0
0 14 21: 1911, 0, 3
0 14 24: 1257, 22, 1
0 14 26: 1257, 22, 2
0 14 27: 1257, 22, 1
0 14 28: 1248, 22, 2
0 14 30: 1536, 0, 1
0 14 34: 598, 10, 2
0 14 34: 1912, 0, 3
0 14 35: 381, 10, 2
0 14 36: 381, 10, 2
0 14 37: 381, 10, 2
0 14 41: 381, 10, 1
0 14 42: 1257, 22, 2
0 14 42: 1912, 0, 3
0 14 43: 1257, 22, 1
0 14 44: 1257, 22, 2
0 14 45: 1257, 22, 2
0 14 46: 1257, 22, 0
0 14 47: 1257, 22, 0
0 14 48: 1257, 22, 2
0 14 49: 1257, 22, 1
0 14 50: 1190, 10, 1
0 14 50: 1257, 22, 3
0 14 50: 1902, 0, 1
0 14 51: 1902, 0, 1
0 14 53: 1278, 10, 1
0 14 54: 1264, 22, 0
0 14 56: 1261, 22, 1
0 14 58: 1255, 22, 0
0 14 59: 1255, 22, 0
0 14 60: 1253, 22, 3
0 14 61: 1264, 22, 1
0 14 63: 1253, 22, 0
0 15 1: 1902, 0, 1
0 15 2: 1902, 0, 1
0 15 5: 1248, 22, 1
0 15 7: 1248, 22, 2
0 15 10: 1862, 22, 0
0 15 11: 1869, 10, 0
0 15 14: 845, 4, 1
0 15 15: 845, 5, 3
0 15 15: 1912, 0, 3
0 15 21: 1536, 0, 3
0 15 23: 1257, 22, 3
0 15 24: 1257, 22, 2
0 15 29: 1258, 22, 2
0 15 30: 1912, 0, 1
0 15 34: 1912, 0, 0
0 15 35: 1912, 0, 0
0 15 36: 1248, 22, 1
0 15 36: 1912, 0, 0
0 15 37: 820, 10, 0
0 15 37: 1912, 2, 0
0 15 38: 380, 10, 3
0 15 41: 380, 10, 1
0 15 42: 1258, 22, 3
0 15 42: 1912, 0, 3
0 15 43: 1257, 22, 2
0 15 44: 1257, 22, 1
0 15 45: 1258, 22, 1
0 15 46: 1257, 22, 0
0 15 47: 611, 10, 1
0 15 49: 1257, 22, 1
0 15 50: 1191, 10, 1
0 15 50: 1257, 22, 0
0 15 50: 1902, 0, 1
0 15 51: 1902, 0, 1
0 15 52: 1938, 4, 3
0 15 53: 1247, 22, 3
0 15 58: 1255, 22, 0
0 16 1: 1902, 0, 1
0 16 1: 1938, 5, 1
0 16 2: 1591, 0, 1
0 16 10: 1862, 22, 0
0 16 13: 868, 10, 0
0 16 15: 576, 10, 2
0 16 15: 1912, 0, 3
0 16 19: 1248, 22, 2
0 16 21: 1912, 9, 2
0 16 22: 1259, 22, 1
0 16 22: 1912, 1, 2
0 16 23: 1258, 22, 0
0 16 25: 320, 22, 3
0 16 26: 320, 22, 1
0 16 26: 1199, 10, 3
0 16 27: 320, 22, 0
0 16 27: 1191, 10, 2
0 16 28: 320, 22, 1
0 16 28: 1191, 10, 2
0 16 30: 845, 5, 1
0 16 30: 1259, 22, 0
0 16 30: 1912, 0, 1
0 16 31: 196, 4, 3
0 16 37: 1912, 0, 1
0 16 42: 1259, 22, 1
0 16 42: 1912, 0, 3
0 16 42: 1938, 5, 3
0 16 43: 1258, 22, 1
0 16 44: 1258, 22, 1
0 16 45: 1257, 22, 1
0 16 46: 1257, 22, 3
0 16 48: 1257, 22, 1
0 16 49: 1257, 22, 2
0 16 50: 1191, 10, 1
0 16 50: 1259, 22, 3
0 16 50: 1902, 0, 1
0 16 51: 1902, 0, 1
0 16 54: 1253, 22, 1
0 16 56: 1264, 22, 3
0 16 56: 1278, 10, 2
0 16 57: 1265, 22, 2
0 16 59: 1253, 22, 0
0 16 61: 1255, 22, 1
0 16 62: 1278, 10, 2
0 16 63: 1264, 22, 2
0 17 0: 824, 10, 2
0 17 1: 1902, 0, 1
0 17 2: 1902, 0, 1
0 17 3: 307, 10, 1
0 17 10: 1862, 22, 0
0 17 13: 868, 10, 0
0 17 14: 1938, 4, 1
0 17 15: 1912, 0, 3
0 17 15: 1938, 5, 3
0 17 22: 1912, 9, 2
0 17 23: 1912, 0, 2
0 17 24: 321, 22, 2
0 17 24: 845, 5, 2
0 17 24: 1196, 10, 3
0 17 24: 1912, 0, 2
0 17 25: 320, 22, 2
0 17 25: 1195, 10, 2
0 17 25: 1912, 0, 2
0 17 26: 321, 22, 1
0 17 26: 1196, 10, 2
0 17 26: 1912, 0, 2
0 17 27: 320, 22, 0
0 17 27: 1196, 10, 3
0 17 27: 1912, 0, 2
0 17 28: 320, 22, 1
0 17 28: 1195, 10, 1
0 17 28: 1912, 0, 2
0 17 29: 320, 22, 0
0 17 29: 845, 5, 2
0 17 29: 1195, 10, 0
0 17 29: 1912, 0, 2
0 17 30: 321, 22, 0
0 17 30: 1195, 10, 3
0 17 30: 1912, 2, 1
0 17 31: 196, 5, 2
0 17 31: 1912, 0, 2
0 17 32: 1536, 0, 2
0 17 33: 196, 5, 2
0 17 33: 1912, 0, 2
0 17 34: 1912, 0, 2
0 17 35: 1912, 0, 2
0 17 36: 1530, 0, 2
0 17 37: 820, 10, 0
0 17 37: 1912, 2, 1
0 17 38: 196, 5, 2
0 17 38: 1912, 0, 2
0 17 39: 1912, 0, 2
0 17 40: 1912, 0, 2
0 17 41: 196, 5, 2
0 17 41: 598, 10, 3
0 17 41: 1912, 0, 2
0 17 42: 1257, 22, 3
0 17 42: 1912, 0, 3
0 17 44: 1257, 22, 2
0 17 45: 1257, 22, 3
0 17 46: 1257, 22, 3
0 17 48: 1257, 22, 0
0 17 49: 1259, 22, 0
0 17 50: 1191, 10, 1
0 17 50: 1257, 22, 1
0 17 50: 1902, 0, 1
0 17 51: 1902, 0, 1
0 17 55: 1254, 22, 1
0 17 57: 1248, 22, 3
0 17 59: 1255, 22, 2
0 17 60: 1254, 22, 3
0 17 62: 1248, 22, 0
0 18 0: 824, 10, 2
0 18 1: 1902, 0, 1
0 18 2: 1902, 0, 1
0 18 7: 879, 10, 0
0 18 7: 2771, 22, 0
0 18 10: 1862, 22, 0
0 18 11: 1869, 10, 0
0 18 15: 196, 4, 2
0 18 15: 1912, 0, 3
0 18 16: 1248, 22, 3
0 18 17: 196, 4, 2
0 18 21: 1247, 22, 0
0 18 23: 202, 10, 0
0 18 23: 1912, 0, 3
0 18 24: 820, 10, 3
0 18 25: 347, 10, 0
0 18 26: 346, 10, 0
0 18 27: 347, 10, 0
0 18 28: 820, 10, 3
0 18 31: 845, 4, 0
0 18 33: 845, 4, 0
0 18 34: 1248, 22, 0
0 18 35: 357, 10, 0
0 18 35: 1912, 0, 3
0 18 37: 595, 10, 1
0 18 39: 1248, 22, 1
0 18 40: 1738, 10, 0
0 18 42: 1258, 22, 2
0 18 42: 1912, 0, 3
0 18 43: 1257, 22, 1
0 18 45: 1257, 22, 1
0 18 46: 1257, 22, 0
0 18 47: 1257, 22, 2
0 18 49: 1257, 22, 2
0 18 50: 1191, 10, 1
0 18 50: 1902, 0, 1
0 18 51: 1902, 0, 1
0 18 56: 1261, 22, 3
0 18 57: 1253, 22, 1
0 18 59: 1261, 22, 0
0 18 63: 1253, 22, 3
0 19 1: 1902, 0, 1
0 19 1: 1938, 5, 1
0 19 2: 1902, 0, 1
0 19 10: 1862, 22, 0
0 19 14: 845, 7, 3
0 19 14: 1912, 9, 3
0 19 15: 845, 5, 0
0 19 15: 1912, 0, 0
0 19 16: 1536, 0, 0
0 19 17: 845, 5, 0
0 19 17: 1912, 0, 0
0 19 18: 1912, 9, 0
0 19 20: 838, 10, 2
0 19 22: 827, 22, 1
0 19 23: 1912, 0, 3
0 19 30: 1091, 10, 3
0 19 31: 1091, 10, 3
0 19 32: 1088, 10, 3
0 19 33: 1088, 10, 3
0 19 35: 391, 5, 3
0 19 35: 1912, 0, 3
0 19 36: 917, 22, 3
0 19 37: 917, 22, 0
0 19 42: 1259, 22, 0
0 19 42: 1912, 0, 3
0 19 43: 1258, 22, 1
0 19 49: 1257, 22, 3
0 19 50: 1190, 10, 1
0 19 50: 1257, 22, 0
0 19 50: 1902, 0, 1
0 19 51: 1902, 0, 1
0 19 52: 1938, 4, 3
0 19 58: 1254, 22, 0
0 19 60: 1248, 22, 1
0 19 60: 1278, 10, 0
0 20 0: 824, 10, 2
0 20 1: 1902, 0, 1
0 20 2: 1902, 0, 1
0 20 3: 358, 10, 0
0 20 10: 1862, 22, 0
0 20 12: 1247, 22, 3
0 20 13: 196, 6, 3
0 20 13: 1912, 9, 3
0 20 14: 1912, 1, 3
0 20 16: 1248, 22, 3
0 20 18: 1912, 1, 0
0 20 19: 820, 10, 3
0 20 19: 1912, 0, 0
0 20 20: 1912, 0, 0
0 20 21: 1912, 0, 0
0 20 22: 196, 5, 0
0 20 22: 1912, 0, 0
0 20 23: 1912, 0, 3
0 20 25: 934, 22, 3
0 20 26: 935, 22, 3
0 20 27: 935, 22, 3
0 20 28: 934, 22, 0
0 20 30: 596, 10, 3
0 20 35: 391, 5, 3
0 20 35: 1912, 0, 3
0 20 36: 918, 22, 2
0 20 37: 918, 22, 0
0 20 41: 391, 4, 1
0 20 41: 1248, 22, 2
0 20 42: 1259, 22, 3
0 20 42: 1912, 0, 3
0 20 42: 1938, 5, 3
0 20 43: 1257, 22, 3
0 20 50: 1257, 22, 2
0 20 50: 1902, 0, 1
0 20 51: 1902, 0, 1
0 20 56: 1246, 22, 0
0 20 60: 1264, 22, 2
0 20 61: 1265, 22, 0
0 20 63: 1254, 22, 2
0 21 0: 824, 10, 2
0 21 1: 1258, 22, 2
0 21 1: 1902, 0, 1
0 21 2: 1902, 0, 1
0 21 3: 356, 10, 2
0 21 4: 357, 10, 3
0 21 6: 1248, 22, 0
0 21 10: 1862, 22, 0
0 21 11: 1869, 10, 0
0 21 13: 820, 10, 2
0 21 13: 1912, 0, 3
0 21 14: 934, 22, 3
0 21 15: 935, 22, 3
0 21 16: 935, 22, 3
0 21 17: 935, 22, 3
0 21 18: 935, 22, 3
0 21 19: 934, 22, 0
0 21 22: 835, 10, 1
0 21 23: 1912, 0, 3
0 21 25: 935, 22, 2
0 21 25: 1091, 10, 2
0 21 26: 597, 10, 2
0 21 26: 936, 22, 0
0 21 27: 936, 22, 0
0 21 28: 935, 22, 0
0 21 30: 1091, 10, 1
0 21 31: 1091, 10, 1
0 21 32: 1088, 10, 1
0 21 33: 1088, 10, 1
0 21 35: 1022, 5, 3
0 21 35: 1912, 0, 3
0 21 36: 918, 22, 2
0 21 37: 918, 22, 0
0 21 38: 595, 10, 0
0 21 39: 1102, 10, 0
0 21 41: 391, 4, 1
0 21 41: 2728, 10, 1
0 21 41: 2772, 22, 0
0 21 42: 1257, 22, 0
0 21 42: 1912, 0, 3
0 21 48: 1309, 10, 1
0 21 50: 1902, 0, 1
0 21 51: 1902, 0, 1
0 21 58: 1255, 22, 3
0 21 59: 1253, 22, 2
0 22 0: 1257, 22, 2
0 22 1: 1257, 22, 0
0 22 1: 1902, 0, 1
0 22 1: 1938, 5, 1
0 22 2: 1902, 1, 0
0 22 3: 1902, 9, 0
0 22 4: 825, 22, 2
0 22 7: 825, 22, 3
0 22 10: 1862, 22, 0
0 22 13: 845, 5, 3
0 22 13: 1912, 0, 3
0 22 14: 935, 22, 2
0 22 14: 1099, 10, 0
0 22 15: 936, 22, 0
0 22 16: 936, 22, 0
0 22 17: 936, 22, 0
0 22 18: 936, 22, 0
0 22 19: 935, 22, 0
0 22 23: 845, 5, 3
0 22 23: 1912, 0, 3
0 22 25: 935, 22, 2
0 22 25: 1099, 10, 0
0 22 26: 936, 22, 0
0 22 27: 936, 22, 0
0 22 28: 935, 22, 0
0 22 30: 1248, 22, 0
0 22 34: 845, 4, 1
0 22 35: 1022, 5, 3
0 22 35: 1912, 0, 3
0 22 36: 918, 22, 2
0 22 37: 918, 22, 0
0 22 37: 1102, 11, 3
0 22 40: 1248, 22, 1
0 22 42: 1257, 22, 1
0 22 42: 1912, 0, 3
0 22 49: 2767, 22, 0
0 22 50: 1902, 0, 1
0 22 51: 1902, 0, 1
0 22 53: 1261, 22, 1
0 22 60: 1248, 22, 2
0 23 0: 1257, 22, 3
0 23 1: 1259, 22, 3
0 23 1: 1902, 1, 0
0 23 2: 1902, 9, 0
0 23 3: 1902, 1, 0
0 23 4: 1902, 9, 0
0 23 5: 868, 10, 1
0 23 6: 575, 10, 1
0 23 7: 868, 10, 1
0 23 8: 574, 10, 1
0 23 10: 1862, 22, 0
0 23 10: 1902, 3, 1
0 23 11: 1902, 0, 2
0 23 11: 1902, 9, 2
0 23 12: 1902, 0, 2
0 23 13: 820, 10, 2
0 23 13: 1912, 0, 3
0 23 14: 934, 22, 2
0 23 15: 935, 22, 1
0 23 16: 935, 22, 1
0 23 17: 935, 22, 1
0 23 18: 935, 22, 1
0 23 19: 934, 22, 1
0 23 23: 1536, 0, 3
0 23 25: 935, 22, 2
0 23 25: 1099, 10, 0
0 23 26: 936, 22, 0
0 23 27: 936, 22, 0
0 23 28: 935, 22, 0
0 23 35: 1512, 0, 3
0 23 36: 917, 22, 2
0 23 37: 917, 22, 1
0 23 41: 2728, 10, 1
0 23 42: 1257, 22, 0
0 23 42: 1912, 0, 3
0 23 50: 1902, 0, 1
0 23 51: 1902, 0, 1
0 23 52: 1938, 4, 3
0 23 55: 1253, 22, 0
0 23 58: 1254, 22, 1
0 23 60: 1281, 11, 1
0 23 61: 1247, 22, 0
0 23 62: 1265, 22, 3
0 24 1: 1257, 22, 0
0 24 2: 1260, 22, 1
0 24 2: 1902, 1, 0
0 24 3: 1902, 9, 0
0 24 4: 1902, 1, 0
0 24 5: 1902, 0, 0
0 24 6: 1902, 0, 0
0 24 7: 1902, 0, 0
0 24 8: 1902, 0, 0
0 24 9: 1902, 0, 3
0 24 10: 1902, 0, 1
0 24 13: 196, 6, 2
0 24 13: 1912, 9, 2
0 24 14: 375, 10, 0
0 24 14: 1912, 1, 2
0 24 18: 1912, 1, 1
0 24 19: 820, 10, 1
0 24 19: 1912, 0, 2
0 24 20: 1091, 10, 1
0 24 20: 1912, 0, 2
0 24 21: 1091, 10, 1
0 24 21: 1912, 0, 2
0 24 21: 1938, 5, 2
0 24 22: 196, 5, 2
0 24 22: 1912, 0, 2
0 24 23: 845, 5, 3
0 24 23: 1912, 0, 3
0 24 25: 935, 22, 2
0 24 25: 1091, 10, 2
0 24 26: 936, 22, 0
0 24 27: 936, 22, 0
0 24 28: 935, 22, 0
0 24 30: 1091, 10, 3
0 24 31: 1091, 10, 3
0 24 32: 1088, 10, 3
0 24 33: 1088, 10, 3
0 24 34: 845, 4, 1
0 24 35: 358, 10, 3
0 24 35: 1912, 0, 3
0 24 36: 356, 10, 1
0 24 36: 1938, 4, 2
0 24 37: 1514, 0, 1
0 24 38: 874, 10, 2
0 24 40: 1022, 4, 2
0 24 40: 2771, 22, 0
0 24 42: 1257, 22, 0
0 24 42: 1912, 0, 3
0 24 42: 1938, 5, 3
0 24 50: 1902, 0, 1
0 24 51: 1902, 0, 1
0 24 55: 1264, 22, 2
0 24 55: 1276, 11, 1
0 24 56: 1248, 22, 3
0 24 58: 1253, 22, 1
0 24 60: 1265, 22, 1
0 25 2: 1257, 22, 1
0 25 3: 1259, 22, 2
0 25 3: 1902, 1, 0
0 25 4: 1258, 22, 0
0 25 4: 1902, 0, 0
0 25 4: 1938, 5, 0
0 25 5: 1259, 22, 1
0 25 5: 1902, 0, 0
0 25 6: 1259, 22, 0
0 25 6: 1902, 0, 0
0 25 7: 1258, 22, 3
0 25 7: 1902, 0, 0
0 25 7: 1938, 5, 0
0 25 8: 1257, 22, 2
0 25 8: 1902, 0, 0
0 25 9: 1902, 3, 3
0 25 10: 1902, 3, 0
0 25 11: 1902, 0, 0
0 25 12: 1257, 22, 0
0 25 12: 1902, 0, 0
0 25 12: 1938, 5, 0
0 25 13: 1257, 22, 1
0 25 13: 1902, 0, 0
0 25 14: 1912, 9, 2
0 25 14: 1938, 8, 2
0 25 15: 845, 5, 2
0 25 15: 1912, 0, 2
0 25 16: 1912, 0, 2
0 25 16: 1938, 5, 2
0 25 17: 845, 5, 2
0 25 17: 1912, 0, 2
0 25 18: 1912, 9, 1
0 25 18: 1938, 8, 1
0 25 19: 1258, 22, 2
0 25 20: 1257, 22, 2
0 25 21: 1259, 22, 2
0 25 21: 1938, 4, 0
0 25 22: 1259, 22, 2
0 25 23: 1912, 0, 3
0 25 25: 934, 22, 2
0 25 26: 935, 22, 1
0 25 27: 935, 22, 1
0 25 28: 934, 22, 1
0 25 30: 596, 10, 3
0 25 35: 1259, 22, 1
0 25 35: 1912, 2, 3
0 25 36: 1258, 22, 0
0 25 36: 1912, 0, 0
0 25 36: 1938, 5, 0
0 25 38: 1257, 22, 3
0 25 38: 1912, 0, 0
0 25 39: 1257, 22, 2
0 25 39: 1912, 0, 0
0 25 39: 2843, 5, 0
0 25 40: 1258, 22, 0
0 25 40: 1912, 0, 0
0 25 41: 1257, 22, 3
0 25 41: 1912, 0, 0
0 25 41: 1938, 5, 0
0 25 42: 1257, 22, 2
0 25 42: 1912, 1, 3
0 25 47: 1902, 9, 3
0 25 48: 1902, 9, 0
0 25 50: 1902, 0, 1
0 25 51: 1902, 0, 1
0 25 55: 1265, 22, 3
0 25 58: 1255, 22, 0
0 25 61: 1264, 22, 3
0 25 62: 1264, 22, 1
0 26 5: 1258, 22, 3
0 26 6: 1257, 22, 1
0 26 7: 1276, 10, 1
0 26 8: 185, 22, 3
0 26 11: 185, 22, 1
0 26 11: 1276, 10, 1
0 26 12: 185, 22, 2
0 26 13: 1257, 22, 3
0 26 14: 1259, 22, 3
0 26 15: 997, 0, 3
0 26 15: 1257, 22, 0
0 26 16: 1258, 22, 1
0 26 16: 1938, 4, 0
0 26 17: 1259, 22, 1
0 26 18: 1257, 22, 1
0 26 19: 1257, 22, 0
0 26 21: 1257, 22, 1
0 26 22: 1257, 22, 0
0 26 23: 202, 10, 0
0 26 23: 1912, 0, 3
0 26 24: 820, 10, 1
0 26 25: 347, 10, 2
0 26 26: 346, 10, 2
0 26 27: 347, 10, 2
0 26 28: 820, 10, 1
0 26 29: 202, 10, 1
0 26 30: 1091, 10, 1
0 26 31: 1091, 10, 1
0 26 32: 1088, 10, 1
0 26 33: 1088, 10, 1
0 26 35: 1258, 22, 3
0 26 35: 1912, 0, 3
0 26 36: 1257, 22, 2
0 26 46: 1902, 9, 3
0 26 47: 325, 22, 3
0 26 47: 1902, 1, 3
0 26 48: 326, 22, 0
0 26 48: 1902, 1, 0
0 26 49: 655, 6, 0
0 26 49: 1902, 9, 0
0 26 50: 1902, 0, 1
0 26 51: 1902, 0, 1
0 26 54: 1254, 22, 0
0 26 56: 1253, 22, 3
0 26 61: 1253, 22, 2
0 27 7: 1264, 22, 0
0 27 8: 1264, 22, 0
0 27 11: 1264, 22, 0
0 27 12: 1264, 22, 1
0 27 14: 1257, 22, 2
0 27 15: 997, 0, 3
0 27 15: 1257, 22, 2
0 27 16: 1257, 22, 3
0 27 17: 1257, 22, 2
0 27 18: 1257, 22, 3
0 27 22: 1257, 22, 3
0 27 23: 1257, 22, 1
0 27 23: 1912, 0, 0
0 27 24: 1257, 22, 2
0 27 24: 1912, 0, 0
0 27 24: 1938, 5, 0
0 27 25: 1258, 22, 1
0 27 25: 1912, 0, 0
0 27 26: 1257, 22, 3
0 27 26: 1912, 0, 0
0 27 27: 1259, 22, 0
0 27 27: 1912, 0, 0
0 27 28: 1259, 22, 2
0 27 28: 1912, 0, 0
0 27 28: 1938, 5, 0
0 27 29: 1259, 22, 3
0 27 29: 1912, 0, 0
0 27 30: 1257, 22, 1
0 27 30: 1912, 0, 0
0 27 31: 1257, 22, 0
0 27 31: 1912, 0, 0
0 27 32: 1257, 22, 3
0 27 32: 1912, 0, 0
0 27 32: 1938, 5, 0
0 27 33: 1257, 22, 3
0 27 33: 1912, 0, 0
0 27 34: 1257, 22, 2
0 27 34: 1912, 0, 0
0 27 35: 1257, 22, 1
0 27 35: 1912, 3, 3
0 27 36: 1257, 22, 0
0 27 45: 1902, 9, 3
0 27 46: 1902, 1, 3
0 27 47: 325, 22, 2
0 27 48: 325, 22, 1
0 27 48: 1322, 10, 0
0 27 49: 325, 22, 1
0 27 49: 1902, 1, 0
0 27 50: 1902, 0, 1
0 27 50: 1902, 9, 0
0 27 51: 1902, 0, 1
0 27 52: 1938, 4, 3
0 27 62: 1261, 22, 2
0 28 15: 997, 0, 3
0 28 15: 1187, 10, 1
0 28 19: 827, 22, 1
0 28 27: 1257, 22, 0
0 28 28: 1257, 22, 1
0 28 29: 1257, 22, 2
0 28 31: 1257, 22, 1
0 28 44: 1902, 9, 3
0 28 45: 1902, 1, 3
0 28 47: 325, 22, 1
0 28 49: 324, 22, 2
0 28 50: 326, 22, 3
0 28 50: 662, 11, 0
0 28 50: 1902, 1, 0
0 28 51: 1902, 0, 1
0 28 51: 1902, 9, 0
0 28 61: 1254, 22, 3
0 29 7: 184, 22, 3
0 29 7: 1276, 10, 2
0 29 8: 1264, 22, 2
0 29 11: 1276, 10, 3
0 29 12: 185, 22, 1
0 29 15: 185, 22, 2
0 29 15: 997, 0, 3
0 29 16: 185, 22, 1
0 29 16: 1173, 10, 1
0 29 43: 1902, 9, 3
0 29 44: 325, 22, 3
0 29 44: 1902, 1, 3
0 29 45: 325, 22, 0
0 29 46: 325, 22, 0
0 29 47: 324, 22, 3
0 29 48: 325, 22, 2
0 29 50: 325, 22, 1
0 29 50: 1902, 1, 1
0 29 51: 1902, 9, 1
0 29 54: 1253, 22, 0
0 30 7: 1265, 22, 2
0 30 8: 1264, 22, 3
0 30 11: 1264, 22, 2
0 30 12: 1265, 22, 2
0 30 15: 997, 0, 3
0 30 15: 1300, 10, 1
0 30 16: 185, 22, 0
0 30 16: 1187, 10, 2
0 30 42: 1902, 9, 3
0 30 43: 325, 22, 3
0 30 43: 1902, 1, 3
0 30 46: 326, 22, 1
0 30 47: 325, 22, 3
0 30 48: 1754, 10, 3
0 30 49: 1902, 1, 1
0 30 50: 1902, 9, 1
0 30 54: 1278, 10, 3
0 30 57: 1278, 10, 2
0 30 60: 1253, 22, 1
0 31 1: 1257, 22, 3
0 31 9: 1247, 22, 2
0 31 14: 1257, 22, 1
0 31 15: 184, 22, 3
0 31 15: 997, 0, 3
0 31 15: 1187, 10, 2
0 31 16: 185, 22, 3
0 31 17: 185, 22, 2
0 31 17: 1124, 10, 2
0 31 41: 1257, 22, 3
0 31 42: 1902, 9, 2
0 31 43: 325, 22, 1
0 31 43: 1902, 1, 2
0 31 48: 1902, 1, 1
0 31 49: 655, 6, 1
0 31 49: 1902, 9, 1
0 31 51: 1261, 22, 0
0 31 53: 1261, 22, 1
0 31 55: 1265, 22, 0
0 31 57: 1264, 22, 3
0 32 0: 1257, 22, 1
0 32 1: 1258, 22, 1
0 32 2: 1257, 22, 0
0 32 7: 1276, 10, 2
0 32 8: 1265, 22, 2
0 32 11: 1276, 10, 1
0 32 12: 185, 22, 0
0 32 14: 1257, 22, 2
0 32 15: 184, 22, 0
0 32 15: 997, 0, 3
0 32 16: 1298, 10, 3
0 32 17: 184, 22, 1
0 32 17: 1187, 10, 2
0 32 18: 1173, 10, 3
0 32 19: 185, 22, 1
0 32 27: 1257, 22, 3
0 32 34: 1257, 22, 0
0 32 35: 1257, 22, 3
0 32 36: 1257, 22, 1
0 32 37: 1257, 22, 0
0 32 40: 1257, 22, 1
0 32 41: 1257, 22, 0
0 32 42: 1258, 22, 0
0 32 43: 1902, 9, 2
0 32 44: 1902, 1, 2
0 32 45: 325, 22, 0
0 32 46: 325, 22, 2
0 32 47: 661, 10, 0
0 32 47: 1902, 1, 1
0 32 48: 656, 6, 1
0 32 48: 1902, 9, 1
0 32 60: 1276, 11, 2
0 32 61: 1247, 22, 1
0 33 0: 1258, 22, 3
0 33 0: 1902, 0, 2
0 33 1: 1259, 22, 2
0 33 1: 1902, 0, 2
0 33 2: 1258, 22, 0
0 33 2: 1902, 0, 2
0 33 3: 1257, 22, 3
0 33 3: 1902, 0, 2
0 33 4: 1902, 0, 2
0 33 5: 1257, 22, 0
0 33 5: 1902, 0, 2
0 33 6: 1902, 0, 2
0 33 7: 1265, 22, 1
0 33 7: 1902, 0, 2
0 33 8: 1264, 22, 3
0 33 8: 1902, 3, 2
0 33 11: 1264, 22, 3
0 33 11: 1902, 3, 1
0 33 12: 1264, 22, 3
0 33 12: 1902, 0, 2
0 33 13: 1257, 22, 3
0 33 13: 1902, 0, 2
0 33 14: 1259, 22, 0
0 33 14: 1902, 0, 2
0 33 15: 184, 22, 2
0 33 15: 1902, 2, 2
0 33 16: 1187, 10, 2
0 33 16: 1902, 0, 2
0 33 17: 184, 22, 1
0 33 17: 1902, 0, 2
0 33 18: 1187, 10, 2
0 33 18: 1902, 0, 2
0 33 19: 184, 22, 0
0 33 19: 1187, 10, 2
0 33 19: 1902, 0, 2
0 33 20: 1124, 10, 3
0 33 20: 1902, 0, 2
0 33 21: 1902, 0, 2
0 33 22: 1257, 22, 3
0 33 22: 1902, 0, 2
0 33 23: 1258, 22, 2
0 33 23: 1902, 0, 2
0 33 24: 1257, 22, 0
0 33 24: 1902, 0, 2
0 33 25: 1258, 22, 1
0 33 25: 1902, 0, 2
0 33 26: 1258, 22, 0
0 33 26: 1902, 0, 2
0 33 27: 1257, 22, 3
0 33 27: 1902, 0, 2
0 33 28: 1257, 22, 0
0 33 28: 1902, 0, 2
0 33 29: 1257, 22, 1
0 33 29: 1902, 0, 2
0 33 30: 1902, 0, 2
0 33 31: 1902, 0, 2
0 33 32: 1902, 0, 2
0 33 33: 1257, 22, 1
0 33 33: 1902, 0, 2
0 33 34: 1258, 22, 3
0 33 34: 1902, 0, 2
0 33 35: 1258, 22, 3
0 33 35: 1902, 0, 2
0 33 36: 1257, 22, 2
0 33 36: 1902, 0, 2
0 33 37: 1258, 22, 1
0 33 37: 1902, 0, 2
0 33 38: 1257, 22, 3
0 33 38: 1902, 0, 2
0 33 39: 1257, 22, 2
0 33 39: 1902, 0, 2
0 33 40: 1258, 22, 2
0 33 40: 1902, 0, 2
0 33 41: 1258, 22, 3
0 33 41: 1902, 0, 2
0 33 42: 1257, 22, 1
0 33 42: 1902, 0, 2
0 33 43: 1259, 22, 1
0 33 43: 1902, 0, 2
0 33 44: 1902, 0, 2
0 33 44: 1902, 9, 2
0 33 45: 326, 22, 3
0 33 45: 1902, 1, 2
0 33 46: 325, 22, 2
0 33 46: 1902, 1, 1
0 33 47: 1902, 9, 1
0 33 52: 1278, 11, 2
0 33 53: 1264, 22, 0
0 33 56: 1261, 22, 2
0 33 59: 1253, 22, 2
0 34 0: 1902, 0, 2
0 34 1: 1902, 0, 2
0 34 2: 1902, 0, 2
0 34 3: 1902, 0, 2
0 34 4: 1902, 0, 2
0 34 5: 1902, 0, 2
0 34 6: 1902, 0, 2
0 34 7: 1902, 0, 2
0 34 8: 1902, 0, 3
0 34 11: 1902, 0, 1
0 34 12: 1902, 0, 2
0 34 13: 1902, 0, 2
0 34 14: 1902, 0, 2
0 34 15: 1902, 2, 2
0 34 16: 1902, 0, 2
0 34 17: 1902, 0, 2
0 34 18: 1902, 0, 2
0 34 19: 1902, 0, 2
0 34 20: 1902, 0, 2
0 34 21: 1902, 0, 2
0 34 22: 1902, 0, 2
0 34 23: 1902, 0, 2
0 34 24: 1902, 0, 2
0 34 25: 1902, 0, 2
0 34 26: 1902, 0, 2
0 34 27: 1902, 0, 2
0 34 28: 1902, 0, 2
0 34 29: 1902, 0, 2
0 34 30: 1902, 0, 2
0 34 31: 1902, 0, 2
0 34 32: 1902, 0, 2
0 34 33: 1902, 0, 2
0 34 34: 1902, 0, 2
0 34 35: 1902, 0, 2
0 34 36: 1902, 0, 2
0 34 37: 1902, 0, 2
0 34 38: 1902, 0, 2
0 34 39: 1902, 0, 2
0 34 40: 1902, 0, 2
0 34 41: 1902, 0, 2
0 34 42: 1902, 0, 2
0 34 43: 1902, 0, 2
0 34 44: 1902, 0, 2
0 34 45: 1902, 0, 2
0 34 45: 1902, 9, 2
0 34 46: 1902, 9, 1
0 34 52: 1247, 22, 2
0 35 0: 1257, 22, 0
0 35 1: 1258, 22, 2
0 35 2: 1257, 22, 0
0 35 2: 1938, 4, 0
0 35 3: 1258, 22, 1
0 35 4: 1257, 22, 3
0 35 6: 1257, 22, 2
0 35 6: 1938, 4, 0
0 35 7: 1257, 22, 1
0 35 12: 1257, 22, 3
0 35 13: 1257, 22, 0
0 35 13: 1938, 4, 0
0 35 14: 1258, 22, 2
0 35 16: 1258, 22, 3
0 35 17: 1258, 22, 3
0 35 17: 1938, 4, 0
0 35 19: 1257, 22, 2
0 35 20: 1258, 22, 0
0 35 21: 1257, 22, 0
0 35 21: 1938, 4, 0
0 35 22: 1258, 22, 1
0 35 24: 1259, 22, 0
0 35 25: 1259, 22, 1
0 35 25: 1938, 4, 0
0 35 26: 1260, 22, 2
0 35 26: 1902, 0, 1
0 35 27: 350, 10, 0
0 35 28: 350, 10, 0
0 35 29: 845, 4, 0
0 35 30: 347, 10, 0
0 35 31: 346, 10, 0
0 35 32: 838, 10, 0
0 35 34: 845, 4, 0
0 35 35: 1260, 22, 0
0 35 35: 1902, 0, 3
0 35 36: 1259, 22, 3
0 35 36: 1938, 4, 0
0 35 37: 1258, 22, 0
0 35 38: 1257, 22, 1
0 35 39: 1257, 22, 0
0 35 40: 1257, 22, 1
0 35 40: 1938, 4, 0
0 35 41: 1257, 22, 1
0 35 42: 1258, 22, 3
0 35 43: 1259, 22, 2
0 35 44: 1260, 22, 3
0 35 44: 1902, 0, 1
0 35 44: 1938, 4, 0
0 35 46: 1902, 0, 3
0 35 46: 1938, 5, 3
0 35 49: 1261, 22, 1
0 35 55: 1278, 10, 2
0 35 56: 1265, 22, 1
0 35 58: 1261, 22, 2
0 35 60: 1276, 11, 1
0 36 0: 1257, 22, 2
0 36 1: 1258, 22, 3
0 36 4: 1278, 10, 2
0 36 6: 1247, 22, 0
0 36 19: 1257, 22, 1
0 36 20: 1257, 22, 3
0 36 24: 1257, 22, 1
0 36 25: 1258, 22, 2
0 36 26: 1259, 22, 3
0 36 26: 1902, 0, 1
0 36 27: 845, 4, 3
0 36 32: 1091, 11, 3
0 36 34: 347, 10, 1
0 36 35: 1259, 22, 2
0 36 35: 1902, 0, 3
0 36 36: 1258, 22, 1
0 36 37: 1257, 22, 2
0 36 38: 1257, 22, 1
0 36 41: 1257, 22, 0
0 36 42: 1257, 22, 3
0 36 43: 1258, 22, 0
0 36 44: 1259, 22, 1
0 36 44: 1902, 0, 1
0 36 46: 1902, 0, 3
0 36 47: 1278, 10, 1
0 36 48: 1246, 22, 2
0 36 53: 1261, 22, 3
0 37 0: 1257, 22, 1
0 37 2: 881, 10, 0
0 37 2: 2745, 22, 0
0 37 5: 1247, 22, 0
0 37 10: 1259, 22, 0
0 37 11: 1257, 22, 3
0 37 12: 1257, 22, 2
0 37 13: 1258, 22, 2
0 37 13: 1602, 3, 1
0 37 14: 1258, 22, 1
0 37 14: 1902, 0, 2
0 37 15: 1257, 22, 2
0 37 15: 1821, 5, 2
0 37 15: 1902, 0, 2
0 37 16: 1258, 22, 0
0 37 16: 1902, 0, 2
0 37 17: 1257, 22, 0
0 37 17: 1821, 5, 2
0 37 17: 1902, 0, 2
0 37 18: 1902, 0, 2
0 37 19: 1258, 22, 3
0 37 19: 1902, 0, 2
0 37 20: 1821, 5, 2
0 37 20: 1902, 0, 2
0 37 21: 1902, 0, 2
0 37 22: 1602, 3, 2
0 37 25: 1257, 22, 3
0 37 26: 1257, 22, 1
0 37 26: 1828, 5, 1
0 37 26: 1902, 0, 1
0 37 27: 1831, 4, 3
0 37 29: 1091, 10, 2
0 37 30: 593, 10, 3
0 37 34: 1831, 4, 1
0 37 35: 1258, 22, 3
0 37 35: 1828, 5, 3
0 37 35: 1902, 0, 3
0 37 36: 1257, 22, 2
0 37 37: 1257, 22, 2
0 37 42: 1257, 22, 3
0 37 43: 1257, 22, 3
0 37 44: 1258, 22, 2
0 37 44: 1902, 0, 1
0 37 46: 1902, 0, 3
0 37 50: 1276, 10, 3
0 37 54: 1261, 22, 0
0 37 57: 1261, 22, 0
0 37 61: 1253, 22, 3
0 38 0: 1257, 22, 3
0 38 1: 1257, 22, 2
0 38 4: 1247, 22, 3
0 38 9: 1257, 22, 0
0 38 10: 1260, 22, 0
0 38 11: 1258, 22, 3
0 38 12: 1257, 22, 2
0 38 13: 1259, 22, 0
0 38 13: 1902, 0, 1
0 38 14: 419, 10, 2
0 38 15: 1822, 4, 0
0 38 16: 196, 4, 0
0 38 16: 357, 10, 2
0 38 16: 1247, 22, 2
0 38 17: 356, 10, 1
0 38 17: 1822, 4, 0
0 38 18: 196, 4, 0
0 38 19: 419, 10, 3
0 38 20: 604, 10, 2
0 38 20: 1822, 4, 0
0 38 21: 419, 10, 3
0 38 22: 1258, 22, 3
0 38 22: 1902, 0, 3
0 38 25: 1257, 22, 2
0 38 26: 1902, 0, 1
0 38 27: 196, 4, 3
0 38 34: 196, 4, 1
0 38 35: 1257, 22, 1
0 38 35: 1902, 0, 3
0 38 36: 1257, 22, 2
0 38 37: 1257, 22, 0
0 38 38: 1189, 10, 3
0 38 42: 1902, 3, 1
0 38 43: 1902, 0, 2
0 38 44: 1257, 22, 2
0 38 44: 1902, 2, 1
0 38 45: 1902, 0, 2
0 38 46: 1902, 0, 3
0 38 46: 1938, 5, 3
0 38 47: 1281, 10, 0
0 38 48: 1246, 22, 3
0 38 49: 1247, 22, 0
0 38 50: 1247, 22, 3
0 38 51: 1248, 22, 0
0 38 55: 1261, 22, 1
0 39 0: 1257, 22, 1
0 39 10: 1258, 22, 2
0 39 11: 1257, 22, 2
0 39 12: 1257, 22, 3
0 39 13: 1258, 22, 3
0 39 13: 1851, 5, 1
0 39 13: 1902, 0, 1
0 39 14: 361, 10, 3
0 39 14: 1851, 4, 3
0 39 15: 917, 22, 3
0 39 16: 917, 22, 0
0 39 17: 917, 22, 3
0 39 18: 917, 22, 0
0 39 19: 917, 22, 3
0 39 20: 1246, 22, 0
0 39 21: 1851, 4, 1
0 39 22: 1258, 22, 2
0 39 22: 1851, 5, 3
0 39 22: 1902, 0, 3
0 39 23: 1257, 22, 1
0 39 25: 1189, 10, 0
0 39 26: 1257, 22, 0
0 39 26: 1828, 5, 1
0 39 26: 1902, 0, 1
0 39 27: 1831, 4, 3
0 39 29: 934, 22, 3
0 39 30: 935, 22, 3
0 39 31: 935, 22, 3
0 39 32: 934, 22, 0
0 39 33: 1722, 10, 1
0 39 34: 1831, 4, 1
0 39 35: 1257, 22, 0
0 39 35: 1828, 5, 3
0 39 35: 1902, 0, 3
0 39 37: 1189, 10, 2
0 39 41: 1770, 3, 0
0 39 42: 1902, 0, 1
0 39 43: 594, 10, 3
0 39 45: 354, 10, 1
0 39 46: 1902, 0, 3
0 39 47: 1247, 22, 1
0 39 49: 1247, 22, 1
0 39 50: 1257, 22, 3
0 39 51: 1257, 22, 1
0 39 52: 1257, 22, 3
0 39 63: 981, 3, 1
0 40 11: 1257, 22, 1
0 40 13: 1257, 22, 0
0 40 13: 1902, 0, 1
0 40 14: 196, 4, 3
0 40 14: 419, 10, 2
0 40 15: 918, 22, 2
0 40 16: 918, 22, 0
0 40 17: 918, 22, 2
0 40 18: 918, 22, 0
0 40 19: 918, 22, 2
0 40 20: 918, 22, 0
0 40 21: 391, 4, 1
0 40 22: 1258, 22, 2
0 40 22: 1902, 0, 3
0 40 23: 1257, 22, 1
0 40 24: 1189, 10, 1
0 40 26: 1257, 22, 0
0 40 26: 1902, 0, 1
0 40 27: 835, 10, 3
0 40 29: 934, 22, 2
0 40 30: 935, 22, 1
0 40 31: 935, 22, 1
0 40 32: 934, 22, 1
0 40 35: 1257, 22, 3
0 40 35: 1902, 0, 3
0 40 39: 1189, 10, 1
0 40 42: 1902, 0, 1
0 40 43: 1247, 22, 1
0 40 45: 688, 22, 3
0 40 45: 850, 4, 1
0 40 46: 1902, 0, 3
0 40 48: 1261, 22, 1
0 40 50: 1258, 22, 3
0 40 51: 1257, 22, 0
0 40 52: 1281, 10, 3
0 40 53: 1247, 22, 2
0 41 6: 1278, 10, 1
0 41 7: 1247, 22, 2
0 41 9: 1247, 22, 1
0 41 11: 1257, 22, 3
0 41 13: 1851, 5, 1
0 41 13: 1902, 0, 1
0 41 14: 375, 10, 0
0 41 14: 1851, 4, 3
0 41 15: 917, 22, 2
0 41 16: 917, 22, 1
0 41 17: 917, 22, 2
0 41 18: 917, 22, 1
0 41 19: 917, 22, 2
0 41 20: 917, 22, 1
0 41 21: 595, 10, 0
0 41 21: 1851, 4, 1
0 41 22: 1258, 22, 1
0 41 22: 1851, 5, 3
0 41 22: 1902, 0, 3
0 41 23: 1189, 10, 2
0 41 26: 1902, 0, 1
0 41 28: 374, 10, 3
0 41 28: 1831, 4, 2
0 41 30: 838, 10, 2
0 41 32: 196, 4, 2
0 41 33: 1831, 4, 2
0 41 35: 1257, 22, 0
0 41 35: 1902, 0, 3
0 41 41: 1770, 3, 0
0 41 42: 1902, 0, 1
0 41 44: 687, 22, 3
0 41 45: 850, 4, 1
0 41 46: 845, 5, 3
0 41 46: 1902, 0, 3
0 41 47: 1259, 22, 2
0 41 48: 1773, 10, 0
0 41 49: 1258, 22, 0
0 41 50: 1773, 10, 0
0 41 51: 1258, 22, 2
0 41 52: 1257, 22, 2
0 41 53: 1257, 22, 1
0 41 55: 1247, 22, 1
0 41 57: 1261, 22, 1
0 41 57: 1276, 11, 0
0 41 59: 1276, 11, 3
0 41 60: 980, 1, 1
0 41 61: 980, 0, 2
0 41 62: 981, 3, 2
0 42 2: 1278, 10, 2
0 42 3: 1247, 22, 1
0 42 6: 1247, 22, 1
0 42 13: 1902, 0, 1
0 42 14: 374, 10, 0
0 42 15: 1247, 22, 3
0 42 15: 1822, 4, 2
0 42 16: 196, 4, 2
0 42 17: 916, 22, 3
0 42 18: 196, 4, 2
0 42 19: 850, 4, 2
0 42 20: 1822, 4, 2
0 42 22: 1902, 0, 3
0 42 23: 1261, 22, 0
0 42 24: 1189, 10, 2
0 42 25: 1189, 10, 3
0 42 26: 1902, 3, 0
0 42 27: 1257, 22, 2
0 42 27: 1872, 5, 0
0 42 27: 1902, 0, 0
0 42 28: 1258, 22, 2
0 42 28: 1828, 5, 0
0 42 28: 1902, 0, 0
0 42 29: 1533, 0, 0
0 42 30: 1872, 5, 0
0 42 30: 1902, 0, 0
0 42 31: 1257, 22, 1
0 42 31: 1872, 5, 0
0 42 31: 1902, 0, 0
0 42 32: 1259, 22, 0
0 42 32: 1872, 5, 0
0 42 32: 1902, 0, 0
0 42 33: 1258, 22, 3
0 42 33: 1828, 5, 0
0 42 33: 1902, 0, 0
0 42 34: 1257, 22, 2
0 42 34: 1872, 5, 0
0 42 34: 1902, 0, 0
0 42 35: 1257, 22, 1
0 42 35: 1902, 3, 3
0 42 41: 1770, 3, 1
0 42 42: 1902, 0, 1
0 42 43: 355, 10, 0
0 42 45: 1247, 22, 2
0 42 45: 1938, 4, 1
0 42 46: 1258, 22, 1
0 42 46: 1902, 0, 3
0 42 46: 1938, 5, 3
0 42 47: 1257, 22, 2
0 42 48: 1258, 22, 1
0 42 49: 1247, 22, 1
0 42 50: 1246, 22, 0
0 42 51: 1258, 22, 1
0 42 52: 980, 1, 1
0 42 52: 1247, 22, 3
0 42 53: 980, 0, 2
0 42 54: 980, 0, 2
0 42 54: 1247, 22, 0
0 42 55: 980, 0, 2
0 42 56: 980, 0, 2
0 42 57: 980, 0, 2
0 42 58: 980, 0, 2
0 42 59: 980, 0, 2
0 42 60: 980, 9, 1
0 43 1: 1247, 22, 0
0 43 2: 1247, 22, 3
0 43 3: 1247, 22, 3
0 43 7: 1257, 22, 1
0 43 8: 1257, 22, 3
0 43 11: 1257, 22, 1
0 43 12: 1257, 22, 2
0 43 13: 1602, 3, 0
0 43 14: 1257, 22, 1
0 43 14: 1902, 0, 0
0 43 15: 1258, 22, 0
0 43 15: 1821, 5, 0
0 43 15: 1902, 0, 0
0 43 16: 1257, 22, 3
0 43 16: 1902, 0, 0
0 43 17: 1530, 0, 0
0 43 18: 1258, 22, 1
0 43 18: 1902, 0, 0
0 43 19: 1257, 22, 1
0 43 19: 1902, 0, 0
0 43 20: 1257, 22, 0
0 43 20: 1821, 5, 0
0 43 20: 1902, 0, 0
0 43 21: 1257, 22, 0
0 43 21: 1902, 0, 0
0 43 22: 1602, 3, 3
0 43 24: 1257, 22, 3
0 43 25: 1257, 22, 3
0 43 26: 1257, 22, 2
0 43 27: 981, 3, 1
0 43 32: 1258, 22, 2
0 43 33: 981, 3, 2
0 43 33: 1257, 22, 3
0 43 42: 1902, 3, 0
0 43 43: 845, 5, 0
0 43 43: 1257, 22, 2
0 43 43: 1902, 0, 0
0 43 44: 1257, 22, 3
0 43 44: 1530, 0, 0
0 43 45: 845, 5, 0
0 43 45: 1258, 22, 0
0 43 45: 1902, 0, 0
0 43 46: 868, 10, 2
0 43 46: 1257, 22, 0
0 43 46: 1769, 3, 3
0 43 47: 1257, 22, 3
0 43 48: 1773, 10, 2
0 43 49: 1259, 22, 1
0 43 50: 1247, 22, 2
0 43 50: 1773, 10, 2
0 43 51: 981, 3, 1
0 43 51: 1257, 22, 1
0 43 52: 980, 9, 1
0 44 7: 1257, 22, 2
0 44 12: 1257, 22, 0
0 44 17: 1261, 22, 2
0 44 20: 980, 0, 2
0 44 20: 1257, 22, 1
0 44 21: 980, 0, 2
0 44 22: 980, 0, 2
0 44 22: 1261, 22, 1
0 44 23: 980, 0, 2
0 44 23: 1257, 22, 1
0 44 24: 980, 0, 2
0 44 24: 1189, 10, 0
0 44 24: 1258, 22, 0
0 44 25: 980, 0, 2
0 44 25: 1257, 22, 2
0 44 26: 980, 0, 2
0 44 26: 1257, 22, 1
0 44 27: 980, 9, 1
0 44 27: 1257, 22, 0
0 44 33: 980, 9, 2
0 44 34: 980, 0, 2
0 44 35: 980, 0, 2
0 44 36: 980, 0, 2
0 44 37: 980, 0, 2
0 44 38: 980, 0, 2
0 44 39: 981, 3, 2
0 44 44: 1257, 22, 1
0 44 45: 1257, 22, 1
0 44 48: 1258, 22, 2
0 44 49: 1258, 22, 3
0 44 50: 1258, 22, 0
0 45 0: 1246, 22, 2
0 45 11: 1247, 22, 1
0 45 49: 1247, 22, 0
0 45 53: 980, 9, 3
0 45 54: 980, 0, 0
0 45 55: 980, 9, 0
0 45 58: 1278, 10, 0
0 46 4: 1257, 22, 1
0 46 28: 1257, 22, 3
0 46 29: 1258, 22, 2
0 46 30: 1189, 10, 0
0 46 30: 1259, 22, 0
0 46 31: 1257, 22, 1
0 46 40: 1276, 10, 2
0 46 50: 1247, 22, 3
0 46 53: 980, 0, 3
0 46 55: 980, 0, 1
0 47 3: 980, 9, 3
0 47 3: 1257, 22, 0
0 47 4: 980, 0, 0
0 47 4: 1258, 22, 3
0 47 5: 980, 0, 0
0 47 5: 1257, 22, 2
0 47 6: 980, 9, 0
0 47 9: 980, 9, 3
0 47 10: 980, 0, 0
0 47 10: 1257, 22, 2
0 47 11: 980, 0, 0
0 47 12: 980, 0, 0
0 47 13: 980, 9, 0
0 47 18: 1261, 22, 0
0 47 19: 1261, 22, 1
0 47 23: 1862, 22, 1
0 47 24: 1862, 22, 1
0 47 27: 1257, 22, 2
0 47 28: 1257, 22, 0
0 47 29: 1259, 22, 2
0 47 30: 1260, 22, 0
0 47 31: 1259, 22, 3
0 47 32: 1257, 22, 2
0 47 52: 980, 9, 3
0 47 53: 980, 1, 3
0 47 53: 1278, 10, 2
0 47 54: 1246, 22, 3
0 47 55: 980, 0, 1
0 47 60: 1278, 10, 0
0 48 0: 981, 3, 0
0 48 1: 980, 0, 0
0 48 2: 980, 0, 0
0 48 3: 980, 1, 3
0 48 3: 1257, 22, 3
0 48 4: 1259, 22, 0
0 48 5: 1258, 22, 0
0 48 6: 980, 0, 1
0 48 6: 1257, 22, 0
0 48 9: 980, 0, 3
0 48 9: 1257, 22, 0
0 48 10: 1257, 22, 3
0 48 12: 1393, 10, 1
0 48 13: 980, 0, 1
0 48 13: 1247, 22, 1
0 48 15: 1261, 22, 0
0 48 16: 1309, 10, 2
0 48 19: 1261, 22, 1
0 48 20: 1257, 22, 1
0 48 20: 1902, 0, 2
0 48 21: 1257, 22, 2
0 48 21: 1848, 5, 2
0 48 21: 1902, 0, 2
0 48 22: 1257, 22, 0
0 48 22: 1902, 0, 2
0 48 25: 1257, 22, 1
0 48 25: 1902, 0, 2
0 48 26: 1257, 22, 2
0 48 26: 1848, 5, 2
0 48 26: 1902, 0, 2
0 48 27: 1257, 22, 3
0 48 27: 1902, 0, 2
0 48 28: 1258, 22, 1
0 48 29: 1257, 22, 2
0 48 30: 1189, 10, 3
0 48 30: 1258, 22, 1
0 48 31: 1189, 10, 3
0 48 31: 1257, 22, 1
0 48 32: 1257, 22, 3
0 48 33: 1189, 10, 1
0 48 34: 1257, 22, 1
0 48 35: 1257, 22, 0
0 48 36: 1257, 22, 3
0 48 41: 1298, 10, 3
0 48 44: 1902, 3, 1
0 48 45: 1257, 22, 0
0 48 45: 1902, 0, 2
0 48 46: 868, 10, 2
0 48 46: 1902, 3, 2
0 48 47: 1246, 22, 0
0 48 48: 981, 3, 0
0 48 49: 980, 0, 0
0 48 50: 980, 0, 0
0 48 51: 980, 0, 0
0 48 52: 980, 1, 3
0 48 53: 1247, 22, 2
0 48 54: 1265, 22, 2
0 48 55: 981, 3, 0
0 48 58: 1261, 22, 0
0 48 59: 1298, 10, 3
0 49 3: 1257, 22, 3
0 49 4: 1257, 22, 2
0 49 5: 1257, 22, 1
0 49 6: 980, 0, 1
0 49 9: 980, 0, 3
0 49 13: 980, 0, 1
0 49 16: 1261, 22, 1
0 49 20: 575, 10, 2
0 49 20: 1902, 0, 3
0 49 21: 1848, 4, 0
0 49 22: 202, 10, 3
0 49 23: 1520, 0, 3
0 49 24: 1517, 0, 1
0 49 25: 202, 10, 3
0 49 26: 1848, 4, 0
0 49 27: 574, 10, 0
0 49 27: 1902, 0, 1
0 49 28: 1258, 22, 3
0 49 29: 1189, 10, 2
0 49 29: 1257, 22, 0
0 49 30: 1257, 22, 1
0 49 31: 1189, 10, 2
0 49 34: 1257, 22, 1
0 49 35: 1257, 22, 3
0 49 41: 1257, 22, 3
0 49 44: 1257, 22, 2
0 49 44: 1902, 0, 1
0 49 46: 1257, 22, 0
0 49 46: 1902, 0, 3
0 49 46: 1938, 5, 3
0 49 49: 1278, 11, 1
0 49 50: 1246, 22, 1
0 49 55: 1261, 22, 0
0 49 61: 1261, 22, 1
0 50 6: 981, 3, 0
0 50 7: 1862, 22, 1
0 50 8: 1862, 22, 1
0 50 9: 981, 3, 3
0 50 11: 1261, 22, 2
0 50 13: 981, 3, 0
0 50 13: 1261, 22, 1
0 50 14: 1261, 22, 2
0 50 15: 1261, 22, 3
0 50 17: 1261, 22, 1
0 50 18: 1257, 22, 3
0 50 20: 1902, 0, 3
0 50 22: 934, 22, 3
0 50 23: 935, 22, 3
0 50 24: 935, 22, 3
0 50 25: 934, 22, 0
0 50 27: 1902, 0, 1
0 50 28: 1259, 22, 1
0 50 29: 1258, 22, 2
0 50 36: 1257, 22, 2
0 50 38: 1902, 1, 1
0 50 39: 1902, 0, 2
0 50 40: 1257, 22, 3
0 50 40: 1902, 0, 2
0 50 41: 1257, 22, 1
0 50 41: 1902, 0, 2
0 50 42: 1257, 22, 1
0 50 42: 1902, 0, 2
0 50 43: 1902, 0, 2
0 50 44: 1257, 22, 3
0 50 44: 1902, 2, 1
0 50 46: 845, 5, 3
0 50 46: 1257, 22, 3
0 50 46: 1902, 0, 3
0 50 47: 1257, 22, 1
0 50 50: 1247, 22, 0
0 50 53: 1261, 22, 3
0 50 53: 1278, 11, 0
0 50 54: 1247, 22, 2
0 50 59: 1261, 22, 0
0 51 2: 1246, 22, 3
0 51 7: 1862, 22, 1
0 51 8: 1862, 22, 1
0 51 14: 1261, 22, 2
0 51 14: 1902, 3, 1
0 51 15: 1902, 0, 2
0 51 16: 1848, 5, 2
0 51 16: 1902, 0, 2
0 51 17: 1902, 0, 2
0 51 18: 1848, 5, 2
0 51 18: 1902, 0, 2
0 51 19: 1902, 0, 2
0 51 20: 574, 10, 2
0 51 20: 1902, 2, 2
0 51 21: 202, 10, 1
0 51 21: 1902, 0, 2
0 51 22: 845, 5, 2
0 51 22: 934, 22, 2
0 51 22: 1902, 0, 2
0 51 23: 935, 22, 1
0 51 24: 935, 22, 1
0 51 25: 845, 5, 2
0 51 25: 934, 22, 1
0 51 25: 1902, 0, 2
0 51 26: 202, 10, 1
0 51 26: 1902, 0, 2
0 51 27: 575, 10, 0
0 51 27: 1902, 2, 1
0 51 28: 1260, 22, 2
0 51 28: 1902, 0, 2
0 51 29: 1259, 22, 0
0 51 29: 1902, 0, 2
0 51 30: 1258, 22, 1
0 51 30: 1902, 0, 2
0 51 31: 1902, 0, 2
0 51 32: 1902, 0, 2
0 51 33: 1902, 3, 2
0 51 36: 1257, 22, 0
0 51 37: 1257, 22, 3
0 51 37: 1902, 1, 1
0 51 38: 1902, 9, 1
0 51 46: 1257, 22, 2
0 51 46: 1902, 0, 3
0 51 47: 1257, 22, 1
0 51 53: 1247, 22, 3
0 51 61: 1261, 22, 2
0 51 62: 1278, 10, 1
0 52 2: 1258, 22, 2
0 52 2: 1904, 3, 1
0 52 3: 1258, 22, 3
0 52 3: 1902, 0, 2
0 52 4: 1156, 10, 2
0 52 4: 1902, 0, 2
0 52 5: 1258, 22, 0
0 52 5: 1828, 5, 2
0 52 5: 1902, 0, 2
0 52 6: 1156, 10, 2
0 52 6: 1257, 22, 1
0 52 6: 1902, 0, 2
0 52 9: 994, 0, 2
0 52 10: 1156, 10, 2
0 52 13: 1261, 22, 2
0 52 14: 1902, 0, 1
0 52 15: 347, 10, 3
0 52 16: 1848, 4, 0
0 52 17: 1106, 10, 2
0 52 18: 1848, 4, 0
0 52 19: 1106, 10, 2
0 52 20: 196, 4, 0
0 52 21: 1106, 10, 2
0 52 22: 196, 4, 0
0 52 23: 1520, 0, 3
0 52 24: 1517, 0, 1
0 52 25: 1106, 10, 2
0 52 26: 196, 4, 0
0 52 26: 1247, 22, 0
0 52 28: 196, 4, 0
0 52 29: 934, 22, 3
0 52 30: 935, 22, 3
0 52 31: 935, 22, 3
0 52 32: 202, 10, 2
0 52 32: 934, 22, 0
0 52 33: 1258, 22, 1
0 52 33: 1902, 0, 3
0 52 36: 1902, 1, 1
0 52 37: 1902, 9, 1
0 52 39: 1902, 9, 3
0 52 40: 1257, 22, 3
0 52 40: 1902, 0, 0
0 52 41: 1257, 22, 2
0 52 41: 1902, 0, 0
0 52 41: 1938, 5, 0
0 52 42: 1257, 22, 2
0 52 42: 1902, 0, 0
0 52 43: 1257, 22, 1
0 52 43: 1902, 0, 0
0 52 44: 1257, 22, 0
0 52 44: 1902, 0, 0
0 52 45: 1257, 22, 0
0 52 45: 1902, 0, 0
0 52 45: 1938, 5, 0
0 52 46: 1257, 22, 3
0 52 46: 1902, 1, 3
0 52 48: 1341, 10, 1
0 52 50: 1341, 10, 1
0 52 55: 1278, 10, 1
0 52 56: 1247, 22, 3
0 52 59: 1261, 22, 0
0 52 61: 1261, 22, 1
0 53 2: 1257, 22, 0
0 53 2: 1902, 0, 1
0 53 3: 347, 10, 0
0 53 4: 346, 10, 0
0 53 5: 1836, 4, 0
0 53 6: 196, 5, 1
0 53 6: 1902, 0, 1
0 53 10: 994, 0, 3
0 53 14: 1848, 5, 1
0 53 14: 1902, 0, 1
0 53 15: 202, 10, 0
0 53 15: 1848, 4, 3
0 53 21: 1247, 22, 0
0 53 29: 935, 22, 2
0 53 30: 409, 10, 0
0 53 30: 936, 22, 2
0 53 31: 936, 22, 2
0 53 32: 899, 5, 1
0 53 32: 935, 22, 0
0 53 33: 1258, 22, 0
0 53 33: 1902, 0, 3
0 53 35: 1257, 22, 1
0 53 35: 1902, 1, 1
0 53 36: 1902, 9, 1
0 53 38: 1902, 9, 3
0 53 38: 1938, 6, 3
0 53 39: 1257, 22, 1
0 53 39: 1902, 1, 3
0 53 40: 1257, 22, 0
0 53 41: 1257, 22, 0
0 53 43: 1257, 22, 1
0 53 46: 1257, 22, 3
0 53 56: 1248, 22, 0
0 53 57: 1261, 22, 3
0 53 62: 1261, 22, 2
0 54 2: 1258, 22, 1
0 54 2: 1902, 0, 1
0 54 3: 196, 4, 3
0 54 3: 928, 22, 3
0 54 4: 929, 22, 3
0 54 5: 928, 22, 0
0 54 6: 1836, 5, 1
0 54 6: 1902, 0, 1
0 54 7: 1828, 4, 3
0 54 9: 1247, 22, 2
0 54 10: 994, 0, 3
0 54 14: 845, 5, 1
0 54 14: 1902, 0, 1
0 54 15: 347, 10, 3
0 54 28: 2752, 22, 0
0 54 29: 935, 22, 2
0 54 30: 936, 22, 2
0 54 31: 936, 22, 2
0 54 32: 901, 5, 1
0 54 32: 935, 22, 0
0 54 33: 1902, 0, 3
0 54 35: 1902, 0, 1
0 54 37: 1902, 9, 3
0 54 38: 1257, 22, 2
0 54 38: 1902, 1, 3
0 54 39: 1257, 22, 2
0 54 40: 1257, 22, 2
0 54 41: 1257, 22, 1
0 54 45: 1341, 10, 0
0 54 47: 1341, 10, 1
0 54 49: 1264, 22, 2
0 54 53: 1261, 22, 1
0 54 62: 1276, 10, 1
0 55 2: 1257, 22, 2
0 55 2: 1828, 5, 1
0 55 2: 1902, 0, 1
0 55 3: 928, 22, 2
0 55 3: 1836, 4, 3
0 55 4: 929, 22, 1
0 55 5: 928, 22, 1
0 55 6: 1533, 0, 1
0 55 9: 1088, 10, 3
0 55 10: 994, 0, 3
0 55 10: 1156, 10, 2
0 55 12: 1257, 22, 2
0 55 13: 1257, 22, 3
0 55 15: 1517, 0, 0
0 55 29: 934, 22, 2
0 55 30: 935, 22, 1
0 55 31: 935, 22, 1
0 55 32: 202, 10, 2
0 55 32: 934, 22, 1
0 55 33: 1258, 22, 3
0 55 33: 1902, 0, 3
0 55 34: 1257, 22, 1
0 55 35: 1257, 22, 2
0 55 35: 1902, 0, 1
0 55 37: 1257, 22, 3
0 55 37: 1902, 0, 3
0 55 38: 1257, 22, 1
0 55 39: 1257, 22, 3
0 55 40: 1257, 22, 2
0 55 43: 1298, 10, 3
0 55 52: 1278, 10, 2
0 55 53: 1248, 22, 1
0 55 56: 1278, 10, 1
0 55 58: 1261, 22, 0
0 55 61: 1261, 22, 3
0 56 2: 1257, 22, 2
0 56 2: 1902, 0, 1
0 56 3: 418, 10, 1
0 56 6: 1836, 5, 1
0 56 6: 1902, 0, 1
0 56 7: 1828, 4, 3
0 56 9: 598, 10, 1
0 56 10: 994, 0, 3
0 56 12: 1257, 22, 0
0 56 13: 1257, 22, 2
0 56 15: 1520, 0, 2
0 56 17: 1106, 10, 2
0 56 19: 1106, 10, 2
0 56 21: 1106, 10, 2
0 56 23: 1106, 10, 2
0 56 25: 1106, 10, 2
0 56 27: 604, 10, 3
0 56 28: 196, 5, 1
0 56 28: 1902, 0, 1
0 56 29: 1102, 10, 0
0 56 29: 1902, 0, 0
0 56 30: 1902, 0, 0
0 56 31: 375, 10, 1
0 56 31: 1902, 0, 0
0 56 32: 375, 10, 1
0 56 32: 1902, 0, 0
0 56 33: 1257, 22, 3
0 56 33: 1902, 0, 3
0 56 34: 1257, 22, 0
0 56 35: 1257, 22, 2
0 56 35: 1902, 0, 1
0 56 37: 1258, 22, 1
0 56 37: 1902, 0, 3
0 56 38: 1257, 22, 1
0 56 39: 1257, 22, 1
0 56 49: 1341, 10, 1
0 56 52: 1265, 22, 1
0 56 53: 1247, 22, 1
0 56 57: 1265, 22, 0
0 57 2: 1902, 0, 1
0 57 4: 196, 4, 2
0 57 4: 604, 10, 2
0 57 5: 381, 10, 2
0 57 6: 196, 5, 1
0 57 6: 1246, 22, 1
0 57 6: 1902, 0, 1
0 57 8: 1246, 22, 0
0 57 9: 1088, 10, 1
0 57 9: 1246, 22, 1
0 57 10: 994, 0, 3
0 57 11: 1257, 22, 2
0 57 12: 1257, 22, 3
0 57 13: 1257, 22, 1
0 57 14: 845, 5, 1
0 57 14: 1258, 22, 2
0 57 14: 1902, 0, 1
0 57 15: 346, 10, 3
0 57 17: 1247, 22, 3
0 57 28: 1902, 0, 1
0 57 31: 1247, 22, 3
0 57 33: 1258, 22, 2
0 57 33: 1902, 0, 3
0 57 34: 1257, 22, 3
0 57 35: 1257, 22, 1
0 57 35: 1902, 0, 1
0 57 37: 1257, 22, 3
0 57 37: 1902, 0, 3
0 57 37: 1938, 5, 3
0 57 38: 1258, 22, 0
0 57 39: 1257, 22, 0
0 57 44: 1341, 10, 3
0 57 56: 1261, 22, 3
0 57 62: 1261, 22, 1
0 58 2: 1904, 3, 0
0 58 3: 1902, 0, 0
0 58 4: 1156, 10, 2
0 58 4: 1246, 22, 0
0 58 4: 1902, 0, 0
0 58 5: 1258, 22, 0
0 58 5: 1828, 5, 0
0 58 5: 1902, 0, 0
0 58 6: 1156, 10, 2
0 58 6: 1257, 22, 1
0 58 6: 1902, 0, 0
0 58 7: 994, 0, 0
0 58 7: 1257, 22, 1
0 58 8: 994, 0, 0
0 58 8: 1156, 10, 2
0 58 8: 1258, 22, 3
0 58 9: 994, 0, 0
0 58 9: 1257, 22, 2
0 58 10: 1156, 10, 2
0 58 12: 1278, 10, 0
0 58 13: 1257, 22, 2
0 58 14: 1258, 22, 3
0 58 14: 1848, 5, 1
0 58 14: 1902, 0, 1
0 58 15: 202, 10, 0
0 58 15: 1848, 4, 3
0 58 17: 1106, 10, 2
0 58 19: 1106, 10, 2
0 58 21: 1106, 10, 2
0 58 23: 1106, 10, 2
0 58 25: 1106, 10, 2
0 58 28: 1536, 0, 1
0 58 31: 1738, 10, 1
0 58 33: 1257, 22, 1
0 58 33: 1902, 0, 3
0 58 34: 1257, 22, 0
0 58 35: 1257, 22, 3
0 58 35: 1902, 0, 1
0 58 37: 1258, 22, 0
0 58 37: 1902, 0, 3
0 58 38: 1257, 22, 2
0 58 42: 1341, 10, 2
0 58 49: 1264, 22, 0
0 58 53: 1278, 10, 2
0 58 57: 1276, 10, 0
0 58 59: 1261, 22, 1
0 58 61: 1261, 22, 3
0 59 5: 1257, 22, 2
0 59 8: 1257, 22, 3
0 59 11: 1257, 22, 0
0 59 13: 1257, 22, 3
0 59 14: 1258, 22, 0
0 59 14: 1902, 0, 1
0 59 15: 346, 10, 3
0 59 16: 1848, 4, 2
0 59 18: 1848, 4, 2
0 59 20: 196, 4, 2
0 59 21: 1848, 4, 2
0 59 22: 196, 4, 2
0 59 22: 1247, 22, 2
0 59 24: 196, 4, 2
0 59 26: 1102, 10, 3
0 59 26: 1848, 4, 2
0 59 27: 595, 10, 3
0 59 28: 196, 4, 2
0 59 28: 1902, 0, 1
0 59 33: 1257, 22, 0
0 59 33: 1902, 0, 3
0 59 34: 1257, 22, 0
0 59 35: 1258, 22, 1
0 59 35: 1902, 0, 1
0 59 37: 1257, 22, 3
0 59 37: 1902, 0, 3
0 59 38: 1257, 22, 0
0 59 54: 1248, 22, 2
0 59 58: 1248, 22, 3
0 59 59: 1261, 22, 2
0 59 62: 1276, 10, 3
0 60 9: 1257, 22, 3
0 60 10: 1257, 22, 0
0 60 13: 1257, 22, 2
0 60 14: 1258, 22, 2
0 60 14: 1902, 3, 0
0 60 15: 1258, 22, 1
0 60 15: 1902, 0, 0
0 60 16: 1259, 22, 1
0 60 16: 1848, 5, 0
0 60 16: 1902, 0, 0
0 60 17: 1258, 22, 0
0 60 17: 1902, 0, 0
0 60 18: 1258, 22, 2
0 60 18: 1848, 5, 0
0 60 18: 1902, 0, 0
0 60 19: 1260, 22, 0
0 60 19: 1902, 0, 0
0 60 20: 1260, 22, 3
0 60 20: 1902, 0, 0
0 60 21: 1258, 22, 0
0 60 21: 1848, 5, 0
0 60 21: 1902, 0, 0
0 60 22: 1260, 22, 2
0 60 22: 1902, 0, 0
0 60 23: 1258, 22, 1
0 60 23: 1902, 0, 0
0 60 24: 1260, 22, 3
0 60 24: 1902, 0, 0
0 60 25: 1259, 22, 2
0 60 25: 1902, 0, 0
0 60 26: 1260, 22, 3
0 60 26: 1848, 5, 0
0 60 26: 1902, 0, 0
0 60 27: 1259, 22, 2
0 60 27: 1902, 0, 0
0 60 28: 1258, 22, 1
0 60 28: 1902, 0, 0
0 60 29: 1258, 22, 3
0 60 29: 1902, 0, 0
0 60 30: 1260, 22, 1
0 60 30: 1902, 0, 0
0 60 31: 1259, 22, 3
0 60 31: 1902, 0, 0
0 60 32: 1902, 0, 0
0 60 33: 1257, 22, 3
0 60 33: 1902, 3, 3
0 60 34: 1257, 22, 0
0 60 35: 1259, 22, 2
0 60 35: 1902, 0, 1
0 60 37: 1257, 22, 2
0 60 37: 1902, 0, 3
0 60 45: 1341, 10, 0
0 60 49: 1341, 10, 3
0 60 51: 1264, 22, 3
0 60 56: 1261, 22, 0
0 61 9: 1257, 22, 0
0 61 10: 1257, 22, 3
0 61 11: 1257, 22, 1
0 61 13: 1902, 1, 1
0 61 14: 1257, 22, 0
0 61 14: 1902, 0, 2
0 61 15: 1257, 22, 3
0 61 15: 1902, 0, 2
0 61 16: 1259, 22, 0
0 61 16: 1902, 0, 2
0 61 17: 1258, 22, 3
0 61 17: 1902, 0, 2
0 61 18: 1258, 22, 3
0 61 18: 1902, 0, 2
0 61 19: 1258, 22, 3
0 61 19: 1902, 0, 2
0 61 20: 1258, 22, 3
0 61 20: 1902, 0, 2
0 61 21: 1902, 0, 2
0 61 22: 1902, 0, 2
0 61 23: 1259, 22, 3
0 61 23: 1902, 0, 2
0 61 24: 1260, 22, 3
0 61 24: 1902, 0, 2
0 61 25: 1260, 22, 1
0 61 25: 1902, 0, 2
0 61 26: 1260, 22, 1
0 61 26: 1902, 0, 2
0 61 27: 1259, 22, 1
0 61 27: 1902, 0, 2
0 61 28: 1258, 22, 2
0 61 28: 1902, 0, 2
0 61 29: 1260, 22, 2
0 61 29: 1902, 0, 2
0 61 30: 1258, 22, 2
0 61 30: 1902, 0, 2
0 61 31: 1259, 22, 2
0 61 31: 1902, 0, 2
0 61 32: 1902, 0, 2
0 61 33: 1257, 22, 1
0 61 33: 1902, 0, 2
0 61 34: 1257, 22, 2
0 61 34: 1902, 0, 2
0 61 35: 1902, 9, 1
0 61 37: 1902, 0, 3
0 61 37: 1938, 5, 3
0 61 41: 1341, 10, 2
0 61 42: 1298, 10, 1
0 61 47: 1261, 22, 0
0 61 55: 1261, 22, 0
0 61 59: 1261, 22, 2
0 61 62: 1261, 22, 1
0 61 63: 1298, 10, 0
0 62 8: 1257, 22, 1
0 62 9: 1257, 22, 1
0 62 12: 1902, 1, 1
0 62 13: 1902, 9, 1
0 62 36: 1902, 9, 3
0 62 37: 1902, 1, 3
0 62 42: 1298, 10, 0
0 62 45: 1261, 22, 1
0 62 50: 1298, 10, 3
0 62 52: 1265, 22, 0
0 62 54: 1276, 10, 3
0 62 55: 1248, 22, 0
0 63 9: 1257, 22, 1
0 63 11: 1902, 1, 1
0 63 12: 1902, 9, 1
0 63 15: 1902, 9, 3
0 63 16: 1902, 0, 0
0 63 17: 1902, 0, 0
0 63 18: 1902, 0, 0
0 63 19: 1902, 0, 0
0 63 19: 1938, 5, 0
0 63 20: 1902, 0, 0
0 63 21: 1902, 0, 0
0 63 22: 1902, 0, 0
0 63 23: 1902, 0, 0
0 63 23: 1938, 5, 0
0 63 24: 1902, 0, 0
0 63 25: 1902, 0, 0
0 63 26: 1902, 0, 0
0 63 27: 1902, 0, 0
0 63 27: 1938, 5, 0
0 63 28: 1902, 0, 0
0 63 29: 1902, 0, 0
0 63 30: 1902, 0, 0
0 63 31: 1902, 0, 0
0 63 31: 1938, 5, 0
0 63 32: 1902, 0, 0
0 63 33: 1902, 0, 0
0 63 34: 1902, 0, 0
0 63 35: 1902, 0, 0
0 63 35: 1938, 5, 0
0 63 36: 1902, 1, 3
0 63 54: 1247, 22, 0
0 63 57: 1265, 22, 0
1 0 3: 1913, 1, 1
1 0 4: 1913, 0, 2
1 0 5: 1913, 0, 2
1 0 6: 1913, 0, 2
1 0 7: 1913, 0, 2
1 0 8: 1913, 0, 2
1 0 9: 1913, 0, 2
1 0 11: 1913, 3, 1
1 0 12: 1913, 0, 2
1 0 13: 1913, 0, 2
1 0 14: 1912, 9, 3
1 0 14: 1938, 8, 3
1 0 15: 845, 5, 0
1 0 15: 1248, 22, 2
1 0 15: 1912, 0, 0
1 0 16: 1912, 0, 0
1 0 17: 845, 5, 0
1 0 17: 1912, 0, 0
1 0 18: 1912, 9, 0
1 0 18: 1938, 8, 0
1 0 19: 1912, 0, 2
1 0 20: 1912, 0, 2
1 0 21: 1912, 0, 2
1 0 22: 1912, 0, 2
1 0 23: 1912, 0, 2
1 0 23: 1938, 5, 2
1 0 24: 1912, 0, 2
1 0 25: 1912, 0, 2
1 0 26: 1912, 0, 2
1 0 27: 1912, 0, 2
1 0 27: 1938, 5, 2
1 0 28: 1912, 0, 2
1 0 29: 1912, 0, 2
1 0 30: 1912, 0, 2
1 0 31: 1912, 0, 2
1 0 31: 1938, 5, 2
1 0 32: 1912, 0, 2
1 0 33: 1912, 0, 2
1 0 34: 1912, 0, 2
1 0 35: 1912, 0, 2
1 0 35: 1938, 5, 2
1 0 36: 1912, 0, 2
1 0 37: 1912, 0, 2
1 0 38: 1912, 0, 2
1 0 39: 196, 6, 3
1 0 39: 1912, 9, 3
1 0 40: 1107, 5, 0
1 0 40: 1912, 0, 0
1 0 41: 1247, 22, 0
1 0 41: 1912, 0, 0
1 0 42: 1107, 5, 0
1 0 42: 1912, 0, 0
1 0 43: 196, 6, 0
1 0 43: 1912, 9, 0
1 0 49: 1651, 1, 0
1 0 50: 1651, 9, 0
1 0 52: 1913, 0, 3
1 1 2: 1913, 1, 1
1 1 3: 1913, 9, 1
1 1 11: 1913, 0, 1
1 1 13: 1912, 9, 3
1 1 14: 1912, 1, 3
1 1 15: 823, 10, 3
1 1 16: 687, 22, 1
1 1 17: 823, 10, 3
1 1 18: 196, 4, 1
1 1 19: 1248, 22, 2
1 1 19: 1912, 0, 3
1 1 20: 196, 4, 0
1 1 20: 365, 10, 0
1 1 21: 422, 10, 3
1 1 22: 196, 4, 0
1 1 22: 422, 10, 3
1 1 23: 358, 10, 2
1 1 23: 1938, 4, 0
1 1 24: 1710, 10, 2
1 1 25: 356, 10, 1
1 1 26: 422, 10, 3
1 1 27: 604, 10, 1
1 1 27: 1938, 4, 0
1 1 28: 1710, 10, 2
1 1 29: 196, 4, 0
1 1 29: 365, 10, 1
1 1 30: 422, 10, 3
1 1 31: 357, 10, 0
1 1 31: 1938, 4, 0
1 1 32: 422, 10, 3
1 1 33: 362, 10, 3
1 1 33: 1912, 0, 1
1 1 34: 420, 10, 3
1 1 35: 604, 10, 1
1 1 36: 420, 10, 3
1 1 37: 196, 4, 0
1 1 37: 604, 10, 0
1 1 37: 1248, 22, 1
1 1 38: 420, 10, 3
1 1 41: 994, 0, 2
1 1 42: 994, 0, 2
1 1 43: 1912, 1, 0
1 1 44: 1912, 9, 0
1 1 50: 1651, 0, 1
1 1 52: 1913, 0, 3
1 2 1: 1913, 1, 1
1 2 2: 1913, 9, 1
1 2 4: 1651, 9, 3
1 2 5: 1651, 0, 0
1 2 6: 1651, 0, 0
1 2 7: 1651, 0, 0
1 2 8: 1651, 0, 0
1 2 9: 1651, 0, 0
1 2 11: 196, 6, 3
1 2 11: 1912, 9, 3
1 2 12: 1912, 0, 0
1 2 13: 997, 9, 2
1 2 13: 1248, 22, 3
1 2 13: 1912, 1, 3
1 2 17: 686, 22, 3
1 2 19: 1530, 0, 3
1 2 25: 1248, 22, 3
1 2 29: 686, 22, 1
1 2 31: 362, 10, 2
1 2 33: 1912, 0, 1
1 2 40: 994, 0, 1
1 2 41: 1739, 10, 0
1 2 43: 994, 0, 3
1 2 44: 1107, 5, 1
1 2 44: 1912, 0, 1
1 2 50: 1651, 0, 1
1 2 52: 1913, 0, 3
1 3 1: 1913, 0, 1
1 3 3: 1651, 9, 3
1 3 4: 1651, 1, 3
1 3 11: 1248, 22, 0
1 3 11: 1912, 0, 3
1 3 12: 829, 10, 1
1 3 14: 997, 0, 3
1 3 18: 196, 4, 1
1 3 19: 1912, 0, 3
1 3 21: 688, 22, 3
1 3 23: 196, 4, 2
1 3 24: 1710, 10, 2
1 3 27: 196, 4, 2
1 3 28: 1710, 10, 2
1 3 31: 196, 4, 2
1 3 33: 1248, 22, 0
1 3 33: 1912, 0, 1
1 3 34: 346, 10, 3
1 3 36: 934, 22, 3
1 3 37: 935, 22, 3
1 3 38: 935, 22, 3
1 3 39: 934, 22, 0
1 3 43: 994, 0, 3
1 3 44: 1912, 0, 1
1 3 44: 1938, 5, 1
1 3 45: 1938, 4, 3
1 3 50: 1651, 0, 1
1 3 52: 1913, 0, 3
1 4 1: 1913, 0, 1
1 4 3: 1651, 0, 3
1 4 10: 1938, 4, 1
1 4 11: 1912, 0, 3
1 4 11: 1938, 5, 3
1 4 14: 997, 0, 3
1 4 15: 2744, 22, 0
1 4 18: 835, 10, 1
1 4 19: 1912, 2, 3
1 4 20: 1912, 0, 0
1 4 21: 196, 5, 0
1 4 21: 1248, 22, 3
1 4 21: 1912, 0, 0
1 4 22: 820, 10, 3
1 4 22: 1912, 0, 0
1 4 23: 899, 5, 0
1 4 23: 1912, 0, 0
1 4 24: 901, 5, 0
1 4 24: 1912, 0, 0
1 4 25: 820, 10, 3
1 4 25: 1912, 0, 0
1 4 26: 196, 5, 0
1 4 26: 1912, 0, 0
1 4 27: 820, 10, 3
1 4 27: 1912, 0, 0
1 4 28: 899, 5, 0
1 4 28: 1912, 0, 0
1 4 29: 901, 5, 0
1 4 29: 1912, 0, 0
1 4 30: 820, 10, 3
1 4 30: 1912, 0, 0
1 4 31: 196, 5, 0
1 4 31: 1912, 0, 0
1 4 32: 1530, 0, 0
1 4 33: 1912, 2, 0
1 4 34: 420, 10, 1
1 4 36: 935, 22, 2
1 4 37: 936, 22, 2
1 4 38: 936, 22, 2
1 4 39: 935, 22, 0
1 4 42: 994, 0, 0
1 4 44: 1107, 5, 1
1 4 44: 1248, 22, 3
1 4 44: 1912, 0, 1
1 4 50: 1651, 0, 1
1 4 52: 1913, 0, 3
1 5 1: 1913, 0, 1
1 5 3: 1651, 0, 3
1 5 11: 845, 5, 3
1 5 11: 1912, 0, 3
1 5 14: 997, 0, 3
1 5 19: 934, 22, 3
1 5 19: 1912, 0, 3
1 5 20: 935, 22, 3
1 5 21: 935, 22, 3
1 5 22: 934, 22, 0
1 5 33: 1912, 0, 1
1 5 36: 934, 22, 2
1 5 37: 935, 22, 1
1 5 38: 935, 22, 1
1 5 39: 934, 22, 1
1 5 43: 1912, 1, 1
1 5 44: 1912, 9, 1
1 5 50: 1651, 0, 1
1 5 52: 1913, 0, 3
1 6 1: 1913, 0, 1
1 6 3: 1651, 0, 3
1 6 11: 196, 5, 3
1 6 11: 1912, 0, 3
1 6 14: 1912, 3, 3
1 6 15: 838, 10, 2
1 6 18: 604, 10, 2
1 6 19: 935, 22, 2
1 6 19: 1912, 0, 3
1 6 20: 936, 22, 0
1 6 21: 936, 22, 0
1 6 22: 935, 22, 0
1 6 27: 1248, 22, 2
1 6 33: 1912, 0, 1
1 6 34: 196, 5, 2
1 6 34: 1912, 0, 2
1 6 35: 650, 5, 2
1 6 35: 1912, 0, 2
1 6 36: 1912, 0, 2
1 6 37: 196, 5, 2
1 6 37: 1912, 0, 2
1 6 38: 1107, 5, 2
1 6 38: 1912, 0, 2
1 6 39: 1107, 5, 2
1 6 39: 1912, 0, 2
1 6 40: 196, 5, 2
1 6 40: 1912, 0, 2
1 6 41: 1912, 0, 2
1 6 42: 1912, 0, 2
1 6 43: 196, 6, 1
1 6 43: 1912, 9, 1
1 6 50: 1651, 0, 1
1 6 52: 1913, 0, 3
1 7 1: 1913, 0, 1
1 7 3: 1651, 0, 3
1 7 10: 1938, 4, 1
1 7 11: 1912, 0, 3
1 7 11: 1938, 5, 3
1 7 14: 1247, 22, 1
1 7 14: 1912, 2, 3
1 7 15: 1912, 0, 0
1 7 16: 196, 5, 0
1 7 16: 1912, 0, 0
1 7 17: 1530, 0, 0
1 7 18: 196, 5, 0
1 7 18: 1912, 0, 0
1 7 19: 934, 22, 2
1 7 19: 1912, 3, 3
1 7 20: 935, 22, 1
1 7 21: 935, 22, 1
1 7 22: 934, 22, 1
1 7 23: 1831, 4, 2
1 7 24: 196, 4, 2
1 7 27: 196, 4, 2
1 7 28: 1831, 4, 2
1 7 35: 1912, 0, 1
1 7 41: 1912, 9, 2
1 7 42: 1912, 1, 2
1 7 50: 1651, 0, 1
1 7 52: 1913, 0, 3
1 8 1: 1913, 0, 1
1 8 3: 1651, 0, 3
1 8 10: 845, 4, 1
1 8 11: 845, 5, 3
1 8 11: 1912, 0, 3
1 8 13: 845, 4, 1
1 8 14: 1912, 0, 3
1 8 22: 1912, 9, 3
1 8 23: 1828, 5, 0
1 8 23: 1912, 0, 0
1 8 24: 1912, 0, 0
1 8 25: 1912, 0, 0
1 8 26: 1912, 0, 0
1 8 27: 1912, 0, 0
1 8 28: 1828, 5, 0
1 8 28: 1912, 0, 0
1 8 29: 1912, 0, 0
1 8 30: 1912, 2, 0
1 8 31: 196, 4, 3
1 8 32: 934, 22, 3
1 8 33: 935, 22, 3
1 8 34: 934, 22, 0
1 8 35: 1912, 0, 1
1 8 36: 196, 4, 3
1 8 36: 1247, 22, 2
1 8 38: 409, 10, 3
1 8 38: 2752, 22, 0
1 8 41: 196, 4, 1
1 8 42: 1912, 0, 3
1 8 50: 1651, 0, 1
1 8 52: 1913, 0, 3
1 9 1: 1913, 0, 1
1 9 3: 1651, 0, 3
1 9 11: 196, 5, 3
1 9 11: 1912, 0, 3
1 9 13: 196, 4, 1
1 9 14: 1912, 0, 3
1 9 21: 1912, 9, 3
1 9 22: 1912, 1, 3
1 9 30: 1912, 0, 1
1 9 32: 935, 22, 2
1 9 33: 936, 22, 0
1 9 34: 935, 22, 0
1 9 35: 1846, 5, 1
1 9 35: 1912, 0, 1
1 9 36: 1846, 4, 3
1 9 41: 1248, 22, 2
1 9 41: 1846, 4, 1
1 9 42: 1846, 5, 3
1 9 42: 1912, 0, 3
1 9 50: 1651, 0, 1
1 9 52: 1913, 0, 3
1 10 1: 1913, 0, 1
1 10 2: 868, 10, 0
1 10 3: 1651, 0, 3
1 10 10: 1938, 4, 1
1 10 11: 1912, 0, 3
1 10 11: 1938, 5, 3
1 10 13: 1248, 22, 1
1 10 14: 1912, 0, 3
1 10 16: 994, 0, 2
1 10 17: 994, 0, 2
1 10 18: 994, 0, 2
1 10 19: 994, 0, 2
1 10 20: 1831, 4, 1
1 10 21: 1828, 5, 3
1 10 21: 1912, 0, 3
1 10 30: 1828, 5, 1
1 10 30: 1912, 0, 1
1 10 31: 1831, 4, 3
1 10 32: 935, 22, 2
1 10 33: 936, 22, 0
1 10 34: 935, 22, 0
1 10 35: 1912, 0, 1
1 10 36: 1106, 10, 1
1 10 38: 934, 22, 3
1 10 39: 934, 22, 0
1 10 40: 1106, 10, 1
1 10 42: 1912, 0, 3
1 10 50: 1651, 0, 1
1 10 52: 1913, 0, 3
1 11 1: 1913, 0, 1
1 11 3: 1651, 0, 3
1 11 10: 845, 4, 1
1 11 11: 1912, 2, 3
1 11 12: 1530, 0, 0
1 11 13: 1912, 0, 0
1 11 14: 1912, 3, 3
1 11 16: 994, 0, 3
1 11 19: 994, 0, 1
1 11 20: 845, 4, 1
1 11 21: 1912, 0, 3
1 11 30: 1912, 0, 1
1 11 32: 934, 22, 2
1 11 33: 935, 22, 1
1 11 34: 934, 22, 1
1 11 35: 1846, 5, 1
1 11 35: 1912, 0, 1
1 11 36: 1846, 4, 3
1 11 38: 935, 22, 2
1 11 39: 935, 22, 0
1 11 41: 1846, 4, 1
1 11 42: 1846, 5, 3
1 11 42: 1912, 0, 3
1 11 50: 1651, 0, 1
1 11 52: 1913, 0, 3
1 12 1: 1913, 3, 0
1 12 2: 1913, 0, 0
1 12 3: 1651, 1, 3
1 12 11: 1912, 0, 3
1 12 16: 994, 0, 3
1 12 18: 1723, 10, 0
1 12 20: 899, 4, 1
1 12 21: 1912, 0, 3
1 12 26: 1327, 10, 0
1 12 30: 1912, 0, 1
1 12 31: 196, 4, 3
1 12 31: 1912, 0, 2
1 12 32: 1912, 0, 2
1 12 33: 196, 5, 2
1 12 33: 1912, 0, 2
1 12 35: 1912, 0, 1
1 12 36: 1106, 10, 1
1 12 38: 935, 22, 2
1 12 39: 935, 22, 0
1 12 40: 1106, 10, 1
1 12 42: 1912, 0, 3
1 12 50: 1651, 0, 1
1 12 52: 1913, 0, 3
1 13 1: 1913, 3, 1
1 13 2: 1913, 0, 2
1 13 3: 1651, 1, 2
1 13 11: 196, 5, 3
1 13 11: 1912, 0, 3
1 13 12: 934, 22, 3
1 13 13: 935, 22, 3
1 13 14: 934, 22, 0
1 13 16: 994, 0, 3
1 13 20: 901, 4, 1
1 13 21: 1912, 0, 3
1 13 30: 1912, 0, 1
1 13 31: 420, 10, 3
1 13 32: 604, 10, 3
1 13 33: 1247, 22, 3
1 13 33: 1912, 0, 1
1 13 35: 1846, 5, 1
1 13 35: 1912, 0, 1
1 13 36: 1846, 4, 3
1 13 38: 934, 22, 2
1 13 39: 934, 22, 1
1 13 41: 1846, 4, 1
1 13 42: 1846, 5, 3
1 13 42: 1912, 0, 3
1 13 50: 1651, 0, 1
1 13 52: 1913, 0, 3
1 14 1: 1913, 0, 1
1 14 3: 1651, 0, 3
1 14 10: 845, 4, 1
1 14 11: 820, 10, 2
1 14 11: 1912, 0, 3
1 14 12: 935, 22, 2
1 14 13: 603, 10, 2
1 14 13: 936, 22, 2
1 14 14: 935, 22, 0
1 14 16: 994, 0, 3
1 14 19: 994, 0, 1
1 14 20: 845, 4, 1
1 14 21: 1912, 0, 3
1 14 30: 1912, 0, 1
1 14 33: 1912, 0, 1
1 14 35: 1912, 0, 1
1 14 36: 196, 4, 3
1 14 41: 196, 4, 1
1 14 41: 1248, 22, 3
1 14 42: 1912, 0, 3
1 14 50: 1651, 0, 1
1 14 52: 1913, 0, 3
1 15 1: 1913, 0, 1
1 15 2: 868, 10, 0
1 15 3: 1651, 0, 3
1 15 10: 1938, 4, 1
1 15 11: 1912, 0, 3
1 15 11: 1938, 5, 3
1 15 12: 935, 22, 2
1 15 13: 936, 22, 2
1 15 14: 935, 22, 0
1 15 16: 994, 0, 0
1 15 17: 994, 0, 0
1 15 18: 994, 0, 0
1 15 19: 994, 0, 0
1 15 20: 1831, 4, 1
1 15 21: 1828, 5, 3
1 15 21: 1912, 0, 3
1 15 30: 1828, 5, 1
1 15 30: 1912, 0, 1
1 15 31: 1831, 4, 3
1 15 33: 1912, 0, 1
1 15 34: 196, 4, 3
1 15 35: 1912, 3, 0
1 15 36: 1248, 22, 0
1 15 36: 1912, 0, 0
1 15 37: 196, 5, 0
1 15 37: 1912, 0, 0
1 15 38: 1516, 0, 0
1 15 39: 1519, 0, 0
1 15 40: 196, 5, 0
1 15 40: 1912, 0, 0
1 15 41: 1912, 0, 0
1 15 42: 1912, 0, 3
1 15 50: 1651, 0, 1
1 15 52: 1913, 0, 3
1 16 1: 1913, 0, 1
1 16 3: 1651, 0, 3
1 16 11: 820, 10, 2
1 16 11: 1912, 0, 3
1 16 12: 935, 22, 2
1 16 13: 936, 22, 2
1 16 14: 935, 22, 0
1 16 21: 1912, 9, 2
1 16 22: 1912, 1, 2
1 16 30: 1912, 0, 1
1 16 31: 350, 10, 3
1 16 33: 1530, 0, 1
1 16 36: 687, 22, 1
1 16 41: 196, 4, 1
1 16 41: 1248, 22, 0
1 16 42: 1912, 0, 3
1 16 50: 1651, 0, 1
1 16 52: 1913, 0, 3
1 17 1: 1913, 0, 1
1 17 3: 1651, 0, 3
1 17 10: 845, 4, 1
1 17 11: 196, 5, 3
1 17 11: 1912, 0, 3
1 17 12: 934, 22, 2
1 17 13: 935, 22, 1
1 17 14: 934, 22, 1
1 17 19: 1247, 22, 0
1 17 22: 1912, 9, 2
1 17 23: 1828, 5, 2
1 17 23: 1912, 0, 2
1 17 24: 1912, 0, 2
1 17 25: 1912, 0, 2
1 17 26: 1912, 0, 2
1 17 27: 1912, 0, 2
1 17 28: 1828, 5, 2
1 17 28: 1912, 0, 2
1 17 29: 1912, 0, 2
1 17 30: 1912, 2, 1
1 17 31: 1912, 0, 2
1 17 32: 1912, 0, 2
1 17 33: 1912, 2, 1
1 17 34: 196, 4, 3
1 17 34: 1912, 0, 2
1 17 35: 1912, 3, 2
1 17 42: 1912, 0, 3
1 17 50: 1651, 0, 1
1 17 52: 1913, 0, 3
1 18 1: 1913, 0, 1
1 18 3: 1651, 0, 3
1 18 10: 1938, 4, 1
1 18 11: 1912, 0, 3
1 18 11: 1938, 5, 3
1 18 15: 845, 4, 2
1 18 17: 845, 4, 2
1 18 23: 1831, 4, 0
1 18 25: 820, 10, 3
1 18 28: 1831, 4, 0
1 18 31: 820, 10, 3
1 18 35: 1912, 0, 3
1 18 39: 994, 0, 1
1 18 40: 994, 0, 0
1 18 41: 994, 0, 0
1 18 41: 1938, 4, 1
1 18 42: 1912, 0, 3
1 18 42: 1938, 5, 3
1 18 50: 1651, 0, 1
1 18 52: 1913, 0, 3
1 19 1: 1913, 0, 1
1 19 3: 1651, 0, 3
1 19 11: 1912, 0, 3
1 19 12: 565, 10, 1
1 19 14: 196, 8, 3
1 19 14: 1912, 9, 3
1 19 15: 820, 10, 3
1 19 15: 1912, 0, 0
1 19 16: 1536, 0, 0
1 19 17: 820, 10, 3
1 19 17: 1912, 0, 0
1 19 18: 196, 8, 0
1 19 18: 1912, 9, 0
1 19 20: 565, 10, 1
1 19 35: 1912, 0, 3
1 19 37: 1248, 22, 0
1 19 38: 686, 22, 1
1 19 39: 994, 0, 1
1 19 40: 1740, 10, 0
1 19 41: 994, 0, 2
1 19 42: 1912, 0, 3
1 19 50: 1651, 0, 1
1 19 52: 1913, 0, 3
1 20 1: 1913, 0, 1
1 20 3: 1651, 0, 3
1 20 11: 871, 10, 0
1 20 11: 1912, 2, 3
1 20 12: 1912, 0, 0
1 20 13: 1912, 0, 0
1 20 14: 690, 10, 1
1 20 14: 1912, 1, 3
1 20 16: 1248, 22, 0
1 20 18: 1912, 1, 0
1 20 19: 1912, 0, 0
1 20 20: 1912, 0, 0
1 20 21: 1912, 0, 0
1 20 22: 845, 4, 1
1 20 22: 1912, 0, 0
1 20 23: 1668, 5, 3
1 20 23: 1912, 2, 3
1 20 24: 994, 0, 0
1 20 25: 994, 0, 0
1 20 26: 994, 0, 0
1 20 27: 994, 0, 0
1 20 28: 994, 0, 0
1 20 29: 994, 0, 0
1 20 30: 994, 0, 0
1 20 31: 994, 0, 0
1 20 32: 994, 0, 0
1 20 33: 994, 0, 0
1 20 34: 1668, 4, 1
1 20 34: 1912, 0, 0
1 20 35: 196, 4, 2
1 20 35: 1912, 0, 3
1 20 37: 196, 4, 2
1 20 42: 1912, 0, 3
1 20 50: 1651, 0, 1
1 20 52: 1913, 0, 3
1 21 1: 1913, 0, 1
1 21 3: 1651, 0, 3
1 21 10: 1938, 4, 1
1 21 11: 1912, 0, 3
1 21 11: 1938, 5, 3
1 21 12: 875, 10, 1
1 21 13: 592, 10, 3
1 21 13: 934, 22, 3
1 21 14: 934, 22, 0
1 21 15: 934, 22, 3
1 21 16: 935, 22, 3
1 21 17: 935, 22, 3
1 21 18: 935, 22, 3
1 21 19: 934, 22, 0
1 21 20: 428, 10, 0
1 21 23: 1668, 5, 3
1 21 23: 1912, 0, 3
1 21 34: 1668, 4, 1
1 21 35: 1912, 2, 3
1 21 36: 1248, 22, 2
1 21 36: 1530, 0, 0
1 21 37: 1912, 0, 0
1 21 38: 1912, 2, 0
1 21 39: 1912, 0, 0
1 21 40: 1530, 0, 0
1 21 41: 1912, 0, 0
1 21 42: 1912, 0, 3
1 21 50: 1651, 0, 1
1 21 52: 1913, 0, 3
1 22 1: 1913, 0, 1
1 22 3: 1651, 9, 2
1 22 4: 1651, 1, 2
1 22 11: 1912, 0, 3
1 22 13: 935, 22, 2
1 22 14: 935, 22, 0
1 22 15: 935, 22, 2
1 22 16: 936, 22, 3
1 22 17: 936, 22, 3
1 22 18: 936, 22, 3
1 22 19: 935, 22, 0
1 22 23: 1668, 5, 3
1 22 23: 1912, 0, 3
1 22 34: 1668, 4, 1
1 22 35: 1912, 0, 3
1 22 37: 1248, 22, 1
1 22 38: 1912, 0, 1
1 22 39: 1247, 22, 1
1 22 41: 1247, 22, 0
1 22 41: 1938, 4, 1
1 22 42: 1912, 0, 3
1 22 42: 1938, 5, 3
1 22 50: 1651, 0, 1
1 22 52: 1913, 0, 3
1 23 1: 1913, 1, 0
1 23 2: 1913, 9, 0
1 23 4: 1651, 9, 2
1 23 5: 1651, 0, 2
1 23 6: 1651, 0, 2
1 23 7: 1651, 0, 2
1 23 8: 1651, 0, 2
1 23 9: 1651, 1, 2
1 23 11: 196, 6, 2
1 23 11: 1651, 0, 2
1 23 11: 1912, 9, 2
1 23 12: 1912, 0, 2
1 23 13: 934, 22, 2
1 23 13: 1912, 1, 2
1 23 14: 689, 10, 1
1 23 14: 934, 22, 1
1 23 15: 690, 10, 1
1 23 15: 934, 22, 2
1 23 16: 935, 22, 1
1 23 17: 935, 22, 1
1 23 18: 935, 22, 1
1 23 19: 934, 22, 1
1 23 23: 1668, 5, 3
1 23 23: 1912, 0, 3
1 23 34: 1668, 4, 1
1 23 35: 1248, 22, 3
1 23 35: 1912, 0, 3
1 23 36: 420, 10, 1
1 23 38: 1248, 22, 1
1 23 38: 1912, 0, 1
1 23 40: 420, 10, 1
1 23 41: 1248, 22, 3
1 23 42: 1912, 0, 3
1 23 50: 1651, 0, 1
1 23 52: 1913, 0, 3
1 24 2: 1913, 1, 0
1 24 3: 1913, 9, 0
1 24 9: 1913, 0, 3
1 24 10: 1913, 0, 1
1 24 13: 1912, 9, 2
1 24 14: 1912, 1, 2
1 24 18: 1912, 1, 1
1 24 19: 1912, 0, 2
1 24 20: 1912, 0, 2
1 24 21: 1912, 0, 2
1 24 21: 1938, 5, 2
1 24 22: 845, 4, 1
1 24 22: 1912, 0, 2
1 24 23: 1668, 5, 3
1 24 23: 1912, 0, 3
1 24 34: 1668, 4, 1
1 24 35: 1912, 0, 3
1 24 37: 348, 10, 2
1 24 37: 1938, 4, 2
1 24 38: 174, 22, 0
1 24 38: 1912, 0, 1
1 24 39: 348, 10, 2
1 24 41: 604, 10, 2
1 24 42: 1912, 0, 3
1 24 50: 1651, 0, 1
1 24 52: 1913, 0, 3
1 25 3: 1913, 1, 0
1 25 4: 1913, 0, 0
1 25 5: 1913, 0, 0
1 25 6: 1913, 0, 0
1 25 7: 1913, 0, 0
1 25 8: 1913, 0, 0
1 25 9: 1913, 3, 3
1 25 10: 1913, 3, 0
1 25 11: 1913, 0, 0
1 25 12: 1913, 0, 0
1 25 13: 1913, 0, 0
1 25 14: 1912, 9, 2
1 25 15: 845, 5, 2
1 25 15: 1912, 0, 2
1 25 16: 1750, 10, 3
1 25 16: 1912, 0, 2
1 25 17: 845, 5, 2
1 25 17: 1912, 0, 2
1 25 18: 1912, 9, 1
1 25 21: 1938, 4, 0
1 25 23: 1668, 5, 3
1 25 23: 1912, 0, 3
1 25 34: 1668, 4, 1
1 25 35: 1912, 2, 3
1 25 36: 1912, 0, 0
1 25 37: 1912, 0, 0
1 25 37: 1938, 5, 0
1 25 38: 1912, 0, 0
1 25 39: 1912, 0, 0
1 25 40: 1912, 0, 0
1 25 40: 1938, 5, 0
1 25 41: 1912, 0, 0
1 25 42: 1912, 1, 3
1 25 47: 1651, 9, 3
1 25 48: 1651, 9, 0
1 25 50: 1651, 0, 1
1 25 52: 1913, 0, 3
1 26 23: 1668, 5, 3
1 26 23: 1912, 0, 3
1 26 24: 577, 4, 2
1 26 25: 196, 4, 2
1 26 27: 906, 4, 2
1 26 28: 196, 4, 2
1 26 30: 905, 4, 2
1 26 31: 196, 4, 2
1 26 33: 577, 4, 2
1 26 34: 1668, 4, 1
1 26 35: 1912, 0, 3
1 26 46: 1651, 9, 3
1 26 47: 1651, 1, 3
1 26 48: 1651, 1, 0
1 26 49: 1651, 9, 0
1 26 50: 1651, 0, 1
1 26 52: 1913, 0, 3
1 27 23: 1912, 0, 0
1 27 24: 1912, 0, 0
1 27 25: 1912, 0, 0
1 27 26: 1912, 0, 0
1 27 26: 1938, 5, 0
1 27 27: 1912, 0, 0
1 27 28: 1912, 0, 0
1 27 29: 1912, 0, 0
1 27 30: 1912, 0, 0
1 27 30: 1938, 5, 0
1 27 31: 1912, 0, 0
1 27 32: 1912, 0, 0
1 27 33: 1912, 0, 0
1 27 34: 1912, 0, 0
1 27 35: 1912, 3, 3
1 27 45: 1651, 9, 3
1 27 46: 1651, 1, 3
1 27 49: 1651, 1, 0
1 27 50: 1651, 0, 1
1 27 50: 1651, 9, 0
1 27 52: 1913, 0, 3
1 28 44: 1651, 9, 3
1 28 45: 1651, 1, 3
1 28 50: 1913, 1, 0
1 28 51: 1913, 9, 0
1 28 52: 1913, 0, 3
1 29 43: 1651, 9, 3
1 29 44: 1651, 1, 3
1 29 50: 1651, 1, 1
1 29 51: 1651, 9, 1
1 30 42: 1651, 9, 3
1 30 43: 1651, 1, 3
1 30 49: 1651, 1, 1
1 30 50: 1651, 9, 1
1 31 42: 1651, 9, 2
1 31 43: 1651, 1, 2
1 31 48: 1651, 1, 1
1 31 49: 1651, 9, 1
1 32 43: 1651, 9, 2
1 32 44: 1651, 1, 2
1 32 47: 1651, 1, 1
1 32 48: 1651, 9, 1
1 33 0: 1651, 0, 2
1 33 1: 1651, 0, 2
1 33 2: 1651, 0, 2
1 33 3: 1651, 0, 2
1 33 4: 1651, 0, 2
1 33 5: 1651, 0, 2
1 33 6: 1651, 0, 2
1 33 7: 1651, 0, 2
1 33 8: 1651, 1, 2
1 33 11: 1651, 1, 1
1 33 12: 1651, 0, 2
1 33 13: 1651, 0, 2
1 33 14: 1651, 0, 2
1 33 15: 1651, 0, 2
1 33 16: 1651, 0, 2
1 33 17: 1651, 0, 2
1 33 18: 1651, 0, 2
1 33 19: 1651, 0, 2
1 33 20: 1651, 0, 2
1 33 21: 1651, 0, 2
1 33 22: 1651, 0, 2
1 33 23: 1651, 0, 2
1 33 24: 1651, 0, 2
1 33 25: 1651, 0, 2
1 33 26: 1651, 0, 2
1 33 27: 1651, 0, 2
1 33 28: 1651, 0, 2
1 33 29: 1651, 0, 2
1 33 30: 1651, 0, 2
1 33 31: 1651, 0, 2
1 33 32: 1651, 0, 2
1 33 33: 1651, 0, 2
1 33 34: 1651, 0, 2
1 33 35: 1651, 0, 2
1 33 36: 1651, 0, 2
1 33 37: 1651, 0, 2
1 33 38: 1651, 0, 2
1 33 39: 1651, 0, 2
1 33 40: 1651, 0, 2
1 33 41: 1651, 0, 2
1 33 42: 1651, 0, 2
1 33 43: 1651, 0, 2
1 33 44: 1651, 0, 2
1 33 44: 1651, 9, 2
1 33 45: 1651, 1, 2
1 33 46: 1651, 1, 1
1 33 47: 1651, 9, 1
1 34 8: 1913, 0, 3
1 34 11: 1913, 0, 1
1 34 29: 1828, 4, 2
1 34 32: 1828, 4, 2
1 34 45: 1913, 9, 2
1 34 46: 1651, 9, 1
1 35 0: 1913, 0, 0
1 35 1: 1913, 0, 0
1 35 2: 1913, 0, 0
1 35 3: 1913, 0, 0
1 35 4: 1913, 0, 0
1 35 5: 1913, 0, 0
1 35 6: 1913, 0, 0
1 35 7: 1913, 0, 0
1 35 8: 1913, 3, 3
1 35 11: 1913, 3, 0
1 35 12: 1913, 0, 0
1 35 13: 1913, 0, 0
1 35 14: 1913, 0, 0
1 35 15: 1913, 0, 0
1 35 16: 1913, 0, 0
1 35 17: 1913, 0, 0
1 35 18: 1913, 0, 0
1 35 19: 1913, 0, 0
1 35 20: 1913, 0, 0
1 35 21: 1913, 0, 0
1 35 22: 1913, 0, 0
1 35 23: 1913, 0, 0
1 35 24: 1913, 0, 0
1 35 25: 1913, 0, 0
1 35 26: 1917, 10, 0
1 35 27: 196, 5, 0
1 35 27: 1902, 0, 0
1 35 28: 374, 10, 2
1 35 28: 1902, 0, 0
1 35 29: 1831, 5, 0
1 35 29: 1902, 0, 0
1 35 30: 1902, 0, 0
1 35 31: 887, 5, 0
1 35 31: 1902, 0, 0
1 35 32: 1831, 5, 0
1 35 32: 1902, 0, 0
1 35 33: 689, 10, 0
1 35 33: 1902, 0, 0
1 35 34: 196, 5, 0
1 35 34: 1902, 0, 0
1 35 35: 1916, 10, 0
1 35 36: 1913, 0, 0
1 35 37: 1913, 0, 0
1 35 38: 1913, 0, 0
1 35 39: 1913, 0, 0
1 35 40: 1913, 0, 0
1 35 41: 1913, 0, 0
1 35 42: 1913, 0, 0
1 35 43: 1913, 0, 0
1 35 44: 1913, 2, 0
1 35 45: 1913, 0, 0
1 35 46: 1913, 0, 3
1 36 26: 1902, 0, 1
1 36 27: 838, 10, 3
1 36 29: 934, 22, 3
1 36 30: 935, 22, 3
1 36 30: 1102, 10, 1
1 36 31: 935, 22, 3
1 36 31: 1102, 10, 0
1 36 32: 935, 22, 3
1 36 33: 934, 22, 0
1 36 34: 835, 10, 1
1 36 35: 1902, 0, 3
1 36 44: 1651, 0, 1
1 36 46: 1913, 0, 3
1 37 13: 1790, 21, 1
1 37 14: 1790, 18, 2
1 37 15: 1790, 18, 2
1 37 16: 1790, 18, 2
1 37 17: 1790, 18, 2
1 37 18: 1790, 18, 2
1 37 19: 1790, 18, 2
1 37 20: 1790, 18, 2
1 37 21: 1790, 18, 2
1 37 22: 1790, 21, 2
1 37 26: 1902, 0, 1
1 37 29: 935, 22, 2
1 37 29: 1102, 10, 3
1 37 30: 603, 10, 3
1 37 30: 936, 22, 0
1 37 31: 936, 22, 0
1 37 32: 936, 22, 0
1 37 33: 935, 22, 0
1 37 35: 1902, 0, 3
1 37 44: 1651, 0, 1
1 37 45: 868, 10, 2
1 37 46: 1913, 0, 3
1 38 13: 1790, 18, 1
1 38 14: 1642, 16, 1
1 38 15: 1642, 12, 2
1 38 16: 1642, 12, 2
1 38 17: 1642, 12, 2
1 38 18: 1642, 12, 2
1 38 19: 1642, 12, 2
1 38 20: 1642, 12, 2
1 38 21: 1642, 16, 2
1 38 22: 1790, 18, 3
1 38 26: 1828, 5, 1
1 38 26: 1902, 0, 1
1 38 27: 1831, 4, 3
1 38 29: 934, 22, 2
1 38 30: 935, 22, 1
1 38 31: 935, 22, 1
1 38 32: 935, 22, 1
1 38 33: 934, 22, 1
1 38 34: 1831, 4, 1
1 38 35: 1828, 5, 3
1 38 35: 1902, 0, 3
1 38 41: 1793, 21, 1
1 38 42: 1793, 18, 2
1 38 43: 1793, 18, 2
1 38 44: 1651, 0, 1
1 38 44: 1793, 18, 2
1 38 46: 1913, 0, 3
1 39 13: 1790, 18, 1
1 39 14: 1642, 12, 1
1 39 15: 1924, 17, 1
1 39 16: 1924, 17, 1
1 39 17: 1924, 17, 1
1 39 18: 1924, 17, 1
1 39 19: 1924, 17, 1
1 39 20: 1924, 17, 1
1 39 21: 1642, 12, 3
1 39 22: 1790, 18, 3
1 39 26: 1902, 0, 1
1 39 27: 365, 10, 2
1 39 27: 887, 4, 3
1 39 32: 994, 2, 3
1 39 33: 994, 0, 0
1 39 34: 994, 0, 0
1 39 35: 1902, 0, 3
1 39 41: 1793, 18, 1
1 39 42: 1933, 16, 1
1 39 43: 1933, 12, 2
1 39 44: 1933, 12, 2
1 39 45: 1933, 16, 2
1 39 46: 1793, 18, 3
1 40 13: 1790, 18, 1
1 40 14: 1642, 12, 1
1 40 15: 1924, 17, 1
1 40 16: 1924, 17, 1
1 40 17: 1924, 17, 1
1 40 18: 1924, 17, 1
1 40 19: 1924, 17, 1
1 40 20: 1924, 17, 1
1 40 21: 1642, 12, 3
1 40 22: 1790, 18, 3
1 40 26: 1902, 0, 1
1 40 27: 428, 10, 1
1 40 32: 994, 0, 3
1 40 33: 1723, 10, 1
1 40 35: 1902, 0, 3
1 40 41: 1793, 18, 1
1 40 42: 1933, 12, 1
1 40 43: 1933, 17, 2
1 40 44: 1933, 17, 2
1 40 45: 1933, 12, 3
1 40 46: 1793, 18, 3
1 41 13: 1790, 18, 1
1 41 14: 1642, 12, 1
1 41 15: 1924, 17, 1
1 41 16: 1924, 17, 1
1 41 17: 1924, 17, 1
1 41 18: 1924, 17, 1
1 41 19: 1924, 17, 1
1 41 20: 1924, 17, 1
1 41 21: 1642, 12, 3
1 41 22: 1790, 18, 3
1 41 26: 1902, 0, 1
1 41 32: 994, 2, 2
1 41 35: 1902, 0, 3
1 41 41: 1793, 18, 1
1 41 42: 1933, 12, 1
1 41 43: 1933, 17, 2
1 41 44: 1933, 17, 2
1 41 45: 1933, 12, 3
1 41 46: 1793, 18, 3
1 41 48: 1774, 10, 0
1 41 50: 1774, 10, 0
1 42 13: 1790, 18, 1
1 42 14: 1642, 16, 0
1 42 15: 1642, 12, 0
1 42 16: 1642, 12, 0
1 42 17: 1642, 12, 0
1 42 18: 1642, 12, 0
1 42 19: 1642, 12, 0
1 42 20: 1642, 12, 0
1 42 21: 1642, 16, 3
1 42 22: 1790, 18, 3
1 42 26: 1902, 0, 1
1 42 29: 1831, 4, 2
1 42 30: 352, 10, 2
1 42 31: 196, 4, 2
1 42 32: 1831, 4, 2
1 42 34: 196, 4, 2
1 42 35: 1902, 0, 3
1 42 41: 1793, 18, 1
1 42 42: 1933, 16, 0
1 42 43: 1933, 12, 0
1 42 44: 1933, 12, 0
1 42 45: 1933, 16, 3
1 42 46: 1793, 18, 3
1 42 48: 1775, 10, 0
1 42 50: 1775, 10, 2
1 43 13: 1790, 21, 0
1 43 14: 1790, 18, 0
1 43 15: 1790, 18, 0
1 43 16: 1790, 18, 0
1 43 17: 1790, 18, 0
1 43 18: 1790, 18, 0
1 43 19: 1790, 18, 0
1 43 20: 1790, 18, 0
1 43 21: 1790, 18, 0
1 43 22: 1790, 21, 3
1 43 26: 1902, 3, 0
1 43 27: 1159, 5, 0
1 43 27: 1902, 0, 0
1 43 28: 1902, 0, 0
1 43 29: 1828, 5, 0
1 43 29: 1902, 0, 0
1 43 30: 1902, 0, 0
1 43 31: 1902, 0, 0
1 43 32: 1828, 5, 0
1 43 32: 1902, 0, 0
1 43 33: 1902, 0, 0
1 43 34: 1159, 5, 0
1 43 34: 1902, 0, 0
1 43 35: 1902, 3, 3
1 43 41: 1793, 21, 0
1 43 42: 1793, 18, 0
1 43 43: 1793, 18, 0
1 43 44: 1793, 18, 0
1 43 45: 1793, 18, 0
1 43 46: 1793, 21, 3
1 43 48: 1774, 10, 2
1 43 50: 1774, 10, 2
1 48 19: 1793, 21, 1
1 48 20: 1793, 18, 2
1 48 21: 1793, 18, 2
1 48 22: 1793, 18, 2
1 48 25: 1793, 18, 2
1 48 26: 1793, 18, 2
1 48 27: 1793, 18, 2
1 48 28: 1793, 21, 2
1 48 44: 1913, 3, 1
1 48 45: 1913, 0, 2
1 48 46: 1913, 3, 2
1 49 19: 1793, 18, 1
1 49 20: 1933, 16, 1
1 49 21: 1933, 12, 2
1 49 22: 1933, 12, 2
1 49 23: 1933, 15, 1
1 49 24: 1933, 15, 2
1 49 25: 1933, 12, 2
1 49 26: 1933, 12, 2
1 49 27: 1933, 16, 2
1 49 28: 1793, 18, 3
1 49 44: 1913, 0, 1
1 49 46: 1913, 0, 3
1 50 19: 1793, 18, 1
1 50 20: 1933, 12, 1
1 50 21: 1933, 17, 2
1 50 22: 1933, 17, 2
1 50 23: 1933, 17, 2
1 50 24: 1933, 17, 2
1 50 25: 1933, 17, 2
1 50 26: 1933, 17, 2
1 50 27: 1933, 12, 3
1 50 28: 1793, 18, 3
1 50 38: 1651, 1, 1
1 50 39: 1651, 0, 2
1 50 40: 1651, 0, 2
1 50 41: 1651, 0, 2
1 50 42: 1651, 0, 2
1 50 43: 1651, 0, 2
1 50 44: 1913, 2, 1
1 50 45: 868, 10, 2
1 50 46: 1913, 0, 3
1 51 15: 1793, 18, 2
1 51 16: 1793, 18, 2
1 51 17: 1793, 18, 2
1 51 18: 1793, 18, 2
1 51 19: 1793, 20, 1
1 51 20: 1933, 12, 1
1 51 21: 1933, 17, 2
1 51 22: 1933, 17, 2
1 51 23: 1933, 17, 2
1 51 24: 1933, 17, 2
1 51 25: 1933, 17, 2
1 51 26: 1933, 17, 2
1 51 27: 1933, 12, 3
1 51 28: 1793, 20, 2
1 51 29: 1793, 18, 2
1 51 30: 1793, 18, 2
1 51 31: 1793, 18, 2
1 51 32: 1793, 18, 2
1 51 37: 1651, 1, 1
1 51 38: 1651, 9, 1
1 51 46: 1913, 0, 3
1 52 2: 1790, 19, 1
1 52 3: 1790, 18, 2
1 52 4: 1790, 18, 2
1 52 5: 1790, 18, 2
1 52 6: 1790, 18, 2
1 52 7: 1790, 19, 2
1 52 15: 1933, 12, 2
1 52 16: 1933, 12, 2
1 52 17: 1933, 12, 2
1 52 18: 1933, 12, 2
1 52 19: 1933, 12, 2
1 52 20: 1933, 15, 1
1 52 21: 1933, 17, 2
1 52 22: 1933, 17, 2
1 52 23: 1933, 17, 2
1 52 24: 1933, 17, 2
1 52 25: 1933, 17, 2
1 52 26: 1933, 17, 2
1 52 27: 1933, 15, 2
1 52 28: 1933, 12, 2
1 52 29: 1933, 12, 2
1 52 30: 1933, 12, 2
1 52 31: 1933, 12, 2
1 52 32: 1933, 12, 2
1 52 36: 1651, 1, 1
1 52 37: 1651, 9, 1
1 52 39: 1913, 9, 3
1 52 40: 1913, 0, 0
1 52 41: 1913, 0, 0
1 52 42: 1913, 0, 0
1 52 43: 1913, 0, 0
1 52 44: 1913, 0, 0
1 52 45: 1913, 0, 0
1 52 46: 1913, 3, 3
1 53 2: 1790, 18, 1
1 53 3: 1924, 16, 1
1 53 4: 1924, 12, 2
1 53 5: 1924, 12, 2
1 53 6: 1924, 16, 2
1 53 7: 1790, 18, 3
1 53 15: 1902, 0, 2
1 53 15: 1933, 17, 2
1 53 16: 1933, 17, 2
1 53 17: 1933, 17, 2
1 53 18: 1933, 17, 2
1 53 19: 1933, 17, 2
1 53 20: 1933, 17, 2
1 53 21: 1933, 17, 2
1 53 22: 1933, 17, 2
1 53 23: 1933, 17, 2
1 53 24: 1933, 17, 2
1 53 25: 1933, 17, 2
1 53 26: 1933, 17, 2
1 53 27: 1933, 17, 2
1 53 28: 1933, 17, 2
1 53 29: 1933, 17, 2
1 53 30: 1933, 17, 2
1 53 31: 1933, 17, 2
1 53 32: 1933, 17, 2
1 53 35: 1651, 1, 1
1 53 36: 1651, 9, 1
1 53 38: 1913, 9, 3
1 53 39: 1913, 1, 3
1 54 2: 1790, 18, 1
1 54 3: 1924, 12, 1
1 54 4: 1924, 17, 0
1 54 5: 1924, 17, 0
1 54 6: 1924, 12, 3
1 54 7: 1790, 18, 3
1 54 14: 1848, 5, 1
1 54 14: 1902, 0, 1
1 54 15: 934, 22, 3
1 54 15: 1088, 11, 2
1 54 15: 1848, 4, 3
1 54 15: 1902, 0, 0
1 54 16: 845, 5, 0
1 54 16: 935, 22, 3
1 54 16: 1902, 0, 0
1 54 17: 935, 22, 3
1 54 17: 1902, 0, 0
1 54 18: 934, 22, 0
1 54 18: 1088, 11, 3
1 54 18: 1902, 0, 0
1 54 19: 583, 10, 1
1 54 19: 845, 5, 0
1 54 19: 1902, 0, 0
1 54 20: 1902, 0, 0
1 54 21: 1902, 0, 0
1 54 22: 1902, 0, 0
1 54 23: 1902, 0, 0
1 54 24: 1902, 0, 0
1 54 25: 1902, 0, 0
1 54 26: 1902, 0, 0
1 54 27: 1902, 0, 0
1 54 28: 1158, 10, 3
1 54 28: 1902, 0, 0
1 54 29: 1902, 0, 0
1 54 30: 381, 10, 0
1 54 30: 1902, 0, 0
1 54 31: 381, 10, 0
1 54 31: 1902, 0, 0
1 54 32: 1247, 22, 3
1 54 32: 1902, 0, 0
1 54 33: 1902, 0, 3
1 54 35: 1651, 0, 1
1 54 37: 1913, 9, 3
1 54 38: 1913, 1, 3
1 55 2: 1790, 18, 1
1 55 3: 1924, 12, 1
1 55 4: 1924, 17, 0
1 55 5: 1924, 17, 0
1 55 6: 1924, 12, 3
1 55 7: 1790, 18, 3
1 55 14: 1902, 0, 1
1 55 15: 935, 22, 2
1 55 15: 1088, 10, 2
1 55 16: 593, 10, 2
1 55 16: 936, 22, 2
1 55 17: 936, 22, 2
1 55 18: 935, 22, 0
1 55 19: 994, 0, 1
1 55 19: 1248, 22, 3
1 55 20: 994, 0, 2
1 55 21: 994, 0, 2
1 55 22: 994, 0, 2
1 55 23: 994, 0, 2
1 55 24: 994, 0, 2
1 55 25: 994, 0, 2
1 55 26: 994, 0, 2
1 55 27: 994, 0, 2
1 55 28: 994, 0, 3
1 55 32: 1158, 10, 0
1 55 33: 1902, 0, 3
1 55 35: 1651, 0, 1
1 55 37: 1913, 0, 3
1 56 2: 1790, 18, 1
1 56 3: 1924, 12, 1
1 56 4: 1924, 17, 0
1 56 5: 1924, 17, 0
1 56 6: 1924, 12, 3
1 56 7: 1790, 18, 3
1 56 14: 1902, 0, 1
1 56 15: 935, 22, 2
1 56 16: 936, 22, 2
1 56 17: 936, 22, 2
1 56 18: 935, 22, 0
1 56 23: 1247, 22, 1
1 56 33: 1902, 0, 3
1 56 35: 1651, 0, 1
1 56 37: 1913, 0, 3
1 57 2: 1790, 18, 1
1 57 3: 1924, 16, 0
1 57 4: 1924, 12, 0
1 57 5: 1924, 12, 0
1 57 6: 1924, 16, 3
1 57 7: 1790, 18, 3
1 57 14: 1848, 5, 1
1 57 14: 1902, 0, 1
1 57 15: 934, 22, 2
1 57 15: 1088, 11, 1
1 57 15: 1848, 4, 3
1 57 15: 1902, 0, 2
1 57 16: 845, 5, 2
1 57 16: 935, 22, 1
1 57 16: 1902, 0, 2
1 57 17: 935, 22, 1
1 57 17: 1902, 0, 2
1 57 18: 934, 22, 1
1 57 18: 1902, 0, 2
1 57 19: 845, 5, 2
1 57 19: 1902, 0, 2
1 57 20: 1106, 10, 1
1 57 20: 1902, 0, 2
1 57 21: 1902, 0, 2
1 57 22: 845, 5, 2
1 57 22: 1902, 0, 2
1 57 23: 1902, 0, 2
1 57 24: 1106, 10, 1
1 57 24: 1902, 0, 2
1 57 25: 1902, 0, 2
1 57 26: 845, 5, 2
1 57 26: 1902, 0, 2
1 57 27: 1902, 0, 2
1 57 28: 1902, 3, 2
1 57 32: 994, 0, 2
1 57 33: 1902, 0, 3
1 57 35: 1651, 0, 1
1 57 37: 1913, 0, 3
1 58 2: 1790, 19, 0
1 58 3: 1790, 18, 0
1 58 4: 1790, 18, 0
1 58 5: 1790, 18, 0
1 58 6: 1790, 18, 0
1 58 7: 1790, 19, 3
1 58 15: 1933, 17, 2
1 58 16: 1933, 17, 2
1 58 17: 1933, 17, 2
1 58 18: 1933, 17, 2
1 58 19: 1933, 17, 2
1 58 20: 1933, 17, 2
1 58 21: 1933, 17, 2
1 58 22: 1933, 17, 2
1 58 23: 1933, 17, 2
1 58 24: 1933, 17, 2
1 58 25: 1933, 17, 2
1 58 26: 1933, 17, 2
1 58 27: 1933, 17, 2
1 58 28: 1902, 0, 3
1 58 31: 1739, 10, 1
1 58 33: 1902, 0, 3
1 58 35: 1651, 0, 1
1 58 37: 1913, 0, 3
1 59 15: 1933, 12, 0
1 59 16: 1933, 12, 0
1 59 17: 1933, 12, 0
1 59 18: 1933, 12, 0
1 59 19: 1933, 12, 0
1 59 20: 1933, 12, 0
1 59 21: 1933, 12, 0
1 59 22: 1933, 12, 0
1 59 23: 1933, 12, 0
1 59 24: 1933, 12, 0
1 59 25: 1933, 12, 0
1 59 26: 1933, 12, 0
1 59 27: 1933, 12, 0
1 59 28: 1158, 10, 1
1 59 28: 1902, 0, 3
1 59 30: 994, 0, 1
1 59 30: 1248, 22, 2
1 59 33: 1902, 0, 3
1 59 35: 1651, 0, 1
1 59 37: 1913, 0, 3
1 60 15: 1793, 18, 0
1 60 16: 1793, 18, 0
1 60 17: 1793, 18, 0
1 60 18: 1793, 18, 0
1 60 19: 1793, 18, 0
1 60 20: 1793, 18, 0
1 60 21: 1793, 18, 0
1 60 22: 1793, 18, 0
1 60 23: 1793, 18, 0
1 60 24: 1793, 18, 0
1 60 25: 1793, 18, 0
1 60 26: 1793, 18, 0
1 60 27: 1793, 18, 0
1 60 28: 1902, 0, 0
1 60 29: 1902, 0, 0
1 60 30: 1902, 0, 0
1 60 31: 1902, 0, 0
1 60 32: 1902, 0, 0
1 60 33: 1902, 3, 3
1 60 35: 1651, 0, 1
1 60 37: 1913, 0, 3
1 61 13: 1651, 1, 1
1 61 14: 1651, 0, 2
1 61 15: 1651, 0, 2
1 61 16: 1651, 0, 2
1 61 17: 1651, 0, 2
1 61 18: 1651, 0, 2
1 61 19: 1651, 0, 2
1 61 20: 1651, 0, 2
1 61 21: 1651, 0, 2
1 61 22: 1651, 0, 2
1 61 23: 1651, 0, 2
1 61 24: 1651, 0, 2
1 61 25: 1651, 0, 2
1 61 26: 1651, 0, 2
1 61 27: 1651, 0, 2
1 61 28: 1651, 0, 2
1 61 29: 1651, 0, 2
1 61 30: 1651, 0, 2
1 61 31: 1651, 0, 2
1 61 32: 1651, 0, 2
1 61 33: 1651, 0, 2
1 61 34: 1651, 0, 2
1 61 35: 1651, 9, 1
1 61 37: 1913, 0, 3
1 62 12: 1651, 1, 1
1 62 13: 1651, 9, 1
1 62 36: 1913, 9, 3
1 62 37: 1913, 1, 3
1 63 11: 1651, 1, 1
1 63 12: 1651, 9, 1
1 63 15: 1913, 9, 3
1 63 16: 1913, 0, 0
1 63 17: 1913, 0, 0
1 63 18: 1913, 0, 0
1 63 19: 1913, 0, 0
1 63 20: 1913, 0, 0
1 63 21: 1913, 0, 0
1 63 22: 1913, 0, 0
1 63 23: 1913, 0, 0
1 63 24: 1913, 0, 0
1 63 25: 1913, 0, 0
1 63 26: 1913, 0, 0
1 63 27: 1913, 0, 0
1 63 28: 1913, 0, 0
1 63 29: 1913, 0, 0
1 63 30: 1913, 0, 0
1 63 31: 1913, 0, 0
1 63 32: 1913, 0, 0
1 63 33: 1913, 0, 0
1 63 34: 1913, 0, 0
1 63 35: 1913, 0, 0
1 63 36: 1913, 1, 3
2 0 14: 1912, 9, 3
2 0 15: 650, 5, 0
2 0 15: 1912, 0, 0
2 0 16: 196, 5, 0
2 0 16: 1912, 0, 0
2 0 17: 650, 5, 0
2 0 17: 1912, 0, 0
2 0 18: 655, 6, 0
2 0 18: 1912, 9, 0
2 0 19: 1913, 0, 2
2 0 20: 1913, 0, 2
2 0 21: 1913, 0, 2
2 0 22: 1913, 0, 2
2 0 23: 1913, 0, 2
2 0 24: 1913, 0, 2
2 0 25: 1913, 0, 2
2 0 26: 1913, 0, 2
2 0 27: 1913, 0, 2
2 0 28: 1913, 0, 2
2 0 29: 1913, 0, 2
2 0 30: 1913, 0, 2
2 0 31: 1913, 0, 2
2 0 32: 1913, 0, 2
2 0 33: 1913, 0, 2
2 0 34: 1913, 0, 2
2 0 35: 1913, 0, 2
2 0 36: 1913, 0, 2
2 0 37: 1913, 0, 2
2 0 38: 1913, 0, 2
2 0 39: 1912, 9, 3
2 0 40: 1912, 0, 0
2 0 41: 1912, 0, 0
2 0 42: 1912, 0, 0
2 0 43: 1912, 9, 0
2 1 11: 1790, 19, 1
2 1 12: 1790, 18, 2
2 1 13: 196, 6, 3
2 1 13: 1912, 9, 3
2 1 14: 661, 11, 2
2 1 14: 1912, 1, 3
2 1 17: 652, 22, 0
2 1 18: 825, 22, 0
2 1 18: 1912, 1, 0
2 1 19: 196, 6, 0
2 1 19: 1912, 9, 0
2 1 20: 868, 10, 1
2 1 21: 821, 10, 1
2 1 22: 822, 10, 2
2 1 23: 822, 10, 3
2 1 24: 821, 10, 1
2 1 25: 868, 10, 1
2 1 26: 821, 10, 1
2 1 28: 822, 10, 3
2 1 29: 822, 10, 0
2 1 30: 821, 10, 1
2 1 31: 868, 10, 1
2 1 32: 821, 10, 1
2 1 33: 822, 10, 2
2 1 34: 827, 22, 2
2 1 35: 822, 10, 2
2 1 36: 821, 10, 1
2 1 37: 868, 10, 1
2 1 38: 1912, 9, 3
2 1 39: 1912, 1, 3
2 1 41: 994, 0, 2
2 1 43: 1912, 1, 0
2 1 44: 1912, 9, 0
2 2 11: 1924, 13, 1
2 2 12: 1924, 12, 2
2 2 13: 655, 5, 3
2 2 13: 825, 22, 1
2 2 13: 1912, 0, 3
2 2 14: 654, 22, 2
2 2 16: 1738, 10, 0
2 2 19: 650, 5, 1
2 2 19: 1912, 0, 1
2 2 29: 822, 10, 0
2 2 33: 822, 10, 1
2 2 38: 1912, 0, 3
2 2 39: 419, 10, 1
2 2 40: 994, 0, 1
2 2 42: 994, 0, 3
2 2 44: 1912, 0, 1
2 3 11: 1924, 12, 1
2 3 12: 1924, 17, 1
2 3 13: 196, 5, 3
2 3 13: 1912, 0, 3
2 3 19: 196, 5, 1
2 3 19: 1912, 0, 1
2 3 20: 825, 22, 0
2 3 25: 827, 22, 3
2 3 37: 827, 22, 1
2 3 38: 1912, 0, 3
2 3 40: 994, 0, 1
2 3 41: 1740, 10, 0
2 3 42: 994, 0, 3
2 3 44: 850, 5, 1
2 3 44: 1912, 0, 1
2 4 11: 1924, 12, 1
2 4 12: 1924, 17, 1
2 4 13: 656, 5, 3
2 4 13: 1912, 0, 3
2 4 14: 663, 10, 2
2 4 18: 653, 22, 3
2 4 19: 650, 5, 1
2 4 19: 1912, 0, 1
2 4 35: 1248, 22, 0
2 4 38: 1912, 0, 3
2 4 44: 1248, 22, 0
2 4 44: 1912, 0, 1
2 5 11: 1924, 12, 1
2 5 12: 1924, 17, 1
2 5 13: 196, 6, 2
2 5 13: 1912, 9, 2
2 5 14: 1912, 1, 2
2 5 15: 647, 10, 3
2 5 18: 1912, 1, 1
2 5 19: 196, 6, 1
2 5 19: 1912, 9, 1
2 5 38: 1912, 9, 2
2 5 39: 1912, 1, 2
2 5 41: 1747, 10, 1
2 5 43: 1912, 1, 1
2 5 44: 1912, 9, 1
2 6 11: 1924, 12, 1
2 6 12: 1924, 17, 1
2 6 14: 1912, 9, 2
2 6 15: 1912, 0, 2
2 6 16: 196, 5, 2
2 6 16: 1912, 0, 2
2 6 17: 1912, 0, 2
2 6 18: 657, 6, 1
2 6 18: 1912, 9, 1
2 6 20: 1248, 22, 3
2 6 22: 828, 22, 3
2 6 39: 1912, 9, 2
2 6 40: 1912, 0, 2
2 6 41: 1912, 0, 2
2 6 42: 1912, 0, 2
2 6 43: 1912, 9, 1
2 7 11: 1924, 12, 1
2 7 12: 1924, 17, 1
2 7 13: 868, 10, 0
2 7 14: 822, 10, 2
2 7 23: 868, 10, 3
2 7 29: 868, 10, 3
2 7 35: 828, 22, 0
2 7 39: 1248, 22, 1
2 7 40: 822, 10, 0
2 7 41: 1913, 9, 2
2 7 42: 1913, 1, 2
2 8 11: 1924, 12, 1
2 8 12: 1924, 17, 1
2 8 13: 822, 10, 1
2 8 14: 824, 10, 2
2 8 22: 1913, 9, 3
2 8 23: 1913, 0, 0
2 8 24: 1913, 0, 0
2 8 25: 1913, 0, 0
2 8 26: 1913, 0, 0
2 8 27: 1913, 0, 0
2 8 28: 1913, 0, 0
2 8 29: 1913, 0, 0
2 8 30: 1913, 2, 0
2 8 40: 821, 10, 2
2 8 42: 1913, 0, 3
2 9 11: 1924, 12, 1
2 9 12: 1924, 17, 1
2 9 14: 824, 10, 2
2 9 21: 1913, 9, 3
2 9 22: 1913, 1, 3
2 9 30: 1913, 0, 1
2 9 31: 868, 10, 0
2 9 32: 994, 0, 1
2 9 33: 823, 10, 0
2 9 35: 825, 22, 1
2 9 36: 823, 10, 2
2 9 37: 994, 0, 3
2 9 40: 822, 10, 2
2 9 41: 822, 10, 2
2 9 42: 1913, 0, 3
2 10 11: 1924, 12, 1
2 10 12: 1924, 17, 1
2 10 13: 868, 10, 0
2 10 20: 868, 10, 2
2 10 21: 1913, 0, 3
2 10 30: 1913, 0, 1
2 10 32: 994, 0, 1
2 10 37: 994, 0, 3
2 10 41: 827, 22, 0
2 10 42: 1913, 0, 3
2 11 11: 1924, 12, 1
2 11 12: 1924, 17, 1
2 11 21: 1913, 0, 3
2 11 25: 1329, 10, 0
2 11 30: 1913, 0, 1
2 11 32: 994, 0, 1
2 11 33: 823, 10, 0
2 11 36: 823, 10, 2
2 11 37: 994, 0, 3
2 11 40: 821, 10, 2
2 11 42: 1913, 0, 3
2 12 11: 1924, 12, 1
2 12 12: 1924, 17, 1
2 12 14: 824, 10, 2
2 12 21: 1913, 0, 3
2 12 30: 1913, 0, 1
2 12 32: 994, 0, 1
2 12 33: 827, 22, 3
2 12 37: 994, 0, 3
2 12 41: 868, 10, 2
2 12 42: 1913, 0, 3
2 13 11: 1924, 12, 1
2 13 12: 1924, 17, 1
2 13 13: 1248, 22, 0
2 13 14: 824, 10, 2
2 13 20: 1248, 22, 2
2 13 21: 1913, 0, 3
2 13 30: 1913, 0, 1
2 13 32: 994, 0, 1
2 13 33: 823, 10, 0
2 13 34: 2744, 22, 0
2 13 36: 823, 10, 2
2 13 37: 994, 0, 3
2 13 40: 1248, 22, 2
2 13 41: 822, 10, 3
2 13 42: 1913, 0, 3
2 14 11: 1924, 12, 1
2 14 12: 1924, 17, 1
2 14 13: 868, 10, 0
2 14 16: 825, 22, 3
2 14 21: 1913, 0, 3
2 14 30: 1913, 0, 1
2 14 32: 994, 0, 1
2 14 37: 994, 0, 3
2 14 40: 821, 10, 2
2 14 42: 1913, 0, 3
2 15 11: 1924, 12, 1
2 15 12: 1924, 17, 1
2 15 14: 824, 10, 2
2 15 20: 868, 10, 2
2 15 21: 1913, 0, 3
2 15 30: 1913, 0, 1
2 15 32: 994, 0, 1
2 15 33: 823, 10, 0
2 15 36: 823, 10, 2
2 15 37: 994, 0, 3
2 15 41: 822, 10, 1
2 15 42: 1913, 0, 3
2 16 11: 1924, 12, 1
2 16 12: 1924, 17, 1
2 16 14: 824, 10, 2
2 16 21: 1913, 9, 2
2 16 22: 1913, 1, 2
2 16 30: 1913, 0, 1
2 16 31: 868, 10, 0
2 16 32: 994, 0, 1
2 16 34: 825, 22, 2
2 16 37: 994, 0, 3
2 16 41: 868, 10, 2
2 16 42: 1913, 0, 3
2 17 11: 1924, 12, 1
2 17 12: 1924, 17, 1
2 17 13: 868, 10, 0
2 17 21: 828, 22, 2
2 17 22: 1913, 9, 2
2 17 23: 1913, 0, 2
2 17 24: 1913, 0, 2
2 17 25: 1913, 0, 2
2 17 26: 1913, 0, 2
2 17 27: 1913, 0, 2
2 17 28: 1913, 0, 2
2 17 29: 1913, 0, 2
2 17 30: 1913, 2, 1
2 17 32: 994, 0, 1
2 17 33: 823, 10, 0
2 17 36: 823, 10, 2
2 17 37: 994, 0, 3
2 17 41: 822, 10, 0
2 17 42: 1913, 0, 3
2 18 11: 1924, 12, 1
2 18 12: 1924, 17, 1
2 18 23: 868, 10, 1
2 18 23: 994, 3, 1
2 18 24: 994, 0, 2
2 18 25: 994, 0, 2
2 18 26: 994, 0, 2
2 18 27: 994, 0, 2
2 18 28: 994, 0, 2
2 18 29: 868, 10, 1
2 18 29: 994, 0, 2
2 18 30: 994, 0, 2
2 18 31: 994, 0, 2
2 18 32: 994, 0, 2
2 18 40: 821, 10, 2
2 18 42: 1913, 0, 3
2 19 11: 1924, 12, 1
2 19 12: 1924, 17, 1
2 19 13: 1248, 22, 1
2 19 14: 1912, 9, 3
2 19 15: 820, 10, 3
2 19 15: 1912, 0, 0
2 19 16: 1512, 0, 0
2 19 17: 820, 10, 3
2 19 17: 1912, 0, 0
2 19 18: 1912, 9, 0
2 19 23: 994, 0, 1
2 19 24: 829, 10, 0
2 19 25: 1248, 22, 0
2 19 40: 822, 10, 0
2 19 41: 822, 10, 3
2 19 42: 1913, 0, 3
2 20 11: 1924, 12, 1
2 20 12: 1924, 17, 1
2 20 13: 196, 6, 3
2 20 13: 1912, 9, 3
2 20 14: 1248, 22, 3
2 20 14: 1912, 1, 3
2 20 18: 1912, 1, 0
2 20 19: 196, 6, 0
2 20 19: 1912, 9, 0
2 20 23: 994, 0, 1
2 20 24: 1248, 22, 1
2 20 41: 868, 10, 2
2 20 42: 1913, 0, 3
2 21 11: 1924, 12, 1
2 21 12: 1924, 17, 1
2 21 13: 820, 10, 2
2 21 13: 1912, 0, 3
2 21 16: 1738, 10, 0
2 21 19: 820, 10, 0
2 21 19: 1912, 0, 1
2 21 23: 994, 0, 1
2 21 24: 829, 10, 0
2 21 40: 821, 10, 2
2 21 42: 1913, 0, 3
2 22 11: 1924, 12, 1
2 22 12: 1924, 17, 1
2 22 13: 1912, 0, 3
2 22 19: 1912, 0, 1
2 22 23: 994, 0, 1
2 22 41: 822, 10, 3
2 22 42: 1913, 0, 3
2 23 11: 1924, 13, 0
2 23 12: 1924, 12, 0
2 23 13: 820, 10, 2
2 23 13: 1912, 0, 3
2 23 19: 820, 10, 0
2 23 19: 1912, 0, 1
2 23 23: 994, 0, 1
2 23 24: 829, 10, 0
2 23 24: 1248, 22, 3
2 23 38: 1248, 22, 3
2 23 41: 825, 22, 1
2 23 42: 1913, 0, 3
2 24 11: 1790, 19, 0
2 24 12: 1790, 18, 0
2 24 13: 196, 6, 2
2 24 13: 1912, 9, 2
2 24 14: 1912, 1, 2
2 24 18: 1248, 22, 2
2 24 18: 1912, 1, 1
2 24 19: 196, 6, 1
2 24 19: 1912, 9, 1
2 24 20: 825, 22, 2
2 24 23: 994, 3, 0
2 24 24: 994, 0, 0
2 24 25: 994, 0, 0
2 24 26: 994, 0, 0
2 24 27: 994, 0, 0
2 24 28: 994, 0, 0
2 24 29: 994, 0, 0
2 24 30: 994, 0, 0
2 24 31: 994, 0, 0
2 24 32: 994, 0, 0
2 24 34: 822, 10, 0
2 24 39: 828, 22, 1
2 24 40: 821, 10, 2
2 24 42: 1913, 0, 3
2 25 14: 1912, 9, 2
2 25 14: 1938, 8, 2
2 25 15: 1912, 0, 2
2 25 16: 1749, 10, 3
2 25 16: 1912, 0, 2
2 25 17: 1912, 0, 2
2 25 18: 1912, 9, 1
2 25 18: 1938, 8, 1
2 25 19: 1913, 0, 0
2 25 20: 1913, 0, 0
2 25 21: 1913, 0, 0
2 25 22: 1913, 2, 0
2 25 23: 821, 10, 3
2 25 24: 827, 22, 2
2 25 33: 822, 10, 3
2 25 34: 821, 10, 3
2 25 35: 1913, 2, 3
2 25 36: 1913, 0, 0
2 25 37: 1913, 0, 0
2 25 38: 1913, 0, 0
2 25 39: 1913, 0, 0
2 25 40: 1913, 0, 0
2 25 41: 1913, 0, 0
2 25 42: 1913, 3, 3
2 26 16: 1938, 4, 0
2 26 22: 1913, 0, 1
2 26 24: 868, 10, 3
2 26 25: 822, 10, 2
2 26 27: 868, 10, 3
2 26 30: 868, 10, 3
2 26 33: 868, 10, 3
2 26 35: 1913, 0, 3
2 27 22: 1913, 3, 0
2 27 23: 1913, 0, 0
2 27 24: 1913, 0, 0
2 27 25: 1913, 0, 0
2 27 26: 1913, 0, 0
2 27 27: 1913, 0, 0
2 27 28: 1913, 0, 0
2 27 29: 1913, 0, 0
2 27 30: 1913, 0, 0
2 27 31: 1913, 0, 0
2 27 32: 1913, 0, 0
2 27 33: 1913, 0, 0
2 27 34: 1913, 0, 0
2 27 35: 1913, 3, 3
2 34 26: 1792, 21, 1
2 34 27: 1792, 18, 2
2 34 28: 1792, 18, 2
2 34 29: 1792, 18, 2
2 34 30: 1792, 18, 2
2 34 31: 1792, 18, 2
2 34 32: 1792, 18, 2
2 34 33: 1792, 18, 2
2 34 34: 1792, 18, 2
2 34 35: 1792, 21, 2
2 35 26: 1792, 18, 1
2 35 27: 1926, 16, 1
2 35 28: 1926, 12, 2
2 35 29: 1926, 12, 2
2 35 30: 1926, 12, 2
2 35 31: 1926, 12, 2
2 35 32: 1926, 12, 2
2 35 33: 1926, 12, 2
2 35 34: 1926, 16, 2
2 35 35: 1792, 18, 3
2 36 26: 1792, 18, 1
2 36 27: 1926, 12, 1
2 36 34: 1926, 12, 3
2 36 35: 1792, 18, 3
2 37 26: 1792, 18, 1
2 37 27: 1926, 12, 1
2 37 34: 1926, 12, 3
2 37 35: 1792, 18, 3
2 38 26: 1792, 18, 1
2 38 27: 1926, 12, 1
2 38 34: 1926, 12, 3
2 38 35: 1792, 18, 3
2 39 26: 1792, 18, 1
2 39 27: 1926, 12, 1
2 39 34: 1926, 12, 3
2 39 35: 1792, 18, 3
2 40 26: 1792, 18, 1
2 40 27: 1926, 12, 1
2 40 34: 1926, 12, 3
2 40 35: 1792, 18, 3
2 40 47: 1984, 3, 1
2 40 48: 1983, 0, 2
2 40 49: 1983, 0, 2
2 40 50: 1983, 0, 2
2 40 51: 1984, 3, 2
2 41 26: 1792, 18, 1
2 41 27: 1926, 12, 1
2 41 34: 1926, 12, 3
2 41 35: 1792, 18, 3
2 41 47: 1983, 0, 1
2 41 48: 1770, 3, 3
2 41 50: 1770, 3, 0
2 41 51: 1983, 0, 3
2 42 26: 1792, 18, 1
2 42 27: 1926, 16, 0
2 42 28: 1926, 12, 0
2 42 29: 1926, 12, 0
2 42 30: 1926, 12, 0
2 42 31: 1926, 12, 0
2 42 32: 1926, 12, 0
2 42 33: 1926, 12, 0
2 42 34: 1926, 16, 3
2 42 35: 1792, 18, 3
2 42 47: 1983, 0, 1
2 42 49: 1568, 22, 2
2 42 50: 868, 10, 2
2 42 51: 1983, 0, 3
2 43 26: 1792, 21, 0
2 43 27: 1792, 18, 0
2 43 28: 1792, 18, 0
2 43 29: 1792, 18, 0
2 43 30: 1792, 18, 0
2 43 31: 1792, 18, 0
2 43 32: 1792, 18, 0
2 43 33: 1792, 18, 0
2 43 34: 1792, 18, 0
2 43 35: 1792, 21, 3
2 43 47: 1983, 0, 1
2 43 48: 1770, 3, 2
2 43 50: 1770, 3, 1
2 43 51: 1983, 0, 3
2 44 47: 1984, 3, 0
2 44 48: 1983, 0, 0
2 44 49: 1983, 0, 0
2 44 50: 1983, 0, 0
2 44 51: 1984, 3, 3
2 53 14: 1793, 21, 1
2 53 15: 1793, 18, 2
2 53 16: 1793, 18, 2
2 53 17: 1793, 18, 2
2 53 18: 1793, 18, 2
2 53 19: 1793, 18, 2
2 53 20: 1793, 18, 2
2 53 21: 1793, 18, 2
2 53 22: 1793, 18, 2
2 53 23: 1793, 18, 2
2 53 24: 1793, 18, 2
2 53 25: 1793, 18, 2
2 53 26: 1793, 18, 2
2 53 27: 1793, 18, 2
2 53 30: 959, 4, 2
2 54 14: 1793, 18, 1
2 54 15: 1933, 16, 1
2 54 16: 1933, 12, 2
2 54 17: 1933, 12, 2
2 54 18: 1933, 12, 2
2 54 19: 1933, 12, 2
2 54 20: 1933, 12, 2
2 54 21: 1933, 12, 2
2 54 22: 1933, 12, 2
2 54 23: 1933, 12, 2
2 54 24: 1933, 12, 2
2 54 25: 1933, 12, 2
2 54 26: 1933, 12, 2
2 54 27: 1933, 12, 2
2 54 28: 1902, 2, 3
2 54 29: 1247, 22, 1
2 54 29: 1902, 0, 0
2 54 30: 1902, 0, 0
2 54 31: 1902, 0, 0
2 54 32: 1902, 0, 0
2 54 33: 1902, 0, 3
2 55 14: 1793, 18, 1
2 55 15: 1933, 12, 1
2 55 16: 1933, 17, 0
2 55 17: 1933, 17, 0
2 55 18: 1933, 17, 0
2 55 19: 1933, 17, 0
2 55 20: 1933, 17, 0
2 55 21: 1933, 17, 0
2 55 22: 1933, 17, 0
2 55 23: 1933, 17, 0
2 55 24: 1933, 17, 0
2 55 25: 1933, 17, 0
2 55 26: 1933, 17, 0
2 55 27: 1933, 17, 0
2 55 28: 604, 10, 3
2 55 28: 1902, 0, 3
2 55 29: 420, 10, 3
2 55 33: 1902, 0, 3
2 56 14: 1793, 18, 1
2 56 15: 1933, 12, 1
2 56 16: 1933, 17, 0
2 56 17: 1933, 17, 0
2 56 18: 1933, 17, 0
2 56 19: 1933, 17, 0
2 56 20: 1933, 17, 0
2 56 21: 1933, 17, 0
2 56 22: 1933, 17, 0
2 56 23: 1933, 17, 0
2 56 24: 1933, 17, 0
2 56 25: 1933, 17, 0
2 56 26: 1933, 17, 0
2 56 27: 1933, 17, 0
2 56 28: 1902, 0, 3
2 56 32: 1848, 4, 1
2 56 33: 1848, 5, 3
2 56 33: 1902, 0, 3
2 57 14: 1793, 18, 1
2 57 15: 1933, 16, 0
2 57 16: 1933, 12, 0
2 57 17: 1933, 12, 0
2 57 18: 1933, 12, 0
2 57 19: 1933, 12, 0
2 57 20: 1933, 12, 0
2 57 21: 1933, 12, 0
2 57 22: 1933, 12, 0
2 57 23: 1933, 12, 0
2 57 24: 1933, 12, 0
2 57 25: 1933, 12, 0
2 57 26: 1933, 12, 0
2 57 27: 1933, 12, 0
2 57 28: 1902, 0, 3
2 57 32: 994, 0, 2
2 57 33: 1902, 0, 3
2 58 14: 1793, 21, 0
2 58 15: 1793, 18, 0
2 58 16: 1793, 18, 0
2 58 17: 1793, 18, 0
2 58 18: 1793, 18, 0
2 58 19: 1793, 18, 0
2 58 20: 1793, 18, 0
2 58 21: 1793, 18, 0
2 58 22: 1793, 18, 0
2 58 23: 1793, 18, 0
2 58 24: 1793, 18, 0
2 58 25: 1793, 18, 0
2 58 26: 1793, 18, 0
2 58 27: 1793, 18, 0
2 58 28: 1902, 0, 3
2 58 31: 1739, 10, 1
2 58 33: 1902, 0, 3
2 59 28: 683, 10, 1
2 59 28: 1247, 22, 2
2 59 28: 1902, 0, 3
2 59 30: 994, 0, 1
2 59 30: 1848, 4, 2
2 59 33: 1902, 0, 3
2 60 28: 1902, 0, 0
2 60 29: 1902, 0, 0
2 60 30: 1848, 5, 0
2 60 30: 1902, 0, 0
2 60 31: 1902, 0, 0
2 60 32: 1902, 0, 0
2 60 33: 1902, 3, 3
3 0 14: 1913, 9, 3
3 0 15: 1248, 22, 3
3 0 15: 1913, 0, 0
3 0 16: 1913, 0, 0
3 0 17: 1913, 0, 0
3 0 18: 1913, 9, 0
3 0 39: 1913, 9, 3
3 0 40: 1913, 0, 0
3 0 41: 1248, 22, 2
3 0 41: 1913, 0, 0
3 0 42: 1913, 0, 0
3 0 43: 1913, 9, 0
3 1 13: 1913, 9, 3
3 1 14: 1913, 1, 3
3 1 15: 994, 3, 1
3 1 16: 994, 0, 2
3 1 17: 994, 3, 2
3 1 18: 1913, 1, 0
3 1 19: 1913, 9, 0
3 1 38: 1913, 9, 3
3 1 39: 1913, 1, 3
3 1 43: 825, 22, 1
3 1 43: 1913, 1, 0
3 1 44: 1913, 9, 0
3 2 13: 1913, 0, 3
3 2 14: 821, 10, 0
3 2 15: 994, 0, 1
3 2 17: 994, 0, 3
3 2 19: 825, 22, 0
3 2 19: 1913, 0, 1
3 2 38: 1913, 0, 3
3 2 43: 821, 10, 2
3 2 44: 1913, 0, 1
3 3 13: 822, 10, 0
3 3 13: 1913, 0, 3
3 3 15: 868, 10, 0
3 3 15: 994, 0, 1
3 3 16: 1740, 10, 0
3 3 17: 994, 0, 3
3 3 19: 1913, 0, 1
3 3 38: 1913, 0, 3
3 3 44: 822, 10, 1
3 3 44: 1913, 0, 1
3 4 13: 1913, 0, 3
3 4 14: 821, 10, 0
3 4 19: 1913, 0, 1
3 4 38: 1913, 0, 3
3 4 43: 821, 10, 2
3 4 44: 1913, 0, 1
3 5 13: 1913, 9, 2
3 5 14: 1913, 1, 2
3 5 15: 825, 22, 2
3 5 18: 1913, 1, 1
3 5 19: 1913, 9, 1
3 5 38: 1913, 9, 2
3 5 39: 1248, 22, 0
3 5 39: 1913, 1, 2
3 5 41: 1746, 10, 1
3 5 43: 1248, 22, 1
3 5 43: 1913, 1, 1
3 5 44: 1913, 9, 1
3 6 14: 1913, 9, 2
3 6 15: 1913, 0, 2
3 6 16: 1913, 0, 2
3 6 17: 1913, 0, 2
3 6 18: 1913, 9, 1
3 6 39: 1913, 9, 2
3 6 40: 1913, 0, 2
3 6 41: 1913, 0, 2
3 6 42: 1913, 0, 2
3 6 43: 1913, 9, 1
3 19 14: 1913, 9, 3
3 19 15: 1913, 0, 0
3 19 16: 1913, 0, 0
3 19 17: 1248, 22, 0
3 19 17: 1913, 0, 0
3 19 18: 1913, 9, 0
3 20 13: 1913, 9, 3
3 20 14: 822, 10, 0
3 20 14: 1913, 1, 3
3 20 15: 994, 3, 1
3 20 16: 994, 0, 2
3 20 17: 994, 3, 2
3 20 18: 1913, 1, 0
3 20 19: 1913, 9, 0
3 21 13: 1913, 0, 3
3 21 14: 821, 10, 0
3 21 15: 994, 0, 1
3 21 17: 994, 0, 3
3 21 19: 1913, 0, 1
3 22 13: 822, 10, 1
3 22 13: 1913, 0, 3
3 22 14: 822, 10, 2
3 22 15: 868, 10, 0
3 22 15: 994, 0, 1
3 22 16: 1740, 10, 0
3 22 17: 994, 0, 3
3 22 19: 1248, 22, 1
3 22 19: 1913, 0, 1
3 23 13: 1913, 0, 3
3 23 14: 821, 10, 0
3 23 19: 1913, 0, 1
3 24 13: 1913, 9, 2
3 24 14: 1913, 1, 2
3 24 18: 1913, 1, 1
3 24 19: 1913, 9, 1
3 25 14: 1913, 9, 2
3 25 15: 1913, 0, 2
3 25 16: 1248, 22, 3
3 25 16: 1913, 0, 2
3 25 17: 1913, 0, 2
3 25 18: 1913, 9, 1
3 36 28: 1926, 16, 1
3 36 29: 1926, 12, 2
3 36 30: 1926, 12, 2
3 36 31: 1926, 12, 2
3 36 32: 1926, 12, 2
3 36 33: 1926, 16, 2
3 37 28: 1926, 12, 1
3 37 29: 1926, 17, 2
3 37 30: 1926, 17, 2
3 37 31: 1926, 17, 2
3 37 32: 1926, 17, 2
3 37 33: 1926, 12, 3
3 38 28: 1926, 12, 1
3 38 29: 1926, 17, 2
3 38 30: 1926, 17, 2
3 38 31: 1926, 17, 2
3 38 32: 1926, 17, 2
3 38 33: 1926, 12, 3
3 39 28: 1926, 12, 1
3 39 29: 1926, 17, 2
3 39 30: 1926, 17, 2
3 39 31: 1926, 17, 2
3 39 32: 1926, 17, 2
3 39 33: 1926, 12, 3
3 40 28: 1926, 12, 1
3 40 29: 1926, 17, 2
3 40 30: 1926, 17, 2
3 40 31: 1926, 17, 2
3 40 32: 1926, 17, 2
3 40 33: 1926, 12, 3
3 40 47: 1793, 21, 1
3 40 48: 1793, 18, 2
3 40 49: 1793, 18, 2
3 40 50: 1793, 18, 2
3 40 51: 1793, 21, 2
3 41 28: 1926, 16, 0
3 41 29: 1926, 12, 0
3 41 30: 1926, 12, 0
3 41 31: 1926, 12, 0
3 41 32: 1926, 12, 0
3 41 33: 1926, 16, 3
3 41 47: 1793, 18, 1
3 41 48: 1933, 16, 1
3 41 49: 1933, 12, 2
3 41 50: 1933, 16, 2
3 41 51: 1793, 18, 3
3 42 47: 1793, 18, 1
3 42 48: 1933, 12, 1
3 42 49: 1933, 17, 3
3 42 50: 1933, 12, 3
3 42 51: 1793, 18, 3
3 43 47: 1793, 18, 1
3 43 48: 1933, 16, 0
3 43 49: 1933, 12, 0
3 43 50: 1933, 16, 3
3 43 51: 1793, 18, 3
3 44 47: 1793, 21, 0
3 44 48: 1793, 18, 0
3 44 49: 1793, 18, 0
3 44 50: 1793, 18, 0
3 44 51: 1793, 21, 3
3 54 28: 1913, 2, 3
3 54 29: 1913, 0, 0
3 54 30: 1913, 0, 0
3 54 31: 1913, 0, 0
3 54 32: 1913, 0, 0
3 54 33: 1913, 0, 3
3 55 28: 1913, 0, 3
3 55 33: 1913, 0, 3
3 56 28: 1913, 0, 3
3 56 33: 1913, 0, 3
3 57 28: 1913, 0, 3
3 57 32: 994, 0, 2
3 57 33: 1913, 0, 3
3 58 28: 1913, 0, 3
3 58 31: 1740, 10, 1
3 58 33: 1913, 0, 3
3 59 28: 1913, 0, 3
3 59 32: 994, 0, 0
3 59 33: 1913, 0, 3
3 60 28: 1913, 0, 0
3 60 29: 1913, 0, 0
3 60 30: 1913, 0, 0
3 60 31: 1913, 0, 0
3 60 32: 1913, 0, 0
3 60 33: 1913, 3, 3
