0 22 0: 1434, 10, 0
0 22 1: 1434, 10, 0
0 22 2: 1434, 10, 0
0 22 3: 1434, 10, 0
0 22 4: 1434, 10, 0
0 22 5: 1434, 10, 0
0 22 6: 1434, 10, 0
0 22 7: 1434, 10, 0
0 22 8: 1434, 10, 0
0 22 9: 1434, 10, 0
0 22 10: 1434, 10, 0
0 22 11: 1434, 10, 0
0 22 12: 1434, 10, 0
0 22 13: 1434, 10, 0
0 22 14: 1434, 10, 0
0 22 15: 1434, 10, 0
0 22 16: 1434, 10, 0
0 22 17: 1434, 10, 0
0 22 18: 1434, 10, 0
0 22 19: 1434, 10, 0
0 22 20: 1434, 10, 0
0 22 21: 1434, 10, 0
0 22 22: 1434, 10, 0
0 23 0: 1434, 10, 0
0 23 1: 1434, 10, 0
0 23 2: 1434, 10, 0
0 23 3: 1434, 10, 0
0 23 4: 1434, 10, 0
0 23 5: 1434, 10, 0
0 23 6: 1434, 10, 0
0 23 7: 1434, 10, 0
0 23 8: 1434, 10, 0
0 23 9: 1434, 10, 0
0 23 10: 1434, 10, 0
0 23 11: 1434, 10, 0
0 23 12: 1434, 10, 0
0 23 13: 1434, 10, 0
0 23 14: 1434, 10, 0
0 23 15: 1434, 10, 0
0 23 16: 1434, 10, 0
0 23 17: 1434, 10, 0
0 23 18: 1434, 10, 0
0 23 19: 1434, 10, 0
0 23 20: 1434, 10, 0
0 23 21: 1434, 10, 0
0 23 22: 1434, 10, 0
0 24 0: 1434, 10, 0
0 24 1: 1434, 10, 0
0 24 2: 1434, 10, 0
0 24 3: 1434, 10, 0
0 24 4: 1434, 10, 0
0 24 5: 1434, 10, 0
0 24 6: 1434, 10, 0
0 24 7: 1434, 10, 0
0 24 8: 1434, 10, 0
0 24 9: 1434, 10, 0
0 24 10: 1434, 10, 0
0 24 11: 1434, 10, 0
0 24 12: 1434, 10, 0
0 24 13: 1434, 10, 0
0 24 14: 1434, 10, 0
0 24 15: 1434, 10, 0
0 24 16: 1434, 10, 0
0 24 17: 1434, 10, 0
0 24 18: 1434, 10, 0
0 24 19: 1434, 10, 0
0 24 20: 1434, 10, 0
0 24 21: 1434, 10, 0
0 24 22: 1434, 10, 0
0 25 0: 1434, 10, 0
0 25 1: 1434, 10, 0
0 25 2: 1434, 10, 0
0 25 3: 1434, 10, 0
0 25 4: 1434, 10, 0
0 25 5: 1434, 10, 0
0 25 6: 1434, 10, 0
0 25 7: 1434, 10, 0
0 25 8: 1434, 10, 0
0 25 9: 1434, 10, 0
0 25 10: 1434, 10, 0
0 25 11: 1434, 10, 0
0 25 12: 1434, 10, 0
0 25 13: 1434, 10, 0
0 25 14: 1434, 10, 0
0 25 15: 1434, 10, 0
0 25 16: 1434, 10, 0
0 25 17: 1434, 10, 0
0 25 18: 1434, 10, 0
0 25 19: 1434, 10, 0
0 25 20: 1434, 10, 0
0 25 21: 1434, 10, 0
0 25 22: 1434, 10, 0
0 26 0: 1434, 10, 0
0 26 1: 1434, 10, 0
0 26 2: 1434, 10, 0
0 26 3: 1434, 10, 0
0 26 4: 1434, 10, 0
0 26 5: 1434, 10, 0
0 26 6: 1434, 10, 0
0 26 7: 1434, 10, 0
0 26 8: 1434, 10, 0
0 26 9: 1434, 10, 0
0 26 10: 1434, 10, 0
0 26 11: 1434, 10, 0
0 26 12: 1434, 10, 0
0 26 13: 1434, 10, 0
0 26 14: 1434, 10, 0
0 26 15: 1434, 10, 0
0 26 16: 1434, 10, 0
0 26 17: 1434, 10, 0
0 26 18: 1434, 10, 0
0 26 19: 1434, 10, 0
0 26 20: 1434, 10, 0
0 26 21: 1434, 10, 0
0 26 22: 1434, 10, 0
0 27 0: 1434, 10, 0
0 27 1: 1434, 10, 0
0 27 2: 1434, 10, 0
0 27 3: 1434, 10, 0
0 27 4: 1434, 10, 0
0 27 5: 1434, 10, 0
0 27 6: 1434, 10, 0
0 27 7: 1434, 10, 0
0 27 8: 1434, 10, 0
0 27 9: 1434, 10, 0
0 27 10: 1434, 10, 0
0 27 11: 1434, 10, 0
0 27 12: 1434, 10, 0
0 27 13: 1434, 10, 0
0 27 14: 1434, 10, 0
0 27 15: 1434, 10, 0
0 27 16: 1434, 10, 0
0 27 17: 1434, 10, 0
0 27 18: 1434, 10, 0
0 27 19: 1434, 10, 0
0 27 20: 1434, 10, 0
0 27 21: 1434, 10, 0
0 27 22: 1434, 10, 0
0 28 0: 1434, 10, 0
0 28 1: 1434, 10, 0
0 28 2: 1434, 10, 0
0 28 3: 1434, 10, 0
0 28 4: 1434, 10, 0
0 28 5: 1434, 10, 0
0 28 6: 1434, 10, 0
0 28 7: 1434, 10, 0
0 28 8: 1434, 10, 0
0 28 9: 1434, 10, 0
0 28 10: 1434, 10, 0
0 28 11: 1434, 10, 0
0 28 12: 1434, 10, 0
0 28 13: 1434, 10, 0
0 28 14: 1434, 10, 0
0 28 15: 1434, 10, 0
0 28 16: 1434, 10, 0
0 28 17: 1434, 10, 0
0 28 18: 1434, 10, 0
0 28 19: 1434, 10, 0
0 28 20: 1434, 10, 0
0 28 21: 1434, 10, 0
0 28 22: 1434, 10, 0
0 29 0: 1434, 10, 0
0 29 1: 1434, 10, 0
0 29 2: 1434, 10, 0
0 29 3: 1434, 10, 0
0 29 12: 1434, 10, 0
0 29 13: 1434, 10, 0
0 29 14: 1434, 10, 0
0 29 15: 1434, 10, 0
0 29 16: 1434, 10, 0
0 29 17: 1434, 10, 0
0 29 18: 1434, 10, 0
0 29 19: 1434, 10, 0
0 29 20: 1434, 10, 0
0 29 21: 1434, 10, 0
0 29 22: 1434, 10, 0
0 30 0: 1434, 10, 0
0 30 1: 1434, 10, 0
0 30 2: 1434, 10, 0
0 30 3: 1434, 10, 0
0 30 4: 1658, 0, 1
0 30 5: 202, 11, 0
0 30 5: 321, 22, 0
0 30 5: 1659, 0, 0
0 30 6: 197, 5, 0
0 30 6: 320, 22, 2
0 30 6: 1659, 0, 0
0 30 7: 319, 22, 3
0 30 7: 1659, 0, 0
0 30 8: 320, 22, 2
0 30 8: 1659, 0, 0
0 30 9: 197, 5, 0
0 30 9: 320, 22, 1
0 30 9: 1659, 0, 0
0 30 10: 202, 11, 1
0 30 10: 320, 22, 3
0 30 10: 1659, 0, 0
0 30 11: 1658, 0, 3
0 30 12: 1434, 10, 0
0 30 13: 1434, 10, 0
0 30 14: 1434, 10, 0
0 30 15: 1434, 10, 0
0 30 16: 1434, 10, 0
0 30 17: 1434, 10, 0
0 30 18: 1434, 10, 0
0 30 19: 1434, 10, 0
0 30 20: 1434, 10, 0
0 30 21: 1434, 10, 0
0 30 22: 1434, 10, 0
0 31 0: 1434, 10, 0
0 31 1: 1434, 10, 0
0 31 2: 1434, 10, 0
0 31 3: 1434, 10, 0
0 31 4: 1658, 0, 1
0 31 5: 320, 22, 1
0 31 6: 320, 22, 0
0 31 7: 320, 22, 1
0 31 8: 320, 22, 0
0 31 9: 320, 22, 0
0 31 9: 1755, 10, 1
0 31 10: 321, 22, 1
0 31 11: 1658, 0, 3
0 31 12: 1434, 10, 0
0 31 13: 1434, 10, 0
0 31 14: 1434, 10, 0
0 31 15: 1434, 10, 0
0 31 16: 1434, 10, 0
0 31 17: 1434, 10, 0
0 31 18: 1434, 10, 0
0 31 19: 1434, 10, 0
0 31 20: 1434, 10, 0
0 31 21: 1434, 10, 0
0 31 22: 1434, 10, 0
0 32 0: 1434, 10, 0
0 32 1: 1434, 10, 0
0 32 2: 1434, 10, 0
0 32 3: 1434, 10, 0
0 32 4: 1658, 0, 1
0 32 5: 320, 22, 0
0 32 5: 1106, 10, 2
0 32 7: 917, 22, 3
0 32 8: 917, 22, 0
0 32 9: 321, 22, 0
0 32 10: 320, 22, 3
0 32 11: 1658, 0, 3
0 32 12: 1434, 10, 0
0 32 13: 1434, 10, 0
0 32 14: 1434, 10, 0
0 32 15: 1434, 10, 0
0 32 16: 1434, 10, 0
0 32 17: 1434, 10, 0
0 32 18: 1434, 10, 0
0 32 19: 1434, 10, 0
0 32 20: 1434, 10, 0
0 32 21: 1434, 10, 0
0 32 22: 1434, 10, 0
0 33 0: 1434, 10, 0
0 33 1: 1434, 10, 0
0 33 2: 1434, 10, 0
0 33 3: 1434, 10, 0
0 33 4: 1658, 0, 1
0 33 7: 918, 22, 2
0 33 8: 918, 22, 0
0 33 9: 320, 22, 3
0 33 10: 834, 10, 1
0 33 11: 1658, 0, 3
0 33 12: 1434, 10, 0
0 33 13: 1434, 10, 0
0 33 14: 1434, 10, 0
0 33 15: 1434, 10, 0
0 33 16: 1434, 10, 0
0 33 17: 1434, 10, 0
0 33 18: 1434, 10, 0
0 33 19: 1434, 10, 0
0 33 20: 1434, 10, 0
0 33 21: 1434, 10, 0
0 33 22: 1434, 10, 0
0 34 0: 1434, 10, 0
0 34 1: 1434, 10, 0
0 34 2: 1434, 10, 0
0 34 3: 1434, 10, 0
0 34 4: 1658, 0, 1
0 34 7: 918, 22, 2
0 34 8: 918, 22, 0
0 34 11: 1658, 0, 3
0 34 12: 1434, 10, 0
0 34 13: 1434, 10, 0
0 34 14: 1434, 10, 0
0 34 15: 1434, 10, 0
0 34 16: 1434, 10, 0
0 34 17: 1434, 10, 0
0 34 18: 1434, 10, 0
0 34 19: 1434, 10, 0
0 34 20: 1434, 10, 0
0 34 21: 1434, 10, 0
0 34 22: 1434, 10, 0
0 35 0: 1434, 10, 0
0 35 1: 1434, 10, 0
0 35 2: 1434, 10, 0
0 35 3: 1434, 10, 0
0 35 4: 1658, 0, 1
0 35 5: 1106, 10, 2
0 35 7: 918, 22, 2
0 35 8: 918, 22, 0
0 35 10: 1106, 10, 0
0 35 11: 1658, 0, 3
0 35 12: 1434, 10, 0
0 35 13: 1434, 10, 0
0 35 14: 1434, 10, 0
0 35 15: 1434, 10, 0
0 35 16: 1434, 10, 0
0 35 17: 1434, 10, 0
0 35 18: 1434, 10, 0
0 35 19: 1434, 10, 0
0 35 20: 1434, 10, 0
0 35 21: 1434, 10, 0
0 35 22: 1434, 10, 0
0 36 0: 1434, 10, 0
0 36 1: 1434, 10, 0
0 36 2: 1434, 10, 0
0 36 3: 1434, 10, 0
0 36 4: 1658, 0, 1
0 36 7: 918, 22, 2
0 36 8: 918, 22, 0
0 36 10: 320, 22, 0
0 36 11: 1658, 0, 3
0 36 16: 1434, 10, 0
0 36 17: 1434, 10, 0
0 36 18: 1434, 10, 0
0 36 19: 1434, 10, 0
0 36 20: 1434, 10, 0
0 36 21: 1434, 10, 0
0 36 22: 1434, 10, 0
0 37 0: 1434, 10, 0
0 37 1: 1434, 10, 0
0 37 2: 1434, 10, 0
0 37 3: 1434, 10, 0
0 37 4: 1658, 0, 1
0 37 5: 197, 4, 3
0 37 5: 320, 22, 0
0 37 7: 918, 22, 2
0 37 8: 918, 22, 0
0 37 9: 320, 22, 1
0 37 10: 321, 22, 3
0 37 11: 362, 10, 2
0 37 11: 1659, 0, 0
0 37 12: 197, 5, 0
0 37 12: 320, 22, 2
0 37 12: 357, 10, 2
0 37 12: 1659, 0, 0
0 37 13: 320, 22, 3
0 37 13: 362, 10, 1
0 37 13: 1659, 0, 0
0 37 14: 321, 22, 3
0 37 14: 362, 10, 3
0 37 14: 1659, 0, 0
0 37 15: 1658, 0, 3
0 37 16: 1434, 10, 0
0 37 17: 1434, 10, 0
0 37 18: 1434, 10, 0
0 37 19: 1434, 10, 0
0 37 20: 1434, 10, 0
0 37 21: 1434, 10, 0
0 37 22: 1434, 10, 0
0 38 0: 1434, 10, 0
0 38 1: 1434, 10, 0
0 38 2: 1434, 10, 0
0 38 3: 1434, 10, 0
0 38 4: 1658, 0, 1
0 38 5: 321, 22, 1
0 38 5: 346, 10, 3
0 38 6: 320, 22, 1
0 38 7: 918, 22, 2
0 38 8: 918, 22, 0
0 38 10: 319, 22, 3
0 38 12: 320, 22, 3
0 38 13: 320, 22, 1
0 38 13: 357, 10, 3
0 38 14: 320, 22, 0
0 38 14: 362, 10, 0
0 38 15: 1658, 0, 3
0 38 16: 1434, 10, 0
0 38 17: 1434, 10, 0
0 38 18: 1434, 10, 0
0 38 19: 1434, 10, 0
0 38 20: 1434, 10, 0
0 38 21: 1434, 10, 0
0 38 22: 1434, 10, 0
0 39 0: 1434, 10, 0
0 39 1: 1434, 10, 0
0 39 2: 1434, 10, 0
0 39 3: 1434, 10, 0
0 39 4: 1658, 0, 1
0 39 5: 347, 10, 3
0 39 7: 917, 22, 2
0 39 8: 917, 22, 1
0 39 13: 320, 22, 2
0 39 14: 320, 22, 1
0 39 14: 358, 10, 0
0 39 15: 1658, 0, 3
0 39 16: 1434, 10, 0
0 39 17: 1434, 10, 0
0 39 18: 1434, 10, 0
0 39 19: 1434, 10, 0
0 39 20: 1434, 10, 0
0 39 21: 1434, 10, 0
0 39 22: 1434, 10, 0
0 40 0: 1434, 10, 0
0 40 1: 1434, 10, 0
0 40 2: 1434, 10, 0
0 40 3: 1434, 10, 0
0 40 4: 1658, 0, 1
0 40 5: 320, 22, 3
0 40 10: 320, 22, 3
0 40 12: 320, 22, 0
0 40 14: 360, 11, 1
0 40 15: 1658, 0, 3
0 40 16: 1434, 10, 0
0 40 17: 1434, 10, 0
0 40 18: 1434, 10, 0
0 40 19: 1434, 10, 0
0 40 20: 1434, 10, 0
0 40 21: 1434, 10, 0
0 40 22: 1434, 10, 0
0 41 0: 1434, 10, 0
0 41 1: 1434, 10, 0
0 41 2: 1434, 10, 0
0 41 3: 1434, 10, 0
0 41 4: 1658, 0, 1
0 41 5: 202, 11, 3
0 41 5: 321, 22, 2
0 41 6: 197, 4, 2
0 41 6: 320, 22, 2
0 41 7: 834, 10, 2
0 41 9: 197, 4, 2
0 41 9: 320, 22, 0
0 41 10: 202, 11, 2
0 41 10: 321, 22, 3
0 41 10: 1631, 3, 0
0 41 11: 320, 22, 3
0 41 11: 1631, 0, 3
0 41 12: 197, 4, 2
0 41 12: 321, 22, 1
0 41 12: 359, 11, 2
0 41 13: 320, 22, 1
0 41 13: 359, 11, 1
0 41 14: 202, 11, 2
0 41 14: 321, 22, 2
0 41 15: 1658, 0, 3
0 41 16: 1434, 10, 0
0 41 17: 1434, 10, 0
0 41 18: 1434, 10, 0
0 41 19: 1434, 10, 0
0 41 20: 1434, 10, 0
0 41 21: 1434, 10, 0
0 41 22: 1434, 10, 0
0 42 0: 1434, 10, 0
0 42 1: 1434, 10, 0
0 42 2: 1434, 10, 0
0 42 3: 1434, 10, 0
0 42 4: 1658, 1, 0
0 42 5: 1658, 0, 0
0 42 6: 1658, 0, 0
0 42 7: 1658, 0, 0
0 42 8: 1658, 0, 0
0 42 9: 1658, 0, 0
0 42 10: 1658, 0, 0
0 42 11: 1658, 0, 0
0 42 12: 1658, 0, 0
0 42 13: 1658, 0, 0
0 42 14: 1658, 0, 0
0 42 15: 1658, 1, 3
0 42 16: 1434, 10, 0
0 42 17: 1434, 10, 0
0 42 18: 1434, 10, 0
0 42 19: 1434, 10, 0
0 42 20: 1434, 10, 0
0 42 21: 1434, 10, 0
0 42 22: 1434, 10, 0
0 43 0: 1434, 10, 0
0 43 1: 1434, 10, 0
0 43 2: 1434, 10, 0
0 43 3: 1434, 10, 0
0 43 4: 1434, 10, 0
0 43 5: 1434, 10, 0
0 43 6: 1434, 10, 0
0 43 7: 1434, 10, 0
0 43 8: 1434, 10, 0
0 43 9: 1434, 10, 0
0 43 10: 1434, 10, 0
0 43 11: 1434, 10, 0
0 43 12: 1434, 10, 0
0 43 13: 1434, 10, 0
0 43 14: 1434, 10, 0
0 43 15: 1434, 10, 0
0 43 16: 1434, 10, 0
0 43 17: 1434, 10, 0
0 43 18: 1434, 10, 0
0 43 19: 1434, 10, 0
0 43 20: 1434, 10, 0
0 43 21: 1434, 10, 0
0 43 22: 1434, 10, 0
0 44 0: 1434, 10, 0
0 44 1: 1434, 10, 0
0 44 2: 1434, 10, 0
0 44 3: 1434, 10, 0
0 44 4: 1434, 10, 0
0 44 5: 1434, 10, 0
0 44 6: 1434, 10, 0
0 44 7: 1434, 10, 0
0 44 8: 1434, 10, 0
0 44 9: 1434, 10, 0
0 44 10: 1434, 10, 0
0 44 11: 1434, 10, 0
0 44 12: 1434, 10, 0
0 44 13: 1434, 10, 0
0 44 14: 1434, 10, 0
0 44 15: 1434, 10, 0
0 44 16: 1434, 10, 0
0 44 17: 1434, 10, 0
0 44 18: 1434, 10, 0
0 44 19: 1434, 10, 0
0 44 20: 1434, 10, 0
0 44 21: 1434, 10, 0
0 44 22: 1434, 10, 0
0 45 0: 1434, 10, 0
0 45 1: 1434, 10, 0
0 45 2: 1434, 10, 0
0 45 3: 1434, 10, 0
0 45 4: 1434, 10, 0
0 45 5: 1434, 10, 0
0 45 6: 1434, 10, 0
0 45 7: 1434, 10, 0
0 45 8: 1434, 10, 0
0 45 9: 1434, 10, 0
0 45 10: 1434, 10, 0
0 45 11: 1434, 10, 0
0 45 12: 1434, 10, 0
0 45 13: 1434, 10, 0
0 45 14: 1434, 10, 0
0 45 15: 1434, 10, 0
0 45 16: 1434, 10, 0
0 45 17: 1434, 10, 0
0 45 18: 1434, 10, 0
0 45 19: 1434, 10, 0
0 45 20: 1434, 10, 0
0 45 21: 1434, 10, 0
0 45 22: 1434, 10, 0
0 46 0: 1434, 10, 0
0 46 1: 1434, 10, 0
0 46 2: 1434, 10, 0
0 46 3: 1434, 10, 0
0 46 4: 1434, 10, 0
0 46 5: 1434, 10, 0
0 46 6: 1434, 10, 0
0 46 7: 1434, 10, 0
0 46 8: 1434, 10, 0
0 46 9: 1434, 10, 0
0 46 10: 1434, 10, 0
0 46 11: 1434, 10, 0
0 46 12: 1434, 10, 0
0 46 13: 1434, 10, 0
0 46 14: 1434, 10, 0
0 46 15: 1434, 10, 0
0 46 16: 1434, 10, 0
0 46 17: 1434, 10, 0
0 46 18: 1434, 10, 0
0 46 19: 1434, 10, 0
0 46 20: 1434, 10, 0
0 46 21: 1434, 10, 0
0 46 22: 1434, 10, 0
0 47 0: 1434, 10, 0
0 47 1: 1434, 10, 0
0 47 2: 1434, 10, 0
0 47 3: 1434, 10, 0
0 47 4: 1434, 10, 0
0 47 5: 1434, 10, 0
0 47 6: 1434, 10, 0
0 47 7: 1434, 10, 0
0 47 8: 1434, 10, 0
0 47 9: 1434, 10, 0
0 47 10: 1434, 10, 0
0 47 11: 1434, 10, 0
0 47 12: 1434, 10, 0
0 47 13: 1434, 10, 0
0 47 14: 1434, 10, 0
0 47 15: 1434, 10, 0
0 47 16: 1434, 10, 0
0 47 17: 1434, 10, 0
0 47 18: 1434, 10, 0
0 47 19: 1434, 10, 0
0 47 20: 1434, 10, 0
0 47 21: 1434, 10, 0
0 47 22: 1434, 10, 0
0 48 0: 1434, 10, 0
0 48 1: 1434, 10, 0
0 48 2: 1434, 10, 0
0 48 3: 1434, 10, 0
0 48 4: 1434, 10, 0
0 48 5: 1434, 10, 0
0 48 6: 1434, 10, 0
0 48 7: 1434, 10, 0
0 48 8: 1434, 10, 0
0 48 9: 1434, 10, 0
0 48 10: 1434, 10, 0
0 48 11: 1434, 10, 0
0 48 12: 1434, 10, 0
0 48 13: 1434, 10, 0
0 48 14: 1434, 10, 0
0 48 15: 1434, 10, 0
0 48 16: 1434, 10, 0
0 48 17: 1434, 10, 0
0 48 18: 1434, 10, 0
0 48 19: 1434, 10, 0
0 48 20: 1434, 10, 0
0 48 21: 1434, 10, 0
0 48 22: 1434, 10, 0
0 49 0: 1434, 10, 0
0 49 1: 1434, 10, 0
0 49 2: 1434, 10, 0
0 49 3: 1434, 10, 0
0 49 4: 1434, 10, 0
0 49 5: 1434, 10, 0
0 49 6: 1434, 10, 0
0 49 7: 1434, 10, 0
0 49 8: 1434, 10, 0
0 49 9: 1434, 10, 0
0 49 10: 1434, 10, 0
0 49 11: 1434, 10, 0
0 49 12: 1434, 10, 0
0 49 13: 1434, 10, 0
0 49 14: 1434, 10, 0
0 49 15: 1434, 10, 0
0 49 16: 1434, 10, 0
0 49 17: 1434, 10, 0
0 49 18: 1434, 10, 0
0 49 19: 1434, 10, 0
0 49 20: 1434, 10, 0
0 49 21: 1434, 10, 0
0 49 22: 1434, 10, 0
0 50 0: 1434, 10, 0
0 50 1: 1434, 10, 0
0 50 2: 1434, 10, 0
0 50 3: 1434, 10, 0
0 50 4: 1434, 10, 0
0 50 5: 1434, 10, 0
0 50 6: 1434, 10, 0
0 50 7: 1434, 10, 0
0 50 8: 1434, 10, 0
0 50 9: 1434, 10, 0
0 50 10: 1434, 10, 0
0 50 11: 1434, 10, 0
0 50 12: 1434, 10, 0
0 50 13: 1434, 10, 0
0 50 14: 1434, 10, 0
0 50 15: 1434, 10, 0
0 50 16: 1434, 10, 0
0 50 17: 1434, 10, 0
0 50 18: 1434, 10, 0
0 50 19: 1434, 10, 0
0 50 20: 1434, 10, 0
0 50 21: 1434, 10, 0
0 50 22: 1434, 10, 0
1 24 8: 320, 22, 2
1 25 7: 320, 22, 3
1 25 8: 321, 22, 2
1 25 9: 320, 22, 1
1 26 6: 319, 22, 3
1 26 7: 320, 22, 0
1 26 8: 320, 22, 0
1 27 5: 320, 22, 3
1 27 6: 321, 22, 3
1 27 7: 320, 22, 2
1 27 10: 320, 22, 1
1 28 3: 320, 22, 0
1 28 4: 320, 22, 3
1 28 6: 320, 22, 2
1 28 9: 320, 22, 3
1 28 10: 321, 22, 1
1 28 11: 320, 22, 1
1 28 13: 320, 22, 3
1 29 2: 320, 22, 1
1 29 3: 320, 22, 2
1 30 2: 320, 22, 3
1 30 3: 321, 22, 1
1 30 12: 320, 22, 3
1 31 3: 320, 22, 0
1 31 12: 321, 22, 0
1 31 13: 320, 22, 0
1 32 12: 320, 22, 1
1 32 13: 320, 22, 0
1 32 14: 321, 22, 3
1 32 15: 320, 22, 2
1 33 2: 320, 22, 0
1 33 3: 320, 22, 1
1 33 14: 320, 22, 1
1 34 3: 321, 22, 0
1 34 12: 320, 22, 0
1 34 18: 320, 22, 1
1 35 3: 320, 22, 2
1 35 12: 321, 22, 3
1 35 13: 320, 22, 3
1 35 14: 320, 22, 2
1 35 16: 320, 22, 2
1 36 3: 319, 22, 0
1 36 16: 320, 22, 3
1 37 1: 320, 22, 2
1 37 3: 320, 22, 0
1 37 16: 321, 22, 2
1 37 17: 320, 22, 2
1 38 2: 321, 22, 1
1 38 3: 320, 22, 0
1 38 16: 320, 22, 1
1 38 17: 320, 22, 0
1 39 2: 320, 22, 1
1 39 3: 321, 22, 2
1 39 16: 320, 22, 1
1 39 17: 321, 22, 1
1 39 18: 320, 22, 3
1 40 2: 320, 22, 2
1 40 3: 320, 22, 3
1 40 17: 320, 22, 2
1 41 19: 320, 22, 0
1 42 3: 320, 22, 0
1 42 16: 320, 22, 0
1 43 2: 320, 22, 1
1 43 3: 321, 22, 1
1 43 4: 320, 22, 3
1 43 6: 320, 22, 0
1 43 7: 320, 22, 1
1 43 8: 320, 22, 2
1 43 9: 321, 22, 0
1 43 10: 320, 22, 0
1 43 15: 320, 22, 1
1 43 16: 321, 22, 2
1 43 17: 320, 22, 3
1 44 3: 320, 22, 2
1 44 7: 320, 22, 1
1 44 8: 321, 22, 3
1 44 9: 320, 22, 3
1 44 16: 320, 22, 2
1 45 12: 320, 22, 3
1 46 7: 320, 22, 2
