0 0 0: 1258, 22, 1
0 0 1: 1259, 22, 1
0 0 2: 1258, 22, 2
0 0 3: 1257, 22, 0
0 0 4: 1257, 22, 1
0 0 5: 1257, 22, 0
0 0 6: 1257, 22, 0
0 0 6: 1821, 4, 0
0 0 7: 1257, 22, 3
0 0 9: 1257, 22, 1
0 0 10: 1257, 22, 0
0 0 11: 1257, 22, 1
0 0 11: 1821, 4, 0
0 0 12: 981, 0, 0
0 0 12: 1257, 22, 2
0 0 13: 2050, 0, 0
0 0 14: 2051, 0, 0
0 0 15: 981, 0, 0
0 0 15: 1257, 22, 0
0 0 16: 981, 0, 3
0 0 16: 1257, 22, 1
0 0 32: 1257, 22, 0
0 0 33: 1257, 22, 3
0 0 34: 1257, 22, 0
0 0 39: 1257, 22, 3
0 0 40: 1257, 22, 1
0 0 42: 1257, 22, 0
0 0 61: 1257, 22, 0
0 1 0: 1259, 22, 3
0 1 1: 1258, 22, 0
0 1 1: 1821, 4, 2
0 1 2: 1258, 22, 3
0 1 3: 1257, 22, 3
0 1 4: 1257, 22, 2
0 1 6: 1257, 22, 2
0 1 10: 1257, 22, 3
0 1 11: 1257, 22, 3
0 1 12: 1257, 22, 2
0 1 15: 1257, 22, 2
0 1 16: 981, 0, 3
0 1 32: 1257, 22, 1
0 1 33: 1258, 22, 3
0 1 34: 1257, 22, 2
0 1 36: 1248, 22, 0
0 1 38: 1257, 22, 2
0 1 39: 1257, 22, 2
0 1 40: 1257, 22, 0
0 1 41: 445, 10, 0
0 1 41: 1257, 22, 1
0 1 42: 1257, 22, 0
0 1 46: 1392, 10, 3
0 1 52: 1248, 22, 3
0 1 59: 1392, 10, 2
0 1 60: 1257, 22, 0
0 1 61: 1257, 22, 1
0 1 62: 1257, 22, 1
0 2 0: 1902, 0, 0
0 2 1: 1821, 5, 0
0 2 1: 1902, 0, 0
0 2 2: 364, 10, 0
0 2 2: 1902, 0, 0
0 2 3: 1258, 22, 2
0 2 3: 1902, 0, 3
0 2 8: 447, 10, 3
0 2 8: 1257, 22, 3
0 2 9: 445, 10, 1
0 2 9: 1257, 22, 2
0 2 10: 1257, 22, 0
0 2 11: 447, 10, 1
0 2 11: 1257, 22, 1
0 2 12: 1257, 22, 1
0 2 15: 1257, 22, 3
0 2 16: 981, 0, 3
0 2 16: 1257, 22, 3
0 2 28: 1247, 22, 1
0 2 31: 1257, 22, 2
0 2 32: 1258, 22, 2
0 2 33: 1259, 22, 1
0 2 34: 1258, 22, 0
0 2 39: 445, 10, 1
0 2 39: 1257, 22, 2
0 2 41: 1257, 22, 1
0 2 43: 1257, 22, 1
0 2 44: 1257, 22, 0
0 2 45: 1258, 22, 3
0 2 46: 1257, 22, 2
0 2 47: 1257, 22, 2
0 2 48: 1257, 22, 1
0 2 52: 1257, 22, 1
0 2 58: 1257, 22, 0
0 2 59: 1257, 22, 1
0 2 60: 1257, 22, 2
0 2 61: 1257, 22, 1
0 2 62: 1257, 22, 2
0 2 63: 1257, 22, 3
0 3 2: 1823, 4, 1
0 3 3: 1259, 22, 0
0 3 3: 1823, 5, 3
0 3 3: 1902, 0, 3
0 3 4: 1258, 22, 3
0 3 7: 444, 10, 0
0 3 7: 1257, 22, 0
0 3 8: 1257, 22, 0
0 3 9: 1257, 22, 1
0 3 10: 1258, 22, 3
0 3 11: 1258, 22, 2
0 3 12: 1257, 22, 0
0 3 15: 1257, 22, 2
0 3 16: 981, 0, 3
0 3 30: 447, 10, 0
0 3 30: 1257, 22, 3
0 3 31: 1257, 22, 3
0 3 32: 1257, 22, 0
0 3 33: 1257, 22, 1
0 3 34: 1257, 22, 2
0 3 38: 447, 10, 2
0 3 40: 1257, 22, 3
0 3 41: 444, 10, 2
0 3 41: 1247, 22, 3
0 3 43: 1257, 22, 1
0 3 43: 1902, 0, 1
0 3 44: 1902, 0, 0
0 3 45: 1902, 0, 0
0 3 46: 1902, 0, 0
0 3 47: 1902, 0, 0
0 3 48: 1902, 0, 0
0 3 49: 1902, 0, 0
0 3 50: 1902, 0, 0
0 3 51: 1902, 9, 2
0 3 52: 1257, 22, 1
0 3 52: 1902, 1, 2
0 3 53: 1257, 22, 1
0 3 54: 1257, 22, 0
0 3 55: 1257, 22, 2
0 3 56: 1257, 22, 0
0 3 57: 1902, 1, 1
0 3 58: 1902, 9, 1
0 3 59: 1902, 0, 0
0 3 60: 1902, 0, 0
0 3 61: 1902, 0, 0
0 3 62: 1902, 0, 0
0 3 63: 1902, 0, 0
0 4 0: 612, 10, 0
0 4 0: 2764, 22, 0
0 4 2: 1011, 10, 1
0 4 3: 1258, 22, 3
0 4 3: 1902, 0, 3
0 4 4: 1257, 22, 2
0 4 8: 1257, 22, 3
0 4 9: 1257, 22, 0
0 4 10: 447, 10, 2
0 4 10: 1258, 22, 3
0 4 11: 1258, 22, 1
0 4 15: 1257, 22, 0
0 4 16: 981, 0, 3
0 4 17: 1257, 22, 0
0 4 19: 1102, 10, 2
0 4 22: 1248, 22, 1
0 4 30: 1257, 22, 3
0 4 31: 447, 10, 1
0 4 31: 1257, 22, 0
0 4 32: 445, 10, 2
0 4 33: 1248, 22, 2
0 4 34: 1257, 22, 1
0 4 35: 1257, 22, 3
0 4 39: 447, 10, 2
0 4 39: 1257, 22, 1
0 4 40: 447, 10, 3
0 4 40: 1257, 22, 2
0 4 41: 1257, 22, 2
0 4 43: 1591, 0, 1
0 4 45: 1260, 22, 1
0 4 45: 1902, 2, 3
0 4 46: 1259, 22, 0
0 4 46: 1902, 0, 0
0 4 46: 1938, 5, 0
0 4 47: 1258, 22, 2
0 4 47: 1902, 0, 0
0 4 48: 1258, 22, 1
0 4 48: 1902, 0, 0
0 4 49: 1257, 22, 2
0 4 49: 1902, 0, 0
0 4 49: 1938, 5, 0
0 4 50: 1902, 9, 0
0 4 52: 1902, 9, 2
0 4 53: 1257, 22, 0
0 4 53: 1902, 0, 2
0 4 54: 1257, 22, 2
0 4 54: 1902, 0, 2
0 4 55: 1257, 22, 3
0 4 55: 1902, 0, 2
0 4 56: 1257, 22, 0
0 4 56: 1902, 0, 2
0 4 57: 1902, 9, 1
0 4 59: 1902, 9, 3
0 4 60: 1902, 0, 0
0 4 61: 1257, 22, 0
0 4 61: 1902, 0, 0
0 4 62: 1902, 0, 0
0 4 62: 1938, 5, 0
0 4 63: 1257, 22, 0
0 4 63: 1902, 0, 0
0 5 2: 1823, 4, 1
0 5 3: 1257, 22, 3
0 5 3: 1823, 5, 3
0 5 3: 1902, 0, 3
0 5 4: 1257, 22, 0
0 5 5: 1257, 22, 3
0 5 8: 1257, 22, 3
0 5 9: 1257, 22, 3
0 5 10: 1257, 22, 1
0 5 16: 981, 0, 3
0 5 17: 1102, 10, 0
0 5 17: 1257, 22, 1
0 5 18: 635, 10, 1
0 5 18: 1257, 22, 3
0 5 19: 1257, 22, 1
0 5 29: 447, 10, 3
0 5 31: 447, 10, 2
0 5 31: 1257, 22, 2
0 5 32: 1257, 22, 2
0 5 34: 1246, 22, 2
0 5 35: 1257, 22, 2
0 5 38: 1257, 22, 2
0 5 39: 446, 10, 3
0 5 40: 444, 10, 3
0 5 40: 1257, 22, 0
0 5 43: 1257, 22, 2
0 5 43: 1902, 0, 1
0 5 45: 1258, 22, 0
0 5 45: 1902, 0, 3
0 5 46: 1257, 22, 3
0 5 47: 1258, 22, 3
0 5 48: 1257, 22, 0
0 5 49: 1257, 22, 1
0 5 50: 1257, 22, 0
0 5 50: 1902, 1, 0
0 5 51: 1902, 9, 0
0 5 51: 1938, 6, 0
0 5 58: 1902, 9, 3
0 5 58: 1938, 6, 3
0 5 59: 1257, 22, 1
0 5 59: 1902, 1, 3
0 5 60: 1257, 22, 1
0 6 0: 885, 10, 1
0 6 2: 1902, 9, 3
0 6 3: 1257, 22, 1
0 6 3: 1902, 1, 3
0 6 4: 1257, 22, 2
0 6 5: 1257, 22, 0
0 6 10: 1247, 22, 2
0 6 14: 884, 10, 0
0 6 15: 2771, 22, 0
0 6 16: 981, 0, 3
0 6 17: 362, 10, 0
0 6 21: 1102, 10, 2
0 6 21: 1257, 22, 3
0 6 30: 445, 10, 3
0 6 30: 1257, 22, 3
0 6 31: 1257, 22, 0
0 6 34: 1257, 22, 0
0 6 43: 1257, 22, 2
0 6 43: 1902, 0, 1
0 6 45: 1257, 22, 2
0 6 45: 1902, 0, 3
0 6 45: 1938, 5, 3
0 6 46: 1257, 22, 3
0 6 47: 1257, 22, 3
0 6 48: 1257, 22, 3
0 6 51: 1257, 22, 0
0 6 51: 1902, 1, 0
0 6 52: 1902, 0, 0
0 6 53: 1257, 22, 2
0 6 53: 1902, 0, 0
0 6 53: 1938, 5, 0
0 6 54: 1257, 22, 2
0 6 54: 1902, 0, 0
0 6 55: 1257, 22, 1
0 6 55: 1902, 0, 0
0 6 56: 1257, 22, 0
0 6 56: 1902, 0, 0
0 6 56: 1938, 5, 0
0 6 57: 1257, 22, 3
0 6 57: 1902, 0, 0
0 6 58: 1902, 1, 3
0 7 0: 885, 10, 1
0 7 1: 1823, 8, 3
0 7 1: 1902, 9, 3
0 7 2: 1258, 22, 1
0 7 2: 1902, 1, 3
0 7 3: 1258, 22, 0
0 7 4: 1257, 22, 2
0 7 16: 981, 0, 3
0 7 17: 362, 10, 0
0 7 21: 612, 10, 2
0 7 21: 1257, 22, 0
0 7 22: 1257, 22, 2
0 7 24: 1257, 22, 1
0 7 27: 1246, 22, 3
0 7 30: 1257, 22, 0
0 7 33: 1257, 22, 1
0 7 34: 1257, 22, 0
0 7 39: 1257, 22, 1
0 7 40: 1257, 22, 0
0 7 41: 1257, 22, 3
0 7 42: 1257, 22, 0
0 7 43: 1258, 22, 3
0 7 43: 1902, 0, 1
0 7 45: 1257, 22, 1
0 7 45: 1902, 0, 3
0 7 46: 1257, 22, 0
0 8 0: 1902, 9, 3
0 8 1: 1258, 22, 2
0 8 1: 1902, 1, 3
0 8 2: 1257, 22, 2
0 8 3: 1257, 22, 1
0 8 10: 447, 10, 3
0 8 11: 447, 10, 0
0 8 15: 1257, 22, 3
0 8 16: 981, 0, 3
0 8 16: 1257, 22, 2
0 8 17: 357, 10, 2
0 8 18: 1022, 4, 2
0 8 19: 1107, 4, 2
0 8 20: 375, 10, 3
0 8 21: 1257, 22, 0
0 8 22: 357, 10, 2
0 8 22: 1257, 22, 3
0 8 23: 362, 10, 1
0 8 23: 1257, 22, 0
0 8 24: 1257, 22, 2
0 8 25: 1257, 22, 1
0 8 27: 1257, 22, 0
0 8 28: 1257, 22, 3
0 8 29: 1257, 22, 3
0 8 30: 1257, 22, 2
0 8 31: 1257, 22, 2
0 8 32: 1257, 22, 1
0 8 33: 1258, 22, 3
0 8 34: 1258, 22, 2
0 8 38: 1257, 22, 0
0 8 39: 1258, 22, 2
0 8 40: 1257, 22, 2
0 8 41: 1257, 22, 3
0 8 41: 1393, 10, 0
0 8 42: 1258, 22, 0
0 8 43: 1260, 22, 3
0 8 43: 1902, 0, 1
0 8 45: 1902, 0, 3
0 8 45: 1938, 5, 3
0 8 48: 1245, 22, 1
0 8 58: 1276, 10, 0
0 9 0: 1076, 5, 3
0 9 0: 1257, 22, 1
0 9 0: 1902, 0, 3
0 9 1: 1257, 22, 0
0 9 9: 444, 10, 0
0 9 11: 445, 10, 3
0 9 13: 447, 10, 2
0 9 14: 1257, 22, 0
0 9 15: 1257, 22, 3
0 9 16: 981, 0, 3
0 9 16: 1257, 22, 1
0 9 17: 1902, 9, 3
0 9 18: 1902, 0, 0
0 9 19: 1902, 0, 0
0 9 20: 1902, 0, 0
0 9 21: 1902, 0, 0
0 9 22: 1902, 0, 0
0 9 23: 1902, 0, 0
0 9 24: 1902, 0, 0
0 9 25: 1591, 0, 0
0 9 26: 1902, 0, 0
0 9 27: 1902, 2, 0
0 9 28: 364, 10, 2
0 9 28: 1902, 0, 0
0 9 29: 850, 5, 0
0 9 29: 1902, 0, 0
0 9 30: 850, 5, 0
0 9 30: 1902, 0, 0
0 9 31: 1902, 0, 0
0 9 32: 1902, 2, 3
0 9 33: 1871, 5, 0
0 9 33: 1902, 0, 0
0 9 34: 1257, 22, 3
0 9 34: 1902, 0, 3
0 9 37: 1248, 22, 0
0 9 38: 1257, 22, 3
0 9 39: 1257, 22, 0
0 9 39: 1902, 0, 1
0 9 40: 1871, 5, 0
0 9 40: 1902, 0, 0
0 9 41: 1902, 0, 0
0 9 42: 1902, 0, 0
0 9 43: 1902, 0, 0
0 9 45: 1902, 0, 3
0 9 47: 1189, 10, 0
0 9 47: 1257, 22, 2
0 9 56: 1247, 22, 1
0 9 57: 1247, 22, 0
0 9 59: 1246, 22, 3
0 9 61: 1276, 11, 3
0 9 62: 1247, 22, 0
0 10 0: 1902, 0, 3
0 10 5: 1247, 22, 3
0 10 12: 1257, 22, 3
0 10 13: 1257, 22, 3
0 10 14: 327, 10, 1
0 10 14: 1257, 22, 3
0 10 15: 1257, 22, 2
0 10 16: 981, 0, 3
0 10 16: 1902, 9, 3
0 10 17: 1902, 1, 3
0 10 18: 1902, 9, 3
0 10 19: 1174, 10, 1
0 10 19: 1257, 22, 2
0 10 19: 1902, 0, 0
0 10 20: 1257, 22, 0
0 10 20: 1902, 0, 0
0 10 20: 1938, 5, 0
0 10 21: 1257, 22, 1
0 10 21: 1902, 0, 0
0 10 22: 1257, 22, 0
0 10 22: 1902, 0, 0
0 10 23: 1257, 22, 0
0 10 23: 1902, 0, 0
0 10 23: 1938, 5, 0
0 10 24: 1257, 22, 2
0 10 24: 1902, 0, 0
0 10 25: 1257, 22, 3
0 10 25: 1902, 0, 0
0 10 26: 1258, 22, 2
0 10 26: 1902, 0, 0
0 10 26: 1938, 5, 0
0 10 27: 1259, 22, 3
0 10 27: 1902, 2, 0
0 10 28: 354, 10, 0
0 10 31: 594, 10, 2
0 10 32: 1257, 22, 2
0 10 32: 1902, 2, 3
0 10 33: 845, 5, 0
0 10 33: 1257, 22, 2
0 10 33: 1902, 0, 0
0 10 34: 1257, 22, 2
0 10 34: 1902, 3, 3
0 10 38: 1257, 22, 2
0 10 39: 1257, 22, 3
0 10 39: 1902, 3, 0
0 10 40: 845, 5, 0
0 10 40: 1257, 22, 2
0 10 40: 1902, 0, 0
0 10 41: 1257, 22, 1
0 10 41: 1902, 0, 0
0 10 41: 1938, 5, 0
0 10 42: 1257, 22, 0
0 10 42: 1902, 0, 0
0 10 43: 1257, 22, 3
0 10 43: 1902, 0, 0
0 10 43: 1938, 5, 0
0 10 44: 1902, 0, 0
0 10 45: 1902, 3, 3
0 10 46: 1257, 22, 1
0 10 47: 1257, 22, 1
0 10 48: 1257, 22, 3
0 10 55: 1276, 10, 3
0 10 57: 1276, 11, 1
0 10 61: 1247, 22, 1
0 11 10: 447, 10, 1
0 11 11: 447, 10, 0
0 11 11: 1257, 22, 2
0 11 12: 1257, 22, 3
0 11 13: 1257, 22, 0
0 11 14: 1258, 22, 3
0 11 15: 1902, 9, 3
0 11 16: 1902, 1, 3
0 11 17: 1902, 9, 3
0 11 17: 1938, 6, 3
0 11 18: 1259, 22, 2
0 11 18: 1902, 1, 3
0 11 19: 1257, 22, 2
0 11 20: 1257, 22, 1
0 11 22: 1257, 22, 1
0 11 26: 1257, 22, 0
0 11 27: 1258, 22, 1
0 11 27: 1902, 0, 1
0 11 28: 355, 10, 3
0 11 32: 1257, 22, 0
0 11 32: 1902, 0, 3
0 11 33: 1257, 22, 0
0 11 34: 868, 10, 3
0 11 34: 1257, 22, 1
0 11 35: 981, 3, 1
0 11 38: 981, 3, 2
0 11 38: 1257, 22, 0
0 11 39: 868, 10, 3
0 11 39: 1257, 22, 1
0 11 40: 1276, 10, 3
0 11 42: 1257, 22, 2
0 11 43: 1257, 22, 0
0 11 44: 1257, 22, 3
0 11 54: 1247, 22, 2
0 11 54: 1393, 10, 1
0 11 56: 1247, 22, 3
0 11 58: 1245, 22, 0
0 12 8: 1257, 22, 0
0 12 9: 1257, 22, 1
0 12 10: 1257, 22, 2
0 12 11: 1257, 22, 2
0 12 12: 1258, 22, 2
0 12 13: 1258, 22, 3
0 12 14: 1259, 22, 2
0 12 15: 1902, 0, 3
0 12 16: 1902, 9, 3
0 12 17: 1257, 22, 0
0 12 17: 1902, 1, 3
0 12 18: 1258, 22, 1
0 12 19: 1257, 22, 0
0 12 23: 1278, 10, 0
0 12 24: 1246, 22, 0
0 12 27: 1257, 22, 0
0 12 27: 1821, 5, 1
0 12 27: 1902, 0, 1
0 12 28: 1821, 4, 3
0 12 29: 1531, 0, 1
0 12 31: 1821, 4, 1
0 12 32: 1257, 22, 2
0 12 32: 1821, 5, 3
0 12 32: 1902, 0, 3
0 12 33: 1257, 22, 3
0 12 34: 1257, 22, 1
0 12 35: 980, 0, 1
0 12 35: 1257, 22, 0
0 12 38: 980, 0, 3
0 12 39: 1257, 22, 1
0 12 42: 1257, 22, 0
0 12 43: 1257, 22, 3
0 12 44: 1281, 10, 3
0 12 46: 1247, 22, 3
0 12 48: 1276, 11, 2
0 12 59: 1276, 10, 2
0 12 60: 1247, 22, 2
0 12 62: 1276, 11, 2
0 13 1: 1630, 22, 2
0 13 3: 1902, 0, 2
0 13 4: 1854, 0, 2
0 13 6: 1902, 0, 2
0 13 7: 1257, 22, 1
0 13 7: 1854, 0, 2
0 13 8: 1257, 22, 2
0 13 8: 1902, 0, 2
0 13 9: 1257, 22, 3
0 13 9: 1902, 0, 2
0 13 10: 1258, 22, 0
0 13 10: 1825, 5, 2
0 13 10: 1902, 0, 2
0 13 11: 1258, 22, 1
0 13 11: 1902, 0, 2
0 13 12: 1259, 22, 0
0 13 13: 1259, 22, 1
0 13 13: 1825, 5, 2
0 13 13: 1902, 0, 2
0 13 14: 1260, 22, 3
0 13 14: 1902, 0, 2
0 13 15: 1902, 0, 3
0 13 16: 1257, 22, 0
0 13 16: 1902, 0, 3
0 13 17: 1257, 22, 3
0 13 17: 1298, 10, 2
0 13 18: 1257, 22, 0
0 13 19: 1257, 22, 1
0 13 23: 1247, 22, 2
0 13 24: 1247, 22, 1
0 13 27: 1902, 3, 0
0 13 28: 1257, 22, 3
0 13 28: 1902, 0, 0
0 13 30: 1257, 22, 0
0 13 30: 1902, 0, 0
0 13 31: 1257, 22, 1
0 13 31: 1902, 0, 0
0 13 32: 1257, 22, 1
0 13 32: 1902, 3, 3
0 13 33: 1257, 22, 2
0 13 34: 1257, 22, 1
0 13 35: 868, 10, 3
0 13 35: 980, 0, 1
0 13 38: 868, 10, 3
0 13 38: 980, 0, 3
0 13 38: 1257, 22, 3
0 13 39: 1276, 10, 2
0 13 40: 1247, 22, 2
0 13 41: 1257, 22, 1
0 13 41: 1773, 10, 3
0 13 42: 1258, 22, 0
0 13 43: 1773, 10, 1
0 13 45: 1247, 22, 0
0 13 48: 1247, 22, 1
0 13 49: 1247, 22, 3
0 13 56: 1276, 10, 1
0 13 57: 1246, 22, 0
0 13 60: 1247, 22, 3
0 13 62: 1246, 22, 2
0 14 2: 1257, 22, 1
0 14 2: 1902, 1, 1
0 14 3: 196, 4, 0
0 14 3: 1902, 0, 3
0 14 5: 916, 22, 3
0 14 5: 1531, 0, 3
0 14 6: 1025, 10, 0
0 14 8: 695, 10, 0
0 14 8: 1902, 0, 1
0 14 9: 601, 10, 3
0 14 10: 1825, 4, 0
0 14 11: 1088, 10, 0
0 14 12: 1531, 0, 3
0 14 13: 1825, 4, 0
0 14 14: 196, 4, 1
0 14 15: 1902, 0, 3
0 14 16: 1257, 22, 1
0 14 16: 1902, 0, 3
0 14 17: 1257, 22, 2
0 14 18: 1257, 22, 2
0 14 22: 1281, 10, 2
0 14 24: 1247, 22, 2
0 14 25: 1278, 10, 3
0 14 31: 1257, 22, 3
0 14 33: 1257, 22, 0
0 14 34: 1257, 22, 3
0 14 35: 980, 0, 1
0 14 37: 1248, 22, 1
0 14 38: 980, 0, 3
0 14 38: 1257, 22, 3
0 14 41: 1257, 22, 0
0 14 42: 1257, 22, 2
0 14 43: 1257, 22, 0
0 14 49: 1393, 10, 2
0 14 52: 1276, 10, 2
0 14 53: 1247, 22, 0
0 14 60: 1276, 10, 1
0 15 0: 1630, 22, 1
0 15 1: 1257, 22, 2
0 15 1: 1902, 1, 1
0 15 2: 1854, 9, 1
0 15 4: 917, 22, 3
0 15 5: 917, 22, 0
0 15 8: 694, 10, 0
0 15 8: 1902, 0, 1
0 15 12: 2739, 22, 0
0 15 14: 354, 10, 2
0 15 14: 687, 22, 2
0 15 15: 1902, 0, 3
0 15 16: 1257, 22, 3
0 15 16: 1902, 0, 3
0 15 17: 1257, 22, 1
0 15 22: 1247, 22, 3
0 15 26: 1247, 22, 1
0 15 31: 1247, 22, 3
0 15 32: 1257, 22, 3
0 15 33: 1257, 22, 1
0 15 34: 1258, 22, 2
0 15 35: 980, 0, 1
0 15 35: 1257, 22, 2
0 15 38: 980, 0, 3
0 15 38: 1281, 10, 2
0 15 39: 1247, 22, 1
0 15 41: 1773, 10, 3
0 15 42: 1257, 22, 3
0 15 43: 1257, 22, 2
0 15 43: 1773, 10, 1
0 15 52: 1247, 22, 3
0 15 55: 1276, 11, 0
0 15 58: 1276, 11, 1
0 15 59: 1247, 22, 0
0 16 0: 1257, 22, 3
0 16 1: 1258, 22, 0
0 16 1: 1854, 0, 1
0 16 2: 817, 10, 0
0 16 4: 607, 10, 1
0 16 4: 918, 22, 2
0 16 5: 918, 22, 0
0 16 6: 612, 10, 1
0 16 8: 196, 5, 1
0 16 8: 1902, 0, 1
0 16 9: 1088, 10, 1
0 16 10: 917, 22, 3
0 16 10: 1088, 10, 1
0 16 11: 917, 22, 0
0 16 13: 354, 10, 3
0 16 14: 366, 10, 2
0 16 15: 1902, 0, 3
0 16 15: 1902, 9, 3
0 16 16: 1257, 22, 3
0 16 16: 1902, 0, 3
0 16 17: 1257, 22, 2
0 16 20: 1278, 10, 0
0 16 21: 1247, 22, 3
0 16 23: 1246, 22, 0
0 16 24: 1247, 22, 3
0 16 28: 1276, 11, 1
0 16 30: 1247, 22, 0
0 16 32: 1257, 22, 0
0 16 33: 1258, 22, 2
0 16 34: 1258, 22, 3
0 16 35: 980, 0, 1
0 16 35: 1257, 22, 1
0 16 38: 980, 0, 3
0 16 39: 1247, 22, 0
0 16 41: 1276, 11, 3
0 16 42: 1247, 22, 2
0 16 47: 1189, 10, 0
0 16 49: 1248, 22, 2
0 16 55: 1247, 22, 2
0 16 56: 1247, 22, 1
0 16 57: 1254, 22, 2
0 16 58: 1247, 22, 1
0 17 0: 1257, 22, 0
0 17 1: 1258, 22, 1
0 17 1: 1854, 0, 1
0 17 2: 297, 10, 0
0 17 4: 918, 22, 2
0 17 5: 918, 22, 0
0 17 6: 2760, 22, 0
0 17 7: 1088, 10, 1
0 17 8: 1902, 0, 1
0 17 9: 196, 4, 3
0 17 10: 918, 22, 2
0 17 11: 918, 22, 0
0 17 13: 355, 10, 0
0 17 14: 1902, 9, 3
0 17 15: 1257, 22, 0
0 17 15: 1902, 1, 3
0 17 16: 1902, 0, 3
0 17 19: 1253, 22, 2
0 17 20: 1247, 22, 1
0 17 21: 1265, 22, 1
0 17 22: 1246, 22, 1
0 17 29: 1247, 22, 1
0 17 31: 1257, 22, 2
0 17 32: 1281, 10, 1
0 17 33: 1258, 22, 1
0 17 35: 980, 0, 1
0 17 35: 1124, 10, 1
0 17 35: 1257, 22, 0
0 17 37: 336, 22, 2
0 17 38: 980, 0, 3
0 17 38: 1124, 10, 1
0 17 40: 1247, 22, 3
0 17 42: 1247, 22, 3
0 17 47: 444, 10, 1
0 17 48: 1247, 22, 0
0 17 49: 444, 10, 2
0 17 52: 1248, 22, 0
0 17 54: 1253, 22, 2
0 17 56: 1247, 22, 2
0 18 0: 1258, 22, 3
0 18 1: 1258, 22, 2
0 18 1: 1902, 1, 0
0 18 2: 1854, 9, 0
0 18 4: 917, 22, 2
0 18 5: 917, 22, 1
0 18 8: 196, 5, 1
0 18 8: 1902, 0, 1
0 18 9: 417, 10, 1
0 18 10: 917, 22, 2
0 18 11: 917, 22, 1
0 18 12: 366, 10, 2
0 18 13: 1825, 8, 3
0 18 13: 1902, 9, 3
0 18 14: 1257, 22, 0
0 18 14: 1902, 1, 3
0 18 15: 1257, 22, 2
0 18 16: 1902, 0, 3
0 18 17: 1265, 22, 0
0 18 20: 1254, 22, 2
0 18 24: 1281, 10, 0
0 18 25: 1247, 22, 3
0 18 26: 1246, 22, 3
0 18 27: 1253, 22, 2
0 18 28: 1278, 10, 2
0 18 29: 1247, 22, 0
0 18 31: 1257, 22, 2
0 18 32: 1257, 22, 1
0 18 33: 1257, 22, 3
0 18 34: 980, 1, 1
0 18 34: 1257, 22, 0
0 18 35: 980, 9, 1
0 18 38: 980, 9, 2
0 18 39: 980, 1, 2
0 18 40: 1276, 11, 2
0 18 42: 1276, 11, 1
0 18 43: 1248, 22, 0
0 18 47: 1247, 22, 1
0 18 48: 1247, 22, 3
0 18 50: 1247, 22, 2
0 18 55: 1248, 22, 3
0 18 57: 1257, 22, 3
0 18 58: 1257, 22, 2
0 19 0: 1902, 1, 1
0 19 1: 1902, 9, 1
0 19 2: 1902, 0, 0
0 19 3: 694, 10, 1
0 19 3: 1902, 0, 3
0 19 5: 196, 4, 2
0 19 6: 1747, 10, 1
0 19 7: 196, 4, 2
0 19 8: 1025, 10, 2
0 19 8: 1902, 0, 1
0 19 10: 604, 10, 1
0 19 10: 1825, 4, 2
0 19 11: 196, 4, 2
0 19 12: 1902, 9, 3
0 19 13: 1257, 22, 2
0 19 13: 1902, 1, 3
0 19 14: 1257, 22, 3
0 19 15: 1257, 22, 0
0 19 16: 1902, 0, 3
0 19 18: 1254, 22, 2
0 19 22: 1248, 22, 1
0 19 24: 1247, 22, 2
0 19 28: 1265, 22, 1
0 19 29: 1253, 22, 2
0 19 31: 1257, 22, 3
0 19 32: 981, 3, 1
0 19 33: 980, 0, 2
0 19 34: 980, 9, 1
0 19 38: 827, 22, 3
0 19 39: 980, 9, 2
0 19 40: 980, 0, 2
0 19 40: 1247, 22, 2
0 19 41: 980, 1, 2
0 19 42: 1253, 22, 2
0 19 43: 1265, 22, 0
0 19 47: 445, 10, 3
0 19 49: 980, 1, 1
0 19 50: 980, 0, 2
0 19 51: 980, 0, 2
0 19 52: 980, 0, 2
0 19 53: 981, 3, 2
0 19 54: 1257, 22, 3
0 19 55: 1257, 22, 1
0 19 56: 1257, 22, 2
0 19 57: 1258, 22, 0
0 19 58: 1257, 22, 0
0 19 59: 1257, 22, 1
0 19 60: 1257, 22, 0
0 19 61: 1257, 22, 3
0 20 0: 1630, 22, 3
0 20 0: 1902, 9, 1
0 20 2: 1902, 9, 3
0 20 2: 1938, 6, 3
0 20 3: 1260, 22, 1
0 20 3: 1902, 0, 0
0 20 4: 1259, 22, 0
0 20 4: 1530, 0, 0
0 20 5: 1259, 22, 3
0 20 5: 1902, 0, 0
0 20 6: 1258, 22, 2
0 20 6: 1902, 0, 0
0 20 7: 1258, 22, 1
0 20 7: 1902, 0, 0
0 20 8: 1257, 22, 3
0 20 8: 1902, 0, 0
0 20 9: 1257, 22, 2
0 20 9: 1902, 0, 0
0 20 10: 1257, 22, 1
0 20 10: 1825, 5, 0
0 20 10: 1902, 0, 0
0 20 11: 1902, 0, 0
0 20 12: 1257, 22, 2
0 20 12: 1902, 1, 3
0 20 13: 1257, 22, 1
0 20 14: 1170, 10, 2
0 20 14: 1257, 22, 1
0 20 16: 1253, 22, 2
0 20 16: 1902, 0, 3
0 20 17: 1253, 22, 2
0 20 18: 1247, 22, 1
0 20 18: 1276, 10, 2
0 20 19: 1247, 22, 3
0 20 25: 1257, 22, 2
0 20 26: 1257, 22, 0
0 20 27: 1257, 22, 3
0 20 28: 1258, 22, 2
0 20 29: 1257, 22, 1
0 20 30: 1257, 22, 0
0 20 31: 980, 1, 1
0 20 32: 980, 9, 1
0 20 35: 336, 22, 3
0 20 38: 1248, 22, 1
0 20 41: 980, 9, 2
0 20 42: 981, 3, 2
0 20 43: 981, 3, 1
0 20 44: 980, 0, 2
0 20 45: 980, 0, 2
0 20 46: 980, 0, 2
0 20 47: 980, 0, 2
0 20 48: 980, 0, 2
0 20 48: 1246, 22, 3
0 20 49: 980, 9, 1
0 20 55: 1257, 22, 0
0 20 56: 1258, 22, 3
0 20 57: 1260, 22, 2
0 20 58: 1259, 22, 1
0 20 59: 1257, 22, 1
0 20 60: 1257, 22, 2
0 21 1: 1902, 9, 3
0 21 2: 1902, 1, 3
0 21 7: 1257, 22, 3
0 21 8: 1170, 10, 2
0 21 8: 1257, 22, 0
0 21 11: 1170, 10, 3
0 21 11: 1257, 22, 0
0 21 14: 1257, 22, 2
0 21 15: 1248, 22, 2
0 21 16: 1902, 0, 3
0 21 17: 1265, 22, 2
0 21 19: 1247, 22, 0
0 21 27: 1258, 22, 3
0 21 28: 1259, 22, 3
0 21 29: 1257, 22, 1
0 21 30: 980, 1, 1
0 21 30: 1257, 22, 3
0 21 31: 980, 9, 1
0 21 35: 980, 9, 3
0 21 36: 980, 0, 0
0 21 36: 1257, 22, 3
0 21 37: 980, 9, 0
0 21 42: 336, 22, 1
0 21 50: 336, 22, 0
0 21 57: 1258, 22, 3
0 21 58: 1257, 22, 2
0 22 0: 1902, 9, 3
0 22 0: 1938, 6, 3
0 22 1: 1257, 22, 1
0 22 1: 1902, 1, 3
0 22 2: 1257, 22, 0
0 22 3: 1257, 22, 2
0 22 4: 1257, 22, 3
0 22 5: 1257, 22, 0
0 22 6: 1170, 10, 3
0 22 9: 1170, 10, 2
0 22 13: 1170, 10, 0
0 22 13: 1257, 22, 1
0 22 14: 1257, 22, 3
0 22 16: 1902, 0, 3
0 22 18: 1254, 22, 2
0 22 21: 1248, 22, 1
0 22 26: 1257, 22, 1
0 22 27: 1257, 22, 3
0 22 28: 1173, 10, 1
0 22 28: 1257, 22, 0
0 22 29: 980, 1, 1
0 22 29: 1257, 22, 1
0 22 30: 980, 9, 1
0 22 31: 1248, 22, 0
0 22 33: 980, 9, 3
0 22 34: 980, 0, 0
0 22 34: 1298, 10, 3
0 22 35: 981, 3, 3
0 22 35: 1257, 22, 0
0 22 36: 1259, 22, 1
0 22 37: 980, 1, 0
0 22 37: 1257, 22, 1
0 22 38: 980, 0, 0
0 22 39: 980, 0, 0
0 22 39: 1257, 22, 2
0 22 40: 980, 9, 0
0 22 45: 1248, 22, 3
0 22 46: 1248, 22, 3
0 22 51: 1257, 22, 3
0 22 52: 1257, 22, 1
0 22 56: 336, 22, 3
0 22 58: 1248, 22, 2
0 22 61: 1257, 22, 3
0 23 0: 1257, 22, 1
0 23 0: 1902, 1, 3
0 23 1: 1257, 22, 2
0 23 2: 1257, 22, 1
0 23 3: 1257, 22, 1
0 23 4: 1257, 22, 0
0 23 9: 336, 22, 0
0 23 13: 1257, 22, 3
0 23 14: 1258, 22, 0
0 23 15: 1258, 22, 1
0 23 15: 1902, 9, 3
0 23 16: 1276, 10, 3
0 23 16: 1902, 3, 3
0 23 17: 1265, 22, 3
0 23 21: 1257, 22, 2
0 23 22: 1257, 22, 1
0 23 27: 1257, 22, 3
0 23 28: 981, 3, 1
0 23 28: 1257, 22, 0
0 23 29: 980, 9, 1
0 23 32: 980, 9, 3
0 23 33: 980, 1, 3
0 23 33: 1257, 22, 1
0 23 34: 1257, 22, 2
0 23 35: 1258, 22, 3
0 23 36: 1257, 22, 2
0 23 37: 1259, 22, 0
0 23 38: 1257, 22, 3
0 23 39: 1257, 22, 1
0 23 40: 981, 3, 0
0 23 41: 980, 0, 0
0 23 42: 980, 9, 0
0 23 48: 980, 9, 3
0 23 49: 980, 0, 0
0 23 50: 980, 9, 0
0 23 51: 1257, 22, 3
0 23 52: 1259, 22, 3
0 23 53: 1258, 22, 0
0 23 54: 1259, 22, 2
0 23 60: 1257, 22, 2
0 23 61: 1258, 22, 0
0 23 62: 1257, 22, 2
0 24 0: 1257, 22, 3
0 24 0: 1902, 0, 0
0 24 1: 1257, 22, 2
0 24 1: 1902, 0, 0
0 24 2: 1902, 0, 0
0 24 3: 1257, 22, 1
0 24 3: 1902, 0, 0
0 24 4: 1257, 22, 0
0 24 4: 1902, 0, 0
0 24 5: 1902, 0, 0
0 24 6: 1902, 0, 0
0 24 7: 1902, 0, 0
0 24 8: 1902, 0, 0
0 24 9: 1902, 0, 0
0 24 10: 1902, 0, 0
0 24 11: 1902, 0, 0
0 24 12: 1902, 0, 0
0 24 13: 1244, 22, 0
0 24 13: 1902, 0, 0
0 24 14: 1257, 22, 1
0 24 14: 1902, 0, 0
0 24 15: 1257, 22, 2
0 24 15: 1902, 3, 3
0 24 16: 1257, 22, 3
0 24 19: 1248, 22, 2
0 24 20: 1173, 10, 1
0 24 21: 1257, 22, 1
0 24 22: 1257, 22, 3
0 24 27: 336, 22, 2
0 24 31: 980, 9, 3
0 24 32: 980, 1, 3
0 24 32: 1258, 22, 0
0 24 33: 1257, 22, 3
0 24 34: 1257, 22, 3
0 24 35: 1257, 22, 0
0 24 36: 1257, 22, 1
0 24 37: 1257, 22, 2
0 24 38: 1257, 22, 3
0 24 39: 1257, 22, 1
0 24 40: 1257, 22, 2
0 24 41: 1257, 22, 2
0 24 42: 981, 3, 0
0 24 43: 980, 0, 0
0 24 44: 981, 3, 3
0 24 45: 981, 3, 0
0 24 46: 980, 0, 0
0 24 47: 980, 0, 0
0 24 48: 981, 3, 3
0 24 49: 1278, 10, 1
0 24 50: 981, 3, 0
0 24 50: 1265, 22, 3
0 24 51: 1258, 22, 1
0 24 52: 1260, 22, 0
0 24 53: 1260, 22, 1
0 24 54: 1259, 22, 1
0 24 55: 1257, 22, 0
0 24 57: 1257, 22, 0
0 24 58: 1257, 22, 3
0 24 59: 1257, 22, 2
0 24 60: 1257, 22, 0
0 24 61: 1257, 22, 1
0 25 3: 1341, 10, 2
0 25 7: 1257, 22, 2
0 25 8: 1258, 22, 1
0 25 9: 1257, 22, 3
0 25 13: 1257, 22, 1
0 25 14: 1257, 22, 0
0 25 15: 1257, 22, 0
0 25 16: 1257, 22, 3
0 25 20: 1257, 22, 3
0 25 21: 1257, 22, 0
0 25 22: 1259, 22, 0
0 25 23: 1257, 22, 2
0 25 24: 1257, 22, 1
0 25 30: 980, 9, 3
0 25 31: 980, 1, 3
0 25 33: 1257, 22, 0
0 25 34: 1257, 22, 0
0 25 35: 1257, 22, 1
0 25 36: 1173, 10, 2
0 25 36: 1257, 22, 2
0 25 37: 1257, 22, 2
0 25 38: 1257, 22, 3
0 25 49: 1247, 22, 1
0 25 52: 1258, 22, 2
0 25 53: 1258, 22, 3
0 25 54: 1257, 22, 2
0 25 55: 1257, 22, 2
0 25 56: 1257, 22, 3
0 25 58: 1257, 22, 0
0 25 60: 1278, 10, 2
0 25 61: 1253, 22, 2
0 26 7: 1257, 22, 1
0 26 8: 1259, 22, 2
0 26 9: 1258, 22, 0
0 26 9: 1341, 10, 3
0 26 10: 1257, 22, 0
0 26 16: 336, 22, 1
0 26 19: 1257, 22, 1
0 26 20: 1257, 22, 1
0 26 21: 1257, 22, 3
0 26 22: 1257, 22, 0
0 26 23: 1257, 22, 0
0 26 24: 1257, 22, 3
0 26 27: 1257, 22, 3
0 26 27: 1298, 10, 0
0 26 28: 981, 3, 0
0 26 28: 1257, 22, 3
0 26 29: 980, 0, 0
0 26 29: 1257, 22, 0
0 26 30: 980, 1, 3
0 26 31: 1257, 22, 0
0 26 52: 1257, 22, 1
0 26 54: 1257, 22, 0
0 26 55: 1257, 22, 1
0 26 58: 1278, 10, 2
0 26 59: 1265, 22, 0
0 26 61: 1265, 22, 2
0 27 6: 1257, 22, 3
0 27 7: 1257, 22, 3
0 27 8: 1257, 22, 2
0 27 9: 1257, 22, 3
0 27 10: 1257, 22, 3
0 27 11: 1244, 22, 1
0 27 15: 1248, 22, 0
0 27 18: 1257, 22, 2
0 27 19: 1257, 22, 0
0 27 20: 1257, 22, 2
0 27 22: 1257, 22, 0
0 27 26: 1257, 22, 3
0 27 27: 1257, 22, 2
0 27 29: 1248, 22, 3
0 27 30: 1257, 22, 3
0 27 31: 1258, 22, 0
0 27 32: 1257, 22, 1
0 27 37: 1248, 22, 1
0 27 58: 1248, 22, 2
0 27 60: 1253, 22, 2
0 27 63: 1254, 22, 2
0 28 5: 1257, 22, 1
0 28 5: 1300, 10, 1
0 28 6: 1257, 22, 3
0 28 7: 1257, 22, 0
0 28 8: 1257, 22, 0
0 28 9: 1257, 22, 3
0 28 10: 1257, 22, 2
0 28 18: 1299, 10, 2
0 28 20: 1257, 22, 2
0 28 27: 1257, 22, 3
0 28 28: 1257, 22, 0
0 28 29: 1257, 22, 2
0 28 30: 1257, 22, 3
0 28 31: 1257, 22, 2
0 29 3: 1393, 10, 3
0 29 7: 1341, 10, 3
0 29 9: 1257, 22, 1
0 29 14: 1341, 10, 3
0 29 26: 1257, 22, 0
0 29 28: 1257, 22, 1
0 29 29: 1258, 22, 0
0 29 33: 1248, 22, 2
0 29 36: 1297, 10, 3
0 30 7: 1393, 10, 2
0 30 12: 1393, 10, 1
0 30 27: 1257, 22, 1
0 30 28: 1257, 22, 2
0 30 29: 1257, 22, 1
0 30 41: 1264, 22, 1
0 30 46: 1297, 10, 0
0 30 53: 1264, 22, 2
0 31 3: 1630, 22, 2
0 31 57: 1248, 22, 0
0 31 61: 1276, 10, 1
0 32 0: 980, 0, 0
0 32 1: 980, 0, 0
0 32 2: 980, 0, 0
0 32 3: 980, 0, 0
0 32 4: 992, 0, 0
0 32 5: 980, 0, 0
0 32 6: 992, 0, 0
0 32 7: 991, 0, 0
0 32 8: 980, 0, 0
0 32 9: 980, 0, 0
0 32 10: 980, 0, 0
0 32 11: 980, 0, 0
0 32 12: 992, 0, 0
0 32 13: 991, 0, 0
0 32 14: 980, 0, 0
0 32 15: 980, 0, 0
0 32 16: 980, 0, 0
0 32 17: 980, 0, 0
0 32 18: 980, 0, 0
0 32 19: 980, 0, 0
0 32 20: 980, 0, 0
0 32 21: 980, 0, 0
0 32 21: 1248, 22, 3
0 32 22: 980, 0, 0
0 32 22: 1248, 22, 3
0 32 23: 980, 0, 0
0 32 24: 980, 0, 0
0 32 25: 980, 0, 0
0 32 26: 980, 0, 0
0 32 27: 980, 0, 0
0 32 28: 980, 0, 0
0 32 29: 980, 0, 0
0 32 30: 980, 0, 0
0 32 31: 980, 0, 0
0 32 31: 1278, 10, 1
0 32 32: 980, 0, 0
0 32 33: 980, 0, 0
0 32 34: 980, 0, 0
0 32 35: 980, 0, 0
0 32 36: 980, 0, 0
0 32 36: 1254, 22, 2
0 32 37: 980, 0, 0
0 32 38: 980, 0, 0
0 32 39: 980, 0, 0
0 32 40: 980, 0, 0
0 32 41: 980, 0, 0
0 32 42: 980, 0, 0
0 32 43: 980, 0, 0
0 32 44: 980, 0, 0
0 32 45: 980, 9, 0
0 32 48: 980, 9, 3
0 32 49: 980, 0, 0
0 32 50: 980, 0, 0
0 32 51: 980, 0, 0
0 32 52: 980, 0, 0
0 32 53: 980, 0, 0
0 32 54: 980, 0, 0
0 32 54: 1278, 10, 1
0 32 55: 980, 0, 0
0 32 55: 1244, 22, 0
0 32 56: 980, 0, 0
0 32 57: 980, 0, 0
0 32 58: 980, 0, 0
0 32 59: 980, 0, 0
0 32 60: 980, 9, 0
0 32 61: 1244, 22, 3
0 32 63: 980, 9, 3
0 33 14: 1253, 22, 0
0 33 31: 1247, 22, 3
0 33 32: 1248, 22, 1
0 33 38: 1278, 10, 3
0 33 42: 1276, 10, 3
0 33 45: 980, 1, 0
0 33 46: 980, 0, 0
0 33 47: 980, 0, 0
0 33 47: 1245, 22, 0
0 33 48: 980, 1, 3
0 33 55: 1248, 22, 0
0 33 60: 980, 1, 0
0 33 61: 980, 0, 0
0 33 62: 980, 0, 0
0 33 63: 980, 1, 3
0 34 5: 1278, 10, 0
0 34 11: 1393, 10, 3
0 34 33: 1254, 22, 2
0 34 38: 1248, 22, 3
0 34 48: 1276, 10, 1
0 34 52: 1246, 22, 0
0 35 8: 1254, 22, 2
0 35 12: 1253, 22, 1
0 35 14: 1276, 10, 1
0 35 26: 1276, 10, 1
0 35 27: 1265, 22, 3
0 35 28: 1265, 22, 2
0 35 32: 1253, 22, 2
0 35 35: 1254, 22, 2
0 35 36: 1254, 22, 2
0 35 41: 1254, 22, 2
0 35 42: 1254, 22, 2
0 35 43: 1244, 22, 2
0 35 48: 1248, 22, 1
0 36 1: 1278, 10, 1
0 36 18: 1264, 22, 0
0 36 22: 1278, 10, 1
0 36 26: 1247, 22, 0
0 36 31: 1253, 22, 2
0 36 35: 1281, 10, 2
0 36 36: 1247, 22, 2
0 36 43: 1244, 22, 3
0 37 9: 1253, 22, 2
0 37 22: 1247, 22, 1
0 37 24: 1281, 10, 1
0 37 26: 1248, 22, 1
0 37 29: 1278, 10, 1
0 37 32: 1286, 10, 0
0 37 34: 1253, 22, 2
0 37 35: 1248, 22, 2
0 37 37: 1253, 22, 2
0 37 40: 1276, 10, 2
0 37 44: 1254, 22, 2
0 37 48: 1253, 22, 2
0 37 52: 1278, 10, 0
0 37 53: 1248, 22, 2
0 37 55: 1278, 10, 1
0 37 61: 1276, 10, 1
0 38 12: 1255, 22, 0
0 38 20: 174, 22, 3
0 38 23: 1253, 22, 2
0 38 26: 1264, 22, 1
0 38 29: 1264, 22, 2
0 38 31: 1244, 22, 1
0 38 35: 1264, 22, 3
0 38 36: 1265, 22, 3
0 38 37: 1253, 22, 2
0 38 39: 1253, 22, 2
0 38 40: 1248, 22, 0
0 38 42: 1253, 22, 2
0 38 43: 1253, 22, 2
0 38 45: 1254, 22, 2
0 38 45: 1278, 10, 1
0 38 46: 1253, 22, 2
0 38 47: 1265, 22, 0
0 38 55: 1248, 22, 3
0 38 56: 1264, 22, 2
0 38 61: 1244, 22, 2
0 39 8: 1393, 10, 0
0 39 19: 1253, 22, 2
0 39 20: 1253, 22, 2
0 39 21: 1254, 22, 2
0 39 22: 1254, 22, 2
0 39 25: 1265, 22, 3
0 39 26: 1253, 22, 2
0 39 27: 1253, 22, 2
0 39 28: 1253, 22, 2
0 39 33: 1255, 22, 2
0 39 35: 1253, 22, 2
0 39 39: 1253, 22, 2
0 39 45: 1248, 22, 0
0 39 46: 1253, 22, 2
0 39 51: 1253, 22, 2
0 40 9: 1255, 22, 1
0 40 21: 1254, 22, 2
0 40 22: 1276, 10, 0
0 40 23: 1247, 22, 2
0 40 24: 1255, 22, 2
0 40 27: 1253, 22, 2
0 40 28: 1278, 10, 3
0 40 29: 1254, 22, 2
0 40 33: 1278, 10, 1
0 40 34: 1255, 22, 2
0 40 36: 1244, 22, 0
0 40 37: 1253, 22, 2
0 40 38: 1282, 10, 2
0 40 39: 1265, 22, 0
0 40 41: 1286, 10, 1
0 40 45: 1244, 22, 1
0 40 46: 1248, 22, 0
0 40 49: 1278, 10, 2
0 40 51: 1253, 22, 2
0 40 55: 1255, 22, 2
0 41 10: 1276, 10, 2
0 41 12: 1254, 22, 3
0 41 15: 1276, 10, 3
0 41 22: 1255, 22, 2
0 41 23: 1255, 22, 2
0 41 26: 1255, 22, 2
0 41 28: 1248, 22, 3
0 41 32: 1244, 22, 3
0 41 34: 1253, 22, 2
0 41 35: 1255, 22, 2
0 41 41: 1253, 22, 2
0 41 43: 1253, 22, 2
0 41 44: 1253, 22, 2
0 41 44: 1281, 10, 1
0 41 45: 1248, 22, 3
0 41 49: 1264, 22, 1
0 41 50: 1248, 22, 1
0 42 2: 1265, 22, 0
0 42 15: 1253, 22, 2
0 42 18: 1278, 10, 1
0 42 25: 1253, 22, 2
0 42 26: 1255, 22, 2
0 42 33: 1253, 22, 2
0 42 36: 1245, 22, 0
0 42 37: 1245, 22, 2
0 42 37: 1276, 10, 2
0 42 40: 1253, 22, 2
0 42 40: 1278, 10, 0
0 42 44: 1264, 22, 0
0 42 46: 1265, 22, 3
0 42 47: 1254, 22, 2
0 42 48: 1278, 10, 0
0 42 51: 1253, 22, 2
0 42 53: 1278, 10, 3
0 42 60: 1248, 22, 1
0 43 6: 1276, 10, 0
0 43 20: 1255, 22, 2
0 43 23: 1286, 10, 2
0 43 25: 1253, 22, 2
0 43 28: 1253, 22, 2
0 43 29: 1253, 22, 2
0 43 30: 1254, 22, 2
0 43 33: 1281, 10, 2
0 43 34: 1264, 22, 0
0 43 39: 1253, 22, 2
0 43 41: 1248, 22, 1
0 43 43: 1254, 22, 2
0 43 44: 1253, 22, 2
0 43 45: 1247, 22, 2
0 43 48: 1247, 22, 3
0 43 49: 1248, 22, 2
0 43 50: 1253, 22, 2
0 43 55: 1255, 22, 2
0 44 11: 1393, 10, 0
0 44 16: 1254, 22, 2
0 44 20: 1244, 22, 3
0 44 21: 1276, 10, 1
0 44 24: 1253, 22, 2
0 44 26: 1281, 10, 0
0 44 27: 1264, 22, 0
0 44 29: 1255, 22, 2
0 44 30: 1278, 10, 3
0 44 33: 1248, 22, 0
0 44 35: 1163, 10, 1
0 44 35: 1255, 22, 2
0 44 36: 1254, 22, 2
0 44 40: 1254, 22, 2
0 44 42: 1118, 10, 3
0 44 45: 1253, 22, 2
0 44 50: 1244, 22, 2
0 45 17: 1281, 10, 2
0 45 22: 1253, 22, 2
0 45 23: 1253, 22, 2
0 45 24: 1253, 22, 2
0 45 26: 1247, 22, 3
0 45 28: 1265, 22, 3
0 45 31: 1247, 22, 0
0 45 34: 1255, 22, 2
0 45 37: 1256, 22, 2
0 45 39: 1286, 10, 3
0 45 45: 1253, 22, 2
0 45 46: 1253, 22, 2
0 45 48: 1253, 22, 2
0 45 51: 1282, 10, 2
0 45 60: 1248, 22, 3
0 46 14: 1278, 10, 2
0 46 16: 1264, 22, 0
0 46 19: 1247, 22, 2
0 46 22: 1253, 22, 2
0 46 27: 1248, 22, 2
0 46 30: 1253, 22, 2
0 46 32: 1163, 10, 0
0 46 36: 1253, 22, 2
0 46 36: 1278, 10, 2
0 46 39: 1244, 22, 0
0 46 41: 1255, 22, 2
0 46 42: 1255, 22, 2
0 46 45: 1254, 22, 2
0 46 46: 1253, 22, 2
0 46 48: 1253, 22, 2
0 46 55: 1278, 10, 0
0 47 1: 1300, 10, 2
0 47 5: 1300, 10, 3
0 47 9: 1300, 10, 3
0 47 14: 1253, 22, 2
0 47 17: 1247, 22, 3
0 47 22: 1253, 22, 2
0 47 23: 1278, 10, 0
0 47 25: 1255, 22, 2
0 47 27: 1255, 22, 2
0 47 30: 1276, 10, 0
0 47 34: 1244, 22, 2
0 47 40: 1281, 10, 3
0 47 41: 1265, 22, 3
0 47 42: 1248, 22, 2
0 47 44: 1282, 10, 2
0 47 47: 1281, 10, 0
0 47 48: 1248, 22, 3
0 47 49: 1265, 22, 3
0 47 50: 1253, 22, 2
0 47 51: 1254, 22, 2
0 47 52: 1254, 22, 2
0 47 52: 1278, 10, 3
0 47 55: 1248, 22, 3
0 48 14: 1253, 22, 2
0 48 20: 1253, 22, 2
0 48 22: 1264, 22, 3
0 48 24: 1253, 22, 2
0 48 25: 1255, 22, 2
0 48 27: 1278, 10, 2
0 48 28: 1255, 22, 2
0 48 31: 1247, 22, 1
0 48 40: 1246, 22, 0
0 48 45: 1254, 22, 2
0 48 47: 1254, 22, 2
0 48 49: 1264, 22, 2
0 48 52: 1264, 22, 3
0 48 53: 1248, 22, 2
0 49 15: 1278, 10, 3
0 49 27: 1264, 22, 1
0 49 28: 1255, 22, 2
0 49 29: 1253, 22, 2
0 49 31: 1255, 22, 2
0 49 33: 1276, 10, 3
0 49 34: 1264, 22, 3
0 49 37: 1257, 22, 1
0 49 38: 1257, 22, 0
0 49 39: 1257, 22, 3
0 49 40: 1253, 22, 1
0 49 41: 1264, 22, 3
0 49 42: 1247, 22, 1
0 49 43: 1255, 22, 2
0 49 44: 1255, 22, 2
0 49 45: 1255, 22, 2
0 49 48: 1247, 22, 1
0 49 49: 1254, 22, 2
0 49 50: 1254, 22, 2
0 49 57: 1244, 22, 0
0 50 19: 1278, 10, 3
0 50 20: 1247, 22, 1
0 50 24: 1276, 10, 3
0 50 27: 1254, 22, 2
0 50 35: 1393, 10, 3
0 50 37: 1258, 22, 2
0 50 38: 1258, 22, 1
0 50 39: 1258, 22, 0
0 50 40: 1258, 22, 0
0 50 41: 1257, 22, 1
0 50 42: 1257, 22, 1
0 50 47: 1244, 22, 1
0 50 52: 1253, 22, 2
0 50 54: 1282, 10, 2
0 51 2: 1265, 22, 0
0 51 15: 1254, 22, 2
0 51 16: 1253, 22, 2
0 51 18: 1253, 22, 2
0 51 19: 1253, 22, 2
0 51 23: 1253, 22, 2
0 51 24: 1253, 22, 2
0 51 25: 1255, 22, 2
0 51 28: 1244, 22, 2
0 51 30: 1255, 22, 2
0 51 34: 1257, 22, 3
0 51 35: 1257, 22, 0
0 51 36: 1258, 22, 3
0 51 37: 1259, 22, 2
0 51 38: 1259, 22, 3
0 51 39: 1259, 22, 2
0 51 40: 1257, 22, 2
0 51 41: 1257, 22, 3
0 51 43: 1257, 22, 0
0 51 45: 1278, 10, 0
0 51 48: 1282, 10, 2
0 51 53: 1253, 22, 2
0 51 57: 1255, 22, 2
0 51 61: 1276, 10, 1
0 52 27: 1254, 22, 2
0 52 30: 1255, 22, 2
0 52 30: 1391, 10, 3
0 52 31: 1247, 22, 2
0 52 33: 1257, 22, 0
0 52 34: 1257, 22, 2
0 52 35: 1257, 22, 2
0 52 36: 1258, 22, 0
0 52 37: 1259, 22, 1
0 52 38: 1260, 22, 0
0 52 39: 1259, 22, 1
0 52 40: 1258, 22, 2
0 52 41: 1257, 22, 2
0 52 42: 1257, 22, 2
0 52 42: 1282, 10, 2
0 52 43: 1257, 22, 0
0 52 49: 1253, 22, 2
0 52 51: 1281, 10, 3
0 52 52: 1248, 22, 0
0 53 18: 1254, 22, 2
0 53 19: 1254, 22, 2
0 53 21: 1276, 10, 0
0 53 25: 1255, 22, 2
0 53 26: 1255, 22, 2
0 53 30: 1255, 22, 2
0 53 31: 1264, 22, 2
0 53 32: 1257, 22, 1
0 53 33: 1257, 22, 1
0 53 35: 1257, 22, 2
0 53 36: 1258, 22, 0
0 53 37: 1259, 22, 0
0 53 38: 1259, 22, 2
0 53 39: 1258, 22, 3
0 53 40: 1258, 22, 1
0 53 41: 1257, 22, 2
0 53 42: 1257, 22, 3
0 53 46: 1276, 10, 2
0 53 50: 1253, 22, 2
0 53 51: 1247, 22, 3
0 53 53: 1265, 22, 3
0 53 55: 1244, 22, 3
0 53 56: 1278, 10, 1
0 53 57: 1248, 22, 0
0 54 5: 1278, 10, 0
0 54 16: 1276, 10, 1
0 54 17: 1265, 22, 3
0 54 25: 1278, 10, 0
0 54 33: 1257, 22, 3
0 54 34: 1257, 22, 3
0 54 35: 1257, 22, 3
0 54 36: 1258, 22, 1
0 54 38: 1258, 22, 2
0 54 39: 1257, 22, 3
0 54 40: 1257, 22, 2
0 54 51: 1248, 22, 1
0 54 52: 1264, 22, 0
0 54 56: 1264, 22, 1
0 55 24: 1255, 22, 2
0 55 25: 1247, 22, 3
0 55 31: 1163, 10, 0
0 55 35: 1257, 22, 0
0 55 41: 1393, 10, 3
0 55 44: 1257, 22, 1
0 56 13: 1248, 22, 2
0 56 19: 1163, 10, 3
0 56 26: 1244, 22, 2
0 56 44: 1257, 22, 1
0 56 45: 1257, 22, 1
0 56 46: 1257, 22, 1
0 56 50: 1278, 10, 1
0 56 52: 1253, 22, 2
0 56 53: 1253, 22, 2
0 56 54: 1278, 10, 2
0 56 55: 1248, 22, 1
0 57 37: 1257, 22, 3
0 57 43: 1257, 22, 1
0 57 44: 1257, 22, 1
0 57 45: 1257, 22, 1
0 57 46: 1257, 22, 1
0 57 47: 1278, 10, 1
0 57 54: 1247, 22, 0
0 57 60: 1248, 22, 0
0 58 2: 1265, 22, 1
0 58 10: 1265, 22, 1
0 58 22: 1163, 10, 2
0 58 35: 1257, 22, 1
0 58 36: 188, 10, 1
0 58 36: 773, 22, 0
0 58 37: 1257, 22, 3
0 58 38: 771, 22, 0
0 58 44: 1393, 10, 2
0 58 45: 1257, 22, 1
0 58 46: 1257, 22, 1
0 58 56: 1248, 22, 2
0 58 56: 1276, 10, 3
0 59 4: 884, 10, 0
0 59 4: 2771, 22, 0
0 59 27: 1248, 22, 1
0 59 29: 1163, 10, 1
0 59 35: 1257, 22, 2
0 59 39: 1257, 22, 0
0 59 46: 1257, 22, 1
0 59 51: 1248, 22, 3
0 59 51: 1276, 10, 0
0 60 25: 1276, 10, 3
0 60 36: 774, 22, 0
0 60 38: 772, 22, 0
0 60 39: 1257, 22, 1
0 61 20: 1265, 22, 2
0 61 37: 1257, 22, 3
0 61 48: 1276, 10, 1
0 61 49: 1248, 22, 0
0 62 12: 1244, 22, 1
1 0 0: 1793, 18, 0
1 0 1: 1793, 18, 0
1 0 2: 1793, 18, 0
1 0 3: 1793, 18, 0
1 2 0: 1902, 0, 0
1 2 1: 1902, 0, 0
1 2 2: 1902, 2, 0
1 3 2: 1823, 5, 1
1 3 2: 1902, 0, 1
1 3 3: 1823, 4, 3
1 3 43: 1651, 0, 1
1 3 44: 1651, 0, 0
1 3 45: 1651, 0, 0
1 3 46: 1651, 0, 0
1 3 47: 1651, 0, 0
1 3 48: 1651, 0, 0
1 3 49: 1651, 0, 0
1 3 50: 1651, 0, 0
1 3 51: 1651, 9, 2
1 3 52: 1651, 1, 2
1 3 57: 1651, 1, 1
1 3 58: 1651, 9, 1
1 3 59: 1651, 0, 0
1 3 60: 1651, 0, 0
1 3 61: 1248, 22, 1
1 3 61: 1651, 0, 0
1 3 62: 1651, 0, 0
1 3 63: 1651, 0, 0
1 4 2: 1902, 0, 1
1 4 3: 1065, 4, 3
1 4 43: 1651, 0, 1
1 4 44: 1248, 22, 0
1 4 45: 1913, 2, 3
1 4 46: 1913, 0, 0
1 4 47: 1913, 0, 0
1 4 48: 1913, 0, 0
1 4 49: 1913, 0, 0
1 4 50: 1913, 9, 0
1 4 52: 1651, 9, 2
1 4 53: 1651, 0, 2
1 4 54: 1651, 0, 2
1 4 55: 1651, 0, 2
1 4 56: 1651, 0, 2
1 4 57: 1651, 9, 1
1 4 59: 1913, 9, 3
1 4 60: 1913, 0, 0
1 4 61: 1913, 0, 0
1 4 62: 1913, 0, 0
1 4 63: 1913, 0, 0
1 5 0: 1902, 0, 2
1 5 1: 1902, 0, 2
1 5 2: 1902, 2, 1
1 5 43: 1651, 0, 1
1 5 45: 1913, 0, 3
1 5 50: 1913, 1, 0
1 5 51: 1913, 9, 0
1 5 53: 1248, 22, 2
1 5 58: 1913, 9, 3
1 5 59: 1913, 1, 3
1 6 0: 1924, 17, 3
1 6 1: 1924, 14, 3
1 6 2: 1924, 13, 3
1 6 3: 1790, 19, 3
1 6 43: 1651, 0, 1
1 6 45: 1913, 0, 3
1 6 51: 1913, 1, 0
1 6 52: 1913, 0, 0
1 6 53: 1913, 0, 0
1 6 54: 1913, 0, 0
1 6 55: 1913, 0, 0
1 6 56: 1913, 0, 0
1 6 57: 1913, 0, 0
1 6 58: 1913, 1, 3
1 7 0: 1924, 14, 3
1 7 1: 1924, 13, 3
1 7 2: 1790, 19, 3
1 7 43: 1651, 0, 1
1 7 45: 1913, 0, 3
1 8 0: 1924, 13, 3
1 8 1: 1790, 19, 3
1 8 27: 1791, 21, 1
1 8 28: 1791, 18, 2
1 8 29: 1791, 18, 2
1 8 30: 1791, 18, 2
1 8 31: 1791, 18, 2
1 8 32: 1791, 21, 2
1 8 43: 1651, 0, 1
1 8 45: 1913, 0, 3
1 9 0: 1790, 18, 3
1 9 17: 1651, 9, 3
1 9 18: 1651, 0, 0
1 9 19: 1651, 0, 0
1 9 20: 1651, 0, 0
1 9 21: 1248, 22, 2
1 9 21: 1651, 0, 0
1 9 22: 1651, 0, 0
1 9 23: 1651, 0, 0
1 9 24: 1651, 0, 0
1 9 25: 1651, 0, 0
1 9 26: 1651, 0, 0
1 9 27: 1791, 18, 1
1 9 27: 1913, 0, 3
1 9 28: 1925, 16, 1
1 9 29: 1925, 12, 2
1 9 30: 1925, 12, 2
1 9 31: 1925, 16, 2
1 9 32: 1791, 18, 3
1 9 32: 1913, 0, 1
1 9 33: 1651, 0, 0
1 9 34: 1913, 0, 3
1 9 39: 1913, 0, 1
1 9 40: 1651, 0, 0
1 9 41: 1248, 22, 3
1 9 41: 1651, 0, 0
1 9 42: 1651, 0, 0
1 9 43: 1651, 0, 0
1 9 45: 1913, 0, 3
1 10 0: 1790, 18, 3
1 10 16: 1651, 9, 3
1 10 17: 1651, 1, 3
1 10 18: 1913, 9, 3
1 10 19: 1913, 0, 0
1 10 20: 1913, 0, 0
1 10 21: 1913, 0, 0
1 10 22: 1913, 0, 0
1 10 23: 1913, 0, 0
1 10 24: 1913, 0, 0
1 10 25: 1913, 0, 0
1 10 26: 1913, 0, 0
1 10 27: 1791, 18, 1
1 10 27: 1913, 3, 3
1 10 28: 1925, 12, 1
1 10 29: 1925, 17, 1
1 10 30: 1925, 17, 1
1 10 31: 1925, 12, 3
1 10 32: 1791, 18, 3
1 10 32: 1913, 3, 0
1 10 33: 1913, 0, 0
1 10 34: 1913, 3, 3
1 10 39: 1913, 3, 0
1 10 40: 1913, 0, 0
1 10 41: 1913, 0, 0
1 10 42: 1913, 0, 0
1 10 43: 1913, 0, 0
1 10 44: 1913, 0, 0
1 10 45: 1913, 1, 3
1 11 0: 1790, 21, 3
1 11 15: 1651, 9, 3
1 11 16: 1248, 22, 1
1 11 16: 1651, 1, 3
1 11 17: 1913, 9, 3
1 11 18: 1913, 1, 3
1 11 27: 1791, 18, 1
1 11 28: 1925, 12, 1
1 11 29: 1925, 17, 1
1 11 30: 1925, 17, 1
1 11 31: 1925, 12, 3
1 11 32: 1791, 18, 3
1 12 15: 1651, 0, 3
1 12 16: 1913, 9, 3
1 12 17: 1913, 1, 3
1 12 27: 1791, 18, 1
1 12 28: 1925, 16, 0
1 12 29: 1925, 12, 0
1 12 30: 1925, 12, 0
1 12 31: 1925, 16, 3
1 12 32: 1791, 18, 3
1 13 3: 1902, 0, 2
1 13 4: 1902, 0, 2
1 13 5: 1902, 0, 2
1 13 6: 1064, 5, 2
1 13 6: 1902, 0, 2
1 13 7: 1902, 0, 2
1 13 8: 1902, 0, 2
1 13 9: 1790, 18, 2
1 13 10: 1790, 18, 2
1 13 11: 1790, 18, 2
1 13 12: 1790, 18, 2
1 13 13: 1790, 18, 2
1 13 14: 1790, 18, 2
1 13 15: 1790, 19, 2
1 13 16: 1913, 0, 3
1 13 27: 1791, 21, 0
1 13 28: 1791, 18, 0
1 13 29: 1791, 18, 0
1 13 30: 1791, 18, 0
1 13 31: 1791, 18, 0
1 13 32: 1791, 21, 3
1 13 41: 1774, 10, 3
1 13 42: 1775, 10, 1
1 13 43: 1774, 10, 1
1 14 3: 1902, 0, 3
1 14 4: 348, 10, 0
1 14 4: 887, 4, 0
1 14 5: 348, 10, 0
1 14 6: 604, 10, 0
1 14 7: 417, 10, 3
1 14 8: 1248, 22, 3
1 14 8: 1902, 0, 1
1 14 9: 1924, 12, 2
1 14 10: 1924, 12, 2
1 14 11: 1924, 12, 2
1 14 12: 1924, 12, 2
1 14 13: 1924, 12, 2
1 14 14: 1924, 16, 2
1 14 15: 1790, 18, 3
1 14 16: 1913, 0, 3
1 15 1: 1790, 19, 1
1 15 2: 1924, 13, 1
1 15 3: 196, 5, 3
1 15 3: 1902, 0, 3
1 15 8: 196, 5, 1
1 15 8: 1902, 0, 1
1 15 9: 1924, 17, 2
1 15 10: 1924, 17, 2
1 15 11: 1924, 17, 2
1 15 12: 1924, 17, 2
1 15 13: 1924, 17, 2
1 15 14: 1924, 12, 3
1 15 15: 1790, 18, 3
1 15 16: 1913, 0, 3
1 15 41: 1774, 10, 3
1 15 42: 1775, 10, 1
1 15 43: 1774, 10, 1
1 16 1: 1790, 18, 1
1 16 2: 1924, 12, 1
1 16 3: 1088, 10, 2
1 16 3: 1902, 0, 3
1 16 4: 591, 10, 0
1 16 5: 917, 22, 3
1 16 5: 1102, 10, 0
1 16 6: 918, 22, 3
1 16 7: 917, 22, 0
1 16 8: 887, 5, 1
1 16 8: 1902, 0, 1
1 16 9: 1924, 17, 2
1 16 10: 1924, 17, 2
1 16 11: 1924, 17, 2
1 16 12: 1924, 17, 2
1 16 13: 1924, 17, 2
1 16 14: 1924, 12, 3
1 16 15: 1790, 18, 3
1 16 16: 1913, 0, 3
1 17 1: 1790, 18, 1
1 17 2: 1924, 12, 1
1 17 3: 1902, 0, 3
1 17 5: 917, 22, 2
1 17 5: 1102, 10, 0
1 17 6: 918, 22, 1
1 17 7: 917, 22, 1
1 17 8: 1902, 0, 1
1 17 9: 1924, 17, 2
1 17 10: 1924, 17, 2
1 17 11: 1924, 17, 2
1 17 12: 1924, 17, 2
1 17 13: 1924, 14, 3
1 17 14: 1924, 13, 3
1 17 15: 1790, 19, 3
1 17 16: 1913, 0, 3
1 18 1: 1651, 1, 1
1 18 1: 1790, 19, 0
1 18 2: 1924, 13, 0
1 18 3: 196, 5, 3
1 18 3: 1902, 0, 3
1 18 8: 196, 5, 1
1 18 8: 1902, 0, 1
1 18 9: 1924, 17, 2
1 18 10: 1924, 17, 2
1 18 11: 1924, 17, 2
1 18 12: 1924, 14, 3
1 18 13: 1924, 13, 3
1 18 14: 1790, 19, 3
1 18 16: 1913, 0, 3
1 19 0: 1651, 1, 1
1 19 1: 1651, 9, 1
1 19 3: 1902, 0, 3
1 19 4: 196, 4, 2
1 19 4: 1248, 22, 0
1 19 5: 994, 0, 1
1 19 6: 1746, 10, 1
1 19 7: 196, 4, 2
1 19 7: 994, 0, 3
1 19 8: 374, 10, 0
1 19 8: 1902, 0, 1
1 19 9: 1924, 12, 0
1 19 10: 1924, 12, 0
1 19 11: 1924, 12, 0
1 19 12: 1924, 13, 3
1 19 13: 1790, 19, 3
1 19 16: 1913, 0, 3
1 20 0: 1651, 9, 1
1 20 2: 1913, 9, 3
1 20 3: 1902, 0, 0
1 20 4: 1902, 0, 0
1 20 5: 1902, 0, 0
1 20 6: 1902, 0, 0
1 20 7: 1902, 0, 0
1 20 8: 1902, 0, 0
1 20 9: 1790, 18, 0
1 20 10: 1790, 18, 0
1 20 11: 1790, 18, 0
1 20 12: 1790, 19, 3
1 20 16: 1913, 0, 3
1 21 1: 1913, 9, 3
1 21 2: 1913, 1, 3
1 21 16: 1913, 0, 3
1 22 0: 1913, 9, 3
1 22 1: 1913, 1, 3
1 22 16: 1913, 0, 3
1 23 0: 1913, 1, 3
1 23 15: 1913, 9, 3
1 23 16: 1913, 1, 3
1 24 0: 1913, 0, 0
1 24 1: 1913, 0, 0
1 24 2: 1913, 0, 0
1 24 3: 1913, 0, 0
1 24 4: 1913, 0, 0
1 24 5: 1913, 0, 0
1 24 6: 1913, 0, 0
1 24 7: 1913, 0, 0
1 24 8: 1913, 0, 0
1 24 9: 1913, 0, 0
1 24 10: 1913, 0, 0
1 24 11: 1913, 0, 0
1 24 12: 1913, 0, 0
1 24 13: 1913, 0, 0
1 24 14: 1913, 0, 0
1 24 15: 1913, 1, 3
2 0 3: 1793, 21, 0
2 0 4: 1793, 18, 0
2 0 5: 1793, 18, 0
2 0 6: 1793, 18, 0
2 0 7: 1793, 18, 0
2 0 8: 1793, 18, 0
2 0 9: 1793, 18, 0
2 0 10: 1793, 18, 0
2 0 11: 1793, 18, 0
2 0 12: 1793, 21, 3
2 1 0: 1790, 18, 2
2 1 1: 1790, 18, 2
2 1 2: 1790, 18, 2
2 1 3: 1790, 21, 2
2 2 0: 1924, 12, 2
2 2 1: 1924, 12, 2
2 2 2: 1924, 16, 2
2 2 3: 1790, 18, 3
2 3 0: 1924, 17, 2
2 3 1: 1924, 17, 2
2 3 2: 1924, 12, 3
2 3 3: 1790, 18, 3
2 4 0: 1924, 17, 2
2 4 1: 1924, 17, 2
2 4 2: 1924, 12, 3
2 4 3: 1790, 18, 3
2 5 0: 1924, 12, 0
2 5 1: 1924, 12, 0
2 5 2: 1924, 16, 3
2 5 3: 1790, 18, 3
2 6 0: 1790, 18, 0
2 6 1: 1790, 18, 0
2 6 2: 1790, 18, 0
2 6 3: 1790, 21, 3
2 12 40: 1984, 3, 1
2 12 41: 1983, 0, 2
2 12 42: 1983, 0, 2
2 12 43: 1983, 0, 2
2 12 44: 1984, 3, 2
2 13 2: 1790, 21, 1
2 13 3: 1790, 18, 2
2 13 4: 1790, 18, 2
2 13 5: 1790, 18, 2
2 13 6: 1790, 18, 2
2 13 7: 1790, 18, 2
2 13 8: 1790, 18, 2
2 13 9: 1790, 21, 2
2 13 40: 1983, 0, 1
2 13 41: 1770, 3, 3
2 13 43: 1770, 3, 0
2 13 44: 1983, 0, 3
2 14 2: 1790, 18, 1
2 14 3: 1924, 16, 1
2 14 4: 1924, 12, 2
2 14 5: 1924, 12, 2
2 14 6: 1924, 12, 2
2 14 7: 1924, 12, 2
2 14 8: 1924, 16, 2
2 14 9: 1790, 18, 3
2 14 40: 1983, 0, 1
2 14 42: 1568, 22, 0
2 14 44: 1983, 0, 3
2 15 2: 1790, 18, 1
2 15 3: 1924, 12, 1
2 15 4: 1924, 17, 0
2 15 5: 1924, 17, 0
2 15 6: 1924, 17, 0
2 15 7: 1924, 17, 0
2 15 8: 1924, 12, 3
2 15 9: 1790, 18, 3
2 15 40: 1983, 0, 1
2 15 41: 1770, 3, 2
2 15 43: 1770, 3, 1
2 15 44: 1983, 0, 3
2 16 2: 1790, 18, 1
2 16 3: 1924, 12, 1
2 16 4: 1924, 17, 0
2 16 5: 1924, 17, 0
2 16 6: 1924, 17, 0
2 16 7: 1924, 17, 0
2 16 8: 1924, 12, 3
2 16 9: 1790, 18, 3
2 16 40: 1984, 3, 0
2 16 41: 1983, 0, 0
2 16 42: 1983, 0, 0
2 16 43: 1983, 0, 0
2 16 44: 1984, 3, 3
2 17 2: 1790, 18, 1
2 17 3: 1924, 12, 1
2 17 4: 1924, 17, 0
2 17 5: 1924, 17, 0
2 17 6: 1924, 17, 0
2 17 7: 1924, 17, 0
2 17 8: 1924, 12, 3
2 17 9: 1790, 18, 3
2 18 2: 1790, 18, 1
2 18 3: 1924, 12, 1
2 18 4: 1924, 17, 0
2 18 5: 1924, 17, 0
2 18 6: 1924, 17, 0
2 18 7: 1924, 17, 0
2 18 8: 1924, 12, 3
2 18 9: 1790, 18, 3
2 19 2: 1790, 18, 1
2 19 3: 1924, 16, 0
2 19 4: 1924, 12, 0
2 19 5: 1924, 12, 0
2 19 6: 1924, 12, 0
2 19 7: 1924, 12, 0
2 19 8: 1924, 16, 3
2 19 9: 1790, 18, 3
2 20 2: 1790, 21, 0
2 20 3: 1790, 18, 0
2 20 4: 1790, 18, 0
2 20 5: 1790, 18, 0
2 20 6: 1790, 18, 0
2 20 7: 1790, 18, 0
2 20 8: 1790, 18, 0
2 20 9: 1790, 21, 3
3 12 40: 1793, 21, 1
3 12 41: 1793, 18, 2
3 12 42: 1793, 18, 2
3 12 43: 1793, 18, 2
3 12 44: 1793, 21, 2
3 13 40: 1793, 18, 1
3 13 41: 1933, 16, 1
3 13 42: 1933, 12, 2
3 13 43: 1933, 16, 2
3 13 44: 1793, 18, 3
3 14 40: 1793, 18, 1
3 14 41: 1933, 12, 1
3 14 42: 1933, 17, 3
3 14 43: 1933, 12, 3
3 14 44: 1793, 18, 3
3 15 40: 1793, 18, 1
3 15 41: 1933, 16, 0
3 15 42: 1933, 12, 0
3 15 43: 1933, 16, 3
3 15 44: 1793, 18, 3
3 16 40: 1793, 21, 0
3 16 41: 1793, 18, 0
3 16 42: 1793, 18, 0
3 16 43: 1793, 18, 0
3 16 44: 1793, 21, 3
