0 0 10: 1902, 1, 1
0 0 11: 1902, 9, 1
0 0 15: 1258, 22, 3
0 0 15: 1902, 0, 3
0 0 16: 1257, 22, 3
0 0 18: 1276, 10, 1
0 0 24: 1124, 10, 1
0 0 29: 1257, 22, 3
0 0 30: 1257, 22, 0
0 0 31: 1259, 22, 3
0 0 32: 1258, 22, 2
0 0 33: 1257, 22, 1
0 0 34: 1257, 22, 3
0 0 35: 1257, 22, 0
0 0 35: 1278, 10, 2
0 0 40: 1278, 10, 2
0 0 56: 1247, 22, 0
0 0 56: 1276, 10, 3
0 0 57: 1247, 22, 3
0 0 63: 1247, 22, 1
0 0 63: 1276, 10, 2
0 1 10: 1902, 0, 1
0 1 15: 1257, 22, 1
0 1 15: 1902, 0, 3
0 1 16: 1257, 22, 0
0 1 19: 1248, 22, 2
0 1 28: 1257, 22, 0
0 1 29: 1257, 22, 1
0 1 30: 1257, 22, 1
0 1 31: 1259, 22, 2
0 1 32: 1258, 22, 2
0 1 33: 1257, 22, 0
0 1 34: 1257, 22, 1
0 1 35: 1257, 22, 3
0 1 36: 1257, 22, 2
0 1 41: 1248, 22, 1
0 1 50: 1254, 22, 0
0 1 52: 1253, 22, 2
0 1 56: 1247, 22, 1
0 1 57: 1248, 22, 2
0 1 63: 1247, 22, 2
0 2 10: 1902, 0, 1
0 2 15: 1257, 22, 2
0 2 15: 1902, 0, 3
0 2 21: 1124, 10, 2
0 2 27: 1276, 10, 0
0 2 30: 1257, 22, 2
0 2 31: 1257, 22, 2
0 2 32: 1257, 22, 3
0 2 33: 1257, 22, 3
0 2 37: 1309, 10, 3
0 2 38: 1264, 22, 0
0 2 39: 1253, 22, 2
0 2 42: 1173, 10, 1
0 2 43: 1276, 10, 0
0 2 49: 1276, 10, 2
0 2 50: 1265, 22, 3
0 2 52: 1278, 10, 2
0 2 55: 1254, 22, 3
0 2 62: 1257, 22, 0
0 3 0: 1902, 0, 0
0 3 1: 1902, 0, 0
0 3 2: 1902, 0, 0
0 3 3: 1902, 0, 0
0 3 4: 1902, 0, 0
0 3 5: 1902, 0, 0
0 3 6: 1902, 0, 0
0 3 7: 1902, 0, 0
0 3 8: 1902, 0, 0
0 3 9: 1902, 0, 0
0 3 10: 1902, 0, 0
0 3 14: 1646, 6, 3
0 3 14: 1902, 9, 3
0 3 15: 1247, 22, 1
0 3 15: 1902, 1, 3
0 3 18: 1281, 10, 3
0 3 19: 1248, 22, 1
0 3 20: 1247, 22, 3
0 3 25: 1173, 10, 1
0 3 28: 1248, 22, 3
0 3 39: 1265, 22, 2
0 3 44: 1248, 22, 2
0 3 47: 1244, 22, 3
0 3 61: 1257, 22, 2
0 3 62: 1257, 22, 1
0 4 0: 1902, 0, 0
0 4 1: 1902, 0, 0
0 4 2: 1902, 0, 0
0 4 2: 1938, 5, 0
0 4 3: 1902, 0, 0
0 4 4: 1902, 0, 0
0 4 5: 1902, 0, 0
0 4 6: 1902, 0, 0
0 4 6: 1938, 5, 0
0 4 7: 1902, 0, 0
0 4 8: 1902, 0, 0
0 4 9: 1902, 0, 0
0 4 10: 1902, 0, 0
0 4 10: 1938, 5, 0
0 4 11: 1902, 0, 0
0 4 12: 1902, 0, 0
0 4 13: 1902, 0, 0
0 4 14: 1902, 1, 3
0 4 15: 1247, 22, 3
0 4 16: 1247, 22, 2
0 4 18: 1254, 22, 2
0 4 34: 1276, 10, 3
0 4 35: 1298, 10, 1
0 4 37: 1248, 22, 0
0 4 38: 1247, 22, 1
0 4 49: 1278, 10, 2
0 4 51: 1281, 10, 2
0 4 52: 1247, 22, 2
0 4 53: 1264, 22, 3
0 4 54: 1278, 10, 2
0 4 55: 1253, 22, 2
0 4 60: 1257, 22, 1
0 4 61: 1257, 22, 2
0 4 62: 1278, 10, 0
0 5 5: 1189, 10, 0
0 5 20: 1253, 22, 3
0 5 21: 1245, 22, 1
0 5 23: 1278, 10, 3
0 5 24: 1247, 22, 0
0 5 26: 1300, 10, 2
0 5 40: 1276, 10, 2
0 5 41: 1254, 22, 1
0 5 47: 1253, 22, 2
0 5 49: 1253, 22, 2
0 5 50: 1248, 22, 3
0 5 51: 1254, 22, 2
0 5 55: 1248, 22, 1
0 5 61: 1258, 22, 3
0 5 62: 1257, 22, 3
0 5 63: 1257, 22, 3
0 6 1: 1189, 10, 2
0 6 12: 1247, 22, 3
0 6 12: 1278, 10, 3
0 6 13: 1247, 22, 3
0 6 14: 1309, 10, 3
0 6 15: 1247, 22, 2
0 6 16: 1253, 22, 2
0 6 17: 1253, 22, 2
0 6 19: 1254, 22, 1
0 6 21: 1254, 22, 0
0 6 22: 1253, 22, 2
0 6 23: 1265, 22, 0
0 6 24: 1246, 22, 2
0 6 29: 1257, 22, 3
0 6 30: 1257, 22, 2
0 6 31: 1258, 22, 1
0 6 32: 1257, 22, 3
0 6 33: 1257, 22, 0
0 6 41: 1300, 10, 1
0 6 49: 1244, 22, 2
0 6 52: 1265, 22, 0
0 6 53: 1247, 22, 3
0 6 55: 1265, 22, 1
0 6 56: 1253, 22, 2
0 6 61: 1257, 22, 0
0 6 62: 1124, 10, 0
0 6 62: 1257, 22, 1
0 7 2: 1189, 10, 3
0 7 3: 1189, 10, 3
0 7 12: 1247, 22, 0
0 7 14: 1264, 22, 0
0 7 16: 1253, 22, 2
0 7 19: 1281, 10, 3
0 7 20: 1244, 22, 1
0 7 28: 1257, 22, 0
0 7 29: 1257, 22, 1
0 7 29: 1902, 3, 1
0 7 30: 1258, 22, 0
0 7 30: 1902, 0, 2
0 7 31: 1902, 0, 2
0 7 32: 1257, 22, 3
0 7 32: 1902, 0, 2
0 7 33: 1257, 22, 2
0 7 33: 1902, 0, 2
0 7 34: 1257, 22, 1
0 7 34: 1828, 5, 2
0 7 34: 1902, 0, 2
0 7 35: 1902, 0, 2
0 7 36: 1257, 22, 3
0 7 36: 1902, 3, 2
0 7 37: 1276, 10, 3
0 7 46: 1278, 10, 2
0 7 48: 1253, 22, 2
0 7 50: 1278, 10, 2
0 7 51: 1248, 22, 0
0 7 53: 1278, 10, 2
0 7 56: 1173, 10, 2
0 7 57: 1247, 22, 3
0 7 57: 1278, 10, 2
0 7 58: 1247, 22, 0
0 7 62: 1257, 22, 1
0 7 63: 1257, 22, 3
0 8 4: 1189, 10, 1
0 8 6: 1298, 10, 3
0 8 7: 1247, 22, 0
0 8 7: 1276, 10, 0
0 8 8: 1247, 22, 0
0 8 14: 1265, 22, 3
0 8 15: 1248, 22, 3
0 8 16: 1246, 22, 1
0 8 17: 1253, 22, 1
0 8 19: 1265, 22, 0
0 8 21: 1253, 22, 2
0 8 21: 1341, 10, 2
0 8 23: 1173, 10, 3
0 8 23: 1253, 22, 2
0 8 28: 1257, 22, 1
0 8 29: 1258, 22, 3
0 8 29: 1902, 0, 1
0 8 30: 1011, 10, 3
0 8 31: 362, 10, 2
0 8 32: 364, 10, 3
0 8 33: 362, 10, 3
0 8 34: 1832, 4, 0
0 8 35: 1158, 10, 0
0 8 36: 1258, 22, 2
0 8 36: 1902, 0, 3
0 8 51: 1253, 22, 2
0 8 54: 1253, 22, 2
0 8 57: 1247, 22, 1
0 8 58: 1247, 22, 2
0 9 7: 1247, 22, 3
0 9 8: 1247, 22, 1
0 9 14: 1278, 10, 3
0 9 15: 1247, 22, 1
0 9 17: 1247, 22, 2
0 9 18: 1253, 22, 1
0 9 20: 1248, 22, 0
0 9 24: 1278, 10, 3
0 9 25: 1247, 22, 0
0 9 28: 1257, 22, 2
0 9 29: 1257, 22, 2
0 9 29: 1902, 0, 1
0 9 30: 1010, 10, 3
0 9 31: 362, 10, 1
0 9 32: 1158, 11, 2
0 9 33: 612, 10, 2
0 9 34: 943, 22, 3
0 9 35: 943, 22, 0
0 9 36: 1258, 22, 3
0 9 36: 1902, 0, 3
0 9 37: 1258, 22, 1
0 9 38: 1257, 22, 0
0 9 39: 1257, 22, 3
0 9 45: 1258, 22, 3
0 9 46: 1257, 22, 3
0 9 47: 1257, 22, 2
0 9 52: 1258, 22, 0
0 9 53: 1257, 22, 2
0 9 54: 1257, 22, 2
0 9 58: 1173, 10, 3
0 10 3: 1189, 10, 1
0 10 15: 1300, 10, 3
0 10 17: 1247, 22, 2
0 10 17: 1276, 10, 3
0 10 18: 1247, 22, 1
0 10 22: 1254, 22, 3
0 10 24: 1247, 22, 1
0 10 25: 1247, 22, 2
0 10 26: 1247, 22, 3
0 10 28: 1257, 22, 0
0 10 29: 1258, 22, 3
0 10 29: 1902, 0, 1
0 10 30: 906, 4, 3
0 10 34: 944, 22, 2
0 10 34: 1102, 10, 3
0 10 35: 944, 22, 0
0 10 36: 1260, 22, 2
0 10 36: 1902, 2, 2
0 10 37: 1259, 22, 3
0 10 37: 1902, 0, 2
0 10 38: 1258, 22, 0
0 10 38: 1828, 5, 2
0 10 38: 1902, 0, 2
0 10 39: 1257, 22, 1
0 10 39: 1902, 0, 2
0 10 40: 1257, 22, 0
0 10 40: 1902, 0, 2
0 10 41: 1257, 22, 2
0 10 41: 1902, 0, 2
0 10 42: 1257, 22, 1
0 10 42: 1828, 5, 2
0 10 42: 1902, 0, 2
0 10 43: 1257, 22, 0
0 10 43: 1902, 0, 2
0 10 44: 1258, 22, 1
0 10 44: 1902, 0, 2
0 10 45: 1259, 22, 1
0 10 45: 1902, 0, 2
0 10 46: 1258, 22, 0
0 10 46: 1828, 5, 2
0 10 46: 1902, 0, 2
0 10 47: 1258, 22, 2
0 10 47: 1902, 0, 2
0 10 48: 1257, 22, 1
0 10 48: 1902, 0, 2
0 10 49: 1257, 22, 2
0 10 49: 1828, 5, 2
0 10 49: 1902, 0, 2
0 10 50: 1257, 22, 2
0 10 50: 1902, 0, 2
0 10 51: 1902, 3, 2
0 10 52: 1257, 22, 1
0 10 53: 1257, 22, 1
0 10 54: 1257, 22, 0
0 11 17: 1247, 22, 0
0 11 18: 1247, 22, 1
0 11 20: 1247, 22, 1
0 11 20: 1276, 10, 3
0 11 21: 1247, 22, 0
0 11 22: 1253, 22, 2
0 11 26: 1276, 10, 2
0 11 27: 1247, 22, 3
0 11 28: 1257, 22, 0
0 11 29: 1258, 22, 2
0 11 29: 1902, 0, 1
0 11 30: 1010, 10, 3
0 11 33: 885, 10, 3
0 11 34: 944, 22, 2
0 11 35: 944, 22, 0
0 11 36: 196, 4, 0
0 11 37: 888, 4, 0
0 11 38: 1832, 4, 0
0 11 38: 1911, 3, 3
0 11 39: 887, 4, 0
0 11 40: 196, 4, 0
0 11 40: 364, 10, 3
0 11 41: 364, 10, 3
0 11 41: 1911, 3, 3
0 11 42: 1832, 4, 0
0 11 43: 202, 10, 3
0 11 43: 1911, 3, 0
0 11 44: 2724, 10, 0
0 11 45: 202, 10, 3
0 11 45: 1911, 3, 3
0 11 46: 1832, 4, 0
0 11 47: 887, 4, 0
0 11 48: 196, 4, 0
0 11 48: 1911, 3, 3
0 11 49: 1832, 4, 0
0 11 50: 1158, 10, 3
0 11 51: 175, 22, 3
0 11 51: 1902, 2, 3
0 11 52: 1902, 0, 0
0 11 53: 365, 10, 2
0 11 53: 1902, 0, 0
0 11 54: 365, 10, 3
0 11 54: 1902, 0, 0
0 11 55: 1902, 0, 3
0 11 56: 1247, 22, 2
0 11 56: 1276, 10, 0
0 11 57: 1247, 22, 1
0 12 1: 1298, 10, 1
0 12 10: 1276, 10, 0
0 12 11: 1265, 22, 2
0 12 13: 1281, 10, 3
0 12 14: 1248, 22, 2
0 12 15: 1247, 22, 2
0 12 20: 1247, 22, 2
0 12 20: 1299, 10, 1
0 12 21: 1247, 22, 0
0 12 22: 1253, 22, 2
0 12 23: 1281, 10, 3
0 12 26: 1247, 22, 1
0 12 27: 1247, 22, 0
0 12 29: 1258, 22, 2
0 12 29: 1902, 0, 1
0 12 30: 1011, 10, 3
0 12 33: 885, 10, 3
0 12 34: 944, 22, 2
0 12 34: 1102, 10, 0
0 12 35: 944, 22, 0
0 12 37: 1088, 10, 3
0 12 38: 1088, 11, 3
0 12 42: 1248, 22, 0
0 12 46: 1247, 22, 0
0 12 47: 1088, 11, 2
0 12 48: 1088, 11, 3
0 12 50: 1832, 4, 1
0 12 51: 1828, 5, 3
0 12 51: 1902, 0, 3
0 12 52: 1247, 22, 0
0 12 54: 1911, 3, 0
0 12 55: 1152, 10, 2
0 12 55: 1902, 0, 3
0 12 56: 1247, 22, 3
0 12 57: 1247, 22, 0
0 13 11: 1257, 22, 2
0 13 12: 1257, 22, 0
0 13 13: 1247, 22, 1
0 13 15: 1247, 22, 1
0 13 16: 1299, 10, 2
0 13 25: 1247, 22, 3
0 13 28: 1257, 22, 2
0 13 29: 1902, 0, 1
0 13 30: 906, 4, 3
0 13 32: 2764, 22, 0
0 13 33: 885, 10, 3
0 13 34: 944, 22, 2
0 13 35: 944, 22, 0
0 13 37: 594, 10, 0
0 13 38: 594, 10, 0
0 13 40: 1710, 10, 2
0 13 41: 1088, 10, 2
0 13 42: 594, 10, 0
0 13 43: 594, 10, 0
0 13 44: 1088, 11, 3
0 13 45: 1710, 10, 2
0 13 47: 594, 10, 3
0 13 50: 906, 4, 1
0 13 51: 1902, 0, 3
0 13 54: 1248, 22, 2
0 13 54: 1911, 3, 1
0 13 55: 205, 5, 3
0 13 55: 1154, 10, 2
0 13 55: 1902, 0, 3
0 14 10: 1257, 22, 0
0 14 11: 1257, 22, 3
0 14 12: 1258, 22, 1
0 14 13: 1253, 22, 2
0 14 14: 1257, 22, 3
0 14 20: 1247, 22, 3
0 14 20: 1276, 10, 0
0 14 21: 1264, 22, 3
0 14 23: 1247, 22, 2
0 14 24: 1265, 22, 3
0 14 27: 174, 22, 3
0 14 29: 1257, 22, 3
0 14 29: 1902, 0, 1
0 14 30: 1011, 10, 3
0 14 33: 612, 10, 2
0 14 34: 944, 22, 2
0 14 34: 1102, 10, 0
0 14 35: 944, 22, 0
0 14 41: 1088, 11, 1
0 14 44: 1088, 11, 0
0 14 47: 943, 22, 3
0 14 47: 1088, 11, 1
0 14 48: 944, 22, 3
0 14 48: 1088, 10, 1
0 14 49: 943, 22, 0
0 14 50: 196, 4, 1
0 14 51: 205, 5, 3
0 14 51: 1902, 0, 3
0 15 8: 981, 3, 1
0 15 9: 980, 0, 2
0 15 10: 980, 0, 2
0 15 11: 980, 0, 2
0 15 11: 1257, 22, 3
0 15 12: 981, 3, 2
0 15 12: 1259, 22, 0
0 15 13: 1258, 22, 3
0 15 14: 1257, 22, 0
0 15 15: 1257, 22, 2
0 15 16: 1247, 22, 1
0 15 16: 1278, 10, 0
0 15 17: 1247, 22, 3
0 15 20: 1247, 22, 1
0 15 21: 1247, 22, 0
0 15 29: 1902, 0, 1
0 15 30: 1011, 10, 3
0 15 34: 944, 22, 2
0 15 35: 944, 22, 0
0 15 37: 1088, 10, 1
0 15 40: 943, 22, 3
0 15 41: 944, 22, 3
0 15 42: 944, 22, 3
0 15 43: 944, 22, 3
0 15 44: 943, 22, 0
0 15 47: 944, 22, 2
0 15 48: 945, 22, 0
0 15 49: 944, 22, 0
0 15 50: 1158, 11, 3
0 15 51: 1854, 0, 3
0 16 2: 1257, 22, 3
0 16 3: 1257, 22, 2
0 16 4: 1257, 22, 1
0 16 5: 1257, 22, 0
0 16 7: 981, 3, 1
0 16 8: 980, 9, 1
0 16 12: 980, 9, 2
0 16 12: 1258, 22, 2
0 16 13: 980, 1, 2
0 16 14: 1257, 22, 2
0 16 15: 1257, 22, 1
0 16 16: 1248, 22, 1
0 16 17: 1247, 22, 2
0 16 26: 1247, 22, 1
0 16 26: 1276, 10, 2
0 16 29: 1257, 22, 1
0 16 29: 1902, 0, 1
0 16 30: 1010, 10, 3
0 16 32: 612, 10, 1
0 16 34: 943, 22, 2
0 16 35: 943, 22, 1
0 16 40: 944, 22, 2
0 16 41: 945, 22, 1
0 16 42: 945, 22, 1
0 16 43: 945, 22, 1
0 16 44: 944, 22, 0
0 16 47: 944, 22, 2
0 16 48: 945, 22, 0
0 16 49: 944, 22, 0
0 16 50: 1520, 0, 0
0 16 62: 1298, 10, 1
0 17 1: 1257, 22, 3
0 17 2: 1257, 22, 0
0 17 3: 1257, 22, 3
0 17 4: 1257, 22, 2
0 17 5: 1257, 22, 1
0 17 6: 1257, 22, 0
0 17 7: 980, 0, 1
0 17 9: 336, 22, 3
0 17 13: 980, 9, 2
0 17 14: 980, 1, 2
0 17 14: 1257, 22, 0
0 17 21: 1298, 10, 1
0 17 26: 1254, 22, 1
0 17 27: 1247, 22, 3
0 17 29: 1828, 5, 1
0 17 29: 1902, 0, 1
0 17 30: 1832, 4, 3
0 17 37: 1088, 11, 2
0 17 38: 594, 10, 0
0 17 39: 594, 10, 0
0 17 40: 943, 22, 2
0 17 41: 944, 22, 1
0 17 42: 944, 22, 1
0 17 43: 944, 22, 1
0 17 44: 943, 22, 1
0 17 47: 944, 22, 2
0 17 48: 945, 22, 0
0 17 49: 944, 22, 0
0 17 50: 1517, 0, 2
0 17 54: 1911, 3, 0
0 17 55: 1069, 5, 3
0 17 55: 1902, 0, 3
0 18 0: 1257, 22, 2
0 18 1: 1257, 22, 1
0 18 2: 1257, 22, 2
0 18 3: 1257, 22, 1
0 18 4: 1258, 22, 1
0 18 5: 1258, 22, 0
0 18 6: 1257, 22, 1
0 18 7: 980, 0, 1
0 18 7: 1257, 22, 2
0 18 8: 336, 22, 1
0 18 9: 337, 22, 0
0 18 10: 336, 22, 2
0 18 12: 756, 22, 0
0 18 14: 980, 9, 2
0 18 15: 981, 3, 2
0 18 19: 1247, 22, 3
0 18 19: 1281, 10, 3
0 18 20: 1265, 22, 1
0 18 21: 1247, 22, 2
0 18 29: 1902, 0, 1
0 18 30: 202, 11, 1
0 18 30: 1911, 3, 2
0 18 31: 196, 4, 2
0 18 31: 1911, 3, 1
0 18 34: 196, 4, 2
0 18 34: 1911, 3, 2
0 18 36: 196, 4, 2
0 18 36: 1911, 3, 1
0 18 43: 1088, 10, 3
0 18 47: 944, 22, 2
0 18 48: 945, 22, 0
0 18 49: 944, 22, 0
0 18 50: 1158, 10, 3
0 18 51: 1854, 0, 3
0 18 52: 1248, 22, 3
0 18 54: 1911, 3, 1
0 18 55: 1152, 10, 2
0 18 55: 1902, 0, 3
0 18 60: 1247, 22, 0
0 18 60: 1276, 10, 2
0 18 61: 1246, 22, 1
0 19 0: 1257, 22, 3
0 19 1: 1257, 22, 3
0 19 2: 1257, 22, 2
0 19 3: 1258, 22, 1
0 19 4: 1258, 22, 2
0 19 5: 1259, 22, 3
0 19 6: 981, 3, 1
0 19 6: 1258, 22, 3
0 19 7: 980, 9, 1
0 19 9: 336, 22, 0
0 19 12: 585, 10, 0
0 19 13: 756, 22, 3
0 19 15: 980, 0, 3
0 19 15: 1124, 10, 1
0 19 17: 1247, 22, 1
0 19 17: 1278, 10, 3
0 19 18: 1247, 22, 2
0 19 19: 1247, 22, 2
0 19 21: 1247, 22, 0
0 19 22: 1276, 10, 1
0 19 23: 1247, 22, 3
0 19 26: 1278, 10, 3
0 19 27: 1247, 22, 1
0 19 29: 1902, 0, 1
0 19 30: 1023, 5, 0
0 19 30: 1902, 0, 0
0 19 31: 1022, 5, 0
0 19 31: 1902, 0, 0
0 19 34: 391, 5, 0
0 19 34: 1902, 0, 0
0 19 35: 1023, 5, 0
0 19 35: 1902, 0, 0
0 19 36: 1902, 2, 0
0 19 37: 888, 4, 3
0 19 42: 594, 10, 0
0 19 43: 594, 10, 0
0 19 46: 1247, 22, 3
0 19 47: 943, 22, 2
0 19 48: 944, 22, 1
0 19 49: 943, 22, 1
0 19 50: 196, 4, 1
0 19 51: 205, 5, 3
0 19 51: 1902, 0, 3
0 19 55: 1153, 10, 2
0 19 55: 1902, 0, 3
0 19 60: 1247, 22, 2
0 20 1: 1257, 22, 0
0 20 2: 1257, 22, 1
0 20 3: 1257, 22, 3
0 20 4: 1258, 22, 2
0 20 5: 981, 3, 1
0 20 6: 980, 9, 1
0 20 12: 756, 22, 0
0 20 15: 980, 0, 3
0 20 17: 1253, 22, 0
0 20 19: 1264, 22, 1
0 20 20: 1247, 22, 3
0 20 21: 1248, 22, 0
0 20 23: 1265, 22, 2
0 20 27: 1265, 22, 1
0 20 29: 1902, 0, 1
0 20 30: 1013, 10, 3
0 20 32: 594, 10, 3
0 20 35: 174, 22, 2
0 20 36: 196, 5, 1
0 20 36: 1902, 0, 1
0 20 37: 202, 11, 3
0 20 40: 1710, 10, 2
0 20 44: 1088, 11, 0
0 20 45: 1710, 10, 2
0 20 47: 1088, 11, 3
0 20 48: 1088, 10, 3
0 20 50: 906, 4, 1
0 20 51: 1902, 0, 3
0 20 54: 362, 10, 3
0 20 54: 1911, 3, 0
0 20 55: 1153, 10, 2
0 20 55: 1902, 0, 3
0 20 58: 1278, 10, 3
0 20 59: 1247, 22, 2
0 21 3: 1257, 22, 3
0 21 4: 1257, 22, 0
0 21 12: 336, 22, 2
0 21 15: 980, 0, 3
0 21 27: 1341, 10, 3
0 21 29: 1902, 0, 1
0 21 30: 196, 4, 3
0 21 36: 1022, 5, 1
0 21 36: 1902, 0, 1
0 21 37: 1725, 10, 2
0 21 47: 594, 10, 3
0 21 50: 1247, 22, 2
0 21 50: 1832, 4, 1
0 21 51: 1828, 5, 3
0 21 51: 1902, 0, 3
0 21 52: 175, 22, 0
0 21 54: 1911, 3, 1
0 21 55: 1902, 0, 3
0 21 58: 1247, 22, 1
0 21 59: 1247, 22, 0
0 21 60: 1298, 10, 0
0 22 5: 336, 22, 3
0 22 11: 336, 22, 0
0 22 12: 337, 22, 3
0 22 13: 336, 22, 1
0 22 14: 980, 9, 3
0 22 15: 981, 3, 3
0 22 22: 1247, 22, 0
0 22 22: 1278, 10, 3
0 22 23: 1246, 22, 1
0 22 29: 1902, 0, 1
0 22 30: 2728, 10, 2
0 22 32: 196, 4, 2
0 22 32: 2772, 22, 0
0 22 33: 2728, 10, 2
0 22 35: 196, 4, 2
0 22 36: 175, 22, 1
0 22 36: 391, 5, 1
0 22 36: 1902, 0, 1
0 22 40: 196, 4, 2
0 22 42: 943, 22, 3
0 22 42: 1102, 10, 2
0 22 43: 944, 22, 3
0 22 44: 944, 22, 3
0 22 44: 1102, 10, 3
0 22 45: 943, 22, 0
0 22 46: 1096, 11, 3
0 22 47: 196, 4, 2
0 22 47: 1088, 10, 1
0 22 48: 1088, 11, 0
0 22 48: 1832, 4, 2
0 22 48: 1911, 3, 1
0 22 49: 887, 4, 2
0 22 50: 1158, 10, 0
0 22 51: 1902, 2, 2
0 22 52: 365, 10, 0
0 22 52: 1902, 0, 2
0 22 53: 362, 10, 3
0 22 53: 1902, 0, 2
0 22 54: 362, 10, 3
0 22 54: 1902, 0, 2
0 22 55: 1902, 0, 3
0 22 62: 1247, 22, 3
0 22 62: 1276, 10, 1
0 22 63: 1247, 22, 3
0 23 2: 336, 22, 2
0 23 7: 980, 9, 3
0 23 8: 980, 0, 0
0 23 8: 1257, 22, 0
0 23 9: 980, 9, 0
0 23 9: 1257, 22, 1
0 23 13: 980, 9, 3
0 23 14: 980, 1, 3
0 23 19: 1247, 22, 2
0 23 19: 1276, 10, 2
0 23 20: 1247, 22, 3
0 23 22: 1247, 22, 2
0 23 23: 1247, 22, 1
0 23 24: 1278, 10, 0
0 23 25: 1247, 22, 1
0 23 29: 1276, 10, 0
0 23 29: 1902, 3, 0
0 23 30: 1902, 0, 0
0 23 31: 1902, 0, 0
0 23 32: 1902, 0, 0
0 23 33: 1902, 0, 0
0 23 34: 1902, 0, 0
0 23 35: 1257, 22, 1
0 23 35: 1902, 0, 0
0 23 36: 1902, 0, 0
0 23 37: 1257, 22, 2
0 23 37: 1902, 0, 0
0 23 38: 1258, 22, 1
0 23 38: 1902, 0, 0
0 23 39: 1259, 22, 1
0 23 39: 1902, 0, 0
0 23 40: 1260, 22, 3
0 23 40: 1902, 2, 0
0 23 41: 202, 10, 3
0 23 41: 1911, 3, 3
0 23 42: 594, 10, 3
0 23 42: 944, 22, 2
0 23 43: 945, 22, 2
0 23 44: 594, 10, 3
0 23 44: 945, 22, 2
0 23 45: 944, 22, 0
0 23 46: 202, 10, 3
0 23 46: 1911, 3, 0
0 23 47: 1260, 22, 0
0 23 47: 1902, 2, 3
0 23 48: 1259, 22, 3
0 23 48: 1828, 5, 0
0 23 48: 1902, 0, 0
0 23 49: 1258, 22, 1
0 23 49: 1902, 0, 0
0 23 50: 1902, 0, 0
0 23 51: 1902, 3, 3
0 23 52: 1911, 3, 3
0 23 54: 1911, 3, 0
0 23 62: 1246, 22, 0
0 23 63: 1247, 22, 2
0 24 3: 981, 3, 0
0 24 4: 980, 0, 0
0 24 5: 980, 0, 0
0 24 6: 980, 0, 0
0 24 7: 981, 3, 3
0 24 7: 1257, 22, 2
0 24 8: 1258, 22, 0
0 24 9: 981, 3, 0
0 24 9: 1257, 22, 3
0 24 10: 980, 0, 0
0 24 10: 1257, 22, 3
0 24 11: 980, 0, 0
0 24 11: 1257, 22, 3
0 24 12: 980, 0, 0
0 24 12: 1257, 22, 1
0 24 13: 981, 3, 3
0 24 17: 1247, 22, 0
0 24 17: 1276, 10, 0
0 24 18: 1247, 22, 1
0 24 23: 1247, 22, 3
0 24 24: 1247, 22, 3
0 24 37: 1257, 22, 1
0 24 38: 1257, 22, 3
0 24 39: 1258, 22, 0
0 24 40: 1259, 22, 2
0 24 40: 1902, 0, 1
0 24 41: 1158, 10, 1
0 24 42: 943, 22, 2
0 24 43: 944, 22, 1
0 24 44: 944, 22, 1
0 24 45: 943, 22, 1
0 24 46: 1158, 10, 2
0 24 47: 1259, 22, 2
0 24 47: 1902, 0, 3
0 24 48: 1258, 22, 2
0 24 48: 1276, 10, 1
0 24 60: 1278, 10, 3
0 24 61: 1246, 22, 3
0 25 6: 1124, 10, 2
0 25 8: 1124, 10, 3
0 25 8: 1257, 22, 1
0 25 9: 1257, 22, 3
0 25 10: 1257, 22, 3
0 25 11: 1257, 22, 0
0 25 17: 1247, 22, 3
0 25 18: 1248, 22, 3
0 25 20: 1298, 10, 3
0 25 32: 1281, 10, 3
0 25 33: 1248, 22, 0
0 25 35: 1244, 22, 0
0 25 38: 1257, 22, 2
0 25 39: 1257, 22, 1
0 25 40: 1257, 22, 0
0 25 40: 1902, 3, 0
0 25 41: 205, 5, 0
0 25 41: 1258, 22, 3
0 25 41: 1902, 0, 0
0 25 42: 1257, 22, 2
0 25 42: 1853, 0, 0
0 25 43: 1257, 22, 1
0 25 43: 1854, 0, 0
0 25 44: 1257, 22, 3
0 25 44: 1854, 0, 0
0 25 45: 1257, 22, 1
0 25 45: 1853, 0, 0
0 25 46: 205, 5, 0
0 25 46: 1257, 22, 0
0 25 46: 1902, 0, 0
0 25 47: 1902, 3, 3
0 25 48: 1244, 22, 1
0 25 60: 1247, 22, 2
0 25 61: 1247, 22, 1
0 26 8: 1257, 22, 2
0 26 28: 1276, 10, 3
0 26 29: 1253, 22, 1
0 26 32: 1265, 22, 3
0 26 34: 1298, 10, 2
0 26 37: 1281, 10, 3
0 26 38: 1247, 22, 0
0 26 41: 1257, 22, 3
0 26 44: 1257, 22, 3
0 26 45: 1257, 22, 2
0 26 61: 1300, 10, 0
0 26 63: 1298, 10, 1
0 27 5: 1298, 10, 1
0 27 9: 1257, 22, 3
0 27 10: 1257, 22, 0
0 27 14: 1276, 10, 1
0 27 15: 1247, 22, 2
0 27 23: 1276, 10, 1
0 27 32: 1247, 22, 0
0 27 35: 1253, 22, 3
0 27 37: 1247, 22, 3
0 27 39: 1248, 22, 1
0 27 50: 1257, 22, 0
0 27 51: 1247, 22, 0
0 27 51: 1276, 10, 2
0 27 52: 1247, 22, 1
0 27 58: 1247, 22, 0
0 27 61: 1247, 22, 1
0 27 61: 1276, 10, 2
0 27 62: 1247, 22, 1
0 28 7: 1247, 22, 3
0 28 9: 1257, 22, 1
0 28 10: 1257, 22, 0
0 28 11: 1257, 22, 1
0 28 12: 1257, 22, 2
0 28 14: 1247, 22, 0
0 28 15: 1247, 22, 3
0 28 17: 1300, 10, 0
0 28 21: 1298, 10, 2
0 28 24: 1247, 22, 0
0 28 33: 1253, 22, 3
0 28 38: 1265, 22, 0
0 28 43: 1276, 10, 0
0 28 48: 981, 3, 2
0 28 51: 1247, 22, 3
0 28 52: 1247, 22, 2
0 28 57: 981, 3, 2
0 28 58: 1247, 22, 2
0 28 58: 1276, 10, 3
0 28 59: 1247, 22, 2
0 28 61: 1247, 22, 0
0 29 7: 1276, 10, 3
0 29 8: 1247, 22, 3
0 29 9: 1258, 22, 1
0 29 10: 1259, 22, 2
0 29 11: 1259, 22, 0
0 29 12: 1257, 22, 2
0 29 13: 1257, 22, 3
0 29 28: 1281, 10, 3
0 29 29: 1254, 22, 3
0 29 30: 1298, 10, 2
0 29 32: 1244, 22, 2
0 29 33: 1245, 22, 2
0 29 34: 1253, 22, 0
0 29 36: 1278, 10, 2
0 29 44: 1265, 22, 1
0 29 47: 315, 22, 2
0 29 47: 980, 9, 3
0 29 48: 315, 22, 3
0 29 48: 980, 0, 0
0 29 49: 980, 0, 0
0 29 50: 315, 22, 2
0 29 50: 980, 0, 0
0 29 51: 980, 0, 0
0 29 52: 315, 22, 3
0 29 52: 980, 0, 0
0 29 53: 980, 0, 0
0 29 54: 980, 0, 0
0 29 55: 315, 22, 2
0 29 55: 980, 0, 0
0 29 56: 980, 0, 0
0 29 57: 980, 9, 2
0 29 58: 980, 1, 2
0 30 7: 1247, 22, 1
0 30 8: 1247, 22, 0
0 30 9: 1258, 22, 1
0 30 10: 1260, 22, 2
0 30 11: 1259, 22, 0
0 30 12: 1258, 22, 3
0 30 13: 1257, 22, 0
0 30 28: 1248, 22, 3
0 30 30: 1264, 22, 2
0 30 32: 1281, 10, 3
0 30 33: 1247, 22, 2
0 30 34: 1265, 22, 2
0 30 46: 316, 22, 0
0 30 46: 980, 9, 3
0 30 47: 980, 1, 3
0 30 52: 307, 10, 0
0 30 58: 315, 22, 1
0 30 58: 980, 9, 2
0 30 59: 980, 1, 2
0 30 63: 1281, 10, 2
0 31 1: 1173, 10, 0
0 31 8: 1257, 22, 0
0 31 9: 1258, 22, 0
0 31 10: 1259, 22, 3
0 31 11: 1259, 22, 0
0 31 12: 1257, 22, 1
0 31 18: 1122, 10, 0
0 31 29: 1247, 22, 1
0 31 32: 1253, 22, 0
0 31 35: 1244, 22, 3
0 31 45: 315, 22, 1
0 31 45: 980, 9, 3
0 31 46: 980, 1, 3
0 31 49: 1247, 22, 3
0 31 51: 1244, 22, 1
0 31 59: 315, 22, 3
0 31 59: 980, 9, 2
0 31 60: 980, 1, 2
0 32 0: 980, 0, 3
0 32 4: 1247, 22, 1
0 32 4: 1278, 10, 2
0 32 5: 1247, 22, 3
0 32 8: 1257, 22, 3
0 32 9: 1257, 22, 1
0 32 10: 1257, 22, 1
0 32 11: 1258, 22, 2
0 32 12: 1257, 22, 2
0 32 15: 1276, 10, 3
0 32 17: 1248, 22, 1
0 32 33: 1248, 22, 2
0 32 40: 315, 22, 3
0 32 40: 980, 9, 3
0 32 40: 981, 3, 0
0 32 41: 980, 0, 0
0 32 42: 315, 22, 0
0 32 42: 980, 0, 0
0 32 43: 980, 0, 0
0 32 44: 315, 22, 0
0 32 44: 980, 0, 0
0 32 45: 981, 3, 3
0 32 47: 1286, 10, 2
0 32 53: 2619, 10, 2
0 32 54: 2619, 10, 3
0 32 60: 315, 22, 0
0 32 60: 980, 9, 2
0 32 61: 980, 1, 2
0 33 0: 980, 0, 3
0 33 4: 1247, 22, 0
0 33 5: 1247, 22, 0
0 33 8: 1257, 22, 2
0 33 9: 1257, 22, 2
0 33 10: 1257, 22, 0
0 33 11: 1257, 22, 3
0 33 12: 1257, 22, 3
0 33 15: 1247, 22, 3
0 33 17: 1278, 10, 1
0 33 22: 1247, 22, 0
0 33 22: 1278, 10, 2
0 33 23: 1247, 22, 3
0 33 33: 1125, 10, 1
0 33 36: 1276, 10, 2
0 33 39: 315, 22, 1
0 33 39: 980, 9, 3
0 33 40: 980, 1, 3
0 33 46: 315, 22, 0
0 33 47: 315, 22, 2
0 33 48: 315, 22, 3
0 33 53: 1247, 22, 2
0 33 53: 2619, 10, 2
0 33 54: 1247, 22, 1
0 33 54: 1602, 3, 1
0 33 61: 315, 22, 0
0 33 61: 980, 9, 2
0 33 62: 981, 3, 2
0 34 0: 980, 0, 3
0 34 1: 981, 3, 0
0 34 9: 1257, 22, 1
0 34 10: 1257, 22, 0
0 34 11: 1257, 22, 0
0 34 13: 1248, 22, 2
0 34 14: 1276, 10, 0
0 34 17: 1244, 22, 3
0 34 18: 1247, 22, 2
0 34 22: 1247, 22, 1
0 34 23: 1246, 22, 0
0 34 31: 1247, 22, 2
0 34 31: 1276, 10, 3
0 34 32: 1247, 22, 2
0 34 38: 315, 22, 2
0 34 38: 980, 9, 3
0 34 39: 980, 1, 3
0 34 42: 1286, 10, 3
0 34 45: 315, 22, 3
0 34 46: 315, 22, 1
0 34 47: 316, 22, 3
0 34 48: 314, 22, 2
0 34 49: 315, 22, 0
0 34 50: 307, 10, 0
0 34 53: 1770, 1, 1
0 34 54: 1770, 9, 1
0 34 56: 1602, 3, 1
0 34 57: 1770, 0, 2
0 34 58: 1602, 3, 2
0 34 61: 315, 22, 2
0 34 62: 980, 0, 3
0 34 63: 1276, 10, 3
0 35 0: 980, 0, 3
0 35 12: 1244, 22, 0
0 35 19: 1258, 22, 2
0 35 31: 1247, 22, 3
0 35 37: 316, 22, 1
0 35 37: 980, 9, 3
0 35 38: 980, 1, 3
0 35 44: 1286, 10, 0
0 35 45: 315, 22, 2
0 35 46: 315, 22, 0
0 35 47: 315, 22, 2
0 35 48: 315, 22, 1
0 35 49: 315, 22, 0
0 35 50: 1247, 22, 0
0 35 53: 1770, 0, 1
0 35 54: 315, 22, 1
0 35 54: 1602, 3, 3
0 35 57: 1602, 3, 0
0 35 58: 1770, 0, 3
0 35 58: 2619, 10, 1
0 35 59: 2619, 10, 3
0 35 60: 2620, 10, 0
0 35 62: 980, 0, 3
0 36 0: 980, 0, 3
0 36 1: 1247, 22, 3
0 36 1: 1278, 10, 2
0 36 2: 1247, 22, 3
0 36 14: 1247, 22, 3
0 36 18: 1258, 22, 3
0 36 18: 2508, 10, 2
0 36 19: 154, 10, 2
0 36 19: 1247, 22, 0
0 36 20: 1247, 22, 1
0 36 24: 1247, 22, 0
0 36 24: 1276, 10, 1
0 36 25: 1246, 22, 1
0 36 33: 1341, 10, 3
0 36 36: 981, 3, 0
0 36 36: 1173, 10, 1
0 36 37: 315, 22, 3
0 36 37: 980, 0, 3
0 36 39: 1247, 22, 1
0 36 41: 1247, 22, 2
0 36 46: 315, 22, 1
0 36 47: 315, 22, 3
0 36 48: 315, 22, 1
0 36 49: 315, 22, 3
0 36 50: 2619, 10, 1
0 36 51: 358, 10, 1
0 36 52: 356, 10, 3
0 36 53: 1247, 22, 2
0 36 53: 1770, 0, 1
0 36 54: 314, 22, 3
0 36 54: 1602, 3, 3
0 36 55: 315, 22, 2
0 36 55: 2619, 10, 0
0 36 57: 1246, 22, 1
0 36 57: 1602, 3, 0
0 36 58: 362, 10, 1
0 36 58: 1770, 0, 3
0 36 59: 358, 10, 2
0 36 60: 2620, 10, 1
0 36 61: 315, 22, 3
0 36 62: 980, 0, 3
0 37 0: 980, 0, 3
0 37 1: 1247, 22, 2
0 37 2: 1247, 22, 1
0 37 10: 1281, 10, 2
0 37 11: 1244, 22, 1
0 37 12: 1248, 22, 3
0 37 13: 1124, 10, 2
0 37 15: 1247, 22, 0
0 37 15: 1276, 10, 1
0 37 16: 1265, 22, 2
0 37 17: 1258, 22, 0
0 37 18: 1258, 22, 2
0 37 19: 1248, 22, 3
0 37 20: 1265, 22, 2
0 37 21: 1276, 10, 0
0 37 22: 1248, 22, 3
0 37 24: 1247, 22, 1
0 37 25: 1247, 22, 0
0 37 37: 980, 0, 3
0 37 44: 2620, 10, 3
0 37 45: 1247, 22, 3
0 37 46: 2620, 10, 2
0 37 48: 315, 22, 2
0 37 50: 1247, 22, 3
0 37 51: 2620, 10, 1
0 37 52: 358, 10, 2
0 37 53: 356, 10, 0
0 37 53: 1770, 0, 1
0 37 54: 316, 22, 2
0 37 54: 1602, 3, 3
0 37 54: 2619, 10, 0
0 37 55: 315, 22, 0
0 37 55: 1602, 3, 2
0 37 56: 1602, 3, 2
0 37 57: 315, 22, 3
0 37 58: 362, 10, 3
0 37 58: 1602, 3, 3
0 37 59: 2620, 10, 3
0 37 62: 980, 0, 3
0 38 0: 980, 0, 3
0 38 7: 1247, 22, 2
0 38 7: 1278, 10, 1
0 38 8: 1247, 22, 2
0 38 10: 1247, 22, 2
0 38 12: 1265, 22, 2
0 38 15: 1247, 22, 1
0 38 16: 1247, 22, 0
0 38 17: 2508, 10, 3
0 38 18: 1259, 22, 2
0 38 19: 1258, 22, 2
0 38 19: 1276, 10, 3
0 38 21: 1244, 22, 2
0 38 22: 1247, 22, 2
0 38 24: 1247, 22, 1
0 38 24: 1276, 10, 0
0 38 25: 1247, 22, 1
0 38 37: 980, 0, 3
0 38 43: 2620, 10, 0
0 38 44: 358, 10, 1
0 38 44: 1602, 3, 1
0 38 45: 1770, 0, 2
0 38 45: 2620, 10, 1
0 38 46: 357, 10, 1
0 38 46: 1770, 0, 2
0 38 47: 1247, 22, 2
0 38 47: 1530, 0, 2
0 38 47: 2620, 10, 2
0 38 48: 1770, 0, 2
0 38 49: 1770, 0, 2
0 38 50: 1602, 3, 2
0 38 52: 315, 22, 1
0 38 52: 2620, 10, 1
0 38 53: 1770, 3, 0
0 38 53: 2620, 10, 0
0 38 54: 1770, 0, 0
0 38 55: 1770, 0, 0
0 38 56: 1770, 0, 0
0 38 57: 1602, 3, 3
0 38 58: 2620, 10, 0
0 38 59: 2620, 10, 0
0 38 61: 315, 22, 1
0 38 62: 980, 0, 3
0 39 0: 980, 0, 3
0 39 7: 1247, 22, 3
0 39 8: 1247, 22, 1
0 39 11: 1248, 22, 1
0 39 13: 2509, 10, 2
0 39 16: 1245, 22, 2
0 39 17: 1258, 22, 0
0 39 17: 2505, 10, 2
0 39 18: 1258, 22, 3
0 39 19: 1258, 22, 3
0 39 20: 1259, 22, 3
0 39 21: 1258, 22, 0
0 39 23: 2509, 10, 0
0 39 24: 1247, 22, 3
0 39 30: 1247, 22, 0
0 39 30: 1276, 10, 2
0 39 31: 1247, 22, 2
0 39 37: 980, 0, 3
0 39 43: 1247, 22, 0
0 39 44: 1770, 0, 1
0 39 44: 2620, 10, 3
0 39 45: 316, 22, 2
0 39 45: 1602, 3, 0
0 39 46: 315, 22, 2
0 39 48: 315, 22, 3
0 39 49: 1247, 22, 1
0 39 49: 1770, 0, 1
0 39 53: 315, 22, 0
0 39 53: 2620, 10, 1
0 39 55: 2620, 10, 1
0 39 62: 315, 22, 1
0 39 62: 980, 0, 3
0 40 0: 980, 0, 3
0 40 12: 2509, 10, 0
0 40 13: 1309, 10, 3
0 40 14: 1265, 22, 2
0 40 15: 1248, 22, 2
0 40 16: 1258, 22, 1
0 40 17: 1258, 22, 2
0 40 18: 1259, 22, 0
0 40 19: 1259, 22, 2
0 40 20: 1258, 22, 1
0 40 21: 1258, 22, 2
0 40 30: 1247, 22, 0
0 40 37: 980, 0, 3
0 40 43: 2620, 10, 3
0 40 44: 1770, 0, 1
0 40 45: 315, 22, 1
0 40 45: 1602, 3, 2
0 40 46: 1246, 22, 2
0 40 47: 1602, 3, 0
0 40 48: 316, 22, 2
0 40 48: 1770, 2, 3
0 40 49: 315, 22, 3
0 40 49: 1770, 0, 0
0 40 50: 1602, 3, 3
0 40 60: 1286, 10, 1
0 40 62: 315, 22, 0
0 40 62: 980, 0, 3
0 40 63: 1276, 10, 2
0 41 0: 980, 0, 3
0 41 10: 2508, 10, 1
0 41 11: 1276, 10, 3
0 41 13: 1247, 22, 2
0 41 15: 1264, 22, 2
0 41 16: 1259, 22, 3
0 41 17: 2455, 10, 0
0 41 18: 1258, 22, 1
0 41 19: 1258, 22, 0
0 41 20: 1260, 22, 0
0 41 21: 1258, 22, 3
0 41 21: 2503, 10, 2
0 41 22: 1258, 22, 1
0 41 22: 2509, 10, 3
0 41 26: 1298, 10, 0
0 41 34: 1300, 10, 2
0 41 37: 2618, 10, 3
0 41 44: 1247, 22, 2
0 41 44: 1770, 0, 1
0 41 45: 315, 22, 0
0 41 45: 1602, 3, 2
0 41 46: 1247, 22, 1
0 41 47: 1602, 3, 1
0 41 48: 315, 22, 2
0 41 48: 1770, 2, 2
0 41 49: 1770, 0, 2
0 41 50: 1602, 3, 2
0 41 54: 1602, 3, 2
0 41 55: 1602, 3, 1
0 41 56: 1770, 0, 2
0 41 57: 1770, 0, 2
0 41 58: 1602, 3, 2
0 41 61: 315, 22, 0
0 41 62: 980, 0, 3
0 42 0: 980, 0, 3
0 42 5: 1298, 10, 0
0 42 9: 1276, 10, 0
0 42 13: 1248, 22, 0
0 42 14: 1247, 22, 1
0 42 16: 1258, 22, 1
0 42 17: 1258, 22, 3
0 42 19: 1258, 22, 3
0 42 20: 1259, 22, 3
0 42 21: 1258, 22, 0
0 42 22: 1259, 22, 1
0 42 23: 1258, 22, 2
0 42 37: 980, 0, 3
0 42 39: 1286, 10, 1
0 42 44: 1602, 3, 0
0 42 50: 315, 22, 0
0 42 54: 1602, 3, 0
0 42 55: 315, 22, 3
0 42 56: 315, 22, 1
0 42 56: 1602, 3, 0
0 42 57: 316, 22, 0
0 42 57: 1770, 0, 1
0 42 62: 980, 0, 3
0 42 63: 1124, 10, 2
0 43 0: 980, 0, 3
0 43 9: 1244, 22, 2
0 43 11: 2509, 10, 2
0 43 12: 1247, 22, 2
0 43 13: 2509, 10, 3
0 43 15: 1258, 22, 3
0 43 15: 2504, 10, 2
0 43 16: 1259, 22, 0
0 43 17: 1258, 22, 0
0 43 18: 1258, 22, 1
0 43 19: 1258, 22, 2
0 43 20: 1258, 22, 2
0 43 21: 1258, 22, 0
0 43 21: 2504, 10, 1
0 43 22: 1258, 22, 3
0 43 22: 2508, 10, 2
0 43 24: 1276, 10, 1
0 43 25: 1247, 22, 3
0 43 35: 1124, 10, 0
0 43 37: 980, 0, 3
0 43 39: 1247, 22, 3
0 43 42: 1602, 3, 2
0 43 45: 315, 22, 1
0 43 45: 1602, 3, 0
0 43 47: 315, 22, 2
0 43 47: 1602, 3, 3
0 43 48: 1602, 3, 3
0 43 49: 1602, 3, 3
0 43 50: 1602, 3, 3
0 43 51: 1602, 3, 2
0 43 54: 1602, 3, 1
0 43 56: 315, 22, 0
0 43 57: 1247, 22, 1
0 43 57: 1770, 0, 1
0 43 58: 1602, 3, 3
0 43 62: 980, 0, 3
0 44 0: 980, 0, 3
0 44 11: 1247, 22, 2
0 44 11: 1276, 10, 2
0 44 12: 1247, 22, 3
0 44 13: 1281, 10, 1
0 44 14: 1247, 22, 0
0 44 16: 1258, 22, 2
0 44 16: 1276, 10, 2
0 44 17: 1258, 22, 0
0 44 18: 1259, 22, 1
0 44 19: 1258, 22, 3
0 44 20: 1259, 22, 0
0 44 21: 1258, 22, 1
0 44 23: 1300, 10, 1
0 44 24: 1247, 22, 1
0 44 37: 315, 22, 3
0 44 37: 980, 0, 3
0 44 41: 1602, 3, 1
0 44 41: 2619, 10, 2
0 44 42: 1770, 0, 3
0 44 43: 315, 22, 3
0 44 45: 1602, 3, 0
0 44 47: 1602, 3, 2
0 44 51: 1247, 22, 0
0 44 51: 1770, 2, 3
0 44 52: 1602, 3, 3
0 44 53: 315, 22, 2
0 44 53: 1602, 3, 0
0 44 54: 1247, 22, 2
0 44 54: 1770, 2, 0
0 44 56: 315, 22, 3
0 44 56: 1770, 1, 1
0 44 57: 1770, 9, 1
0 44 58: 2619, 10, 1
0 44 62: 980, 0, 3
0 45 0: 980, 0, 3
0 45 3: 1247, 22, 1
0 45 3: 1281, 10, 3
0 45 4: 1247, 22, 0
0 45 5: 1247, 22, 0
0 45 11: 1248, 22, 3
0 45 12: 1247, 22, 1
0 45 13: 1248, 22, 2
0 45 15: 1265, 22, 2
0 45 16: 1258, 22, 1
0 45 17: 1259, 22, 3
0 45 19: 2505, 10, 0
0 45 20: 1247, 22, 3
0 45 22: 1247, 22, 0
0 45 22: 1278, 10, 2
0 45 37: 316, 22, 2
0 45 37: 980, 0, 3
0 45 41: 1602, 3, 1
0 45 41: 1875, 10, 3
0 45 42: 316, 22, 1
0 45 42: 1770, 2, 2
0 45 43: 315, 22, 2
0 45 43: 1770, 0, 2
0 45 44: 315, 22, 1
0 45 44: 1770, 0, 2
0 45 45: 315, 22, 0
0 45 45: 1770, 0, 2
0 45 46: 1770, 0, 2
0 45 47: 1602, 3, 2
0 45 47: 2620, 10, 0
0 45 48: 1602, 3, 1
0 45 49: 1602, 3, 1
0 45 50: 1770, 0, 2
0 45 51: 1770, 2, 2
0 45 52: 315, 22, 3
0 45 52: 1770, 3, 2
0 45 53: 315, 22, 1
0 45 54: 316, 22, 3
0 45 54: 1770, 0, 1
0 45 55: 1770, 0, 2
0 45 56: 1770, 9, 1
0 45 57: 2619, 10, 0
0 45 58: 356, 10, 1
0 45 59: 2619, 10, 1
0 45 62: 980, 0, 3
0 46 0: 980, 0, 3
0 46 3: 1247, 22, 1
0 46 4: 1247, 22, 1
0 46 5: 1247, 22, 3
0 46 10: 1299, 10, 0
0 46 14: 1254, 22, 2
0 46 18: 1265, 22, 2
0 46 19: 1247, 22, 0
0 46 20: 154, 10, 2
0 46 20: 1247, 22, 2
0 46 21: 1247, 22, 3
0 46 22: 1244, 22, 1
0 46 23: 1247, 22, 3
0 46 27: 980, 1, 1
0 46 28: 980, 0, 2
0 46 29: 980, 0, 2
0 46 30: 980, 0, 2
0 46 31: 980, 1, 2
0 46 37: 315, 22, 0
0 46 37: 980, 0, 3
0 46 41: 2619, 10, 3
0 46 42: 1602, 3, 0
0 46 42: 2620, 10, 2
0 46 43: 1602, 3, 0
0 46 44: 309, 10, 1
0 46 44: 1602, 3, 0
0 46 45: 357, 10, 0
0 46 45: 1602, 3, 0
0 46 46: 357, 10, 0
0 46 47: 2619, 10, 3
0 46 49: 1602, 3, 0
0 46 50: 1602, 3, 0
0 46 51: 1602, 3, 0
0 46 51: 1875, 10, 3
0 46 52: 315, 22, 3
0 46 52: 1770, 0, 3
0 46 53: 315, 22, 0
0 46 53: 1747, 10, 0
0 46 54: 1770, 0, 1
0 46 54: 1875, 10, 3
0 46 55: 1602, 3, 0
0 46 57: 2620, 10, 3
0 46 58: 2620, 10, 1
0 46 59: 2619, 10, 1
0 46 62: 980, 0, 3
0 47 0: 980, 0, 3
0 47 3: 1247, 22, 2
0 47 4: 1247, 22, 2
0 47 5: 1247, 22, 3
0 47 7: 1341, 10, 2
0 47 10: 1276, 10, 3
0 47 11: 1248, 22, 1
0 47 17: 1247, 22, 1
0 47 18: 2509, 10, 0
0 47 19: 2509, 10, 3
0 47 20: 1247, 22, 1
0 47 21: 1247, 22, 3
0 47 22: 1247, 22, 0
0 47 22: 1276, 10, 2
0 47 23: 1247, 22, 1
0 47 24: 1173, 10, 3
0 47 26: 980, 1, 1
0 47 27: 980, 9, 1
0 47 31: 980, 9, 2
0 47 32: 980, 1, 2
0 47 37: 980, 0, 3
0 47 43: 1247, 22, 1
0 47 44: 2620, 10, 1
0 47 45: 2620, 10, 3
0 47 46: 2619, 10, 1
0 47 47: 1247, 22, 0
0 47 51: 1602, 3, 3
0 47 52: 1770, 2, 2
0 47 54: 1770, 2, 1
0 47 62: 315, 22, 3
0 47 62: 980, 0, 3
0 48 0: 980, 0, 0
0 48 1: 980, 0, 0
0 48 2: 980, 9, 0
0 48 15: 1278, 10, 0
0 48 17: 980, 9, 3
0 48 18: 980, 0, 0
0 48 19: 980, 0, 0
0 48 19: 1254, 22, 2
0 48 20: 980, 0, 0
0 48 21: 980, 9, 0
0 48 22: 1247, 22, 1
0 48 24: 980, 9, 3
0 48 25: 980, 0, 0
0 48 26: 980, 0, 0
0 48 30: 1247, 22, 1
0 48 30: 1278, 10, 1
0 48 31: 1247, 22, 2
0 48 32: 980, 0, 3
0 48 34: 1247, 22, 2
0 48 34: 1276, 10, 3
0 48 35: 1247, 22, 0
0 48 37: 315, 22, 0
0 48 37: 980, 0, 3
0 48 51: 1602, 3, 2
0 48 51: 1875, 10, 3
0 48 52: 1602, 3, 2
0 48 52: 2619, 10, 0
0 48 53: 1602, 3, 2
0 48 54: 1602, 3, 1
0 48 54: 1875, 10, 3
0 48 62: 316, 22, 0
0 48 62: 980, 0, 3
0 48 63: 1276, 10, 0
0 49 2: 981, 3, 0
0 49 3: 980, 0, 0
0 49 4: 980, 0, 0
0 49 5: 980, 9, 0
0 49 15: 1248, 22, 0
0 49 17: 980, 0, 3
0 49 21: 980, 1, 0
0 49 22: 980, 0, 0
0 49 23: 980, 0, 0
0 49 24: 980, 1, 3
0 49 30: 1246, 22, 3
0 49 31: 1246, 22, 0
0 49 32: 980, 0, 3
0 49 34: 1247, 22, 3
0 49 35: 1247, 22, 3
0 49 37: 316, 22, 3
0 49 37: 980, 0, 3
0 49 48: 1341, 10, 2
0 49 62: 315, 22, 2
0 49 62: 980, 0, 3
0 50 3: 1247, 22, 2
0 50 3: 1276, 10, 2
0 50 4: 1247, 22, 3
0 50 5: 981, 3, 0
0 50 6: 980, 9, 0
0 50 16: 980, 9, 3
0 50 17: 980, 1, 3
0 50 17: 1298, 10, 1
0 50 32: 980, 0, 3
0 50 37: 315, 22, 1
0 50 37: 980, 9, 0
0 50 40: 1341, 10, 3
0 50 43: 306, 10, 3
0 50 44: 1247, 22, 0
0 50 45: 1247, 22, 1
0 50 58: 1247, 22, 3
0 50 58: 1286, 10, 2
0 50 62: 980, 0, 3
0 51 3: 1247, 22, 0
0 51 4: 1247, 22, 3
0 51 5: 1246, 22, 2
0 51 5: 1278, 10, 1
0 51 6: 980, 1, 0
0 51 6: 1247, 22, 2
0 51 7: 980, 9, 0
0 51 12: 1124, 10, 2
0 51 16: 980, 0, 3
0 51 20: 1257, 22, 0
0 51 21: 1257, 22, 3
0 51 22: 1257, 22, 1
0 51 23: 1124, 10, 1
0 51 25: 1300, 10, 0
0 51 31: 980, 1, 1
0 51 32: 980, 0, 3
0 51 37: 980, 1, 0
0 51 38: 980, 9, 0
0 51 43: 1247, 22, 3
0 51 45: 1247, 22, 1
0 51 46: 1341, 10, 1
0 51 47: 1246, 22, 3
0 51 50: 315, 22, 3
0 51 51: 315, 22, 0
0 51 55: 1247, 22, 1
0 51 56: 1286, 10, 3
0 51 58: 1247, 22, 1
0 51 59: 1247, 22, 2
0 51 62: 980, 0, 3
0 52 5: 1247, 22, 0
0 52 6: 1247, 22, 3
0 52 7: 980, 0, 1
0 52 16: 980, 0, 3
0 52 18: 1257, 22, 1
0 52 19: 1257, 22, 0
0 52 20: 1257, 22, 3
0 52 21: 1257, 22, 2
0 52 22: 1257, 22, 2
0 52 30: 980, 1, 1
0 52 31: 980, 9, 1
0 52 38: 980, 1, 0
0 52 39: 315, 22, 2
0 52 39: 980, 9, 0
0 52 41: 1247, 22, 0
0 52 43: 1247, 22, 2
0 52 44: 1247, 22, 1
0 52 49: 315, 22, 0
0 52 50: 316, 22, 0
0 52 51: 315, 22, 2
0 52 52: 315, 22, 3
0 52 53: 1246, 22, 3
0 52 54: 1286, 10, 3
0 52 56: 1246, 22, 2
0 52 58: 1286, 10, 1
0 52 62: 315, 22, 1
0 52 62: 980, 0, 3
0 53 7: 980, 0, 1
0 53 11: 1300, 10, 3
0 53 15: 1124, 10, 3
0 53 16: 980, 0, 3
0 53 18: 1257, 22, 2
0 53 19: 1257, 22, 0
0 53 20: 1257, 22, 0
0 53 21: 1257, 22, 3
0 53 22: 1257, 22, 2
0 53 23: 1257, 22, 0
0 53 28: 1298, 10, 0
0 53 29: 980, 1, 1
0 53 30: 980, 9, 1
0 53 32: 1173, 10, 1
0 53 39: 980, 1, 0
0 53 40: 980, 9, 0
0 53 49: 315, 22, 3
0 53 50: 315, 22, 3
0 53 51: 314, 22, 3
0 53 52: 315, 22, 1
0 53 56: 1286, 10, 2
0 53 58: 1246, 22, 0
0 53 61: 2620, 10, 3
0 53 62: 316, 22, 1
0 53 62: 980, 0, 3
0 54 7: 980, 1, 0
0 54 8: 980, 9, 0
0 54 15: 980, 9, 3
0 54 16: 980, 1, 3
0 54 18: 1257, 22, 3
0 54 19: 1257, 22, 1
0 54 20: 1258, 22, 1
0 54 21: 1258, 22, 0
0 54 22: 1257, 22, 1
0 54 23: 1257, 22, 3
0 54 24: 1173, 10, 2
0 54 29: 980, 0, 1
0 54 31: 1278, 10, 1
0 54 32: 1246, 22, 1
0 54 40: 980, 1, 0
0 54 41: 980, 9, 0
0 54 50: 315, 22, 1
0 54 51: 315, 22, 0
0 54 54: 1286, 10, 2
0 54 59: 1286, 10, 0
0 54 60: 2620, 10, 1
0 54 61: 357, 10, 3
0 54 62: 315, 22, 0
0 54 62: 980, 0, 3
0 54 62: 1276, 10, 0
0 55 0: 1173, 10, 2
0 55 7: 1278, 10, 0
0 55 8: 980, 1, 0
0 55 8: 1247, 22, 2
0 55 9: 980, 9, 0
0 55 13: 980, 9, 3
0 55 14: 980, 0, 0
0 55 15: 980, 1, 3
0 55 18: 1257, 22, 3
0 55 19: 1257, 22, 3
0 55 20: 1259, 22, 2
0 55 21: 1258, 22, 3
0 55 22: 1257, 22, 1
0 55 26: 1122, 10, 2
0 55 27: 1246, 22, 2
0 55 29: 980, 0, 1
0 55 41: 980, 1, 0
0 55 42: 980, 9, 0
0 55 45: 1341, 10, 1
0 55 56: 1247, 22, 0
0 55 56: 1286, 10, 0
0 55 58: 1247, 22, 3
0 55 60: 2620, 10, 2
0 55 61: 356, 10, 3
0 55 62: 980, 0, 3
0 56 7: 1247, 22, 3
0 56 8: 1246, 22, 1
0 56 9: 980, 1, 0
0 56 10: 980, 0, 0
0 56 11: 980, 0, 0
0 56 12: 980, 0, 0
0 56 13: 980, 1, 3
0 56 14: 1122, 10, 3
0 56 14: 1247, 22, 2
0 56 15: 1247, 22, 1
0 56 19: 1257, 22, 0
0 56 20: 1258, 22, 2
0 56 21: 1257, 22, 3
0 56 29: 980, 3, 0
0 56 30: 980, 0, 0
0 56 31: 980, 9, 0
0 56 33: 1173, 10, 2
0 56 42: 980, 1, 0
0 56 43: 315, 22, 2
0 56 43: 980, 9, 0
0 56 53: 1286, 10, 1
0 56 58: 1246, 22, 1
0 56 60: 2620, 10, 1
0 56 61: 356, 10, 1
0 56 62: 980, 0, 3
0 57 4: 1300, 10, 2
0 57 14: 1247, 22, 2
0 57 15: 1247, 22, 0
0 57 17: 1173, 10, 3
0 57 19: 1257, 22, 1
0 57 20: 1257, 22, 1
0 57 21: 1298, 10, 3
0 57 27: 1124, 10, 0
0 57 29: 1173, 10, 1
0 57 31: 980, 0, 1
0 57 37: 1247, 22, 0
0 57 39: 1247, 22, 3
0 57 39: 1281, 10, 2
0 57 40: 1247, 22, 2
0 57 41: 1247, 22, 3
0 57 43: 980, 1, 0
0 57 44: 315, 22, 3
0 57 44: 980, 9, 0
0 57 45: 315, 22, 3
0 57 51: 315, 22, 1
0 57 56: 1247, 22, 1
0 57 58: 1286, 10, 0
0 57 61: 2620, 10, 1
0 57 62: 980, 0, 3
0 58 2: 1173, 10, 1
0 58 7: 1247, 22, 3
0 58 12: 1124, 10, 3
0 58 31: 980, 0, 1
0 58 36: 1278, 10, 2
0 58 41: 1247, 22, 2
0 58 44: 980, 1, 0
0 58 45: 980, 9, 0
0 58 46: 315, 22, 3
0 58 51: 315, 22, 0
0 58 55: 1246, 22, 0
0 58 56: 1286, 10, 3
0 58 57: 1247, 22, 2
0 58 61: 315, 22, 1
0 58 61: 980, 9, 3
0 58 62: 981, 3, 3
0 58 62: 1276, 10, 3
0 59 7: 1246, 22, 0
0 59 7: 1276, 10, 1
0 59 8: 1247, 22, 2
0 59 19: 1300, 10, 3
0 59 31: 980, 0, 1
0 59 32: 1341, 10, 2
0 59 36: 1247, 22, 2
0 59 37: 1247, 22, 1
0 59 39: 1247, 22, 0
0 59 40: 1247, 22, 1
0 59 45: 980, 1, 0
0 59 45: 1298, 10, 2
0 59 46: 980, 9, 0
0 59 47: 315, 22, 0
0 59 48: 1341, 10, 3
0 59 60: 315, 22, 2
0 59 60: 980, 9, 3
0 59 61: 980, 1, 3
0 60 7: 1247, 22, 1
0 60 16: 1247, 22, 3
0 60 16: 1278, 10, 2
0 60 17: 1247, 22, 2
0 60 22: 1298, 10, 2
0 60 31: 980, 0, 1
0 60 46: 980, 1, 0
0 60 47: 315, 22, 1
0 60 47: 980, 9, 0
0 60 59: 315, 22, 2
0 60 59: 980, 9, 3
0 60 60: 980, 1, 3
0 61 1: 1247, 22, 0
0 61 1: 1278, 10, 0
0 61 2: 1247, 22, 1
0 61 16: 1247, 22, 1
0 61 17: 1247, 22, 1
0 61 24: 1247, 22, 3
0 61 24: 1281, 10, 0
0 61 25: 1247, 22, 3
0 61 31: 980, 0, 1
0 61 32: 1247, 22, 1
0 61 32: 1278, 10, 2
0 61 33: 1247, 22, 2
0 61 46: 1125, 10, 3
0 61 47: 980, 1, 0
0 61 48: 980, 9, 0
0 61 50: 315, 22, 1
0 61 54: 315, 22, 3
0 61 55: 316, 22, 3
0 61 56: 315, 22, 2
0 61 58: 315, 22, 2
0 61 58: 980, 9, 3
0 61 59: 980, 1, 3
0 62 1: 1247, 22, 0
0 62 2: 1247, 22, 3
0 62 24: 1247, 22, 0
0 62 25: 1246, 22, 2
0 62 26: 1247, 22, 2
0 62 31: 980, 0, 1
0 62 32: 1246, 22, 1
0 62 33: 1247, 22, 0
0 62 35: 1247, 22, 0
0 62 35: 1276, 10, 0
0 62 48: 981, 3, 0
0 62 49: 980, 0, 0
0 62 50: 980, 0, 0
0 62 51: 980, 0, 0
0 62 52: 980, 0, 0
0 62 53: 980, 0, 0
0 62 54: 980, 0, 0
0 62 55: 980, 0, 0
0 62 56: 980, 0, 0
0 62 57: 980, 0, 0
0 62 58: 980, 1, 3
0 62 60: 1298, 10, 1
0 62 62: 1278, 10, 2
0 63 25: 1247, 22, 1
0 63 31: 980, 0, 1
0 63 32: 980, 0, 2
0 63 33: 980, 0, 2
0 63 34: 980, 0, 2
0 63 35: 980, 0, 2
0 63 35: 1246, 22, 3
0 63 36: 980, 0, 2
0 63 36: 1247, 22, 2
0 63 37: 980, 0, 2
0 63 38: 980, 0, 2
0 63 39: 980, 0, 2
0 63 40: 980, 0, 2
0 63 41: 980, 0, 2
0 63 42: 980, 0, 2
0 63 43: 980, 0, 2
0 63 44: 980, 0, 2
0 63 45: 980, 0, 2
0 63 46: 980, 0, 2
0 63 47: 980, 0, 2
0 63 48: 980, 0, 2
0 63 49: 980, 0, 2
0 63 50: 980, 0, 2
0 63 51: 980, 0, 2
0 63 52: 980, 0, 2
0 63 53: 980, 0, 2
0 63 54: 980, 0, 2
0 63 55: 980, 0, 2
0 63 56: 980, 0, 2
0 63 57: 980, 0, 2
0 63 58: 980, 0, 2
0 63 59: 980, 0, 2
0 63 60: 980, 0, 2
0 63 61: 980, 0, 2
0 63 62: 980, 0, 2
0 63 63: 980, 0, 2
1 0 10: 1651, 1, 1
1 0 11: 1651, 9, 1
1 0 15: 1913, 0, 3
1 1 10: 1651, 0, 1
1 1 12: 1937, 10, 0
1 1 15: 1913, 0, 3
1 2 10: 1651, 0, 1
1 2 15: 1913, 0, 3
1 3 0: 1651, 0, 0
1 3 1: 1651, 0, 0
1 3 2: 1651, 0, 0
1 3 3: 1651, 0, 0
1 3 4: 1651, 0, 0
1 3 5: 1651, 0, 0
1 3 6: 1651, 0, 0
1 3 7: 1651, 0, 0
1 3 8: 1651, 0, 0
1 3 9: 1651, 0, 0
1 3 10: 1651, 0, 0
1 3 14: 1913, 9, 3
1 3 15: 1913, 1, 3
1 4 0: 1913, 0, 0
1 4 1: 1913, 0, 0
1 4 2: 1913, 0, 0
1 4 3: 1913, 0, 0
1 4 4: 1913, 0, 0
1 4 5: 1913, 0, 0
1 4 6: 1913, 0, 0
1 4 7: 1913, 0, 0
1 4 8: 1913, 0, 0
1 4 9: 1913, 0, 0
1 4 10: 1913, 0, 0
1 4 11: 1913, 0, 0
1 4 12: 1913, 0, 0
1 4 13: 1913, 0, 0
1 4 14: 1913, 1, 3
1 7 29: 1651, 1, 1
1 7 30: 1651, 0, 2
1 7 31: 1651, 0, 2
1 7 32: 1651, 0, 2
1 7 33: 1651, 0, 2
1 7 34: 1651, 0, 2
1 7 35: 1651, 0, 2
1 7 36: 1651, 1, 2
1 8 29: 1651, 0, 1
1 8 30: 1926, 16, 1
1 8 31: 1926, 12, 2
1 8 32: 1926, 12, 2
1 8 33: 1926, 12, 2
1 8 34: 1926, 12, 2
1 8 35: 1926, 16, 2
1 8 36: 1651, 0, 3
1 9 29: 1651, 0, 1
1 9 30: 1926, 12, 1
1 9 31: 1926, 17, 0
1 9 32: 1926, 17, 0
1 9 33: 1926, 17, 0
1 9 34: 1926, 17, 0
1 9 35: 1926, 12, 3
1 9 36: 1651, 0, 3
1 10 29: 1651, 0, 1
1 10 30: 1926, 12, 1
1 10 31: 1926, 17, 0
1 10 32: 1926, 17, 0
1 10 33: 1828, 4, 2
1 10 33: 1926, 17, 0
1 10 34: 1926, 17, 0
1 10 35: 1926, 12, 3
1 10 36: 1651, 0, 3
1 10 37: 1651, 0, 2
1 10 37: 1828, 4, 2
1 10 38: 1651, 0, 2
1 10 39: 1651, 0, 2
1 10 40: 1651, 0, 2
1 10 41: 1651, 0, 2
1 10 41: 1828, 4, 2
1 10 42: 1651, 0, 2
1 10 43: 1651, 0, 2
1 10 43: 1828, 4, 2
1 10 44: 1651, 0, 2
1 10 45: 1651, 0, 2
1 10 45: 1828, 4, 2
1 10 46: 1651, 0, 2
1 10 47: 1651, 0, 2
1 10 47: 1828, 4, 2
1 10 48: 1651, 0, 2
1 10 49: 1651, 0, 2
1 10 50: 1651, 0, 2
1 10 50: 1828, 4, 2
1 10 51: 1651, 0, 2
1 10 52: 1651, 1, 2
1 11 29: 1651, 0, 1
1 11 30: 1158, 10, 3
1 11 30: 1902, 2, 3
1 11 31: 426, 10, 3
1 11 31: 1902, 0, 0
1 11 32: 1902, 0, 0
1 11 33: 1832, 5, 0
1 11 33: 1902, 0, 0
1 11 34: 604, 10, 1
1 11 34: 1902, 0, 0
1 11 35: 1158, 10, 3
1 11 35: 1902, 0, 0
1 11 36: 1088, 10, 2
1 11 36: 1902, 2, 3
1 11 37: 1832, 5, 0
1 11 37: 1902, 0, 0
1 11 38: 888, 5, 0
1 11 38: 1902, 0, 0
1 11 39: 1902, 0, 0
1 11 40: 887, 5, 0
1 11 40: 1902, 0, 0
1 11 41: 424, 10, 3
1 11 41: 1832, 5, 0
1 11 41: 1902, 0, 0
1 11 42: 1902, 2, 0
1 11 43: 1088, 10, 3
1 11 43: 1832, 5, 0
1 11 43: 1902, 0, 0
1 11 44: 1088, 10, 3
1 11 44: 1902, 0, 0
1 11 45: 202, 11, 3
1 11 45: 1832, 5, 0
1 11 45: 1902, 0, 0
1 11 46: 1902, 2, 3
1 11 47: 1832, 5, 0
1 11 47: 1902, 0, 0
1 11 48: 888, 5, 0
1 11 48: 1902, 0, 0
1 11 49: 1902, 0, 0
1 11 50: 1158, 10, 0
1 11 50: 1248, 22, 2
1 11 50: 1832, 5, 0
1 11 50: 1902, 2, 0
1 11 51: 1651, 0, 3
1 11 52: 1651, 0, 0
1 11 53: 1651, 0, 0
1 11 54: 1651, 0, 0
1 11 55: 1651, 0, 3
1 12 29: 1651, 0, 1
1 12 30: 196, 5, 3
1 12 30: 1248, 22, 2
1 12 30: 1902, 0, 3
1 12 35: 196, 4, 1
1 12 36: 196, 5, 3
1 12 36: 1088, 10, 2
1 12 36: 1902, 0, 3
1 12 38: 594, 10, 3
1 12 42: 1902, 0, 1
1 12 43: 888, 4, 3
1 12 46: 196, 5, 3
1 12 46: 1902, 0, 3
1 12 47: 943, 22, 3
1 12 48: 943, 22, 0
1 12 49: 419, 10, 0
1 12 50: 1832, 5, 1
1 12 50: 1902, 0, 1
1 12 51: 1651, 0, 3
1 12 51: 1828, 4, 3
1 12 55: 1651, 0, 3
1 13 29: 1651, 0, 1
1 13 29: 1828, 4, 1
1 13 30: 1832, 5, 3
1 13 30: 1902, 0, 3
1 13 35: 1096, 10, 0
1 13 36: 1902, 0, 3
1 13 37: 943, 22, 3
1 13 38: 944, 22, 3
1 13 39: 944, 22, 3
1 13 40: 943, 22, 0
1 13 42: 1902, 0, 1
1 13 43: 381, 10, 3
1 13 45: 1534, 0, 0
1 13 47: 944, 22, 2
1 13 48: 944, 22, 0
1 13 49: 419, 10, 0
1 13 50: 1902, 0, 1
1 13 51: 1651, 0, 3
1 13 55: 1651, 0, 3
1 14 29: 1651, 0, 1
1 14 30: 887, 5, 3
1 14 30: 1902, 0, 3
1 14 31: 943, 22, 3
1 14 32: 944, 22, 3
1 14 33: 943, 22, 0
1 14 35: 594, 10, 0
1 14 36: 1902, 0, 3
1 14 37: 944, 22, 2
1 14 38: 945, 22, 0
1 14 39: 945, 22, 0
1 14 40: 944, 22, 0
1 14 41: 1248, 22, 3
1 14 42: 1902, 0, 1
1 14 43: 887, 4, 3
1 14 46: 196, 5, 3
1 14 46: 1902, 0, 3
1 14 47: 943, 22, 2
1 14 48: 943, 22, 1
1 14 50: 196, 5, 1
1 14 50: 1902, 0, 1
1 14 51: 205, 5, 3
1 14 51: 1651, 0, 3
1 15 29: 1651, 0, 1
1 15 30: 1902, 2, 2
1 15 31: 196, 5, 2
1 15 31: 943, 22, 2
1 15 31: 1902, 0, 2
1 15 32: 944, 22, 1
1 15 33: 196, 5, 2
1 15 33: 943, 22, 1
1 15 33: 1902, 0, 2
1 15 34: 1902, 0, 2
1 15 35: 1902, 0, 2
1 15 36: 1902, 2, 2
1 15 37: 943, 22, 2
1 15 37: 1902, 0, 2
1 15 38: 196, 5, 2
1 15 38: 944, 22, 1
1 15 38: 1902, 0, 2
1 15 39: 944, 22, 1
1 15 40: 196, 5, 2
1 15 40: 943, 22, 1
1 15 40: 1902, 0, 2
1 15 41: 1902, 0, 2
1 15 42: 1158, 10, 0
1 15 42: 1902, 2, 1
1 15 45: 888, 4, 1
1 15 46: 1902, 0, 3
1 15 49: 602, 10, 1
1 15 50: 1832, 5, 1
1 15 50: 1902, 0, 1
1 15 51: 1651, 0, 3
1 15 51: 1828, 4, 3
1 16 29: 1651, 0, 1
1 16 30: 1088, 10, 2
1 16 30: 1902, 0, 3
1 16 32: 1534, 0, 3
1 16 33: 888, 4, 0
1 16 35: 196, 4, 0
1 16 37: 887, 4, 0
1 16 39: 1534, 0, 3
1 16 41: 196, 4, 0
1 16 45: 1106, 10, 0
1 16 46: 1902, 2, 2
1 16 47: 364, 10, 1
1 16 47: 962, 5, 2
1 16 47: 1902, 0, 2
1 16 48: 364, 10, 1
1 16 48: 1902, 0, 2
1 16 49: 887, 5, 2
1 16 49: 1902, 0, 2
1 16 50: 1902, 2, 1
1 16 51: 1042, 5, 3
1 16 51: 1651, 0, 3
1 17 29: 1651, 0, 1
1 17 29: 1828, 4, 1
1 17 30: 1088, 10, 2
1 17 30: 1832, 5, 3
1 17 30: 1902, 0, 3
1 17 33: 943, 22, 3
1 17 34: 944, 22, 3
1 17 35: 944, 22, 3
1 17 36: 944, 22, 3
1 17 37: 944, 22, 3
1 17 38: 944, 22, 3
1 17 39: 943, 22, 0
1 17 45: 196, 4, 1
1 17 46: 1158, 10, 0
1 17 46: 1902, 0, 3
1 17 47: 380, 10, 0
1 17 49: 350, 10, 0
1 17 50: 1902, 0, 1
1 17 51: 1651, 0, 3
1 17 55: 1651, 0, 3
1 18 29: 1651, 0, 1
1 18 30: 1902, 0, 3
1 18 33: 944, 22, 2
1 18 34: 945, 22, 0
1 18 35: 945, 22, 0
1 18 36: 945, 22, 0
1 18 37: 945, 22, 0
1 18 38: 945, 22, 0
1 18 39: 944, 22, 0
1 18 41: 593, 10, 3
1 18 44: 1248, 22, 3
1 18 46: 943, 22, 3
1 18 46: 1902, 0, 3
1 18 47: 944, 22, 3
1 18 48: 943, 22, 0
1 18 50: 1832, 5, 1
1 18 50: 1902, 0, 1
1 18 51: 1651, 0, 3
1 18 51: 1828, 4, 3
1 18 55: 1651, 0, 3
1 19 29: 1651, 0, 1
1 19 30: 901, 5, 3
1 19 30: 1902, 0, 3
1 19 31: 594, 10, 0
1 19 32: 1088, 10, 0
1 19 33: 943, 22, 2
1 19 34: 944, 22, 1
1 19 35: 944, 22, 1
1 19 36: 944, 22, 1
1 19 37: 944, 22, 1
1 19 38: 944, 22, 1
1 19 39: 943, 22, 1
1 19 40: 1088, 10, 2
1 19 43: 1088, 10, 0
1 19 45: 887, 4, 1
1 19 46: 196, 5, 3
1 19 46: 944, 22, 2
1 19 46: 1902, 0, 3
1 19 47: 945, 22, 0
1 19 48: 944, 22, 0
1 19 49: 419, 10, 0
1 19 50: 1902, 0, 1
1 19 51: 205, 5, 3
1 19 51: 1651, 0, 3
1 19 55: 1651, 0, 3
1 20 29: 1651, 0, 1
1 20 30: 899, 5, 3
1 20 30: 1902, 0, 3
1 20 32: 1088, 10, 0
1 20 37: 994, 0, 2
1 20 38: 994, 0, 2
1 20 39: 994, 0, 2
1 20 42: 1088, 10, 1
1 20 43: 1088, 11, 0
1 20 45: 1534, 0, 0
1 20 46: 944, 22, 2
1 20 47: 945, 22, 0
1 20 48: 944, 22, 0
1 20 49: 419, 10, 0
1 20 50: 1902, 0, 1
1 20 51: 1651, 0, 3
1 20 55: 1651, 0, 3
1 21 29: 1651, 0, 1
1 21 29: 1828, 4, 1
1 21 30: 1088, 11, 1
1 21 30: 1832, 5, 3
1 21 30: 1902, 0, 3
1 21 32: 1088, 11, 0
1 21 37: 1726, 10, 2
1 21 40: 994, 0, 3
1 21 46: 196, 5, 3
1 21 46: 944, 22, 2
1 21 46: 1902, 0, 3
1 21 47: 945, 22, 0
1 21 48: 944, 22, 0
1 21 50: 604, 10, 2
1 21 50: 1832, 5, 1
1 21 50: 1902, 0, 1
1 21 51: 1651, 0, 3
1 21 51: 1828, 4, 3
1 21 55: 1651, 0, 3
1 22 29: 1651, 0, 1
1 22 30: 359, 10, 1
1 22 30: 1902, 2, 2
1 22 31: 360, 10, 3
1 22 31: 1832, 5, 2
1 22 31: 1902, 0, 2
1 22 32: 1902, 0, 2
1 22 33: 1902, 0, 2
1 22 34: 1902, 0, 2
1 22 35: 1248, 22, 1
1 22 35: 1832, 5, 2
1 22 35: 1902, 0, 2
1 22 36: 1902, 0, 2
1 22 37: 1902, 0, 2
1 22 38: 1902, 0, 2
1 22 39: 1902, 0, 2
1 22 40: 1158, 11, 3
1 22 40: 1832, 5, 2
1 22 40: 1902, 2, 2
1 22 41: 888, 5, 2
1 22 41: 1902, 0, 2
1 22 42: 1902, 0, 2
1 22 43: 1902, 0, 2
1 22 44: 887, 5, 2
1 22 44: 1902, 0, 2
1 22 45: 202, 10, 3
1 22 45: 1902, 0, 2
1 22 46: 943, 22, 2
1 22 46: 1902, 2, 2
1 22 47: 944, 22, 1
1 22 47: 1832, 5, 2
1 22 47: 1902, 0, 2
1 22 48: 943, 22, 1
1 22 48: 1902, 0, 2
1 22 49: 887, 5, 2
1 22 49: 1902, 0, 2
1 22 50: 1832, 5, 2
1 22 50: 1902, 2, 1
1 22 51: 1651, 0, 3
1 22 52: 1651, 0, 2
1 22 53: 1651, 0, 2
1 22 54: 1651, 0, 2
1 22 55: 1651, 0, 3
1 23 29: 1651, 1, 0
1 23 30: 1651, 0, 0
1 23 31: 1651, 0, 0
1 23 31: 1828, 4, 0
1 23 32: 1651, 0, 0
1 23 33: 1651, 0, 0
1 23 34: 1651, 0, 0
1 23 35: 1651, 0, 0
1 23 35: 1828, 4, 0
1 23 36: 1651, 0, 0
1 23 37: 1651, 0, 0
1 23 38: 1651, 0, 0
1 23 39: 1651, 0, 0
1 23 40: 1651, 0, 1
1 23 40: 1828, 4, 0
1 23 41: 1926, 12, 1
1 23 42: 1926, 17, 0
1 23 43: 1926, 17, 0
1 23 44: 1926, 17, 0
1 23 45: 1926, 17, 0
1 23 46: 1926, 12, 3
1 23 47: 1651, 0, 3
1 23 47: 1828, 4, 0
1 23 48: 1651, 0, 0
1 23 49: 1651, 0, 0
1 23 50: 1651, 0, 0
1 23 50: 1828, 4, 0
1 23 51: 1651, 0, 0
1 23 52: 1651, 1, 3
1 24 40: 1651, 0, 1
1 24 41: 1926, 16, 0
1 24 42: 1926, 12, 0
1 24 43: 1926, 12, 0
1 24 44: 1926, 12, 0
1 24 45: 1926, 12, 0
1 24 46: 1926, 16, 3
1 24 47: 1651, 0, 3
1 25 40: 1651, 1, 0
1 25 41: 1651, 0, 0
1 25 42: 1651, 0, 0
1 25 43: 1651, 0, 0
1 25 44: 1651, 0, 0
1 25 45: 1651, 0, 0
1 25 46: 1651, 0, 0
1 25 47: 1651, 1, 3
1 34 53: 994, 3, 1
1 34 54: 994, 0, 2
1 34 55: 994, 3, 2
1 34 56: 994, 3, 1
1 34 57: 994, 0, 2
1 34 58: 994, 3, 2
1 35 53: 994, 0, 1
1 35 55: 994, 0, 3
1 35 56: 994, 0, 1
1 35 58: 994, 0, 3
1 36 53: 994, 0, 1
1 36 55: 994, 2, 2
1 36 56: 994, 2, 1
1 36 58: 994, 0, 3
1 37 53: 994, 0, 1
1 37 54: 1247, 22, 3
1 37 57: 994, 2, 3
1 37 58: 994, 3, 3
1 38 45: 994, 3, 1
1 38 46: 994, 0, 2
1 38 47: 994, 0, 2
1 38 48: 994, 0, 2
1 38 49: 994, 0, 2
1 38 50: 994, 3, 2
1 38 53: 994, 3, 0
1 38 54: 994, 0, 0
1 38 55: 994, 0, 0
1 38 56: 994, 0, 0
1 38 57: 994, 3, 3
1 39 45: 994, 0, 1
1 39 50: 994, 0, 3
1 40 45: 994, 0, 1
1 40 46: 1247, 22, 0
1 40 48: 994, 2, 3
1 40 49: 994, 0, 0
1 40 50: 994, 3, 3
1 41 45: 994, 0, 1
1 41 48: 994, 2, 2
1 41 49: 994, 0, 2
1 41 50: 994, 0, 2
1 41 55: 994, 3, 1
1 41 56: 994, 0, 2
1 41 57: 994, 0, 2
1 41 58: 994, 3, 2
1 42 45: 994, 0, 1
1 42 47: 1247, 22, 1
1 42 51: 994, 0, 3
1 42 55: 994, 0, 1
1 42 57: 1247, 22, 2
1 42 58: 994, 0, 3
1 43 41: 994, 3, 1
1 43 42: 994, 0, 2
1 43 43: 994, 3, 2
1 43 45: 994, 0, 1
1 43 47: 994, 2, 3
1 43 48: 994, 0, 0
1 43 49: 994, 0, 0
1 43 50: 994, 0, 0
1 43 51: 994, 0, 2
1 43 54: 994, 0, 2
1 43 55: 994, 2, 1
1 43 58: 994, 0, 3
1 44 41: 994, 0, 1
1 44 43: 994, 2, 2
1 44 44: 994, 0, 2
1 44 45: 994, 2, 1
1 44 47: 994, 0, 3
1 44 50: 994, 0, 1
1 44 52: 994, 0, 3
1 44 53: 994, 0, 1
1 44 57: 994, 9, 3
1 44 58: 994, 1, 3
1 45 41: 994, 0, 1
1 45 45: 1247, 22, 1
1 45 47: 994, 0, 3
1 45 50: 994, 0, 1
1 45 52: 994, 0, 0
1 45 53: 994, 0, 0
1 45 56: 994, 9, 3
1 45 57: 994, 1, 3
1 46 41: 994, 3, 0
1 46 42: 994, 0, 0
1 46 43: 994, 0, 0
1 46 44: 994, 0, 0
1 46 45: 994, 0, 0
1 46 46: 994, 0, 0
1 46 47: 994, 3, 3
1 46 50: 994, 0, 1
1 46 53: 1746, 10, 0
1 46 54: 1770, 2, 3
1 46 55: 994, 0, 0
1 46 56: 994, 1, 3
1 47 51: 1770, 0, 3
1 47 54: 1770, 2, 0
1 48 51: 1770, 2, 2
1 48 52: 1770, 0, 2
1 48 53: 1770, 0, 2
1 48 54: 1770, 2, 1
2 10 29: 1792, 19, 1
2 10 30: 1792, 18, 2
2 10 31: 1792, 18, 2
2 10 32: 1792, 18, 2
2 10 33: 1792, 18, 2
2 10 34: 1792, 18, 2
2 10 35: 1792, 18, 2
2 10 36: 1792, 18, 2
2 10 37: 1792, 18, 2
2 10 38: 1792, 18, 2
2 10 39: 1792, 18, 2
2 10 40: 1792, 18, 2
2 10 41: 1792, 18, 2
2 10 42: 1792, 18, 2
2 10 43: 1792, 18, 2
2 10 44: 1792, 18, 2
2 10 45: 1792, 18, 2
2 10 46: 1792, 18, 2
2 10 47: 1792, 18, 2
2 10 48: 1792, 18, 2
2 10 49: 1792, 18, 2
2 10 50: 1792, 18, 2
2 10 51: 1792, 19, 2
2 11 29: 1792, 18, 1
2 11 30: 1641, 16, 1
2 11 31: 1641, 12, 2
2 11 32: 1641, 12, 2
2 11 33: 1641, 12, 2
2 11 34: 1641, 12, 2
2 11 35: 1641, 12, 2
2 11 36: 1641, 12, 2
2 11 37: 1641, 12, 2
2 11 38: 1641, 12, 2
2 11 39: 1641, 12, 2
2 11 40: 1641, 12, 2
2 11 41: 1641, 12, 2
2 11 42: 1641, 12, 2
2 11 43: 1641, 12, 2
2 11 44: 1641, 12, 2
2 11 45: 1641, 12, 2
2 11 46: 1641, 12, 2
2 11 47: 1641, 12, 2
2 11 48: 1641, 12, 2
2 11 49: 1641, 12, 2
2 11 50: 1641, 16, 2
2 11 51: 1792, 18, 3
2 12 29: 1792, 18, 1
2 12 30: 1641, 12, 1
2 12 31: 1641, 17, 3
2 12 32: 1641, 17, 3
2 12 33: 1641, 17, 3
2 12 34: 1641, 17, 3
2 12 35: 1641, 17, 3
2 12 36: 1641, 17, 3
2 12 37: 1641, 17, 3
2 12 38: 1641, 17, 3
2 12 39: 1641, 17, 3
2 12 40: 1641, 17, 3
2 12 41: 1641, 17, 3
2 12 42: 1641, 17, 3
2 12 43: 1641, 17, 3
2 12 44: 1641, 17, 3
2 12 45: 1641, 17, 2
2 12 46: 1641, 17, 2
2 12 47: 1641, 17, 2
2 12 48: 1641, 17, 2
2 12 49: 1641, 17, 2
2 12 50: 1641, 12, 3
2 12 51: 1792, 18, 3
2 13 29: 1792, 18, 1
2 13 30: 1641, 12, 1
2 13 31: 1641, 17, 3
2 13 32: 1641, 17, 3
2 13 33: 1641, 17, 3
2 13 34: 1641, 17, 3
2 13 35: 1641, 17, 3
2 13 36: 1641, 17, 3
2 13 37: 1641, 17, 3
2 13 38: 1641, 17, 3
2 13 39: 1641, 17, 3
2 13 40: 1641, 17, 3
2 13 41: 1641, 17, 3
2 13 42: 1641, 17, 3
2 13 43: 1641, 17, 3
2 13 44: 1641, 17, 3
2 13 45: 1641, 17, 2
2 13 46: 1641, 17, 2
2 13 47: 1641, 17, 2
2 13 48: 1641, 17, 2
2 13 49: 1641, 17, 2
2 13 50: 1641, 12, 3
2 13 51: 1792, 18, 3
2 14 29: 1792, 18, 1
2 14 30: 1641, 12, 1
2 14 31: 1641, 17, 3
2 14 32: 1641, 17, 3
2 14 33: 1641, 17, 3
2 14 34: 1641, 17, 3
2 14 35: 1641, 17, 3
2 14 36: 1641, 17, 3
2 14 37: 1641, 17, 3
2 14 38: 1641, 17, 3
2 14 39: 1641, 17, 3
2 14 40: 1641, 17, 3
2 14 41: 1641, 17, 3
2 14 42: 1641, 17, 3
2 14 43: 1641, 17, 3
2 14 44: 1641, 17, 3
2 14 45: 1641, 17, 2
2 14 46: 1641, 17, 2
2 14 47: 1641, 17, 2
2 14 48: 1641, 17, 2
2 14 49: 1641, 17, 2
2 14 50: 1641, 12, 3
2 14 51: 1792, 18, 3
2 15 29: 1792, 18, 1
2 15 30: 1641, 12, 1
2 15 31: 1641, 17, 3
2 15 32: 1641, 17, 3
2 15 33: 1641, 17, 3
2 15 34: 1641, 17, 3
2 15 35: 1641, 17, 3
2 15 36: 1641, 17, 3
2 15 37: 1641, 17, 3
2 15 38: 1641, 17, 3
2 15 39: 1641, 17, 3
2 15 40: 1641, 17, 3
2 15 41: 1641, 17, 3
2 15 42: 1641, 17, 3
2 15 43: 1641, 17, 3
2 15 44: 1641, 17, 3
2 15 45: 1641, 17, 2
2 15 46: 1641, 17, 2
2 15 47: 1641, 17, 2
2 15 48: 1641, 17, 2
2 15 49: 1641, 17, 2
2 15 50: 1641, 12, 3
2 15 51: 1792, 18, 3
2 16 29: 1792, 18, 1
2 16 30: 1641, 12, 1
2 16 31: 1641, 17, 3
2 16 32: 1641, 17, 3
2 16 33: 1641, 17, 3
2 16 34: 1641, 17, 3
2 16 35: 1641, 17, 3
2 16 36: 1641, 17, 3
2 16 37: 1641, 17, 3
2 16 38: 1641, 17, 3
2 16 39: 1641, 17, 3
2 16 40: 1641, 17, 3
2 16 41: 1641, 17, 3
2 16 42: 1641, 17, 3
2 16 43: 1641, 17, 3
2 16 44: 1641, 17, 3
2 16 45: 1641, 17, 2
2 16 46: 1641, 17, 2
2 16 47: 1641, 17, 2
2 16 48: 1641, 17, 2
2 16 49: 1641, 17, 2
2 16 50: 1641, 12, 3
2 16 51: 1792, 18, 3
2 17 29: 1792, 18, 1
2 17 30: 1641, 12, 1
2 17 31: 1641, 17, 3
2 17 32: 1641, 17, 3
2 17 33: 1641, 17, 3
2 17 34: 1641, 17, 3
2 17 35: 1641, 17, 3
2 17 36: 1641, 17, 3
2 17 37: 1641, 17, 3
2 17 38: 1641, 17, 3
2 17 39: 1641, 17, 3
2 17 40: 1641, 17, 3
2 17 41: 1641, 17, 3
2 17 42: 1641, 17, 3
2 17 43: 1641, 17, 3
2 17 44: 1641, 17, 3
2 17 45: 1641, 17, 2
2 17 46: 1641, 17, 2
2 17 47: 1641, 17, 2
2 17 48: 1641, 17, 2
2 17 49: 1641, 17, 2
2 17 50: 1641, 12, 3
2 17 51: 1792, 18, 3
2 18 29: 1792, 18, 1
2 18 30: 1641, 12, 1
2 18 31: 1641, 17, 3
2 18 32: 1641, 17, 3
2 18 33: 1641, 17, 3
2 18 34: 1641, 17, 3
2 18 35: 1641, 17, 3
2 18 36: 1641, 17, 3
2 18 37: 1641, 17, 3
2 18 38: 1641, 17, 3
2 18 39: 1641, 17, 3
2 18 40: 1641, 17, 3
2 18 41: 1641, 17, 3
2 18 42: 1641, 17, 3
2 18 43: 1641, 17, 3
2 18 44: 1641, 17, 3
2 18 45: 1641, 17, 2
2 18 46: 1641, 17, 2
2 18 47: 1641, 17, 2
2 18 48: 1641, 17, 2
2 18 49: 1641, 17, 2
2 18 50: 1641, 12, 3
2 18 51: 1792, 18, 3
2 19 29: 1792, 18, 1
2 19 30: 1641, 12, 1
2 19 31: 1641, 17, 3
2 19 32: 1641, 17, 3
2 19 33: 1641, 17, 3
2 19 34: 1641, 17, 3
2 19 35: 1641, 17, 3
2 19 36: 1641, 17, 3
2 19 37: 1641, 17, 3
2 19 38: 1641, 17, 3
2 19 39: 1641, 17, 3
2 19 40: 1641, 17, 3
2 19 41: 1641, 17, 3
2 19 42: 1641, 17, 3
2 19 43: 1641, 17, 3
2 19 44: 1641, 17, 3
2 19 45: 1641, 17, 2
2 19 46: 1641, 17, 2
2 19 47: 1641, 17, 2
2 19 48: 1641, 17, 2
2 19 49: 1641, 17, 2
2 19 50: 1641, 12, 3
2 19 51: 1792, 18, 3
2 20 29: 1792, 18, 1
2 20 30: 1641, 12, 1
2 20 31: 1641, 17, 3
2 20 32: 1641, 17, 3
2 20 33: 1641, 17, 3
2 20 34: 1641, 17, 3
2 20 35: 1641, 17, 3
2 20 36: 1641, 17, 3
2 20 37: 1641, 17, 3
2 20 38: 1641, 17, 3
2 20 39: 1641, 17, 3
2 20 40: 1641, 17, 3
2 20 41: 1641, 17, 3
2 20 42: 1641, 17, 3
2 20 43: 1641, 17, 3
2 20 44: 1641, 17, 3
2 20 45: 1641, 17, 2
2 20 46: 1641, 17, 2
2 20 47: 1641, 17, 2
2 20 48: 1641, 17, 2
2 20 49: 1641, 17, 2
2 20 50: 1641, 12, 3
2 20 51: 1792, 18, 3
2 21 29: 1792, 18, 1
2 21 30: 1641, 12, 1
2 21 31: 1641, 17, 3
2 21 32: 1641, 17, 3
2 21 33: 1641, 17, 3
2 21 34: 1641, 17, 3
2 21 35: 1641, 17, 3
2 21 36: 1641, 17, 3
2 21 37: 1641, 17, 3
2 21 38: 1641, 17, 3
2 21 39: 1641, 17, 3
2 21 40: 1641, 17, 3
2 21 41: 1641, 17, 3
2 21 42: 1641, 17, 3
2 21 43: 1641, 17, 3
2 21 44: 1641, 17, 3
2 21 45: 1641, 17, 2
2 21 46: 1641, 17, 2
2 21 47: 1641, 17, 2
2 21 48: 1641, 17, 2
2 21 49: 1641, 17, 2
2 21 50: 1641, 12, 3
2 21 51: 1792, 18, 3
2 22 29: 1792, 18, 1
2 22 30: 1641, 16, 0
2 22 31: 1641, 12, 0
2 22 32: 1641, 12, 0
2 22 33: 1641, 12, 0
2 22 34: 1641, 12, 0
2 22 35: 1641, 12, 0
2 22 36: 1641, 12, 0
2 22 37: 1641, 12, 0
2 22 38: 1641, 12, 0
2 22 39: 1641, 12, 0
2 22 40: 1641, 12, 0
2 22 41: 1641, 12, 0
2 22 42: 1641, 12, 0
2 22 43: 1641, 12, 0
2 22 44: 1641, 12, 0
2 22 45: 1641, 12, 0
2 22 46: 1641, 12, 0
2 22 47: 1641, 12, 0
2 22 48: 1641, 12, 0
2 22 49: 1641, 12, 0
2 22 50: 1641, 16, 3
2 22 51: 1792, 18, 3
2 23 29: 1792, 19, 0
2 23 30: 1792, 18, 0
2 23 31: 1792, 18, 0
2 23 32: 1792, 18, 0
2 23 33: 1792, 18, 0
2 23 34: 1792, 18, 0
2 23 35: 1792, 18, 0
2 23 36: 1792, 18, 0
2 23 37: 1792, 18, 0
2 23 38: 1792, 18, 0
2 23 39: 1792, 18, 0
2 23 40: 1792, 18, 0
2 23 41: 1792, 18, 0
2 23 42: 1792, 18, 0
2 23 43: 1792, 18, 0
2 23 44: 1792, 18, 0
2 23 45: 1792, 18, 0
2 23 46: 1792, 18, 0
2 23 47: 1792, 18, 0
2 23 48: 1792, 18, 0
2 23 49: 1792, 18, 0
2 23 50: 1792, 18, 0
2 23 51: 1792, 19, 3
2 46 50: 1793, 19, 1
2 46 51: 1793, 18, 2
2 46 52: 1793, 18, 2
2 46 53: 1770, 0, 1
2 46 53: 1793, 18, 2
2 46 54: 1770, 2, 0
2 46 54: 1793, 18, 2
2 46 55: 1793, 19, 2
2 47 50: 1793, 18, 1
2 47 51: 1933, 16, 1
2 47 52: 1933, 12, 2
2 47 53: 1933, 12, 2
2 47 54: 1933, 16, 2
2 47 55: 1793, 18, 3
2 48 50: 1793, 18, 1
2 48 51: 1933, 16, 0
2 48 52: 1933, 12, 0
2 48 53: 1933, 12, 0
2 48 54: 1933, 16, 3
2 48 55: 1793, 18, 3
2 49 50: 1793, 19, 0
2 49 51: 1793, 18, 0
2 49 52: 1793, 18, 0
2 49 53: 1793, 18, 0
2 49 54: 1793, 18, 0
2 49 55: 1793, 19, 3
