0 0 12: 1258, 22, 2
0 0 34: 980, 9, 3
0 0 35: 980, 1, 3
0 0 38: 325, 22, 0
0 0 39: 326, 22, 0
0 0 40: 325, 22, 2
0 0 41: 325, 22, 2
0 0 42: 325, 22, 2
0 0 43: 325, 22, 1
0 0 44: 325, 22, 1
0 0 46: 325, 22, 1
0 0 47: 325, 22, 0
0 0 48: 325, 22, 3
0 0 49: 325, 22, 3
0 0 51: 325, 22, 0
0 0 52: 325, 22, 3
0 0 53: 325, 22, 2
0 0 54: 325, 22, 1
0 0 56: 325, 22, 0
0 0 57: 325, 22, 3
0 0 57: 980, 0, 1
0 1 11: 1258, 22, 3
0 1 12: 1258, 22, 0
0 1 13: 1258, 22, 1
0 1 33: 980, 9, 3
0 1 34: 980, 0, 3
0 1 35: 325, 22, 1
0 1 36: 325, 22, 1
0 1 39: 325, 22, 0
0 1 42: 325, 22, 2
0 1 43: 326, 22, 1
0 1 44: 325, 22, 0
0 1 46: 325, 22, 1
0 1 47: 326, 22, 2
0 1 48: 325, 22, 0
0 1 49: 325, 22, 3
0 1 50: 325, 22, 1
0 1 51: 326, 22, 2
0 1 52: 325, 22, 3
0 1 53: 326, 22, 3
0 1 55: 325, 22, 0
0 1 56: 325, 22, 0
0 1 57: 325, 22, 2
0 1 57: 980, 0, 1
0 2 0: 980, 0, 0
0 2 1: 980, 0, 0
0 2 2: 980, 0, 0
0 2 3: 980, 0, 0
0 2 4: 980, 0, 0
0 2 5: 980, 0, 0
0 2 6: 980, 0, 0
0 2 7: 980, 0, 0
0 2 8: 980, 0, 0
0 2 9: 980, 0, 0
0 2 10: 980, 0, 0
0 2 10: 1258, 22, 2
0 2 11: 980, 0, 0
0 2 11: 1259, 22, 2
0 2 12: 980, 0, 0
0 2 12: 1258, 22, 0
0 2 13: 980, 0, 0
0 2 13: 1259, 22, 1
0 2 14: 980, 0, 0
0 2 14: 1258, 22, 2
0 2 15: 980, 0, 0
0 2 15: 1258, 22, 1
0 2 16: 980, 0, 0
0 2 16: 1258, 22, 3
0 2 17: 980, 0, 0
0 2 17: 1258, 22, 0
0 2 18: 980, 0, 0
0 2 18: 1258, 22, 0
0 2 19: 980, 0, 0
0 2 19: 1258, 22, 2
0 2 20: 980, 0, 0
0 2 20: 1259, 22, 2
0 2 21: 980, 0, 0
0 2 21: 1259, 22, 2
0 2 22: 980, 0, 0
0 2 23: 980, 0, 0
0 2 23: 1259, 22, 1
0 2 24: 980, 0, 0
0 2 25: 980, 0, 0
0 2 26: 980, 0, 0
0 2 26: 1259, 22, 2
0 2 27: 980, 0, 0
0 2 28: 980, 0, 0
0 2 29: 980, 0, 0
0 2 30: 980, 0, 0
0 2 31: 980, 0, 0
0 2 32: 980, 0, 0
0 2 33: 325, 22, 3
0 2 33: 980, 1, 3
0 2 34: 325, 22, 2
0 2 34: 980, 2, 2
0 2 35: 326, 22, 1
0 2 35: 980, 0, 2
0 2 36: 325, 22, 1
0 2 36: 980, 0, 2
0 2 37: 326, 22, 3
0 2 37: 980, 0, 2
0 2 38: 980, 0, 2
0 2 39: 980, 0, 2
0 2 40: 980, 0, 2
0 2 41: 980, 0, 2
0 2 42: 325, 22, 3
0 2 42: 980, 0, 2
0 2 43: 325, 22, 3
0 2 43: 980, 0, 2
0 2 44: 980, 0, 2
0 2 45: 326, 22, 0
0 2 45: 980, 0, 2
0 2 46: 325, 22, 1
0 2 46: 980, 0, 2
0 2 47: 325, 22, 2
0 2 47: 980, 0, 2
0 2 48: 325, 22, 2
0 2 48: 980, 0, 2
0 2 49: 326, 22, 0
0 2 49: 980, 0, 2
0 2 50: 326, 22, 3
0 2 50: 980, 0, 2
0 2 51: 325, 22, 3
0 2 51: 980, 0, 2
0 2 52: 325, 22, 2
0 2 52: 980, 0, 2
0 2 53: 325, 22, 3
0 2 53: 980, 0, 2
0 2 54: 325, 22, 0
0 2 54: 980, 0, 2
0 2 55: 980, 0, 2
0 2 56: 325, 22, 1
0 2 56: 980, 0, 2
0 2 57: 326, 22, 0
0 2 57: 980, 2, 1
0 2 58: 980, 1, 2
0 3 11: 1259, 22, 3
0 3 12: 1259, 22, 0
0 3 13: 1258, 22, 1
0 3 14: 1259, 22, 1
0 3 15: 1258, 22, 2
0 3 19: 1259, 22, 3
0 3 20: 1259, 22, 0
0 3 21: 1259, 22, 1
0 3 22: 1258, 22, 3
0 3 27: 1259, 22, 2
0 3 30: 1258, 22, 2
0 3 34: 325, 22, 2
0 3 35: 325, 22, 2
0 3 36: 325, 22, 1
0 3 46: 325, 22, 1
0 3 47: 325, 22, 2
0 3 48: 325, 22, 2
0 3 50: 325, 22, 1
0 3 51: 325, 22, 0
0 3 58: 980, 9, 2
0 3 59: 980, 1, 2
0 4 11: 1258, 22, 1
0 4 12: 1258, 22, 2
0 4 13: 1258, 22, 0
0 4 18: 1258, 22, 0
0 4 19: 1258, 22, 1
0 4 20: 1258, 22, 1
0 4 21: 1258, 22, 2
0 4 29: 1258, 22, 0
0 4 30: 1258, 22, 2
0 4 31: 1258, 22, 3
0 4 59: 980, 9, 2
0 4 60: 980, 1, 2
0 5 29: 1259, 22, 0
0 5 30: 1258, 22, 1
0 5 31: 1259, 22, 3
0 5 32: 1258, 22, 0
0 5 35: 1258, 22, 2
0 5 36: 1259, 22, 3
0 5 37: 1259, 22, 3
0 5 38: 1258, 22, 0
0 5 60: 980, 9, 2
0 5 61: 980, 1, 2
0 6 28: 1259, 22, 3
0 6 32: 1259, 22, 3
0 6 33: 1258, 22, 1
0 6 34: 1258, 22, 3
0 6 35: 1259, 22, 0
0 6 36: 1258, 22, 2
0 6 37: 1258, 22, 2
0 6 44: 1259, 22, 0
0 6 61: 980, 9, 2
0 6 62: 980, 0, 2
0 6 63: 980, 0, 2
0 7 34: 1258, 22, 0
0 7 35: 1259, 22, 1
0 7 36: 1258, 22, 3
0 7 38: 1259, 22, 3
0 7 39: 1258, 22, 2
0 7 43: 1258, 22, 1
0 7 44: 1258, 22, 1
0 7 45: 1259, 22, 1
0 7 46: 1259, 22, 1
0 8 41: 1258, 22, 2
0 8 42: 1258, 22, 2
0 8 43: 1258, 22, 0
0 8 44: 1258, 22, 0
0 8 45: 1258, 22, 2
0 8 46: 1259, 22, 3
0 8 47: 1259, 22, 0
0 9 45: 1259, 22, 2
0 9 52: 1258, 22, 2
0 9 54: 1258, 22, 1
0 9 55: 1258, 22, 2
0 9 56: 1258, 22, 2
0 10 52: 1258, 22, 2
0 10 53: 1259, 22, 3
0 10 54: 1258, 22, 3
0 10 55: 1258, 22, 3
0 10 56: 1258, 22, 3
0 11 54: 1259, 22, 0
0 11 55: 1259, 22, 1
0 11 56: 1258, 22, 0
0 12 28: 1406, 10, 0
0 12 38: 474, 10, 2
0 12 56: 1258, 22, 2
0 12 58: 1258, 22, 3
0 13 15: 474, 10, 2
0 13 17: 1406, 10, 3
0 13 21: 1123, 10, 0
0 13 50: 471, 10, 0
0 13 56: 1258, 22, 2
0 13 57: 1258, 22, 1
0 13 58: 1258, 22, 0
0 13 59: 1258, 22, 0
0 14 4: 729, 22, 2
0 14 6: 1406, 10, 1
0 14 28: 474, 10, 2
0 14 52: 471, 10, 3
0 14 57: 1259, 22, 2
0 14 58: 1259, 22, 2
0 14 59: 1258, 22, 0
0 15 3: 729, 22, 1
0 15 4: 730, 22, 1
0 15 5: 729, 22, 3
0 15 8: 729, 22, 0
0 15 15: 474, 10, 0
0 15 17: 474, 10, 2
0 15 36: 472, 10, 0
0 15 38: 471, 10, 0
0 15 40: 472, 10, 0
0 15 50: 471, 10, 2
0 15 58: 1259, 22, 1
0 15 59: 1258, 22, 3
0 16 4: 729, 22, 0
0 16 5: 1123, 10, 0
0 16 6: 729, 22, 1
0 16 7: 1406, 10, 2
0 16 34: 474, 10, 0
0 16 44: 1123, 10, 0
0 16 47: 474, 10, 1
0 16 62: 320, 22, 0
0 16 63: 320, 22, 3
0 17 5: 729, 22, 1
0 17 6: 730, 22, 2
0 17 7: 729, 22, 2
0 17 26: 471, 10, 1
0 17 28: 471, 10, 2
0 17 30: 471, 10, 3
0 17 36: 473, 10, 0
0 17 38: 474, 10, 0
0 17 40: 473, 10, 0
0 17 60: 320, 22, 3
0 17 61: 320, 22, 0
0 17 62: 321, 22, 2
0 17 63: 320, 22, 2
0 18 6: 729, 22, 3
0 18 10: 471, 10, 2
0 18 15: 474, 11, 1
0 18 24: 473, 10, 1
0 18 45: 1406, 10, 0
0 18 50: 474, 10, 1
0 18 52: 473, 10, 0
0 18 57: 320, 22, 0
0 18 59: 320, 22, 0
0 18 60: 321, 22, 0
0 18 61: 320, 22, 2
0 18 62: 320, 22, 1
0 19 26: 472, 10, 3
0 19 29: 472, 10, 1
0 19 31: 1123, 10, 0
0 19 39: 473, 10, 0
0 19 54: 1123, 10, 0
0 19 56: 320, 22, 1
0 19 57: 321, 22, 1
0 19 58: 320, 22, 3
0 19 60: 320, 22, 1
0 19 62: 320, 22, 3
0 19 63: 320, 22, 3
0 20 36: 474, 10, 2
0 20 57: 320, 22, 2
0 20 59: 1259, 22, 2
0 20 62: 320, 22, 1
0 20 63: 321, 22, 3
0 21 5: 729, 22, 3
0 21 10: 729, 22, 0
0 21 25: 473, 10, 0
0 21 28: 473, 10, 0
0 21 30: 474, 10, 0
0 21 51: 473, 10, 1
0 21 58: 1258, 22, 1
0 21 59: 1258, 22, 0
0 21 63: 320, 22, 0
0 22 9: 729, 22, 3
0 22 10: 730, 22, 0
0 22 11: 729, 22, 1
0 22 55: 474, 10, 1
0 22 58: 1259, 22, 1
0 22 59: 1258, 22, 0
0 23 2: 1406, 10, 2
0 23 4: 729, 22, 0
0 23 5: 730, 22, 1
0 23 6: 729, 22, 2
0 23 10: 729, 22, 2
0 23 59: 1258, 22, 2
0 23 60: 1258, 22, 3
0 23 61: 1258, 22, 1
0 24 44: 474, 10, 2
0 24 49: 1406, 10, 2
0 24 60: 1259, 22, 1
0 24 61: 1258, 22, 0
0 25 54: 1406, 10, 3
0 26 14: 1123, 10, 0
0 26 34: 331, 22, 3
0 26 57: 473, 10, 2
0 27 15: 1123, 10, 0
0 27 19: 331, 22, 0
0 27 20: 330, 22, 0
0 27 27: 1123, 10, 0
0 27 33: 331, 22, 3
0 27 34: 329, 22, 3
0 27 35: 331, 22, 1
0 28 12: 329, 22, 0
0 28 18: 331, 22, 1
0 28 19: 329, 22, 3
0 28 21: 331, 22, 0
0 28 22: 330, 22, 1
0 28 33: 329, 22, 0
0 28 34: 330, 22, 3
0 28 35: 330, 22, 2
0 28 36: 330, 22, 1
0 28 56: 473, 10, 3
0 28 58: 471, 10, 1
0 29 17: 329, 22, 2
0 29 18: 330, 22, 0
0 29 25: 330, 22, 2
0 29 26: 331, 22, 3
0 29 27: 330, 22, 1
0 29 29: 330, 22, 3
0 29 30: 330, 22, 0
0 29 32: 331, 22, 0
0 29 33: 330, 22, 1
0 29 34: 330, 22, 0
0 29 36: 2100, 10, 0
0 29 38: 331, 22, 2
0 29 40: 330, 22, 0
0 29 46: 330, 22, 1
0 30 14: 330, 22, 0
0 30 15: 330, 22, 3
0 30 16: 331, 22, 2
0 30 17: 330, 22, 1
0 30 18: 330, 22, 1
0 30 19: 473, 10, 2
0 30 21: 330, 22, 3
0 30 23: 2099, 11, 1
0 30 24: 2098, 10, 2
0 30 27: 330, 22, 0
0 30 28: 330, 22, 2
0 30 29: 331, 22, 2
0 30 31: 330, 22, 3
0 30 32: 330, 22, 2
0 30 37: 2101, 11, 1
0 30 39: 330, 22, 2
0 30 40: 331, 22, 3
0 30 41: 330, 22, 3
0 30 44: 330, 22, 2
0 30 46: 2092, 11, 1
0 30 58: 473, 10, 0
0 31 15: 330, 22, 0
0 31 16: 330, 22, 2
0 31 18: 330, 22, 0
0 31 21: 330, 22, 3
0 31 22: 330, 22, 0
0 31 26: 330, 22, 3
0 31 27: 331, 22, 0
0 31 28: 330, 22, 1
0 31 40: 2100, 10, 1
0 31 42: 330, 22, 3
0 31 43: 331, 22, 0
0 31 45: 2093, 11, 0
0 31 47: 2092, 10, 1
0 31 48: 330, 22, 1
0 31 49: 330, 22, 0
0 31 50: 331, 22, 2
0 31 51: 330, 22, 3
0 32 4: 473, 10, 2
0 32 13: 330, 22, 0
0 32 17: 474, 10, 1
0 32 18: 330, 22, 0
0 32 19: 472, 10, 1
0 32 21: 473, 10, 3
0 32 31: 330, 22, 2
0 32 32: 330, 22, 3
0 32 40: 474, 10, 1
0 32 42: 472, 10, 0
0 32 44: 474, 10, 3
0 32 50: 2090, 11, 1
0 32 52: 330, 22, 1
0 32 57: 473, 10, 2
0 33 30: 330, 22, 0
0 33 31: 473, 10, 2
0 33 51: 2090, 10, 0
0 33 52: 330, 22, 2
0 33 53: 331, 22, 1
0 33 54: 330, 22, 1
0 34 2: 473, 10, 1
0 34 4: 472, 10, 2
0 34 6: 473, 10, 3
0 34 17: 330, 22, 2
0 34 18: 330, 22, 1
0 34 19: 473, 10, 0
0 34 21: 330, 22, 3
0 34 22: 330, 22, 1
0 34 28: 330, 22, 3
0 34 29: 330, 22, 2
0 34 30: 329, 22, 1
0 34 33: 330, 22, 3
0 34 42: 474, 10, 0
0 34 43: 330, 22, 0
0 34 45: 330, 22, 1
0 34 53: 2104, 10, 3
0 34 56: 473, 10, 1
0 34 58: 472, 10, 2
0 34 60: 472, 10, 1
0 35 17: 330, 22, 0
0 35 18: 2741, 22, 0
0 35 21: 330, 22, 2
0 35 28: 473, 10, 1
0 35 30: 472, 10, 3
0 35 32: 473, 10, 3
0 35 34: 330, 22, 2
0 35 44: 329, 22, 0
0 35 45: 331, 22, 3
0 35 48: 2741, 22, 0
0 35 54: 450, 10, 0
0 35 55: 330, 22, 0
0 36 2: 474, 10, 0
0 36 4: 473, 10, 0
0 36 6: 474, 10, 3
0 36 19: 330, 22, 2
0 36 20: 330, 22, 3
0 36 43: 330, 22, 3
0 36 44: 330, 22, 2
0 36 45: 331, 22, 0
0 36 46: 329, 22, 1
0 36 54: 2105, 11, 2
0 36 55: 331, 22, 0
0 36 56: 330, 22, 2
0 36 57: 473, 10, 1
0 36 59: 471, 10, 0
0 37 18: 330, 22, 0
0 37 27: 330, 22, 2
0 37 28: 329, 22, 3
0 37 29: 474, 10, 0
0 37 30: 330, 22, 1
0 37 31: 329, 22, 0
0 37 32: 330, 22, 0
0 37 33: 330, 22, 0
0 37 34: 330, 22, 1
0 37 47: 330, 22, 1
0 37 54: 2090, 10, 1
0 37 55: 330, 22, 3
0 38 16: 330, 22, 3
0 38 21: 2092, 10, 0
0 38 23: 340, 22, 3
0 38 31: 330, 22, 2
0 38 52: 2094, 10, 3
0 38 53: 2096, 10, 2
0 38 60: 472, 10, 1
0 39 14: 330, 22, 2
0 39 20: 2092, 11, 1
0 39 22: 330, 22, 2
0 39 23: 331, 22, 0
0 39 25: 330, 22, 3
0 39 27: 330, 22, 2
0 39 28: 330, 22, 3
0 39 29: 330, 22, 0
0 39 30: 330, 22, 1
0 39 35: 2096, 10, 3
0 39 39: 330, 22, 2
0 39 45: 2092, 11, 1
0 39 46: 2093, 10, 1
0 39 49: 2100, 10, 1
0 39 50: 2100, 10, 2
0 39 58: 473, 10, 0
0 40 15: 330, 22, 0
0 40 18: 330, 22, 1
0 40 21: 330, 22, 0
0 40 23: 1123, 10, 0
0 40 26: 330, 22, 1
0 40 27: 331, 22, 1
0 40 28: 331, 22, 2
0 40 29: 331, 22, 3
0 40 30: 330, 22, 1
0 40 31: 330, 22, 3
0 40 36: 2097, 10, 0
0 40 37: 330, 22, 2
0 40 37: 2092, 10, 0
0 40 40: 330, 22, 3
0 40 41: 330, 22, 1
0 40 41: 2102, 10, 0
0 40 43: 330, 22, 3
0 40 48: 331, 22, 2
0 40 49: 330, 22, 2
0 40 50: 331, 22, 1
0 40 51: 330, 22, 0
0 40 60: 471, 10, 0
0 41 15: 330, 22, 1
0 41 20: 331, 22, 1
0 41 22: 1123, 10, 0
0 41 28: 329, 22, 0
0 41 29: 329, 22, 3
0 41 30: 331, 22, 0
0 41 37: 330, 22, 2
0 41 38: 329, 22, 0
0 41 38: 2093, 11, 0
0 41 39: 330, 22, 0
0 41 40: 329, 22, 3
0 41 40: 2103, 10, 1
0 41 46: 330, 22, 2
0 41 47: 330, 22, 0
0 41 48: 331, 22, 1
0 41 49: 330, 22, 1
0 41 50: 330, 22, 3
0 42 8: 729, 22, 2
0 42 17: 331, 22, 3
0 42 17: 450, 11, 2
0 42 19: 330, 22, 3
0 42 23: 1123, 10, 0
0 42 27: 330, 22, 0
0 42 28: 331, 22, 2
0 42 29: 330, 22, 3
0 42 37: 331, 22, 1
0 42 39: 331, 22, 1
0 42 51: 1123, 10, 0
0 43 7: 729, 22, 1
0 43 8: 730, 22, 3
0 43 18: 330, 22, 0
0 43 28: 330, 22, 0
0 43 34: 1123, 10, 0
0 43 38: 330, 22, 1
0 43 39: 331, 22, 2
0 43 40: 330, 22, 1
0 43 46: 1123, 10, 0
0 43 61: 1258, 22, 3
0 44 8: 729, 22, 2
0 44 62: 1258, 22, 0
0 45 50: 1123, 10, 0
0 45 61: 1258, 22, 2
0 47 19: 474, 10, 3
0 47 46: 474, 10, 2
0 48 27: 1123, 10, 0
0 48 31: 474, 10, 3
0 49 35: 474, 10, 3
0 50 28: 474, 10, 3
0 50 33: 472, 10, 2
0 50 46: 473, 10, 2
0 51 19: 473, 10, 1
0 51 21: 474, 10, 2
0 51 31: 473, 10, 1
0 51 35: 473, 10, 3
0 51 60: 1259, 22, 0
0 52 10: 729, 22, 1
0 52 33: 472, 10, 0
0 52 42: 1123, 10, 0
0 52 46: 471, 10, 1
0 52 59: 1258, 22, 0
0 53 5: 474, 11, 2
0 53 9: 729, 22, 0
0 53 10: 730, 22, 3
0 53 11: 729, 22, 2
0 53 12: 1403, 10, 0
0 53 21: 471, 10, 3
0 53 23: 474, 10, 3
0 53 38: 472, 10, 2
0 53 57: 1258, 22, 1
0 53 58: 1259, 22, 3
0 53 59: 1258, 22, 3
0 54 10: 729, 22, 3
0 54 12: 729, 22, 0
0 54 59: 1258, 22, 2
0 55 9: 729, 22, 0
0 55 10: 1403, 10, 1
0 55 12: 730, 22, 0
0 55 13: 729, 22, 3
0 55 58: 1259, 22, 2
0 55 59: 1258, 22, 1
0 55 60: 1258, 22, 2
0 56 9: 729, 22, 2
0 56 10: 730, 22, 2
0 56 12: 729, 22, 3
0 56 57: 1259, 22, 2
0 56 58: 1258, 22, 0
0 57 9: 729, 22, 1
0 57 10: 729, 22, 0
0 57 12: 1403, 10, 3
0 57 15: 729, 22, 1
0 57 56: 1259, 22, 1
0 57 57: 1258, 22, 0
0 57 58: 1259, 22, 3
0 57 59: 1259, 22, 2
0 58 54: 1258, 22, 3
0 58 56: 1258, 22, 1
0 58 57: 1258, 22, 3
0 58 58: 1258, 22, 0
0 58 59: 1258, 22, 2
0 59 55: 1258, 22, 2
0 59 56: 1259, 22, 3
0 59 57: 1258, 22, 2
0 59 59: 1258, 22, 2
0 59 60: 474, 10, 2
0 60 0: 3125, 0, 0
0 60 1: 3125, 9, 0
0 60 35: 1403, 10, 2
0 60 53: 1258, 22, 0
0 60 54: 1258, 22, 1
0 60 55: 1258, 22, 1
0 60 56: 1258, 22, 0
0 60 60: 1258, 22, 3
0 60 61: 1259, 22, 1
0 60 62: 1258, 22, 1
0 61 1: 3125, 1, 0
0 61 2: 3125, 9, 0
0 61 59: 1258, 22, 3
0 61 60: 471, 10, 1
0 61 60: 1259, 22, 0
0 61 61: 1259, 22, 0
0 61 62: 471, 10, 2
0 61 62: 1258, 22, 1
0 62 2: 3125, 0, 1
0 62 58: 474, 10, 3
0 62 59: 1258, 22, 2
0 62 60: 1259, 22, 2
0 62 61: 1258, 22, 3
0 62 62: 1258, 22, 2
0 63 2: 3125, 0, 1
0 63 59: 1258, 22, 1
0 63 60: 471, 10, 0
0 63 60: 1258, 22, 1
0 63 61: 1258, 22, 3
