0 0 2: 1248, 22, 0
0 0 3: 1248, 22, 0
0 0 3: 1383, 10, 1
0 0 4: 1248, 22, 0
0 0 6: 325, 22, 0
0 0 8: 325, 22, 2
0 0 9: 325, 22, 1
0 0 10: 325, 22, 0
0 0 11: 336, 22, 2
0 0 12: 336, 22, 3
0 0 13: 336, 22, 0
0 0 14: 335, 22, 1
0 0 17: 337, 22, 1
0 0 18: 336, 22, 2
0 0 19: 660, 10, 1
0 0 20: 336, 22, 1
0 0 21: 336, 22, 3
0 0 22: 697, 10, 2
0 0 23: 336, 22, 3
0 0 25: 325, 22, 0
0 0 26: 325, 22, 1
0 0 28: 325, 22, 2
0 0 30: 325, 22, 2
0 0 31: 325, 22, 3
0 0 33: 325, 22, 1
0 0 35: 325, 22, 2
0 0 37: 325, 22, 0
0 0 38: 1250, 22, 2
0 0 42: 1250, 22, 0
0 0 43: 1250, 22, 3
0 0 44: 1250, 22, 2
0 0 45: 1286, 10, 0
0 0 46: 1250, 22, 2
0 0 47: 1250, 22, 0
0 0 49: 1249, 22, 3
0 0 52: 1250, 22, 3
0 0 53: 325, 22, 0
0 0 55: 325, 22, 1
0 0 56: 326, 22, 1
0 0 57: 325, 22, 3
0 0 60: 325, 22, 0
0 0 62: 325, 22, 2
0 0 63: 325, 22, 3
0 1 0: 1248, 22, 1
0 1 1: 1248, 22, 1
0 1 2: 1248, 22, 3
0 1 5: 1248, 22, 1
0 1 7: 324, 22, 0
0 1 9: 326, 22, 1
0 1 11: 336, 22, 2
0 1 12: 336, 22, 1
0 1 13: 336, 22, 3
0 1 14: 336, 22, 1
0 1 15: 697, 10, 0
0 1 16: 336, 22, 1
0 1 17: 660, 10, 0
0 1 18: 702, 10, 0
0 1 19: 336, 22, 0
0 1 21: 336, 22, 2
0 1 22: 336, 22, 0
0 1 23: 336, 22, 2
0 1 24: 335, 22, 3
0 1 26: 325, 22, 3
0 1 27: 325, 22, 3
0 1 28: 324, 22, 3
0 1 30: 325, 22, 2
0 1 32: 324, 22, 0
0 1 34: 325, 22, 1
0 1 35: 325, 22, 1
0 1 36: 325, 22, 0
0 1 38: 1250, 22, 2
0 1 39: 1250, 22, 0
0 1 39: 1286, 10, 0
0 1 40: 1250, 22, 1
0 1 41: 1250, 22, 0
0 1 42: 1286, 10, 3
0 1 43: 1250, 22, 3
0 1 44: 1383, 10, 2
0 1 45: 1249, 22, 1
0 1 46: 1383, 10, 3
0 1 47: 1250, 22, 2
0 1 48: 1282, 10, 0
0 1 51: 1383, 10, 1
0 1 54: 1250, 22, 2
0 1 58: 325, 22, 1
0 1 59: 325, 22, 3
0 1 61: 326, 22, 0
0 1 63: 325, 22, 0
0 2 1: 1286, 10, 1
0 2 3: 1248, 22, 1
0 2 4: 1248, 22, 1
0 2 5: 1286, 10, 1
0 2 6: 325, 22, 2
0 2 7: 325, 22, 3
0 2 10: 325, 22, 3
0 2 11: 336, 22, 3
0 2 12: 336, 22, 0
0 2 13: 336, 22, 2
0 2 14: 336, 22, 3
0 2 15: 336, 22, 1
0 2 16: 663, 10, 0
0 2 17: 336, 22, 0
0 2 18: 336, 22, 1
0 2 19: 662, 10, 3
0 2 21: 660, 10, 2
0 2 22: 336, 22, 3
0 2 23: 336, 22, 1
0 2 24: 336, 22, 2
0 2 26: 325, 22, 1
0 2 27: 325, 22, 1
0 2 29: 325, 22, 1
0 2 31: 325, 22, 2
0 2 32: 325, 22, 3
0 2 33: 325, 22, 2
0 2 34: 326, 22, 1
0 2 35: 325, 22, 0
0 2 36: 1250, 22, 3
0 2 37: 1250, 22, 3
0 2 39: 1250, 22, 2
0 2 42: 1383, 10, 1
0 2 43: 1250, 22, 0
0 2 46: 1250, 22, 0
0 2 47: 1286, 10, 1
0 2 51: 1250, 22, 3
0 2 52: 1250, 22, 2
0 2 55: 325, 22, 3
0 2 56: 326, 22, 1
0 2 62: 325, 22, 1
0 3 0: 1248, 22, 2
0 3 1: 1248, 22, 2
0 3 2: 1248, 22, 2
0 3 2: 1383, 10, 2
0 3 3: 1248, 22, 3
0 3 5: 1248, 22, 2
0 3 7: 325, 22, 3
0 3 10: 325, 22, 2
0 3 11: 336, 22, 0
0 3 12: 335, 22, 0
0 3 13: 336, 22, 0
0 3 14: 336, 22, 0
0 3 15: 337, 22, 1
0 3 18: 336, 22, 2
0 3 19: 697, 10, 3
0 3 20: 336, 22, 0
0 3 21: 336, 22, 1
0 3 22: 336, 22, 2
0 3 23: 336, 22, 1
0 3 24: 336, 22, 1
0 3 26: 325, 22, 1
0 3 28: 325, 22, 2
0 3 30: 324, 22, 1
0 3 31: 325, 22, 2
0 3 33: 325, 22, 3
0 3 34: 325, 22, 3
0 3 36: 1250, 22, 1
0 3 38: 1250, 22, 2
0 3 40: 1250, 22, 1
0 3 41: 1282, 10, 2
0 3 43: 1249, 22, 0
0 3 44: 1282, 10, 3
0 3 46: 1249, 22, 2
0 3 48: 1250, 22, 1
0 3 50: 1249, 22, 1
0 3 53: 1250, 22, 1
0 3 59: 325, 22, 2
0 3 60: 325, 22, 1
0 3 61: 324, 22, 3
0 3 63: 325, 22, 0
0 4 0: 1248, 22, 0
0 4 1: 1248, 22, 2
0 4 4: 1383, 10, 0
0 4 6: 1248, 22, 2
0 4 6: 1383, 10, 0
0 4 8: 326, 22, 2
0 4 9: 324, 22, 3
0 4 11: 336, 22, 1
0 4 12: 336, 22, 0
0 4 13: 336, 22, 1
0 4 14: 662, 10, 2
0 4 15: 660, 10, 3
0 4 16: 336, 22, 3
0 4 17: 336, 22, 2
0 4 19: 337, 22, 2
0 4 20: 700, 10, 0
0 4 21: 337, 22, 3
0 4 22: 336, 22, 0
0 4 23: 336, 22, 3
0 4 26: 325, 22, 0
0 4 27: 326, 22, 0
0 4 28: 325, 22, 2
0 4 29: 325, 22, 1
0 4 31: 325, 22, 0
0 4 32: 326, 22, 2
0 4 34: 1250, 22, 0
0 4 37: 1286, 10, 3
0 4 39: 1250, 22, 3
0 4 40: 1383, 10, 0
0 4 47: 1383, 10, 2
0 4 48: 1286, 10, 2
0 4 49: 1249, 22, 0
0 4 50: 1282, 10, 3
0 4 54: 326, 22, 2
0 4 56: 324, 22, 0
0 4 58: 326, 22, 1
0 4 61: 325, 22, 1
0 4 63: 325, 22, 1
0 5 2: 1282, 10, 2
0 5 5: 1248, 22, 3
0 5 6: 1248, 22, 3
0 5 7: 325, 22, 2
0 5 9: 326, 22, 3
0 5 10: 325, 22, 2
0 5 11: 336, 22, 3
0 5 12: 336, 22, 3
0 5 13: 336, 22, 2
0 5 15: 336, 22, 0
0 5 17: 702, 10, 0
0 5 18: 336, 22, 2
0 5 19: 336, 22, 3
0 5 20: 336, 22, 1
0 5 21: 336, 22, 2
0 5 22: 335, 22, 2
0 5 23: 336, 22, 0
0 5 26: 325, 22, 0
0 5 28: 325, 22, 0
0 5 30: 325, 22, 2
0 5 31: 325, 22, 1
0 5 32: 325, 22, 2
0 5 33: 1250, 22, 0
0 5 35: 1250, 22, 3
0 5 38: 1250, 22, 3
0 5 41: 1250, 22, 0
0 5 42: 1249, 22, 2
0 5 43: 1286, 10, 2
0 5 44: 1250, 22, 3
0 5 47: 1249, 22, 3
0 5 49: 1250, 22, 0
0 5 52: 1250, 22, 0
0 5 53: 1250, 22, 0
0 5 55: 325, 22, 3
0 5 57: 325, 22, 0
0 5 59: 325, 22, 3
0 5 61: 325, 22, 0
0 5 62: 326, 22, 2
0 6 0: 1248, 22, 2
0 6 0: 1383, 10, 3
0 6 1: 1248, 22, 3
0 6 4: 1248, 22, 0
0 6 5: 1248, 22, 3
0 6 6: 1248, 22, 3
0 6 7: 325, 22, 1
0 6 11: 336, 22, 3
0 6 13: 337, 22, 2
0 6 14: 660, 10, 1
0 6 15: 336, 22, 2
0 6 16: 697, 10, 1
0 6 17: 336, 22, 2
0 6 18: 663, 10, 3
0 6 20: 336, 22, 0
0 6 21: 336, 22, 3
0 6 22: 336, 22, 3
0 6 23: 336, 22, 2
0 6 24: 336, 22, 3
0 6 27: 324, 22, 2
0 6 28: 325, 22, 0
0 6 29: 326, 22, 3
0 6 30: 325, 22, 2
0 6 31: 325, 22, 0
0 6 32: 1250, 22, 3
0 6 34: 1250, 22, 0
0 6 36: 1250, 22, 3
0 6 37: 1250, 22, 2
0 6 38: 1250, 22, 1
0 6 39: 1250, 22, 0
0 6 40: 1250, 22, 3
0 6 41: 1383, 10, 3
0 6 45: 1249, 22, 3
0 6 46: 1383, 10, 0
0 6 48: 1250, 22, 2
0 6 49: 1286, 10, 3
0 6 50: 1250, 22, 3
0 6 51: 1250, 22, 2
0 6 52: 1383, 10, 1
0 6 53: 1250, 22, 0
0 6 58: 325, 22, 3
0 6 60: 325, 22, 0
0 6 62: 325, 22, 3
0 7 0: 1248, 22, 1
0 7 2: 1249, 22, 0
0 7 5: 1286, 10, 1
0 7 10: 325, 22, 1
0 7 11: 336, 22, 2
0 7 12: 336, 22, 0
0 7 13: 336, 22, 3
0 7 14: 337, 22, 0
0 7 15: 336, 22, 2
0 7 16: 335, 22, 3
0 7 17: 336, 22, 0
0 7 18: 700, 10, 1
0 7 19: 336, 22, 0
0 7 20: 336, 22, 3
0 7 21: 702, 10, 2
0 7 22: 336, 22, 0
0 7 23: 336, 22, 1
0 7 25: 325, 22, 0
0 7 26: 325, 22, 0
0 7 28: 325, 22, 3
0 7 30: 325, 22, 3
0 7 32: 1250, 22, 1
0 7 33: 325, 22, 2
0 7 34: 1286, 10, 2
0 7 35: 1250, 22, 0
0 7 36: 1250, 22, 1
0 7 38: 1250, 22, 1
0 7 39: 1383, 10, 1
0 7 42: 1250, 22, 3
0 7 43: 1250, 22, 2
0 7 44: 1383, 10, 2
0 7 49: 1383, 10, 3
0 7 51: 1383, 10, 0
0 7 54: 325, 22, 2
0 7 56: 325, 22, 2
0 7 57: 324, 22, 1
0 7 61: 325, 22, 1
0 7 63: 325, 22, 2
0 8 1: 1248, 22, 1
0 8 2: 1248, 22, 1
0 8 3: 1248, 22, 2
0 8 4: 1248, 22, 1
0 8 6: 325, 22, 3
0 8 7: 325, 22, 0
0 8 8: 326, 22, 1
0 8 9: 325, 22, 0
0 8 10: 336, 22, 1
0 8 11: 336, 22, 2
0 8 12: 335, 22, 3
0 8 13: 336, 22, 1
0 8 14: 336, 22, 1
0 8 15: 663, 10, 2
0 8 16: 660, 10, 2
0 8 17: 336, 22, 0
0 8 20: 336, 22, 2
0 8 21: 336, 22, 1
0 8 22: 336, 22, 0
0 8 26: 325, 22, 1
0 8 27: 325, 22, 2
0 8 28: 326, 22, 0
0 8 30: 325, 22, 3
0 8 31: 1250, 22, 1
0 8 35: 1250, 22, 0
0 8 37: 1383, 10, 0
0 8 40: 1249, 22, 2
0 8 41: 1383, 10, 2
0 8 42: 1286, 10, 0
0 8 45: 1286, 10, 1
0 8 46: 1249, 22, 1
0 8 47: 1282, 10, 1
0 8 51: 1250, 22, 1
0 8 52: 1286, 10, 1
0 8 54: 325, 22, 3
0 8 55: 326, 22, 0
0 8 58: 325, 22, 1
0 8 59: 325, 22, 3
0 8 62: 325, 22, 2
0 9 0: 1248, 22, 0
0 9 1: 1383, 10, 0
0 9 2: 1249, 22, 1
0 9 3: 1248, 22, 2
0 9 3: 1286, 10, 1
0 9 5: 1248, 22, 0
0 9 5: 1383, 10, 3
0 9 9: 325, 22, 0
0 9 10: 336, 22, 2
0 9 11: 660, 10, 3
0 9 12: 336, 22, 0
0 9 13: 662, 10, 1
0 9 16: 700, 10, 2
0 9 17: 337, 22, 3
0 9 18: 336, 22, 3
0 9 19: 336, 22, 1
0 9 20: 336, 22, 2
0 9 21: 336, 22, 3
0 9 24: 325, 22, 3
0 9 25: 325, 22, 0
0 9 26: 324, 22, 3
0 9 28: 325, 22, 2
0 9 30: 1250, 22, 2
0 9 31: 1297, 10, 2
0 9 33: 1250, 22, 1
0 9 34: 1250, 22, 2
0 9 35: 1250, 22, 3
0 9 38: 1286, 10, 3
0 9 39: 1282, 10, 3
0 9 43: 1286, 10, 1
0 9 50: 1286, 10, 0
0 9 54: 325, 22, 0
0 9 56: 325, 22, 1
0 9 59: 325, 22, 2
0 9 60: 326, 22, 0
0 9 61: 325, 22, 3
0 10 0: 1248, 22, 1
0 10 1: 1248, 22, 3
0 10 2: 1248, 22, 3
0 10 3: 1248, 22, 2
0 10 4: 1248, 22, 1
0 10 6: 325, 22, 3
0 10 7: 325, 22, 2
0 10 8: 325, 22, 3
0 10 10: 336, 22, 3
0 10 11: 336, 22, 1
0 10 12: 336, 22, 0
0 10 13: 336, 22, 1
0 10 15: 335, 22, 1
0 10 16: 336, 22, 2
0 10 17: 663, 10, 1
0 10 19: 336, 22, 3
0 10 20: 336, 22, 1
0 10 23: 325, 22, 2
0 10 25: 325, 22, 0
0 10 26: 325, 22, 1
0 10 27: 326, 22, 1
0 10 28: 325, 22, 2
0 10 30: 1250, 22, 1
0 10 35: 1286, 10, 1
0 10 36: 1383, 10, 3
0 10 41: 1249, 22, 3
0 10 42: 1250, 22, 1
0 10 43: 1383, 10, 2
0 10 44: 1250, 22, 1
0 10 46: 1286, 10, 0
0 10 47: 1249, 22, 0
0 10 50: 1383, 10, 0
0 10 51: 1250, 22, 0
0 10 52: 1250, 22, 3
0 10 53: 325, 22, 1
0 10 54: 325, 22, 1
0 10 56: 325, 22, 0
0 10 57: 325, 22, 2
0 10 58: 325, 22, 2
0 10 59: 325, 22, 2
0 10 60: 325, 22, 0
0 10 61: 325, 22, 3
0 10 63: 325, 22, 3
0 11 0: 1248, 22, 0
0 11 1: 1248, 22, 0
0 11 3: 1248, 22, 2
0 11 4: 1248, 22, 1
0 11 5: 1248, 22, 0
0 11 7: 324, 22, 2
0 11 10: 336, 22, 2
0 11 11: 336, 22, 0
0 11 12: 335, 22, 0
0 11 13: 337, 22, 3
0 11 14: 336, 22, 2
0 11 16: 337, 22, 2
0 11 18: 660, 10, 2
0 11 19: 336, 22, 0
0 11 20: 336, 22, 2
0 11 23: 325, 22, 0
0 11 24: 326, 22, 2
0 11 25: 325, 22, 1
0 11 26: 325, 22, 2
0 11 28: 1250, 22, 0
0 11 29: 1286, 10, 0
0 11 31: 1250, 22, 2
0 11 33: 1250, 22, 1
0 11 34: 1282, 10, 3
0 11 37: 1249, 22, 3
0 11 38: 1286, 10, 3
0 11 39: 1249, 22, 1
0 11 41: 1383, 10, 0
0 11 47: 1383, 10, 1
0 11 49: 1383, 10, 3
0 11 56: 325, 22, 1
0 11 57: 325, 22, 2
0 11 58: 325, 22, 3
0 11 62: 324, 22, 2
0 12 1: 1248, 22, 0
0 12 1: 1286, 10, 1
0 12 2: 1249, 22, 0
0 12 3: 1383, 10, 2
0 12 5: 325, 22, 1
0 12 7: 325, 22, 2
0 12 9: 336, 22, 3
0 12 10: 336, 22, 1
0 12 11: 702, 10, 2
0 12 12: 336, 22, 3
0 12 13: 336, 22, 2
0 12 15: 661, 10, 1
0 12 16: 336, 22, 0
0 12 17: 336, 22, 1
0 12 18: 337, 22, 1
0 12 19: 336, 22, 1
0 12 22: 324, 22, 2
0 12 24: 325, 22, 0
0 12 25: 325, 22, 0
0 12 27: 325, 22, 2
0 12 30: 1250, 22, 3
0 12 31: 1286, 10, 1
0 12 32: 1250, 22, 0
0 12 33: 1383, 10, 0
0 12 37: 1286, 10, 0
0 12 39: 1383, 10, 2
0 12 40: 1249, 22, 0
0 12 41: 1383, 10, 1
0 12 43: 1286, 10, 2
0 12 44: 1250, 22, 0
0 12 46: 1383, 10, 2
0 12 48: 1286, 10, 2
0 12 49: 1250, 22, 2
0 12 50: 1250, 22, 3
0 12 51: 1250, 22, 2
0 12 53: 325, 22, 0
0 12 55: 324, 22, 2
0 12 56: 325, 22, 0
0 12 57: 325, 22, 3
0 12 58: 326, 22, 3
0 12 59: 325, 22, 1
0 12 60: 325, 22, 3
0 12 63: 325, 22, 0
0 13 0: 1248, 22, 1
0 13 3: 1248, 22, 2
0 13 4: 325, 22, 0
0 13 6: 324, 22, 1
0 13 8: 325, 22, 3
0 13 9: 336, 22, 2
0 13 10: 337, 22, 1
0 13 11: 336, 22, 0
0 13 12: 660, 10, 0
0 13 13: 336, 22, 1
0 13 14: 699, 10, 1
0 13 16: 336, 22, 3
0 13 17: 702, 10, 0
0 13 18: 336, 22, 0
0 13 21: 325, 22, 0
0 13 23: 325, 22, 3
0 13 26: 1250, 22, 2
0 13 28: 1250, 22, 3
0 13 31: 1250, 22, 0
0 13 33: 1286, 10, 3
0 13 36: 1383, 10, 2
0 13 37: 1250, 22, 1
0 13 42: 1250, 22, 0
0 13 45: 1286, 10, 1
0 13 47: 1250, 22, 1
0 13 49: 1250, 22, 1
0 13 50: 1250, 22, 2
0 13 52: 325, 22, 3
0 13 53: 325, 22, 0
0 13 57: 325, 22, 0
0 13 58: 325, 22, 1
0 13 61: 325, 22, 0
0 13 62: 324, 22, 1
0 14 1: 1248, 22, 3
0 14 2: 1286, 10, 1
0 14 4: 325, 22, 0
0 14 8: 325, 22, 2
0 14 9: 336, 22, 0
0 14 10: 336, 22, 0
0 14 11: 335, 22, 1
0 14 12: 336, 22, 0
0 14 16: 335, 22, 2
0 14 17: 336, 22, 3
0 14 21: 325, 22, 1
0 14 22: 325, 22, 3
0 14 24: 325, 22, 2
0 14 28: 1250, 22, 0
0 14 30: 1286, 10, 1
0 14 31: 1250, 22, 3
0 14 34: 1250, 22, 3
0 14 34: 1383, 10, 1
0 14 35: 1250, 22, 3
0 14 36: 1250, 22, 0
0 14 38: 1383, 10, 3
0 14 40: 1282, 10, 0
0 14 42: 1250, 22, 0
0 14 43: 1383, 10, 0
0 14 44: 1250, 22, 3
0 14 47: 1250, 22, 0
0 14 52: 325, 22, 3
0 14 55: 325, 22, 2
0 14 56: 325, 22, 2
0 14 57: 325, 22, 3
0 14 58: 325, 22, 3
0 15 0: 1248, 22, 0
0 15 1: 1383, 10, 1
0 15 2: 1248, 22, 3
0 15 4: 325, 22, 3
0 15 6: 325, 22, 1
0 15 7: 325, 22, 0
0 15 9: 336, 22, 2
0 15 10: 336, 22, 2
0 15 11: 697, 10, 1
0 15 12: 336, 22, 3
0 15 13: 337, 22, 0
0 15 14: 661, 10, 3
0 15 15: 336, 22, 1
0 15 16: 702, 10, 1
0 15 17: 336, 22, 2
0 15 18: 325, 22, 1
0 15 19: 325, 22, 0
0 15 20: 325, 22, 3
0 15 22: 325, 22, 3
0 15 23: 326, 22, 0
0 15 24: 325, 22, 3
0 15 25: 1250, 22, 1
0 15 27: 1250, 22, 1
0 15 29: 1250, 22, 0
0 15 32: 1286, 10, 3
0 15 33: 1286, 10, 2
0 15 35: 1383, 10, 0
0 15 37: 1286, 10, 1
0 15 39: 1249, 22, 1
0 15 43: 1286, 10, 1
0 15 45: 1250, 22, 3
0 15 46: 1383, 10, 1
0 15 47: 1250, 22, 1
0 15 48: 1250, 22, 1
0 15 50: 1250, 22, 3
0 15 50: 1286, 10, 2
0 15 51: 325, 22, 0
0 15 52: 325, 22, 2
0 15 54: 325, 22, 2
0 15 55: 325, 22, 2
0 15 56: 326, 22, 0
0 15 57: 325, 22, 3
0 15 58: 325, 22, 3
0 15 59: 324, 22, 1
0 15 60: 325, 22, 0
0 15 61: 325, 22, 1
0 15 63: 325, 22, 1
0 16 1: 1248, 22, 3
0 16 3: 325, 22, 3
0 16 5: 325, 22, 2
0 16 9: 336, 22, 0
0 16 10: 660, 10, 1
0 16 11: 336, 22, 1
0 16 13: 336, 22, 2
0 16 16: 336, 22, 0
0 16 19: 325, 22, 3
0 16 21: 325, 22, 2
0 16 22: 325, 22, 2
0 16 26: 1250, 22, 2
0 16 27: 1250, 22, 0
0 16 28: 1282, 10, 2
0 16 30: 1383, 10, 3
0 16 32: 1250, 22, 3
0 16 34: 1249, 22, 1
0 16 35: 1286, 10, 0
0 16 36: 1250, 22, 3
0 16 37: 1250, 22, 0
0 16 38: 1250, 22, 1
0 16 41: 1249, 22, 0
0 16 42: 1250, 22, 3
0 16 44: 1250, 22, 2
0 16 45: 1286, 10, 0
0 16 47: 1250, 22, 1
0 16 48: 1250, 22, 0
0 16 53: 326, 22, 1
0 16 57: 325, 22, 0
0 16 59: 325, 22, 2
0 16 60: 325, 22, 1
0 16 61: 325, 22, 2
0 16 63: 325, 22, 2
0 17 0: 1248, 22, 0
0 17 3: 325, 22, 2
0 17 5: 325, 22, 2
0 17 7: 325, 22, 0
0 17 9: 336, 22, 1
0 17 10: 336, 22, 3
0 17 11: 663, 10, 0
0 17 12: 336, 22, 2
0 17 13: 700, 10, 1
0 17 14: 337, 22, 0
0 17 15: 336, 22, 2
0 17 16: 336, 22, 3
0 17 17: 325, 22, 2
0 17 18: 325, 22, 2
0 17 19: 325, 22, 0
0 17 20: 326, 22, 1
0 17 21: 325, 22, 1
0 17 23: 325, 22, 2
0 17 24: 1250, 22, 0
0 17 30: 1249, 22, 0
0 17 33: 1282, 10, 1
0 17 35: 1250, 22, 3
0 17 38: 1286, 10, 2
0 17 39: 1250, 22, 2
0 17 40: 1383, 10, 0
0 17 44: 1249, 22, 3
0 17 47: 1286, 10, 2
0 17 49: 325, 22, 2
0 17 50: 325, 22, 0
0 17 51: 325, 22, 1
0 17 53: 325, 22, 0
0 17 55: 324, 22, 1
0 17 56: 325, 22, 2
0 17 57: 325, 22, 3
0 17 59: 325, 22, 0
0 17 61: 325, 22, 2
0 17 62: 326, 22, 2
0 18 2: 325, 22, 2
0 18 3: 324, 22, 0
0 18 5: 325, 22, 3
0 18 6: 324, 22, 3
0 18 7: 325, 22, 3
0 18 10: 337, 22, 2
0 18 12: 336, 22, 2
0 18 13: 335, 22, 0
0 18 14: 336, 22, 1
0 18 15: 662, 10, 1
0 18 17: 325, 22, 2
0 18 20: 325, 22, 1
0 18 21: 325, 22, 1
0 18 23: 325, 22, 3
0 18 25: 1383, 10, 1
0 18 26: 1250, 22, 1
0 18 29: 1286, 10, 0
0 18 31: 1286, 10, 0
0 18 32: 1250, 22, 2
0 18 35: 1250, 22, 3
0 18 36: 1383, 10, 2
0 18 37: 1286, 10, 3
0 18 39: 1250, 22, 2
0 18 42: 1383, 10, 1
0 18 44: 1282, 10, 1
0 18 48: 1250, 22, 0
0 18 49: 325, 22, 3
0 18 52: 325, 22, 1
0 18 54: 325, 22, 2
0 18 55: 325, 22, 3
0 18 57: 325, 22, 0
0 18 59: 325, 22, 2
0 18 61: 325, 22, 3
0 19 0: 1248, 22, 0
0 19 1: 325, 22, 1
0 19 3: 325, 22, 3
0 19 4: 325, 22, 2
0 19 5: 325, 22, 3
0 19 6: 325, 22, 3
0 19 8: 325, 22, 0
0 19 10: 336, 22, 3
0 19 11: 336, 22, 1
0 19 12: 660, 10, 0
0 19 13: 336, 22, 3
0 19 14: 336, 22, 2
0 19 15: 336, 22, 2
0 19 17: 325, 22, 3
0 19 18: 325, 22, 1
0 19 19: 326, 22, 2
0 19 20: 325, 22, 0
0 19 21: 325, 22, 0
0 19 22: 325, 22, 0
0 19 26: 1286, 10, 3
0 19 28: 1286, 10, 3
0 19 30: 1250, 22, 0
0 19 32: 1383, 10, 0
0 19 36: 1250, 22, 0
0 19 37: 1250, 22, 1
0 19 38: 1250, 22, 1
0 19 39: 1250, 22, 2
0 19 40: 1286, 10, 3
0 19 42: 1250, 22, 2
0 19 46: 1383, 10, 0
0 19 47: 1250, 22, 1
0 19 47: 1286, 10, 0
0 19 48: 325, 22, 3
0 19 49: 325, 22, 3
0 19 55: 325, 22, 0
0 19 56: 325, 22, 0
0 19 58: 325, 22, 1
0 19 60: 325, 22, 2
0 19 62: 325, 22, 3
0 20 1: 325, 22, 0
0 20 2: 325, 22, 0
0 20 3: 326, 22, 1
0 20 5: 325, 22, 3
0 20 8: 325, 22, 0
0 20 10: 336, 22, 3
0 20 11: 336, 22, 2
0 20 12: 336, 22, 0
0 20 13: 337, 22, 3
0 20 14: 336, 22, 3
0 20 15: 336, 22, 0
0 20 17: 325, 22, 3
0 20 19: 325, 22, 2
0 20 20: 325, 22, 2
0 20 21: 325, 22, 3
0 20 25: 1250, 22, 2
0 20 26: 1250, 22, 1
0 20 28: 1250, 22, 2
0 20 29: 1383, 10, 2
0 20 30: 1250, 22, 3
0 20 31: 1286, 10, 1
0 20 33: 1249, 22, 3
0 20 34: 1383, 10, 1
0 20 35: 1250, 22, 3
0 20 37: 1383, 10, 0
0 20 41: 1286, 10, 0
0 20 42: 1250, 22, 1
0 20 44: 1249, 22, 2
0 20 50: 324, 22, 3
0 20 52: 324, 22, 0
0 20 53: 325, 22, 2
0 20 54: 325, 22, 0
0 20 57: 326, 22, 2
0 20 59: 324, 22, 0
0 20 61: 325, 22, 3
0 20 63: 325, 22, 2
0 21 1: 324, 22, 3
0 21 4: 325, 22, 3
0 21 5: 325, 22, 3
0 21 6: 326, 22, 2
0 21 7: 325, 22, 1
0 21 8: 325, 22, 0
0 21 11: 336, 22, 2
0 21 12: 336, 22, 3
0 21 13: 336, 22, 1
0 21 15: 325, 22, 0
0 21 18: 325, 22, 0
0 21 19: 326, 22, 3
0 21 20: 325, 22, 3
0 21 21: 325, 22, 3
0 21 23: 1250, 22, 3
0 21 27: 1250, 22, 1
0 21 27: 1286, 10, 1
0 21 30: 1286, 10, 2
0 21 32: 1286, 10, 2
0 21 35: 1250, 22, 3
0 21 36: 1250, 22, 3
0 21 38: 1250, 22, 1
0 21 39: 1286, 10, 2
0 21 40: 1250, 22, 0
0 21 41: 1250, 22, 1
0 21 43: 1383, 10, 2
0 21 45: 1383, 10, 3
0 21 46: 1250, 22, 0
0 21 47: 325, 22, 3
0 21 50: 325, 22, 2
0 21 52: 325, 22, 3
0 21 54: 325, 22, 1
0 21 55: 326, 22, 2
0 21 58: 325, 22, 1
0 21 62: 325, 22, 3
0 22 1: 325, 22, 3
0 22 2: 325, 22, 0
0 22 3: 325, 22, 1
0 22 4: 325, 22, 1
0 22 5: 325, 22, 2
0 22 6: 325, 22, 2
0 22 8: 325, 22, 0
0 22 10: 325, 22, 3
0 22 12: 325, 22, 3
0 22 13: 325, 22, 2
0 22 14: 325, 22, 2
0 22 15: 325, 22, 3
0 22 16: 325, 22, 2
0 22 17: 325, 22, 2
0 22 18: 325, 22, 1
0 22 19: 325, 22, 1
0 22 22: 325, 22, 1
0 22 24: 1250, 22, 3
0 22 25: 1250, 22, 0
0 22 28: 1383, 10, 1
0 22 29: 1250, 22, 1
0 22 30: 1250, 22, 1
0 22 31: 1250, 22, 2
0 22 33: 1250, 22, 3
0 22 34: 1383, 10, 0
0 22 35: 1250, 22, 2
0 22 36: 1282, 10, 2
0 22 39: 1250, 22, 1
0 22 44: 1286, 10, 1
0 22 49: 325, 22, 1
0 22 51: 325, 22, 1
0 22 54: 325, 22, 2
0 22 55: 326, 22, 1
0 22 56: 325, 22, 1
0 22 57: 325, 22, 2
0 22 58: 326, 22, 3
0 22 60: 325, 22, 0
0 22 63: 326, 22, 1
0 23 3: 325, 22, 1
0 23 4: 326, 22, 3
0 23 7: 325, 22, 0
0 23 8: 325, 22, 0
0 23 9: 325, 22, 1
0 23 11: 325, 22, 0
0 23 12: 325, 22, 1
0 23 13: 325, 22, 1
0 23 14: 325, 22, 1
0 23 17: 324, 22, 2
0 23 18: 325, 22, 1
0 23 19: 325, 22, 2
0 23 20: 325, 22, 3
0 23 21: 325, 22, 2
0 23 24: 1286, 10, 3
0 23 26: 1286, 10, 1
0 23 27: 1249, 22, 2
0 23 28: 1282, 10, 2
0 23 31: 1383, 10, 1
0 23 33: 1286, 10, 3
0 23 35: 1250, 22, 1
0 23 38: 1249, 22, 3
0 23 39: 1250, 22, 2
0 23 40: 1383, 10, 1
0 23 42: 1249, 22, 1
0 23 46: 325, 22, 2
0 23 47: 325, 22, 1
0 23 51: 325, 22, 0
0 23 52: 326, 22, 0
0 23 53: 325, 22, 2
0 23 58: 325, 22, 2
0 23 60: 325, 22, 1
0 23 62: 325, 22, 3
0 24 0: 324, 22, 2
0 24 1: 325, 22, 3
0 24 2: 324, 22, 0
0 24 4: 325, 22, 1
0 24 6: 325, 22, 3
0 24 8: 326, 22, 0
0 24 10: 325, 22, 0
0 24 13: 325, 22, 2
0 24 14: 326, 22, 1
0 24 15: 325, 22, 2
0 24 16: 325, 22, 3
0 24 17: 325, 22, 3
0 24 18: 325, 22, 0
0 24 20: 325, 22, 2
0 24 23: 1250, 22, 2
0 24 26: 1383, 10, 3
0 24 30: 1286, 10, 1
0 24 32: 1250, 22, 0
0 24 33: 1250, 22, 0
0 24 34: 1286, 10, 0
0 24 36: 1250, 22, 1
0 24 39: 1250, 22, 3
0 24 41: 1297, 10, 0
0 24 43: 1286, 10, 3
0 24 44: 1250, 22, 2
0 24 48: 325, 22, 1
0 24 50: 326, 22, 1
0 24 51: 325, 22, 0
0 24 53: 325, 22, 1
0 24 54: 325, 22, 3
0 24 55: 325, 22, 3
0 24 56: 325, 22, 0
0 24 59: 325, 22, 1
0 24 60: 326, 22, 0
0 24 62: 325, 22, 3
0 25 1: 325, 22, 3
0 25 2: 325, 22, 0
0 25 4: 325, 22, 2
0 25 5: 325, 22, 2
0 25 6: 324, 22, 1
0 25 9: 325, 22, 1
0 25 10: 325, 22, 1
0 25 11: 324, 22, 2
0 25 12: 325, 22, 3
0 25 14: 325, 22, 2
0 25 16: 325, 22, 3
0 25 17: 325, 22, 3
0 25 19: 324, 22, 3
0 25 20: 325, 22, 2
0 25 22: 325, 22, 1
0 25 29: 1249, 22, 3
0 25 32: 1250, 22, 2
0 25 33: 1250, 22, 1
0 25 36: 1383, 10, 2
0 25 37: 1250, 22, 0
0 25 39: 1250, 22, 3
0 25 40: 1286, 10, 1
0 25 43: 1250, 22, 3
0 25 45: 325, 22, 1
0 25 47: 325, 22, 0
0 25 48: 324, 22, 2
0 25 50: 325, 22, 3
0 25 54: 324, 22, 3
0 25 57: 325, 22, 0
0 25 59: 325, 22, 0
0 25 62: 325, 22, 3
0 26 0: 325, 22, 2
0 26 2: 326, 22, 1
0 26 3: 326, 22, 2
0 26 5: 325, 22, 1
0 26 6: 325, 22, 0
0 26 7: 325, 22, 0
0 26 8: 325, 22, 3
0 26 10: 325, 22, 1
0 26 11: 325, 22, 2
0 26 12: 325, 22, 2
0 26 13: 325, 22, 3
0 26 15: 325, 22, 2
0 26 18: 325, 22, 1
0 26 19: 325, 22, 0
0 26 21: 324, 22, 0
0 26 24: 1250, 22, 3
0 26 25: 1250, 22, 0
0 26 27: 1286, 10, 2
0 26 28: 1383, 10, 0
0 26 30: 1286, 10, 0
0 26 32: 1286, 10, 3
0 26 33: 1250, 22, 1
0 26 34: 1286, 10, 2
0 26 36: 1286, 10, 3
0 26 37: 1250, 22, 3
0 26 38: 1286, 10, 0
0 26 40: 1249, 22, 0
0 26 44: 325, 22, 0
0 26 46: 325, 22, 3
0 26 49: 325, 22, 2
0 26 50: 325, 22, 2
0 26 51: 326, 22, 2
0 26 52: 325, 22, 0
0 26 56: 325, 22, 0
0 26 58: 325, 22, 1
0 26 60: 325, 22, 0
0 26 63: 325, 22, 0
0 27 0: 325, 22, 3
0 27 1: 325, 22, 2
0 27 4: 325, 22, 2
0 27 5: 325, 22, 0
0 27 7: 325, 22, 1
0 27 8: 326, 22, 0
0 27 11: 325, 22, 2
0 27 12: 325, 22, 2
0 27 14: 325, 22, 2
0 27 16: 325, 22, 3
0 27 17: 325, 22, 1
0 27 19: 325, 22, 2
0 27 20: 325, 22, 2
0 27 24: 1250, 22, 3
0 27 26: 1250, 22, 0
0 27 28: 1286, 10, 3
0 27 30: 1250, 22, 0
0 27 31: 1383, 10, 1
0 27 32: 1249, 22, 0
0 27 34: 1286, 10, 2
0 27 35: 1250, 22, 1
0 27 39: 1250, 22, 1
0 27 42: 1250, 22, 2
0 27 45: 325, 22, 3
0 27 52: 325, 22, 0
0 27 53: 326, 22, 3
0 27 55: 325, 22, 2
0 27 59: 325, 22, 2
0 27 60: 325, 22, 1
0 27 61: 324, 22, 3
0 27 63: 325, 22, 1
0 28 0: 325, 22, 3
0 28 2: 325, 22, 1
0 28 3: 325, 22, 2
0 28 4: 325, 22, 3
0 28 5: 325, 22, 3
0 28 6: 324, 22, 0
0 28 8: 325, 22, 2
0 28 9: 325, 22, 3
0 28 10: 325, 22, 3
0 28 12: 325, 22, 0
0 28 13: 325, 22, 2
0 28 15: 326, 22, 0
0 28 16: 325, 22, 0
0 28 18: 325, 22, 3
0 28 19: 326, 22, 2
0 28 21: 325, 22, 3
0 28 23: 326, 22, 2
0 28 27: 1250, 22, 3
0 28 31: 1282, 10, 0
0 28 33: 1383, 10, 1
0 28 35: 1250, 22, 2
0 28 36: 1286, 10, 2
0 28 37: 1250, 22, 3
0 28 40: 1250, 22, 2
0 28 44: 325, 22, 3
0 28 46: 326, 22, 1
0 28 47: 326, 22, 1
0 28 48: 325, 22, 1
0 28 50: 326, 22, 3
0 28 51: 325, 22, 3
0 28 53: 325, 22, 0
0 28 54: 325, 22, 1
0 28 55: 326, 22, 0
0 28 56: 325, 22, 0
0 28 57: 325, 22, 1
0 29 0: 325, 22, 0
0 29 1: 324, 22, 1
0 29 5: 325, 22, 3
0 29 7: 325, 22, 2
0 29 10: 326, 22, 2
0 29 12: 325, 22, 0
0 29 13: 325, 22, 1
0 29 14: 325, 22, 0
0 29 16: 325, 22, 0
0 29 17: 324, 22, 3
0 29 18: 325, 22, 0
0 29 21: 325, 22, 1
0 29 22: 325, 22, 2
0 29 23: 1250, 22, 1
0 29 25: 1250, 22, 1
0 29 28: 1250, 22, 2
0 29 29: 1383, 10, 3
0 29 33: 1249, 22, 1
0 29 37: 1250, 22, 2
0 29 38: 1250, 22, 1
0 29 41: 1250, 22, 1
0 29 42: 1250, 22, 2
0 29 43: 325, 22, 3
0 29 45: 325, 22, 2
0 29 48: 325, 22, 0
0 29 49: 325, 22, 1
0 29 51: 325, 22, 3
0 29 52: 325, 22, 0
0 29 58: 324, 22, 0
0 29 60: 325, 22, 3
0 29 62: 325, 22, 3
0 29 63: 325, 22, 2
0 30 2: 324, 22, 3
0 30 4: 326, 22, 0
0 30 8: 325, 22, 2
0 30 9: 325, 22, 0
0 30 11: 325, 22, 1
0 30 13: 324, 22, 1
0 30 15: 326, 22, 0
0 30 17: 325, 22, 3
0 30 19: 325, 22, 0
0 30 21: 325, 22, 1
0 30 22: 325, 22, 1
0 30 25: 1250, 22, 1
0 30 25: 1286, 10, 2
0 30 27: 1250, 22, 2
0 30 28: 1286, 10, 3
0 30 29: 1250, 22, 0
0 30 31: 1250, 22, 2
0 30 34: 1286, 10, 1
0 30 35: 1383, 10, 0
0 30 36: 1286, 10, 1
0 30 39: 1250, 22, 1
0 30 40: 1250, 22, 3
0 30 43: 325, 22, 2
0 30 44: 325, 22, 1
0 30 46: 324, 22, 1
0 30 48: 326, 22, 2
0 30 50: 325, 22, 2
0 30 51: 325, 22, 3
0 30 53: 325, 22, 0
0 30 55: 325, 22, 3
0 30 56: 325, 22, 1
0 30 59: 325, 22, 2
0 30 60: 325, 22, 3
0 31 0: 325, 22, 3
0 31 1: 325, 22, 3
0 31 3: 325, 22, 0
0 31 5: 325, 22, 2
0 31 6: 325, 22, 3
0 31 7: 325, 22, 3
0 31 12: 325, 22, 2
0 31 14: 325, 22, 1
0 31 15: 325, 22, 1
0 31 16: 325, 22, 0
0 31 18: 325, 22, 3
0 31 20: 325, 22, 3
0 31 21: 325, 22, 2
0 31 22: 324, 22, 1
0 31 23: 325, 22, 1
0 31 25: 1250, 22, 2
0 31 27: 1250, 22, 2
0 31 29: 1250, 22, 1
0 31 30: 1286, 10, 3
0 31 31: 1383, 10, 3
0 31 32: 1250, 22, 3
0 31 33: 1286, 10, 1
0 31 35: 1249, 22, 2
0 31 38: 1250, 22, 3
0 31 39: 1250, 22, 0
0 31 40: 1286, 10, 0
0 31 41: 1250, 22, 0
0 31 46: 325, 22, 3
0 31 47: 325, 22, 0
0 31 52: 324, 22, 3
0 31 54: 325, 22, 3
0 31 57: 325, 22, 1
0 31 58: 325, 22, 2
0 31 62: 325, 22, 0
0 32 0: 325, 22, 1
0 32 1: 326, 22, 3
0 32 4: 326, 22, 2
0 32 6: 325, 22, 2
0 32 7: 324, 22, 2
0 32 9: 325, 22, 3
0 32 10: 325, 22, 3
0 32 11: 325, 22, 3
0 32 14: 325, 22, 0
0 32 16: 325, 22, 0
0 32 17: 325, 22, 3
0 32 18: 326, 22, 0
0 32 20: 325, 22, 0
0 32 24: 325, 22, 2
0 32 26: 1250, 22, 3
0 32 28: 1250, 22, 2
0 32 29: 1250, 22, 1
0 32 31: 1250, 22, 0
0 32 34: 1282, 10, 3
0 32 36: 1383, 10, 0
0 32 37: 1250, 22, 3
0 32 40: 1250, 22, 1
0 32 42: 325, 22, 3
0 32 44: 326, 22, 2
0 32 46: 325, 22, 3
0 32 48: 325, 22, 1
0 32 49: 325, 22, 1
0 32 50: 325, 22, 2
0 32 51: 325, 22, 2
0 32 52: 325, 22, 3
0 32 53: 325, 22, 3
0 32 54: 325, 22, 2
0 32 55: 324, 22, 1
0 32 56: 325, 22, 3
0 32 58: 1249, 22, 2
0 32 59: 1297, 10, 2
0 32 62: 324, 22, 2
0 32 63: 325, 22, 0
0 33 0: 325, 22, 2
0 33 2: 325, 22, 0
0 33 4: 325, 22, 3
0 33 5: 325, 22, 2
0 33 6: 325, 22, 1
0 33 8: 325, 22, 1
0 33 11: 325, 22, 3
0 33 12: 325, 22, 0
0 33 14: 325, 22, 1
0 33 16: 325, 22, 2
0 33 19: 325, 22, 1
0 33 21: 325, 22, 0
0 33 22: 325, 22, 1
0 33 23: 326, 22, 3
0 33 25: 325, 22, 2
0 33 26: 325, 22, 3
0 33 27: 1250, 22, 0
0 33 28: 1250, 22, 0
0 33 31: 1383, 10, 2
0 33 32: 1286, 10, 1
0 33 37: 1286, 10, 3
0 33 39: 1250, 22, 3
0 33 43: 325, 22, 0
0 33 46: 325, 22, 3
0 33 47: 326, 22, 3
0 33 50: 326, 22, 0
0 33 56: 325, 22, 2
0 33 57: 325, 22, 0
0 33 63: 325, 22, 2
0 34 0: 325, 22, 1
0 34 1: 325, 22, 0
0 34 2: 325, 22, 2
0 34 3: 325, 22, 0
0 34 5: 325, 22, 0
0 34 8: 325, 22, 2
0 34 9: 325, 22, 2
0 34 12: 1250, 22, 1
0 34 14: 1250, 22, 0
0 34 17: 325, 22, 0
0 34 18: 325, 22, 1
0 34 20: 325, 22, 0
0 34 21: 325, 22, 0
0 34 22: 326, 22, 1
0 34 24: 325, 22, 2
0 34 25: 326, 22, 0
0 34 27: 325, 22, 0
0 34 29: 1286, 10, 1
0 34 32: 1250, 22, 3
0 34 34: 1249, 22, 1
0 34 36: 1250, 22, 2
0 34 38: 1250, 22, 2
0 34 40: 325, 22, 3
0 34 42: 325, 22, 1
0 34 44: 325, 22, 1
0 34 45: 325, 22, 1
0 34 47: 325, 22, 0
0 34 49: 325, 22, 2
0 34 51: 325, 22, 2
0 34 52: 326, 22, 1
0 34 54: 325, 22, 1
0 34 55: 326, 22, 2
0 34 58: 1250, 22, 2
0 34 61: 1250, 22, 0
0 34 62: 325, 22, 1
0 35 0: 325, 22, 1
0 35 1: 325, 22, 2
0 35 5: 1250, 22, 2
0 35 7: 325, 22, 1
0 35 11: 1250, 22, 2
0 35 12: 1383, 10, 2
0 35 13: 1250, 22, 1
0 35 15: 1286, 10, 2
0 35 16: 1250, 22, 3
0 35 18: 325, 22, 2
0 35 19: 325, 22, 2
0 35 20: 324, 22, 1
0 35 21: 325, 22, 3
0 35 23: 325, 22, 0
0 35 24: 325, 22, 0
0 35 26: 324, 22, 1
0 35 28: 325, 22, 0
0 35 29: 326, 22, 3
0 35 30: 1250, 22, 2
0 35 31: 1250, 22, 1
0 35 34: 1286, 10, 0
0 35 35: 1383, 10, 3
0 35 40: 326, 22, 1
0 35 43: 324, 22, 0
0 35 46: 326, 22, 1
0 35 47: 325, 22, 1
0 35 49: 325, 22, 3
0 35 50: 324, 22, 2
0 35 53: 325, 22, 2
0 35 56: 1250, 22, 1
0 35 57: 1250, 22, 0
0 35 58: 1383, 10, 2
0 35 59: 1249, 22, 1
0 35 60: 1250, 22, 3
0 35 61: 1250, 22, 3
0 35 62: 325, 22, 2
0 35 63: 325, 22, 3
0 36 0: 324, 22, 3
0 36 2: 1250, 22, 3
0 36 4: 1383, 10, 0
0 36 5: 1250, 22, 1
0 36 8: 1250, 22, 0
0 36 10: 1250, 22, 3
0 36 11: 1249, 22, 1
0 36 12: 1282, 10, 2
0 36 14: 1249, 22, 0
0 36 19: 325, 22, 2
0 36 22: 325, 22, 3
0 36 23: 325, 22, 3
0 36 24: 325, 22, 0
0 36 25: 325, 22, 0
0 36 29: 325, 22, 2
0 36 32: 1250, 22, 0
0 36 33: 1250, 22, 0
0 36 36: 1250, 22, 1
0 36 38: 325, 22, 2
0 36 41: 325, 22, 2
0 36 43: 325, 22, 1
0 36 50: 325, 22, 0
0 36 51: 325, 22, 3
0 36 54: 325, 22, 3
0 36 56: 1250, 22, 2
0 36 57: 1286, 10, 2
0 36 58: 1250, 22, 2
0 36 59: 1250, 22, 1
0 36 60: 1250, 22, 2
0 36 62: 325, 22, 2
0 37 0: 325, 22, 3
0 37 7: 1250, 22, 1
0 37 7: 1383, 10, 1
0 37 9: 1250, 22, 3
0 37 10: 1250, 22, 3
0 37 10: 1286, 10, 0
0 37 14: 1250, 22, 3
0 37 15: 1250, 22, 0
0 37 16: 1250, 22, 2
0 37 17: 325, 22, 1
0 37 18: 325, 22, 2
0 37 19: 325, 22, 3
0 37 20: 325, 22, 0
0 37 21: 325, 22, 2
0 37 24: 324, 22, 2
0 37 26: 325, 22, 3
0 37 28: 326, 22, 2
0 37 30: 325, 22, 2
0 37 31: 325, 22, 3
0 37 32: 325, 22, 3
0 37 35: 325, 22, 3
0 37 39: 325, 22, 1
0 37 42: 325, 22, 3
0 37 44: 325, 22, 2
0 37 45: 325, 22, 2
0 37 46: 324, 22, 1
0 37 48: 326, 22, 3
0 37 49: 325, 22, 3
0 37 51: 325, 22, 0
0 37 53: 326, 22, 3
0 37 55: 1383, 10, 3
0 37 56: 1250, 22, 3
0 37 57: 1250, 22, 0
0 37 58: 1282, 10, 2
0 37 60: 1286, 10, 0
0 37 61: 1250, 22, 0
0 37 63: 325, 22, 0
0 38 0: 325, 22, 0
0 38 2: 1250, 22, 0
0 38 2: 1383, 10, 3
0 38 3: 1249, 22, 2
0 38 4: 1282, 10, 0
0 38 6: 1249, 22, 3
0 38 7: 1250, 22, 3
0 38 9: 1250, 22, 3
0 38 11: 1250, 22, 0
0 38 12: 1286, 10, 3
0 38 13: 1250, 22, 3
0 38 15: 1383, 10, 0
0 38 16: 1250, 22, 2
0 38 18: 325, 22, 3
0 38 19: 325, 22, 3
0 38 20: 325, 22, 0
0 38 21: 326, 22, 2
0 38 22: 325, 22, 2
0 38 23: 325, 22, 2
0 38 24: 325, 22, 1
0 38 25: 325, 22, 0
0 38 26: 325, 22, 3
0 38 27: 325, 22, 0
0 38 31: 324, 22, 2
0 38 32: 326, 22, 1
0 38 33: 325, 22, 0
0 38 38: 325, 22, 0
0 38 41: 326, 22, 3
0 38 42: 325, 22, 2
0 38 46: 325, 22, 0
0 38 49: 325, 22, 3
0 38 51: 324, 22, 0
0 38 52: 325, 22, 1
0 38 54: 1250, 22, 1
0 38 55: 1250, 22, 2
0 38 56: 1383, 10, 0
0 38 57: 1250, 22, 3
0 38 60: 1249, 22, 0
0 38 61: 1383, 10, 1
0 39 2: 1250, 22, 1
0 39 6: 1286, 10, 1
0 39 7: 325, 22, 3
0 39 9: 325, 22, 0
0 39 11: 1250, 22, 0
0 39 12: 1250, 22, 1
0 39 13: 1383, 10, 3
0 39 14: 1250, 22, 3
0 39 15: 1250, 22, 1
0 39 18: 324, 22, 2
0 39 20: 325, 22, 0
0 39 21: 325, 22, 1
0 39 23: 325, 22, 2
0 39 24: 325, 22, 1
0 39 26: 325, 22, 3
0 39 28: 325, 22, 2
0 39 29: 325, 22, 1
0 39 30: 325, 22, 0
0 39 31: 325, 22, 3
0 39 33: 325, 22, 1
0 39 34: 324, 22, 0
0 39 36: 325, 22, 1
0 39 38: 326, 22, 0
0 39 40: 325, 22, 0
0 39 41: 325, 22, 0
0 39 42: 325, 22, 2
0 39 44: 326, 22, 1
0 39 46: 325, 22, 3
0 39 48: 325, 22, 2
0 39 50: 325, 22, 2
0 39 53: 1286, 10, 2
0 39 54: 1282, 10, 2
0 39 56: 1250, 22, 1
0 39 57: 1249, 22, 1
0 39 58: 1250, 22, 0
0 39 59: 1249, 22, 2
0 39 60: 1250, 22, 3
0 39 61: 1250, 22, 2
0 39 62: 1250, 22, 3
0 39 63: 325, 22, 1
0 40 0: 325, 22, 1
0 40 3: 1286, 10, 3
0 40 4: 1250, 22, 3
0 40 5: 1286, 10, 0
0 40 6: 1250, 22, 2
0 40 8: 325, 22, 2
0 40 9: 325, 22, 3
0 40 10: 325, 22, 0
0 40 13: 1250, 22, 2
0 40 14: 1250, 22, 2
0 40 17: 325, 22, 1
0 40 18: 325, 22, 0
0 40 19: 325, 22, 1
0 40 20: 325, 22, 1
0 40 23: 325, 22, 2
0 40 24: 325, 22, 1
0 40 25: 326, 22, 3
0 40 26: 325, 22, 2
0 40 27: 325, 22, 3
0 40 28: 324, 22, 1
0 40 30: 325, 22, 1
0 40 32: 324, 22, 3
0 40 34: 325, 22, 3
0 40 35: 325, 22, 2
0 40 37: 325, 22, 2
0 40 38: 325, 22, 3
0 40 39: 325, 22, 0
0 40 40: 325, 22, 0
0 40 41: 325, 22, 1
0 40 42: 325, 22, 2
0 40 43: 325, 22, 2
0 40 45: 325, 22, 3
0 40 48: 325, 22, 2
0 40 52: 325, 22, 1
0 40 53: 1250, 22, 3
0 40 56: 1250, 22, 2
0 40 57: 1250, 22, 3
0 40 58: 1286, 10, 3
0 40 59: 1383, 10, 3
0 40 60: 1250, 22, 2
0 40 61: 1249, 22, 3
0 40 62: 1286, 10, 2
0 41 0: 325, 22, 1
0 41 3: 1250, 22, 2
0 41 4: 1250, 22, 3
0 41 5: 1250, 22, 1
0 41 6: 325, 22, 1
0 41 8: 326, 22, 1
0 41 10: 325, 22, 1
0 41 12: 1250, 22, 1
0 41 13: 1250, 22, 0
0 41 14: 1250, 22, 1
0 41 16: 325, 22, 2
0 41 18: 325, 22, 2
0 41 20: 325, 22, 0
0 41 21: 325, 22, 3
0 41 22: 325, 22, 3
0 41 23: 324, 22, 0
0 41 24: 325, 22, 1
0 41 27: 325, 22, 0
0 41 29: 325, 22, 1
0 41 30: 325, 22, 2
0 41 31: 325, 22, 1
0 41 32: 325, 22, 2
0 41 33: 325, 22, 2
0 41 38: 326, 22, 2
0 41 40: 325, 22, 1
0 41 42: 324, 22, 0
0 41 45: 325, 22, 3
0 41 46: 324, 22, 2
0 41 50: 325, 22, 1
0 41 52: 325, 22, 0
0 41 53: 1250, 22, 0
0 41 54: 1249, 22, 0
0 41 55: 1250, 22, 2
0 41 56: 1383, 10, 1
0 41 57: 1250, 22, 3
0 41 58: 1250, 22, 2
0 41 59: 1250, 22, 2
0 41 60: 1282, 10, 2
0 41 62: 1250, 22, 2
0 42 0: 325, 22, 2
0 42 3: 1250, 22, 3
0 42 4: 1250, 22, 0
0 42 5: 325, 22, 0
0 42 6: 325, 22, 0
0 42 7: 324, 22, 2
0 42 8: 325, 22, 3
0 42 10: 325, 22, 0
0 42 12: 1250, 22, 2
0 42 13: 1383, 10, 3
0 42 15: 325, 22, 2
0 42 17: 325, 22, 2
0 42 18: 324, 22, 3
0 42 20: 325, 22, 2
0 42 21: 325, 22, 0
0 42 23: 325, 22, 0
0 42 24: 325, 22, 2
0 42 25: 325, 22, 1
0 42 26: 325, 22, 1
0 42 27: 325, 22, 3
0 42 29: 325, 22, 3
0 42 31: 326, 22, 2
0 42 33: 325, 22, 2
0 42 34: 325, 22, 3
0 42 35: 326, 22, 3
0 42 36: 325, 22, 2
0 42 39: 324, 22, 3
0 42 40: 325, 22, 3
0 42 41: 325, 22, 3
0 42 43: 325, 22, 0
0 42 44: 325, 22, 2
0 42 47: 325, 22, 0
0 42 49: 325, 22, 2
0 42 51: 325, 22, 3
0 42 53: 1383, 10, 2
0 42 54: 1250, 22, 1
0 42 55: 1286, 10, 1
0 42 57: 1250, 22, 0
0 42 58: 1250, 22, 3
0 42 59: 1286, 10, 1
0 42 62: 1250, 22, 1
0 42 63: 325, 22, 1
0 43 0: 325, 22, 3
0 43 1: 325, 22, 3
0 43 5: 325, 22, 1
0 43 7: 325, 22, 2
0 43 8: 325, 22, 2
0 43 9: 325, 22, 3
0 43 14: 1250, 22, 3
0 43 17: 325, 22, 1
0 43 19: 325, 22, 2
0 43 20: 325, 22, 2
0 43 21: 325, 22, 1
0 43 22: 325, 22, 0
0 43 23: 325, 22, 2
0 43 25: 325, 22, 2
0 43 26: 325, 22, 1
0 43 27: 325, 22, 2
0 43 28: 326, 22, 1
0 43 30: 325, 22, 1
0 43 32: 325, 22, 1
0 43 34: 325, 22, 0
0 43 36: 325, 22, 1
0 43 37: 325, 22, 0
0 43 38: 325, 22, 1
0 43 39: 325, 22, 2
0 43 40: 325, 22, 2
0 43 41: 325, 22, 1
0 43 43: 325, 22, 1
0 43 45: 324, 22, 1
0 43 46: 325, 22, 0
0 43 48: 324, 22, 3
0 43 49: 325, 22, 1
0 43 50: 325, 22, 3
0 43 53: 1250, 22, 2
0 43 54: 1250, 22, 0
0 43 57: 1629, 22, 0
0 43 59: 1250, 22, 2
0 43 60: 1250, 22, 2
0 43 61: 1250, 22, 3
0 43 62: 1383, 10, 0
0 43 63: 325, 22, 1
0 44 0: 325, 22, 3
0 44 2: 325, 22, 2
0 44 6: 325, 22, 2
0 44 8: 326, 22, 0
0 44 12: 1286, 10, 2
0 44 13: 1250, 22, 0
0 44 16: 325, 22, 0
0 44 17: 325, 22, 0
0 44 18: 325, 22, 1
0 44 20: 325, 22, 2
0 44 21: 324, 22, 3
0 44 22: 325, 22, 0
0 44 25: 325, 22, 2
0 44 26: 324, 22, 3
0 44 27: 325, 22, 2
0 44 28: 325, 22, 1
0 44 30: 325, 22, 0
0 44 31: 324, 22, 2
0 44 32: 325, 22, 2
0 44 34: 325, 22, 1
0 44 39: 325, 22, 0
0 44 41: 325, 22, 2
0 44 42: 325, 22, 3
0 44 46: 325, 22, 3
0 44 52: 325, 22, 0
0 44 55: 1622, 9, 3
0 44 55: 1629, 22, 0
0 44 56: 1622, 0, 0
0 44 57: 1622, 0, 0
0 44 59: 851, 11, 0
0 44 60: 1250, 22, 3
0 44 61: 1286, 10, 3
0 44 62: 1250, 22, 0
0 45 2: 325, 22, 1
0 45 3: 1250, 22, 3
0 45 4: 1250, 22, 0
0 45 7: 326, 22, 2
0 45 9: 325, 22, 1
0 45 10: 1383, 10, 3
0 45 11: 1249, 22, 3
0 45 14: 1286, 10, 1
0 45 15: 1250, 22, 2
0 45 18: 325, 22, 0
0 45 19: 325, 22, 3
0 45 20: 325, 22, 3
0 45 21: 324, 22, 2
0 45 23: 325, 22, 2
0 45 24: 325, 22, 2
0 45 25: 325, 22, 3
0 45 26: 325, 22, 0
0 45 28: 325, 22, 1
0 45 29: 325, 22, 3
0 45 32: 325, 22, 3
0 45 33: 326, 22, 3
0 45 35: 325, 22, 0
0 45 36: 326, 22, 1
0 45 37: 325, 22, 1
0 45 38: 325, 22, 3
0 45 43: 325, 22, 2
0 45 44: 325, 22, 2
0 45 45: 325, 22, 2
0 45 48: 325, 22, 1
0 45 50: 326, 22, 0
0 45 53: 1630, 22, 0
0 45 56: 1624, 9, 3
0 45 57: 362, 11, 1
0 45 57: 1626, 0, 0
0 45 58: 362, 11, 1
0 45 58: 1622, 0, 0
0 45 61: 325, 22, 2
0 46 0: 325, 22, 0
0 46 1: 326, 22, 0
0 46 3: 1250, 22, 0
0 46 3: 1383, 10, 1
0 46 5: 1250, 22, 2
0 46 7: 324, 22, 1
0 46 8: 325, 22, 0
0 46 9: 1250, 22, 3
0 46 11: 1282, 10, 2
0 46 13: 1250, 22, 1
0 46 17: 325, 22, 3
0 46 20: 325, 22, 2
0 46 21: 325, 22, 2
0 46 26: 325, 22, 3
0 46 28: 325, 22, 1
0 46 29: 326, 22, 0
0 46 30: 325, 22, 0
0 46 31: 325, 22, 3
0 46 35: 325, 22, 1
0 46 37: 325, 22, 1
0 46 38: 325, 22, 3
0 46 39: 326, 22, 1
0 46 40: 325, 22, 3
0 46 42: 325, 22, 0
0 46 43: 325, 22, 1
0 46 45: 325, 22, 1
0 46 47: 326, 22, 2
0 46 49: 325, 22, 1
0 46 51: 325, 22, 3
0 46 54: 1630, 22, 1
0 46 55: 1624, 9, 3
0 46 63: 326, 22, 2
0 47 0: 325, 22, 1
0 47 2: 325, 22, 1
0 47 6: 325, 22, 3
0 47 7: 325, 22, 0
0 47 9: 1250, 22, 0
0 47 10: 1383, 10, 2
0 47 13: 1249, 22, 2
0 47 14: 1383, 10, 1
0 47 15: 1250, 22, 2
0 47 16: 325, 22, 2
0 47 18: 325, 22, 0
0 47 19: 325, 22, 3
0 47 20: 325, 22, 2
0 47 21: 325, 22, 2
0 47 22: 325, 22, 0
0 47 23: 326, 22, 0
0 47 25: 325, 22, 0
0 47 27: 325, 22, 0
0 47 29: 325, 22, 2
0 47 33: 325, 22, 1
0 47 35: 325, 22, 2
0 47 38: 325, 22, 1
0 47 41: 325, 22, 2
0 47 45: 326, 22, 1
0 47 47: 325, 22, 0
0 47 50: 325, 22, 2
0 47 54: 1629, 22, 3
0 47 55: 1622, 0, 3
0 47 62: 325, 22, 0
0 48 0: 326, 22, 2
0 48 1: 324, 22, 1
0 48 3: 1250, 22, 1
0 48 4: 1250, 22, 3
0 48 7: 325, 22, 3
0 48 8: 324, 22, 0
0 48 10: 1250, 22, 1
0 48 12: 1250, 22, 3
0 48 15: 1250, 22, 1
0 48 16: 325, 22, 2
0 48 17: 325, 22, 0
0 48 19: 325, 22, 1
0 48 21: 325, 22, 3
0 48 22: 325, 22, 1
0 48 24: 325, 22, 1
0 48 25: 325, 22, 1
0 48 26: 325, 22, 0
0 48 28: 326, 22, 2
0 48 29: 325, 22, 2
0 48 31: 325, 22, 0
0 48 32: 325, 22, 1
0 48 33: 326, 22, 2
0 48 37: 325, 22, 0
0 48 40: 324, 22, 0
0 48 42: 325, 22, 1
0 48 43: 325, 22, 2
0 48 48: 326, 22, 1
0 48 50: 324, 22, 2
0 48 54: 1630, 22, 3
0 48 55: 851, 10, 0
0 48 55: 1622, 0, 3
0 48 62: 325, 22, 0
0 49 0: 325, 22, 2
0 49 1: 325, 22, 0
0 49 3: 1383, 10, 2
0 49 6: 325, 22, 1
0 49 7: 326, 22, 1
0 49 9: 325, 22, 1
0 49 10: 325, 22, 1
0 49 11: 1250, 22, 1
0 49 13: 1286, 10, 0
0 49 14: 1250, 22, 0
0 49 17: 325, 22, 1
0 49 18: 324, 22, 1
0 49 19: 325, 22, 3
0 49 21: 325, 22, 0
0 49 22: 326, 22, 1
0 49 24: 325, 22, 2
0 49 26: 325, 22, 0
0 49 30: 325, 22, 3
0 49 32: 325, 22, 3
0 49 34: 325, 22, 0
0 49 35: 325, 22, 3
0 49 38: 326, 22, 1
0 49 39: 325, 22, 2
0 49 42: 325, 22, 1
0 49 45: 325, 22, 2
0 49 48: 325, 22, 2
0 49 49: 325, 22, 2
0 49 51: 325, 22, 0
0 49 53: 1630, 22, 3
0 49 55: 1626, 9, 2
0 49 56: 365, 11, 1
0 49 63: 325, 22, 2
0 50 0: 325, 22, 2
0 50 3: 1250, 22, 2
0 50 4: 1250, 22, 3
0 50 7: 325, 22, 0
0 50 8: 325, 22, 3
0 50 9: 326, 22, 1
0 50 10: 325, 22, 1
0 50 11: 1250, 22, 2
0 50 12: 1250, 22, 2
0 50 13: 1250, 22, 0
0 50 16: 325, 22, 1
0 50 19: 325, 22, 1
0 50 20: 325, 22, 1
0 50 24: 325, 22, 2
0 50 25: 324, 22, 0
0 50 27: 325, 22, 3
0 50 28: 325, 22, 3
0 50 30: 326, 22, 0
0 50 33: 325, 22, 0
0 50 36: 325, 22, 3
0 50 40: 325, 22, 2
0 50 41: 325, 22, 0
0 50 44: 326, 22, 3
0 50 46: 326, 22, 0
0 50 51: 325, 22, 3
0 50 56: 1624, 9, 2
0 50 57: 365, 11, 3
0 50 57: 1624, 0, 2
0 50 58: 365, 11, 0
0 50 58: 1626, 0, 2
0 50 62: 325, 22, 3
0 51 3: 1250, 22, 2
0 51 3: 1286, 10, 1
0 51 4: 1250, 22, 3
0 51 5: 1286, 10, 2
0 51 7: 1250, 22, 2
0 51 9: 1250, 22, 3
0 51 10: 1250, 22, 1
0 51 11: 1250, 22, 1
0 51 12: 1250, 22, 3
0 51 16: 325, 22, 0
0 51 18: 324, 22, 0
0 51 19: 325, 22, 2
0 51 21: 325, 22, 2
0 51 22: 325, 22, 2
0 51 26: 325, 22, 3
0 51 29: 326, 22, 0
0 51 31: 325, 22, 1
0 51 33: 325, 22, 3
0 51 34: 325, 22, 0
0 51 36: 326, 22, 0
0 51 38: 325, 22, 0
0 51 39: 325, 22, 3
0 51 40: 325, 22, 3
0 51 41: 324, 22, 1
0 51 43: 325, 22, 1
0 51 45: 325, 22, 2
0 51 47: 324, 22, 3
0 51 48: 325, 22, 0
0 51 49: 324, 22, 1
0 51 52: 325, 22, 2
0 51 61: 325, 22, 1
0 51 63: 326, 22, 1
0 52 0: 325, 22, 3
0 52 4: 1249, 22, 0
0 52 5: 1250, 22, 2
0 52 6: 1250, 22, 1
0 52 8: 1250, 22, 3
0 52 10: 1383, 10, 0
0 52 14: 325, 22, 3
0 52 15: 325, 22, 2
0 52 17: 325, 22, 0
0 52 18: 325, 22, 1
0 52 19: 325, 22, 1
0 52 20: 325, 22, 1
0 52 22: 325, 22, 3
0 52 24: 325, 22, 3
0 52 26: 325, 22, 2
0 52 28: 325, 22, 2
0 52 29: 325, 22, 2
0 52 32: 325, 22, 2
0 52 33: 326, 22, 2
0 52 38: 325, 22, 1
0 52 39: 325, 22, 2
0 52 40: 325, 22, 0
0 52 43: 325, 22, 0
0 52 46: 325, 22, 3
0 52 50: 326, 22, 2
0 52 53: 1250, 22, 0
0 52 60: 325, 22, 1
0 52 62: 324, 22, 2
0 53 0: 325, 22, 0
0 53 2: 1250, 22, 3
0 53 3: 1282, 10, 2
0 53 5: 1249, 22, 1
0 53 7: 1250, 22, 0
0 53 7: 1286, 10, 3
0 53 8: 1250, 22, 0
0 53 10: 1250, 22, 2
0 53 13: 325, 22, 0
0 53 16: 325, 22, 3
0 53 20: 325, 22, 0
0 53 21: 324, 22, 1
0 53 23: 325, 22, 3
0 53 25: 325, 22, 1
0 53 26: 325, 22, 1
0 53 27: 325, 22, 2
0 53 30: 325, 22, 1
0 53 31: 325, 22, 2
0 53 34: 325, 22, 0
0 53 36: 324, 22, 2
0 53 37: 325, 22, 3
0 53 38: 325, 22, 1
0 53 42: 325, 22, 2
0 53 43: 325, 22, 0
0 53 44: 326, 22, 3
0 53 45: 325, 22, 2
0 53 47: 325, 22, 3
0 53 50: 325, 22, 3
0 53 51: 326, 22, 0
0 53 52: 325, 22, 1
0 53 54: 1383, 10, 0
0 53 55: 1250, 22, 3
0 53 60: 325, 22, 0
0 53 61: 326, 22, 0
0 53 62: 325, 22, 3
0 54 1: 1250, 22, 0
0 54 2: 1383, 10, 1
0 54 5: 1383, 10, 0
0 54 7: 1250, 22, 0
0 54 7: 1383, 10, 3
0 54 8: 1250, 22, 0
0 54 10: 1250, 22, 1
0 54 12: 325, 22, 3
0 54 14: 324, 22, 0
0 54 15: 325, 22, 1
0 54 18: 325, 22, 2
0 54 20: 325, 22, 0
0 54 21: 325, 22, 3
0 54 24: 325, 22, 0
0 54 25: 326, 22, 3
0 54 26: 325, 22, 1
0 54 27: 324, 22, 3
0 54 29: 325, 22, 0
0 54 31: 325, 22, 0
0 54 32: 325, 22, 3
0 54 33: 325, 22, 0
0 54 35: 325, 22, 0
0 54 38: 325, 22, 2
0 54 40: 325, 22, 2
0 54 41: 325, 22, 0
0 54 42: 325, 22, 3
0 54 43: 325, 22, 3
0 54 44: 325, 22, 3
0 54 45: 325, 22, 2
0 54 48: 324, 22, 2
0 54 49: 325, 22, 2
0 54 52: 325, 22, 0
0 54 53: 1250, 22, 1
0 54 54: 1250, 22, 1
0 54 55: 1250, 22, 1
0 54 56: 1250, 22, 2
0 54 57: 1250, 22, 0
0 54 59: 325, 22, 3
0 54 63: 325, 22, 2
0 55 0: 326, 22, 1
0 55 2: 1250, 22, 1
0 55 4: 1250, 22, 2
0 55 5: 1250, 22, 2
0 55 9: 1250, 22, 1
0 55 11: 325, 22, 1
0 55 12: 325, 22, 3
0 55 13: 325, 22, 0
0 55 14: 325, 22, 2
0 55 16: 326, 22, 3
0 55 17: 325, 22, 2
0 55 18: 325, 22, 3
0 55 20: 325, 22, 2
0 55 21: 325, 22, 3
0 55 22: 326, 22, 2
0 55 24: 325, 22, 1
0 55 28: 325, 22, 3
0 55 32: 325, 22, 3
0 55 33: 324, 22, 1
0 55 38: 325, 22, 3
0 55 39: 326, 22, 3
0 55 40: 325, 22, 1
0 55 41: 325, 22, 0
0 55 45: 325, 22, 1
0 55 46: 326, 22, 0
0 55 49: 325, 22, 2
0 55 50: 326, 22, 1
0 55 51: 325, 22, 1
0 55 54: 1282, 10, 0
0 55 56: 1249, 22, 3
0 55 57: 1286, 10, 0
0 55 58: 1250, 22, 1
0 55 60: 1250, 22, 2
0 55 61: 325, 22, 1
0 55 62: 325, 22, 0
0 55 63: 325, 22, 3
0 56 1: 325, 22, 1
0 56 5: 325, 22, 2
0 56 6: 325, 22, 0
0 56 7: 325, 22, 0
0 56 10: 324, 22, 3
0 56 11: 325, 22, 1
0 56 12: 325, 22, 3
0 56 14: 325, 22, 1
0 56 17: 325, 22, 2
0 56 18: 326, 22, 1
0 56 19: 325, 22, 3
0 56 21: 325, 22, 2
0 56 22: 325, 22, 1
0 56 28: 325, 22, 3
0 56 30: 325, 22, 0
0 56 32: 325, 22, 2
0 56 34: 325, 22, 0
0 56 36: 325, 22, 2
0 56 37: 325, 22, 2
0 56 38: 325, 22, 3
0 56 41: 325, 22, 1
0 56 42: 326, 22, 1
0 56 44: 325, 22, 1
0 56 45: 325, 22, 0
0 56 46: 325, 22, 0
0 56 48: 325, 22, 3
0 56 51: 325, 22, 1
0 56 53: 1250, 22, 2
0 56 56: 1250, 22, 3
0 56 57: 1250, 22, 1
0 56 58: 1249, 22, 3
0 56 59: 1383, 10, 2
0 56 60: 1250, 22, 2
0 56 61: 325, 22, 2
0 56 62: 324, 22, 0
0 56 63: 325, 22, 3
0 57 0: 325, 22, 1
0 57 1: 325, 22, 0
0 57 3: 325, 22, 2
0 57 4: 325, 22, 0
0 57 8: 325, 22, 2
0 57 9: 325, 22, 3
0 57 10: 325, 22, 3
0 57 11: 325, 22, 0
0 57 13: 325, 22, 1
0 57 14: 325, 22, 2
0 57 15: 325, 22, 2
0 57 17: 325, 22, 1
0 57 23: 325, 22, 2
0 57 25: 324, 22, 1
0 57 27: 325, 22, 2
0 57 28: 325, 22, 3
0 57 31: 326, 22, 1
0 57 33: 325, 22, 1
0 57 34: 325, 22, 1
0 57 38: 324, 22, 0
0 57 39: 325, 22, 3
0 57 40: 325, 22, 0
0 57 42: 325, 22, 1
0 57 43: 325, 22, 2
0 57 47: 326, 22, 2
0 57 48: 325, 22, 3
0 57 49: 325, 22, 0
0 57 50: 325, 22, 1
0 57 51: 325, 22, 3
0 57 52: 325, 22, 2
0 57 53: 1286, 10, 3
0 57 54: 1383, 10, 2
0 57 55: 1250, 22, 2
0 57 56: 1383, 10, 3
0 57 57: 1250, 22, 2
0 57 58: 1282, 10, 3
0 57 60: 1250, 22, 3
0 58 0: 324, 22, 0
0 58 2: 326, 22, 0
0 58 5: 325, 22, 3
0 58 6: 325, 22, 2
0 58 7: 325, 22, 1
0 58 10: 325, 22, 1
0 58 11: 325, 22, 1
0 58 12: 325, 22, 2
0 58 14: 324, 22, 3
0 58 15: 325, 22, 2
0 58 16: 325, 22, 3
0 58 17: 325, 22, 1
0 58 18: 326, 22, 3
0 58 20: 325, 22, 1
0 58 23: 325, 22, 3
0 58 26: 325, 22, 2
0 58 27: 325, 22, 2
0 58 29: 326, 22, 0
0 58 31: 325, 22, 2
0 58 36: 326, 22, 1
0 58 39: 325, 22, 3
0 58 44: 325, 22, 3
0 58 46: 324, 22, 2
0 58 47: 325, 22, 2
0 58 50: 324, 22, 0
0 58 51: 326, 22, 2
0 58 52: 325, 22, 2
0 58 53: 1250, 22, 3
0 58 54: 1383, 10, 3
0 58 55: 1249, 22, 2
0 58 56: 1250, 22, 1
0 58 57: 1383, 10, 1
0 58 60: 1286, 10, 1
0 58 61: 325, 22, 2
0 58 63: 325, 22, 0
0 59 1: 325, 22, 3
0 59 3: 324, 22, 1
0 59 4: 325, 22, 0
0 59 7: 325, 22, 2
0 59 8: 324, 22, 3
0 59 9: 325, 22, 0
0 59 11: 326, 22, 0
0 59 13: 325, 22, 0
0 59 16: 325, 22, 3
0 59 17: 325, 22, 0
0 59 19: 325, 22, 2
0 59 21: 325, 22, 0
0 59 22: 325, 22, 3
0 59 25: 325, 22, 1
0 59 26: 325, 22, 1
0 59 29: 325, 22, 0
0 59 32: 325, 22, 2
0 59 34: 326, 22, 0
0 59 35: 325, 22, 0
0 59 36: 325, 22, 0
0 59 37: 325, 22, 1
0 59 38: 325, 22, 2
0 59 41: 326, 22, 3
0 59 42: 325, 22, 2
0 59 43: 324, 22, 0
0 59 45: 325, 22, 1
0 59 46: 325, 22, 1
0 59 48: 326, 22, 1
0 59 51: 325, 22, 0
0 59 52: 325, 22, 1
0 59 53: 1250, 22, 0
0 59 54: 1249, 22, 1
0 59 55: 1250, 22, 0
0 59 56: 1286, 10, 2
0 59 57: 1250, 22, 3
0 59 58: 1249, 22, 0
0 59 59: 1383, 10, 0
0 59 60: 325, 22, 3
0 59 62: 326, 22, 3
0 60 0: 325, 22, 3
0 60 1: 325, 22, 3
0 60 2: 325, 22, 2
0 60 3: 325, 22, 2
0 60 5: 325, 22, 0
0 60 6: 325, 22, 0
0 60 9: 325, 22, 3
0 60 10: 325, 22, 0
0 60 11: 325, 22, 0
0 60 12: 325, 22, 3
0 60 13: 325, 22, 0
0 60 14: 325, 22, 1
0 60 16: 325, 22, 0
0 60 20: 325, 22, 0
0 60 25: 325, 22, 1
0 60 26: 325, 22, 2
0 60 27: 325, 22, 3
0 60 28: 325, 22, 3
0 60 30: 325, 22, 1
0 60 32: 325, 22, 2
0 60 33: 326, 22, 2
0 60 36: 325, 22, 1
0 60 38: 325, 22, 2
0 60 40: 326, 22, 2
0 60 42: 325, 22, 2
0 60 47: 326, 22, 0
0 60 50: 324, 22, 3
0 60 52: 326, 22, 3
0 60 53: 1250, 22, 0
0 60 54: 1282, 10, 1
0 60 56: 1250, 22, 0
0 60 57: 1250, 22, 3
0 60 58: 1250, 22, 0
0 60 59: 1250, 22, 2
0 60 60: 325, 22, 0
0 60 63: 325, 22, 1
0 61 0: 325, 22, 3
0 61 1: 326, 22, 3
0 61 2: 325, 22, 1
0 61 5: 325, 22, 3
0 61 8: 325, 22, 2
0 61 9: 325, 22, 3
0 61 11: 325, 22, 2
0 61 12: 324, 22, 2
0 61 13: 325, 22, 0
0 61 14: 325, 22, 1
0 61 15: 324, 22, 0
0 61 16: 324, 22, 0
0 61 17: 325, 22, 3
0 61 18: 325, 22, 3
0 61 22: 326, 22, 2
0 61 24: 324, 22, 2
0 61 28: 324, 22, 3
0 61 30: 326, 22, 3
0 61 33: 325, 22, 2
0 61 35: 326, 22, 3
0 61 36: 325, 22, 1
0 61 37: 324, 22, 0
0 61 40: 325, 22, 0
0 61 41: 325, 22, 1
0 61 44: 324, 22, 3
0 61 45: 325, 22, 0
0 61 46: 325, 22, 2
0 61 48: 325, 22, 3
0 61 49: 325, 22, 1
0 61 50: 325, 22, 1
0 61 53: 1250, 22, 3
0 61 56: 1250, 22, 1
0 61 57: 1383, 10, 2
0 61 58: 1250, 22, 3
0 61 61: 325, 22, 1
0 61 62: 325, 22, 1
0 62 0: 325, 22, 0
0 62 1: 325, 22, 1
0 62 3: 325, 22, 0
0 62 4: 325, 22, 2
0 62 6: 324, 22, 2
0 62 7: 325, 22, 2
0 62 8: 325, 22, 2
0 62 9: 325, 22, 2
0 62 10: 326, 22, 2
0 62 11: 325, 22, 1
0 62 13: 325, 22, 0
0 62 14: 325, 22, 1
0 62 17: 325, 22, 3
0 62 18: 325, 22, 3
0 62 19: 324, 22, 1
0 62 23: 325, 22, 0
0 62 28: 325, 22, 3
0 62 29: 325, 22, 0
0 62 32: 324, 22, 3
0 62 38: 325, 22, 3
0 62 39: 325, 22, 0
0 62 42: 326, 22, 3
0 62 43: 325, 22, 0
0 62 45: 326, 22, 3
0 62 48: 324, 22, 0
0 62 49: 325, 22, 2
0 62 50: 325, 22, 2
0 62 52: 325, 22, 0
0 62 54: 1250, 22, 3
0 62 55: 1250, 22, 2
0 62 57: 1250, 22, 2
0 62 60: 324, 22, 3
0 62 61: 325, 22, 3
0 62 62: 324, 22, 3
0 62 63: 325, 22, 1
0 63 2: 325, 22, 2
0 63 3: 325, 22, 3
0 63 4: 325, 22, 3
0 63 5: 325, 22, 0
0 63 6: 325, 22, 0
0 63 7: 325, 22, 1
0 63 9: 325, 22, 1
0 63 10: 325, 22, 1
0 63 11: 325, 22, 0
0 63 12: 325, 22, 0
0 63 13: 325, 22, 3
0 63 14: 325, 22, 3
0 63 16: 325, 22, 2
0 63 19: 325, 22, 1
0 63 20: 325, 22, 2
0 63 22: 325, 22, 3
0 63 24: 325, 22, 1
0 63 26: 325, 22, 1
0 63 27: 325, 22, 2
0 63 30: 325, 22, 0
0 63 31: 325, 22, 1
0 63 32: 325, 22, 1
0 63 33: 325, 22, 2
0 63 34: 325, 22, 3
0 63 35: 325, 22, 3
0 63 36: 325, 22, 0
0 63 37: 325, 22, 3
0 63 39: 325, 22, 1
0 63 40: 325, 22, 2
0 63 41: 325, 22, 3
0 63 43: 326, 22, 0
0 63 44: 325, 22, 0
0 63 46: 325, 22, 1
0 63 47: 325, 22, 1
0 63 48: 325, 22, 2
0 63 53: 324, 22, 2
0 63 57: 325, 22, 2
0 63 58: 325, 22, 1
0 63 59: 325, 22, 1
0 63 60: 325, 22, 0
0 63 62: 325, 22, 2
