0 0 24: 1415, 3, 1
0 0 25: 1415, 0, 2
0 0 26: 1415, 0, 2
0 0 26: 1848, 5, 2
0 0 27: 1415, 0, 2
0 0 28: 1415, 0, 2
0 0 29: 1415, 0, 2
0 0 29: 1848, 5, 2
0 0 30: 1415, 0, 2
0 0 31: 1415, 0, 2
0 0 32: 1415, 0, 2
0 0 33: 1415, 0, 2
0 0 33: 1848, 5, 2
0 0 34: 1415, 0, 2
0 0 35: 1415, 0, 2
0 0 36: 1415, 0, 2
0 0 36: 1848, 5, 2
0 0 37: 1415, 0, 2
0 0 38: 1415, 3, 2
0 1 24: 729, 22, 3
0 1 24: 1415, 0, 1
0 1 25: 329, 22, 2
0 1 25: 914, 4, 0
0 1 26: 330, 22, 2
0 1 26: 1848, 4, 0
0 1 27: 914, 4, 0
0 1 28: 590, 10, 1
0 1 29: 1848, 4, 0
0 1 30: 914, 4, 0
0 1 31: 961, 4, 0
0 1 32: 330, 22, 1
0 1 32: 914, 4, 0
0 1 33: 330, 22, 0
0 1 33: 591, 10, 1
0 1 33: 1848, 4, 0
0 1 35: 914, 4, 0
0 1 36: 330, 22, 3
0 1 36: 1848, 4, 0
0 1 37: 329, 22, 1
0 1 37: 914, 4, 0
0 1 38: 729, 22, 1
0 1 38: 1415, 0, 3
0 1 46: 1123, 10, 3
0 2 23: 729, 22, 1
0 2 24: 729, 22, 0
0 2 24: 1415, 0, 1
0 2 25: 330, 22, 0
0 2 25: 914, 4, 3
0 2 25: 1102, 10, 3
0 2 26: 590, 10, 2
0 2 29: 1102, 10, 2
0 2 34: 1102, 10, 1
0 2 36: 591, 10, 2
0 2 37: 330, 22, 2
0 2 37: 914, 4, 1
0 2 38: 730, 22, 0
0 2 38: 1415, 0, 3
0 2 39: 729, 22, 3
0 3 12: 2759, 22, 0
0 3 23: 729, 22, 3
0 3 24: 730, 22, 3
0 3 24: 1415, 0, 1
0 3 24: 1848, 5, 1
0 3 25: 330, 22, 1
0 3 25: 1848, 4, 3
0 3 37: 330, 22, 2
0 3 37: 1102, 10, 0
0 3 37: 1848, 4, 1
0 3 38: 729, 22, 2
0 3 38: 1415, 0, 3
0 3 38: 1848, 5, 3
0 4 23: 729, 22, 2
0 4 24: 729, 22, 3
0 4 24: 1415, 0, 1
0 4 25: 330, 22, 3
0 4 25: 1415, 0, 2
0 4 26: 330, 22, 2
0 4 26: 911, 5, 2
0 4 26: 1415, 0, 2
0 4 27: 1415, 2, 1
0 4 28: 2213, 10, 1
0 4 29: 2215, 10, 1
0 4 30: 2213, 10, 1
0 4 31: 2213, 10, 1
0 4 32: 2213, 10, 1
0 4 33: 2213, 10, 1
0 4 34: 2215, 10, 1
0 4 35: 1415, 2, 2
0 4 36: 330, 22, 3
0 4 36: 911, 5, 2
0 4 36: 1415, 0, 2
0 4 37: 330, 22, 0
0 4 37: 1415, 0, 2
0 4 38: 729, 22, 1
0 4 38: 1415, 0, 3
0 5 23: 729, 22, 3
0 5 24: 729, 22, 2
0 5 24: 1415, 0, 1
0 5 25: 329, 22, 0
0 5 25: 914, 4, 3
0 5 26: 330, 22, 1
0 5 26: 961, 4, 0
0 5 27: 330, 22, 0
0 5 31: 2738, 22, 0
0 5 36: 330, 22, 2
0 5 36: 961, 4, 0
0 5 37: 329, 22, 3
0 5 37: 914, 4, 1
0 5 38: 730, 22, 3
0 5 38: 1415, 0, 3
0 5 39: 729, 22, 0
0 5 56: 1848, 4, 2
0 6 18: 1406, 10, 0
0 6 24: 1415, 0, 1
0 6 24: 1848, 5, 1
0 6 25: 330, 22, 2
0 6 25: 1088, 10, 2
0 6 25: 1848, 4, 3
0 6 26: 614, 10, 1
0 6 27: 1088, 10, 0
0 6 28: 917, 22, 3
0 6 29: 918, 22, 3
0 6 30: 918, 22, 3
0 6 31: 918, 22, 3
0 6 32: 918, 22, 3
0 6 33: 918, 22, 3
0 6 34: 917, 22, 0
0 6 35: 1088, 10, 2
0 6 36: 614, 10, 1
0 6 37: 330, 22, 3
0 6 37: 1088, 10, 0
0 6 37: 1848, 4, 1
0 6 38: 729, 22, 3
0 6 38: 1415, 0, 3
0 6 38: 1848, 5, 3
0 6 39: 729, 22, 1
0 6 42: 729, 22, 2
0 6 43: 729, 22, 3
0 6 45: 1848, 4, 2
0 6 47: 729, 22, 2
0 6 48: 729, 22, 3
0 6 52: 729, 22, 3
0 6 53: 329, 22, 2
0 6 53: 1158, 10, 1
0 6 53: 1415, 2, 3
0 6 54: 330, 22, 1
0 6 54: 914, 5, 0
0 6 54: 1415, 0, 0
0 6 55: 196, 5, 0
0 6 55: 1415, 0, 0
0 6 56: 1415, 0, 0
0 6 56: 1848, 5, 0
0 6 57: 330, 22, 0
0 6 57: 914, 5, 0
0 6 57: 1415, 0, 0
0 6 58: 329, 22, 1
0 6 58: 1158, 10, 1
0 6 58: 1415, 2, 0
0 7 24: 729, 22, 0
0 7 24: 1415, 0, 1
0 7 25: 330, 22, 1
0 7 25: 914, 4, 3
0 7 25: 1088, 10, 2
0 7 27: 1088, 10, 0
0 7 28: 917, 22, 2
0 7 29: 918, 22, 1
0 7 30: 918, 22, 1
0 7 31: 918, 22, 1
0 7 32: 918, 22, 1
0 7 33: 918, 22, 1
0 7 34: 917, 22, 1
0 7 35: 1088, 10, 2
0 7 36: 330, 22, 2
0 7 37: 329, 22, 2
0 7 37: 914, 4, 1
0 7 37: 1088, 10, 0
0 7 38: 474, 10, 3
0 7 38: 729, 22, 2
0 7 38: 1415, 0, 3
0 7 41: 729, 22, 1
0 7 42: 729, 22, 0
0 7 43: 329, 22, 3
0 7 43: 914, 5, 0
0 7 43: 1415, 2, 3
0 7 44: 330, 22, 3
0 7 44: 1415, 0, 0
0 7 44: 2728, 10, 0
0 7 45: 1415, 0, 0
0 7 45: 1848, 5, 0
0 7 46: 330, 22, 2
0 7 46: 1102, 10, 3
0 7 46: 1415, 0, 0
0 7 47: 329, 22, 0
0 7 47: 357, 10, 2
0 7 47: 914, 5, 0
0 7 47: 1415, 2, 0
0 7 48: 730, 22, 3
0 7 48: 1415, 0, 2
0 7 49: 729, 22, 0
0 7 49: 1415, 0, 2
0 7 50: 1415, 0, 2
0 7 51: 729, 22, 1
0 7 51: 1415, 0, 2
0 7 52: 730, 22, 0
0 7 52: 1415, 0, 2
0 7 52: 1848, 5, 2
0 7 53: 330, 22, 3
0 7 53: 914, 5, 3
0 7 53: 1415, 0, 3
0 7 54: 1028, 10, 2
0 7 57: 1027, 10, 0
0 7 58: 330, 22, 3
0 7 58: 914, 5, 1
0 7 58: 1415, 0, 1
0 8 24: 1415, 0, 1
0 8 25: 329, 22, 2
0 8 25: 1415, 0, 2
0 8 26: 330, 22, 3
0 8 26: 914, 5, 2
0 8 26: 1415, 0, 2
0 8 27: 1415, 0, 2
0 8 27: 1848, 5, 2
0 8 28: 330, 22, 1
0 8 28: 914, 5, 2
0 8 28: 1415, 0, 2
0 8 29: 330, 22, 3
0 8 29: 1415, 0, 2
0 8 29: 1848, 5, 2
0 8 30: 1524, 0, 3
0 8 31: 1525, 0, 1
0 8 32: 1415, 0, 2
0 8 32: 1848, 5, 2
0 8 33: 330, 22, 1
0 8 33: 911, 5, 2
0 8 33: 1415, 0, 2
0 8 34: 914, 5, 2
0 8 34: 1415, 0, 2
0 8 35: 330, 22, 1
0 8 35: 1415, 0, 2
0 8 35: 1848, 5, 2
0 8 36: 330, 22, 0
0 8 36: 914, 5, 2
0 8 36: 1415, 0, 2
0 8 37: 329, 22, 2
0 8 37: 1415, 0, 2
0 8 38: 1415, 0, 3
0 8 42: 730, 22, 2
0 8 42: 1848, 4, 1
0 8 43: 917, 22, 3
0 8 43: 1415, 0, 3
0 8 43: 1848, 5, 3
0 8 44: 917, 22, 0
0 8 46: 330, 22, 0
0 8 47: 330, 22, 1
0 8 47: 358, 10, 1
0 8 47: 1415, 0, 1
0 8 48: 196, 4, 3
0 8 48: 329, 22, 2
0 8 49: 2781, 10, 0
0 8 51: 330, 22, 2
0 8 52: 196, 4, 1
0 8 52: 329, 22, 3
0 8 53: 196, 5, 3
0 8 53: 330, 22, 2
0 8 53: 1415, 0, 3
0 8 54: 1029, 10, 2
0 8 58: 330, 22, 2
0 8 58: 1415, 0, 1
0 8 58: 1848, 5, 1
0 8 59: 1848, 4, 3
0 9 25: 729, 22, 0
0 9 26: 730, 22, 1
0 9 27: 729, 22, 1
0 9 27: 1848, 4, 0
0 9 29: 1848, 4, 0
0 9 32: 1848, 4, 0
0 9 34: 729, 22, 2
0 9 35: 730, 22, 3
0 9 35: 1848, 4, 0
0 9 36: 474, 10, 0
0 9 36: 730, 22, 2
0 9 37: 729, 22, 3
0 9 38: 471, 10, 1
0 9 42: 729, 22, 0
0 9 43: 911, 5, 3
0 9 43: 918, 22, 2
0 9 43: 1415, 0, 3
0 9 44: 918, 22, 0
0 9 45: 595, 10, 3
0 9 45: 2763, 22, 0
0 9 47: 330, 22, 3
0 9 47: 1415, 0, 1
0 9 48: 329, 22, 3
0 9 48: 2784, 4, 3
0 9 48: 2785, 10, 0
0 9 49: 330, 22, 2
0 9 50: 2742, 22, 0
0 9 52: 330, 22, 3
0 9 53: 1415, 0, 3
0 9 58: 1415, 0, 1
0 10 12: 473, 10, 2
0 10 14: 474, 10, 3
0 10 21: 1123, 10, 0
0 10 26: 729, 22, 0
0 10 35: 729, 22, 3
0 10 36: 729, 22, 0
0 10 42: 1848, 4, 1
0 10 43: 917, 22, 2
0 10 43: 1415, 0, 3
0 10 43: 1848, 5, 3
0 10 44: 917, 22, 1
0 10 47: 1415, 0, 1
0 10 47: 2723, 10, 0
0 10 48: 330, 22, 2
0 10 48: 914, 4, 3
0 10 52: 330, 22, 0
0 10 52: 914, 4, 1
0 10 53: 1415, 0, 3
0 10 54: 1031, 10, 3
0 10 55: 2766, 22, 0
0 10 58: 362, 10, 0
0 10 58: 1415, 0, 1
0 11 4: 2759, 22, 0
0 11 43: 329, 22, 2
0 11 43: 914, 5, 2
0 11 43: 1415, 2, 2
0 11 44: 916, 22, 3
0 11 45: 1415, 0, 2
0 11 46: 1415, 0, 2
0 11 46: 1848, 5, 2
0 11 47: 914, 5, 2
0 11 47: 1088, 11, 0
0 11 47: 1415, 2, 1
0 11 48: 911, 4, 3
0 11 52: 911, 4, 1
0 11 53: 196, 5, 3
0 11 53: 330, 22, 0
0 11 53: 1415, 0, 3
0 11 54: 1030, 10, 3
0 11 56: 595, 10, 2
0 11 58: 362, 10, 3
0 11 58: 1415, 0, 1
0 11 58: 1848, 5, 1
0 11 59: 1848, 4, 3
0 12 12: 471, 10, 2
0 12 14: 474, 10, 3
0 12 44: 1531, 0, 3
0 12 45: 729, 22, 2
0 12 46: 729, 22, 1
0 12 46: 1848, 4, 0
0 12 47: 730, 22, 2
0 12 47: 1415, 0, 1
0 12 48: 196, 4, 3
0 12 49: 917, 22, 3
0 12 50: 918, 22, 3
0 12 51: 917, 22, 0
0 12 51: 1088, 11, 2
0 12 52: 196, 4, 1
0 12 52: 610, 10, 0
0 12 53: 330, 22, 2
0 12 53: 914, 5, 3
0 12 53: 1415, 0, 3
0 12 58: 330, 22, 2
0 12 58: 914, 5, 1
0 12 58: 1415, 0, 1
0 13 34: 1406, 10, 2
0 13 47: 729, 22, 1
0 13 47: 1415, 0, 1
0 13 48: 914, 4, 3
0 13 49: 917, 22, 2
0 13 50: 918, 22, 1
0 13 51: 917, 22, 1
0 13 52: 330, 22, 1
0 13 52: 914, 4, 1
0 13 53: 196, 5, 2
0 13 53: 329, 22, 3
0 13 53: 1415, 2, 2
0 13 54: 330, 22, 1
0 13 54: 914, 5, 2
0 13 54: 1415, 0, 2
0 13 56: 1415, 0, 2
0 13 56: 1848, 5, 2
0 13 57: 330, 22, 0
0 13 57: 914, 5, 2
0 13 57: 1415, 0, 2
0 13 58: 329, 22, 0
0 13 58: 1088, 11, 0
0 13 58: 1415, 2, 1
0 14 10: 473, 10, 0
0 14 12: 474, 10, 0
0 14 40: 729, 22, 0
0 14 47: 729, 22, 3
0 14 47: 1415, 0, 1
0 14 48: 196, 4, 3
0 14 48: 330, 22, 2
0 14 52: 196, 4, 1
0 14 52: 330, 22, 2
0 14 53: 730, 22, 3
0 14 53: 1158, 10, 3
0 14 53: 1415, 0, 3
0 14 54: 729, 22, 2
0 14 55: 1531, 0, 3
0 14 56: 729, 22, 0
0 14 56: 1848, 4, 0
0 14 57: 729, 22, 3
0 14 57: 1158, 10, 3
0 14 61: 1123, 10, 0
0 15 21: 730, 22, 1
0 15 23: 729, 22, 0
0 15 24: 730, 22, 0
0 15 25: 729, 22, 3
0 15 26: 729, 22, 1
0 15 27: 730, 22, 3
0 15 32: 729, 22, 2
0 15 33: 730, 22, 1
0 15 34: 729, 22, 1
0 15 35: 730, 22, 2
0 15 39: 729, 22, 3
0 15 40: 730, 22, 3
0 15 41: 729, 22, 2
0 15 47: 1415, 0, 1
0 15 48: 329, 22, 2
0 15 48: 1848, 4, 2
0 15 49: 916, 22, 1
0 15 49: 1531, 0, 1
0 15 51: 330, 22, 0
0 15 51: 1848, 4, 2
0 15 52: 329, 22, 0
0 15 52: 914, 4, 2
0 15 53: 729, 22, 1
0 15 53: 1415, 0, 3
0 15 54: 729, 22, 0
0 16 21: 987, 3, 1
0 16 22: 987, 0, 2
0 16 23: 987, 0, 2
0 16 24: 987, 0, 2
0 16 25: 987, 0, 2
0 16 26: 987, 0, 2
0 16 27: 987, 0, 2
0 16 28: 987, 0, 2
0 16 29: 987, 0, 2
0 16 30: 987, 0, 2
0 16 31: 987, 0, 2
0 16 32: 987, 0, 2
0 16 33: 987, 0, 2
0 16 34: 987, 0, 2
0 16 35: 987, 0, 2
0 16 36: 987, 0, 2
0 16 37: 987, 0, 2
0 16 38: 987, 0, 2
0 16 39: 987, 0, 2
0 16 40: 987, 0, 2
0 16 41: 987, 0, 2
0 16 42: 987, 0, 2
0 16 43: 987, 3, 2
0 16 47: 1415, 3, 0
0 16 48: 1415, 0, 0
0 16 48: 1848, 5, 0
0 16 50: 1415, 0, 0
0 16 51: 1415, 0, 0
0 16 51: 1848, 5, 0
0 16 52: 729, 22, 1
0 16 52: 1415, 0, 0
0 16 53: 729, 22, 2
0 16 53: 1415, 3, 3
0 17 6: 473, 10, 2
0 17 20: 730, 22, 0
0 17 21: 987, 0, 1
0 17 22: 1415, 3, 1
0 17 23: 1415, 0, 2
0 17 24: 729, 22, 3
0 17 24: 1415, 0, 2
0 17 24: 1848, 5, 2
0 17 25: 729, 22, 3
0 17 25: 1415, 0, 2
0 17 26: 1415, 0, 2
0 17 27: 1415, 0, 2
0 17 28: 729, 22, 1
0 17 28: 1415, 0, 2
0 17 29: 729, 22, 0
0 17 29: 1415, 0, 2
0 17 29: 1848, 5, 2
0 17 30: 1415, 0, 2
0 17 31: 1415, 0, 2
0 17 32: 1415, 0, 2
0 17 33: 1415, 0, 2
0 17 33: 1848, 5, 2
0 17 34: 1415, 0, 2
0 17 35: 1415, 0, 2
0 17 36: 1415, 0, 2
0 17 36: 1848, 5, 2
0 17 37: 1415, 0, 2
0 17 38: 1415, 0, 2
0 17 39: 1415, 0, 2
0 17 40: 1415, 0, 2
0 17 40: 1848, 5, 2
0 17 41: 1415, 0, 2
0 17 42: 1415, 3, 2
0 17 43: 987, 0, 3
0 18 21: 987, 0, 1
0 18 22: 1415, 0, 1
0 18 23: 329, 22, 2
0 18 23: 1158, 10, 3
0 18 24: 329, 22, 2
0 18 24: 1848, 4, 0
0 18 25: 330, 22, 0
0 18 25: 914, 4, 0
0 18 27: 330, 22, 3
0 18 28: 330, 22, 3
0 18 28: 914, 4, 0
0 18 29: 329, 22, 3
0 18 29: 1848, 4, 0
0 18 30: 329, 22, 1
0 18 30: 1158, 10, 2
0 18 31: 330, 22, 0
0 18 31: 1158, 10, 3
0 18 31: 1415, 0, 3
0 18 32: 329, 22, 1
0 18 32: 375, 10, 1
0 18 32: 914, 4, 0
0 18 33: 330, 22, 2
0 18 33: 375, 10, 1
0 18 33: 1848, 4, 0
0 18 34: 417, 10, 3
0 18 35: 604, 10, 2
0 18 35: 914, 4, 0
0 18 36: 1848, 4, 0
0 18 37: 196, 4, 0
0 18 37: 350, 10, 0
0 18 38: 417, 10, 3
0 18 39: 330, 22, 0
0 18 39: 914, 4, 0
0 18 40: 329, 22, 3
0 18 40: 1848, 4, 0
0 18 41: 329, 22, 0
0 18 41: 417, 10, 3
0 18 41: 914, 4, 0
0 18 42: 579, 10, 2
0 18 42: 1415, 0, 3
0 18 43: 987, 0, 3
0 18 44: 729, 22, 3
0 19 0: 471, 10, 3
0 19 8: 473, 10, 0
0 19 20: 729, 22, 2
0 19 21: 987, 0, 1
0 19 22: 729, 22, 0
0 19 22: 1415, 0, 1
0 19 23: 330, 22, 0
0 19 23: 914, 4, 3
0 19 24: 330, 22, 1
0 19 29: 330, 22, 2
0 19 30: 329, 22, 0
0 19 30: 914, 4, 1
0 19 31: 330, 22, 1
0 19 31: 914, 5, 3
0 19 31: 1415, 0, 3
0 19 32: 330, 22, 3
0 19 40: 330, 22, 2
0 19 41: 196, 4, 1
0 19 41: 330, 22, 1
0 19 42: 911, 5, 3
0 19 42: 1415, 0, 3
0 19 43: 987, 0, 3
0 19 44: 730, 22, 3
0 19 45: 729, 22, 2
0 19 45: 1405, 10, 3
0 19 47: 1326, 10, 0
0 19 52: 729, 22, 1
0 20 20: 730, 22, 3
0 20 21: 987, 0, 1
0 20 22: 730, 22, 0
0 20 22: 1415, 0, 1
0 20 22: 1848, 5, 1
0 20 23: 330, 22, 2
0 20 23: 1848, 4, 3
0 20 26: 613, 10, 1
0 20 29: 1747, 10, 0
0 20 30: 196, 4, 1
0 20 30: 330, 22, 1
0 20 31: 330, 22, 2
0 20 31: 911, 5, 3
0 20 31: 1415, 0, 3
0 20 34: 917, 22, 3
0 20 35: 918, 22, 3
0 20 36: 918, 22, 3
0 20 37: 918, 22, 3
0 20 38: 917, 22, 0
0 20 40: 1088, 11, 3
0 20 41: 1848, 4, 1
0 20 42: 729, 22, 1
0 20 42: 1415, 0, 3
0 20 42: 1848, 5, 3
0 20 43: 987, 0, 3
0 20 44: 729, 22, 1
0 20 47: 1405, 10, 0
0 20 51: 729, 22, 2
0 20 51: 1415, 1, 1
0 20 52: 730, 22, 3
0 20 52: 1415, 0, 2
0 20 53: 729, 22, 0
0 20 53: 1415, 0, 2
0 20 53: 1848, 5, 2
0 20 54: 1415, 0, 2
0 20 55: 1415, 0, 2
0 20 56: 1415, 1, 2
0 21 0: 471, 10, 0
0 21 2: 473, 10, 3
0 21 6: 471, 10, 2
0 21 20: 729, 22, 0
0 21 21: 987, 0, 1
0 21 22: 729, 22, 3
0 21 22: 1415, 0, 1
0 21 23: 581, 10, 2
0 21 30: 330, 22, 0
0 21 31: 330, 22, 2
0 21 31: 914, 5, 3
0 21 31: 1415, 0, 3
0 21 32: 330, 22, 3
0 21 34: 917, 22, 2
0 21 35: 918, 22, 1
0 21 36: 918, 22, 1
0 21 37: 918, 22, 1
0 21 38: 917, 22, 1
0 21 39: 614, 10, 0
0 21 40: 330, 22, 1
0 21 41: 196, 4, 1
0 21 41: 330, 22, 3
0 21 41: 1088, 10, 0
0 21 42: 911, 5, 3
0 21 42: 1415, 0, 3
0 21 43: 987, 0, 3
0 21 50: 729, 22, 3
0 21 50: 1415, 1, 1
0 21 51: 1415, 9, 1
0 21 52: 329, 22, 1
0 21 52: 914, 4, 0
0 21 53: 330, 22, 0
0 21 53: 1017, 10, 0
0 21 53: 1848, 4, 0
0 21 54: 330, 22, 1
0 21 55: 329, 22, 0
0 21 55: 914, 4, 0
0 21 55: 1093, 11, 3
0 21 56: 1415, 9, 2
0 21 57: 1415, 1, 2
0 22 12: 1123, 10, 3
0 22 20: 729, 22, 2
0 22 21: 987, 0, 1
0 22 22: 729, 22, 2
0 22 22: 1415, 0, 1
0 22 23: 914, 4, 3
0 22 30: 914, 4, 1
0 22 31: 329, 22, 2
0 22 31: 1158, 10, 0
0 22 31: 1415, 0, 3
0 22 32: 330, 22, 1
0 22 32: 914, 4, 2
0 22 33: 330, 22, 0
0 22 33: 1848, 4, 2
0 22 34: 914, 4, 2
0 22 37: 914, 4, 2
0 22 38: 1848, 4, 2
0 22 39: 330, 22, 0
0 22 39: 914, 4, 2
0 22 39: 1088, 10, 1
0 22 40: 330, 22, 2
0 22 40: 1848, 4, 2
0 22 41: 329, 22, 3
0 22 41: 914, 4, 2
0 22 42: 579, 10, 2
0 22 42: 1415, 0, 3
0 22 43: 987, 0, 3
0 22 44: 729, 22, 3
0 22 50: 729, 22, 0
0 22 50: 1415, 0, 1
0 22 51: 330, 22, 2
0 22 51: 914, 4, 3
0 22 51: 1153, 10, 2
0 22 52: 330, 22, 3
0 22 53: 595, 10, 3
0 22 55: 330, 22, 2
0 22 56: 330, 22, 1
0 22 56: 914, 4, 1
0 22 56: 1747, 10, 2
0 22 57: 729, 22, 3
0 22 57: 1415, 0, 3
0 23 0: 471, 10, 1
0 23 6: 474, 10, 2
0 23 21: 987, 0, 1
0 23 22: 1415, 0, 1
0 23 22: 1848, 5, 1
0 23 23: 1848, 4, 3
0 23 26: 613, 10, 1
0 23 31: 1415, 2, 3
0 23 32: 1415, 0, 0
0 23 33: 1415, 0, 0
0 23 33: 1848, 5, 0
0 23 34: 1415, 0, 0
0 23 35: 1508, 0, 0
0 23 36: 1506, 0, 0
0 23 37: 1415, 0, 0
0 23 38: 1415, 0, 0
0 23 38: 1848, 5, 0
0 23 39: 1415, 0, 0
0 23 40: 1415, 0, 0
0 23 40: 1848, 5, 0
0 23 41: 1415, 0, 0
0 23 42: 729, 22, 0
0 23 42: 1415, 3, 3
0 23 43: 987, 0, 3
0 23 44: 730, 22, 0
0 23 45: 729, 22, 1
0 23 50: 1529, 0, 1
0 23 51: 916, 22, 0
0 23 52: 917, 22, 3
0 23 53: 918, 22, 3
0 23 54: 918, 22, 3
0 23 55: 917, 22, 0
0 23 56: 1848, 4, 1
0 23 57: 730, 22, 2
0 23 57: 1415, 0, 3
0 23 57: 1848, 5, 3
0 23 58: 729, 22, 0
0 24 20: 729, 22, 3
0 24 21: 987, 0, 1
0 24 22: 1415, 0, 1
0 24 23: 581, 10, 2
0 24 30: 581, 10, 0
0 24 31: 1415, 0, 3
0 24 43: 987, 0, 3
0 24 50: 1415, 0, 1
0 24 50: 1848, 5, 1
0 24 51: 1848, 4, 3
0 24 52: 917, 22, 2
0 24 53: 918, 22, 1
0 24 54: 918, 22, 1
0 24 55: 917, 22, 1
0 24 56: 330, 22, 2
0 24 56: 357, 10, 3
0 24 56: 911, 4, 1
0 24 57: 729, 22, 1
0 24 57: 1415, 0, 3
0 25 1: 471, 10, 0
0 25 20: 730, 22, 1
0 25 21: 987, 0, 1
0 25 22: 729, 22, 2
0 25 22: 1415, 0, 1
0 25 23: 914, 4, 3
0 25 30: 914, 4, 1
0 25 31: 1415, 0, 3
0 25 33: 1859, 10, 2
0 25 35: 1859, 10, 2
0 25 37: 1859, 10, 2
0 25 39: 1859, 10, 2
0 25 41: 1859, 10, 2
0 25 43: 987, 0, 3
0 25 50: 1415, 0, 1
0 25 51: 330, 22, 1
0 25 51: 914, 4, 3
0 25 53: 2749, 22, 0
0 25 55: 330, 22, 1
0 25 55: 358, 10, 3
0 25 56: 329, 22, 3
0 25 56: 914, 4, 1
0 25 56: 1158, 10, 2
0 25 57: 729, 22, 2
0 25 57: 1415, 0, 3
0 26 10: 1406, 10, 3
0 26 17: 1406, 10, 2
0 26 20: 729, 22, 2
0 26 21: 987, 0, 1
0 26 22: 1415, 0, 1
0 26 22: 1848, 5, 1
0 26 23: 1848, 4, 3
0 26 25: 583, 10, 2
0 26 28: 583, 10, 2
0 26 30: 1848, 4, 1
0 26 31: 1415, 0, 3
0 26 31: 1848, 5, 3
0 26 34: 729, 22, 3
0 26 39: 729, 22, 0
0 26 43: 987, 0, 3
0 26 50: 729, 22, 3
0 26 50: 1415, 1, 0
0 26 51: 1415, 9, 0
0 26 52: 330, 22, 0
0 26 52: 914, 4, 2
0 26 53: 916, 22, 3
0 26 54: 1848, 4, 2
0 26 55: 330, 22, 3
0 26 55: 914, 4, 2
0 26 55: 1158, 11, 3
0 26 56: 1415, 9, 3
0 26 57: 1415, 1, 3
0 27 0: 471, 10, 3
0 27 2: 1123, 10, 3
0 27 8: 1406, 10, 2
0 27 21: 987, 0, 1
0 27 22: 1415, 0, 1
0 27 23: 581, 10, 2
0 27 26: 920, 22, 3
0 27 27: 920, 22, 0
0 27 30: 580, 10, 0
0 27 31: 1415, 0, 3
0 27 33: 1859, 10, 2
0 27 34: 729, 22, 2
0 27 35: 579, 10, 3
0 27 35: 730, 22, 1
0 27 37: 729, 22, 0
0 27 38: 579, 10, 3
0 27 38: 730, 22, 0
0 27 43: 987, 0, 3
0 27 51: 729, 22, 2
0 27 51: 1415, 1, 0
0 27 52: 730, 22, 3
0 27 52: 1415, 0, 0
0 27 53: 729, 22, 0
0 27 53: 1529, 0, 0
0 27 54: 1415, 0, 0
0 27 54: 1848, 5, 0
0 27 55: 1415, 0, 0
0 27 56: 1415, 1, 3
0 27 59: 1405, 10, 3
0 27 60: 1405, 10, 2
0 28 20: 730, 22, 0
0 28 21: 987, 0, 1
0 28 22: 1415, 0, 1
0 28 23: 614, 10, 3
0 28 25: 1860, 10, 1
0 28 26: 921, 22, 2
0 28 27: 921, 22, 0
0 28 28: 1860, 10, 1
0 28 31: 1506, 0, 3
0 28 36: 879, 10, 2
0 28 39: 729, 22, 1
0 28 43: 989, 0, 3
0 28 46: 729, 22, 2
0 28 47: 729, 22, 3
0 28 61: 1405, 10, 1
0 29 0: 472, 10, 1
0 29 2: 474, 10, 3
0 29 18: 1406, 10, 1
0 29 20: 730, 22, 3
0 29 21: 987, 0, 1
0 29 22: 1415, 0, 1
0 29 26: 921, 22, 2
0 29 27: 921, 22, 0
0 29 31: 1508, 0, 3
0 29 35: 729, 22, 1
0 29 37: 2771, 22, 0
0 29 38: 730, 22, 3
0 29 46: 730, 22, 0
0 29 47: 878, 10, 2
0 29 47: 2771, 22, 0
0 29 60: 1326, 10, 3
0 30 10: 1406, 10, 2
0 30 20: 729, 22, 2
0 30 21: 987, 0, 1
0 30 22: 1415, 0, 1
0 30 23: 581, 10, 2
0 30 26: 921, 22, 2
0 30 27: 921, 22, 0
0 30 30: 581, 10, 0
0 30 31: 1415, 0, 3
0 30 33: 1859, 10, 2
0 30 34: 729, 22, 0
0 30 35: 579, 10, 1
0 30 35: 730, 22, 2
0 30 37: 729, 22, 1
0 30 38: 579, 10, 1
0 30 38: 730, 22, 3
0 30 43: 988, 0, 3
0 31 21: 987, 0, 1
0 31 22: 1415, 0, 1
0 31 22: 1848, 5, 1
0 31 23: 1848, 4, 3
0 31 25: 1860, 10, 1
0 31 26: 921, 22, 2
0 31 27: 921, 22, 0
0 31 28: 1860, 10, 1
0 31 30: 1848, 4, 1
0 31 31: 1415, 0, 3
0 31 31: 1848, 5, 3
0 31 34: 730, 22, 1
0 31 35: 729, 22, 3
0 31 39: 729, 22, 2
0 31 43: 987, 0, 3
0 31 55: 383, 10, 2
0 32 0: 471, 10, 1
0 32 21: 987, 0, 1
0 32 22: 1415, 0, 1
0 32 23: 914, 4, 3
0 32 26: 920, 22, 2
0 32 27: 920, 22, 1
0 32 30: 330, 22, 1
0 32 30: 914, 4, 1
0 32 31: 1415, 0, 3
0 32 33: 1859, 10, 2
0 32 35: 1859, 10, 2
0 32 37: 1859, 10, 2
0 32 39: 1859, 10, 2
0 32 41: 1859, 10, 2
0 32 43: 987, 0, 3
0 32 55: 382, 10, 1
0 33 20: 729, 22, 1
0 33 21: 987, 0, 1
0 33 22: 729, 22, 3
0 33 22: 1415, 0, 1
0 33 23: 581, 10, 2
0 33 30: 330, 22, 3
0 33 30: 581, 10, 0
0 33 31: 1415, 0, 3
0 33 43: 987, 0, 3
0 33 54: 914, 6, 3
0 33 54: 1415, 9, 3
0 33 55: 1415, 9, 0
0 33 55: 1848, 8, 0
0 33 56: 382, 10, 1
0 33 56: 729, 22, 0
0 33 57: 729, 22, 3
0 34 1: 472, 10, 0
0 34 11: 1123, 10, 0
0 34 20: 730, 22, 2
0 34 21: 987, 0, 1
0 34 22: 1415, 0, 1
0 34 22: 1848, 5, 1
0 34 23: 1110, 10, 2
0 34 23: 1848, 4, 3
0 34 25: 584, 10, 1
0 34 28: 584, 10, 1
0 34 30: 330, 22, 1
0 34 30: 1110, 10, 0
0 34 31: 1415, 2, 2
0 34 32: 1415, 0, 2
0 34 33: 1415, 0, 2
0 34 33: 1848, 5, 2
0 34 34: 1415, 0, 2
0 34 35: 1506, 0, 2
0 34 36: 1508, 0, 2
0 34 37: 1415, 0, 2
0 34 38: 1415, 0, 2
0 34 38: 1848, 5, 2
0 34 39: 1415, 0, 2
0 34 40: 1415, 0, 2
0 34 40: 1848, 5, 2
0 34 41: 1415, 0, 2
0 34 42: 1415, 3, 2
0 34 43: 987, 0, 3
0 34 44: 729, 22, 2
0 34 46: 1403, 10, 2
0 34 53: 1415, 9, 3
0 34 53: 1848, 8, 3
0 34 54: 330, 22, 1
0 34 54: 1415, 1, 3
0 34 55: 330, 22, 3
0 34 55: 1158, 10, 1
0 34 55: 1415, 1, 0
0 34 56: 914, 6, 0
0 34 56: 1415, 9, 0
0 34 57: 730, 22, 2
0 34 58: 729, 22, 3
0 35 20: 729, 22, 1
0 35 21: 987, 0, 1
0 35 22: 1415, 0, 1
0 35 23: 914, 4, 3
0 35 23: 1110, 10, 2
0 35 25: 920, 22, 3
0 35 26: 921, 22, 3
0 35 27: 921, 22, 3
0 35 28: 920, 22, 0
0 35 30: 914, 4, 1
0 35 31: 329, 22, 2
0 35 31: 1158, 10, 1
0 35 31: 1415, 0, 3
0 35 32: 329, 22, 1
0 35 32: 914, 4, 0
0 35 33: 330, 22, 1
0 35 33: 1848, 4, 0
0 35 34: 914, 4, 0
0 35 37: 914, 4, 0
0 35 38: 1848, 4, 0
0 35 39: 330, 22, 3
0 35 39: 914, 4, 0
0 35 40: 330, 22, 1
0 35 40: 1848, 4, 0
0 35 41: 329, 22, 0
0 35 41: 914, 4, 1
0 35 42: 579, 10, 2
0 35 42: 729, 22, 2
0 35 42: 1415, 0, 3
0 35 43: 987, 0, 3
0 35 44: 730, 22, 2
0 35 52: 196, 6, 3
0 35 52: 1415, 9, 3
0 35 53: 330, 22, 3
0 35 53: 1415, 1, 3
0 35 55: 330, 22, 2
0 35 56: 330, 22, 1
0 35 56: 580, 11, 3
0 35 56: 1415, 1, 0
0 35 57: 914, 6, 0
0 35 57: 1415, 9, 0
0 35 58: 729, 22, 1
0 36 14: 1123, 10, 2
0 36 21: 987, 0, 1
0 36 22: 1415, 0, 1
0 36 23: 581, 10, 2
0 36 25: 920, 22, 2
0 36 26: 613, 10, 1
0 36 26: 921, 22, 1
0 36 27: 921, 22, 1
0 36 28: 920, 22, 1
0 36 30: 581, 10, 0
0 36 31: 330, 22, 0
0 36 31: 914, 5, 3
0 36 31: 1415, 0, 3
0 36 32: 330, 22, 2
0 36 34: 917, 22, 3
0 36 35: 918, 22, 3
0 36 36: 918, 22, 3
0 36 37: 918, 22, 3
0 36 38: 917, 22, 0
0 36 41: 330, 22, 1
0 36 41: 350, 10, 1
0 36 42: 911, 5, 3
0 36 42: 1415, 0, 3
0 36 43: 987, 0, 3
0 36 44: 729, 22, 1
0 36 51: 1529, 9, 3
0 36 52: 1415, 1, 3
0 36 55: 1102, 10, 3
0 36 56: 330, 22, 1
0 36 57: 329, 22, 0
0 36 57: 1158, 10, 2
0 36 57: 1415, 1, 0
0 36 58: 1415, 9, 0
0 36 58: 1848, 8, 0
0 37 20: 730, 22, 1
0 37 21: 987, 0, 1
0 37 22: 729, 22, 0
0 37 22: 1415, 0, 1
0 37 22: 1848, 5, 1
0 37 23: 1848, 4, 3
0 37 30: 330, 22, 3
0 37 30: 911, 4, 1
0 37 31: 375, 10, 0
0 37 31: 911, 5, 3
0 37 31: 1415, 0, 3
0 37 34: 917, 22, 2
0 37 35: 918, 22, 1
0 37 36: 918, 22, 1
0 37 37: 918, 22, 1
0 37 38: 917, 22, 1
0 37 41: 330, 22, 1
0 37 41: 1848, 4, 1
0 37 42: 1415, 0, 3
0 37 42: 1848, 5, 3
0 37 43: 987, 0, 3
0 37 50: 1415, 9, 3
0 37 50: 1848, 8, 3
0 37 51: 1415, 1, 3
0 37 55: 330, 22, 1
0 37 55: 598, 10, 1
0 37 56: 330, 22, 2
0 37 56: 1102, 10, 0
0 37 57: 329, 22, 3
0 37 57: 1158, 11, 0
0 37 57: 1415, 1, 1
0 37 58: 914, 6, 1
0 37 58: 1415, 9, 1
0 38 11: 1123, 10, 1
0 38 20: 729, 22, 3
0 38 21: 987, 0, 1
0 38 22: 1415, 0, 1
0 38 23: 330, 22, 1
0 38 23: 914, 4, 3
0 38 27: 2739, 22, 0
0 38 30: 330, 22, 0
0 38 30: 914, 4, 1
0 38 31: 329, 22, 3
0 38 31: 914, 5, 3
0 38 31: 1415, 0, 3
0 38 32: 330, 22, 0
0 38 32: 1088, 10, 2
0 38 33: 614, 10, 0
0 38 38: 417, 10, 1
0 38 40: 330, 22, 3
0 38 41: 330, 22, 0
0 38 41: 417, 10, 1
0 38 42: 911, 5, 3
0 38 42: 1415, 0, 3
0 38 43: 987, 0, 3
0 38 44: 730, 22, 1
0 38 45: 729, 22, 1
0 38 49: 914, 6, 3
0 38 49: 1415, 9, 3
0 38 50: 330, 22, 2
0 38 50: 1158, 10, 1
0 38 50: 1415, 1, 3
0 38 51: 330, 22, 0
0 38 56: 330, 22, 1
0 38 56: 1415, 1, 1
0 38 57: 1415, 9, 1
0 38 57: 1848, 8, 1
0 39 20: 730, 22, 0
0 39 21: 987, 0, 1
0 39 22: 1415, 0, 1
0 39 23: 329, 22, 1
0 39 23: 1158, 10, 1
0 39 24: 330, 22, 0
0 39 24: 914, 4, 2
0 39 25: 583, 10, 2
0 39 25: 1848, 4, 2
0 39 26: 1108, 10, 1
0 39 28: 583, 10, 2
0 39 28: 1848, 4, 2
0 39 29: 330, 22, 1
0 39 29: 914, 4, 2
0 39 30: 329, 22, 0
0 39 30: 1158, 10, 1
0 39 31: 329, 22, 1
0 39 31: 1158, 10, 0
0 39 31: 1415, 0, 3
0 39 32: 330, 22, 2
0 39 32: 914, 4, 2
0 39 33: 330, 22, 1
0 39 33: 1088, 11, 1
0 39 33: 1848, 4, 2
0 39 34: 914, 4, 2
0 39 35: 850, 4, 2
0 39 36: 350, 10, 2
0 39 37: 914, 4, 2
0 39 38: 1848, 4, 2
0 39 39: 330, 22, 2
0 39 39: 604, 10, 1
0 39 40: 330, 22, 3
0 39 40: 914, 4, 2
0 39 42: 579, 10, 2
0 39 42: 1415, 0, 3
0 39 43: 987, 0, 3
0 39 44: 729, 22, 0
0 39 49: 1415, 9, 2
0 39 49: 1848, 8, 2
0 39 50: 329, 22, 1
0 39 50: 582, 11, 1
0 39 50: 1415, 1, 2
0 39 51: 330, 22, 1
0 39 52: 330, 22, 2
0 39 53: 383, 10, 2
0 39 55: 383, 10, 1
0 39 55: 1415, 1, 1
0 39 56: 196, 6, 1
0 39 56: 1415, 9, 1
0 39 57: 729, 22, 1
0 40 20: 729, 22, 2
0 40 21: 987, 0, 1
0 40 22: 1415, 3, 0
0 40 23: 1415, 0, 0
0 40 24: 1415, 0, 0
0 40 25: 1415, 0, 0
0 40 25: 1848, 5, 0
0 40 26: 1415, 0, 0
0 40 27: 1415, 0, 0
0 40 28: 1415, 0, 0
0 40 28: 1848, 5, 0
0 40 29: 1415, 0, 0
0 40 30: 1415, 0, 0
0 40 31: 1415, 0, 0
0 40 32: 1415, 0, 0
0 40 33: 1415, 0, 0
0 40 33: 1848, 5, 0
0 40 34: 1415, 0, 0
0 40 35: 1415, 0, 0
0 40 36: 1415, 0, 0
0 40 37: 1415, 0, 0
0 40 38: 1415, 0, 0
0 40 38: 1848, 5, 0
0 40 39: 1415, 0, 0
0 40 40: 1415, 0, 0
0 40 41: 1415, 0, 0
0 40 42: 1415, 3, 3
0 40 43: 987, 0, 3
0 40 50: 914, 6, 2
0 40 50: 1415, 9, 2
0 40 51: 330, 22, 1
0 40 51: 580, 11, 1
0 40 51: 1415, 1, 2
0 40 52: 330, 22, 0
0 40 53: 385, 10, 0
0 40 54: 385, 10, 3
0 40 54: 1415, 1, 1
0 40 55: 911, 6, 1
0 40 55: 1415, 9, 1
0 40 60: 1673, 0, 2
0 40 60: 1680, 10, 1
0 40 61: 1678, 0, 2
0 41 21: 987, 3, 0
0 41 22: 987, 0, 0
0 41 23: 987, 0, 0
0 41 24: 987, 0, 0
0 41 25: 987, 0, 0
0 41 26: 987, 0, 0
0 41 27: 987, 0, 0
0 41 28: 987, 0, 0
0 41 29: 987, 0, 0
0 41 30: 987, 0, 0
0 41 31: 987, 0, 0
0 41 32: 987, 0, 0
0 41 33: 987, 0, 0
0 41 34: 987, 0, 0
0 41 35: 987, 0, 0
0 41 36: 987, 0, 0
0 41 37: 987, 0, 0
0 41 38: 987, 0, 0
0 41 39: 987, 0, 0
0 41 40: 987, 0, 0
0 41 41: 987, 0, 0
0 41 42: 987, 0, 0
0 41 43: 987, 3, 3
0 41 51: 914, 6, 2
0 41 51: 1415, 9, 2
0 41 52: 330, 22, 3
0 41 52: 582, 11, 1
0 41 52: 1415, 1, 2
0 41 53: 330, 22, 1
0 41 53: 1158, 11, 0
0 41 53: 1415, 1, 1
0 41 54: 1415, 9, 1
0 41 54: 1848, 8, 1
0 41 59: 1673, 9, 1
0 41 60: 730, 22, 1
0 41 61: 729, 22, 1
0 41 62: 1673, 9, 2
0 42 1: 472, 10, 2
0 42 21: 729, 22, 2
0 42 22: 730, 22, 1
0 42 23: 729, 22, 0
0 42 25: 729, 22, 1
0 42 26: 730, 22, 0
0 42 27: 729, 22, 3
0 42 29: 730, 22, 3
0 42 30: 730, 22, 2
0 42 34: 729, 22, 0
0 42 36: 729, 22, 1
0 42 37: 730, 22, 1
0 42 38: 729, 22, 0
0 42 40: 729, 22, 1
0 42 52: 1415, 9, 2
0 42 52: 1848, 8, 2
0 42 53: 914, 6, 1
0 42 53: 1415, 9, 1
0 42 54: 729, 22, 0
0 42 58: 1673, 0, 1
0 42 58: 1680, 10, 0
0 42 59: 729, 22, 3
0 42 60: 729, 22, 2
0 42 63: 1673, 0, 3
0 42 63: 1680, 10, 2
0 43 22: 729, 22, 3
0 43 26: 729, 22, 2
0 43 29: 729, 22, 2
0 43 53: 729, 22, 3
0 43 58: 1673, 0, 1
0 43 58: 1680, 10, 0
0 43 61: 729, 22, 1
0 43 62: 729, 22, 1
0 43 63: 1673, 0, 3
0 43 63: 1680, 10, 2
0 44 0: 471, 10, 2
0 44 32: 1405, 10, 0
0 44 59: 1673, 9, 0
0 44 60: 729, 22, 2
0 44 61: 730, 22, 0
0 44 62: 1673, 9, 3
0 45 6: 474, 10, 2
0 45 34: 1326, 10, 3
0 45 36: 1405, 10, 2
0 45 60: 1673, 0, 0
0 45 60: 1680, 10, 3
0 45 61: 1673, 0, 0
0 45 61: 1680, 10, 3
0 46 0: 471, 10, 1
0 46 12: 1404, 10, 1
0 46 22: 1123, 10, 3
0 46 35: 1405, 10, 1
0 46 43: 729, 22, 2
0 46 49: 729, 22, 3
0 47 6: 471, 10, 3
0 47 41: 729, 22, 0
0 47 41: 1415, 3, 1
0 47 42: 729, 22, 1
0 47 42: 1415, 0, 2
0 47 43: 730, 22, 3
0 47 43: 1415, 0, 2
0 47 43: 1848, 5, 2
0 47 44: 729, 22, 3
0 47 44: 1415, 0, 2
0 47 45: 1415, 0, 2
0 47 45: 1848, 5, 2
0 47 46: 1158, 10, 1
0 47 46: 1415, 0, 2
0 47 47: 1531, 0, 1
0 47 48: 729, 22, 0
0 47 48: 1158, 10, 0
0 47 48: 1415, 0, 2
0 47 49: 730, 22, 0
0 47 49: 1415, 0, 2
0 47 49: 1848, 5, 2
0 47 50: 729, 22, 2
0 47 50: 1415, 0, 2
0 47 51: 1415, 3, 2
0 47 57: 1406, 10, 3
0 48 23: 1415, 3, 1
0 48 24: 1415, 0, 2
0 48 25: 1415, 0, 2
0 48 25: 1848, 5, 2
0 48 26: 1415, 0, 2
0 48 27: 1415, 0, 2
0 48 28: 729, 22, 3
0 48 28: 1415, 0, 2
0 48 28: 1848, 5, 2
0 48 29: 729, 22, 0
0 48 29: 1415, 0, 2
0 48 30: 729, 22, 0
0 48 30: 1415, 3, 2
0 48 40: 729, 22, 3
0 48 41: 729, 22, 1
0 48 41: 1415, 0, 1
0 48 42: 329, 22, 2
0 48 42: 1158, 10, 2
0 48 43: 330, 22, 1
0 48 43: 1848, 4, 0
0 48 44: 330, 22, 2
0 48 44: 914, 4, 0
0 48 45: 330, 22, 1
0 48 45: 1848, 4, 0
0 48 47: 916, 22, 1
0 48 49: 330, 22, 1
0 48 49: 1738, 10, 0
0 48 49: 1848, 4, 0
0 48 50: 329, 22, 2
0 48 51: 1415, 0, 3
0 49 6: 1403, 10, 3
0 49 23: 729, 22, 1
0 49 23: 1415, 0, 1
0 49 24: 914, 4, 3
0 49 24: 1158, 10, 0
0 49 25: 1848, 4, 0
0 49 26: 1106, 10, 3
0 49 27: 911, 4, 0
0 49 28: 1848, 4, 0
0 49 29: 914, 4, 1
0 49 29: 1158, 10, 1
0 49 30: 729, 22, 2
0 49 30: 1415, 0, 3
0 49 31: 729, 22, 1
0 49 36: 1415, 3, 1
0 49 37: 1415, 0, 2
0 49 38: 1415, 0, 2
0 49 39: 1529, 0, 2
0 49 40: 729, 22, 0
0 49 40: 1415, 0, 2
0 49 40: 1848, 5, 2
0 49 41: 730, 22, 2
0 49 41: 1415, 2, 1
0 49 42: 330, 22, 2
0 49 42: 385, 10, 0
0 49 42: 914, 4, 3
0 49 44: 330, 22, 0
0 49 45: 917, 22, 3
0 49 46: 918, 22, 3
0 49 47: 918, 22, 3
0 49 48: 917, 22, 0
0 49 50: 330, 22, 2
0 49 50: 1848, 4, 1
0 49 51: 1415, 0, 3
0 49 51: 1848, 5, 3
0 49 58: 1406, 10, 2
0 50 0: 471, 10, 3
0 50 9: 474, 10, 2
0 50 23: 729, 22, 2
0 50 23: 1415, 0, 1
0 50 23: 1848, 5, 1
0 50 24: 583, 10, 2
0 50 24: 1848, 4, 3
0 50 27: 920, 22, 3
0 50 28: 920, 22, 0
0 50 29: 1848, 4, 1
0 50 30: 579, 10, 2
0 50 30: 1415, 0, 3
0 50 30: 1848, 5, 3
0 50 36: 729, 22, 3
0 50 36: 1415, 0, 1
0 50 37: 329, 22, 3
0 50 38: 330, 22, 1
0 50 38: 365, 10, 1
0 50 38: 914, 4, 0
0 50 40: 330, 22, 3
0 50 40: 1848, 4, 0
0 50 41: 329, 22, 1
0 50 41: 1415, 0, 1
0 50 42: 330, 22, 1
0 50 42: 1017, 10, 3
0 50 43: 330, 22, 3
0 50 45: 917, 22, 2
0 50 46: 918, 22, 1
0 50 47: 918, 22, 1
0 50 48: 917, 22, 1
0 50 51: 729, 22, 2
0 50 51: 1415, 0, 3
0 51 22: 729, 22, 2
0 51 23: 730, 22, 2
0 51 23: 1415, 0, 1
0 51 26: 614, 10, 1
0 51 26: 2773, 22, 0
0 51 27: 921, 22, 2
0 51 28: 921, 22, 0
0 51 29: 919, 22, 0
0 51 30: 1529, 0, 3
0 51 35: 729, 22, 3
0 51 36: 730, 22, 2
0 51 36: 1415, 0, 1
0 51 37: 330, 22, 2
0 51 37: 914, 4, 3
0 51 40: 174, 22, 3
0 51 41: 330, 22, 2
0 51 41: 1415, 0, 1
0 51 42: 914, 4, 3
0 51 46: 330, 22, 2
0 51 46: 595, 10, 3
0 51 47: 330, 22, 1
0 51 48: 595, 10, 3
0 51 50: 914, 4, 1
0 51 51: 730, 22, 2
0 51 51: 1415, 0, 3
0 52 0: 471, 10, 2
0 52 4: 473, 10, 2
0 52 9: 471, 10, 1
0 52 11: 474, 10, 3
0 52 21: 729, 22, 3
0 52 22: 729, 22, 0
0 52 23: 729, 22, 1
0 52 23: 1415, 0, 1
0 52 25: 1088, 10, 2
0 52 27: 921, 22, 2
0 52 28: 921, 22, 0
0 52 30: 580, 10, 2
0 52 30: 729, 22, 1
0 52 30: 1415, 0, 3
0 52 35: 729, 22, 0
0 52 36: 730, 22, 1
0 52 36: 1415, 0, 1
0 52 37: 911, 4, 3
0 52 38: 175, 22, 0
0 52 39: 2748, 22, 0
0 52 41: 330, 22, 0
0 52 41: 356, 10, 0
0 52 41: 1415, 0, 1
0 52 42: 330, 22, 0
0 52 42: 911, 4, 3
0 52 46: 2733, 22, 0
0 52 49: 1088, 10, 1
0 52 50: 357, 10, 3
0 52 50: 911, 4, 1
0 52 51: 729, 22, 1
0 52 51: 1415, 0, 3
0 52 52: 729, 22, 0
0 52 56: 729, 22, 3
0 53 1: 1631, 0, 2
0 53 2: 1631, 0, 2
0 53 3: 1631, 0, 2
0 53 3: 1850, 5, 2
0 53 4: 1631, 0, 2
0 53 5: 1631, 0, 2
0 53 22: 729, 22, 0
0 53 23: 730, 22, 1
0 53 23: 1415, 0, 1
0 53 23: 1848, 5, 1
0 53 24: 583, 10, 2
0 53 24: 1848, 4, 3
0 53 27: 920, 22, 2
0 53 28: 920, 22, 1
0 53 29: 1848, 4, 1
0 53 30: 730, 22, 2
0 53 30: 1415, 0, 3
0 53 30: 1848, 5, 3
0 53 31: 729, 22, 0
0 53 36: 729, 22, 0
0 53 36: 1415, 0, 1
0 53 37: 330, 22, 1
0 53 37: 365, 10, 0
0 53 37: 914, 4, 3
0 53 40: 330, 22, 3
0 53 40: 358, 10, 1
0 53 41: 330, 22, 1
0 53 41: 357, 10, 3
0 53 41: 1415, 0, 1
0 53 42: 330, 22, 3
0 53 42: 382, 10, 3
0 53 42: 914, 4, 3
0 53 43: 358, 10, 3
0 53 50: 330, 22, 0
0 53 50: 357, 10, 0
0 53 50: 1848, 4, 1
0 53 51: 729, 22, 2
0 53 51: 1415, 0, 3
0 53 51: 1848, 5, 3
0 53 54: 1415, 3, 1
0 53 55: 729, 22, 0
0 53 55: 1415, 0, 2
0 53 56: 730, 22, 1
0 53 56: 1415, 0, 2
0 53 56: 1848, 5, 2
0 53 57: 729, 22, 2
0 53 57: 1529, 0, 2
0 53 58: 1415, 0, 2
0 53 59: 1415, 0, 2
0 53 60: 729, 22, 1
0 53 60: 1415, 0, 2
0 53 60: 1848, 5, 2
0 53 61: 729, 22, 0
0 53 61: 1415, 0, 2
0 53 62: 1415, 3, 2
0 54 1: 1631, 0, 3
0 54 2: 2728, 10, 0
0 54 2: 2772, 22, 0
0 54 3: 1850, 4, 0
0 54 4: 686, 22, 1
0 54 5: 616, 10, 1
0 54 5: 1631, 0, 1
0 54 23: 729, 22, 3
0 54 23: 1415, 0, 1
0 54 24: 914, 4, 3
0 54 24: 1158, 10, 3
0 54 25: 1848, 4, 2
0 54 26: 1106, 10, 1
0 54 27: 911, 4, 2
0 54 28: 1848, 4, 2
0 54 29: 914, 4, 1
0 54 29: 1158, 10, 2
0 54 30: 729, 22, 3
0 54 30: 1415, 0, 3
0 54 36: 1415, 0, 1
0 54 37: 329, 22, 3
0 54 38: 330, 22, 0
0 54 38: 914, 4, 2
0 54 39: 330, 22, 0
0 54 39: 911, 4, 2
0 54 40: 174, 22, 1
0 54 40: 356, 10, 1
0 54 40: 914, 4, 2
0 54 41: 329, 22, 0
0 54 41: 357, 10, 2
0 54 41: 1415, 0, 1
0 54 41: 1848, 4, 2
0 54 42: 329, 22, 3
0 54 42: 1016, 10, 3
0 54 43: 330, 22, 2
0 54 43: 357, 10, 1
0 54 43: 1848, 4, 2
0 54 44: 358, 10, 2
0 54 44: 914, 4, 2
0 54 45: 1848, 4, 2
0 54 46: 1018, 10, 2
0 54 47: 1015, 10, 2
0 54 48: 1017, 10, 2
0 54 49: 330, 22, 3
0 54 49: 1016, 10, 2
0 54 50: 329, 22, 1
0 54 50: 1018, 10, 2
0 54 51: 730, 22, 1
0 54 51: 1415, 0, 3
0 54 54: 362, 10, 2
0 54 54: 1415, 0, 1
0 54 55: 914, 4, 0
0 54 55: 1158, 10, 2
0 54 56: 1848, 4, 0
0 54 58: 1106, 10, 3
0 54 60: 1848, 4, 0
0 54 61: 914, 4, 0
0 54 61: 949, 22, 0
0 54 61: 1158, 10, 2
0 54 62: 1415, 0, 3
0 55 0: 1850, 4, 1
0 55 1: 388, 10, 3
0 55 1: 1631, 0, 3
0 55 1: 1850, 5, 3
0 55 2: 686, 22, 1
0 55 3: 917, 22, 3
0 55 4: 917, 22, 0
0 55 5: 1631, 0, 1
0 55 5: 1850, 5, 1
0 55 6: 1850, 4, 3
0 55 16: 1123, 10, 1
0 55 23: 1415, 3, 0
0 55 24: 1415, 0, 0
0 55 25: 1415, 0, 0
0 55 25: 1848, 5, 0
0 55 26: 1415, 0, 0
0 55 27: 1415, 0, 0
0 55 28: 1415, 0, 0
0 55 28: 1848, 5, 0
0 55 29: 1415, 0, 0
0 55 30: 1415, 3, 3
0 55 36: 1415, 3, 0
0 55 37: 1415, 0, 0
0 55 38: 1415, 0, 0
0 55 39: 1415, 0, 0
0 55 40: 1415, 0, 0
0 55 41: 729, 22, 1
0 55 41: 1415, 0, 0
0 55 41: 1848, 5, 0
0 55 42: 729, 22, 2
0 55 42: 1415, 0, 0
0 55 43: 729, 22, 0
0 55 43: 1415, 0, 0
0 55 43: 1848, 5, 0
0 55 44: 730, 22, 3
0 55 44: 1415, 0, 0
0 55 45: 729, 22, 3
0 55 45: 1415, 0, 0
0 55 45: 1848, 5, 0
0 55 46: 1415, 0, 0
0 55 47: 729, 22, 3
0 55 47: 1415, 0, 0
0 55 48: 730, 22, 0
0 55 48: 1415, 0, 0
0 55 49: 729, 22, 1
0 55 49: 1415, 0, 0
0 55 50: 729, 22, 1
0 55 50: 1415, 0, 0
0 55 51: 1415, 3, 3
0 55 54: 362, 10, 1
0 55 54: 729, 22, 0
0 55 54: 1415, 0, 1
0 55 55: 914, 4, 3
0 55 61: 914, 4, 1
0 55 62: 1415, 0, 3
0 56 1: 1631, 0, 3
0 56 3: 918, 22, 2
0 56 4: 918, 22, 0
0 56 5: 1631, 0, 1
0 56 42: 729, 22, 2
0 56 43: 729, 22, 3
0 56 48: 729, 22, 0
0 56 53: 729, 22, 0
0 56 54: 730, 22, 1
0 56 54: 1415, 0, 1
0 56 54: 1848, 5, 1
0 56 55: 1848, 4, 3
0 56 56: 951, 22, 2
0 56 57: 953, 22, 2
0 56 61: 1848, 4, 1
0 56 62: 729, 22, 0
0 56 62: 1415, 0, 3
0 56 62: 1848, 5, 3
0 57 1: 1631, 0, 3
0 57 1: 2724, 10, 3
0 57 3: 918, 22, 2
0 57 4: 918, 22, 0
0 57 6: 1534, 0, 2
0 57 53: 729, 22, 3
0 57 54: 729, 22, 1
0 57 54: 1415, 0, 1
0 57 55: 604, 10, 1
0 57 56: 950, 22, 2
0 57 56: 1102, 10, 0
0 57 57: 952, 22, 2
0 57 58: 2756, 22, 0
0 57 59: 595, 10, 3
0 57 61: 1016, 10, 1
0 57 62: 730, 22, 1
0 57 62: 1415, 0, 3
0 57 63: 729, 22, 3
0 58 1: 693, 10, 2
0 58 1: 1631, 0, 3
0 58 3: 918, 22, 2
0 58 4: 918, 22, 0
0 58 5: 1631, 0, 1
0 58 54: 729, 22, 1
0 58 54: 1415, 0, 1
0 58 55: 914, 4, 3
0 58 55: 1102, 10, 3
0 58 60: 1102, 10, 2
0 58 61: 914, 4, 1
0 58 61: 1017, 10, 1
0 58 62: 729, 22, 2
0 58 62: 1415, 0, 3
0 59 0: 1850, 4, 1
0 59 1: 1631, 0, 3
0 59 1: 1850, 5, 3
0 59 2: 688, 22, 1
0 59 3: 917, 22, 2
0 59 3: 1111, 11, 2
0 59 4: 616, 10, 1
0 59 4: 917, 22, 1
0 59 5: 1631, 0, 1
0 59 5: 1850, 5, 1
0 59 6: 1850, 4, 3
0 59 11: 473, 10, 3
0 59 15: 1403, 10, 0
0 59 54: 1415, 0, 1
0 59 55: 914, 4, 2
0 59 56: 1848, 4, 2
0 59 57: 911, 4, 2
0 59 58: 1018, 10, 2
0 59 59: 911, 4, 2
0 59 60: 1848, 4, 2
0 59 61: 914, 4, 2
0 59 61: 1018, 10, 1
0 59 62: 729, 22, 1
0 59 62: 1415, 0, 3
0 60 1: 388, 10, 3
0 60 1: 1631, 0, 3
0 60 3: 1111, 11, 1
0 60 3: 1850, 4, 2
0 60 4: 1111, 10, 1
0 60 5: 179, 22, 3
0 60 5: 1111, 11, 0
0 60 5: 1631, 0, 1
0 60 7: 471, 10, 0
0 60 17: 1403, 10, 1
0 60 54: 1415, 3, 0
0 60 55: 729, 22, 3
0 60 55: 1415, 0, 0
0 60 56: 730, 22, 2
0 60 56: 1415, 0, 0
0 60 56: 1848, 5, 0
0 60 57: 729, 22, 2
0 60 57: 1415, 0, 0
0 60 58: 729, 22, 3
0 60 58: 1415, 0, 0
0 60 59: 729, 22, 2
0 60 59: 1415, 0, 0
0 60 60: 730, 22, 3
0 60 60: 1415, 0, 0
0 60 60: 1848, 5, 0
0 60 61: 729, 22, 2
0 60 61: 1415, 0, 0
0 60 62: 1415, 3, 3
0 60 62: 3125, 9, 0
0 60 63: 3125, 9, 3
0 61 1: 471, 10, 0
0 61 1: 1631, 0, 0
0 61 2: 1631, 0, 0
0 61 3: 1631, 0, 0
0 61 3: 1850, 5, 0
0 61 4: 1631, 0, 0
0 61 5: 1631, 0, 0
0 61 9: 471, 10, 3
0 61 11: 474, 10, 3
0 61 30: 1396, 10, 0
0 61 42: 1404, 10, 1
0 61 56: 729, 22, 0
0 61 60: 729, 22, 3
0 61 62: 3125, 9, 3
0 61 63: 3125, 1, 3
0 62 7: 474, 10, 0
0 62 61: 3125, 9, 3
0 62 62: 3125, 1, 3
0 63 1: 471, 10, 2
0 63 9: 473, 10, 0
0 63 61: 3125, 0, 3
1 0 24: 1415, 3, 1
1 0 25: 1415, 0, 2
1 0 26: 1415, 0, 2
1 0 27: 1415, 0, 2
1 0 28: 1415, 0, 2
1 0 29: 1415, 0, 2
1 0 29: 1848, 5, 2
1 0 30: 1415, 0, 2
1 0 31: 1415, 0, 2
1 0 32: 1415, 0, 2
1 0 33: 1415, 0, 2
1 0 33: 1848, 5, 2
1 0 34: 1415, 0, 2
1 0 35: 1415, 0, 2
1 0 36: 1415, 0, 2
1 0 37: 1415, 0, 2
1 0 38: 1415, 3, 2
1 1 24: 1415, 0, 1
1 1 29: 1848, 4, 0
1 1 33: 1848, 4, 0
1 1 38: 1415, 0, 3
1 2 24: 1415, 0, 1
1 2 38: 1415, 0, 3
1 3 24: 1415, 0, 1
1 3 24: 1848, 5, 1
1 3 25: 1848, 4, 3
1 3 37: 1848, 4, 1
1 3 38: 1415, 0, 3
1 3 38: 1848, 5, 3
1 4 24: 1415, 0, 1
1 4 38: 1415, 0, 3
1 5 24: 1415, 0, 1
1 5 38: 1415, 0, 3
1 5 52: 1791, 19, 1
1 5 53: 1791, 18, 2
1 5 54: 1791, 18, 2
1 5 55: 1791, 18, 2
1 5 56: 1791, 18, 2
1 5 57: 1791, 18, 2
1 5 58: 1791, 18, 2
1 5 59: 1791, 19, 2
1 6 24: 1415, 0, 1
1 6 24: 1848, 5, 1
1 6 25: 1848, 4, 3
1 6 37: 1848, 4, 1
1 6 38: 1415, 0, 3
1 6 38: 1848, 5, 3
1 6 42: 1791, 19, 1
1 6 43: 1791, 18, 2
1 6 44: 1791, 18, 2
1 6 45: 1791, 18, 2
1 6 46: 1791, 18, 2
1 6 47: 1791, 18, 2
1 6 48: 1791, 19, 2
1 6 52: 1791, 18, 1
1 6 53: 1925, 16, 1
1 6 54: 1925, 12, 2
1 6 55: 1925, 12, 2
1 6 56: 1925, 12, 2
1 6 57: 1925, 12, 2
1 6 58: 1925, 16, 2
1 6 59: 1791, 18, 3
1 7 24: 1415, 0, 1
1 7 38: 1415, 0, 3
1 7 42: 1791, 18, 1
1 7 43: 1925, 16, 1
1 7 44: 1925, 12, 2
1 7 45: 1925, 12, 2
1 7 46: 1925, 12, 2
1 7 47: 1925, 16, 2
1 7 48: 1791, 20, 2
1 7 49: 1791, 18, 2
1 7 50: 1791, 18, 2
1 7 51: 1791, 18, 2
1 7 52: 1791, 20, 1
1 7 53: 1925, 12, 1
1 7 58: 1925, 12, 3
1 7 59: 1791, 18, 3
1 8 24: 1415, 0, 1
1 8 25: 1415, 0, 2
1 8 26: 1415, 0, 2
1 8 27: 1415, 0, 2
1 8 28: 1415, 0, 2
1 8 29: 1415, 0, 2
1 8 29: 1848, 5, 2
1 8 30: 1415, 0, 2
1 8 31: 1415, 0, 2
1 8 32: 1415, 0, 2
1 8 33: 1415, 0, 2
1 8 33: 1848, 5, 2
1 8 34: 1415, 0, 2
1 8 35: 1415, 0, 2
1 8 36: 1415, 0, 2
1 8 37: 1415, 0, 2
1 8 38: 1415, 0, 3
1 8 42: 1791, 18, 1
1 8 43: 1925, 12, 1
1 8 47: 1925, 15, 2
1 8 48: 1925, 12, 2
1 8 49: 1925, 12, 2
1 8 50: 1925, 12, 2
1 8 51: 1925, 12, 2
1 8 52: 1925, 12, 2
1 8 53: 1925, 15, 1
1 8 58: 1925, 12, 3
1 8 59: 1791, 18, 3
1 9 29: 1848, 4, 0
1 9 32: 1049, 4, 0
1 9 33: 1848, 4, 0
1 9 42: 1791, 18, 1
1 9 43: 1925, 12, 1
1 9 58: 1925, 12, 3
1 9 59: 1791, 18, 3
1 10 42: 1791, 18, 1
1 10 43: 1925, 12, 1
1 10 58: 1925, 12, 3
1 10 59: 1791, 18, 3
1 11 42: 1791, 18, 1
1 11 43: 1925, 16, 0
1 11 44: 1925, 12, 0
1 11 45: 1925, 12, 0
1 11 46: 1925, 12, 0
1 11 47: 1925, 12, 0
1 11 48: 1925, 15, 0
1 11 58: 1925, 12, 3
1 11 59: 1791, 18, 3
1 12 42: 1791, 19, 0
1 12 43: 1791, 18, 0
1 12 44: 1791, 18, 0
1 12 45: 1791, 18, 0
1 12 46: 1791, 18, 0
1 12 47: 1791, 20, 0
1 12 48: 1925, 12, 1
1 12 58: 1925, 12, 3
1 12 59: 1791, 18, 3
1 13 47: 1791, 18, 1
1 13 48: 1925, 12, 1
1 13 52: 1925, 15, 3
1 13 53: 1925, 12, 0
1 13 54: 1925, 12, 0
1 13 55: 1925, 12, 0
1 13 56: 1925, 12, 0
1 13 57: 1925, 12, 0
1 13 58: 1925, 16, 3
1 13 59: 1791, 18, 3
1 14 47: 1791, 18, 1
1 14 48: 1925, 12, 1
1 14 52: 1925, 12, 3
1 14 53: 1791, 20, 3
1 14 54: 1791, 18, 0
1 14 55: 1791, 18, 0
1 14 56: 1791, 18, 0
1 14 57: 1791, 18, 0
1 14 58: 1791, 18, 0
1 14 59: 1791, 19, 3
1 15 47: 1791, 18, 1
1 15 48: 1925, 16, 0
1 15 49: 1925, 12, 0
1 15 50: 1925, 12, 0
1 15 51: 1925, 12, 0
1 15 52: 1925, 16, 3
1 15 53: 1791, 18, 3
1 16 47: 1791, 19, 0
1 16 48: 1791, 18, 0
1 16 49: 1791, 18, 0
1 16 50: 1791, 18, 0
1 16 51: 1791, 18, 0
1 16 52: 1791, 18, 0
1 16 53: 1791, 19, 3
1 17 22: 1791, 21, 1
1 17 23: 1791, 18, 2
1 17 24: 1791, 18, 2
1 17 25: 1791, 18, 2
1 17 26: 1791, 18, 2
1 17 27: 1791, 18, 2
1 17 28: 1791, 18, 2
1 17 29: 1791, 18, 2
1 17 30: 1791, 18, 2
1 17 31: 1791, 18, 2
1 17 32: 1791, 18, 2
1 17 33: 1791, 18, 2
1 17 34: 1791, 18, 2
1 17 35: 1791, 18, 2
1 17 36: 1791, 18, 2
1 17 37: 1791, 18, 2
1 17 38: 1791, 18, 2
1 17 39: 1791, 18, 2
1 17 40: 1791, 18, 2
1 17 41: 1791, 18, 2
1 17 42: 1791, 21, 2
1 18 22: 1791, 18, 1
1 18 23: 1925, 16, 1
1 18 24: 1925, 12, 2
1 18 25: 1925, 12, 2
1 18 26: 1925, 12, 2
1 18 27: 1925, 12, 2
1 18 28: 1925, 12, 2
1 18 29: 1925, 12, 2
1 18 30: 1925, 12, 2
1 18 31: 1925, 12, 2
1 18 32: 1925, 12, 2
1 18 33: 1925, 12, 2
1 18 34: 1925, 12, 2
1 18 35: 1925, 12, 2
1 18 36: 1925, 12, 2
1 18 37: 1925, 12, 2
1 18 38: 1925, 12, 2
1 18 39: 1925, 12, 2
1 18 40: 1925, 12, 2
1 18 41: 1925, 16, 2
1 18 42: 1791, 18, 3
1 19 22: 1791, 18, 1
1 19 23: 1925, 12, 1
1 19 24: 1415, 2, 3
1 19 25: 1415, 0, 0
1 19 26: 914, 5, 0
1 19 26: 1415, 0, 0
1 19 27: 1415, 0, 0
1 19 28: 914, 5, 0
1 19 28: 1415, 0, 0
1 19 29: 1415, 0, 0
1 19 30: 914, 5, 0
1 19 30: 1415, 0, 0
1 19 31: 1415, 0, 0
1 19 32: 914, 5, 0
1 19 32: 1415, 0, 0
1 19 33: 1415, 0, 0
1 19 34: 914, 5, 0
1 19 34: 1415, 0, 0
1 19 35: 1415, 0, 0
1 19 36: 914, 5, 0
1 19 36: 1415, 0, 0
1 19 37: 1415, 0, 0
1 19 38: 914, 5, 0
1 19 38: 1415, 0, 0
1 19 39: 1415, 0, 0
1 19 40: 1158, 10, 3
1 19 40: 1415, 2, 0
1 19 41: 1925, 12, 3
1 19 42: 1791, 18, 3
1 19 47: 1327, 10, 0
1 20 22: 1791, 18, 1
1 20 23: 1925, 12, 1
1 20 24: 1415, 0, 3
1 20 25: 915, 10, 1
1 20 29: 1746, 10, 0
1 20 31: 920, 22, 3
1 20 32: 920, 22, 0
1 20 34: 336, 22, 2
1 20 34: 1859, 10, 3
1 20 36: 1110, 10, 3
1 20 37: 1110, 10, 3
1 20 39: 1859, 10, 0
1 20 40: 1110, 10, 0
1 20 40: 1415, 0, 1
1 20 41: 1925, 12, 3
1 20 42: 1791, 18, 3
1 20 51: 1415, 1, 1
1 20 52: 1415, 0, 2
1 20 53: 1415, 0, 2
1 20 54: 1415, 0, 2
1 20 54: 1848, 5, 2
1 20 55: 1415, 0, 2
1 20 56: 1415, 1, 2
1 21 22: 1791, 18, 1
1 21 23: 1925, 12, 1
1 21 24: 914, 5, 3
1 21 24: 1415, 0, 3
1 21 31: 921, 22, 2
1 21 32: 921, 22, 0
1 21 36: 614, 10, 2
1 21 40: 1110, 10, 0
1 21 40: 1415, 0, 1
1 21 41: 1925, 12, 3
1 21 42: 1791, 18, 3
1 21 50: 1415, 1, 1
1 21 51: 910, 7, 1
1 21 51: 1415, 9, 1
1 21 52: 914, 4, 0
1 21 52: 1158, 10, 1
1 21 53: 604, 10, 0
1 21 54: 1848, 4, 0
1 21 55: 914, 4, 0
1 21 55: 1158, 10, 1
1 21 56: 911, 7, 2
1 21 56: 1415, 9, 2
1 21 57: 1415, 1, 2
1 22 22: 1791, 18, 1
1 22 23: 1925, 12, 1
1 22 24: 1415, 0, 3
1 22 25: 1858, 10, 2
1 22 30: 1858, 10, 0
1 22 31: 920, 22, 2
1 22 32: 920, 22, 1
1 22 34: 336, 22, 0
1 22 34: 1859, 10, 1
1 22 36: 1110, 10, 1
1 22 37: 1110, 10, 1
1 22 39: 1859, 10, 3
1 22 40: 1415, 0, 1
1 22 41: 1925, 12, 3
1 22 42: 1791, 18, 3
1 22 50: 1159, 5, 1
1 22 50: 1415, 0, 1
1 22 51: 584, 10, 2
1 22 51: 914, 4, 3
1 22 56: 1748, 10, 2
1 22 57: 1415, 0, 3
1 23 22: 1791, 18, 1
1 23 23: 1925, 12, 1
1 23 24: 914, 5, 3
1 23 24: 1415, 0, 3
1 23 27: 920, 22, 3
1 23 28: 920, 22, 0
1 23 34: 1848, 4, 2
1 23 40: 1158, 10, 1
1 23 40: 1415, 0, 1
1 23 41: 1925, 16, 3
1 23 42: 1791, 18, 3
1 23 50: 1415, 0, 1
1 23 50: 1848, 5, 1
1 23 51: 422, 10, 2
1 23 51: 1848, 4, 3
1 23 53: 917, 22, 3
1 23 54: 918, 22, 3
1 23 55: 917, 22, 0
1 23 57: 1415, 0, 3
1 24 22: 1791, 18, 1
1 24 23: 1925, 12, 1
1 24 24: 615, 10, 0
1 24 24: 1415, 0, 3
1 24 27: 921, 22, 2
1 24 28: 921, 22, 0
1 24 31: 615, 10, 2
1 24 32: 1415, 2, 3
1 24 33: 1415, 0, 0
1 24 34: 1415, 0, 0
1 24 34: 1848, 5, 0
1 24 35: 1415, 0, 0
1 24 36: 1415, 0, 0
1 24 37: 1528, 0, 0
1 24 38: 1415, 0, 0
1 24 39: 1415, 0, 0
1 24 40: 1415, 0, 0
1 24 41: 1416, 0, 0
1 24 42: 1416, 0, 3
1 24 50: 1159, 5, 1
1 24 50: 1415, 0, 1
1 24 51: 422, 10, 2
1 24 53: 917, 22, 2
1 24 54: 918, 22, 1
1 24 55: 917, 22, 1
1 24 56: 582, 10, 0
1 24 56: 1848, 4, 1
1 24 57: 1415, 0, 3
1 24 57: 1848, 5, 3
1 25 22: 1791, 18, 1
1 25 23: 1925, 12, 1
1 25 24: 914, 5, 3
1 25 24: 1415, 0, 3
1 25 27: 921, 22, 2
1 25 28: 921, 22, 0
1 25 32: 1415, 0, 3
1 25 42: 1416, 0, 3
1 25 50: 1415, 0, 1
1 25 51: 584, 10, 2
1 25 51: 914, 4, 3
1 25 52: 1158, 10, 0
1 25 54: 422, 10, 1
1 25 56: 583, 10, 0
1 25 56: 914, 4, 1
1 25 57: 1415, 0, 3
1 26 22: 1791, 18, 1
1 26 23: 1925, 12, 1
1 26 24: 1415, 0, 3
1 26 25: 1858, 10, 2
1 26 27: 921, 22, 2
1 26 28: 921, 22, 0
1 26 30: 1858, 10, 0
1 26 31: 1848, 4, 1
1 26 32: 1415, 0, 3
1 26 32: 1848, 5, 3
1 26 34: 1416, 2, 3
1 26 35: 1416, 0, 0
1 26 36: 1416, 0, 0
1 26 37: 1416, 0, 0
1 26 38: 1416, 0, 0
1 26 39: 1416, 0, 0
1 26 40: 1416, 0, 0
1 26 41: 1416, 0, 0
1 26 42: 1416, 3, 3
1 26 50: 1415, 1, 0
1 26 51: 910, 7, 0
1 26 51: 1415, 9, 0
1 26 52: 914, 4, 2
1 26 53: 1848, 4, 2
1 26 55: 914, 4, 2
1 26 56: 911, 7, 3
1 26 56: 1415, 9, 3
1 26 57: 1415, 1, 3
1 27 22: 1791, 18, 1
1 27 23: 1925, 12, 1
1 27 24: 914, 5, 3
1 27 24: 1415, 0, 3
1 27 27: 613, 10, 3
1 27 27: 921, 22, 2
1 27 28: 921, 22, 0
1 27 31: 581, 10, 0
1 27 32: 1415, 0, 3
1 27 34: 1416, 0, 3
1 27 51: 1415, 1, 0
1 27 52: 1415, 0, 0
1 27 53: 1415, 0, 0
1 27 53: 1848, 5, 0
1 27 54: 1415, 0, 0
1 27 55: 1415, 0, 0
1 27 56: 1415, 1, 3
1 28 22: 1791, 18, 1
1 28 23: 1925, 12, 1
1 28 24: 1415, 0, 3
1 28 27: 921, 22, 2
1 28 28: 921, 22, 0
1 28 31: 581, 10, 0
1 28 32: 1415, 0, 3
1 28 34: 1416, 0, 3
1 28 43: 990, 10, 3
1 29 22: 1791, 18, 1
1 29 23: 1925, 12, 1
1 29 24: 914, 5, 3
1 29 24: 1415, 0, 3
1 29 27: 921, 22, 2
1 29 28: 921, 22, 0
1 29 31: 1848, 4, 1
1 29 32: 1415, 0, 3
1 29 32: 1848, 5, 3
1 29 34: 1416, 0, 3
1 29 60: 1327, 10, 3
1 30 22: 1791, 18, 1
1 30 23: 1925, 12, 1
1 30 24: 1415, 0, 3
1 30 25: 1858, 10, 2
1 30 27: 921, 22, 2
1 30 28: 921, 22, 0
1 30 30: 1858, 10, 0
1 30 32: 1415, 0, 3
1 30 34: 1416, 0, 3
1 31 22: 1791, 18, 1
1 31 23: 1925, 12, 1
1 31 24: 914, 5, 3
1 31 24: 1415, 0, 3
1 31 27: 613, 10, 3
1 31 27: 921, 22, 2
1 31 28: 921, 22, 0
1 31 32: 1415, 0, 0
1 31 33: 1158, 10, 3
1 31 33: 1415, 2, 0
1 31 34: 1415, 3, 3
1 31 34: 1791, 18, 2
1 31 35: 1791, 18, 2
1 31 36: 1791, 18, 2
1 31 37: 1791, 18, 2
1 31 38: 1791, 18, 2
1 31 39: 1791, 18, 2
1 31 40: 1791, 18, 2
1 31 41: 1791, 18, 2
1 31 42: 1791, 21, 2
1 32 22: 1791, 18, 1
1 32 23: 1925, 12, 1
1 32 24: 581, 10, 2
1 32 24: 1415, 0, 3
1 32 27: 921, 22, 2
1 32 28: 921, 22, 0
1 32 33: 579, 10, 0
1 32 33: 1415, 0, 1
1 32 34: 1925, 12, 2
1 32 35: 1925, 12, 2
1 32 36: 1925, 12, 2
1 32 37: 1925, 12, 2
1 32 38: 1925, 12, 2
1 32 39: 1925, 12, 2
1 32 40: 1925, 12, 2
1 32 41: 1925, 16, 2
1 32 42: 1791, 18, 3
1 33 22: 1791, 18, 1
1 33 23: 1925, 12, 1
1 33 24: 914, 5, 3
1 33 24: 1415, 0, 3
1 33 27: 921, 22, 2
1 33 28: 921, 22, 0
1 33 33: 1415, 0, 1
1 33 34: 1925, 17, 3
1 33 35: 1925, 17, 3
1 33 36: 1925, 17, 3
1 33 37: 1925, 17, 3
1 33 38: 1925, 17, 3
1 33 39: 1925, 17, 3
1 33 40: 1925, 17, 3
1 33 41: 1925, 12, 3
1 33 42: 1791, 18, 3
1 33 54: 1414, 7, 3
1 33 54: 1416, 9, 3
1 33 55: 1414, 7, 0
1 33 55: 1416, 9, 0
1 34 22: 1791, 18, 1
1 34 23: 1925, 12, 1
1 34 24: 579, 10, 2
1 34 24: 1415, 0, 3
1 34 25: 1858, 10, 2
1 34 27: 920, 22, 2
1 34 28: 920, 22, 1
1 34 30: 1858, 10, 0
1 34 31: 920, 22, 3
1 34 32: 920, 22, 0
1 34 33: 580, 10, 0
1 34 33: 1415, 0, 1
1 34 34: 1925, 17, 3
1 34 35: 1925, 17, 3
1 34 36: 1925, 17, 3
1 34 37: 1925, 17, 3
1 34 38: 1925, 17, 3
1 34 39: 1925, 17, 3
1 34 40: 1925, 17, 3
1 34 41: 1925, 12, 3
1 34 42: 1791, 18, 3
1 34 53: 1416, 9, 3
1 34 54: 1416, 1, 3
1 34 55: 1416, 1, 0
1 34 56: 1416, 9, 0
1 35 22: 1791, 18, 1
1 35 23: 1925, 12, 1
1 35 24: 914, 5, 3
1 35 24: 1415, 0, 3
1 35 31: 921, 22, 2
1 35 32: 921, 22, 0
1 35 33: 375, 10, 2
1 35 33: 1415, 0, 1
1 35 34: 1925, 17, 3
1 35 35: 1925, 17, 3
1 35 36: 1925, 17, 3
1 35 37: 1925, 17, 3
1 35 38: 1925, 17, 3
1 35 39: 1925, 17, 3
1 35 40: 1925, 17, 3
1 35 41: 1925, 12, 3
1 35 42: 1791, 18, 3
1 35 52: 1414, 7, 3
1 35 52: 1416, 9, 3
1 35 53: 1416, 1, 3
1 35 56: 1416, 1, 0
1 35 57: 1416, 9, 0
1 36 22: 1791, 18, 1
1 36 23: 1925, 12, 1
1 36 24: 581, 10, 2
1 36 24: 1415, 0, 3
1 36 27: 613, 10, 3
1 36 31: 921, 22, 2
1 36 32: 921, 22, 0
1 36 33: 375, 10, 2
1 36 33: 1415, 0, 1
1 36 34: 1925, 17, 3
1 36 35: 1925, 17, 3
1 36 36: 1925, 17, 3
1 36 37: 1925, 17, 3
1 36 38: 1925, 17, 3
1 36 39: 1925, 17, 3
1 36 40: 1925, 17, 3
1 36 41: 1925, 12, 3
1 36 42: 1791, 18, 3
1 36 51: 1414, 7, 3
1 36 51: 1416, 9, 3
1 36 52: 1416, 1, 3
1 36 57: 1416, 1, 0
1 36 58: 1414, 7, 0
1 36 58: 1416, 9, 0
1 37 22: 1791, 18, 1
1 37 23: 1925, 12, 1
1 37 24: 914, 5, 3
1 37 24: 1415, 0, 3
1 37 31: 921, 22, 2
1 37 32: 921, 22, 0
1 37 33: 375, 10, 2
1 37 33: 1415, 0, 1
1 37 34: 1925, 17, 3
1 37 35: 1925, 17, 3
1 37 36: 1925, 17, 3
1 37 37: 1925, 17, 3
1 37 38: 1925, 17, 3
1 37 39: 1925, 17, 3
1 37 40: 1925, 17, 3
1 37 41: 1925, 12, 3
1 37 42: 1791, 18, 3
1 37 50: 1416, 9, 3
1 37 51: 1416, 1, 3
1 37 57: 1416, 1, 1
1 37 58: 1414, 7, 1
1 37 58: 1416, 9, 1
1 38 22: 1791, 18, 1
1 38 23: 1925, 12, 1
1 38 24: 1158, 10, 0
1 38 24: 1415, 2, 2
1 38 25: 1415, 0, 2
1 38 26: 914, 5, 2
1 38 26: 1415, 0, 2
1 38 27: 1110, 10, 1
1 38 27: 1415, 0, 2
1 38 28: 1110, 10, 1
1 38 28: 1415, 0, 2
1 38 29: 914, 5, 2
1 38 29: 1415, 0, 2
1 38 30: 1415, 0, 2
1 38 31: 914, 5, 2
1 38 31: 920, 22, 2
1 38 31: 1415, 0, 2
1 38 32: 920, 22, 1
1 38 32: 1415, 0, 2
1 38 33: 1158, 10, 2
1 38 33: 1415, 2, 1
1 38 34: 1925, 17, 3
1 38 35: 1925, 17, 3
1 38 36: 1925, 17, 3
1 38 37: 1925, 17, 3
1 38 38: 1925, 17, 3
1 38 39: 1925, 17, 3
1 38 40: 1925, 17, 3
1 38 41: 1925, 12, 3
1 38 42: 1791, 18, 3
1 38 49: 1414, 7, 3
1 38 49: 1416, 9, 3
1 38 50: 1416, 1, 3
1 38 56: 1416, 1, 1
1 38 57: 1416, 9, 1
1 39 22: 1791, 18, 1
1 39 23: 1925, 16, 0
1 39 24: 1925, 12, 0
1 39 25: 1925, 12, 0
1 39 26: 1925, 12, 0
1 39 27: 1925, 12, 0
1 39 28: 1925, 12, 0
1 39 29: 1925, 12, 0
1 39 30: 1925, 12, 0
1 39 31: 1925, 12, 0
1 39 32: 1925, 12, 0
1 39 33: 1925, 12, 0
1 39 34: 1925, 12, 0
1 39 35: 1925, 12, 0
1 39 36: 1925, 12, 0
1 39 37: 1925, 12, 0
1 39 38: 1925, 12, 0
1 39 39: 1925, 12, 0
1 39 40: 1925, 12, 0
1 39 41: 1925, 16, 3
1 39 42: 1791, 18, 3
1 39 49: 1414, 7, 2
1 39 49: 1416, 9, 2
1 39 50: 1416, 1, 2
1 39 55: 1416, 1, 1
1 39 56: 1414, 7, 1
1 39 56: 1416, 9, 1
1 40 22: 1791, 21, 0
1 40 23: 1791, 18, 0
1 40 24: 1791, 18, 0
1 40 25: 1791, 18, 0
1 40 26: 1791, 18, 0
1 40 27: 1791, 18, 0
1 40 28: 1791, 18, 0
1 40 29: 1791, 18, 0
1 40 30: 1791, 18, 0
1 40 31: 1791, 18, 0
1 40 32: 1791, 18, 0
1 40 33: 1791, 18, 0
1 40 34: 1791, 18, 0
1 40 35: 1791, 18, 0
1 40 36: 1791, 18, 0
1 40 37: 1791, 18, 0
1 40 38: 1791, 18, 0
1 40 39: 1791, 18, 0
1 40 40: 1791, 18, 0
1 40 41: 1791, 18, 0
1 40 42: 1791, 21, 3
1 40 50: 1416, 9, 2
1 40 51: 1416, 1, 2
1 40 54: 1416, 1, 1
1 40 55: 1414, 7, 1
1 40 55: 1416, 9, 1
1 41 51: 1416, 9, 2
1 41 52: 1416, 1, 2
1 41 53: 1416, 1, 1
1 41 54: 1416, 9, 1
1 41 59: 1670, 13, 1
1 41 60: 1670, 12, 2
1 41 61: 1670, 12, 2
1 41 62: 1670, 13, 2
1 42 52: 1414, 7, 2
1 42 52: 1416, 9, 2
1 42 53: 1414, 7, 1
1 42 53: 1416, 9, 1
1 42 59: 1670, 12, 1
1 42 60: 1683, 17, 0
1 42 61: 1683, 17, 0
1 42 62: 1670, 12, 3
1 43 59: 1670, 12, 1
1 43 60: 1683, 17, 0
1 43 61: 1683, 17, 0
1 43 62: 1670, 12, 3
1 44 59: 1670, 13, 0
1 44 60: 1670, 12, 0
1 44 61: 1670, 12, 0
1 44 62: 1670, 13, 3
1 45 34: 1327, 10, 3
1 47 41: 1791, 21, 1
1 47 42: 1791, 18, 2
1 47 43: 1791, 18, 2
1 47 44: 1415, 0, 2
1 47 45: 1043, 5, 2
1 47 45: 1415, 0, 2
1 47 46: 1415, 0, 2
1 47 46: 1848, 5, 2
1 47 47: 1415, 0, 2
1 47 48: 1415, 0, 2
1 47 48: 1848, 5, 2
1 47 49: 1415, 0, 2
1 47 50: 1415, 0, 2
1 47 51: 1415, 3, 2
1 48 23: 1416, 3, 1
1 48 24: 1414, 5, 2
1 48 24: 1416, 0, 2
1 48 25: 1414, 5, 2
1 48 25: 1416, 0, 2
1 48 26: 1414, 5, 2
1 48 26: 1416, 0, 2
1 48 27: 1414, 5, 2
1 48 27: 1416, 0, 2
1 48 28: 1414, 5, 2
1 48 28: 1416, 0, 2
1 48 29: 1414, 5, 2
1 48 29: 1416, 0, 2
1 48 30: 1416, 3, 2
1 48 41: 1791, 18, 1
1 48 42: 1925, 16, 1
1 48 43: 1925, 12, 2
1 48 44: 583, 10, 1
1 48 44: 1415, 0, 3
1 48 46: 1848, 4, 0
1 48 48: 994, 0, 1
1 48 48: 1848, 4, 0
1 48 51: 1415, 0, 3
1 49 23: 1414, 5, 1
1 49 23: 1416, 0, 1
1 49 30: 1414, 5, 3
1 49 30: 1416, 0, 3
1 49 36: 1791, 21, 1
1 49 37: 1791, 18, 2
1 49 38: 1791, 18, 2
1 49 39: 1791, 18, 2
1 49 40: 1791, 18, 2
1 49 41: 1791, 20, 1
1 49 42: 1925, 12, 1
1 49 43: 1925, 17, 2
1 49 44: 1415, 0, 3
1 49 48: 994, 0, 1
1 49 49: 1740, 10, 0
1 49 51: 1415, 0, 3
1 50 23: 1414, 5, 1
1 50 23: 1416, 0, 1
1 50 30: 1414, 5, 3
1 50 30: 1416, 0, 3
1 50 36: 1791, 18, 1
1 50 37: 1925, 16, 1
1 50 38: 1925, 12, 2
1 50 39: 1925, 12, 2
1 50 40: 1925, 12, 2
1 50 41: 1925, 12, 2
1 50 42: 1925, 15, 1
1 50 43: 1925, 17, 2
1 50 44: 1415, 0, 3
1 50 48: 994, 3, 0
1 50 50: 994, 0, 0
1 50 51: 1415, 0, 3
1 51 23: 1414, 5, 1
1 51 23: 1416, 0, 1
1 51 30: 1414, 5, 3
1 51 30: 1416, 0, 3
1 51 36: 1791, 18, 1
1 51 37: 1925, 12, 1
1 51 38: 1925, 17, 1
1 51 39: 1925, 17, 1
1 51 40: 1925, 17, 1
1 51 41: 1925, 17, 1
1 51 42: 1925, 17, 1
1 51 43: 1925, 17, 2
1 51 44: 373, 10, 2
1 51 44: 1415, 0, 3
1 51 45: 1102, 10, 2
1 51 51: 1415, 0, 3
1 52 23: 1414, 5, 1
1 52 23: 1416, 0, 1
1 52 30: 1414, 5, 3
1 52 30: 1416, 0, 3
1 52 36: 1791, 18, 1
1 52 37: 1925, 12, 1
1 52 38: 1925, 17, 1
1 52 39: 1925, 17, 1
1 52 40: 1925, 17, 1
1 52 41: 1925, 17, 1
1 52 42: 1925, 17, 1
1 52 43: 1925, 17, 2
1 52 44: 1415, 0, 3
1 52 51: 1415, 0, 3
1 53 1: 1791, 18, 2
1 53 2: 1791, 18, 2
1 53 3: 1791, 18, 2
1 53 4: 1791, 18, 2
1 53 5: 1791, 18, 2
1 53 23: 1414, 5, 1
1 53 23: 1416, 0, 1
1 53 30: 1414, 5, 3
1 53 30: 1416, 0, 3
1 53 36: 1791, 18, 1
1 53 37: 1925, 12, 1
1 53 38: 1925, 17, 1
1 53 39: 1925, 17, 1
1 53 40: 1925, 17, 1
1 53 41: 1925, 17, 1
1 53 42: 1925, 17, 1
1 53 43: 1925, 17, 2
1 53 44: 1415, 0, 3
1 53 47: 431, 10, 1
1 53 50: 1848, 4, 1
1 53 51: 1415, 0, 3
1 53 51: 1848, 5, 3
1 53 54: 1791, 19, 1
1 53 55: 1791, 18, 2
1 53 56: 1791, 18, 2
1 53 57: 1791, 18, 2
1 53 58: 1791, 18, 2
1 53 59: 1791, 18, 2
1 53 60: 1791, 18, 2
1 53 61: 1791, 18, 2
1 53 62: 1791, 19, 2
1 54 1: 1643, 12, 2
1 54 2: 1643, 12, 2
1 54 3: 1643, 12, 2
1 54 4: 1643, 12, 2
1 54 5: 1643, 12, 2
1 54 23: 1414, 5, 1
1 54 23: 1416, 0, 1
1 54 30: 1414, 5, 3
1 54 30: 1416, 0, 3
1 54 36: 1791, 18, 1
1 54 37: 1925, 16, 0
1 54 38: 1925, 12, 0
1 54 39: 1925, 12, 0
1 54 40: 1925, 12, 0
1 54 41: 1925, 12, 0
1 54 42: 1925, 12, 0
1 54 43: 1925, 12, 0
1 54 44: 583, 10, 1
1 54 44: 1415, 0, 3
1 54 45: 1848, 4, 2
1 54 48: 1848, 4, 2
1 54 51: 1415, 0, 3
1 54 54: 1791, 18, 1
1 54 55: 1925, 16, 1
1 54 56: 1925, 12, 2
1 54 57: 1925, 12, 2
1 54 58: 1925, 12, 2
1 54 59: 1925, 12, 2
1 54 60: 1925, 12, 2
1 54 61: 1925, 16, 2
1 54 62: 1791, 18, 3
1 55 1: 1643, 15, 0
1 55 5: 1643, 15, 3
1 55 23: 1416, 3, 0
1 55 24: 1414, 5, 0
1 55 24: 1416, 0, 0
1 55 25: 1414, 5, 0
1 55 25: 1416, 0, 0
1 55 26: 1414, 5, 0
1 55 26: 1416, 0, 0
1 55 27: 1414, 5, 0
1 55 27: 1416, 0, 0
1 55 28: 1414, 5, 0
1 55 28: 1416, 0, 0
1 55 29: 1414, 5, 0
1 55 29: 1416, 0, 0
1 55 30: 1416, 3, 3
1 55 36: 1791, 21, 0
1 55 37: 1791, 18, 0
1 55 38: 1791, 18, 0
1 55 39: 1791, 18, 0
1 55 40: 1791, 18, 0
1 55 41: 1791, 18, 0
1 55 42: 1791, 18, 0
1 55 43: 1791, 18, 0
1 55 44: 1415, 0, 0
1 55 45: 1415, 0, 0
1 55 45: 1848, 5, 0
1 55 46: 1415, 0, 0
1 55 47: 1415, 0, 0
1 55 48: 1415, 0, 0
1 55 48: 1848, 5, 0
1 55 49: 1415, 0, 0
1 55 50: 1415, 0, 0
1 55 51: 1415, 3, 3
1 55 54: 1791, 18, 1
1 55 55: 1925, 12, 1
1 55 56: 1925, 17, 3
1 55 57: 1925, 17, 3
1 55 58: 1925, 17, 3
1 55 59: 1925, 17, 3
1 55 60: 1925, 17, 3
1 55 61: 1925, 12, 3
1 55 62: 1791, 18, 3
1 56 1: 1644, 2, 3
1 56 5: 1644, 2, 0
1 56 54: 1791, 18, 1
1 56 55: 1928, 12, 1
1 56 56: 1925, 17, 3
1 56 57: 1925, 17, 3
1 56 58: 1925, 17, 3
1 56 59: 1925, 17, 2
1 56 60: 1925, 17, 3
1 56 61: 1925, 12, 3
1 56 62: 1791, 18, 3
1 57 1: 1644, 0, 3
1 57 5: 1644, 0, 1
1 57 54: 1791, 18, 1
1 57 55: 1925, 12, 1
1 57 56: 1925, 17, 3
1 57 57: 1925, 17, 3
1 57 58: 1925, 17, 3
1 57 59: 1925, 17, 3
1 57 60: 1925, 17, 3
1 57 61: 1925, 12, 3
1 57 62: 1791, 18, 3
1 58 1: 1644, 2, 2
1 58 5: 1644, 2, 1
1 58 54: 1791, 18, 1
1 58 55: 1925, 12, 1
1 58 56: 1925, 17, 3
1 58 57: 1925, 17, 3
1 58 58: 1925, 17, 3
1 58 59: 1925, 17, 3
1 58 60: 1925, 17, 3
1 58 61: 1925, 12, 3
1 58 62: 1791, 18, 3
1 59 1: 1643, 15, 1
1 59 5: 1643, 15, 2
1 59 54: 1791, 18, 1
1 59 55: 1925, 16, 0
1 59 56: 1925, 12, 0
1 59 57: 1925, 12, 0
1 59 58: 1925, 12, 0
1 59 59: 1925, 12, 0
1 59 60: 1925, 12, 0
1 59 61: 1925, 16, 3
1 59 62: 1791, 18, 3
1 60 1: 1643, 12, 0
1 60 2: 1643, 12, 0
1 60 3: 1643, 12, 0
1 60 4: 1643, 12, 0
1 60 5: 1643, 12, 0
1 60 54: 1791, 19, 0
1 60 55: 1791, 18, 0
1 60 56: 1791, 18, 0
1 60 57: 1791, 18, 0
1 60 58: 1791, 18, 0
1 60 59: 1791, 18, 0
1 60 60: 1791, 18, 0
1 60 61: 1791, 18, 0
1 60 62: 1791, 19, 3
1 61 1: 1791, 18, 0
1 61 2: 1791, 18, 0
1 61 3: 1791, 18, 0
1 61 4: 1791, 18, 0
1 61 5: 1791, 18, 0
2 0 24: 1416, 3, 1
2 0 25: 1414, 5, 2
2 0 25: 1416, 0, 2
2 0 26: 1414, 5, 2
2 0 26: 1416, 0, 2
2 0 27: 1414, 5, 2
2 0 27: 1416, 0, 2
2 0 28: 1414, 5, 2
2 0 28: 1416, 0, 2
2 0 29: 1414, 5, 2
2 0 29: 1416, 0, 2
2 0 30: 1414, 5, 2
2 0 30: 1416, 0, 2
2 0 31: 1414, 5, 2
2 0 31: 1416, 0, 2
2 0 32: 1414, 5, 2
2 0 32: 1416, 0, 2
2 0 33: 1414, 5, 2
2 0 33: 1416, 0, 2
2 0 34: 1414, 5, 2
2 0 34: 1416, 0, 2
2 0 35: 1414, 5, 2
2 0 35: 1416, 0, 2
2 0 36: 1414, 5, 2
2 0 36: 1416, 0, 2
2 0 37: 1414, 5, 2
2 0 37: 1416, 0, 2
2 0 38: 1416, 3, 2
2 1 24: 1414, 5, 1
2 1 24: 1416, 0, 1
2 1 38: 1414, 5, 3
2 1 38: 1416, 0, 3
2 2 24: 1414, 5, 1
2 2 24: 1416, 0, 1
2 2 38: 1414, 5, 3
2 2 38: 1416, 0, 3
2 3 24: 1414, 5, 1
2 3 24: 1416, 0, 1
2 3 38: 1414, 5, 3
2 3 38: 1416, 0, 3
2 4 24: 1414, 5, 1
2 4 24: 1416, 0, 1
2 4 38: 1414, 5, 3
2 4 38: 1416, 0, 3
2 5 24: 1414, 5, 1
2 5 24: 1416, 0, 1
2 5 38: 1414, 5, 3
2 5 38: 1416, 0, 3
2 6 24: 1414, 5, 1
2 6 24: 1416, 0, 1
2 6 38: 1414, 5, 3
2 6 38: 1416, 0, 3
2 7 24: 1414, 5, 1
2 7 24: 1416, 0, 1
2 7 38: 1414, 5, 3
2 7 38: 1416, 0, 3
2 7 54: 1925, 16, 1
2 7 55: 1925, 12, 2
2 7 56: 1925, 12, 2
2 7 57: 1925, 16, 2
2 8 24: 1414, 5, 1
2 8 24: 1416, 0, 1
2 8 25: 1416, 0, 2
2 8 26: 1416, 0, 2
2 8 27: 1416, 0, 2
2 8 28: 1416, 0, 2
2 8 29: 1416, 0, 2
2 8 30: 1416, 0, 2
2 8 31: 1416, 0, 2
2 8 32: 1416, 0, 2
2 8 33: 1416, 0, 2
2 8 34: 1416, 0, 2
2 8 35: 1416, 0, 2
2 8 36: 1416, 0, 2
2 8 37: 1416, 0, 2
2 8 38: 1414, 5, 3
2 8 38: 1416, 0, 3
2 8 44: 1925, 16, 1
2 8 45: 1925, 12, 2
2 8 46: 1925, 16, 2
2 8 54: 1925, 12, 1
2 8 55: 1925, 17, 0
2 8 56: 1925, 17, 0
2 8 57: 1925, 12, 3
2 9 25: 1414, 4, 0
2 9 26: 1414, 4, 0
2 9 27: 1414, 4, 0
2 9 28: 1414, 4, 0
2 9 29: 1414, 4, 0
2 9 30: 1414, 4, 0
2 9 31: 1414, 4, 0
2 9 32: 1414, 4, 0
2 9 33: 1414, 4, 0
2 9 34: 1414, 4, 0
2 9 35: 1414, 4, 0
2 9 36: 1414, 4, 0
2 9 37: 1414, 4, 0
2 9 44: 1925, 12, 1
2 9 45: 1925, 17, 1
2 9 46: 1925, 15, 2
2 9 47: 1925, 12, 2
2 9 48: 1925, 12, 2
2 9 49: 1925, 12, 2
2 9 50: 1925, 12, 2
2 9 51: 1925, 12, 2
2 9 52: 1925, 12, 2
2 9 53: 1925, 12, 2
2 9 54: 1925, 15, 1
2 9 55: 1925, 17, 0
2 9 56: 1925, 17, 0
2 9 57: 1925, 12, 3
2 10 44: 1925, 16, 0
2 10 45: 1925, 12, 0
2 10 46: 1925, 12, 0
2 10 47: 1925, 12, 0
2 10 48: 1925, 12, 0
2 10 49: 1925, 15, 0
2 10 50: 1925, 17, 0
2 10 51: 1925, 17, 0
2 10 52: 1925, 17, 0
2 10 53: 1925, 17, 0
2 10 54: 1925, 17, 0
2 10 55: 1925, 17, 0
2 10 56: 1925, 17, 0
2 10 57: 1925, 12, 3
2 11 49: 1925, 12, 1
2 11 50: 1925, 17, 0
2 11 51: 1925, 17, 0
2 11 52: 1925, 17, 0
2 11 53: 1925, 17, 0
2 11 54: 1925, 17, 0
2 11 55: 1925, 17, 0
2 11 56: 1925, 17, 0
2 11 57: 1925, 12, 3
2 12 49: 1925, 12, 1
2 12 50: 1925, 17, 0
2 12 51: 1925, 15, 3
2 12 52: 1925, 12, 0
2 12 53: 1925, 12, 0
2 12 54: 1925, 12, 0
2 12 55: 1925, 12, 0
2 12 56: 1925, 12, 0
2 12 57: 1925, 16, 3
2 13 49: 1925, 12, 1
2 13 50: 1925, 17, 0
2 13 51: 1925, 12, 3
2 14 49: 1925, 16, 0
2 14 50: 1925, 12, 0
2 14 51: 1925, 16, 3
2 18 25: 1414, 4, 2
2 18 27: 1414, 4, 2
2 18 29: 1414, 4, 2
2 18 31: 1414, 4, 2
2 18 33: 1414, 4, 2
2 18 35: 1414, 4, 2
2 18 37: 1414, 4, 2
2 18 39: 1414, 4, 2
2 18 46: 1329, 10, 0
2 19 23: 1414, 4, 1
2 19 24: 1416, 2, 3
2 19 25: 1416, 0, 0
2 19 26: 1416, 0, 0
2 19 27: 1416, 0, 0
2 19 28: 1416, 0, 0
2 19 29: 1416, 0, 0
2 19 30: 1416, 0, 0
2 19 31: 1416, 0, 0
2 19 32: 1416, 0, 0
2 19 33: 1416, 0, 0
2 19 34: 1416, 0, 0
2 19 35: 1416, 0, 0
2 19 36: 1416, 0, 0
2 19 37: 1416, 0, 0
2 19 38: 1416, 0, 0
2 19 39: 1416, 0, 0
2 19 40: 1416, 2, 0
2 19 41: 1414, 4, 3
2 20 24: 1416, 0, 3
2 20 40: 1416, 0, 1
2 20 51: 1416, 1, 1
2 20 52: 1414, 5, 2
2 20 52: 1416, 0, 2
2 20 53: 1414, 5, 2
2 20 53: 1416, 0, 2
2 20 54: 1414, 5, 2
2 20 54: 1416, 0, 2
2 20 55: 1414, 5, 2
2 20 55: 1416, 0, 2
2 20 56: 1416, 1, 2
2 21 23: 1414, 4, 1
2 21 24: 1416, 0, 3
2 21 40: 1416, 0, 1
2 21 41: 1414, 4, 3
2 21 50: 1416, 1, 1
2 21 51: 1414, 6, 1
2 21 51: 1416, 9, 1
2 21 56: 1414, 6, 2
2 21 56: 1416, 9, 2
2 21 57: 1416, 1, 2
2 22 24: 1416, 0, 3
2 22 40: 1416, 0, 1
2 22 50: 1414, 5, 1
2 22 50: 1416, 0, 1
2 22 51: 1152, 10, 2
2 22 56: 1746, 10, 2
2 22 57: 1414, 5, 3
2 22 57: 1416, 0, 3
2 23 23: 1414, 4, 1
2 23 24: 1416, 0, 3
2 23 40: 1416, 0, 1
2 23 41: 1414, 4, 3
2 23 50: 1414, 5, 1
2 23 50: 1416, 0, 1
2 23 56: 994, 0, 0
2 23 57: 1414, 5, 3
2 23 57: 1416, 0, 3
2 24 24: 1416, 0, 3
2 24 32: 1414, 5, 0
2 24 32: 1416, 2, 3
2 24 33: 1416, 0, 0
2 24 34: 1414, 5, 0
2 24 34: 1416, 0, 0
2 24 35: 1416, 0, 0
2 24 36: 1414, 5, 0
2 24 36: 1416, 0, 0
2 24 37: 1416, 0, 0
2 24 38: 1414, 5, 0
2 24 38: 1416, 0, 0
2 24 39: 1416, 0, 0
2 24 40: 1414, 5, 0
2 24 40: 1416, 0, 0
2 24 50: 1414, 5, 1
2 24 50: 1416, 0, 1
2 24 57: 1414, 5, 3
2 24 57: 1416, 0, 3
2 25 23: 1414, 4, 1
2 25 24: 1416, 0, 3
2 25 32: 1414, 5, 3
2 25 32: 1416, 0, 3
2 25 50: 1414, 5, 1
2 25 50: 1416, 0, 1
2 25 51: 1154, 10, 2
2 25 57: 1414, 5, 3
2 25 57: 1416, 0, 3
2 26 24: 1416, 0, 3
2 26 32: 1416, 0, 3
2 26 50: 1416, 1, 0
2 26 51: 1414, 6, 0
2 26 51: 1416, 9, 0
2 26 52: 1153, 10, 2
2 26 55: 1154, 10, 2
2 26 56: 1414, 6, 3
2 26 56: 1416, 9, 3
2 26 57: 1416, 1, 3
2 27 23: 1414, 4, 1
2 27 24: 1416, 0, 3
2 27 32: 1414, 5, 3
2 27 32: 1416, 0, 3
2 27 51: 1416, 1, 0
2 27 52: 1414, 5, 0
2 27 52: 1416, 0, 0
2 27 53: 1414, 5, 0
2 27 53: 1416, 0, 0
2 27 54: 1414, 5, 0
2 27 54: 1416, 0, 0
2 27 55: 1414, 5, 0
2 27 55: 1416, 0, 0
2 27 56: 1416, 1, 3
2 28 24: 1416, 0, 3
2 28 32: 1416, 0, 3
2 29 23: 1414, 4, 1
2 29 24: 1416, 0, 3
2 29 32: 1414, 5, 3
2 29 32: 1416, 0, 3
2 29 60: 1328, 10, 3
2 30 24: 1416, 0, 3
2 30 32: 1416, 0, 3
2 30 33: 1414, 4, 2
2 31 23: 1414, 4, 1
2 31 24: 1416, 0, 3
2 31 32: 1416, 0, 0
2 31 33: 1416, 2, 0
2 32 24: 1416, 0, 3
2 32 33: 1416, 0, 1
2 32 34: 1414, 4, 3
2 33 23: 1414, 4, 1
2 33 24: 1416, 0, 3
2 33 33: 1416, 0, 1
2 34 24: 1416, 0, 3
2 34 33: 1416, 0, 1
2 34 34: 1414, 4, 3
2 35 23: 1414, 4, 1
2 35 24: 1416, 0, 3
2 35 33: 1416, 0, 1
2 36 24: 1416, 0, 3
2 36 33: 1416, 0, 1
2 36 34: 1414, 4, 3
2 37 23: 1414, 4, 1
2 37 24: 1416, 0, 3
2 37 33: 1416, 0, 1
2 38 24: 1416, 2, 2
2 38 25: 1416, 0, 2
2 38 26: 1416, 0, 2
2 38 27: 1416, 0, 2
2 38 28: 1416, 0, 2
2 38 29: 1416, 0, 2
2 38 30: 1416, 0, 2
2 38 31: 1416, 0, 2
2 38 32: 1416, 0, 2
2 38 33: 1416, 2, 1
2 38 34: 1414, 4, 3
2 39 25: 1414, 4, 0
2 39 27: 1414, 4, 0
2 39 29: 1414, 4, 0
2 39 31: 1414, 4, 0
2 39 33: 1414, 4, 0
2 44 33: 1329, 10, 3
2 47 44: 1414, 5, 2
2 47 44: 1416, 0, 2
2 47 45: 1416, 0, 2
2 47 46: 1414, 5, 2
2 47 46: 1416, 0, 2
2 47 47: 1416, 0, 2
2 47 48: 1414, 5, 2
2 47 48: 1416, 0, 2
2 47 49: 1416, 0, 2
2 47 50: 1414, 5, 2
2 47 50: 1416, 0, 2
2 47 51: 1416, 3, 2
2 48 43: 1414, 4, 1
2 48 44: 1416, 0, 3
2 48 51: 1414, 5, 3
2 48 51: 1416, 0, 3
2 49 44: 1416, 0, 3
2 49 51: 1416, 0, 3
2 50 43: 1414, 4, 1
2 50 44: 1416, 0, 3
2 50 51: 1414, 5, 3
2 50 51: 1416, 0, 3
2 51 44: 1416, 0, 3
2 51 51: 1416, 0, 3
2 52 43: 1414, 4, 1
2 52 44: 1416, 0, 3
2 52 51: 1414, 5, 3
2 52 51: 1416, 0, 3
2 53 44: 1416, 0, 3
2 53 51: 1416, 0, 3
2 54 43: 1414, 4, 1
2 54 44: 1416, 0, 3
2 54 51: 1414, 5, 3
2 54 51: 1416, 0, 3
2 55 2: 1643, 16, 1
2 55 3: 1633, 12, 2
2 55 4: 1643, 16, 2
2 55 44: 1414, 5, 0
2 55 44: 1416, 0, 0
2 55 45: 1416, 0, 0
2 55 46: 1414, 5, 0
2 55 46: 1416, 0, 0
2 55 47: 1416, 0, 0
2 55 48: 1414, 5, 0
2 55 48: 1416, 0, 0
2 55 49: 1416, 0, 0
2 55 50: 1414, 5, 0
2 55 50: 1416, 0, 0
2 55 51: 1416, 3, 3
2 56 1: 1643, 16, 1
2 56 2: 1643, 15, 1
2 56 3: 1643, 17, 0
2 56 4: 1643, 15, 2
2 56 5: 1643, 16, 2
2 57 1: 1643, 12, 1
2 57 2: 1643, 17, 0
2 57 3: 1643, 17, 0
2 57 4: 1643, 17, 0
2 57 5: 1643, 12, 3
2 58 1: 1643, 16, 0
2 58 2: 1643, 15, 0
2 58 3: 1643, 17, 0
2 58 4: 1643, 15, 3
2 58 5: 1643, 16, 3
2 59 2: 1643, 16, 0
2 59 3: 1643, 12, 0
2 59 4: 1643, 16, 3
3 28 59: 1329, 10, 3
