0 0 32: 1247, 22, 0
0 0 58: 325, 22, 1
0 1 4: 1259, 22, 3
0 1 5: 1259, 22, 1
0 1 29: 1341, 10, 3
0 1 30: 1247, 22, 2
0 1 32: 1341, 10, 0
0 1 33: 1247, 22, 3
0 1 36: 1246, 22, 2
0 1 54: 325, 22, 2
0 1 59: 325, 22, 1
0 2 5: 1259, 22, 2
0 2 7: 1281, 10, 1
0 2 9: 1247, 22, 0
0 2 16: 179, 22, 3
0 2 19: 1247, 22, 3
0 2 26: 1247, 22, 1
0 2 31: 1247, 22, 2
0 2 36: 1341, 10, 2
0 2 38: 325, 22, 1
0 2 48: 324, 22, 3
0 2 60: 325, 22, 0
0 3 1: 1247, 22, 1
0 3 1: 1281, 10, 0
0 3 9: 1264, 22, 1
0 3 11: 1248, 22, 2
0 3 26: 1286, 10, 0
0 3 27: 1247, 22, 3
0 3 33: 1246, 22, 3
0 3 35: 325, 22, 2
0 3 40: 325, 22, 1
0 3 41: 325, 22, 0
0 3 47: 326, 22, 1
0 4 3: 1247, 22, 3
0 4 7: 1247, 22, 3
0 4 15: 179, 22, 0
0 4 19: 1276, 10, 3
0 4 26: 1247, 22, 0
0 4 28: 1247, 22, 3
0 4 30: 1341, 10, 1
0 4 32: 1247, 22, 1
0 4 54: 325, 22, 3
0 4 60: 325, 22, 3
0 5 1: 1264, 22, 2
0 5 5: 1259, 22, 2
0 5 15: 1248, 22, 0
0 5 19: 1247, 22, 1
0 5 24: 1032, 10, 2
0 5 33: 1341, 10, 0
0 5 36: 1282, 10, 2
0 5 43: 1341, 10, 0
0 5 50: 1247, 22, 1
0 5 53: 325, 22, 0
0 5 54: 324, 22, 2
0 5 55: 326, 22, 2
0 5 56: 1325, 10, 2
0 5 61: 325, 22, 3
0 6 4: 1259, 22, 0
0 6 5: 1276, 10, 0
0 6 28: 1341, 10, 2
0 6 30: 1247, 22, 0
0 6 39: 1282, 10, 2
0 6 40: 1246, 22, 0
0 6 44: 1282, 10, 1
0 6 45: 1247, 22, 0
0 6 49: 1247, 22, 2
0 6 50: 1325, 10, 0
0 6 51: 1247, 22, 0
0 6 53: 325, 22, 1
0 6 54: 325, 22, 2
0 6 54: 1286, 10, 3
0 6 58: 1324, 10, 3
0 7 0: 1259, 22, 2
0 7 2: 1259, 22, 2
0 7 3: 1259, 22, 1
0 7 4: 1259, 22, 2
0 7 28: 1247, 22, 3
0 7 31: 1341, 10, 3
0 7 44: 1246, 22, 1
0 7 52: 326, 22, 3
0 7 52: 1324, 10, 1
0 7 55: 1324, 10, 0
0 7 57: 1286, 10, 2
0 7 58: 326, 22, 3
0 8 10: 1248, 22, 1
0 8 12: 1259, 22, 0
0 8 14: 1276, 10, 0
0 8 15: 1247, 22, 2
0 8 20: 325, 22, 3
0 8 21: 326, 22, 0
0 8 22: 325, 22, 2
0 8 23: 325, 22, 0
0 8 36: 1282, 10, 2
0 8 41: 325, 22, 0
0 8 49: 325, 22, 2
0 8 50: 325, 22, 1
0 8 50: 1286, 10, 0
0 8 51: 325, 22, 0
0 8 55: 325, 22, 2
0 8 58: 324, 22, 1
0 9 1: 1248, 22, 2
0 9 7: 1247, 22, 0
0 9 11: 1259, 22, 1
0 9 14: 1247, 22, 3
0 9 15: 1247, 22, 2
0 9 19: 325, 22, 1
0 9 20: 325, 22, 2
0 9 23: 325, 22, 3
0 9 30: 1247, 22, 0
0 9 33: 1282, 10, 3
0 9 36: 1246, 22, 3
0 9 38: 1341, 10, 1
0 9 41: 1246, 22, 2
0 9 44: 325, 22, 3
0 9 49: 325, 22, 1
0 9 50: 326, 22, 1
0 9 51: 325, 22, 3
0 9 53: 325, 22, 3
0 9 54: 325, 22, 1
0 9 54: 1286, 10, 3
0 9 55: 325, 22, 0
0 9 58: 1325, 10, 2
0 10 17: 325, 22, 2
0 10 18: 325, 22, 1
0 10 23: 324, 22, 3
0 10 26: 1286, 10, 0
0 10 30: 1286, 10, 3
0 10 31: 1247, 22, 3
0 10 33: 1246, 22, 2
0 10 40: 1282, 10, 3
0 10 47: 325, 22, 3
0 10 48: 325, 22, 0
0 10 50: 325, 22, 0
0 10 51: 325, 22, 3
0 10 53: 325, 22, 3
0 10 54: 326, 22, 0
0 10 55: 325, 22, 3
0 10 56: 325, 22, 0
0 10 58: 325, 22, 2
0 10 59: 325, 22, 0
0 11 0: 180, 22, 3
0 11 7: 1259, 22, 3
0 11 8: 1259, 22, 2
0 11 17: 325, 22, 0
0 11 19: 1286, 10, 3
0 11 23: 325, 22, 3
0 11 37: 325, 22, 2
0 11 47: 325, 22, 2
0 11 48: 326, 22, 3
0 11 49: 325, 22, 2
0 11 49: 1325, 10, 3
0 11 53: 325, 22, 3
0 11 54: 324, 22, 0
0 11 55: 325, 22, 2
0 11 57: 1286, 10, 2
0 11 58: 325, 22, 3
0 11 59: 326, 22, 2
0 11 60: 325, 22, 0
0 12 0: 1258, 22, 3
0 12 1: 1258, 22, 2
0 12 2: 1259, 22, 2
0 12 3: 1259, 22, 2
0 12 4: 1259, 22, 0
0 12 6: 1257, 22, 2
0 12 9: 1248, 22, 3
0 12 13: 325, 22, 2
0 12 14: 325, 22, 1
0 12 17: 326, 22, 1
0 12 23: 326, 22, 3
0 12 28: 1286, 10, 2
0 12 37: 325, 22, 3
0 12 44: 1282, 10, 0
0 12 47: 325, 22, 1
0 12 48: 325, 22, 3
0 12 49: 325, 22, 2
0 12 50: 1286, 10, 0
0 12 52: 1246, 22, 1
0 12 53: 1286, 10, 1
0 12 55: 325, 22, 0
0 12 55: 1322, 10, 2
0 12 58: 325, 22, 1
0 12 59: 325, 22, 2
0 12 60: 1325, 10, 1
0 13 0: 1258, 22, 0
0 13 1: 1259, 22, 3
0 13 2: 1259, 22, 1
0 13 3: 1258, 22, 0
0 13 4: 1257, 22, 2
0 13 5: 1257, 22, 3
0 13 6: 1257, 22, 0
0 13 7: 1257, 22, 3
0 13 13: 326, 22, 0
0 13 14: 325, 22, 0
0 13 17: 325, 22, 3
0 13 18: 325, 22, 1
0 13 19: 325, 22, 1
0 13 20: 326, 22, 2
0 13 21: 325, 22, 2
0 13 22: 325, 22, 2
0 13 23: 325, 22, 1
0 13 28: 1247, 22, 3
0 13 32: 1286, 10, 0
0 13 34: 1282, 10, 1
0 13 39: 1282, 10, 0
0 13 47: 326, 22, 2
0 13 48: 324, 22, 3
0 13 49: 325, 22, 1
0 13 50: 1246, 22, 3
0 14 0: 1259, 22, 0
0 14 1: 1259, 22, 1
0 14 2: 1258, 22, 0
0 14 3: 1257, 22, 3
0 14 4: 1257, 22, 1
0 14 5: 1257, 22, 3
0 14 8: 1248, 22, 3
0 14 10: 1276, 10, 2
0 14 11: 1247, 22, 0
0 14 13: 325, 22, 3
0 14 14: 325, 22, 1
0 14 29: 1282, 10, 0
0 14 30: 1246, 22, 1
0 14 47: 325, 22, 3
0 14 49: 325, 22, 2
0 14 54: 1246, 22, 0
0 14 54: 1286, 10, 0
0 15 0: 1259, 22, 2
0 15 1: 1259, 22, 3
0 15 2: 1259, 22, 1
0 15 3: 1258, 22, 3
0 15 4: 1257, 22, 2
0 15 4: 1276, 10, 1
0 15 5: 1257, 22, 2
0 15 6: 1257, 22, 1
0 15 10: 1247, 22, 2
0 15 26: 324, 22, 0
0 15 28: 324, 22, 0
0 15 39: 1246, 22, 0
0 15 51: 1286, 10, 2
0 15 56: 325, 22, 2
0 15 57: 325, 22, 1
0 15 57: 1286, 10, 2
0 15 58: 325, 22, 0
0 15 59: 1324, 10, 2
0 16 0: 1259, 22, 1
0 16 1: 1259, 22, 0
0 16 2: 1259, 22, 3
0 16 3: 1258, 22, 2
0 16 4: 1257, 22, 2
0 16 5: 1257, 22, 1
0 16 8: 1264, 22, 0
0 16 16: 1248, 22, 1
0 16 17: 1032, 11, 2
0 16 18: 326, 22, 0
0 16 19: 325, 22, 2
0 16 22: 326, 22, 2
0 16 25: 324, 22, 3
0 16 27: 324, 22, 0
0 16 29: 324, 22, 1
0 16 33: 1247, 22, 3
0 16 34: 1286, 10, 1
0 16 35: 1247, 22, 1
0 16 49: 325, 22, 2
0 16 49: 1286, 10, 3
0 16 50: 325, 22, 1
0 16 51: 325, 22, 3
0 16 56: 325, 22, 3
0 16 56: 1324, 10, 1
0 16 57: 326, 22, 3
0 16 58: 325, 22, 0
0 17 0: 1258, 22, 1
0 17 1: 1259, 22, 0
0 17 2: 1258, 22, 0
0 17 3: 1257, 22, 3
0 17 4: 1257, 22, 1
0 17 5: 1257, 22, 2
0 17 7: 1276, 10, 1
0 17 8: 1247, 22, 2
0 17 16: 1247, 22, 2
0 17 19: 326, 22, 1
0 17 20: 325, 22, 1
0 17 31: 1286, 10, 1
0 17 36: 1246, 22, 0
0 17 36: 1282, 10, 3
0 17 37: 1247, 22, 0
0 17 49: 325, 22, 2
0 17 50: 326, 22, 0
0 17 51: 325, 22, 2
0 17 53: 325, 22, 1
0 17 54: 325, 22, 0
0 17 54: 1286, 10, 1
0 17 55: 325, 22, 3
0 17 56: 325, 22, 2
0 17 57: 325, 22, 3
0 17 58: 325, 22, 3
0 18 0: 1258, 22, 2
0 18 1: 1258, 22, 0
0 18 2: 1257, 22, 1
0 18 3: 1257, 22, 1
0 18 4: 1264, 22, 3
0 18 7: 1264, 22, 1
0 18 8: 1247, 22, 3
0 18 11: 1247, 22, 1
0 18 16: 1247, 22, 0
0 18 16: 1286, 10, 0
0 18 17: 1247, 22, 1
0 18 26: 324, 22, 2
0 18 28: 324, 22, 1
0 18 34: 1247, 22, 3
0 18 36: 1247, 22, 3
0 18 39: 325, 22, 0
0 18 40: 325, 22, 1
0 18 44: 325, 22, 3
0 18 50: 325, 22, 0
0 18 52: 1325, 10, 3
0 18 54: 326, 22, 2
0 18 55: 325, 22, 2
0 18 56: 1325, 10, 0
0 18 60: 325, 22, 0
0 19 0: 1257, 22, 3
0 19 1: 1257, 22, 0
0 19 1: 1281, 10, 2
0 19 2: 1257, 22, 3
0 19 3: 1257, 22, 2
0 19 4: 1257, 22, 1
0 19 10: 1276, 10, 3
0 19 13: 325, 22, 0
0 19 14: 325, 22, 2
0 19 20: 1247, 22, 2
0 19 21: 1247, 22, 3
0 19 21: 1286, 10, 3
0 19 33: 1247, 22, 0
0 19 34: 1286, 10, 1
0 19 38: 325, 22, 3
0 19 39: 326, 22, 2
0 19 40: 325, 22, 2
0 19 41: 325, 22, 1
0 19 42: 325, 22, 2
0 19 43: 325, 22, 0
0 19 44: 326, 22, 3
0 19 45: 325, 22, 1
0 19 53: 325, 22, 0
0 19 54: 325, 22, 1
0 20 0: 1257, 22, 2
0 20 1: 1247, 22, 1
0 20 5: 1276, 10, 0
0 20 6: 1247, 22, 3
0 20 11: 1247, 22, 2
0 20 13: 326, 22, 1
0 20 14: 325, 22, 3
0 20 16: 326, 22, 2
0 20 17: 325, 22, 1
0 20 22: 326, 22, 1
0 20 23: 325, 22, 1
0 20 25: 325, 22, 3
0 20 37: 325, 22, 0
0 20 38: 325, 22, 3
0 20 40: 325, 22, 0
0 20 42: 326, 22, 2
0 20 43: 325, 22, 3
0 20 44: 325, 22, 0
0 20 46: 325, 22, 3
0 21 0: 1257, 22, 1
0 21 3: 1247, 22, 2
0 21 5: 1247, 22, 2
0 21 15: 325, 22, 3
0 21 16: 325, 22, 3
0 21 17: 325, 22, 0
0 21 25: 325, 22, 3
0 21 36: 325, 22, 2
0 21 41: 325, 22, 0
0 21 42: 324, 22, 2
0 21 44: 324, 22, 1
0 21 45: 326, 22, 3
0 21 46: 325, 22, 3
0 21 48: 1282, 10, 0
0 21 58: 325, 22, 1
0 22 0: 1257, 22, 0
0 22 1: 1257, 22, 0
0 22 3: 2767, 22, 0
0 22 6: 1257, 22, 0
0 22 7: 1257, 22, 0
0 22 8: 1257, 22, 2
0 22 8: 1276, 10, 0
0 22 9: 1247, 22, 0
0 22 20: 324, 22, 3
0 22 26: 325, 22, 2
0 22 36: 325, 22, 1
0 22 37: 326, 22, 3
0 22 38: 325, 22, 3
0 22 41: 325, 22, 3
0 22 42: 325, 22, 2
0 22 43: 325, 22, 3
0 22 44: 325, 22, 1
0 22 45: 325, 22, 1
0 22 48: 1246, 22, 2
0 22 60: 325, 22, 3
0 22 61: 325, 22, 2
0 23 5: 1257, 22, 3
0 23 6: 1257, 22, 0
0 23 7: 1257, 22, 1
0 23 9: 1247, 22, 3
0 23 14: 325, 22, 3
0 23 15: 325, 22, 0
0 23 26: 325, 22, 2
0 23 29: 326, 22, 3
0 23 32: 326, 22, 2
0 23 36: 325, 22, 1
0 23 37: 325, 22, 2
0 23 42: 325, 22, 2
0 23 44: 1282, 10, 1
0 23 52: 1282, 10, 3
0 23 53: 1246, 22, 1
0 23 57: 1247, 22, 1
0 23 58: 1282, 10, 2
0 23 59: 1247, 22, 2
0 24 2: 1281, 10, 3
0 24 3: 1247, 22, 0
0 24 4: 1257, 22, 2
0 24 5: 1257, 22, 2
0 24 6: 1258, 22, 0
0 24 7: 1258, 22, 1
0 24 8: 1257, 22, 0
0 24 10: 326, 22, 3
0 24 11: 325, 22, 1
0 24 14: 325, 22, 1
0 24 15: 325, 22, 0
0 24 19: 1247, 22, 1
0 24 23: 326, 22, 2
0 24 34: 326, 22, 3
0 24 36: 325, 22, 3
0 24 37: 326, 22, 3
0 24 41: 325, 22, 2
0 24 45: 1246, 22, 3
0 24 58: 1247, 22, 0
0 24 59: 1247, 22, 3
0 25 2: 1247, 22, 3
0 25 4: 1257, 22, 0
0 25 5: 1258, 22, 3
0 25 6: 1259, 22, 3
0 25 7: 1259, 22, 2
0 25 8: 1258, 22, 3
0 25 9: 325, 22, 3
0 25 10: 325, 22, 0
0 25 11: 325, 22, 1
0 25 14: 325, 22, 1
0 25 16: 325, 22, 0
0 25 18: 1247, 22, 0
0 25 19: 1247, 22, 0
0 25 19: 1286, 10, 2
0 25 22: 325, 22, 2
0 25 35: 325, 22, 1
0 25 37: 325, 22, 1
0 25 40: 324, 22, 0
0 25 41: 326, 22, 2
0 25 56: 1247, 22, 2
0 26 2: 1247, 22, 3
0 26 3: 1264, 22, 2
0 26 4: 1257, 22, 1
0 26 5: 1258, 22, 2
0 26 6: 1258, 22, 1
0 26 7: 1258, 22, 0
0 26 8: 1257, 22, 1
0 26 11: 325, 22, 2
0 26 14: 325, 22, 2
0 26 17: 325, 22, 2
0 26 21: 325, 22, 1
0 26 22: 326, 22, 2
0 26 23: 325, 22, 2
0 26 28: 1247, 22, 1
0 26 36: 326, 22, 2
0 26 37: 325, 22, 1
0 26 41: 324, 22, 3
0 26 48: 1247, 22, 1
0 26 51: 1282, 10, 3
0 26 52: 1247, 22, 1
0 26 55: 1247, 22, 1
0 26 56: 1282, 10, 3
0 26 57: 1247, 22, 3
0 27 5: 1257, 22, 3
0 27 6: 1257, 22, 3
0 27 7: 1257, 22, 0
0 27 8: 1257, 22, 2
0 27 9: 1257, 22, 3
0 27 14: 326, 22, 2
0 27 18: 325, 22, 1
0 27 22: 325, 22, 0
0 27 27: 1247, 22, 2
0 27 28: 1247, 22, 3
0 27 28: 1286, 10, 2
0 27 29: 1247, 22, 2
0 27 37: 325, 22, 0
0 27 44: 1246, 22, 3
0 27 47: 1247, 22, 2
0 27 48: 1282, 10, 1
0 27 52: 1247, 22, 2
0 27 56: 1246, 22, 0
0 27 57: 1247, 22, 0
0 28 5: 1257, 22, 2
0 28 6: 1276, 10, 2
0 28 7: 1257, 22, 0
0 28 8: 1257, 22, 2
0 28 13: 1032, 11, 1
0 28 15: 1286, 10, 3
0 28 25: 1286, 10, 0
0 28 48: 1247, 22, 3
0 28 49: 1247, 22, 3
0 28 51: 1247, 22, 0
0 29 10: 325, 22, 3
0 29 14: 325, 22, 0
0 29 18: 326, 22, 0
0 29 23: 324, 22, 0
0 29 24: 325, 22, 2
0 29 25: 326, 22, 3
0 29 26: 325, 22, 1
0 29 29: 326, 22, 3
0 29 38: 1286, 10, 3
0 29 40: 324, 22, 3
0 29 44: 326, 22, 3
0 29 53: 1247, 22, 1
0 29 54: 1247, 22, 1
0 29 55: 1247, 22, 0
0 29 56: 1247, 22, 0
0 29 57: 1247, 22, 3
0 30 0: 1264, 22, 0
0 30 1: 1247, 22, 0
0 30 3: 1276, 10, 3
0 30 4: 1247, 22, 0
0 30 9: 326, 22, 2
0 30 10: 325, 22, 0
0 30 11: 325, 22, 2
0 30 15: 326, 22, 1
0 30 17: 325, 22, 2
0 30 22: 326, 22, 0
0 30 26: 1286, 10, 3
0 30 27: 325, 22, 0
0 30 35: 1247, 22, 3
0 30 40: 326, 22, 0
0 30 43: 1286, 10, 0
0 30 52: 1247, 22, 2
0 30 53: 1282, 10, 1
0 30 54: 1247, 22, 2
0 30 56: 1282, 10, 0
0 31 3: 1247, 22, 3
0 31 6: 325, 22, 1
0 31 7: 325, 22, 0
0 31 10: 324, 22, 2
0 31 19: 326, 22, 1
0 31 22: 325, 22, 3
0 31 24: 1286, 10, 3
0 31 27: 325, 22, 3
0 31 31: 326, 22, 3
0 31 34: 1247, 22, 3
0 31 35: 1247, 22, 1
0 31 35: 1286, 10, 0
0 31 38: 1246, 22, 2
0 31 46: 1282, 10, 0
0 31 47: 1246, 22, 0
0 31 53: 1247, 22, 3
0 31 56: 1247, 22, 1
0 32 1: 1247, 22, 3
0 32 3: 1257, 22, 1
0 32 4: 1258, 22, 1
0 32 5: 325, 22, 2
0 32 6: 1257, 22, 2
0 32 7: 1257, 22, 1
0 32 8: 1257, 22, 3
0 32 9: 1257, 22, 2
0 32 10: 325, 22, 1
0 32 15: 1286, 10, 2
0 32 20: 1286, 10, 1
0 32 21: 1247, 22, 2
0 32 23: 325, 22, 1
0 32 27: 326, 22, 2
0 32 38: 1247, 22, 3
0 32 38: 1324, 10, 2
0 32 42: 1247, 22, 1
0 32 43: 1286, 10, 3
0 32 44: 1247, 22, 0
0 32 45: 1286, 10, 1
0 32 47: 324, 22, 2
0 32 48: 326, 22, 3
0 32 61: 1247, 22, 0
0 33 1: 1257, 22, 3
0 33 2: 1257, 22, 2
0 33 3: 1257, 22, 2
0 33 4: 1258, 22, 2
0 33 5: 326, 22, 1
0 33 6: 1257, 22, 1
0 33 17: 325, 22, 1
0 33 18: 325, 22, 2
0 33 19: 326, 22, 1
0 33 25: 325, 22, 2
0 33 26: 1286, 10, 0
0 33 33: 1247, 22, 1
0 33 39: 1247, 22, 3
0 33 45: 1247, 22, 3
0 33 50: 1247, 22, 0
0 34 2: 1257, 22, 0
0 34 3: 1257, 22, 3
0 34 4: 1258, 22, 3
0 34 6: 1257, 22, 0
0 34 7: 1257, 22, 0
0 34 9: 326, 22, 0
0 34 16: 325, 22, 3
0 34 19: 325, 22, 1
0 34 25: 326, 22, 3
0 34 31: 326, 22, 3
0 34 32: 324, 22, 2
0 34 33: 1325, 10, 1
0 34 34: 1247, 22, 0
0 34 36: 1247, 22, 3
0 34 37: 1247, 22, 3
0 34 37: 1325, 10, 2
0 34 38: 1247, 22, 0
0 34 40: 1247, 22, 2
0 34 43: 1246, 22, 1
0 34 44: 1286, 10, 2
0 34 47: 1247, 22, 2
0 34 50: 1282, 10, 2
0 34 51: 1247, 22, 3
0 34 59: 1248, 22, 3
0 35 1: 1258, 22, 2
0 35 2: 1258, 22, 3
0 35 3: 1258, 22, 2
0 35 4: 1258, 22, 1
0 35 7: 1257, 22, 2
0 35 10: 1257, 22, 1
0 35 16: 326, 22, 2
0 35 19: 326, 22, 0
0 35 27: 326, 22, 3
0 35 35: 1247, 22, 0
0 35 36: 1247, 22, 1
0 35 36: 1286, 10, 3
0 35 41: 1324, 10, 1
0 35 46: 1247, 22, 3
0 35 47: 1286, 10, 0
0 35 50: 1247, 22, 1
0 35 51: 1247, 22, 2
0 35 57: 1247, 22, 3
0 36 0: 1258, 22, 2
0 36 1: 1259, 22, 2
0 36 2: 1259, 22, 3
0 36 3: 1259, 22, 0
0 36 4: 1258, 22, 0
0 36 6: 325, 22, 3
0 36 7: 325, 22, 0
0 36 9: 1258, 22, 1
0 36 10: 1257, 22, 2
0 36 12: 326, 22, 3
0 36 13: 325, 22, 0
0 36 17: 325, 22, 3
0 36 18: 325, 22, 1
0 36 22: 1032, 10, 2
0 36 25: 1286, 10, 1
0 36 34: 1246, 22, 3
0 36 34: 1286, 10, 3
0 36 39: 1246, 22, 3
0 36 39: 1286, 10, 2
0 36 41: 1247, 22, 1
0 36 45: 1286, 10, 2
0 37 0: 1258, 22, 0
0 37 1: 1259, 22, 1
0 37 2: 1259, 22, 1
0 37 3: 1258, 22, 3
0 37 4: 1258, 22, 3
0 37 5: 1258, 22, 0
0 37 6: 1258, 22, 1
0 37 7: 1258, 22, 3
0 37 8: 1258, 22, 2
0 37 9: 1257, 22, 1
0 37 13: 325, 22, 3
0 37 27: 326, 22, 1
0 37 36: 1247, 22, 1
0 37 36: 1322, 10, 0
0 37 38: 1247, 22, 3
0 37 39: 1325, 10, 3
0 37 40: 1247, 22, 0
0 37 43: 1246, 22, 2
0 37 43: 1286, 10, 2
0 37 47: 1286, 10, 3
0 37 48: 324, 22, 3
0 37 49: 326, 22, 3
0 37 54: 1247, 22, 2
0 38 1: 1258, 22, 3
0 38 2: 1258, 22, 0
0 38 3: 1258, 22, 1
0 38 5: 1257, 22, 0
0 38 6: 1257, 22, 3
0 38 6: 1276, 10, 1
0 38 8: 1257, 22, 1
0 38 9: 1257, 22, 0
0 38 10: 1276, 10, 2
0 38 11: 1247, 22, 1
0 38 26: 1247, 22, 0
0 38 29: 326, 22, 1
0 38 34: 1247, 22, 3
0 38 35: 1247, 22, 2
0 38 36: 1246, 22, 0
0 38 39: 1247, 22, 2
0 38 44: 1247, 22, 1
0 38 45: 1286, 10, 0
0 38 47: 1247, 22, 2
0 38 49: 1247, 22, 1
0 38 50: 1247, 22, 3
0 39 3: 1281, 10, 2
0 39 4: 1247, 22, 2
0 39 7: 1257, 22, 0
0 39 10: 1247, 22, 2
0 39 16: 1286, 10, 3
0 39 19: 174, 22, 3
0 39 25: 1247, 22, 2
0 39 26: 1286, 10, 0
0 39 27: 326, 22, 0
0 39 34: 1247, 22, 3
0 39 35: 1286, 10, 0
0 39 37: 1286, 10, 1
0 39 40: 1324, 10, 0
0 39 48: 1282, 10, 1
0 39 49: 1247, 22, 2
0 40 12: 325, 22, 3
0 40 20: 326, 22, 3
0 40 21: 325, 22, 0
0 40 26: 1247, 22, 0
0 40 30: 325, 22, 3
0 40 31: 325, 22, 2
0 40 33: 1247, 22, 1
0 40 37: 1246, 22, 2
0 40 44: 325, 22, 3
0 40 45: 325, 22, 2
0 40 48: 1246, 22, 3
0 40 49: 1247, 22, 0
0 40 55: 325, 22, 1
0 40 56: 325, 22, 0
0 40 57: 325, 22, 2
0 41 3: 1247, 22, 1
0 41 5: 1247, 22, 1
0 41 10: 325, 22, 2
0 41 11: 325, 22, 0
0 41 15: 325, 22, 2
0 41 19: 325, 22, 0
0 41 28: 326, 22, 2
0 41 30: 324, 22, 1
0 41 31: 325, 22, 2
0 41 33: 1247, 22, 3
0 41 34: 1325, 10, 3
0 41 35: 1246, 22, 2
0 41 38: 1246, 22, 1
0 41 39: 1325, 10, 3
0 41 44: 324, 22, 0
0 41 45: 1286, 10, 2
0 41 46: 325, 22, 3
0 41 54: 325, 22, 0
0 41 55: 324, 22, 0
0 41 56: 325, 22, 2
0 41 57: 326, 22, 2
0 41 58: 325, 22, 1
0 42 7: 1257, 22, 2
0 42 8: 1257, 22, 1
0 42 10: 325, 22, 1
0 42 11: 325, 22, 3
0 42 14: 325, 22, 1
0 42 16: 325, 22, 1
0 42 19: 326, 22, 2
0 42 22: 325, 22, 1
0 42 29: 326, 22, 1
0 42 30: 325, 22, 3
0 42 31: 325, 22, 1
0 42 31: 1322, 10, 1
0 42 36: 1325, 10, 0
0 42 43: 325, 22, 1
0 42 44: 326, 22, 2
0 42 45: 325, 22, 0
0 42 46: 325, 22, 3
0 42 55: 326, 22, 0
0 42 56: 325, 22, 2
0 42 57: 325, 22, 3
0 42 59: 326, 22, 3
0 43 6: 1257, 22, 0
0 43 7: 1257, 22, 0
0 43 7: 1276, 10, 0
0 43 9: 1257, 22, 3
0 43 11: 325, 22, 1
0 43 14: 325, 22, 0
0 43 17: 326, 22, 2
0 43 19: 325, 22, 3
0 43 27: 1247, 22, 1
0 43 28: 1247, 22, 3
0 43 28: 1286, 10, 1
0 43 29: 1247, 22, 3
0 43 31: 325, 22, 3
0 43 32: 326, 22, 3
0 43 33: 325, 22, 0
0 43 39: 1286, 10, 1
0 43 44: 325, 22, 1
0 43 45: 325, 22, 2
0 43 46: 325, 22, 3
0 43 51: 325, 22, 0
0 43 52: 325, 22, 2
0 43 55: 325, 22, 0
0 43 58: 325, 22, 3
0 43 59: 324, 22, 3
0 43 60: 325, 22, 3
0 43 61: 325, 22, 0
0 44 6: 1257, 22, 2
0 44 8: 1257, 22, 3
0 44 9: 1257, 22, 1
0 44 10: 1257, 22, 0
0 44 13: 325, 22, 0
0 44 14: 326, 22, 1
0 44 17: 325, 22, 3
0 44 25: 1247, 22, 0
0 44 27: 1247, 22, 0
0 44 28: 1247, 22, 0
0 44 29: 1247, 22, 0
0 44 32: 325, 22, 2
0 44 33: 325, 22, 1
0 44 34: 1325, 10, 0
0 44 35: 1247, 22, 2
0 44 40: 1324, 10, 2
0 44 50: 325, 22, 3
0 44 51: 324, 22, 1
0 44 52: 326, 22, 3
0 44 53: 325, 22, 2
0 44 54: 325, 22, 1
0 44 55: 326, 22, 1
0 44 56: 325, 22, 3
0 44 57: 1247, 22, 1
0 44 58: 1282, 10, 2
0 44 59: 325, 22, 3
0 44 60: 326, 22, 0
0 44 61: 325, 22, 1
0 45 2: 1276, 10, 3
0 45 5: 1257, 22, 0
0 45 6: 1258, 22, 0
0 45 7: 1258, 22, 3
0 45 8: 1258, 22, 2
0 45 9: 1258, 22, 1
0 45 10: 1257, 22, 0
0 45 11: 1257, 22, 2
0 45 14: 325, 22, 3
0 45 24: 1247, 22, 2
0 45 25: 1247, 22, 3
0 45 25: 1286, 10, 3
0 45 30: 325, 22, 2
0 45 31: 325, 22, 1
0 45 34: 1247, 22, 3
0 45 37: 1324, 10, 3
0 45 50: 325, 22, 1
0 45 51: 325, 22, 0
0 45 52: 325, 22, 3
0 45 54: 325, 22, 1
0 45 55: 1282, 10, 3
0 45 58: 1247, 22, 0
0 45 59: 325, 22, 1
0 45 60: 325, 22, 3
0 46 5: 1257, 22, 0
0 46 6: 1258, 22, 1
0 46 7: 1259, 22, 1
0 46 8: 1259, 22, 0
0 46 9: 1258, 22, 3
0 46 10: 1257, 22, 1
0 46 12: 1276, 10, 1
0 46 14: 325, 22, 0
0 46 15: 325, 22, 2
0 46 19: 1286, 10, 0
0 46 24: 326, 22, 1
0 46 30: 326, 22, 3
0 46 52: 1282, 10, 1
0 46 53: 1246, 22, 1
0 46 56: 1246, 22, 0
0 46 59: 1282, 10, 2
0 47 4: 1281, 10, 0
0 47 5: 1257, 22, 3
0 47 7: 1258, 22, 2
0 47 8: 1259, 22, 2
0 47 9: 1259, 22, 3
0 47 10: 1258, 22, 2
0 47 11: 1257, 22, 0
0 47 22: 1286, 10, 3
0 47 24: 325, 22, 2
0 47 29: 1032, 10, 2
0 47 51: 325, 22, 1
0 47 55: 1282, 10, 1
0 47 57: 1282, 10, 0
0 47 60: 1246, 22, 0
0 48 5: 1257, 22, 2
0 48 6: 1257, 22, 2
0 48 7: 1258, 22, 3
0 48 8: 1258, 22, 0
0 48 9: 1258, 22, 1
0 48 10: 1257, 22, 2
0 48 16: 1286, 10, 1
0 48 20: 1286, 10, 2
0 48 31: 326, 22, 3
0 48 33: 325, 22, 0
0 48 35: 325, 22, 1
0 48 50: 325, 22, 2
0 48 51: 326, 22, 0
0 48 52: 324, 22, 1
0 48 53: 1282, 10, 1
0 48 55: 1247, 22, 0
0 48 56: 1247, 22, 3
0 48 58: 1246, 22, 1
0 48 59: 325, 22, 0
0 48 60: 325, 22, 1
0 49 2: 1247, 22, 0
0 49 6: 1257, 22, 1
0 49 7: 1257, 22, 0
0 49 8: 1257, 22, 3
0 49 9: 1276, 10, 0
0 49 15: 325, 22, 1
0 49 16: 325, 22, 2
0 49 18: 1286, 10, 0
0 49 21: 325, 22, 2
0 49 22: 325, 22, 1
0 49 24: 325, 22, 3
0 49 25: 1286, 10, 2
0 49 33: 325, 22, 3
0 49 34: 326, 22, 2
0 49 36: 325, 22, 2
0 49 37: 326, 22, 3
0 49 38: 325, 22, 1
0 49 41: 325, 22, 3
0 49 44: 326, 22, 3
0 49 49: 325, 22, 1
0 49 51: 325, 22, 1
0 49 56: 1282, 10, 2
0 49 58: 1282, 10, 3
0 49 59: 325, 22, 1
0 49 60: 325, 22, 3
0 49 61: 325, 22, 2
0 50 5: 2767, 22, 0
0 50 7: 1257, 22, 0
0 50 8: 1257, 22, 3
0 50 11: 325, 22, 2
0 50 15: 325, 22, 0
0 50 16: 325, 22, 3
0 50 19: 325, 22, 2
0 50 20: 324, 22, 1
0 50 21: 325, 22, 2
0 50 22: 325, 22, 0
0 50 22: 1286, 10, 1
0 50 24: 326, 22, 0
0 50 34: 325, 22, 2
0 50 36: 325, 22, 3
0 50 37: 325, 22, 0
0 50 40: 325, 22, 3
0 50 41: 326, 22, 2
0 50 42: 325, 22, 1
0 50 43: 326, 22, 3
0 50 44: 324, 22, 2
0 50 53: 1247, 22, 3
0 50 54: 1282, 10, 3
0 50 55: 1247, 22, 2
0 50 57: 1246, 22, 3
0 50 60: 325, 22, 0
0 50 61: 325, 22, 3
0 51 2: 1276, 10, 2
0 51 13: 325, 22, 3
0 51 14: 325, 22, 2
0 51 21: 326, 22, 0
0 51 24: 325, 22, 0
0 51 37: 324, 22, 1
0 51 41: 325, 22, 0
0 51 53: 1247, 22, 2
0 51 55: 1246, 22, 2
0 51 56: 1282, 10, 0
0 51 59: 325, 22, 1
0 51 60: 325, 22, 1
0 52 0: 1257, 22, 2
0 52 1: 1257, 22, 1
0 52 2: 1257, 22, 0
0 52 3: 1257, 22, 0
0 52 8: 1282, 10, 2
0 52 9: 1257, 22, 0
0 52 10: 1257, 22, 0
0 52 12: 1032, 10, 2
0 52 13: 326, 22, 2
0 52 14: 325, 22, 1
0 52 16: 1286, 10, 3
0 52 18: 326, 22, 1
0 52 21: 325, 22, 3
0 52 22: 325, 22, 1
0 52 44: 326, 22, 3
0 52 45: 1282, 10, 0
0 52 48: 326, 22, 3
0 52 54: 1282, 10, 2
0 52 58: 1282, 10, 2
0 52 59: 325, 22, 0
0 52 60: 326, 22, 2
0 52 61: 325, 22, 3
0 53 0: 1257, 22, 3
0 53 1: 1257, 22, 2
0 53 2: 1257, 22, 2
0 53 3: 1257, 22, 1
0 53 8: 1257, 22, 2
0 53 9: 1257, 22, 1
0 53 10: 1257, 22, 1
0 53 11: 1257, 22, 3
0 53 21: 325, 22, 0
0 53 22: 325, 22, 3
0 53 25: 325, 22, 1
0 53 26: 326, 22, 3
0 53 27: 325, 22, 0
0 53 31: 326, 22, 3
0 53 34: 326, 22, 0
0 53 37: 1282, 10, 0
0 53 46: 1247, 22, 0
0 53 48: 324, 22, 3
0 53 56: 1282, 10, 3
0 53 57: 325, 22, 0
0 53 58: 325, 22, 1
0 53 59: 325, 22, 3
0 53 60: 325, 22, 0
0 54 0: 1258, 22, 1
0 54 1: 1257, 22, 3
0 54 2: 1258, 22, 0
0 54 3: 1257, 22, 3
0 54 4: 1281, 10, 1
0 54 7: 1257, 22, 0
0 54 8: 1257, 22, 3
0 54 9: 1258, 22, 2
0 54 10: 1258, 22, 1
0 54 11: 1258, 22, 0
0 54 12: 1257, 22, 3
0 54 17: 325, 22, 1
0 54 20: 1286, 10, 0
0 54 21: 325, 22, 2
0 54 22: 325, 22, 2
0 54 23: 1286, 10, 3
0 54 37: 1246, 22, 1
0 54 40: 1282, 10, 0
0 54 41: 1247, 22, 3
0 54 54: 325, 22, 0
0 54 56: 325, 22, 3
0 54 57: 325, 22, 0
0 54 58: 324, 22, 0
0 54 59: 326, 22, 3
0 54 60: 325, 22, 1
0 55 0: 1258, 22, 1
0 55 1: 1259, 22, 3
0 55 2: 1259, 22, 0
0 55 3: 1258, 22, 3
0 55 4: 1257, 22, 3
0 55 7: 1257, 22, 2
0 55 8: 1258, 22, 3
0 55 9: 1259, 22, 2
0 55 10: 1259, 22, 3
0 55 11: 1257, 22, 1
0 55 12: 1257, 22, 0
0 55 15: 1286, 10, 2
0 55 17: 325, 22, 0
0 55 21: 326, 22, 3
0 55 22: 325, 22, 1
0 55 24: 325, 22, 2
0 55 40: 1247, 22, 2
0 55 44: 1246, 22, 0
0 55 44: 1282, 10, 2
0 55 45: 1247, 22, 1
0 55 46: 324, 22, 0
0 55 49: 1282, 10, 1
0 55 50: 1247, 22, 2
0 55 55: 325, 22, 0
0 55 56: 326, 22, 2
0 55 57: 325, 22, 1
0 55 59: 325, 22, 3
0 55 60: 325, 22, 2
0 56 0: 1258, 22, 1
0 56 1: 1259, 22, 3
0 56 2: 1259, 22, 1
0 56 3: 1258, 22, 2
0 56 4: 1257, 22, 2
0 56 7: 1257, 22, 3
0 56 8: 1258, 22, 1
0 56 9: 1259, 22, 1
0 56 10: 1259, 22, 3
0 56 11: 1258, 22, 3
0 56 12: 1257, 22, 2
0 56 14: 1247, 22, 1
0 56 17: 326, 22, 2
0 56 18: 1286, 10, 1
0 56 21: 325, 22, 3
0 56 23: 325, 22, 3
0 56 24: 326, 22, 0
0 56 25: 325, 22, 0
0 56 31: 1246, 22, 1
0 56 31: 1282, 10, 2
0 56 32: 1247, 22, 1
0 56 46: 326, 22, 2
0 56 51: 324, 22, 0
0 56 52: 326, 22, 1
0 56 55: 325, 22, 0
0 56 56: 325, 22, 3
0 56 57: 325, 22, 2
0 57 0: 1258, 22, 2
0 57 1: 1259, 22, 3
0 57 2: 1259, 22, 2
0 57 3: 1258, 22, 1
0 57 4: 1257, 22, 0
0 57 8: 1257, 22, 0
0 57 9: 1258, 22, 2
0 57 10: 1258, 22, 3
0 57 11: 1257, 22, 1
0 57 12: 1276, 10, 3
0 57 17: 325, 22, 0
0 57 19: 325, 22, 2
0 57 20: 325, 22, 1
0 57 24: 325, 22, 1
0 57 25: 325, 22, 1
0 57 26: 325, 22, 2
0 57 31: 1247, 22, 3
0 57 32: 1247, 22, 3
0 57 34: 1282, 10, 3
0 57 35: 1246, 22, 2
0 57 48: 326, 22, 3
0 57 52: 324, 22, 3
0 58 0: 1257, 22, 0
0 58 1: 1258, 22, 3
0 58 2: 1257, 22, 1
0 58 3: 1257, 22, 2
0 58 4: 1257, 22, 3
0 58 7: 1276, 10, 1
0 58 9: 1257, 22, 0
0 58 10: 1258, 22, 3
0 58 11: 1257, 22, 0
0 58 25: 325, 22, 1
0 58 26: 326, 22, 1
0 58 34: 1247, 22, 1
0 58 35: 1247, 22, 3
0 58 42: 1282, 10, 0
0 58 43: 1247, 22, 0
0 58 49: 1282, 10, 2
0 58 50: 1247, 22, 0
0 59 0: 1257, 22, 2
0 59 1: 1257, 22, 2
0 59 1: 1281, 10, 0
0 59 2: 1257, 22, 3
0 59 8: 1257, 22, 3
0 59 9: 1257, 22, 2
0 59 10: 1258, 22, 1
0 59 11: 1258, 22, 2
0 59 12: 1257, 22, 2
0 59 17: 1276, 10, 2
0 59 24: 1286, 10, 0
0 59 26: 325, 22, 0
0 59 27: 325, 22, 3
0 59 38: 1282, 10, 2
0 59 39: 1247, 22, 2
0 59 42: 1247, 22, 2
0 59 46: 1282, 10, 0
0 59 49: 1247, 22, 1
0 59 50: 1247, 22, 3
0 59 61: 1247, 22, 1
0 60 8: 1257, 22, 2
0 60 9: 1258, 22, 3
0 60 10: 1259, 22, 0
0 60 11: 1259, 22, 2
0 60 12: 1258, 22, 0
0 60 13: 325, 22, 3
0 60 14: 326, 22, 0
0 60 21: 1286, 10, 2
0 60 34: 1282, 10, 3
0 60 38: 1247, 22, 0
0 60 39: 1247, 22, 3
0 60 42: 1246, 22, 3
0 60 46: 1247, 22, 0
0 60 47: 1247, 22, 2
0 61 8: 1257, 22, 2
0 61 9: 1258, 22, 0
0 61 10: 1259, 22, 3
0 61 11: 1258, 22, 1
0 61 12: 1258, 22, 0
0 61 13: 326, 22, 1
0 61 14: 325, 22, 0
0 61 34: 1246, 22, 3
0 61 40: 1246, 22, 0
0 61 43: 1282, 10, 3
0 61 44: 1247, 22, 0
0 61 56: 1247, 22, 0
0 62 5: 1276, 10, 3
0 62 8: 1257, 22, 2
0 62 9: 1257, 22, 0
0 62 9: 1276, 10, 0
0 62 11: 1258, 22, 2
0 62 12: 1257, 22, 1
0 62 14: 325, 22, 3
0 62 20: 1032, 11, 1
0 62 43: 1247, 22, 1
0 62 44: 1247, 22, 2
0 62 51: 1282, 10, 3
0 63 10: 1257, 22, 1
0 63 11: 1257, 22, 0
0 63 12: 1257, 22, 1
0 63 51: 1246, 22, 0
