0 0 0: 325, 22, 0
0 0 2: 325, 22, 1
0 0 5: 325, 22, 2
0 0 7: 325, 22, 3
0 0 9: 326, 22, 1
0 0 11: 325, 22, 1
0 0 14: 325, 22, 3
0 0 15: 325, 22, 3
0 0 17: 326, 22, 2
0 0 19: 325, 22, 2
0 0 21: 325, 22, 3
0 0 24: 326, 22, 0
0 0 29: 325, 22, 0
0 0 31: 326, 22, 3
0 0 35: 325, 22, 3
0 0 38: 326, 22, 2
0 0 41: 325, 22, 2
0 0 44: 325, 22, 1
0 0 57: 337, 22, 1
0 0 62: 335, 22, 3
0 1 1: 324, 22, 0
0 1 4: 326, 22, 2
0 1 6: 326, 22, 0
0 1 12: 326, 22, 1
0 1 14: 325, 22, 2
0 1 15: 325, 22, 2
0 1 22: 324, 22, 2
0 1 26: 325, 22, 0
0 1 27: 324, 22, 3
0 1 32: 324, 22, 0
0 1 34: 325, 22, 0
0 1 36: 326, 22, 0
0 1 40: 326, 22, 1
0 1 42: 325, 22, 0
0 1 44: 324, 22, 3
0 1 49: 336, 22, 1
0 1 51: 336, 22, 2
0 1 53: 335, 22, 3
0 1 57: 337, 22, 1
0 1 58: 336, 22, 0
0 1 61: 336, 22, 2
0 2 0: 325, 22, 3
0 2 3: 325, 22, 2
0 2 6: 325, 22, 3
0 2 8: 324, 22, 1
0 2 10: 325, 22, 0
0 2 11: 325, 22, 0
0 2 12: 325, 22, 1
0 2 14: 325, 22, 1
0 2 17: 325, 22, 1
0 2 19: 325, 22, 1
0 2 22: 325, 22, 2
0 2 24: 325, 22, 3
0 2 25: 325, 22, 3
0 2 26: 325, 22, 1
0 2 27: 325, 22, 2
0 2 28: 325, 22, 0
0 2 29: 325, 22, 1
0 2 31: 325, 22, 1
0 2 33: 325, 22, 0
0 2 35: 325, 22, 2
0 2 37: 325, 22, 3
0 2 42: 325, 22, 3
0 2 45: 325, 22, 2
0 2 50: 335, 22, 2
0 2 52: 336, 22, 3
0 2 54: 335, 22, 0
0 2 61: 336, 22, 1
0 3 2: 325, 22, 2
0 3 4: 325, 22, 1
0 3 6: 325, 22, 0
0 3 8: 325, 22, 3
0 3 12: 324, 22, 2
0 3 15: 326, 22, 2
0 3 16: 325, 22, 2
0 3 19: 325, 22, 3
0 3 21: 325, 22, 0
0 3 22: 324, 22, 1
0 3 23: 325, 22, 3
0 3 25: 324, 22, 2
0 3 28: 325, 22, 1
0 3 29: 325, 22, 2
0 3 33: 325, 22, 3
0 3 37: 324, 22, 1
0 3 40: 325, 22, 0
0 3 41: 325, 22, 3
0 3 44: 325, 22, 0
0 3 45: 1384, 10, 3
0 3 55: 336, 22, 2
0 3 56: 336, 22, 2
0 3 57: 336, 22, 1
0 3 58: 336, 22, 1
0 3 59: 335, 22, 1
0 3 61: 336, 22, 3
0 3 62: 336, 22, 2
0 4 0: 326, 22, 3
0 4 2: 324, 22, 0
0 4 4: 324, 22, 1
0 4 7: 326, 22, 0
0 4 9: 325, 22, 2
0 4 13: 325, 22, 3
0 4 17: 325, 22, 3
0 4 18: 325, 22, 3
0 4 19: 325, 22, 0
0 4 20: 325, 22, 1
0 4 23: 325, 22, 2
0 4 25: 325, 22, 2
0 4 27: 325, 22, 1
0 4 29: 324, 22, 3
0 4 31: 325, 22, 3
0 4 33: 326, 22, 3
0 4 36: 325, 22, 2
0 4 38: 325, 22, 2
0 4 40: 325, 22, 3
0 4 43: 324, 22, 2
0 4 48: 336, 22, 0
0 4 49: 336, 22, 0
0 4 50: 336, 22, 0
0 4 53: 336, 22, 3
0 4 54: 336, 22, 0
0 4 55: 665, 10, 2
0 4 56: 336, 22, 1
0 5 1: 325, 22, 1
0 5 3: 325, 22, 0
0 5 5: 325, 22, 3
0 5 7: 324, 22, 1
0 5 10: 324, 22, 2
0 5 12: 325, 22, 0
0 5 15: 325, 22, 0
0 5 17: 324, 22, 2
0 5 22: 325, 22, 2
0 5 23: 325, 22, 2
0 5 24: 325, 22, 0
0 5 26: 326, 22, 0
0 5 28: 325, 22, 1
0 5 29: 325, 22, 3
0 5 33: 325, 22, 1
0 5 36: 326, 22, 1
0 5 38: 325, 22, 1
0 5 39: 324, 22, 1
0 5 41: 326, 22, 1
0 5 48: 335, 22, 1
0 5 51: 337, 22, 3
0 5 58: 336, 22, 1
0 5 58: 667, 10, 0
0 5 60: 336, 22, 1
0 5 61: 336, 22, 1
0 5 63: 335, 22, 3
0 6 2: 326, 22, 1
0 6 3: 1384, 10, 0
0 6 4: 325, 22, 2
0 6 6: 325, 22, 1
0 6 8: 325, 22, 2
0 6 14: 326, 22, 0
0 6 19: 325, 22, 1
0 6 21: 324, 22, 3
0 6 25: 325, 22, 0
0 6 27: 325, 22, 3
0 6 31: 325, 22, 0
0 6 32: 325, 22, 2
0 6 33: 325, 22, 0
0 6 34: 324, 22, 0
0 6 36: 325, 22, 0
0 6 43: 325, 22, 1
0 6 47: 1359, 10, 0
0 6 53: 336, 22, 2
0 6 54: 336, 22, 3
0 6 55: 336, 22, 0
0 6 56: 336, 22, 3
0 6 58: 337, 22, 3
0 6 62: 336, 22, 0
0 7 0: 324, 22, 3
0 7 1: 325, 22, 1
0 7 4: 1384, 10, 1
0 7 9: 325, 22, 2
0 7 11: 325, 22, 3
0 7 13: 325, 22, 0
0 7 16: 325, 22, 2
0 7 18: 325, 22, 3
0 7 19: 326, 22, 1
0 7 22: 325, 22, 3
0 7 23: 325, 22, 3
0 7 25: 326, 22, 1
0 7 26: 1384, 10, 0
0 7 29: 325, 22, 0
0 7 30: 324, 22, 0
0 7 40: 325, 22, 3
0 7 43: 1384, 10, 2
0 7 50: 336, 22, 1
0 7 51: 336, 22, 1
0 7 52: 665, 10, 2
0 7 54: 335, 22, 0
0 7 58: 667, 10, 1
0 8 7: 1384, 10, 2
0 8 15: 325, 22, 0
0 8 16: 1384, 10, 2
0 8 17: 325, 22, 1
0 8 20: 325, 22, 1
0 8 21: 325, 22, 2
0 8 22: 325, 22, 3
0 8 24: 325, 22, 2
0 8 27: 325, 22, 3
0 8 28: 325, 22, 3
0 8 32: 325, 22, 1
0 8 34: 326, 22, 2
0 8 36: 325, 22, 3
0 8 37: 326, 22, 2
0 8 49: 336, 22, 1
0 8 55: 337, 22, 0
0 8 57: 336, 22, 2
0 8 60: 335, 22, 2
0 8 62: 336, 22, 3
0 9 2: 1384, 10, 3
0 9 13: 1384, 10, 1
0 9 30: 325, 22, 3
0 9 34: 325, 22, 2
0 9 38: 1384, 10, 0
0 9 48: 336, 22, 0
0 9 51: 337, 22, 2
0 9 61: 337, 22, 2
0 9 63: 336, 22, 3
0 10 2: 335, 22, 2
0 10 4: 336, 22, 1
0 10 6: 337, 22, 3
0 10 9: 336, 22, 0
0 10 17: 1384, 10, 3
0 10 41: 1384, 10, 2
0 10 43: 336, 22, 3
0 10 45: 336, 22, 0
0 10 46: 336, 22, 1
0 10 52: 336, 22, 0
0 10 55: 336, 22, 3
0 10 58: 336, 22, 3
0 11 5: 336, 22, 3
0 11 7: 336, 22, 3
0 11 10: 336, 22, 1
0 11 13: 336, 22, 2
0 11 15: 336, 22, 3
0 11 15: 1384, 10, 0
0 11 18: 336, 22, 3
0 11 39: 336, 22, 2
0 11 41: 1384, 10, 1
0 11 43: 337, 22, 3
0 11 45: 336, 22, 0
0 11 48: 335, 22, 0
0 11 50: 336, 22, 0
0 11 53: 336, 22, 1
0 11 58: 336, 22, 0
0 11 63: 336, 22, 2
0 12 0: 336, 22, 2
0 12 2: 336, 22, 3
0 12 4: 337, 22, 2
0 12 7: 335, 22, 1
0 12 10: 336, 22, 1
0 12 12: 336, 22, 1
0 12 19: 336, 22, 0
0 12 21: 337, 22, 3
0 12 25: 336, 22, 2
0 12 32: 336, 22, 1
0 12 33: 336, 22, 1
0 12 34: 336, 22, 1
0 12 38: 336, 22, 3
0 12 39: 336, 22, 0
0 12 41: 336, 22, 1
0 12 42: 336, 22, 1
0 12 47: 336, 22, 2
0 12 48: 336, 22, 3
0 12 52: 336, 22, 1
0 12 56: 335, 22, 0
0 12 59: 336, 22, 0
0 12 63: 336, 22, 1
0 13 0: 336, 22, 1
0 13 4: 336, 22, 1
0 13 8: 336, 22, 2
0 13 9: 336, 22, 3
0 13 13: 337, 22, 0
0 13 16: 335, 22, 1
0 13 20: 336, 22, 0
0 13 23: 336, 22, 1
0 13 28: 335, 22, 3
0 13 30: 336, 22, 0
0 13 36: 336, 22, 2
0 13 39: 336, 22, 0
0 13 42: 336, 22, 0
0 13 44: 336, 22, 1
0 13 49: 335, 22, 1
0 13 53: 337, 22, 1
0 13 55: 336, 22, 2
0 13 59: 336, 22, 1
0 13 61: 335, 22, 1
0 14 1: 335, 22, 0
0 14 4: 336, 22, 3
0 14 6: 336, 22, 1
0 14 7: 336, 22, 2
0 14 10: 336, 22, 0
0 14 25: 337, 22, 0
0 14 33: 337, 22, 3
0 14 36: 335, 22, 0
0 14 40: 335, 22, 2
0 14 42: 336, 22, 0
0 14 43: 335, 22, 2
0 14 46: 337, 22, 3
0 14 52: 336, 22, 0
0 14 58: 336, 22, 1
0 14 60: 336, 22, 2
0 14 63: 336, 22, 1
0 15 0: 336, 22, 0
0 15 2: 336, 22, 0
0 15 6: 337, 22, 1
0 15 12: 335, 22, 2
0 15 14: 336, 22, 3
0 15 15: 336, 22, 3
0 15 19: 335, 22, 2
0 15 22: 336, 22, 2
0 15 26: 336, 22, 2
0 15 27: 336, 22, 2
0 15 29: 336, 22, 2
0 15 31: 336, 22, 3
0 15 38: 336, 22, 3
0 15 40: 336, 22, 2
0 15 41: 336, 22, 3
0 15 49: 336, 22, 0
0 15 54: 337, 22, 2
0 15 55: 336, 22, 2
0 15 63: 336, 22, 0
0 16 9: 337, 22, 2
0 16 16: 336, 22, 0
0 16 17: 336, 22, 0
0 16 21: 337, 22, 2
0 16 30: 336, 22, 0
0 16 34: 336, 22, 3
0 16 35: 337, 22, 0
0 16 40: 337, 22, 1
0 16 44: 336, 22, 2
0 16 45: 336, 22, 2
0 16 47: 336, 22, 3
0 16 48: 336, 22, 0
0 16 52: 336, 22, 1
0 16 58: 336, 22, 1
0 16 59: 337, 22, 3
0 16 61: 336, 22, 3
0 17 1: 336, 22, 0
0 17 2: 336, 22, 0
0 17 4: 335, 22, 3
0 17 7: 336, 22, 3
0 17 12: 337, 22, 1
0 17 14: 336, 22, 3
0 17 19: 336, 22, 1
0 17 22: 336, 22, 1
0 17 24: 335, 22, 0
0 17 28: 337, 22, 2
0 17 30: 336, 22, 0
0 17 32: 335, 22, 3
0 17 36: 336, 22, 0
0 17 37: 336, 22, 0
0 17 39: 336, 22, 1
0 17 40: 336, 22, 2
0 17 42: 336, 22, 1
0 17 47: 336, 22, 3
0 17 52: 336, 22, 1
0 17 53: 335, 22, 1
0 17 56: 336, 22, 0
0 17 60: 336, 22, 0
0 18 3: 336, 22, 1
0 18 6: 336, 22, 3
0 18 8: 337, 22, 3
0 18 11: 336, 22, 3
0 18 14: 336, 22, 0
0 18 16: 337, 22, 3
0 18 21: 336, 22, 3
0 18 26: 336, 22, 3
0 18 32: 336, 22, 0
0 18 38: 336, 22, 0
0 18 41: 336, 22, 0
0 18 43: 337, 22, 2
0 18 45: 336, 22, 0
0 18 48: 336, 22, 2
0 18 50: 337, 22, 3
0 18 52: 336, 22, 2
0 18 54: 336, 22, 3
0 18 60: 336, 22, 0
0 18 62: 337, 22, 3
0 19 2: 337, 22, 2
0 19 3: 336, 22, 1
0 19 4: 336, 22, 2
0 19 5: 336, 22, 2
0 19 7: 336, 22, 1
0 19 11: 336, 22, 2
0 19 16: 336, 22, 1
0 19 19: 335, 22, 2
0 19 23: 335, 22, 0
0 19 27: 336, 22, 3
0 19 28: 336, 22, 0
0 19 33: 336, 22, 1
0 19 34: 337, 22, 3
0 19 35: 336, 22, 3
0 19 37: 336, 22, 3
0 19 39: 337, 22, 1
0 19 42: 336, 22, 2
0 19 46: 335, 22, 0
0 19 58: 337, 22, 0
0 19 63: 336, 22, 2
0 20 6: 336, 22, 1
0 20 13: 335, 22, 1
0 20 16: 336, 22, 1
0 20 17: 336, 22, 1
0 20 21: 336, 22, 3
0 20 30: 335, 22, 3
0 20 33: 336, 22, 1
0 20 36: 335, 22, 2
0 20 39: 337, 22, 0
0 20 44: 336, 22, 1
0 20 46: 336, 22, 3
0 20 48: 336, 22, 3
0 20 51: 336, 22, 0
0 20 54: 337, 22, 1
0 20 59: 336, 22, 1
0 20 61: 335, 22, 1
0 21 1: 335, 22, 3
0 21 4: 336, 22, 0
0 21 5: 336, 22, 0
0 21 7: 335, 22, 0
0 21 9: 337, 22, 0
0 21 10: 336, 22, 1
0 21 12: 336, 22, 3
0 21 14: 337, 22, 2
0 21 19: 336, 22, 3
0 21 22: 336, 22, 0
0 21 24: 336, 22, 1
0 21 27: 337, 22, 0
0 21 29: 336, 22, 2
0 21 32: 336, 22, 0
0 21 34: 336, 22, 0
0 21 35: 336, 22, 0
0 21 36: 336, 22, 1
0 21 40: 336, 22, 3
0 21 41: 336, 22, 3
0 21 42: 336, 22, 3
0 21 49: 336, 22, 3
0 21 53: 336, 22, 1
0 21 56: 335, 22, 1
0 21 59: 336, 22, 1
0 21 62: 336, 22, 1
0 22 5: 337, 22, 0
0 22 11: 336, 22, 2
0 22 26: 336, 22, 2
0 22 37: 336, 22, 1
0 22 38: 336, 22, 2
0 22 39: 336, 22, 2
0 22 40: 336, 22, 3
0 22 42: 337, 22, 2
0 22 46: 336, 22, 2
0 22 48: 336, 22, 2
0 22 50: 337, 22, 0
0 23 7: 336, 22, 0
0 23 8: 336, 22, 1
0 23 11: 337, 22, 0
0 23 16: 335, 22, 2
0 23 18: 335, 22, 1
0 23 21: 337, 22, 0
0 23 23: 337, 22, 2
0 23 29: 336, 22, 2
0 23 31: 337, 22, 3
0 23 33: 335, 22, 2
0 23 38: 335, 22, 0
0 23 44: 335, 22, 1
0 23 54: 336, 22, 2
0 23 55: 336, 22, 3
0 23 58: 337, 22, 2
0 23 61: 336, 22, 2
0 23 63: 337, 22, 2
0 24 3: 336, 22, 3
0 24 14: 336, 22, 3
0 24 27: 335, 22, 2
0 24 48: 337, 22, 3
0 24 52: 335, 22, 2
0 24 57: 336, 22, 0
0 24 60: 336, 22, 1
0 24 62: 336, 22, 3
0 25 56: 337, 22, 3
0 25 59: 336, 22, 1
0 25 61: 335, 22, 3
0 25 62: 336, 22, 3
