0 0 3: 3122, 3, 2
0 0 3: 3143, 10, 3
0 0 4: 3122, 3, 1
0 0 4: 3142, 10, 3
0 0 60: 3122, 3, 2
0 0 60: 3142, 10, 1
0 0 61: 3122, 3, 1
0 0 61: 3143, 10, 1
0 1 3: 3049, 10, 1
0 1 4: 3048, 10, 1
0 1 5: 3048, 10, 1
0 1 6: 3055, 10, 3
0 1 7: 3053, 10, 1
0 1 8: 3054, 10, 1
0 1 9: 3055, 10, 3
0 1 10: 3053, 10, 1
0 1 11: 3054, 10, 1
0 1 12: 3058, 10, 3
0 1 13: 3051, 10, 1
0 1 14: 3056, 10, 1
0 1 15: 3055, 10, 3
0 1 16: 3053, 10, 1
0 1 17: 3054, 10, 1
0 1 18: 3055, 10, 3
0 1 19: 3053, 10, 1
0 1 20: 3054, 10, 1
0 1 21: 3048, 10, 1
0 1 22: 3048, 10, 1
0 1 23: 3048, 10, 1
0 1 24: 3048, 10, 1
0 1 25: 3055, 10, 3
0 1 26: 3053, 10, 1
0 1 27: 3054, 10, 1
0 1 28: 3055, 10, 3
0 1 29: 3053, 10, 1
0 1 30: 3054, 10, 1
0 1 31: 3058, 10, 3
0 1 32: 3051, 10, 1
0 1 33: 3056, 10, 1
0 1 34: 3055, 10, 3
0 1 35: 3053, 10, 1
0 1 36: 3054, 10, 1
0 1 37: 3055, 10, 3
0 1 38: 3053, 10, 1
0 1 39: 3054, 10, 1
0 1 40: 3048, 10, 1
0 1 41: 3048, 10, 1
0 1 42: 3048, 10, 1
0 1 43: 3048, 10, 1
0 1 44: 3055, 10, 3
0 1 45: 3053, 10, 1
0 1 46: 3054, 10, 1
0 1 47: 3055, 10, 3
0 1 48: 3053, 10, 1
0 1 49: 3054, 10, 1
0 1 50: 3058, 10, 3
0 1 51: 3051, 10, 1
0 1 52: 3056, 10, 1
0 1 53: 3055, 10, 3
0 1 54: 3053, 10, 1
0 1 55: 3054, 10, 1
0 1 56: 3055, 10, 3
0 1 57: 3053, 10, 1
0 1 58: 3054, 10, 1
0 1 59: 3048, 10, 1
0 1 60: 3048, 10, 1
0 1 61: 3049, 10, 2
0 1 62: 3122, 3, 3
0 1 62: 3143, 10, 0
0 1 63: 3122, 3, 0
0 1 63: 3143, 10, 0
0 2 3: 3048, 10, 0
0 2 4: 3075, 10, 3
0 2 5: 3048, 10, 3
0 2 6: 3066, 10, 1
0 2 7: 3074, 10, 3
0 2 8: 3065, 10, 3
0 2 9: 3057, 10, 3
0 2 10: 3052, 10, 3
0 2 11: 3059, 10, 3
0 2 12: 3056, 10, 3
0 2 13: 3051, 10, 3
0 2 14: 3058, 10, 1
0 2 15: 3056, 10, 3
0 2 16: 3051, 10, 3
0 2 17: 3058, 10, 1
0 2 18: 3066, 10, 1
0 2 19: 3072, 10, 3
0 2 20: 3065, 10, 3
0 2 21: 3048, 10, 3
0 2 22: 3075, 10, 0
0 2 23: 3075, 10, 3
0 2 24: 3048, 10, 3
0 2 25: 3066, 10, 1
0 2 26: 3072, 10, 3
0 2 27: 3059, 10, 3
0 2 28: 3057, 10, 3
0 2 29: 3052, 10, 3
0 2 30: 3059, 10, 3
0 2 31: 3056, 10, 3
0 2 32: 3051, 10, 3
0 2 33: 3058, 10, 1
0 2 34: 3056, 10, 3
0 2 35: 3051, 10, 3
0 2 36: 3058, 10, 1
0 2 37: 3066, 10, 1
0 2 38: 3071, 10, 3
0 2 39: 3059, 10, 3
0 2 40: 3048, 10, 3
0 2 41: 3075, 10, 0
0 2 42: 3075, 10, 3
0 2 43: 3048, 10, 3
0 2 44: 3066, 10, 1
0 2 45: 3073, 10, 3
0 2 46: 3067, 10, 3
0 2 47: 3068, 10, 1
0 2 48: 3074, 10, 3
0 2 49: 3059, 10, 3
0 2 50: 3056, 10, 3
0 2 51: 3051, 10, 3
0 2 52: 3058, 10, 1
0 2 53: 3060, 10, 1
0 2 54: 3072, 10, 3
0 2 55: 3059, 10, 3
0 2 56: 3056, 10, 3
0 2 57: 3051, 10, 3
0 2 58: 3065, 10, 3
0 2 59: 3048, 10, 3
0 2 60: 3075, 10, 0
0 2 61: 3048, 10, 2
0 2 62: 3122, 3, 2
0 2 62: 3142, 10, 0
0 2 63: 3122, 3, 1
0 2 63: 3142, 10, 0
0 3 3: 3048, 10, 0
0 3 4: 3048, 10, 2
0 3 5: 3158, 10, 1
0 3 6: 3171, 22, 0
0 3 7: 3158, 10, 0
0 3 8: 3170, 22, 2
0 3 9: 3171, 22, 2
0 3 10: 3170, 22, 0
0 3 15: 3170, 22, 0
0 3 16: 3169, 22, 1
0 3 17: 3170, 22, 1
0 3 18: 3171, 22, 2
0 3 19: 3158, 10, 3
0 3 20: 3158, 10, 2
0 3 21: 3158, 10, 3
0 3 22: 3048, 10, 0
0 3 23: 3048, 10, 2
0 3 24: 3158, 10, 1
0 3 25: 3158, 10, 3
0 3 26: 3158, 10, 2
0 3 29: 3170, 22, 1
0 3 34: 3170, 22, 3
0 3 35: 3171, 22, 0
0 3 36: 3171, 22, 1
0 3 37: 3170, 22, 3
0 3 38: 3171, 22, 0
0 3 39: 3158, 10, 0
0 3 40: 3158, 10, 1
0 3 41: 3048, 10, 0
0 3 42: 3048, 10, 2
0 3 43: 3158, 10, 0
0 3 44: 3158, 10, 2
0 3 45: 3171, 22, 2
0 3 54: 3173, 22, 3
0 3 57: 3171, 22, 2
0 3 58: 3158, 10, 3
0 3 59: 3158, 10, 1
0 3 60: 3048, 10, 0
0 3 61: 3048, 10, 2
0 3 63: 3129, 10, 0
0 4 1: 3158, 10, 0
0 4 2: 3158, 10, 3
0 4 3: 3054, 10, 0
0 4 4: 3058, 10, 0
0 4 5: 3158, 10, 0
0 4 6: 3158, 10, 2
0 4 7: 3170, 22, 3
0 4 9: 3170, 22, 1
0 4 12: 3147, 10, 0
0 4 13: 3146, 0, 0
0 4 14: 3147, 10, 1
0 4 17: 3170, 22, 0
0 4 19: 3171, 22, 0
0 4 20: 3158, 10, 2
0 4 21: 3158, 10, 1
0 4 22: 3064, 10, 2
0 4 23: 3063, 10, 2
0 4 24: 3171, 22, 1
0 4 25: 3158, 10, 3
0 4 26: 3171, 22, 0
0 4 27: 3170, 22, 1
0 4 28: 3170, 22, 0
0 4 30: 3158, 10, 2
0 4 31: 3147, 10, 0
0 4 32: 3146, 0, 0
0 4 33: 3147, 10, 1
0 4 34: 3158, 10, 3
0 4 35: 3170, 22, 2
0 4 38: 3170, 22, 0
0 4 39: 3169, 22, 3
0 4 40: 3171, 22, 2
0 4 41: 3047, 10, 0
0 4 42: 3076, 10, 0
0 4 43: 3171, 22, 3
0 4 44: 3170, 22, 1
0 4 50: 3147, 10, 0
0 4 51: 3146, 0, 0
0 4 52: 3147, 10, 1
0 4 55: 3173, 22, 0
0 4 56: 3173, 22, 3
0 4 57: 3170, 22, 3
0 4 58: 3171, 22, 2
0 4 59: 3158, 10, 0
0 4 60: 3057, 10, 0
0 4 61: 3055, 10, 0
0 4 63: 3115, 3, 2
0 4 63: 3128, 10, 0
0 5 0: 3158, 10, 1
0 5 2: 3158, 10, 0
0 5 3: 3053, 10, 0
0 5 4: 3051, 10, 2
0 5 5: 3158, 10, 1
0 5 6: 3170, 22, 0
0 5 9: 3151, 10, 0
0 5 10: 3149, 10, 0
0 5 11: 3146, 0, 0
0 5 15: 3146, 0, 0
0 5 16: 3148, 10, 0
0 5 17: 3150, 10, 0
0 5 19: 1252, 22, 0
0 5 20: 3170, 22, 3
0 5 21: 3171, 22, 0
0 5 22: 3050, 10, 0
0 5 23: 3050, 10, 2
0 5 24: 3158, 10, 0
0 5 25: 3169, 22, 1
0 5 26: 3170, 22, 3
0 5 28: 3151, 10, 0
0 5 29: 3149, 10, 0
0 5 30: 3146, 0, 0
0 5 34: 3146, 0, 0
0 5 35: 3148, 10, 0
0 5 36: 3150, 10, 0
0 5 38: 1252, 22, 0
0 5 40: 3158, 10, 1
0 5 41: 3050, 10, 0
0 5 42: 3050, 10, 2
0 5 43: 3158, 10, 2
0 5 46: 1252, 22, 0
0 5 47: 3151, 10, 0
0 5 48: 3149, 10, 0
0 5 49: 3146, 0, 0
0 5 53: 3146, 0, 0
0 5 54: 3148, 10, 0
0 5 55: 3150, 10, 0
0 5 57: 3173, 22, 2
0 5 58: 3170, 22, 2
0 5 59: 3171, 22, 1
0 5 60: 3052, 10, 0
0 5 61: 3053, 10, 2
0 5 63: 3131, 10, 0
0 6 3: 3055, 10, 2
0 6 4: 3056, 10, 2
0 6 5: 3171, 22, 2
0 6 8: 3146, 9, 3
0 6 18: 3146, 9, 0
0 6 21: 3170, 22, 2
0 6 22: 3076, 10, 2
0 6 23: 3062, 10, 0
0 6 24: 3171, 22, 2
0 6 26: 1252, 22, 2
0 6 27: 3146, 9, 3
0 6 37: 3146, 9, 0
0 6 39: 3170, 22, 3
0 6 40: 3171, 22, 1
0 6 41: 3061, 10, 0
0 6 42: 3062, 10, 0
0 6 43: 3169, 22, 0
0 6 46: 3146, 9, 3
0 6 56: 3146, 9, 0
0 6 57: 3173, 22, 1
0 6 58: 3170, 22, 3
0 6 59: 3158, 10, 0
0 6 60: 3065, 10, 0
0 6 61: 3054, 10, 2
0 6 63: 3116, 3, 2
0 6 63: 3130, 10, 0
0 7 0: 730, 22, 2
0 7 3: 3054, 10, 0
0 7 4: 3065, 10, 2
0 7 5: 3170, 22, 1
0 7 7: 3150, 10, 3
0 7 19: 3151, 10, 1
0 7 22: 3047, 10, 0
0 7 23: 3061, 10, 2
0 7 24: 3170, 22, 1
0 7 26: 3150, 10, 3
0 7 38: 3151, 10, 1
0 7 40: 3170, 22, 2
0 7 41: 3062, 10, 2
0 7 42: 3061, 10, 2
0 7 43: 3170, 22, 3
0 7 45: 3150, 10, 3
0 7 57: 3151, 10, 1
0 7 58: 3173, 22, 0
0 7 60: 3060, 10, 2
0 7 61: 3055, 10, 0
0 7 63: 3133, 10, 0
0 8 3: 3053, 10, 0
0 8 4: 3074, 10, 2
0 8 7: 3148, 10, 3
0 8 19: 3149, 10, 1
0 8 20: 3170, 22, 1
0 8 21: 3169, 22, 3
0 8 22: 3050, 10, 0
0 8 23: 3050, 10, 2
0 8 26: 3148, 10, 3
0 8 38: 3149, 10, 1
0 8 41: 3050, 10, 0
0 8 42: 3050, 10, 2
0 8 45: 3148, 10, 3
0 8 57: 3149, 10, 1
0 8 59: 3173, 22, 3
0 8 60: 3072, 10, 0
0 8 61: 3053, 10, 2
0 8 63: 3117, 3, 2
0 8 63: 3132, 10, 0
0 9 3: 3055, 10, 2
0 9 4: 3068, 10, 0
0 9 6: 3150, 10, 3
0 9 20: 3151, 10, 1
0 9 22: 3061, 10, 0
0 9 23: 3047, 10, 2
0 9 25: 3150, 10, 3
0 9 39: 3151, 10, 1
0 9 41: 3076, 10, 2
0 9 42: 3047, 10, 2
0 9 44: 3150, 10, 3
0 9 58: 3151, 10, 1
0 9 60: 3059, 10, 0
0 9 61: 3054, 10, 2
0 9 63: 3135, 10, 0
0 10 3: 3054, 10, 0
0 10 4: 3067, 10, 2
0 10 6: 3148, 10, 3
0 10 20: 3149, 10, 1
0 10 22: 3062, 10, 2
0 10 23: 3076, 10, 0
0 10 25: 3148, 10, 3
0 10 39: 3149, 10, 1
0 10 41: 3047, 10, 0
0 10 42: 3063, 10, 2
0 10 44: 3148, 10, 3
0 10 58: 3149, 10, 1
0 10 60: 3060, 10, 2
0 10 61: 3055, 10, 0
0 10 63: 3118, 3, 2
0 10 63: 3134, 10, 0
0 11 2: 730, 22, 2
0 11 3: 3053, 10, 0
0 11 4: 3073, 10, 2
0 11 6: 3146, 0, 3
0 11 20: 3146, 0, 1
0 11 22: 3050, 10, 0
0 11 23: 3050, 10, 2
0 11 25: 3146, 0, 3
0 11 39: 3146, 0, 1
0 11 41: 3050, 10, 0
0 11 42: 3050, 10, 2
0 11 44: 3146, 0, 3
0 11 58: 3146, 0, 1
0 11 59: 3173, 22, 3
0 11 60: 3073, 10, 0
0 11 61: 3053, 10, 2
0 11 63: 3137, 10, 0
0 12 3: 3055, 10, 2
0 12 4: 3060, 10, 0
0 12 5: 3170, 22, 0
0 12 6: 3146, 0, 3
0 12 20: 3146, 0, 1
0 12 22: 3076, 10, 2
0 12 23: 3047, 10, 2
0 12 25: 3146, 0, 3
0 12 39: 3146, 0, 1
0 12 41: 3076, 10, 2
0 12 42: 3047, 10, 2
0 12 44: 3146, 0, 3
0 12 58: 3146, 0, 1
0 12 60: 3067, 10, 0
0 12 61: 3054, 10, 2
0 12 63: 3119, 3, 2
0 12 63: 3136, 10, 0
0 13 3: 3054, 10, 0
0 13 4: 3058, 10, 0
0 13 5: 3169, 22, 1
0 13 6: 3146, 0, 3
0 13 20: 3146, 0, 1
0 13 22: 3060, 10, 2
0 13 23: 3065, 10, 2
0 13 25: 3146, 0, 3
0 13 39: 3146, 0, 1
0 13 41: 3057, 10, 0
0 13 42: 3059, 10, 2
0 13 44: 3146, 0, 3
0 13 58: 3146, 0, 1
0 13 60: 3068, 10, 2
0 13 61: 3055, 10, 0
0 13 63: 3139, 10, 0
0 14 1: 730, 22, 3
0 14 3: 3053, 10, 0
0 14 4: 3051, 10, 2
0 14 5: 3170, 22, 2
0 14 6: 3146, 0, 3
0 14 20: 3146, 0, 1
0 14 22: 3073, 10, 0
0 14 23: 3073, 10, 2
0 14 25: 3146, 0, 3
0 14 39: 3146, 0, 1
0 14 40: 1252, 22, 2
0 14 41: 3052, 10, 0
0 14 42: 3071, 10, 2
0 14 43: 3174, 22, 3
0 14 44: 3146, 0, 3
0 14 58: 3146, 0, 1
0 14 60: 3074, 10, 0
0 14 61: 3053, 10, 2
0 14 63: 3120, 3, 2
0 14 63: 3138, 10, 0
0 15 3: 3055, 10, 2
0 15 4: 3056, 10, 2
0 15 6: 3146, 0, 3
0 15 20: 3146, 0, 1
0 15 22: 3059, 10, 0
0 15 23: 3060, 10, 0
0 15 25: 3146, 0, 3
0 15 39: 3146, 0, 1
0 15 41: 3059, 10, 0
0 15 42: 3060, 10, 0
0 15 44: 3146, 0, 3
0 15 58: 3146, 0, 1
0 15 60: 3067, 10, 0
0 15 61: 3054, 10, 2
0 15 63: 3141, 10, 0
0 16 3: 3054, 10, 0
0 16 4: 3059, 10, 2
0 16 6: 3146, 0, 3
0 16 20: 3146, 0, 1
0 16 22: 3056, 10, 0
0 16 23: 3058, 10, 0
0 16 25: 3146, 0, 3
0 16 39: 3146, 0, 1
0 16 41: 3060, 10, 2
0 16 42: 3058, 10, 0
0 16 44: 3146, 0, 3
0 16 58: 3146, 0, 1
0 16 60: 3068, 10, 2
0 16 61: 3055, 10, 0
0 16 63: 3121, 3, 2
0 16 63: 3140, 10, 0
0 17 3: 3053, 10, 0
0 17 4: 3052, 10, 2
0 17 6: 3146, 0, 3
0 17 20: 3146, 0, 1
0 17 22: 3051, 10, 0
0 17 23: 3051, 10, 2
0 17 25: 3146, 0, 3
0 17 39: 3146, 0, 1
0 17 41: 3074, 10, 0
0 17 42: 3051, 10, 2
0 17 43: 3173, 22, 1
0 17 44: 3146, 0, 3
0 17 58: 3146, 0, 1
0 17 59: 3173, 22, 1
0 17 60: 3072, 10, 0
0 17 61: 3053, 10, 2
0 18 3: 3055, 10, 2
0 18 4: 3057, 10, 2
0 18 6: 3146, 0, 3
0 18 20: 3146, 0, 1
0 18 22: 3058, 10, 2
0 18 23: 3056, 10, 2
0 18 25: 3146, 0, 3
0 18 39: 3146, 0, 1
0 18 41: 3059, 10, 0
0 18 42: 3060, 10, 0
0 18 44: 3146, 0, 3
0 18 58: 3146, 0, 1
0 18 60: 3069, 10, 0
0 18 61: 3054, 10, 2
0 19 3: 3054, 10, 0
0 19 4: 3065, 10, 2
0 19 6: 3146, 0, 3
0 19 20: 3146, 0, 1
0 19 22: 3060, 10, 2
0 19 23: 3059, 10, 2
0 19 25: 3146, 0, 3
0 19 39: 3146, 0, 1
0 19 41: 3060, 10, 2
0 19 42: 3059, 10, 2
0 19 44: 3146, 0, 3
0 19 58: 3146, 0, 1
0 19 60: 3070, 10, 2
0 19 61: 3055, 10, 0
0 20 2: 3158, 10, 3
0 20 3: 3053, 10, 0
0 20 4: 3073, 10, 2
0 20 6: 3146, 0, 3
0 20 20: 3146, 0, 1
0 20 22: 3072, 10, 0
0 20 23: 3072, 10, 2
0 20 25: 3146, 0, 3
0 20 39: 3146, 0, 1
0 20 41: 3073, 10, 0
0 20 42: 3074, 10, 2
0 20 44: 3146, 0, 3
0 20 58: 3146, 0, 1
0 20 59: 3173, 22, 1
0 20 60: 3073, 10, 0
0 20 61: 3053, 10, 2
0 21 1: 3158, 10, 2
0 21 2: 3158, 10, 0
0 21 3: 3055, 10, 2
0 21 4: 3070, 10, 0
0 21 6: 3146, 0, 3
0 21 20: 3146, 0, 1
0 21 22: 3059, 10, 0
0 21 23: 3066, 10, 0
0 21 25: 3146, 0, 3
0 21 39: 3146, 0, 1
0 21 41: 3065, 10, 0
0 21 42: 3060, 10, 0
0 21 44: 3146, 0, 3
0 21 58: 3146, 0, 1
0 21 60: 3059, 10, 0
0 21 61: 3054, 10, 2
0 21 63: 3125, 3, 3
0 22 3: 3054, 10, 0
0 22 4: 3069, 10, 2
0 22 6: 3146, 0, 3
0 22 20: 3146, 0, 1
0 22 22: 3047, 10, 0
0 22 23: 3076, 10, 0
0 22 25: 3146, 0, 3
0 22 39: 3146, 0, 1
0 22 41: 3047, 10, 0
0 22 42: 3076, 10, 0
0 22 44: 3146, 0, 3
0 22 58: 3146, 0, 1
0 22 60: 3060, 10, 2
0 22 61: 3055, 10, 0
0 23 3: 3053, 10, 0
0 23 4: 3071, 10, 2
0 23 6: 3146, 0, 3
0 23 20: 3146, 0, 1
0 23 22: 3050, 10, 0
0 23 23: 3050, 10, 2
0 23 25: 3146, 0, 3
0 23 39: 3146, 0, 1
0 23 41: 3050, 10, 0
0 23 42: 3050, 10, 2
0 23 44: 3146, 0, 3
0 23 58: 3146, 0, 1
0 23 60: 3072, 10, 0
0 23 61: 3053, 10, 2
0 24 3: 3055, 10, 2
0 24 4: 3060, 10, 0
0 24 6: 3149, 10, 3
0 24 20: 3148, 10, 1
0 24 22: 3076, 10, 2
0 24 23: 3047, 10, 2
0 24 25: 3149, 10, 3
0 24 39: 3148, 10, 1
0 24 41: 3061, 10, 0
0 24 42: 3062, 10, 0
0 24 44: 3149, 10, 3
0 24 58: 3148, 10, 1
0 24 60: 3059, 10, 0
0 24 61: 3054, 10, 2
0 25 3: 3054, 10, 0
0 25 4: 3058, 10, 0
0 25 6: 3151, 10, 3
0 25 20: 3150, 10, 1
0 25 22: 3047, 10, 0
0 25 23: 3076, 10, 0
0 25 25: 3151, 10, 3
0 25 39: 3150, 10, 1
0 25 41: 3062, 10, 2
0 25 42: 3061, 10, 2
0 25 44: 3151, 10, 3
0 25 58: 3150, 10, 1
0 25 60: 3060, 10, 2
0 25 61: 3055, 10, 0
0 26 3: 3053, 10, 0
0 26 4: 3051, 10, 2
0 26 7: 3149, 10, 3
0 26 19: 3148, 10, 1
0 26 22: 3050, 10, 0
0 26 23: 3050, 10, 2
0 26 26: 3149, 10, 3
0 26 38: 3148, 10, 1
0 26 41: 3050, 10, 0
0 26 42: 3050, 10, 2
0 26 45: 3149, 10, 3
0 26 57: 3148, 10, 1
0 26 60: 3071, 10, 0
0 26 61: 3053, 10, 2
0 27 3: 3055, 10, 2
0 27 4: 3056, 10, 2
0 27 7: 3151, 10, 3
0 27 19: 3150, 10, 1
0 27 21: 3170, 22, 3
0 27 22: 3061, 10, 0
0 27 23: 3062, 10, 0
0 27 26: 3151, 10, 3
0 27 38: 3150, 10, 1
0 27 40: 3158, 10, 1
0 27 40: 3170, 22, 2
0 27 41: 3076, 10, 2
0 27 42: 3062, 10, 0
0 27 43: 3158, 10, 3
0 27 45: 3151, 10, 3
0 27 57: 3150, 10, 1
0 27 59: 1252, 22, 0
0 27 60: 3059, 10, 0
0 27 61: 3054, 10, 2
0 27 62: 3158, 10, 3
0 28 1: 730, 22, 1
0 28 3: 3054, 10, 0
0 28 4: 3065, 10, 2
0 28 5: 3158, 10, 0
0 28 8: 3146, 9, 2
0 28 18: 3146, 9, 1
0 28 19: 3171, 22, 3
0 28 20: 3170, 22, 3
0 28 22: 3062, 10, 2
0 28 23: 3061, 10, 2
0 28 24: 3158, 10, 1
0 28 25: 3171, 22, 1
0 28 27: 3146, 9, 2
0 28 37: 3146, 9, 1
0 28 39: 3170, 22, 1
0 28 40: 3171, 22, 1
0 28 41: 3047, 10, 0
0 28 42: 3061, 10, 2
0 28 43: 3158, 10, 0
0 28 44: 3158, 10, 0
0 28 46: 3146, 9, 2
0 28 56: 3146, 9, 1
0 28 59: 3171, 22, 3
0 28 60: 3056, 10, 0
0 28 61: 3055, 10, 0
0 29 3: 3053, 10, 0
0 29 4: 3071, 10, 2
0 29 5: 3171, 22, 2
0 29 6: 3170, 22, 0
0 29 9: 3150, 10, 2
0 29 10: 3148, 10, 2
0 29 11: 3146, 0, 2
0 29 15: 3146, 0, 2
0 29 16: 3149, 10, 2
0 29 17: 3151, 10, 2
0 29 18: 3170, 22, 2
0 29 19: 3170, 22, 2
0 29 22: 3050, 10, 0
0 29 23: 3050, 10, 2
0 29 24: 3158, 10, 2
0 29 25: 3158, 10, 0
0 29 26: 3169, 22, 1
0 29 27: 3170, 22, 2
0 29 28: 3150, 10, 2
0 29 29: 3148, 10, 2
0 29 30: 3146, 0, 2
0 29 34: 3146, 0, 2
0 29 35: 3149, 10, 2
0 29 36: 3151, 10, 2
0 29 40: 3158, 10, 2
0 29 40: 3170, 22, 0
0 29 41: 3050, 10, 0
0 29 42: 3050, 10, 2
0 29 43: 3170, 22, 0
0 29 45: 1252, 22, 3
0 29 46: 3174, 22, 3
0 29 47: 3150, 10, 2
0 29 48: 3148, 10, 2
0 29 49: 3146, 0, 2
0 29 53: 3146, 0, 2
0 29 54: 3149, 10, 2
0 29 55: 3151, 10, 2
0 29 59: 3169, 22, 2
0 29 60: 3051, 10, 0
0 29 61: 3053, 10, 2
0 30 2: 3158, 10, 2
0 30 3: 3076, 10, 2
0 30 4: 3066, 10, 0
0 30 5: 3158, 10, 2
0 30 6: 3171, 22, 3
0 30 7: 3170, 22, 2
0 30 12: 3147, 10, 3
0 30 13: 3146, 0, 2
0 30 14: 3147, 10, 2
0 30 17: 3170, 22, 1
0 30 18: 3158, 10, 0
0 30 20: 3170, 22, 2
0 30 22: 3050, 10, 0
0 30 23: 3050, 10, 2
0 30 24: 3170, 22, 0
0 30 25: 3171, 22, 0
0 30 26: 3170, 22, 3
0 30 31: 3147, 10, 3
0 30 32: 3146, 0, 2
0 30 33: 3147, 10, 2
0 30 39: 3170, 22, 3
0 30 40: 3171, 22, 0
0 30 41: 3050, 10, 0
0 30 42: 3050, 10, 2
0 30 43: 3171, 22, 2
0 30 44: 3170, 22, 2
0 30 46: 3171, 22, 1
0 30 47: 3170, 22, 3
0 30 48: 3171, 22, 3
0 30 49: 3170, 22, 1
0 30 50: 3147, 10, 3
0 30 51: 3146, 0, 2
0 30 52: 3147, 10, 2
0 30 57: 3158, 10, 3
0 30 58: 3171, 22, 0
0 30 59: 3158, 10, 1
0 30 60: 3058, 10, 2
0 30 61: 3054, 10, 2
0 31 3: 3048, 10, 0
0 31 4: 3048, 10, 2
0 31 5: 3158, 10, 0
0 31 6: 3171, 22, 0
0 31 7: 3170, 22, 3
0 31 8: 3158, 10, 1
0 31 22: 3050, 10, 0
0 31 23: 3050, 10, 2
0 31 37: 3158, 10, 1
0 31 38: 3171, 22, 2
0 31 39: 3169, 22, 1
0 31 40: 3171, 22, 3
0 31 41: 3050, 10, 0
0 31 42: 3050, 10, 2
0 31 43: 3158, 10, 2
0 31 44: 3169, 22, 2
0 31 45: 3170, 22, 1
0 31 46: 3170, 22, 0
0 31 48: 3170, 22, 0
0 31 57: 3169, 22, 0
0 31 58: 3158, 10, 0
0 31 59: 3158, 10, 2
0 31 60: 3048, 10, 0
0 31 61: 3048, 10, 2
0 32 3: 3048, 10, 0
0 32 4: 3075, 10, 2
0 32 5: 3048, 10, 1
0 32 6: 3063, 10, 1
0 32 7: 3050, 10, 1
0 32 8: 3062, 10, 3
0 32 9: 3061, 10, 1
0 32 10: 3050, 10, 1
0 32 11: 3047, 10, 1
0 32 12: 3076, 10, 3
0 32 13: 3050, 10, 1
0 32 14: 3047, 10, 1
0 32 15: 3076, 10, 3
0 32 16: 3050, 10, 1
0 32 17: 3047, 10, 1
0 32 18: 3076, 10, 3
0 32 19: 3050, 10, 1
0 32 20: 3050, 10, 1
0 32 21: 3050, 10, 1
0 32 24: 3050, 10, 1
0 32 25: 3050, 10, 1
0 32 26: 3050, 10, 1
0 32 27: 3047, 10, 1
0 32 28: 3076, 10, 3
0 32 29: 3050, 10, 1
0 32 30: 3047, 10, 1
0 32 31: 3076, 10, 3
0 32 32: 3050, 10, 1
0 32 33: 3047, 10, 1
0 32 34: 3076, 10, 3
0 32 35: 3050, 10, 1
0 32 36: 3062, 10, 3
0 32 37: 3061, 10, 1
0 32 38: 3050, 10, 1
0 32 39: 3050, 10, 1
0 32 40: 3050, 10, 1
0 32 43: 3050, 10, 1
0 32 44: 3050, 10, 1
0 32 45: 3050, 10, 1
0 32 46: 3047, 10, 1
0 32 47: 3076, 10, 3
0 32 48: 3050, 10, 1
0 32 49: 3047, 10, 1
0 32 50: 3076, 10, 3
0 32 51: 3050, 10, 1
0 32 52: 3047, 10, 1
0 32 53: 3076, 10, 3
0 32 54: 3050, 10, 1
0 32 55: 3062, 10, 3
0 32 56: 3061, 10, 1
0 32 57: 3050, 10, 1
0 32 58: 3064, 10, 3
0 32 59: 3048, 10, 1
0 32 60: 3075, 10, 1
0 32 61: 3048, 10, 2
0 32 62: 3158, 10, 2
0 33 3: 3048, 10, 0
0 33 4: 3075, 10, 3
0 33 5: 3048, 10, 3
0 33 6: 3064, 10, 1
0 33 7: 3050, 10, 3
0 33 8: 3061, 10, 3
0 33 9: 3062, 10, 1
0 33 10: 3050, 10, 3
0 33 11: 3076, 10, 1
0 33 12: 3047, 10, 3
0 33 13: 3050, 10, 3
0 33 14: 3076, 10, 1
0 33 15: 3047, 10, 3
0 33 16: 3050, 10, 3
0 33 17: 3076, 10, 1
0 33 18: 3047, 10, 3
0 33 19: 3050, 10, 3
0 33 20: 3050, 10, 3
0 33 21: 3050, 10, 3
0 33 24: 3050, 10, 3
0 33 25: 3050, 10, 3
0 33 26: 3050, 10, 3
0 33 27: 3061, 10, 3
0 33 28: 3062, 10, 1
0 33 29: 3050, 10, 3
0 33 30: 3076, 10, 1
0 33 31: 3047, 10, 3
0 33 32: 3050, 10, 3
0 33 33: 3076, 10, 1
0 33 34: 3047, 10, 3
0 33 35: 3050, 10, 3
0 33 36: 3061, 10, 3
0 33 37: 3062, 10, 1
0 33 38: 3050, 10, 3
0 33 39: 3050, 10, 3
0 33 40: 3050, 10, 3
0 33 43: 3050, 10, 3
0 33 44: 3050, 10, 3
0 33 45: 3050, 10, 3
0 33 46: 3061, 10, 3
0 33 47: 3062, 10, 1
0 33 48: 3050, 10, 3
0 33 49: 3076, 10, 1
0 33 50: 3047, 10, 3
0 33 51: 3050, 10, 3
0 33 52: 3076, 10, 1
0 33 53: 3047, 10, 3
0 33 54: 3050, 10, 3
0 33 55: 3061, 10, 3
0 33 56: 3062, 10, 1
0 33 57: 3050, 10, 3
0 33 58: 3063, 10, 3
0 33 59: 3048, 10, 3
0 33 60: 3075, 10, 0
0 33 61: 3048, 10, 2
0 33 62: 3158, 10, 1
0 34 3: 3048, 10, 0
0 34 4: 3048, 10, 2
0 34 5: 3158, 10, 2
0 34 6: 3158, 10, 0
0 34 7: 3171, 22, 1
0 34 18: 3170, 22, 3
0 34 22: 3050, 10, 0
0 34 23: 3050, 10, 2
0 34 24: 3170, 22, 2
0 34 25: 3169, 22, 2
0 34 26: 3170, 22, 0
0 34 28: 3170, 22, 3
0 34 36: 3158, 10, 1
0 34 37: 3158, 10, 3
0 34 41: 3050, 10, 0
0 34 42: 3050, 10, 2
0 34 46: 3158, 10, 1
0 34 57: 3158, 10, 1
0 34 58: 3171, 22, 3
0 34 59: 3158, 10, 2
0 34 60: 3048, 10, 0
0 34 61: 3048, 10, 2
0 35 1: 730, 22, 0
0 35 3: 3054, 10, 0
0 35 4: 3058, 10, 0
0 35 5: 3158, 10, 2
0 35 6: 3171, 22, 1
0 35 7: 3170, 22, 2
0 35 8: 3173, 22, 1
0 35 9: 3173, 22, 0
0 35 12: 3147, 10, 0
0 35 13: 3146, 0, 0
0 35 14: 3147, 10, 1
0 35 18: 3170, 22, 3
0 35 22: 3050, 10, 0
0 35 23: 3050, 10, 2
0 35 24: 3171, 22, 2
0 35 25: 3170, 22, 1
0 35 26: 3170, 22, 1
0 35 28: 3171, 22, 3
0 35 29: 3170, 22, 2
0 35 31: 3147, 10, 0
0 35 32: 3146, 0, 0
0 35 33: 3147, 10, 1
0 35 38: 3158, 10, 2
0 35 39: 3170, 22, 2
0 35 41: 3050, 10, 0
0 35 42: 3050, 10, 2
0 35 44: 3171, 22, 2
0 35 50: 3147, 10, 0
0 35 51: 3146, 0, 0
0 35 52: 3147, 10, 1
0 35 56: 1252, 22, 3
0 35 57: 3173, 22, 3
0 35 58: 3170, 22, 1
0 35 59: 3158, 10, 3
0 35 60: 3056, 10, 0
0 35 61: 3055, 10, 0
0 36 3: 3053, 10, 0
0 36 4: 3051, 10, 2
0 36 5: 3158, 10, 3
0 36 6: 3170, 22, 0
0 36 8: 3173, 22, 3
0 36 9: 3151, 10, 0
0 36 10: 3149, 10, 0
0 36 11: 3146, 0, 0
0 36 15: 3146, 0, 0
0 36 16: 3148, 10, 0
0 36 17: 3150, 10, 0
0 36 18: 3170, 22, 0
0 36 19: 3171, 22, 0
0 36 20: 3170, 22, 3
0 36 21: 3171, 22, 2
0 36 22: 3050, 10, 0
0 36 23: 3050, 10, 2
0 36 24: 3170, 22, 0
0 36 26: 3171, 22, 1
0 36 27: 3170, 22, 0
0 36 28: 3151, 10, 0
0 36 29: 3149, 10, 0
0 36 30: 3146, 0, 0
0 36 34: 3146, 0, 0
0 36 35: 3148, 10, 0
0 36 36: 3150, 10, 0
0 36 37: 3170, 22, 3
0 36 38: 3171, 22, 1
0 36 41: 3050, 10, 0
0 36 42: 3050, 10, 2
0 36 47: 3151, 10, 0
0 36 48: 3149, 10, 0
0 36 49: 3146, 0, 0
0 36 53: 3146, 0, 0
0 36 54: 3148, 10, 0
0 36 55: 3150, 10, 0
0 36 56: 3174, 22, 3
0 36 57: 3173, 22, 2
0 36 58: 3173, 22, 1
0 36 59: 3171, 22, 2
0 36 60: 3051, 10, 0
0 36 61: 3053, 10, 2
0 37 3: 3055, 10, 2
0 37 4: 3056, 10, 2
0 37 5: 3171, 22, 1
0 37 6: 3173, 22, 1
0 37 8: 3146, 9, 3
0 37 18: 3146, 9, 0
0 37 20: 3170, 22, 2
0 37 21: 3170, 22, 0
0 37 22: 3061, 10, 0
0 37 23: 3062, 10, 0
0 37 26: 3170, 22, 0
0 37 27: 3146, 9, 3
0 37 37: 3146, 9, 0
0 37 38: 3170, 22, 3
0 37 39: 3170, 22, 3
0 37 41: 3076, 10, 2
0 37 42: 3047, 10, 2
0 37 45: 1252, 22, 1
0 37 46: 3146, 9, 3
0 37 56: 3146, 9, 0
0 37 57: 1252, 22, 1
0 37 58: 3173, 22, 0
0 37 59: 3158, 10, 0
0 37 60: 3058, 10, 2
0 37 61: 3054, 10, 2
0 37 62: 3158, 10, 0
0 38 3: 3054, 10, 0
0 38 4: 3059, 10, 2
0 38 5: 3170, 22, 3
0 38 7: 3150, 10, 3
0 38 19: 3151, 10, 1
0 38 20: 1252, 22, 1
0 38 22: 3062, 10, 2
0 38 23: 3061, 10, 2
0 38 26: 3150, 10, 3
0 38 38: 3151, 10, 1
0 38 39: 1252, 22, 3
0 38 41: 3047, 10, 0
0 38 42: 3076, 10, 0
0 38 45: 3150, 10, 3
0 38 57: 3151, 10, 1
0 38 60: 3066, 10, 2
0 38 61: 3055, 10, 0
0 38 62: 3158, 10, 3
0 38 63: 3158, 10, 3
0 39 2: 3158, 10, 2
0 39 3: 3053, 10, 0
0 39 4: 3072, 10, 2
0 39 5: 3170, 22, 1
0 39 7: 3148, 10, 3
0 39 19: 3149, 10, 1
0 39 22: 3050, 10, 0
0 39 23: 3050, 10, 2
0 39 26: 3148, 10, 3
0 39 38: 3149, 10, 1
0 39 40: 3170, 22, 1
0 39 41: 3050, 10, 0
0 39 42: 3050, 10, 2
0 39 45: 3148, 10, 3
0 39 57: 3149, 10, 1
0 39 59: 3173, 22, 0
0 39 60: 3073, 10, 0
0 39 61: 3053, 10, 2
0 40 1: 3158, 10, 1
0 40 3: 3055, 10, 2
0 40 4: 3060, 10, 0
0 40 6: 3150, 10, 3
0 40 20: 3151, 10, 1
0 40 22: 3076, 10, 2
0 40 23: 3047, 10, 2
0 40 25: 3150, 10, 3
0 40 39: 3151, 10, 1
0 40 41: 3076, 10, 2
0 40 42: 3062, 10, 0
0 40 44: 3150, 10, 3
0 40 58: 3151, 10, 1
0 40 60: 3059, 10, 0
0 40 61: 3054, 10, 2
0 41 2: 3158, 10, 3
0 41 3: 3054, 10, 0
0 41 4: 3059, 10, 2
0 41 6: 3148, 10, 3
0 41 20: 3149, 10, 1
0 41 22: 3047, 10, 0
0 41 23: 3076, 10, 0
0 41 25: 3148, 10, 3
0 41 39: 3149, 10, 1
0 41 41: 3047, 10, 0
0 41 42: 3061, 10, 2
0 41 44: 3148, 10, 3
0 41 58: 3149, 10, 1
0 41 60: 3057, 10, 0
0 41 61: 3055, 10, 0
0 42 3: 3053, 10, 0
0 42 4: 3074, 10, 2
0 42 6: 3146, 0, 3
0 42 20: 3146, 0, 1
0 42 22: 3050, 10, 0
0 42 23: 3050, 10, 2
0 42 25: 3146, 0, 3
0 42 39: 3146, 0, 1
0 42 41: 3050, 10, 0
0 42 42: 3050, 10, 2
0 42 43: 3170, 22, 0
0 42 44: 3146, 0, 3
0 42 58: 3146, 0, 1
0 42 59: 3170, 22, 0
0 42 60: 3052, 10, 0
0 42 61: 3053, 10, 2
0 43 0: 730, 22, 3
0 43 3: 3055, 10, 2
0 43 4: 3060, 10, 0
0 43 6: 3146, 0, 3
0 43 20: 3146, 0, 1
0 43 22: 3076, 10, 2
0 43 23: 3047, 10, 2
0 43 25: 3146, 0, 3
0 43 39: 3146, 0, 1
0 43 41: 3076, 10, 2
0 43 42: 3047, 10, 2
0 43 44: 3146, 0, 3
0 43 58: 3146, 0, 1
0 43 60: 3059, 10, 0
0 43 61: 3054, 10, 2
0 44 3: 3054, 10, 0
0 44 4: 3059, 10, 2
0 44 6: 3146, 0, 3
0 44 20: 3146, 0, 1
0 44 21: 3170, 22, 1
0 44 22: 3066, 10, 2
0 44 23: 3065, 10, 2
0 44 25: 3146, 0, 3
0 44 39: 3146, 0, 1
0 44 41: 3060, 10, 2
0 44 42: 3059, 10, 2
0 44 44: 3146, 0, 3
0 44 58: 3146, 0, 1
0 44 60: 3060, 10, 2
0 44 61: 3055, 10, 0
0 45 2: 3158, 10, 0
0 45 3: 3053, 10, 0
0 45 4: 3052, 10, 2
0 45 6: 3146, 0, 3
0 45 20: 3146, 0, 1
0 45 22: 3074, 10, 0
0 45 23: 3073, 10, 2
0 45 25: 3146, 0, 3
0 45 39: 3146, 0, 1
0 45 40: 3170, 22, 0
0 45 41: 3071, 10, 0
0 45 42: 3072, 10, 2
0 45 44: 3146, 0, 3
0 45 58: 3146, 0, 1
0 45 60: 3072, 10, 0
0 45 61: 3053, 10, 2
0 45 63: 3125, 3, 3
0 46 1: 730, 22, 2
0 46 3: 3055, 10, 2
0 46 4: 3057, 10, 2
0 46 6: 3146, 0, 3
0 46 20: 3146, 0, 1
0 46 22: 3065, 10, 0
0 46 23: 3066, 10, 0
0 46 25: 3146, 0, 3
0 46 39: 3146, 0, 1
0 46 41: 3059, 10, 0
0 46 42: 3060, 10, 0
0 46 44: 3146, 0, 3
0 46 58: 3146, 0, 1
0 46 60: 3067, 10, 0
0 46 61: 3054, 10, 2
0 46 62: 3158, 10, 2
0 47 3: 3054, 10, 0
0 47 4: 3059, 10, 2
0 47 6: 3146, 0, 3
0 47 20: 3146, 0, 1
0 47 22: 3057, 10, 0
0 47 23: 3059, 10, 2
0 47 25: 3146, 0, 3
0 47 39: 3146, 0, 1
0 47 41: 3056, 10, 0
0 47 42: 3058, 10, 0
0 47 44: 3146, 0, 3
0 47 58: 3146, 0, 1
0 47 60: 3068, 10, 2
0 47 61: 3055, 10, 0
0 47 62: 3158, 10, 1
0 48 3: 3053, 10, 0
0 48 4: 3072, 10, 2
0 48 6: 3146, 0, 3
0 48 20: 3146, 0, 1
0 48 21: 3170, 22, 0
0 48 22: 3052, 10, 0
0 48 23: 3052, 10, 2
0 48 25: 3146, 0, 3
0 48 39: 3146, 0, 1
0 48 40: 3170, 22, 3
0 48 41: 3051, 10, 0
0 48 42: 3051, 10, 2
0 48 43: 3170, 22, 0
0 48 44: 3146, 0, 3
0 48 58: 3146, 0, 1
0 48 60: 3073, 10, 0
0 48 61: 3053, 10, 2
0 48 62: 3158, 10, 2
0 49 3: 3055, 10, 2
0 49 4: 3068, 10, 0
0 49 6: 3146, 0, 3
0 49 20: 3146, 0, 1
0 49 22: 3059, 10, 0
0 49 23: 3057, 10, 2
0 49 25: 3146, 0, 3
0 49 39: 3146, 0, 1
0 49 41: 3069, 10, 0
0 49 42: 3056, 10, 2
0 49 44: 3146, 0, 3
0 49 58: 3146, 0, 1
0 49 60: 3059, 10, 0
0 49 61: 3054, 10, 2
0 49 63: 3121, 3, 3
0 49 63: 3140, 10, 2
0 50 3: 3054, 10, 0
0 50 4: 3067, 10, 2
0 50 6: 3146, 0, 3
0 50 20: 3146, 0, 1
0 50 22: 3060, 10, 2
0 50 23: 3065, 10, 2
0 50 25: 3146, 0, 3
0 50 39: 3146, 0, 1
0 50 41: 3070, 10, 2
0 50 42: 3059, 10, 2
0 50 44: 3146, 0, 3
0 50 58: 3146, 0, 1
0 50 59: 1252, 22, 1
0 50 60: 3057, 10, 0
0 50 61: 3055, 10, 0
0 50 63: 3141, 10, 2
0 51 3: 3053, 10, 0
0 51 4: 3073, 10, 2
0 51 6: 3146, 0, 3
0 51 20: 3146, 0, 1
0 51 22: 3072, 10, 0
0 51 23: 3071, 10, 2
0 51 25: 3146, 0, 3
0 51 39: 3146, 0, 1
0 51 40: 3170, 22, 1
0 51 41: 3074, 10, 0
0 51 42: 3073, 10, 2
0 51 43: 3171, 22, 0
0 51 44: 3146, 0, 3
0 51 58: 3146, 0, 1
0 51 59: 3171, 22, 0
0 51 60: 3052, 10, 0
0 51 61: 3053, 10, 2
0 51 63: 3120, 3, 3
0 51 63: 3138, 10, 2
0 52 3: 3055, 10, 2
0 52 4: 3060, 10, 0
0 52 6: 3146, 0, 3
0 52 20: 3146, 0, 1
0 52 22: 3059, 10, 0
0 52 23: 3060, 10, 0
0 52 25: 3146, 0, 3
0 52 39: 3146, 0, 1
0 52 41: 3059, 10, 0
0 52 42: 3060, 10, 0
0 52 44: 3146, 0, 3
0 52 58: 3146, 0, 1
0 52 60: 3059, 10, 0
0 52 61: 3054, 10, 2
0 52 63: 3139, 10, 2
0 53 2: 730, 22, 0
0 53 3: 3054, 10, 0
0 53 4: 3058, 10, 0
0 53 6: 3146, 0, 3
0 53 20: 3146, 0, 1
0 53 22: 3047, 10, 0
0 53 23: 3076, 10, 0
0 53 25: 3146, 0, 3
0 53 39: 3146, 0, 1
0 53 41: 3047, 10, 0
0 53 42: 3076, 10, 0
0 53 44: 3146, 0, 3
0 53 58: 3146, 0, 1
0 53 60: 3060, 10, 2
0 53 61: 3055, 10, 0
0 53 63: 3119, 3, 3
0 53 63: 3136, 10, 2
0 54 3: 3053, 10, 0
0 54 4: 3051, 10, 2
0 54 6: 3146, 0, 3
0 54 20: 3146, 0, 1
0 54 21: 3158, 10, 3
0 54 22: 3050, 10, 0
0 54 23: 3050, 10, 2
0 54 25: 3146, 0, 3
0 54 39: 3146, 0, 1
0 54 41: 3050, 10, 0
0 54 42: 3050, 10, 2
0 54 43: 3169, 22, 0
0 54 44: 3146, 0, 3
0 54 58: 3146, 0, 1
0 54 59: 3171, 22, 2
0 54 60: 3071, 10, 0
0 54 61: 3053, 10, 2
0 54 63: 3137, 10, 2
0 55 3: 3055, 10, 2
0 55 4: 3056, 10, 2
0 55 6: 3149, 10, 3
0 55 20: 3148, 10, 1
0 55 22: 3061, 10, 0
0 55 23: 3047, 10, 2
0 55 25: 3149, 10, 3
0 55 39: 3148, 10, 1
0 55 41: 3076, 10, 2
0 55 42: 3047, 10, 2
0 55 44: 3149, 10, 3
0 55 58: 3148, 10, 1
0 55 60: 3067, 10, 0
0 55 61: 3054, 10, 2
0 55 63: 3118, 3, 3
0 55 63: 3134, 10, 2
0 56 0: 730, 22, 3
0 56 2: 3158, 10, 2
0 56 3: 3054, 10, 0
0 56 4: 3059, 10, 2
0 56 6: 3151, 10, 3
0 56 20: 3150, 10, 1
0 56 22: 3062, 10, 2
0 56 23: 3076, 10, 0
0 56 25: 3151, 10, 3
0 56 39: 3150, 10, 1
0 56 41: 3047, 10, 0
0 56 42: 3076, 10, 0
0 56 44: 3151, 10, 3
0 56 58: 3150, 10, 1
0 56 59: 3170, 22, 2
0 56 60: 3068, 10, 2
0 56 61: 3055, 10, 0
0 56 63: 3135, 10, 2
0 57 3: 3053, 10, 0
0 57 4: 3071, 10, 2
0 57 7: 3149, 10, 3
0 57 19: 3148, 10, 1
0 57 22: 3050, 10, 0
0 57 23: 3050, 10, 2
0 57 26: 3149, 10, 3
0 57 38: 3148, 10, 1
0 57 41: 3050, 10, 0
0 57 42: 3050, 10, 2
0 57 45: 3149, 10, 3
0 57 57: 3148, 10, 1
0 57 59: 3171, 22, 3
0 57 60: 3072, 10, 0
0 57 61: 3053, 10, 2
0 57 63: 3117, 3, 3
0 57 63: 3132, 10, 2
0 58 3: 3055, 10, 2
0 58 4: 3060, 10, 0
0 58 7: 3151, 10, 3
0 58 19: 3150, 10, 1
0 58 21: 3170, 22, 3
0 58 22: 3061, 10, 0
0 58 23: 3062, 10, 0
0 58 24: 3170, 22, 0
0 58 26: 3151, 10, 3
0 58 38: 3150, 10, 1
0 58 41: 3061, 10, 0
0 58 42: 3062, 10, 0
0 58 43: 3170, 22, 1
0 58 45: 3151, 10, 3
0 58 57: 3150, 10, 1
0 58 59: 3171, 22, 3
0 58 60: 3059, 10, 0
0 58 61: 3054, 10, 2
0 58 63: 3133, 10, 2
0 59 1: 3158, 10, 0
0 59 3: 3054, 10, 0
0 59 4: 3059, 10, 2
0 59 5: 3158, 10, 2
0 59 8: 3146, 9, 2
0 59 18: 3146, 9, 1
0 59 21: 3158, 10, 2
0 59 22: 3062, 10, 2
0 59 23: 3061, 10, 2
0 59 24: 3158, 10, 1
0 59 27: 3146, 9, 2
0 59 37: 3146, 9, 1
0 59 40: 3158, 10, 1
0 59 41: 3062, 10, 2
0 59 42: 3061, 10, 2
0 59 43: 3158, 10, 3
0 59 46: 3146, 9, 2
0 59 56: 3146, 9, 1
0 59 58: 3170, 22, 0
0 59 60: 3056, 10, 0
0 59 61: 3055, 10, 0
0 59 63: 3116, 3, 3
0 59 63: 3130, 10, 2
0 60 2: 730, 22, 2
0 60 3: 3053, 10, 0
0 60 4: 3072, 10, 2
0 60 5: 3171, 22, 1
0 60 6: 3170, 22, 1
0 60 7: 1252, 22, 2
0 60 9: 3150, 10, 2
0 60 10: 3148, 10, 2
0 60 11: 3146, 0, 2
0 60 15: 3146, 0, 2
0 60 16: 3149, 10, 2
0 60 17: 3151, 10, 2
0 60 21: 3171, 22, 2
0 60 22: 3050, 10, 0
0 60 23: 3050, 10, 2
0 60 24: 3171, 22, 3
0 60 25: 3170, 22, 0
0 60 28: 3150, 10, 2
0 60 29: 3148, 10, 2
0 60 30: 3146, 0, 2
0 60 34: 3146, 0, 2
0 60 35: 3149, 10, 2
0 60 36: 3151, 10, 2
0 60 38: 1252, 22, 3
0 60 39: 3170, 22, 3
0 60 40: 3171, 22, 2
0 60 41: 3050, 10, 0
0 60 42: 3050, 10, 2
0 60 43: 3171, 22, 0
0 60 44: 3170, 22, 2
0 60 46: 1252, 22, 1
0 60 47: 3150, 10, 2
0 60 48: 3148, 10, 2
0 60 49: 3146, 0, 2
0 60 53: 3146, 0, 2
0 60 54: 3149, 10, 2
0 60 55: 3151, 10, 2
0 60 57: 3170, 22, 3
0 60 58: 3169, 22, 0
0 60 59: 3158, 10, 0
0 60 60: 3051, 10, 0
0 60 61: 3053, 10, 2
0 60 63: 3131, 10, 2
0 61 2: 3158, 10, 0
0 61 3: 3055, 10, 2
0 61 4: 3060, 10, 0
0 61 5: 3171, 22, 1
0 61 6: 3169, 22, 1
0 61 7: 3170, 22, 0
0 61 12: 3147, 10, 3
0 61 13: 3146, 0, 2
0 61 14: 3147, 10, 2
0 61 19: 3170, 22, 0
0 61 20: 3171, 22, 3
0 61 21: 3158, 10, 3
0 61 22: 3063, 10, 0
0 61 23: 3047, 10, 2
0 61 24: 3158, 10, 3
0 61 25: 3171, 22, 0
0 61 26: 3170, 22, 0
0 61 31: 3147, 10, 3
0 61 32: 3146, 0, 2
0 61 33: 3147, 10, 2
0 61 38: 3170, 22, 0
0 61 39: 3170, 22, 2
0 61 40: 3158, 10, 3
0 61 41: 3063, 10, 0
0 61 42: 3064, 10, 0
0 61 43: 3158, 10, 0
0 61 44: 3171, 22, 1
0 61 45: 3170, 22, 3
0 61 47: 3170, 22, 2
0 61 50: 3147, 10, 3
0 61 51: 3146, 0, 2
0 61 52: 3147, 10, 2
0 61 56: 1252, 22, 3
0 61 57: 3170, 22, 3
0 61 58: 3171, 22, 3
0 61 59: 3158, 10, 2
0 61 60: 3058, 10, 2
0 61 61: 3054, 10, 2
0 61 63: 3115, 3, 3
0 61 63: 3128, 10, 2
0 62 3: 3048, 10, 0
0 62 4: 3048, 10, 2
0 62 5: 3158, 10, 3
0 62 6: 3171, 22, 2
0 62 7: 3171, 22, 1
0 62 8: 3170, 22, 0
0 62 18: 3171, 22, 2
0 62 19: 3158, 10, 2
0 62 20: 3158, 10, 1
0 62 21: 3158, 10, 0
0 62 22: 3048, 10, 0
0 62 23: 3048, 10, 2
0 62 24: 3158, 10, 1
0 62 25: 3158, 10, 2
0 62 26: 3171, 22, 3
0 62 27: 3158, 10, 0
0 62 37: 3158, 10, 2
0 62 38: 3171, 22, 3
0 62 39: 3158, 10, 0
0 62 40: 3158, 10, 2
0 62 41: 3048, 10, 0
0 62 42: 3048, 10, 2
0 62 43: 3158, 10, 1
0 62 44: 3158, 10, 3
0 62 45: 3171, 22, 0
0 62 46: 3158, 10, 2
0 62 48: 3170, 22, 0
0 62 57: 3171, 22, 0
0 62 58: 3158, 10, 1
0 62 59: 3158, 10, 3
0 62 60: 3048, 10, 0
0 62 61: 3048, 10, 2
0 62 63: 3129, 10, 2
0 63 3: 3048, 10, 0
0 63 4: 3075, 10, 2
0 63 5: 3048, 10, 1
0 63 6: 3058, 10, 3
0 63 7: 3051, 10, 1
0 63 8: 3056, 10, 1
0 63 9: 3059, 10, 1
0 63 10: 3073, 10, 1
0 63 11: 3066, 10, 3
0 63 12: 3076, 10, 3
0 63 13: 3050, 10, 1
0 63 14: 3047, 10, 1
0 63 15: 3058, 10, 3
0 63 16: 3051, 10, 1
0 63 17: 3056, 10, 1
0 63 18: 3059, 10, 1
0 63 19: 3052, 10, 1
0 63 20: 3057, 10, 1
0 63 21: 3048, 10, 1
0 63 22: 3075, 10, 1
0 63 23: 3075, 10, 2
0 63 24: 3048, 10, 1
0 63 25: 3065, 10, 1
0 63 26: 3074, 10, 1
0 63 27: 3060, 10, 3
0 63 28: 3058, 10, 3
0 63 29: 3051, 10, 1
0 63 30: 3056, 10, 1
0 63 31: 3076, 10, 3
0 63 32: 3050, 10, 1
0 63 33: 3047, 10, 1
0 63 34: 3059, 10, 1
0 63 35: 3052, 10, 1
0 63 36: 3068, 10, 3
0 63 37: 3067, 10, 1
0 63 38: 3073, 10, 1
0 63 39: 3066, 10, 3
0 63 40: 3048, 10, 1
0 63 41: 3075, 10, 1
0 63 42: 3075, 10, 2
0 63 43: 3048, 10, 1
0 63 44: 3065, 10, 1
0 63 45: 3072, 10, 1
0 63 46: 3068, 10, 3
0 63 47: 3067, 10, 1
0 63 48: 3052, 10, 1
0 63 49: 3057, 10, 1
0 63 50: 3076, 10, 3
0 63 51: 3050, 10, 1
0 63 52: 3047, 10, 1
0 63 53: 3058, 10, 3
0 63 54: 3051, 10, 1
0 63 55: 3056, 10, 1
0 63 56: 3059, 10, 1
0 63 57: 3073, 10, 1
0 63 58: 3066, 10, 3
0 63 59: 3048, 10, 1
0 63 60: 3075, 10, 1
0 63 61: 3048, 10, 2
0 63 62: 3122, 3, 3
0 63 63: 3122, 3, 0
0 63 63: 3142, 10, 2
1 0 3: 3123, 22, 1
1 0 3: 3125, 0, 3
1 0 4: 3123, 22, 1
1 0 4: 3125, 0, 1
1 0 60: 3123, 22, 3
1 0 60: 3125, 0, 3
1 0 61: 3123, 22, 3
1 0 61: 3125, 0, 1
1 1 3: 3086, 0, 3
1 1 3: 3202, 22, 0
1 1 4: 3077, 1, 0
1 1 4: 3202, 22, 0
1 1 5: 3087, 0, 0
1 1 5: 3202, 22, 0
1 1 6: 3086, 0, 0
1 1 6: 3173, 22, 2
1 1 7: 3080, 0, 0
1 1 7: 3173, 22, 2
1 1 8: 3086, 0, 0
1 1 8: 3173, 22, 0
1 1 9: 3084, 0, 0
1 1 9: 3202, 22, 0
1 1 10: 3085, 0, 0
1 1 10: 3202, 22, 0
1 1 11: 3085, 0, 0
1 1 11: 3202, 22, 0
1 1 12: 3084, 0, 0
1 1 12: 3202, 22, 0
1 1 13: 3080, 0, 0
1 1 13: 3202, 22, 0
1 1 14: 3081, 0, 0
1 1 14: 3202, 22, 0
1 1 15: 3086, 0, 0
1 1 15: 3158, 10, 0
1 1 15: 3202, 22, 0
1 1 16: 3087, 0, 0
1 1 16: 3202, 22, 0
1 1 17: 3087, 0, 0
1 1 17: 3202, 22, 0
1 1 18: 3086, 0, 0
1 1 18: 3173, 22, 0
1 1 19: 3084, 0, 0
1 1 19: 3173, 22, 2
1 1 20: 3080, 0, 0
1 1 20: 3174, 22, 3
1 1 21: 3081, 0, 0
1 1 21: 3173, 22, 3
1 1 22: 3084, 0, 0
1 1 22: 3173, 22, 3
1 1 23: 3086, 0, 0
1 1 23: 3174, 22, 2
1 1 24: 3084, 0, 0
1 1 24: 3173, 22, 2
1 1 25: 3085, 0, 0
1 1 25: 3202, 22, 0
1 1 26: 3087, 0, 0
1 1 26: 3110, 5, 0
1 1 26: 3202, 22, 0
1 1 27: 3086, 0, 0
1 1 27: 3202, 22, 0
1 1 28: 3084, 0, 0
1 1 28: 3173, 22, 3
1 1 29: 3085, 0, 0
1 1 29: 3110, 5, 0
1 1 29: 3202, 22, 0
1 1 30: 3080, 0, 0
1 1 30: 3202, 22, 0
1 1 31: 3081, 0, 0
1 1 31: 3202, 22, 0
1 1 32: 3087, 0, 0
1 1 32: 3110, 5, 0
1 1 32: 3202, 22, 0
1 1 33: 3087, 0, 0
1 1 33: 3173, 22, 3
1 1 34: 3086, 0, 0
1 1 34: 3202, 22, 0
1 1 35: 3085, 0, 0
1 1 35: 3110, 5, 0
1 1 35: 3202, 22, 0
1 1 36: 3085, 0, 0
1 1 36: 3173, 22, 1
1 1 37: 3084, 0, 0
1 1 37: 3202, 22, 0
1 1 38: 3087, 0, 0
1 1 38: 3110, 5, 0
1 1 38: 3202, 22, 0
1 1 39: 3086, 0, 0
1 1 39: 3202, 22, 0
1 1 40: 3085, 0, 0
1 1 40: 3202, 22, 0
1 1 41: 3084, 0, 0
1 1 41: 3173, 22, 0
1 1 42: 3080, 0, 0
1 1 42: 3173, 22, 1
1 1 43: 3081, 0, 0
1 1 43: 3174, 22, 2
1 1 44: 3087, 0, 0
1 1 44: 3172, 22, 1
1 1 45: 3086, 0, 0
1 1 45: 3202, 22, 0
1 1 46: 3086, 0, 0
1 1 46: 3158, 10, 0
1 1 46: 3202, 22, 0
1 1 47: 3085, 0, 0
1 1 47: 3174, 22, 0
1 1 48: 3087, 0, 0
1 1 48: 3202, 22, 0
1 1 49: 3086, 0, 0
1 1 49: 3202, 22, 0
1 1 50: 3086, 0, 0
1 1 50: 3202, 22, 0
1 1 51: 3084, 0, 0
1 1 51: 3202, 22, 0
1 1 52: 3085, 0, 0
1 1 52: 3173, 22, 3
1 1 53: 3085, 0, 0
1 1 53: 3158, 10, 1
1 1 53: 3202, 22, 0
1 1 54: 3080, 0, 0
1 1 54: 3202, 22, 0
1 1 55: 3081, 0, 0
1 1 55: 3202, 22, 0
1 1 56: 3087, 0, 0
1 1 56: 3173, 22, 0
1 1 57: 3086, 0, 0
1 1 57: 3174, 22, 2
1 1 58: 3084, 0, 0
1 1 58: 3202, 22, 0
1 1 59: 3085, 0, 0
1 1 59: 3202, 22, 0
1 1 60: 3125, 3, 3
1 1 60: 3202, 22, 0
1 1 61: 3088, 3, 0
1 1 61: 3202, 22, 0
1 1 62: 3123, 22, 3
1 1 62: 3125, 0, 0
1 1 63: 3123, 22, 3
1 1 63: 3125, 0, 0
1 2 3: 3084, 0, 3
1 2 3: 3173, 22, 3
1 2 4: 3077, 1, 1
1 2 4: 3202, 22, 0
1 2 5: 3079, 0, 2
1 2 5: 3202, 22, 0
1 2 6: 3083, 0, 2
1 2 6: 3202, 22, 0
1 2 7: 3082, 0, 2
1 2 7: 3173, 22, 1
1 2 8: 3079, 0, 2
1 2 8: 3202, 22, 0
1 2 9: 3081, 0, 2
1 2 9: 3202, 22, 0
1 2 10: 3080, 0, 2
1 2 10: 3202, 22, 0
1 2 11: 3077, 0, 2
1 2 11: 3202, 22, 0
1 2 12: 3077, 0, 2
1 2 12: 3110, 5, 2
1 2 12: 3174, 22, 2
1 2 13: 3077, 0, 2
1 2 13: 3202, 22, 0
1 2 14: 3077, 0, 2
1 2 14: 3110, 5, 2
1 2 14: 3202, 22, 0
1 2 15: 3077, 0, 2
1 2 15: 3202, 22, 0
1 2 16: 3079, 0, 2
1 2 16: 3202, 22, 0
1 2 17: 3082, 0, 2
1 2 17: 3202, 22, 0
1 2 18: 3083, 0, 2
1 2 18: 3202, 22, 0
1 2 19: 3082, 0, 2
1 2 19: 3173, 22, 1
1 2 20: 3079, 0, 2
1 2 20: 3202, 22, 0
1 2 21: 3077, 0, 2
1 2 21: 3173, 22, 0
1 2 22: 3077, 1, 2
1 2 22: 3202, 22, 0
1 2 23: 3077, 1, 1
1 2 23: 3173, 22, 1
1 2 24: 3083, 0, 2
1 2 24: 3202, 22, 0
1 2 25: 3079, 0, 2
1 2 25: 3202, 22, 0
1 2 26: 3082, 0, 2
1 2 26: 3202, 22, 0
1 2 27: 3082, 0, 2
1 2 27: 3202, 22, 0
1 2 28: 3079, 0, 2
1 2 28: 3202, 22, 0
1 2 29: 3081, 0, 2
1 2 29: 3202, 22, 0
1 2 30: 3080, 0, 2
1 2 30: 3202, 22, 0
1 2 31: 3077, 0, 2
1 2 31: 3110, 5, 2
1 2 31: 3202, 22, 0
1 2 32: 3077, 0, 2
1 2 32: 3173, 22, 2
1 2 33: 3077, 0, 2
1 2 33: 3110, 5, 2
1 2 33: 3202, 22, 0
1 2 34: 3081, 0, 2
1 2 34: 3173, 22, 0
1 2 35: 3080, 0, 2
1 2 35: 3202, 22, 0
1 2 36: 3082, 0, 2
1 2 36: 3202, 22, 0
1 2 37: 3077, 0, 2
1 2 37: 3202, 22, 0
1 2 38: 3081, 0, 2
1 2 38: 3202, 22, 0
1 2 39: 3080, 0, 2
1 2 39: 3202, 22, 0
1 2 40: 3082, 0, 2
1 2 40: 3202, 22, 0
1 2 41: 3077, 1, 2
1 2 41: 3202, 22, 0
1 2 42: 3077, 1, 1
1 2 42: 3173, 22, 2
1 2 43: 3083, 0, 2
1 2 43: 3173, 22, 1
1 2 44: 3082, 0, 2
1 2 44: 3173, 22, 1
1 2 45: 3079, 0, 2
1 2 45: 3202, 22, 0
1 2 46: 3077, 0, 2
1 2 46: 3173, 22, 1
1 2 47: 3081, 0, 2
1 2 47: 3173, 22, 2
1 2 48: 3080, 0, 2
1 2 48: 3173, 22, 0
1 2 49: 3082, 0, 2
1 2 49: 3202, 22, 0
1 2 50: 3077, 0, 2
1 2 50: 3110, 5, 2
1 2 50: 3202, 22, 0
1 2 51: 3083, 0, 2
1 2 51: 3173, 22, 2
1 2 52: 3082, 0, 2
1 2 52: 3110, 5, 2
1 2 52: 3174, 22, 3
1 2 53: 3082, 0, 2
1 2 53: 3173, 22, 2
1 2 54: 3083, 0, 2
1 2 54: 3202, 22, 0
1 2 55: 3077, 0, 2
1 2 55: 3202, 22, 0
1 2 56: 3079, 0, 2
1 2 56: 3202, 22, 0
1 2 57: 3081, 0, 2
1 2 57: 3202, 22, 0
1 2 58: 3080, 0, 2
1 2 58: 3158, 10, 2
1 2 58: 3202, 22, 0
1 2 59: 3077, 0, 2
1 2 59: 3202, 22, 0
1 2 60: 3077, 1, 2
1 2 60: 3173, 22, 0
1 2 61: 3125, 3, 1
1 2 61: 3202, 22, 0
1 2 62: 3123, 22, 3
1 2 62: 3125, 0, 2
1 2 63: 3123, 22, 3
1 2 63: 3125, 3, 2
1 3 2: 3145, 0, 1
1 3 3: 3081, 0, 3
1 3 3: 3173, 22, 2
1 3 4: 3079, 0, 1
1 3 4: 3173, 22, 2
1 3 8: 3106, 10, 0
1 3 8: 3201, 22, 0
1 3 9: 3201, 22, 0
1 3 12: 3111, 10, 0
1 3 12: 3201, 22, 0
1 3 13: 3201, 22, 0
1 3 14: 3113, 10, 0
1 3 14: 3201, 22, 0
1 3 17: 3102, 10, 0
1 3 17: 3201, 22, 0
1 3 18: 3201, 22, 0
1 3 22: 3083, 0, 3
1 3 22: 3202, 22, 0
1 3 23: 3077, 0, 1
1 3 23: 3173, 22, 0
1 3 27: 3100, 10, 0
1 3 27: 3201, 22, 0
1 3 28: 3201, 22, 0
1 3 31: 3111, 10, 0
1 3 31: 3201, 22, 0
1 3 32: 3201, 22, 0
1 3 33: 3113, 10, 0
1 3 33: 3201, 22, 0
1 3 36: 3099, 10, 0
1 3 36: 3201, 22, 0
1 3 37: 3201, 22, 0
1 3 38: 3145, 0, 0
1 3 39: 3144, 0, 0
1 3 41: 3079, 0, 3
1 3 41: 3202, 22, 0
1 3 42: 3082, 0, 1
1 3 42: 3202, 22, 0
1 3 46: 3094, 10, 0
1 3 46: 3201, 22, 0
1 3 47: 3201, 22, 0
1 3 50: 3111, 10, 0
1 3 50: 3201, 22, 0
1 3 51: 3201, 22, 0
1 3 52: 3113, 10, 0
1 3 52: 3201, 22, 0
1 3 55: 3090, 10, 0
1 3 55: 3201, 22, 0
1 3 56: 3201, 22, 0
1 3 60: 3077, 0, 3
1 3 60: 3202, 22, 0
1 3 61: 3085, 0, 1
1 3 61: 3173, 22, 0
1 3 63: 3123, 22, 3
1 3 63: 3125, 0, 3
1 4 2: 3144, 0, 1
1 4 3: 3080, 0, 3
1 4 3: 3173, 22, 1
1 4 4: 3083, 0, 1
1 4 4: 3202, 22, 0
1 4 21: 3145, 0, 1
1 4 22: 3081, 0, 3
1 4 22: 3202, 22, 0
1 4 23: 3077, 0, 1
1 4 23: 3202, 22, 0
1 4 41: 3079, 0, 3
1 4 41: 3202, 22, 0
1 4 42: 3080, 0, 1
1 4 42: 3173, 22, 3
1 4 43: 3144, 0, 3
1 4 60: 3077, 0, 3
1 4 60: 3173, 22, 3
1 4 61: 3084, 0, 1
1 4 61: 3174, 22, 1
1 4 63: 3123, 22, 3
1 4 63: 3125, 0, 3
1 5 3: 3086, 0, 3
1 5 3: 3202, 22, 0
1 5 4: 3082, 0, 1
1 5 4: 3173, 22, 0
1 5 9: 3201, 22, 2
1 5 10: 3201, 22, 2
1 5 13: 3203, 10, 1
1 5 16: 3201, 22, 2
1 5 17: 3201, 22, 2
1 5 21: 3144, 0, 1
1 5 22: 3080, 0, 3
1 5 22: 3202, 22, 0
1 5 23: 3079, 0, 1
1 5 23: 3202, 22, 0
1 5 28: 3201, 22, 2
1 5 29: 3201, 22, 2
1 5 32: 3203, 10, 1
1 5 35: 3201, 22, 2
1 5 36: 3201, 22, 2
1 5 41: 3077, 0, 3
1 5 41: 3173, 22, 2
1 5 42: 3081, 0, 1
1 5 42: 3172, 22, 2
1 5 43: 3145, 0, 3
1 5 47: 3201, 22, 0
1 5 48: 3201, 22, 0
1 5 51: 3203, 10, 1
1 5 54: 3201, 22, 0
1 5 55: 3201, 22, 0
1 5 60: 3083, 0, 3
1 5 60: 3173, 22, 2
1 5 61: 3086, 0, 1
1 5 61: 3202, 22, 0
1 5 63: 3123, 22, 3
1 5 63: 3125, 0, 3
1 6 3: 3084, 0, 3
1 6 3: 3173, 22, 3
1 6 4: 3080, 0, 1
1 6 4: 3173, 22, 3
1 6 5: 3102, 10, 3
1 6 5: 3144, 0, 3
1 6 5: 3201, 22, 0
1 6 8: 3201, 22, 2
1 6 15: 3170, 22, 2
1 6 18: 3201, 22, 2
1 6 21: 3102, 10, 1
1 6 21: 3201, 22, 0
1 6 22: 3082, 0, 3
1 6 22: 3202, 22, 0
1 6 23: 3077, 0, 1
1 6 23: 3202, 22, 0
1 6 24: 3097, 10, 3
1 6 24: 3201, 22, 0
1 6 27: 3201, 22, 2
1 6 32: 3170, 22, 0
1 6 37: 3201, 22, 2
1 6 40: 3097, 10, 1
1 6 40: 3201, 22, 0
1 6 41: 3082, 0, 3
1 6 41: 3202, 22, 0
1 6 42: 3077, 0, 1
1 6 42: 3173, 22, 3
1 6 43: 3095, 10, 3
1 6 43: 3201, 22, 0
1 6 46: 3201, 22, 0
1 6 47: 3170, 22, 0
1 6 48: 3171, 22, 2
1 6 52: 3170, 22, 1
1 6 54: 3170, 22, 3
1 6 55: 3170, 22, 0
1 6 56: 3201, 22, 0
1 6 59: 3090, 10, 1
1 6 59: 3201, 22, 0
1 6 60: 3077, 0, 3
1 6 60: 3202, 22, 0
1 6 61: 3087, 0, 1
1 6 61: 3202, 22, 0
1 6 63: 3123, 22, 3
1 6 63: 3125, 0, 3
1 7 3: 3085, 0, 3
1 7 3: 3174, 22, 3
1 7 4: 3081, 0, 1
1 7 4: 3173, 22, 2
1 7 5: 3145, 0, 3
1 7 5: 3201, 22, 0
1 7 7: 3201, 22, 2
1 7 14: 3170, 22, 3
1 7 15: 3169, 22, 2
1 7 16: 3171, 22, 2
1 7 19: 3201, 22, 2
1 7 21: 3201, 22, 0
1 7 22: 3079, 0, 3
1 7 22: 3202, 22, 0
1 7 23: 3082, 0, 1
1 7 23: 3202, 22, 0
1 7 24: 3201, 22, 0
1 7 26: 3201, 22, 2
1 7 33: 3170, 22, 1
1 7 38: 3201, 22, 2
1 7 40: 3201, 22, 0
1 7 41: 3077, 0, 3
1 7 41: 3202, 22, 0
1 7 42: 3082, 0, 1
1 7 42: 3202, 22, 0
1 7 43: 3201, 22, 0
1 7 45: 3201, 22, 0
1 7 48: 3170, 22, 1
1 7 50: 3170, 22, 0
1 7 51: 3170, 22, 3
1 7 57: 3201, 22, 0
1 7 59: 3201, 22, 0
1 7 60: 3077, 0, 3
1 7 60: 3202, 22, 0
1 7 61: 3087, 0, 1
1 7 61: 3173, 22, 3
1 7 63: 3123, 22, 3
1 7 63: 3125, 0, 3
1 8 3: 3085, 0, 3
1 8 3: 3173, 22, 1
1 8 4: 3077, 0, 1
1 8 4: 3202, 22, 0
1 8 7: 3201, 22, 2
1 8 10: 3170, 22, 1
1 8 14: 3170, 22, 0
1 8 15: 3170, 22, 2
1 8 16: 3170, 22, 1
1 8 19: 3201, 22, 2
1 8 22: 3079, 0, 3
1 8 22: 3202, 22, 0
1 8 23: 3083, 0, 1
1 8 23: 3173, 22, 3
1 8 26: 3201, 22, 2
1 8 38: 3201, 22, 2
1 8 41: 3077, 0, 3
1 8 41: 3202, 22, 0
1 8 42: 3083, 0, 1
1 8 42: 3202, 22, 0
1 8 45: 3201, 22, 0
1 8 46: 3171, 22, 1
1 8 57: 3201, 22, 0
1 8 60: 3079, 0, 3
1 8 60: 3202, 22, 0
1 8 61: 3086, 0, 1
1 8 61: 3202, 22, 0
1 8 63: 3123, 22, 3
1 8 63: 3125, 0, 3
1 9 3: 3081, 0, 3
1 9 3: 3173, 22, 3
1 9 4: 3079, 0, 1
1 9 4: 3202, 22, 0
1 9 5: 3106, 10, 3
1 9 5: 3201, 22, 0
1 9 6: 3201, 22, 2
1 9 9: 3170, 22, 0
1 9 10: 3171, 22, 2
1 9 11: 3170, 22, 2
1 9 20: 3201, 22, 2
1 9 21: 3105, 10, 1
1 9 21: 3201, 22, 0
1 9 22: 3082, 0, 3
1 9 22: 3173, 22, 2
1 9 23: 3077, 0, 1
1 9 23: 3202, 22, 0
1 9 24: 3100, 10, 3
1 9 24: 3201, 22, 0
1 9 25: 3201, 22, 2
1 9 29: 3156, 0, 2
1 9 30: 3156, 0, 2
1 9 31: 3154, 0, 2
1 9 32: 3155, 0, 2
1 9 33: 3157, 0, 2
1 9 36: 3171, 22, 0
1 9 39: 3201, 22, 2
1 9 40: 3100, 10, 1
1 9 40: 3201, 22, 0
1 9 41: 3081, 0, 3
1 9 41: 3202, 22, 0
1 9 42: 3082, 0, 1
1 9 42: 3202, 22, 0
1 9 43: 3090, 10, 3
1 9 43: 3201, 22, 0
1 9 44: 3201, 22, 0
1 9 58: 3201, 22, 0
1 9 59: 3090, 10, 1
1 9 59: 3201, 22, 0
1 9 60: 3077, 0, 3
1 9 60: 3202, 22, 0
1 9 61: 3084, 0, 1
1 9 61: 3202, 22, 0
1 9 63: 3123, 22, 3
1 9 63: 3125, 0, 3
1 10 3: 3080, 0, 3
1 10 3: 3202, 22, 0
1 10 4: 3077, 0, 1
1 10 4: 3202, 22, 0
1 10 5: 3201, 22, 0
1 10 6: 3201, 22, 2
1 10 10: 3170, 22, 3
1 10 14: 3170, 22, 1
1 10 20: 3201, 22, 2
1 10 21: 3201, 22, 0
1 10 22: 3083, 0, 3
1 10 22: 3202, 22, 0
1 10 23: 3080, 0, 1
1 10 23: 3202, 22, 0
1 10 24: 3201, 22, 0
1 10 25: 3201, 22, 2
1 10 30: 3156, 0, 1
1 10 31: 3171, 22, 2
1 10 32: 3169, 22, 2
1 10 33: 3170, 22, 0
1 10 39: 3201, 22, 2
1 10 40: 3201, 22, 0
1 10 41: 3080, 0, 3
1 10 41: 3202, 22, 0
1 10 42: 3082, 0, 1
1 10 42: 3173, 22, 2
1 10 43: 3201, 22, 0
1 10 44: 3201, 22, 0
1 10 49: 3171, 22, 0
1 10 54: 3170, 22, 3
1 10 58: 3201, 22, 0
1 10 59: 3201, 22, 0
1 10 60: 3077, 0, 3
1 10 60: 3202, 22, 0
1 10 61: 3085, 0, 1
1 10 61: 3202, 22, 0
1 10 63: 3123, 22, 3
1 10 63: 3125, 0, 3
1 11 3: 3085, 0, 3
1 11 3: 3202, 22, 0
1 11 4: 3080, 0, 1
1 11 4: 3202, 22, 0
1 11 13: 3170, 22, 0
1 11 14: 3171, 22, 0
1 11 15: 3170, 22, 1
1 11 18: 3170, 22, 1
1 11 22: 3083, 0, 3
1 11 22: 3202, 22, 0
1 11 23: 3081, 0, 1
1 11 23: 3202, 22, 0
1 11 28: 3155, 0, 3
1 11 29: 3170, 22, 2
1 11 30: 3157, 0, 1
1 11 32: 3170, 22, 1
1 11 35: 3156, 0, 3
1 11 38: 3170, 22, 2
1 11 41: 3077, 0, 3
1 11 41: 3202, 22, 0
1 11 42: 3079, 0, 1
1 11 42: 3202, 22, 0
1 11 53: 3170, 22, 0
1 11 54: 3169, 22, 0
1 11 57: 3170, 22, 2
1 11 60: 3082, 0, 3
1 11 60: 3173, 22, 2
1 11 61: 3087, 0, 1
1 11 61: 3202, 22, 0
1 11 63: 3123, 22, 3
1 11 63: 3125, 0, 3
1 12 3: 3084, 0, 3
1 12 3: 3202, 22, 0
1 12 4: 3081, 0, 1
1 12 4: 3202, 22, 0
1 12 5: 3107, 10, 3
1 12 5: 3201, 22, 0
1 12 7: 3171, 22, 3
1 12 8: 3170, 22, 2
1 12 13: 3170, 22, 3
1 12 14: 3169, 22, 1
1 12 15: 3170, 22, 2
1 12 17: 3170, 22, 2
1 12 18: 3169, 22, 3
1 12 19: 3170, 22, 0
1 12 21: 3102, 10, 1
1 12 21: 3201, 22, 0
1 12 22: 3082, 0, 3
1 12 22: 3202, 22, 0
1 12 23: 3077, 0, 1
1 12 23: 3202, 22, 0
1 12 24: 3097, 10, 3
1 12 24: 3201, 22, 0
1 12 26: 3157, 0, 2
1 12 27: 3156, 0, 2
1 12 28: 3157, 0, 3
1 12 32: 3156, 0, 2
1 12 33: 3155, 0, 2
1 12 34: 3154, 0, 2
1 12 35: 3157, 0, 3
1 12 37: 3170, 22, 3
1 12 38: 3171, 22, 0
1 12 39: 3170, 22, 1
1 12 40: 3097, 10, 1
1 12 40: 3201, 22, 0
1 12 41: 3077, 0, 3
1 12 41: 3202, 22, 0
1 12 42: 3077, 0, 1
1 12 42: 3202, 22, 0
1 12 43: 3090, 10, 3
1 12 43: 3201, 22, 0
1 12 53: 3169, 22, 0
1 12 54: 3171, 22, 0
1 12 55: 3170, 22, 2
1 12 59: 3090, 10, 1
1 12 59: 3201, 22, 0
1 12 60: 3077, 0, 3
1 12 60: 3174, 22, 1
1 12 61: 3087, 0, 1
1 12 61: 3173, 22, 3
1 12 63: 3123, 22, 3
1 12 63: 3125, 0, 3
1 13 3: 3081, 0, 3
1 13 3: 3202, 22, 0
1 13 4: 3077, 0, 1
1 13 4: 3202, 22, 0
1 13 5: 3201, 22, 0
1 13 7: 3170, 22, 1
1 13 8: 3170, 22, 3
1 13 9: 3170, 22, 3
1 13 14: 3170, 22, 0
1 13 17: 3170, 22, 3
1 13 18: 3170, 22, 3
1 13 21: 3201, 22, 0
1 13 22: 3077, 0, 3
1 13 22: 3202, 22, 0
1 13 23: 3082, 0, 1
1 13 23: 3173, 22, 2
1 13 24: 3201, 22, 0
1 13 26: 3170, 22, 0
1 13 27: 3171, 22, 1
1 13 28: 3156, 0, 3
1 13 33: 3156, 0, 1
1 13 34: 3171, 22, 1
1 13 35: 3170, 22, 2
1 13 38: 3170, 22, 0
1 13 40: 3201, 22, 0
1 13 41: 3083, 0, 3
1 13 41: 3173, 22, 1
1 13 42: 3082, 0, 1
1 13 42: 3202, 22, 0
1 13 43: 3201, 22, 0
1 13 53: 3170, 22, 0
1 13 54: 3170, 22, 1
1 13 59: 3201, 22, 0
1 13 60: 3077, 0, 3
1 13 60: 3202, 22, 0
1 13 61: 3086, 0, 1
1 13 61: 3202, 22, 0
1 13 63: 3123, 22, 3
1 13 63: 3125, 0, 3
1 14 3: 3080, 0, 3
1 14 3: 3202, 22, 0
1 14 4: 3080, 0, 1
1 14 4: 3202, 22, 0
1 14 5: 3144, 0, 3
1 14 8: 3170, 22, 0
1 14 9: 3171, 22, 0
1 14 10: 3170, 22, 2
1 14 22: 3081, 0, 3
1 14 22: 3173, 22, 1
1 14 23: 3083, 0, 1
1 14 23: 3172, 22, 0
1 14 27: 3170, 22, 3
1 14 29: 3170, 22, 3
1 14 33: 3157, 0, 1
1 14 34: 3170, 22, 3
1 14 37: 3156, 0, 3
1 14 41: 3082, 0, 3
1 14 41: 3174, 22, 0
1 14 42: 3083, 0, 1
1 14 42: 3173, 22, 0
1 14 44: 3170, 22, 0
1 14 50: 3170, 22, 3
1 14 57: 3170, 22, 3
1 14 59: 3145, 0, 1
1 14 60: 3081, 0, 3
1 14 60: 3173, 22, 1
1 14 61: 3084, 0, 1
1 14 61: 3202, 22, 0
1 14 63: 3123, 22, 3
1 14 63: 3125, 0, 3
1 15 3: 3086, 0, 3
1 15 3: 3202, 22, 0
1 15 4: 3081, 0, 1
1 15 4: 3202, 22, 0
1 15 5: 3102, 10, 3
1 15 5: 3145, 0, 3
1 15 5: 3201, 22, 0
1 15 9: 3170, 22, 1
1 15 19: 3170, 22, 2
1 15 21: 3102, 10, 1
1 15 21: 3201, 22, 0
1 15 22: 3080, 0, 3
1 15 22: 3202, 22, 0
1 15 23: 3077, 0, 1
1 15 23: 3173, 22, 0
1 15 24: 3097, 10, 3
1 15 24: 3201, 22, 0
1 15 28: 3170, 22, 2
1 15 29: 3171, 22, 2
1 15 30: 3170, 22, 1
1 15 33: 3157, 0, 1
1 15 36: 3156, 0, 2
1 15 37: 3157, 0, 3
1 15 40: 3097, 10, 1
1 15 40: 3201, 22, 0
1 15 41: 3082, 0, 3
1 15 41: 3173, 22, 0
1 15 42: 3082, 0, 1
1 15 42: 3202, 22, 0
1 15 43: 3090, 10, 3
1 15 43: 3201, 22, 0
1 15 45: 3170, 22, 2
1 15 46: 3170, 22, 3
1 15 49: 3170, 22, 0
1 15 59: 3092, 10, 1
1 15 59: 3144, 0, 1
1 15 59: 3201, 22, 0
1 15 60: 3080, 0, 3
1 15 60: 3202, 22, 0
1 15 61: 3085, 0, 1
1 15 61: 3202, 22, 0
1 15 63: 3123, 22, 3
1 15 63: 3125, 0, 3
1 16 3: 3087, 0, 3
1 16 3: 3202, 22, 0
1 16 4: 3077, 0, 1
1 16 4: 3202, 22, 0
1 16 5: 3201, 22, 0
1 16 13: 3170, 22, 3
1 16 18: 3170, 22, 3
1 16 19: 3171, 22, 3
1 16 20: 3170, 22, 1
1 16 21: 3201, 22, 0
1 16 22: 3083, 0, 3
1 16 22: 3202, 22, 0
1 16 23: 3082, 0, 1
1 16 23: 3202, 22, 0
1 16 24: 3201, 22, 0
1 16 30: 3170, 22, 2
1 16 36: 3170, 22, 0
1 16 37: 3155, 0, 3
1 16 40: 3201, 22, 0
1 16 41: 3077, 0, 3
1 16 41: 3202, 22, 0
1 16 42: 3077, 0, 1
1 16 42: 3202, 22, 0
1 16 43: 3201, 22, 0
1 16 55: 3169, 22, 0
1 16 59: 3201, 22, 0
1 16 60: 3082, 0, 3
1 16 60: 3202, 22, 0
1 16 61: 3085, 0, 1
1 16 61: 3202, 22, 0
1 16 63: 3123, 22, 3
1 16 63: 3125, 0, 3
1 17 3: 3087, 0, 3
1 17 3: 3202, 22, 0
1 17 4: 3079, 0, 1
1 17 4: 3202, 22, 0
1 17 12: 3170, 22, 0
1 17 19: 3170, 22, 0
1 17 22: 3082, 0, 3
1 17 22: 3202, 22, 0
1 17 23: 3083, 0, 1
1 17 23: 3202, 22, 0
1 17 37: 3156, 0, 3
1 17 40: 3145, 0, 1
1 17 41: 3081, 0, 3
1 17 41: 3202, 22, 0
1 17 42: 3080, 0, 1
1 17 42: 3202, 22, 0
1 17 44: 3170, 22, 2
1 17 55: 3171, 22, 3
1 17 60: 3077, 0, 3
1 17 60: 3202, 22, 0
1 17 61: 3080, 0, 1
1 17 61: 3173, 22, 0
1 17 63: 3123, 22, 3
1 17 63: 3125, 0, 3
1 18 3: 3086, 0, 3
1 18 3: 3173, 22, 2
1 18 4: 3077, 0, 1
1 18 4: 3173, 22, 3
1 18 5: 3102, 10, 3
1 18 5: 3201, 22, 0
1 18 14: 3170, 22, 2
1 18 21: 3107, 10, 1
1 18 21: 3201, 22, 0
1 18 22: 3083, 0, 3
1 18 22: 3202, 22, 0
1 18 23: 3079, 0, 1
1 18 23: 3202, 22, 0
1 18 24: 3101, 10, 3
1 18 24: 3201, 22, 0
1 18 29: 3156, 0, 2
1 18 30: 3154, 0, 2
1 18 31: 3155, 0, 2
1 18 32: 3157, 0, 2
1 18 40: 3097, 10, 1
1 18 40: 3144, 0, 1
1 18 40: 3201, 22, 0
1 18 41: 3080, 0, 3
1 18 41: 3173, 22, 1
1 18 42: 3081, 0, 1
1 18 42: 3202, 22, 0
1 18 43: 3094, 10, 3
1 18 43: 3201, 22, 0
1 18 59: 3090, 10, 1
1 18 59: 3201, 22, 0
1 18 60: 3077, 0, 3
1 18 60: 3202, 22, 0
1 18 61: 3081, 0, 1
1 18 61: 3202, 22, 0
1 18 63: 3123, 22, 3
1 18 63: 3125, 0, 3
1 19 3: 3087, 0, 3
1 19 3: 3173, 22, 0
1 19 4: 3082, 0, 1
1 19 4: 3174, 22, 0
1 19 5: 3201, 22, 0
1 19 21: 3201, 22, 0
1 19 22: 3082, 0, 3
1 19 22: 3202, 22, 0
1 19 23: 3079, 0, 1
1 19 23: 3202, 22, 0
1 19 24: 3201, 22, 0
1 19 29: 3156, 0, 3
1 19 30: 3154, 0, 1
1 19 30: 3170, 22, 3
1 19 31: 3171, 22, 0
1 19 32: 3170, 22, 1
1 19 35: 3157, 0, 1
1 19 36: 3170, 22, 1
1 19 40: 3201, 22, 0
1 19 41: 3082, 0, 3
1 19 41: 3202, 22, 0
1 19 42: 3077, 0, 1
1 19 42: 3202, 22, 0
1 19 43: 3201, 22, 0
1 19 47: 3170, 22, 3
1 19 52: 3171, 22, 2
1 19 55: 3170, 22, 0
1 19 59: 3201, 22, 0
1 19 60: 3082, 0, 3
1 19 60: 3158, 10, 3
1 19 60: 3202, 22, 0
1 19 61: 3087, 0, 1
1 19 61: 3202, 22, 0
1 19 63: 3123, 22, 3
1 19 63: 3125, 0, 3
1 20 3: 3087, 0, 3
1 20 3: 3202, 22, 0
1 20 4: 3083, 0, 1
1 20 4: 3173, 22, 1
1 20 8: 3170, 22, 0
1 20 15: 3170, 22, 2
1 20 18: 3170, 22, 2
1 20 22: 3077, 0, 3
1 20 22: 3202, 22, 0
1 20 23: 3077, 0, 1
1 20 23: 3202, 22, 0
1 20 30: 3155, 0, 1
1 20 31: 3169, 22, 2
1 20 35: 3156, 0, 1
1 20 36: 3169, 22, 2
1 20 37: 3170, 22, 0
1 20 41: 3083, 0, 3
1 20 41: 3173, 22, 1
1 20 42: 3080, 0, 1
1 20 42: 3202, 22, 0
1 20 43: 3144, 0, 3
1 20 46: 3170, 22, 2
1 20 47: 3171, 22, 2
1 20 48: 3169, 22, 2
1 20 51: 3170, 22, 2
1 20 52: 3169, 22, 1
1 20 54: 3170, 22, 1
1 20 55: 3171, 22, 1
1 20 56: 3170, 22, 3
1 20 60: 3082, 0, 3
1 20 60: 3202, 22, 0
1 20 61: 3086, 0, 1
1 20 61: 3202, 22, 0
1 20 63: 3123, 22, 3
1 20 63: 3125, 0, 3
1 21 3: 3086, 0, 3
1 21 3: 3173, 22, 2
1 21 4: 3082, 0, 1
1 21 4: 3202, 22, 0
1 21 5: 3104, 10, 3
1 21 5: 3201, 22, 0
1 21 7: 3170, 22, 1
1 21 8: 3169, 22, 0
1 21 9: 3170, 22, 3
1 21 12: 3170, 22, 2
1 21 14: 3170, 22, 3
1 21 15: 3171, 22, 2
1 21 16: 3170, 22, 1
1 21 21: 3102, 10, 1
1 21 21: 3201, 22, 0
1 21 22: 3079, 0, 3
1 21 22: 3173, 22, 1
1 21 23: 3077, 0, 1
1 21 23: 3202, 22, 0
1 21 24: 3097, 10, 3
1 21 24: 3201, 22, 0
1 21 30: 3156, 0, 1
1 21 33: 3157, 0, 1
1 21 34: 3154, 0, 0
1 21 35: 3155, 0, 0
1 21 36: 3154, 0, 0
1 21 36: 3171, 22, 2
1 21 37: 3156, 0, 3
1 21 38: 3171, 22, 3
1 21 40: 3099, 10, 1
1 21 40: 3201, 22, 0
1 21 41: 3083, 0, 3
1 21 41: 3172, 22, 3
1 21 42: 3081, 0, 1
1 21 42: 3173, 22, 3
1 21 43: 3090, 10, 3
1 21 43: 3145, 0, 3
1 21 43: 3201, 22, 0
1 21 46: 3170, 22, 1
1 21 47: 3171, 22, 3
1 21 48: 3170, 22, 0
1 21 52: 3170, 22, 1
1 21 55: 3170, 22, 2
1 21 59: 3090, 10, 1
1 21 59: 3201, 22, 0
1 21 60: 3083, 0, 3
1 21 60: 3202, 22, 0
1 21 61: 3086, 0, 1
1 21 61: 3173, 22, 3
1 22 3: 3085, 0, 3
1 22 3: 3174, 22, 1
1 22 4: 3079, 0, 1
1 22 4: 3173, 22, 3
1 22 5: 3201, 22, 0
1 22 8: 3170, 22, 2
1 22 11: 3170, 22, 0
1 22 12: 3171, 22, 1
1 22 13: 3170, 22, 1
1 22 15: 3170, 22, 0
1 22 21: 3201, 22, 0
1 22 22: 3077, 0, 3
1 22 22: 3202, 22, 0
1 22 23: 3080, 0, 1
1 22 23: 3202, 22, 0
1 22 24: 3201, 22, 0
1 22 37: 3157, 0, 3
1 22 40: 3201, 22, 0
1 22 41: 3077, 0, 3
1 22 41: 3173, 22, 0
1 22 42: 3077, 0, 1
1 22 42: 3202, 22, 0
1 22 43: 3201, 22, 0
1 22 47: 3170, 22, 3
1 22 56: 3170, 22, 1
1 22 59: 3201, 22, 0
1 22 60: 3077, 0, 3
1 22 60: 3202, 22, 0
1 22 61: 3085, 0, 1
1 22 61: 3174, 22, 0
1 23 3: 3084, 0, 3
1 23 3: 3173, 22, 0
1 23 4: 3077, 0, 1
1 23 4: 3202, 22, 0
1 23 12: 3170, 22, 0
1 23 22: 3082, 0, 3
1 23 22: 3158, 10, 3
1 23 22: 3202, 22, 0
1 23 23: 3081, 0, 1
1 23 23: 3202, 22, 0
1 23 32: 3156, 0, 3
1 23 33: 3170, 22, 3
1 23 41: 3079, 0, 3
1 23 41: 3202, 22, 0
1 23 42: 3077, 0, 1
1 23 42: 3202, 22, 0
1 23 53: 3170, 22, 3
1 23 60: 3082, 0, 3
1 23 60: 3202, 22, 0
1 23 61: 3087, 0, 1
1 23 61: 3173, 22, 2
1 24 3: 3085, 0, 3
1 24 3: 3202, 22, 0
1 24 4: 3082, 0, 1
1 24 4: 3202, 22, 0
1 24 5: 3102, 10, 3
1 24 5: 3201, 22, 0
1 24 6: 3201, 22, 2
1 24 20: 3201, 22, 2
1 24 21: 3102, 10, 1
1 24 21: 3201, 22, 0
1 24 22: 3083, 0, 3
1 24 22: 3202, 22, 0
1 24 23: 3077, 0, 1
1 24 23: 3202, 22, 0
1 24 24: 3097, 10, 3
1 24 24: 3201, 22, 0
1 24 25: 3201, 22, 2
1 24 32: 3157, 0, 3
1 24 32: 3170, 22, 0
1 24 33: 3171, 22, 1
1 24 34: 3170, 22, 2
1 24 39: 3201, 22, 2
1 24 40: 3097, 10, 1
1 24 40: 3201, 22, 0
1 24 41: 3077, 0, 3
1 24 41: 3202, 22, 0
1 24 42: 3083, 0, 1
1 24 42: 3202, 22, 0
1 24 43: 3090, 10, 3
1 24 43: 3201, 22, 0
1 24 44: 3201, 22, 0
1 24 47: 3170, 22, 2
1 24 52: 3170, 22, 2
1 24 53: 3171, 22, 1
1 24 54: 3170, 22, 0
1 24 58: 3201, 22, 0
1 24 59: 3094, 10, 1
1 24 59: 3201, 22, 0
1 24 60: 3077, 0, 3
1 24 60: 3202, 22, 0
1 24 61: 3086, 0, 1
1 24 61: 3202, 22, 0
1 25 2: 3145, 0, 1
1 25 3: 3081, 0, 3
1 25 3: 3202, 22, 0
1 25 4: 3079, 0, 1
1 25 4: 3202, 22, 0
1 25 5: 3201, 22, 0
1 25 6: 3201, 22, 2
1 25 18: 3171, 22, 1
1 25 20: 3201, 22, 2
1 25 21: 3201, 22, 0
1 25 22: 3077, 0, 3
1 25 22: 3202, 22, 0
1 25 23: 3080, 0, 1
1 25 23: 3173, 22, 3
1 25 24: 3201, 22, 0
1 25 25: 3201, 22, 2
1 25 28: 3170, 22, 1
1 25 31: 3157, 0, 0
1 25 32: 3155, 0, 0
1 25 33: 3154, 0, 0
1 25 34: 3156, 0, 0
1 25 35: 3170, 22, 3
1 25 39: 3201, 22, 2
1 25 40: 3201, 22, 0
1 25 41: 3082, 0, 3
1 25 41: 3202, 22, 0
1 25 42: 3083, 0, 1
1 25 42: 3202, 22, 0
1 25 43: 3201, 22, 0
1 25 44: 3201, 22, 0
1 25 45: 3171, 22, 0
1 25 50: 3170, 22, 1
1 25 53: 3170, 22, 1
1 25 58: 3201, 22, 0
1 25 59: 3201, 22, 0
1 25 60: 3077, 0, 3
1 25 60: 3202, 22, 0
1 25 61: 3084, 0, 1
1 25 61: 3202, 22, 0
1 26 2: 3144, 0, 1
1 26 3: 3080, 0, 3
1 26 3: 3202, 22, 0
1 26 4: 3077, 0, 1
1 26 4: 3202, 22, 0
1 26 7: 3201, 22, 2
1 26 15: 3170, 22, 1
1 26 19: 3201, 22, 2
1 26 22: 3082, 0, 3
1 26 22: 3173, 22, 0
1 26 23: 3081, 0, 1
1 26 23: 3172, 22, 1
1 26 26: 3201, 22, 2
1 26 27: 3170, 22, 2
1 26 28: 3171, 22, 1
1 26 29: 3170, 22, 0
1 26 34: 3170, 22, 1
1 26 35: 3171, 22, 0
1 26 36: 3170, 22, 2
1 26 38: 3201, 22, 2
1 26 41: 3083, 0, 3
1 26 41: 3202, 22, 0
1 26 42: 3079, 0, 1
1 26 42: 3202, 22, 0
1 26 45: 3201, 22, 0
1 26 46: 3170, 22, 3
1 26 47: 3171, 22, 3
1 26 49: 3170, 22, 1
1 26 50: 3170, 22, 2
1 26 55: 3171, 22, 2
1 26 56: 3171, 22, 0
1 26 57: 3201, 22, 0
1 26 60: 3077, 0, 3
1 26 60: 3202, 22, 0
1 26 61: 3085, 0, 1
1 26 61: 3202, 22, 0
1 27 3: 3087, 0, 3
1 27 3: 3202, 22, 0
1 27 4: 3080, 0, 1
1 27 4: 3202, 22, 0
1 27 5: 3102, 10, 3
1 27 5: 3201, 22, 0
1 27 7: 3201, 22, 2
1 27 11: 3170, 22, 3
1 27 19: 3201, 22, 2
1 27 22: 3077, 0, 3
1 27 22: 3202, 22, 0
1 27 23: 3077, 0, 1
1 27 23: 3202, 22, 0
1 27 26: 3201, 22, 2
1 27 28: 3170, 22, 2
1 27 35: 3170, 22, 1
1 27 38: 3201, 22, 2
1 27 41: 3082, 0, 3
1 27 41: 3202, 22, 0
1 27 42: 3077, 0, 1
1 27 42: 3173, 22, 0
1 27 45: 3201, 22, 0
1 27 48: 3171, 22, 2
1 27 55: 3170, 22, 1
1 27 57: 3201, 22, 0
1 27 59: 3090, 10, 1
1 27 59: 3201, 22, 0
1 27 60: 3082, 0, 3
1 27 60: 3173, 22, 3
1 27 61: 3085, 0, 1
1 27 61: 3202, 22, 0
1 28 3: 3087, 0, 3
1 28 3: 3202, 22, 0
1 28 4: 3081, 0, 1
1 28 4: 3173, 22, 3
1 28 5: 3201, 22, 0
1 28 8: 3201, 22, 2
1 28 10: 3170, 22, 0
1 28 11: 3171, 22, 1
1 28 12: 3170, 22, 2
1 28 18: 3201, 22, 2
1 28 21: 3077, 9, 3
1 28 21: 3201, 22, 2
1 28 22: 3077, 1, 3
1 28 23: 3077, 1, 0
1 28 24: 3077, 9, 0
1 28 24: 3201, 22, 2
1 28 27: 3201, 22, 2
1 28 37: 3201, 22, 2
1 28 40: 3077, 9, 3
1 28 40: 3201, 22, 2
1 28 41: 3077, 1, 3
1 28 41: 3173, 22, 3
1 28 42: 3077, 1, 0
1 28 43: 3077, 9, 0
1 28 43: 3201, 22, 2
1 28 46: 3201, 22, 0
1 28 54: 3170, 22, 0
1 28 56: 3201, 22, 0
1 28 59: 3201, 22, 0
1 28 60: 3083, 0, 3
1 28 60: 3174, 22, 3
1 28 61: 3080, 0, 1
1 28 61: 3173, 22, 1
1 28 62: 3144, 0, 3
1 28 62: 3202, 22, 0
1 29 3: 3086, 0, 3
1 29 3: 3173, 22, 0
1 29 4: 3079, 0, 1
1 29 4: 3174, 22, 2
1 29 9: 3201, 22, 2
1 29 10: 3201, 22, 2
1 29 11: 3170, 22, 1
1 29 13: 3203, 10, 3
1 29 16: 3201, 22, 2
1 29 17: 3201, 22, 2
1 29 20: 3077, 9, 3
1 29 20: 3201, 22, 2
1 29 21: 3077, 1, 3
1 29 24: 3077, 1, 0
1 29 25: 3077, 9, 0
1 29 25: 3201, 22, 2
1 29 28: 3201, 22, 2
1 29 29: 3201, 22, 2
1 29 32: 3203, 10, 3
1 29 35: 3201, 22, 2
1 29 36: 3201, 22, 2
1 29 39: 3077, 9, 3
1 29 39: 3201, 22, 2
1 29 40: 3077, 1, 3
1 29 43: 3077, 1, 0
1 29 44: 3077, 9, 0
1 29 44: 3201, 22, 2
1 29 47: 3201, 22, 0
1 29 48: 3201, 22, 0
1 29 51: 3203, 10, 3
1 29 54: 3201, 22, 0
1 29 55: 3201, 22, 0
1 29 60: 3082, 0, 3
1 29 60: 3173, 22, 1
1 29 61: 3081, 0, 1
1 29 61: 3202, 22, 0
1 29 62: 3145, 0, 3
1 29 62: 3202, 22, 0
1 30 3: 3084, 0, 3
1 30 3: 3202, 22, 0
1 30 4: 3079, 0, 1
1 30 4: 3173, 22, 2
1 30 12: 3114, 10, 2
1 30 14: 3112, 10, 2
1 30 19: 3077, 9, 3
1 30 19: 3201, 22, 2
1 30 20: 3077, 1, 3
1 30 22: 3174, 22, 2
1 30 25: 3077, 1, 0
1 30 26: 3077, 9, 0
1 30 26: 3201, 22, 2
1 30 31: 3114, 10, 2
1 30 33: 3112, 10, 2
1 30 38: 3077, 9, 3
1 30 38: 3201, 22, 2
1 30 39: 3077, 1, 3
1 30 42: 3172, 22, 3
1 30 44: 3077, 1, 0
1 30 45: 3077, 9, 0
1 30 45: 3201, 22, 2
1 30 50: 3114, 10, 2
1 30 52: 3112, 10, 2
1 30 60: 3077, 0, 3
1 30 60: 3202, 22, 0
1 30 61: 3087, 0, 1
1 30 61: 3202, 22, 0
1 31 3: 3084, 0, 3
1 31 3: 3173, 22, 1
1 31 4: 3082, 0, 1
1 31 4: 3202, 22, 0
1 31 8: 3102, 10, 2
1 31 8: 3201, 22, 0
1 31 9: 3201, 22, 0
1 31 12: 3201, 22, 0
1 31 13: 3201, 22, 0
1 31 14: 3201, 22, 0
1 31 18: 3077, 9, 3
1 31 18: 3201, 22, 2
1 31 19: 3077, 1, 3
1 31 26: 3077, 1, 0
1 31 27: 3077, 9, 0
1 31 27: 3201, 22, 2
1 31 31: 3201, 22, 0
1 31 32: 3201, 22, 0
1 31 33: 3201, 22, 0
1 31 34: 3144, 0, 2
1 31 35: 3145, 0, 2
1 31 37: 3077, 9, 3
1 31 37: 3201, 22, 2
1 31 38: 3077, 1, 3
1 31 39: 3173, 22, 3
1 31 45: 3077, 1, 0
1 31 46: 3077, 9, 0
1 31 46: 3201, 22, 2
1 31 48: 3144, 0, 2
1 31 49: 3145, 0, 2
1 31 50: 3201, 22, 0
1 31 51: 3201, 22, 0
1 31 52: 3201, 22, 0
1 31 55: 3095, 10, 2
1 31 55: 3201, 22, 0
1 31 56: 3201, 22, 0
1 31 60: 3077, 0, 3
1 31 60: 3202, 22, 0
1 31 61: 3086, 0, 1
1 31 61: 3202, 22, 0
1 32 3: 3085, 0, 3
1 32 3: 3174, 22, 0
1 32 4: 3077, 1, 0
1 32 4: 3173, 22, 2
1 32 5: 3080, 0, 0
1 32 5: 3202, 22, 0
1 32 6: 3081, 0, 0
1 32 6: 3173, 22, 3
1 32 7: 3077, 0, 0
1 32 7: 3202, 22, 0
1 32 8: 3079, 0, 0
1 32 8: 3202, 22, 0
1 32 9: 3082, 0, 0
1 32 9: 3202, 22, 0
1 32 10: 3080, 0, 0
1 32 10: 3173, 22, 2
1 32 11: 3081, 0, 0
1 32 11: 3174, 22, 0
1 32 12: 3077, 0, 0
1 32 12: 3110, 5, 0
1 32 12: 3173, 22, 0
1 32 13: 3079, 0, 0
1 32 13: 3202, 22, 0
1 32 14: 3077, 0, 0
1 32 14: 3110, 5, 0
1 32 14: 3202, 22, 0
1 32 15: 3079, 0, 0
1 32 15: 3173, 22, 2
1 32 16: 3083, 0, 0
1 32 16: 3202, 22, 0
1 32 17: 3082, 0, 0
1 32 17: 3202, 22, 0
1 32 18: 3077, 1, 3
1 32 20: 3174, 22, 3
1 32 23: 3173, 22, 0
1 32 25: 3173, 22, 0
1 32 27: 3077, 1, 0
1 32 28: 3077, 0, 0
1 32 28: 3202, 22, 0
1 32 29: 3080, 0, 0
1 32 29: 3202, 22, 0
1 32 30: 3081, 0, 0
1 32 30: 3202, 22, 0
1 32 31: 3077, 0, 0
1 32 31: 3110, 5, 0
1 32 31: 3173, 22, 0
1 32 32: 3079, 0, 0
1 32 32: 3202, 22, 0
1 32 33: 3077, 0, 0
1 32 33: 3110, 5, 0
1 32 33: 3202, 22, 0
1 32 34: 3080, 0, 0
1 32 34: 3202, 22, 0
1 32 35: 3081, 0, 0
1 32 35: 3173, 22, 2
1 32 36: 3077, 0, 0
1 32 36: 3202, 22, 0
1 32 37: 3077, 1, 3
1 32 43: 3173, 22, 2
1 32 44: 3172, 22, 0
1 32 46: 3077, 1, 0
1 32 47: 3077, 0, 0
1 32 47: 3202, 22, 0
1 32 48: 3080, 0, 0
1 32 48: 3174, 22, 0
1 32 49: 3081, 0, 0
1 32 49: 3158, 10, 0
1 32 49: 3202, 22, 0
1 32 50: 3077, 0, 0
1 32 50: 3110, 5, 0
1 32 50: 3202, 22, 0
1 32 51: 3079, 0, 0
1 32 51: 3202, 22, 0
1 32 52: 3082, 0, 0
1 32 52: 3110, 5, 0
1 32 52: 3173, 22, 0
1 32 53: 3083, 0, 0
1 32 53: 3173, 22, 3
1 32 54: 3080, 0, 0
1 32 54: 3202, 22, 0
1 32 55: 3081, 0, 0
1 32 55: 3202, 22, 0
1 32 56: 3082, 0, 0
1 32 56: 3173, 22, 0
1 32 57: 3077, 0, 0
1 32 57: 3173, 22, 2
1 32 58: 3082, 0, 0
1 32 58: 3158, 10, 0
1 32 58: 3202, 22, 0
1 32 59: 3077, 0, 0
1 32 59: 3202, 22, 0
1 32 60: 3077, 1, 3
1 32 60: 3202, 22, 0
1 32 61: 3086, 0, 1
1 32 61: 3172, 22, 0
1 33 3: 3081, 0, 3
1 33 3: 3173, 22, 3
1 33 4: 3077, 1, 1
1 33 4: 3202, 22, 0
1 33 5: 3082, 0, 2
1 33 5: 3173, 22, 1
1 33 6: 3083, 0, 2
1 33 6: 3174, 22, 1
1 33 7: 3082, 0, 2
1 33 7: 3173, 22, 0
1 33 8: 3081, 0, 2
1 33 8: 3202, 22, 0
1 33 9: 3080, 0, 2
1 33 9: 3202, 22, 0
1 33 10: 3082, 0, 2
1 33 10: 3202, 22, 0
1 33 11: 3079, 0, 2
1 33 11: 3173, 22, 1
1 33 12: 3083, 0, 2
1 33 12: 3110, 5, 2
1 33 12: 3202, 22, 0
1 33 13: 3082, 0, 2
1 33 13: 3202, 22, 0
1 33 14: 3077, 0, 2
1 33 14: 3110, 5, 2
1 33 14: 3173, 22, 3
1 33 15: 3077, 0, 2
1 33 15: 3202, 22, 0
1 33 16: 3081, 0, 2
1 33 16: 3202, 22, 0
1 33 17: 3080, 0, 2
1 33 17: 3173, 22, 1
1 33 18: 3077, 1, 2
1 33 24: 3173, 22, 1
1 33 27: 3077, 1, 1
1 33 28: 3083, 0, 2
1 33 28: 3202, 22, 0
1 33 29: 3082, 0, 2
1 33 29: 3158, 10, 2
1 33 29: 3202, 22, 0
1 33 30: 3077, 0, 2
1 33 30: 3173, 22, 0
1 33 31: 3083, 0, 2
1 33 31: 3110, 5, 2
1 33 31: 3172, 22, 3
1 33 32: 3079, 0, 2
1 33 32: 3173, 22, 2
1 33 33: 3077, 0, 2
1 33 33: 3110, 5, 2
1 33 33: 3202, 22, 0
1 33 34: 3082, 0, 2
1 33 34: 3173, 22, 3
1 33 35: 3083, 0, 2
1 33 35: 3202, 22, 0
1 33 36: 3079, 0, 2
1 33 36: 3174, 22, 1
1 33 37: 3077, 1, 2
1 33 37: 3173, 22, 1
1 33 44: 3173, 22, 1
1 33 46: 3077, 1, 1
1 33 47: 3077, 0, 2
1 33 47: 3202, 22, 0
1 33 48: 3083, 0, 2
1 33 48: 3202, 22, 0
1 33 49: 3082, 0, 2
1 33 49: 3202, 22, 0
1 33 50: 3077, 0, 2
1 33 50: 3110, 5, 2
1 33 50: 3202, 22, 0
1 33 51: 3082, 0, 2
1 33 51: 3173, 22, 1
1 33 52: 3077, 0, 2
1 33 52: 3110, 5, 2
1 33 52: 3174, 22, 1
1 33 53: 3079, 0, 2
1 33 53: 3202, 22, 0
1 33 54: 3082, 0, 2
1 33 54: 3202, 22, 0
1 33 55: 3079, 0, 2
1 33 55: 3202, 22, 0
1 33 56: 3077, 0, 2
1 33 56: 3173, 22, 0
1 33 57: 3081, 0, 2
1 33 57: 3174, 22, 3
1 33 58: 3080, 0, 2
1 33 58: 3173, 22, 1
1 33 59: 3077, 0, 2
1 33 59: 3202, 22, 0
1 33 60: 3077, 1, 2
1 33 60: 3202, 22, 0
1 33 61: 3084, 0, 1
1 33 61: 3174, 22, 2
1 34 3: 3080, 0, 3
1 34 3: 3202, 22, 0
1 34 4: 3077, 0, 1
1 34 4: 3202, 22, 0
1 34 8: 3106, 10, 0
1 34 8: 3201, 22, 0
1 34 9: 3201, 22, 0
1 34 12: 3111, 10, 0
1 34 12: 3201, 22, 0
1 34 13: 3201, 22, 0
1 34 14: 3113, 10, 0
1 34 14: 3201, 22, 0
1 34 18: 3077, 9, 2
1 34 18: 3201, 22, 2
1 34 19: 3077, 1, 2
1 34 23: 3173, 22, 1
1 34 26: 3077, 1, 1
1 34 27: 3077, 9, 1
1 34 27: 3201, 22, 2
1 34 31: 3111, 10, 0
1 34 31: 3201, 22, 0
1 34 32: 3201, 22, 0
1 34 33: 3113, 10, 0
1 34 33: 3201, 22, 0
1 34 37: 3077, 9, 2
1 34 37: 3201, 22, 2
1 34 38: 3077, 1, 2
1 34 38: 3173, 22, 1
1 34 39: 3173, 22, 1
1 34 45: 3077, 1, 1
1 34 46: 3077, 9, 1
1 34 46: 3201, 22, 2
1 34 50: 3111, 10, 0
1 34 50: 3201, 22, 0
1 34 51: 3201, 22, 0
1 34 52: 3113, 10, 0
1 34 52: 3201, 22, 0
1 34 55: 3093, 10, 0
1 34 55: 3201, 22, 0
1 34 56: 3201, 22, 0
1 34 60: 3077, 0, 3
1 34 60: 3173, 22, 2
1 34 61: 3087, 0, 1
1 34 61: 3202, 22, 0
1 35 3: 3085, 0, 3
1 35 3: 3202, 22, 0
1 35 4: 3080, 0, 1
1 35 4: 3202, 22, 0
1 35 19: 3077, 9, 2
1 35 19: 3201, 22, 2
1 35 20: 3077, 1, 2
1 35 21: 3173, 22, 2
1 35 25: 3077, 1, 1
1 35 26: 3077, 9, 1
1 35 26: 3201, 22, 2
1 35 38: 3077, 9, 2
1 35 38: 3201, 22, 2
1 35 39: 3077, 1, 2
1 35 42: 3173, 22, 3
1 35 44: 3077, 1, 1
1 35 45: 3077, 9, 1
1 35 45: 3201, 22, 2
1 35 60: 3081, 0, 3
1 35 60: 3172, 22, 3
1 35 61: 3086, 0, 1
1 35 61: 3173, 22, 3
1 36 3: 3086, 0, 3
1 36 3: 3202, 22, 0
1 36 4: 3081, 0, 1
1 36 4: 3202, 22, 0
1 36 9: 3201, 22, 2
1 36 10: 3201, 22, 2
1 36 13: 3203, 10, 1
1 36 16: 3201, 22, 2
1 36 17: 3201, 22, 2
1 36 20: 3077, 9, 2
1 36 20: 3201, 22, 2
1 36 21: 3077, 1, 2
1 36 23: 3173, 22, 2
1 36 24: 3077, 1, 1
1 36 25: 3077, 9, 1
1 36 25: 3201, 22, 2
1 36 28: 3201, 22, 2
1 36 29: 3201, 22, 2
1 36 32: 3203, 10, 1
1 36 35: 3201, 22, 2
1 36 36: 3201, 22, 2
1 36 39: 3077, 9, 2
1 36 39: 3201, 22, 2
1 36 40: 3077, 1, 2
1 36 43: 3077, 1, 1
1 36 44: 3077, 9, 1
1 36 44: 3201, 22, 2
1 36 47: 3201, 22, 2
1 36 48: 3201, 22, 2
1 36 50: 3170, 22, 0
1 36 51: 3203, 10, 1
1 36 54: 3201, 22, 2
1 36 55: 3201, 22, 2
1 36 60: 3080, 0, 3
1 36 60: 3173, 22, 0
1 36 61: 3085, 0, 1
1 36 61: 3202, 22, 0
1 37 3: 3087, 0, 3
1 37 3: 3202, 22, 0
1 37 4: 3077, 0, 1
1 37 4: 3202, 22, 0
1 37 5: 3107, 10, 3
1 37 5: 3201, 22, 0
1 37 8: 3201, 22, 2
1 37 11: 3170, 22, 2
1 37 15: 3170, 22, 1
1 37 18: 3201, 22, 2
1 37 21: 3077, 9, 2
1 37 21: 3201, 22, 2
1 37 22: 3077, 1, 2
1 37 23: 3077, 1, 1
1 37 24: 3077, 9, 1
1 37 24: 3201, 22, 2
1 37 27: 3201, 22, 2
1 37 29: 3170, 22, 1
1 37 35: 3170, 22, 2
1 37 37: 3201, 22, 2
1 37 40: 3077, 9, 2
1 37 40: 3201, 22, 2
1 37 41: 3077, 1, 2
1 37 42: 3077, 1, 1
1 37 43: 3077, 9, 1
1 37 43: 3201, 22, 2
1 37 46: 3201, 22, 2
1 37 48: 3170, 22, 1
1 37 53: 3170, 22, 1
1 37 56: 3201, 22, 2
1 37 59: 3091, 10, 1
1 37 59: 3201, 22, 0
1 37 60: 3077, 0, 3
1 37 60: 3202, 22, 0
1 37 61: 3087, 0, 1
1 37 61: 3202, 22, 0
1 38 3: 3086, 0, 3
1 38 3: 3202, 22, 0
1 38 4: 3082, 0, 1
1 38 4: 3202, 22, 0
1 38 5: 3201, 22, 0
1 38 7: 3201, 22, 2
1 38 10: 3170, 22, 1
1 38 11: 3171, 22, 1
1 38 12: 3170, 22, 3
1 38 14: 3170, 22, 0
1 38 15: 3171, 22, 2
1 38 16: 3170, 22, 2
1 38 19: 3201, 22, 2
1 38 22: 3077, 0, 3
1 38 22: 3202, 22, 0
1 38 23: 3079, 0, 1
1 38 23: 3202, 22, 0
1 38 26: 3201, 22, 2
1 38 38: 3201, 22, 2
1 38 41: 3083, 0, 3
1 38 41: 3202, 22, 0
1 38 42: 3077, 0, 1
1 38 42: 3173, 22, 1
1 38 45: 3201, 22, 2
1 38 47: 3170, 22, 2
1 38 49: 3170, 22, 1
1 38 57: 3201, 22, 2
1 38 59: 3145, 0, 1
1 38 59: 3201, 22, 0
1 38 60: 3081, 0, 3
1 38 60: 3202, 22, 0
1 38 61: 3086, 0, 1
1 38 61: 3202, 22, 0
1 39 3: 3085, 0, 3
1 39 3: 3158, 10, 3
1 39 3: 3202, 22, 0
1 39 4: 3083, 0, 1
1 39 4: 3202, 22, 0
1 39 7: 3201, 22, 2
1 39 11: 3170, 22, 1
1 39 15: 3170, 22, 3
1 39 19: 3201, 22, 2
1 39 22: 3081, 0, 3
1 39 22: 3202, 22, 0
1 39 23: 3079, 0, 1
1 39 23: 3202, 22, 0
1 39 26: 3201, 22, 2
1 39 31: 3170, 22, 3
1 39 34: 3170, 22, 2
1 39 38: 3201, 22, 2
1 39 41: 3082, 0, 3
1 39 41: 3173, 22, 2
1 39 42: 3080, 0, 1
1 39 42: 3172, 22, 2
1 39 45: 3201, 22, 2
1 39 48: 3170, 22, 0
1 39 51: 3202, 22, 0
1 39 52: 3171, 22, 2
1 39 57: 3201, 22, 2
1 39 59: 3144, 0, 1
1 39 59: 3201, 22, 0
1 39 60: 3080, 0, 3
1 39 60: 3202, 22, 0
1 39 61: 3085, 0, 1
1 39 61: 3173, 22, 0
1 40 3: 3084, 0, 3
1 40 3: 3202, 22, 0
1 40 4: 3082, 0, 1
1 40 4: 3173, 22, 1
1 40 5: 3103, 10, 3
1 40 5: 3201, 22, 0
1 40 6: 3201, 22, 2
1 40 9: 3157, 0, 2
1 40 10: 3154, 0, 2
1 40 11: 3157, 0, 2
1 40 12: 3156, 0, 2
1 40 13: 3157, 0, 3
1 40 20: 3201, 22, 2
1 40 21: 3103, 10, 1
1 40 21: 3201, 22, 0
1 40 22: 3080, 0, 3
1 40 22: 3202, 22, 0
1 40 23: 3082, 0, 1
1 40 23: 3173, 22, 0
1 40 24: 3101, 10, 3
1 40 24: 3201, 22, 0
1 40 25: 3201, 22, 2
1 40 30: 3170, 22, 0
1 40 31: 3169, 22, 1
1 40 32: 3170, 22, 2
1 40 33: 3170, 22, 1
1 40 34: 3171, 22, 2
1 40 35: 3170, 22, 3
1 40 39: 3201, 22, 2
1 40 40: 3096, 10, 1
1 40 40: 3201, 22, 0
1 40 41: 3079, 0, 3
1 40 41: 3202, 22, 0
1 40 42: 3081, 0, 1
1 40 42: 3173, 22, 3
1 40 43: 3091, 10, 3
1 40 43: 3201, 22, 0
1 40 44: 3201, 22, 2
1 40 58: 3201, 22, 2
1 40 59: 3095, 10, 1
1 40 59: 3201, 22, 0
1 40 60: 3083, 0, 3
1 40 60: 3173, 22, 2
1 40 61: 3085, 0, 1
1 40 61: 3174, 22, 3
1 41 3: 3084, 0, 3
1 41 3: 3173, 22, 1
1 41 4: 3077, 0, 1
1 41 4: 3174, 22, 1
1 41 5: 3201, 22, 0
1 41 6: 3201, 22, 2
1 41 10: 3157, 0, 1
1 41 11: 3171, 22, 3
1 41 20: 3201, 22, 2
1 41 21: 3201, 22, 0
1 41 22: 3079, 0, 3
1 41 22: 3202, 22, 0
1 41 23: 3083, 0, 1
1 41 23: 3202, 22, 0
1 41 24: 3201, 22, 0
1 41 25: 3201, 22, 2
1 41 31: 3171, 22, 1
1 41 32: 3170, 22, 1
1 41 34: 3170, 22, 0
1 41 37: 3170, 22, 0
1 41 39: 3201, 22, 2
1 41 40: 3201, 22, 0
1 41 41: 3077, 0, 3
1 41 41: 3202, 22, 0
1 41 42: 3079, 0, 1
1 41 42: 3173, 22, 3
1 41 43: 3201, 22, 0
1 41 44: 3201, 22, 2
1 41 47: 3157, 0, 1
1 41 58: 3201, 22, 2
1 41 59: 3201, 22, 0
1 41 60: 3082, 0, 3
1 41 60: 3202, 22, 0
1 41 61: 3086, 0, 1
1 41 61: 3173, 22, 3
1 42 3: 3085, 0, 3
1 42 3: 3173, 22, 0
1 42 4: 3079, 0, 1
1 42 4: 3173, 22, 0
1 42 7: 3170, 22, 0
1 42 10: 3156, 0, 1
1 42 13: 3157, 0, 2
1 42 14: 3155, 0, 2
1 42 15: 3154, 0, 2
1 42 16: 3156, 0, 2
1 42 17: 3157, 0, 2
1 42 19: 3170, 22, 3
1 42 22: 3083, 0, 3
1 42 22: 3202, 22, 0
1 42 23: 3082, 0, 1
1 42 23: 3202, 22, 0
1 42 28: 3170, 22, 0
1 42 36: 3170, 22, 3
1 42 37: 3169, 22, 0
1 42 38: 3170, 22, 1
1 42 41: 3083, 0, 3
1 42 41: 3202, 22, 0
1 42 42: 3079, 0, 1
1 42 42: 3202, 22, 0
1 42 45: 3170, 22, 1
1 42 47: 3154, 0, 1
1 42 48: 3154, 0, 2
1 42 48: 3171, 22, 1
1 42 49: 3155, 0, 2
1 42 49: 3170, 22, 2
1 42 54: 3156, 0, 2
1 42 55: 3155, 0, 2
1 42 56: 3156, 0, 2
1 42 60: 3083, 0, 3
1 42 60: 3202, 22, 0
1 42 61: 3087, 0, 1
1 42 61: 3202, 22, 0
1 43 3: 3084, 0, 3
1 43 3: 3174, 22, 2
1 43 4: 3077, 0, 1
1 43 4: 3202, 22, 0
1 43 5: 3103, 10, 3
1 43 5: 3201, 22, 0
1 43 7: 3171, 22, 0
1 43 8: 3170, 22, 3
1 43 10: 3157, 0, 1
1 43 14: 3156, 0, 1
1 43 15: 3171, 22, 1
1 43 16: 3170, 22, 1
1 43 21: 3107, 10, 1
1 43 21: 3201, 22, 0
1 43 22: 3082, 0, 3
1 43 22: 3173, 22, 2
1 43 23: 3077, 0, 1
1 43 23: 3174, 22, 0
1 43 24: 3096, 10, 3
1 43 24: 3201, 22, 0
1 43 27: 3170, 22, 1
1 43 28: 3169, 22, 3
1 43 29: 3170, 22, 3
1 43 37: 3170, 22, 2
1 43 40: 3098, 10, 1
1 43 40: 3201, 22, 0
1 43 41: 3077, 0, 3
1 43 41: 3202, 22, 0
1 43 42: 3077, 0, 1
1 43 42: 3202, 22, 0
1 43 43: 3091, 10, 3
1 43 43: 3201, 22, 0
1 43 53: 3170, 22, 1
1 43 54: 3169, 22, 1
1 43 55: 3155, 0, 1
1 43 55: 3171, 22, 3
1 43 56: 3170, 22, 3
1 43 59: 3094, 10, 1
1 43 59: 3201, 22, 0
1 43 60: 3077, 0, 3
1 43 60: 3202, 22, 0
1 43 61: 3085, 0, 1
1 43 61: 3202, 22, 0
1 44 2: 3145, 0, 1
1 44 3: 3081, 0, 3
1 44 3: 3173, 22, 2
1 44 4: 3083, 0, 1
1 44 4: 3202, 22, 0
1 44 5: 3201, 22, 0
1 44 7: 3170, 22, 2
1 44 14: 3156, 0, 1
1 44 15: 3170, 22, 0
1 44 21: 3201, 22, 0
1 44 22: 3083, 0, 3
1 44 22: 3202, 22, 0
1 44 23: 3079, 0, 1
1 44 23: 3202, 22, 0
1 44 24: 3201, 22, 0
1 44 28: 3170, 22, 2
1 44 40: 3201, 22, 0
1 44 41: 3079, 0, 3
1 44 41: 3202, 22, 0
1 44 42: 3083, 0, 1
1 44 42: 3202, 22, 0
1 44 43: 3201, 22, 0
1 44 55: 3157, 0, 1
1 44 55: 3170, 22, 0
1 44 59: 3201, 22, 0
1 44 60: 3081, 0, 3
1 44 60: 3202, 22, 0
1 44 61: 3086, 0, 1
1 44 61: 3202, 22, 0
1 45 2: 3144, 0, 1
1 45 3: 3080, 0, 3
1 45 3: 3202, 22, 0
1 45 4: 3082, 0, 1
1 45 4: 3202, 22, 0
1 45 11: 3170, 22, 0
1 45 14: 3155, 0, 1
1 45 22: 3079, 0, 3
1 45 22: 3202, 22, 0
1 45 23: 3077, 0, 1
1 45 23: 3202, 22, 0
1 45 36: 3170, 22, 0
1 45 37: 3171, 22, 0
1 45 41: 3083, 0, 3
1 45 41: 3202, 22, 0
1 45 42: 3082, 0, 1
1 45 42: 3202, 22, 0
1 45 44: 3170, 22, 0
1 45 47: 3170, 22, 2
1 45 50: 3156, 0, 2
1 45 51: 3155, 0, 2
1 45 52: 3157, 0, 2
1 45 53: 3156, 0, 2
1 45 60: 3080, 0, 3
1 45 60: 3202, 22, 0
1 45 61: 3087, 0, 1
1 45 61: 3173, 22, 3
1 45 63: 3123, 22, 3
1 45 63: 3125, 0, 3
1 46 3: 3085, 0, 3
1 46 3: 3202, 22, 0
1 46 4: 3079, 0, 1
1 46 4: 3202, 22, 0
1 46 5: 3103, 10, 3
1 46 5: 3201, 22, 0
1 46 6: 3170, 22, 1
1 46 11: 3170, 22, 0
1 46 17: 3154, 0, 2
1 46 18: 3157, 0, 2
1 46 19: 3170, 22, 2
1 46 21: 3103, 10, 1
1 46 21: 3201, 22, 0
1 46 22: 3077, 0, 3
1 46 22: 3202, 22, 0
1 46 23: 3077, 0, 1
1 46 23: 3202, 22, 0
1 46 24: 3096, 10, 3
1 46 24: 3201, 22, 0
1 46 32: 3170, 22, 3
1 46 35: 3170, 22, 1
1 46 36: 3169, 22, 0
1 46 37: 3170, 22, 3
1 46 40: 3096, 10, 1
1 46 40: 3201, 22, 0
1 46 41: 3082, 0, 3
1 46 41: 3173, 22, 1
1 46 42: 3077, 0, 1
1 46 42: 3202, 22, 0
1 46 43: 3095, 10, 3
1 46 43: 3201, 22, 0
1 46 49: 3170, 22, 3
1 46 50: 3156, 0, 3
1 46 50: 3171, 22, 3
1 46 51: 3170, 22, 0
1 46 59: 3091, 10, 1
1 46 59: 3201, 22, 0
1 46 60: 3082, 0, 3
1 46 60: 3173, 22, 2
1 46 61: 3085, 0, 1
1 46 61: 3174, 22, 2
1 46 63: 3123, 22, 3
1 46 63: 3125, 0, 3
1 47 3: 3081, 0, 3
1 47 3: 3173, 22, 3
1 47 4: 3082, 0, 1
1 47 4: 3202, 22, 0
1 47 5: 3201, 22, 0
1 47 10: 3170, 22, 2
1 47 11: 3171, 22, 0
1 47 12: 3170, 22, 3
1 47 18: 3156, 0, 1
1 47 19: 3169, 22, 1
1 47 20: 3170, 22, 3
1 47 21: 3201, 22, 0
1 47 22: 3077, 0, 3
1 47 22: 3202, 22, 0
1 47 23: 3080, 0, 1
1 47 23: 3202, 22, 0
1 47 24: 3144, 0, 3
1 47 24: 3201, 22, 0
1 47 31: 3170, 22, 0
1 47 32: 3171, 22, 3
1 47 33: 3170, 22, 3
1 47 36: 3170, 22, 2
1 47 40: 3201, 22, 0
1 47 41: 3077, 0, 3
1 47 41: 3172, 22, 1
1 47 42: 3080, 0, 1
1 47 42: 3173, 22, 2
1 47 43: 3201, 22, 0
1 47 48: 3170, 22, 2
1 47 49: 3169, 22, 3
1 47 50: 3156, 0, 3
1 47 50: 3170, 22, 2
1 47 55: 3156, 0, 2
1 47 55: 3170, 22, 2
1 47 56: 3156, 0, 2
1 47 59: 3201, 22, 0
1 47 60: 3077, 0, 3
1 47 60: 3202, 22, 0
1 47 61: 3085, 0, 1
1 47 61: 3173, 22, 1
1 47 63: 3123, 22, 3
1 47 63: 3125, 0, 3
1 48 3: 3080, 0, 3
1 48 3: 3202, 22, 0
1 48 4: 3079, 0, 1
1 48 4: 3202, 22, 0
1 48 9: 3157, 0, 2
1 48 10: 3155, 0, 2
1 48 11: 3154, 0, 2
1 48 11: 3170, 22, 2
1 48 18: 3157, 0, 1
1 48 19: 3170, 22, 0
1 48 21: 3145, 0, 1
1 48 22: 3081, 0, 3
1 48 22: 3173, 22, 3
1 48 23: 3081, 0, 1
1 48 23: 3202, 22, 0
1 48 24: 3145, 0, 3
1 48 27: 3170, 22, 0
1 48 32: 3170, 22, 1
1 48 41: 3082, 0, 3
1 48 41: 3173, 22, 1
1 48 42: 3081, 0, 1
1 48 42: 3202, 22, 0
1 48 45: 3171, 22, 3
1 48 48: 3156, 0, 0
1 48 49: 3156, 0, 0
1 48 49: 3170, 22, 2
1 48 50: 3156, 0, 3
1 48 50: 3169, 22, 0
1 48 51: 3170, 22, 1
1 48 54: 3170, 22, 1
1 48 55: 3171, 22, 2
1 48 60: 3083, 0, 3
1 48 60: 3202, 22, 0
1 48 61: 3084, 0, 1
1 48 61: 3202, 22, 0
1 48 63: 3123, 22, 3
1 48 63: 3125, 0, 3
1 49 3: 3085, 0, 3
1 49 3: 3202, 22, 0
1 49 4: 3079, 0, 1
1 49 4: 3173, 22, 0
1 49 5: 3106, 10, 3
1 49 5: 3201, 22, 0
1 49 9: 3170, 22, 1
1 49 11: 3156, 0, 1
1 49 12: 3169, 22, 0
1 49 21: 3103, 10, 1
1 49 21: 3144, 0, 1
1 49 21: 3201, 22, 0
1 49 22: 3080, 0, 3
1 49 22: 3202, 22, 0
1 49 23: 3077, 0, 1
1 49 23: 3202, 22, 0
1 49 24: 3099, 10, 3
1 49 24: 3201, 22, 0
1 49 26: 3170, 22, 1
1 49 27: 3171, 22, 3
1 49 28: 3170, 22, 3
1 49 40: 3096, 10, 1
1 49 40: 3201, 22, 0
1 49 41: 3083, 0, 3
1 49 41: 3202, 22, 0
1 49 42: 3083, 0, 1
1 49 42: 3202, 22, 0
1 49 43: 3091, 10, 3
1 49 43: 3201, 22, 0
1 49 50: 3156, 0, 3
1 49 50: 3170, 22, 0
1 49 58: 3170, 22, 2
1 49 59: 3091, 10, 1
1 49 59: 3201, 22, 0
1 49 60: 3077, 0, 3
1 49 60: 3202, 22, 0
1 49 61: 3086, 0, 1
1 49 61: 3202, 22, 0
1 49 63: 3123, 22, 3
1 49 63: 3125, 0, 3
1 50 3: 3086, 0, 3
1 50 3: 3202, 22, 0
1 50 4: 3077, 0, 1
1 50 4: 3202, 22, 0
1 50 5: 3201, 22, 0
1 50 8: 3170, 22, 2
1 50 9: 3171, 22, 1
1 50 10: 3170, 22, 0
1 50 11: 3155, 0, 1
1 50 12: 3156, 0, 0
1 50 13: 3157, 0, 0
1 50 16: 3170, 22, 1
1 50 21: 3201, 22, 0
1 50 22: 3082, 0, 3
1 50 22: 3202, 22, 0
1 50 23: 3080, 0, 1
1 50 23: 3202, 22, 0
1 50 24: 3201, 22, 0
1 50 27: 3170, 22, 2
1 50 32: 3170, 22, 0
1 50 39: 3170, 22, 0
1 50 40: 3201, 22, 0
1 50 41: 3083, 0, 3
1 50 41: 3202, 22, 0
1 50 42: 3080, 0, 1
1 50 42: 3202, 22, 0
1 50 43: 3201, 22, 0
1 50 59: 3201, 22, 0
1 50 60: 3083, 0, 3
1 50 60: 3202, 22, 0
1 50 61: 3087, 0, 1
1 50 61: 3202, 22, 0
1 50 63: 3123, 22, 3
1 50 63: 3125, 0, 3
1 51 3: 3087, 0, 3
1 51 3: 3202, 22, 0
1 51 4: 3080, 0, 1
1 51 4: 3158, 10, 1
1 51 4: 3202, 22, 0
1 51 5: 3144, 0, 3
1 51 9: 3170, 22, 3
1 51 11: 3154, 0, 1
1 51 15: 3170, 22, 3
1 51 16: 3169, 22, 0
1 51 17: 3157, 0, 3
1 51 22: 3083, 0, 3
1 51 22: 3173, 22, 0
1 51 23: 3081, 0, 1
1 51 23: 3202, 22, 0
1 51 32: 3169, 22, 2
1 51 33: 3170, 22, 3
1 51 36: 3170, 22, 3
1 51 41: 3083, 0, 3
1 51 41: 3202, 22, 0
1 51 42: 3081, 0, 1
1 51 42: 3202, 22, 0
1 51 52: 3156, 0, 1
1 51 60: 3077, 0, 3
1 51 60: 3202, 22, 0
1 51 61: 3087, 0, 1
1 51 61: 3173, 22, 1
1 51 63: 3123, 22, 3
1 51 63: 3125, 0, 3
1 52 3: 3086, 0, 3
1 52 3: 3202, 22, 0
1 52 4: 3081, 0, 1
1 52 4: 3173, 22, 1
1 52 5: 3103, 10, 3
1 52 5: 3145, 0, 3
1 52 5: 3201, 22, 0
1 52 14: 3154, 0, 2
1 52 15: 3157, 0, 2
1 52 16: 3156, 0, 2
1 52 17: 3156, 0, 3
1 52 21: 3105, 10, 1
1 52 21: 3201, 22, 0
1 52 22: 3077, 0, 3
1 52 22: 3174, 22, 2
1 52 23: 3077, 0, 1
1 52 23: 3173, 22, 1
1 52 24: 3096, 10, 3
1 52 24: 3201, 22, 0
1 52 32: 3170, 22, 2
1 52 37: 3170, 22, 2
1 52 40: 3100, 10, 1
1 52 40: 3201, 22, 0
1 52 41: 3082, 0, 3
1 52 41: 3202, 22, 0
1 52 42: 3077, 0, 1
1 52 42: 3173, 22, 0
1 52 43: 3093, 10, 3
1 52 43: 3201, 22, 0
1 52 46: 3170, 22, 2
1 52 52: 3156, 0, 1
1 52 52: 3170, 22, 3
1 52 59: 3091, 10, 1
1 52 59: 3201, 22, 0
1 52 60: 3077, 0, 3
1 52 60: 3202, 22, 0
1 52 61: 3085, 0, 1
1 52 61: 3202, 22, 0
1 52 63: 3123, 22, 3
1 52 63: 3125, 0, 3
1 53 3: 3087, 0, 3
1 53 3: 3173, 22, 2
1 53 4: 3082, 0, 1
1 53 4: 3174, 22, 3
1 53 5: 3201, 22, 0
1 53 8: 3157, 0, 2
1 53 9: 3156, 0, 2
1 53 15: 3170, 22, 0
1 53 16: 3171, 22, 3
1 53 17: 3155, 0, 3
1 53 21: 3201, 22, 0
1 53 22: 3082, 0, 3
1 53 22: 3173, 22, 2
1 53 23: 3083, 0, 1
1 53 23: 3202, 22, 0
1 53 24: 3201, 22, 0
1 53 29: 3170, 22, 2
1 53 35: 3170, 22, 1
1 53 36: 3171, 22, 2
1 53 40: 3201, 22, 0
1 53 41: 3079, 0, 3
1 53 41: 3173, 22, 3
1 53 42: 3077, 0, 1
1 53 42: 3174, 22, 1
1 53 43: 3201, 22, 0
1 53 48: 3170, 22, 3
1 53 50: 3156, 0, 2
1 53 52: 3156, 0, 1
1 53 52: 3171, 22, 2
1 53 54: 3170, 22, 1
1 53 56: 3156, 0, 2
1 53 59: 3201, 22, 0
1 53 60: 3081, 0, 3
1 53 60: 3202, 22, 0
1 53 61: 3087, 0, 1
1 53 61: 3202, 22, 0
1 53 63: 3123, 22, 3
1 53 63: 3125, 0, 3
1 54 3: 3084, 0, 3
1 54 3: 3202, 22, 0
1 54 4: 3082, 0, 1
1 54 4: 3173, 22, 3
1 54 9: 3157, 0, 1
1 54 10: 3157, 0, 2
1 54 11: 3156, 0, 2
1 54 12: 3155, 0, 2
1 54 13: 3154, 0, 2
1 54 16: 3170, 22, 3
1 54 22: 3077, 0, 3
1 54 22: 3202, 22, 0
1 54 23: 3082, 0, 1
1 54 23: 3202, 22, 0
1 54 29: 3171, 22, 0
1 54 35: 3170, 22, 1
1 54 36: 3171, 22, 2
1 54 37: 3170, 22, 1
1 54 41: 3083, 0, 3
1 54 41: 3202, 22, 0
1 54 42: 3077, 0, 1
1 54 42: 3173, 22, 2
1 54 45: 3170, 22, 3
1 54 47: 3170, 22, 2
1 54 48: 3171, 22, 0
1 54 50: 3156, 0, 1
1 54 50: 3170, 22, 0
1 54 51: 3154, 0, 0
1 54 52: 3155, 0, 0
1 54 53: 3156, 0, 0
1 54 54: 3170, 22, 0
1 54 55: 3171, 22, 2
1 54 56: 3155, 0, 3
1 54 56: 3171, 22, 1
1 54 60: 3080, 0, 3
1 54 60: 3173, 22, 2
1 54 61: 3087, 0, 1
1 54 61: 3202, 22, 0
1 54 63: 3123, 22, 3
1 54 63: 3125, 0, 3
1 55 3: 3086, 0, 3
1 55 3: 3202, 22, 0
1 55 4: 3083, 0, 1
1 55 4: 3202, 22, 0
1 55 5: 3105, 10, 3
1 55 5: 3201, 22, 0
1 55 6: 3201, 22, 2
1 55 9: 3170, 22, 3
1 55 10: 3171, 22, 2
1 55 11: 3155, 0, 3
1 55 18: 3170, 22, 2
1 55 20: 3201, 22, 2
1 55 21: 3103, 10, 1
1 55 21: 3201, 22, 0
1 55 22: 3081, 0, 3
1 55 22: 3202, 22, 0
1 55 23: 3082, 0, 1
1 55 23: 3202, 22, 0
1 55 24: 3098, 10, 3
1 55 24: 3201, 22, 0
1 55 25: 3201, 22, 2
1 55 28: 3170, 22, 3
1 55 29: 3170, 22, 0
1 55 35: 3170, 22, 0
1 55 39: 3201, 22, 2
1 55 40: 3096, 10, 1
1 55 40: 3201, 22, 0
1 55 41: 3077, 0, 3
1 55 41: 3202, 22, 0
1 55 42: 3077, 0, 1
1 55 42: 3202, 22, 0
1 55 43: 3091, 10, 3
1 55 43: 3201, 22, 0
1 55 44: 3201, 22, 2
1 55 48: 3170, 22, 2
1 55 50: 3156, 0, 1
1 55 55: 3157, 0, 0
1 55 55: 3171, 22, 1
1 55 56: 3154, 0, 3
1 55 56: 3170, 22, 0
1 55 58: 3201, 22, 2
1 55 59: 3093, 10, 1
1 55 59: 3201, 22, 0
1 55 60: 3077, 0, 3
1 55 60: 3174, 22, 1
1 55 61: 3086, 0, 1
1 55 61: 3173, 22, 1
1 55 63: 3123, 22, 3
1 55 63: 3125, 0, 3
1 56 3: 3087, 0, 3
1 56 3: 3202, 22, 0
1 56 4: 3079, 0, 1
1 56 4: 3173, 22, 2
1 56 5: 3201, 22, 0
1 56 6: 3201, 22, 2
1 56 10: 3170, 22, 1
1 56 11: 3156, 0, 3
1 56 14: 3170, 22, 1
1 56 20: 3201, 22, 2
1 56 21: 3201, 22, 0
1 56 22: 3080, 0, 3
1 56 22: 3202, 22, 0
1 56 23: 3079, 0, 1
1 56 23: 3202, 22, 0
1 56 24: 3201, 22, 0
1 56 25: 3201, 22, 2
1 56 39: 3201, 22, 2
1 56 40: 3201, 22, 0
1 56 41: 3077, 0, 3
1 56 41: 3202, 22, 0
1 56 42: 3079, 0, 1
1 56 42: 3202, 22, 0
1 56 43: 3201, 22, 0
1 56 44: 3201, 22, 2
1 56 47: 3157, 0, 0
1 56 48: 3156, 0, 0
1 56 50: 3156, 0, 1
1 56 56: 3156, 0, 3
1 56 58: 3201, 22, 2
1 56 59: 3201, 22, 0
1 56 60: 3077, 0, 3
1 56 60: 3173, 22, 0
1 56 61: 3084, 0, 1
1 56 61: 3202, 22, 0
1 56 63: 3123, 22, 3
1 56 63: 3125, 0, 3
1 57 3: 3085, 0, 3
1 57 3: 3173, 22, 1
1 57 4: 3080, 0, 1
1 57 4: 3174, 22, 3
1 57 7: 3201, 22, 2
1 57 12: 3154, 0, 2
1 57 13: 3157, 0, 2
1 57 14: 3156, 0, 2
1 57 15: 3156, 0, 2
1 57 19: 3201, 22, 2
1 57 22: 3079, 0, 3
1 57 22: 3202, 22, 0
1 57 23: 3082, 0, 1
1 57 23: 3172, 22, 1
1 57 26: 3201, 22, 2
1 57 28: 3170, 22, 1
1 57 31: 3170, 22, 3
1 57 35: 3170, 22, 0
1 57 38: 3201, 22, 2
1 57 41: 3081, 0, 3
1 57 41: 3202, 22, 0
1 57 42: 3077, 0, 1
1 57 42: 3202, 22, 0
1 57 45: 3201, 22, 2
1 57 52: 3170, 22, 1
1 57 56: 3155, 0, 3
1 57 57: 3201, 22, 2
1 57 60: 3079, 0, 3
1 57 60: 3202, 22, 0
1 57 61: 3080, 0, 1
1 57 61: 3202, 22, 0
1 57 63: 3123, 22, 3
1 57 63: 3125, 0, 3
1 58 3: 3085, 0, 3
1 58 3: 3173, 22, 3
1 58 4: 3081, 0, 1
1 58 4: 3173, 22, 0
1 58 5: 3103, 10, 3
1 58 5: 3201, 22, 0
1 58 7: 3201, 22, 2
1 58 12: 3170, 22, 0
1 58 13: 3169, 22, 2
1 58 14: 3170, 22, 2
1 58 19: 3201, 22, 2
1 58 21: 3103, 10, 1
1 58 21: 3201, 22, 0
1 58 22: 3077, 0, 3
1 58 22: 3173, 22, 1
1 58 23: 3077, 0, 1
1 58 23: 3174, 22, 1
1 58 24: 3096, 10, 3
1 58 24: 3201, 22, 0
1 58 26: 3201, 22, 2
1 58 31: 3171, 22, 1
1 58 32: 3170, 22, 2
1 58 33: 3170, 22, 3
1 58 38: 3201, 22, 2
1 58 40: 3096, 10, 1
1 58 40: 3201, 22, 0
1 58 41: 3080, 0, 3
1 58 41: 3173, 22, 1
1 58 42: 3077, 0, 1
1 58 42: 3202, 22, 0
1 58 43: 3091, 10, 3
1 58 43: 3201, 22, 0
1 58 45: 3201, 22, 2
1 58 46: 3170, 22, 0
1 58 57: 3201, 22, 2
1 58 59: 3091, 10, 1
1 58 59: 3201, 22, 0
1 58 60: 3077, 0, 3
1 58 60: 3202, 22, 0
1 58 61: 3081, 0, 1
1 58 61: 3202, 22, 0
1 58 63: 3123, 22, 3
1 58 63: 3125, 0, 3
1 59 3: 3084, 0, 3
1 59 3: 3172, 22, 1
1 59 4: 3079, 0, 1
1 59 4: 3173, 22, 0
1 59 5: 3201, 22, 0
1 59 8: 3201, 22, 2
1 59 13: 3170, 22, 3
1 59 18: 3201, 22, 2
1 59 21: 3201, 22, 0
1 59 22: 3082, 0, 3
1 59 22: 3202, 22, 0
1 59 23: 3079, 0, 1
1 59 23: 3173, 22, 3
1 59 24: 3201, 22, 0
1 59 27: 3201, 22, 2
1 59 30: 3170, 22, 1
1 59 37: 3201, 22, 2
1 59 40: 3201, 22, 0
1 59 41: 3082, 0, 3
1 59 41: 3174, 22, 2
1 59 42: 3083, 0, 1
1 59 42: 3173, 22, 0
1 59 43: 3201, 22, 0
1 59 46: 3201, 22, 2
1 59 48: 3170, 22, 2
1 59 53: 3170, 22, 0
1 59 56: 3201, 22, 2
1 59 59: 3201, 22, 0
1 59 60: 3077, 0, 3
1 59 60: 3202, 22, 0
1 59 61: 3086, 0, 1
1 59 61: 3202, 22, 0
1 59 63: 3123, 22, 3
1 59 63: 3125, 0, 3
1 60 3: 3086, 0, 3
1 60 3: 3173, 22, 1
1 60 4: 3077, 0, 1
1 60 4: 3173, 22, 2
1 60 9: 3201, 22, 2
1 60 10: 3201, 22, 2
1 60 13: 3203, 10, 3
1 60 16: 3201, 22, 2
1 60 17: 3201, 22, 2
1 60 22: 3083, 0, 3
1 60 22: 3173, 22, 3
1 60 23: 3080, 0, 1
1 60 23: 3202, 22, 0
1 60 24: 3144, 0, 3
1 60 28: 3201, 22, 2
1 60 29: 3201, 22, 2
1 60 32: 3203, 10, 3
1 60 35: 3201, 22, 2
1 60 36: 3201, 22, 2
1 60 41: 3077, 0, 3
1 60 41: 3173, 22, 2
1 60 42: 3082, 0, 1
1 60 42: 3202, 22, 0
1 60 47: 3201, 22, 2
1 60 48: 3201, 22, 2
1 60 51: 3203, 10, 3
1 60 54: 3201, 22, 2
1 60 55: 3201, 22, 2
1 60 60: 3077, 0, 3
1 60 60: 3202, 22, 0
1 60 61: 3087, 0, 1
1 60 61: 3173, 22, 3
1 60 63: 3123, 22, 3
1 60 63: 3125, 0, 3
1 61 3: 3087, 0, 3
1 61 3: 3202, 22, 0
1 61 4: 3083, 0, 1
1 61 4: 3202, 22, 0
1 61 12: 3114, 10, 2
1 61 14: 3112, 10, 2
1 61 22: 3082, 0, 3
1 61 22: 3174, 22, 3
1 61 23: 3081, 0, 1
1 61 23: 3202, 22, 0
1 61 24: 3145, 0, 3
1 61 31: 3114, 10, 2
1 61 33: 3112, 10, 2
1 61 41: 3077, 0, 3
1 61 41: 3173, 22, 1
1 61 42: 3077, 0, 1
1 61 42: 3202, 22, 0
1 61 50: 3114, 10, 2
1 61 52: 3112, 10, 2
1 61 60: 3083, 0, 3
1 61 60: 3173, 22, 2
1 61 61: 3085, 0, 1
1 61 61: 3202, 22, 0
1 61 63: 3123, 22, 3
1 61 63: 3125, 0, 3
1 62 3: 3086, 0, 3
1 62 3: 3202, 22, 0
1 62 4: 3082, 0, 1
1 62 4: 3173, 22, 0
1 62 7: 3144, 0, 2
1 62 8: 3106, 10, 2
1 62 8: 3145, 0, 2
1 62 8: 3201, 22, 0
1 62 9: 3201, 22, 0
1 62 12: 3201, 22, 0
1 62 13: 3201, 22, 0
1 62 14: 3201, 22, 0
1 62 17: 3105, 10, 2
1 62 17: 3201, 22, 0
1 62 18: 3201, 22, 0
1 62 22: 3077, 0, 3
1 62 22: 3202, 22, 0
1 62 23: 3077, 0, 1
1 62 23: 3202, 22, 0
1 62 27: 3099, 10, 2
1 62 27: 3201, 22, 0
1 62 28: 3144, 0, 2
1 62 28: 3201, 22, 0
1 62 29: 3145, 0, 2
1 62 31: 3201, 22, 0
1 62 32: 3201, 22, 0
1 62 33: 3201, 22, 0
1 62 36: 3100, 10, 2
1 62 36: 3201, 22, 0
1 62 37: 3201, 22, 0
1 62 41: 3077, 0, 3
1 62 41: 3202, 22, 0
1 62 42: 3077, 0, 1
1 62 42: 3202, 22, 0
1 62 45: 3144, 0, 2
1 62 46: 3095, 10, 2
1 62 46: 3145, 0, 2
1 62 46: 3201, 22, 0
1 62 47: 3201, 22, 0
1 62 50: 3201, 22, 0
1 62 51: 3201, 22, 0
1 62 52: 3201, 22, 0
1 62 55: 3091, 10, 2
1 62 55: 3144, 0, 2
1 62 55: 3201, 22, 0
1 62 56: 3145, 0, 2
1 62 56: 3201, 22, 0
1 62 60: 3077, 0, 3
1 62 60: 3202, 22, 0
1 62 61: 3084, 0, 1
1 62 61: 3202, 22, 0
1 62 63: 3123, 22, 3
1 62 63: 3125, 0, 3
1 63 3: 3085, 0, 3
1 63 3: 3202, 22, 0
1 63 4: 3077, 1, 0
1 63 4: 3202, 22, 0
1 63 5: 3079, 0, 0
1 63 5: 3202, 22, 2
1 63 6: 3079, 0, 0
1 63 6: 3173, 22, 3
1 63 7: 3080, 0, 0
1 63 7: 3202, 22, 0
1 63 8: 3081, 0, 0
1 63 8: 3173, 22, 2
1 63 9: 3077, 0, 0
1 63 9: 3202, 22, 0
1 63 10: 3079, 0, 0
1 63 10: 3173, 22, 1
1 63 11: 3082, 0, 0
1 63 11: 3158, 10, 0
1 63 11: 3202, 22, 0
1 63 12: 3077, 0, 0
1 63 12: 3110, 5, 0
1 63 12: 3202, 22, 0
1 63 13: 3083, 0, 0
1 63 13: 3202, 22, 0
1 63 14: 3077, 0, 0
1 63 14: 3110, 5, 0
1 63 14: 3202, 22, 0
1 63 15: 3083, 0, 0
1 63 15: 3202, 22, 2
1 63 16: 3080, 0, 0
1 63 16: 3202, 22, 0
1 63 17: 3081, 0, 0
1 63 17: 3202, 22, 0
1 63 18: 3082, 0, 0
1 63 18: 3202, 22, 0
1 63 19: 3079, 0, 0
1 63 19: 3173, 22, 0
1 63 20: 3082, 0, 0
1 63 20: 3202, 22, 0
1 63 21: 3077, 0, 0
1 63 21: 3202, 22, 0
1 63 22: 3077, 1, 3
1 63 22: 3202, 22, 0
1 63 23: 3077, 1, 0
1 63 23: 3173, 22, 3
1 63 24: 3082, 0, 0
1 63 24: 3173, 22, 2
1 63 25: 3077, 0, 0
1 63 25: 3173, 22, 2
1 63 26: 3083, 0, 0
1 63 26: 3202, 22, 0
1 63 27: 3077, 0, 0
1 63 27: 3202, 22, 0
1 63 28: 3080, 0, 0
1 63 28: 3158, 10, 0
1 63 28: 3202, 22, 0
1 63 29: 3081, 0, 0
1 63 29: 3202, 22, 0
1 63 30: 3077, 0, 0
1 63 30: 3202, 22, 0
1 63 31: 3077, 0, 0
1 63 31: 3110, 5, 0
1 63 31: 3202, 22, 0
1 63 32: 3077, 0, 0
1 63 32: 3173, 22, 1
1 63 33: 3077, 0, 0
1 63 33: 3110, 5, 0
1 63 33: 3202, 22, 0
1 63 34: 3079, 0, 0
1 63 34: 3173, 22, 1
1 63 35: 3077, 0, 0
1 63 35: 3202, 22, 0
1 63 36: 3083, 0, 0
1 63 36: 3202, 22, 0
1 63 37: 3083, 0, 0
1 63 37: 3173, 22, 0
1 63 38: 3077, 0, 0
1 63 38: 3158, 10, 0
1 63 38: 3202, 22, 0
1 63 39: 3082, 0, 0
1 63 39: 3202, 22, 0
1 63 40: 3077, 0, 0
1 63 40: 3202, 22, 0
1 63 41: 3077, 1, 3
1 63 41: 3202, 22, 0
1 63 42: 3077, 1, 0
1 63 42: 3173, 22, 2
1 63 43: 3077, 0, 0
1 63 43: 3202, 22, 0
1 63 44: 3077, 0, 0
1 63 44: 3202, 22, 0
1 63 45: 3080, 0, 0
1 63 45: 3202, 22, 0
1 63 46: 3081, 0, 0
1 63 46: 3202, 22, 0
1 63 47: 3082, 0, 0
1 63 47: 3202, 22, 0
1 63 48: 3080, 0, 0
1 63 48: 3202, 22, 0
1 63 49: 3081, 0, 0
1 63 49: 3202, 22, 0
1 63 50: 3077, 0, 0
1 63 50: 3110, 5, 0
1 63 50: 3202, 22, 0
1 63 51: 3079, 0, 0
1 63 51: 3202, 22, 0
1 63 52: 3077, 0, 0
1 63 52: 3110, 5, 0
1 63 52: 3202, 22, 0
1 63 53: 3077, 0, 0
1 63 53: 3202, 22, 0
1 63 54: 3077, 0, 0
1 63 54: 3174, 22, 3
1 63 55: 3080, 0, 0
1 63 55: 3202, 22, 0
1 63 56: 3081, 0, 0
1 63 56: 3202, 22, 0
1 63 57: 3077, 0, 0
1 63 57: 3158, 10, 0
1 63 57: 3202, 22, 0
1 63 58: 3083, 0, 0
1 63 58: 3202, 22, 0
1 63 59: 3079, 0, 0
1 63 59: 3202, 22, 0
1 63 60: 3077, 1, 3
1 63 60: 3202, 22, 0
1 63 61: 3077, 1, 0
1 63 61: 3202, 22, 0
1 63 62: 3123, 22, 3
1 63 62: 3125, 0, 0
1 63 63: 3123, 22, 3
