0 0 1: 324, 22, 0
0 0 6: 326, 22, 0
0 0 7: 325, 22, 1
0 0 10: 324, 22, 0
0 0 13: 325, 22, 1
0 0 14: 326, 22, 3
0 0 15: 326, 22, 3
0 0 18: 326, 22, 2
0 0 20: 326, 22, 3
0 0 21: 325, 22, 2
0 0 23: 326, 22, 0
0 0 24: 325, 22, 2
0 0 25: 325, 22, 2
0 0 27: 325, 22, 3
0 0 28: 326, 22, 2
0 0 30: 325, 22, 0
0 0 32: 325, 22, 0
0 0 33: 325, 22, 1
0 0 34: 325, 22, 1
0 0 36: 326, 22, 0
0 0 39: 325, 22, 2
0 0 40: 325, 22, 3
0 0 41: 325, 22, 3
0 0 42: 325, 22, 3
0 0 44: 326, 22, 3
0 0 46: 325, 22, 2
0 0 47: 325, 22, 3
0 0 48: 325, 22, 3
0 0 50: 326, 22, 0
0 0 52: 325, 22, 2
0 0 54: 326, 22, 1
0 0 58: 326, 22, 2
0 0 60: 325, 22, 2
0 0 61: 325, 22, 3
0 0 62: 325, 22, 3
0 1 1: 325, 22, 2
0 1 2: 325, 22, 2
0 1 4: 326, 22, 0
0 1 5: 325, 22, 0
0 1 6: 325, 22, 1
0 1 8: 326, 22, 1
0 1 9: 326, 22, 2
0 1 10: 326, 22, 2
0 1 11: 326, 22, 2
0 1 15: 325, 22, 3
0 1 17: 325, 22, 2
0 1 18: 326, 22, 3
0 1 19: 326, 22, 3
0 1 22: 325, 22, 3
0 1 26: 326, 22, 1
0 1 29: 325, 22, 1
0 1 30: 324, 22, 0
0 1 32: 326, 22, 1
0 1 34: 326, 22, 0
0 1 39: 326, 22, 1
0 1 41: 324, 22, 3
0 1 42: 325, 22, 0
0 1 43: 325, 22, 0
0 1 46: 326, 22, 3
0 1 47: 325, 22, 1
0 1 48: 324, 22, 3
0 1 49: 325, 22, 2
0 1 50: 325, 22, 2
0 1 52: 325, 22, 2
0 1 53: 325, 22, 2
0 1 54: 325, 22, 2
0 1 56: 325, 22, 3
0 1 57: 325, 22, 0
0 1 61: 324, 22, 0
0 1 63: 324, 22, 2
0 2 1: 326, 22, 3
0 2 2: 326, 22, 3
0 2 4: 325, 22, 3
0 2 6: 324, 22, 3
0 2 8: 326, 22, 3
0 2 12: 325, 22, 1
0 2 14: 324, 22, 1
0 2 16: 325, 22, 3
0 2 20: 326, 22, 0
0 2 22: 326, 22, 1
0 2 24: 324, 22, 2
0 2 25: 325, 22, 1
0 2 28: 326, 22, 3
0 2 29: 325, 22, 2
0 2 35: 324, 22, 1
0 2 36: 325, 22, 0
0 2 37: 325, 22, 1
0 2 39: 325, 22, 2
0 2 40: 325, 22, 2
0 2 44: 325, 22, 0
0 2 46: 326, 22, 0
0 2 47: 325, 22, 0
0 2 49: 325, 22, 1
0 2 50: 326, 22, 1
0 2 52: 324, 22, 1
0 2 54: 326, 22, 0
0 2 57: 324, 22, 2
0 2 58: 325, 22, 1
0 2 59: 325, 22, 1
0 2 63: 325, 22, 0
0 3 0: 326, 22, 2
0 3 2: 326, 22, 3
0 3 7: 325, 22, 2
0 3 8: 325, 22, 2
0 3 9: 325, 22, 3
0 3 11: 324, 22, 1
0 3 14: 326, 22, 1
0 3 15: 326, 22, 1
0 3 17: 326, 22, 2
0 3 18: 324, 22, 1
0 3 19: 325, 22, 3
0 3 21: 326, 22, 0
0 3 25: 325, 22, 1
0 3 26: 326, 22, 1
0 3 30: 326, 22, 0
0 3 31: 326, 22, 3
0 3 32: 326, 22, 3
0 3 38: 324, 22, 2
0 3 41: 324, 22, 2
0 3 42: 325, 22, 1
0 3 44: 324, 22, 0
0 3 46: 325, 22, 1
0 3 48: 325, 22, 1
0 3 54: 326, 22, 3
0 3 55: 325, 22, 3
0 3 60: 324, 22, 0
0 3 61: 325, 22, 1
0 4 1: 324, 22, 2
0 4 3: 324, 22, 2
0 4 5: 326, 22, 3
0 4 6: 324, 22, 0
0 4 9: 325, 22, 0
0 4 11: 325, 22, 0
0 4 13: 326, 22, 1
0 4 17: 325, 22, 0
0 4 18: 325, 22, 0
0 4 19: 325, 22, 1
0 4 23: 326, 22, 1
0 4 24: 326, 22, 1
0 4 27: 324, 22, 3
0 4 28: 326, 22, 3
0 4 31: 326, 22, 2
0 4 34: 326, 22, 3
0 4 37: 326, 22, 0
0 4 40: 326, 22, 0
0 4 42: 325, 22, 1
0 4 47: 326, 22, 0
0 4 52: 326, 22, 2
0 4 57: 326, 22, 3
0 4 59: 326, 22, 2
0 4 61: 325, 22, 2
0 4 62: 326, 22, 1
0 4 63: 326, 22, 1
0 5 3: 326, 22, 1
0 5 7: 326, 22, 2
0 5 9: 326, 22, 0
0 5 11: 326, 22, 0
0 5 14: 325, 22, 1
0 5 16: 326, 22, 2
0 5 21: 325, 22, 1
0 5 24: 325, 22, 0
0 5 26: 325, 22, 0
0 5 27: 325, 22, 1
0 5 35: 324, 22, 2
0 5 37: 325, 22, 3
0 5 39: 325, 22, 3
0 5 40: 325, 22, 3
0 5 41: 325, 22, 0
0 5 43: 324, 22, 1
0 5 45: 1384, 10, 3
0 5 55: 325, 22, 1
0 5 56: 325, 22, 2
0 5 57: 325, 22, 2
0 6 1: 326, 22, 0
0 6 16: 1384, 10, 1
0 6 42: 1384, 10, 0
0 6 55: 324, 22, 3
0 6 58: 326, 22, 2
0 6 59: 325, 22, 2
0 6 61: 324, 22, 1
0 6 63: 324, 22, 3
0 7 18: 1384, 10, 2
0 7 19: 1384, 10, 3
0 7 44: 1384, 10, 2
0 7 58: 324, 22, 3
0 7 59: 325, 22, 3
0 7 60: 324, 22, 0
0 8 23: 336, 22, 2
0 8 59: 325, 22, 0
0 8 61: 324, 22, 1
0 8 63: 326, 22, 1
0 9 5: 336, 22, 1
0 9 11: 336, 22, 0
0 9 15: 336, 22, 3
0 9 19: 336, 22, 2
0 9 24: 335, 22, 2
0 9 28: 335, 22, 2
0 9 48: 337, 22, 0
0 9 51: 336, 22, 1
0 9 58: 326, 22, 3
0 9 60: 325, 22, 0
0 9 61: 326, 22, 0
0 10 1: 337, 22, 0
0 10 15: 337, 22, 2
0 10 19: 337, 22, 3
0 10 21: 336, 22, 1
0 10 32: 336, 22, 0
0 10 34: 335, 22, 3
0 10 37: 336, 22, 0
0 10 40: 336, 22, 1
0 11 7: 337, 22, 1
0 11 10: 335, 22, 0
0 11 24: 1384, 10, 0
0 11 26: 336, 22, 3
0 11 40: 335, 22, 0
0 11 43: 336, 22, 3
0 11 45: 337, 22, 0
0 11 47: 335, 22, 2
0 11 52: 335, 22, 3
0 12 3: 335, 22, 3
0 12 17: 336, 22, 0
0 12 19: 336, 22, 0
0 12 23: 335, 22, 0
0 12 29: 336, 22, 0
0 12 33: 336, 22, 3
0 12 34: 336, 22, 3
0 12 37: 337, 22, 2
0 12 49: 336, 22, 2
0 12 54: 337, 22, 3
0 13 14: 335, 22, 0
0 13 20: 1384, 10, 2
0 13 23: 1384, 10, 3
0 13 58: 335, 22, 0
0 13 63: 335, 22, 1
0 14 6: 336, 22, 1
0 14 10: 336, 22, 2
0 14 18: 336, 22, 0
0 14 18: 1384, 10, 3
0 14 22: 1384, 10, 0
0 14 26: 337, 22, 2
0 14 28: 1384, 10, 3
0 14 31: 335, 22, 3
0 14 34: 336, 22, 2
0 14 38: 1384, 10, 1
0 14 40: 336, 22, 3
0 14 52: 336, 22, 0
0 14 61: 337, 22, 2
0 15 2: 337, 22, 1
0 15 22: 336, 22, 1
0 15 24: 1384, 10, 1
0 15 34: 1384, 10, 2
0 15 42: 335, 22, 0
0 15 48: 337, 22, 2
0 15 56: 336, 22, 1
0 16 3: 336, 22, 0
0 16 9: 335, 22, 1
0 16 18: 335, 22, 1
0 16 20: 337, 22, 1
0 16 58: 336, 22, 1
0 17 1: 336, 22, 3
0 17 12: 335, 22, 1
0 17 15: 336, 22, 3
0 17 25: 336, 22, 2
0 17 27: 335, 22, 1
0 17 30: 335, 22, 3
0 17 36: 335, 22, 2
0 17 40: 1384, 10, 0
0 17 41: 1384, 10, 0
0 17 45: 336, 22, 3
0 17 54: 336, 22, 3
0 17 63: 336, 22, 2
0 18 6: 337, 22, 3
0 18 10: 336, 22, 3
0 18 17: 336, 22, 3
0 18 39: 337, 22, 3
0 18 50: 335, 22, 3
0 18 60: 335, 22, 0
0 19 3: 335, 22, 2
0 19 14: 336, 22, 2
0 19 56: 337, 22, 0
0 20 6: 336, 22, 2
0 20 33: 336, 22, 1
0 20 42: 336, 22, 0
0 20 50: 336, 22, 2
0 20 62: 337, 22, 3
0 21 1: 336, 22, 1
0 21 2: 337, 22, 3
0 21 5: 336, 22, 2
0 21 14: 336, 22, 2
0 21 45: 337, 22, 1
0 21 55: 336, 22, 3
0 21 60: 336, 22, 0
