0 0 6: 1173, 10, 0
0 0 13: 1246, 22, 0
0 0 16: 1298, 10, 0
0 0 33: 1298, 10, 2
0 0 43: 1254, 22, 0
0 0 46: 1257, 22, 1
0 0 47: 1257, 22, 2
0 0 49: 1257, 22, 3
0 0 50: 1257, 22, 0
0 0 52: 1257, 22, 2
0 1 13: 1173, 10, 2
0 1 14: 1247, 22, 0
0 1 28: 2357, 10, 3
0 1 39: 1257, 22, 1
0 1 41: 1257, 22, 2
0 1 43: 1257, 22, 3
0 1 44: 1257, 22, 0
0 1 51: 1257, 22, 1
0 2 10: 339, 22, 1
0 2 11: 339, 22, 2
0 2 11: 1982, 0, 0
0 2 12: 338, 22, 3
0 2 12: 1982, 0, 0
0 2 13: 339, 22, 0
0 2 13: 1982, 0, 0
0 2 14: 340, 22, 3
0 2 14: 1982, 0, 0
0 2 15: 340, 22, 0
0 2 15: 1982, 0, 0
0 2 16: 339, 22, 2
0 2 16: 1982, 0, 0
0 2 17: 339, 22, 3
0 2 17: 1982, 0, 0
0 2 18: 340, 22, 1
0 2 18: 1982, 0, 0
0 2 19: 339, 22, 3
0 2 19: 1982, 0, 0
0 2 20: 339, 22, 0
0 2 20: 1982, 0, 0
0 2 21: 340, 22, 2
0 2 21: 1982, 0, 0
0 2 22: 339, 22, 0
0 2 22: 1982, 0, 0
0 2 23: 339, 22, 1
0 2 23: 1982, 0, 0
0 2 24: 339, 22, 2
0 2 24: 1982, 0, 0
0 2 25: 339, 22, 3
0 2 25: 1982, 0, 0
0 2 26: 339, 22, 1
0 2 26: 1982, 0, 0
0 2 27: 339, 22, 1
0 2 27: 1982, 0, 0
0 2 28: 339, 22, 2
0 2 28: 1982, 0, 0
0 2 29: 339, 22, 2
0 2 29: 1982, 0, 0
0 2 30: 339, 22, 3
0 2 30: 1982, 0, 0
0 2 31: 339, 22, 1
0 2 31: 1982, 0, 0
0 2 32: 339, 22, 2
0 2 32: 1982, 0, 0
0 2 33: 339, 22, 2
0 2 33: 1982, 0, 0
0 2 34: 339, 22, 3
0 2 34: 1982, 0, 0
0 2 35: 339, 22, 1
0 2 35: 1982, 0, 0
0 2 36: 339, 22, 0
0 2 36: 1982, 0, 0
0 2 37: 338, 22, 2
0 2 37: 1982, 0, 0
0 2 38: 339, 22, 3
0 2 38: 1982, 0, 0
0 2 39: 340, 22, 3
0 2 39: 1982, 0, 0
0 2 40: 339, 22, 2
0 2 40: 1982, 0, 0
0 2 41: 339, 22, 0
0 2 41: 1982, 0, 0
0 2 42: 339, 22, 0
0 2 42: 1982, 0, 0
0 2 43: 339, 22, 1
0 2 43: 1982, 0, 0
0 2 44: 339, 22, 1
0 2 44: 1982, 0, 0
0 2 45: 339, 22, 1
0 2 45: 1982, 0, 0
0 2 46: 339, 22, 2
0 2 46: 1982, 0, 0
0 2 47: 339, 22, 3
0 2 47: 1982, 0, 0
0 2 48: 339, 22, 1
0 2 48: 1982, 0, 0
0 2 49: 339, 22, 1
0 2 49: 1982, 0, 0
0 2 50: 1982, 0, 3
0 2 50: 2357, 10, 1
0 3 1: 339, 22, 2
0 3 2: 339, 22, 3
0 3 8: 339, 22, 3
0 3 9: 339, 22, 2
0 3 10: 340, 22, 2
0 3 11: 340, 22, 2
0 3 12: 339, 22, 0
0 3 13: 339, 22, 2
0 3 14: 339, 22, 2
0 3 15: 340, 22, 3
0 3 16: 339, 22, 2
0 3 17: 340, 22, 1
0 3 18: 339, 22, 0
0 3 19: 338, 22, 0
0 3 20: 339, 22, 1
0 3 21: 339, 22, 3
0 3 22: 339, 22, 3
0 3 23: 340, 22, 0
0 3 24: 339, 22, 2
0 3 25: 338, 22, 1
0 3 26: 340, 22, 3
0 3 27: 339, 22, 1
0 3 28: 340, 22, 0
0 3 29: 339, 22, 1
0 3 30: 338, 22, 3
0 3 31: 339, 22, 0
0 3 32: 339, 22, 0
0 3 33: 340, 22, 2
0 3 34: 339, 22, 0
0 3 35: 339, 22, 1
0 3 36: 339, 22, 3
0 3 37: 339, 22, 1
0 3 38: 339, 22, 1
0 3 39: 339, 22, 0
0 3 40: 339, 22, 0
0 3 41: 339, 22, 2
0 3 42: 338, 22, 0
0 3 43: 339, 22, 2
0 3 44: 339, 22, 3
0 3 45: 339, 22, 3
0 3 46: 338, 22, 2
0 3 47: 339, 22, 1
0 3 48: 339, 22, 0
0 3 49: 339, 22, 3
0 3 50: 1982, 0, 3
0 4 1: 339, 22, 1
0 4 1: 2343, 10, 0
0 4 2: 339, 22, 2
0 4 2: 2345, 10, 1
0 4 3: 339, 22, 0
0 4 3: 2343, 10, 0
0 4 4: 340, 22, 3
0 4 6: 315, 22, 3
0 4 7: 339, 22, 0
0 4 8: 339, 22, 0
0 4 9: 338, 22, 2
0 4 10: 339, 22, 3
0 4 11: 339, 22, 0
0 4 12: 338, 22, 3
0 4 13: 340, 22, 1
0 4 14: 340, 22, 0
0 4 15: 339, 22, 2
0 4 16: 338, 22, 0
0 4 17: 339, 22, 0
0 4 18: 340, 22, 2
0 4 19: 339, 22, 2
0 4 20: 340, 22, 3
0 4 21: 338, 22, 2
0 4 22: 339, 22, 2
0 4 23: 339, 22, 1
0 4 24: 339, 22, 3
0 4 25: 339, 22, 3
0 4 26: 339, 22, 1
0 4 27: 338, 22, 2
0 4 28: 339, 22, 0
0 4 29: 340, 22, 1
0 4 30: 339, 22, 3
0 4 31: 339, 22, 1
0 4 32: 339, 22, 1
0 4 33: 340, 22, 3
0 4 34: 339, 22, 0
0 4 35: 338, 22, 1
0 4 36: 340, 22, 1
0 4 37: 340, 22, 2
0 4 38: 339, 22, 0
0 4 39: 338, 22, 3
0 4 40: 339, 22, 3
0 4 41: 340, 22, 0
0 4 42: 339, 22, 1
0 4 43: 339, 22, 2
0 4 44: 338, 22, 1
0 4 45: 340, 22, 1
0 4 46: 339, 22, 3
0 4 47: 339, 22, 2
0 4 48: 338, 22, 3
0 4 49: 340, 22, 0
0 4 50: 1982, 0, 3
0 4 52: 1298, 10, 1
0 5 1: 339, 22, 1
0 5 2: 340, 22, 2
0 5 2: 2343, 10, 0
0 5 3: 2345, 10, 1
0 5 4: 339, 22, 3
0 5 4: 2343, 10, 0
0 5 5: 339, 22, 2
0 5 5: 2343, 10, 0
0 5 7: 339, 22, 1
0 5 8: 340, 22, 3
0 5 9: 339, 22, 0
0 5 10: 340, 22, 0
0 5 11: 340, 22, 3
0 5 12: 340, 22, 1
0 5 13: 339, 22, 3
0 5 14: 339, 22, 0
0 5 15: 339, 22, 1
0 5 16: 339, 22, 3
0 5 17: 340, 22, 3
0 5 18: 339, 22, 1
0 5 19: 339, 22, 2
0 5 20: 339, 22, 3
0 5 21: 339, 22, 1
0 5 22: 339, 22, 3
0 5 23: 339, 22, 0
0 5 24: 340, 22, 2
0 5 25: 339, 22, 3
0 5 26: 339, 22, 3
0 5 27: 339, 22, 1
0 5 28: 339, 22, 2
0 5 29: 339, 22, 3
0 5 30: 338, 22, 0
0 5 31: 339, 22, 0
0 5 32: 339, 22, 1
0 5 33: 339, 22, 2
0 5 34: 339, 22, 3
0 5 35: 340, 22, 0
0 5 36: 339, 22, 2
0 5 37: 339, 22, 3
0 5 38: 340, 22, 1
0 5 39: 339, 22, 1
0 5 40: 340, 22, 2
0 5 41: 340, 22, 3
0 5 42: 339, 22, 0
0 5 43: 340, 22, 0
0 5 44: 339, 22, 0
0 5 45: 339, 22, 3
0 5 46: 339, 22, 0
0 5 47: 339, 22, 3
0 5 48: 339, 22, 2
0 5 49: 339, 22, 2
0 5 50: 1982, 0, 3
0 5 55: 1276, 10, 0
0 6 3: 339, 22, 0
0 6 3: 1173, 10, 1
0 6 6: 1982, 0, 0
0 6 7: 1982, 0, 0
0 6 8: 1300, 10, 1
0 6 8: 1982, 0, 0
0 6 9: 1982, 0, 0
0 6 10: 1982, 0, 0
0 6 11: 1982, 0, 0
0 6 12: 1982, 0, 0
0 6 13: 1982, 0, 0
0 6 14: 1258, 22, 2
0 6 14: 1982, 0, 0
0 6 15: 1258, 22, 1
0 6 15: 1982, 0, 0
0 6 16: 1257, 22, 0
0 6 16: 1982, 0, 0
0 6 17: 1258, 22, 0
0 6 17: 1982, 0, 0
0 6 18: 1257, 22, 2
0 6 18: 1982, 0, 0
0 6 19: 1259, 22, 2
0 6 19: 1982, 0, 0
0 6 20: 1258, 22, 0
0 6 20: 1982, 0, 0
0 6 21: 1258, 22, 3
0 6 21: 1982, 0, 0
0 6 22: 1257, 22, 0
0 6 22: 1982, 0, 0
0 6 23: 1257, 22, 0
0 6 23: 1982, 0, 0
0 6 24: 1258, 22, 2
0 6 24: 1982, 0, 0
0 6 25: 1257, 22, 1
0 6 25: 1982, 0, 0
0 6 26: 1257, 22, 2
0 6 26: 1982, 0, 0
0 6 27: 1257, 22, 2
0 6 27: 1982, 0, 0
0 6 28: 1259, 22, 0
0 6 28: 1982, 0, 0
0 6 29: 1257, 22, 3
0 6 29: 1982, 0, 0
0 6 30: 1257, 22, 3
0 6 30: 1982, 0, 0
0 6 31: 1257, 22, 3
0 6 31: 1982, 0, 0
0 6 32: 1258, 22, 3
0 6 32: 1982, 0, 0
0 6 33: 1257, 22, 0
0 6 33: 1982, 0, 0
0 6 34: 1257, 22, 1
0 6 34: 1982, 0, 0
0 6 35: 1257, 22, 1
0 6 35: 1982, 0, 0
0 6 36: 1257, 22, 2
0 6 36: 1982, 0, 0
0 6 37: 1258, 22, 2
0 6 37: 1982, 0, 0
0 6 38: 1257, 22, 3
0 6 38: 1982, 0, 0
0 6 39: 1257, 22, 0
0 6 39: 1982, 0, 0
0 6 40: 1257, 22, 1
0 6 40: 1982, 0, 0
0 6 41: 1258, 22, 0
0 6 41: 1982, 0, 0
0 6 42: 1257, 22, 1
0 6 42: 1982, 0, 0
0 6 43: 1257, 22, 1
0 6 43: 1982, 0, 0
0 6 44: 1259, 22, 2
0 6 44: 1982, 0, 0
0 6 45: 1258, 22, 3
0 6 45: 1982, 2, 0
0 6 46: 339, 22, 2
0 6 47: 340, 22, 2
0 6 48: 339, 22, 1
0 6 49: 340, 22, 1
0 6 50: 1982, 0, 3
0 7 6: 339, 22, 3
0 7 7: 340, 22, 1
0 7 8: 339, 22, 2
0 7 9: 339, 22, 1
0 7 10: 340, 22, 2
0 7 11: 339, 22, 0
0 7 12: 339, 22, 2
0 7 13: 338, 22, 0
0 7 14: 339, 22, 2
0 7 15: 339, 22, 1
0 7 16: 338, 22, 1
0 7 17: 339, 22, 3
0 7 18: 340, 22, 3
0 7 19: 339, 22, 0
0 7 20: 339, 22, 3
0 7 21: 339, 22, 2
0 7 22: 339, 22, 0
0 7 23: 339, 22, 3
0 7 24: 338, 22, 3
0 7 25: 339, 22, 2
0 7 26: 339, 22, 3
0 7 27: 338, 22, 0
0 7 28: 339, 22, 1
0 7 29: 339, 22, 1
0 7 30: 340, 22, 3
0 7 31: 339, 22, 3
0 7 32: 340, 22, 2
0 7 33: 339, 22, 2
0 7 34: 339, 22, 1
0 7 35: 338, 22, 3
0 7 36: 339, 22, 2
0 7 37: 340, 22, 0
0 7 38: 339, 22, 3
0 7 39: 339, 22, 2
0 7 40: 339, 22, 0
0 7 41: 339, 22, 3
0 7 42: 338, 22, 1
0 7 43: 339, 22, 0
0 7 44: 339, 22, 3
0 7 45: 1259, 22, 0
0 7 45: 1982, 0, 1
0 7 46: 339, 22, 2
0 7 47: 339, 22, 0
0 7 48: 338, 22, 0
0 7 49: 339, 22, 3
0 7 50: 1982, 0, 3
0 8 6: 340, 22, 0
0 8 7: 339, 22, 2
0 8 8: 339, 22, 3
0 8 9: 339, 22, 0
0 8 10: 339, 22, 0
0 8 11: 338, 22, 3
0 8 12: 339, 22, 1
0 8 13: 339, 22, 0
0 8 14: 339, 22, 3
0 8 15: 340, 22, 2
0 8 16: 339, 22, 0
0 8 17: 340, 22, 0
0 8 18: 339, 22, 2
0 8 19: 339, 22, 1
0 8 20: 338, 22, 2
0 8 21: 339, 22, 1
0 8 22: 340, 22, 2
0 8 23: 339, 22, 2
0 8 24: 340, 22, 1
0 8 25: 340, 22, 0
0 8 26: 339, 22, 1
0 8 27: 339, 22, 0
0 8 28: 338, 22, 1
0 8 29: 339, 22, 3
0 8 30: 339, 22, 2
0 8 31: 339, 22, 1
0 8 32: 339, 22, 0
0 8 33: 338, 22, 2
0 8 34: 339, 22, 3
0 8 35: 339, 22, 0
0 8 36: 340, 22, 1
0 8 37: 339, 22, 1
0 8 38: 339, 22, 0
0 8 39: 339, 22, 2
0 8 40: 338, 22, 0
0 8 41: 339, 22, 2
0 8 42: 339, 22, 1
0 8 43: 340, 22, 3
0 8 44: 339, 22, 1
0 8 45: 1257, 22, 2
0 8 45: 1982, 0, 1
0 8 46: 340, 22, 1
0 8 47: 339, 22, 0
0 8 48: 339, 22, 2
0 8 49: 339, 22, 0
0 8 50: 1982, 0, 3
0 8 54: 2357, 10, 3
0 9 6: 339, 22, 1
0 9 7: 1300, 10, 2
0 9 8: 339, 22, 0
0 9 9: 338, 22, 2
0 9 10: 339, 22, 1
0 9 11: 1982, 0, 0
0 9 12: 1300, 10, 0
0 9 12: 1982, 0, 0
0 9 13: 1982, 0, 0
0 9 14: 1982, 0, 0
0 9 15: 1258, 22, 0
0 9 15: 1982, 0, 0
0 9 16: 1982, 0, 0
0 9 17: 1258, 22, 1
0 9 17: 1982, 0, 0
0 9 18: 1982, 0, 0
0 9 19: 1258, 22, 3
0 9 19: 1982, 0, 0
0 9 20: 1982, 0, 0
0 9 21: 1258, 22, 0
0 9 21: 1982, 0, 0
0 9 22: 1245, 22, 0
0 9 22: 1982, 0, 0
0 9 23: 1982, 0, 0
0 9 24: 1258, 22, 3
0 9 24: 1982, 0, 0
0 9 25: 175, 22, 0
0 9 25: 1982, 0, 0
0 9 26: 1982, 0, 0
0 9 27: 1173, 10, 0
0 9 27: 1982, 0, 0
0 9 28: 1258, 22, 0
0 9 28: 1982, 0, 0
0 9 29: 1982, 0, 0
0 9 30: 1258, 22, 2
0 9 30: 1982, 0, 0
0 9 31: 1258, 22, 2
0 9 31: 1982, 0, 0
0 9 32: 1982, 0, 0
0 9 33: 1258, 22, 0
0 9 33: 1982, 0, 0
0 9 34: 1258, 22, 0
0 9 34: 1982, 0, 0
0 9 35: 1982, 0, 0
0 9 36: 1258, 22, 1
0 9 36: 1982, 0, 0
0 9 37: 1258, 22, 2
0 9 37: 1982, 0, 0
0 9 38: 1258, 22, 3
0 9 38: 1982, 0, 0
0 9 39: 1982, 0, 0
0 9 40: 1258, 22, 2
0 9 40: 1982, 0, 0
0 9 41: 1982, 0, 0
0 9 42: 1982, 0, 0
0 9 43: 338, 22, 1
0 9 43: 1982, 0, 3
0 9 44: 339, 22, 0
0 9 45: 1258, 22, 2
0 9 45: 1982, 0, 1
0 9 46: 339, 22, 1
0 9 47: 339, 22, 0
0 9 48: 339, 22, 1
0 9 49: 339, 22, 1
0 9 50: 1982, 0, 3
0 9 60: 1300, 10, 2
0 10 6: 340, 22, 3
0 10 7: 339, 22, 3
0 10 8: 340, 22, 2
0 10 9: 339, 22, 0
0 10 10: 339, 22, 3
0 10 11: 1254, 22, 1
0 10 13: 1258, 22, 1
0 10 16: 1258, 22, 0
0 10 18: 1258, 22, 3
0 10 19: 1258, 22, 2
0 10 21: 1299, 10, 1
0 10 23: 1258, 22, 2
0 10 25: 1258, 22, 1
0 10 26: 1258, 22, 2
0 10 28: 1300, 10, 3
0 10 31: 1244, 22, 1
0 10 33: 1258, 22, 1
0 10 34: 1258, 22, 0
0 10 35: 1258, 22, 3
0 10 36: 2357, 10, 0
0 10 38: 2357, 10, 3
0 10 40: 1253, 22, 2
0 10 41: 1258, 22, 1
0 10 42: 320, 22, 3
0 10 43: 339, 22, 2
0 10 43: 1982, 0, 3
0 10 44: 340, 22, 2
0 10 45: 1257, 22, 3
0 10 45: 1982, 0, 1
0 10 46: 339, 22, 3
0 10 47: 339, 22, 3
0 10 48: 338, 22, 1
0 10 49: 339, 22, 3
0 10 50: 1982, 0, 3
0 10 56: 1281, 10, 0
0 11 2: 1300, 10, 3
0 11 6: 339, 22, 2
0 11 7: 338, 22, 3
0 11 8: 339, 22, 1
0 11 9: 338, 22, 1
0 11 10: 340, 22, 3
0 11 11: 2343, 10, 1
0 11 12: 315, 22, 1
0 11 24: 1173, 10, 3
0 11 31: 2357, 10, 3
0 11 40: 2357, 10, 1
0 11 42: 320, 22, 0
0 11 43: 339, 22, 1
0 11 43: 1982, 0, 3
0 11 44: 339, 22, 3
0 11 45: 1259, 22, 3
0 11 45: 1982, 0, 1
0 11 46: 340, 22, 2
0 11 47: 339, 22, 0
0 11 48: 339, 22, 1
0 11 49: 340, 22, 2
0 11 50: 1982, 0, 3
0 12 4: 339, 22, 0
0 12 5: 339, 22, 0
0 12 6: 339, 22, 1
0 12 7: 339, 22, 0
0 12 8: 339, 22, 3
0 12 9: 339, 22, 0
0 12 10: 339, 22, 3
0 12 11: 339, 22, 2
0 12 12: 339, 22, 1
0 12 13: 340, 22, 2
0 12 14: 339, 22, 3
0 12 15: 340, 22, 3
0 12 16: 339, 22, 1
0 12 16: 1300, 10, 1
0 12 20: 339, 22, 0
0 12 21: 339, 22, 1
0 12 22: 340, 22, 3
0 12 23: 339, 22, 1
0 12 24: 339, 22, 2
0 12 27: 338, 22, 0
0 12 28: 339, 22, 0
0 12 29: 340, 22, 3
0 12 30: 340, 22, 0
0 12 34: 339, 22, 0
0 12 35: 339, 22, 3
0 12 37: 338, 22, 0
0 12 38: 339, 22, 3
0 12 39: 339, 22, 1
0 12 39: 2357, 10, 2
0 12 40: 1278, 11, 1
0 12 42: 320, 22, 2
0 12 43: 339, 22, 0
0 12 43: 1982, 0, 3
0 12 44: 340, 22, 0
0 12 45: 1257, 22, 3
0 12 45: 1982, 0, 1
0 12 46: 339, 22, 3
0 12 47: 339, 22, 3
0 12 48: 339, 22, 2
0 12 49: 339, 22, 0
0 12 50: 1982, 0, 3
0 12 55: 1300, 10, 3
0 13 4: 339, 22, 3
0 13 5: 338, 22, 2
0 13 6: 339, 22, 1
0 13 7: 338, 22, 1
0 13 8: 339, 22, 2
0 13 9: 338, 22, 2
0 13 10: 340, 22, 2
0 13 11: 2346, 10, 1
0 13 14: 338, 22, 0
0 13 15: 339, 22, 3
0 13 16: 339, 22, 1
0 13 18: 339, 22, 1
0 13 19: 340, 22, 1
0 13 20: 339, 22, 2
0 13 21: 338, 22, 1
0 13 22: 339, 22, 3
0 13 23: 340, 22, 3
0 13 25: 339, 22, 2
0 13 26: 340, 22, 2
0 13 27: 339, 22, 3
0 13 28: 340, 22, 2
0 13 29: 339, 22, 0
0 13 30: 339, 22, 0
0 13 31: 338, 22, 3
0 13 32: 1298, 10, 2
0 13 33: 339, 22, 2
0 13 34: 339, 22, 1
0 13 35: 338, 22, 1
0 13 36: 339, 22, 1
0 13 37: 339, 22, 0
0 13 38: 339, 22, 0
0 13 38: 2357, 10, 1
0 13 39: 339, 22, 2
0 13 42: 320, 22, 2
0 13 43: 339, 22, 3
0 13 43: 1982, 0, 3
0 13 44: 339, 22, 2
0 13 45: 1258, 22, 0
0 13 45: 1982, 0, 1
0 13 46: 339, 22, 2
0 13 47: 340, 22, 1
0 13 48: 339, 22, 2
0 13 49: 340, 22, 3
0 13 50: 1982, 0, 3
0 14 4: 338, 22, 2
0 14 5: 339, 22, 2
0 14 6: 339, 22, 3
0 14 6: 1300, 10, 3
0 14 7: 339, 22, 0
0 14 8: 339, 22, 1
0 14 9: 340, 22, 0
0 14 14: 339, 22, 0
0 14 15: 1298, 10, 0
0 14 16: 339, 22, 1
0 14 17: 339, 22, 0
0 14 18: 338, 22, 2
0 14 19: 339, 22, 3
0 14 20: 340, 22, 0
0 14 21: 340, 22, 0
0 14 22: 340, 22, 3
0 14 23: 339, 22, 2
0 14 24: 340, 22, 1
0 14 25: 339, 22, 1
0 14 26: 339, 22, 1
0 14 27: 339, 22, 2
0 14 28: 1300, 10, 3
0 14 29: 339, 22, 1
0 14 30: 340, 22, 1
0 14 31: 339, 22, 1
0 14 32: 339, 22, 3
0 14 33: 2357, 10, 0
0 14 34: 339, 22, 2
0 14 35: 339, 22, 1
0 14 36: 339, 22, 1
0 14 37: 340, 22, 3
0 14 38: 339, 22, 0
0 14 39: 340, 22, 3
0 14 40: 2357, 10, 0
0 14 41: 320, 22, 0
0 14 42: 320, 22, 3
0 14 42: 2343, 10, 2
0 14 43: 338, 22, 2
0 14 43: 1982, 0, 3
0 14 44: 338, 22, 2
0 14 45: 1257, 22, 0
0 14 45: 1982, 0, 1
0 14 46: 339, 22, 0
0 14 47: 339, 22, 3
0 14 48: 340, 22, 3
0 14 49: 339, 22, 3
0 14 50: 1982, 0, 3
0 14 52: 1298, 10, 2
0 15 1: 1244, 22, 0
0 15 3: 339, 22, 0
0 15 4: 339, 22, 2
0 15 5: 1276, 10, 2
0 15 7: 340, 22, 0
0 15 8: 339, 22, 2
0 15 9: 339, 22, 0
0 15 10: 1300, 10, 0
0 15 11: 340, 22, 1
0 15 12: 340, 22, 2
0 15 13: 340, 22, 3
0 15 13: 2346, 10, 3
0 15 15: 2346, 10, 3
0 15 17: 2346, 10, 3
0 15 18: 340, 22, 2
0 15 19: 2346, 10, 3
0 15 21: 2346, 10, 3
0 15 22: 340, 22, 0
0 15 23: 2346, 10, 3
0 15 25: 340, 22, 1
0 15 26: 1298, 10, 3
0 15 27: 2346, 10, 3
0 15 29: 2346, 10, 3
0 15 31: 2346, 10, 3
0 15 32: 340, 22, 3
0 15 33: 2346, 10, 3
0 15 35: 2346, 10, 3
0 15 36: 340, 22, 1
0 15 37: 2346, 10, 3
0 15 39: 2346, 10, 3
0 15 41: 320, 22, 1
0 15 41: 2343, 10, 1
0 15 42: 320, 22, 3
0 15 42: 2343, 10, 3
0 15 43: 339, 22, 2
0 15 43: 1982, 0, 3
0 15 44: 339, 22, 0
0 15 45: 1257, 22, 1
0 15 45: 1982, 0, 1
0 15 46: 338, 22, 2
0 15 47: 339, 22, 0
0 15 48: 339, 22, 2
0 15 49: 339, 22, 0
0 15 50: 1982, 0, 3
0 15 51: 1257, 22, 0
0 15 56: 1299, 10, 1
0 16 1: 339, 22, 3
0 16 2: 339, 22, 0
0 16 3: 339, 22, 0
0 16 4: 338, 22, 1
0 16 7: 339, 22, 0
0 16 8: 339, 22, 0
0 16 9: 339, 22, 0
0 16 10: 339, 22, 0
0 16 11: 340, 22, 0
0 16 12: 1300, 10, 3
0 16 15: 340, 22, 0
0 16 16: 340, 22, 1
0 16 20: 340, 22, 2
0 16 25: 339, 22, 1
0 16 26: 340, 22, 3
0 16 34: 340, 22, 2
0 16 36: 338, 22, 3
0 16 41: 320, 22, 1
0 16 41: 2343, 10, 0
0 16 42: 320, 22, 2
0 16 42: 2345, 10, 0
0 16 43: 340, 22, 1
0 16 43: 1982, 0, 3
0 16 44: 339, 22, 1
0 16 45: 1257, 22, 1
0 16 45: 1982, 0, 1
0 16 46: 339, 22, 2
0 16 47: 339, 22, 1
0 16 48: 339, 22, 1
0 16 49: 340, 22, 3
0 16 50: 1982, 0, 3
0 16 51: 1257, 22, 3
0 16 55: 1276, 10, 3
0 16 59: 1298, 10, 0
0 17 1: 339, 22, 2
0 17 2: 339, 22, 1
0 17 3: 339, 22, 3
0 17 4: 339, 22, 3
0 17 5: 340, 22, 2
0 17 6: 339, 22, 1
0 17 7: 339, 22, 2
0 17 8: 339, 22, 3
0 17 9: 2357, 10, 0
0 17 10: 339, 22, 1
0 17 11: 340, 22, 3
0 17 12: 339, 22, 3
0 17 13: 338, 22, 1
0 17 14: 339, 22, 2
0 17 15: 339, 22, 1
0 17 16: 339, 22, 2
0 17 17: 339, 22, 0
0 17 18: 339, 22, 3
0 17 19: 338, 22, 1
0 17 20: 339, 22, 2
0 17 21: 340, 22, 0
0 17 22: 339, 22, 3
0 17 23: 339, 22, 0
0 17 24: 338, 22, 2
0 17 25: 339, 22, 1
0 17 26: 339, 22, 3
0 17 27: 339, 22, 2
0 17 28: 340, 22, 2
0 17 29: 339, 22, 2
0 17 30: 338, 22, 1
0 17 31: 339, 22, 3
0 17 32: 340, 22, 3
0 17 33: 339, 22, 0
0 17 34: 338, 22, 0
0 17 35: 339, 22, 1
0 17 36: 340, 22, 0
0 17 37: 339, 22, 2
0 17 38: 338, 22, 2
0 17 39: 339, 22, 3
0 17 40: 320, 22, 2
0 17 41: 1248, 22, 0
0 17 41: 2343, 10, 3
0 17 42: 319, 22, 1
0 17 43: 339, 22, 1
0 17 43: 1982, 0, 3
0 17 44: 340, 22, 3
0 17 45: 1259, 22, 0
0 17 45: 1982, 0, 1
0 17 46: 339, 22, 3
0 17 47: 338, 22, 3
0 17 48: 339, 22, 1
0 17 49: 339, 22, 2
0 17 50: 1982, 0, 3
0 17 52: 1257, 22, 3
0 17 53: 1298, 10, 3
0 18 0: 339, 22, 1
0 18 1: 339, 22, 0
0 18 2: 340, 22, 3
0 18 3: 338, 22, 2
0 18 4: 340, 22, 1
0 18 5: 2344, 10, 1
0 18 8: 2344, 10, 1
0 18 11: 2344, 10, 3
0 18 14: 2344, 10, 3
0 18 17: 2344, 10, 3
0 18 20: 2344, 10, 3
0 18 23: 2344, 10, 3
0 18 26: 2344, 10, 3
0 18 29: 2344, 10, 3
0 18 32: 2344, 10, 3
0 18 35: 2344, 10, 3
0 18 38: 2344, 10, 3
0 18 41: 320, 22, 2
0 18 42: 320, 22, 2
0 18 42: 2343, 10, 2
0 18 43: 339, 22, 2
0 18 43: 1982, 0, 3
0 18 44: 339, 22, 2
0 18 45: 1257, 22, 2
0 18 45: 1982, 0, 1
0 18 46: 340, 22, 3
0 18 47: 339, 22, 1
0 18 48: 339, 22, 0
0 18 49: 338, 22, 3
0 18 50: 1982, 0, 3
0 18 51: 1299, 10, 0
0 18 52: 1257, 22, 2
0 19 2: 339, 22, 2
0 19 3: 340, 22, 0
0 19 4: 339, 22, 3
0 19 6: 320, 22, 3
0 19 6: 1300, 10, 3
0 19 7: 320, 22, 1
0 19 8: 320, 22, 2
0 19 8: 1276, 10, 2
0 19 9: 320, 22, 0
0 19 10: 319, 22, 1
0 19 11: 320, 22, 3
0 19 12: 321, 22, 2
0 19 13: 319, 22, 3
0 19 14: 320, 22, 0
0 19 15: 320, 22, 1
0 19 16: 320, 22, 3
0 19 17: 321, 22, 3
0 19 18: 320, 22, 2
0 19 19: 319, 22, 0
0 19 20: 320, 22, 1
0 19 21: 320, 22, 2
0 19 22: 319, 22, 2
0 19 23: 320, 22, 3
0 19 24: 319, 22, 3
0 19 25: 320, 22, 1
0 19 26: 319, 22, 0
0 19 27: 320, 22, 2
0 19 28: 319, 22, 1
0 19 29: 320, 22, 0
0 19 30: 320, 22, 1
0 19 31: 320, 22, 2
0 19 32: 319, 22, 0
0 19 33: 320, 22, 1
0 19 34: 320, 22, 1
0 19 35: 319, 22, 2
0 19 36: 320, 22, 0
0 19 37: 320, 22, 0
0 19 38: 319, 22, 0
0 19 39: 320, 22, 0
0 19 40: 320, 22, 2
0 19 40: 1300, 10, 3
0 19 40: 1982, 0, 1
0 19 41: 321, 22, 0
0 19 42: 320, 22, 3
0 19 43: 339, 22, 3
0 19 43: 1982, 0, 3
0 19 44: 340, 22, 2
0 19 45: 1258, 22, 0
0 19 45: 1982, 0, 1
0 19 46: 339, 22, 2
0 19 47: 339, 22, 0
0 19 48: 339, 22, 3
0 19 49: 339, 22, 3
0 19 50: 1982, 0, 3
0 19 52: 1257, 22, 1
0 19 53: 1278, 10, 0
0 20 0: 339, 22, 2
0 20 1: 179, 22, 2
0 20 3: 335, 22, 2
0 20 4: 336, 22, 2
0 20 6: 320, 22, 0
0 20 7: 319, 22, 1
0 20 8: 320, 22, 3
0 20 9: 320, 22, 3
0 20 10: 339, 22, 1
0 20 11: 339, 22, 2
0 20 12: 340, 22, 3
0 20 13: 339, 22, 3
0 20 14: 338, 22, 2
0 20 15: 339, 22, 1
0 20 16: 339, 22, 1
0 20 17: 340, 22, 0
0 20 18: 339, 22, 0
0 20 19: 338, 22, 3
0 20 20: 339, 22, 1
0 20 21: 339, 22, 2
0 20 22: 339, 22, 3
0 20 23: 319, 22, 1
0 20 24: 320, 22, 0
0 20 25: 321, 22, 0
0 20 26: 339, 22, 2
0 20 27: 339, 22, 3
0 20 28: 339, 22, 2
0 20 29: 320, 22, 3
0 20 30: 321, 22, 0
0 20 31: 320, 22, 3
0 20 32: 320, 22, 0
0 20 33: 321, 22, 3
0 20 34: 320, 22, 2
0 20 35: 320, 22, 3
0 20 36: 319, 22, 3
0 20 37: 320, 22, 1
0 20 38: 321, 22, 2
0 20 39: 320, 22, 0
0 20 39: 1173, 10, 0
0 20 40: 320, 22, 1
0 20 40: 1982, 0, 1
0 20 41: 320, 22, 2
0 20 42: 320, 22, 0
0 20 43: 340, 22, 2
0 20 43: 1982, 0, 3
0 20 44: 339, 22, 0
0 20 45: 1258, 22, 3
0 20 45: 1982, 0, 1
0 20 46: 340, 22, 0
0 20 47: 339, 22, 1
0 20 48: 338, 22, 0
0 20 49: 339, 22, 0
0 20 50: 1982, 0, 3
0 20 51: 1257, 22, 1
0 20 52: 1257, 22, 1
0 20 55: 1264, 22, 3
0 21 0: 337, 22, 2
0 21 1: 336, 22, 1
0 21 2: 336, 22, 1
0 21 3: 336, 22, 2
0 21 4: 336, 22, 1
0 21 7: 320, 22, 1
0 21 8: 338, 22, 0
0 21 9: 339, 22, 2
0 21 10: 338, 22, 0
0 21 11: 320, 22, 2
0 21 12: 320, 22, 0
0 21 12: 1300, 10, 3
0 21 13: 319, 22, 1
0 21 14: 320, 22, 3
0 21 15: 2369, 10, 1
0 21 16: 339, 22, 2
0 21 17: 320, 22, 0
0 21 18: 320, 22, 1
0 21 19: 321, 22, 0
0 21 20: 320, 22, 0
0 21 21: 320, 22, 2
0 21 22: 338, 22, 1
0 21 23: 339, 22, 0
0 21 24: 339, 22, 2
0 21 25: 338, 22, 2
0 21 26: 340, 22, 0
0 21 27: 2344, 10, 0
0 21 28: 338, 22, 3
0 21 29: 319, 22, 3
0 21 30: 320, 22, 3
0 21 31: 339, 22, 1
0 21 32: 338, 22, 0
0 21 33: 339, 22, 2
0 21 34: 338, 22, 1
0 21 35: 339, 22, 0
0 21 36: 338, 22, 2
0 21 37: 339, 22, 1
0 21 38: 340, 22, 2
0 21 39: 339, 22, 2
0 21 40: 320, 22, 2
0 21 40: 1982, 0, 1
0 21 41: 320, 22, 3
0 21 42: 321, 22, 3
0 21 43: 339, 22, 2
0 21 43: 1982, 0, 3
0 21 44: 339, 22, 3
0 21 45: 1258, 22, 0
0 21 45: 1982, 0, 1
0 21 46: 339, 22, 2
0 21 47: 340, 22, 0
0 21 48: 339, 22, 0
0 21 49: 339, 22, 2
0 21 50: 1982, 0, 3
0 21 52: 1257, 22, 3
0 21 53: 1257, 22, 3
0 21 54: 1257, 22, 2
0 21 57: 1299, 10, 3
0 22 2: 335, 22, 1
0 22 4: 336, 22, 1
0 22 5: 335, 22, 0
0 22 7: 319, 22, 2
0 22 8: 339, 22, 0
0 22 9: 339, 22, 1
0 22 10: 339, 22, 0
0 22 11: 1173, 10, 3
0 22 11: 1982, 0, 1
0 22 12: 1982, 0, 0
0 22 12: 2377, 22, 0
0 22 13: 1982, 0, 0
0 22 13: 2376, 22, 3
0 22 14: 1982, 0, 0
0 22 14: 2378, 22, 0
0 22 15: 2376, 22, 3
0 22 16: 2377, 22, 0
0 22 17: 1982, 0, 0
0 22 17: 2376, 22, 1
0 22 18: 1982, 0, 0
0 22 18: 2377, 22, 3
0 22 19: 1982, 0, 0
0 22 19: 2377, 22, 3
0 22 20: 1982, 0, 0
0 22 20: 2376, 22, 3
0 22 21: 320, 22, 0
0 22 21: 1982, 0, 3
0 22 22: 339, 22, 0
0 22 23: 2376, 22, 2
0 22 24: 1982, 0, 0
0 22 24: 2377, 22, 1
0 22 25: 1982, 0, 0
0 22 25: 2376, 22, 1
0 22 26: 1982, 0, 0
0 22 26: 2378, 22, 2
0 22 28: 339, 22, 1
0 22 28: 1300, 10, 3
0 22 29: 320, 22, 3
0 22 30: 320, 22, 2
0 22 31: 339, 22, 0
0 22 31: 1982, 0, 1
0 22 32: 1982, 0, 0
0 22 32: 2377, 22, 3
0 22 33: 1982, 0, 0
0 22 33: 2376, 22, 1
0 22 34: 1982, 0, 0
0 22 34: 2377, 22, 1
0 22 35: 1982, 0, 0
0 22 35: 2376, 22, 2
0 22 36: 1982, 0, 0
0 22 36: 2377, 22, 3
0 22 37: 1982, 0, 0
0 22 37: 2378, 22, 2
0 22 38: 1982, 0, 0
0 22 38: 2376, 22, 0
0 22 39: 338, 22, 0
0 22 39: 1982, 0, 3
0 22 40: 319, 22, 1
0 22 40: 1982, 0, 1
0 22 41: 320, 22, 0
0 22 42: 320, 22, 3
0 22 43: 340, 22, 0
0 22 43: 1982, 0, 3
0 22 44: 338, 22, 3
0 22 45: 1259, 22, 2
0 22 45: 1982, 0, 1
0 22 46: 339, 22, 1
0 22 47: 339, 22, 3
0 22 48: 340, 22, 3
0 22 49: 339, 22, 3
0 22 50: 1982, 0, 3
0 22 51: 1257, 22, 0
0 22 52: 1245, 22, 1
0 22 54: 1257, 22, 2
0 22 55: 1257, 22, 0
0 22 56: 1298, 10, 0
0 23 1: 336, 22, 3
0 23 3: 337, 22, 3
0 23 5: 336, 22, 0
0 23 6: 320, 22, 2
0 23 7: 319, 22, 0
0 23 9: 320, 22, 2
0 23 10: 339, 22, 3
0 23 11: 321, 22, 1
0 23 11: 1982, 0, 1
0 23 12: 2376, 22, 3
0 23 13: 2378, 22, 2
0 23 14: 2376, 22, 0
0 23 15: 2377, 22, 2
0 23 16: 2376, 22, 2
0 23 17: 2378, 22, 1
0 23 18: 2377, 22, 2
0 23 19: 2376, 22, 0
0 23 20: 2377, 22, 0
0 23 21: 319, 22, 1
0 23 21: 1982, 0, 3
0 23 22: 339, 22, 1
0 23 23: 2378, 22, 1
0 23 24: 2376, 22, 3
0 23 25: 2378, 22, 2
0 23 26: 2377, 22, 1
0 23 28: 340, 22, 2
0 23 29: 321, 22, 1
0 23 30: 320, 22, 0
0 23 31: 340, 22, 1
0 23 31: 1982, 0, 1
0 23 32: 2378, 22, 3
0 23 33: 2377, 22, 2
0 23 34: 2378, 22, 2
0 23 35: 2376, 22, 1
0 23 36: 2378, 22, 3
0 23 37: 2376, 22, 0
0 23 38: 2377, 22, 2
0 23 39: 340, 22, 1
0 23 39: 1982, 0, 3
0 23 40: 321, 22, 1
0 23 40: 1982, 0, 1
0 23 41: 320, 22, 2
0 23 42: 320, 22, 1
0 23 43: 339, 22, 1
0 23 43: 1982, 0, 3
0 23 44: 339, 22, 1
0 23 45: 1258, 22, 2
0 23 45: 1982, 0, 1
0 23 46: 339, 22, 0
0 23 47: 338, 22, 2
0 23 48: 339, 22, 1
0 23 49: 339, 22, 0
0 23 50: 1982, 0, 3
0 23 51: 1257, 22, 0
0 23 53: 1257, 22, 3
0 23 54: 1257, 22, 3
0 24 1: 320, 22, 0
0 24 3: 320, 22, 0
0 24 4: 2376, 22, 0
0 24 5: 1982, 0, 0
0 24 5: 2377, 22, 0
0 24 6: 1982, 0, 0
0 24 6: 2376, 22, 2
0 24 7: 1982, 0, 0
0 24 7: 2377, 22, 0
0 24 8: 1982, 0, 0
0 24 8: 2376, 22, 1
0 24 9: 320, 22, 1
0 24 9: 1982, 0, 3
0 24 10: 340, 22, 2
0 24 11: 320, 22, 3
0 24 11: 1982, 0, 1
0 24 12: 2378, 22, 0
0 24 13: 2376, 22, 3
0 24 14: 2377, 22, 2
0 24 15: 2378, 22, 3
0 24 16: 2377, 22, 1
0 24 17: 2377, 22, 2
0 24 18: 2376, 22, 1
0 24 19: 2378, 22, 0
0 24 20: 2376, 22, 0
0 24 21: 320, 22, 2
0 24 21: 1982, 0, 3
0 24 22: 339, 22, 1
0 24 23: 2377, 22, 2
0 24 24: 2378, 22, 3
0 24 25: 2350, 10, 3
0 24 25: 2376, 22, 2
0 24 26: 2378, 22, 3
0 24 27: 2344, 10, 0
0 24 28: 340, 22, 3
0 24 29: 320, 22, 2
0 24 30: 319, 22, 2
0 24 30: 1173, 10, 2
0 24 31: 339, 22, 2
0 24 31: 1982, 0, 1
0 24 32: 2376, 22, 1
0 24 33: 2378, 22, 3
0 24 34: 2378, 22, 1
0 24 35: 2376, 22, 1
0 24 36: 2376, 22, 1
0 24 37: 2377, 22, 2
0 24 38: 2376, 22, 1
0 24 39: 338, 22, 1
0 24 39: 1982, 0, 3
0 24 40: 320, 22, 3
0 24 40: 1982, 0, 1
0 24 41: 319, 22, 0
0 24 42: 320, 22, 1
0 24 43: 339, 22, 3
0 24 43: 1982, 0, 3
0 24 44: 340, 22, 3
0 24 45: 1258, 22, 2
0 24 45: 1982, 0, 1
0 24 46: 339, 22, 0
0 24 47: 339, 22, 3
0 24 48: 339, 22, 2
0 24 49: 340, 22, 0
0 24 50: 1982, 0, 3
0 24 51: 1257, 22, 0
0 24 52: 1257, 22, 1
0 24 53: 1257, 22, 1
0 24 55: 1257, 22, 0
0 24 56: 1257, 22, 0
0 25 0: 319, 22, 3
0 25 1: 320, 22, 2
0 25 2: 320, 22, 1
0 25 3: 320, 22, 0
0 25 4: 2378, 22, 1
0 25 5: 2376, 22, 3
0 25 6: 651, 10, 2
0 25 6: 2378, 22, 1
0 25 7: 2376, 22, 0
0 25 8: 2377, 22, 2
0 25 9: 319, 22, 3
0 25 9: 1982, 0, 3
0 25 10: 339, 22, 3
0 25 11: 319, 22, 0
0 25 11: 1982, 0, 1
0 25 12: 2376, 22, 2
0 25 13: 2378, 22, 1
0 25 14: 2377, 22, 3
0 25 15: 2376, 22, 2
0 25 16: 2376, 22, 3
0 25 17: 2378, 22, 0
0 25 18: 2378, 22, 3
0 25 19: 2377, 22, 0
0 25 20: 2377, 22, 1
0 25 21: 321, 22, 3
0 25 21: 1982, 0, 3
0 25 22: 339, 22, 2
0 25 23: 2376, 22, 1
0 25 24: 2376, 22, 0
0 25 25: 2377, 22, 0
0 25 26: 2376, 22, 3
0 25 28: 338, 22, 1
0 25 29: 320, 22, 1
0 25 30: 320, 22, 0
0 25 31: 339, 22, 1
0 25 31: 1300, 10, 3
0 25 31: 1982, 0, 1
0 25 32: 2377, 22, 2
0 25 33: 2376, 22, 2
0 25 34: 2377, 22, 0
0 25 35: 2377, 22, 0
0 25 36: 700, 11, 2
0 25 36: 2377, 22, 2
0 25 37: 2378, 22, 1
0 25 38: 2377, 22, 3
0 25 39: 339, 22, 0
0 25 39: 1982, 0, 3
0 25 40: 320, 22, 0
0 25 40: 1982, 0, 1
0 25 41: 320, 22, 3
0 25 42: 320, 22, 2
0 25 43: 340, 22, 3
0 25 43: 1982, 0, 3
0 25 44: 339, 22, 2
0 25 45: 1257, 22, 2
0 25 45: 1982, 0, 1
0 25 46: 340, 22, 1
0 25 47: 339, 22, 1
0 25 48: 338, 22, 0
0 25 49: 339, 22, 0
0 25 50: 1982, 0, 3
0 25 52: 1257, 22, 1
0 25 53: 1257, 22, 1
0 25 55: 1255, 22, 1
0 25 57: 1298, 10, 2
0 25 58: 1257, 22, 0
0 26 0: 320, 22, 3
0 26 1: 320, 22, 3
0 26 2: 319, 22, 0
0 26 3: 2366, 10, 0
0 26 4: 2377, 22, 3
0 26 5: 2378, 22, 3
0 26 6: 2376, 22, 3
0 26 7: 2378, 22, 0
0 26 8: 2376, 22, 2
0 26 9: 320, 22, 0
0 26 9: 1982, 0, 3
0 26 10: 339, 22, 2
0 26 11: 320, 22, 0
0 26 11: 1982, 0, 1
0 26 12: 2377, 22, 2
0 26 13: 2376, 22, 0
0 26 14: 2376, 22, 1
0 26 15: 2377, 22, 3
0 26 16: 2377, 22, 1
0 26 17: 2376, 22, 0
0 26 18: 2377, 22, 3
0 26 19: 2376, 22, 3
0 26 20: 2378, 22, 2
0 26 21: 320, 22, 1
0 26 21: 362, 10, 0
0 26 21: 1982, 0, 3
0 26 22: 339, 22, 3
0 26 23: 2378, 22, 0
0 26 24: 2377, 22, 3
0 26 25: 2378, 22, 1
0 26 26: 2377, 22, 2
0 26 28: 339, 22, 3
0 26 28: 1124, 10, 1
0 26 29: 321, 22, 2
0 26 30: 320, 22, 3
0 26 31: 339, 22, 0
0 26 31: 1982, 0, 1
0 26 32: 2378, 22, 2
0 26 33: 2377, 22, 3
0 26 34: 2378, 22, 0
0 26 35: 2376, 22, 0
0 26 36: 2378, 22, 2
0 26 37: 2376, 22, 0
0 26 38: 2378, 22, 1
0 26 39: 340, 22, 0
0 26 39: 1982, 0, 3
0 26 40: 319, 22, 0
0 26 40: 1982, 0, 1
0 26 41: 320, 22, 0
0 26 42: 320, 22, 1
0 26 43: 339, 22, 0
0 26 43: 1982, 0, 3
0 26 44: 340, 22, 2
0 26 45: 1258, 22, 1
0 26 45: 1982, 0, 1
0 26 46: 340, 22, 2
0 26 47: 339, 22, 2
0 26 48: 339, 22, 0
0 26 49: 340, 22, 0
0 26 50: 1982, 0, 3
0 26 51: 1257, 22, 1
0 26 52: 1257, 22, 1
0 26 53: 1298, 10, 3
0 26 54: 1257, 22, 1
0 26 57: 1278, 10, 0
0 26 58: 1257, 22, 3
0 26 60: 2357, 10, 2
0 27 0: 320, 22, 0
0 27 1: 321, 22, 0
0 27 2: 320, 22, 2
0 27 3: 320, 22, 2
0 27 4: 2376, 22, 1
0 27 5: 2377, 22, 1
0 27 6: 2376, 22, 0
0 27 7: 2377, 22, 1
0 27 8: 2378, 22, 3
0 27 9: 320, 22, 3
0 27 9: 1982, 0, 3
0 27 10: 338, 22, 3
0 27 11: 321, 22, 3
0 27 11: 1982, 0, 1
0 27 12: 2376, 22, 0
0 27 13: 2377, 22, 2
0 27 14: 700, 10, 1
0 27 14: 2377, 22, 3
0 27 15: 2378, 22, 0
0 27 16: 2376, 22, 0
0 27 17: 2377, 22, 1
0 27 18: 2376, 22, 2
0 27 19: 2377, 22, 1
0 27 20: 2376, 22, 1
0 27 21: 320, 22, 0
0 27 21: 362, 10, 0
0 27 21: 1982, 0, 3
0 27 22: 338, 22, 1
0 27 23: 2377, 22, 3
0 27 24: 2378, 22, 3
0 27 25: 2376, 22, 0
0 27 26: 2378, 22, 0
0 27 27: 2344, 10, 0
0 27 28: 338, 22, 2
0 27 29: 320, 22, 1
0 27 30: 320, 22, 3
0 27 31: 338, 22, 2
0 27 31: 2368, 10, 0
0 27 32: 2376, 22, 0
0 27 33: 2378, 22, 0
0 27 34: 2377, 22, 3
0 27 35: 2377, 22, 1
0 27 36: 2376, 22, 3
0 27 37: 2378, 22, 0
0 27 38: 2376, 22, 2
0 27 39: 339, 22, 1
0 27 39: 1982, 0, 3
0 27 40: 320, 22, 1
0 27 40: 1982, 0, 1
0 27 41: 321, 22, 0
0 27 42: 319, 22, 3
0 27 43: 340, 22, 2
0 27 43: 1982, 0, 3
0 27 44: 339, 22, 2
0 27 45: 1257, 22, 3
0 27 45: 1982, 0, 1
0 27 46: 339, 22, 2
0 27 47: 339, 22, 0
0 27 48: 340, 22, 0
0 27 49: 339, 22, 1
0 27 50: 1982, 0, 3
0 27 51: 1257, 22, 2
0 27 54: 1257, 22, 2
0 27 56: 1257, 22, 2
0 28 0: 320, 22, 2
0 28 1: 320, 22, 3
0 28 2: 320, 22, 0
0 28 3: 320, 22, 1
0 28 4: 2378, 22, 0
0 28 5: 2376, 22, 2
0 28 6: 2377, 22, 3
0 28 7: 2376, 22, 1
0 28 8: 2377, 22, 3
0 28 9: 319, 22, 2
0 28 9: 1982, 0, 3
0 28 10: 340, 22, 1
0 28 11: 319, 22, 1
0 28 11: 1982, 0, 1
0 28 12: 2378, 22, 3
0 28 13: 2376, 22, 1
0 28 14: 2378, 22, 1
0 28 15: 2376, 22, 1
0 28 16: 2377, 22, 0
0 28 17: 2378, 22, 2
0 28 18: 2377, 22, 0
0 28 19: 2376, 22, 2
0 28 20: 2377, 22, 2
0 28 21: 321, 22, 2
0 28 21: 1982, 0, 3
0 28 22: 339, 22, 0
0 28 23: 319, 22, 0
0 28 24: 320, 22, 3
0 28 25: 320, 22, 3
0 28 25: 2368, 10, 3
0 28 26: 320, 22, 1
0 28 28: 339, 22, 1
0 28 29: 339, 22, 0
0 28 30: 339, 22, 1
0 28 31: 339, 22, 3
0 28 32: 2377, 22, 1
0 28 33: 2376, 22, 3
0 28 34: 2378, 22, 3
0 28 35: 2377, 22, 2
0 28 36: 2378, 22, 0
0 28 37: 2377, 22, 2
0 28 38: 2378, 22, 2
0 28 39: 338, 22, 2
0 28 39: 1982, 0, 3
0 28 40: 320, 22, 3
0 28 40: 1982, 0, 1
0 28 41: 320, 22, 3
0 28 42: 320, 22, 3
0 28 43: 340, 22, 2
0 28 43: 1982, 0, 3
0 28 44: 338, 22, 1
0 28 45: 1257, 22, 3
0 28 45: 1982, 0, 1
0 28 46: 339, 22, 3
0 28 47: 340, 22, 3
0 28 48: 339, 22, 1
0 28 49: 339, 22, 3
0 28 50: 1982, 0, 3
0 28 51: 1247, 22, 2
0 28 52: 1257, 22, 3
0 28 53: 1257, 22, 1
0 28 55: 2357, 10, 1
0 28 58: 1257, 22, 3
0 28 62: 1278, 10, 1
0 29 0: 1278, 11, 1
0 29 2: 321, 22, 1
0 29 3: 320, 22, 1
0 29 4: 2377, 22, 2
0 29 5: 1982, 0, 2
0 29 5: 2378, 22, 2
0 29 6: 1982, 0, 2
0 29 6: 2376, 22, 1
0 29 7: 1982, 0, 2
0 29 7: 2377, 22, 2
0 29 8: 1982, 0, 2
0 29 8: 2376, 22, 3
0 29 9: 320, 22, 2
0 29 9: 1982, 0, 3
0 29 10: 339, 22, 2
0 29 11: 320, 22, 1
0 29 11: 1982, 0, 1
0 29 12: 1982, 0, 2
0 29 12: 2377, 22, 1
0 29 13: 1982, 0, 2
0 29 13: 2378, 22, 2
0 29 14: 1982, 0, 2
0 29 14: 2376, 22, 2
0 29 15: 1982, 0, 2
0 29 15: 2378, 22, 3
0 29 16: 2377, 22, 1
0 29 17: 2376, 22, 3
0 29 18: 1982, 0, 2
0 29 18: 2378, 22, 2
0 29 19: 1982, 0, 2
0 29 19: 2378, 22, 1
0 29 20: 1982, 0, 2
0 29 20: 2378, 22, 3
0 29 21: 320, 22, 3
0 29 21: 1982, 0, 3
0 29 22: 340, 22, 2
0 29 23: 320, 22, 2
0 29 24: 320, 22, 0
0 29 25: 320, 22, 3
0 29 26: 319, 22, 1
0 29 28: 340, 22, 0
0 29 29: 320, 22, 3
0 29 30: 320, 22, 0
0 29 31: 339, 22, 2
0 29 32: 2378, 22, 1
0 29 33: 2377, 22, 0
0 29 34: 2377, 22, 2
0 29 35: 2376, 22, 3
0 29 36: 2376, 22, 2
0 29 37: 2376, 22, 2
0 29 38: 2376, 22, 3
0 29 39: 339, 22, 2
0 29 39: 1982, 0, 3
0 29 40: 320, 22, 2
0 29 40: 1298, 10, 3
0 29 40: 1982, 0, 1
0 29 41: 320, 22, 1
0 29 42: 321, 22, 1
0 29 43: 339, 22, 3
0 29 43: 1982, 0, 3
0 29 44: 340, 22, 1
0 29 45: 1258, 22, 0
0 29 45: 1982, 0, 1
0 29 46: 339, 22, 0
0 29 47: 339, 22, 2
0 29 48: 340, 22, 0
0 29 49: 338, 22, 0
0 29 50: 1982, 0, 3
0 29 52: 1257, 22, 2
0 29 53: 1257, 22, 0
0 29 54: 1257, 22, 3
0 29 56: 1257, 22, 0
0 29 59: 1257, 22, 0
0 30 1: 176, 22, 1
0 30 2: 320, 22, 0
0 30 3: 320, 22, 0
0 30 4: 320, 22, 2
0 30 5: 320, 22, 3
0 30 5: 2357, 10, 2
0 30 6: 320, 22, 3
0 30 6: 2354, 10, 1
0 30 7: 320, 22, 2
0 30 8: 320, 22, 2
0 30 8: 1300, 10, 3
0 30 9: 321, 22, 2
0 30 10: 339, 22, 0
0 30 11: 320, 22, 2
0 30 12: 321, 22, 0
0 30 13: 319, 22, 3
0 30 14: 320, 22, 3
0 30 15: 320, 22, 0
0 30 16: 339, 22, 2
0 30 17: 339, 22, 2
0 30 17: 2369, 10, 3
0 30 18: 320, 22, 1
0 30 19: 321, 22, 1
0 30 20: 319, 22, 2
0 30 21: 320, 22, 2
0 30 22: 339, 22, 1
0 30 23: 321, 22, 0
0 30 24: 320, 22, 0
0 30 25: 320, 22, 0
0 30 26: 320, 22, 3
0 30 26: 2356, 11, 2
0 30 27: 2344, 10, 0
0 30 28: 339, 22, 2
0 30 29: 319, 22, 1
0 30 30: 320, 22, 3
0 30 31: 338, 22, 1
0 30 31: 1982, 0, 1
0 30 32: 2376, 22, 3
0 30 33: 2378, 22, 1
0 30 34: 2378, 22, 2
0 30 35: 2378, 22, 0
0 30 36: 2377, 22, 2
0 30 37: 2378, 22, 3
0 30 38: 2377, 22, 0
0 30 39: 340, 22, 3
0 30 39: 1982, 0, 3
0 30 40: 319, 22, 1
0 30 40: 1982, 0, 1
0 30 41: 320, 22, 3
0 30 42: 320, 22, 2
0 30 43: 340, 22, 1
0 30 43: 1982, 0, 3
0 30 44: 339, 22, 1
0 30 45: 1258, 22, 3
0 30 45: 1982, 0, 1
0 30 46: 339, 22, 1
0 30 47: 339, 22, 3
0 30 48: 339, 22, 1
0 30 49: 339, 22, 0
0 30 50: 1982, 0, 3
0 30 52: 1257, 22, 2
0 30 55: 1298, 10, 2
0 30 58: 1257, 22, 0
0 30 59: 1257, 22, 1
0 30 60: 1278, 10, 2
0 30 61: 1257, 22, 1
0 30 62: 1257, 22, 3
0 31 0: 320, 22, 1
0 31 1: 320, 22, 3
0 31 2: 320, 22, 3
0 31 3: 320, 22, 3
0 31 4: 321, 22, 3
0 31 5: 320, 22, 1
0 31 6: 320, 22, 0
0 31 6: 2356, 11, 2
0 31 7: 338, 22, 2
0 31 8: 339, 22, 0
0 31 9: 339, 22, 2
0 31 10: 339, 22, 0
0 31 11: 338, 22, 2
0 31 12: 339, 22, 1
0 31 13: 339, 22, 3
0 31 14: 339, 22, 2
0 31 15: 338, 22, 3
0 31 16: 339, 22, 1
0 31 17: 339, 22, 0
0 31 18: 339, 22, 3
0 31 19: 338, 22, 0
0 31 20: 339, 22, 0
0 31 21: 340, 22, 1
0 31 22: 339, 22, 2
0 31 23: 339, 22, 2
0 31 24: 319, 22, 3
0 31 25: 320, 22, 1
0 31 26: 320, 22, 2
0 31 26: 2354, 10, 0
0 31 28: 338, 22, 0
0 31 29: 320, 22, 3
0 31 30: 320, 22, 0
0 31 30: 1300, 10, 3
0 31 31: 340, 22, 0
0 31 31: 1982, 0, 1
0 31 32: 2377, 22, 0
0 31 33: 2376, 22, 0
0 31 34: 2377, 22, 2
0 31 35: 2376, 22, 2
0 31 36: 2378, 22, 1
0 31 37: 2378, 22, 2
0 31 38: 2378, 22, 3
0 31 39: 338, 22, 3
0 31 39: 1982, 0, 3
0 31 40: 320, 22, 0
0 31 40: 1982, 0, 1
0 31 41: 320, 22, 1
0 31 42: 319, 22, 2
0 31 43: 339, 22, 3
0 31 43: 1982, 0, 3
0 31 44: 339, 22, 2
0 31 45: 1257, 22, 1
0 31 45: 1982, 0, 1
0 31 46: 340, 22, 0
0 31 47: 339, 22, 0
0 31 48: 338, 22, 3
0 31 49: 339, 22, 0
0 31 50: 1982, 0, 3
0 31 51: 1257, 22, 1
0 31 54: 1298, 10, 2
0 31 60: 1257, 22, 1
0 31 63: 1299, 10, 1
0 32 0: 320, 22, 1
0 32 1: 321, 22, 2
0 32 2: 320, 22, 2
0 32 4: 320, 22, 1
0 32 5: 320, 22, 2
0 32 6: 320, 22, 3
0 32 7: 339, 22, 0
0 32 8: 339, 22, 1
0 32 9: 320, 22, 2
0 32 10: 1982, 0, 0
0 32 10: 2376, 22, 1
0 32 11: 1982, 0, 0
0 32 11: 2378, 22, 2
0 32 12: 1982, 0, 0
0 32 12: 2376, 22, 0
0 32 13: 1982, 0, 0
0 32 13: 2377, 22, 2
0 32 14: 1982, 0, 0
0 32 14: 2376, 22, 3
0 32 15: 1982, 0, 0
0 32 15: 2378, 22, 1
0 32 16: 1982, 0, 0
0 32 16: 2377, 22, 1
0 32 17: 1982, 0, 0
0 32 17: 2376, 22, 2
0 32 18: 1982, 0, 0
0 32 18: 2378, 22, 2
0 32 19: 1982, 0, 0
0 32 19: 2377, 22, 0
0 32 20: 1982, 0, 0
0 32 20: 2376, 22, 1
0 32 21: 1982, 0, 0
0 32 21: 2377, 22, 3
0 32 22: 1982, 0, 0
0 32 22: 2376, 22, 0
0 32 23: 338, 22, 1
0 32 24: 320, 22, 2
0 32 25: 321, 22, 3
0 32 26: 320, 22, 0
0 32 28: 339, 22, 0
0 32 29: 320, 22, 2
0 32 30: 319, 22, 0
0 32 31: 339, 22, 3
0 32 31: 1982, 0, 1
0 32 32: 2378, 22, 0
0 32 33: 2377, 22, 1
0 32 34: 2376, 22, 1
0 32 35: 2378, 22, 1
0 32 36: 2377, 22, 1
0 32 37: 2376, 22, 1
0 32 38: 2376, 22, 0
0 32 39: 340, 22, 2
0 32 39: 1982, 0, 3
0 32 40: 321, 22, 0
0 32 40: 1982, 0, 1
0 32 41: 320, 22, 0
0 32 42: 320, 22, 1
0 32 43: 340, 22, 0
0 32 43: 1982, 0, 3
0 32 44: 338, 22, 2
0 32 45: 1259, 22, 1
0 32 45: 1982, 0, 1
0 32 46: 339, 22, 0
0 32 47: 340, 22, 3
0 32 48: 339, 22, 1
0 32 49: 339, 22, 3
0 32 50: 1982, 0, 3
0 32 51: 1257, 22, 1
0 32 53: 1257, 22, 0
0 32 55: 1257, 22, 3
0 32 56: 1257, 22, 0
0 32 58: 1257, 22, 2
0 32 59: 1257, 22, 2
0 32 62: 1257, 22, 2
0 33 0: 319, 22, 1
0 33 1: 320, 22, 2
0 33 2: 320, 22, 1
0 33 3: 320, 22, 3
0 33 4: 319, 22, 2
0 33 5: 320, 22, 2
0 33 6: 319, 22, 2
0 33 7: 340, 22, 0
0 33 8: 319, 22, 3
0 33 9: 2367, 10, 0
0 33 10: 2377, 22, 3
0 33 11: 2376, 22, 2
0 33 12: 2378, 22, 1
0 33 13: 2376, 22, 3
0 33 14: 702, 11, 3
0 33 14: 2377, 22, 0
0 33 15: 2378, 22, 0
0 33 16: 2376, 22, 0
0 33 17: 2377, 22, 1
0 33 18: 2376, 22, 1
0 33 19: 2377, 22, 2
0 33 20: 2378, 22, 3
0 33 21: 2376, 22, 2
0 33 22: 2377, 22, 3
0 33 23: 339, 22, 0
0 33 24: 320, 22, 3
0 33 25: 320, 22, 2
0 33 26: 320, 22, 1
0 33 26: 1298, 10, 1
0 33 27: 2344, 10, 0
0 33 28: 339, 22, 3
0 33 28: 1276, 10, 1
0 33 29: 320, 22, 3
0 33 30: 320, 22, 1
0 33 31: 338, 22, 0
0 33 31: 1982, 0, 1
0 33 32: 2376, 22, 2
0 33 33: 2378, 22, 2
0 33 34: 2376, 22, 0
0 33 35: 2377, 22, 3
0 33 36: 2376, 22, 2
0 33 37: 2378, 22, 1
0 33 38: 2377, 22, 1
0 33 39: 338, 22, 0
0 33 39: 1982, 0, 3
0 33 40: 320, 22, 1
0 33 40: 1982, 0, 1
0 33 41: 321, 22, 3
0 33 42: 320, 22, 3
0 33 43: 340, 22, 3
0 33 43: 1982, 0, 3
0 33 44: 340, 22, 0
0 33 45: 339, 22, 1
0 33 46: 339, 22, 3
0 33 47: 339, 22, 3
0 33 48: 340, 22, 3
0 33 49: 339, 22, 0
0 33 50: 1982, 0, 3
0 33 52: 1257, 22, 2
0 33 53: 1257, 22, 3
0 33 54: 386, 10, 0
0 33 54: 1257, 22, 1
0 33 57: 1257, 22, 1
0 33 59: 1257, 22, 3
0 33 60: 1298, 10, 3
0 33 61: 1257, 22, 2
0 33 61: 1278, 10, 3
0 33 62: 1257, 22, 3
0 34 0: 320, 22, 3
0 34 2: 319, 22, 2
0 34 4: 320, 22, 1
0 34 5: 320, 22, 1
0 34 6: 320, 22, 0
0 34 7: 339, 22, 0
0 34 8: 320, 22, 0
0 34 9: 320, 22, 1
0 34 10: 2376, 22, 3
0 34 11: 2378, 22, 3
0 34 12: 2376, 22, 2
0 34 13: 2377, 22, 0
0 34 14: 2378, 22, 2
0 34 15: 2376, 22, 1
0 34 16: 2378, 22, 3
0 34 17: 2377, 22, 2
0 34 18: 2378, 22, 1
0 34 19: 2376, 22, 0
0 34 20: 697, 11, 2
0 34 20: 2378, 22, 1
0 34 21: 2378, 22, 2
0 34 22: 2376, 22, 3
0 34 23: 339, 22, 3
0 34 23: 2367, 10, 2
0 34 24: 321, 22, 2
0 34 25: 320, 22, 1
0 34 26: 319, 22, 0
0 34 28: 338, 22, 1
0 34 29: 320, 22, 3
0 34 30: 320, 22, 1
0 34 31: 339, 22, 2
0 34 31: 1982, 0, 1
0 34 32: 2377, 22, 3
0 34 33: 2376, 22, 1
0 34 34: 2378, 22, 1
0 34 35: 2376, 22, 1
0 34 36: 2377, 22, 1
0 34 37: 2376, 22, 0
0 34 38: 2378, 22, 0
0 34 39: 340, 22, 1
0 34 39: 1982, 0, 3
0 34 40: 319, 22, 0
0 34 40: 1982, 0, 1
0 34 41: 320, 22, 0
0 34 42: 320, 22, 3
0 34 43: 339, 22, 1
0 34 43: 1982, 0, 3
0 34 44: 339, 22, 2
0 34 45: 338, 22, 3
0 34 46: 339, 22, 1
0 34 47: 338, 22, 0
0 34 48: 339, 22, 2
0 34 49: 340, 22, 1
0 34 50: 1982, 0, 3
0 34 52: 1257, 22, 0
0 34 57: 2357, 10, 2
0 34 58: 1257, 22, 0
0 34 59: 1257, 22, 0
0 34 61: 1257, 22, 0
0 34 62: 1257, 22, 1
0 34 63: 1257, 22, 3
0 35 0: 320, 22, 0
0 35 1: 320, 22, 2
0 35 2: 320, 22, 2
0 35 3: 320, 22, 2
0 35 4: 321, 22, 1
0 35 5: 320, 22, 1
0 35 6: 320, 22, 1
0 35 7: 339, 22, 1
0 35 8: 320, 22, 3
0 35 9: 319, 22, 1
0 35 10: 1982, 0, 2
0 35 10: 2378, 22, 0
0 35 11: 1982, 0, 2
0 35 11: 2377, 22, 1
0 35 12: 1982, 0, 2
0 35 12: 2378, 22, 0
0 35 13: 1982, 0, 2
0 35 13: 2376, 22, 0
0 35 14: 1982, 0, 2
0 35 14: 2377, 22, 3
0 35 15: 1982, 0, 2
0 35 15: 2378, 22, 3
0 35 16: 1982, 0, 2
0 35 16: 2376, 22, 1
0 35 17: 1982, 0, 2
0 35 17: 2377, 22, 1
0 35 18: 1982, 0, 2
0 35 18: 2376, 22, 2
0 35 19: 1982, 0, 2
0 35 19: 2378, 22, 0
0 35 20: 1982, 0, 2
0 35 20: 2376, 22, 3
0 35 21: 1982, 0, 2
0 35 21: 2377, 22, 0
0 35 22: 1982, 0, 2
0 35 22: 2378, 22, 1
0 35 23: 339, 22, 2
0 35 24: 320, 22, 1
0 35 25: 319, 22, 2
0 35 26: 320, 22, 2
0 35 28: 339, 22, 1
0 35 29: 338, 22, 2
0 35 30: 338, 22, 3
0 35 31: 339, 22, 1
0 35 31: 1982, 0, 1
0 35 32: 1982, 0, 2
0 35 32: 2378, 22, 3
0 35 33: 1982, 0, 2
0 35 33: 2377, 22, 2
0 35 34: 1982, 0, 2
0 35 34: 2376, 22, 0
0 35 35: 1982, 0, 2
0 35 35: 2377, 22, 0
0 35 36: 1982, 0, 2
0 35 36: 2378, 22, 2
0 35 37: 1982, 0, 2
0 35 37: 2377, 22, 1
0 35 38: 1982, 0, 2
0 35 38: 2377, 22, 0
0 35 39: 339, 22, 1
0 35 39: 1982, 0, 3
0 35 40: 320, 22, 0
0 35 40: 1982, 0, 1
0 35 41: 320, 22, 1
0 35 42: 321, 22, 2
0 35 43: 339, 22, 1
0 35 43: 1982, 2, 2
0 35 44: 339, 22, 3
0 35 44: 1982, 0, 2
0 35 45: 339, 22, 2
0 35 45: 1982, 0, 2
0 35 46: 339, 22, 2
0 35 46: 1982, 0, 2
0 35 47: 339, 22, 1
0 35 47: 1982, 0, 2
0 35 48: 339, 22, 0
0 35 48: 1982, 0, 2
0 35 49: 339, 22, 3
0 35 49: 1982, 0, 2
0 35 50: 1982, 0, 3
0 35 52: 1257, 22, 0
0 35 53: 1257, 22, 1
0 35 55: 1257, 22, 0
0 35 56: 1257, 22, 3
0 35 59: 1257, 22, 1
0 35 60: 1257, 22, 3
0 35 62: 1257, 22, 1
0 35 62: 1278, 10, 2
0 35 63: 1257, 22, 0
0 36 0: 320, 22, 1
0 36 1: 321, 22, 3
0 36 3: 320, 22, 0
0 36 4: 320, 22, 2
0 36 5: 320, 22, 0
0 36 6: 319, 22, 3
0 36 7: 338, 22, 1
0 36 8: 321, 22, 1
0 36 9: 320, 22, 0
0 36 10: 320, 22, 3
0 36 11: 319, 22, 1
0 36 12: 320, 22, 2
0 36 13: 320, 22, 3
0 36 14: 320, 22, 0
0 36 15: 319, 22, 1
0 36 16: 320, 22, 2
0 36 17: 319, 22, 2
0 36 18: 320, 22, 1
0 36 19: 320, 22, 1
0 36 20: 320, 22, 0
0 36 20: 1298, 10, 3
0 36 21: 320, 22, 2
0 36 22: 320, 22, 0
0 36 23: 340, 22, 0
0 36 24: 320, 22, 0
0 36 25: 320, 22, 3
0 36 26: 320, 22, 3
0 36 27: 2344, 10, 3
0 36 30: 339, 22, 2
0 36 30: 1298, 10, 2
0 36 31: 339, 22, 0
0 36 32: 338, 22, 1
0 36 33: 340, 22, 3
0 36 34: 338, 22, 3
0 36 35: 339, 22, 3
0 36 36: 338, 22, 0
0 36 37: 338, 22, 0
0 36 38: 339, 22, 3
0 36 38: 1173, 10, 3
0 36 39: 339, 22, 0
0 36 40: 320, 22, 1
0 36 40: 1982, 0, 1
0 36 41: 319, 22, 1
0 36 42: 320, 22, 0
0 36 43: 320, 22, 3
0 36 44: 320, 22, 1
0 36 45: 320, 22, 2
0 36 46: 321, 22, 1
0 36 47: 320, 22, 2
0 36 48: 320, 22, 3
0 36 51: 1257, 22, 2
0 36 52: 1257, 22, 0
0 36 53: 1257, 22, 3
0 36 54: 1257, 22, 1
0 36 56: 1257, 22, 3
0 36 57: 1257, 22, 0
0 36 58: 1257, 22, 1
0 36 59: 1299, 10, 2
0 36 61: 1257, 22, 0
0 37 0: 179, 22, 3
0 37 1: 320, 22, 2
0 37 2: 320, 22, 2
0 37 4: 320, 22, 0
0 37 5: 320, 22, 3
0 37 6: 320, 22, 2
0 37 7: 339, 22, 2
0 37 8: 320, 22, 1
0 37 9: 339, 22, 0
0 37 10: 339, 22, 3
0 37 11: 340, 22, 2
0 37 12: 339, 22, 3
0 37 13: 339, 22, 1
0 37 14: 339, 22, 3
0 37 14: 1300, 10, 3
0 37 15: 339, 22, 2
0 37 16: 340, 22, 2
0 37 17: 339, 22, 0
0 37 18: 338, 22, 2
0 37 19: 339, 22, 2
0 37 20: 339, 22, 1
0 37 21: 339, 22, 0
0 37 22: 338, 22, 3
0 37 23: 339, 22, 3
0 37 24: 339, 22, 2
0 37 25: 1278, 11, 1
0 37 27: 319, 22, 3
0 37 29: 2344, 10, 0
0 37 30: 340, 22, 1
0 37 31: 320, 22, 2
0 37 32: 320, 22, 3
0 37 33: 319, 22, 3
0 37 34: 320, 22, 0
0 37 35: 320, 22, 1
0 37 36: 320, 22, 2
0 37 37: 320, 22, 3
0 37 38: 319, 22, 2
0 37 39: 320, 22, 3
0 37 40: 320, 22, 2
0 37 40: 1982, 0, 1
0 37 41: 320, 22, 2
0 37 42: 320, 22, 1
0 37 43: 320, 22, 2
0 37 44: 319, 22, 0
0 37 45: 320, 22, 0
0 37 46: 320, 22, 0
0 37 47: 319, 22, 2
0 37 48: 320, 22, 1
0 37 49: 320, 22, 1
0 37 54: 1257, 22, 3
0 37 56: 1257, 22, 1
0 37 58: 1257, 22, 2
0 37 59: 1257, 22, 3
0 37 60: 1257, 22, 3
0 37 61: 1278, 10, 3
0 37 63: 1257, 22, 0
0 38 0: 320, 22, 1
0 38 1: 320, 22, 2
0 38 2: 321, 22, 0
0 38 3: 320, 22, 2
0 38 4: 321, 22, 2
0 38 5: 339, 22, 0
0 38 6: 2357, 10, 3
0 38 7: 339, 22, 2
0 38 8: 339, 22, 3
0 38 9: 340, 22, 3
0 38 10: 320, 22, 2
0 38 11: 320, 22, 1
0 38 12: 319, 22, 2
0 38 13: 320, 22, 0
0 38 14: 320, 22, 3
0 38 15: 320, 22, 2
0 38 16: 320, 22, 1
0 38 17: 339, 22, 3
0 38 18: 320, 22, 3
0 38 18: 2367, 10, 1
0 38 19: 320, 22, 0
0 38 20: 319, 22, 2
0 38 21: 320, 22, 3
0 38 22: 320, 22, 2
0 38 22: 1298, 10, 2
0 38 23: 320, 22, 1
0 38 24: 339, 22, 1
0 38 27: 320, 22, 0
0 38 28: 321, 22, 1
0 38 30: 338, 22, 0
0 38 31: 339, 22, 3
0 38 32: 340, 22, 0
0 38 33: 339, 22, 1
0 38 34: 338, 22, 2
0 38 35: 340, 22, 2
0 38 36: 338, 22, 0
0 38 37: 340, 22, 1
0 38 38: 338, 22, 1
0 38 39: 339, 22, 2
0 38 40: 320, 22, 1
0 38 41: 1982, 0, 0
0 38 41: 2356, 10, 2
0 38 42: 338, 22, 3
0 38 42: 1982, 0, 0
0 38 43: 1982, 0, 0
0 38 43: 2354, 10, 1
0 38 44: 338, 22, 0
0 38 44: 1982, 0, 0
0 38 45: 320, 22, 0
0 38 45: 1982, 0, 0
0 38 46: 320, 22, 3
0 38 46: 1982, 0, 0
0 38 47: 320, 22, 0
0 38 47: 1982, 0, 0
0 38 48: 320, 22, 0
0 38 48: 1982, 0, 0
0 38 49: 320, 22, 1
0 38 49: 1982, 0, 0
0 38 50: 1982, 0, 0
0 38 51: 1982, 0, 0
0 38 52: 1982, 0, 0
0 38 53: 1982, 0, 0
0 38 54: 320, 22, 3
0 38 54: 1982, 0, 3
0 38 56: 1257, 22, 0
0 38 57: 1257, 22, 0
0 38 58: 1257, 22, 3
0 38 59: 1300, 10, 0
0 38 62: 1257, 22, 1
0 39 0: 320, 22, 0
0 39 1: 319, 22, 3
0 39 2: 320, 22, 3
0 39 4: 320, 22, 0
0 39 5: 1982, 0, 0
0 39 5: 2378, 22, 3
0 39 6: 1982, 0, 0
0 39 6: 2376, 22, 2
0 39 7: 1982, 0, 0
0 39 7: 2377, 22, 3
0 39 8: 1982, 0, 0
0 39 8: 2376, 22, 1
0 39 9: 339, 22, 3
0 39 9: 1982, 0, 3
0 39 10: 320, 22, 3
0 39 10: 1982, 0, 1
0 39 11: 1982, 0, 0
0 39 11: 2377, 22, 1
0 39 12: 1982, 0, 0
0 39 12: 2376, 22, 1
0 39 13: 1982, 0, 0
0 39 13: 2378, 22, 0
0 39 14: 1982, 0, 0
0 39 14: 2377, 22, 2
0 39 15: 1982, 0, 0
0 39 15: 2378, 22, 1
0 39 16: 2378, 22, 0
0 39 17: 2376, 22, 3
0 39 18: 2377, 22, 0
0 39 19: 1982, 0, 0
0 39 19: 2376, 22, 1
0 39 20: 1982, 0, 0
0 39 20: 2377, 22, 1
0 39 21: 1982, 0, 0
0 39 21: 2378, 22, 3
0 39 22: 1982, 0, 0
0 39 22: 2376, 22, 2
0 39 23: 320, 22, 1
0 39 23: 1982, 0, 3
0 39 24: 338, 22, 0
0 39 25: 320, 22, 0
0 39 26: 319, 22, 0
0 39 28: 320, 22, 3
0 39 30: 339, 22, 2
0 39 31: 2378, 22, 2
0 39 32: 1982, 0, 0
0 39 32: 2377, 22, 2
0 39 33: 1982, 0, 0
0 39 33: 2376, 22, 0
0 39 34: 1982, 0, 0
0 39 34: 2378, 22, 1
0 39 35: 1982, 0, 0
0 39 35: 2376, 22, 2
0 39 36: 1982, 0, 0
0 39 36: 2377, 22, 3
0 39 37: 1982, 0, 0
0 39 37: 2377, 22, 2
0 39 38: 1982, 0, 0
0 39 38: 2376, 22, 1
0 39 39: 338, 22, 2
0 39 39: 1982, 0, 3
0 39 40: 319, 22, 2
0 39 41: 2356, 10, 1
0 39 42: 2356, 10, 1
0 39 43: 339, 22, 2
0 39 44: 339, 22, 0
0 39 45: 320, 22, 1
0 39 46: 320, 22, 1
0 39 47: 320, 22, 2
0 39 48: 320, 22, 2
0 39 49: 320, 22, 3
0 39 50: 320, 22, 2
0 39 51: 320, 22, 2
0 39 52: 319, 22, 3
0 39 53: 320, 22, 3
0 39 54: 320, 22, 0
0 39 54: 1982, 0, 3
0 39 55: 320, 22, 1
0 39 58: 1257, 22, 1
0 39 60: 2357, 10, 0
0 39 61: 1257, 22, 2
0 39 62: 1257, 22, 1
0 39 62: 1278, 10, 0
0 39 63: 1257, 22, 1
0 40 1: 320, 22, 3
0 40 3: 319, 22, 1
0 40 4: 320, 22, 1
0 40 5: 2376, 22, 2
0 40 6: 2377, 22, 1
0 40 7: 2376, 22, 1
0 40 8: 2377, 22, 0
0 40 9: 339, 22, 1
0 40 9: 1982, 0, 3
0 40 10: 320, 22, 0
0 40 10: 1982, 0, 1
0 40 11: 2376, 22, 1
0 40 12: 2377, 22, 2
0 40 13: 2376, 22, 0
0 40 14: 2376, 22, 1
0 40 15: 2377, 22, 1
0 40 16: 2376, 22, 2
0 40 17: 2378, 22, 3
0 40 18: 2376, 22, 2
0 40 19: 2377, 22, 0
0 40 20: 2378, 22, 2
0 40 21: 2376, 22, 2
0 40 22: 2377, 22, 1
0 40 23: 319, 22, 1
0 40 23: 1982, 0, 3
0 40 24: 340, 22, 1
0 40 25: 320, 22, 3
0 40 26: 320, 22, 1
0 40 27: 320, 22, 2
0 40 28: 319, 22, 2
0 40 29: 2344, 10, 0
0 40 30: 338, 22, 3
0 40 31: 2377, 22, 0
0 40 32: 2376, 22, 1
0 40 33: 2378, 22, 0
0 40 34: 2376, 22, 3
0 40 35: 2378, 22, 3
0 40 36: 2376, 22, 2
0 40 37: 2376, 22, 1
0 40 38: 2377, 22, 0
0 40 39: 338, 22, 3
0 40 39: 1982, 0, 3
0 40 40: 320, 22, 2
0 40 41: 329, 22, 2
0 40 42: 2356, 10, 0
0 40 43: 338, 22, 3
0 40 43: 1300, 10, 3
0 40 44: 339, 22, 3
0 40 45: 339, 22, 2
0 40 46: 338, 22, 0
0 40 47: 339, 22, 0
0 40 48: 338, 22, 1
0 40 49: 339, 22, 2
0 40 50: 340, 22, 2
0 40 51: 339, 22, 1
0 40 52: 340, 22, 1
0 40 53: 320, 22, 3
0 40 54: 319, 22, 2
0 40 54: 1982, 0, 3
0 40 55: 320, 22, 2
0 40 56: 321, 22, 3
0 40 57: 1298, 10, 0
0 40 59: 1257, 22, 1
0 40 61: 1255, 22, 2
0 41 0: 320, 22, 1
0 41 3: 320, 22, 1
0 41 4: 320, 22, 2
0 41 5: 2378, 22, 2
0 41 6: 651, 10, 2
0 41 6: 2377, 22, 2
0 41 7: 2378, 22, 0
0 41 8: 2376, 22, 2
0 41 9: 338, 22, 3
0 41 9: 1982, 0, 3
0 41 10: 320, 22, 1
0 41 10: 1982, 0, 1
0 41 11: 2377, 22, 3
0 41 12: 2376, 22, 2
0 41 13: 700, 11, 2
0 41 13: 2377, 22, 1
0 41 14: 2378, 22, 3
0 41 15: 2376, 22, 3
0 41 16: 2378, 22, 2
0 41 17: 2377, 22, 2
0 41 18: 2378, 22, 0
0 41 19: 2376, 22, 2
0 41 20: 2376, 22, 3
0 41 21: 2377, 22, 0
0 41 22: 2376, 22, 3
0 41 23: 320, 22, 0
0 41 23: 1982, 0, 3
0 41 24: 339, 22, 0
0 41 25: 321, 22, 3
0 41 26: 321, 22, 0
0 41 27: 320, 22, 1
0 41 28: 320, 22, 0
0 41 30: 339, 22, 3
0 41 31: 2376, 22, 0
0 41 32: 2370, 10, 0
0 41 32: 2378, 22, 3
0 41 33: 2377, 22, 2
0 41 34: 2378, 22, 2
0 41 35: 2376, 22, 1
0 41 36: 2378, 22, 3
0 41 37: 2377, 22, 1
0 41 38: 2378, 22, 2
0 41 39: 339, 22, 1
0 41 39: 1982, 0, 3
0 41 40: 176, 22, 1
0 41 41: 330, 22, 2
0 41 42: 340, 22, 2
0 41 43: 340, 22, 1
0 41 44: 340, 22, 0
0 41 45: 2343, 10, 0
0 41 46: 2343, 10, 0
0 41 47: 2343, 10, 0
0 41 48: 2343, 10, 0
0 41 49: 2343, 10, 0
0 41 52: 339, 22, 0
0 41 53: 320, 22, 0
0 41 54: 320, 22, 1
0 41 54: 1982, 0, 3
0 41 55: 320, 22, 2
0 41 58: 2357, 10, 3
0 41 60: 1257, 22, 1
0 41 61: 1278, 10, 3
0 41 63: 1257, 22, 3
0 42 0: 320, 22, 2
0 42 1: 320, 22, 0
0 42 3: 321, 22, 0
0 42 4: 320, 22, 2
0 42 4: 2366, 10, 0
0 42 5: 2377, 22, 0
0 42 6: 2376, 22, 3
0 42 7: 2377, 22, 2
0 42 8: 2378, 22, 1
0 42 9: 339, 22, 0
0 42 9: 1982, 0, 3
0 42 10: 319, 22, 3
0 42 10: 1982, 0, 1
0 42 11: 2378, 22, 3
0 42 12: 2377, 22, 3
0 42 13: 2378, 22, 1
0 42 14: 2377, 22, 3
0 42 15: 2378, 22, 2
0 42 16: 2376, 22, 1
0 42 17: 2378, 22, 1
0 42 18: 2376, 22, 1
0 42 19: 702, 11, 1
0 42 19: 2378, 22, 3
0 42 20: 2377, 22, 2
0 42 21: 2378, 22, 0
0 42 22: 2378, 22, 2
0 42 23: 320, 22, 3
0 42 23: 1982, 0, 3
0 42 24: 339, 22, 3
0 42 25: 320, 22, 1
0 42 26: 320, 22, 2
0 42 27: 320, 22, 3
0 42 28: 320, 22, 3
0 42 30: 338, 22, 2
0 42 31: 2376, 22, 3
0 42 32: 2377, 22, 1
0 42 33: 2376, 22, 3
0 42 34: 2377, 22, 3
0 42 35: 2377, 22, 0
0 42 36: 2351, 10, 0
0 42 36: 2376, 22, 2
0 42 37: 2378, 22, 0
0 42 38: 2376, 22, 2
0 42 39: 338, 22, 1
0 42 39: 1982, 0, 3
0 42 40: 319, 22, 0
0 42 41: 331, 22, 2
0 42 42: 339, 22, 0
0 42 43: 338, 22, 2
0 42 44: 340, 22, 0
0 42 45: 1982, 0, 3
0 42 45: 2376, 22, 3
0 42 46: 2345, 10, 0
0 42 47: 2343, 10, 0
0 42 48: 2343, 10, 0
0 42 49: 2343, 10, 0
0 42 50: 2343, 10, 0
0 42 52: 338, 22, 0
0 42 53: 320, 22, 1
0 42 54: 320, 22, 1
0 42 54: 1982, 0, 3
0 42 55: 321, 22, 2
0 42 56: 1247, 22, 1
0 42 57: 1257, 22, 2
0 42 59: 1299, 10, 0
0 42 61: 1257, 22, 2
0 42 62: 1257, 22, 2
0 43 0: 320, 22, 3
0 43 2: 320, 22, 3
0 43 3: 320, 22, 3
0 43 4: 320, 22, 0
0 43 5: 2376, 22, 1
0 43 6: 2377, 22, 2
0 43 7: 2376, 22, 0
0 43 8: 2377, 22, 1
0 43 9: 339, 22, 1
0 43 9: 1982, 0, 3
0 43 10: 320, 22, 2
0 43 10: 1982, 0, 1
0 43 11: 2376, 22, 0
0 43 12: 2378, 22, 2
0 43 13: 2376, 22, 3
0 43 14: 2378, 22, 0
0 43 15: 2376, 22, 0
0 43 16: 2377, 22, 0
0 43 17: 2376, 22, 0
0 43 18: 2377, 22, 1
0 43 19: 2376, 22, 3
0 43 20: 2378, 22, 1
0 43 21: 2376, 22, 1
0 43 22: 2377, 22, 2
0 43 23: 320, 22, 2
0 43 23: 1982, 0, 3
0 43 24: 338, 22, 1
0 43 25: 320, 22, 1
0 43 26: 319, 22, 3
0 43 27: 320, 22, 3
0 43 28: 319, 22, 1
0 43 29: 2344, 10, 0
0 43 30: 338, 22, 1
0 43 31: 2378, 22, 1
0 43 32: 2376, 22, 2
0 43 33: 2378, 22, 0
0 43 34: 2376, 22, 1
0 43 35: 2376, 22, 0
0 43 36: 2377, 22, 2
0 43 37: 1278, 10, 1
0 43 37: 2376, 22, 0
0 43 38: 2377, 22, 1
0 43 39: 340, 22, 0
0 43 39: 1982, 0, 3
0 43 40: 320, 22, 3
0 43 41: 320, 22, 1
0 43 42: 339, 22, 0
0 43 43: 340, 22, 2
0 43 44: 340, 22, 2
0 43 45: 1982, 0, 3
0 43 45: 2378, 22, 2
0 43 46: 2377, 22, 1
0 43 47: 2376, 22, 1
0 43 48: 2378, 22, 2
0 43 49: 2376, 22, 0
0 43 50: 2343, 10, 0
0 43 51: 2345, 10, 0
0 43 52: 339, 22, 3
0 43 53: 320, 22, 2
0 43 54: 320, 22, 0
0 43 54: 1982, 0, 3
0 43 55: 319, 22, 1
0 43 56: 1257, 22, 2
0 43 60: 1257, 22, 2
0 43 62: 1300, 10, 1
0 44 1: 320, 22, 0
0 44 2: 320, 22, 1
0 44 3: 321, 22, 3
0 44 4: 319, 22, 2
0 44 5: 1982, 0, 2
0 44 5: 2377, 22, 0
0 44 6: 1982, 0, 2
0 44 6: 2376, 22, 0
0 44 7: 1982, 0, 2
0 44 7: 2378, 22, 2
0 44 8: 1982, 0, 2
0 44 8: 2376, 22, 3
0 44 9: 339, 22, 2
0 44 9: 1982, 0, 3
0 44 10: 320, 22, 3
0 44 10: 1982, 0, 1
0 44 11: 1982, 0, 2
0 44 11: 2377, 22, 0
0 44 12: 1982, 0, 2
0 44 12: 2376, 22, 3
0 44 13: 1982, 0, 2
0 44 13: 2377, 22, 0
0 44 14: 1982, 0, 2
0 44 14: 2376, 22, 2
0 44 15: 2377, 22, 1
0 44 16: 2378, 22, 1
0 44 17: 2377, 22, 3
0 44 18: 1982, 0, 2
0 44 18: 2376, 22, 0
0 44 19: 1982, 0, 2
0 44 19: 2377, 22, 3
0 44 20: 1982, 0, 2
0 44 20: 2376, 22, 0
0 44 21: 1982, 0, 2
0 44 21: 2377, 22, 3
0 44 22: 1982, 0, 2
0 44 22: 2376, 22, 0
0 44 23: 320, 22, 1
0 44 23: 1276, 11, 1
0 44 23: 1982, 0, 3
0 44 24: 339, 22, 2
0 44 25: 320, 22, 3
0 44 26: 320, 22, 3
0 44 27: 321, 22, 2
0 44 28: 320, 22, 2
0 44 30: 340, 22, 2
0 44 31: 2377, 22, 3
0 44 32: 1982, 0, 2
0 44 32: 2378, 22, 2
0 44 33: 1982, 0, 2
0 44 33: 2376, 22, 2
0 44 34: 1982, 0, 2
0 44 34: 2378, 22, 1
0 44 35: 1982, 0, 2
0 44 35: 2377, 22, 1
0 44 36: 1982, 0, 2
0 44 36: 2376, 22, 3
0 44 37: 1982, 0, 2
0 44 37: 2377, 22, 0
0 44 38: 1982, 0, 2
0 44 38: 2376, 22, 3
0 44 39: 338, 22, 3
0 44 39: 1982, 0, 3
0 44 40: 319, 22, 2
0 44 41: 339, 22, 2
0 44 42: 338, 22, 2
0 44 43: 339, 22, 0
0 44 44: 339, 22, 1
0 44 45: 1982, 0, 3
0 44 45: 2377, 22, 2
0 44 46: 2376, 22, 2
0 44 47: 2378, 22, 3
0 44 48: 697, 11, 0
0 44 48: 2376, 22, 1
0 44 49: 2377, 22, 0
0 44 50: 2343, 10, 0
0 44 51: 2343, 10, 0
0 44 52: 338, 22, 1
0 44 53: 320, 22, 3
0 44 54: 320, 22, 3
0 44 54: 1982, 0, 3
0 44 55: 320, 22, 1
0 44 57: 1257, 22, 1
0 44 59: 1257, 22, 0
0 44 59: 1298, 10, 0
0 44 60: 1257, 22, 2
0 44 61: 1257, 22, 2
0 44 62: 1257, 22, 3
0 44 63: 1257, 22, 3
0 45 1: 336, 22, 2
0 45 2: 336, 22, 3
0 45 4: 337, 22, 1
0 45 6: 339, 22, 3
0 45 7: 338, 22, 2
0 45 8: 339, 22, 2
0 45 9: 340, 22, 3
0 45 10: 1300, 10, 3
0 45 11: 320, 22, 0
0 45 12: 320, 22, 1
0 45 13: 321, 22, 2
0 45 14: 320, 22, 3
0 45 15: 320, 22, 2
0 45 15: 2367, 10, 3
0 45 16: 339, 22, 2
0 45 17: 321, 22, 3
0 45 18: 320, 22, 0
0 45 19: 320, 22, 1
0 45 20: 319, 22, 0
0 45 21: 320, 22, 2
0 45 22: 320, 22, 3
0 45 23: 320, 22, 0
0 45 24: 339, 22, 1
0 45 25: 320, 22, 1
0 45 26: 320, 22, 2
0 45 27: 320, 22, 0
0 45 28: 1124, 10, 1
0 45 30: 339, 22, 0
0 45 31: 339, 22, 1
0 45 32: 339, 22, 2
0 45 33: 338, 22, 0
0 45 34: 339, 22, 0
0 45 35: 340, 22, 3
0 45 36: 339, 22, 1
0 45 37: 338, 22, 2
0 45 38: 339, 22, 2
0 45 39: 339, 22, 3
0 45 40: 320, 22, 1
0 45 41: 339, 22, 3
0 45 42: 339, 22, 0
0 45 43: 340, 22, 0
0 45 44: 338, 22, 1
0 45 45: 2376, 22, 2
0 45 46: 2378, 22, 0
0 45 47: 651, 10, 0
0 45 47: 2377, 22, 3
0 45 49: 2378, 22, 0
0 45 50: 2376, 22, 2
0 45 51: 2343, 10, 0
0 45 52: 339, 22, 2
0 45 53: 320, 22, 0
0 45 54: 320, 22, 0
0 45 54: 1982, 0, 3
0 45 55: 320, 22, 0
0 45 56: 321, 22, 1
0 45 57: 1257, 22, 2
0 45 58: 1257, 22, 1
0 45 59: 1257, 22, 1
0 45 60: 1257, 22, 2
0 46 0: 339, 22, 0
0 46 1: 339, 22, 1
0 46 2: 336, 22, 2
0 46 3: 180, 22, 2
0 46 4: 336, 22, 1
0 46 7: 319, 22, 3
0 46 9: 339, 22, 0
0 46 10: 339, 22, 1
0 46 11: 338, 22, 1
0 46 12: 339, 22, 1
0 46 13: 340, 22, 0
0 46 14: 339, 22, 2
0 46 15: 339, 22, 3
0 46 16: 339, 22, 0
0 46 17: 338, 22, 0
0 46 18: 339, 22, 2
0 46 19: 339, 22, 3
0 46 20: 338, 22, 3
0 46 21: 339, 22, 0
0 46 22: 340, 22, 2
0 46 23: 338, 22, 3
0 46 24: 339, 22, 1
0 46 25: 320, 22, 1
0 46 26: 319, 22, 2
0 46 27: 320, 22, 3
0 46 28: 319, 22, 1
0 46 29: 320, 22, 3
0 46 30: 320, 22, 1
0 46 31: 321, 22, 1
0 46 32: 452, 10, 2
0 46 33: 1276, 10, 3
0 46 35: 320, 22, 0
0 46 36: 319, 22, 0
0 46 37: 320, 22, 2
0 46 38: 319, 22, 1
0 46 39: 321, 22, 3
0 46 40: 319, 22, 0
0 46 41: 338, 22, 2
0 46 43: 340, 22, 3
0 46 44: 338, 22, 2
0 46 45: 2377, 22, 0
0 46 46: 2377, 22, 2
0 46 47: 2376, 22, 0
0 46 48: 2377, 22, 2
0 46 49: 2376, 22, 3
0 46 50: 2377, 22, 3
0 46 51: 2343, 10, 0
0 46 52: 340, 22, 0
0 46 53: 320, 22, 3
0 46 54: 320, 22, 2
0 46 54: 1982, 0, 3
0 46 55: 319, 22, 2
0 46 57: 1257, 22, 1
0 46 57: 1298, 10, 2
0 46 60: 2357, 10, 3
0 46 62: 1257, 22, 3
0 47 0: 2346, 10, 3
0 47 2: 339, 22, 3
0 47 2: 1300, 10, 3
0 47 3: 336, 22, 0
0 47 5: 335, 22, 0
0 47 7: 319, 22, 3
0 47 8: 320, 22, 2
0 47 9: 320, 22, 3
0 47 10: 319, 22, 0
0 47 11: 320, 22, 0
0 47 12: 320, 22, 1
0 47 13: 319, 22, 1
0 47 14: 320, 22, 2
0 47 15: 321, 22, 2
0 47 16: 320, 22, 3
0 47 17: 319, 22, 3
0 47 18: 320, 22, 0
0 47 18: 1300, 10, 3
0 47 19: 320, 22, 1
0 47 20: 321, 22, 3
0 47 21: 320, 22, 2
0 47 22: 319, 22, 0
0 47 23: 320, 22, 3
0 47 24: 320, 22, 0
0 47 25: 321, 22, 0
0 47 26: 320, 22, 2
0 47 28: 320, 22, 0
0 47 29: 1300, 10, 1
0 47 30: 320, 22, 0
0 47 31: 1300, 10, 3
0 47 32: 320, 22, 2
0 47 35: 339, 22, 0
0 47 36: 339, 22, 3
0 47 37: 338, 22, 3
0 47 38: 339, 22, 3
0 47 39: 339, 22, 2
0 47 40: 339, 22, 0
0 47 41: 339, 22, 3
0 47 42: 338, 22, 0
0 47 43: 339, 22, 3
0 47 44: 339, 22, 2
0 47 44: 2369, 10, 0
0 47 45: 2378, 22, 1
0 47 46: 2376, 22, 3
0 47 48: 2376, 22, 2
0 47 49: 2377, 22, 1
0 47 50: 2343, 10, 0
0 47 51: 2343, 10, 0
0 47 52: 339, 22, 1
0 47 53: 320, 22, 1
0 47 54: 320, 22, 2
0 47 54: 1982, 0, 3
0 47 55: 320, 22, 2
0 47 56: 320, 22, 2
0 47 57: 1257, 22, 3
0 47 58: 1257, 22, 0
0 47 59: 1278, 10, 2
0 47 61: 1265, 22, 1
0 48 2: 2344, 10, 3
0 48 5: 2344, 10, 3
0 48 8: 2344, 10, 3
0 48 11: 2344, 10, 3
0 48 14: 2344, 10, 3
0 48 17: 2344, 10, 3
0 48 20: 2344, 10, 3
0 48 23: 2344, 10, 3
0 48 26: 2344, 10, 3
0 48 29: 2344, 10, 3
0 48 32: 2344, 10, 3
0 48 35: 339, 22, 1
0 48 36: 338, 22, 1
0 48 37: 339, 22, 1
0 48 38: 338, 22, 0
0 48 39: 339, 22, 1
0 48 40: 338, 22, 2
0 48 41: 338, 22, 1
0 48 42: 339, 22, 0
0 48 43: 339, 22, 3
0 48 44: 340, 22, 2
0 48 45: 1982, 0, 3
0 48 45: 2376, 22, 1
0 48 46: 2377, 22, 3
0 48 47: 2378, 22, 1
0 48 48: 2377, 22, 0
0 48 49: 2376, 22, 2
0 48 50: 2343, 10, 0
0 48 51: 2343, 10, 0
0 48 52: 338, 22, 3
0 48 53: 320, 22, 2
0 48 54: 320, 22, 1
0 48 54: 1982, 0, 3
0 48 55: 321, 22, 3
0 48 56: 320, 22, 3
0 48 58: 1257, 22, 1
0 48 59: 1244, 22, 2
0 48 60: 1257, 22, 1
0 49 0: 339, 22, 3
0 49 1: 339, 22, 2
0 49 2: 338, 22, 0
0 49 3: 339, 22, 0
0 49 4: 338, 22, 1
0 49 5: 339, 22, 1
0 49 6: 339, 22, 2
0 49 7: 338, 22, 2
0 49 8: 339, 22, 3
0 49 9: 338, 22, 3
0 49 10: 1300, 10, 3
0 49 11: 340, 22, 1
0 49 12: 339, 22, 2
0 49 13: 340, 22, 2
0 49 14: 174, 22, 1
0 49 15: 339, 22, 3
0 49 16: 338, 22, 3
0 49 17: 339, 22, 0
0 49 18: 338, 22, 1
0 49 19: 339, 22, 1
0 49 20: 340, 22, 0
0 49 21: 340, 22, 3
0 49 22: 340, 22, 3
0 49 23: 340, 22, 2
0 49 24: 338, 22, 2
0 49 25: 339, 22, 1
0 49 26: 340, 22, 1
0 49 27: 340, 22, 0
0 49 28: 339, 22, 1
0 49 29: 338, 22, 1
0 49 30: 339, 22, 3
0 49 31: 340, 22, 1
0 49 32: 339, 22, 0
0 49 33: 339, 22, 3
0 49 34: 339, 22, 2
0 49 35: 1300, 10, 3
0 49 36: 339, 22, 3
0 49 37: 340, 22, 3
0 49 38: 339, 22, 0
0 49 39: 340, 22, 3
0 49 40: 339, 22, 0
0 49 41: 340, 22, 1
0 49 42: 339, 22, 1
0 49 43: 340, 22, 2
0 49 44: 339, 22, 2
0 49 45: 1982, 0, 3
0 49 45: 2377, 22, 1
0 49 46: 2376, 22, 0
0 49 47: 2376, 22, 3
0 49 48: 2343, 10, 0
0 49 49: 2345, 10, 0
0 49 50: 2343, 10, 0
0 49 52: 339, 22, 0
0 49 53: 320, 22, 2
0 49 54: 320, 22, 3
0 49 54: 1982, 0, 3
0 49 55: 320, 22, 2
0 49 56: 321, 22, 0
0 49 57: 1298, 10, 3
0 49 58: 1257, 22, 2
0 50 0: 339, 22, 1
0 50 1: 340, 22, 3
0 50 2: 339, 22, 3
0 50 3: 340, 22, 1
0 50 4: 340, 22, 0
0 50 5: 338, 22, 0
0 50 6: 340, 22, 0
0 50 7: 340, 22, 3
0 50 8: 339, 22, 0
0 50 9: 340, 22, 1
0 50 10: 339, 22, 1
0 50 11: 340, 22, 0
0 50 12: 340, 22, 3
0 50 13: 175, 22, 3
0 50 14: 339, 22, 1
0 50 15: 338, 22, 2
0 50 16: 339, 22, 2
0 50 17: 340, 22, 2
0 50 18: 339, 22, 3
0 50 19: 338, 22, 3
0 50 20: 340, 22, 0
0 50 21: 339, 22, 3
0 50 22: 338, 22, 1
0 50 23: 339, 22, 0
0 50 24: 339, 22, 3
0 50 25: 339, 22, 2
0 50 26: 338, 22, 2
0 50 27: 175, 22, 0
0 50 28: 339, 22, 2
0 50 29: 340, 22, 3
0 50 30: 340, 22, 2
0 50 31: 1300, 10, 3
0 50 32: 340, 22, 0
0 50 33: 339, 22, 2
0 50 34: 338, 22, 1
0 50 35: 339, 22, 3
0 50 36: 320, 22, 3
0 50 37: 320, 22, 3
0 50 38: 320, 22, 1
0 50 39: 1278, 10, 0
0 50 41: 320, 22, 2
0 50 42: 319, 22, 2
0 50 43: 320, 22, 0
0 50 44: 2345, 10, 0
0 50 45: 2343, 10, 0
0 50 46: 2343, 10, 0
0 50 47: 2343, 10, 0
0 50 48: 2343, 10, 0
0 50 49: 2343, 10, 0
0 50 50: 2343, 10, 0
0 50 52: 338, 22, 0
0 50 53: 320, 22, 1
0 50 54: 319, 22, 0
0 50 54: 1982, 0, 3
0 50 55: 320, 22, 1
0 50 57: 1257, 22, 0
0 50 59: 1257, 22, 0
0 51 0: 2346, 10, 3
0 51 2: 339, 22, 2
0 51 6: 174, 22, 2
0 51 7: 339, 22, 1
0 51 8: 338, 22, 3
0 51 9: 339, 22, 3
0 51 10: 338, 22, 0
0 51 11: 339, 22, 0
0 51 12: 339, 22, 3
0 51 13: 338, 22, 1
0 51 14: 340, 22, 0
0 51 15: 339, 22, 1
0 51 16: 340, 22, 3
0 51 17: 1300, 10, 3
0 51 18: 340, 22, 1
0 51 19: 339, 22, 2
0 51 20: 338, 22, 0
0 51 21: 339, 22, 2
0 51 22: 340, 22, 3
0 51 23: 339, 22, 1
0 51 24: 338, 22, 1
0 51 25: 339, 22, 1
0 51 26: 174, 22, 0
0 51 27: 339, 22, 3
0 51 28: 338, 22, 3
0 51 29: 339, 22, 1
0 51 30: 338, 22, 2
0 51 31: 339, 22, 1
0 51 32: 338, 22, 3
0 51 33: 339, 22, 1
0 51 34: 340, 22, 3
0 51 35: 339, 22, 0
0 51 38: 1298, 10, 3
0 51 41: 320, 22, 1
0 51 42: 320, 22, 0
0 51 43: 320, 22, 2
0 51 44: 340, 22, 2
0 51 45: 339, 22, 3
0 51 46: 338, 22, 3
0 51 47: 339, 22, 1
0 51 48: 338, 22, 0
0 51 49: 339, 22, 2
0 51 50: 338, 22, 1
0 51 51: 340, 22, 3
0 51 52: 339, 22, 3
0 51 53: 320, 22, 0
0 51 54: 320, 22, 0
0 51 54: 1982, 0, 3
0 51 55: 321, 22, 2
0 51 57: 1257, 22, 2
0 51 58: 1257, 22, 3
0 51 60: 1298, 10, 1
0 52 2: 2344, 10, 3
0 52 5: 2344, 10, 3
0 52 8: 2344, 10, 3
0 52 11: 2344, 10, 3
0 52 14: 2344, 10, 3
0 52 17: 2344, 10, 3
0 52 20: 2344, 10, 3
0 52 23: 2344, 10, 3
0 52 26: 2344, 10, 3
0 52 29: 2344, 10, 3
0 52 32: 2344, 10, 3
0 52 35: 2344, 10, 3
0 52 38: 2344, 10, 3
0 52 41: 2343, 10, 3
0 52 42: 2343, 10, 3
0 52 43: 320, 22, 2
0 52 43: 1982, 0, 2
0 52 44: 320, 22, 3
0 52 44: 1982, 0, 2
0 52 45: 320, 22, 0
0 52 45: 1982, 0, 2
0 52 46: 320, 22, 1
0 52 46: 1982, 0, 2
0 52 47: 1982, 0, 2
0 52 48: 320, 22, 2
0 52 48: 1982, 0, 2
0 52 49: 320, 22, 0
0 52 49: 1982, 0, 2
0 52 50: 1982, 0, 2
0 52 51: 320, 22, 1
0 52 51: 1982, 0, 2
0 52 52: 320, 22, 2
0 52 52: 1982, 0, 2
0 52 53: 320, 22, 3
0 52 53: 1982, 0, 2
0 52 54: 320, 22, 1
0 52 54: 1982, 0, 3
0 52 55: 320, 22, 0
0 52 56: 320, 22, 0
0 52 57: 1257, 22, 3
0 53 4: 1173, 10, 1
0 53 40: 319, 22, 2
0 53 41: 320, 22, 2
0 53 42: 320, 22, 0
0 53 43: 320, 22, 1
0 53 44: 320, 22, 1
0 53 45: 319, 22, 3
0 53 46: 320, 22, 3
0 53 47: 320, 22, 0
0 53 48: 321, 22, 2
0 53 49: 320, 22, 1
0 53 50: 320, 22, 2
0 53 51: 319, 22, 1
0 53 52: 320, 22, 3
0 53 53: 320, 22, 0
0 53 54: 321, 22, 1
0 53 55: 320, 22, 3
0 54 1: 1298, 10, 2
0 54 17: 1258, 22, 3
0 54 18: 1257, 22, 1
0 54 19: 1257, 22, 0
0 54 21: 1257, 22, 3
0 54 30: 1257, 22, 3
0 54 32: 1257, 22, 1
0 54 34: 1258, 22, 2
0 54 35: 1258, 22, 1
0 54 40: 1257, 22, 0
0 54 41: 320, 22, 3
0 54 42: 1257, 22, 0
0 54 43: 1257, 22, 3
0 54 44: 1173, 10, 0
0 54 44: 1257, 22, 3
0 54 45: 1257, 22, 2
0 54 47: 1257, 22, 1
0 54 48: 1257, 22, 1
0 54 49: 321, 22, 3
0 54 51: 321, 22, 0
0 54 52: 1257, 22, 3
0 54 54: 320, 22, 2
0 54 55: 320, 22, 3
0 55 3: 1257, 22, 3
0 55 4: 1258, 22, 0
0 55 6: 1257, 22, 0
0 55 7: 1260, 22, 2
0 55 8: 1257, 22, 2
0 55 9: 1258, 22, 3
0 55 10: 1257, 22, 3
0 55 11: 1300, 10, 1
0 55 13: 1258, 22, 2
0 55 14: 1258, 22, 2
0 55 16: 1258, 22, 3
0 55 20: 1257, 22, 1
0 55 22: 1258, 22, 2
0 55 23: 1258, 22, 3
0 55 24: 1258, 22, 3
0 55 25: 1258, 22, 3
0 55 26: 1257, 22, 2
0 55 27: 1257, 22, 1
0 55 28: 1257, 22, 0
0 55 30: 1257, 22, 2
0 55 31: 1257, 22, 0
0 55 33: 1257, 22, 2
0 55 34: 1257, 22, 2
0 55 36: 1300, 10, 2
0 55 37: 1257, 22, 0
0 55 38: 1258, 22, 1
0 55 41: 1258, 22, 0
0 55 42: 1257, 22, 3
0 55 45: 174, 22, 2
0 55 46: 180, 22, 2
0 55 47: 321, 22, 1
0 55 49: 319, 22, 0
0 55 52: 1257, 22, 1
0 55 52: 1298, 10, 1
0 55 53: 320, 22, 1
0 56 2: 1257, 22, 3
0 56 3: 1257, 22, 3
0 56 4: 1257, 22, 3
0 56 5: 1257, 22, 0
0 56 7: 1257, 22, 2
0 56 11: 1257, 22, 0
0 56 14: 1298, 10, 0
0 56 15: 1257, 22, 1
0 56 16: 1258, 22, 1
0 56 17: 1258, 22, 0
0 56 18: 1257, 22, 3
0 56 19: 1257, 22, 0
0 56 20: 1258, 22, 1
0 56 23: 1257, 22, 2
0 56 24: 1259, 22, 0
0 56 24: 1276, 10, 2
0 56 27: 1259, 22, 0
0 56 29: 1259, 22, 2
0 56 30: 1298, 10, 2
0 56 32: 1257, 22, 3
0 56 42: 1257, 22, 2
0 56 43: 1260, 22, 1
0 56 50: 1257, 22, 1
0 56 51: 1257, 22, 0
0 57 2: 1257, 22, 2
0 57 4: 1259, 22, 3
0 57 6: 1257, 22, 0
0 57 8: 1254, 22, 3
0 57 9: 1298, 10, 1
0 57 12: 1257, 22, 1
0 57 15: 1258, 22, 1
0 57 17: 1258, 22, 1
0 57 18: 1260, 22, 2
0 57 19: 1260, 22, 2
0 57 21: 1258, 22, 3
0 57 22: 1259, 22, 3
0 57 23: 1257, 22, 3
0 57 26: 1257, 22, 0
0 57 28: 1258, 22, 2
0 57 29: 2357, 10, 3
0 57 31: 1258, 22, 0
0 57 32: 1258, 22, 0
0 57 34: 1257, 22, 1
0 57 35: 1258, 22, 1
0 57 36: 1260, 22, 1
0 57 37: 1257, 22, 0
0 57 39: 1257, 22, 0
0 57 40: 1298, 10, 3
0 57 41: 1257, 22, 2
0 57 42: 174, 22, 3
0 57 44: 1258, 22, 3
0 57 47: 1257, 22, 2
0 57 49: 1257, 22, 0
0 57 50: 1257, 22, 1
0 58 1: 1257, 22, 2
0 58 2: 1258, 22, 0
0 58 3: 1257, 22, 1
0 58 8: 1259, 22, 3
0 58 11: 1260, 22, 1
0 58 12: 1257, 22, 1
0 58 13: 1257, 22, 1
0 58 14: 1259, 22, 1
0 58 18: 1258, 22, 0
0 58 19: 1258, 22, 0
0 58 20: 1260, 22, 3
0 58 22: 1257, 22, 0
0 58 23: 1257, 22, 2
0 58 26: 1257, 22, 2
0 58 27: 1278, 10, 2
0 58 30: 1258, 22, 3
0 58 32: 1257, 22, 2
0 58 33: 1260, 22, 2
0 58 34: 1257, 22, 1
0 58 36: 1257, 22, 3
0 58 39: 1260, 22, 0
0 58 41: 1258, 22, 3
0 58 42: 1258, 22, 0
0 58 48: 1257, 22, 3
0 58 50: 1247, 22, 0
0 59 1: 1258, 22, 1
0 59 3: 1257, 22, 2
0 59 5: 1257, 22, 1
0 59 6: 1257, 22, 0
0 59 7: 1260, 22, 0
0 59 9: 1257, 22, 1
0 59 10: 1259, 22, 0
0 59 11: 1259, 22, 0
0 59 12: 2357, 10, 0
0 59 13: 1276, 10, 1
0 59 16: 1259, 22, 2
0 59 18: 1298, 10, 1
0 59 19: 1259, 22, 3
0 59 20: 1259, 22, 3
0 59 21: 1257, 22, 0
0 59 22: 1259, 22, 3
0 59 24: 1257, 22, 2
0 59 25: 1259, 22, 2
0 59 26: 1257, 22, 0
0 59 28: 1257, 22, 0
0 59 29: 1257, 22, 0
0 59 30: 1257, 22, 1
0 59 31: 1257, 22, 2
0 59 33: 1257, 22, 0
0 59 34: 1259, 22, 3
0 59 35: 1258, 22, 3
0 59 36: 1257, 22, 3
0 59 37: 386, 10, 0
0 59 41: 2357, 10, 2
0 59 45: 1173, 10, 3
0 59 45: 1258, 22, 1
0 59 47: 1257, 22, 3
0 60 1: 1258, 22, 2
0 60 2: 1257, 22, 0
0 60 3: 1260, 22, 3
0 60 3: 1298, 10, 3
0 60 4: 1257, 22, 3
0 60 5: 1260, 22, 0
0 60 7: 1257, 22, 3
0 60 14: 1257, 22, 3
0 60 15: 2357, 10, 3
0 60 17: 1259, 22, 2
0 60 18: 1259, 22, 3
0 60 20: 1257, 22, 3
0 60 22: 1257, 22, 1
0 60 24: 2357, 10, 0
0 60 25: 1257, 22, 3
0 60 26: 1257, 22, 1
0 60 27: 1259, 22, 1
0 60 28: 1259, 22, 1
0 60 30: 1259, 22, 2
0 60 32: 1257, 22, 3
0 60 33: 1259, 22, 2
0 60 35: 1259, 22, 0
0 60 36: 1257, 22, 2
0 60 39: 1298, 10, 3
0 60 40: 1260, 22, 2
0 60 41: 1278, 10, 2
0 60 43: 1258, 22, 1
0 60 44: 1258, 22, 1
0 61 1: 1260, 22, 2
0 61 2: 1260, 22, 2
0 61 3: 1257, 22, 0
0 61 4: 1260, 22, 0
0 61 7: 1257, 22, 0
0 61 7: 1300, 10, 0
0 61 8: 1260, 22, 0
0 61 10: 1260, 22, 1
0 61 13: 1257, 22, 3
0 61 14: 1257, 22, 0
0 61 16: 2357, 10, 2
0 61 17: 1257, 22, 1
0 61 18: 1257, 22, 2
0 61 19: 1259, 22, 3
0 61 21: 2357, 10, 3
0 61 23: 1259, 22, 3
0 61 25: 1257, 22, 2
0 61 26: 1257, 22, 3
0 61 27: 1260, 22, 3
0 61 29: 1257, 22, 1
0 61 31: 1259, 22, 1
0 61 31: 2357, 10, 3
0 61 32: 1259, 22, 2
0 61 34: 1257, 22, 1
0 61 35: 1258, 22, 0
0 61 36: 1257, 22, 1
0 61 37: 1257, 22, 1
0 61 43: 1258, 22, 2
0 61 44: 1258, 22, 1
0 61 46: 2357, 10, 3
0 62 3: 1257, 22, 3
0 62 6: 1257, 22, 3
0 62 9: 1257, 22, 2
0 62 10: 1257, 22, 1
0 62 12: 2357, 10, 1
0 62 13: 1257, 22, 0
0 62 14: 1257, 22, 0
0 62 15: 1257, 22, 1
0 62 16: 1257, 22, 2
0 62 17: 1258, 22, 1
0 62 19: 2357, 10, 1
0 62 20: 1258, 22, 2
0 62 21: 1258, 22, 3
0 62 22: 1258, 22, 0
0 62 23: 1258, 22, 0
0 62 24: 1257, 22, 3
0 62 25: 1259, 22, 0
0 62 26: 1258, 22, 1
0 62 27: 1258, 22, 2
0 62 28: 1258, 22, 3
0 62 29: 1258, 22, 3
0 62 30: 1258, 22, 3
0 62 32: 1257, 22, 3
0 62 34: 1257, 22, 0
0 62 37: 1257, 22, 1
0 62 38: 1257, 22, 0
0 62 39: 2357, 10, 2
0 62 45: 1298, 10, 2
0 63 2: 1258, 22, 2
0 63 3: 1258, 22, 3
0 63 4: 1258, 22, 3
0 63 6: 1125, 10, 3
0 63 6: 1258, 22, 0
0 63 7: 1258, 22, 1
0 63 8: 1258, 22, 1
0 63 10: 1258, 22, 2
0 63 11: 1258, 22, 2
0 63 13: 1258, 22, 3
0 63 14: 1258, 22, 0
0 63 16: 1258, 22, 1
0 63 19: 1259, 22, 2
0 63 21: 1257, 22, 0
0 63 23: 1259, 22, 1
0 63 25: 1257, 22, 1
0 63 27: 1257, 22, 1
0 63 29: 1259, 22, 0
0 63 30: 1259, 22, 1
0 63 31: 2357, 10, 2
0 63 34: 1258, 22, 0
0 63 35: 1257, 22, 1
0 63 37: 1257, 22, 2
0 63 40: 1257, 22, 3
0 63 41: 1257, 22, 3
