0 0 0: 3170, 22, 2
0 0 1: 3170, 22, 1
0 0 2: 3125, 0, 1
0 0 62: 471, 10, 0
0 1 1: 3169, 22, 0
0 1 2: 3125, 0, 1
0 1 59: 474, 10, 1
0 2 0: 3170, 22, 3
0 2 1: 3170, 22, 0
0 2 2: 3125, 1, 0
0 2 3: 3125, 9, 0
0 2 57: 474, 10, 1
0 2 61: 471, 10, 2
0 3 0: 3169, 22, 3
0 3 2: 3170, 22, 1
0 3 3: 3125, 0, 1
0 3 59: 471, 10, 3
0 4 0: 3115, 3, 2
0 4 2: 3171, 22, 1
0 4 3: 3125, 0, 1
0 4 61: 471, 10, 1
0 5 1: 3169, 22, 2
0 5 2: 3170, 22, 2
0 5 3: 3125, 0, 1
0 5 6: 474, 10, 2
0 5 59: 474, 10, 1
0 6 0: 3116, 3, 2
0 6 0: 3171, 22, 0
0 6 1: 3170, 22, 3
0 6 3: 3125, 0, 1
0 6 8: 330, 22, 2
0 6 25: 473, 10, 2
0 6 27: 474, 10, 2
0 6 57: 474, 10, 1
0 6 62: 471, 10, 1
0 7 3: 3125, 0, 1
0 7 6: 330, 22, 0
0 7 7: 471, 10, 2
0 7 9: 474, 10, 2
0 7 11: 474, 10, 2
0 7 23: 473, 10, 2
0 7 43: 473, 10, 2
0 8 0: 3117, 3, 2
0 8 0: 3170, 22, 1
0 8 1: 3170, 22, 0
0 8 2: 3171, 22, 3
0 8 3: 3125, 0, 1
0 8 7: 330, 22, 3
0 8 14: 474, 10, 2
0 8 18: 474, 10, 2
0 8 21: 474, 10, 2
0 8 26: 471, 10, 2
0 8 29: 474, 10, 2
0 8 35: 474, 10, 2
0 8 41: 474, 10, 2
0 8 45: 473, 10, 2
0 8 57: 473, 10, 2
0 8 59: 474, 10, 2
0 8 61: 471, 10, 0
0 9 0: 3170, 22, 1
0 9 3: 3125, 1, 0
0 9 4: 3125, 9, 0
0 9 8: 471, 10, 2
0 9 10: 471, 10, 1
0 9 24: 471, 10, 2
0 9 31: 474, 10, 2
0 9 33: 474, 10, 2
0 9 37: 473, 10, 2
0 9 39: 474, 10, 2
0 9 43: 471, 10, 1
0 9 53: 474, 10, 2
0 9 55: 474, 10, 2
0 10 0: 3118, 3, 2
0 10 0: 3169, 22, 1
0 10 1: 3170, 22, 3
0 10 2: 3170, 22, 1
0 10 5: 3125, 9, 0
0 10 7: 330, 22, 2
0 10 12: 471, 10, 0
0 10 17: 474, 10, 2
0 10 20: 472, 10, 2
0 10 22: 472, 10, 2
0 10 26: 473, 10, 0
0 10 28: 471, 10, 2
0 10 35: 472, 10, 3
0 10 41: 471, 10, 1
0 10 45: 471, 10, 0
0 10 47: 474, 10, 2
0 10 51: 474, 10, 2
0 10 57: 471, 10, 0
0 10 59: 473, 10, 2
0 10 61: 472, 10, 3
0 11 0: 3170, 22, 3
0 11 1: 3170, 22, 3
0 11 3: 3171, 22, 2
0 11 4: 3170, 22, 1
0 11 5: 3125, 0, 1
0 11 8: 330, 22, 1
0 11 10: 472, 10, 3
0 11 14: 471, 10, 3
0 11 30: 471, 10, 1
0 11 32: 471, 10, 0
0 11 37: 472, 10, 0
0 11 39: 471, 10, 2
0 11 49: 474, 10, 2
0 11 53: 472, 10, 0
0 11 55: 471, 10, 1
0 12 0: 3119, 3, 2
0 12 1: 3169, 22, 0
0 12 2: 3170, 22, 2
0 12 4: 3170, 22, 2
0 12 5: 3125, 1, 0
0 12 6: 3125, 9, 0
0 12 9: 330, 22, 3
0 12 17: 472, 10, 0
0 12 19: 472, 10, 1
0 12 21: 473, 10, 0
0 12 28: 473, 10, 1
0 12 34: 471, 10, 3
0 12 41: 473, 10, 3
0 12 45: 473, 10, 0
0 12 47: 471, 10, 3
0 12 51: 472, 10, 1
0 12 57: 473, 10, 1
0 12 59: 471, 10, 0
0 12 61: 472, 10, 2
0 13 1: 3170, 22, 0
0 13 4: 3170, 22, 3
0 13 6: 3125, 1, 0
0 13 7: 3125, 9, 0
0 13 10: 474, 10, 0
0 13 15: 472, 10, 0
0 13 23: 473, 10, 3
0 13 36: 471, 10, 2
0 13 38: 472, 10, 0
0 13 49: 472, 10, 2
0 13 53: 471, 10, 2
0 13 55: 472, 10, 3
0 14 0: 3120, 3, 2
0 14 1: 3170, 22, 1
0 14 3: 3171, 22, 1
0 14 4: 3171, 22, 0
0 14 5: 3170, 22, 2
0 14 6: 3125, 1, 1
0 14 7: 3125, 9, 1
0 14 17: 473, 10, 0
0 14 19: 473, 10, 0
0 14 28: 473, 10, 0
0 14 34: 473, 10, 2
0 14 45: 473, 10, 0
0 14 47: 473, 10, 0
0 14 51: 473, 10, 0
0 14 58: 473, 10, 0
0 14 61: 473, 10, 0
0 15 1: 3170, 22, 3
0 15 2: 3170, 22, 1
0 15 5: 3125, 1, 1
0 15 6: 3125, 9, 1
0 15 15: 473, 10, 0
0 15 22: 471, 10, 2
0 15 53: 473, 10, 0
0 15 56: 473, 10, 0
0 16 0: 3121, 3, 2
0 16 2: 3170, 22, 1
0 16 4: 3125, 1, 1
0 16 5: 3125, 9, 1
0 17 0: 3170, 22, 1
0 17 1: 3170, 22, 3
0 17 4: 3125, 0, 1
0 17 8: 1326, 10, 1
0 17 21: 474, 10, 0
0 17 23: 473, 10, 0
0 18 0: 3169, 22, 3
0 18 1: 3170, 22, 0
0 18 3: 3170, 22, 2
0 18 4: 3125, 0, 1
0 18 25: 474, 10, 1
0 19 1: 3170, 22, 0
0 19 3: 3170, 22, 3
0 19 4: 1326, 10, 0
0 19 4: 3125, 3, 0
0 19 22: 473, 10, 1
0 20 2: 3170, 22, 2
0 20 24: 471, 10, 0
0 21 0: 3125, 3, 3
0 21 1: 3170, 22, 1
0 21 21: 474, 10, 2
0 22 2: 3170, 22, 2
0 22 3: 3170, 22, 3
0 22 12: 1326, 10, 0
0 22 23: 473, 10, 1
0 22 25: 474, 10, 2
0 23 0: 3171, 22, 3
0 23 54: 473, 10, 0
0 24 1: 3170, 22, 1
0 24 22: 471, 10, 1
0 25 0: 3170, 22, 0
0 25 4: 3170, 22, 3
0 25 6: 3170, 22, 2
0 25 7: 3170, 22, 0
0 25 8: 3171, 22, 0
0 25 9: 3170, 22, 2
0 25 10: 3170, 22, 1
0 25 11: 3170, 22, 2
0 25 12: 3170, 22, 0
0 25 13: 3170, 22, 2
0 25 24: 473, 10, 2
0 25 26: 474, 10, 3
0 26 3: 3181, 0, 1
0 26 4: 3171, 22, 1
0 26 5: 3170, 22, 0
0 26 5: 3181, 0, 1
0 26 6: 3169, 22, 3
0 26 6: 3181, 0, 1
0 26 7: 3158, 10, 1
0 26 7: 3170, 22, 3
0 26 8: 3158, 10, 2
0 26 9: 3170, 22, 3
0 26 9: 3181, 0, 1
0 26 10: 3169, 22, 0
0 26 11: 3158, 10, 2
0 26 11: 3171, 22, 3
0 26 12: 3158, 10, 1
0 26 12: 3170, 22, 3
0 26 13: 3169, 22, 1
0 26 13: 3181, 0, 1
0 26 14: 3170, 22, 3
0 27 3: 1158, 10, 1
0 27 3: 3152, 2, 3
0 27 4: 3155, 0, 0
0 27 5: 3154, 0, 0
0 27 5: 3182, 10, 3
0 27 6: 3152, 0, 0
0 27 6: 3182, 10, 3
0 27 7: 3155, 0, 0
0 27 8: 3156, 0, 0
0 27 9: 3154, 0, 0
0 27 10: 3155, 0, 0
0 27 11: 3157, 0, 0
0 27 12: 3156, 0, 0
0 27 13: 3154, 0, 0
0 27 14: 3152, 0, 0
0 27 15: 3152, 2, 0
0 27 23: 474, 10, 1
0 27 25: 471, 10, 0
0 27 27: 474, 10, 0
0 28 2: 3171, 22, 2
0 28 3: 3154, 0, 3
0 28 3: 3182, 10, 2
0 28 8: 3119, 3, 0
0 28 12: 3119, 3, 0
0 28 15: 3152, 0, 1
0 28 16: 3152, 1, 2
0 28 16: 3171, 22, 0
0 29 2: 3170, 22, 2
0 29 3: 3157, 0, 3
0 29 4: 3119, 3, 3
0 29 10: 3119, 3, 0
0 29 13: 653, 22, 0
0 29 15: 3183, 10, 1
0 29 16: 3152, 0, 3
0 29 17: 3170, 22, 2
0 29 26: 1123, 10, 1
0 29 28: 1123, 10, 0
0 30 1: 3170, 22, 0
0 30 2: 3169, 22, 2
0 30 3: 3156, 0, 3
0 30 4: 3119, 3, 2
0 30 11: 3186, 10, 3
0 30 13: 3187, 10, 3
0 30 15: 3184, 10, 1
0 30 16: 3152, 0, 3
0 30 61: 471, 10, 2
0 31 2: 3170, 22, 1
0 31 3: 3155, 0, 3
0 31 3: 3182, 10, 2
0 31 12: 652, 22, 0
0 31 15: 3185, 10, 1
0 31 16: 3152, 0, 3
0 31 16: 3170, 22, 1
0 31 17: 3171, 22, 1
0 31 18: 3170, 22, 1
0 31 25: 474, 10, 3
0 31 29: 471, 10, 3
0 31 40: 1123, 10, 0
0 32 3: 1158, 10, 3
0 32 3: 3152, 2, 2
0 32 4: 3152, 1, 2
0 32 5: 3152, 1, 1
0 32 6: 1158, 10, 2
0 32 6: 3152, 0, 2
0 32 7: 3152, 0, 2
0 32 15: 3190, 10, 1
0 32 16: 3152, 0, 3
0 32 16: 3170, 22, 1
0 32 27: 474, 10, 2
0 32 55: 474, 10, 3
0 33 2: 3170, 22, 3
0 33 3: 3171, 22, 0
0 33 4: 3152, 3, 3
0 33 5: 3152, 3, 0
0 33 6: 3171, 22, 1
0 33 7: 3152, 0, 1
0 33 8: 3159, 10, 2
0 33 14: 3159, 10, 0
0 33 16: 3152, 0, 3
0 33 16: 3170, 22, 3
0 33 17: 3170, 22, 0
0 34 6: 3170, 22, 0
0 34 7: 3152, 0, 1
0 34 8: 3190, 10, 3
0 34 15: 3182, 10, 0
0 34 16: 3152, 0, 3
0 34 16: 3170, 22, 3
0 34 25: 474, 10, 1
0 34 27: 473, 10, 0
0 34 31: 1123, 10, 1
0 34 59: 473, 10, 0
0 35 6: 3171, 22, 2
0 35 7: 3152, 0, 1
0 35 8: 3159, 10, 2
0 35 14: 3159, 10, 0
0 35 16: 3152, 0, 3
0 35 16: 3170, 22, 1
0 35 17: 3171, 22, 3
0 36 7: 3153, 0, 1
0 36 8: 3182, 10, 2
0 36 8: 3189, 0, 3
0 36 16: 3152, 0, 3
0 36 18: 3170, 22, 0
0 36 27: 471, 10, 2
0 36 29: 474, 10, 2
0 36 38: 1123, 10, 1
0 37 7: 3152, 0, 1
0 37 8: 3159, 10, 2
0 37 14: 3159, 10, 0
0 37 16: 3152, 0, 3
0 37 16: 3169, 22, 2
0 38 6: 3170, 22, 1
0 38 7: 3153, 0, 1
0 38 8: 3189, 0, 3
0 38 15: 3182, 10, 1
0 38 16: 3152, 0, 3
0 38 28: 1123, 10, 1
0 38 31: 1123, 10, 2
0 39 7: 3152, 0, 1
0 39 8: 3159, 10, 2
0 39 14: 3159, 10, 0
0 39 16: 3152, 0, 3
0 39 16: 3170, 22, 1
0 39 18: 3170, 22, 3
0 39 40: 1123, 10, 2
0 39 56: 471, 10, 3
0 40 6: 3171, 22, 3
0 40 7: 3153, 0, 1
0 40 8: 3182, 10, 2
0 40 8: 3189, 0, 3
0 40 16: 3152, 0, 3
0 40 16: 3170, 22, 2
0 40 17: 3171, 22, 1
0 40 30: 1123, 10, 3
0 40 38: 1123, 10, 0
0 41 7: 3152, 0, 1
0 41 8: 3159, 10, 2
0 41 14: 3159, 10, 0
0 41 16: 3152, 0, 3
0 41 16: 3170, 22, 2
0 41 17: 3171, 22, 0
0 41 35: 1405, 10, 1
0 42 6: 3170, 22, 0
0 42 7: 3153, 0, 1
0 42 8: 3188, 0, 3
0 42 15: 3190, 10, 1
0 42 16: 3152, 0, 3
0 42 17: 3169, 22, 3
0 42 31: 1404, 10, 3
0 42 41: 1123, 10, 0
0 42 61: 473, 10, 2
0 43 6: 3170, 22, 2
0 43 7: 3152, 0, 1
0 43 8: 3159, 10, 2
0 43 14: 3159, 10, 0
0 43 16: 3152, 0, 3
0 43 16: 3169, 22, 2
0 43 25: 1405, 10, 0
0 43 44: 3171, 22, 1
0 43 58: 473, 10, 1
0 44 6: 3169, 22, 3
0 44 7: 3155, 0, 1
0 44 9: 3119, 3, 2
0 44 16: 3152, 0, 3
0 44 31: 1405, 10, 1
0 44 41: 3171, 22, 2
0 44 48: 3171, 22, 0
0 44 51: 3204, 22, 1
0 45 0: 3125, 3, 3
0 45 4: 3152, 3, 2
0 45 5: 3152, 3, 1
0 45 6: 3170, 22, 2
0 45 7: 3156, 0, 1
0 45 14: 3159, 10, 0
0 45 16: 3152, 2, 2
0 45 16: 3170, 22, 2
0 45 17: 3152, 0, 2
0 45 18: 3152, 0, 2
0 45 19: 3152, 0, 2
0 45 20: 3152, 0, 2
0 45 21: 3152, 0, 2
0 45 22: 3152, 0, 2
0 45 23: 3152, 1, 2
0 45 29: 1405, 10, 2
0 45 53: 3171, 22, 2
0 46 2: 3170, 22, 0
0 46 3: 1158, 10, 1
0 46 3: 3152, 2, 3
0 46 4: 3152, 1, 3
0 46 5: 3152, 1, 0
0 46 6: 1158, 10, 2
0 46 6: 3152, 0, 0
0 46 7: 3155, 0, 0
0 46 9: 3119, 3, 2
0 46 15: 3182, 10, 0
0 46 16: 3152, 0, 3
0 46 16: 3182, 10, 2
0 46 17: 3182, 10, 2
0 46 18: 3182, 10, 2
0 46 22: 202, 10, 2
0 46 23: 3152, 0, 3
0 46 31: 1405, 10, 2
0 46 38: 1123, 10, 2
0 47 2: 3169, 22, 1
0 47 3: 3152, 0, 3
0 47 14: 3159, 10, 0
0 47 16: 3152, 0, 3
0 47 16: 3182, 10, 2
0 47 17: 928, 22, 3
0 47 17: 3182, 10, 2
0 47 18: 929, 22, 3
0 47 18: 3182, 10, 2
0 47 19: 929, 22, 3
0 47 20: 928, 22, 0
0 47 23: 3152, 0, 3
0 47 33: 1405, 10, 0
0 47 46: 3171, 22, 1
0 47 48: 3171, 22, 2
0 47 49: 3204, 22, 1
0 48 1: 3170, 22, 3
0 48 2: 3170, 22, 1
0 48 3: 3152, 0, 3
0 48 3: 3182, 10, 2
0 48 17: 929, 22, 2
0 48 18: 930, 22, 3
0 48 19: 930, 22, 3
0 48 20: 929, 22, 0
0 48 21: 409, 10, 2
0 48 21: 2752, 22, 0
0 48 23: 3152, 0, 3
0 48 26: 1405, 10, 2
0 48 40: 3171, 22, 1
0 48 41: 3204, 22, 3
0 48 42: 3171, 22, 2
0 49 0: 3121, 3, 3
0 49 2: 3169, 22, 0
0 49 3: 3152, 0, 3
0 49 3: 3182, 10, 2
0 49 17: 929, 22, 2
0 49 18: 930, 22, 3
0 49 19: 930, 22, 3
0 49 20: 929, 22, 0
0 49 23: 3152, 0, 3
0 49 30: 1123, 10, 3
0 49 48: 3204, 22, 2
0 49 59: 3171, 22, 2
0 50 1: 3170, 22, 2
0 50 3: 3152, 0, 3
0 50 3: 3182, 10, 2
0 50 16: 3152, 0, 3
0 50 16: 3182, 10, 2
0 50 17: 928, 22, 2
0 50 17: 3182, 10, 2
0 50 18: 929, 22, 1
0 50 18: 3182, 10, 2
0 50 19: 929, 22, 1
0 50 20: 928, 22, 1
0 50 23: 3152, 0, 3
0 50 27: 1123, 10, 0
0 50 33: 3171, 22, 3
0 50 38: 3204, 22, 0
0 50 50: 3171, 22, 0
0 51 0: 3120, 3, 3
0 51 1: 3170, 22, 1
0 51 3: 1158, 10, 1
0 51 3: 3152, 2, 2
0 51 4: 3152, 0, 2
0 51 5: 3152, 0, 2
0 51 5: 3182, 10, 1
0 51 6: 3152, 0, 2
0 51 6: 3182, 10, 1
0 51 7: 3152, 0, 2
0 51 8: 3152, 0, 2
0 51 9: 3152, 1, 2
0 51 10: 3185, 10, 2
0 51 11: 3184, 10, 2
0 51 12: 3185, 10, 2
0 51 13: 3184, 10, 2
0 51 14: 3183, 10, 2
0 51 16: 3152, 0, 3
0 51 16: 3182, 10, 2
0 51 17: 3182, 10, 2
0 51 18: 3182, 10, 2
0 51 22: 202, 10, 2
0 51 23: 3152, 0, 3
0 51 38: 3171, 22, 1
0 51 42: 1123, 10, 3
0 51 55: 3171, 22, 1
0 52 2: 3170, 22, 0
0 52 3: 3125, 0, 3
0 52 3: 3169, 22, 3
0 52 4: 356, 10, 2
0 52 5: 362, 10, 2
0 52 6: 356, 10, 0
0 52 7: 358, 10, 0
0 52 7: 3125, 0, 1
0 52 8: 3152, 1, 0
0 52 8: 3170, 22, 1
0 52 9: 3152, 0, 0
0 52 10: 3152, 0, 0
0 52 11: 3152, 0, 0
0 52 12: 3152, 0, 0
0 52 13: 3152, 0, 0
0 52 13: 3170, 22, 3
0 52 14: 3152, 0, 0
0 52 14: 3170, 22, 2
0 52 15: 3152, 0, 0
0 52 15: 3170, 22, 1
0 52 16: 3152, 0, 0
0 52 17: 3152, 0, 0
0 52 18: 3152, 0, 0
0 52 19: 3152, 0, 0
0 52 20: 3152, 0, 0
0 52 21: 3152, 0, 0
0 52 22: 3152, 0, 0
0 52 23: 3152, 1, 3
0 52 56: 3204, 22, 3
0 52 57: 3171, 22, 2
0 53 0: 3119, 3, 3
0 53 2: 3170, 22, 2
0 53 3: 3125, 0, 3
0 53 3: 3170, 22, 3
0 53 3: 3195, 10, 0
0 53 4: 3170, 22, 3
0 53 5: 3193, 10, 2
0 53 6: 2877, 10, 0
0 53 7: 357, 10, 0
0 53 7: 3125, 0, 1
0 53 8: 3170, 22, 2
0 53 12: 3170, 22, 0
0 53 31: 3171, 22, 0
0 53 37: 3171, 22, 3
0 53 62: 3171, 22, 3
0 54 2: 3171, 22, 2
0 54 3: 3170, 22, 0
0 54 4: 3170, 22, 0
0 54 5: 2738, 22, 2
0 54 6: 3193, 10, 1
0 54 7: 718, 10, 0
0 54 7: 3125, 0, 1
0 54 7: 3170, 22, 2
0 54 8: 3170, 22, 3
0 54 36: 3171, 22, 0
0 54 37: 3204, 22, 1
0 54 40: 1123, 10, 2
0 54 59: 3171, 22, 0
0 54 60: 3171, 22, 3
0 54 63: 3171, 22, 0
0 55 0: 3118, 3, 3
0 55 2: 3170, 22, 1
0 55 3: 3125, 3, 2
0 55 3: 3170, 22, 3
0 55 4: 3169, 22, 0
0 55 5: 3170, 22, 1
0 55 6: 3170, 22, 1
0 55 7: 3125, 0, 1
0 55 7: 3170, 22, 3
0 55 8: 3170, 22, 3
0 55 25: 3171, 22, 2
0 55 29: 1123, 10, 0
0 55 62: 3204, 22, 1
0 56 2: 3170, 22, 0
0 56 3: 3125, 2, 2
0 56 3: 3171, 22, 3
0 56 4: 3125, 0, 2
0 56 4: 3170, 22, 0
0 56 5: 3125, 0, 2
0 56 5: 3170, 22, 0
0 56 6: 3125, 0, 2
0 56 6: 3170, 22, 1
0 56 7: 3125, 2, 1
0 56 7: 3169, 22, 2
0 56 32: 3171, 22, 1
0 56 33: 3204, 22, 1
0 56 34: 3171, 22, 2
0 57 0: 3117, 3, 3
0 57 4: 3170, 22, 3
0 57 20: 3204, 22, 0
0 57 32: 3171, 22, 0
0 57 63: 3171, 22, 2
0 58 17: 3171, 22, 3
0 58 29: 3171, 22, 3
0 59 0: 3116, 3, 3
0 59 13: 3171, 22, 2
0 59 15: 3204, 22, 1
0 59 16: 3171, 22, 1
0 59 20: 3171, 22, 3
0 59 21: 3204, 22, 1
0 59 22: 3171, 22, 0
0 59 29: 3204, 22, 2
0 59 30: 3171, 22, 2
0 59 36: 1406, 10, 2
0 60 10: 3204, 22, 0
0 60 15: 3171, 22, 2
0 60 17: 3204, 22, 3
0 60 22: 3171, 22, 1
0 60 23: 3204, 22, 0
0 61 0: 3115, 3, 3
0 61 10: 3171, 22, 0
0 61 31: 1123, 10, 2
0 61 35: 1406, 10, 1
0 62 8: 3204, 22, 3
0 62 19: 1406, 10, 1
0 63 6: 3171, 22, 3
0 63 9: 3204, 22, 2
1 1 0: 3124, 22, 3
1 1 0: 3125, 0, 3
1 2 0: 3124, 22, 3
1 2 0: 3125, 0, 3
1 3 0: 3124, 22, 3
1 3 0: 3125, 0, 3
1 4 0: 3124, 22, 3
1 4 0: 3125, 0, 3
1 5 0: 3124, 22, 3
1 5 0: 3125, 0, 3
1 6 0: 3124, 22, 3
1 6 0: 3125, 0, 3
1 7 0: 3124, 22, 3
1 7 0: 3125, 0, 3
1 8 0: 3124, 22, 3
1 8 0: 3125, 0, 3
1 9 0: 3124, 22, 3
1 9 0: 3125, 0, 3
1 10 0: 3124, 22, 3
1 10 0: 3125, 0, 3
1 11 0: 3124, 22, 3
1 11 0: 3125, 0, 3
1 12 0: 3124, 22, 3
1 12 0: 3125, 0, 3
1 13 0: 3124, 22, 3
1 13 0: 3125, 0, 3
1 14 0: 3124, 22, 3
1 14 0: 3125, 0, 3
1 15 0: 3124, 22, 3
1 15 0: 3125, 0, 3
1 16 0: 3124, 22, 3
1 16 0: 3125, 0, 3
1 17 0: 3124, 22, 3
1 17 0: 3125, 0, 3
1 17 8: 1327, 10, 1
1 18 0: 3124, 22, 3
1 18 0: 3125, 0, 3
1 19 0: 3124, 22, 3
1 19 0: 3125, 0, 3
1 19 4: 1327, 10, 0
1 20 0: 3124, 22, 3
1 20 0: 3125, 0, 3
1 22 12: 1327, 10, 0
1 27 3: 3167, 2, 3
1 27 4: 3175, 22, 1
1 27 4: 3178, 0, 0
1 27 5: 3175, 22, 0
1 27 5: 3177, 0, 0
1 27 6: 3167, 0, 0
1 27 7: 3175, 22, 1
1 27 7: 3178, 0, 0
1 27 13: 3175, 22, 0
1 27 13: 3177, 0, 0
1 27 14: 3167, 0, 0
1 27 15: 3167, 2, 0
1 28 3: 3175, 22, 3
1 28 3: 3177, 0, 3
1 28 4: 3167, 22, 2
1 28 5: 3167, 22, 2
1 28 6: 3167, 22, 2
1 28 7: 3167, 22, 2
1 28 8: 3176, 22, 1
1 28 9: 3175, 22, 1
1 28 11: 3175, 22, 0
1 28 12: 3176, 22, 1
1 28 13: 3167, 22, 2
1 28 14: 3167, 22, 2
1 28 15: 3167, 0, 1
1 28 16: 3168, 1, 2
1 29 4: 3176, 22, 0
1 29 5: 3167, 22, 2
1 29 6: 3167, 22, 2
1 29 7: 3167, 22, 2
1 29 8: 3167, 22, 2
1 29 9: 3167, 22, 2
1 29 10: 3176, 22, 1
1 29 11: 3167, 22, 2
1 29 12: 3167, 22, 2
1 29 13: 3167, 22, 2
1 29 14: 3167, 22, 2
1 29 15: 3167, 22, 2
1 29 16: 3168, 0, 3
1 30 4: 3176, 22, 0
1 30 5: 3167, 22, 2
1 30 6: 3167, 22, 2
1 30 7: 3167, 22, 2
1 30 8: 3167, 22, 2
1 30 9: 3167, 22, 2
1 30 10: 3167, 22, 2
1 30 11: 3167, 22, 2
1 30 12: 3167, 22, 2
1 30 13: 3167, 22, 2
1 30 14: 3167, 22, 2
1 30 15: 3167, 22, 2
1 30 16: 3168, 0, 3
1 31 3: 3175, 22, 0
1 31 3: 3178, 0, 3
1 31 4: 3167, 22, 2
1 31 5: 3167, 22, 2
1 31 6: 3167, 22, 2
1 31 7: 3167, 22, 2
1 31 8: 3167, 22, 2
1 31 9: 3167, 22, 2
1 31 10: 3167, 22, 2
1 31 11: 3167, 22, 2
1 31 12: 3167, 22, 2
1 31 13: 3167, 22, 2
1 31 14: 3167, 22, 2
1 31 15: 3167, 22, 2
1 31 16: 3168, 0, 3
1 32 3: 3167, 2, 2
1 32 4: 3167, 0, 2
1 32 5: 3167, 0, 2
1 32 6: 3167, 0, 2
1 32 7: 3167, 0, 2
1 32 8: 3167, 22, 2
1 32 9: 3167, 22, 2
1 32 10: 3167, 22, 2
1 32 11: 3167, 22, 2
1 32 12: 3167, 22, 2
1 32 13: 3167, 22, 2
1 32 14: 3167, 22, 2
1 32 15: 3167, 22, 2
1 32 16: 3168, 0, 3
1 33 7: 3168, 0, 1
1 33 8: 3167, 22, 2
1 33 9: 3167, 22, 2
1 33 10: 3167, 22, 2
1 33 11: 3167, 22, 2
1 33 12: 3167, 22, 2
1 33 13: 3167, 22, 2
1 33 14: 3167, 22, 2
1 33 15: 3167, 22, 2
1 33 16: 3168, 0, 3
1 34 7: 3168, 0, 1
1 34 8: 3167, 22, 2
1 34 9: 3167, 22, 2
1 34 10: 3167, 22, 2
1 34 11: 3167, 22, 2
1 34 12: 3167, 22, 2
1 34 13: 3167, 22, 2
1 34 14: 3167, 22, 2
1 34 15: 3167, 22, 2
1 34 16: 3168, 0, 3
1 35 7: 3168, 0, 1
1 35 8: 3167, 22, 2
1 35 9: 3167, 22, 2
1 35 10: 3167, 22, 2
1 35 11: 3167, 22, 2
1 35 12: 3167, 22, 2
1 35 13: 3167, 22, 2
1 35 14: 3167, 22, 2
1 35 15: 3167, 22, 2
1 35 16: 3168, 0, 3
1 36 7: 3168, 0, 1
1 36 8: 3167, 22, 2
1 36 9: 3167, 22, 2
1 36 10: 3167, 22, 2
1 36 11: 3167, 22, 2
1 36 12: 3167, 22, 2
1 36 13: 3167, 22, 2
1 36 14: 3167, 22, 2
1 36 15: 3167, 22, 2
1 36 16: 3168, 0, 3
1 37 7: 3168, 0, 1
1 37 8: 3167, 22, 2
1 37 9: 3167, 22, 2
1 37 10: 3167, 22, 2
1 37 11: 3167, 22, 2
1 37 12: 3167, 22, 2
1 37 13: 3167, 22, 2
1 37 14: 3167, 22, 2
1 37 15: 3167, 22, 2
1 37 16: 3168, 0, 3
1 38 7: 3168, 0, 1
1 38 8: 3167, 22, 2
1 38 9: 3167, 22, 2
1 38 10: 3167, 22, 2
1 38 11: 3167, 22, 2
1 38 12: 3167, 22, 2
1 38 13: 3167, 22, 2
1 38 14: 3167, 22, 2
1 38 15: 3167, 22, 2
1 38 16: 3168, 0, 3
1 39 7: 3168, 0, 1
1 39 8: 3167, 22, 2
1 39 9: 3167, 22, 2
1 39 10: 3167, 22, 2
1 39 11: 3167, 22, 2
1 39 12: 3167, 22, 2
1 39 13: 3167, 22, 2
1 39 14: 3167, 22, 2
1 39 15: 3167, 22, 2
1 39 16: 3168, 0, 3
1 40 7: 3168, 0, 1
1 40 8: 3167, 22, 2
1 40 9: 3167, 22, 2
1 40 10: 3167, 22, 2
1 40 11: 3167, 22, 2
1 40 12: 3167, 22, 2
1 40 13: 3167, 22, 2
1 40 14: 3167, 22, 2
1 40 15: 3167, 22, 2
1 40 16: 3168, 0, 3
1 41 7: 3168, 0, 1
1 41 8: 3167, 22, 2
1 41 9: 3167, 22, 2
1 41 10: 3167, 22, 2
1 41 11: 3167, 22, 2
1 41 12: 3167, 22, 2
1 41 13: 3167, 22, 2
1 41 14: 3167, 22, 2
1 41 15: 3167, 22, 2
1 41 16: 3168, 0, 3
1 42 7: 3168, 0, 1
1 42 8: 3167, 22, 2
1 42 9: 3167, 22, 2
1 42 10: 3167, 22, 2
1 42 11: 3167, 22, 2
1 42 12: 3167, 22, 2
1 42 13: 3167, 22, 2
1 42 14: 3167, 22, 2
1 42 15: 3167, 22, 2
1 42 16: 3168, 0, 3
1 43 7: 3168, 0, 1
1 43 8: 3167, 22, 2
1 43 9: 3167, 22, 2
1 43 10: 3167, 22, 2
1 43 11: 3167, 22, 2
1 43 12: 3167, 22, 2
1 43 13: 3167, 22, 2
1 43 14: 3167, 22, 2
1 43 15: 3167, 22, 2
1 43 16: 3168, 0, 3
1 44 7: 3180, 0, 1
1 44 8: 3175, 22, 3
1 44 9: 3167, 22, 2
1 44 10: 3167, 22, 2
1 44 11: 3167, 22, 2
1 44 12: 3167, 22, 2
1 44 13: 3167, 22, 2
1 44 14: 3167, 22, 2
1 44 15: 3167, 22, 2
1 44 16: 3168, 0, 3
1 45 0: 3124, 22, 3
1 45 0: 3125, 0, 3
1 45 9: 3176, 22, 0
1 45 10: 3167, 22, 2
1 45 11: 3167, 22, 2
1 45 12: 3167, 22, 2
1 45 13: 3167, 22, 2
1 45 14: 3167, 22, 2
1 45 15: 3175, 22, 2
1 45 17: 3168, 0, 2
1 45 18: 3168, 0, 2
1 45 19: 3168, 0, 2
1 45 20: 3168, 0, 2
1 45 21: 3168, 0, 2
1 45 22: 3168, 0, 2
1 45 23: 3168, 1, 2
1 46 0: 3124, 22, 3
1 46 0: 3125, 0, 3
1 46 3: 3167, 2, 3
1 46 4: 3167, 0, 0
1 46 5: 3167, 0, 0
1 46 6: 3176, 22, 2
1 46 9: 3176, 22, 0
1 46 10: 3167, 22, 2
1 46 11: 3167, 22, 2
1 46 12: 3167, 22, 2
1 46 13: 3167, 22, 2
1 46 14: 3176, 22, 2
1 46 16: 3175, 22, 0
1 46 17: 3167, 22, 2
1 46 18: 3167, 22, 2
1 46 19: 3167, 22, 2
1 46 20: 3167, 22, 2
1 46 21: 3167, 22, 2
1 46 22: 3167, 22, 2
1 46 23: 3168, 0, 3
1 47 0: 3124, 22, 3
1 47 0: 3125, 0, 3
1 47 3: 3167, 0, 3
1 47 4: 3167, 22, 2
1 47 5: 3167, 22, 2
1 47 6: 3167, 22, 2
1 47 7: 3175, 22, 1
1 47 8: 3175, 22, 0
1 47 9: 3167, 22, 2
1 47 10: 3167, 22, 2
1 47 11: 3167, 22, 2
1 47 12: 3167, 22, 2
1 47 13: 3167, 22, 2
1 47 14: 3167, 22, 2
1 47 15: 3176, 22, 1
1 47 16: 3167, 22, 2
1 47 17: 3167, 22, 2
1 47 18: 3167, 22, 2
1 47 19: 3167, 22, 2
1 47 20: 3167, 22, 2
1 47 21: 3167, 22, 2
1 47 22: 3167, 22, 2
1 47 23: 3168, 0, 3
1 48 0: 3124, 22, 3
1 48 0: 3125, 0, 3
1 48 3: 3167, 0, 3
1 48 4: 3167, 22, 2
1 48 5: 3167, 22, 2
1 48 6: 3167, 22, 2
1 48 7: 3167, 22, 2
1 48 8: 3167, 22, 2
1 48 9: 3167, 22, 2
1 48 10: 3167, 22, 2
1 48 11: 3167, 22, 2
1 48 12: 3167, 22, 2
1 48 13: 3167, 22, 2
1 48 14: 3167, 22, 2
1 48 15: 3167, 22, 2
1 48 16: 3167, 22, 2
1 48 17: 3167, 22, 2
1 48 18: 3167, 22, 2
1 48 19: 3167, 22, 2
1 48 20: 3167, 22, 2
1 48 21: 3167, 22, 2
1 48 22: 3167, 22, 2
1 48 23: 3168, 0, 3
1 49 0: 3124, 22, 3
1 49 0: 3125, 0, 3
1 49 3: 3167, 0, 3
1 49 4: 3167, 22, 2
1 49 5: 3167, 22, 2
1 49 6: 3167, 22, 2
1 49 7: 3167, 22, 2
1 49 8: 3167, 22, 2
1 49 9: 3167, 22, 2
1 49 10: 3167, 22, 2
1 49 11: 3167, 22, 2
1 49 12: 3167, 22, 2
1 49 13: 3167, 22, 2
1 49 14: 3167, 22, 2
1 49 15: 3167, 22, 2
1 49 16: 3167, 22, 2
1 49 17: 3167, 22, 2
1 49 18: 3167, 22, 2
1 49 19: 3167, 22, 2
1 49 20: 3167, 22, 2
1 49 21: 3167, 22, 2
1 49 22: 3167, 22, 2
1 49 23: 3168, 0, 3
1 50 0: 3124, 22, 3
1 50 0: 3125, 0, 3
1 50 3: 3167, 0, 3
1 50 4: 3167, 22, 2
1 50 5: 3167, 22, 2
1 50 6: 3167, 22, 2
1 50 7: 3167, 22, 2
1 50 8: 3167, 22, 2
1 50 9: 3167, 22, 2
1 50 10: 3167, 22, 2
1 50 11: 3167, 22, 2
1 50 12: 3167, 22, 2
1 50 13: 3167, 22, 2
1 50 14: 3167, 22, 2
1 50 15: 3167, 22, 2
1 50 16: 3167, 22, 2
1 50 17: 3167, 22, 2
1 50 18: 3167, 22, 2
1 50 19: 3167, 22, 2
1 50 20: 3167, 22, 2
1 50 21: 3167, 22, 2
1 50 22: 3167, 22, 2
1 50 23: 3168, 0, 3
1 51 0: 3124, 22, 3
1 51 0: 3125, 0, 3
1 51 3: 3167, 2, 2
1 51 4: 3167, 0, 2
1 51 5: 3167, 0, 2
1 51 6: 3167, 0, 2
1 51 7: 3167, 0, 2
1 51 8: 3167, 0, 2
1 51 9: 3167, 22, 2
1 51 9: 3168, 1, 2
1 51 10: 3167, 22, 2
1 51 11: 3167, 22, 2
1 51 12: 3167, 22, 2
1 51 13: 3167, 22, 2
1 51 14: 3167, 22, 2
1 51 15: 3167, 22, 2
1 51 16: 3167, 22, 2
1 51 17: 3167, 22, 2
1 51 18: 3167, 22, 2
1 51 19: 3167, 22, 2
1 51 20: 3167, 22, 2
1 51 21: 3167, 22, 2
1 51 22: 3167, 22, 2
1 51 23: 3168, 0, 3
1 52 0: 3124, 22, 3
1 52 0: 3125, 0, 3
1 52 8: 3168, 1, 0
1 52 9: 3168, 0, 0
1 52 10: 3168, 0, 0
1 52 11: 3168, 0, 0
1 52 12: 3168, 0, 0
1 52 13: 3168, 0, 0
1 52 14: 3168, 0, 0
1 52 15: 3168, 0, 0
1 52 16: 3168, 0, 0
1 52 17: 3168, 0, 0
1 52 18: 3168, 0, 0
1 52 19: 3168, 0, 0
1 52 20: 3168, 0, 0
1 52 21: 3168, 0, 0
1 52 22: 3168, 0, 0
1 52 23: 3168, 1, 3
1 53 0: 3124, 22, 3
1 53 0: 3125, 0, 3
1 54 0: 3124, 22, 3
1 54 0: 3125, 0, 3
1 55 0: 3124, 22, 3
1 55 0: 3125, 0, 3
1 56 0: 3124, 22, 3
1 56 0: 3125, 0, 3
1 57 0: 3124, 22, 3
1 57 0: 3125, 0, 3
1 58 0: 3124, 22, 3
1 58 0: 3125, 0, 3
1 59 0: 3124, 22, 3
1 59 0: 3125, 0, 3
1 60 0: 3124, 22, 3
1 60 0: 3125, 0, 3
1 61 0: 3124, 22, 3
1 61 0: 3125, 0, 3
1 62 0: 3124, 22, 3
1 62 0: 3125, 0, 3
1 63 0: 3124, 22, 3
1 63 0: 3125, 0, 3
2 17 8: 1328, 10, 1
2 19 4: 1328, 10, 0
2 21 11: 1329, 10, 0
3 16 7: 1329, 10, 1
3 18 3: 1329, 10, 0
