0 0 46: 1253, 22, 1
0 0 55: 754, 22, 1
0 0 56: 754, 22, 1
0 0 57: 754, 22, 1
0 0 58: 754, 22, 1
0 1 14: 1253, 22, 0
0 1 22: 1253, 22, 1
0 1 55: 754, 22, 1
0 1 56: 754, 22, 1
0 1 57: 754, 22, 1
0 1 58: 754, 22, 1
0 2 16: 1253, 22, 3
0 2 18: 1253, 22, 2
0 2 19: 1253, 22, 1
0 2 26: 1244, 22, 3
0 2 30: 1253, 22, 3
0 3 14: 1278, 10, 2
0 3 17: 1245, 22, 3
0 3 19: 1276, 10, 0
0 3 26: 1253, 22, 2
0 3 35: 1253, 22, 2
0 3 40: 1253, 22, 0
0 4 14: 1247, 22, 0
0 4 19: 1253, 22, 3
0 4 20: 1246, 22, 0
0 5 18: 1244, 22, 0
0 5 45: 1253, 22, 3
0 5 46: 1276, 10, 2
0 6 11: 1244, 22, 1
0 6 47: 1247, 22, 2
0 7 16: 1246, 22, 1
0 7 16: 1276, 10, 1
0 7 18: 1253, 22, 1
0 8 15: 1246, 22, 2
0 8 16: 1247, 22, 3
0 10 37: 3504, 10, 3
0 11 34: 3504, 10, 1
0 11 36: 3504, 10, 1
0 11 37: 3502, 10, 2
0 11 38: 3505, 10, 2
0 11 39: 3504, 10, 1
0 12 35: 3505, 10, 3
0 12 36: 3501, 10, 1
0 12 37: 1272, 22, 0
0 12 37: 3502, 10, 1
0 12 38: 3502, 10, 0
0 12 39: 3501, 10, 2
0 12 40: 3501, 10, 2
0 13 34: 3505, 10, 0
0 13 35: 1272, 22, 1
0 13 35: 3501, 10, 1
0 13 36: 1272, 22, 2
0 13 36: 3501, 10, 0
0 13 37: 3501, 10, 3
0 13 38: 1272, 22, 3
0 13 38: 3501, 10, 2
0 13 39: 3501, 10, 1
0 13 40: 3505, 10, 0
0 13 41: 3504, 10, 0
0 13 59: 1272, 22, 1
0 13 61: 3508, 11, 0
0 13 62: 1272, 22, 1
0 13 62: 3512, 11, 1
0 13 63: 3510, 11, 3
0 14 31: 1272, 22, 2
0 14 34: 3505, 10, 2
0 14 35: 3501, 10, 3
0 14 36: 3501, 10, 0
0 14 37: 3505, 10, 3
0 14 39: 3505, 10, 1
0 14 40: 3501, 10, 1
0 14 41: 3505, 10, 2
0 14 45: 3508, 10, 1
0 14 47: 3512, 10, 0
0 14 61: 3510, 11, 0
0 14 63: 3508, 11, 2
0 15 30: 3508, 11, 1
0 15 33: 3505, 10, 1
0 15 34: 3501, 10, 3
0 15 35: 3501, 10, 2
0 15 37: 1368, 10, 1
0 15 41: 3504, 10, 3
0 15 57: 1272, 22, 0
0 15 61: 1272, 22, 2
0 15 61: 3508, 11, 1
0 15 62: 3510, 11, 2
0 15 63: 3512, 11, 0
0 16 24: 1250, 22, 3
0 16 26: 1173, 10, 2
0 16 31: 3512, 10, 0
0 16 34: 3504, 10, 0
0 16 35: 3504, 10, 1
0 16 36: 3549, 22, 0
0 16 37: 684, 10, 1
0 16 43: 3508, 10, 0
0 16 46: 1272, 22, 1
0 16 48: 3508, 10, 3
0 16 56: 3512, 11, 1
0 16 59: 1272, 22, 3
0 17 25: 1250, 22, 2
0 17 26: 1272, 22, 2
0 17 32: 1272, 22, 3
0 17 39: 1366, 10, 1
0 17 49: 1272, 22, 2
0 18 22: 3508, 10, 3
0 18 24: 1272, 22, 0
0 18 25: 3514, 10, 0
0 18 26: 1272, 22, 1
0 18 27: 1173, 10, 3
0 18 30: 3508, 11, 0
0 18 32: 3510, 10, 0
0 18 34: 3508, 10, 2
0 18 35: 3512, 10, 3
0 18 37: 1367, 10, 1
0 18 40: 684, 10, 0
0 18 42: 3549, 22, 0
0 18 44: 3508, 10, 1
0 18 48: 3508, 10, 2
0 18 53: 3512, 11, 2
0 18 55: 3508, 11, 3
0 19 26: 3510, 10, 1
0 19 51: 1272, 22, 0
0 19 53: 1272, 22, 3
0 19 57: 3512, 10, 2
0 20 21: 1173, 10, 3
0 20 24: 1272, 22, 3
0 20 25: 3549, 22, 0
0 20 26: 3508, 10, 0
0 20 26: 3549, 22, 1
0 20 32: 3508, 10, 3
0 20 35: 3510, 10, 2
0 20 40: 3549, 22, 0
0 20 41: 3549, 22, 1
0 20 47: 3512, 10, 0
0 20 56: 3510, 10, 1
0 20 59: 3508, 10, 3
0 21 19: 3512, 10, 0
0 21 23: 3548, 22, 3
0 21 24: 3547, 22, 3
0 21 25: 3547, 22, 1
0 21 26: 3548, 22, 3
0 21 27: 3508, 11, 2
0 21 27: 3549, 22, 3
0 21 31: 3512, 10, 0
0 21 33: 3510, 10, 0
0 21 36: 1272, 22, 0
0 21 42: 3508, 11, 1
0 21 46: 3508, 11, 1
0 21 54: 3549, 22, 2
0 21 60: 3512, 10, 1
0 22 17: 3508, 10, 2
0 22 22: 3549, 22, 1
0 22 23: 3548, 22, 2
0 22 24: 3549, 22, 2
0 22 25: 3549, 22, 0
0 22 26: 3548, 22, 0
0 22 27: 3547, 22, 1
0 22 31: 3508, 10, 0
0 22 33: 3508, 11, 3
0 22 36: 3510, 10, 1
0 22 40: 3508, 10, 2
0 22 46: 1272, 22, 0
0 22 52: 3510, 10, 0
0 22 53: 3549, 22, 1
0 22 54: 3548, 22, 2
0 22 55: 3548, 22, 3
0 22 56: 3508, 10, 1
0 22 56: 3549, 22, 3
0 22 62: 3508, 10, 0
0 23 15: 3508, 10, 0
0 23 18: 3508, 10, 0
0 23 23: 3549, 22, 1
0 23 25: 684, 10, 0
0 23 27: 3548, 22, 0
0 23 28: 3549, 22, 2
0 23 31: 3510, 10, 3
0 23 33: 3508, 11, 2
0 23 36: 1173, 10, 1
0 23 52: 3549, 22, 1
0 23 53: 3548, 22, 0
0 23 54: 3548, 22, 1
0 23 55: 3547, 22, 2
0 23 56: 3548, 22, 0
0 24 22: 1366, 10, 0
0 24 27: 3549, 22, 1
0 24 28: 3512, 10, 0
0 24 29: 1249, 22, 0
0 24 36: 3508, 10, 1
0 24 38: 3508, 11, 2
0 24 42: 1272, 22, 3
0 24 49: 3508, 10, 3
0 24 53: 3549, 22, 0
0 24 54: 684, 10, 3
0 24 54: 3549, 22, 2
0 24 55: 3548, 22, 2
0 24 56: 3547, 22, 3
0 24 57: 3548, 22, 3
0 24 58: 3549, 22, 1
0 24 60: 3510, 10, 2
0 24 63: 3512, 10, 0
0 25 15: 3510, 10, 1
0 25 16: 1250, 22, 2
0 25 19: 3549, 22, 1
0 25 24: 1366, 10, 3
0 25 26: 478, 10, 3
0 25 26: 3549, 22, 3
0 25 27: 3548, 22, 2
0 25 28: 3549, 22, 1
0 25 30: 3510, 10, 2
0 25 32: 3505, 10, 0
0 25 33: 3505, 10, 3
0 25 34: 3505, 10, 2
0 25 39: 3504, 10, 3
0 25 45: 1272, 22, 1
0 25 47: 3512, 10, 0
0 25 50: 3549, 22, 3
0 25 53: 1364, 10, 1
0 25 55: 3548, 22, 1
0 25 56: 3547, 22, 1
0 25 57: 3549, 22, 2
0 26 13: 3508, 10, 1
0 26 16: 3510, 10, 2
0 26 19: 3548, 22, 3
0 26 20: 3549, 22, 0
0 26 22: 1367, 10, 3
0 26 25: 3549, 22, 0
0 26 26: 3548, 22, 3
0 26 27: 3547, 22, 0
0 26 28: 3549, 22, 1
0 26 31: 3501, 10, 2
0 26 32: 3501, 10, 0
0 26 33: 3504, 10, 2
0 26 34: 3505, 10, 3
0 26 35: 3505, 10, 2
0 26 36: 3504, 10, 0
0 26 37: 3504, 10, 1
0 26 38: 3504, 10, 0
0 26 43: 1272, 22, 2
0 26 44: 1272, 22, 2
0 26 49: 3549, 22, 0
0 26 50: 3549, 22, 1
0 26 52: 684, 10, 2
0 26 56: 3548, 22, 0
0 26 57: 3549, 22, 2
0 26 60: 3508, 11, 1
0 27 8: 3508, 10, 0
0 27 14: 3505, 10, 3
0 27 15: 3514, 10, 0
0 27 17: 1272, 22, 2
0 27 18: 3549, 22, 0
0 27 19: 3548, 22, 2
0 27 20: 3548, 22, 1
0 27 22: 684, 10, 3
0 27 24: 478, 10, 2
0 27 25: 3548, 22, 2
0 27 26: 3547, 22, 3
0 27 27: 3548, 22, 3
0 27 28: 3508, 10, 2
0 27 30: 3505, 10, 3
0 27 31: 3501, 10, 2
0 27 32: 1272, 22, 0
0 27 32: 3501, 10, 1
0 27 33: 3501, 10, 1
0 27 34: 3504, 10, 1
0 27 35: 3505, 10, 3
0 27 36: 3504, 10, 3
0 27 37: 3504, 10, 1
0 27 38: 3505, 10, 0
0 27 39: 3505, 10, 1
0 27 41: 3510, 10, 1
0 27 48: 3549, 22, 3
0 27 49: 3548, 22, 0
0 27 50: 3548, 22, 2
0 27 51: 3549, 22, 2
0 27 52: 684, 10, 1
0 28 1: 3504, 10, 2
0 28 2: 3504, 10, 1
0 28 11: 1272, 22, 3
0 28 13: 3504, 10, 3
0 28 14: 3501, 10, 1
0 28 15: 1173, 10, 3
0 28 17: 1272, 22, 0
0 28 18: 3549, 22, 1
0 28 19: 3548, 22, 0
0 28 20: 3547, 22, 2
0 28 21: 3549, 22, 3
0 28 23: 684, 10, 2
0 28 24: 3549, 22, 2
0 28 25: 3548, 22, 3
0 28 26: 3548, 22, 1
0 28 27: 3549, 22, 0
0 28 30: 3501, 10, 1
0 28 31: 3501, 10, 0
0 28 32: 3502, 10, 3
0 28 33: 1272, 22, 3
0 28 33: 3501, 10, 0
0 28 34: 1272, 22, 2
0 28 34: 3505, 10, 0
0 28 35: 3505, 10, 2
0 28 36: 3505, 10, 2
0 28 37: 3501, 10, 0
0 28 38: 3501, 10, 1
0 28 39: 3505, 10, 0
0 28 42: 3512, 10, 0
0 28 48: 3510, 10, 3
0 28 48: 3549, 22, 2
0 28 49: 3548, 22, 1
0 28 50: 3547, 22, 3
0 28 51: 3548, 22, 0
0 28 54: 684, 10, 0
0 28 57: 3549, 22, 0
0 28 60: 3512, 10, 3
0 28 61: 3508, 10, 0
0 29 0: 3504, 10, 3
0 29 1: 3501, 10, 1
0 29 7: 1272, 22, 0
0 29 12: 3508, 11, 2
0 29 13: 3505, 10, 3
0 29 14: 1272, 22, 3
0 29 14: 3503, 10, 2
0 29 15: 3505, 10, 0
0 29 16: 3504, 10, 0
0 29 19: 3548, 22, 3
0 29 20: 3547, 22, 1
0 29 21: 3548, 22, 3
0 29 22: 3549, 22, 2
0 29 23: 1367, 10, 3
0 29 24: 3549, 22, 1
0 29 25: 3549, 22, 0
0 29 26: 3508, 10, 2
0 29 26: 3549, 22, 2
0 29 29: 3505, 10, 3
0 29 30: 3501, 10, 2
0 29 31: 3502, 10, 0
0 29 32: 1273, 22, 0
0 29 32: 3503, 10, 3
0 29 33: 1273, 22, 1
0 29 33: 3503, 10, 3
0 29 34: 3501, 10, 3
0 29 35: 1273, 22, 2
0 29 35: 3505, 10, 0
0 29 36: 1272, 22, 0
0 29 36: 3505, 10, 1
0 29 37: 1272, 22, 1
0 29 37: 3501, 10, 2
0 29 38: 3501, 10, 2
0 29 39: 3502, 10, 1
0 29 40: 3501, 10, 2
0 29 42: 3508, 10, 3
0 29 44: 1173, 10, 2
0 29 49: 3549, 22, 1
0 29 50: 3548, 22, 0
0 29 51: 3547, 22, 2
0 29 52: 3549, 22, 0
0 29 56: 1366, 10, 1
0 29 56: 3549, 22, 0
0 29 57: 3548, 22, 2
0 29 58: 3549, 22, 1
0 30 0: 3501, 10, 0
0 30 1: 3501, 10, 3
0 30 2: 3505, 10, 0
0 30 4: 1272, 22, 2
0 30 6: 1272, 22, 3
0 30 8: 3508, 10, 1
0 30 10: 1272, 22, 3
0 30 12: 3505, 10, 1
0 30 13: 3501, 10, 1
0 30 14: 3501, 10, 3
0 30 15: 3501, 10, 2
0 30 16: 3501, 10, 2
0 30 17: 3505, 10, 0
0 30 18: 3504, 10, 0
0 30 19: 3549, 22, 2
0 30 20: 3548, 22, 2
0 30 21: 3548, 22, 1
0 30 22: 3548, 22, 2
0 30 23: 3548, 22, 2
0 30 24: 3548, 22, 3
0 30 25: 3549, 22, 3
0 30 27: 3510, 10, 1
0 30 28: 3504, 10, 3
0 30 29: 3501, 10, 1
0 30 30: 1272, 22, 1
0 30 30: 3502, 10, 1
0 30 31: 3503, 10, 0
0 30 32: 1273, 22, 1
0 30 32: 3501, 10, 2
0 30 33: 1272, 22, 2
0 30 33: 3502, 10, 2
0 30 34: 1272, 22, 1
0 30 34: 3501, 10, 3
0 30 35: 1273, 22, 3
0 30 35: 3501, 10, 2
0 30 36: 1273, 22, 2
0 30 36: 3501, 10, 1
0 30 37: 3502, 10, 0
0 30 38: 3501, 10, 0
0 30 39: 3503, 10, 2
0 30 40: 3501, 10, 3
0 30 46: 3510, 10, 0
0 30 51: 3549, 22, 1
0 30 52: 3548, 22, 2
0 30 55: 3549, 22, 2
0 30 56: 3548, 22, 1
0 30 57: 3547, 22, 0
0 30 58: 3548, 22, 3
0 30 59: 3549, 22, 1
0 31 0: 3501, 10, 2
0 31 1: 3502, 10, 3
0 31 2: 3505, 10, 3
0 31 3: 3504, 10, 0
0 31 4: 1272, 22, 2
0 31 6: 1272, 22, 2
0 31 9: 3508, 10, 0
0 31 11: 3508, 10, 1
0 31 12: 3504, 10, 2
0 31 13: 3501, 10, 3
0 31 14: 1272, 22, 2
0 31 14: 3502, 10, 3
0 31 15: 1273, 22, 2
0 31 15: 3501, 10, 3
0 31 16: 1272, 22, 0
0 31 16: 3501, 10, 1
0 31 17: 3501, 10, 3
0 31 18: 3504, 10, 0
0 31 20: 3549, 22, 3
0 31 21: 3548, 22, 1
0 31 22: 3547, 22, 0
0 31 23: 3547, 22, 3
0 31 24: 3548, 22, 0
0 31 25: 3549, 22, 2
0 31 28: 3505, 10, 3
0 31 29: 1272, 22, 0
0 31 29: 3501, 10, 2
0 31 30: 3501, 10, 3
0 31 31: 1272, 22, 2
0 31 31: 3501, 10, 2
0 31 32: 3501, 10, 0
0 31 33: 3501, 10, 1
0 31 34: 1273, 22, 2
0 31 34: 3501, 10, 3
0 31 35: 1272, 22, 3
0 31 35: 3503, 10, 2
0 31 36: 1273, 22, 1
0 31 36: 3501, 10, 3
0 31 37: 1273, 22, 0
0 31 37: 3501, 10, 2
0 31 38: 3501, 10, 3
0 31 39: 3505, 10, 0
0 31 40: 3504, 10, 0
0 31 44: 3510, 10, 2
0 31 47: 3508, 10, 2
0 31 50: 3508, 10, 0
0 31 52: 3549, 22, 3
0 31 54: 3549, 22, 1
0 31 55: 3549, 22, 2
0 31 56: 3547, 22, 0
0 31 57: 3548, 22, 0
0 31 58: 3512, 10, 2
0 31 58: 3549, 22, 0
0 31 60: 3510, 10, 3
0 32 0: 3501, 10, 1
0 32 1: 3503, 10, 3
0 32 2: 3505, 10, 0
0 32 3: 1272, 22, 1
0 32 3: 3505, 10, 1
0 32 4: 1272, 22, 2
0 32 6: 3514, 10, 0
0 32 7: 1250, 22, 0
0 32 12: 1173, 10, 3
0 32 13: 3501, 10, 0
0 32 14: 1272, 22, 1
0 32 14: 3501, 10, 1
0 32 15: 1273, 22, 1
0 32 15: 3501, 10, 2
0 32 16: 1273, 22, 1
0 32 16: 3502, 10, 0
0 32 17: 3501, 10, 0
0 32 18: 3505, 10, 0
0 32 22: 3549, 22, 0
0 32 23: 3549, 22, 1
0 32 24: 3510, 10, 0
0 32 25: 3549, 22, 1
0 32 26: 3508, 10, 3
0 32 29: 1272, 22, 0
0 32 29: 3501, 10, 2
0 32 30: 3503, 10, 1
0 32 31: 1272, 22, 0
0 32 31: 3505, 10, 1
0 32 32: 1272, 22, 3
0 32 32: 3504, 10, 1
0 32 33: 3505, 10, 2
0 32 34: 1272, 22, 0
0 32 34: 3501, 10, 1
0 32 35: 1273, 22, 3
0 32 35: 3501, 10, 2
0 32 36: 1272, 22, 2
0 32 36: 3503, 10, 1
0 32 37: 3503, 10, 3
0 32 38: 3501, 10, 0
0 32 39: 3501, 10, 3
0 32 40: 3505, 10, 0
0 33 0: 3501, 10, 0
0 33 1: 3502, 10, 2
0 33 2: 3501, 10, 3
0 33 3: 1272, 22, 0
0 33 5: 1272, 22, 3
0 33 11: 3510, 10, 0
0 33 13: 3505, 10, 2
0 33 14: 3501, 10, 2
0 33 15: 1272, 22, 0
0 33 15: 3503, 10, 1
0 33 16: 3501, 10, 1
0 33 17: 1272, 22, 2
0 33 17: 3503, 10, 3
0 33 18: 1272, 22, 3
0 33 18: 3501, 10, 3
0 33 19: 1272, 22, 3
0 33 19: 3505, 10, 1
0 33 21: 3508, 10, 2
0 33 22: 1272, 22, 2
0 33 23: 3508, 11, 2
0 33 24: 3549, 22, 2
0 33 25: 3549, 22, 3
0 33 26: 3549, 22, 0
0 33 29: 3505, 10, 2
0 33 30: 3501, 10, 1
0 33 31: 1272, 22, 1
0 33 31: 3505, 10, 1
0 33 32: 1272, 22, 3
0 33 33: 1173, 10, 2
0 33 34: 3505, 10, 2
0 33 35: 3501, 10, 0
0 33 36: 1272, 22, 2
0 33 36: 3502, 10, 0
0 33 37: 3501, 10, 3
0 33 38: 3501, 10, 0
0 33 39: 3503, 10, 0
0 33 40: 1272, 22, 1
0 33 40: 3501, 10, 3
0 33 41: 3504, 10, 1
0 33 45: 3508, 10, 1
0 33 48: 3508, 10, 1
0 33 49: 3512, 10, 0
0 33 54: 3510, 10, 0
0 33 55: 3510, 10, 3
0 33 57: 3510, 10, 2
0 33 58: 3508, 10, 2
0 33 61: 1244, 22, 3
0 34 0: 3503, 10, 2
0 34 1: 3501, 10, 3
0 34 2: 1171, 11, 3
0 34 3: 1272, 22, 3
0 34 4: 3508, 10, 2
0 34 5: 1272, 22, 0
0 34 12: 3512, 10, 1
0 34 14: 3504, 10, 2
0 34 15: 1272, 22, 1
0 34 15: 3505, 10, 2
0 34 16: 3503, 10, 0
0 34 17: 3501, 10, 0
0 34 18: 3501, 10, 1
0 34 20: 1272, 22, 2
0 34 23: 3549, 22, 1
0 34 24: 3548, 22, 0
0 34 25: 3548, 22, 0
0 34 26: 3548, 22, 3
0 34 27: 3510, 10, 3
0 34 29: 3508, 10, 0
0 34 32: 1272, 22, 1
0 34 35: 3505, 10, 2
0 34 36: 3501, 10, 2
0 34 37: 3502, 10, 1
0 34 38: 3502, 10, 1
0 34 39: 3501, 10, 3
0 34 40: 3505, 10, 1
0 34 42: 1272, 22, 2
0 34 43: 3549, 22, 0
0 34 44: 3549, 22, 0
0 34 45: 3549, 22, 3
0 34 46: 3510, 10, 3
0 34 57: 3512, 10, 0
0 34 58: 3510, 10, 0
0 35 0: 3501, 10, 1
0 35 2: 3510, 10, 2
0 35 5: 1272, 22, 0
0 35 15: 1171, 11, 2
0 35 16: 3505, 10, 2
0 35 17: 3502, 10, 2
0 35 18: 3501, 10, 3
0 35 19: 3504, 10, 0
0 35 21: 3510, 10, 3
0 35 23: 3549, 22, 0
0 35 24: 3548, 22, 2
0 35 25: 3547, 22, 2
0 35 26: 3548, 22, 3
0 35 27: 3549, 22, 1
0 35 29: 3549, 22, 3
0 35 30: 3512, 10, 2
0 35 30: 3548, 22, 0
0 35 33: 1272, 22, 2
0 35 35: 3504, 10, 2
0 35 36: 3501, 10, 2
0 35 37: 3501, 10, 1
0 35 38: 3501, 10, 2
0 35 39: 3501, 10, 1
0 35 41: 3549, 22, 3
0 35 42: 3510, 10, 2
0 35 43: 3549, 22, 1
0 35 44: 3512, 10, 0
0 35 44: 3548, 22, 1
0 35 45: 3548, 22, 0
0 35 46: 1173, 10, 1
0 35 54: 3508, 10, 0
0 35 56: 3510, 10, 0
0 35 61: 1250, 22, 0
0 36 1: 1272, 22, 1
0 36 17: 3505, 10, 2
0 36 18: 3508, 10, 1
0 36 22: 3549, 22, 3
0 36 23: 3548, 22, 1
0 36 24: 3548, 22, 1
0 36 25: 3548, 22, 1
0 36 26: 477, 10, 1
0 36 26: 3548, 22, 2
0 36 27: 3549, 22, 3
0 36 29: 3549, 22, 0
0 36 30: 3548, 22, 3
0 36 31: 3547, 22, 1
0 36 32: 3510, 10, 1
0 36 36: 3501, 10, 3
0 36 37: 3501, 10, 0
0 36 38: 1272, 22, 3
0 36 38: 3505, 10, 1
0 36 41: 3549, 22, 3
0 36 42: 3548, 22, 3
0 36 43: 3548, 22, 2
0 36 44: 3547, 22, 0
0 36 45: 3548, 22, 3
0 36 48: 1249, 22, 3
0 36 50: 3508, 10, 0
0 36 55: 3508, 10, 2
0 36 58: 3508, 10, 3
0 36 60: 1244, 22, 3
0 37 3: 3508, 10, 3
0 37 21: 3508, 10, 0
0 37 22: 3549, 22, 1
0 37 23: 3548, 22, 2
0 37 24: 3549, 22, 3
0 37 25: 1366, 10, 3
0 37 28: 684, 10, 0
0 37 29: 684, 10, 0
0 37 30: 3549, 22, 2
0 37 31: 3548, 22, 1
0 37 32: 3548, 22, 1
0 37 34: 1272, 22, 3
0 37 36: 3505, 10, 0
0 37 40: 3508, 10, 1
0 37 41: 3548, 22, 3
0 37 42: 3547, 22, 2
0 37 43: 3547, 22, 1
0 37 44: 3547, 22, 1
0 37 45: 3547, 22, 3
0 37 46: 3548, 22, 2
0 37 53: 3510, 10, 0
0 37 56: 3512, 10, 0
0 37 59: 3510, 10, 0
0 38 7: 1363, 10, 0
0 38 17: 3508, 10, 1
0 38 19: 1249, 22, 1
0 38 20: 3512, 10, 2
0 38 23: 3549, 22, 0
0 38 30: 477, 10, 0
0 38 32: 3549, 22, 0
0 38 37: 3510, 10, 0
0 38 39: 3549, 22, 0
0 38 40: 3549, 22, 3
0 38 41: 3548, 22, 1
0 38 42: 3548, 22, 2
0 38 43: 3547, 22, 3
0 38 44: 3547, 22, 2
0 38 45: 3547, 22, 3
0 38 46: 3547, 22, 2
0 38 48: 3510, 10, 1
0 38 51: 3510, 10, 2
0 38 54: 3508, 10, 3
0 38 58: 3512, 10, 1
0 39 1: 3512, 10, 3
0 39 15: 3549, 22, 0
0 39 18: 3510, 10, 3
0 39 21: 3510, 10, 2
0 39 23: 1364, 10, 3
0 39 27: 478, 10, 1
0 39 29: 684, 10, 3
0 39 35: 1272, 22, 3
0 39 40: 3548, 22, 3
0 39 41: 3548, 22, 1
0 39 42: 3549, 22, 1
0 39 43: 1364, 10, 1
0 39 44: 3549, 22, 3
0 39 46: 3548, 22, 1
0 39 47: 3549, 22, 0
0 39 49: 3508, 10, 3
0 39 51: 1272, 22, 1
0 39 53: 3510, 10, 0
0 39 56: 3510, 10, 3
0 39 58: 3508, 10, 0
0 39 60: 3514, 10, 0
0 40 5: 684, 10, 0
0 40 9: 3501, 10, 2
0 40 12: 3504, 10, 1
0 40 13: 684, 10, 0
0 40 15: 3549, 22, 3
0 40 16: 3548, 22, 2
0 40 17: 3549, 22, 2
0 40 20: 3508, 10, 3
0 40 26: 684, 10, 1
0 40 30: 1368, 10, 3
0 40 31: 3549, 22, 0
0 40 34: 1173, 10, 2
0 40 37: 1272, 22, 1
0 40 39: 3549, 22, 2
0 40 40: 3548, 22, 3
0 40 42: 684, 10, 2
0 40 42: 3549, 22, 1
0 40 45: 3549, 22, 1
0 40 46: 3549, 22, 1
0 40 47: 3548, 22, 0
0 40 53: 1171, 11, 2
0 40 54: 1272, 22, 1
0 40 62: 3512, 10, 0
0 41 7: 3501, 10, 0
0 41 8: 3504, 10, 1
0 41 9: 3501, 10, 3
0 41 10: 3501, 10, 0
0 41 11: 3501, 10, 0
0 41 12: 3501, 10, 0
0 41 13: 3504, 10, 0
0 41 14: 3504, 10, 3
0 41 16: 3548, 22, 0
0 41 17: 3548, 22, 1
0 41 19: 1173, 10, 1
0 41 28: 1367, 10, 3
0 41 31: 3548, 22, 3
0 41 32: 3549, 22, 3
0 41 33: 3512, 10, 1
0 41 35: 1272, 22, 3
0 41 36: 1272, 22, 1
0 41 37: 3508, 10, 2
0 41 39: 3549, 22, 3
0 41 41: 1367, 10, 1
0 41 41: 3549, 22, 3
0 41 47: 3548, 22, 3
0 41 48: 3547, 22, 1
0 41 51: 1272, 22, 0
0 41 52: 3505, 10, 0
0 41 53: 3504, 10, 2
0 41 54: 1244, 22, 2
0 41 55: 3504, 10, 3
0 41 56: 3505, 10, 0
0 41 58: 1272, 22, 2
0 41 60: 3510, 10, 0
0 42 4: 3504, 10, 2
0 42 5: 3501, 10, 0
0 42 6: 3501, 10, 3
0 42 7: 3501, 10, 0
0 42 8: 3501, 10, 2
0 42 9: 3501, 10, 1
0 42 10: 3501, 10, 2
0 42 11: 3501, 10, 1
0 42 12: 3501, 10, 3
0 42 13: 3501, 10, 3
0 42 14: 684, 10, 2
0 42 15: 3549, 22, 1
0 42 16: 3548, 22, 3
0 42 17: 3547, 22, 3
0 42 18: 3548, 22, 2
0 42 20: 1272, 22, 3
0 42 24: 3549, 22, 3
0 42 25: 3549, 22, 0
0 42 26: 3547, 22, 3
0 42 27: 1363, 10, 3
0 42 31: 3548, 22, 3
0 42 32: 3547, 22, 0
0 42 41: 1364, 10, 3
0 42 44: 1366, 10, 1
0 42 48: 3548, 22, 2
0 42 49: 3549, 22, 1
0 42 51: 3505, 10, 2
0 42 52: 3505, 10, 1
0 42 53: 3501, 10, 1
0 42 54: 3505, 10, 3
0 42 55: 1272, 22, 2
0 42 55: 3501, 10, 3
0 42 56: 3505, 10, 0
0 42 57: 3505, 10, 3
0 42 58: 3504, 10, 0
0 43 4: 1366, 10, 0
0 43 5: 3505, 10, 1
0 43 6: 3505, 10, 1
0 43 7: 3501, 10, 2
0 43 8: 3505, 10, 1
0 43 9: 3504, 10, 0
0 43 10: 3505, 10, 2
0 43 11: 3501, 10, 2
0 43 12: 3501, 10, 1
0 43 13: 3501, 10, 2
0 43 14: 3501, 10, 0
0 43 15: 3504, 10, 1
0 43 16: 3504, 10, 2
0 43 17: 3548, 22, 2
0 43 18: 3549, 22, 1
0 43 20: 3510, 10, 0
0 43 23: 1173, 10, 1
0 43 25: 3549, 22, 2
0 43 26: 3547, 22, 3
0 43 27: 3547, 22, 1
0 43 32: 3548, 22, 1
0 43 33: 3549, 22, 2
0 43 34: 3510, 10, 3
0 43 36: 3508, 10, 1
0 43 40: 3549, 22, 3
0 43 44: 684, 10, 3
0 43 47: 478, 10, 0
0 43 48: 3549, 22, 2
0 43 49: 3510, 10, 1
0 43 52: 3505, 10, 2
0 43 53: 1272, 22, 0
0 43 53: 3502, 10, 3
0 43 54: 3501, 10, 0
0 43 55: 1273, 22, 3
0 43 55: 3502, 10, 2
0 43 56: 3501, 10, 2
0 43 57: 1272, 22, 3
0 43 57: 3501, 10, 2
0 43 58: 3501, 10, 3
0 43 61: 1272, 22, 3
0 44 2: 3504, 10, 3
0 44 3: 684, 10, 3
0 44 4: 3501, 10, 1
0 44 5: 3501, 10, 3
0 44 6: 3505, 10, 1
0 44 8: 3504, 10, 1
0 44 11: 3504, 10, 1
0 44 12: 3505, 10, 2
0 44 13: 3501, 10, 2
0 44 14: 3501, 10, 3
0 44 15: 3501, 10, 1
0 44 16: 3501, 10, 2
0 44 17: 3549, 22, 0
0 44 24: 1173, 10, 3
0 44 26: 3547, 22, 0
0 44 27: 3547, 22, 2
0 44 33: 3548, 22, 2
0 44 34: 3549, 22, 0
0 44 35: 3549, 22, 3
0 44 37: 3510, 10, 2
0 44 39: 3549, 22, 1
0 44 40: 3549, 22, 2
0 44 49: 3549, 22, 3
0 44 52: 3504, 10, 1
0 44 53: 3501, 10, 2
0 44 54: 1272, 22, 3
0 44 54: 3501, 10, 1
0 44 55: 1272, 22, 0
0 44 55: 3501, 10, 0
0 44 56: 1272, 22, 0
0 44 56: 3501, 10, 3
0 44 57: 3502, 10, 0
0 44 58: 3501, 10, 3
0 44 59: 3504, 10, 2
0 44 63: 1367, 10, 1
0 45 3: 3501, 10, 0
0 45 5: 3505, 10, 1
0 45 6: 3504, 10, 1
0 45 8: 322, 22, 3
0 45 9: 3523, 10, 0
0 45 10: 320, 22, 3
0 45 11: 322, 22, 1
0 45 12: 320, 22, 3
0 45 13: 322, 22, 0
0 45 13: 3505, 10, 2
0 45 14: 3501, 10, 1
0 45 15: 3501, 10, 0
0 45 16: 3501, 10, 3
0 45 18: 3510, 10, 3
0 45 20: 3512, 10, 0
0 45 21: 1272, 22, 3
0 45 22: 3510, 10, 1
0 45 25: 1245, 22, 1
0 45 26: 3549, 22, 0
0 45 27: 3549, 22, 1
0 45 29: 1367, 10, 3
0 45 31: 684, 10, 2
0 45 34: 3548, 22, 3
0 45 35: 3548, 22, 0
0 45 38: 3510, 10, 2
0 45 39: 3548, 22, 2
0 45 40: 3548, 22, 0
0 45 41: 3549, 22, 1
0 45 48: 3548, 22, 3
0 45 49: 3548, 22, 0
0 45 52: 1173, 10, 1
0 45 53: 3504, 10, 0
0 45 54: 1272, 22, 2
0 45 54: 3505, 10, 3
0 45 55: 1273, 22, 1
0 45 55: 3501, 10, 2
0 45 56: 1273, 22, 2
0 45 56: 3503, 10, 1
0 45 57: 3501, 10, 0
0 45 58: 3505, 10, 1
0 46 9: 320, 22, 2
0 46 10: 319, 22, 0
0 46 11: 319, 22, 1
0 46 12: 319, 22, 2
0 46 13: 319, 22, 3
0 46 14: 322, 22, 3
0 46 14: 3505, 10, 2
0 46 15: 3501, 10, 2
0 46 16: 3505, 10, 3
0 46 18: 3549, 22, 3
0 46 27: 3549, 22, 1
0 46 28: 3548, 22, 0
0 46 29: 3548, 22, 3
0 46 32: 684, 10, 1
0 46 34: 3548, 22, 2
0 46 35: 3547, 22, 3
0 46 36: 1272, 22, 1
0 46 38: 1272, 22, 0
0 46 39: 3548, 22, 3
0 46 40: 3547, 22, 1
0 46 41: 3548, 22, 3
0 46 42: 3549, 22, 0
0 46 43: 684, 10, 0
0 46 44: 684, 10, 1
0 46 47: 1367, 10, 1
0 46 47: 3549, 22, 3
0 46 48: 3548, 22, 0
0 46 49: 3548, 22, 1
0 46 50: 3508, 11, 1
0 46 52: 1272, 22, 1
0 46 54: 3503, 10, 2
0 46 55: 3501, 10, 3
0 46 56: 1272, 22, 2
0 46 56: 3502, 10, 0
0 46 57: 1272, 22, 3
0 46 57: 3501, 10, 0
0 46 58: 1272, 22, 3
0 46 58: 3504, 10, 1
0 46 60: 3508, 10, 1
0 46 61: 1244, 22, 1
0 47 4: 745, 22, 3
0 47 8: 3527, 22, 3
0 47 9: 322, 22, 2
0 47 10: 3517, 10, 0
0 47 13: 319, 22, 3
0 47 14: 322, 22, 2
0 47 15: 3501, 10, 2
0 47 16: 3501, 10, 3
0 47 17: 3501, 10, 0
0 47 18: 3548, 22, 2
0 47 20: 3508, 11, 1
0 47 22: 1250, 22, 0
0 47 22: 3512, 10, 1
0 47 24: 3508, 10, 0
0 47 27: 1272, 22, 3
0 47 28: 3548, 22, 1
0 47 29: 3548, 22, 2
0 47 30: 3549, 22, 3
0 47 32: 684, 10, 0
0 47 34: 3549, 22, 1
0 47 35: 3548, 22, 1
0 47 38: 1272, 22, 0
0 47 40: 3548, 22, 0
0 47 41: 3548, 22, 2
0 47 42: 3547, 22, 3
0 47 44: 3549, 22, 0
0 47 45: 684, 10, 3
0 47 45: 3548, 22, 1
0 47 46: 3548, 22, 0
0 47 47: 3548, 22, 3
0 47 48: 3547, 22, 1
0 47 49: 3549, 22, 0
0 47 50: 1272, 22, 2
0 47 52: 3504, 10, 3
0 47 54: 3503, 10, 3
0 47 55: 1272, 22, 0
0 47 55: 3502, 10, 3
0 47 56: 3501, 10, 0
0 47 57: 3505, 10, 2
0 48 4: 745, 22, 2
0 48 6: 1244, 22, 2
0 48 7: 3528, 22, 2
0 48 9: 3516, 0, 1
0 48 13: 319, 22, 0
0 48 14: 320, 22, 0
0 48 14: 3504, 10, 2
0 48 15: 3501, 10, 1
0 48 16: 3501, 10, 0
0 48 17: 3501, 10, 1
0 48 18: 3549, 22, 2
0 48 19: 3548, 22, 2
0 48 24: 3510, 10, 1
0 48 29: 3508, 10, 3
0 48 29: 3549, 22, 2
0 48 30: 3548, 22, 3
0 48 35: 3549, 22, 2
0 48 40: 3510, 10, 3
0 48 41: 3549, 22, 0
0 48 42: 3548, 22, 1
0 48 43: 3548, 22, 2
0 48 44: 3548, 22, 3
0 48 45: 3547, 22, 0
0 48 46: 3548, 22, 2
0 48 47: 3548, 22, 2
0 48 48: 3548, 22, 2
0 48 50: 1272, 22, 2
0 48 53: 3505, 10, 3
0 48 54: 3501, 10, 1
0 48 55: 1272, 22, 1
0 48 55: 3501, 10, 2
0 48 56: 3505, 10, 3
0 48 59: 1272, 22, 0
0 48 62: 1244, 22, 0
0 49 4: 3504, 10, 2
0 49 8: 3529, 22, 1
0 49 9: 320, 22, 2
0 49 13: 319, 22, 1
0 49 14: 320, 22, 0
0 49 15: 3501, 10, 2
0 49 16: 3501, 10, 3
0 49 17: 684, 10, 3
0 49 19: 3547, 22, 2
0 49 20: 3548, 22, 0
0 49 21: 3508, 10, 2
0 49 23: 1272, 22, 2
0 49 39: 1272, 22, 2
0 49 43: 3549, 22, 1
0 49 44: 3510, 10, 0
0 49 44: 3549, 22, 2
0 49 45: 3548, 22, 3
0 49 46: 3548, 22, 0
0 49 47: 3510, 10, 0
0 49 47: 3549, 22, 2
0 49 48: 3549, 22, 1
0 49 49: 1272, 22, 3
0 49 52: 3505, 10, 3
0 49 53: 3501, 10, 1
0 49 54: 1272, 22, 1
0 49 54: 3502, 10, 2
0 49 55: 3501, 10, 3
0 49 56: 1272, 22, 1
0 49 60: 3510, 10, 1
0 50 3: 3501, 10, 3
0 50 4: 3501, 10, 3
0 50 5: 3504, 10, 3
0 50 7: 1244, 22, 0
0 50 9: 320, 22, 2
0 50 9: 714, 10, 3
0 50 10: 319, 22, 3
0 50 11: 319, 22, 2
0 50 12: 319, 22, 1
0 50 13: 319, 22, 2
0 50 13: 3504, 10, 3
0 50 14: 322, 22, 1
0 50 15: 3501, 10, 0
0 50 16: 3501, 10, 1
0 50 17: 3504, 10, 1
0 50 18: 3549, 22, 1
0 50 19: 3548, 22, 3
0 50 20: 3548, 22, 0
0 50 21: 3549, 22, 3
0 50 22: 3510, 10, 0
0 50 23: 3508, 11, 3
0 50 24: 3510, 10, 2
0 50 27: 1171, 11, 0
0 50 28: 1272, 22, 0
0 50 30: 3510, 10, 2
0 50 32: 3508, 11, 0
0 50 35: 1250, 22, 1
0 50 39: 1272, 22, 2
0 50 40: 3504, 10, 1
0 50 41: 3510, 10, 1
0 50 45: 1244, 22, 1
0 50 46: 3510, 10, 1
0 50 47: 1249, 22, 2
0 50 48: 3510, 10, 2
0 50 50: 3505, 10, 3
0 50 51: 3501, 10, 1
0 50 52: 1272, 22, 0
0 50 52: 3501, 10, 0
0 50 53: 3501, 10, 2
0 50 54: 1272, 22, 1
0 50 54: 3501, 10, 1
0 50 56: 3505, 10, 0
0 50 58: 1272, 22, 0
0 50 63: 3508, 10, 0
0 51 2: 3504, 10, 2
0 51 3: 3501, 10, 1
0 51 4: 3501, 10, 1
0 51 5: 3505, 10, 0
0 51 10: 320, 22, 1
0 51 11: 322, 22, 3
0 51 12: 320, 22, 1
0 51 13: 322, 22, 0
0 51 14: 322, 22, 2
0 51 14: 3505, 10, 3
0 51 15: 3501, 10, 3
0 51 19: 3549, 22, 2
0 51 20: 3548, 22, 1
0 51 25: 1272, 22, 1
0 51 27: 3510, 10, 1
0 51 36: 3504, 10, 3
0 51 40: 3505, 10, 1
0 51 43: 1272, 22, 3
0 51 49: 3505, 10, 3
0 51 50: 3501, 10, 1
0 51 51: 1272, 22, 3
0 51 51: 3501, 10, 3
0 51 52: 1273, 22, 1
0 51 52: 3503, 10, 0
0 51 53: 1273, 22, 1
0 51 53: 3502, 10, 1
0 51 54: 3501, 10, 0
0 51 60: 1173, 10, 1
0 52 0: 3504, 10, 1
0 52 4: 3501, 10, 1
0 52 5: 3501, 10, 0
0 52 6: 3505, 10, 0
0 52 7: 3504, 10, 1
0 52 11: 3504, 10, 2
0 52 12: 3505, 10, 3
0 52 13: 3501, 10, 2
0 52 14: 3501, 10, 0
0 52 15: 3501, 10, 3
0 52 16: 684, 10, 0
0 52 20: 3549, 22, 0
0 52 21: 3508, 11, 2
0 52 24: 3508, 11, 0
0 52 27: 1272, 22, 2
0 52 29: 3508, 10, 1
0 52 31: 3510, 10, 0
0 52 32: 3512, 10, 3
0 52 33: 3504, 10, 1
0 52 34: 1272, 22, 1
0 52 35: 3504, 10, 2
0 52 36: 3505, 10, 0
0 52 37: 3504, 10, 0
0 52 43: 1171, 11, 1
0 52 44: 3508, 10, 0
0 52 47: 3508, 10, 3
0 52 48: 3504, 10, 1
0 52 49: 3502, 10, 3
0 52 50: 3501, 10, 2
0 52 51: 3501, 10, 0
0 52 52: 1272, 22, 2
0 52 52: 3501, 10, 0
0 52 53: 3501, 10, 2
0 52 54: 3501, 10, 3
0 52 58: 3549, 22, 2
0 52 59: 3512, 10, 3
0 52 59: 3549, 22, 1
0 52 63: 3508, 10, 1
0 53 0: 3501, 10, 2
0 53 1: 3504, 10, 0
0 53 3: 3504, 10, 3
0 53 4: 3504, 10, 0
0 53 5: 3501, 10, 3
0 53 6: 3501, 10, 1
0 53 7: 3505, 10, 0
0 53 9: 3504, 10, 2
0 53 10: 3505, 10, 3
0 53 11: 3501, 10, 0
0 53 12: 3501, 10, 0
0 53 13: 3501, 10, 3
0 53 14: 3501, 10, 1
0 53 16: 684, 10, 1
0 53 18: 684, 10, 2
0 53 22: 1173, 10, 1
0 53 26: 3508, 10, 1
0 53 27: 1272, 22, 1
0 53 30: 3504, 10, 1
0 53 31: 3501, 10, 2
0 53 32: 1272, 22, 0
0 53 32: 3501, 10, 1
0 53 33: 3501, 10, 3
0 53 34: 3505, 10, 3
0 53 35: 3501, 10, 0
0 53 36: 3501, 10, 2
0 53 37: 3501, 10, 3
0 53 38: 3514, 10, 0
0 53 40: 1272, 22, 0
0 53 41: 3508, 11, 1
0 53 42: 3549, 22, 2
0 53 48: 3505, 10, 2
0 53 49: 3501, 10, 3
0 53 50: 3501, 10, 2
0 53 51: 1273, 22, 3
0 53 51: 3502, 10, 2
0 53 52: 1272, 22, 2
0 53 52: 3501, 10, 0
0 53 53: 3501, 10, 2
0 53 54: 3504, 10, 2
0 53 57: 3549, 22, 0
0 53 58: 3548, 22, 1
0 53 59: 3547, 22, 0
0 53 60: 3548, 22, 2
0 53 61: 3508, 10, 2
0 54 0: 3502, 10, 1
0 54 1: 3501, 10, 0
0 54 2: 3505, 10, 2
0 54 5: 3501, 10, 0
0 54 6: 3501, 10, 3
0 54 7: 3501, 10, 2
0 54 8: 3501, 10, 0
0 54 9: 3505, 10, 3
0 54 10: 3501, 10, 2
0 54 12: 3501, 10, 1
0 54 13: 3501, 10, 1
0 54 14: 3504, 10, 0
0 54 22: 3514, 10, 0
0 54 23: 3508, 11, 1
0 54 24: 3549, 22, 3
0 54 29: 3508, 11, 3
0 54 31: 3505, 10, 3
0 54 32: 1272, 22, 0
0 54 32: 3501, 10, 0
0 54 33: 1272, 22, 1
0 54 33: 3501, 10, 2
0 54 34: 1273, 22, 0
0 54 34: 3501, 10, 3
0 54 35: 1272, 22, 2
0 54 35: 3501, 10, 3
0 54 36: 3501, 10, 1
0 54 37: 1272, 22, 0
0 54 37: 3505, 10, 1
0 54 38: 3504, 10, 1
0 54 39: 1245, 22, 3
0 54 41: 3548, 22, 3
0 54 42: 3547, 22, 2
0 54 43: 3549, 22, 2
0 54 44: 3549, 22, 1
0 54 45: 3510, 10, 2
0 54 45: 3549, 22, 0
0 54 47: 1173, 10, 1
0 54 49: 1272, 22, 3
0 54 49: 3505, 10, 2
0 54 50: 1272, 22, 0
0 54 50: 3501, 10, 3
0 54 51: 3501, 10, 0
0 54 52: 3503, 10, 1
0 54 53: 3503, 10, 2
0 54 59: 3549, 22, 2
0 54 60: 3549, 22, 1
0 54 62: 1250, 22, 3
0 55 0: 3501, 10, 1
0 55 1: 3501, 10, 2
0 55 2: 3504, 10, 3
0 55 4: 3504, 10, 1
0 55 5: 3504, 10, 0
0 55 6: 3501, 10, 1
0 55 7: 3501, 10, 3
0 55 8: 3501, 10, 2
0 55 9: 3501, 10, 1
0 55 10: 3501, 10, 0
0 55 11: 3501, 10, 3
0 55 12: 3501, 10, 3
0 55 20: 1272, 22, 0
0 55 22: 3549, 22, 1
0 55 23: 3548, 22, 2
0 55 24: 3549, 22, 2
0 55 31: 3504, 10, 0
0 55 32: 3501, 10, 2
0 55 33: 1272, 22, 2
0 55 33: 3501, 10, 3
0 55 34: 1273, 22, 2
0 55 34: 3501, 10, 1
0 55 35: 3501, 10, 1
0 55 36: 3505, 10, 1
0 55 38: 3510, 10, 0
0 55 40: 3549, 22, 0
0 55 42: 3549, 22, 1
0 55 43: 3548, 22, 3
0 55 44: 3547, 22, 1
0 55 46: 3549, 22, 3
0 55 48: 3504, 10, 3
0 55 50: 3504, 10, 2
0 55 51: 1272, 22, 1
0 55 51: 3505, 10, 2
0 55 52: 3501, 10, 1
0 55 56: 1366, 10, 1
0 55 58: 684, 10, 2
0 56 0: 3502, 10, 0
0 56 1: 3501, 10, 2
0 56 2: 3505, 10, 1
0 56 6: 1366, 10, 2
0 56 7: 3501, 10, 0
0 56 8: 3501, 10, 2
0 56 9: 3501, 10, 2
0 56 10: 3501, 10, 1
0 56 11: 3501, 10, 0
0 56 14: 3504, 10, 1
0 56 20: 3549, 22, 2
0 56 21: 3549, 22, 3
0 56 22: 3548, 22, 3
0 56 23: 3549, 22, 1
0 56 29: 3512, 10, 2
0 56 32: 3505, 10, 2
0 56 33: 1272, 22, 3
0 56 33: 3501, 10, 3
0 56 34: 3501, 10, 0
0 56 35: 3505, 10, 2
0 56 40: 684, 10, 1
0 56 41: 684, 10, 0
0 56 43: 1366, 10, 1
0 56 43: 3549, 22, 3
0 56 44: 3548, 22, 3
0 56 45: 3547, 22, 0
0 56 46: 3548, 22, 1
0 56 47: 3549, 22, 2
0 56 49: 1244, 22, 0
0 56 57: 1366, 10, 2
0 56 59: 1367, 10, 2
0 56 62: 3549, 22, 0
0 57 0: 3501, 10, 0
0 57 1: 3505, 10, 0
0 57 2: 3504, 10, 2
0 57 4: 1367, 10, 2
0 57 5: 684, 10, 1
0 57 13: 684, 10, 3
0 57 20: 1272, 22, 0
0 57 21: 3548, 22, 3
0 57 22: 3549, 22, 0
0 57 24: 1366, 10, 2
0 57 26: 684, 10, 1
0 57 28: 3549, 22, 0
0 57 29: 3549, 22, 1
0 57 30: 3510, 10, 1
0 57 32: 3512, 10, 2
0 57 33: 3501, 10, 0
0 57 34: 3501, 10, 2
0 57 35: 1173, 10, 1
0 57 36: 1272, 22, 3
0 57 38: 3508, 10, 1
0 57 41: 684, 10, 3
0 57 42: 684, 10, 1
0 57 45: 477, 10, 0
0 57 45: 3548, 22, 1
0 57 46: 3548, 22, 1
0 57 47: 3548, 22, 0
0 57 48: 3508, 10, 2
0 57 48: 3549, 22, 0
0 57 49: 1244, 22, 0
0 57 55: 3549, 22, 1
0 57 57: 1367, 10, 2
0 57 58: 684, 10, 1
0 57 59: 684, 10, 2
0 57 62: 3548, 22, 3
0 58 0: 3501, 10, 1
0 58 1: 3504, 10, 1
0 58 5: 1368, 10, 2
0 58 10: 1364, 10, 2
0 58 19: 3549, 22, 1
0 58 20: 1272, 22, 1
0 58 21: 3549, 22, 0
0 58 23: 1367, 10, 2
0 58 26: 1368, 10, 1
0 58 29: 3548, 22, 1
0 58 33: 3505, 10, 2
0 58 34: 3501, 10, 2
0 58 36: 1272, 22, 3
0 58 39: 3549, 22, 0
0 58 41: 684, 10, 2
0 58 43: 684, 10, 2
0 58 47: 3548, 22, 0
0 58 48: 3547, 22, 2
0 58 49: 3548, 22, 2
0 58 51: 3510, 10, 3
0 58 52: 1272, 22, 0
0 58 54: 1250, 22, 2
0 58 55: 3549, 22, 1
0 58 56: 3548, 22, 0
0 58 61: 3549, 22, 2
0 58 62: 3547, 22, 3
0 58 63: 3549, 22, 3
0 59 0: 3501, 10, 3
0 59 1: 3505, 10, 0
0 59 19: 1272, 22, 1
0 59 20: 3549, 22, 3
0 59 21: 3548, 22, 2
0 59 22: 3548, 22, 0
0 59 24: 684, 10, 3
0 59 25: 684, 10, 0
0 59 29: 3549, 22, 2
0 59 30: 3549, 22, 1
0 59 32: 1272, 22, 3
0 59 33: 1173, 10, 1
0 59 34: 1272, 22, 1
0 59 34: 3505, 10, 2
0 59 41: 478, 10, 0
0 59 42: 1367, 10, 2
0 59 44: 1363, 10, 2
0 59 47: 3549, 22, 2
0 59 48: 3548, 22, 1
0 59 49: 3547, 22, 3
0 59 50: 3510, 10, 3
0 59 52: 1244, 22, 1
0 59 55: 3549, 22, 2
0 59 56: 3548, 22, 3
0 59 57: 3548, 22, 1
0 59 60: 3549, 22, 0
0 59 62: 3548, 22, 0
0 60 0: 1272, 22, 0
0 60 0: 3501, 10, 3
0 60 1: 3501, 10, 3
0 60 2: 3504, 10, 0
0 60 6: 684, 10, 0
0 60 14: 1366, 10, 2
0 60 15: 3549, 22, 1
0 60 16: 3548, 22, 1
0 60 19: 1250, 22, 3
0 60 21: 3549, 22, 2
0 60 22: 3548, 22, 1
0 60 23: 3549, 22, 1
0 60 26: 684, 10, 2
0 60 30: 3549, 22, 3
0 60 31: 3508, 11, 1
0 60 33: 3504, 10, 2
0 60 36: 1272, 22, 0
0 60 37: 1272, 22, 0
0 60 40: 3549, 22, 2
0 60 48: 3549, 22, 3
0 60 49: 3548, 22, 3
0 60 50: 3548, 22, 3
0 60 53: 1272, 22, 1
0 60 55: 3512, 10, 2
0 60 56: 3548, 22, 2
0 60 57: 3547, 22, 1
0 60 58: 3548, 22, 0
0 60 59: 3548, 22, 2
0 60 60: 3547, 22, 2
0 60 61: 3548, 22, 1
0 61 0: 3502, 10, 2
0 61 1: 1272, 22, 3
0 61 1: 3501, 10, 2
0 61 2: 1244, 22, 0
0 61 2: 3501, 10, 0
0 61 3: 3501, 10, 2
0 61 4: 3504, 10, 2
0 61 5: 3504, 10, 3
0 61 13: 3549, 22, 2
0 61 14: 3548, 22, 3
0 61 15: 3547, 22, 0
0 61 16: 3549, 22, 2
0 61 20: 1173, 10, 1
0 61 21: 3508, 10, 1
0 61 23: 3548, 22, 0
0 61 24: 3549, 22, 3
0 61 25: 3548, 22, 1
0 61 26: 3549, 22, 1
0 61 35: 1272, 22, 0
0 61 39: 3510, 10, 3
0 61 41: 3549, 22, 3
0 61 42: 1366, 10, 2
0 61 48: 1368, 10, 1
0 61 49: 3548, 22, 3
0 61 50: 3547, 22, 0
0 61 51: 3549, 22, 3
0 61 52: 3508, 10, 0
0 61 53: 1272, 22, 1
0 61 54: 1272, 22, 1
0 61 55: 1244, 22, 2
0 61 57: 1173, 10, 1
0 61 57: 3549, 22, 1
0 61 59: 3549, 22, 2
0 61 60: 3549, 22, 3
0 61 62: 3508, 10, 3
0 62 0: 3501, 10, 1
0 62 1: 3503, 10, 2
0 62 2: 1272, 22, 2
0 62 2: 3503, 10, 1
0 62 3: 3502, 10, 3
0 62 4: 1244, 22, 2
0 62 4: 3501, 10, 0
0 62 5: 3505, 10, 3
0 62 12: 3549, 22, 1
0 62 13: 3548, 22, 2
0 62 14: 3547, 22, 1
0 62 15: 3548, 22, 2
0 62 19: 1245, 22, 3
0 62 21: 1249, 22, 2
0 62 24: 3508, 10, 2
0 62 25: 3549, 22, 0
0 62 26: 3548, 22, 2
0 62 33: 3510, 10, 2
0 62 37: 3508, 10, 3
0 62 44: 684, 10, 2
0 62 49: 684, 10, 2
0 62 50: 3548, 22, 1
0 62 51: 3548, 22, 2
0 62 52: 1244, 22, 1
0 62 56: 3549, 22, 0
0 63 0: 3501, 10, 2
0 63 1: 3501, 10, 3
0 63 2: 1244, 22, 2
0 63 2: 3501, 10, 2
0 63 3: 1272, 22, 1
0 63 3: 3502, 10, 0
0 63 4: 3501, 10, 3
0 63 5: 3504, 10, 0
0 63 6: 3504, 10, 1
0 63 12: 3549, 22, 2
0 63 13: 3549, 22, 0
0 63 14: 1245, 22, 2
0 63 24: 1245, 22, 3
0 63 26: 3549, 22, 3
0 63 32: 1245, 22, 1
0 63 35: 1244, 22, 1
0 63 39: 3508, 10, 0
0 63 50: 3549, 22, 1
0 63 51: 3549, 22, 2
0 63 61: 3508, 10, 0
1 17 24: 3515, 10, 0
1 26 14: 3515, 10, 0
1 31 5: 3515, 10, 0
1 38 59: 3515, 10, 0
1 47 10: 3518, 10, 0
1 48 1: 3522, 22, 3
1 48 1: 3524, 0, 0
1 48 3: 3522, 22, 3
1 48 3: 3524, 0, 0
1 49 1: 3522, 22, 3
1 49 1: 3524, 0, 2
1 49 3: 3522, 22, 3
1 49 3: 3524, 0, 2
1 52 37: 3515, 10, 0
1 53 21: 3515, 10, 0
2 47 10: 3519, 10, 0
