0 14 12: 1250, 22, 3
0 14 31: 1272, 22, 3
0 15 10: 1272, 22, 1
0 15 29: 1272, 22, 2
0 15 34: 1272, 22, 0
0 15 37: 1272, 22, 1
0 16 14: 1272, 22, 3
0 16 30: 1272, 22, 3
0 16 39: 1272, 22, 2
0 16 47: 1272, 22, 2
0 17 12: 1250, 22, 2
0 17 14: 1272, 22, 3
0 17 36: 1272, 22, 3
0 18 12: 1272, 22, 1
0 18 23: 1272, 22, 1
0 18 25: 1272, 22, 0
0 18 44: 1272, 22, 1
0 19 2: 1272, 22, 3
0 19 3: 1272, 22, 2
0 19 15: 1272, 22, 0
0 19 36: 1272, 22, 0
0 21 48: 1366, 10, 1
0 22 3: 477, 10, 2
0 22 49: 684, 10, 2
0 22 57: 1272, 22, 2
0 23 2: 1367, 10, 2
0 23 5: 1366, 10, 2
0 23 13: 1272, 22, 3
0 23 38: 1173, 10, 0
0 23 47: 478, 10, 1
0 24 4: 684, 10, 2
0 24 13: 1272, 22, 2
0 24 14: 1272, 22, 3
0 24 19: 1272, 22, 0
0 24 38: 1171, 11, 0
0 24 39: 1173, 10, 3
0 24 59: 1272, 22, 1
0 25 7: 478, 10, 2
0 25 11: 1173, 10, 1
0 25 12: 1272, 22, 3
0 25 13: 1273, 22, 0
0 25 14: 1272, 22, 1
0 25 15: 1272, 22, 0
0 25 25: 684, 10, 0
0 25 26: 684, 10, 1
0 25 28: 1366, 10, 3
0 25 36: 1173, 10, 1
0 26 4: 1368, 10, 2
0 26 5: 684, 10, 1
0 26 12: 1272, 22, 0
0 26 13: 1272, 22, 0
0 26 17: 1272, 22, 1
0 26 24: 684, 10, 3
0 26 25: 1368, 10, 2
0 26 26: 684, 10, 0
0 26 44: 1272, 22, 0
0 26 46: 1272, 22, 3
0 26 50: 1173, 10, 3
0 27 9: 1272, 22, 1
0 27 15: 1272, 22, 2
0 27 17: 1171, 11, 0
0 27 34: 1250, 22, 2
0 27 55: 1272, 22, 1
0 27 57: 1272, 22, 2
0 27 59: 1272, 22, 2
0 28 13: 1272, 22, 3
0 28 27: 478, 10, 2
0 28 51: 1173, 10, 3
0 28 52: 1272, 22, 3
0 28 60: 1250, 22, 1
0 29 8: 1272, 22, 2
0 29 10: 1272, 22, 0
0 29 52: 1273, 22, 3
0 29 53: 1273, 22, 3
0 29 54: 1273, 22, 0
0 30 1: 1173, 10, 3
0 30 38: 1364, 10, 3
0 30 50: 1272, 22, 0
0 30 53: 1273, 22, 2
0 30 54: 1272, 22, 3
0 30 55: 1272, 22, 2
0 31 5: 1173, 10, 3
0 31 11: 1173, 10, 2
0 31 19: 1250, 22, 1
0 31 48: 1272, 22, 1
0 31 51: 1272, 22, 3
0 31 52: 1272, 22, 0
0 31 55: 1272, 22, 1
0 31 60: 478, 10, 2
0 32 20: 1272, 22, 1
0 32 41: 1366, 10, 2
0 32 50: 1250, 22, 0
0 32 54: 1173, 10, 3
0 32 55: 1171, 11, 1
0 32 58: 735, 10, 1
0 33 17: 735, 10, 0
0 33 21: 1272, 22, 0
0 33 39: 735, 10, 1
0 33 50: 1272, 22, 2
0 34 8: 1272, 22, 1
0 34 10: 1272, 22, 2
0 34 16: 735, 10, 3
0 34 18: 735, 10, 2
0 34 21: 1272, 22, 0
0 34 22: 1272, 22, 0
0 34 37: 1367, 10, 2
0 34 51: 1272, 22, 3
0 34 58: 1366, 10, 0
0 34 59: 1367, 10, 1
0 34 60: 684, 10, 0
0 35 15: 1367, 10, 2
0 35 17: 735, 10, 1
0 35 21: 1272, 22, 3
0 35 23: 1272, 22, 1
0 35 25: 1272, 22, 2
0 35 29: 1272, 22, 0
0 35 30: 1272, 22, 1
0 35 43: 1272, 22, 2
0 35 47: 1173, 10, 3
0 35 63: 185, 22, 1
0 36 14: 1364, 10, 2
0 36 20: 1272, 22, 2
0 36 21: 1273, 22, 3
0 36 22: 1272, 22, 2
0 36 24: 1272, 22, 3
0 36 28: 1272, 22, 0
0 36 32: 1250, 22, 1
0 37 8: 1272, 22, 1
0 37 19: 1173, 10, 1
0 37 21: 1272, 22, 1
0 37 22: 1272, 22, 2
0 37 23: 1272, 22, 3
0 37 24: 1272, 22, 1
0 37 61: 185, 22, 0
0 38 5: 1367, 10, 2
0 38 10: 1272, 22, 3
0 38 19: 1272, 22, 3
0 38 33: 1272, 22, 1
0 38 34: 1272, 22, 2
0 38 48: 478, 10, 2
0 38 62: 186, 22, 2
0 39 5: 1366, 10, 2
0 39 10: 1272, 22, 2
0 39 13: 1366, 10, 2
0 39 15: 735, 10, 2
0 39 20: 1272, 22, 0
0 39 31: 1272, 22, 0
0 39 48: 477, 10, 2
0 39 50: 735, 10, 1
0 39 58: 1173, 10, 3
0 39 62: 185, 22, 1
0 39 63: 185, 22, 1
0 40 2: 1367, 10, 2
0 40 3: 735, 10, 2
0 40 4: 735, 10, 3
0 40 14: 735, 10, 1
0 40 23: 735, 10, 2
0 40 29: 1173, 10, 1
0 40 31: 1272, 22, 3
0 40 34: 1272, 22, 3
0 40 35: 1272, 22, 3
0 40 58: 1250, 22, 2
0 40 63: 184, 22, 2
0 41 9: 1272, 22, 0
0 41 11: 1272, 22, 2
0 41 22: 735, 10, 1
0 41 43: 1272, 22, 1
0 41 62: 185, 22, 3
0 41 63: 186, 22, 3
0 42 3: 735, 10, 0
0 42 11: 1272, 22, 2
0 42 23: 735, 10, 0
0 42 29: 1272, 22, 1
0 42 31: 1272, 22, 2
0 42 47: 735, 10, 3
0 42 49: 735, 10, 2
0 42 51: 735, 10, 0
0 42 63: 184, 22, 0
0 43 11: 1272, 22, 2
0 43 12: 1173, 10, 0
0 43 13: 1272, 22, 0
0 43 17: 1363, 10, 2
0 43 23: 477, 10, 0
0 43 30: 1273, 22, 1
0 43 32: 1272, 22, 0
0 43 48: 1367, 10, 0
0 43 50: 735, 10, 1
0 43 60: 185, 22, 1
0 43 63: 185, 22, 0
0 44 1: 1366, 10, 0
0 44 6: 1272, 22, 0
0 44 12: 1272, 22, 3
0 44 21: 1366, 10, 0
0 44 28: 1272, 22, 0
0 44 36: 1367, 10, 3
0 44 38: 735, 10, 1
0 44 47: 735, 10, 0
0 44 48: 1364, 10, 2
0 44 62: 184, 22, 1
0 45 4: 1272, 22, 2
0 45 5: 1272, 22, 3
0 45 16: 1367, 10, 1
0 45 29: 1272, 22, 3
0 45 30: 1247, 22, 3
0 45 36: 1363, 10, 3
0 45 47: 1366, 10, 3
0 46 4: 1273, 22, 1
0 46 5: 1272, 22, 1
0 46 20: 735, 10, 3
0 46 27: 1272, 22, 3
0 46 35: 735, 10, 1
0 46 39: 1366, 10, 3
0 46 56: 1367, 10, 2
0 46 58: 735, 10, 2
0 46 63: 1272, 22, 2
0 47 3: 1272, 22, 0
0 47 4: 1272, 22, 2
0 47 5: 1173, 10, 3
0 47 18: 735, 10, 0
0 47 31: 1272, 22, 1
0 47 34: 735, 10, 0
0 47 52: 1272, 22, 0
0 47 62: 185, 22, 3
0 48 2: 1272, 22, 3
0 48 3: 1272, 22, 3
0 48 29: 1272, 22, 2
0 48 30: 1272, 22, 2
0 48 35: 735, 10, 0
0 48 36: 735, 10, 1
0 48 37: 735, 10, 3
0 48 42: 1272, 22, 0
0 48 58: 1368, 10, 1
0 48 63: 185, 22, 0
0 49 1: 1272, 22, 0
0 49 3: 1272, 22, 2
0 49 4: 1272, 22, 0
0 49 30: 1272, 22, 3
0 49 33: 1367, 10, 3
0 49 34: 735, 10, 2
0 49 35: 735, 10, 3
0 49 42: 1173, 10, 2
0 49 44: 1272, 22, 0
0 49 56: 735, 10, 3
0 49 58: 1367, 10, 2
0 49 63: 1272, 22, 1
0 50 2: 1250, 22, 2
0 50 35: 1368, 10, 3
0 50 42: 1272, 22, 3
0 50 43: 1171, 11, 3
0 51 8: 478, 10, 0
0 51 14: 1171, 11, 1
0 51 28: 1272, 22, 1
0 51 33: 735, 10, 3
0 51 41: 1247, 22, 3
0 51 42: 1272, 22, 1
0 51 43: 1173, 10, 1
0 51 57: 735, 10, 0
0 51 62: 1272, 22, 0
0 52 7: 478, 10, 2
0 52 16: 1272, 22, 0
0 52 19: 1272, 22, 3
0 52 22: 1250, 22, 0
0 52 25: 1272, 22, 0
0 52 34: 477, 10, 2
0 52 36: 735, 10, 0
0 52 41: 1173, 10, 0
0 52 43: 1272, 22, 3
0 52 60: 1273, 22, 1
0 52 62: 1272, 22, 0
0 53 6: 1364, 10, 0
0 53 9: 735, 10, 3
0 53 18: 1272, 22, 3
0 53 26: 1273, 22, 3
0 53 27: 1272, 22, 0
0 53 29: 1272, 22, 1
0 53 49: 735, 10, 1
0 53 54: 1272, 22, 2
0 53 58: 1272, 22, 2
0 54 4: 735, 10, 1
0 54 21: 1272, 22, 2
0 54 25: 1272, 22, 0
0 54 26: 1272, 22, 3
0 54 28: 1272, 22, 1
0 54 29: 1272, 22, 1
0 54 33: 735, 10, 2
0 54 41: 1272, 22, 2
0 54 54: 1272, 22, 0
0 54 60: 1272, 22, 1
0 54 61: 1273, 22, 0
0 55 3: 735, 10, 3
0 55 4: 735, 10, 2
0 55 25: 1272, 22, 3
0 55 27: 1273, 22, 2
0 55 28: 1272, 22, 1
0 55 29: 1171, 11, 2
0 55 45: 735, 10, 1
0 55 56: 1272, 22, 3
0 55 57: 1173, 10, 2
0 56 5: 735, 10, 0
0 56 26: 1272, 22, 2
0 56 27: 1272, 22, 2
0 56 28: 1272, 22, 2
0 56 45: 1368, 10, 3
0 56 48: 735, 10, 0
0 56 50: 1367, 10, 0
0 56 56: 1272, 22, 2
0 56 60: 1272, 22, 0
0 57 4: 735, 10, 0
0 57 19: 1368, 10, 2
0 57 25: 1272, 22, 1
0 57 46: 735, 10, 2
0 57 49: 1366, 10, 0
0 57 50: 1368, 10, 3
0 57 54: 1272, 22, 0
0 57 58: 1272, 22, 3
0 58 12: 1272, 22, 3
0 58 21: 1367, 10, 2
0 58 25: 1272, 22, 1
0 58 45: 735, 10, 3
0 58 48: 735, 10, 0
0 58 52: 1250, 22, 3
0 58 57: 1272, 22, 1
0 58 59: 1273, 22, 3
0 59 12: 1173, 10, 0
0 59 16: 478, 10, 2
0 59 19: 735, 10, 3
0 59 21: 1366, 10, 3
0 59 53: 1171, 11, 2
0 59 57: 1273, 22, 2
0 59 58: 1272, 22, 3
0 59 60: 1272, 22, 0
0 60 11: 1272, 22, 2
0 60 25: 1272, 22, 2
0 60 52: 1272, 22, 3
0 60 55: 1272, 22, 2
0 60 58: 1273, 22, 1
0 61 18: 735, 10, 1
0 61 25: 1173, 10, 0
0 61 26: 1272, 22, 0
0 61 30: 735, 10, 0
0 61 31: 1368, 10, 3
0 61 37: 1251, 22, 3
0 61 50: 1173, 10, 2
0 61 56: 1272, 22, 2
0 61 58: 1272, 22, 3
0 61 60: 1272, 22, 3
