0 0 55: 3171, 22, 3
0 1 52: 3204, 22, 3
0 2 53: 3171, 22, 0
0 2 54: 3204, 22, 0
0 2 59: 3204, 22, 1
0 3 47: 1405, 10, 3
0 3 59: 3171, 22, 3
0 3 60: 1406, 10, 2
0 4 54: 3171, 22, 1
0 4 56: 1405, 10, 2
0 6 46: 1405, 10, 2
0 6 60: 3171, 22, 1
0 7 61: 3204, 22, 0
0 8 48: 1405, 10, 3
0 8 53: 3204, 22, 2
0 8 54: 3204, 22, 2
0 8 62: 3171, 22, 2
0 9 55: 3171, 22, 0
0 10 60: 3204, 22, 0
0 11 55: 3171, 22, 3
0 11 58: 3171, 22, 0
0 13 58: 3171, 22, 3
0 13 61: 3204, 22, 1
0 14 49: 1123, 10, 1
0 15 59: 3204, 22, 2
0 15 62: 3204, 22, 0
0 16 61: 3171, 22, 2
0 18 53: 1123, 10, 0
0 19 39: 1123, 10, 2
0 19 54: 1123, 10, 3
0 20 58: 1123, 10, 2
0 21 57: 1123, 10, 2
0 26 44: 1123, 10, 0
0 31 56: 1123, 10, 0
0 32 55: 1123, 10, 3
