0 0 0: 80, -1 -1 -1, -1, -1
0 0 1: 80, -1 -1 -1, -1, -1
0 0 2: 80, -1 -1 -1, -1, -1
0 0 3: 80, -1 -1 -1, -1, -1
0 0 4: 80, -1 -1 -1, -1, -1
0 0 5: 80, -1 -1 -1, -1, -1
0 0 6: 80, -1 -1 -1, -1, -1
0 0 7: 80, -1 -1 -1, -1, -1
0 0 8: 80, -1 -1 -1, -1, -1
0 0 9: 80, -1 -1 -1, -1, -1
0 0 10: 80, -1 -1 -1, -1, -1
0 0 11: 80, -1 -1 -1, -1, -1
0 0 12: 80, -1 -1 -1, -1, -1
0 0 13: 80, -1 -1 -1, -1, -1
0 0 14: 80, -1 -1 -1, -1, -1
0 0 15: 80, -1 -1 -1, -1, -1
0 0 16: 80, -1 -1 -1, -1, -1
0 0 17: 80, -1 -1 -1, -1, -1
0 0 18: 80, -1 -1 -1, -1, -1
0 0 19: 80, -1 -1 -1, -1, -1
0 0 20: 80, -1 -1 -1, -1, -1
0 0 21: 80, -1 -1 -1, -1, -1
0 0 22: 80, -1 -1 -1, -1, -1
0 0 23: 80, -1 -1 -1, -1, -1
0 0 24: 80, -1 -1 -1, -1, -1
0 0 25: 80, -1 -1 -1, -1, -1
0 0 26: 80, -1 -1 -1, -1, -1
0 0 27: 80, -1 -1 -1, -1, -1
0 0 28: 80, -1 -1 -1, -1, -1
0 0 29: 80, -1 -1 -1, -1, -1
0 0 30: 80, -1 -1 -1, -1, -1
0 0 31: 80, -1 -1 -1, -1, -1
0 0 32: 80, -1 -1 -1, -1, -1
0 0 33: 80, -1 -1 -1, -1, -1
0 0 34: 80, -1 -1 -1, -1, -1
0 0 35: 80, -1 -1 -1, -1, -1
0 0 36: 80, -1 -1 -1, -1, -1
0 0 37: 80, -1 -1 -1, -1, -1
0 0 38: 80, -1 -1 -1, -1, -1
0 0 39: 80, -1 -1 -1, -1, -1
0 0 40: 80, -1 -1 -1, -1, -1
0 0 41: 80, -1 -1 -1, -1, -1
0 0 42: 80, -1 -1 -1, -1, -1
0 0 43: 80, -1 -1 -1, -1, -1
0 0 44: 80, -1 -1 -1, -1, -1
0 0 45: 80, -1 -1 -1, -1, -1
0 0 46: 80, -1 -1 -1, -1, -1
0 0 47: 80, -1 -1 -1, -1, -1
0 0 48: 80, -1 -1 -1, -1, -1
0 0 49: 80, -1 -1 -1, -1, -1
0 0 50: 80, -1 -1 -1, -1, -1
0 0 51: 80, -1 -1 -1, -1, -1
0 0 52: 80, -1 -1 -1, -1, -1
0 0 53: 80, -1 -1 -1, -1, -1
0 0 54: 80, -1 -1 -1, -1, -1
0 0 55: 80, -1 -1 -1, -1, -1
0 0 56: 80, -1 -1 -1, -1, -1
0 0 57: 80, -1 -1 -1, -1, -1
0 0 58: 80, -1 -1 -1, -1, -1
0 0 59: 80, -1 -1 -1, -1, -1
0 0 60: 80, -1 -1 -1, -1, -1
0 0 61: 80, -1 -1 -1, -1, -1
0 0 62: 80, -1 -1 -1, -1, -1
0 0 63: 80, -1 -1 -1, -1, -1
0 1 0: 80, -1 -1 -1, -1, -1
0 1 1: 80, -1 -1 -1, -1, -1
0 1 2: 80, -1 -1 -1, -1, -1
0 1 3: 80, -1 -1 -1, -1, -1
0 1 4: 80, -1 -1 -1, -1, -1
0 1 5: 80, -1 -1 -1, -1, -1
0 1 6: 80, -1 -1 -1, -1, -1
0 1 7: 80, -1 -1 -1, -1, -1
0 1 8: 80, -1 -1 -1, -1, -1
0 1 9: 80, -1 -1 -1, -1, -1
0 1 10: 80, -1 -1 -1, -1, -1
0 1 11: 80, -1 -1 -1, -1, -1
0 1 12: 80, -1 -1 -1, -1, -1
0 1 13: 80, -1 -1 -1, -1, -1
0 1 14: 80, -1 -1 -1, -1, -1
0 1 15: 80, -1 -1 -1, -1, -1
0 1 16: 80, -1 -1 -1, -1, -1
0 1 17: 80, -1 -1 -1, -1, -1
0 1 18: 80, -1 -1 -1, -1, -1
0 1 19: 80, -1 -1 -1, -1, -1
0 1 20: 80, -1 -1 -1, -1, -1
0 1 21: 80, -1 -1 -1, -1, -1
0 1 22: 80, -1 -1 -1, -1, -1
0 1 23: 80, -1 -1 -1, -1, -1
0 1 24: 80, -1 -1 -1, -1, -1
0 1 25: 80, -1 -1 -1, -1, -1
0 1 26: 80, -1 -1 -1, -1, -1
0 1 27: 80, -1 -1 -1, -1, -1
0 1 28: 80, -1 -1 -1, -1, -1
0 1 29: 80, -1 -1 -1, -1, -1
0 1 30: 80, -1 -1 -1, -1, -1
0 1 31: 80, -1 -1 -1, -1, -1
0 1 32: 80, -1 -1 -1, -1, -1
0 1 33: 80, -1 -1 -1, -1, -1
0 1 34: 80, -1 -1 -1, -1, -1
0 1 35: 80, -1 -1 -1, -1, -1
0 1 36: 80, -1 -1 -1, -1, -1
0 1 37: 80, -1 -1 -1, -1, -1
0 1 38: 80, -1 -1 -1, -1, -1
0 1 39: 80, -1 -1 -1, -1, -1
0 1 40: 80, -1 -1 -1, -1, -1
0 1 41: 80, -1 -1 -1, -1, -1
0 1 42: 80, -1 -1 -1, -1, -1
0 1 43: 80, -1 -1 -1, -1, -1
0 1 44: 80, -1 -1 -1, -1, -1
0 1 45: 80, -1 -1 -1, -1, -1
0 1 46: 80, -1 -1 -1, -1, -1
0 1 47: 80, -1 -1 -1, -1, -1
0 1 48: 80, -1 -1 -1, -1, -1
0 1 49: 80, -1 -1 -1, -1, -1
0 1 50: 80, -1 -1 -1, -1, -1
0 1 51: 80, -1 -1 -1, -1, -1
0 1 52: 80, -1 -1 -1, -1, -1
0 1 53: 80, -1 -1 -1, -1, -1
0 1 54: 80, -1 -1 -1, -1, -1
0 1 55: 80, -1 -1 -1, -1, -1
0 1 56: 80, -1 -1 -1, -1, -1
0 1 57: 80, -1 -1 -1, -1, -1
0 1 58: 80, -1 -1 -1, -1, -1
0 1 59: 80, -1 -1 -1, -1, -1
0 1 60: 80, -1 -1 -1, -1, -1
0 1 61: 80, -1 -1 -1, -1, -1
0 1 62: 80, -1 -1 -1, -1, -1
0 1 63: 80, -1 -1 -1, -1, -1
0 2 0: 80, -1 -1 -1, -1, -1
0 2 1: 80, -1 -1 -1, -1, -1
0 2 2: 80, -1 -1 -1, -1, -1
0 2 3: 80, -1 -1 -1, -1, -1
0 2 4: 80, -1 -1 -1, -1, -1
0 2 5: 80, -1 -1 -1, -1, -1
0 2 6: 80, -1 -1 -1, -1, -1
0 2 7: 80, -1 -1 -1, -1, -1
0 2 8: 80, -1 -1 -1, -1, -1
0 2 9: 80, -1 -1 -1, -1, -1
0 2 10: 80, -1 -1 -1, -1, -1
0 2 11: 80, -1 -1 -1, -1, -1
0 2 12: 80, -1 -1 -1, -1, -1
0 2 13: 80, -1 -1 -1, -1, -1
0 2 14: 80, -1 -1 -1, -1, -1
0 2 15: 80, -1 -1 -1, -1, -1
0 2 16: 80, -1 -1 -1, -1, -1
0 2 17: 80, -1 -1 -1, -1, -1
0 2 18: 80, -1 -1 -1, -1, -1
0 2 19: 80, -1 -1 -1, -1, -1
0 2 20: 80, -1 -1 -1, -1, -1
0 2 21: 80, -1 -1 -1, -1, -1
0 2 22: 80, -1 -1 -1, -1, -1
0 2 23: 80, -1 -1 -1, -1, -1
0 2 24: 80, -1 -1 -1, -1, -1
0 2 25: 80, -1 -1 -1, -1, -1
0 2 26: 80, -1 -1 -1, -1, -1
0 2 27: 80, -1 -1 -1, -1, -1
0 2 28: 80, -1 -1 -1, -1, -1
0 2 29: 80, -1 -1 -1, -1, -1
0 2 30: 80, -1 -1 -1, -1, -1
0 2 31: 80, -1 -1 -1, -1, -1
0 2 32: 80, -1 -1 -1, -1, -1
0 2 33: 80, -1 -1 -1, -1, -1
0 2 34: 80, -1 -1 -1, -1, -1
0 2 35: 80, -1 -1 -1, -1, -1
0 2 36: 80, -1 -1 -1, -1, -1
0 2 37: 80, -1 -1 -1, -1, -1
0 2 38: 80, -1 -1 -1, -1, -1
0 2 39: 80, -1 -1 -1, -1, -1
0 2 40: 80, -1 -1 -1, -1, -1
0 2 41: 80, -1 -1 -1, -1, -1
0 2 42: 80, -1 -1 -1, -1, -1
0 2 43: 80, -1 -1 -1, -1, -1
0 2 44: 80, -1 -1 -1, -1, -1
0 2 45: 80, -1 -1 -1, -1, -1
0 2 46: 80, -1 -1 -1, -1, -1
0 2 47: 80, -1 -1 -1, -1, -1
0 2 48: 80, -1 -1 -1, -1, -1
0 2 49: 80, -1 -1 -1, -1, -1
0 2 50: 80, -1 -1 -1, -1, -1
0 2 51: 80, -1 -1 -1, -1, -1
0 2 52: 80, -1 -1 -1, -1, -1
0 2 53: 80, -1 -1 -1, -1, -1
0 2 54: 80, -1 -1 -1, -1, -1
0 2 55: 80, -1 -1 -1, -1, -1
0 2 56: 80, -1 -1 -1, -1, -1
0 2 57: 80, -1 -1 -1, -1, -1
0 2 58: 80, -1 -1 -1, -1, -1
0 2 59: 80, -1 -1 -1, -1, -1
0 2 60: 80, -1 -1 -1, -1, -1
0 2 61: 80, -1 -1 -1, -1, -1
0 2 62: 80, -1 -1 -1, -1, -1
0 2 63: 80, -1 -1 -1, -1, -1
0 3 0: 80, -1 -1 -1, -1, -1
0 3 1: 80, -1 -1 -1, -1, -1
0 3 2: 80, -1 -1 -1, -1, -1
0 3 3: 80, -1 -1 -1, -1, -1
0 3 4: 80, -1 -1 -1, -1, -1
0 3 5: 80, -1 -1 -1, -1, -1
0 3 6: 80, -1 -1 -1, -1, -1
0 3 7: 80, -1 -1 -1, -1, -1
0 3 8: 80, -1 -1 -1, -1, -1
0 3 9: 80, -1 -1 -1, -1, -1
0 3 10: 80, -1 -1 -1, -1, -1
0 3 11: 80, -1 -1 -1, -1, -1
0 3 12: 80, -1 -1 -1, -1, -1
0 3 13: 80, -1 -1 -1, -1, -1
0 3 14: 80, -1 -1 -1, -1, -1
0 3 15: 80, -1 -1 -1, -1, -1
0 3 16: 80, -1 -1 -1, -1, -1
0 3 17: 80, -1 -1 -1, -1, -1
0 3 18: 80, -1 -1 -1, -1, -1
0 3 19: 80, -1 -1 -1, -1, -1
0 3 20: 80, -1 -1 -1, -1, -1
0 3 21: 80, -1 -1 -1, -1, -1
0 3 22: 80, -1 -1 -1, -1, -1
0 3 23: 80, -1 -1 -1, -1, -1
0 3 24: 80, -1 -1 -1, -1, -1
0 3 25: 80, -1 -1 -1, -1, -1
0 3 26: 80, -1 -1 -1, -1, -1
0 3 27: 80, -1 -1 -1, -1, -1
0 3 28: 80, -1 -1 -1, -1, -1
0 3 29: 80, -1 -1 -1, -1, -1
0 3 30: 80, -1 -1 -1, -1, -1
0 3 31: 80, -1 -1 -1, -1, -1
0 3 32: 80, -1 -1 -1, -1, -1
0 3 33: 80, -1 -1 -1, -1, -1
0 3 34: 80, -1 -1 -1, -1, -1
0 3 35: 80, -1 -1 -1, -1, -1
0 3 36: 80, -1 -1 -1, -1, -1
0 3 37: 80, -1 -1 -1, -1, -1
0 3 38: 80, -1 -1 -1, -1, -1
0 3 39: 80, -1 -1 -1, -1, -1
0 3 40: 80, -1 -1 -1, -1, -1
0 3 41: 80, -1 -1 -1, -1, -1
0 3 42: 80, -1 -1 -1, -1, -1
0 3 43: 80, -1 -1 -1, -1, -1
0 3 44: 80, -1 -1 -1, -1, -1
0 3 45: 80, -1 -1 -1, -1, -1
0 3 46: 80, -1 -1 -1, -1, -1
0 3 47: 80, -1 -1 -1, -1, -1
0 3 48: 80, -1 -1 -1, -1, -1
0 3 49: 80, -1 -1 -1, -1, -1
0 3 50: 80, -1 -1 -1, -1, -1
0 3 51: 80, -1 -1 -1, -1, -1
0 3 52: 80, -1 -1 -1, -1, -1
0 3 53: 80, -1 -1 -1, -1, -1
0 3 54: 80, -1 -1 -1, -1, -1
0 3 55: 80, -1 -1 -1, -1, -1
0 3 56: 80, -1 -1 -1, -1, -1
0 3 57: 80, -1 -1 -1, -1, -1
0 3 58: 80, -1 -1 -1, -1, -1
0 3 59: 80, -1 -1 -1, -1, -1
0 3 60: 80, -1 -1 -1, -1, -1
0 3 61: 80, -1 -1 -1, -1, -1
0 3 62: 80, -1 -1 -1, -1, -1
0 3 63: 80, -1 -1 -1, -1, -1
0 4 0: 80, -1 -1 -1, -1, -1
0 4 1: 80, -1 -1 -1, -1, -1
0 4 2: 80, -1 -1 -1, -1, -1
0 4 3: 80, -1 -1 -1, -1, -1
0 4 4: 80, -1 -1 -1, -1, -1
0 4 5: 80, -1 -1 -1, -1, -1
0 4 6: 80, -1 -1 -1, -1, -1
0 4 7: 80, -1 -1 -1, -1, -1
0 4 8: 80, -1 -1 -1, -1, -1
0 4 9: 80, -1 -1 -1, -1, -1
0 4 10: 80, -1 -1 -1, -1, -1
0 4 11: 80, -1 -1 -1, -1, -1
0 4 12: 80, -1 -1 -1, -1, -1
0 4 13: 80, -1 -1 -1, -1, -1
0 4 14: 80, -1 -1 -1, -1, -1
0 4 15: 80, -1 -1 -1, -1, -1
0 4 16: 80, -1 -1 -1, -1, -1
0 4 17: 80, -1 -1 -1, -1, -1
0 4 18: 80, -1 -1 -1, -1, -1
0 4 19: 80, -1 -1 -1, -1, -1
0 4 20: 80, -1 -1 -1, -1, -1
0 4 21: 80, -1 -1 -1, -1, -1
0 4 22: 80, -1 -1 -1, -1, -1
0 4 23: 80, -1 -1 -1, -1, -1
0 4 24: 80, -1 -1 -1, -1, -1
0 4 25: 80, -1 -1 -1, -1, -1
0 4 26: 80, -1 -1 -1, -1, -1
0 4 27: 80, -1 -1 -1, -1, -1
0 4 28: 80, -1 -1 -1, -1, -1
0 4 29: 80, -1 -1 -1, -1, -1
0 4 30: 80, -1 -1 -1, -1, -1
0 4 31: 80, -1 -1 -1, -1, -1
0 4 32: 80, -1 -1 -1, -1, -1
0 4 33: 80, -1 -1 -1, -1, -1
0 4 34: 80, -1 -1 -1, -1, -1
0 4 35: 80, -1 -1 -1, -1, -1
0 4 36: 80, -1 -1 -1, -1, -1
0 4 37: 80, -1 -1 -1, -1, -1
0 4 38: 80, -1 -1 -1, -1, -1
0 4 39: 80, -1 -1 -1, -1, -1
0 4 40: 80, -1 -1 -1, -1, -1
0 4 41: 80, -1 -1 -1, -1, -1
0 4 42: 80, -1 -1 -1, -1, -1
0 4 43: 80, -1 -1 -1, -1, -1
0 4 44: 80, -1 -1 -1, -1, -1
0 4 45: 80, -1 -1 -1, -1, -1
0 4 46: 80, -1 -1 -1, -1, -1
0 4 47: 80, -1 -1 -1, -1, -1
0 4 48: 80, -1 -1 -1, -1, -1
0 4 49: 80, -1 -1 -1, -1, -1
0 4 50: 80, -1 -1 -1, -1, -1
0 4 51: 80, -1 -1 -1, -1, -1
0 4 52: 80, -1 -1 -1, -1, -1
0 4 53: 80, -1 -1 -1, -1, -1
0 4 54: 80, -1 -1 -1, -1, -1
0 4 55: 80, -1 -1 -1, -1, -1
0 4 56: 80, -1 -1 -1, -1, -1
0 4 57: 80, -1 -1 -1, -1, -1
0 4 58: 80, -1 -1 -1, -1, -1
0 4 59: 80, -1 -1 -1, -1, -1
0 4 60: 80, -1 -1 -1, -1, -1
0 4 61: 80, -1 -1 -1, -1, -1
0 4 62: 80, -1 -1 -1, -1, -1
0 4 63: 80, -1 -1 -1, -1, -1
0 5 0: 80, -1 -1 -1, -1, -1
0 5 1: 80, -1 -1 -1, -1, -1
0 5 2: 80, -1 -1 -1, -1, -1
0 5 3: 80, -1 -1 -1, -1, -1
0 5 4: 80, -1 -1 -1, -1, -1
0 5 5: 80, -1 -1 -1, -1, -1
0 5 6: 80, -1 -1 -1, -1, -1
0 5 7: 80, -1 -1 -1, -1, -1
0 5 8: 80, -1 -1 -1, -1, -1
0 5 9: 80, -1 -1 -1, -1, -1
0 5 10: 80, -1 -1 -1, -1, -1
0 5 11: 80, -1 -1 -1, -1, -1
0 5 12: 80, -1 -1 -1, -1, -1
0 5 13: 80, -1 -1 -1, -1, -1
0 5 14: 80, -1 -1 -1, -1, -1
0 5 15: 80, -1 -1 -1, -1, -1
0 5 16: 80, -1 -1 -1, -1, -1
0 5 17: 80, -1 -1 -1, -1, -1
0 5 18: 80, -1 -1 -1, -1, -1
0 5 19: 80, -1 -1 -1, -1, -1
0 5 20: 80, -1 -1 -1, -1, -1
0 5 21: 80, -1 -1 -1, -1, -1
0 5 22: 80, -1 -1 -1, -1, -1
0 5 23: 80, -1 -1 -1, -1, -1
0 5 24: 80, -1 -1 -1, -1, -1
0 5 25: 80, -1 -1 -1, -1, -1
0 5 26: 80, -1 -1 -1, -1, -1
0 5 27: 80, -1 -1 -1, -1, -1
0 5 28: 80, -1 -1 -1, -1, -1
0 5 29: 80, -1 -1 -1, -1, -1
0 5 30: 80, -1 -1 -1, -1, -1
0 5 31: 80, -1 -1 -1, -1, -1
0 5 32: 80, -1 -1 -1, -1, -1
0 5 33: 80, -1 -1 -1, -1, -1
0 5 34: 80, -1 -1 -1, -1, -1
0 5 35: 80, -1 -1 -1, -1, -1
0 5 36: 80, -1 -1 -1, -1, -1
0 5 37: 80, -1 -1 -1, -1, -1
0 5 38: 80, -1 -1 -1, -1, -1
0 5 39: 80, -1 -1 -1, -1, -1
0 5 40: 80, -1 -1 -1, -1, -1
0 5 41: 80, -1 -1 -1, -1, -1
0 5 42: 80, -1 -1 -1, -1, -1
0 5 43: 80, -1 -1 -1, -1, -1
0 5 44: 80, -1 -1 -1, -1, -1
0 5 45: 80, -1 -1 -1, -1, -1
0 5 46: 80, -1 -1 -1, -1, -1
0 5 47: 80, -1 -1 -1, -1, -1
0 5 48: 80, -1 -1 -1, -1, -1
0 5 49: 80, -1 -1 -1, -1, -1
0 5 50: 80, -1 -1 -1, -1, -1
0 5 51: 80, -1 -1 -1, -1, -1
0 5 52: 80, -1 -1 -1, -1, -1
0 5 53: 80, -1 -1 -1, -1, -1
0 5 54: 80, -1 -1 -1, -1, -1
0 5 55: 80, -1 -1 -1, -1, -1
0 5 56: 80, -1 -1 -1, -1, -1
0 5 57: 80, -1 -1 -1, -1, -1
0 5 58: 80, -1 -1 -1, -1, -1
0 5 59: 80, -1 -1 -1, -1, -1
0 5 60: 80, -1 -1 -1, -1, -1
0 5 61: 80, -1 -1 -1, -1, -1
0 5 62: 80, -1 -1 -1, -1, -1
0 5 63: 80, -1 -1 -1, -1, -1
0 6 0: 80, -1 -1 -1, -1, -1
0 6 1: 80, -1 -1 -1, -1, -1
0 6 2: 80, -1 -1 -1, -1, -1
0 6 3: 80, -1 -1 -1, -1, -1
0 6 4: 80, -1 -1 -1, -1, -1
0 6 5: 80, -1 -1 -1, -1, -1
0 6 6: 80, -1 -1 -1, -1, -1
0 6 7: 80, -1 -1 -1, -1, -1
0 6 8: 80, -1 -1 -1, -1, -1
0 6 9: 80, -1 -1 -1, -1, -1
0 6 10: 80, -1 -1 -1, -1, -1
0 6 11: 80, -1 -1 -1, -1, -1
0 6 12: 80, -1 -1 -1, -1, -1
0 6 13: 80, -1 -1 -1, -1, -1
0 6 14: 80, -1 -1 -1, -1, -1
0 6 15: 80, -1 -1 -1, -1, -1
0 6 16: 80, -1 -1 -1, -1, -1
0 6 17: 80, -1 -1 -1, -1, -1
0 6 18: 80, -1 -1 -1, -1, -1
0 6 19: 80, -1 -1 -1, -1, -1
0 6 20: 80, -1 -1 -1, -1, -1
0 6 21: 80, -1 -1 -1, -1, -1
0 6 22: 80, -1 -1 -1, -1, -1
0 6 23: 80, -1 -1 -1, -1, -1
0 6 24: 80, -1 -1 -1, -1, -1
0 6 25: 80, -1 -1 -1, -1, -1
0 6 26: 80, -1 -1 -1, -1, -1
0 6 27: 80, -1 -1 -1, -1, -1
0 6 28: 80, -1 -1 -1, -1, -1
0 6 29: 80, -1 -1 -1, -1, -1
0 6 30: 80, -1 -1 -1, -1, -1
0 6 31: 80, -1 -1 -1, -1, -1
0 6 32: 80, -1 -1 -1, -1, -1
0 6 33: 80, -1 -1 -1, -1, -1
0 6 34: 80, -1 -1 -1, -1, -1
0 6 35: 80, -1 -1 -1, -1, -1
0 6 36: 80, -1 -1 -1, -1, -1
0 6 37: 80, -1 -1 -1, -1, -1
0 6 38: 80, -1 -1 -1, -1, -1
0 6 39: 80, -1 -1 -1, -1, -1
0 6 40: 80, -1 -1 -1, -1, -1
0 6 41: 80, -1 -1 -1, -1, -1
0 6 42: 80, -1 -1 -1, -1, -1
0 6 43: 80, -1 -1 -1, -1, -1
0 6 44: 80, -1 -1 -1, -1, -1
0 6 45: 80, -1 -1 -1, -1, -1
0 6 46: 80, -1 -1 -1, -1, -1
0 6 47: 80, -1 -1 -1, -1, -1
0 6 48: 80, -1 -1 -1, -1, -1
0 6 49: 80, -1 -1 -1, -1, -1
0 6 50: 80, -1 -1 -1, -1, -1
0 6 51: 80, -1 -1 -1, -1, -1
0 6 52: 80, -1 -1 -1, -1, -1
0 6 53: 80, -1 -1 -1, -1, -1
0 6 54: 80, -1 -1 -1, -1, -1
0 6 55: 80, -1 -1 -1, -1, -1
0 6 56: 80, -1 -1 -1, -1, -1
0 6 57: 80, -1 -1 -1, -1, -1
0 6 58: 80, -1 -1 -1, -1, -1
0 6 59: 80, -1 -1 -1, -1, -1
0 6 60: 80, -1 -1 -1, -1, -1
0 6 61: 80, -1 -1 -1, -1, -1
0 6 62: 80, -1 -1 -1, -1, -1
0 6 63: 80, -1 -1 -1, -1, -1
0 7 0: 80, -1 -1 -1, -1, -1
0 7 1: 80, -1 -1 -1, -1, -1
0 7 2: 80, -1 -1 -1, -1, -1
0 7 3: 80, -1 -1 -1, -1, -1
0 7 4: 80, -1 -1 -1, -1, -1
0 7 5: 80, -1 -1 -1, -1, -1
0 7 6: 80, -1 -1 -1, -1, -1
0 7 7: 80, -1 -1 -1, -1, -1
0 7 8: 80, -1 -1 -1, -1, -1
0 7 9: 80, -1 -1 -1, -1, -1
0 7 10: 80, -1 -1 -1, -1, -1
0 7 11: 80, -1 -1 -1, -1, -1
0 7 12: 80, -1 -1 -1, -1, -1
0 7 13: 80, -1 -1 -1, -1, -1
0 7 14: 80, -1 -1 -1, -1, -1
0 7 15: 80, -1 -1 -1, -1, -1
0 7 16: 80, -1 -1 -1, -1, -1
0 7 17: 80, -1 -1 -1, -1, -1
0 7 18: 80, -1 -1 -1, -1, -1
0 7 19: 80, -1 -1 -1, -1, -1
0 7 20: 80, -1 -1 -1, -1, -1
0 7 21: 80, -1 -1 -1, -1, -1
0 7 22: 80, -1 -1 -1, -1, -1
0 7 23: 80, -1 -1 -1, -1, -1
0 7 24: 80, -1 -1 -1, -1, -1
0 7 25: 80, -1 -1 -1, -1, -1
0 7 26: 80, -1 -1 -1, -1, -1
0 7 27: 80, -1 -1 -1, -1, -1
0 7 28: 80, -1 -1 -1, -1, -1
0 7 29: 80, -1 -1 -1, -1, -1
0 7 30: 80, -1 -1 -1, -1, -1
0 7 31: 80, -1 -1 -1, -1, -1
0 7 32: 80, -1 -1 -1, -1, -1
0 7 33: 80, -1 -1 -1, -1, -1
0 7 34: 80, -1 -1 -1, -1, -1
0 7 35: 80, -1 -1 -1, -1, -1
0 7 36: 80, -1 -1 -1, -1, -1
0 7 37: 80, -1 -1 -1, -1, -1
0 7 38: 80, -1 -1 -1, -1, -1
0 7 39: 80, -1 -1 -1, -1, -1
0 7 40: 80, -1 -1 -1, -1, -1
0 7 41: 80, -1 -1 -1, -1, -1
0 7 42: 80, -1 -1 -1, -1, -1
0 7 43: 80, -1 -1 -1, -1, -1
0 7 44: 80, -1 -1 -1, -1, -1
0 7 45: 80, -1 -1 -1, -1, -1
0 7 46: 80, -1 -1 -1, -1, -1
0 7 47: 80, -1 -1 -1, -1, -1
0 7 48: 80, -1 -1 -1, -1, -1
0 7 49: 80, -1 -1 -1, -1, -1
0 7 50: 80, -1 -1 -1, -1, -1
0 7 51: 80, -1 -1 -1, -1, -1
0 7 52: 80, -1 -1 -1, -1, -1
0 7 53: 80, -1 -1 -1, -1, -1
0 7 54: 80, -1 -1 -1, -1, -1
0 7 55: 80, -1 -1 -1, -1, -1
0 7 56: 80, -1 -1 -1, -1, -1
0 7 57: 80, -1 -1 -1, -1, -1
0 7 58: 80, -1 -1 -1, -1, -1
0 7 59: 80, -1 -1 -1, -1, -1
0 7 60: 80, -1 -1 -1, -1, -1
0 7 61: 80, -1 -1 -1, -1, -1
0 7 62: 80, -1 -1 -1, -1, -1
0 7 63: 80, -1 -1 -1, -1, -1
0 8 0: 80, -1 -1 -1, -1, -1
0 8 1: 80, -1 -1 -1, -1, -1
0 8 2: 80, -1 -1 -1, -1, -1
0 8 3: 80, -1 -1 -1, -1, -1
0 8 4: 80, -1 -1 -1, -1, -1
0 8 5: 80, -1 -1 -1, -1, -1
0 8 6: 80, -1 -1 -1, -1, -1
0 8 7: 80, -1 -1 -1, -1, -1
0 8 8: 80, -1 -1 -1, -1, -1
0 8 9: 80, -1 -1 -1, -1, -1
0 8 10: 80, -1 -1 -1, -1, -1
0 8 11: 80, -1 -1 -1, -1, -1
0 8 12: 80, -1 -1 -1, -1, -1
0 8 13: 80, -1 -1 -1, -1, -1
0 8 14: 80, -1 -1 -1, -1, -1
0 8 15: 80, -1 -1 -1, -1, -1
0 8 16: 80, -1 -1 -1, -1, -1
0 8 17: 80, -1 -1 -1, -1, -1
0 8 18: 80, -1 -1 -1, -1, -1
0 8 19: 80, -1 -1 -1, -1, -1
0 8 20: 80, -1 -1 -1, -1, -1
0 8 21: 80, -1 -1 -1, -1, -1
0 8 22: 80, -1 -1 -1, -1, -1
0 8 23: 80, -1 -1 -1, -1, -1
0 8 24: 80, -1 -1 -1, -1, -1
0 8 25: 80, -1 -1 -1, -1, -1
0 8 26: 80, -1 -1 -1, -1, -1
0 8 27: 80, -1 -1 -1, -1, -1
0 8 28: 80, -1 -1 -1, -1, -1
0 8 29: 80, -1 -1 -1, -1, -1
0 8 30: 80, -1 -1 -1, -1, -1
0 8 31: 80, -1 -1 -1, -1, -1
0 8 32: 80, -1 -1 -1, -1, -1
0 8 33: 80, -1 -1 -1, -1, -1
0 8 34: 80, -1 -1 -1, -1, -1
0 8 35: 80, -1 -1 -1, -1, -1
0 8 36: 80, -1 -1 -1, -1, -1
0 8 37: 80, -1 -1 -1, -1, -1
0 8 38: 80, -1 -1 -1, -1, -1
0 8 39: 80, -1 -1 -1, -1, -1
0 8 40: 80, -1 -1 -1, -1, -1
0 8 41: 80, -1 -1 -1, -1, -1
0 8 42: 80, -1 -1 -1, -1, -1
0 8 43: 80, -1 -1 -1, -1, -1
0 8 44: 80, -1 -1 -1, -1, -1
0 8 45: 80, -1 -1 -1, -1, -1
0 8 46: 80, -1 -1 -1, -1, -1
0 8 47: 80, -1 -1 -1, -1, -1
0 8 48: 80, -1 -1 -1, -1, -1
0 8 49: 80, -1 -1 -1, -1, -1
0 8 50: 80, -1 -1 -1, -1, -1
0 8 51: 80, -1 -1 -1, -1, -1
0 8 52: 80, -1 -1 -1, -1, -1
0 8 53: 80, -1 -1 -1, -1, -1
0 8 54: 80, -1 -1 -1, -1, -1
0 8 55: 80, -1 -1 -1, -1, -1
0 8 56: 80, -1 -1 -1, -1, -1
0 8 57: 80, -1 -1 -1, -1, -1
0 8 58: 80, -1 -1 -1, -1, -1
0 8 59: 80, -1 -1 -1, -1, -1
0 8 60: 80, -1 -1 -1, -1, -1
0 8 61: 80, -1 -1 -1, -1, -1
0 8 62: 80, -1 -1 -1, -1, -1
0 8 63: 80, -1 -1 -1, -1, -1
0 9 0: 80, -1 -1 -1, -1, -1
0 9 1: 80, -1 -1 -1, -1, -1
0 9 2: 80, -1 -1 -1, -1, -1
0 9 3: 80, -1 -1 -1, -1, -1
0 9 4: 80, -1 -1 -1, -1, -1
0 9 5: 80, -1 -1 -1, -1, -1
0 9 6: 80, -1 -1 -1, -1, -1
0 9 7: 80, -1 -1 -1, -1, -1
0 9 8: 80, -1 -1 -1, -1, -1
0 9 9: 80, -1 -1 -1, -1, -1
0 9 10: 80, -1 -1 -1, -1, -1
0 9 11: 80, -1 -1 -1, -1, -1
0 9 12: 80, -1 -1 -1, -1, -1
0 9 13: 80, -1 -1 -1, -1, -1
0 9 14: 80, -1 -1 -1, -1, -1
0 9 15: 80, -1 -1 -1, -1, -1
0 9 16: 80, -1 -1 -1, -1, -1
0 9 17: 80, -1 -1 -1, -1, -1
0 9 18: 80, -1 -1 -1, -1, -1
0 9 19: 80, -1 -1 -1, -1, -1
0 9 20: 80, -1 -1 -1, -1, -1
0 9 21: 80, -1 -1 -1, -1, -1
0 9 22: 80, -1 -1 -1, -1, -1
0 9 23: 80, -1 -1 -1, -1, -1
0 9 24: 80, -1 -1 -1, -1, -1
0 9 25: 80, -1 -1 -1, -1, -1
0 9 26: 80, -1 -1 -1, -1, -1
0 9 27: 80, -1 -1 -1, -1, -1
0 9 28: 80, -1 -1 -1, -1, -1
0 9 29: 80, -1 -1 -1, -1, -1
0 9 30: 80, -1 -1 -1, -1, -1
0 9 31: 80, -1 -1 -1, -1, -1
0 9 32: 80, -1 -1 -1, -1, -1
0 9 33: 80, -1 -1 -1, -1, -1
0 9 34: 80, -1 -1 -1, -1, -1
0 9 35: 80, -1 -1 -1, -1, -1
0 9 36: 80, -1 -1 -1, -1, -1
0 9 37: 80, -1 -1 -1, -1, -1
0 9 38: 80, -1 -1 -1, -1, -1
0 9 39: 80, -1 -1 -1, -1, -1
0 9 40: 80, -1 -1 -1, -1, -1
0 9 41: 80, -1 -1 -1, -1, -1
0 9 42: 80, -1 -1 -1, -1, -1
0 9 43: 80, -1 -1 -1, -1, -1
0 9 44: 80, -1 -1 -1, -1, -1
0 9 45: 80, -1 -1 -1, -1, -1
0 9 46: 80, -1 -1 -1, -1, -1
0 9 47: 80, -1 -1 -1, -1, -1
0 9 48: 80, -1 -1 -1, -1, -1
0 9 49: 80, -1 -1 -1, -1, -1
0 9 50: 80, -1 -1 -1, -1, -1
0 9 51: 80, -1 -1 -1, -1, -1
0 9 52: 80, -1 -1 -1, -1, -1
0 9 53: 80, -1 -1 -1, -1, -1
0 9 54: 80, -1 -1 -1, -1, -1
0 9 55: 80, -1 -1 -1, -1, -1
0 9 56: 80, -1 -1 -1, -1, -1
0 9 57: 80, -1 -1 -1, -1, -1
0 9 58: 80, -1 -1 -1, -1, -1
0 9 59: 80, -1 -1 -1, -1, -1
0 9 60: 80, -1 -1 -1, -1, -1
0 9 61: 80, -1 -1 -1, -1, -1
0 9 62: 80, -1 -1 -1, -1, -1
0 9 63: 80, -1 -1 -1, -1, -1
0 10 0: 80, -1 -1 -1, -1, -1
0 10 1: 80, -1 -1 -1, -1, -1
0 10 2: 80, -1 -1 -1, -1, -1
0 10 3: 80, -1 -1 -1, -1, -1
0 10 4: 80, -1 -1 -1, -1, -1
0 10 5: 80, -1 -1 -1, -1, -1
0 10 6: 80, -1 -1 -1, -1, -1
0 10 7: 80, -1 -1 -1, -1, -1
0 10 8: 80, -1 -1 -1, -1, -1
0 10 9: 80, -1 -1 -1, -1, -1
0 10 10: 80, -1 -1 -1, -1, -1
0 10 11: 80, -1 -1 -1, -1, -1
0 10 12: 80, -1 -1 -1, -1, -1
0 10 13: 80, -1 -1 -1, -1, -1
0 10 14: 80, -1 -1 -1, -1, -1
0 10 15: 80, -1 -1 -1, -1, -1
0 10 16: 80, -1 -1 -1, -1, -1
0 10 17: 80, -1 -1 -1, -1, -1
0 10 18: 80, -1 -1 -1, -1, -1
0 10 19: 80, -1 -1 -1, -1, -1
0 10 20: 80, -1 -1 -1, -1, -1
0 10 21: 80, -1 -1 -1, -1, -1
0 10 22: 80, -1 -1 -1, -1, -1
0 10 23: 80, -1 -1 -1, -1, -1
0 10 24: 80, -1 -1 -1, -1, -1
0 10 25: 80, -1 -1 -1, -1, -1
0 10 26: 80, -1 -1 -1, -1, -1
0 10 27: 80, -1 -1 -1, -1, -1
0 10 28: 80, -1 -1 -1, -1, -1
0 10 29: 80, -1 -1 -1, -1, -1
0 10 30: 80, -1 -1 -1, -1, -1
0 10 31: 80, -1 -1 -1, -1, -1
0 10 32: 80, -1 -1 -1, -1, -1
0 10 33: 80, -1 -1 -1, -1, -1
0 10 34: 80, -1 -1 -1, -1, -1
0 10 35: 80, -1 -1 -1, -1, -1
0 10 36: 80, -1 -1 -1, -1, -1
0 10 37: 80, -1 -1 -1, -1, -1
0 10 38: 80, -1 -1 -1, -1, -1
0 10 39: 80, -1 -1 -1, -1, -1
0 10 40: 80, -1 -1 -1, -1, -1
0 10 41: 80, -1 -1 -1, -1, -1
0 10 42: 80, -1 -1 -1, -1, -1
0 10 43: 80, -1 -1 -1, -1, -1
0 10 44: 80, -1 -1 -1, -1, -1
0 10 45: 80, -1 -1 -1, -1, -1
0 10 46: 80, -1 -1 -1, -1, -1
0 10 47: 80, -1 -1 -1, -1, -1
0 10 48: 80, -1 -1 -1, -1, -1
0 10 49: 80, -1 -1 -1, -1, -1
0 10 50: 80, -1 -1 -1, -1, -1
0 10 51: 80, -1 -1 -1, -1, -1
0 10 52: 80, -1 -1 -1, -1, -1
0 10 53: 80, -1 -1 -1, -1, -1
0 10 54: 80, -1 -1 -1, -1, -1
0 10 55: 80, -1 -1 -1, -1, -1
0 10 56: 80, -1 -1 -1, -1, -1
0 10 57: 80, -1 -1 -1, -1, -1
0 10 58: 80, -1 -1 -1, -1, -1
0 10 59: 80, -1 -1 -1, -1, -1
0 10 60: 80, -1 -1 -1, -1, -1
0 10 61: 80, -1 -1 -1, -1, -1
0 10 62: 80, -1 -1 -1, -1, -1
0 10 63: 80, -1 -1 -1, -1, -1
0 11 0: 80, -1 -1 -1, -1, -1
0 11 1: 80, -1 -1 -1, -1, -1
0 11 2: 80, -1 -1 -1, -1, -1
0 11 3: 80, -1 -1 -1, -1, -1
0 11 4: 80, -1 -1 -1, -1, -1
0 11 5: 80, -1 -1 -1, -1, -1
0 11 6: 80, -1 -1 -1, -1, -1
0 11 7: 80, -1 -1 -1, -1, -1
0 11 8: 80, -1 -1 -1, -1, -1
0 11 9: 80, -1 -1 -1, -1, -1
0 11 10: 80, -1 -1 -1, -1, -1
0 11 11: 80, -1 -1 -1, -1, -1
0 11 12: 80, -1 -1 -1, -1, -1
0 11 13: 80, -1 -1 -1, -1, -1
0 11 14: 80, -1 -1 -1, -1, -1
0 11 15: 80, -1 -1 -1, -1, -1
0 11 16: 80, -1 -1 -1, -1, -1
0 11 17: 80, -1 -1 -1, -1, -1
0 11 18: 80, -1 -1 -1, -1, -1
0 11 19: 80, -1 -1 -1, -1, -1
0 11 20: 80, -1 -1 -1, -1, -1
0 11 21: 80, -1 -1 -1, -1, -1
0 11 22: 80, -1 -1 -1, -1, -1
0 11 23: 80, -1 -1 -1, -1, -1
0 11 24: 80, -1 -1 -1, -1, -1
0 11 25: 80, -1 -1 -1, -1, -1
0 11 26: 80, -1 -1 -1, -1, -1
0 11 27: 80, -1 -1 -1, -1, -1
0 11 28: 80, -1 -1 -1, -1, -1
0 11 29: 80, -1 -1 -1, -1, -1
0 11 30: 80, -1 -1 -1, -1, -1
0 11 31: 80, -1 -1 -1, -1, -1
0 11 32: 80, -1 -1 -1, -1, -1
0 11 33: 80, -1 -1 -1, -1, -1
0 11 34: 80, -1 -1 -1, -1, -1
0 11 35: 80, -1 -1 -1, -1, -1
0 11 36: 80, -1 -1 -1, -1, -1
0 11 37: 80, -1 -1 -1, -1, -1
0 11 38: 80, -1 -1 -1, -1, -1
0 11 39: 80, -1 -1 -1, -1, -1
0 11 40: 80, -1 -1 -1, -1, -1
0 11 41: 80, -1 -1 -1, -1, -1
0 11 42: 80, -1 -1 -1, -1, -1
0 11 43: 80, -1 -1 -1, -1, -1
0 11 44: 80, -1 -1 -1, -1, -1
0 11 45: 80, -1 -1 -1, -1, -1
0 11 46: 80, -1 -1 -1, -1, -1
0 11 47: 80, -1 -1 -1, -1, -1
0 11 48: 80, -1 -1 -1, -1, -1
0 11 49: 80, -1 -1 -1, -1, -1
0 11 50: 80, -1 -1 -1, -1, -1
0 11 51: 80, -1 -1 -1, -1, -1
0 11 52: 80, -1 -1 -1, -1, -1
0 11 53: 80, -1 -1 -1, -1, -1
0 11 54: 80, -1 -1 -1, -1, -1
0 11 55: 80, -1 -1 -1, -1, -1
0 11 56: 80, -1 -1 -1, -1, -1
0 11 57: 80, -1 -1 -1, -1, -1
0 11 58: 80, -1 -1 -1, -1, -1
0 11 59: 80, -1 -1 -1, -1, -1
0 11 60: 80, -1 -1 -1, -1, -1
0 11 61: 80, -1 -1 -1, -1, -1
0 11 62: 80, -1 -1 -1, -1, -1
0 12 0: 80, -1 -1 -1, -1, -1
0 12 1: 80, -1 -1 -1, -1, -1
0 12 2: 80, -1 -1 -1, -1, -1
0 12 3: 80, -1 -1 -1, -1, -1
0 12 4: 80, -1 -1 -1, -1, -1
0 12 5: 80, -1 -1 -1, -1, -1
0 12 6: 80, -1 -1 -1, -1, -1
0 12 7: 80, -1 -1 -1, -1, -1
0 12 8: 80, -1 -1 -1, -1, -1
0 12 9: 80, -1 -1 -1, -1, -1
0 12 10: 80, -1 -1 -1, -1, -1
0 12 11: 80, -1 -1 -1, -1, -1
0 12 12: 80, -1 -1 -1, -1, -1
0 12 13: 80, -1 -1 -1, -1, -1
0 12 14: 80, -1 -1 -1, -1, -1
0 12 15: 80, -1 -1 -1, -1, -1
0 12 16: 80, -1 -1 -1, -1, -1
0 12 17: 80, -1 -1 -1, -1, -1
0 12 18: 80, -1 -1 -1, -1, -1
0 12 19: 80, -1 -1 -1, -1, -1
0 12 20: 80, -1 -1 -1, -1, -1
0 12 21: 80, -1 -1 -1, -1, -1
0 12 22: 80, -1 -1 -1, -1, -1
0 12 23: 80, -1 -1 -1, -1, -1
0 12 24: 80, -1 -1 -1, -1, -1
0 12 25: 80, -1 -1 -1, -1, -1
0 12 26: 80, -1 -1 -1, -1, -1
0 12 27: 80, -1 -1 -1, -1, -1
0 12 28: 80, -1 -1 -1, -1, -1
0 12 29: 80, -1 -1 -1, -1, -1
0 12 30: 80, -1 -1 -1, -1, -1
0 12 31: 80, -1 -1 -1, -1, -1
0 12 32: 80, -1 -1 -1, -1, -1
0 12 33: 80, -1 -1 -1, -1, -1
0 12 34: 80, -1 -1 -1, -1, -1
0 12 35: 80, -1 -1 -1, -1, -1
0 12 36: 80, -1 -1 -1, -1, -1
0 12 37: 80, -1 -1 -1, -1, -1
0 12 38: 80, -1 -1 -1, -1, -1
0 12 39: 80, -1 -1 -1, -1, -1
0 12 40: 80, -1 -1 -1, -1, -1
0 12 41: 80, -1 -1 -1, -1, -1
0 12 42: 80, -1 -1 -1, -1, -1
0 12 43: 80, -1 -1 -1, -1, -1
0 12 44: 80, -1 -1 -1, -1, -1
0 12 45: 80, -1 -1 -1, -1, -1
0 12 46: 80, -1 -1 -1, -1, -1
0 12 47: 80, -1 -1 -1, -1, -1
0 12 48: 80, -1 -1 -1, -1, -1
0 12 49: 80, -1 -1 -1, -1, -1
0 12 50: 80, -1 -1 -1, -1, -1
0 12 51: 80, -1 -1 -1, -1, -1
0 12 52: 80, -1 -1 -1, -1, -1
0 12 53: 80, -1 -1 -1, -1, -1
0 12 54: 80, -1 -1 -1, -1, -1
0 12 55: 80, -1 -1 -1, -1, -1
0 12 56: 80, -1 -1 -1, -1, -1
0 12 57: 80, -1 -1 -1, -1, -1
0 12 59: 80, -1 -1 -1, -1, -1
0 13 0: 80, -1 -1 -1, -1, -1
0 13 1: 80, -1 -1 -1, -1, -1
0 13 2: 80, -1 -1 -1, -1, -1
0 13 3: 80, -1 -1 -1, -1, -1
0 13 4: 80, -1 -1 -1, -1, -1
0 13 5: 80, -1 -1 -1, -1, -1
0 13 6: 80, -1 -1 -1, -1, -1
0 13 7: 80, -1 -1 -1, -1, -1
0 13 8: 80, -1 -1 -1, -1, -1
0 13 9: 80, -1 -1 -1, -1, -1
0 13 10: 80, -1 -1 -1, -1, -1
0 13 11: 80, -1 -1 -1, -1, -1
0 13 12: 80, -1 -1 -1, -1, -1
0 13 13: 80, -1 -1 -1, -1, -1
0 13 14: 80, -1 -1 -1, -1, -1
0 13 15: 80, -1 -1 -1, -1, -1
0 13 16: 80, -1 -1 -1, -1, -1
0 13 17: 80, -1 -1 -1, -1, -1
0 13 18: 80, -1 -1 -1, -1, -1
0 13 19: 80, -1 -1 -1, -1, -1
0 13 20: 80, -1 -1 -1, -1, -1
0 13 21: 80, -1 -1 -1, -1, -1
0 13 22: 80, -1 -1 -1, -1, -1
0 13 23: 80, -1 -1 -1, -1, -1
0 13 24: 80, -1 -1 -1, -1, -1
0 13 25: 80, -1 -1 -1, -1, -1
0 13 26: 80, -1 -1 -1, -1, -1
0 13 27: 80, -1 -1 -1, -1, -1
0 13 28: 80, -1 -1 -1, -1, -1
0 13 29: 80, -1 -1 -1, -1, -1
0 13 30: 80, -1 -1 -1, -1, -1
0 13 31: 80, -1 -1 -1, -1, -1
0 13 32: 80, -1 -1 -1, -1, -1
0 13 33: 80, -1 -1 -1, -1, -1
0 13 34: 80, -1 -1 -1, -1, -1
0 13 35: 80, -1 -1 -1, -1, -1
0 13 36: 80, -1 -1 -1, -1, -1
0 13 37: 80, -1 -1 -1, -1, -1
0 13 38: 80, -1 -1 -1, -1, -1
0 13 39: 80, -1 -1 -1, -1, -1
0 13 40: 80, -1 -1 -1, -1, -1
0 13 41: 80, -1 -1 -1, -1, -1
0 13 42: 80, -1 -1 -1, -1, -1
0 13 43: 80, -1 -1 -1, -1, -1
0 13 44: 80, -1 -1 -1, -1, -1
0 13 45: 80, -1 -1 -1, -1, -1
0 13 46: 80, -1 -1 -1, -1, -1
0 13 47: 80, -1 -1 -1, -1, -1
0 13 48: 80, -1 -1 -1, -1, -1
0 13 49: 80, -1 -1 -1, -1, -1
0 13 50: 80, -1 -1 -1, -1, -1
0 13 51: 80, -1 -1 -1, -1, -1
0 13 52: 80, -1 -1 -1, -1, -1
0 13 53: 80, -1 -1 -1, -1, -1
0 13 54: 80, -1 -1 -1, -1, -1
0 13 55: 80, -1 -1 -1, -1, -1
0 13 56: 80, -1 -1 -1, -1, -1
0 14 0: 80, -1 -1 -1, -1, -1
0 14 1: 80, -1 -1 -1, -1, -1
0 14 2: 80, -1 -1 -1, -1, -1
0 14 3: 80, -1 -1 -1, -1, -1
0 14 4: 80, -1 -1 -1, -1, -1
0 14 5: 80, -1 -1 -1, -1, -1
0 14 6: 80, -1 -1 -1, -1, -1
0 14 7: 80, -1 -1 -1, -1, -1
0 14 8: 80, -1 -1 -1, -1, -1
0 14 9: 80, -1 -1 -1, -1, -1
0 14 10: 80, -1 -1 -1, -1, -1
0 14 11: 80, -1 -1 -1, -1, -1
0 14 12: 80, -1 -1 -1, -1, -1
0 14 13: 80, -1 -1 -1, -1, -1
0 14 14: 80, -1 -1 -1, -1, -1
0 14 15: 80, -1 -1 -1, -1, -1
0 14 16: 80, -1 -1 -1, -1, -1
0 14 17: 80, -1 -1 -1, -1, -1
0 14 18: 80, -1 -1 -1, -1, -1
0 14 19: 80, -1 -1 -1, -1, -1
0 14 20: 80, -1 -1 -1, -1, -1
0 14 21: 80, -1 -1 -1, -1, -1
0 14 22: 80, -1 -1 -1, -1, -1
0 14 23: 80, -1 -1 -1, -1, -1
0 14 24: 80, -1 -1 -1, -1, -1
0 14 25: 80, -1 -1 -1, -1, -1
0 14 26: 80, -1 -1 -1, -1, -1
0 14 27: 80, -1 -1 -1, -1, -1
0 14 28: 80, -1 -1 -1, -1, -1
0 14 29: 80, -1 -1 -1, -1, -1
0 14 30: 80, -1 -1 -1, -1, -1
0 14 31: 80, -1 -1 -1, -1, -1
0 14 32: 80, -1 -1 -1, -1, -1
0 14 33: 80, -1 -1 -1, -1, -1
0 14 34: 80, -1 -1 -1, -1, -1
0 14 35: 80, -1 -1 -1, -1, -1
0 14 36: 80, -1 -1 -1, -1, -1
0 14 37: 80, -1 -1 -1, -1, -1
0 14 38: 80, -1 -1 -1, -1, -1
0 14 39: 80, -1 -1 -1, -1, -1
0 14 40: 80, -1 -1 -1, -1, -1
0 14 41: 80, -1 -1 -1, -1, -1
0 14 42: 80, -1 -1 -1, -1, -1
0 14 43: 80, -1 -1 -1, -1, -1
0 14 44: 80, -1 -1 -1, -1, -1
0 14 45: 80, -1 -1 -1, -1, -1
0 14 46: 80, -1 -1 -1, -1, -1
0 14 47: 80, -1 -1 -1, -1, -1
0 14 48: 80, -1 -1 -1, -1, -1
0 14 49: 80, -1 -1 -1, -1, -1
0 14 50: 80, -1 -1 -1, -1, -1
0 14 51: 80, -1 -1 -1, -1, -1
0 14 52: 80, -1 -1 -1, -1, -1
0 14 53: 80, -1 -1 -1, -1, -1
0 14 54: 80, -1 -1 -1, -1, -1
0 14 55: 80, -1 -1 -1, -1, -1
0 15 0: 80, -1 -1 -1, -1, -1
0 15 1: 80, -1 -1 -1, -1, -1
0 15 2: 80, -1 -1 -1, -1, -1
0 15 3: 80, -1 -1 -1, -1, -1
0 15 4: 80, -1 -1 -1, -1, -1
0 15 5: 80, -1 -1 -1, -1, -1
0 15 6: 80, -1 -1 -1, -1, -1
0 15 7: 80, -1 -1 -1, -1, -1
0 15 8: 80, -1 -1 -1, -1, -1
0 15 9: 80, -1 -1 -1, -1, -1
0 15 10: 80, -1 -1 -1, -1, -1
0 15 11: 80, -1 -1 -1, -1, -1
0 15 12: 80, -1 -1 -1, -1, -1
0 15 13: 80, -1 -1 -1, -1, -1
0 15 14: 80, -1 -1 -1, -1, -1
0 15 15: 80, -1 -1 -1, -1, -1
0 15 16: 80, -1 -1 -1, -1, -1
0 15 17: 80, -1 -1 -1, -1, -1
0 15 18: 80, -1 -1 -1, -1, -1
0 15 21: 80, -1 -1 -1, -1, -1
0 15 22: 80, -1 -1 -1, -1, -1
0 15 23: 80, -1 -1 -1, -1, -1
0 15 24: 80, -1 -1 -1, -1, -1
0 15 25: 80, -1 -1 -1, -1, -1
0 15 26: 80, -1 -1 -1, -1, -1
0 15 27: 80, -1 -1 -1, -1, -1
0 15 31: 80, -1 -1 -1, -1, -1
0 15 34: 80, -1 -1 -1, -1, -1
0 15 35: 80, -1 -1 -1, -1, -1
0 15 36: 80, -1 -1 -1, -1, -1
0 15 37: 80, -1 -1 -1, -1, -1
0 15 38: 80, -1 -1 -1, -1, -1
0 15 39: 80, -1 -1 -1, -1, -1
0 15 40: 80, -1 -1 -1, -1, -1
0 15 41: 80, -1 -1 -1, -1, -1
0 15 42: 80, -1 -1 -1, -1, -1
0 15 43: 80, -1 -1 -1, -1, -1
0 15 44: 80, -1 -1 -1, -1, -1
0 15 45: 80, -1 -1 -1, -1, -1
0 15 46: 80, -1 -1 -1, -1, -1
0 15 47: 80, -1 -1 -1, -1, -1
0 15 48: 80, -1 -1 -1, -1, -1
0 15 49: 80, -1 -1 -1, -1, -1
0 15 50: 80, -1 -1 -1, -1, -1
0 15 51: 80, -1 -1 -1, -1, -1
0 15 52: 80, -1 -1 -1, -1, -1
0 16 0: 80, -1 -1 -1, -1, -1
0 16 1: 80, -1 -1 -1, -1, -1
0 16 2: 80, -1 -1 -1, -1, -1
0 16 3: 80, -1 -1 -1, -1, -1
0 16 4: 80, -1 -1 -1, -1, -1
0 16 5: 80, -1 -1 -1, -1, -1
0 16 6: 80, -1 -1 -1, -1, -1
0 16 7: 80, -1 -1 -1, -1, -1
0 16 8: 80, -1 -1 -1, -1, -1
0 16 9: 80, -1 -1 -1, -1, -1
0 16 10: 80, -1 -1 -1, -1, -1
0 16 11: 80, -1 -1 -1, -1, -1
0 16 12: 80, -1 -1 -1, -1, -1
0 16 13: 80, -1 -1 -1, -1, -1
0 16 14: 80, -1 -1 -1, -1, -1
0 16 15: 80, -1 -1 -1, -1, -1
0 16 16: 80, -1 -1 -1, -1, -1
0 16 17: 80, -1 -1 -1, -1, -1
0 16 24: 80, -1 -1 -1, -1, -1
0 16 41: 80, -1 -1 -1, -1, -1
0 16 42: 80, -1 -1 -1, -1, -1
0 16 43: 80, -1 -1 -1, -1, -1
0 16 44: 80, -1 -1 -1, -1, -1
0 16 45: 80, -1 -1 -1, -1, -1
0 16 46: 80, -1 -1 -1, -1, -1
0 17 0: 80, -1 -1 -1, -1, -1
0 17 1: 80, -1 -1 -1, -1, -1
0 17 2: 80, -1 -1 -1, -1, -1
0 17 3: 80, -1 -1 -1, -1, -1
0 17 4: 80, -1 -1 -1, -1, -1
0 17 5: 80, -1 -1 -1, -1, -1
0 17 6: 80, -1 -1 -1, -1, -1
0 17 7: 80, -1 -1 -1, -1, -1
0 17 8: 80, -1 -1 -1, -1, -1
0 17 9: 80, -1 -1 -1, -1, -1
0 17 10: 80, -1 -1 -1, -1, -1
0 17 14: 80, -1 -1 -1, -1, -1
0 18 0: 80, -1 -1 -1, -1, -1
0 18 1: 80, -1 -1 -1, -1, -1
0 18 2: 80, -1 -1 -1, -1, -1
0 18 3: 80, -1 -1 -1, -1, -1
0 18 4: 80, -1 -1 -1, -1, -1
0 18 5: 80, -1 -1 -1, -1, -1
0 18 6: 80, -1 -1 -1, -1, -1
0 18 7: 80, -1 -1 -1, -1, -1
0 18 8: 80, -1 -1 -1, -1, -1
0 19 0: 80, -1 -1 -1, -1, -1
0 19 1: 80, -1 -1 -1, -1, -1
0 19 2: 80, -1 -1 -1, -1, -1
0 19 3: 80, -1 -1 -1, -1, -1
0 19 4: 80, -1 -1 -1, -1, -1
0 19 5: 80, -1 -1 -1, -1, -1
0 19 6: 80, -1 -1 -1, -1, -1
0 19 7: 80, -1 -1 -1, -1, -1
0 19 8: 80, -1 -1 -1, -1, -1
0 19 9: 80, -1 -1 -1, -1, -1
0 20 0: 80, -1 -1 -1, -1, -1
0 20 1: 80, -1 -1 -1, -1, -1
0 20 2: 80, -1 -1 -1, -1, -1
0 20 3: 80, -1 -1 -1, -1, -1
0 20 4: 80, -1 -1 -1, -1, -1
0 20 5: 80, -1 -1 -1, -1, -1
0 20 6: 80, -1 -1 -1, -1, -1
0 20 7: 80, -1 -1 -1, -1, -1
0 20 8: 80, -1 -1 -1, -1, -1
0 21 0: 80, -1 -1 -1, -1, -1
0 21 1: 80, -1 -1 -1, -1, -1
0 21 2: 80, -1 -1 -1, -1, -1
0 21 3: 80, -1 -1 -1, -1, -1
0 21 4: 80, -1 -1 -1, -1, -1
0 21 5: 80, -1 -1 -1, -1, -1
0 21 6: 80, -1 -1 -1, -1, -1
0 21 7: 80, -1 -1 -1, -1, -1
0 21 8: 80, -1 -1 -1, -1, -1
0 21 9: 80, -1 -1 -1, -1, -1
0 22 0: 80, -1 -1 -1, -1, -1
0 22 1: 80, -1 -1 -1, -1, -1
0 22 2: 80, -1 -1 -1, -1, -1
0 22 3: 80, -1 -1 -1, -1, -1
0 22 4: 80, -1 -1 -1, -1, -1
0 22 5: 80, -1 -1 -1, -1, -1
0 22 6: 80, -1 -1 -1, -1, -1
0 22 7: 80, -1 -1 -1, -1, -1
0 22 8: 80, -1 -1 -1, -1, -1
0 23 0: 80, -1 -1 -1, -1, -1
0 23 1: 80, -1 -1 -1, -1, -1
0 23 2: 80, -1 -1 -1, -1, -1
0 23 3: 80, -1 -1 -1, -1, -1
0 23 4: 80, -1 -1 -1, -1, -1
0 23 5: 80, -1 -1 -1, -1, -1
0 23 6: 80, -1 -1 -1, -1, -1
0 23 7: 80, -1 -1 -1, -1, -1
0 23 8: 80, -1 -1 -1, -1, -1
0 24 0: 80, -1 -1 -1, -1, -1
0 24 1: 80, -1 -1 -1, -1, -1
0 24 2: 80, -1 -1 -1, -1, -1
0 24 3: 80, -1 -1 -1, -1, -1
0 24 4: 80, -1 -1 -1, -1, -1
0 24 5: 80, -1 -1 -1, -1, -1
0 24 6: 80, -1 -1 -1, -1, -1
0 24 7: 80, -1 -1 -1, -1, -1
0 24 8: 80, -1 -1 -1, -1, -1
0 25 0: 80, -1 -1 -1, -1, -1
0 25 1: 80, -1 -1 -1, -1, -1
0 25 2: 80, -1 -1 -1, -1, -1
0 25 3: 80, -1 -1 -1, -1, -1
0 25 4: 80, -1 -1 -1, -1, -1
0 25 5: 80, -1 -1 -1, -1, -1
0 25 6: 80, -1 -1 -1, -1, -1
0 25 7: 80, -1 -1 -1, -1, -1
0 26 0: 80, -1 -1 -1, -1, -1
0 26 1: 80, -1 -1 -1, -1, -1
0 26 2: 80, -1 -1 -1, -1, -1
0 26 3: 80, -1 -1 -1, -1, -1
0 26 4: 80, -1 -1 -1, -1, -1
0 26 5: 80, -1 -1 -1, -1, -1
0 26 6: 80, -1 -1 -1, -1, -1
0 27 3: 80, -1 -1 -1, -1, -1
1 0 0: 119, -1 -1 -1, -1, -1
1 0 1: 119, -1 -1 -1, -1, -1
1 0 2: 119, -1 -1 -1, -1, -1
1 0 3: 119, -1 -1 -1, -1, -1
1 0 4: 119, -1 -1 -1, -1, -1
1 0 5: 119, -1 -1 -1, -1, -1
1 0 6: 119, -1 -1 -1, -1, -1
1 0 7: 119, -1 -1 -1, -1, -1
1 0 8: 119, -1 -1 -1, -1, -1
1 0 9: 119, -1 -1 -1, -1, -1
1 0 10: 119, -1 -1 -1, -1, -1
1 0 11: 119, -1 -1 -1, -1, -1
1 0 12: 119, -1 -1 -1, -1, -1
1 0 13: 119, -1 -1 -1, -1, -1
1 0 14: 119, -1 -1 -1, -1, -1
1 0 15: 119, -1 -1 -1, -1, -1
1 0 16: 119, -1 -1 -1, -1, -1
1 0 17: 119, -1 -1 -1, -1, -1
1 0 18: 119, -1 -1 -1, -1, -1
1 0 19: 119, -1 -1 -1, -1, -1
1 0 20: 119, -1 -1 -1, -1, -1
1 0 21: 119, -1 -1 -1, -1, -1
1 0 22: 119, -1 -1 -1, -1, -1
1 0 23: 119, -1 -1 -1, -1, -1
1 0 24: 119, -1 -1 -1, -1, -1
1 0 25: 119, -1 -1 -1, -1, -1
1 0 26: 119, -1 -1 -1, -1, -1
1 0 27: 119, -1 -1 -1, -1, -1
1 0 28: 119, -1 -1 -1, -1, -1
1 0 29: 119, -1 -1 -1, -1, -1
1 0 30: 119, -1 -1 -1, -1, -1
1 0 31: 119, -1 -1 -1, -1, -1
1 0 32: 119, -1 -1 -1, -1, -1
1 0 33: 119, -1 -1 -1, -1, -1
1 0 34: 119, -1 -1 -1, -1, -1
1 0 35: 119, -1 -1 -1, -1, -1
1 0 36: 119, -1 -1 -1, -1, -1
1 0 37: 119, -1 -1 -1, -1, -1
1 0 38: 119, -1 -1 -1, -1, -1
1 0 39: 119, -1 -1 -1, -1, -1
1 0 40: 119, -1 -1 -1, -1, -1
1 0 41: 119, -1 -1 -1, -1, -1
1 0 42: 119, -1 -1 -1, -1, -1
1 0 43: 119, -1 -1 -1, -1, -1
1 0 44: 119, -1 -1 -1, -1, -1
1 0 45: 119, -1 -1 -1, -1, -1
1 0 46: 119, -1 -1 -1, -1, -1
1 0 47: 119, -1 -1 -1, -1, -1
1 0 48: 119, -1 -1 -1, -1, -1
1 0 49: 119, -1 -1 -1, -1, -1
1 0 50: 119, -1 -1 -1, -1, -1
1 0 51: 119, -1 -1 -1, -1, -1
1 0 52: 119, -1 -1 -1, -1, -1
1 0 53: 119, -1 -1 -1, -1, -1
1 0 54: 119, -1 -1 -1, -1, -1
1 0 55: 119, -1 -1 -1, -1, -1
1 0 56: 119, -1 -1 -1, -1, -1
1 0 57: 119, -1 -1 -1, -1, -1
1 0 58: 119, -1 -1 -1, -1, -1
1 0 59: 119, -1 -1 -1, -1, -1
1 0 60: 119, -1 -1 -1, -1, -1
1 0 61: 119, -1 -1 -1, -1, -1
1 0 62: 119, -1 -1 -1, -1, -1
1 0 63: 119, -1 -1 -1, -1, -1
1 1 0: 119, -1 -1 -1, -1, -1
1 1 1: 119, -1 -1 -1, -1, -1
1 1 2: 119, -1 -1 -1, -1, -1
1 1 3: 119, -1 -1 -1, -1, -1
1 1 4: 119, -1 -1 -1, -1, -1
1 1 5: 119, -1 -1 -1, -1, -1
1 1 6: 119, -1 -1 -1, -1, -1
1 1 7: 119, -1 -1 -1, -1, -1
1 1 8: 119, -1 -1 -1, -1, -1
1 1 9: 119, -1 -1 -1, -1, -1
1 1 10: 119, -1 -1 -1, -1, -1
1 1 11: 119, -1 -1 -1, -1, -1
1 1 12: 119, -1 -1 -1, -1, -1
1 1 13: 119, -1 -1 -1, -1, -1
1 1 14: 119, -1 -1 -1, -1, -1
1 1 15: 119, -1 -1 -1, -1, -1
1 1 16: 119, -1 -1 -1, -1, -1
1 1 17: 119, -1 -1 -1, -1, -1
1 1 18: 119, -1 -1 -1, -1, -1
1 1 19: 119, -1 -1 -1, -1, -1
1 1 20: 119, -1 -1 -1, -1, -1
1 1 21: 119, -1 -1 -1, -1, -1
1 1 22: 119, -1 -1 -1, -1, -1
1 1 23: 119, -1 -1 -1, -1, -1
1 1 24: 119, -1 -1 -1, -1, -1
1 1 25: 119, -1 -1 -1, -1, -1
1 1 26: 119, -1 -1 -1, -1, -1
1 1 27: 119, -1 -1 -1, -1, -1
1 1 28: 119, -1 -1 -1, -1, -1
1 1 29: 119, -1 -1 -1, -1, -1
1 1 30: 119, -1 -1 -1, -1, -1
1 1 31: 119, -1 -1 -1, -1, -1
1 1 32: 119, -1 -1 -1, -1, -1
1 1 33: 119, -1 -1 -1, -1, -1
1 1 34: 119, -1 -1 -1, -1, -1
1 1 35: 119, -1 -1 -1, -1, -1
1 1 36: 119, -1 -1 -1, -1, -1
1 1 37: 119, -1 -1 -1, -1, -1
1 1 38: 119, -1 -1 -1, -1, -1
1 1 39: 119, -1 -1 -1, -1, -1
1 1 40: 119, -1 -1 -1, -1, -1
1 1 41: 119, -1 -1 -1, -1, -1
1 1 42: 119, -1 -1 -1, -1, -1
1 1 43: 119, -1 -1 -1, -1, -1
1 1 44: 119, -1 -1 -1, -1, -1
1 1 45: 119, -1 -1 -1, -1, -1
1 1 46: 119, -1 -1 -1, -1, -1
1 1 47: 119, -1 -1 -1, -1, -1
1 1 48: 119, -1 -1 -1, -1, -1
1 1 49: 119, -1 -1 -1, -1, -1
1 1 50: 119, -1 -1 -1, -1, -1
1 1 51: 119, -1 -1 -1, -1, -1
1 1 52: 119, -1 -1 -1, -1, -1
1 1 53: 119, -1 -1 -1, -1, -1
1 1 54: 119, -1 -1 -1, -1, -1
1 1 55: 119, -1 -1 -1, -1, -1
1 1 56: 119, -1 -1 -1, -1, -1
1 1 57: 119, -1 -1 -1, -1, -1
1 1 58: 119, -1 -1 -1, -1, -1
1 1 59: 119, -1 -1 -1, -1, -1
1 1 60: 119, -1 -1 -1, -1, -1
1 1 61: 119, -1 -1 -1, -1, -1
1 1 62: 119, -1 -1 -1, -1, -1
1 1 63: 119, -1 -1 -1, -1, -1
1 2 0: 119, -1 -1 -1, -1, -1
1 2 1: 119, -1 -1 -1, -1, -1
1 2 2: 119, -1 -1 -1, -1, -1
1 2 3: 119, -1 -1 -1, -1, -1
1 2 4: 119, -1 -1 -1, -1, -1
1 2 5: 119, -1 -1 -1, -1, -1
1 2 6: 119, -1 -1 -1, -1, -1
1 2 7: 119, -1 -1 -1, -1, -1
1 2 8: 119, -1 -1 -1, -1, -1
1 2 9: 119, -1 -1 -1, -1, -1
1 2 10: 119, -1 -1 -1, -1, -1
1 2 11: 119, -1 -1 -1, -1, -1
1 2 12: 119, -1 -1 -1, -1, -1
1 2 13: 119, -1 -1 -1, -1, -1
1 2 14: 119, -1 -1 -1, -1, -1
1 2 15: 119, -1 -1 -1, -1, -1
1 2 16: 119, -1 -1 -1, -1, -1
1 2 17: 119, -1 -1 -1, -1, -1
1 2 18: 119, -1 -1 -1, -1, -1
1 2 19: 119, -1 -1 -1, -1, -1
1 2 20: 119, -1 -1 -1, -1, -1
1 2 21: 119, -1 -1 -1, -1, -1
1 2 22: 119, -1 -1 -1, -1, -1
1 2 23: 119, -1 -1 -1, -1, -1
1 2 24: 119, -1 -1 -1, -1, -1
1 2 25: 119, -1 -1 -1, -1, -1
1 2 26: 119, -1 -1 -1, -1, -1
1 2 27: 119, -1 -1 -1, -1, -1
1 2 28: 119, -1 -1 -1, -1, -1
1 2 29: 119, -1 -1 -1, -1, -1
1 2 30: 119, -1 -1 -1, -1, -1
1 2 31: 119, -1 -1 -1, -1, -1
1 2 32: 119, -1 -1 -1, -1, -1
1 2 33: 119, -1 -1 -1, -1, -1
1 2 34: 119, -1 -1 -1, -1, -1
1 2 35: 119, -1 -1 -1, -1, -1
1 2 36: 119, -1 -1 -1, -1, -1
1 2 37: 119, -1 -1 -1, -1, -1
1 2 38: 119, -1 -1 -1, -1, -1
1 2 39: 119, -1 -1 -1, -1, -1
1 2 40: 119, -1 -1 -1, -1, -1
1 2 41: 119, -1 -1 -1, -1, -1
1 2 42: 119, -1 -1 -1, -1, -1
1 2 43: 119, -1 -1 -1, -1, -1
1 2 44: 119, -1 -1 -1, -1, -1
1 2 45: 119, -1 -1 -1, -1, -1
1 2 46: 119, -1 -1 -1, -1, -1
1 2 47: 119, -1 -1 -1, -1, -1
1 2 48: 119, -1 -1 -1, -1, -1
1 2 49: 119, -1 -1 -1, -1, -1
1 2 50: 119, -1 -1 -1, -1, -1
1 2 51: 119, -1 -1 -1, -1, -1
1 2 52: 119, -1 -1 -1, -1, -1
1 2 53: 119, -1 -1 -1, -1, -1
1 2 54: 119, -1 -1 -1, -1, -1
1 2 55: 119, -1 -1 -1, -1, -1
1 2 56: 119, -1 -1 -1, -1, -1
1 2 57: 119, -1 -1 -1, -1, -1
1 2 58: 119, -1 -1 -1, -1, -1
1 2 59: 119, -1 -1 -1, -1, -1
1 2 60: 119, -1 -1 -1, -1, -1
1 2 61: 119, -1 -1 -1, -1, -1
1 2 62: 119, -1 -1 -1, -1, -1
1 2 63: 119, -1 -1 -1, -1, -1
1 3 0: 119, -1 -1 -1, -1, -1
1 3 1: 119, -1 -1 -1, -1, -1
1 3 2: 119, -1 -1 -1, -1, -1
1 3 3: 119, -1 -1 -1, -1, -1
1 3 4: 119, -1 -1 -1, -1, -1
1 3 5: 119, -1 -1 -1, -1, -1
1 3 6: 119, -1 -1 -1, -1, -1
1 3 7: 119, -1 -1 -1, -1, -1
1 3 8: 119, -1 -1 -1, -1, -1
1 3 9: 119, -1 -1 -1, -1, -1
1 3 10: 119, -1 -1 -1, -1, -1
1 3 11: 119, -1 -1 -1, -1, -1
1 3 12: 119, -1 -1 -1, -1, -1
1 3 13: 119, -1 -1 -1, -1, -1
1 3 14: 119, -1 -1 -1, -1, -1
1 3 15: 119, -1 -1 -1, -1, -1
1 3 16: 119, -1 -1 -1, -1, -1
1 3 17: 119, -1 -1 -1, -1, -1
1 3 18: 119, -1 -1 -1, -1, -1
1 3 19: 119, -1 -1 -1, -1, -1
1 3 20: 119, -1 -1 -1, -1, -1
1 3 21: 119, -1 -1 -1, -1, -1
1 3 22: 119, -1 -1 -1, -1, -1
1 3 23: 119, -1 -1 -1, -1, -1
1 3 24: 119, -1 -1 -1, -1, -1
1 3 25: 119, -1 -1 -1, -1, -1
1 3 26: 119, -1 -1 -1, -1, -1
1 3 27: 119, -1 -1 -1, -1, -1
1 3 28: 119, -1 -1 -1, -1, -1
1 3 29: 119, -1 -1 -1, -1, -1
1 3 30: 119, -1 -1 -1, -1, -1
1 3 31: 119, -1 -1 -1, -1, -1
1 3 32: 119, -1 -1 -1, -1, -1
1 3 33: 119, -1 -1 -1, -1, -1
1 3 34: 119, -1 -1 -1, -1, -1
1 3 35: 119, -1 -1 -1, -1, -1
1 3 36: 119, -1 -1 -1, -1, -1
1 3 37: 119, -1 -1 -1, -1, -1
1 3 38: 119, -1 -1 -1, -1, -1
1 3 39: 119, -1 -1 -1, -1, -1
1 3 40: 119, -1 -1 -1, -1, -1
1 3 41: 119, -1 -1 -1, -1, -1
1 3 42: 119, -1 -1 -1, -1, -1
1 3 43: 119, -1 -1 -1, -1, -1
1 3 44: 119, -1 -1 -1, -1, -1
1 3 45: 119, -1 -1 -1, -1, -1
1 3 46: 119, -1 -1 -1, -1, -1
1 3 47: 119, -1 -1 -1, -1, -1
1 3 48: 119, -1 -1 -1, -1, -1
1 3 49: 119, -1 -1 -1, -1, -1
1 3 50: 119, -1 -1 -1, -1, -1
1 3 51: 119, -1 -1 -1, -1, -1
1 3 52: 119, -1 -1 -1, -1, -1
1 3 53: 119, -1 -1 -1, -1, -1
1 3 54: 119, -1 -1 -1, -1, -1
1 3 55: 119, -1 -1 -1, -1, -1
1 3 56: 119, -1 -1 -1, -1, -1
1 3 57: 119, -1 -1 -1, -1, -1
1 3 58: 119, -1 -1 -1, -1, -1
1 3 59: 119, -1 -1 -1, -1, -1
1 3 60: 119, -1 -1 -1, -1, -1
1 3 61: 119, -1 -1 -1, -1, -1
1 3 62: 119, -1 -1 -1, -1, -1
1 4 0: 119, -1 -1 -1, -1, -1
1 4 1: 119, -1 -1 -1, -1, -1
1 4 2: 119, -1 -1 -1, -1, -1
1 4 3: 119, -1 -1 -1, -1, -1
1 4 4: 119, -1 -1 -1, -1, -1
1 4 5: 119, -1 -1 -1, -1, -1
1 4 6: 119, -1 -1 -1, -1, -1
1 4 7: 119, -1 -1 -1, -1, -1
1 4 8: 119, -1 -1 -1, -1, -1
1 4 9: 119, -1 -1 -1, -1, -1
1 4 10: 119, -1 -1 -1, -1, -1
1 4 11: 119, -1 -1 -1, -1, -1
1 4 12: 119, -1 -1 -1, -1, -1
1 4 13: 119, -1 -1 -1, -1, -1
1 4 14: 119, -1 -1 -1, -1, -1
1 4 15: 119, -1 -1 -1, -1, -1
1 4 16: 119, -1 -1 -1, -1, -1
1 4 17: 119, -1 -1 -1, -1, -1
1 4 18: 119, -1 -1 -1, -1, -1
1 4 19: 119, -1 -1 -1, -1, -1
1 4 20: 119, -1 -1 -1, -1, -1
1 4 21: 119, -1 -1 -1, -1, -1
1 4 22: 119, -1 -1 -1, -1, -1
1 4 23: 119, -1 -1 -1, -1, -1
1 4 24: 119, -1 -1 -1, -1, -1
1 4 25: 119, -1 -1 -1, -1, -1
1 4 26: 119, -1 -1 -1, -1, -1
1 4 27: 119, -1 -1 -1, -1, -1
1 4 28: 119, -1 -1 -1, -1, -1
1 4 29: 119, -1 -1 -1, -1, -1
1 4 30: 119, -1 -1 -1, -1, -1
1 4 31: 119, -1 -1 -1, -1, -1
1 4 32: 119, -1 -1 -1, -1, -1
1 4 33: 119, -1 -1 -1, -1, -1
1 4 34: 119, -1 -1 -1, -1, -1
1 4 35: 119, -1 -1 -1, -1, -1
1 4 36: 119, -1 -1 -1, -1, -1
1 4 37: 119, -1 -1 -1, -1, -1
1 4 38: 119, -1 -1 -1, -1, -1
1 4 39: 119, -1 -1 -1, -1, -1
1 4 40: 119, -1 -1 -1, -1, -1
1 4 41: 119, -1 -1 -1, -1, -1
1 4 42: 119, -1 -1 -1, -1, -1
1 4 43: 119, -1 -1 -1, -1, -1
1 4 44: 119, -1 -1 -1, -1, -1
1 4 45: 119, -1 -1 -1, -1, -1
1 4 46: 119, -1 -1 -1, -1, -1
1 4 47: 119, -1 -1 -1, -1, -1
1 4 48: 119, -1 -1 -1, -1, -1
1 4 49: 119, -1 -1 -1, -1, -1
1 4 50: 119, -1 -1 -1, -1, -1
1 4 51: 119, -1 -1 -1, -1, -1
1 4 52: 119, -1 -1 -1, -1, -1
1 4 53: 119, -1 -1 -1, -1, -1
1 4 54: 119, -1 -1 -1, -1, -1
1 4 55: 119, -1 -1 -1, -1, -1
1 4 56: 119, -1 -1 -1, -1, -1
1 4 57: 119, -1 -1 -1, -1, -1
1 4 58: 119, -1 -1 -1, -1, -1
1 4 59: 119, -1 -1 -1, -1, -1
1 4 60: 119, -1 -1 -1, -1, -1
1 4 61: 119, -1 -1 -1, -1, -1
1 4 62: 119, -1 -1 -1, -1, -1
1 4 63: 119, -1 -1 -1, -1, -1
1 5 0: 119, -1 -1 -1, -1, -1
1 5 1: 119, -1 -1 -1, -1, -1
1 5 2: 119, -1 -1 -1, -1, -1
1 5 3: 119, -1 -1 -1, -1, -1
1 5 4: 119, -1 -1 -1, -1, -1
1 5 5: 119, -1 -1 -1, -1, -1
1 5 6: 119, -1 -1 -1, -1, -1
1 5 7: 119, -1 -1 -1, -1, -1
1 5 8: 119, -1 -1 -1, -1, -1
1 5 9: 119, -1 -1 -1, -1, -1
1 5 10: 119, -1 -1 -1, -1, -1
1 5 11: 119, -1 -1 -1, -1, -1
1 5 12: 119, -1 -1 -1, -1, -1
1 5 13: 119, -1 -1 -1, -1, -1
1 5 14: 119, -1 -1 -1, -1, -1
1 5 15: 119, -1 -1 -1, -1, -1
1 5 16: 119, -1 -1 -1, -1, -1
1 5 17: 119, -1 -1 -1, -1, -1
1 5 18: 119, -1 -1 -1, -1, -1
1 5 19: 119, -1 -1 -1, -1, -1
1 5 20: 119, -1 -1 -1, -1, -1
1 5 21: 119, -1 -1 -1, -1, -1
1 5 22: 119, -1 -1 -1, -1, -1
1 5 23: 119, -1 -1 -1, -1, -1
1 5 24: 119, -1 -1 -1, -1, -1
1 5 25: 119, -1 -1 -1, -1, -1
1 5 26: 119, -1 -1 -1, -1, -1
1 5 27: 119, -1 -1 -1, -1, -1
1 5 28: 119, -1 -1 -1, -1, -1
1 5 29: 119, -1 -1 -1, -1, -1
1 5 30: 119, -1 -1 -1, -1, -1
1 5 31: 119, -1 -1 -1, -1, -1
1 5 32: 119, -1 -1 -1, -1, -1
1 5 33: 119, -1 -1 -1, -1, -1
1 5 34: 119, -1 -1 -1, -1, -1
1 5 35: 119, -1 -1 -1, -1, -1
1 5 36: 119, -1 -1 -1, -1, -1
1 5 37: 119, -1 -1 -1, -1, -1
1 5 38: 119, -1 -1 -1, -1, -1
1 5 39: 119, -1 -1 -1, -1, -1
1 5 40: 119, -1 -1 -1, -1, -1
1 5 41: 119, -1 -1 -1, -1, -1
1 5 42: 119, -1 -1 -1, -1, -1
1 5 43: 119, -1 -1 -1, -1, -1
1 5 44: 119, -1 -1 -1, -1, -1
1 5 45: 119, -1 -1 -1, -1, -1
1 5 46: 119, -1 -1 -1, -1, -1
1 5 47: 119, -1 -1 -1, -1, -1
1 5 48: 119, -1 -1 -1, -1, -1
1 5 49: 119, -1 -1 -1, -1, -1
1 5 50: 119, -1 -1 -1, -1, -1
1 5 51: 119, -1 -1 -1, -1, -1
1 5 52: 119, -1 -1 -1, -1, -1
1 5 53: 119, -1 -1 -1, -1, -1
1 5 54: 119, -1 -1 -1, -1, -1
1 5 55: 119, -1 -1 -1, -1, -1
1 5 56: 119, -1 -1 -1, -1, -1
1 5 57: 119, -1 -1 -1, -1, -1
1 5 58: 119, -1 -1 -1, -1, -1
1 5 59: 119, -1 -1 -1, -1, -1
1 5 60: 119, -1 -1 -1, -1, -1
1 5 61: 119, -1 -1 -1, -1, -1
1 5 62: 119, -1 -1 -1, -1, -1
1 5 63: 119, -1 -1 -1, -1, -1
1 6 0: 119, -1 -1 -1, -1, -1
1 6 1: 119, -1 -1 -1, -1, -1
1 6 2: 119, -1 -1 -1, -1, -1
1 6 3: 119, -1 -1 -1, -1, -1
1 6 4: 119, -1 -1 -1, -1, -1
1 6 5: 119, -1 -1 -1, -1, -1
1 6 6: 119, -1 -1 -1, -1, -1
1 6 7: 119, -1 -1 -1, -1, -1
1 6 8: 119, -1 -1 -1, -1, -1
1 6 9: 119, -1 -1 -1, -1, -1
1 6 10: 119, -1 -1 -1, -1, -1
1 6 11: 119, -1 -1 -1, -1, -1
1 6 12: 119, -1 -1 -1, -1, -1
1 6 13: 119, -1 -1 -1, -1, -1
1 6 14: 119, -1 -1 -1, -1, -1
1 6 15: 119, -1 -1 -1, -1, -1
1 6 16: 119, -1 -1 -1, -1, -1
1 6 17: 119, -1 -1 -1, -1, -1
1 6 18: 119, -1 -1 -1, -1, -1
1 6 19: 119, -1 -1 -1, -1, -1
1 6 20: 119, -1 -1 -1, -1, -1
1 6 21: 119, -1 -1 -1, -1, -1
1 6 22: 119, -1 -1 -1, -1, -1
1 6 23: 119, -1 -1 -1, -1, -1
1 6 24: 119, -1 -1 -1, -1, -1
1 6 25: 119, -1 -1 -1, -1, -1
1 6 26: 119, -1 -1 -1, -1, -1
1 6 27: 119, -1 -1 -1, -1, -1
1 6 28: 119, -1 -1 -1, -1, -1
1 6 29: 119, -1 -1 -1, -1, -1
1 6 30: 119, -1 -1 -1, -1, -1
1 6 31: 119, -1 -1 -1, -1, -1
1 6 32: 119, -1 -1 -1, -1, -1
1 6 33: 119, -1 -1 -1, -1, -1
1 6 34: 119, -1 -1 -1, -1, -1
1 6 35: 119, -1 -1 -1, -1, -1
1 6 36: 119, -1 -1 -1, -1, -1
1 6 37: 119, -1 -1 -1, -1, -1
1 6 38: 119, -1 -1 -1, -1, -1
1 6 39: 119, -1 -1 -1, -1, -1
1 6 40: 119, -1 -1 -1, -1, -1
1 6 41: 119, -1 -1 -1, -1, -1
1 6 42: 119, -1 -1 -1, -1, -1
1 6 43: 119, -1 -1 -1, -1, -1
1 6 44: 119, -1 -1 -1, -1, -1
1 6 45: 119, -1 -1 -1, -1, -1
1 6 46: 119, -1 -1 -1, -1, -1
1 6 47: 119, -1 -1 -1, -1, -1
1 6 48: 119, -1 -1 -1, -1, -1
1 6 49: 119, -1 -1 -1, -1, -1
1 6 50: 119, -1 -1 -1, -1, -1
1 6 51: 119, -1 -1 -1, -1, -1
1 6 52: 119, -1 -1 -1, -1, -1
1 6 53: 119, -1 -1 -1, -1, -1
1 6 54: 119, -1 -1 -1, -1, -1
1 6 55: 119, -1 -1 -1, -1, -1
1 6 56: 119, -1 -1 -1, -1, -1
1 6 57: 119, -1 -1 -1, -1, -1
1 6 58: 119, -1 -1 -1, -1, -1
1 6 59: 119, -1 -1 -1, -1, -1
1 6 60: 119, -1 -1 -1, -1, -1
1 6 61: 119, -1 -1 -1, -1, -1
1 6 62: 119, -1 -1 -1, -1, -1
1 6 63: 119, -1 -1 -1, -1, -1
1 7 0: 119, -1 -1 -1, -1, -1
1 7 1: 119, -1 -1 -1, -1, -1
1 7 2: 119, -1 -1 -1, -1, -1
1 7 3: 119, -1 -1 -1, -1, -1
1 7 4: 119, -1 -1 -1, -1, -1
1 7 5: 119, -1 -1 -1, -1, -1
1 7 6: 119, -1 -1 -1, -1, -1
1 7 7: 119, -1 -1 -1, -1, -1
1 7 8: 119, -1 -1 -1, -1, -1
1 7 9: 119, -1 -1 -1, -1, -1
1 7 10: 119, -1 -1 -1, -1, -1
1 7 11: 119, -1 -1 -1, -1, -1
1 7 12: 119, -1 -1 -1, -1, -1
1 7 13: 119, -1 -1 -1, -1, -1
1 7 14: 119, -1 -1 -1, -1, -1
1 7 15: 119, -1 -1 -1, -1, -1
1 7 16: 119, -1 -1 -1, -1, -1
1 7 17: 119, -1 -1 -1, -1, -1
1 7 18: 119, -1 -1 -1, -1, -1
1 7 19: 119, -1 -1 -1, -1, -1
1 7 20: 119, -1 -1 -1, -1, -1
1 7 21: 119, -1 -1 -1, -1, -1
1 7 22: 119, -1 -1 -1, -1, -1
1 7 23: 119, -1 -1 -1, -1, -1
1 7 24: 119, -1 -1 -1, -1, -1
1 7 25: 119, -1 -1 -1, -1, -1
1 7 26: 119, -1 -1 -1, -1, -1
1 7 27: 119, -1 -1 -1, -1, -1
1 7 28: 119, -1 -1 -1, -1, -1
1 7 29: 119, -1 -1 -1, -1, -1
1 7 30: 119, -1 -1 -1, -1, -1
1 7 31: 119, -1 -1 -1, -1, -1
1 7 32: 119, -1 -1 -1, -1, -1
1 7 33: 119, -1 -1 -1, -1, -1
1 7 34: 119, -1 -1 -1, -1, -1
1 7 35: 119, -1 -1 -1, -1, -1
1 7 36: 119, -1 -1 -1, -1, -1
1 7 37: 119, -1 -1 -1, -1, -1
1 7 38: 119, -1 -1 -1, -1, -1
1 7 39: 119, -1 -1 -1, -1, -1
1 7 40: 119, -1 -1 -1, -1, -1
1 7 41: 119, -1 -1 -1, -1, -1
1 7 42: 119, -1 -1 -1, -1, -1
1 7 43: 119, -1 -1 -1, -1, -1
1 7 44: 119, -1 -1 -1, -1, -1
1 7 45: 119, -1 -1 -1, -1, -1
1 7 46: 119, -1 -1 -1, -1, -1
1 7 47: 119, -1 -1 -1, -1, -1
1 7 48: 119, -1 -1 -1, -1, -1
1 7 49: 119, -1 -1 -1, -1, -1
1 7 50: 119, -1 -1 -1, -1, -1
1 7 51: 119, -1 -1 -1, -1, -1
1 7 52: 119, -1 -1 -1, -1, -1
1 7 53: 119, -1 -1 -1, -1, -1
1 7 54: 119, -1 -1 -1, -1, -1
1 7 55: 119, -1 -1 -1, -1, -1
1 7 56: 119, -1 -1 -1, -1, -1
1 7 57: 119, -1 -1 -1, -1, -1
1 7 58: 119, -1 -1 -1, -1, -1
1 7 59: 119, -1 -1 -1, -1, -1
1 7 60: 119, -1 -1 -1, -1, -1
1 7 61: 119, -1 -1 -1, -1, -1
1 7 62: 119, -1 -1 -1, -1, -1
1 7 63: 119, -1 -1 -1, -1, -1
1 8 0: 119, -1 -1 -1, -1, -1
1 8 1: 119, -1 -1 -1, -1, -1
1 8 2: 119, -1 -1 -1, -1, -1
1 8 3: 119, -1 -1 -1, -1, -1
1 8 4: 119, -1 -1 -1, -1, -1
1 8 5: 119, -1 -1 -1, -1, -1
1 8 6: 119, -1 -1 -1, -1, -1
1 8 7: 119, -1 -1 -1, -1, -1
1 8 8: 119, -1 -1 -1, -1, -1
1 8 9: 119, -1 -1 -1, -1, -1
1 8 10: 119, -1 -1 -1, -1, -1
1 8 11: 119, -1 -1 -1, -1, -1
1 8 12: 119, -1 -1 -1, -1, -1
1 8 13: 119, -1 -1 -1, -1, -1
1 8 14: 119, -1 -1 -1, -1, -1
1 8 15: 119, -1 -1 -1, -1, -1
1 8 16: 119, -1 -1 -1, -1, -1
1 8 17: 119, -1 -1 -1, -1, -1
1 8 18: 119, -1 -1 -1, -1, -1
1 8 19: 119, -1 -1 -1, -1, -1
1 8 20: 119, -1 -1 -1, -1, -1
1 8 21: 119, -1 -1 -1, -1, -1
1 8 22: 119, -1 -1 -1, -1, -1
1 8 23: 119, -1 -1 -1, -1, -1
1 8 24: 119, -1 -1 -1, -1, -1
1 8 25: 119, -1 -1 -1, -1, -1
1 8 26: 119, -1 -1 -1, -1, -1
1 8 27: 119, -1 -1 -1, -1, -1
1 8 28: 119, -1 -1 -1, -1, -1
1 8 29: 119, -1 -1 -1, -1, -1
1 8 30: 119, -1 -1 -1, -1, -1
1 8 31: 119, -1 -1 -1, -1, -1
1 8 32: 119, -1 -1 -1, -1, -1
1 8 33: 119, -1 -1 -1, -1, -1
1 8 34: 119, -1 -1 -1, -1, -1
1 8 35: 119, -1 -1 -1, -1, -1
1 8 36: 119, -1 -1 -1, -1, -1
1 8 37: 119, -1 -1 -1, -1, -1
1 8 38: 119, -1 -1 -1, -1, -1
1 8 39: 119, -1 -1 -1, -1, -1
1 8 40: 119, -1 -1 -1, -1, -1
1 8 41: 119, -1 -1 -1, -1, -1
1 8 42: 119, -1 -1 -1, -1, -1
1 8 43: 119, -1 -1 -1, -1, -1
1 8 44: 119, -1 -1 -1, -1, -1
1 8 45: 119, -1 -1 -1, -1, -1
1 8 46: 119, -1 -1 -1, -1, -1
1 8 47: 119, -1 -1 -1, -1, -1
1 8 48: 119, -1 -1 -1, -1, -1
1 8 49: 119, -1 -1 -1, -1, -1
1 8 50: 119, -1 -1 -1, -1, -1
1 8 51: 119, -1 -1 -1, -1, -1
1 8 52: 119, -1 -1 -1, -1, -1
1 8 53: 119, -1 -1 -1, -1, -1
1 8 54: 119, -1 -1 -1, -1, -1
1 8 55: 119, -1 -1 -1, -1, -1
1 8 56: 119, -1 -1 -1, -1, -1
1 8 57: 119, -1 -1 -1, -1, -1
1 8 58: 119, -1 -1 -1, -1, -1
1 8 59: 119, -1 -1 -1, -1, -1
1 8 60: 119, -1 -1 -1, -1, -1
1 8 61: 119, -1 -1 -1, -1, -1
1 8 62: 119, -1 -1 -1, -1, -1
1 8 63: 119, -1 -1 -1, -1, -1
1 9 0: 119, -1 -1 -1, -1, -1
1 9 1: 119, -1 -1 -1, -1, -1
1 9 2: 119, -1 -1 -1, -1, -1
1 9 3: 119, -1 -1 -1, -1, -1
1 9 4: 119, -1 -1 -1, -1, -1
1 9 5: 119, -1 -1 -1, -1, -1
1 9 6: 119, -1 -1 -1, -1, -1
1 9 7: 119, -1 -1 -1, -1, -1
1 9 8: 119, -1 -1 -1, -1, -1
1 9 9: 119, -1 -1 -1, -1, -1
1 9 10: 119, -1 -1 -1, -1, -1
1 9 11: 119, -1 -1 -1, -1, -1
1 9 12: 119, -1 -1 -1, -1, -1
1 9 13: 119, -1 -1 -1, -1, -1
1 9 14: 119, -1 -1 -1, -1, -1
1 9 15: 119, -1 -1 -1, -1, -1
1 9 16: 119, -1 -1 -1, -1, -1
1 9 17: 119, -1 -1 -1, -1, -1
1 9 18: 119, -1 -1 -1, -1, -1
1 9 19: 119, -1 -1 -1, -1, -1
1 9 20: 119, -1 -1 -1, -1, -1
1 9 21: 119, -1 -1 -1, -1, -1
1 9 22: 119, -1 -1 -1, -1, -1
1 9 23: 119, -1 -1 -1, -1, -1
1 9 24: 119, -1 -1 -1, -1, -1
1 9 25: 119, -1 -1 -1, -1, -1
1 9 26: 119, -1 -1 -1, -1, -1
1 9 27: 119, -1 -1 -1, -1, -1
1 9 28: 119, -1 -1 -1, -1, -1
1 9 29: 119, -1 -1 -1, -1, -1
1 9 30: 119, -1 -1 -1, -1, -1
1 9 31: 119, -1 -1 -1, -1, -1
1 9 32: 119, -1 -1 -1, -1, -1
1 9 33: 119, -1 -1 -1, -1, -1
1 9 34: 119, -1 -1 -1, -1, -1
1 9 35: 119, -1 -1 -1, -1, -1
1 9 36: 119, -1 -1 -1, -1, -1
1 9 37: 119, -1 -1 -1, -1, -1
1 9 38: 119, -1 -1 -1, -1, -1
1 9 39: 119, -1 -1 -1, -1, -1
1 9 40: 119, -1 -1 -1, -1, -1
1 9 41: 119, -1 -1 -1, -1, -1
1 9 42: 119, -1 -1 -1, -1, -1
1 9 43: 119, -1 -1 -1, -1, -1
1 9 44: 119, -1 -1 -1, -1, -1
1 9 45: 119, -1 -1 -1, -1, -1
1 9 46: 119, -1 -1 -1, -1, -1
1 9 47: 119, -1 -1 -1, -1, -1
1 9 48: 119, -1 -1 -1, -1, -1
1 9 49: 119, -1 -1 -1, -1, -1
1 9 50: 119, -1 -1 -1, -1, -1
1 9 51: 119, -1 -1 -1, -1, -1
1 9 52: 119, -1 -1 -1, -1, -1
1 9 53: 119, -1 -1 -1, -1, -1
1 9 54: 119, -1 -1 -1, -1, -1
1 9 55: 119, -1 -1 -1, -1, -1
1 9 56: 119, -1 -1 -1, -1, -1
1 9 57: 119, -1 -1 -1, -1, -1
1 9 58: 119, -1 -1 -1, -1, -1
1 9 59: 119, -1 -1 -1, -1, -1
1 9 60: 119, -1 -1 -1, -1, -1
1 9 61: 119, -1 -1 -1, -1, -1
1 9 62: 119, -1 -1 -1, -1, -1
1 9 63: 119, -1 -1 -1, -1, -1
1 10 0: 119, -1 -1 -1, -1, -1
1 10 1: 119, -1 -1 -1, -1, -1
1 10 2: 119, -1 -1 -1, -1, -1
1 10 3: 119, -1 -1 -1, -1, -1
1 10 4: 119, -1 -1 -1, -1, -1
1 10 5: 119, -1 -1 -1, -1, -1
1 10 6: 119, -1 -1 -1, -1, -1
1 10 7: 119, -1 -1 -1, -1, -1
1 10 8: 119, -1 -1 -1, -1, -1
1 10 9: 119, -1 -1 -1, -1, -1
1 10 10: 119, -1 -1 -1, -1, -1
1 10 11: 119, -1 -1 -1, -1, -1
1 10 12: 119, -1 -1 -1, -1, -1
1 10 13: 119, -1 -1 -1, -1, -1
1 10 14: 119, -1 -1 -1, -1, -1
1 10 15: 119, -1 -1 -1, -1, -1
1 10 16: 119, -1 -1 -1, -1, -1
1 10 17: 119, -1 -1 -1, -1, -1
1 10 18: 119, -1 -1 -1, -1, -1
1 10 19: 119, -1 -1 -1, -1, -1
1 10 20: 119, -1 -1 -1, -1, -1
1 10 21: 119, -1 -1 -1, -1, -1
1 10 22: 119, -1 -1 -1, -1, -1
1 10 23: 119, -1 -1 -1, -1, -1
1 10 24: 119, -1 -1 -1, -1, -1
1 10 25: 119, -1 -1 -1, -1, -1
1 10 26: 119, -1 -1 -1, -1, -1
1 10 27: 119, -1 -1 -1, -1, -1
1 10 28: 119, -1 -1 -1, -1, -1
1 10 29: 119, -1 -1 -1, -1, -1
1 10 30: 119, -1 -1 -1, -1, -1
1 10 31: 119, -1 -1 -1, -1, -1
1 10 32: 119, -1 -1 -1, -1, -1
1 10 33: 119, -1 -1 -1, -1, -1
1 10 34: 119, -1 -1 -1, -1, -1
1 10 35: 119, -1 -1 -1, -1, -1
1 10 36: 119, -1 -1 -1, -1, -1
1 10 37: 119, -1 -1 -1, -1, -1
1 10 38: 119, -1 -1 -1, -1, -1
1 10 39: 119, -1 -1 -1, -1, -1
1 10 40: 119, -1 -1 -1, -1, -1
1 10 41: 119, -1 -1 -1, -1, -1
1 10 42: 119, -1 -1 -1, -1, -1
1 10 43: 119, -1 -1 -1, -1, -1
1 10 44: 119, -1 -1 -1, -1, -1
1 10 45: 119, -1 -1 -1, -1, -1
1 10 46: 119, -1 -1 -1, -1, -1
1 10 47: 119, -1 -1 -1, -1, -1
1 10 48: 119, -1 -1 -1, -1, -1
1 10 49: 119, -1 -1 -1, -1, -1
1 10 50: 119, -1 -1 -1, -1, -1
1 10 51: 119, -1 -1 -1, -1, -1
1 10 52: 119, -1 -1 -1, -1, -1
1 10 53: 119, -1 -1 -1, -1, -1
1 10 54: 119, -1 -1 -1, -1, -1
1 10 55: 119, -1 -1 -1, -1, -1
1 10 56: 119, -1 -1 -1, -1, -1
1 10 57: 119, -1 -1 -1, -1, -1
1 10 58: 119, -1 -1 -1, -1, -1
1 10 59: 119, -1 -1 -1, -1, -1
1 10 60: 119, -1 -1 -1, -1, -1
1 10 61: 119, -1 -1 -1, -1, -1
1 10 62: 119, -1 -1 -1, -1, -1
1 10 63: 119, -1 -1 -1, -1, -1
1 11 0: 119, -1 -1 -1, -1, -1
1 11 1: 119, -1 -1 -1, -1, -1
1 11 2: 119, -1 -1 -1, -1, -1
1 11 3: 119, -1 -1 -1, -1, -1
1 11 4: 119, -1 -1 -1, -1, -1
1 11 5: 119, -1 -1 -1, -1, -1
1 11 6: 119, -1 -1 -1, -1, -1
1 11 7: 119, -1 -1 -1, -1, -1
1 11 8: 119, -1 -1 -1, -1, -1
1 11 9: 119, -1 -1 -1, -1, -1
1 11 10: 119, -1 -1 -1, -1, -1
1 11 11: 119, -1 -1 -1, -1, -1
1 11 12: 119, -1 -1 -1, -1, -1
1 11 13: 119, -1 -1 -1, -1, -1
1 11 14: 119, -1 -1 -1, -1, -1
1 11 15: 119, -1 -1 -1, -1, -1
1 11 16: 119, -1 -1 -1, -1, -1
1 11 17: 119, -1 -1 -1, -1, -1
1 11 18: 119, -1 -1 -1, -1, -1
1 11 19: 119, -1 -1 -1, -1, -1
1 11 20: 119, -1 -1 -1, -1, -1
1 11 21: 119, -1 -1 -1, -1, -1
1 11 22: 119, -1 -1 -1, -1, -1
1 11 23: 119, -1 -1 -1, -1, -1
1 11 24: 119, -1 -1 -1, -1, -1
1 11 25: 119, -1 -1 -1, -1, -1
1 11 26: 119, -1 -1 -1, -1, -1
1 11 27: 119, -1 -1 -1, -1, -1
1 11 28: 119, -1 -1 -1, -1, -1
1 11 29: 119, -1 -1 -1, -1, -1
1 11 30: 119, -1 -1 -1, -1, -1
1 11 31: 119, -1 -1 -1, -1, -1
1 11 32: 119, -1 -1 -1, -1, -1
1 11 33: 119, -1 -1 -1, -1, -1
1 11 34: 119, -1 -1 -1, -1, -1
1 11 35: 119, -1 -1 -1, -1, -1
1 11 36: 119, -1 -1 -1, -1, -1
1 11 37: 119, -1 -1 -1, -1, -1
1 11 38: 119, -1 -1 -1, -1, -1
1 11 39: 119, -1 -1 -1, -1, -1
1 11 40: 119, -1 -1 -1, -1, -1
1 11 41: 119, -1 -1 -1, -1, -1
1 11 42: 119, -1 -1 -1, -1, -1
1 11 43: 119, -1 -1 -1, -1, -1
1 11 44: 119, -1 -1 -1, -1, -1
1 11 45: 119, -1 -1 -1, -1, -1
1 11 46: 119, -1 -1 -1, -1, -1
1 11 47: 119, -1 -1 -1, -1, -1
1 11 48: 119, -1 -1 -1, -1, -1
1 11 49: 119, -1 -1 -1, -1, -1
1 11 50: 119, -1 -1 -1, -1, -1
1 11 51: 119, -1 -1 -1, -1, -1
1 11 52: 119, -1 -1 -1, -1, -1
1 11 53: 119, -1 -1 -1, -1, -1
1 11 54: 119, -1 -1 -1, -1, -1
1 11 55: 119, -1 -1 -1, -1, -1
1 11 56: 119, -1 -1 -1, -1, -1
1 11 57: 119, -1 -1 -1, -1, -1
1 11 58: 119, -1 -1 -1, -1, -1
1 11 59: 119, -1 -1 -1, -1, -1
1 11 60: 119, -1 -1 -1, -1, -1
1 11 61: 119, -1 -1 -1, -1, -1
1 11 62: 119, -1 -1 -1, -1, -1
1 11 63: 119, -1 -1 -1, -1, -1
1 12 0: 119, -1 -1 -1, -1, -1
1 12 1: 119, -1 -1 -1, -1, -1
1 12 2: 119, -1 -1 -1, -1, -1
1 12 3: 119, -1 -1 -1, -1, -1
1 12 4: 119, -1 -1 -1, -1, -1
1 12 5: 119, -1 -1 -1, -1, -1
1 12 6: 119, -1 -1 -1, -1, -1
1 12 7: 119, -1 -1 -1, -1, -1
1 12 8: 119, -1 -1 -1, -1, -1
1 12 9: 119, -1 -1 -1, -1, -1
1 12 10: 119, -1 -1 -1, -1, -1
1 12 11: 119, -1 -1 -1, -1, -1
1 12 12: 119, -1 -1 -1, -1, -1
1 12 13: 119, -1 -1 -1, -1, -1
1 12 14: 119, -1 -1 -1, -1, -1
1 12 15: 119, -1 -1 -1, -1, -1
1 12 16: 119, -1 -1 -1, -1, -1
1 12 17: 119, -1 -1 -1, -1, -1
1 12 18: 119, -1 -1 -1, -1, -1
1 12 19: 119, -1 -1 -1, -1, -1
1 12 20: 119, -1 -1 -1, -1, -1
1 12 21: 119, -1 -1 -1, -1, -1
1 12 22: 119, -1 -1 -1, -1, -1
1 12 23: 119, -1 -1 -1, -1, -1
1 12 24: 119, -1 -1 -1, -1, -1
1 12 25: 119, -1 -1 -1, -1, -1
1 12 26: 119, -1 -1 -1, -1, -1
1 12 27: 119, -1 -1 -1, -1, -1
1 12 28: 119, -1 -1 -1, -1, -1
1 12 29: 119, -1 -1 -1, -1, -1
1 12 30: 119, -1 -1 -1, -1, -1
1 12 31: 119, -1 -1 -1, -1, -1
1 12 32: 119, -1 -1 -1, -1, -1
1 12 33: 119, -1 -1 -1, -1, -1
1 12 34: 119, -1 -1 -1, -1, -1
1 12 35: 119, -1 -1 -1, -1, -1
1 12 36: 119, -1 -1 -1, -1, -1
1 12 37: 119, -1 -1 -1, -1, -1
1 12 38: 119, -1 -1 -1, -1, -1
1 12 39: 119, -1 -1 -1, -1, -1
1 12 40: 119, -1 -1 -1, -1, -1
1 12 41: 119, -1 -1 -1, -1, -1
1 12 42: 119, -1 -1 -1, -1, -1
1 12 43: 119, -1 -1 -1, -1, -1
1 12 44: 119, -1 -1 -1, -1, -1
1 12 45: 119, -1 -1 -1, -1, -1
1 12 46: 119, -1 -1 -1, -1, -1
1 12 47: 119, -1 -1 -1, -1, -1
1 12 48: 119, -1 -1 -1, -1, -1
1 12 49: 119, -1 -1 -1, -1, -1
1 12 50: 119, -1 -1 -1, -1, -1
1 12 51: 119, -1 -1 -1, -1, -1
1 12 52: 119, -1 -1 -1, -1, -1
1 12 53: 119, -1 -1 -1, -1, -1
1 12 54: 119, -1 -1 -1, -1, -1
1 12 55: 119, -1 -1 -1, -1, -1
1 12 56: 119, -1 -1 -1, -1, -1
1 12 57: 119, -1 -1 -1, -1, -1
1 12 58: 119, -1 -1 -1, -1, -1
1 12 59: 119, -1 -1 -1, -1, -1
1 12 60: 119, -1 -1 -1, -1, -1
1 12 61: 119, -1 -1 -1, -1, -1
1 12 62: 119, -1 -1 -1, -1, -1
1 12 63: 119, -1 -1 -1, -1, -1
1 13 0: 119, -1 -1 -1, -1, -1
1 13 1: 119, -1 -1 -1, -1, -1
1 13 2: 119, -1 -1 -1, -1, -1
1 13 3: 119, -1 -1 -1, -1, -1
1 13 4: 119, -1 -1 -1, -1, -1
1 13 5: 119, -1 -1 -1, -1, -1
1 13 6: 119, -1 -1 -1, -1, -1
1 13 7: 119, -1 -1 -1, -1, -1
1 13 8: 119, -1 -1 -1, -1, -1
1 13 9: 119, -1 -1 -1, -1, -1
1 13 10: 119, -1 -1 -1, -1, -1
1 13 11: 119, -1 -1 -1, -1, -1
1 13 12: 119, -1 -1 -1, -1, -1
1 13 13: 119, -1 -1 -1, -1, -1
1 13 14: 119, -1 -1 -1, -1, -1
1 13 15: 119, -1 -1 -1, -1, -1
1 13 16: 119, -1 -1 -1, -1, -1
1 13 17: 119, -1 -1 -1, -1, -1
1 13 18: 119, -1 -1 -1, -1, -1
1 13 19: 119, -1 -1 -1, -1, -1
1 13 20: 119, -1 -1 -1, -1, -1
1 13 21: 119, -1 -1 -1, -1, -1
1 13 22: 119, -1 -1 -1, -1, -1
1 13 23: 119, -1 -1 -1, -1, -1
1 13 24: 119, -1 -1 -1, -1, -1
1 13 25: 119, -1 -1 -1, -1, -1
1 13 26: 119, -1 -1 -1, -1, -1
1 13 27: 119, -1 -1 -1, -1, -1
1 13 28: 119, -1 -1 -1, -1, -1
1 13 29: 119, -1 -1 -1, -1, -1
1 13 30: 119, -1 -1 -1, -1, -1
1 13 31: 119, -1 -1 -1, -1, -1
1 13 32: 119, -1 -1 -1, -1, -1
1 13 33: 119, -1 -1 -1, -1, -1
1 13 34: 119, -1 -1 -1, -1, -1
1 13 35: 119, -1 -1 -1, -1, -1
1 13 36: 119, -1 -1 -1, -1, -1
1 13 37: 119, -1 -1 -1, -1, -1
1 13 38: 119, -1 -1 -1, -1, -1
1 13 39: 119, -1 -1 -1, -1, -1
1 13 40: 119, -1 -1 -1, -1, -1
1 13 41: 119, -1 -1 -1, -1, -1
1 13 42: 119, -1 -1 -1, -1, -1
1 13 43: 119, -1 -1 -1, -1, -1
1 13 44: 119, -1 -1 -1, -1, -1
1 13 45: 119, -1 -1 -1, -1, -1
1 13 46: 119, -1 -1 -1, -1, -1
1 13 47: 119, -1 -1 -1, -1, -1
1 13 48: 119, -1 -1 -1, -1, -1
1 13 49: 119, -1 -1 -1, -1, -1
1 13 50: 119, -1 -1 -1, -1, -1
1 13 51: 119, -1 -1 -1, -1, -1
1 13 52: 119, -1 -1 -1, -1, -1
1 13 53: 119, -1 -1 -1, -1, -1
1 13 54: 119, -1 -1 -1, -1, -1
1 13 55: 119, -1 -1 -1, -1, -1
1 13 56: 119, -1 -1 -1, -1, -1
1 13 57: 119, -1 -1 -1, -1, -1
1 13 58: 119, -1 -1 -1, -1, -1
1 13 59: 119, -1 -1 -1, -1, -1
1 13 60: 119, -1 -1 -1, -1, -1
1 13 61: 119, -1 -1 -1, -1, -1
1 13 62: 119, -1 -1 -1, -1, -1
1 13 63: 119, -1 -1 -1, -1, -1
1 14 0: 119, -1 -1 -1, -1, -1
1 14 1: 119, -1 -1 -1, -1, -1
1 14 2: 119, -1 -1 -1, -1, -1
1 14 3: 119, -1 -1 -1, -1, -1
1 14 4: 119, -1 -1 -1, -1, -1
1 14 5: 119, -1 -1 -1, -1, -1
1 14 6: 119, -1 -1 -1, -1, -1
1 14 7: 119, -1 -1 -1, -1, -1
1 14 8: 119, -1 -1 -1, -1, -1
1 14 9: 119, -1 -1 -1, -1, -1
1 14 10: 119, -1 -1 -1, -1, -1
1 14 11: 119, -1 -1 -1, -1, -1
1 14 12: 119, -1 -1 -1, -1, -1
1 14 13: 119, -1 -1 -1, -1, -1
1 14 14: 119, -1 -1 -1, -1, -1
1 14 15: 119, -1 -1 -1, -1, -1
1 14 16: 119, -1 -1 -1, -1, -1
1 14 17: 119, -1 -1 -1, -1, -1
1 14 18: 119, -1 -1 -1, -1, -1
1 14 19: 119, -1 -1 -1, -1, -1
1 14 20: 119, -1 -1 -1, -1, -1
1 14 21: 119, -1 -1 -1, -1, -1
1 14 22: 119, -1 -1 -1, -1, -1
1 14 23: 119, -1 -1 -1, -1, -1
1 14 24: 119, -1 -1 -1, -1, -1
1 14 25: 119, -1 -1 -1, -1, -1
1 14 26: 119, -1 -1 -1, -1, -1
1 14 27: 119, -1 -1 -1, -1, -1
1 14 28: 119, -1 -1 -1, -1, -1
1 14 29: 119, -1 -1 -1, -1, -1
1 14 30: 119, -1 -1 -1, -1, -1
1 14 31: 119, -1 -1 -1, -1, -1
1 14 32: 119, -1 -1 -1, -1, -1
1 14 33: 119, -1 -1 -1, -1, -1
1 14 34: 119, -1 -1 -1, -1, -1
1 14 35: 119, -1 -1 -1, -1, -1
1 14 36: 119, -1 -1 -1, -1, -1
1 14 37: 119, -1 -1 -1, -1, -1
1 14 38: 119, -1 -1 -1, -1, -1
1 14 39: 119, -1 -1 -1, -1, -1
1 14 40: 119, -1 -1 -1, -1, -1
1 14 41: 119, -1 -1 -1, -1, -1
1 14 42: 119, -1 -1 -1, -1, -1
1 14 43: 119, -1 -1 -1, -1, -1
1 14 44: 119, -1 -1 -1, -1, -1
1 14 45: 119, -1 -1 -1, -1, -1
1 14 46: 119, -1 -1 -1, -1, -1
1 14 47: 119, -1 -1 -1, -1, -1
1 14 48: 119, -1 -1 -1, -1, -1
1 14 49: 119, -1 -1 -1, -1, -1
1 14 50: 119, -1 -1 -1, -1, -1
1 14 51: 119, -1 -1 -1, -1, -1
1 14 52: 119, -1 -1 -1, -1, -1
1 14 53: 119, -1 -1 -1, -1, -1
1 14 54: 119, -1 -1 -1, -1, -1
1 14 55: 119, -1 -1 -1, -1, -1
1 14 56: 119, -1 -1 -1, -1, -1
1 14 57: 119, -1 -1 -1, -1, -1
1 14 58: 119, -1 -1 -1, -1, -1
1 14 59: 119, -1 -1 -1, -1, -1
1 14 60: 119, -1 -1 -1, -1, -1
1 14 61: 119, -1 -1 -1, -1, -1
1 14 62: 119, -1 -1 -1, -1, -1
1 14 63: 119, -1 -1 -1, -1, -1
1 15 0: 119, -1 -1 -1, -1, -1
1 15 1: 119, -1 -1 -1, -1, -1
1 15 2: 119, -1 -1 -1, -1, -1
1 15 3: 119, -1 -1 -1, -1, -1
1 15 4: 119, -1 -1 -1, -1, -1
1 15 5: 119, -1 -1 -1, -1, -1
1 15 6: 119, -1 -1 -1, -1, -1
1 15 7: 119, -1 -1 -1, -1, -1
1 15 8: 119, -1 -1 -1, -1, -1
1 15 9: 119, -1 -1 -1, -1, -1
1 15 10: 119, -1 -1 -1, -1, -1
1 15 11: 119, -1 -1 -1, -1, -1
1 15 12: 119, -1 -1 -1, -1, -1
1 15 13: 119, -1 -1 -1, -1, -1
1 15 14: 119, -1 -1 -1, -1, -1
1 15 15: 119, -1 -1 -1, -1, -1
1 15 16: 119, -1 -1 -1, -1, -1
1 15 17: 119, -1 -1 -1, -1, -1
1 15 18: 119, -1 -1 -1, -1, -1
1 15 19: 119, -1 -1 -1, -1, -1
1 15 20: 119, -1 -1 -1, -1, -1
1 15 21: 119, -1 -1 -1, -1, -1
1 15 22: 119, -1 -1 -1, -1, -1
1 15 23: 119, -1 -1 -1, -1, -1
1 15 24: 119, -1 -1 -1, -1, -1
1 15 25: 119, -1 -1 -1, -1, -1
1 15 26: 119, -1 -1 -1, -1, -1
1 15 27: 119, -1 -1 -1, -1, -1
1 15 28: 119, -1 -1 -1, -1, -1
1 15 29: 119, -1 -1 -1, -1, -1
1 15 30: 119, -1 -1 -1, -1, -1
1 15 31: 119, -1 -1 -1, -1, -1
1 15 32: 119, -1 -1 -1, -1, -1
1 15 33: 119, -1 -1 -1, -1, -1
1 15 34: 119, -1 -1 -1, -1, -1
1 15 35: 119, -1 -1 -1, -1, -1
1 15 36: 119, -1 -1 -1, -1, -1
1 15 37: 119, -1 -1 -1, -1, -1
1 15 38: 119, -1 -1 -1, -1, -1
1 15 39: 119, -1 -1 -1, -1, -1
1 15 40: 119, -1 -1 -1, -1, -1
1 15 41: 119, -1 -1 -1, -1, -1
1 15 42: 119, -1 -1 -1, -1, -1
1 15 43: 119, -1 -1 -1, -1, -1
1 15 44: 119, -1 -1 -1, -1, -1
1 15 45: 119, -1 -1 -1, -1, -1
1 15 46: 119, -1 -1 -1, -1, -1
1 15 47: 119, -1 -1 -1, -1, -1
1 15 48: 119, -1 -1 -1, -1, -1
1 15 49: 119, -1 -1 -1, -1, -1
1 15 50: 119, -1 -1 -1, -1, -1
1 15 51: 119, -1 -1 -1, -1, -1
1 15 52: 119, -1 -1 -1, -1, -1
1 15 53: 119, -1 -1 -1, -1, -1
1 15 54: 119, -1 -1 -1, -1, -1
1 15 55: 119, -1 -1 -1, -1, -1
1 15 56: 119, -1 -1 -1, -1, -1
1 15 57: 119, -1 -1 -1, -1, -1
1 15 58: 119, -1 -1 -1, -1, -1
1 15 59: 119, -1 -1 -1, -1, -1
1 15 60: 119, -1 -1 -1, -1, -1
1 15 61: 119, -1 -1 -1, -1, -1
1 15 62: 119, -1 -1 -1, -1, -1
1 15 63: 119, -1 -1 -1, -1, -1
1 16 0: 119, -1 -1 -1, -1, -1
1 16 1: 119, -1 -1 -1, -1, -1
1 16 2: 119, -1 -1 -1, -1, -1
1 16 3: 119, -1 -1 -1, -1, -1
1 16 4: 119, -1 -1 -1, -1, -1
1 16 5: 119, -1 -1 -1, -1, -1
1 16 6: 119, -1 -1 -1, -1, -1
1 16 7: 119, -1 -1 -1, -1, -1
1 16 8: 119, -1 -1 -1, -1, -1
1 16 9: 119, -1 -1 -1, -1, -1
1 16 10: 119, -1 -1 -1, -1, -1
1 16 11: 119, -1 -1 -1, -1, -1
1 16 12: 119, -1 -1 -1, -1, -1
1 16 13: 119, -1 -1 -1, -1, -1
1 16 14: 119, -1 -1 -1, -1, -1
1 16 15: 119, -1 -1 -1, -1, -1
1 16 16: 119, -1 -1 -1, -1, -1
1 16 17: 119, -1 -1 -1, -1, -1
1 16 18: 119, -1 -1 -1, -1, -1
1 16 20: 119, -1 -1 -1, -1, -1
1 16 21: 119, -1 -1 -1, -1, -1
1 16 22: 119, -1 -1 -1, -1, -1
1 16 23: 119, -1 -1 -1, -1, -1
1 16 24: 119, -1 -1 -1, -1, -1
1 16 27: 119, -1 -1 -1, -1, -1
1 16 28: 119, -1 -1 -1, -1, -1
1 16 29: 119, -1 -1 -1, -1, -1
1 16 30: 119, -1 -1 -1, -1, -1
1 16 31: 119, -1 -1 -1, -1, -1
1 16 33: 119, -1 -1 -1, -1, -1
1 16 34: 119, -1 -1 -1, -1, -1
1 16 35: 119, -1 -1 -1, -1, -1
1 16 36: 119, -1 -1 -1, -1, -1
1 16 37: 119, -1 -1 -1, -1, -1
1 16 38: 119, -1 -1 -1, -1, -1
1 16 40: 119, -1 -1 -1, -1, -1
1 16 41: 119, -1 -1 -1, -1, -1
1 16 42: 119, -1 -1 -1, -1, -1
1 16 43: 119, -1 -1 -1, -1, -1
1 16 44: 119, -1 -1 -1, -1, -1
1 16 45: 119, -1 -1 -1, -1, -1
1 16 46: 119, -1 -1 -1, -1, -1
1 16 47: 119, -1 -1 -1, -1, -1
1 16 48: 119, -1 -1 -1, -1, -1
1 16 49: 119, -1 -1 -1, -1, -1
1 16 50: 119, -1 -1 -1, -1, -1
1 16 51: 119, -1 -1 -1, -1, -1
1 16 52: 119, -1 -1 -1, -1, -1
1 16 53: 119, -1 -1 -1, -1, -1
1 16 54: 119, -1 -1 -1, -1, -1
1 16 55: 119, -1 -1 -1, -1, -1
1 16 56: 119, -1 -1 -1, -1, -1
1 16 57: 119, -1 -1 -1, -1, -1
1 16 58: 119, -1 -1 -1, -1, -1
1 16 59: 119, -1 -1 -1, -1, -1
1 16 60: 119, -1 -1 -1, -1, -1
1 16 61: 119, -1 -1 -1, -1, -1
1 16 62: 119, -1 -1 -1, -1, -1
1 16 63: 119, -1 -1 -1, -1, -1
1 17 0: 119, -1 -1 -1, -1, -1
1 17 1: 119, -1 -1 -1, -1, -1
1 17 2: 119, -1 -1 -1, -1, -1
1 17 3: 119, -1 -1 -1, -1, -1
1 17 4: 119, -1 -1 -1, -1, -1
1 17 5: 119, -1 -1 -1, -1, -1
1 17 6: 119, -1 -1 -1, -1, -1
1 17 7: 119, -1 -1 -1, -1, -1
1 17 8: 119, -1 -1 -1, -1, -1
1 17 9: 119, -1 -1 -1, -1, -1
1 17 10: 119, -1 -1 -1, -1, -1
1 17 11: 119, -1 -1 -1, -1, -1
1 17 12: 119, -1 -1 -1, -1, -1
1 17 13: 119, -1 -1 -1, -1, -1
1 17 14: 119, -1 -1 -1, -1, -1
1 17 15: 119, -1 -1 -1, -1, -1
1 17 16: 119, -1 -1 -1, -1, -1
1 17 17: 119, -1 -1 -1, -1, -1
1 17 18: 119, -1 -1 -1, -1, -1
1 17 20: 119, -1 -1 -1, -1, -1
1 17 21: 119, -1 -1 -1, -1, -1
1 17 22: 119, -1 -1 -1, -1, -1
1 17 23: 119, -1 -1 -1, -1, -1
1 17 24: 119, -1 -1 -1, -1, -1
1 17 27: 119, -1 -1 -1, -1, -1
1 17 28: 119, -1 -1 -1, -1, -1
1 17 29: 119, -1 -1 -1, -1, -1
1 17 30: 119, -1 -1 -1, -1, -1
1 17 31: 119, -1 -1 -1, -1, -1
1 17 33: 119, -1 -1 -1, -1, -1
1 17 34: 119, -1 -1 -1, -1, -1
1 17 35: 119, -1 -1 -1, -1, -1
1 17 36: 119, -1 -1 -1, -1, -1
1 17 37: 119, -1 -1 -1, -1, -1
1 17 42: 119, -1 -1 -1, -1, -1
1 17 43: 119, -1 -1 -1, -1, -1
1 17 44: 119, -1 -1 -1, -1, -1
1 17 48: 119, -1 -1 -1, -1, -1
1 17 49: 119, -1 -1 -1, -1, -1
1 17 50: 119, -1 -1 -1, -1, -1
1 17 52: 119, -1 -1 -1, -1, -1
1 17 53: 119, -1 -1 -1, -1, -1
1 17 54: 119, -1 -1 -1, -1, -1
1 17 56: 119, -1 -1 -1, -1, -1
1 17 57: 119, -1 -1 -1, -1, -1
1 17 58: 119, -1 -1 -1, -1, -1
1 17 60: 119, -1 -1 -1, -1, -1
1 17 61: 119, -1 -1 -1, -1, -1
1 17 62: 119, -1 -1 -1, -1, -1
1 17 63: 119, -1 -1 -1, -1, -1
1 18 2: 119, -1 -1 -1, -1, -1
1 18 3: 119, -1 -1 -1, -1, -1
1 18 4: 119, -1 -1 -1, -1, -1
1 18 5: 119, -1 -1 -1, -1, -1
1 18 7: 119, -1 -1 -1, -1, -1
1 18 9: 119, -1 -1 -1, -1, -1
1 18 12: 119, -1 -1 -1, -1, -1
1 18 16: 119, -1 -1 -1, -1, -1
1 18 22: 119, -1 -1 -1, -1, -1
1 18 29: 119, -1 -1 -1, -1, -1
1 18 35: 119, -1 -1 -1, -1, -1
