0 0 34: 16, -1 -1 -1, -1, -1
0 0 36: 15, -1 -1 -1, -1, -1
0 0 37: 15, -1 -1 -1, -1, -1
0 0 39: 17, -1 -1 -1, -1, -1
0 0 40: 33, -1 -1 -1, -1, -1
0 0 41: 62, -1 -1 -1, -1, -1
0 0 42: 76, -1 -1 -1, -1, -1
0 0 43: 79, -1 -1 -1, -1, -1
0 0 44: 79, -1 -1 -1, -1, -1
0 0 45: 80, -1 -1 -1, -1, -1
0 0 46: 80, -1 -1 -1, -1, -1
0 0 47: 80, -1 -1 -1, -1, -1
0 0 48: 80, -1 -1 -1, -1, -1
0 0 49: 80, -1 -1 -1, -1, -1
0 0 50: 80, -1 -1 -1, -1, -1
0 0 51: 80, -1 -1 -1, -1, -1
0 0 52: 80, -1 -1 -1, -1, -1
0 0 53: 80, -1 -1 -1, -1, -1
0 0 54: 80, -1 -1 -1, -1, -1
0 0 55: 80, -1 -1 -1, -1, -1
0 0 56: 80, -1 -1 -1, -1, -1
0 0 57: 80, -1 -1 -1, -1, -1
0 0 58: 80, -1 -1 -1, -1, -1
0 0 59: 80, -1 -1 -1, -1, -1
0 0 60: 80, -1 -1 -1, -1, -1
0 0 61: 80, -1 -1 -1, -1, -1
0 0 62: 80, -1 -1 -1, -1, -1
0 0 63: 80, -1 -1 -1, -1, -1
0 1 32: 24, -1 -1 -1, -1, -1
0 1 33: 22, -1 -1 -1, -1, -1
0 1 34: 19, -1 -1 -1, -1, -1
0 1 35: 18, -1 -1 -1, -1, -1
0 1 36: 16, -1 -1 -1, -1, -1
0 1 37: 16, -1 -1 -1, -1, -1
0 1 39: 23, -1 -1 -1, -1, -1
0 1 40: 39, -1 -1 -1, -1, -1
0 1 41: 61, -1 -1 -1, -1, -1
0 1 42: 73, -1 -1 -1, -1, -1
0 1 43: 77, -1 -1 -1, -1, -1
0 1 44: 78, -1 -1 -1, -1, -1
0 1 45: 79, -1 -1 -1, -1, -1
0 1 46: 79, -1 -1 -1, -1, -1
0 1 47: 80, -1 -1 -1, -1, -1
0 1 48: 80, -1 -1 -1, -1, -1
0 1 49: 80, -1 -1 -1, -1, -1
0 1 50: 80, -1 -1 -1, -1, -1
0 1 51: 80, -1 -1 -1, -1, -1
0 1 52: 80, -1 -1 -1, -1, -1
0 1 53: 80, -1 -1 -1, -1, -1
0 1 54: 80, -1 -1 -1, -1, -1
0 1 55: 80, -1 -1 -1, -1, -1
0 1 56: 80, -1 -1 -1, -1, -1
0 1 57: 80, -1 -1 -1, -1, -1
0 1 58: 80, -1 -1 -1, -1, -1
0 1 59: 80, -1 -1 -1, -1, -1
0 1 60: 80, -1 -1 -1, -1, -1
0 1 61: 80, -1 -1 -1, -1, -1
0 1 62: 80, -1 -1 -1, -1, -1
0 1 63: 80, -1 -1 -1, -1, -1
0 2 32: 25, -1 -1 -1, -1, -1
0 2 33: 23, -1 -1 -1, -1, -1
0 2 34: 21, -1 -1 -1, -1, -1
0 2 35: 19, -1 -1 -1, -1, -1
0 2 36: 18, -1 -1 -1, -1, -1
0 2 37: 17, -1 -1 -1, -1, -1
0 2 38: 19, -1 -1 -1, -1, -1
0 2 39: 27, -1 -1 -1, -1, -1
0 2 40: 43, -1 -1 -1, -1, -1
0 2 41: 62, -1 -1 -1, -1, -1
0 2 42: 73, -1 -1 -1, -1, -1
0 2 43: 77, -1 -1 -1, -1, -1
0 2 44: 78, -1 -1 -1, -1, -1
0 2 45: 79, -1 -1 -1, -1, -1
0 2 46: 79, -1 -1 -1, -1, -1
0 2 47: 80, -1 -1 -1, -1, -1
0 2 48: 80, -1 -1 -1, -1, -1
0 2 49: 80, -1 -1 -1, -1, -1
0 2 50: 80, -1 -1 -1, -1, -1
0 2 51: 80, -1 -1 -1, -1, -1
0 2 52: 80, -1 -1 -1, -1, -1
0 2 53: 80, -1 -1 -1, -1, -1
0 2 54: 80, -1 -1 -1, -1, -1
0 2 55: 80, -1 -1 -1, -1, -1
0 2 56: 80, -1 -1 -1, -1, -1
0 2 57: 80, -1 -1 -1, -1, -1
0 2 58: 80, -1 -1 -1, -1, -1
0 2 59: 80, -1 -1 -1, -1, -1
0 2 60: 80, -1 -1 -1, -1, -1
0 2 61: 80, -1 -1 -1, -1, -1
0 2 62: 80, -1 -1 -1, -1, -1
0 2 63: 80, -1 -1 -1, -1, -1
0 3 32: 27, -1 -1 -1, -1, -1
0 3 33: 24, -1 -1 -1, -1, -1
0 3 34: 22, -1 -1 -1, -1, -1
0 3 35: 20, -1 -1 -1, -1, -1
0 3 38: 21, -1 -1 -1, -1, -1
0 3 39: 28, -1 -1 -1, -1, -1
0 3 40: 43, -1 -1 -1, -1, -1
0 3 41: 61, -1 -1 -1, -1, -1
0 3 42: 72, -1 -1 -1, -1, -1
0 3 43: 76, -1 -1 -1, -1, -1
0 3 44: 78, -1 -1 -1, -1, -1
0 3 45: 78, -1 -1 -1, -1, -1
0 3 46: 79, -1 -1 -1, -1, -1
0 3 47: 79, -1 -1 -1, -1, -1
0 3 48: 80, -1 -1 -1, -1, -1
0 3 49: 80, -1 -1 -1, -1, -1
0 3 50: 80, -1 -1 -1, -1, -1
0 3 51: 80, -1 -1 -1, -1, -1
0 3 52: 80, -1 -1 -1, -1, -1
0 3 53: 80, -1 -1 -1, -1, -1
0 3 54: 80, -1 -1 -1, -1, -1
0 3 55: 80, -1 -1 -1, -1, -1
0 3 56: 80, -1 -1 -1, -1, -1
0 3 57: 80, -1 -1 -1, -1, -1
0 3 58: 80, -1 -1 -1, -1, -1
0 3 59: 80, -1 -1 -1, -1, -1
0 3 60: 80, -1 -1 -1, -1, -1
0 3 61: 80, -1 -1 -1, -1, -1
0 3 62: 80, -1 -1 -1, -1, -1
0 3 63: 80, -1 -1 -1, -1, -1
0 4 32: 28, -1 -1 -1, -1, -1
0 4 33: 25, -1 -1 -1, -1, -1
0 4 34: 22, -1 -1 -1, -1, -1
0 4 36: 21, -1 -1 -1, -1, -1
0 4 37: 21, -1 -1 -1, -1, -1
0 4 39: 30, -1 -1 -1, -1, -1
0 4 40: 42, -1 -1 -1, -1, -1
0 4 41: 58, -1 -1 -1, -1, -1
0 4 42: 70, -1 -1 -1, -1, -1
0 4 43: 75, -1 -1 -1, -1, -1
0 4 44: 77, -1 -1 -1, -1, -1
0 4 45: 78, -1 -1 -1, -1, -1
0 4 46: 78, -1 -1 -1, -1, -1
0 4 47: 79, -1 -1 -1, -1, -1
0 4 48: 80, -1 -1 -1, -1, -1
0 4 49: 80, -1 -1 -1, -1, -1
0 4 50: 80, -1 -1 -1, -1, -1
0 4 51: 80, -1 -1 -1, -1, -1
0 4 52: 80, -1 -1 -1, -1, -1
0 4 53: 80, -1 -1 -1, -1, -1
0 4 54: 80, -1 -1 -1, -1, -1
0 4 55: 80, -1 -1 -1, -1, -1
0 4 56: 80, -1 -1 -1, -1, -1
0 4 57: 80, -1 -1 -1, -1, -1
0 4 58: 80, -1 -1 -1, -1, -1
0 4 59: 80, -1 -1 -1, -1, -1
0 4 60: 80, -1 -1 -1, -1, -1
0 4 61: 80, -1 -1 -1, -1, -1
0 4 62: 80, -1 -1 -1, -1, -1
0 4 63: 80, -1 -1 -1, -1, -1
0 5 32: 27, -1 -1 -1, -1, -1
0 5 33: 24, -1 -1 -1, -1, -1
0 5 35: 22, -1 -1 -1, -1, -1
0 5 36: 22, -1 -1 -1, -1, -1
0 5 37: 24, -1 -1 -1, -1, -1
0 5 38: 26, -1 -1 -1, -1, -1
0 5 39: 31, -1 -1 -1, -1, -1
0 5 40: 40, -1 -1 -1, -1, -1
0 5 41: 54, -1 -1 -1, -1, -1
0 5 42: 65, -1 -1 -1, -1, -1
0 5 43: 72, -1 -1 -1, -1, -1
0 5 44: 75, -1 -1 -1, -1, -1
0 5 45: 76, -1 -1 -1, -1, -1
0 5 46: 78, -1 -1 -1, -1, -1
0 5 47: 79, -1 -1 -1, -1, -1
0 5 48: 80, -1 -1 -1, -1, -1
0 5 49: 80, -1 -1 -1, -1, -1
0 5 50: 80, -1 -1 -1, -1, -1
0 5 51: 80, -1 -1 -1, -1, -1
0 5 52: 80, -1 -1 -1, -1, -1
0 5 53: 80, -1 -1 -1, -1, -1
0 5 54: 80, -1 -1 -1, -1, -1
0 5 55: 80, -1 -1 -1, -1, -1
0 5 56: 80, -1 -1 -1, -1, -1
0 5 57: 80, -1 -1 -1, -1, -1
0 5 58: 80, -1 -1 -1, -1, -1
0 5 59: 80, -1 -1 -1, -1, -1
0 5 60: 80, -1 -1 -1, -1, -1
0 5 61: 80, -1 -1 -1, -1, -1
0 5 62: 80, -1 -1 -1, -1, -1
0 5 63: 80, -1 -1 -1, -1, -1
0 6 33: 23, -1 -1 -1, -1, -1
0 6 34: 22, -1 -1 -1, -1, -1
0 6 36: 23, -1 -1 -1, -1, -1
0 6 37: 25, -1 -1 -1, -1, -1
0 6 38: 28, -1 -1 -1, -1, -1
0 6 39: 31, -1 -1 -1, -1, -1
0 6 40: 37, -1 -1 -1, -1, -1
0 6 41: 47, -1 -1 -1, -1, -1
0 6 42: 57, -1 -1 -1, -1, -1
0 6 43: 65, -1 -1 -1, -1, -1
0 6 44: 70, -1 -1 -1, -1, -1
0 6 45: 73, -1 -1 -1, -1, -1
0 6 46: 75, -1 -1 -1, -1, -1
0 6 47: 77, -1 -1 -1, -1, -1
0 6 48: 79, -1 -1 -1, -1, -1
0 6 49: 79, -1 -1 -1, -1, -1
0 6 50: 80, -1 -1 -1, -1, -1
0 6 51: 80, -1 -1 -1, -1, -1
0 6 52: 80, -1 -1 -1, -1, -1
0 6 53: 80, -1 -1 -1, -1, -1
0 6 54: 80, -1 -1 -1, -1, -1
0 6 55: 80, -1 -1 -1, -1, -1
0 6 56: 80, -1 -1 -1, -1, -1
0 6 57: 80, -1 -1 -1, -1, -1
0 6 58: 80, -1 -1 -1, -1, -1
0 6 59: 80, -1 -1 -1, -1, -1
0 6 60: 80, -1 -1 -1, -1, -1
0 6 61: 80, -1 -1 -1, -1, -1
0 6 62: 80, -1 -1 -1, -1, -1
0 6 63: 80, -1 -1 -1, -1, -1
0 7 33: 22, -1 -1 -1, -1, -1
0 7 34: 21, -1 -1 -1, -1, -1
0 7 35: 22, -1 -1 -1, -1, -1
0 7 36: 23, -1 -1 -1, -1, -1
0 7 37: 25, -1 -1 -1, -1, -1
0 7 38: 27, -1 -1 -1, -1, -1
0 7 39: 30, -1 -1 -1, -1, -1
0 7 40: 34, -1 -1 -1, -1, -1
0 7 41: 40, -1 -1 -1, -1, -1
0 7 42: 49, -1 -1 -1, -1, -1
0 7 43: 56, -1 -1 -1, -1, -1
0 7 44: 62, -1 -1 -1, -1, -1
0 7 45: 67, -1 -1 -1, -1, -1
0 7 46: 71, -1 -1 -1, -1, -1
0 7 47: 74, -1 -1 -1, -1, -1
0 7 48: 77, -1 -1 -1, -1, -1
0 7 49: 79, -1 -1 -1, -1, -1
0 7 50: 80, -1 -1 -1, -1, -1
0 7 51: 80, -1 -1 -1, -1, -1
0 7 52: 80, -1 -1 -1, -1, -1
0 7 53: 80, -1 -1 -1, -1, -1
0 7 54: 80, -1 -1 -1, -1, -1
0 7 55: 80, -1 -1 -1, -1, -1
0 7 56: 80, -1 -1 -1, -1, -1
0 7 57: 80, -1 -1 -1, -1, -1
0 7 58: 80, -1 -1 -1, -1, -1
0 7 59: 80, -1 -1 -1, -1, -1
0 7 60: 80, -1 -1 -1, -1, -1
0 7 61: 80, -1 -1 -1, -1, -1
0 7 62: 80, -1 -1 -1, -1, -1
0 7 63: 80, -1 -1 -1, -1, -1
0 8 33: 22, -1 -1 -1, -1, -1
0 8 34: 21, -1 -1 -1, -1, -1
0 8 35: 21, -1 -1 -1, -1, -1
0 8 36: 22, -1 -1 -1, -1, -1
0 8 37: 23, -1 -1 -1, -1, -1
0 8 38: 26, -1 -1 -1, -1, -1
0 8 39: 28, -1 -1 -1, -1, -1
0 8 40: 31, -1 -1 -1, -1, -1
0 8 41: 35, -1 -1 -1, -1, -1
0 8 42: 42, -1 -1 -1, -1, -1
0 8 43: 48, -1 -1 -1, -1, -1
0 8 44: 55, -1 -1 -1, -1, -1
0 8 45: 60, -1 -1 -1, -1, -1
0 8 46: 66, -1 -1 -1, -1, -1
0 8 47: 71, -1 -1 -1, -1, -1
0 8 48: 75, -1 -1 -1, -1, -1
0 8 49: 77, -1 -1 -1, -1, -1
0 8 50: 79, -1 -1 -1, -1, -1
0 8 51: 79, -1 -1 -1, -1, -1
0 8 52: 80, -1 -1 -1, -1, -1
0 8 53: 80, -1 -1 -1, -1, -1
0 8 54: 80, -1 -1 -1, -1, -1
0 8 55: 80, -1 -1 -1, -1, -1
0 8 56: 80, -1 -1 -1, -1, -1
0 8 57: 80, -1 -1 -1, -1, -1
0 8 58: 80, -1 -1 -1, -1, -1
0 8 59: 80, -1 -1 -1, -1, -1
0 8 60: 80, -1 -1 -1, -1, -1
0 8 61: 80, -1 -1 -1, -1, -1
0 8 62: 80, -1 -1 -1, -1, -1
0 8 63: 80, -1 -1 -1, -1, -1
0 9 32: 23, -1 -1 -1, -1, -1
0 9 33: 21, -1 -1 -1, -1, -1
0 9 34: 20, -1 -1 -1, -1, -1
0 9 35: 19, -1 -1 -1, -1, -1
0 9 37: 22, -1 -1 -1, -1, -1
0 9 38: 24, -1 -1 -1, -1, -1
0 9 39: 26, -1 -1 -1, -1, -1
0 9 40: 28, -1 -1 -1, -1, -1
0 9 41: 31, -1 -1 -1, -1, -1
0 9 42: 37, -1 -1 -1, -1, -1
0 9 43: 43, -1 -1 -1, -1, -1
0 9 44: 49, -1 -1 -1, -1, -1
0 9 45: 55, -1 -1 -1, -1, -1
0 9 46: 61, -1 -1 -1, -1, -1
0 9 47: 67, -1 -1 -1, -1, -1
0 9 48: 73, -1 -1 -1, -1, -1
0 9 49: 76, -1 -1 -1, -1, -1
0 9 50: 79, -1 -1 -1, -1, -1
0 9 51: 79, -1 -1 -1, -1, -1
0 9 52: 80, -1 -1 -1, -1, -1
0 9 53: 80, -1 -1 -1, -1, -1
0 9 54: 80, -1 -1 -1, -1, -1
0 9 55: 80, -1 -1 -1, -1, -1
0 9 56: 80, -1 -1 -1, -1, -1
0 9 57: 80, -1 -1 -1, -1, -1
0 9 58: 80, -1 -1 -1, -1, -1
0 9 59: 80, -1 -1 -1, -1, -1
0 9 60: 80, -1 -1 -1, -1, -1
0 9 61: 80, -1 -1 -1, -1, -1
0 9 62: 80, -1 -1 -1, -1, -1
0 9 63: 80, -1 -1 -1, -1, -1
0 10 32: 21, -1 -1 -1, -1, -1
0 10 33: 20, -1 -1 -1, -1, -1
0 10 34: 18, -1 -1 -1, -1, -1
0 10 37: 20, -1 -1 -1, -1, -1
0 10 38: 22, -1 -1 -1, -1, -1
0 10 39: 24, -1 -1 -1, -1, -1
0 10 42: 34, -1 -1 -1, -1, -1
0 10 43: 40, -1 -1 -1, -1, -1
0 10 44: 45, -1 -1 -1, -1, -1
0 10 45: 51, -1 -1 -1, -1, -1
0 10 46: 56, -1 -1 -1, -1, -1
0 10 47: 62, -1 -1 -1, -1, -1
0 10 48: 69, -1 -1 -1, -1, -1
0 10 49: 75, -1 -1 -1, -1, -1
0 10 50: 78, -1 -1 -1, -1, -1
0 10 51: 78, -1 -1 -1, -1, -1
0 10 52: 80, -1 -1 -1, -1, -1
0 10 53: 80, -1 -1 -1, -1, -1
0 10 54: 80, -1 -1 -1, -1, -1
0 10 55: 80, -1 -1 -1, -1, -1
0 10 56: 80, -1 -1 -1, -1, -1
0 10 57: 80, -1 -1 -1, -1, -1
0 10 58: 80, -1 -1 -1, -1, -1
0 10 59: 80, -1 -1 -1, -1, -1
0 10 60: 80, -1 -1 -1, -1, -1
0 10 61: 80, -1 -1 -1, -1, -1
0 10 62: 80, -1 -1 -1, -1, -1
0 10 63: 80, -1 -1 -1, -1, -1
0 11 32: 18, -1 -1 -1, -1, -1
0 11 33: 17, -1 -1 -1, -1, -1
0 11 35: 15, -1 -1 -1, -1, -1
0 11 36: 16, -1 -1 -1, -1, -1
0 11 37: 19, -1 -1 -1, -1, -1
0 11 38: 21, -1 -1 -1, -1, -1
0 11 39: 22, -1 -1 -1, -1, -1
0 11 40: 23, -1 -1 -1, -1, -1
0 11 42: 31, -1 -1 -1, -1, -1
0 11 43: 36, -1 -1 -1, -1, -1
0 11 44: 42, -1 -1 -1, -1, -1
0 11 45: 47, -1 -1 -1, -1, -1
0 11 46: 52, -1 -1 -1, -1, -1
0 11 47: 57, -1 -1 -1, -1, -1
0 11 48: 63, -1 -1 -1, -1, -1
0 11 49: 70, -1 -1 -1, -1, -1
0 11 50: 75, -1 -1 -1, -1, -1
0 11 51: 77, -1 -1 -1, -1, -1
0 11 52: 79, -1 -1 -1, -1, -1
0 11 53: 80, -1 -1 -1, -1, -1
0 11 54: 80, -1 -1 -1, -1, -1
0 11 55: 80, -1 -1 -1, -1, -1
0 11 56: 80, -1 -1 -1, -1, -1
0 11 57: 80, -1 -1 -1, -1, -1
0 11 58: 80, -1 -1 -1, -1, -1
0 11 59: 80, -1 -1 -1, -1, -1
0 11 60: 80, -1 -1 -1, -1, -1
0 11 61: 80, -1 -1 -1, -1, -1
0 11 62: 80, -1 -1 -1, -1, -1
0 11 63: 80, -1 -1 -1, -1, -1
0 12 32: 17, -1 -1 -1, -1, -1
0 12 33: 16, -1 -1 -1, -1, -1
0 12 35: 16, -1 -1 -1, -1, -1
0 12 36: 17, -1 -1 -1, -1, -1
0 12 37: 18, -1 -1 -1, -1, -1
0 12 38: 20, -1 -1 -1, -1, -1
0 12 39: 20, -1 -1 -1, -1, -1
0 12 41: 24, -1 -1 -1, -1, -1
0 12 42: 28, -1 -1 -1, -1, -1
0 12 43: 33, -1 -1 -1, -1, -1
0 12 44: 39, -1 -1 -1, -1, -1
0 12 45: 44, -1 -1 -1, -1, -1
0 12 46: 47, -1 -1 -1, -1, -1
0 12 47: 51, -1 -1 -1, -1, -1
0 12 48: 57, -1 -1 -1, -1, -1
0 12 49: 64, -1 -1 -1, -1, -1
0 12 50: 71, -1 -1 -1, -1, -1
0 12 51: 74, -1 -1 -1, -1, -1
0 12 52: 77, -1 -1 -1, -1, -1
0 12 53: 79, -1 -1 -1, -1, -1
0 12 54: 80, -1 -1 -1, -1, -1
0 12 55: 80, -1 -1 -1, -1, -1
0 12 56: 80, -1 -1 -1, -1, -1
0 12 57: 80, -1 -1 -1, -1, -1
0 12 58: 80, -1 -1 -1, -1, -1
0 12 59: 80, -1 -1 -1, -1, -1
0 12 60: 80, -1 -1 -1, -1, -1
0 12 61: 80, -1 -1 -1, -1, -1
0 12 62: 80, -1 -1 -1, -1, -1
0 12 63: 80, -1 -1 -1, -1, -1
0 13 33: 15, -1 -1 -1, -1, -1
0 13 35: 16, -1 -1 -1, -1, -1
0 13 36: 17, -1 -1 -1, -1, -1
0 13 37: 18, -1 -1 -1, -1, -1
0 13 38: 18, -1 -1 -1, -1, -1
0 13 39: 19, -1 -1 -1, -1, -1
0 13 40: 20, -1 -1 -1, -1, -1
0 13 41: 22, -1 -1 -1, -1, -1
0 13 42: 24, -1 -1 -1, -1, -1
0 13 43: 27, -1 -1 -1, -1, -1
0 13 44: 33, -1 -1 -1, -1, -1
0 13 45: 38, -1 -1 -1, -1, -1
0 13 46: 42, -1 -1 -1, -1, -1
0 13 47: 45, -1 -1 -1, -1, -1
0 13 48: 49, -1 -1 -1, -1, -1
0 13 49: 55, -1 -1 -1, -1, -1
0 13 50: 62, -1 -1 -1, -1, -1
0 13 51: 66, -1 -1 -1, -1, -1
0 13 52: 73, -1 -1 -1, -1, -1
0 13 53: 78, -1 -1 -1, -1, -1
0 13 54: 79, -1 -1 -1, -1, -1
0 13 55: 80, -1 -1 -1, -1, -1
0 13 56: 80, -1 -1 -1, -1, -1
0 13 57: 80, -1 -1 -1, -1, -1
0 13 58: 80, -1 -1 -1, -1, -1
0 13 59: 80, -1 -1 -1, -1, -1
0 13 60: 80, -1 -1 -1, -1, -1
0 13 61: 80, -1 -1 -1, -1, -1
0 13 62: 80, -1 -1 -1, -1, -1
0 13 63: 80, -1 -1 -1, -1, -1
0 14 32: 16, -1 -1 -1, -1, -1
0 14 34: 15, -1 -1 -1, -1, -1
0 14 35: 16, -1 -1 -1, -1, -1
0 14 36: 16, -1 -1 -1, -1, -1
0 14 37: 16, -1 -1 -1, -1, -1
0 14 38: 16, -1 -1 -1, -1, -1
0 14 39: 16, -1 -1 -1, -1, -1
0 14 40: 18, -1 -1 -1, -1, -1
0 14 41: 19, -1 -1 -1, -1, -1
0 14 42: 21, -1 -1 -1, -1, -1
0 14 43: 23, -1 -1 -1, -1, -1
0 14 44: 26, -1 -1 -1, -1, -1
0 14 45: 31, -1 -1 -1, -1, -1
0 14 46: 36, -1 -1 -1, -1, -1
0 14 47: 39, -1 -1 -1, -1, -1
0 14 48: 42, -1 -1 -1, -1, -1
0 14 49: 45, -1 -1 -1, -1, -1
0 14 50: 50, -1 -1 -1, -1, -1
0 14 51: 56, -1 -1 -1, -1, -1
0 14 52: 66, -1 -1 -1, -1, -1
0 14 53: 76, -1 -1 -1, -1, -1
0 14 54: 78, -1 -1 -1, -1, -1
0 14 55: 79, -1 -1 -1, -1, -1
0 14 56: 79, -1 -1 -1, -1, -1
0 14 57: 79, -1 -1 -1, -1, -1
0 14 58: 79, -1 -1 -1, -1, -1
0 14 59: 80, -1 -1 -1, -1, -1
0 14 60: 80, -1 -1 -1, -1, -1
0 14 61: 80, -1 -1 -1, -1, -1
0 14 62: 80, -1 -1 -1, -1, -1
0 14 63: 80, -1 -1 -1, -1, -1
0 15 32: 17, -1 -1 -1, -1, -1
0 15 33: 17, -1 -1 -1, -1, -1
0 15 35: 16, -1 -1 -1, -1, -1
0 15 36: 15, -1 -1 -1, -1, -1
0 15 39: 14, -1 -1 -1, -1, -1
0 15 40: 15, -1 -1 -1, -1, -1
0 15 41: 17, -1 -1 -1, -1, -1
0 15 42: 19, -1 -1 -1, -1, -1
0 15 44: 21, -1 -1 -1, -1, -1
0 15 45: 24, -1 -1 -1, -1, -1
0 15 46: 30, -1 -1 -1, -1, -1
0 15 49: 39, -1 -1 -1, -1, -1
0 15 50: 42, -1 -1 -1, -1, -1
0 15 51: 48, -1 -1 -1, -1, -1
0 15 52: 59, -1 -1 -1, -1, -1
0 15 53: 71, -1 -1 -1, -1, -1
0 15 54: 75, -1 -1 -1, -1, -1
0 15 55: 77, -1 -1 -1, -1, -1
0 15 56: 78, -1 -1 -1, -1, -1
0 15 57: 79, -1 -1 -1, -1, -1
0 15 58: 79, -1 -1 -1, -1, -1
0 15 59: 79, -1 -1 -1, -1, -1
0 15 60: 79, -1 -1 -1, -1, -1
0 15 61: 80, -1 -1 -1, -1, -1
0 15 62: 80, -1 -1 -1, -1, -1
0 15 63: 80, -1 -1 -1, -1, -1
0 16 32: 19, -1 -1 -1, -1, -1
0 16 33: 19, -1 -1 -1, -1, -1
0 16 35: 16, -1 -1 -1, -1, -1
0 16 36: 15, -1 -1 -1, -1, -1
0 16 41: 17, -1 -1 -1, -1, -1
0 16 42: 19, -1 -1 -1, -1, -1
0 16 44: 19, -1 -1 -1, -1, -1
0 16 45: 21, -1 -1 -1, -1, -1
0 16 47: 31, -1 -1 -1, -1, -1
0 16 48: 33, -1 -1 -1, -1, -1
0 16 49: 35, -1 -1 -1, -1, -1
0 16 50: 36, -1 -1 -1, -1, -1
0 16 51: 40, -1 -1 -1, -1, -1
0 16 52: 48, -1 -1 -1, -1, -1
0 16 53: 60, -1 -1 -1, -1, -1
0 16 54: 70, -1 -1 -1, -1, -1
0 16 55: 74, -1 -1 -1, -1, -1
0 16 56: 76, -1 -1 -1, -1, -1
0 16 57: 77, -1 -1 -1, -1, -1
0 16 58: 78, -1 -1 -1, -1, -1
0 16 59: 78, -1 -1 -1, -1, -1
0 16 60: 79, -1 -1 -1, -1, -1
0 16 61: 79, -1 -1 -1, -1, -1
0 16 62: 79, -1 -1 -1, -1, -1
0 16 63: 79, -1 -1 -1, -1, -1
0 17 32: 19, -1 -1 -1, -1, -1
0 17 33: 19, -1 -1 -1, -1, -1
0 17 34: 17, -1 -1 -1, -1, -1
0 17 35: 16, -1 -1 -1, -1, -1
0 17 37: 15, -1 -1 -1, -1, -1
0 17 38: 14, -1 -1 -1, -1, -1
0 17 41: 17, -1 -1 -1, -1, -1
0 17 42: 19, -1 -1 -1, -1, -1
0 17 44: 20, -1 -1 -1, -1, -1
0 17 46: 25, -1 -1 -1, -1, -1
0 17 47: 29, -1 -1 -1, -1, -1
0 17 48: 32, -1 -1 -1, -1, -1
0 17 49: 33, -1 -1 -1, -1, -1
0 17 50: 34, -1 -1 -1, -1, -1
0 17 51: 36, -1 -1 -1, -1, -1
0 17 52: 41, -1 -1 -1, -1, -1
0 17 53: 50, -1 -1 -1, -1, -1
0 17 54: 63, -1 -1 -1, -1, -1
0 17 55: 71, -1 -1 -1, -1, -1
0 17 56: 74, -1 -1 -1, -1, -1
0 17 57: 76, -1 -1 -1, -1, -1
0 17 58: 77, -1 -1 -1, -1, -1
0 17 59: 77, -1 -1 -1, -1, -1
0 17 60: 78, -1 -1 -1, -1, -1
0 17 61: 78, -1 -1 -1, -1, -1
0 17 62: 79, -1 -1 -1, -1, -1
0 17 63: 79, -1 -1 -1, -1, -1
0 18 35: 19, -1 -1 -1, -1, -1
0 18 37: 17, -1 -1 -1, -1, -1
0 18 38: 15, -1 -1 -1, -1, -1
0 18 40: 15, -1 -1 -1, -1, -1
0 18 41: 18, -1 -1 -1, -1, -1
0 18 42: 21, -1 -1 -1, -1, -1
0 18 43: 22, -1 -1 -1, -1, -1
0 18 44: 23, -1 -1 -1, -1, -1
0 18 45: 24, -1 -1 -1, -1, -1
0 18 46: 26, -1 -1 -1, -1, -1
0 18 47: 29, -1 -1 -1, -1, -1
0 18 48: 31, -1 -1 -1, -1, -1
0 18 49: 32, -1 -1 -1, -1, -1
0 18 50: 33, -1 -1 -1, -1, -1
0 18 51: 33, -1 -1 -1, -1, -1
0 18 52: 36, -1 -1 -1, -1, -1
0 18 53: 43, -1 -1 -1, -1, -1
0 18 54: 56, -1 -1 -1, -1, -1
0 18 55: 67, -1 -1 -1, -1, -1
0 18 56: 71, -1 -1 -1, -1, -1
0 18 57: 74, -1 -1 -1, -1, -1
0 18 58: 76, -1 -1 -1, -1, -1
0 18 59: 76, -1 -1 -1, -1, -1
0 18 60: 77, -1 -1 -1, -1, -1
0 18 61: 77, -1 -1 -1, -1, -1
0 18 62: 78, -1 -1 -1, -1, -1
0 18 63: 78, -1 -1 -1, -1, -1
0 19 35: 22, -1 -1 -1, -1, -1
0 19 36: 21, -1 -1 -1, -1, -1
0 19 37: 18, -1 -1 -1, -1, -1
0 19 38: 16, -1 -1 -1, -1, -1
0 19 39: 15, -1 -1 -1, -1, -1
0 19 40: 16, -1 -1 -1, -1, -1
0 19 41: 20, -1 -1 -1, -1, -1
0 19 42: 23, -1 -1 -1, -1, -1
0 19 43: 25, -1 -1 -1, -1, -1
0 19 44: 25, -1 -1 -1, -1, -1
0 19 46: 28, -1 -1 -1, -1, -1
0 19 47: 30, -1 -1 -1, -1, -1
0 19 48: 31, -1 -1 -1, -1, -1
0 19 49: 32, -1 -1 -1, -1, -1
0 19 50: 32, -1 -1 -1, -1, -1
0 19 51: 32, -1 -1 -1, -1, -1
0 19 52: 33, -1 -1 -1, -1, -1
0 19 53: 38, -1 -1 -1, -1, -1
0 19 54: 50, -1 -1 -1, -1, -1
0 19 55: 62, -1 -1 -1, -1, -1
0 19 56: 68, -1 -1 -1, -1, -1
0 19 57: 72, -1 -1 -1, -1, -1
0 19 58: 74, -1 -1 -1, -1, -1
0 19 59: 76, -1 -1 -1, -1, -1
0 19 60: 76, -1 -1 -1, -1, -1
0 19 61: 77, -1 -1 -1, -1, -1
0 19 62: 77, -1 -1 -1, -1, -1
0 19 63: 78, -1 -1 -1, -1, -1
0 20 35: 22, -1 -1 -1, -1, -1
0 20 38: 16, -1 -1 -1, -1, -1
0 20 40: 19, -1 -1 -1, -1, -1
0 20 41: 23, -1 -1 -1, -1, -1
0 20 42: 26, -1 -1 -1, -1, -1
0 20 43: 27, -1 -1 -1, -1, -1
0 20 46: 29, -1 -1 -1, -1, -1
0 20 47: 31, -1 -1 -1, -1, -1
0 20 48: 32, -1 -1 -1, -1, -1
0 20 49: 32, -1 -1 -1, -1, -1
0 20 50: 31, -1 -1 -1, -1, -1
0 20 51: 30, -1 -1 -1, -1, -1
0 20 52: 31, -1 -1 -1, -1, -1
0 20 53: 35, -1 -1 -1, -1, -1
0 20 54: 44, -1 -1 -1, -1, -1
0 20 55: 57, -1 -1 -1, -1, -1
0 20 56: 64, -1 -1 -1, -1, -1
0 20 57: 70, -1 -1 -1, -1, -1
0 20 58: 73, -1 -1 -1, -1, -1
0 20 59: 75, -1 -1 -1, -1, -1
0 20 60: 76, -1 -1 -1, -1, -1
0 20 61: 77, -1 -1 -1, -1, -1
0 20 62: 77, -1 -1 -1, -1, -1
0 20 63: 78, -1 -1 -1, -1, -1
0 21 37: 15, -1 -1 -1, -1, -1
0 21 39: 19, -1 -1 -1, -1, -1
0 21 40: 22, -1 -1 -1, -1, -1
0 21 41: 26, -1 -1 -1, -1, -1
0 21 42: 29, -1 -1 -1, -1, -1
0 21 43: 29, -1 -1 -1, -1, -1
0 21 44: 28, -1 -1 -1, -1, -1
0 21 45: 29, -1 -1 -1, -1, -1
0 21 46: 31, -1 -1 -1, -1, -1
0 21 47: 33, -1 -1 -1, -1, -1
0 21 48: 34, -1 -1 -1, -1, -1
0 21 49: 32, -1 -1 -1, -1, -1
0 21 50: 30, -1 -1 -1, -1, -1
0 21 51: 29, -1 -1 -1, -1, -1
0 21 52: 29, -1 -1 -1, -1, -1
0 21 54: 39, -1 -1 -1, -1, -1
0 21 55: 51, -1 -1 -1, -1, -1
0 21 56: 59, -1 -1 -1, -1, -1
0 21 57: 67, -1 -1 -1, -1, -1
0 21 58: 71, -1 -1 -1, -1, -1
0 21 59: 74, -1 -1 -1, -1, -1
0 21 60: 75, -1 -1 -1, -1, -1
0 21 61: 76, -1 -1 -1, -1, -1
0 21 62: 76, -1 -1 -1, -1, -1
0 21 63: 78, -1 -1 -1, -1, -1
0 22 37: 15, -1 -1 -1, -1, -1
0 22 40: 24, -1 -1 -1, -1, -1
0 22 41: 28, -1 -1 -1, -1, -1
0 22 42: 30, -1 -1 -1, -1, -1
0 22 43: 30, -1 -1 -1, -1, -1
0 22 45: 29, -1 -1 -1, -1, -1
0 22 46: 30, -1 -1 -1, -1, -1
0 22 47: 31, -1 -1 -1, -1, -1
0 22 48: 32, -1 -1 -1, -1, -1
0 22 49: 31, -1 -1 -1, -1, -1
0 22 50: 29, -1 -1 -1, -1, -1
0 22 51: 27, -1 -1 -1, -1, -1
0 22 52: 27, -1 -1 -1, -1, -1
0 22 53: 28, -1 -1 -1, -1, -1
0 22 54: 33, -1 -1 -1, -1, -1
0 22 55: 42, -1 -1 -1, -1, -1
0 22 56: 52, -1 -1 -1, -1, -1
0 22 57: 61, -1 -1 -1, -1, -1
0 22 58: 68, -1 -1 -1, -1, -1
0 22 59: 72, -1 -1 -1, -1, -1
0 22 60: 73, -1 -1 -1, -1, -1
0 22 61: 74, -1 -1 -1, -1, -1
0 22 62: 75, -1 -1 -1, -1, -1
0 22 63: 76, -1 -1 -1, -1, -1
0 23 38: 22, -1 -1 -1, -1, -1
0 23 39: 25, -1 -1 -1, -1, -1
0 23 40: 27, -1 -1 -1, -1, -1
0 23 41: 31, -1 -1 -1, -1, -1
0 23 42: 33, -1 -1 -1, -1, -1
0 23 43: 32, -1 -1 -1, -1, -1
0 23 44: 31, -1 -1 -1, -1, -1
0 23 45: 29, -1 -1 -1, -1, -1
0 23 49: 28, -1 -1 -1, -1, -1
0 23 50: 27, -1 -1 -1, -1, -1
0 23 51: 26, -1 -1 -1, -1, -1
0 23 52: 26, -1 -1 -1, -1, -1
0 23 53: 26, -1 -1 -1, -1, -1
0 23 54: 28, -1 -1 -1, -1, -1
0 23 55: 35, -1 -1 -1, -1, -1
0 23 56: 43, -1 -1 -1, -1, -1
0 23 57: 53, -1 -1 -1, -1, -1
0 23 58: 61, -1 -1 -1, -1, -1
0 23 59: 67, -1 -1 -1, -1, -1
0 23 60: 70, -1 -1 -1, -1, -1
0 23 61: 71, -1 -1 -1, -1, -1
0 23 62: 71, -1 -1 -1, -1, -1
0 23 63: 73, -1 -1 -1, -1, -1
0 24 38: 26, -1 -1 -1, -1, -1
0 24 39: 28, -1 -1 -1, -1, -1
0 24 41: 31, -1 -1 -1, -1, -1
0 24 42: 32, -1 -1 -1, -1, -1
0 24 43: 31, -1 -1 -1, -1, -1
0 24 44: 29, -1 -1 -1, -1, -1
0 24 45: 28, -1 -1 -1, -1, -1
0 24 51: 26, -1 -1 -1, -1, -1
0 24 52: 25, -1 -1 -1, -1, -1
0 24 53: 25, -1 -1 -1, -1, -1
0 24 55: 29, -1 -1 -1, -1, -1
0 24 56: 36, -1 -1 -1, -1, -1
0 24 57: 44, -1 -1 -1, -1, -1
0 24 58: 51, -1 -1 -1, -1, -1
0 24 59: 57, -1 -1 -1, -1, -1
0 24 60: 61, -1 -1 -1, -1, -1
0 24 61: 62, -1 -1 -1, -1, -1
0 24 62: 63, -1 -1 -1, -1, -1
0 24 63: 66, -1 -1 -1, -1, -1
0 25 38: 27, -1 -1 -1, -1, -1
0 25 39: 28, -1 -1 -1, -1, -1
0 25 40: 28, -1 -1 -1, -1, -1
0 25 42: 28, -1 -1 -1, -1, -1
0 25 43: 28, -1 -1 -1, -1, -1
0 25 44: 27, -1 -1 -1, -1, -1
0 25 46: 26, -1 -1 -1, -1, -1
0 25 48: 27, -1 -1 -1, -1, -1
0 25 49: 27, -1 -1 -1, -1, -1
0 25 50: 26, -1 -1 -1, -1, -1
0 25 51: 25, -1 -1 -1, -1, -1
0 25 52: 25, -1 -1 -1, -1, -1
0 25 53: 25, -1 -1 -1, -1, -1
0 25 54: 25, -1 -1 -1, -1, -1
0 25 56: 31, -1 -1 -1, -1, -1
0 25 57: 36, -1 -1 -1, -1, -1
0 25 58: 42, -1 -1 -1, -1, -1
0 25 59: 47, -1 -1 -1, -1, -1
0 25 60: 50, -1 -1 -1, -1, -1
0 25 61: 51, -1 -1 -1, -1, -1
0 25 62: 50, -1 -1 -1, -1, -1
0 25 63: 47, -1 -1 -1, -1, -1
0 26 39: 29, -1 -1 -1, -1, -1
0 26 40: 29, -1 -1 -1, -1, -1
0 26 43: 27, -1 -1 -1, -1, -1
0 26 44: 28, -1 -1 -1, -1, -1
0 26 45: 28, -1 -1 -1, -1, -1
0 26 48: 29, -1 -1 -1, -1, -1
0 26 49: 29, -1 -1 -1, -1, -1
0 26 50: 27, -1 -1 -1, -1, -1
0 26 51: 26, -1 -1 -1, -1, -1
0 26 52: 25, -1 -1 -1, -1, -1
0 26 53: 25, -1 -1 -1, -1, -1
0 26 54: 25, -1 -1 -1, -1, -1
0 26 55: 27, -1 -1 -1, -1, -1
0 26 57: 32, -1 -1 -1, -1, -1
0 26 58: 36, -1 -1 -1, -1, -1
0 26 59: 39, -1 -1 -1, -1, -1
0 26 60: 41, -1 -1 -1, -1, -1
0 26 61: 42, -1 -1 -1, -1, -1
0 26 62: 41, -1 -1 -1, -1, -1
0 26 63: 40, -1 -1 -1, -1, -1
0 27 39: 30, -1 -1 -1, -1, -1
0 27 40: 30, -1 -1 -1, -1, -1
0 27 42: 24, -1 -1 -1, -1, -1
0 27 44: 26, -1 -1 -1, -1, -1
0 27 45: 26, -1 -1 -1, -1, -1
0 27 46: 25, -1 -1 -1, -1, -1
0 27 49: 28, -1 -1 -1, -1, -1
0 27 52: 25, -1 -1 -1, -1, -1
0 27 54: 26, -1 -1 -1, -1, -1
0 27 55: 27, -1 -1 -1, -1, -1
0 27 56: 29, -1 -1 -1, -1, -1
0 27 57: 31, -1 -1 -1, -1, -1
0 27 58: 34, -1 -1 -1, -1, -1
0 27 59: 36, -1 -1 -1, -1, -1
0 27 60: 38, -1 -1 -1, -1, -1
0 27 61: 38, -1 -1 -1, -1, -1
0 27 62: 38, -1 -1 -1, -1, -1
0 27 63: 39, -1 -1 -1, -1, -1
0 28 39: 31, -1 -1 -1, -1, -1
0 28 40: 30, -1 -1 -1, -1, -1
0 28 42: 25, -1 -1 -1, -1, -1
0 28 47: 28, -1 -1 -1, -1, -1
0 28 48: 30, -1 -1 -1, -1, -1
0 28 49: 30, -1 -1 -1, -1, -1
0 28 51: 27, -1 -1 -1, -1, -1
0 28 54: 25, -1 -1 -1, -1, -1
0 28 55: 27, -1 -1 -1, -1, -1
0 28 56: 29, -1 -1 -1, -1, -1
0 28 57: 30, -1 -1 -1, -1, -1
0 28 58: 33, -1 -1 -1, -1, -1
0 28 59: 35, -1 -1 -1, -1, -1
0 28 60: 36, -1 -1 -1, -1, -1
0 28 61: 37, -1 -1 -1, -1, -1
0 28 62: 37, -1 -1 -1, -1, -1
0 28 63: 38, -1 -1 -1, -1, -1
0 29 39: 30, -1 -1 -1, -1, -1
0 29 41: 29, -1 -1 -1, -1, -1
0 29 43: 26, -1 -1 -1, -1, -1
0 29 44: 27, -1 -1 -1, -1, -1
0 29 45: 28, -1 -1 -1, -1, -1
0 29 46: 29, -1 -1 -1, -1, -1
0 29 47: 31, -1 -1 -1, -1, -1
0 29 49: 33, -1 -1 -1, -1, -1
0 29 50: 32, -1 -1 -1, -1, -1
0 29 51: 29, -1 -1 -1, -1, -1
0 29 52: 26, -1 -1 -1, -1, -1
0 29 54: 25, -1 -1 -1, -1, -1
0 29 55: 27, -1 -1 -1, -1, -1
0 29 56: 28, -1 -1 -1, -1, -1
0 29 57: 30, -1 -1 -1, -1, -1
0 29 58: 33, -1 -1 -1, -1, -1
0 29 59: 35, -1 -1 -1, -1, -1
0 29 60: 36, -1 -1 -1, -1, -1
0 29 61: 37, -1 -1 -1, -1, -1
0 29 63: 38, -1 -1 -1, -1, -1
0 30 40: 31, -1 -1 -1, -1, -1
0 30 41: 30, -1 -1 -1, -1, -1
0 30 44: 25, -1 -1 -1, -1, -1
0 30 47: 28, -1 -1 -1, -1, -1
0 30 49: 34, -1 -1 -1, -1, -1
0 30 50: 34, -1 -1 -1, -1, -1
0 30 51: 32, -1 -1 -1, -1, -1
0 30 54: 25, -1 -1 -1, -1, -1
0 30 55: 25, -1 -1 -1, -1, -1
0 30 56: 26, -1 -1 -1, -1, -1
0 30 57: 29, -1 -1 -1, -1, -1
0 30 58: 32, -1 -1 -1, -1, -1
0 30 59: 34, -1 -1 -1, -1, -1
0 30 60: 36, -1 -1 -1, -1, -1
0 30 61: 37, -1 -1 -1, -1, -1
0 30 63: 40, -1 -1 -1, -1, -1
0 31 40: 31, -1 -1 -1, -1, -1
0 31 41: 30, -1 -1 -1, -1, -1
0 31 43: 25, -1 -1 -1, -1, -1
0 31 45: 22, -1 -1 -1, -1, -1
0 31 47: 24, -1 -1 -1, -1, -1
0 31 48: 27, -1 -1 -1, -1, -1
0 31 49: 31, -1 -1 -1, -1, -1
0 31 51: 34, -1 -1 -1, -1, -1
0 31 52: 31, -1 -1 -1, -1, -1
0 31 53: 27, -1 -1 -1, -1, -1
0 31 57: 27, -1 -1 -1, -1, -1
0 31 58: 31, -1 -1 -1, -1, -1
0 31 59: 33, -1 -1 -1, -1, -1
0 31 60: 35, -1 -1 -1, -1, -1
0 31 61: 38, -1 -1 -1, -1, -1
0 31 62: 40, -1 -1 -1, -1, -1
0 31 63: 41, -1 -1 -1, -1, -1
0 32 57: 27, -1 -1 -1, -1, -1
0 32 58: 30, -1 -1 -1, -1, -1
0 32 60: 34, -1 -1 -1, -1, -1
0 32 61: 37, -1 -1 -1, -1, -1
0 32 62: 40, -1 -1 -1, -1, -1
1 0 42: 119, -1 -1 -1, -1, -1
1 0 43: 119, -1 -1 -1, -1, -1
1 0 44: 119, -1 -1 -1, -1, -1
1 0 45: 119, -1 -1 -1, -1, -1
1 0 46: 119, -1 -1 -1, -1, -1
1 0 47: 119, -1 -1 -1, -1, -1
1 0 48: 119, -1 -1 -1, -1, -1
1 0 49: 119, -1 -1 -1, -1, -1
1 0 50: 119, -1 -1 -1, -1, -1
1 0 51: 119, -1 -1 -1, -1, -1
1 0 52: 119, -1 -1 -1, -1, -1
1 0 53: 119, -1 -1 -1, -1, -1
1 0 54: 119, -1 -1 -1, -1, -1
1 0 55: 119, -1 -1 -1, -1, -1
1 0 56: 119, -1 -1 -1, -1, -1
1 0 57: 119, -1 -1 -1, -1, -1
1 0 58: 119, -1 -1 -1, -1, -1
1 0 59: 119, -1 -1 -1, -1, -1
1 0 60: 119, -1 -1 -1, -1, -1
1 0 61: 119, -1 -1 -1, -1, -1
1 0 62: 119, -1 -1 -1, -1, -1
1 0 63: 119, -1 -1 -1, -1, -1
1 1 41: 119, -1 -1 -1, -1, -1
1 1 42: 119, -1 -1 -1, -1, -1
1 1 43: 119, -1 -1 -1, -1, -1
1 1 44: 119, -1 -1 -1, -1, -1
1 1 45: 119, -1 -1 -1, -1, -1
1 1 46: 119, -1 -1 -1, -1, -1
1 1 47: 119, -1 -1 -1, -1, -1
1 1 48: 119, -1 -1 -1, -1, -1
1 1 49: 119, -1 -1 -1, -1, -1
1 1 50: 119, -1 -1 -1, -1, -1
1 1 51: 119, -1 -1 -1, -1, -1
1 1 52: 119, -1 -1 -1, -1, -1
1 1 53: 119, -1 -1 -1, -1, -1
1 1 54: 119, -1 -1 -1, -1, -1
1 1 55: 119, -1 -1 -1, -1, -1
1 1 56: 119, -1 -1 -1, -1, -1
1 1 57: 119, -1 -1 -1, -1, -1
1 1 58: 119, -1 -1 -1, -1, -1
1 1 59: 119, -1 -1 -1, -1, -1
1 1 60: 119, -1 -1 -1, -1, -1
1 1 61: 119, -1 -1 -1, -1, -1
1 1 62: 119, -1 -1 -1, -1, -1
1 1 63: 119, -1 -1 -1, -1, -1
1 2 41: 119, -1 -1 -1, -1, -1
1 2 42: 119, -1 -1 -1, -1, -1
1 2 43: 119, -1 -1 -1, -1, -1
1 2 44: 119, -1 -1 -1, -1, -1
1 2 45: 119, -1 -1 -1, -1, -1
1 2 46: 119, -1 -1 -1, -1, -1
1 2 47: 119, -1 -1 -1, -1, -1
1 2 48: 119, -1 -1 -1, -1, -1
1 2 49: 119, -1 -1 -1, -1, -1
1 2 50: 119, -1 -1 -1, -1, -1
1 2 51: 119, -1 -1 -1, -1, -1
1 2 52: 119, -1 -1 -1, -1, -1
1 2 53: 119, -1 -1 -1, -1, -1
1 2 54: 119, -1 -1 -1, -1, -1
1 2 55: 119, -1 -1 -1, -1, -1
1 2 56: 119, -1 -1 -1, -1, -1
1 2 57: 119, -1 -1 -1, -1, -1
1 2 58: 119, -1 -1 -1, -1, -1
1 2 59: 119, -1 -1 -1, -1, -1
1 2 60: 119, -1 -1 -1, -1, -1
1 2 61: 119, -1 -1 -1, -1, -1
1 2 62: 119, -1 -1 -1, -1, -1
1 2 63: 119, -1 -1 -1, -1, -1
1 3 42: 119, -1 -1 -1, -1, -1
1 3 43: 119, -1 -1 -1, -1, -1
1 3 44: 119, -1 -1 -1, -1, -1
1 3 45: 119, -1 -1 -1, -1, -1
1 3 46: 119, -1 -1 -1, -1, -1
1 3 47: 119, -1 -1 -1, -1, -1
1 3 48: 119, -1 -1 -1, -1, -1
1 3 49: 119, -1 -1 -1, -1, -1
1 3 50: 119, -1 -1 -1, -1, -1
1 3 51: 119, -1 -1 -1, -1, -1
1 3 52: 119, -1 -1 -1, -1, -1
1 3 53: 119, -1 -1 -1, -1, -1
1 3 54: 119, -1 -1 -1, -1, -1
1 3 55: 119, -1 -1 -1, -1, -1
1 3 56: 119, -1 -1 -1, -1, -1
1 3 57: 119, -1 -1 -1, -1, -1
1 3 58: 119, -1 -1 -1, -1, -1
1 3 59: 119, -1 -1 -1, -1, -1
1 3 60: 119, -1 -1 -1, -1, -1
1 3 61: 119, -1 -1 -1, -1, -1
1 3 62: 119, -1 -1 -1, -1, -1
1 3 63: 119, -1 -1 -1, -1, -1
1 4 41: 119, -1 -1 -1, -1, -1
1 4 42: 119, -1 -1 -1, -1, -1
1 4 43: 119, -1 -1 -1, -1, -1
1 4 44: 119, -1 -1 -1, -1, -1
1 4 45: 119, -1 -1 -1, -1, -1
1 4 46: 119, -1 -1 -1, -1, -1
1 4 47: 119, -1 -1 -1, -1, -1
1 4 48: 119, -1 -1 -1, -1, -1
1 4 49: 119, -1 -1 -1, -1, -1
1 4 50: 119, -1 -1 -1, -1, -1
1 4 51: 119, -1 -1 -1, -1, -1
1 4 52: 119, -1 -1 -1, -1, -1
1 4 53: 119, -1 -1 -1, -1, -1
1 4 54: 119, -1 -1 -1, -1, -1
1 4 55: 119, -1 -1 -1, -1, -1
1 4 56: 119, -1 -1 -1, -1, -1
1 4 57: 119, -1 -1 -1, -1, -1
1 4 58: 119, -1 -1 -1, -1, -1
1 4 59: 119, -1 -1 -1, -1, -1
1 4 60: 119, -1 -1 -1, -1, -1
1 4 61: 119, -1 -1 -1, -1, -1
1 4 62: 119, -1 -1 -1, -1, -1
1 4 63: 119, -1 -1 -1, -1, -1
1 5 41: 119, -1 -1 -1, -1, -1
1 5 42: 119, -1 -1 -1, -1, -1
1 5 43: 119, -1 -1 -1, -1, -1
1 5 44: 119, -1 -1 -1, -1, -1
1 5 45: 119, -1 -1 -1, -1, -1
1 5 46: 119, -1 -1 -1, -1, -1
1 5 47: 119, -1 -1 -1, -1, -1
1 5 48: 119, -1 -1 -1, -1, -1
1 5 49: 119, -1 -1 -1, -1, -1
1 5 50: 119, -1 -1 -1, -1, -1
1 5 51: 119, -1 -1 -1, -1, -1
1 5 52: 119, -1 -1 -1, -1, -1
1 5 53: 119, -1 -1 -1, -1, -1
1 5 54: 119, -1 -1 -1, -1, -1
1 5 55: 119, -1 -1 -1, -1, -1
1 5 56: 119, -1 -1 -1, -1, -1
1 5 57: 119, -1 -1 -1, -1, -1
1 5 58: 119, -1 -1 -1, -1, -1
1 5 59: 119, -1 -1 -1, -1, -1
1 5 60: 119, -1 -1 -1, -1, -1
1 5 61: 119, -1 -1 -1, -1, -1
1 5 62: 119, -1 -1 -1, -1, -1
1 5 63: 119, -1 -1 -1, -1, -1
1 6 42: 119, -1 -1 -1, -1, -1
1 6 43: 119, -1 -1 -1, -1, -1
1 6 44: 119, -1 -1 -1, -1, -1
1 6 45: 119, -1 -1 -1, -1, -1
1 6 46: 119, -1 -1 -1, -1, -1
1 6 47: 119, -1 -1 -1, -1, -1
1 6 48: 119, -1 -1 -1, -1, -1
1 6 49: 119, -1 -1 -1, -1, -1
1 6 50: 119, -1 -1 -1, -1, -1
1 6 51: 119, -1 -1 -1, -1, -1
1 6 52: 119, -1 -1 -1, -1, -1
1 6 53: 119, -1 -1 -1, -1, -1
1 6 54: 119, -1 -1 -1, -1, -1
1 6 55: 119, -1 -1 -1, -1, -1
1 6 56: 119, -1 -1 -1, -1, -1
1 6 57: 119, -1 -1 -1, -1, -1
1 6 58: 119, -1 -1 -1, -1, -1
1 6 59: 119, -1 -1 -1, -1, -1
1 6 60: 119, -1 -1 -1, -1, -1
1 6 61: 119, -1 -1 -1, -1, -1
1 6 62: 119, -1 -1 -1, -1, -1
1 6 63: 119, -1 -1 -1, -1, -1
1 7 41: 119, -1 -1 -1, -1, -1
1 7 42: 119, -1 -1 -1, -1, -1
1 7 43: 119, -1 -1 -1, -1, -1
1 7 44: 119, -1 -1 -1, -1, -1
1 7 45: 119, -1 -1 -1, -1, -1
1 7 46: 119, -1 -1 -1, -1, -1
1 7 47: 119, -1 -1 -1, -1, -1
1 7 48: 119, -1 -1 -1, -1, -1
1 7 49: 119, -1 -1 -1, -1, -1
1 7 50: 119, -1 -1 -1, -1, -1
1 7 51: 119, -1 -1 -1, -1, -1
1 7 52: 119, -1 -1 -1, -1, -1
1 7 53: 119, -1 -1 -1, -1, -1
1 7 54: 119, -1 -1 -1, -1, -1
1 7 55: 119, -1 -1 -1, -1, -1
1 7 56: 119, -1 -1 -1, -1, -1
1 7 57: 119, -1 -1 -1, -1, -1
1 7 58: 119, -1 -1 -1, -1, -1
1 7 59: 119, -1 -1 -1, -1, -1
1 7 60: 119, -1 -1 -1, -1, -1
1 7 61: 119, -1 -1 -1, -1, -1
1 7 62: 119, -1 -1 -1, -1, -1
1 7 63: 119, -1 -1 -1, -1, -1
1 8 42: 119, -1 -1 -1, -1, -1
1 8 43: 119, -1 -1 -1, -1, -1
1 8 44: 119, -1 -1 -1, -1, -1
1 8 45: 119, -1 -1 -1, -1, -1
1 8 46: 119, -1 -1 -1, -1, -1
1 8 47: 119, -1 -1 -1, -1, -1
1 8 48: 119, -1 -1 -1, -1, -1
1 8 49: 119, -1 -1 -1, -1, -1
1 8 50: 119, -1 -1 -1, -1, -1
1 8 51: 119, -1 -1 -1, -1, -1
1 8 52: 119, -1 -1 -1, -1, -1
1 8 53: 119, -1 -1 -1, -1, -1
1 8 54: 119, -1 -1 -1, -1, -1
1 8 55: 119, -1 -1 -1, -1, -1
1 8 56: 119, -1 -1 -1, -1, -1
1 8 57: 119, -1 -1 -1, -1, -1
1 8 58: 119, -1 -1 -1, -1, -1
1 8 59: 119, -1 -1 -1, -1, -1
1 8 60: 119, -1 -1 -1, -1, -1
1 8 61: 119, -1 -1 -1, -1, -1
1 8 62: 119, -1 -1 -1, -1, -1
1 8 63: 119, -1 -1 -1, -1, -1
1 9 41: 119, -1 -1 -1, -1, -1
1 9 42: 119, -1 -1 -1, -1, -1
1 9 43: 119, -1 -1 -1, -1, -1
1 9 44: 119, -1 -1 -1, -1, -1
1 9 45: 119, -1 -1 -1, -1, -1
1 9 46: 119, -1 -1 -1, -1, -1
1 9 47: 119, -1 -1 -1, -1, -1
1 9 48: 119, -1 -1 -1, -1, -1
1 9 49: 119, -1 -1 -1, -1, -1
1 9 50: 119, -1 -1 -1, -1, -1
1 9 51: 119, -1 -1 -1, -1, -1
1 9 52: 119, -1 -1 -1, -1, -1
1 9 53: 119, -1 -1 -1, -1, -1
1 9 54: 119, -1 -1 -1, -1, -1
1 9 55: 119, -1 -1 -1, -1, -1
1 9 56: 119, -1 -1 -1, -1, -1
1 9 57: 119, -1 -1 -1, -1, -1
1 9 58: 119, -1 -1 -1, -1, -1
1 9 59: 119, -1 -1 -1, -1, -1
1 9 60: 119, -1 -1 -1, -1, -1
1 9 61: 119, -1 -1 -1, -1, -1
1 9 62: 119, -1 -1 -1, -1, -1
1 9 63: 119, -1 -1 -1, -1, -1
1 10 41: 119, -1 -1 -1, -1, -1
1 10 42: 119, -1 -1 -1, -1, -1
1 10 43: 119, -1 -1 -1, -1, -1
1 10 44: 119, -1 -1 -1, -1, -1
1 10 45: 119, -1 -1 -1, -1, -1
1 10 46: 119, -1 -1 -1, -1, -1
1 10 47: 119, -1 -1 -1, -1, -1
1 10 48: 119, -1 -1 -1, -1, -1
1 10 49: 119, -1 -1 -1, -1, -1
1 10 50: 119, -1 -1 -1, -1, -1
1 10 51: 119, -1 -1 -1, -1, -1
1 10 52: 119, -1 -1 -1, -1, -1
1 10 53: 119, -1 -1 -1, -1, -1
1 10 54: 119, -1 -1 -1, -1, -1
1 10 55: 119, -1 -1 -1, -1, -1
1 10 56: 119, -1 -1 -1, -1, -1
1 10 57: 119, -1 -1 -1, -1, -1
1 10 58: 119, -1 -1 -1, -1, -1
1 10 59: 119, -1 -1 -1, -1, -1
1 10 60: 119, -1 -1 -1, -1, -1
1 10 61: 119, -1 -1 -1, -1, -1
1 10 62: 119, -1 -1 -1, -1, -1
1 10 63: 119, -1 -1 -1, -1, -1
1 11 41: 119, -1 -1 -1, -1, -1
1 11 42: 119, -1 -1 -1, -1, -1
1 11 43: 119, -1 -1 -1, -1, -1
1 11 44: 119, -1 -1 -1, -1, -1
1 11 45: 119, -1 -1 -1, -1, -1
1 11 46: 119, -1 -1 -1, -1, -1
1 11 47: 119, -1 -1 -1, -1, -1
1 11 48: 119, -1 -1 -1, -1, -1
1 11 49: 119, -1 -1 -1, -1, -1
1 11 50: 119, -1 -1 -1, -1, -1
1 11 51: 119, -1 -1 -1, -1, -1
1 11 52: 119, -1 -1 -1, -1, -1
1 11 53: 119, -1 -1 -1, -1, -1
1 11 54: 119, -1 -1 -1, -1, -1
1 11 55: 119, -1 -1 -1, -1, -1
1 11 56: 119, -1 -1 -1, -1, -1
1 11 57: 119, -1 -1 -1, -1, -1
1 11 58: 119, -1 -1 -1, -1, -1
1 11 59: 119, -1 -1 -1, -1, -1
1 11 60: 119, -1 -1 -1, -1, -1
1 11 61: 119, -1 -1 -1, -1, -1
1 11 62: 119, -1 -1 -1, -1, -1
1 11 63: 119, -1 -1 -1, -1, -1
1 12 41: 119, -1 -1 -1, -1, -1
1 12 42: 119, -1 -1 -1, -1, -1
1 12 43: 119, -1 -1 -1, -1, -1
1 12 44: 119, -1 -1 -1, -1, -1
1 12 45: 119, -1 -1 -1, -1, -1
1 12 46: 119, -1 -1 -1, -1, -1
1 12 47: 119, -1 -1 -1, -1, -1
1 12 48: 119, -1 -1 -1, -1, -1
1 12 49: 119, -1 -1 -1, -1, -1
1 12 50: 119, -1 -1 -1, -1, -1
1 12 51: 119, -1 -1 -1, -1, -1
1 12 52: 119, -1 -1 -1, -1, -1
1 12 53: 119, -1 -1 -1, -1, -1
1 12 54: 119, -1 -1 -1, -1, -1
1 12 55: 119, -1 -1 -1, -1, -1
1 12 56: 119, -1 -1 -1, -1, -1
1 12 57: 119, -1 -1 -1, -1, -1
1 12 58: 119, -1 -1 -1, -1, -1
1 12 59: 119, -1 -1 -1, -1, -1
1 12 60: 119, -1 -1 -1, -1, -1
1 12 61: 119, -1 -1 -1, -1, -1
1 12 62: 119, -1 -1 -1, -1, -1
1 12 63: 119, -1 -1 -1, -1, -1
1 13 41: 119, -1 -1 -1, -1, -1
1 13 42: 119, -1 -1 -1, -1, -1
1 13 43: 119, -1 -1 -1, -1, -1
1 13 44: 119, -1 -1 -1, -1, -1
1 13 45: 119, -1 -1 -1, -1, -1
1 13 46: 119, -1 -1 -1, -1, -1
1 13 47: 119, -1 -1 -1, -1, -1
1 13 48: 119, -1 -1 -1, -1, -1
1 13 49: 119, -1 -1 -1, -1, -1
1 13 50: 119, -1 -1 -1, -1, -1
1 13 51: 119, -1 -1 -1, -1, -1
1 13 52: 119, -1 -1 -1, -1, -1
1 13 53: 119, -1 -1 -1, -1, -1
1 13 54: 119, -1 -1 -1, -1, -1
1 13 55: 119, -1 -1 -1, -1, -1
1 13 56: 119, -1 -1 -1, -1, -1
1 13 57: 119, -1 -1 -1, -1, -1
1 13 58: 119, -1 -1 -1, -1, -1
1 13 59: 119, -1 -1 -1, -1, -1
1 13 60: 119, -1 -1 -1, -1, -1
1 13 61: 119, -1 -1 -1, -1, -1
1 13 62: 119, -1 -1 -1, -1, -1
1 13 63: 119, -1 -1 -1, -1, -1
1 14 42: 119, -1 -1 -1, -1, -1
1 14 43: 119, -1 -1 -1, -1, -1
1 14 44: 119, -1 -1 -1, -1, -1
1 14 45: 119, -1 -1 -1, -1, -1
1 14 46: 119, -1 -1 -1, -1, -1
1 14 47: 119, -1 -1 -1, -1, -1
1 14 48: 119, -1 -1 -1, -1, -1
1 14 49: 119, -1 -1 -1, -1, -1
1 14 50: 119, -1 -1 -1, -1, -1
1 14 51: 119, -1 -1 -1, -1, -1
1 14 52: 119, -1 -1 -1, -1, -1
1 14 53: 119, -1 -1 -1, -1, -1
1 14 54: 119, -1 -1 -1, -1, -1
1 14 55: 119, -1 -1 -1, -1, -1
1 14 56: 119, -1 -1 -1, -1, -1
1 14 57: 119, -1 -1 -1, -1, -1
1 14 58: 119, -1 -1 -1, -1, -1
1 14 59: 119, -1 -1 -1, -1, -1
1 14 60: 119, -1 -1 -1, -1, -1
1 14 61: 119, -1 -1 -1, -1, -1
1 14 62: 119, -1 -1 -1, -1, -1
1 14 63: 119, -1 -1 -1, -1, -1
1 15 41: 119, -1 -1 -1, -1, -1
1 15 42: 119, -1 -1 -1, -1, -1
1 15 43: 119, -1 -1 -1, -1, -1
1 15 44: 119, -1 -1 -1, -1, -1
1 15 45: 119, -1 -1 -1, -1, -1
1 15 46: 119, -1 -1 -1, -1, -1
1 15 47: 119, -1 -1 -1, -1, -1
1 15 48: 119, -1 -1 -1, -1, -1
1 15 49: 119, -1 -1 -1, -1, -1
1 15 50: 119, -1 -1 -1, -1, -1
1 15 51: 119, -1 -1 -1, -1, -1
1 15 52: 119, -1 -1 -1, -1, -1
1 15 53: 119, -1 -1 -1, -1, -1
1 15 54: 119, -1 -1 -1, -1, -1
1 15 55: 119, -1 -1 -1, -1, -1
1 15 56: 119, -1 -1 -1, -1, -1
1 15 57: 119, -1 -1 -1, -1, -1
1 15 58: 119, -1 -1 -1, -1, -1
1 15 59: 119, -1 -1 -1, -1, -1
1 15 60: 119, -1 -1 -1, -1, -1
1 15 61: 119, -1 -1 -1, -1, -1
1 15 62: 119, -1 -1 -1, -1, -1
1 15 63: 119, -1 -1 -1, -1, -1
1 16 41: 119, -1 -1 -1, -1, -1
1 16 42: 119, -1 -1 -1, -1, -1
1 16 43: 119, -1 -1 -1, -1, -1
1 16 44: 119, -1 -1 -1, -1, -1
1 16 45: 119, -1 -1 -1, -1, -1
1 16 46: 119, -1 -1 -1, -1, -1
1 16 47: 119, -1 -1 -1, -1, -1
1 16 48: 119, -1 -1 -1, -1, -1
1 16 49: 119, -1 -1 -1, -1, -1
1 16 50: 119, -1 -1 -1, -1, -1
1 16 51: 119, -1 -1 -1, -1, -1
1 16 52: 119, -1 -1 -1, -1, -1
1 16 53: 119, -1 -1 -1, -1, -1
1 16 54: 119, -1 -1 -1, -1, -1
1 16 55: 119, -1 -1 -1, -1, -1
1 16 56: 119, -1 -1 -1, -1, -1
1 16 57: 119, -1 -1 -1, -1, -1
1 16 58: 119, -1 -1 -1, -1, -1
1 16 59: 119, -1 -1 -1, -1, -1
1 16 60: 119, -1 -1 -1, -1, -1
1 16 61: 119, -1 -1 -1, -1, -1
1 16 62: 119, -1 -1 -1, -1, -1
1 16 63: 119, -1 -1 -1, -1, -1
1 17 41: 119, -1 -1 -1, -1, -1
1 17 42: 119, -1 -1 -1, -1, -1
1 17 43: 119, -1 -1 -1, -1, -1
1 17 44: 119, -1 -1 -1, -1, -1
1 17 45: 119, -1 -1 -1, -1, -1
1 17 46: 119, -1 -1 -1, -1, -1
1 17 47: 119, -1 -1 -1, -1, -1
1 17 48: 119, -1 -1 -1, -1, -1
1 17 49: 119, -1 -1 -1, -1, -1
1 17 50: 119, -1 -1 -1, -1, -1
1 17 51: 119, -1 -1 -1, -1, -1
1 17 52: 119, -1 -1 -1, -1, -1
1 17 53: 119, -1 -1 -1, -1, -1
1 17 54: 119, -1 -1 -1, -1, -1
1 17 55: 119, -1 -1 -1, -1, -1
1 17 56: 119, -1 -1 -1, -1, -1
1 17 57: 119, -1 -1 -1, -1, -1
1 17 58: 119, -1 -1 -1, -1, -1
1 17 59: 119, -1 -1 -1, -1, -1
1 17 60: 119, -1 -1 -1, -1, -1
1 17 61: 119, -1 -1 -1, -1, -1
1 17 62: 119, -1 -1 -1, -1, -1
1 17 63: 119, -1 -1 -1, -1, -1
1 18 41: 119, -1 -1 -1, -1, -1
1 18 42: 119, -1 -1 -1, -1, -1
1 18 43: 119, -1 -1 -1, -1, -1
1 18 44: 119, -1 -1 -1, -1, -1
1 18 45: 119, -1 -1 -1, -1, -1
1 18 46: 119, -1 -1 -1, -1, -1
1 18 47: 119, -1 -1 -1, -1, -1
1 18 48: 119, -1 -1 -1, -1, -1
1 18 49: 119, -1 -1 -1, -1, -1
1 18 50: 119, -1 -1 -1, -1, -1
1 18 51: 119, -1 -1 -1, -1, -1
1 18 52: 119, -1 -1 -1, -1, -1
1 18 53: 119, -1 -1 -1, -1, -1
1 18 54: 119, -1 -1 -1, -1, -1
1 18 55: 119, -1 -1 -1, -1, -1
1 18 56: 119, -1 -1 -1, -1, -1
1 18 57: 119, -1 -1 -1, -1, -1
1 18 58: 119, -1 -1 -1, -1, -1
1 18 59: 119, -1 -1 -1, -1, -1
1 18 60: 119, -1 -1 -1, -1, -1
1 18 61: 119, -1 -1 -1, -1, -1
1 18 62: 119, -1 -1 -1, -1, -1
1 18 63: 119, -1 -1 -1, -1, -1
1 19 41: 119, -1 -1 -1, -1, -1
1 19 42: 119, -1 -1 -1, -1, -1
1 19 43: 119, -1 -1 -1, -1, -1
1 19 44: 119, -1 -1 -1, -1, -1
1 19 45: 119, -1 -1 -1, -1, -1
1 19 46: 119, -1 -1 -1, -1, -1
1 19 47: 119, -1 -1 -1, -1, -1
1 19 48: 119, -1 -1 -1, -1, -1
1 19 49: 119, -1 -1 -1, -1, -1
1 19 50: 119, -1 -1 -1, -1, -1
1 19 51: 119, -1 -1 -1, -1, -1
1 19 52: 119, -1 -1 -1, -1, -1
1 19 53: 119, -1 -1 -1, -1, -1
1 19 54: 119, -1 -1 -1, -1, -1
1 19 55: 119, -1 -1 -1, -1, -1
1 19 56: 119, -1 -1 -1, -1, -1
1 19 57: 119, -1 -1 -1, -1, -1
1 19 58: 119, -1 -1 -1, -1, -1
1 19 59: 119, -1 -1 -1, -1, -1
1 19 60: 119, -1 -1 -1, -1, -1
1 19 61: 119, -1 -1 -1, -1, -1
1 19 62: 119, -1 -1 -1, -1, -1
1 19 63: 119, -1 -1 -1, -1, -1
1 20 41: 119, -1 -1 -1, -1, -1
1 20 42: 119, -1 -1 -1, -1, -1
1 20 43: 119, -1 -1 -1, -1, -1
1 20 44: 119, -1 -1 -1, -1, -1
1 20 45: 119, -1 -1 -1, -1, -1
1 20 46: 119, -1 -1 -1, -1, -1
1 20 47: 119, -1 -1 -1, -1, -1
1 20 48: 119, -1 -1 -1, -1, -1
1 20 49: 119, -1 -1 -1, -1, -1
1 20 50: 119, -1 -1 -1, -1, -1
1 20 51: 119, -1 -1 -1, -1, -1
1 20 52: 119, -1 -1 -1, -1, -1
1 20 53: 119, -1 -1 -1, -1, -1
1 20 54: 119, -1 -1 -1, -1, -1
1 20 55: 119, -1 -1 -1, -1, -1
1 20 56: 119, -1 -1 -1, -1, -1
1 20 57: 119, -1 -1 -1, -1, -1
1 20 58: 119, -1 -1 -1, -1, -1
1 20 59: 119, -1 -1 -1, -1, -1
1 20 60: 119, -1 -1 -1, -1, -1
1 20 61: 119, -1 -1 -1, -1, -1
1 20 62: 119, -1 -1 -1, -1, -1
1 20 63: 119, -1 -1 -1, -1, -1
1 21 42: 119, -1 -1 -1, -1, -1
1 21 43: 119, -1 -1 -1, -1, -1
1 21 44: 119, -1 -1 -1, -1, -1
1 21 45: 119, -1 -1 -1, -1, -1
1 21 46: 119, -1 -1 -1, -1, -1
1 21 47: 119, -1 -1 -1, -1, -1
1 21 48: 119, -1 -1 -1, -1, -1
1 21 49: 119, -1 -1 -1, -1, -1
1 21 50: 119, -1 -1 -1, -1, -1
1 21 51: 119, -1 -1 -1, -1, -1
1 21 52: 119, -1 -1 -1, -1, -1
1 21 53: 119, -1 -1 -1, -1, -1
1 21 54: 119, -1 -1 -1, -1, -1
1 21 55: 119, -1 -1 -1, -1, -1
1 21 56: 119, -1 -1 -1, -1, -1
1 21 57: 119, -1 -1 -1, -1, -1
1 21 58: 119, -1 -1 -1, -1, -1
1 21 59: 119, -1 -1 -1, -1, -1
1 21 60: 119, -1 -1 -1, -1, -1
1 21 61: 119, -1 -1 -1, -1, -1
1 21 62: 119, -1 -1 -1, -1, -1
1 21 63: 119, -1 -1 -1, -1, -1
1 22 42: 119, -1 -1 -1, -1, -1
1 22 43: 119, -1 -1 -1, -1, -1
1 22 44: 119, -1 -1 -1, -1, -1
1 22 45: 119, -1 -1 -1, -1, -1
1 22 46: 119, -1 -1 -1, -1, -1
1 22 47: 119, -1 -1 -1, -1, -1
1 22 48: 119, -1 -1 -1, -1, -1
1 22 49: 119, -1 -1 -1, -1, -1
1 22 50: 119, -1 -1 -1, -1, -1
1 22 51: 119, -1 -1 -1, -1, -1
1 22 52: 119, -1 -1 -1, -1, -1
1 22 53: 119, -1 -1 -1, -1, -1
1 22 54: 119, -1 -1 -1, -1, -1
1 22 55: 119, -1 -1 -1, -1, -1
1 22 56: 119, -1 -1 -1, -1, -1
1 22 57: 119, -1 -1 -1, -1, -1
1 22 58: 119, -1 -1 -1, -1, -1
1 22 59: 119, -1 -1 -1, -1, -1
1 22 60: 119, -1 -1 -1, -1, -1
1 22 61: 119, -1 -1 -1, -1, -1
1 22 62: 119, -1 -1 -1, -1, -1
1 22 63: 119, -1 -1 -1, -1, -1
1 23 44: 119, -1 -1 -1, -1, -1
1 23 45: 119, -1 -1 -1, -1, -1
1 23 46: 119, -1 -1 -1, -1, -1
1 23 47: 119, -1 -1 -1, -1, -1
1 23 49: 119, -1 -1 -1, -1, -1
1 23 52: 119, -1 -1 -1, -1, -1
1 23 54: 119, -1 -1 -1, -1, -1
1 23 55: 119, -1 -1 -1, -1, -1
1 23 56: 119, -1 -1 -1, -1, -1
1 23 57: 119, -1 -1 -1, -1, -1
1 23 58: 119, -1 -1 -1, -1, -1
1 23 59: 119, -1 -1 -1, -1, -1
1 23 60: 119, -1 -1 -1, -1, -1
1 23 61: 119, -1 -1 -1, -1, -1
1 23 62: 119, -1 -1 -1, -1, -1
1 23 63: 119, -1 -1 -1, -1, -1
1 24 56: 119, -1 -1 -1, -1, -1
1 24 59: 119, -1 -1 -1, -1, -1
1 24 61: 119, -1 -1 -1, -1, -1
1 24 62: 119, -1 -1 -1, -1, -1
1 24 63: 119, -1 -1 -1, -1, -1
