0 3 0: 0, 42 0 0, 16, -1
0 4 0: 0, 42 0 0, 16, -1
0 5 0: 0, 42 0 0, 16, -1
0 6 0: 0, 42 0 0, 16, -1
0 7 0: 0, 42 0 0, 16, -1
0 8 0: 0, 42 0 0, 16, -1
0 9 0: 0, 42 0 0, 16, -1
0 17 0: 0, 42 0 0, 16, -1
0 17 1: 0, 42 0 0, 16, -1
0 17 2: 0, 42 0 0, 16, -1
0 17 3: 0, 42 0 0, 16, -1
0 18 0: 0, 42 0 0, 16, -1
0 18 1: 0, 42 0 0, 16, -1
0 18 2: 0, 42 0 0, 16, -1
0 18 3: 0, 42 0 0, 16, -1
0 19 0: 0, 42 0 0, 16, -1
0 19 1: 0, 42 0 0, 16, -1
0 19 2: 0, 42 0 0, 16, -1
0 19 3: 0, 42 0 0, 16, -1
0 20 0: 0, 42 0 0, 16, -1
0 20 1: 0, 42 0 0, 16, -1
0 20 2: 0, 42 0 0, 16, -1
0 20 3: 0, 42 0 0, 16, -1
0 21 0: 0, 42 0 0, 16, -1
0 21 1: 0, 42 0 0, 16, -1
0 21 2: 0, 42 0 0, 16, -1
0 21 3: 0, 42 0 0, 16, -1
0 22 0: 0, 42 0 0, 16, -1
0 22 1: 0, 42 0 0, 16, -1
0 22 2: 0, 42 0 0, 16, -1
0 22 3: 0, 42 0 0, 16, -1
0 23 0: 0, 42 0 0, 16, -1
0 23 1: 0, 42 0 0, 16, -1
0 23 2: 0, 42 0 0, 16, -1
0 23 3: 0, 42 0 0, 16, -1
0 24 0: 0, 42 0 0, 16, -1
0 24 1: 0, 42 0 0, 16, -1
0 24 2: 0, 42 0 0, 16, -1
0 24 3: 0, 42 0 0, 16, -1
0 25 0: 0, 42 0 0, 16, -1
0 25 1: 0, 42 0 0, 16, -1
0 25 2: 0, 42 0 0, 16, -1
0 25 3: 0, 42 0 0, 16, -1
0 26 0: 0, 42 0 0, 16, -1
0 26 1: 0, 42 0 0, 16, -1
0 26 2: 0, 42 0 0, 16, -1
0 26 3: 0, 42 0 0, 16, -1
0 27 0: 0, 42 0 0, 16, -1
0 27 1: 0, 42 0 0, 16, -1
0 27 2: 0, 42 0 0, 16, -1
0 27 3: 0, 42 0 0, 16, -1
0 28 0: 0, 42 0 0, 16, -1
0 28 1: 0, 42 0 0, 16, -1
0 28 2: 0, 42 0 0, 16, -1
0 28 3: 0, 42 0 0, 16, -1
0 29 0: 0, 42 0 0, 16, -1
0 29 1: 0, 42 0 0, 16, -1
0 29 2: 0, 42 0 0, 16, -1
0 29 3: 0, 42 0 0, 16, -1
0 30 0: 0, 42 0 0, 16, -1
0 30 1: 0, 42 0 0, 16, -1
0 30 2: 0, 42 0 0, 16, -1
0 30 3: 0, 42 0 0, 16, -1
0 31 0: 0, 42 0 0, 16, -1
0 31 1: 0, 42 0 0, 16, -1
0 31 2: 0, 42 0 0, 16, -1
0 31 3: 0, 42 0 0, 16, -1
0 32 0: 0, 42 0 0, 16, -1
0 32 1: 0, 42 0 0, 16, -1
0 32 2: 0, 42 0 0, 16, -1
0 32 3: 0, 42 0 0, 16, -1
0 33 0: 0, 42 0 0, 16, -1
0 33 1: 0, 42 0 0, 16, -1
0 33 2: 0, 42 0 0, 16, -1
0 33 3: 0, 42 0 0, 16, -1
0 34 0: 0, 42 0 0, 16, -1
0 34 1: 0, 42 0 0, 16, -1
0 34 2: 0, 42 0 0, 16, -1
0 34 3: 0, 42 0 0, 16, -1
0 35 0: 0, 42 0 0, 16, -1
0 35 1: 0, 42 0 0, 16, -1
0 35 2: 0, 42 0 0, 16, -1
0 35 3: 0, 42 0 0, 16, -1
0 36 0: 0, 42 0 0, 16, -1
0 36 1: 0, 42 0 0, 16, -1
0 36 2: 0, 42 0 0, 16, -1
0 36 3: 0, 42 0 0, 16, -1
0 37 0: 0, 42 0 0, 16, -1
0 37 1: 0, 42 0 0, 16, -1
0 37 2: 0, 42 0 0, 16, -1
0 37 3: 0, 42 0 0, 16, -1
0 38 0: 0, 42 0 0, 16, -1
0 38 1: 0, 42 0 0, 16, -1
0 38 2: 0, 42 0 0, 16, -1
0 38 3: 0, 42 0 0, 16, -1
0 39 0: 0, 42 0 0, 16, -1
0 39 1: 0, 42 0 0, 16, -1
0 39 2: 0, 42 0 0, 16, -1
0 39 3: 0, 42 0 0, 16, -1
0 40 0: 0, 42 0 0, 16, -1
0 40 1: 0, 42 0 0, 16, -1
0 40 2: 0, 42 0 0, 16, -1
0 40 3: 0, 42 0 0, 16, -1
0 41 0: 0, 42 0 0, 16, -1
0 41 1: 0, 42 0 0, 16, -1
0 41 2: 0, 42 0 0, 16, -1
0 41 3: 0, 42 0 0, 16, -1
0 42 0: 0, 42 0 0, 16, -1
0 42 1: 0, 42 0 0, 16, -1
0 42 2: 0, 42 0 0, 16, -1
0 42 3: 0, 42 0 0, 16, -1
0 43 0: 0, 42 0 0, 16, -1
0 43 1: 0, 42 0 0, 16, -1
0 43 2: 0, 42 0 0, 16, -1
0 43 3: 0, 42 0 0, 16, -1
0 44 0: 0, 42 0 0, 16, -1
0 44 1: 0, 42 0 0, 16, -1
0 44 2: 0, 42 0 0, 16, -1
0 44 3: 0, 42 0 0, 16, -1
0 45 0: 0, 42 0 0, 16, -1
0 45 1: 0, 42 0 0, 16, -1
0 45 2: 0, 42 0 0, 16, -1
0 45 3: 0, 42 0 0, 16, -1
0 46 0: 0, 42 0 0, 16, -1
0 46 1: 0, 42 0 0, 16, -1
0 46 2: 0, 42 0 0, 16, -1
0 46 3: 0, 42 0 0, 16, -1
0 47 0: 0, 42 0 0, 16, -1
0 47 1: 0, 42 0 0, 16, -1
0 47 2: 0, 42 0 0, 16, -1
0 47 3: 0, 42 0 0, 16, -1
0 48 0: 0, 42 0 0, 16, -1
0 48 1: 0, 42 0 0, 16, -1
0 48 2: 0, 42 0 0, 16, -1
0 48 3: 0, 42 0 0, 16, -1
0 49 0: 0, 42 0 0, 16, -1
0 49 1: 0, 42 0 0, 16, -1
0 49 2: 0, 42 0 0, 16, -1
0 49 3: 0, 42 0 0, 16, -1
0 50 0: 0, 42 0 0, 16, -1
0 50 1: 0, 42 0 0, 16, -1
0 50 2: 0, 42 0 0, 16, -1
0 50 3: 0, 42 0 0, 16, -1
0 51 0: 0, 42 0 0, 16, -1
0 51 1: 0, 42 0 0, 16, -1
0 51 2: 0, 42 0 0, 16, -1
0 51 3: 0, 42 0 0, 16, -1
0 52 0: 0, 42 0 0, 16, -1
0 52 1: 0, 42 0 0, 16, -1
0 52 2: 0, 42 0 0, 16, -1
0 52 3: 0, 42 0 0, 16, -1
0 53 0: 0, 42 0 0, 16, -1
0 53 1: 0, 42 0 0, 16, -1
0 53 2: 0, 42 0 0, 16, -1
0 53 3: 0, 42 0 0, 16, -1
0 54 0: 0, 42 0 0, 16, -1
0 54 1: 0, 42 0 0, 16, -1
0 54 2: 0, 42 0 0, 16, -1
0 54 3: 0, 42 0 0, 16, -1
0 55 0: 0, 42 0 0, 16, -1
0 55 1: 0, 42 0 0, 16, -1
0 55 2: 0, 42 0 0, 16, -1
0 55 3: 0, 42 0 0, 16, -1
0 56 0: 0, 42 0 0, 16, -1
0 56 1: 0, 42 0 0, 16, -1
0 56 2: 0, 42 0 0, 16, -1
0 56 3: 0, 42 0 0, 16, -1
0 57 0: 0, 42 0 0, 16, -1
0 57 1: 0, 42 0 0, 16, -1
0 57 2: 0, 42 0 0, 16, -1
0 57 3: 0, 42 0 0, 16, -1
0 58 0: 0, 42 0 0, 16, -1
0 58 1: 0, 42 0 0, 16, -1
0 58 2: 0, 42 0 0, 16, -1
0 58 3: 0, 42 0 0, 16, -1
0 59 0: 0, 42 0 0, 16, -1
0 59 1: 0, 42 0 0, 16, -1
0 59 2: 0, 42 0 0, 16, -1
0 59 3: 0, 42 0 0, 16, -1
0 60 0: 0, 42 0 0, 16, -1
0 60 1: 0, 42 0 0, 16, -1
0 60 2: 0, 42 0 0, 16, -1
0 60 3: 0, 42 0 0, 16, -1
0 61 0: 0, 42 0 0, 16, -1
0 61 1: 0, 42 0 0, 16, -1
0 61 2: 0, 42 0 0, 16, -1
0 61 3: 0, 42 0 0, 16, -1
0 62 0: 0, 42 0 0, 16, -1
0 62 1: 0, 42 0 0, 16, -1
0 62 2: 0, 42 0 0, 16, -1
0 63 0: 0, 42 0 0, 16, -1
0 63 1: 0, 42 0 0, 16, -1
0 63 2: 0, 42 0 0, 16, -1
