0 0 47: 0, 42 0 0, -1, 65
0 0 48: 0, 42 0 0, -1, 65
0 0 49: 0, 42 0 0, -1, 65
0 0 50: 0, 42 0 0, -1, 65
0 0 51: 0, 42 0 0, -1, 65
0 0 52: 0, 42 0 0, -1, 65
0 0 53: 0, 42 0 0, 16, 65
0 0 54: 0, 42 0 0, 16, 65
0 0 55: 0, 42 0 0, 16, 65
0 0 56: 0, 42 0 0, 16, 65
0 0 57: 0, 42 0 0, 16, 65
0 0 58: 0, 42 0 0, 16, 65
0 0 59: 0, 42 0 0, 16, 65
0 0 60: 0, 42 0 0, 16, 65
0 0 61: 0, 42 0 0, 16, 65
0 0 62: 0, 42 0 0, 16, 65
0 0 63: 0, 42 0 0, 16, 65
0 1 47: 0, 42 0 0, -1, 65
0 1 48: 0, 42 0 0, -1, 65
0 1 49: 0, 42 0 0, -1, 65
0 1 50: 0, 42 0 0, -1, 65
0 1 51: 0, 42 0 0, -1, 65
0 1 52: 0, 42 0 0, -1, 65
0 1 53: 0, 42 0 0, 16, 65
0 1 54: 0, 42 0 0, 16, 65
0 1 55: 0, 42 0 0, 16, 65
0 1 56: 0, 42 0 0, 16, 65
0 1 57: 0, 42 0 0, 16, 65
0 1 58: 0, 42 0 0, 16, 65
0 1 59: 0, 42 0 0, 16, 65
0 1 60: 0, 42 0 0, 16, 65
0 1 61: 0, 42 0 0, 16, 65
0 1 62: 0, 42 0 0, 16, 65
0 1 63: 0, 42 0 0, 16, 65
0 2 47: 0, 42 0 0, -1, 65
0 2 48: 0, 42 0 0, -1, 65
0 2 49: 0, 42 0 0, -1, 65
0 2 50: 0, 42 0 0, -1, 65
0 2 51: 0, 42 0 0, -1, 65
0 2 52: 0, 42 0 0, -1, 65
0 2 53: 0, 42 0 0, 16, 65
0 2 54: 0, 42 0 0, 16, 65
0 2 55: 0, 42 0 0, 16, 65
0 2 56: 0, 42 0 0, 16, 65
0 2 57: 0, 42 0 0, 16, 65
0 2 58: 0, 42 0 0, 16, 65
0 2 59: 0, 42 0 0, 16, 65
0 2 60: 0, 42 0 0, 16, 65
0 2 61: 0, 42 0 0, 16, 65
0 2 62: 0, 42 0 0, 16, 65
0 2 63: 0, 42 0 0, 16, 65
0 3 47: 0, 42 0 0, -1, 65
0 3 48: 0, 42 0 0, -1, 65
0 3 49: 0, 42 0 0, -1, 65
0 3 50: 0, 42 0 0, -1, 65
0 3 51: 0, 42 0 0, -1, 65
0 3 52: 0, 42 0 0, -1, 65
0 3 53: 0, 42 0 0, 16, 65
0 3 54: 0, 42 0 0, 16, 65
0 3 55: 0, 42 0 0, 16, 65
0 3 56: 0, 42 0 0, 16, 65
0 3 57: 0, 42 0 0, 16, 65
0 3 58: 0, 42 0 0, 16, 65
0 3 59: 0, 42 0 0, 16, 65
0 3 60: 0, 42 0 0, 16, 65
0 3 61: 0, 42 0 0, 16, 65
0 3 62: 0, 42 0 0, 16, 65
0 3 63: 0, 42 0 0, 16, 65
0 4 47: 0, 42 0 0, -1, 65
0 4 48: 0, 42 0 0, -1, 65
0 4 49: 0, 42 0 0, -1, 65
0 4 50: 0, 42 0 0, -1, 65
0 4 51: 0, 42 0 0, -1, 65
0 4 52: 0, 42 0 0, -1, 65
0 4 53: 0, 42 0 0, 16, 65
0 4 54: 0, 42 0 0, 16, 65
0 4 55: 0, 42 0 0, 16, 65
0 4 56: 0, 42 0 0, 16, 65
0 4 57: 0, 42 0 0, 16, 65
0 4 58: 0, 42 0 0, 16, 65
0 4 59: 0, 42 0 0, 16, 65
0 4 60: 0, 42 0 0, 16, 65
0 4 61: 0, 42 0 0, 16, 65
0 4 62: 0, 42 0 0, 16, 65
0 4 63: 0, 42 0 0, 16, 65
0 5 47: 0, 42 0 0, -1, 65
0 5 48: 0, 42 0 0, -1, 65
0 5 49: 0, 42 0 0, -1, 65
0 5 50: 0, 42 0 0, -1, 65
0 5 51: 0, 42 0 0, -1, 65
0 5 52: 0, 42 0 0, -1, 65
0 5 53: 0, 42 0 0, 16, 65
0 5 54: 0, 42 0 0, 16, 65
0 5 55: 0, 42 0 0, 16, 65
0 5 56: 0, 42 0 0, 16, 65
0 5 57: 0, 42 0 0, 16, 65
0 5 58: 0, 42 0 0, 16, 65
0 5 59: 0, 42 0 0, 16, 65
0 5 60: 0, 42 0 0, 16, 65
0 5 61: 0, 42 0 0, 16, 65
0 5 62: 0, 42 0 0, 16, 65
0 5 63: 0, 42 0 0, 16, 65
0 6 47: 0, 42 0 0, -1, 65
0 6 48: 0, 42 0 0, -1, 65
0 6 49: 0, 42 0 0, -1, 65
0 6 50: 0, 42 0 0, -1, 65
0 6 51: 0, 42 0 0, -1, 65
0 6 52: 0, 42 0 0, -1, 65
0 6 53: 0, 42 0 0, 16, 65
0 6 54: 0, 42 0 0, 16, 65
0 6 55: 0, 42 0 0, 16, 65
0 6 56: 0, 42 0 0, 16, 65
0 6 57: 0, 42 0 0, 16, 65
0 6 58: 0, 42 0 0, 16, 65
0 6 59: 0, 42 0 0, 16, 65
0 6 60: 0, 42 0 0, 16, 65
0 6 61: 0, 42 0 0, 16, 65
0 6 62: 0, 42 0 0, 16, 65
0 6 63: 0, 42 0 0, 16, 65
0 7 47: 0, 42 0 0, -1, 65
0 7 48: 0, 42 0 0, -1, 65
0 7 49: 0, 42 0 0, -1, 65
0 7 50: 0, 42 0 0, -1, 65
0 7 51: 0, 42 0 0, -1, 65
0 7 52: 0, 42 0 0, -1, 65
0 7 53: 0, 42 0 0, 16, 65
0 7 54: 0, 42 0 0, 16, 65
0 7 55: 0, 42 0 0, 16, 65
0 7 56: 0, 42 0 0, 16, 65
0 7 57: 0, 42 0 0, 16, 65
0 7 58: 0, 42 0 0, 16, 65
0 7 59: 0, 42 0 0, 16, 65
0 7 60: 0, 42 0 0, 16, 65
0 7 61: 0, 42 0 0, 16, 65
0 7 62: 0, 42 0 0, 16, 65
0 7 63: 0, 42 0 0, 16, 65
0 8 47: 0, 42 0 0, -1, 65
0 8 48: 0, 42 0 0, -1, 65
0 8 49: 0, 42 0 0, -1, 65
0 8 50: 0, 42 0 0, -1, 65
0 8 51: 0, 42 0 0, -1, 65
0 8 52: 0, 42 0 0, -1, 65
0 8 53: 0, 42 0 0, 16, 65
0 8 54: 0, 42 0 0, 16, 65
0 8 55: 0, 42 0 0, 16, 65
0 8 56: 0, 42 0 0, 16, 65
0 8 57: 0, 42 0 0, 16, 65
0 8 58: 0, 42 0 0, 16, 65
0 8 59: 0, 42 0 0, 16, 65
0 8 60: 0, 42 0 0, 16, 65
0 8 61: 0, 42 0 0, 16, 65
0 8 62: 0, 42 0 0, 16, 65
0 8 63: 0, 42 0 0, 16, 65
0 9 47: 0, 42 0 0, -1, 48
0 9 48: 0, 42 0 0, -1, 65
0 9 49: 0, 42 0 0, -1, 65
0 9 50: 0, 42 0 0, -1, 65
0 9 51: 0, 42 0 0, -1, 65
0 9 52: 0, 42 0 0, -1, 65
0 9 53: 0, 42 0 0, 16, 65
0 9 54: 0, 42 0 0, 16, 65
0 9 55: 0, 42 0 0, 16, 65
0 9 56: 0, 42 0 0, 16, 65
0 9 57: 0, 42 0 0, 16, 65
0 9 58: 0, 42 0 0, 16, 65
0 9 59: 0, 42 0 0, 16, 65
0 9 60: 0, 42 0 0, 16, 65
0 9 61: 0, 42 0 0, 16, 65
0 9 62: 0, 42 0 0, 16, 65
0 9 63: 0, 42 0 0, 16, 65
0 10 47: 0, 42 0 0, -1, 48
0 10 48: 0, 42 0 0, -1, 48
0 10 49: 0, 42 0 0, -1, 65
0 10 50: 0, 42 0 0, -1, 65
0 10 51: 0, 42 0 0, -1, 65
0 10 52: 0, 42 0 0, -1, 65
0 10 53: 0, 42 0 0, 16, 65
0 10 54: 0, 42 0 0, 16, 65
0 10 55: 0, 42 0 0, 16, 65
0 10 56: 0, 42 0 0, 16, 65
0 10 57: 0, 42 0 0, 16, 65
0 10 58: 0, 42 0 0, 16, 65
0 10 59: 0, 42 0 0, 16, 65
0 10 60: 0, 42 0 0, 16, 65
0 10 61: 0, 42 0 0, 16, 65
0 10 62: 0, 42 0 0, 16, 65
0 10 63: 0, 42 0 0, 16, 65
0 11 47: 0, 42 0 0, -1, 48
0 11 48: 0, 42 0 0, -1, 48
0 11 49: 0, 42 0 0, -1, 48
0 11 50: 0, 42 0 0, -1, 65
0 11 51: 0, 42 0 0, -1, 65
0 11 52: 0, 42 0 0, -1, 65
0 11 53: 0, 42 0 0, -1, 65
0 11 54: 0, 42 0 0, -1, 65
0 11 55: 0, 42 0 0, -1, 65
0 11 56: 0, 42 0 0, -1, 65
0 11 57: 0, 42 0 0, -1, 65
0 11 58: 0, 42 0 0, -1, 65
0 11 59: 0, 42 0 0, -1, 65
0 11 60: 0, 42 0 0, -1, 65
0 11 61: 0, 42 0 0, -1, 65
0 11 62: 0, 42 0 0, -1, 65
0 11 63: 0, 42 0 0, -1, 65
0 12 47: 0, 42 0 0, -1, 48
0 12 48: 0, 42 0 0, -1, 48
0 12 49: 0, 42 0 0, -1, 48
0 12 50: 0, 42 0 0, -1, 65
0 12 51: 0, 42 0 0, -1, 65
0 12 52: 0, 42 0 0, -1, 65
0 12 53: 0, 42 0 0, -1, 65
0 12 54: 0, 42 0 0, -1, 65
0 12 55: 0, 42 0 0, -1, 65
0 12 56: 0, 42 0 0, -1, 65
0 12 57: 0, 42 0 0, -1, 65
0 12 58: 0, 42 0 0, -1, 65
0 12 59: 0, 42 0 0, -1, 65
0 12 60: 0, 42 0 0, -1, 65
0 12 61: 0, 42 0 0, -1, 65
0 12 62: 0, 42 0 0, -1, 65
0 12 63: 0, 42 0 0, -1, 65
0 13 47: 0, 42 0 0, -1, 48
0 13 48: 0, 42 0 0, -1, 48
0 13 49: 0, 42 0 0, -1, 48
0 13 50: 0, 42 0 0, -1, 48
0 13 51: 0, 42 0 0, -1, 65
0 13 52: 0, 42 0 0, -1, 65
0 13 53: 0, 42 0 0, -1, 65
0 13 54: 0, 42 0 0, -1, 65
0 13 55: 0, 42 0 0, -1, 65
0 13 56: 0, 42 0 0, -1, 65
0 13 57: 0, 42 0 0, -1, 65
0 13 58: 0, 42 0 0, -1, 65
0 13 59: 0, 42 0 0, -1, 65
0 13 60: 0, 42 0 0, -1, 65
0 13 61: 0, 42 0 0, -1, 65
0 13 62: 0, 42 0 0, -1, 65
0 13 63: 0, 42 0 0, -1, 65
0 14 47: 0, 42 0 0, -1, 48
0 14 48: 0, 42 0 0, -1, 48
0 14 49: 0, 42 0 0, -1, 48
0 14 50: 0, 42 0 0, -1, 48
0 14 51: 0, 42 0 0, -1, 48
0 14 52: 0, 42 0 0, -1, 65
0 14 53: 0, 42 0 0, -1, 65
0 14 54: 0, 42 0 0, -1, 65
0 14 55: 0, 42 0 0, -1, 65
0 14 56: 0, 42 0 0, -1, 65
0 14 57: 0, 42 0 0, -1, 65
0 14 58: 0, 42 0 0, -1, 65
0 14 59: 0, 42 0 0, -1, 65
0 14 60: 0, 42 0 0, -1, 65
0 14 61: 0, 42 0 0, -1, 65
0 14 62: 0, 42 0 0, -1, 65
0 14 63: 0, 42 0 0, -1, 65
0 15 47: 0, 42 0 0, -1, 48
0 15 48: 0, 42 0 0, -1, 48
0 15 49: 0, 42 0 0, -1, 48
0 15 50: 0, 42 0 0, -1, 48
0 15 51: 0, 42 0 0, -1, 48
0 15 52: 0, 42 0 0, -1, 48
0 15 53: 0, 42 0 0, -1, 65
0 15 54: 0, 42 0 0, -1, 65
0 15 55: 0, 42 0 0, -1, 65
0 15 56: 0, 42 0 0, -1, 65
0 15 57: 0, 42 0 0, -1, 65
0 15 58: 0, 42 0 0, -1, 65
0 15 59: 0, 42 0 0, -1, 65
0 15 60: 0, 42 0 0, -1, 65
0 15 61: 0, 42 0 0, -1, 65
0 15 62: 0, 42 0 0, -1, 65
0 15 63: 0, 42 0 0, -1, 65
0 16 47: 0, 42 0 0, -1, 48
0 16 48: 0, 42 0 0, -1, 48
0 16 49: 0, 42 0 0, -1, 48
0 16 50: 0, 42 0 0, -1, 48
0 16 51: 0, 42 0 0, -1, 48
0 16 52: 0, 42 0 0, -1, 48
0 16 53: 0, 42 0 0, -1, 48
0 16 54: 0, 42 0 0, -1, 65
0 16 55: 0, 42 0 0, -1, 65
0 16 56: 0, 42 0 0, -1, 65
0 16 57: 0, 42 0 0, -1, 65
0 16 58: 0, 42 0 0, -1, 65
0 16 59: 0, 42 0 0, -1, 65
0 16 60: 0, 42 0 0, -1, 65
0 16 61: 0, 42 0 0, -1, 65
0 16 62: 0, 42 0 0, -1, 65
0 16 63: 0, 42 0 0, -1, 48
0 17 47: 0, 42 0 0, -1, 48
0 17 48: 0, 42 0 0, -1, 48
0 17 49: 0, 42 0 0, -1, 48
0 17 50: 0, 42 0 0, -1, 48
0 17 51: 0, 42 0 0, -1, 48
0 17 52: 0, 42 0 0, -1, 48
0 17 53: 0, 42 0 0, -1, 48
0 17 54: 0, 42 0 0, -1, 48
0 17 55: 0, 42 0 0, -1, 48
0 17 56: 0, 42 0 0, -1, 48
0 17 57: 0, 42 0 0, -1, 48
0 17 58: 0, 42 0 0, -1, 65
0 17 59: 0, 42 0 0, -1, 48
0 17 60: 0, 42 0 0, -1, 48
0 17 61: 0, 42 0 0, -1, 48
0 17 62: 0, 42 0 0, -1, 48
0 17 63: 0, 42 0 0, -1, 48
0 18 47: 0, 42 0 0, -1, 48
0 18 48: 0, 42 0 0, -1, 48
0 18 49: 0, 42 0 0, -1, 48
0 18 50: 0, 42 0 0, -1, 48
0 18 51: 0, 42 0 0, -1, 48
0 18 52: 0, 42 0 0, -1, 48
0 18 53: 0, 42 0 0, -1, 48
0 18 54: 0, 42 0 0, -1, 48
0 18 55: 0, 42 0 0, -1, 48
0 18 56: 0, 42 0 0, -1, 48
0 18 57: 0, 42 0 0, -1, 48
0 18 58: 0, 42 0 0, -1, 48
0 18 59: 0, 42 0 0, -1, 48
0 18 60: 0, 42 0 0, -1, 48
0 18 61: 0, 42 0 0, -1, 48
0 18 62: 0, 42 0 0, -1, 48
0 18 63: 0, 42 0 0, -1, 48
0 48 48: 0, 42 0 0, 16, 48
0 48 49: 0, 42 0 0, 16, 48
0 48 50: 0, 42 0 0, 16, 48
0 48 51: 0, 42 0 0, 16, 48
0 48 52: 0, 42 0 0, 16, 48
0 48 53: 0, 42 0 0, 16, 48
0 48 54: 0, 42 0 0, 16, 48
0 48 55: 0, 42 0 0, 16, 48
0 48 56: 0, 42 0 0, 16, 48
0 48 57: 0, 42 0 0, 16, 48
0 48 58: 0, 42 0 0, 16, 48
0 48 59: 0, 42 0 0, 16, 48
0 48 60: 0, 42 0 0, 16, 48
0 48 61: 0, 42 0 0, 16, 48
0 48 62: 0, 42 0 0, 16, 48
0 48 63: 0, 42 0 0, 16, 48
0 49 48: 0, 42 0 0, 16, 48
0 49 49: 0, 42 0 0, 16, 48
0 49 50: 0, 42 0 0, 16, 48
0 49 51: 0, 42 0 0, 16, 48
0 49 52: 0, 42 0 0, 16, 48
0 49 53: 0, 42 0 0, 16, 48
0 49 54: 0, 42 0 0, 16, 48
0 49 55: 0, 42 0 0, 16, 48
0 49 56: 0, 42 0 0, 16, 48
0 49 57: 0, 42 0 0, 16, 48
0 49 58: 0, 42 0 0, 16, 48
0 49 59: 0, 42 0 0, 16, 48
0 49 60: 0, 42 0 0, 16, 48
0 49 61: 0, 42 0 0, 16, 48
0 49 62: 0, 42 0 0, 16, 48
0 49 63: 0, 42 0 0, 16, 48
0 50 48: 0, 42 0 0, 16, 48
0 50 49: 0, 42 0 0, 16, 48
0 50 50: 0, 42 0 0, 16, 48
0 50 51: 0, 42 0 0, 16, 48
0 50 52: 0, 42 0 0, 16, 48
0 50 53: 0, 42 0 0, 16, 48
0 50 54: 0, 42 0 0, 16, 48
0 50 55: 0, 42 0 0, 16, 48
0 50 56: 0, 42 0 0, 16, 48
0 50 57: 0, 42 0 0, 16, 48
0 50 58: 0, 42 0 0, 16, 48
0 50 59: 0, 42 0 0, 16, 48
0 50 60: 0, 42 0 0, 16, 48
0 50 61: 0, 42 0 0, 16, 48
0 50 62: 0, 42 0 0, 16, 48
0 50 63: 0, 42 0 0, 16, 48
0 51 48: 0, 42 0 0, 16, 48
0 51 49: 0, 42 0 0, 16, 48
0 51 50: 0, 42 0 0, 16, 48
0 51 51: 0, 42 0 0, 16, 48
0 51 52: 0, 42 0 0, 16, 48
0 51 53: 0, 42 0 0, 16, 48
0 51 54: 0, 42 0 0, 16, 48
0 51 55: 0, 42 0 0, 16, 48
0 51 56: 0, 42 0 0, 16, 48
0 51 57: 0, 42 0 0, 16, 48
0 51 58: 0, 42 0 0, 16, 48
0 51 59: 0, 42 0 0, 16, 48
0 51 60: 0, 42 0 0, 16, 48
0 51 61: 0, 42 0 0, 16, 48
0 51 62: 0, 42 0 0, 16, 48
0 51 63: 0, 42 0 0, 16, 48
0 52 48: 0, 42 0 0, 16, 48
0 52 49: 0, 42 0 0, 16, 48
0 52 50: 0, 42 0 0, 16, 48
0 52 51: 0, 42 0 0, 16, 48
0 52 52: 0, 42 0 0, 16, 48
0 52 53: 0, 42 0 0, 16, 48
0 52 54: 0, 42 0 0, 16, 48
0 52 55: 0, 42 0 0, 16, 48
0 52 56: 0, 42 0 0, 16, 48
0 52 57: 0, 42 0 0, 16, 48
0 52 58: 0, 42 0 0, 16, 48
0 52 59: 0, 42 0 0, 16, 48
0 52 60: 0, 42 0 0, 16, 48
0 52 61: 0, 42 0 0, 16, 48
0 52 62: 0, 42 0 0, 16, 48
0 52 63: 0, 42 0 0, 16, 48
0 53 48: 0, 42 0 0, 16, 48
0 53 49: 0, 42 0 0, 16, 48
0 53 50: 0, 42 0 0, 16, 48
0 53 51: 0, 42 0 0, 16, 48
0 53 52: 0, 42 0 0, 16, 48
0 53 53: 0, 42 0 0, 16, 48
0 53 54: 0, 42 0 0, 16, 48
0 53 55: 0, 42 0 0, 16, 48
0 53 56: 0, 42 0 0, 16, 48
0 53 57: 0, 42 0 0, 16, 48
0 53 58: 0, 42 0 0, 16, 48
0 53 59: 0, 42 0 0, 16, 48
0 53 60: 0, 42 0 0, 16, 48
0 53 61: 0, 42 0 0, 16, 48
0 53 62: 0, 42 0 0, 16, 48
0 53 63: 0, 42 0 0, 16, 48
0 54 48: 0, 42 0 0, 16, 48
0 54 49: 0, 42 0 0, 16, 48
0 54 50: 0, 42 0 0, 16, 48
0 54 51: 0, 42 0 0, 16, 48
0 54 52: 0, 42 0 0, 16, 48
0 54 53: 0, 42 0 0, 16, 48
0 54 54: 0, 42 0 0, 16, 48
0 54 55: 0, 42 0 0, 16, 48
0 54 56: 0, 42 0 0, 16, 48
0 54 57: 0, 42 0 0, 16, 48
0 54 58: 0, 42 0 0, 16, 48
0 54 59: 0, 42 0 0, 16, 48
0 54 60: 0, 42 0 0, 16, 48
0 54 61: 0, 42 0 0, 16, 48
0 54 62: 0, 42 0 0, 16, 48
0 54 63: 0, 42 0 0, 16, 48
0 55 48: 0, 42 0 0, 16, 48
0 55 49: 0, 42 0 0, 16, 48
0 55 50: 0, 42 0 0, 16, 48
0 55 51: 0, 42 0 0, 16, 48
0 55 52: 0, 42 0 0, 16, 48
0 55 53: 0, 42 0 0, 16, 48
0 55 54: 0, 42 0 0, 16, 48
0 55 55: 0, 42 0 0, 16, 48
0 55 56: 0, 42 0 0, 16, 48
0 55 57: 0, 42 0 0, 16, 48
0 55 58: 0, 42 0 0, 16, 48
0 55 59: 0, 42 0 0, 16, 48
0 55 60: 0, 42 0 0, 16, 48
0 55 61: 0, 42 0 0, 16, 48
0 55 62: 0, 42 0 0, 16, 48
0 55 63: 0, 42 0 0, 16, 48
0 56 48: 0, 42 0 0, 16, 48
0 56 49: 0, 42 0 0, 16, 48
0 56 50: 0, 42 0 0, 16, 48
0 56 51: 0, 42 0 0, 16, 48
0 56 52: 0, 42 0 0, 16, 48
0 56 53: 0, 42 0 0, 16, 48
0 56 54: 0, 42 0 0, 16, 48
0 56 55: 0, 42 0 0, 16, 48
0 56 56: 0, 42 0 0, 16, 48
0 56 57: 0, 42 0 0, 16, 48
0 56 58: 0, 42 0 0, 16, 48
0 56 59: 0, 42 0 0, 16, 48
0 56 60: 0, 42 0 0, 16, 48
0 56 61: 0, 42 0 0, 16, 48
0 56 62: 0, 42 0 0, 16, 48
0 56 63: 0, 42 0 0, 16, 48
0 57 48: 0, 42 0 0, 16, 48
0 57 49: 0, 42 0 0, 16, 48
0 57 50: 0, 42 0 0, 16, 48
0 57 51: 0, 42 0 0, 16, 48
0 57 52: 0, 42 0 0, 16, 48
0 57 53: 0, 42 0 0, 16, 48
0 57 54: 0, 42 0 0, 16, 48
0 57 55: 0, 42 0 0, 16, 48
0 57 56: 0, 42 0 0, 16, 48
0 57 57: 0, 42 0 0, 16, 48
0 57 58: 0, 42 0 0, 16, 48
0 57 59: 0, 42 0 0, 16, 48
0 57 60: 0, 42 0 0, 16, 48
0 57 61: 0, 42 0 0, 16, 48
0 57 62: 0, 42 0 0, 16, 48
0 57 63: 0, 42 0 0, 16, 48
0 58 48: 0, 42 0 0, 16, 48
0 58 49: 0, 42 0 0, 16, 48
0 58 50: 0, 42 0 0, 16, 48
0 58 51: 0, 42 0 0, 16, 48
0 58 52: 0, 42 0 0, 16, 48
0 58 53: 0, 42 0 0, 16, 48
0 58 54: 0, 42 0 0, 16, 48
0 58 55: 0, 42 0 0, 16, 48
0 58 56: 0, 42 0 0, 16, 48
0 58 57: 0, 42 0 0, 16, 48
0 58 58: 0, 42 0 0, 16, 48
0 58 59: 0, 42 0 0, 16, 48
0 58 60: 0, 42 0 0, 16, 48
0 58 61: 0, 42 0 0, 16, 48
0 58 62: 0, 42 0 0, 16, 48
0 58 63: 0, 42 0 0, 16, 48
0 59 48: 0, 42 0 0, 16, 48
0 59 49: 0, 42 0 0, 16, 48
0 59 50: 0, 42 0 0, 16, 48
0 59 51: 0, 42 0 0, 16, 48
0 59 52: 0, 42 0 0, 16, 48
0 59 53: 0, 42 0 0, 16, 48
0 59 54: 0, 42 0 0, 16, 48
0 59 55: 0, 42 0 0, 16, 48
0 59 56: 0, 42 0 0, 16, 48
0 59 57: 0, 42 0 0, 16, 48
0 59 58: 0, 42 0 0, 16, 48
0 59 59: 0, 42 0 0, 16, 48
0 59 60: 0, 42 0 0, 16, 48
0 59 61: 0, 42 0 0, 16, 48
0 59 62: 0, 42 0 0, 16, 48
0 59 63: 0, 42 0 0, 16, 48
0 60 48: 0, 42 0 0, 16, 48
0 60 49: 0, 42 0 0, 16, 48
0 60 50: 0, 42 0 0, 16, 48
0 60 51: 0, 42 0 0, 16, 48
0 60 52: 0, 42 0 0, 16, 48
0 60 53: 0, 42 0 0, 16, 48
0 60 54: 0, 42 0 0, 16, 48
0 60 55: 0, 42 0 0, 16, 48
0 60 56: 0, 42 0 0, 16, 48
0 60 57: 0, 42 0 0, 16, 48
0 60 58: 0, 42 0 0, 16, 48
0 60 59: 0, 42 0 0, 16, 48
0 60 60: 0, 42 0 0, 16, 48
0 60 61: 0, 42 0 0, 16, 48
0 60 62: 0, 42 0 0, 16, 48
0 60 63: 0, 42 0 0, 16, 48
0 61 48: 0, 42 0 0, 16, 48
0 61 49: 0, 42 0 0, 16, 48
0 61 50: 0, 42 0 0, 16, 48
0 61 51: 0, 42 0 0, 16, 48
0 61 52: 0, 42 0 0, 16, 48
0 61 53: 0, 42 0 0, 16, 48
0 61 54: 0, 42 0 0, 16, 48
0 61 55: 0, 42 0 0, 16, 48
0 61 56: 0, 42 0 0, 16, 48
0 61 57: 0, 42 0 0, 16, 48
0 61 58: 0, 42 0 0, 16, 48
0 61 59: 0, 42 0 0, 16, 48
0 61 60: 0, 42 0 0, 16, 48
0 61 61: 0, 42 0 0, 16, 48
0 61 62: 0, 42 0 0, 16, 48
0 61 63: 0, 42 0 0, 16, 48
0 62 48: 0, 42 0 0, 16, 48
0 62 49: 0, 42 0 0, 16, 48
0 62 50: 0, 42 0 0, 16, 48
0 62 51: 0, 42 0 0, 16, 48
0 62 52: 0, 42 0 0, 16, 48
0 62 53: 0, 42 0 0, 16, 48
0 62 54: 0, 42 0 0, 16, 48
0 62 55: 0, 42 0 0, 16, 48
0 62 56: 0, 42 0 0, 16, 48
0 62 57: 0, 42 0 0, 16, 48
0 62 58: 0, 42 0 0, 16, 48
0 62 59: 0, 42 0 0, 16, 48
0 62 60: 0, 42 0 0, 16, 48
0 62 61: 0, 42 0 0, 16, 48
0 62 62: 0, 42 0 0, 16, 48
0 62 63: 0, 42 0 0, 16, 48
0 63 48: 0, 42 0 0, 16, 48
0 63 49: 0, 42 0 0, 16, 48
0 63 50: 0, 42 0 0, 16, 48
0 63 51: 0, 42 0 0, 16, 48
0 63 52: 0, 42 0 0, 16, 48
0 63 53: 0, 42 0 0, 16, 48
0 63 54: 0, 42 0 0, 16, 48
0 63 55: 0, 42 0 0, 16, 48
0 63 56: 0, 42 0 0, 16, 48
0 63 57: 0, 42 0 0, 16, 48
0 63 58: 0, 42 0 0, 16, 48
0 63 59: 0, 42 0 0, 16, 48
0 63 60: 0, 42 0 0, 16, 48
0 63 61: 0, 42 0 0, 16, 48
0 63 62: 0, 42 0 0, 16, 48
0 63 63: 0, 42 0 0, 16, 48
