0 0 0: 0, 42 0 0, 16, 65
0 0 1: 0, 42 0 0, 16, 65
0 0 2: 0, 42 0 0, 16, 65
0 0 3: 0, 42 0 0, 16, 65
0 0 4: 0, 42 0 0, 16, 65
0 0 5: 0, 42 0 0, 16, 65
0 0 6: 0, 42 0 0, 16, 65
0 0 7: 0, 42 0 0, 16, 65
0 0 8: 0, 42 0 0, 16, 65
0 0 9: 0, 42 0 0, -1, 65
0 0 10: 0, 42 0 0, -1, 65
0 0 11: 0, 42 0 0, -1, 65
0 0 12: 0, 42 0 0, -1, 65
0 0 13: 0, 42 0 0, -1, 65
0 0 14: 0, 42 0 0, -1, 65
0 0 15: 0, 42 0 0, -1, 65
0 0 16: 0, 42 0 0, -1, 65
0 1 0: 0, 42 0 0, 16, 65
0 1 1: 0, 42 0 0, 16, 65
0 1 2: 0, 42 0 0, 16, 65
0 1 3: 0, 42 0 0, 16, 65
0 1 4: 0, 42 0 0, 16, 65
0 1 5: 0, 42 0 0, 16, 65
0 1 6: 0, 42 0 0, 16, 65
0 1 7: 0, 42 0 0, 16, 65
0 1 8: 0, 42 0 0, 16, 65
0 1 9: 0, 42 0 0, -1, 65
0 1 10: 0, 42 0 0, -1, 65
0 1 11: 0, 42 0 0, -1, 65
0 1 12: 0, 42 0 0, -1, 65
0 1 13: 0, 42 0 0, -1, 65
0 1 14: 0, 42 0 0, -1, 65
0 1 15: 0, 42 0 0, -1, 65
0 1 16: 0, 42 0 0, -1, 65
0 2 0: 0, 42 0 0, 16, 65
0 2 1: 0, 42 0 0, 16, 65
0 2 2: 0, 42 0 0, 16, 65
0 2 3: 0, 42 0 0, 16, 65
0 2 4: 0, 42 0 0, 16, 65
0 2 5: 0, 42 0 0, 16, 65
0 2 6: 0, 42 0 0, 16, 65
0 2 7: 0, 42 0 0, 16, 65
0 2 8: 0, 42 0 0, 16, 65
0 2 9: 0, 42 0 0, -1, 65
0 2 10: 0, 42 0 0, -1, 65
0 2 11: 0, 42 0 0, -1, 65
0 2 12: 0, 42 0 0, -1, 65
0 2 13: 0, 42 0 0, -1, 65
0 2 14: 0, 42 0 0, -1, 65
0 2 15: 0, 42 0 0, -1, 65
0 2 16: 0, 42 0 0, -1, 65
0 3 0: 0, 42 0 0, 16, 65
0 3 1: 0, 42 0 0, 16, 65
0 3 2: 0, 42 0 0, 16, 65
0 3 3: 0, 42 0 0, 16, 65
0 3 4: 0, 42 0 0, 16, 65
0 3 5: 0, 42 0 0, 16, 65
0 3 6: 0, 42 0 0, 16, 65
0 3 7: 0, 42 0 0, 16, 65
0 3 8: 0, 42 0 0, 16, 65
0 3 9: 0, 42 0 0, -1, 65
0 3 10: 0, 42 0 0, -1, 65
0 3 11: 0, 42 0 0, -1, 65
0 3 12: 0, 42 0 0, -1, 65
0 3 13: 0, 42 0 0, -1, 65
0 3 14: 0, 42 0 0, -1, 65
0 3 15: 0, 42 0 0, -1, 65
0 3 16: 0, 42 0 0, -1, 65
0 4 0: 0, 42 0 0, 16, 65
0 4 1: 0, 42 0 0, 16, 65
0 4 2: 0, 42 0 0, 16, 65
0 4 3: 0, 42 0 0, 16, 65
0 4 4: 0, 42 0 0, 16, 65
0 4 5: 0, 42 0 0, 16, 65
0 4 6: 0, 42 0 0, 16, 65
0 4 7: 0, 42 0 0, 16, 65
0 4 8: 0, 42 0 0, 16, 65
0 4 9: 0, 42 0 0, -1, 65
0 4 10: 0, 42 0 0, -1, 65
0 4 11: 0, 42 0 0, -1, 65
0 4 12: 0, 42 0 0, -1, 65
0 4 13: 0, 42 0 0, -1, 65
0 4 14: 0, 42 0 0, -1, 65
0 4 15: 0, 42 0 0, -1, 65
0 4 16: 0, 42 0 0, -1, 65
0 5 0: 0, 42 0 0, 16, 65
0 5 1: 0, 42 0 0, 16, 65
0 5 2: 0, 42 0 0, 16, 65
0 5 3: 0, 42 0 0, 16, 65
0 5 4: 0, 42 0 0, 16, 65
0 5 5: 0, 42 0 0, 16, 65
0 5 6: 0, 42 0 0, 16, 65
0 5 7: 0, 42 0 0, 16, 65
0 5 8: 0, 42 0 0, 16, 65
0 5 9: 0, 42 0 0, -1, 65
0 5 10: 0, 42 0 0, -1, 65
0 5 11: 0, 42 0 0, -1, 65
0 5 12: 0, 42 0 0, -1, 65
0 5 13: 0, 42 0 0, -1, 65
0 5 14: 0, 42 0 0, -1, 65
0 5 15: 0, 42 0 0, -1, 65
0 5 16: 0, 42 0 0, -1, 65
0 6 0: 0, 42 0 0, 16, 65
0 6 1: 0, 42 0 0, 16, 65
0 6 2: 0, 42 0 0, 16, 65
0 6 3: 0, 42 0 0, 16, 65
0 6 4: 0, 42 0 0, 16, 65
0 6 5: 0, 42 0 0, 16, 65
0 6 6: 0, 42 0 0, 16, 65
0 6 7: 0, 42 0 0, 16, 65
0 6 8: 0, 42 0 0, 16, 65
0 6 9: 0, 42 0 0, -1, 65
0 6 10: 0, 42 0 0, -1, 65
0 6 11: 0, 42 0 0, -1, 65
0 6 12: 0, 42 0 0, -1, 65
0 6 13: 0, 42 0 0, -1, 65
0 6 14: 0, 42 0 0, -1, 65
0 6 15: 0, 42 0 0, -1, 65
0 6 16: 0, 42 0 0, -1, 65
0 7 0: 0, 42 0 0, 16, 65
0 7 1: 0, 42 0 0, 16, 65
0 7 2: 0, 42 0 0, 16, 65
0 7 3: 0, 42 0 0, 16, 65
0 7 4: 0, 42 0 0, 16, 65
0 7 5: 0, 42 0 0, 16, 65
0 7 6: 0, 42 0 0, 16, 65
0 7 7: 0, 42 0 0, 16, 65
0 7 8: 0, 42 0 0, 16, 65
0 7 9: 0, 42 0 0, -1, 65
0 7 10: 0, 42 0 0, -1, 65
0 7 11: 0, 42 0 0, -1, 65
0 7 12: 0, 42 0 0, -1, 65
0 7 13: 0, 42 0 0, -1, 65
0 7 14: 0, 42 0 0, -1, 65
0 7 15: 0, 42 0 0, -1, 65
0 7 16: 0, 42 0 0, -1, -1
0 8 0: 0, 42 0 0, 16, 65
0 8 1: 0, 42 0 0, 16, 65
0 8 2: 0, 42 0 0, 16, 65
0 8 3: 0, 42 0 0, 16, 65
0 8 4: 0, 42 0 0, 16, 65
0 8 5: 0, 42 0 0, 16, 65
0 8 6: 0, 42 0 0, 16, 65
0 8 7: 0, 42 0 0, 16, 65
0 8 8: 0, 42 0 0, 16, 65
0 8 9: 0, 42 0 0, -1, 65
0 8 10: 0, 42 0 0, -1, 65
0 8 11: 0, 42 0 0, -1, 65
0 8 12: 0, 42 0 0, -1, 65
0 8 13: 0, 42 0 0, -1, 65
0 8 14: 0, 42 0 0, -1, 65
0 8 15: 0, 42 0 0, -1, 65
0 8 16: 0, 42 0 0, -1, -1
0 9 0: 0, 42 0 0, 16, 65
0 9 1: 0, 42 0 0, 16, 65
0 9 2: 0, 42 0 0, 16, 65
0 9 3: 0, 42 0 0, 16, 65
0 9 4: 0, 42 0 0, 16, 65
0 9 5: 0, 42 0 0, 16, 65
0 9 6: 0, 42 0 0, 16, 65
0 9 7: 0, 42 0 0, 16, 65
0 9 8: 0, 42 0 0, 16, 65
0 9 9: 0, 42 0 0, -1, 65
0 9 10: 0, 42 0 0, -1, 65
0 9 11: 0, 42 0 0, -1, 65
0 9 12: 0, 42 0 0, -1, 65
0 9 13: 0, 42 0 0, -1, 65
0 9 14: 0, 42 0 0, -1, 65
0 9 15: 0, 42 0 0, -1, -1
0 9 16: 0, 42 0 0, -1, -1
0 10 0: 0, 42 0 0, 16, 65
0 10 1: 0, 42 0 0, 16, 65
0 10 2: 0, 42 0 0, 16, 65
0 10 3: 0, 42 0 0, 16, 65
0 10 4: 0, 42 0 0, 16, 65
0 10 5: 0, 42 0 0, 16, 65
0 10 6: 0, 42 0 0, 16, 65
0 10 7: 0, 42 0 0, 16, 65
0 10 8: 0, 42 0 0, 16, 65
0 10 9: 0, 42 0 0, -1, 65
0 10 10: 0, 42 0 0, -1, 65
0 10 11: 0, 42 0 0, -1, 65
0 10 12: 0, 42 0 0, -1, 65
0 10 13: 0, 42 0 0, -1, 65
0 10 14: 0, 42 0 0, -1, -1
0 10 15: 0, 42 0 0, -1, -1
0 10 16: 0, 42 0 0, -1, -1
0 11 0: 0, 42 0 0, -1, 65
0 11 1: 0, 42 0 0, -1, 65
0 11 2: 0, 42 0 0, -1, 65
0 11 3: 0, 42 0 0, -1, 65
0 11 4: 0, 42 0 0, -1, 65
0 11 5: 0, 42 0 0, -1, 65
0 11 6: 0, 42 0 0, -1, 65
0 11 7: 0, 42 0 0, -1, 65
0 11 8: 0, 42 0 0, -1, 65
0 11 9: 0, 42 0 0, -1, 65
0 11 10: 0, 42 0 0, -1, 65
0 11 11: 0, 42 0 0, -1, 65
0 11 12: 0, 42 0 0, -1, 65
0 11 13: 0, 42 0 0, -1, -1
0 11 14: 0, 42 0 0, -1, -1
0 11 15: 0, 42 0 0, -1, -1
0 11 16: 0, 42 0 0, -1, -1
0 12 0: 0, 42 0 0, -1, 65
0 12 1: 0, 42 0 0, -1, 65
0 12 2: 0, 42 0 0, -1, 65
0 12 3: 0, 42 0 0, -1, 65
0 12 4: 0, 42 0 0, -1, 65
0 12 5: 0, 42 0 0, -1, 65
0 12 6: 0, 42 0 0, -1, 65
0 12 7: 0, 42 0 0, -1, 65
0 12 8: 0, 42 0 0, -1, 65
0 12 9: 0, 42 0 0, -1, 65
0 12 10: 0, 42 0 0, -1, 65
0 12 11: 0, 42 0 0, -1, 65
0 12 12: 0, 42 0 0, -1, -1
0 12 13: 0, 42 0 0, -1, -1
0 12 14: 0, 42 0 0, -1, -1
0 12 15: 0, 42 0 0, -1, -1
0 12 16: 0, 42 0 0, -1, -1
0 13 0: 0, 42 0 0, -1, 65
0 13 1: 0, 42 0 0, -1, 65
0 13 2: 0, 42 0 0, -1, 65
0 13 3: 0, 42 0 0, -1, 65
0 13 4: 0, 42 0 0, -1, 65
0 13 5: 0, 42 0 0, -1, 65
0 13 6: 0, 42 0 0, -1, 65
0 13 7: 0, 42 0 0, -1, 65
0 13 8: 0, 42 0 0, -1, 65
0 13 9: 0, 42 0 0, -1, 65
0 13 10: 0, 42 0 0, -1, -1
0 13 11: 0, 42 0 0, -1, -1
0 13 12: 0, 42 0 0, -1, -1
0 13 13: 0, 42 0 0, -1, -1
0 13 14: 0, 42 0 0, -1, -1
0 13 15: 0, 42 0 0, -1, -1
0 13 16: 0, 42 0 0, -1, -1
0 14 0: 0, 42 0 0, -1, 65
0 14 1: 0, 42 0 0, -1, 65
0 14 2: 0, 42 0 0, -1, 65
0 14 3: 0, 42 0 0, -1, 65
0 14 4: 0, 42 0 0, -1, 65
0 14 5: 0, 42 0 0, -1, 65
0 14 6: 0, 42 0 0, -1, 65
0 14 7: 0, 42 0 0, -1, -1
0 14 8: 0, 42 0 0, -1, -1
0 14 9: 0, 42 0 0, -1, -1
0 14 10: 0, 42 0 0, -1, -1
0 14 11: 0, 42 0 0, -1, -1
0 14 12: 0, 42 0 0, -1, -1
0 14 13: 0, 42 0 0, -1, -1
0 14 14: 0, 42 0 0, -1, -1
0 14 15: 0, 42 0 0, -1, -1
0 14 16: 0, 42 0 0, -1, -1
0 15 0: 0, 42 0 0, -1, -1
0 15 1: 0, 42 0 0, -1, -1
0 15 2: 0, 42 0 0, -1, 65
0 15 3: 0, 42 0 0, -1, -1
0 15 4: 0, 42 0 0, -1, -1
0 15 5: 0, 42 0 0, -1, -1
0 15 6: 0, 42 0 0, -1, -1
0 15 7: 0, 42 0 0, -1, -1
0 15 8: 0, 42 0 0, -1, -1
0 15 9: 0, 42 0 0, -1, -1
0 15 10: 0, 42 0 0, -1, -1
0 15 11: 0, 42 0 0, -1, -1
0 15 12: 0, 42 0 0, -1, -1
0 15 13: 0, 42 0 0, -1, -1
0 15 14: 0, 42 0 0, -1, -1
0 15 15: 0, 42 0 0, -1, -1
0 15 16: 0, 42 0 0, -1, -1
0 16 0: 0, 42 0 0, -1, -1
0 16 1: 0, 42 0 0, -1, -1
0 16 2: 0, 42 0 0, -1, -1
0 16 3: 0, 42 0 0, -1, -1
0 16 4: 0, 42 0 0, -1, -1
0 16 5: 0, 42 0 0, -1, -1
0 16 6: 0, 42 0 0, -1, -1
0 16 7: 0, 42 0 0, -1, -1
0 16 8: 0, 42 0 0, -1, -1
0 16 9: 0, 42 0 0, -1, -1
0 16 10: 0, 42 0 0, -1, -1
0 16 11: 0, 42 0 0, -1, -1
0 16 12: 0, 42 0 0, -1, -1
0 16 13: 0, 42 0 0, -1, -1
0 16 14: 0, 42 0 0, -1, -1
0 16 15: 0, 42 0 0, -1, -1
0 16 16: 0, 42 0 0, -1, -1
0 17 0: 0, 42 0 0, -1, -1
0 17 1: 0, 42 0 0, -1, -1
0 17 2: 0, 42 0 0, -1, -1
0 17 3: 0, 42 0 0, -1, -1
0 17 4: 0, 42 0 0, -1, -1
0 17 5: 0, 42 0 0, -1, -1
0 17 6: 0, 42 0 0, -1, -1
0 17 7: 0, 42 0 0, -1, -1
0 17 8: 0, 42 0 0, -1, -1
0 17 9: 0, 42 0 0, -1, -1
0 17 10: 0, 42 0 0, -1, -1
0 17 11: 0, 42 0 0, -1, -1
0 17 12: 0, 42 0 0, -1, -1
0 17 13: 0, 42 0 0, -1, -1
0 17 14: 0, 42 0 0, -1, -1
0 17 15: 0, 42 0 0, -1, -1
0 17 16: 0, 42 0 0, -1, -1
0 18 0: 0, 42 0 0, -1, -1
0 18 1: 0, 42 0 0, -1, -1
0 18 2: 0, 42 0 0, -1, -1
0 18 3: 0, 42 0 0, -1, -1
0 18 4: 0, 42 0 0, -1, -1
0 18 5: 0, 42 0 0, -1, -1
0 18 6: 0, 42 0 0, -1, -1
0 18 7: 0, 42 0 0, -1, -1
0 18 8: 0, 42 0 0, -1, -1
0 18 9: 0, 42 0 0, -1, -1
0 18 10: 0, 42 0 0, -1, -1
0 18 11: 0, 42 0 0, -1, -1
0 18 12: 0, 42 0 0, -1, -1
0 18 13: 0, 42 0 0, -1, -1
0 18 14: 0, 42 0 0, -1, -1
0 18 15: 0, 42 0 0, -1, -1
0 18 16: 0, 42 0 0, -1, -1
0 53 0: 0, 42 0 0, 16, -1
0 53 1: 0, 42 0 0, 16, -1
0 53 2: 0, 42 0 0, 16, -1
0 53 3: 0, 42 0 0, 16, -1
0 53 4: 0, 42 0 0, 16, -1
0 53 5: 0, 42 0 0, 16, -1
0 53 6: 0, 42 0 0, 16, -1
0 53 7: 0, 42 0 0, 16, -1
0 54 0: 0, 42 0 0, 16, -1
0 54 1: 0, 42 0 0, 16, -1
0 54 2: 0, 42 0 0, 16, -1
0 54 3: 0, 42 0 0, 16, -1
0 54 4: 0, 42 0 0, 16, -1
0 54 5: 0, 42 0 0, 16, -1
0 54 6: 0, 42 0 0, 16, -1
0 54 7: 0, 42 0 0, 16, -1
0 55 0: 0, 42 0 0, 16, -1
0 55 1: 0, 42 0 0, 16, -1
0 55 2: 0, 42 0 0, 16, -1
0 55 3: 0, 42 0 0, 16, -1
0 55 4: 0, 42 0 0, 16, -1
0 55 5: 0, 42 0 0, 16, -1
0 55 6: 0, 42 0 0, 16, -1
0 55 7: 0, 42 0 0, 16, -1
0 56 0: 0, 42 0 0, 16, -1
0 56 1: 0, 42 0 0, 16, -1
0 56 2: 0, 42 0 0, 16, -1
0 56 3: 0, 42 0 0, 16, -1
0 56 4: 0, 42 0 0, 16, -1
0 56 5: 0, 42 0 0, 16, -1
0 56 6: 0, 42 0 0, 16, -1
0 56 7: 0, 42 0 0, 16, -1
0 57 0: 0, 42 0 0, 16, -1
0 57 1: 0, 42 0 0, 16, -1
0 57 2: 0, 42 0 0, 16, -1
0 57 3: 0, 42 0 0, 16, -1
0 57 4: 0, 42 0 0, 16, -1
0 57 5: 0, 42 0 0, 16, -1
0 57 6: 0, 42 0 0, 16, -1
0 57 7: 0, 42 0 0, 16, -1
0 58 0: 0, 42 0 0, 16, -1
0 58 1: 0, 42 0 0, 16, -1
0 58 2: 0, 42 0 0, 16, -1
0 58 3: 0, 42 0 0, 16, -1
0 58 4: 0, 42 0 0, 16, -1
0 58 5: 0, 42 0 0, 16, -1
0 58 6: 0, 42 0 0, 16, -1
0 58 7: 0, 42 0 0, 16, -1
0 59 0: 0, 42 0 0, 16, -1
0 59 1: 0, 42 0 0, 16, -1
0 59 2: 0, 42 0 0, 16, -1
0 59 3: 0, 42 0 0, 16, -1
0 59 4: 0, 42 0 0, 16, -1
0 59 5: 0, 42 0 0, 16, -1
0 59 6: 0, 42 0 0, 16, -1
0 59 7: 0, 42 0 0, 16, -1
0 60 0: 0, 42 0 0, 16, -1
0 60 1: 0, 42 0 0, 16, -1
0 60 2: 0, 42 0 0, 16, -1
0 60 3: 0, 42 0 0, 16, -1
0 60 4: 0, 42 0 0, 16, -1
0 60 5: 0, 42 0 0, 16, -1
0 60 6: 0, 42 0 0, 16, -1
0 60 7: 0, 42 0 0, 16, -1
0 61 0: 0, 42 0 0, 16, -1
0 61 1: 0, 42 0 0, 16, -1
0 61 2: 0, 42 0 0, 16, -1
0 61 3: 0, 42 0 0, 16, -1
0 61 4: 0, 42 0 0, 16, -1
0 61 5: 0, 42 0 0, 16, -1
0 61 6: 0, 42 0 0, 16, -1
0 61 7: 0, 42 0 0, 16, -1
0 62 0: 0, 42 0 0, 16, -1
0 62 1: 0, 42 0 0, 16, -1
0 62 2: 0, 42 0 0, 16, -1
0 62 3: 0, 42 0 0, 16, -1
0 62 4: 0, 42 0 0, 16, -1
0 62 5: 0, 42 0 0, 16, -1
0 62 6: 0, 42 0 0, 16, -1
0 62 7: 0, 42 0 0, 16, -1
0 63 0: 0, 42 0 0, 16, -1
0 63 1: 0, 42 0 0, 16, -1
0 63 2: 0, 42 0 0, 16, -1
0 63 3: 0, 42 0 0, 16, -1
0 63 4: 0, 42 0 0, 16, -1
0 63 5: 0, 42 0 0, 16, -1
0 63 6: 0, 42 0 0, 16, -1
0 63 7: 0, 42 0 0, 16, -1
