0 7 58: 100, -1 -1 -1, -1, -1
0 7 59: 100, -1 -1 -1, -1, -1
0 7 60: 100, -1 -1 -1, -1, -1
0 7 61: 100, -1 -1 -1, -1, -1
0 7 62: 100, -1 -1 -1, -1, -1
0 7 63: 100, -1 -1 -1, -1, -1
0 8 58: 100, -1 -1 -1, -1, -1
0 9 58: 100, -1 -1 -1, -1, -1
0 10 58: 100, -1 -1 -1, -1, -1
0 11 58: 100, -1 -1 -1, -1, -1
0 12 58: 100, -1 -1 -1, -1, -1
0 13 58: 100, -1 -1 -1, -1, -1
0 14 58: 100, -1 -1 -1, -1, -1
0 15 58: 100, -1 -1 -1, -1, -1
0 16 58: 100, -1 -1 -1, -1, -1
0 17 58: 100, -1 -1 -1, -1, -1
0 18 58: 100, -1 -1 -1, -1, -1
0 19 58: 100, -1 -1 -1, -1, -1
0 20 58: 100, -1 -1 -1, -1, -1
0 21 58: 100, -1 -1 -1, -1, -1
0 22 58: 100, -1 -1 -1, -1, -1
0 23 58: 100, -1 -1 -1, -1, -1
0 24 58: 100, -1 -1 -1, -1, -1
0 24 59: 100, -1 -1 -1, -1, -1
0 24 60: 100, -1 -1 -1, -1, -1
0 24 61: 100, -1 -1 -1, -1, -1
0 24 62: 100, -1 -1 -1, -1, -1
0 24 63: 100, -1 -1 -1, -1, -1
0 28 46: 0, 42 0 0, -1, 67
0 28 47: 0, 42 0 0, -1, 67
0 28 48: 0, 42 0 0, -1, 67
0 28 49: 0, 42 0 0, -1, 67
0 28 50: 0, 42 0 0, -1, 67
0 28 51: 0, 42 0 0, -1, 67
0 28 52: 0, 42 0 0, -1, 67
0 28 53: 0, 42 0 0, -1, 67
0 28 54: 0, 42 0 0, -1, 67
0 28 55: 0, 42 0 0, -1, 67
0 28 56: 0, 42 0 0, -1, 67
0 28 57: 0, 42 0 0, -1, 67
0 28 58: 0, 42 0 0, -1, 67
0 28 59: 0, 42 0 0, -1, 67
0 29 46: 0, 42 0 0, -1, 67
0 29 47: 0, 42 0 0, -1, 67
0 29 48: 0, 42 0 0, -1, 67
0 29 49: 0, 42 0 0, -1, 67
0 29 50: 0, 42 0 0, -1, 67
0 29 51: 0, 42 0 0, -1, 67
0 29 52: 0, 42 0 0, -1, 67
0 29 53: 0, 42 0 0, -1, 67
0 29 54: 0, 42 0 0, -1, 67
0 29 55: 0, 42 0 0, -1, 67
0 29 56: 0, 42 0 0, -1, 67
0 29 57: 0, 42 0 0, -1, 67
0 29 58: 0, 42 0 0, -1, 67
0 29 59: 0, 42 0 0, -1, 67
0 30 46: 0, 42 0 0, -1, 67
0 30 47: 0, 42 0 0, -1, 67
0 30 48: 0, 42 0 0, -1, 67
0 30 49: 0, 42 0 0, -1, 67
0 30 50: 0, 42 1 0, -1, 67
0 30 51: 0, -1 -1 -1, -1, 67
0 30 52: 0, -1 -1 -1, -1, 67
0 30 53: 0, -1 -1 -1, -1, 67
0 30 54: 0, 42 1 1, -1, 67
0 30 55: 0, 42 0 0, -1, 67
0 30 56: 0, 42 0 0, -1, 67
0 30 57: 0, 42 0 0, -1, 67
0 30 58: 0, 42 0 0, -1, 67
0 30 59: 0, 42 0 0, -1, 67
0 31 46: 0, 42 0 0, -1, 67
0 31 47: 0, 42 0 0, -1, 67
0 31 48: 0, 42 0 0, -1, 67
0 31 49: 0, 42 0 0, -1, 67
0 31 50: 0, -1 -1 -1, -1, 67
0 31 51: 0, -1 -1 -1, -1, 67
0 31 52: 28, -1 -1 -1, -1, 67
0 31 53: 28, -1 -1 -1, -1, 67
0 31 54: 0, -1 -1 -1, -1, 67
0 31 55: 0, 42 0 0, -1, 67
0 31 56: 0, 42 0 0, -1, 67
0 31 57: 0, 42 0 0, -1, 67
0 31 58: 0, 42 0 0, -1, 67
0 31 59: 0, 42 0 0, -1, 67
0 32 46: 0, 42 0 0, -1, 67
0 32 47: 0, 42 0 0, -1, 67
0 32 48: 0, 42 0 0, -1, 67
0 32 49: 0, 42 1 0, -1, 67
0 32 50: 0, -1 -1 -1, -1, 67
0 32 51: 33, -1 -1 -1, -1, 67
0 32 52: 28, -1 -1 -1, -1, 67
0 32 53: 28, -1 -1 -1, -1, 67
0 32 54: 28, -1 -1 -1, -1, 67
0 32 55: 0, 42 1 1, -1, 67
0 32 56: 0, 42 0 0, -1, 67
0 32 57: 0, 42 0 0, -1, 67
0 32 58: 0, 42 0 0, -1, 67
0 32 59: 0, 42 0 0, -1, 67
0 33 46: 0, 42 0 0, -1, 67
0 33 47: 0, 42 0 0, -1, 67
0 33 48: 0, 42 0 0, -1, 67
0 33 49: 0, -1 -1 -1, -1, 67
0 33 50: 0, -1 -1 -1, -1, 67
0 33 51: 28, -1 -1 -1, -1, 67
0 33 52: 28, -1 -1 -1, -1, 67
0 33 53: 28, -1 -1 -1, -1, 67
0 33 54: 28, -1 -1 -1, -1, 67
0 33 55: 0, -1 -1 -1, -1, 67
0 33 56: 0, 42 0 0, -1, 67
0 33 57: 0, 42 0 0, -1, 67
0 33 58: 0, 42 0 0, -1, 67
0 33 59: 0, 42 0 0, -1, 67
0 34 46: 0, 42 0 0, -1, 67
0 34 47: 0, 42 0 0, -1, 67
0 34 48: 0, 42 0 0, -1, 67
0 34 49: 0, -1 -1 -1, -1, 67
0 34 50: 0, -1 -1 -1, -1, 67
0 34 51: 0, -1 -1 -1, -1, 67
0 34 52: 28, -1 -1 -1, -1, 67
0 34 53: 28, -1 -1 -1, -1, 67
0 34 54: 0, -1 -1 -1, -1, 67
0 34 55: 0, -1 -1 -1, -1, 67
0 34 56: 0, 42 0 0, -1, 67
0 34 57: 0, 42 0 0, -1, 67
0 34 58: 0, 42 0 0, -1, 67
0 34 59: 0, 42 0 0, -1, 67
0 35 46: 0, 42 0 0, -1, 67
0 35 47: 0, 42 0 0, -1, 67
0 35 48: 0, 42 0 0, -1, 67
0 35 49: 0, -1 -1 -1, -1, 67
0 35 50: 0, -1 -1 -1, -1, 67
0 35 51: 0, -1 -1 -1, -1, 67
0 35 52: 0, -1 -1 -1, -1, 67
0 35 53: 0, -1 -1 -1, -1, 67
0 35 54: 0, -1 -1 -1, -1, 67
0 35 55: 0, -1 -1 -1, -1, 67
0 35 56: 0, 42 0 0, -1, 67
0 35 57: 0, 42 0 0, -1, 67
0 35 58: 0, 42 0 0, -1, 67
0 35 59: 0, 42 0 0, -1, 67
0 36 46: 0, 42 0 0, -1, 67
0 36 47: 0, 42 0 0, -1, 67
0 36 48: 0, 42 0 0, -1, 67
0 36 49: 0, 42 1 3, -1, 67
0 36 50: 0, -1 -1 -1, -1, 67
0 36 51: 0, -1 -1 -1, -1, 67
0 36 52: 0, -1 -1 -1, -1, 67
0 36 53: 0, -1 -1 -1, -1, 67
0 36 54: 0, -1 -1 -1, -1, 67
0 36 55: 0, 42 1 2, -1, 67
0 36 56: 0, 42 0 0, -1, 67
0 36 57: 0, 42 0 0, -1, 67
0 36 58: 0, 42 0 0, -1, 67
0 36 59: 0, 42 0 0, -1, 67
0 37 46: 0, 42 0 0, -1, 67
0 37 47: 0, 42 0 0, -1, 67
0 37 48: 0, 42 0 0, -1, 67
0 37 49: 0, 42 0 0, -1, 67
0 37 50: 0, -1 -1 -1, -1, 67
0 37 51: 0, -1 -1 -1, -1, 67
0 37 52: 0, -1 -1 -1, -1, 67
0 37 53: 0, -1 -1 -1, -1, 67
0 37 54: 0, -1 -1 -1, -1, 67
0 37 55: 0, 42 0 0, -1, 67
0 37 56: 0, 42 0 0, -1, 67
0 37 57: 0, 42 0 0, -1, 67
0 37 58: 0, 42 0 0, -1, 67
0 37 59: 0, 42 0 0, -1, 67
0 38 46: 0, 42 0 0, -1, 67
0 38 47: 0, 42 0 0, -1, 67
0 38 48: 0, 42 0 0, -1, 67
0 38 49: 0, 42 0 0, -1, 67
0 38 50: 0, 42 1 3, -1, 67
0 38 51: 0, -1 -1 -1, -1, 67
0 38 52: 0, -1 -1 -1, -1, 67
0 38 53: 0, -1 -1 -1, -1, 67
0 38 54: 0, 42 1 2, -1, 67
0 38 55: 0, 42 0 0, -1, 67
0 38 56: 0, 42 0 0, -1, 67
0 38 57: 0, 42 0 0, -1, 67
0 38 58: 0, 42 0 0, -1, 67
0 38 59: 0, 42 0 0, -1, 67
0 39 17: 36, -1 -1 -1, -1, -1
0 39 19: 36, -1 -1 -1, -1, -1
0 39 20: 37, -1 -1 -1, -1, -1
0 39 21: 38, -1 -1 -1, -1, -1
0 39 22: 40, -1 -1 -1, -1, -1
0 39 23: 42, -1 -1 -1, -1, -1
0 39 46: 0, 42 0 0, -1, 67
0 39 47: 0, 42 0 0, -1, 67
0 39 48: 0, 42 0 0, -1, 67
0 39 49: 0, 42 0 0, -1, 67
0 39 50: 0, 42 0 0, -1, 67
0 39 51: 0, -1 -1 -1, -1, 67
0 39 52: 0, -1 -1 -1, -1, 67
0 39 53: 0, -1 -1 -1, -1, 67
0 39 54: 0, 42 0 0, -1, 67
0 39 55: 0, 42 0 0, -1, 67
0 39 56: 0, 42 0 0, -1, 67
0 39 57: 0, 42 0 0, -1, 67
0 39 58: 0, 42 0 0, -1, 67
0 39 59: 0, 42 0 0, -1, 67
0 40 16: 30, 42 0 0, -1, 48
0 40 17: 33, 42 0 0, -1, 48
0 40 18: 35, 42 0 0, -1, 48
0 40 19: 36, 42 0 0, -1, 48
0 40 20: 35, 42 0 0, -1, 48
0 40 21: 0, 42 0 0, -1, 48
0 40 22: 39, 42 0 0, -1, 48
0 40 23: 42, 42 0 0, -1, 48
0 40 24: 0, 42 0 0, -1, 48
0 40 25: 0, 42 0 0, -1, 48
0 40 26: 0, 42 0 0, -1, 48
0 40 27: 0, 42 0 0, -1, 48
0 40 28: 0, 42 0 0, -1, 48
0 40 29: 0, 42 0 0, -1, 67
0 40 30: 0, 42 0 0, -1, 48
0 40 31: 0, 42 0 0, -1, 48
0 40 32: 0, 42 0 0, -1, 67
0 40 33: 0, 42 0 0, -1, 67
0 40 34: 0, 42 0 0, -1, 67
0 40 35: 0, 42 0 0, -1, 67
0 40 36: 0, 42 0 0, -1, 67
0 40 37: 0, 42 0 0, -1, 67
0 40 38: 0, 42 0 0, -1, 67
0 40 39: 0, 42 0 0, -1, 67
0 40 40: 0, 42 0 0, -1, 67
0 40 41: 0, 42 0 0, -1, 67
0 40 42: 0, 42 0 0, -1, 67
0 40 43: 0, 42 0 0, -1, 67
0 40 44: 0, 42 0 0, -1, 67
0 40 45: 0, 42 0 0, -1, 67
0 40 46: 0, 42 0 0, -1, 67
0 40 47: 0, 42 0 0, -1, 67
0 40 48: 0, 42 0 0, -1, 67
0 40 49: 0, 42 0 0, -1, 67
0 40 50: 0, 42 0 0, -1, 67
0 40 51: 0, -1 -1 -1, -1, 67
0 40 52: 0, -1 -1 -1, -1, 67
0 40 53: 0, -1 -1 -1, -1, 67
0 40 54: 0, 42 0 0, -1, 67
0 40 55: 0, 42 0 0, -1, 67
0 40 56: 0, 42 0 0, -1, 67
0 40 57: 0, 42 0 0, -1, 67
0 40 58: 0, 42 0 0, -1, 67
0 40 59: 0, 42 0 0, -1, 67
0 41 16: 27, 42 0 0, -1, 48
0 41 17: 31, 42 0 0, -1, 48
0 41 18: 0, 42 0 0, -1, 48
0 41 19: 38, 42 0 0, -1, 48
0 41 20: 0, 42 0 0, -1, 48
0 41 21: 58, 42 0 0, -1, 48
0 41 22: 0, 42 0 0, -1, 48
0 41 23: 40, 42 0 0, -1, 48
0 41 24: 0, 42 0 0, -1, 48
0 41 25: 0, 42 0 0, -1, 48
0 41 26: 0, 42 0 0, -1, 48
0 41 27: 0, 42 0 0, -1, 48
0 41 28: 0, 42 0 0, -1, 48
0 41 29: 0, 42 0 0, -1, 48
0 41 30: 0, 42 0 0, -1, 48
0 41 31: 0, 42 0 0, -1, 48
0 41 32: 0, 42 0 0, -1, 67
0 41 33: 0, 42 0 0, -1, 67
0 41 34: 0, 42 0 0, -1, 67
0 41 35: 0, 42 0 0, -1, 67
0 41 36: 0, 42 0 0, -1, 67
0 41 37: 0, 42 0 0, -1, 67
0 41 38: 0, 42 0 0, -1, 67
0 41 39: 0, 42 0 0, -1, 67
0 41 40: 0, 42 0 0, -1, 67
0 41 41: 0, 42 0 0, -1, 67
0 41 42: 0, 42 0 0, -1, 67
0 41 43: 0, 42 0 0, -1, 67
0 41 44: 0, 42 0 0, -1, 67
0 41 45: 0, 42 0 0, -1, 67
0 41 46: 0, 42 0 0, -1, 67
0 41 47: 0, 42 0 0, -1, 67
0 41 48: 0, 42 0 0, -1, 67
0 41 49: 0, 42 0 0, -1, 67
0 41 50: 0, 42 1 0, -1, 67
0 41 51: 0, -1 -1 -1, -1, 67
0 41 52: 0, -1 -1 -1, -1, 67
0 41 53: 0, -1 -1 -1, -1, 67
0 41 54: 0, 42 1 1, -1, 67
0 41 55: 0, 42 0 0, -1, 67
0 41 56: 0, 42 0 0, -1, 67
0 41 57: 0, 42 0 0, -1, 67
0 41 58: 0, 42 0 0, -1, 67
0 41 59: 0, 42 0 0, -1, 67
0 42 16: 0, 42 0 0, -1, 48
0 42 17: 0, 42 0 0, -1, 48
0 42 18: 39, 42 0 0, -1, 48
0 42 19: 46, 42 0 0, -1, 48
0 42 20: 58, 42 0 0, -1, 48
0 42 21: 53, 42 0 0, -1, 48
0 42 22: 43, 42 0 0, -1, 48
0 42 23: 40, 42 1 0, -1, 48
0 42 24: 39, -1 -1 -1, -1, 48
0 42 25: 39, -1 -1 -1, -1, 48
0 42 26: 40, -1 -1 -1, -1, 48
0 42 27: 0, -1 -1 -1, -1, 48
0 42 28: 0, 42 1 1, -1, 48
0 42 29: 0, 42 0 0, -1, 48
0 42 30: 0, 42 0 0, -1, 48
0 42 31: 0, 42 0 0, -1, 67
0 42 32: 0, 42 0 0, -1, 67
0 42 33: 0, 42 0 0, -1, 67
0 42 34: 0, 42 0 0, -1, 67
0 42 35: 0, 42 0 0, -1, 67
0 42 36: 0, 42 0 0, -1, 67
0 42 37: 0, 42 0 0, -1, 67
0 42 38: 0, 42 0 0, -1, 67
0 42 39: 0, 42 0 0, -1, 67
0 42 40: 0, 42 0 0, -1, 67
0 42 41: 0, 42 0 0, -1, 67
0 42 42: 0, 42 0 0, -1, 67
0 42 43: 0, 42 0 0, -1, 67
0 42 44: 0, 42 0 0, -1, 67
0 42 45: 0, 42 0 0, -1, 67
0 42 46: 0, 42 0 0, -1, 67
0 42 47: 0, 42 0 0, -1, 67
0 42 48: 0, 42 0 0, -1, 67
0 42 49: 0, 42 1 0, -1, 67
0 42 50: 0, -1 -1 -1, -1, 67
0 42 51: 0, -1 -1 -1, -1, 67
0 42 52: 0, -1 -1 -1, -1, 67
0 42 53: 0, -1 -1 -1, -1, 67
0 42 54: 0, -1 -1 -1, -1, 67
0 42 55: 0, 42 1 1, -1, 67
0 42 56: 0, 42 0 0, -1, 67
0 42 57: 0, 42 0 0, -1, 67
0 42 58: 0, 42 0 0, -1, 67
0 42 59: 0, 42 0 0, -1, 67
0 43 14: 32, -1 -1 -1, -1, -1
0 43 15: 33, -1 -1 -1, -1, -1
0 43 16: 32, 42 0 0, -1, 48
0 43 17: 36, 42 0 0, -1, 48
0 43 18: 46, 42 0 0, -1, 48
0 43 19: 52, 42 0 0, -1, 48
0 43 20: 58, 42 0 0, -1, 48
0 43 21: 53, 42 0 0, -1, 48
0 43 22: 45, 42 1 0, -1, 48
0 43 23: 40, -1 -1 -1, -1, 48
0 43 24: 37, -1 -1 -1, -1, 48
0 43 25: 37, -1 -1 -1, -1, 48
0 43 26: 38, -1 -1 -1, -1, 48
0 43 27: 0, -1 -1 -1, -1, 67
0 43 28: 0, -1 -1 -1, -1, 67
0 43 29: 0, 42 1 1, -1, 48
0 43 30: 0, 42 0 0, -1, 67
0 43 31: 0, 42 0 0, -1, 67
0 43 32: 0, 42 0 0, -1, 67
0 43 33: 0, 42 0 0, -1, 67
0 43 34: 0, 42 0 0, -1, 67
0 43 35: 0, 42 0 0, -1, 67
0 43 36: 0, 42 0 0, -1, 67
0 43 37: 0, 42 0 0, -1, 67
0 43 38: 0, 42 0 0, -1, 67
0 43 39: 0, 42 0 0, -1, 67
0 43 40: 0, 42 0 0, -1, 67
0 43 41: 0, 42 0 0, -1, 67
0 43 42: 0, 42 0 0, -1, 67
0 43 43: 0, 42 0 0, -1, 67
0 43 44: 0, 42 0 0, -1, 67
0 43 45: 0, 42 0 0, -1, 67
0 43 46: 0, 42 0 0, -1, 67
0 43 47: 0, 42 0 0, -1, 67
0 43 48: 0, 42 0 0, -1, 67
0 43 49: 0, -1 -1 -1, -1, 67
0 43 50: 0, -1 -1 -1, -1, 67
0 43 51: 0, -1 -1 -1, -1, 67
0 43 52: 0, -1 -1 -1, -1, 67
0 43 53: 0, -1 -1 -1, -1, 67
0 43 54: 0, -1 -1 -1, -1, 67
0 43 55: 0, -1 -1 -1, -1, 67
0 43 56: 0, 42 0 0, -1, 67
0 43 57: 0, 42 0 0, -1, 67
0 43 58: 0, 42 0 0, -1, 67
0 43 59: 0, 42 0 0, -1, 67
0 44 14: 33, -1 -1 -1, -1, -1
0 44 15: 36, -1 -1 -1, -1, -1
0 44 16: 0, 42 0 0, -1, 48
0 44 17: 41, 42 0 0, -1, 48
0 44 18: 58, 42 1 0, -1, 48
0 44 19: 58, -1 -1 -1, -1, 48
0 44 20: 58, -1 -1 -1, -1, 48
0 44 21: 53, -1 -1 -1, -1, 48
0 44 22: 46, -1 -1 -1, -1, 48
0 44 23: 41, -1 -1 -1, -1, 48
0 44 24: 37, -1 -1 -1, -1, 48
0 44 25: 36, -1 -1 -1, -1, 67
0 44 26: 0, -1 -1 -1, -1, 67
0 44 27: 39, -1 -1 -1, -1, 67
0 44 28: 0, -1 -1 -1, -1, 67
0 44 29: 0, -1 -1 -1, -1, 67
0 44 30: 0, -1 -1 -1, -1, 67
0 44 31: 0, -1 -1 -1, -1, 67
0 44 32: 0, 42 1 1, -1, 67
0 44 33: 0, 42 0 0, -1, 67
0 44 34: 0, 42 0 0, -1, 67
0 44 35: 0, 42 0 0, -1, 67
0 44 36: 0, 42 0 0, -1, 67
0 44 37: 0, 42 0 0, -1, 67
0 44 38: 0, 42 0 0, -1, 67
0 44 39: 0, 42 0 0, -1, 67
0 44 40: 0, 42 0 0, -1, 67
0 44 41: 0, 42 0 0, -1, 67
0 44 42: 0, 42 0 0, -1, 67
0 44 43: 0, 42 0 0, -1, 67
0 44 44: 0, 42 0 0, -1, 67
0 44 45: 0, 42 0 0, -1, 67
0 44 46: 0, 42 0 0, -1, 67
0 44 47: 0, 42 0 0, -1, 67
0 44 48: 0, 42 1 0, -1, 67
0 44 49: 0, -1 -1 -1, -1, 67
0 44 50: 0, -1 -1 -1, -1, 67
0 44 51: 0, -1 -1 -1, -1, 67
0 44 52: 0, -1 -1 -1, -1, 67
0 44 53: 0, -1 -1 -1, -1, 67
0 44 54: 0, -1 -1 -1, -1, 67
0 44 55: 0, -1 -1 -1, -1, 67
0 44 56: 0, 42 1 1, -1, 67
0 44 57: 0, 42 0 0, -1, 67
0 44 58: 0, 42 0 0, -1, 67
0 44 59: 0, 42 0 0, -1, 67
0 45 14: 32, -1 -1 -1, -1, -1
0 45 15: 36, -1 -1 -1, -1, -1
0 45 16: 41, 42 0 0, -1, 48
0 45 17: 58, 42 1 0, -1, 48
0 45 18: 58, -1 -1 -1, -1, 48
0 45 19: 58, -1 -1 -1, -1, 48
0 45 20: 58, -1 -1 -1, -1, 48
0 45 21: 54, -1 -1 -1, -1, 48
0 45 22: 48, -1 -1 -1, -1, 48
0 45 23: 43, -1 -1 -1, -1, 48
0 45 24: 39, -1 -1 -1, -1, 48
0 45 25: 37, -1 -1 -1, -1, 48
0 45 26: 35, -1 -1 -1, -1, 67
0 45 27: 36, -1 -1 -1, -1, 67
0 45 28: 0, -1 -1 -1, -1, 67
0 45 29: 0, -1 -1 -1, -1, 67
0 45 30: 0, -1 -1 -1, -1, 67
0 45 31: 0, -1 -1 -1, -1, 67
0 45 32: 0, -1 -1 -1, -1, 67
0 45 33: 0, 42 1 1, -1, 67
0 45 34: 0, 42 0 0, -1, 67
0 45 35: 0, 42 0 0, -1, 67
0 45 36: 0, 42 0 0, -1, 67
0 45 37: 0, 42 0 0, -1, 67
0 45 38: 0, 42 0 0, -1, 67
0 45 39: 0, 42 0 0, -1, 67
0 45 40: 0, 42 0 0, -1, 67
0 45 41: 0, 42 0 0, -1, 67
0 45 42: 0, 42 0 0, -1, 67
0 45 43: 0, 42 0 0, -1, 67
0 45 44: 0, 42 0 0, -1, 67
0 45 45: 0, 42 0 0, -1, 67
0 45 46: 0, 42 0 0, -1, 67
0 45 47: 0, 42 0 0, -1, 67
0 45 48: 0, -1 -1 -1, -1, 67
0 45 49: 0, -1 -1 -1, -1, 67
0 45 50: 0, -1 -1 -1, -1, 67
0 45 51: 0, -1 -1 -1, -1, 67
0 45 52: 0, -1 -1 -1, -1, 67
0 45 53: 0, -1 -1 -1, -1, 67
0 45 54: 0, -1 -1 -1, -1, 67
0 45 55: 0, -1 -1 -1, -1, 67
0 45 56: 0, -1 -1 -1, -1, 67
0 45 57: 0, 42 0 0, -1, 67
0 45 58: 0, 42 0 0, -1, 67
0 45 59: 0, 42 0 0, -1, 67
0 46 14: 30, -1 -1 -1, -1, -1
0 46 16: 46, 42 0 0, -1, 48
0 46 17: 55, -1 -1 -1, -1, 48
0 46 18: 58, -1 -1 -1, -1, 48
0 46 19: 58, -1 -1 -1, -1, 48
0 46 20: 58, -1 -1 -1, -1, 48
0 46 21: 55, -1 -1 -1, -1, 48
0 46 22: 49, -1 -1 -1, -1, 48
0 46 23: 44, -1 -1 -1, -1, 48
0 46 24: 40, -1 -1 -1, -1, 48
0 46 25: 37, -1 -1 -1, -1, 67
0 46 26: 36, -1 -1 -1, -1, 67
0 46 27: 0, -1 -1 -1, -1, 67
0 46 28: 38, -1 -1 -1, -1, 67
0 46 29: 0, -1 -1 -1, -1, 67
0 46 30: 0, -1 -1 -1, -1, 67
0 46 31: 0, -1 -1 -1, -1, 67
0 46 32: 0, -1 -1 -1, -1, 67
0 46 33: 0, -1 -1 -1, -1, 67
0 46 34: 0, 42 1 1, -1, 67
0 46 35: 0, 42 0 0, -1, 67
0 46 36: 0, 42 0 0, -1, 67
0 46 37: 0, 42 0 0, -1, 67
0 46 38: 0, 42 0 0, -1, 67
0 46 39: 0, 42 0 0, -1, 67
0 46 40: 0, 42 0 0, -1, 67
0 46 41: 0, 42 0 0, -1, 67
0 46 42: 0, 42 0 0, -1, 67
0 46 43: 0, 42 0 0, -1, 67
0 46 44: 0, 42 0 0, -1, 67
0 46 45: 0, 42 0 0, -1, 67
0 46 46: 0, 42 0 0, -1, 67
0 46 47: 0, 42 0 0, -1, 67
0 46 48: 0, -1 -1 -1, -1, 67
0 46 49: 0, -1 -1 -1, -1, 67
0 46 50: 0, -1 -1 -1, -1, 67
0 46 51: 0, -1 -1 -1, -1, 67
0 46 52: 0, -1 -1 -1, -1, 67
0 46 53: 0, -1 -1 -1, -1, 67
0 46 54: 0, -1 -1 -1, -1, 67
0 46 55: 0, -1 -1 -1, -1, 67
0 46 56: 0, -1 -1 -1, -1, 67
0 46 57: 0, 42 0 0, -1, 67
0 46 58: 0, 42 0 0, -1, 67
0 46 59: 0, 42 0 0, -1, 67
0 47 16: 38, 42 0 0, -1, 48
0 47 17: 53, -1 -1 -1, -1, 48
0 47 18: 57, -1 -1 -1, -1, 48
0 47 19: 57, -1 -1 -1, -1, 48
0 47 20: 58, -1 -1 -1, -1, 48
0 47 21: 58, -1 -1 -1, -1, 48
0 47 22: 51, -1 -1 -1, -1, 48
0 47 23: 45, -1 -1 -1, -1, 48
0 47 24: 41, -1 -1 -1, -1, 48
0 47 25: 38, -1 -1 -1, -1, 48
0 47 26: 37, -1 -1 -1, -1, 67
0 47 27: 37, -1 -1 -1, -1, 67
0 47 28: 38, -1 -1 -1, -1, 67
0 47 29: 0, -1 -1 -1, -1, 67
0 47 30: 0, -1 -1 -1, -1, 67
0 47 31: 0, -1 -1 -1, -1, 67
0 47 32: 0, -1 -1 -1, -1, 67
0 47 33: 0, -1 -1 -1, -1, 67
0 47 34: 0, -1 -1 -1, -1, 67
0 47 35: 0, -1 -1 -1, -1, 67
0 47 36: 0, 42 1 1, -1, 67
0 47 37: 0, 42 0 0, -1, 67
0 47 38: 0, 42 0 0, -1, 67
0 47 39: 0, 42 0 0, -1, 67
0 47 40: 0, 42 0 0, -1, 67
0 47 41: 0, 42 0 0, -1, 67
0 47 42: 0, 42 0 0, -1, 67
0 47 43: 0, 42 0 0, -1, 67
0 47 44: 0, 42 0 0, -1, 67
0 47 45: 0, 42 0 0, -1, 67
0 47 46: 0, 42 0 0, -1, 67
0 47 47: 0, 42 0 0, -1, 67
0 47 48: 0, -1 -1 -1, -1, 67
0 47 49: 0, -1 -1 -1, -1, 67
0 47 50: 0, -1 -1 -1, -1, 67
0 47 51: 0, -1 -1 -1, -1, 67
0 47 52: 0, -1 -1 -1, -1, 67
0 47 53: 0, -1 -1 -1, -1, 67
0 47 54: 0, -1 -1 -1, -1, 67
0 47 55: 0, -1 -1 -1, -1, 67
0 47 56: 0, -1 -1 -1, -1, 67
0 47 57: 0, 42 0 0, -1, 67
0 47 58: 0, 42 0 0, -1, 67
0 47 59: 0, 42 0 0, -1, 67
0 48 16: 31, 42 0 0, -1, 48
0 48 17: 53, 42 1 3, -1, 48
0 48 18: 58, -1 -1 -1, -1, 48
0 48 19: 58, -1 -1 -1, -1, 48
0 48 20: 58, -1 -1 -1, -1, 48
0 48 21: 58, -1 -1 -1, -1, 48
0 48 22: 52, -1 -1 -1, -1, 48
0 48 23: 46, -1 -1 -1, -1, 48
0 48 24: 42, -1 -1 -1, -1, 48
0 48 25: 39, -1 -1 -1, -1, 67
0 48 26: 37, -1 -1 -1, -1, 67
0 48 27: 37, -1 -1 -1, -1, 67
0 48 28: 39, -1 -1 -1, -1, 67
0 48 29: 42, -1 -1 -1, -1, 67
0 48 30: 0, -1 -1 -1, -1, 67
0 48 31: 0, -1 -1 -1, -1, 67
0 48 32: 0, -1 -1 -1, -1, 67
0 48 33: 0, -1 -1 -1, -1, 67
0 48 34: 0, -1 -1 -1, -1, 67
0 48 35: 0, -1 -1 -1, -1, 67
0 48 36: 0, -1 -1 -1, -1, 67
0 48 37: 0, -1 -1 -1, -1, 67
0 48 38: 0, -1 -1 -1, -1, 67
0 48 39: 0, 42 1 1, -1, 67
0 48 40: 0, 42 0 0, -1, 67
0 48 41: 0, 42 0 0, -1, 67
0 48 42: 0, 42 0 0, -1, 67
0 48 43: 0, 42 0 0, -1, 67
0 48 44: 0, 42 0 0, -1, 67
0 48 45: 0, 42 0 0, -1, 67
0 48 46: 0, 42 0 0, -1, 67
0 48 47: 0, 42 0 0, -1, 67
0 48 48: 0, -1 -1 -1, -1, 67
0 48 49: 0, -1 -1 -1, -1, 67
0 48 50: 0, -1 -1 -1, -1, 67
0 48 51: 0, -1 -1 -1, -1, 67
0 48 52: 0, -1 -1 -1, -1, 67
0 48 53: 0, -1 -1 -1, -1, 67
0 48 54: 0, -1 -1 -1, -1, 67
0 48 55: 0, -1 -1 -1, -1, 67
0 48 56: 0, -1 -1 -1, -1, 67
0 48 57: 0, 42 0 0, -1, 67
0 48 58: 0, 42 0 0, -1, 67
0 48 59: 0, 42 0 0, -1, 67
0 49 15: 23, -1 -1 -1, -1, -1
0 49 16: 28, 42 0 0, -1, 48
0 49 17: 49, 42 0 0, -1, 48
0 49 18: 58, 42 1 3, -1, 48
0 49 19: 58, -1 -1 -1, -1, 48
0 49 20: 58, -1 -1 -1, -1, 48
0 49 21: 58, -1 -1 -1, -1, 48
0 49 22: 53, -1 -1 -1, -1, 48
0 49 23: 47, -1 -1 -1, -1, 48
0 49 24: 0, -1 -1 -1, -1, 48
0 49 25: 39, -1 -1 -1, -1, 48
0 49 26: 37, -1 -1 -1, -1, 67
0 49 27: 37, -1 -1 -1, -1, 67
0 49 28: 39, -1 -1 -1, -1, 67
0 49 29: 42, -1 -1 -1, -1, 67
0 49 30: 0, -1 -1 -1, -1, 67
0 49 31: 0, -1 -1 -1, -1, 67
0 49 32: 0, 42 1 2, -1, 67
0 49 33: 0, 42 0 0, -1, 67
0 49 34: 0, 42 0 0, -1, 67
0 49 35: 0, 42 1 3, -1, 67
0 49 36: 0, -1 -1 -1, -1, 67
0 49 37: 0, -1 -1 -1, -1, 67
0 49 38: 0, -1 -1 -1, -1, 67
0 49 39: 0, -1 -1 -1, -1, 67
0 49 40: 0, -1 -1 -1, -1, 67
0 49 41: 0, -1 -1 -1, -1, 67
0 49 42: 0, -1 -1 -1, -1, 67
0 49 43: 0, 42 1 1, -1, 67
0 49 44: 0, 42 0 0, -1, 67
0 49 45: 0, 42 0 0, -1, 67
0 49 46: 0, 42 0 0, -1, 67
0 49 47: 0, 42 1 0, -1, 67
0 49 48: 0, -1 -1 -1, -1, 67
0 49 49: 0, -1 -1 -1, -1, 67
0 49 50: 0, -1 -1 -1, -1, 67
0 49 51: 0, -1 -1 -1, -1, 67
0 49 52: 0, -1 -1 -1, -1, 67
0 49 53: 0, -1 -1 -1, -1, 67
0 49 54: 0, -1 -1 -1, -1, 67
0 49 55: 0, -1 -1 -1, -1, 67
0 49 56: 0, 42 1 2, -1, 67
0 49 57: 0, 42 0 0, -1, 67
0 49 58: 0, 42 0 0, -1, 67
0 49 59: 0, 42 0 0, -1, 67
0 50 14: 23, -1 -1 -1, -1, -1
0 50 16: 0, 42 0 0, -1, 48
0 50 17: 34, 42 0 0, -1, 48
0 50 18: 50, 42 0 0, -1, 48
0 50 19: 58, 42 0 0, -1, 48
0 50 20: 58, 42 0 0, -1, 48
0 50 21: 58, 42 0 0, -1, 48
0 50 22: 54, 42 1 3, -1, 48
0 50 23: 46, -1 -1 -1, -1, 48
0 50 24: 41, -1 -1 -1, -1, 48
0 50 25: 38, -1 -1 -1, -1, 67
0 50 26: 36, -1 -1 -1, -1, 67
0 50 27: 36, -1 -1 -1, -1, 67
0 50 28: 37, -1 -1 -1, -1, 67
0 50 29: 39, 42 1 2, -1, 67
0 50 30: 0, 42 0 0, -1, 67
0 50 31: 0, 42 0 0, -1, 67
0 50 32: 0, 42 0 0, -1, 67
0 50 33: 0, 42 0 0, -1, 67
0 50 34: 0, 42 0 0, -1, 67
0 50 35: 0, 42 0 0, -1, 67
0 50 36: 0, 42 0 0, -1, 67
0 50 37: 0, 42 1 3, -1, 67
0 50 38: 0, -1 -1 -1, -1, 67
0 50 39: 0, 42 1 2, -1, 67
0 50 40: 0, 42 0 0, -1, 67
0 50 41: 0, 42 1 3, -1, 67
0 50 42: 0, -1 -1 -1, -1, 67
0 50 43: 0, -1 -1 -1, -1, 67
0 50 44: 0, -1 -1 -1, -1, 67
0 50 45: 0, -1 -1 -1, -1, 67
0 50 46: 0, -1 -1 -1, -1, 67
0 50 47: 0, -1 -1 -1, -1, 67
0 50 48: 0, -1 -1 -1, -1, 67
0 50 49: 0, -1 -1 -1, -1, 67
0 50 50: 0, -1 -1 -1, -1, 67
0 50 51: 0, -1 -1 -1, -1, 67
0 50 52: 0, -1 -1 -1, -1, 67
0 50 53: 0, -1 -1 -1, -1, 67
0 50 54: 0, -1 -1 -1, -1, 67
0 50 55: 0, -1 -1 -1, -1, 67
0 50 56: 0, 42 0 0, -1, 67
0 50 57: 0, 42 0 0, -1, 67
0 50 58: 0, 42 0 0, -1, 67
0 50 59: 0, 42 0 0, -1, 67
0 51 16: 0, 42 0 0, -1, 48
0 51 17: 0, 42 0 0, -1, 48
0 51 18: 34, 42 0 0, -1, 48
0 51 19: 49, 42 0 0, -1, 48
0 51 20: 58, 42 0 0, -1, 48
0 51 21: 58, 42 0 0, -1, 48
0 51 22: 49, 42 0 0, -1, 48
0 51 23: 43, 42 1 3, -1, 48
0 51 24: 0, -1 -1 -1, -1, 48
0 51 25: 37, -1 -1 -1, -1, 48
0 51 26: 0, -1 -1 -1, -1, 48
0 51 27: 0, -1 -1 -1, -1, 67
0 51 28: 0, 42 1 2, -1, 67
0 51 29: 0, 42 0 0, -1, 67
0 51 30: 0, 42 0 0, -1, 67
0 51 31: 0, 42 0 0, -1, 67
0 51 32: 0, 42 0 0, -1, 67
0 51 33: 0, 42 0 0, -1, 67
0 51 34: 0, 42 0 0, -1, 67
0 51 35: 0, 42 0 0, -1, 67
0 51 36: 0, 42 0 0, -1, 67
0 51 37: 0, 42 0 0, -1, 67
0 51 38: 0, 42 0 0, -1, 67
0 51 39: 0, 42 0 0, -1, 67
0 51 40: 0, 42 0 0, -1, 67
0 51 41: 0, 42 0 0, -1, 67
0 51 42: 0, 42 0 0, -1, 67
0 51 43: 0, 42 0 0, -1, 67
0 51 44: 0, 42 0 0, -1, 67
0 51 45: 0, 42 0 0, -1, 67
0 51 46: 0, 42 0 0, -1, 67
0 51 47: 0, 42 0 0, -1, 67
0 51 48: 0, 42 0 0, -1, 67
0 51 49: 0, 42 1 3, -1, 67
0 51 50: 0, -1 -1 -1, -1, 67
0 51 51: 0, -1 -1 -1, -1, 67
0 51 52: 0, -1 -1 -1, -1, 67
0 51 53: 0, -1 -1 -1, -1, 67
0 51 54: 0, -1 -1 -1, -1, 67
0 51 55: 0, 42 1 2, -1, 67
0 51 56: 0, 42 0 0, -1, 67
0 51 57: 0, 42 0 0, -1, 67
0 51 58: 0, 42 0 0, -1, 67
0 51 59: 0, 42 0 0, -1, 67
0 52 16: 0, 42 0 0, -1, 48
0 52 17: 26, 42 0 0, -1, 48
0 52 18: 28, 42 0 0, -1, 48
0 52 19: 32, 42 0 0, -1, 48
0 52 20: 35, 42 0 0, -1, 48
0 52 21: 35, 42 0 0, -1, 48
0 52 22: 37, 42 0 0, -1, 48
0 52 23: 38, 42 0 0, -1, 48
0 52 24: 38, 42 0 0, -1, 48
0 52 25: 37, 42 0 0, -1, 48
0 52 26: 0, 42 0 0, -1, 48
0 52 27: 0, 42 0 0, -1, 48
0 52 28: 0, 42 0 0, -1, 48
0 52 29: 0, 42 0 0, -1, 48
0 52 30: 0, 42 0 0, -1, 67
0 52 31: 0, 42 0 0, -1, 48
0 52 32: 0, 42 0 0, -1, 67
0 52 33: 0, 42 0 0, -1, 67
0 52 34: 0, 42 0 0, -1, 67
0 52 35: 0, 42 0 0, -1, 67
0 52 36: 0, 42 0 0, -1, 67
0 52 37: 0, 42 0 0, -1, 67
0 52 38: 0, 42 0 0, -1, 67
0 52 39: 0, 42 0 0, -1, 67
0 52 40: 0, 42 0 0, -1, 67
0 52 41: 0, 42 0 0, -1, 67
0 52 42: 0, 42 0 0, -1, 67
0 52 43: 0, 42 0 0, -1, 67
0 52 44: 0, 42 0 0, -1, 67
0 52 45: 0, 42 0 0, -1, 67
0 52 46: 0, 42 0 0, -1, 67
0 52 47: 0, 42 0 0, -1, 67
0 52 48: 0, 42 0 0, -1, 67
0 52 49: 0, 42 0 0, -1, 67
0 52 50: 0, 42 1 3, -1, 67
0 52 51: 0, -1 -1 -1, -1, 67
0 52 52: 0, -1 -1 -1, -1, 67
0 52 53: 0, -1 -1 -1, -1, 67
0 52 54: 0, 42 1 2, -1, 67
0 52 55: 0, 42 0 0, -1, 67
0 52 56: 0, 42 0 0, -1, 67
0 52 57: 0, 42 0 0, -1, 67
0 52 58: 0, 42 0 0, -1, 67
0 52 59: 0, 42 0 0, -1, 67
0 53 16: 0, 42 0 0, -1, 48
0 53 17: 0, 42 0 0, -1, 48
0 53 18: 26, 42 0 0, -1, 48
0 53 19: 0, 42 0 0, -1, 48
0 53 20: 0, 42 0 0, -1, 48
0 53 21: 0, 42 0 0, -1, 48
0 53 22: 36, 42 0 0, -1, 48
0 53 23: 40, 42 0 0, -1, 48
0 53 24: 39, 42 0 0, -1, 48
0 53 25: 0, 42 0 0, -1, 48
0 53 26: 0, 42 0 0, -1, 48
0 53 27: 0, 42 0 0, -1, 48
0 53 28: 0, 42 0 0, -1, 48
0 53 29: 0, 42 0 0, -1, 48
0 53 30: 0, 42 0 0, -1, 48
0 53 31: 0, 42 0 0, -1, 48
0 53 32: 0, 42 0 0, -1, 48
0 53 33: 0, 42 0 0, -1, 67
0 53 34: 0, 42 0 0, -1, 67
0 53 35: 0, 42 0 0, -1, 67
0 53 36: 0, 42 0 0, -1, 67
0 53 37: 0, 42 0 0, -1, 67
0 53 38: 0, 42 0 0, -1, 67
0 53 39: 0, 42 0 0, -1, 67
0 53 40: 0, 42 0 0, -1, 67
0 53 41: 0, 42 0 0, -1, 67
0 53 42: 0, 42 0 0, -1, 67
0 53 43: 0, 42 0 0, -1, 67
0 53 44: 0, 42 0 0, -1, 67
0 53 45: 0, 42 0 0, -1, 67
0 53 46: 0, 42 0 0, -1, 67
0 53 47: 0, 42 0 0, -1, 67
0 53 48: 0, 42 0 0, -1, 67
0 53 49: 0, 42 0 0, -1, 67
0 53 50: 0, 42 0 0, -1, 67
0 53 51: 0, -1 -1 -1, -1, 67
0 53 52: 0, -1 -1 -1, -1, 67
0 53 53: 0, -1 -1 -1, -1, 67
0 53 54: 0, 42 0 0, -1, 67
0 53 55: 0, 42 0 0, -1, 67
0 53 56: 0, 42 0 0, -1, 67
0 53 57: 0, 42 0 0, -1, 67
0 53 58: 0, 42 0 0, -1, 67
0 53 59: 0, 42 0 0, -1, 67
0 54 17: 23, -1 -1 -1, -1, -1
0 54 20: 28, -1 -1 -1, -1, -1
0 54 21: 32, -1 -1 -1, -1, -1
0 54 23: 40, -1 -1 -1, -1, -1
0 54 24: 39, -1 -1 -1, -1, -1
0 54 46: 0, 42 0 0, -1, 67
0 54 47: 0, 42 0 0, -1, 67
0 54 48: 0, 42 0 0, -1, 67
0 54 49: 0, 42 0 0, -1, 67
0 54 50: 0, 42 0 0, -1, 67
0 54 51: 0, -1 -1 -1, -1, 67
0 54 52: 0, -1 -1 -1, -1, 67
0 54 53: 0, -1 -1 -1, -1, 67
0 54 54: 0, 42 0 0, -1, 67
0 54 55: 0, 42 0 0, -1, 67
0 54 56: 0, 42 0 0, -1, 67
0 54 57: 0, 42 0 0, -1, 67
0 54 58: 0, 42 0 0, -1, 67
0 54 59: 0, 42 0 0, -1, 67
0 55 20: 29, -1 -1 -1, -1, -1
0 55 23: 40, -1 -1 -1, -1, -1
0 55 46: 0, 42 0 0, -1, 67
0 55 47: 0, 42 0 0, -1, 67
0 55 48: 0, 42 0 0, -1, 67
0 55 49: 0, 42 0 0, -1, 67
0 55 50: 0, 42 0 0, -1, 67
0 55 51: 0, -1 -1 -1, -1, 67
0 55 52: 0, -1 -1 -1, -1, 67
0 55 53: 0, -1 -1 -1, -1, 67
0 55 54: 0, 42 0 0, -1, 67
0 55 55: 0, 42 0 0, -1, 67
0 55 56: 0, 42 0 0, -1, 67
0 55 57: 0, 42 0 0, -1, 67
0 55 58: 0, 42 0 0, -1, 67
0 55 59: 0, 42 0 0, -1, 67
0 56 46: 0, 42 0 0, -1, 67
0 56 47: 0, 42 0 0, -1, 67
0 56 48: 0, 42 0 0, -1, 67
0 56 49: 0, 42 0 0, -1, 67
0 56 50: 0, 42 1 0, -1, 67
0 56 51: 0, -1 -1 -1, -1, 67
0 56 52: 0, -1 -1 -1, -1, 67
0 56 53: 0, -1 -1 -1, -1, 67
0 56 54: 0, 42 1 1, -1, 67
0 56 55: 0, 42 0 0, -1, 67
0 56 56: 0, 42 0 0, -1, 67
0 56 57: 0, 42 0 0, -1, 67
0 56 58: 0, 42 0 0, -1, 67
0 56 59: 0, 42 0 0, -1, 67
0 57 46: 0, 42 0 0, -1, 67
0 57 47: 0, 42 0 0, -1, 67
0 57 48: 0, 42 0 0, -1, 67
0 57 49: 0, 42 1 0, -1, 67
0 57 50: 0, -1 -1 -1, -1, 67
0 57 51: 0, -1 -1 -1, -1, 67
0 57 52: 0, -1 -1 -1, -1, 67
0 57 53: 0, -1 -1 -1, -1, 67
0 57 54: 0, -1 -1 -1, -1, 67
0 57 55: 0, 42 1 1, -1, 67
0 57 56: 0, 42 0 0, -1, 67
0 57 57: 0, 42 0 0, -1, 67
0 57 58: 0, 42 0 0, -1, 67
0 57 59: 0, 42 0 0, -1, 67
0 58 46: 0, 42 0 0, -1, 67
0 58 47: 0, 42 0 0, -1, 67
0 58 48: 0, 42 0 0, -1, 67
0 58 49: 0, -1 -1 -1, -1, 67
0 58 50: 0, -1 -1 -1, -1, 67
0 58 51: 0, -1 -1 -1, -1, 67
0 58 52: 0, -1 -1 -1, -1, 67
0 58 53: 0, -1 -1 -1, -1, 67
0 58 54: 0, -1 -1 -1, -1, 67
0 58 55: 0, -1 -1 -1, -1, 67
0 58 56: 0, 42 0 0, -1, 67
0 58 57: 0, 42 0 0, -1, 67
0 58 58: 0, 42 0 0, 16, 67
0 58 59: 0, 42 0 0, 16, 67
0 58 60: 0, -1 -1 -1, 16, -1
0 58 61: 0, -1 -1 -1, 16, -1
0 58 62: 0, -1 -1 -1, 16, -1
0 58 63: 0, -1 -1 -1, 16, -1
0 59 46: 0, 42 0 0, -1, 67
0 59 47: 0, 42 0 0, -1, 67
0 59 48: 0, 42 0 0, -1, 67
0 59 49: 0, -1 -1 -1, -1, 67
0 59 50: 0, -1 -1 -1, -1, 67
0 59 51: 0, -1 -1 -1, -1, 67
0 59 52: 0, -1 -1 -1, -1, 67
0 59 53: 0, -1 -1 -1, -1, 67
0 59 54: 0, -1 -1 -1, -1, 67
0 59 55: 0, -1 -1 -1, -1, 67
0 59 56: 0, 42 0 0, -1, 67
0 59 57: 0, 42 0 0, -1, 67
0 59 58: 0, 42 0 0, 16, 67
0 59 59: 0, 42 0 0, 16, 67
0 59 60: 0, -1 -1 -1, 16, -1
0 59 61: 0, -1 -1 -1, 16, -1
0 59 62: 0, -1 -1 -1, 16, -1
0 59 63: 0, -1 -1 -1, 16, -1
0 60 46: 0, 42 0 0, -1, 67
0 60 47: 0, 42 0 0, -1, 67
0 60 48: 0, 42 0 0, -1, 67
0 60 49: 0, 42 1 3, -1, 67
0 60 50: 0, -1 -1 -1, -1, 67
0 60 51: 0, -1 -1 -1, -1, 67
0 60 52: 0, -1 -1 -1, -1, 67
0 60 53: 0, -1 -1 -1, -1, 67
0 60 54: 0, -1 -1 -1, -1, 67
0 60 55: 0, 42 1 2, -1, 67
0 60 56: 0, 42 0 0, -1, 67
0 60 57: 0, 42 0 0, -1, 67
0 60 58: 0, 42 0 0, 16, 67
0 60 59: 0, 42 0 0, 16, 67
0 60 60: 0, -1 -1 -1, 16, -1
0 60 61: 0, -1 -1 -1, 16, -1
0 60 62: 0, -1 -1 -1, 16, -1
0 60 63: 0, -1 -1 -1, 16, -1
0 61 46: 0, 42 0 0, -1, 67
0 61 47: 0, 42 0 0, -1, 67
0 61 48: 0, 42 0 0, -1, 67
0 61 49: 0, 42 0 0, -1, 67
0 61 50: 0, 42 1 3, -1, 67
0 61 51: 0, -1 -1 -1, -1, 67
0 61 52: 0, -1 -1 -1, -1, 67
0 61 53: 0, -1 -1 -1, -1, 67
0 61 54: 0, 42 1 2, -1, 67
0 61 55: 0, 42 0 0, -1, 67
0 61 56: 0, 42 0 0, -1, 67
0 61 57: 0, 42 0 0, -1, 67
0 61 58: 0, 42 0 0, 16, 67
0 61 59: 0, 42 0 0, 16, 67
0 61 60: 0, -1 -1 -1, 16, -1
0 61 61: 0, -1 -1 -1, 16, -1
0 61 62: 0, -1 -1 -1, 16, -1
0 61 63: 0, -1 -1 -1, 16, -1
0 62 31: 0, -1 -1 -1, 16, -1
0 62 32: 0, -1 -1 -1, 16, -1
0 62 33: 0, -1 -1 -1, 16, -1
0 62 34: 0, -1 -1 -1, 16, -1
0 62 35: 0, -1 -1 -1, 16, -1
0 62 36: 0, -1 -1 -1, 16, -1
0 62 37: 0, -1 -1 -1, 16, -1
0 62 38: 0, -1 -1 -1, 16, -1
0 62 39: 0, -1 -1 -1, 16, -1
0 62 40: 0, -1 -1 -1, 16, -1
0 62 41: 0, -1 -1 -1, 16, -1
0 62 42: 0, -1 -1 -1, 16, -1
0 62 43: 0, -1 -1 -1, 16, -1
0 62 44: 0, -1 -1 -1, 16, -1
0 62 45: 0, -1 -1 -1, 16, -1
0 62 46: 0, 42 0 0, 16, 67
0 62 47: 0, 42 0 0, 16, 67
0 62 48: 0, 42 0 0, -1, 67
0 62 49: 0, 42 0 0, -1, 67
0 62 50: 0, 42 0 0, -1, 67
0 62 51: 0, 42 0 0, -1, 67
0 62 52: 0, 42 0 0, -1, 67
0 62 53: 0, 42 0 0, -1, 67
0 62 54: 0, 42 0 0, -1, 67
0 62 55: 0, 42 0 0, -1, 67
0 62 56: 0, 42 0 0, -1, 67
0 62 57: 0, 42 0 0, 16, 67
0 62 58: 0, 42 0 0, 16, 67
0 62 59: 0, 42 0 0, 16, 67
0 62 60: 0, -1 -1 -1, 16, -1
0 62 61: 0, -1 -1 -1, 16, -1
0 62 62: 0, -1 -1 -1, 16, -1
0 62 63: 0, -1 -1 -1, 16, -1
0 63 31: 0, -1 -1 -1, 16, -1
0 63 32: 0, -1 -1 -1, 16, -1
0 63 33: 0, -1 -1 -1, 16, -1
0 63 34: 0, -1 -1 -1, 16, -1
0 63 35: 0, -1 -1 -1, 16, -1
0 63 36: 0, -1 -1 -1, 16, -1
0 63 37: 0, -1 -1 -1, 16, -1
0 63 38: 0, -1 -1 -1, 16, -1
0 63 39: 0, -1 -1 -1, 16, -1
0 63 40: 0, -1 -1 -1, 16, -1
0 63 41: 0, -1 -1 -1, 16, -1
0 63 42: 0, -1 -1 -1, 16, -1
0 63 43: 0, -1 -1 -1, 16, -1
0 63 44: 0, -1 -1 -1, 16, -1
0 63 45: 0, -1 -1 -1, 16, -1
0 63 46: 0, 42 0 0, 16, 67
0 63 47: 0, 42 0 0, 16, 67
0 63 48: 0, 42 0 0, 16, 67
0 63 49: 0, 42 0 0, 16, 67
0 63 50: 0, 42 0 0, 16, 67
0 63 51: 0, 42 0 0, 16, 67
0 63 52: 0, 42 0 0, 16, 67
0 63 53: 0, 42 0 0, 16, 67
0 63 54: 0, 42 0 0, 16, 67
0 63 55: 0, 42 0 0, 16, 67
0 63 56: 0, 42 0 0, 16, 67
0 63 57: 0, 42 0 0, 16, 67
0 63 58: 0, 42 0 0, 16, 67
0 63 59: 0, 42 0 0, 16, 67
0 63 60: 0, -1 -1 -1, 16, -1
0 63 61: 0, -1 -1 -1, 16, -1
0 63 62: 0, -1 -1 -1, 16, -1
0 63 63: 0, -1 -1 -1, 16, -1
2 27 51: 0, 42 0 0, -1, -1
2 27 52: 0, 42 0 0, -1, -1
2 28 49: 0, 42 0 0, -1, -1
2 28 50: 0, 42 0 0, -1, -1
2 28 51: 0, 42 0 0, -1, -1
2 28 53: 0, 42 0 0, -1, -1
2 29 48: 0, 42 0 0, -1, -1
2 29 49: 0, 42 0 0, -1, -1
2 30 48: 0, 42 0 0, -1, -1
2 31 47: 0, 42 0 0, -1, -1
2 31 56: 0, 42 0 0, -1, -1
2 32 47: 0, 42 0 0, -1, -1
2 33 46: 0, 42 0 0, -1, -1
2 33 47: 0, 42 0 0, -1, -1
2 33 57: 0, 42 0 0, -1, -1
2 34 47: 0, 42 0 0, -1, -1
2 34 57: 0, 42 0 0, -1, -1
2 34 58: 0, 42 0 0, -1, -1
2 35 57: 0, 42 0 0, -1, -1
2 36 47: 0, 42 0 0, -1, -1
2 36 57: 0, 42 0 0, -1, -1
2 37 47: 0, 42 0 0, -1, -1
2 37 48: 0, 42 0 0, -1, -1
2 38 47: 0, 42 0 0, -1, -1
2 38 48: 0, 42 0 0, -1, -1
2 39 24: 0, 42 0 0, -1, -1
2 39 25: 0, 42 0 0, -1, -1
2 39 26: 0, 42 0 0, -1, -1
2 39 48: 0, 42 0 0, -1, -1
2 39 49: 0, 42 0 0, -1, -1
2 39 55: 0, 42 0 0, -1, -1
2 40 24: 0, 42 0 0, -1, -1
2 40 25: 0, 42 0 0, -1, -1
2 40 26: 0, 42 0 0, -1, -1
2 40 27: 0, 42 0 0, -1, -1
2 40 30: 0, 42 0 0, -1, -1
2 40 48: 0, 42 0 0, -1, -1
2 40 49: 0, 42 0 0, -1, -1
2 40 55: 0, 42 0 0, -1, -1
2 40 56: 0, 42 0 0, -1, -1
2 41 20: 0, 42 0 0, -1, -1
2 41 21: 0, 42 0 0, -1, -1
2 41 29: 0, 42 0 0, -1, -1
2 41 31: 0, 42 0 0, -1, -1
2 41 32: 0, 42 0 0, -1, -1
2 41 43: 0, 42 0 0, -1, -1
2 41 47: 0, 42 0 0, -1, -1
2 41 56: 0, 42 0 0, -1, -1
2 42 19: 0, 42 0 0, -1, -1
2 42 20: 0, 42 0 0, -1, -1
2 42 21: 0, 42 0 0, -1, -1
2 42 30: 0, 42 0 0, -1, -1
2 42 31: 0, 42 0 0, -1, -1
2 42 32: 0, 42 0 0, -1, -1
2 42 33: 0, 42 0 0, -1, -1
2 42 57: 0, 42 0 0, -1, -1
2 43 16: 0, 42 0 0, -1, -1
2 43 35: 0, 42 0 0, -1, -1
2 43 36: 0, 42 0 0, -1, -1
2 43 43: 0, 42 0 0, -1, -1
2 43 47: 0, 42 0 0, -1, -1
2 43 58: 0, 42 0 0, -1, -1
2 44 34: 0, 42 0 0, -1, -1
2 44 35: 0, 42 0 0, -1, -1
2 44 36: 0, 42 0 0, -1, -1
2 44 46: 0, 42 0 0, -1, -1
2 45 14: 0, 42 0 0, -1, -1
2 45 15: 0, 42 0 0, -1, -1
2 45 35: 0, 42 0 0, -1, -1
2 45 45: 0, 42 0 0, -1, -1
2 45 46: 0, 42 0 0, -1, -1
2 45 58: 0, 42 0 0, -1, -1
2 46 15: 0, 42 0 0, -1, -1
2 46 37: 0, 42 0 0, -1, -1
2 46 38: 0, 42 0 0, -1, -1
2 46 39: 0, 42 0 0, -1, -1
2 46 46: 0, 42 0 0, -1, -1
2 46 58: 0, 42 0 0, -1, -1
2 47 14: 0, 42 0 0, -1, -1
2 47 42: 0, 42 0 0, -1, -1
2 47 43: 0, 42 0 0, -1, -1
2 47 45: 0, 42 0 0, -1, -1
2 47 46: 0, 42 0 0, -1, -1
2 47 58: 0, 42 0 0, -1, -1
2 47 59: 0, 42 0 0, -1, -1
2 48 15: 0, 42 0 0, -1, -1
2 48 45: 0, 42 0 0, -1, -1
2 48 46: 0, 42 0 0, -1, -1
2 48 58: 0, 42 0 0, -1, -1
2 50 33: 0, 42 0 0, -1, -1
2 50 34: 0, 42 0 0, -1, -1
2 51 16: 0, 42 0 0, -1, -1
2 51 17: 0, 42 0 0, -1, -1
2 51 19: 0, 42 0 0, -1, -1
2 51 20: 0, 42 0 0, -1, -1
2 51 31: 0, 42 0 0, -1, -1
2 51 32: 0, 42 0 0, -1, -1
2 51 33: 0, 42 0 0, -1, -1
2 51 34: 0, 42 0 0, -1, -1
2 51 35: 0, 42 0 0, -1, -1
2 52 16: 0, 42 0 0, -1, -1
2 52 20: 0, 42 0 0, -1, -1
2 52 29: 0, 42 0 0, -1, -1
2 52 30: 0, 42 0 0, -1, -1
2 52 32: 0, 42 0 0, -1, -1
2 52 33: 0, 42 0 0, -1, -1
2 52 39: 0, 42 0 0, -1, -1
2 52 40: 0, 42 0 0, -1, -1
2 52 41: 0, 42 0 0, -1, -1
2 52 43: 0, 42 0 0, -1, -1
2 52 44: 0, 42 0 0, -1, -1
2 52 45: 0, 42 0 0, -1, -1
2 52 46: 0, 42 0 0, -1, -1
2 52 56: 0, 42 0 0, -1, -1
2 53 23: 0, 42 0 0, -1, -1
2 53 24: 0, 42 0 0, -1, -1
2 53 25: 0, 42 0 0, -1, -1
2 53 26: 0, 42 0 0, -1, -1
2 53 27: 0, 42 0 0, -1, -1
2 53 29: 0, 42 0 0, -1, -1
2 53 40: 0, 42 0 0, -1, -1
2 53 44: 0, 42 0 0, -1, -1
2 53 45: 0, 42 0 0, -1, -1
2 53 55: 0, 42 0 0, -1, -1
2 53 56: 0, 42 0 0, -1, -1
2 54 24: 0, 42 0 0, -1, -1
2 54 25: 0, 42 0 0, -1, -1
2 54 26: 0, 42 0 0, -1, -1
2 54 49: 0, 42 0 0, -1, -1
2 54 55: 0, 42 0 0, -1, -1
2 54 56: 0, 42 0 0, -1, -1
2 55 24: 0, 42 0 0, -1, -1
2 55 48: 0, 42 0 0, -1, -1
2 55 49: 0, 42 0 0, -1, -1
2 55 55: 0, 42 0 0, -1, -1
2 56 47: 0, 42 0 0, -1, -1
2 56 48: 0, 42 0 0, -1, -1
2 57 47: 0, 42 0 0, -1, -1
2 57 57: 0, 42 0 0, -1, -1
2 58 47: 0, 42 0 0, -1, -1
2 58 57: 0, 42 0 0, -1, -1
2 58 58: 0, 42 0 0, -1, -1
2 59 57: 0, 42 0 0, -1, -1
2 59 58: 0, 42 0 0, -1, -1
2 60 57: 0, 42 0 0, -1, -1
