0 0 0: 0, 42 0 0, -1, 48
0 0 1: 0, 42 0 0, -1, 48
0 0 2: 0, 42 0 0, -1, 48
0 1 0: 0, 42 0 0, -1, 48
0 1 1: 0, 42 0 0, -1, 48
0 1 2: 0, 42 0 0, -1, 48
0 2 0: 0, 42 0 0, -1, 48
0 2 1: 0, 42 0 0, -1, 48
0 2 2: 0, 42 0 0, -1, 48
0 3 0: 0, 42 0 0, -1, 66
0 3 1: 0, 42 0 0, -1, 66
0 3 2: 0, 42 0 0, -1, 48
0 4 0: 0, 42 0 0, -1, 66
0 4 1: 0, 42 0 0, -1, 66
0 4 2: 0, 42 0 0, -1, 66
0 5 0: 0, 42 0 0, -1, 66
0 5 1: 0, 42 0 0, -1, 66
0 5 2: 0, 42 0 0, -1, 66
0 5 3: 0, 42 0 0, -1, 66
0 5 4: 0, 42 0 0, -1, 66
0 6 0: 0, 42 0 0, -1, 66
0 6 1: 0, 42 0 0, -1, 66
0 6 2: 0, 42 0 0, -1, 66
0 6 3: 0, 42 0 0, -1, 66
0 6 4: 0, 42 0 0, -1, 66
0 7 0: 0, 42 0 0, -1, 66
0 7 1: 0, 42 0 0, -1, 66
0 7 2: 0, 42 0 0, -1, 66
0 7 3: 0, 42 0 0, -1, 66
0 7 4: 0, 42 0 0, -1, 66
0 8 0: 0, 42 0 0, -1, 66
0 8 1: 0, 42 0 0, -1, 66
0 8 2: 0, 42 0 0, -1, 66
0 8 3: 0, 42 0 0, -1, 66
0 8 4: 0, 42 0 0, -1, 66
0 8 5: 0, 42 0 0, -1, 66
0 9 0: 0, 42 0 0, -1, 66
0 9 1: 0, 42 0 0, -1, 66
0 9 2: 0, 42 0 0, -1, 66
0 9 3: 0, 42 0 0, -1, 66
0 9 4: 0, 42 0 0, -1, 66
0 9 5: 0, 42 0 0, -1, 66
0 10 0: 0, 42 0 0, -1, 66
0 10 1: 0, 42 0 0, -1, 66
0 10 2: 0, 42 0 0, -1, 66
0 10 3: 0, 42 0 0, -1, 66
0 10 4: 0, 42 0 0, -1, 66
0 10 5: 0, 42 0 0, -1, 66
0 11 0: 0, 42 0 0, -1, 66
0 11 1: 0, 42 0 0, -1, 66
0 11 2: 0, 42 0 0, -1, 66
0 11 3: 0, 42 0 0, -1, 66
0 11 4: 0, 42 0 0, -1, 66
0 11 5: 0, 42 0 0, -1, 66
0 12 0: 0, 42 0 0, -1, 66
0 12 1: 0, 42 0 0, -1, 66
0 12 2: 0, 42 0 0, -1, 66
0 12 3: 0, 42 0 0, -1, 66
0 12 4: 0, 42 0 0, -1, 66
0 12 5: 0, 42 0 0, -1, 66
0 13 0: 0, 42 0 0, -1, 66
0 13 1: 0, 42 0 0, -1, 66
0 13 2: 0, 42 0 0, -1, 66
0 13 3: 0, 42 0 0, -1, 66
0 13 4: 0, 42 0 0, -1, 66
0 13 5: 0, 42 0 0, -1, 66
0 14 0: 0, 42 0 0, -1, 66
0 14 1: 0, 42 0 0, -1, 66
0 14 2: 0, 42 0 0, -1, 66
0 14 3: 0, 42 0 0, -1, 66
0 14 4: 0, 42 0 0, -1, 66
0 14 5: 0, 42 0 0, -1, 66
0 15 0: 0, 42 0 0, -1, 66
0 15 1: 0, 42 0 0, -1, 66
0 15 2: 0, 42 0 0, -1, 66
0 15 3: 0, 42 0 0, -1, 66
0 15 4: 0, 42 0 0, -1, 66
0 15 5: 0, 42 0 0, -1, 66
0 16 0: 0, 42 0 0, -1, 66
0 16 1: 0, 42 0 0, -1, 66
0 16 2: 0, 42 0 0, -1, 66
0 16 3: 0, 42 0 0, -1, 66
0 16 4: 0, 42 0 0, -1, 66
0 16 5: 0, 42 0 0, -1, 66
0 17 0: 0, 42 0 0, -1, 66
0 17 1: 0, 42 0 0, -1, 66
0 17 2: 0, 42 0 0, -1, 66
0 17 3: 0, 42 0 0, -1, 66
0 17 4: 0, 42 0 0, -1, 66
0 17 5: 0, 42 0 0, -1, 66
0 18 0: 0, 42 0 0, -1, 66
0 18 1: 0, 42 0 0, -1, 66
0 18 2: 0, 42 0 0, -1, 66
0 18 3: 0, 42 0 0, -1, 66
0 18 4: 0, 42 0 0, -1, 66
0 18 5: 0, 42 0 0, -1, 66
0 19 0: 0, 42 0 0, -1, 66
0 19 1: 0, 42 0 0, -1, 66
0 19 2: 0, 42 0 0, -1, 66
0 19 3: 0, 42 0 0, -1, 66
0 19 4: 0, 42 0 0, -1, 66
0 19 5: 0, 42 0 0, -1, 66
0 20 0: 0, 42 0 0, -1, 66
0 20 1: 0, 42 0 0, -1, 66
0 20 2: 0, 42 0 0, -1, 66
0 20 3: 0, 42 0 0, -1, 66
0 20 4: 0, 42 0 0, -1, 66
0 20 5: 0, 42 0 0, -1, 66
0 21 0: 0, 42 0 0, -1, 66
0 21 1: 0, 42 0 0, -1, 66
0 21 2: 0, 42 0 0, -1, 66
0 21 3: 0, 42 0 0, -1, 66
0 21 4: 0, 42 0 0, -1, 66
0 21 5: 0, 42 0 0, -1, 66
0 22 0: 0, 42 0 0, -1, 66
0 22 1: 0, 42 0 0, -1, 66
0 22 2: 0, 42 0 0, -1, 66
0 22 3: 0, 42 0 0, -1, 66
0 22 4: 0, 42 0 0, -1, 66
0 22 5: 0, 42 0 0, -1, 66
0 23 0: 0, 42 0 0, -1, 66
0 23 1: 0, 42 0 0, -1, 66
0 23 2: 0, 42 0 0, -1, 66
0 23 3: 0, 42 0 0, -1, 66
0 23 4: 0, 42 0 0, -1, 66
0 23 5: 0, 42 0 0, -1, 66
0 24 0: 0, 42 0 0, -1, 66
0 24 1: 0, 42 0 0, -1, 66
0 24 2: 0, 42 0 0, -1, 66
0 24 3: 0, 42 0 0, -1, 66
0 24 4: 0, 42 0 0, -1, 66
0 24 5: 0, 42 0 0, -1, 66
0 25 0: 0, 42 0 0, -1, 66
0 25 1: 0, 42 0 0, -1, 66
0 25 2: 0, 42 0 0, -1, 66
0 25 3: 0, 42 0 0, -1, 66
0 25 4: 0, 42 0 0, -1, 66
0 25 5: 0, 42 0 0, -1, 66
0 26 0: 0, 42 0 0, -1, 66
0 26 1: 0, 42 0 0, -1, 66
0 26 2: 0, 42 0 0, -1, 66
0 26 3: 0, 42 0 0, -1, 66
0 26 4: 0, 42 0 0, -1, 66
0 26 5: 0, 42 0 0, -1, 66
0 27 0: 0, 42 0 0, -1, 66
0 27 1: 0, 42 0 0, -1, 66
0 27 2: 0, 42 0 0, -1, 66
0 27 3: 0, 42 0 0, -1, 66
0 28 0: 0, 42 0 0, -1, 66
0 28 1: 0, 42 0 0, -1, 66
0 28 2: 0, 42 0 0, -1, 66
0 28 3: 0, 42 0 0, -1, 66
0 29 0: 0, 42 0 0, -1, 66
0 29 1: 0, 42 0 0, -1, 66
0 30 0: 0, 42 0 0, -1, 66
0 30 1: 0, 42 0 0, -1, 66
0 31 0: 0, 42 0 0, -1, 66
0 31 1: 0, 42 0 0, -1, 66
0 32 0: 0, 42 0 0, -1, 66
0 32 1: 0, 42 0 0, -1, 66
0 33 0: 0, 42 0 0, -1, 66
0 33 1: 0, 42 0 0, -1, 66
0 33 48: 0, 42 0 0, -1, 48
0 33 49: 0, 42 0 0, -1, 48
0 33 50: 0, 42 0 0, -1, 48
0 33 51: 0, 42 0 0, -1, 48
0 33 52: 0, 42 0 0, -1, 48
0 33 53: 0, 42 0 0, -1, 48
0 33 54: 0, 42 0 0, -1, 48
0 33 55: 0, 42 0 0, -1, 48
0 33 56: 0, 42 0 0, -1, 48
0 33 57: 0, 42 0 0, -1, 48
0 33 58: 0, 42 0 0, -1, 67
0 33 59: 0, 42 0 0, -1, 67
0 33 60: 0, 42 0 0, -1, 67
0 33 61: 0, 42 0 0, -1, 67
0 33 62: 0, 42 0 0, -1, 67
0 33 63: 0, 42 0 0, -1, 67
0 34 0: 0, 42 0 0, -1, 66
0 34 1: 0, 42 0 0, -1, 48
0 34 48: 0, 42 0 0, -1, 48
0 34 49: 0, 42 0 0, -1, 48
0 34 50: 0, 42 0 0, -1, 48
0 34 51: 0, 42 0 0, -1, 48
0 34 52: 0, 42 0 0, -1, 48
0 34 53: 0, 42 0 0, -1, 48
0 34 54: 0, 42 0 0, -1, 48
0 34 55: 0, 42 0 0, -1, 48
0 34 56: 0, 42 0 0, -1, 48
0 34 57: 0, 42 0 0, -1, 48
0 34 58: 0, 42 0 0, -1, 67
0 34 59: 0, 42 0 0, -1, 67
0 34 60: 0, 42 0 0, -1, 67
0 34 61: 0, 42 0 0, -1, 67
0 34 62: 0, 42 0 0, -1, 67
0 34 63: 0, 42 0 0, -1, 67
0 35 0: 0, 42 0 0, -1, 48
0 35 1: 0, 42 0 0, -1, 48
0 35 48: 0, 42 0 0, -1, 48
0 35 49: 0, 42 0 0, -1, 48
0 35 50: 0, 42 0 0, -1, 48
0 35 51: 0, 42 0 0, -1, 48
0 35 52: 0, 42 0 0, -1, 48
0 35 53: 0, 42 0 0, -1, 48
0 35 54: 0, 42 0 0, -1, 48
0 35 55: 0, 42 0 0, -1, 48
0 35 56: 0, 42 0 0, -1, 48
0 35 57: 0, 42 0 0, -1, 67
0 35 58: 0, 42 0 0, -1, 67
0 35 59: 0, 42 0 0, -1, 67
0 35 60: 0, 42 0 0, -1, 67
0 35 61: 0, 42 0 0, -1, 67
0 35 62: 0, 42 0 0, -1, 67
0 35 63: 0, 42 0 0, -1, 67
0 36 0: 0, 42 0 0, -1, 48
0 36 1: 0, 42 0 0, -1, 48
0 36 48: 0, 42 0 0, -1, 48
0 36 49: 0, 42 0 0, -1, 48
0 36 50: 0, 42 0 0, -1, 48
0 36 51: 0, 42 0 0, -1, 48
0 36 52: 0, 42 0 0, -1, 48
0 36 53: 0, 42 0 0, -1, 48
0 36 54: 0, 42 0 0, -1, 48
0 36 55: 0, 42 0 0, -1, 48
0 36 56: 0, 42 0 0, -1, 48
0 36 57: 0, 42 0 0, -1, 67
0 36 58: 0, 42 0 0, -1, 67
0 36 59: 0, 42 0 0, -1, 67
0 36 60: 0, 42 0 0, -1, 67
0 36 61: 0, 42 0 0, -1, 67
0 36 62: 0, 42 0 0, -1, 67
0 36 63: 0, 42 0 0, -1, 67
0 37 0: 0, 42 0 0, -1, 48
0 37 1: 0, 42 0 0, -1, 48
0 37 48: 0, 42 0 0, -1, 48
0 37 49: 0, 42 0 0, -1, 48
0 37 50: 0, 42 0 0, -1, 48
0 37 51: 0, 42 0 0, -1, 48
0 37 52: 0, 42 0 0, -1, 48
0 37 53: 0, 42 0 0, -1, 48
0 37 54: 0, 42 0 0, -1, 48
0 37 55: 0, 42 0 0, -1, 48
0 37 56: 0, 42 0 0, -1, 48
0 37 57: 0, 42 0 0, -1, 67
0 37 58: 0, 42 0 0, -1, 67
0 37 59: 0, 42 0 0, -1, 67
0 37 60: 0, 42 0 0, -1, 67
0 37 61: 0, 42 0 0, -1, 67
0 37 62: 0, 42 0 0, -1, 67
0 37 63: 0, 42 0 0, -1, 67
0 38 0: 0, 42 0 0, -1, 48
0 38 1: 0, 42 0 0, -1, 48
0 38 48: 0, 42 0 0, -1, 48
0 38 49: 0, 42 0 0, -1, 48
0 38 50: 0, 42 0 0, -1, 48
0 38 51: 0, 42 0 0, -1, 48
0 38 52: 0, 42 0 0, -1, 48
0 38 53: 0, 42 0 0, -1, 48
0 38 54: 0, 42 0 0, -1, 48
0 38 55: 0, 42 0 0, -1, 48
0 38 56: 0, 42 0 0, -1, 67
0 38 57: 0, 42 0 0, -1, 67
0 38 58: 0, 42 0 0, -1, 67
0 38 59: 0, 42 0 0, -1, 67
0 38 60: 0, 42 0 0, -1, 67
0 38 61: 0, 42 0 0, -1, 67
0 38 62: 0, 42 0 0, -1, 67
0 38 63: 0, 42 0 0, -1, 67
0 39 48: 0, 42 0 0, -1, 48
0 39 49: 0, 42 0 0, -1, 48
0 39 50: 0, 42 0 0, -1, 48
0 39 51: 0, 42 0 0, -1, 48
0 39 52: 0, 42 0 0, -1, 48
0 39 53: 0, 42 0 0, -1, 48
0 39 54: 0, 42 0 0, -1, 48
0 39 55: 0, 42 0 0, -1, 48
0 39 56: 0, 42 0 0, -1, 67
0 39 57: 0, 42 0 0, -1, 67
0 39 58: 0, 42 0 0, -1, 67
0 39 59: 0, 42 0 0, -1, 67
0 39 60: 0, 42 0 0, -1, 67
0 39 61: 0, 42 0 0, -1, 67
0 39 62: 0, 42 0 0, -1, 67
0 39 63: 0, 42 0 0, -1, 67
0 40 48: 0, 42 0 0, -1, 48
0 40 49: 0, 42 0 0, -1, 48
0 40 50: 0, 42 0 0, -1, 48
0 40 51: 0, 42 0 0, -1, 48
0 40 52: 0, 42 0 0, -1, 48
0 40 53: 0, 42 0 0, -1, 48
0 40 54: 0, 42 0 0, -1, 48
0 40 55: 0, 42 0 0, -1, 67
0 40 56: 0, 42 0 0, -1, 67
0 40 57: 0, 42 0 0, -1, 67
0 40 58: 0, 42 0 0, -1, 67
0 40 59: 0, 42 0 0, -1, 67
0 40 60: 0, 42 0 0, -1, 67
0 40 61: 0, 42 0 0, -1, 67
0 40 62: 0, 42 0 0, -1, 67
0 40 63: 0, 42 0 0, -1, 67
0 41 48: 0, 42 0 0, -1, 48
0 41 49: 0, 42 0 0, -1, 48
0 41 50: 0, 42 0 0, -1, 48
0 41 51: 0, 42 0 0, -1, 48
0 41 52: 0, 42 0 0, -1, 48
0 41 53: 0, 42 0 0, -1, 48
0 41 54: 0, 42 0 0, -1, 48
0 41 55: 0, 42 0 0, -1, 48
0 41 56: 0, 42 0 0, -1, 67
0 41 57: 0, 42 0 0, -1, 67
0 41 58: 0, 42 0 0, -1, 67
0 41 59: 0, 42 0 0, -1, 67
0 41 60: 0, 42 0 0, -1, 67
0 41 61: 0, 42 0 0, -1, 67
0 41 62: 0, 42 0 0, -1, 67
0 41 63: 0, 42 0 0, -1, 67
0 42 48: 0, 42 0 0, -1, 48
0 42 49: 0, 42 0 0, -1, 48
0 42 50: 0, 42 0 0, -1, 48
0 42 51: 0, 42 0 0, -1, 48
0 42 52: 0, 42 0 0, -1, 48
0 42 53: 0, 42 0 0, -1, 48
0 42 54: 0, 42 0 0, -1, 48
0 42 55: 0, 42 0 0, -1, 67
0 42 56: 0, 42 0 0, -1, 67
0 42 57: 0, 42 0 0, -1, 67
0 42 58: 0, 42 0 0, -1, 67
0 42 59: 0, 42 0 0, -1, 67
0 42 60: 0, 42 0 0, -1, 67
0 42 61: 0, 42 0 0, -1, 67
0 42 62: 0, 42 0 0, -1, 67
0 42 63: 0, 42 0 0, -1, 67
0 43 48: 0, 42 0 0, -1, 48
0 43 49: 0, 42 0 0, -1, 48
0 43 50: 0, 42 0 0, -1, 48
0 43 51: 0, 42 0 0, -1, 48
0 43 52: 0, 42 0 0, -1, 48
0 43 53: 0, 42 0 0, -1, 48
0 43 54: 0, 42 0 0, -1, 48
0 43 55: 0, 42 0 0, -1, 67
0 43 56: 0, 42 0 0, -1, 67
0 43 57: 0, 42 0 0, -1, 67
0 43 58: 0, 42 0 0, -1, 67
0 43 59: 0, 42 0 0, -1, 67
0 43 60: 0, 42 0 0, -1, 67
0 43 61: 0, 42 0 0, -1, 67
0 43 62: 0, 42 0 0, -1, 67
0 43 63: 0, 42 0 0, -1, 67
0 44 48: 0, 42 0 0, -1, 48
0 44 49: 0, 42 0 0, -1, 48
0 44 50: 0, 42 0 0, -1, 48
0 44 51: 0, 42 0 0, -1, 48
0 44 52: 0, 42 0 0, -1, 48
0 44 53: 0, 42 0 0, -1, 48
0 44 54: 0, 42 0 0, -1, 67
0 44 55: 0, 42 0 0, -1, 67
0 44 56: 0, 42 0 0, -1, 67
0 44 57: 0, 42 0 0, -1, 67
0 44 58: 0, 42 0 0, -1, 67
0 44 59: 0, 42 0 0, -1, 67
0 44 60: 0, 42 0 0, -1, 67
0 44 61: 0, 42 0 0, -1, 67
0 44 62: 0, 42 0 0, -1, 67
0 44 63: 0, 42 0 0, -1, 67
0 45 48: 0, 42 0 0, -1, 48
0 45 49: 0, 42 0 0, -1, 48
0 45 50: 0, 42 0 0, -1, 48
0 45 51: 0, 42 0 0, -1, 48
0 45 52: 0, 42 0 0, -1, 48
0 45 53: 0, 42 0 0, -1, 48
0 45 54: 0, 42 0 0, -1, 48
0 45 55: 0, 42 0 0, -1, 67
0 45 56: 0, 42 0 0, -1, 67
0 45 57: 0, 42 0 0, -1, 67
0 45 58: 0, 42 0 0, -1, 67
0 45 59: 0, 42 0 0, -1, 67
0 45 60: 0, 42 0 0, -1, 67
0 45 61: 0, 42 0 0, -1, 67
0 45 62: 0, 42 0 0, -1, 67
0 45 63: 0, 42 0 0, -1, 67
0 46 48: 0, 42 0 0, -1, 48
0 46 49: 0, 42 0 0, -1, 48
0 46 50: 0, 42 0 0, -1, 48
0 46 51: 0, 42 0 0, -1, 48
0 46 52: 0, 42 0 0, -1, 48
0 46 53: 0, 42 0 0, -1, 48
0 46 54: 0, 42 0 0, -1, 48
0 46 55: 0, 42 0 0, -1, 67
0 46 56: 0, 42 0 0, -1, 67
0 46 57: 0, 42 0 0, -1, 67
0 46 58: 0, 42 0 0, -1, 67
0 46 59: 0, 42 0 0, -1, 67
0 46 60: 0, 42 0 0, -1, 67
0 46 61: 0, 42 0 0, -1, 67
0 46 62: 0, 42 0 0, -1, 67
0 46 63: 0, 42 0 0, -1, 67
0 47 48: 0, 42 0 0, -1, 48
0 47 49: 0, 42 0 0, -1, 48
0 47 50: 0, 42 0 0, -1, 48
0 47 51: 0, 42 0 0, -1, 48
0 47 52: 0, 42 0 0, -1, 48
0 47 53: 0, 42 0 0, -1, 48
0 47 54: 0, 42 0 0, -1, 48
0 47 55: 0, 42 0 0, -1, 67
0 47 56: 0, 42 0 0, -1, 67
0 47 57: 0, 42 0 0, -1, 67
0 47 58: 0, 42 0 0, -1, 67
0 47 59: 0, 42 0 0, -1, 67
0 47 60: 0, 42 0 0, -1, 67
0 47 61: 0, 42 0 0, -1, 67
0 47 62: 0, 42 0 0, -1, 67
0 47 63: 0, 42 0 0, -1, 67
0 48 48: 0, 42 0 0, -1, 48
0 48 49: 0, 42 0 0, -1, 48
0 48 50: 0, 42 0 0, -1, 48
0 48 51: 0, 42 0 0, -1, 48
0 48 52: 0, 42 0 0, -1, 48
0 48 53: 0, 42 0 0, -1, 48
0 48 54: 0, 42 0 0, -1, 67
0 48 55: 0, 42 0 0, -1, 67
0 48 56: 0, 42 0 0, -1, 67
0 48 57: 0, 42 0 0, -1, 67
0 48 58: 0, 42 0 0, -1, 67
0 48 59: 0, 42 0 0, -1, 67
0 48 60: 0, 42 0 0, -1, 67
0 48 61: 0, 42 0 0, -1, 67
0 48 62: 0, 42 0 0, -1, 67
0 48 63: 0, 42 0 0, -1, 67
0 49 48: 0, 42 0 0, -1, 48
0 49 49: 0, 42 0 0, -1, 48
0 49 50: 0, 42 0 0, -1, 48
0 49 51: 0, 42 0 0, -1, 48
0 49 52: 0, 42 0 0, -1, 48
0 49 53: 0, 42 0 0, -1, 48
0 49 54: 0, 42 0 0, -1, 67
0 49 55: 0, 42 0 0, -1, 67
0 49 56: 0, 42 0 0, -1, 67
0 49 57: 0, 42 0 0, -1, 67
0 49 58: 0, 42 0 0, -1, 67
0 49 59: 0, 42 0 0, -1, 67
0 49 60: 0, 42 0 0, -1, 67
0 49 61: 0, 42 0 0, -1, 67
0 49 62: 0, 42 0 0, -1, 67
0 49 63: 0, 42 0 0, -1, 67
0 50 48: 0, 42 0 0, -1, 48
0 50 49: 0, 42 0 0, -1, 48
0 50 50: 0, 42 0 0, -1, 48
0 50 51: 0, 42 0 0, -1, 48
0 50 52: 0, 42 0 0, -1, 48
0 50 53: 0, 42 0 0, -1, 67
0 50 54: 0, 42 0 0, -1, 67
0 50 55: 0, 42 0 0, -1, 67
0 50 56: 0, 42 0 0, -1, 67
0 50 57: 0, 42 0 0, -1, 67
0 50 58: 0, 42 0 0, -1, 67
0 50 59: 0, 42 0 0, -1, 67
0 50 60: 0, 42 0 0, -1, 67
0 50 61: 0, 42 0 0, -1, 67
0 50 62: 0, 42 0 0, -1, 67
0 50 63: 0, 42 0 0, -1, 67
0 51 48: 0, 42 0 0, -1, 48
0 51 49: 0, 42 0 0, -1, 48
0 51 50: 0, 42 0 0, -1, 48
0 51 51: 0, 42 0 0, -1, 48
0 51 52: 0, 42 0 0, -1, 48
0 51 53: 0, 42 0 0, -1, 67
0 51 54: 0, 42 0 0, -1, 67
0 51 55: 0, 42 0 0, -1, 67
0 51 56: 0, 42 0 0, -1, 67
0 51 57: 0, 42 0 0, -1, 67
0 51 58: 0, 42 0 0, -1, 67
0 51 59: 0, 42 0 0, -1, 67
0 51 60: 0, 42 0 0, -1, 67
0 51 61: 0, 42 0 0, -1, 67
0 51 62: 0, 42 0 0, -1, 67
0 51 63: 0, 42 0 0, -1, 67
0 52 48: 0, 42 0 0, -1, 48
0 52 49: 0, 42 0 0, -1, 48
0 52 50: 0, 42 0 0, -1, 48
0 52 51: 0, 42 0 0, -1, 48
0 52 52: 0, 42 0 0, -1, 48
0 52 53: 0, 42 0 0, -1, 48
0 52 54: 0, 42 0 0, -1, 67
0 52 55: 0, 42 0 0, -1, 67
0 52 56: 0, 42 0 0, -1, 67
0 52 57: 0, 42 0 0, -1, 67
0 52 58: 0, 42 0 0, -1, 67
0 52 59: 0, 42 0 0, -1, 67
0 52 60: 0, 42 0 0, -1, 67
0 52 61: 0, 42 0 0, -1, 67
0 52 62: 0, 42 0 0, -1, 67
0 52 63: 0, 42 0 0, -1, 67
0 53 48: 0, 42 0 0, -1, 48
0 53 49: 0, 42 0 0, -1, 48
0 53 50: 0, 42 0 0, -1, 48
0 53 51: 0, 42 0 0, -1, 48
0 53 52: 0, 42 0 0, -1, 48
0 53 53: 0, 42 0 0, -1, 48
0 53 54: 0, 42 0 0, -1, 67
0 53 55: 0, 42 0 0, -1, 67
0 53 56: 0, 42 0 0, -1, 67
0 53 57: 0, 42 0 0, -1, 67
0 53 58: 0, 42 0 0, -1, 67
0 53 59: 0, 42 0 0, -1, 67
0 53 60: 0, 42 0 0, -1, 67
0 53 61: 0, 42 0 0, -1, 67
0 53 62: 0, 42 0 0, -1, 67
0 53 63: 0, 42 0 0, -1, 67
0 54 48: 0, 42 0 0, -1, 48
0 54 49: 0, 42 0 0, -1, 48
0 54 50: 0, 42 0 0, -1, 48
0 54 51: 0, 42 0 0, -1, 48
0 54 52: 0, 42 0 0, -1, 48
0 54 53: 0, 42 0 0, -1, 67
0 54 54: 0, 42 0 0, -1, 67
0 54 55: 0, 42 0 0, -1, 67
0 54 56: 0, 42 0 0, -1, 67
0 54 57: 0, 42 0 0, -1, 67
0 54 58: 0, 42 0 0, -1, 67
0 54 59: 0, 42 0 0, -1, 67
0 54 60: 0, 42 0 0, -1, 67
0 54 61: 0, 42 0 0, -1, 67
0 54 62: 0, 42 0 0, -1, 67
0 54 63: 0, 42 0 0, -1, 67
0 55 48: 0, 42 0 0, -1, 48
0 55 49: 0, 42 0 0, -1, 48
0 55 50: 0, 42 0 0, -1, 48
0 55 51: 0, 42 0 0, -1, 48
0 55 52: 0, 42 0 0, -1, 48
0 55 53: 0, 42 0 0, -1, 48
0 55 54: 0, 42 0 0, -1, 67
0 55 55: 0, 42 0 0, -1, 67
0 55 56: 0, 42 0 0, -1, 67
0 55 57: 0, 42 0 0, -1, 67
0 55 58: 0, 42 0 0, -1, 67
0 55 59: 0, 42 0 0, -1, 67
0 55 60: 0, 42 0 0, -1, 67
0 55 61: 0, 42 0 0, -1, 67
0 55 62: 0, 42 0 0, -1, 67
0 55 63: 0, 42 0 0, -1, 67
0 56 48: 0, 42 0 0, -1, 48
0 56 49: 0, 42 0 0, -1, 48
0 56 50: 0, 42 0 0, -1, 48
0 56 51: 0, 42 0 0, -1, 48
0 56 52: 0, 42 0 0, -1, 48
0 56 53: 0, 42 0 0, -1, 48
0 56 54: 0, 42 0 0, -1, 67
0 56 55: 0, 42 0 0, -1, 67
0 56 56: 0, 42 0 0, -1, 67
0 56 57: 0, 42 0 0, -1, 67
0 56 58: 0, 42 0 0, -1, 67
0 56 59: 0, 42 0 0, -1, 67
0 56 60: 0, 42 0 0, -1, 67
0 56 61: 0, 42 0 0, -1, 67
0 56 62: 0, 42 0 0, -1, 67
0 56 63: 0, 42 0 0, -1, 67
0 57 48: 0, 42 0 0, -1, 48
0 57 49: 0, 42 0 0, -1, 48
0 57 50: 0, 42 0 0, -1, 48
0 57 51: 0, 42 0 0, -1, 48
0 57 52: 0, 42 0 0, -1, 48
0 57 53: 0, 42 0 0, -1, 48
0 57 54: 0, 42 0 0, -1, 48
0 57 55: 0, 42 0 0, -1, 67
0 57 56: 0, 42 0 0, -1, 67
0 57 57: 0, 42 0 0, -1, 67
0 57 58: 0, 42 0 0, -1, 67
0 57 59: 0, 42 0 0, -1, 67
0 57 60: 0, 42 0 0, -1, 67
0 57 61: 0, 42 0 0, -1, 67
0 57 62: 0, 42 0 0, -1, 67
0 57 63: 0, 42 0 0, -1, 67
0 58 48: 0, 42 0 0, -1, 48
0 58 49: 0, 42 0 0, -1, 48
0 58 50: 0, 42 0 0, -1, 48
0 58 51: 0, 42 0 0, -1, 48
0 58 52: 0, 42 0 0, -1, 48
0 58 53: 0, 42 0 0, -1, 48
0 58 54: 0, 42 0 0, -1, 48
0 58 55: 0, 42 0 0, -1, 67
0 58 56: 0, 42 0 0, -1, 67
0 58 57: 0, 42 0 0, -1, 67
0 58 58: 0, 42 0 0, -1, 67
0 58 59: 0, 42 0 0, -1, 67
0 58 60: 0, 42 0 0, -1, 67
0 58 61: 0, 42 0 0, -1, 67
0 58 62: 0, 42 0 0, -1, 67
0 58 63: 0, 42 0 0, -1, 67
0 59 48: 0, 42 0 0, -1, 48
0 59 49: 0, 42 0 0, -1, 48
0 59 50: 0, 42 0 0, -1, 48
0 59 51: 0, 42 0 0, -1, 48
0 59 52: 0, 42 0 0, -1, 48
0 59 53: 0, 42 0 0, -1, 48
0 59 54: 0, 42 0 0, -1, 67
0 59 55: 0, 42 0 0, -1, 67
0 59 56: 0, 42 0 0, -1, 67
0 59 57: 0, 42 0 0, -1, 67
0 59 58: 0, 42 0 0, -1, 67
0 59 59: 0, 42 0 0, -1, 67
0 59 60: 0, 42 0 0, -1, 67
0 59 61: 0, 42 0 0, -1, 67
0 59 62: 0, 42 0 0, -1, 67
0 59 63: 0, 42 0 0, -1, 67
0 60 48: 0, 42 0 0, -1, 48
0 60 49: 0, 42 0 0, -1, 48
0 60 50: 0, 42 0 0, -1, 48
0 60 51: 0, 42 0 0, -1, 48
0 60 52: 0, 42 0 0, -1, 48
0 60 53: 0, 42 0 0, -1, 48
0 60 54: 0, 42 0 0, -1, 48
0 60 55: 0, 42 0 0, -1, 67
0 60 56: 0, 42 0 0, -1, 67
0 60 57: 0, 42 0 0, -1, 67
0 60 58: 0, 42 0 0, -1, 67
0 60 59: 0, 42 0 0, -1, 67
0 60 60: 0, 42 0 0, -1, 67
0 60 61: 0, 42 0 0, -1, 67
0 60 62: 0, 42 0 0, -1, 67
0 60 63: 0, 42 0 0, -1, 67
0 61 48: 0, 42 0 0, -1, 48
0 61 49: 0, 42 0 0, -1, 48
0 61 50: 0, 42 0 0, -1, 48
0 61 51: 0, 42 0 0, -1, 48
0 61 52: 0, 42 0 0, -1, 48
0 61 53: 0, 42 0 0, -1, 48
0 61 54: 0, 42 0 0, -1, 48
0 61 55: 0, 42 0 0, -1, 67
0 61 56: 0, 42 0 0, -1, 67
0 61 57: 0, 42 0 0, -1, 67
0 61 58: 0, 42 0 0, -1, 67
0 61 59: 0, 42 0 0, -1, 67
0 61 60: 0, 42 0 0, -1, 67
0 61 61: 0, 42 0 0, -1, 67
0 61 62: 0, 42 0 0, -1, 67
0 61 63: 0, 42 0 0, -1, 67
0 62 48: 0, 42 0 0, -1, 48
0 62 49: 0, 42 0 0, -1, 48
0 62 50: 0, 42 0 0, -1, 48
0 62 51: 0, 42 0 0, -1, 48
0 62 52: 0, 42 0 0, -1, 48
0 62 53: 0, 42 0 0, -1, 48
0 62 54: 0, 42 0 0, -1, 48
0 62 55: 0, 42 0 0, -1, 48
0 62 56: 0, 42 0 0, -1, 67
0 62 57: 0, 42 0 0, -1, 67
0 62 58: 0, 42 0 0, -1, 67
0 62 59: 0, 42 0 0, -1, 67
0 62 60: 0, 42 0 0, -1, 67
0 62 61: 0, 42 0 0, -1, 67
0 62 62: 0, 42 0 0, -1, 67
0 62 63: 0, 42 0 0, -1, 67
0 63 48: 0, 42 0 0, -1, 48
0 63 49: 0, 42 0 0, -1, 48
0 63 50: 0, 42 0 0, -1, 48
0 63 51: 0, 42 0 0, -1, 48
0 63 52: 0, 42 0 0, -1, 48
0 63 53: 0, 42 0 0, -1, 48
0 63 54: 0, 42 0 0, -1, 48
0 63 55: 0, 42 0 0, -1, 48
0 63 56: 0, 42 0 0, -1, 67
0 63 57: 0, 42 0 0, -1, 67
0 63 58: 0, 42 0 0, -1, 67
0 63 59: 0, 42 0 0, -1, 67
0 63 60: 0, 42 0 0, -1, 67
0 63 61: 0, 42 0 0, -1, 67
0 63 62: 0, 42 0 0, -1, 67
0 63 63: 0, 42 0 0, -1, 67
