0 0 0: 91, 42 0 0, 16, 58
0 0 1: 56, 42 0 0, 16, 58
0 0 2: 0, 42 0 0, 16, 58
0 0 3: 0, 42 0 0, 16, 58
0 0 4: 0, 42 0 0, -1, 58
0 0 5: 0, 42 1 3, -1, 58
0 0 6: 0, -1 -1 -1, -1, 58
0 0 7: 0, -1 -1 -1, -1, 58
0 0 8: 0, -1 -1 -1, -1, 58
0 0 9: 0, -1 -1 -1, -1, 58
0 0 10: 0, 42 1 1, -1, 58
0 0 11: 0, 42 0 0, -1, 58
0 0 12: 0, 42 0 0, 16, 58
0 0 13: 0, 42 0 0, 16, 58
0 0 14: 0, 42 0 0, 16, 58
0 0 15: 0, 42 0 0, 16, 58
0 0 16: 0, 42 0 0, 16, 58
0 0 17: 0, 42 0 0, 16, 58
0 0 18: 0, 42 0 0, 16, 58
0 0 19: 0, 42 0 0, 16, 58
0 0 20: 0, 42 0 0, 16, 58
0 0 21: 0, 42 0 0, 16, 58
0 0 22: 0, 42 0 0, 16, 58
0 0 23: 0, 42 0 0, 16, 58
0 0 24: 0, 42 0 0, 16, 58
0 0 25: 0, 42 0 0, 16, 58
0 0 26: 0, 42 0 0, 16, 58
0 0 27: 0, 42 0 0, 16, 58
0 0 28: 0, 42 0 0, 16, 58
0 0 29: 0, 42 0 0, 16, 58
0 0 30: 0, 42 0 0, 16, 58
0 0 31: 0, 42 0 0, 16, 58
0 0 32: 0, 42 0 0, 16, 58
0 0 33: 0, 42 0 0, 16, 58
0 0 34: 0, 42 0 0, 16, 58
0 0 35: 0, 42 0 0, 16, 58
0 0 36: 0, 42 0 0, 16, 58
0 0 37: 0, 42 0 0, 16, 58
0 0 38: 0, 42 0 0, 16, 58
0 0 39: 0, 42 0 0, 16, 58
0 0 40: 0, 42 0 0, 16, 58
0 0 41: 0, 42 0 0, 16, 58
0 0 42: 0, 42 0 0, 16, 58
0 0 43: 0, 42 0 0, 16, 58
0 0 44: 0, 42 0 0, -1, 58
0 0 45: 0, 42 1 0, -1, 58
0 0 46: 0, -1 -1 -1, -1, 58
0 0 47: 0, -1 -1 -1, -1, 58
0 0 48: 0, -1 -1 -1, -1, 58
0 0 49: 0, 42 1 2, -1, 58
0 0 50: 0, 42 0 0, -1, 58
0 0 51: 0, 42 0 0, 16, 58
0 0 52: 0, 42 0 0, 16, 58
0 0 53: 0, 42 0 0, 16, 58
0 0 54: 0, 42 0 0, 16, 58
0 0 55: 0, 42 0 0, 16, 58
0 0 56: 0, 42 0 0, 16, 58
0 0 57: 0, 42 0 0, 16, 58
0 0 58: 0, 42 0 0, 16, 58
0 0 59: 0, 42 0 0, 16, 58
0 0 60: 0, 42 0 0, 16, 58
0 1 0: 91, 42 0 0, 16, 58
0 1 1: 56, 42 0 0, 16, 58
0 1 2: 56, 42 0 0, 16, 58
0 1 3: 56, 42 0 0, 16, 58
0 1 4: 56, 42 0 0, 16, 58
0 1 5: 0, 42 0 0, -1, 58
0 1 6: 0, -1 -1 -1, -1, 58
0 1 7: 0, -1 -1 -1, -1, 58
0 1 8: 0, -1 -1 -1, -1, 58
0 1 9: 0, -1 -1 -1, -1, 58
0 1 10: 0, -1 -1 -1, -1, 58
0 1 11: 0, 42 1 1, -1, 58
0 1 12: 0, 42 0 0, -1, 58
0 1 13: 0, 42 0 0, -1, 58
0 1 14: 0, 42 0 0, -1, 58
0 1 15: 0, 42 0 0, 16, 58
0 1 16: 0, 42 0 0, 16, 58
0 1 17: 0, 42 0 0, 16, 58
0 1 18: 0, 42 0 0, 16, 58
0 1 19: 0, 42 0 0, 16, 58
0 1 20: 0, 42 0 0, 16, 58
0 1 21: 0, 42 0 0, 16, 58
0 1 22: 0, 42 0 0, 16, 58
0 1 23: 0, 42 0 0, 16, 58
0 1 24: 0, 42 0 0, 16, 58
0 1 25: 0, 42 0 0, 16, 58
0 1 26: 0, 42 0 0, 16, 58
0 1 27: 0, 42 0 0, 16, 58
0 1 28: 0, 42 0 0, 16, 58
0 1 29: 0, 42 0 0, 16, 58
0 1 30: 0, 42 0 0, 16, 58
0 1 31: 0, 42 0 0, 16, 58
0 1 32: 0, 42 0 0, 16, 58
0 1 33: 0, 42 0 0, 16, 58
0 1 34: 0, 42 0 0, 16, 58
0 1 35: 0, 42 0 0, 16, 58
0 1 36: 0, 42 0 0, 16, 58
0 1 37: 0, 42 0 0, 16, 58
0 1 38: 0, 42 0 0, 16, 58
0 1 39: 0, 42 0 0, 16, 58
0 1 40: 0, 42 0 0, 16, 58
0 1 41: 0, 42 0 0, -1, 58
0 1 42: 0, 42 0 0, -1, 58
0 1 43: 0, 42 0 0, -1, 58
0 1 44: 0, 42 1 0, -1, 58
0 1 45: 0, -1 -1 -1, -1, 58
0 1 46: 0, -1 -1 -1, -1, 58
0 1 47: 0, -1 -1 -1, -1, 58
0 1 48: 0, -1 -1 -1, -1, 58
0 1 49: 0, 42 0 0, -1, 58
0 1 50: 0, 42 0 0, -1, 58
0 1 51: 0, 42 0 0, 16, 58
0 1 52: 0, 42 0 0, 16, 58
0 1 53: 0, 42 0 0, 16, 58
0 1 54: 0, 42 0 0, 16, 58
0 1 55: 0, 42 0 0, 16, 58
0 1 56: 0, 42 0 0, 16, 58
0 1 57: 0, 42 0 0, 16, 58
0 1 58: 0, 42 0 0, 16, 58
0 1 59: 0, 42 0 0, 16, 58
0 1 60: 0, 42 0 0, 16, 58
0 2 0: 136, 42 0 0, 16, 58
0 2 1: 136, 42 0 0, 16, 58
0 2 2: 85, 42 0 0, 16, 58
0 2 3: 85, 42 0 0, 16, 58
0 2 4: 56, 42 0 0, 16, 58
0 2 5: 0, 42 0 0, -1, 58
0 2 6: 0, 42 1 3, -1, 58
0 2 7: 0, -1 -1 -1, -1, 58
0 2 8: 0, -1 -1 -1, -1, 58
0 2 9: 0, -1 -1 -1, -1, 58
0 2 10: 0, -1 -1 -1, -1, 58
0 2 11: 0, -1 -1 -1, -1, 58
0 2 12: 0, -1 -1 -1, -1, 58
0 2 13: 0, -1 -1 -1, -1, 58
0 2 14: 0, 42 1 1, -1, 58
0 2 15: 0, 42 0 0, -1, 58
0 2 16: 0, 42 0 0, -1, 58
0 2 17: 0, 42 0 0, -1, 58
0 2 18: 0, 42 0 0, 16, 58
0 2 19: 0, 42 0 0, 16, 58
0 2 20: 0, 42 0 0, 16, 58
0 2 21: 0, 42 0 0, 16, 58
0 2 22: 0, 42 0 0, 16, 58
0 2 23: 0, 42 0 0, 16, 58
0 2 24: 0, 42 0 0, 16, 58
0 2 25: 0, 42 0 0, 16, 58
0 2 26: 0, 42 0 0, 16, 58
0 2 27: 0, 42 0 0, 16, 58
0 2 28: 0, 42 0 0, 16, 58
0 2 29: 0, 42 0 0, 16, 58
0 2 30: 0, 42 0 0, 16, 58
0 2 31: 0, 42 0 0, 16, 58
0 2 32: 0, 42 0 0, 16, 58
0 2 33: 0, 42 0 0, 16, 58
0 2 34: 0, 42 0 0, 16, 58
0 2 35: 0, 42 0 0, 16, 58
0 2 36: 0, 42 0 0, 16, 58
0 2 37: 0, 42 0 0, 16, 58
0 2 38: 0, 42 0 0, 16, 58
0 2 39: 0, 42 0 0, -1, 58
0 2 40: 0, 42 0 0, -1, 58
0 2 41: 0, 42 1 0, -1, 58
0 2 42: 0, -1 -1 -1, -1, 58
0 2 43: 0, -1 -1 -1, -1, 58
0 2 44: 0, -1 -1 -1, -1, 58
0 2 45: 0, -1 -1 -1, -1, 58
0 2 46: 0, -1 -1 -1, -1, 58
0 2 47: 0, -1 -1 -1, -1, 58
0 2 48: 0, -1 -1 -1, -1, 58
0 2 49: 0, 42 1 1, -1, 58
0 2 50: 0, 42 0 0, -1, 58
0 2 51: 0, 42 0 0, 16, 58
0 2 52: 0, 42 0 0, 16, 58
0 2 53: 0, 42 0 0, 16, 58
0 2 54: 0, 42 0 0, 16, 58
0 2 55: 0, 42 0 0, 16, 58
0 2 56: 0, 42 0 0, 16, 58
0 2 57: 0, 42 0 0, 16, 58
0 2 58: 0, 42 0 0, 16, 58
0 2 59: 0, 42 0 0, 16, 58
0 2 60: 0, 42 0 0, 16, 58
0 3 0: 122, 42 0 0, 16, 58
0 3 1: 136, 42 0 0, 16, 58
0 3 2: 136, 42 0 0, 16, 58
0 3 3: 85, 42 0 0, 16, 58
0 3 4: 56, 42 0 0, 16, 58
0 3 5: 56, 42 0 0, 16, 58
0 3 6: 0, 42 0 0, -1, 58
0 3 7: 0, 42 0 0, -1, 58
0 3 8: 0, 42 1 3, -1, 58
0 3 9: 0, -1 -1 -1, -1, 58
0 3 10: 0, -1 -1 -1, -1, 58
0 3 11: 0, -1 -1 -1, -1, 58
0 3 12: 0, -1 -1 -1, -1, 58
0 3 13: 0, -1 -1 -1, -1, 58
0 3 14: 0, -1 -1 -1, -1, 58
0 3 15: 0, -1 -1 -1, -1, 58
0 3 16: 0, -1 -1 -1, -1, 58
0 3 17: 0, 42 1 1, -1, 58
0 3 18: 0, 42 0 0, -1, 58
0 3 19: 0, 42 0 0, 16, 58
0 3 20: 0, 42 0 0, 16, 58
0 3 21: 0, 42 0 0, 16, 58
0 3 22: 0, 42 0 0, 16, 58
0 3 23: 0, 42 0 0, 16, 58
0 3 24: 0, 42 0 0, 16, 58
0 3 25: 0, 42 0 0, 16, 58
0 3 26: 0, 42 0 0, 16, 58
0 3 27: 0, 42 0 0, 16, 58
0 3 28: 0, 42 0 0, 16, 58
0 3 29: 0, 42 0 0, 16, 58
0 3 30: 0, 42 0 0, 16, 58
0 3 31: 0, 42 0 0, 16, 58
0 3 32: 0, 42 0 0, 16, 58
0 3 33: 0, 42 0 0, 16, 58
0 3 34: 0, 42 0 0, 16, 58
0 3 35: 0, 42 0 0, 16, 58
0 3 36: 0, 42 0 0, 16, 58
0 3 37: 0, 42 0 0, 16, 58
0 3 38: 0, 42 0 0, -1, 58
0 3 39: 0, 42 1 0, -1, 58
0 3 40: 0, -1 -1 -1, -1, 58
0 3 41: 0, -1 -1 -1, -1, 58
0 3 42: 0, -1 -1 -1, -1, 58
0 3 43: 0, -1 -1 -1, -1, 58
0 3 44: 0, -1 -1 -1, -1, 58
0 3 45: 0, -1 -1 -1, -1, 58
0 3 46: 0, -1 -1 -1, -1, 58
0 3 47: 0, -1 -1 -1, -1, 58
0 3 48: 0, -1 -1 -1, -1, 58
0 3 49: 0, -1 -1 -1, -1, 58
0 3 50: 0, 42 0 0, -1, 58
0 3 51: 0, 42 0 0, 16, 58
0 3 52: 0, 42 0 0, 16, 58
0 3 53: 0, 42 0 0, 16, 58
0 3 54: 0, 42 0 0, 16, 58
0 3 55: 0, 42 0 0, 16, 58
0 3 56: 0, 42 0 0, 16, 58
0 3 57: 0, 42 0 0, 16, 58
0 3 58: 0, 42 0 0, 16, 58
0 3 59: 0, 42 0 0, 16, 58
0 3 60: 0, 42 0 0, 16, 58
0 4 0: 122, 42 0 0, 16, 58
0 4 1: 136, 42 0 0, 16, 58
0 4 2: 136, 42 0 0, 16, 58
0 4 3: 136, 42 0 0, 16, 58
0 4 4: 85, 42 0 0, 16, 58
0 4 5: 85, 42 0 0, 16, 58
0 4 6: 0, 42 0 0, 16, 58
0 4 7: 0, 42 0 0, 16, 58
0 4 8: 0, 42 0 0, -1, 58
0 4 9: 0, 42 1 3, -1, 58
0 4 10: 0, -1 -1 -1, -1, 58
0 4 11: 0, -1 -1 -1, -1, 58
0 4 12: 0, -1 -1 -1, -1, 58
0 4 13: 0, -1 -1 -1, -1, 58
0 4 14: 0, -1 -1 -1, -1, 58
0 4 15: 0, -1 -1 -1, -1, 58
0 4 16: 0, -1 -1 -1, -1, 58
0 4 17: 0, -1 -1 -1, -1, 58
0 4 18: 0, 42 1 1, -1, 58
0 4 19: 0, 42 0 0, -1, 58
0 4 20: 0, 42 0 0, -1, 58
0 4 21: 0, 42 0 0, -1, 58
0 4 22: 0, 42 0 0, -1, 58
0 4 23: 0, 42 0 0, 16, 58
0 4 24: 0, 42 0 0, 16, 58
0 4 25: 0, 42 0 0, 16, 58
0 4 26: 0, 42 0 0, 16, 58
0 4 27: 0, 42 0 0, 16, 58
0 4 28: 0, 42 0 0, 16, 58
0 4 29: 0, 42 0 0, 16, 58
0 4 30: 0, 42 0 0, 16, 58
0 4 31: 0, 42 0 0, 16, 58
0 4 32: 0, 42 0 0, 16, 58
0 4 33: 0, 42 0 0, 16, 58
0 4 34: 0, 42 0 0, -1, 58
0 4 35: 0, 42 0 0, -1, 58
0 4 36: 0, 42 0 0, -1, 58
0 4 37: 0, 42 0 0, -1, 58
0 4 38: 0, 42 1 0, -1, 58
0 4 39: 0, -1 -1 -1, -1, 58
0 4 40: 0, -1 -1 -1, -1, 58
0 4 41: 0, -1 -1 -1, -1, 58
0 4 42: 0, -1 -1 -1, -1, 58
0 4 43: 0, -1 -1 -1, -1, 58
0 4 44: 0, -1 -1 -1, -1, 58
0 4 45: 0, -1 -1 -1, -1, 58
0 4 46: 0, -1 -1 -1, -1, 58
0 4 47: 0, -1 -1 -1, -1, 58
0 4 48: 0, -1 -1 -1, -1, 58
0 4 49: 0, 42 1 2, -1, 58
0 4 50: 0, 42 0 0, -1, 58
0 4 51: 0, 42 0 0, 16, 58
0 4 52: 0, 42 0 0, 16, 58
0 4 53: 0, 42 0 0, 16, 58
0 4 54: 0, 42 0 0, 16, 58
0 4 55: 0, 42 0 0, 16, 58
0 4 56: 0, 42 0 0, 16, 58
0 4 57: 0, 42 0 0, 16, 58
0 4 58: 0, 42 0 0, 16, 58
0 4 59: 0, 42 0 0, 16, 58
0 4 60: 0, 42 0 0, 16, 58
0 5 0: 55, 42 0 0, 16, 58
0 5 1: 122, 42 0 0, 16, 58
0 5 2: 136, 42 0 0, 16, 58
0 5 3: 136, 42 0 0, 16, 58
0 5 4: 136, 42 0 0, 16, 58
0 5 5: 85, 42 0 0, 16, 58
0 5 6: 56, 42 0 0, 16, 58
0 5 7: 0, 42 0 0, 16, 58
0 5 8: 0, 42 0 0, 16, 58
0 5 9: 0, 42 0 0, -1, 58
0 5 10: 0, -1 -1 -1, -1, 58
0 5 11: 0, -1 -1 -1, -1, 58
0 5 12: 0, -1 -1 -1, -1, 58
0 5 13: 0, -1 -1 -1, -1, 58
0 5 14: 0, -1 -1 -1, -1, 58
0 5 15: 0, -1 -1 -1, -1, 58
0 5 16: 0, -1 -1 -1, -1, 58
0 5 17: 0, -1 -1 -1, -1, 58
0 5 18: 0, -1 -1 -1, -1, 58
0 5 19: 0, 42 1 1, -1, 58
0 5 20: 0, 42 1 0, -1, 58
0 5 21: 0, -1 -1 -1, -1, 58
0 5 22: 0, 42 1 1, -1, 58
0 5 23: 0, 42 0 0, -1, 58
0 5 24: 0, 42 0 0, 16, 58
0 5 25: 0, 42 0 0, 16, 58
0 5 26: 0, 42 0 0, 16, 58
0 5 27: 0, 42 0 0, 16, 58
0 5 28: 0, 42 0 0, 16, 58
0 5 29: 0, 42 0 0, 16, 58
0 5 30: 0, 42 0 0, 16, 58
0 5 31: 0, 42 0 0, 16, 58
0 5 32: 0, 42 0 0, 16, 58
0 5 33: 0, 42 0 0, -1, 58
0 5 34: 0, 42 1 0, -1, 58
0 5 35: 0, -1 -1 -1, -1, 58
0 5 36: 0, -1 -1 -1, -1, 58
0 5 37: 0, -1 -1 -1, -1, 58
0 5 38: 0, -1 -1 -1, -1, 58
0 5 39: 0, -1 -1 -1, -1, 58
0 5 40: 0, -1 -1 -1, -1, 58
0 5 41: 0, -1 -1 -1, -1, 58
0 5 42: 0, -1 -1 -1, -1, 58
0 5 43: 0, -1 -1 -1, -1, 58
0 5 44: 0, -1 -1 -1, -1, 58
0 5 45: 0, -1 -1 -1, -1, 58
0 5 46: 0, 42 1 2, -1, 58
0 5 47: 0, 42 0 0, -1, 58
0 5 48: 0, 42 0 0, -1, 58
0 5 49: 0, 42 0 0, -1, 58
0 5 50: 0, 42 0 0, 16, 58
0 5 51: 0, 42 0 0, 16, 58
0 5 52: 0, 42 0 0, 16, 58
0 5 53: 0, 42 0 0, 16, 58
0 5 54: 0, 42 0 0, 16, 58
0 5 55: 0, 42 0 0, 16, 58
0 5 56: 0, 42 0 0, 16, 58
0 5 57: 0, 42 0 0, 16, 58
0 5 58: 0, 42 0 0, 16, 58
0 5 59: 0, 42 0 0, 16, 58
0 5 60: 0, 42 0 0, 16, 58
0 6 0: 55, 42 0 0, 16, 58
0 6 1: 96, 42 0 0, 16, 58
0 6 2: 122, 42 0 0, 16, 58
0 6 3: 136, 42 0 0, 16, 58
0 6 4: 136, 42 0 0, 16, 58
0 6 5: 136, 42 0 0, 16, 58
0 6 6: 56, 42 0 0, 16, 58
0 6 7: 56, 42 0 0, 16, 58
0 6 8: 0, 42 0 0, 16, 58
0 6 9: 0, 42 0 0, -1, 58
0 6 10: 0, -1 -1 -1, -1, 58
0 6 11: 0, -1 -1 -1, -1, 58
0 6 12: 0, -1 -1 -1, -1, 58
0 6 13: 0, -1 -1 -1, -1, 58
0 6 14: 0, -1 -1 -1, -1, 58
0 6 15: 0, -1 -1 -1, -1, 58
0 6 16: 0, -1 -1 -1, -1, 58
0 6 17: 0, -1 -1 -1, -1, 58
0 6 18: 0, -1 -1 -1, -1, 58
0 6 19: 0, -1 -1 -1, -1, 58
0 6 20: 0, -1 -1 -1, -1, 58
0 6 21: 0, -1 -1 -1, -1, 58
0 6 22: 0, -1 -1 -1, -1, 58
0 6 23: 0, 42 0 0, -1, 58
0 6 24: 0, 42 0 0, 16, 58
0 6 25: 0, 42 0 0, 16, 58
0 6 26: 0, 42 0 0, 16, 58
0 6 27: 0, 42 0 0, 16, 58
0 6 28: 0, 42 0 0, 16, 58
0 6 29: 0, 42 0 0, 16, 58
0 6 30: 0, 42 0 0, 16, 58
0 6 31: 0, 42 0 0, 16, 58
0 6 32: 0, 42 0 0, -1, 58
0 6 33: 0, 42 1 0, -1, 58
0 6 34: 0, -1 -1 -1, -1, 58
0 6 35: 0, -1 -1 -1, -1, 58
0 6 36: 0, -1 -1 -1, -1, 58
0 6 37: 0, -1 -1 -1, -1, 58
0 6 38: 0, -1 -1 -1, -1, 58
0 6 39: 0, -1 -1 -1, -1, 58
0 6 40: 0, -1 -1 -1, -1, 58
0 6 41: 0, -1 -1 -1, -1, 58
0 6 42: 0, -1 -1 -1, -1, 58
0 6 43: 0, -1 -1 -1, -1, 58
0 6 44: 0, 42 1 2, -1, 58
0 6 45: 0, 42 0 0, -1, 58
0 6 46: 0, 42 0 0, -1, 58
0 6 47: 0, 42 0 0, 16, 58
0 6 48: 0, 42 0 0, 16, 58
0 6 49: 0, 42 0 0, 16, 58
0 6 50: 0, 42 0 0, 16, 58
0 6 51: 0, 42 0 0, 16, 58
0 6 52: 0, 42 0 0, 16, 58
0 6 53: 0, 42 0 0, 16, 58
0 6 54: 0, 42 0 0, 16, 58
0 6 55: 0, 42 0 0, 16, 58
0 6 56: 0, 42 0 0, 16, 58
0 6 57: 0, 42 0 0, 16, 58
0 6 58: 0, 42 0 0, 16, 58
0 6 59: 0, 42 0 0, 16, 58
0 6 60: 0, 42 0 0, 16, 58
0 7 0: 55, 42 0 0, 16, 58
0 7 1: 96, 42 0 0, 16, 58
0 7 2: 122, 42 0 0, 16, 58
0 7 3: 136, 42 0 0, 16, 58
0 7 4: 136, 42 0 0, 16, 58
0 7 5: 136, 42 0 0, 16, 58
0 7 6: 85, 42 0 0, 16, 58
0 7 7: 56, 42 0 0, 16, 58
0 7 8: 0, 42 0 0, 16, 58
0 7 9: 0, 42 0 0, -1, 58
0 7 10: 0, 42 1 3, -1, 58
0 7 11: 0, -1 -1 -1, -1, 58
0 7 12: 0, 42 1 2, -1, 58
0 7 13: 0, 42 0 0, -1, 58
0 7 14: 0, 42 1 3, -1, 58
0 7 15: 0, -1 -1 -1, -1, 58
0 7 16: 0, -1 -1 -1, -1, 58
0 7 17: 0, -1 -1 -1, -1, 58
0 7 18: 0, -1 -1 -1, -1, 58
0 7 19: 0, -1 -1 -1, -1, 58
0 7 20: 0, -1 -1 -1, -1, 58
0 7 21: 0, -1 -1 -1, -1, 58
0 7 22: 0, 42 1 2, -1, 58
0 7 23: 0, 42 0 0, -1, 58
0 7 24: 0, 42 0 0, 16, 58
0 7 25: 0, 42 0 0, 16, 58
0 7 26: 0, 42 0 0, 16, 58
0 7 27: 0, 42 0 0, 16, 58
0 7 28: 0, 42 0 0, 16, 58
0 7 29: 0, 42 0 0, 16, 58
0 7 30: 0, 42 0 0, 16, 58
0 7 31: 0, 42 0 0, -1, 58
0 7 32: 0, 42 1 0, -1, 58
0 7 33: 0, -1 -1 -1, -1, 58
0 7 34: 0, -1 -1 -1, -1, 58
0 7 35: 0, -1 -1 -1, -1, 58
0 7 36: 0, -1 -1 -1, -1, 58
0 7 37: 0, -1 -1 -1, -1, 58
0 7 38: 0, 42 1 2, -1, 58
0 7 39: 0, 42 0 0, -1, 58
0 7 40: 0, 42 1 3, -1, 58
0 7 41: 0, -1 -1 -1, -1, 58
0 7 42: 0, 42 1 2, -1, 58
0 7 43: 0, 42 0 0, -1, 58
0 7 44: 0, 42 0 0, -1, 58
0 7 45: 0, 42 0 0, 16, 58
0 7 46: 0, 42 0 0, 16, 58
0 7 47: 0, 42 0 0, 16, 58
0 7 48: 0, 42 0 0, 16, 58
0 7 49: 0, 42 0 0, 16, 58
0 7 50: 0, 42 0 0, 16, 58
0 7 51: 0, 42 0 0, 16, 58
0 7 52: 0, 42 0 0, 16, 58
0 7 53: 0, 42 0 0, 16, 58
0 7 54: 0, 42 0 0, 16, 58
0 7 55: 0, 42 0 0, 16, 58
0 7 56: 0, 42 0 0, 16, 58
0 7 57: 0, 42 0 0, 16, 58
0 7 58: 0, 42 0 0, 16, 58
0 7 59: 0, 42 0 0, 16, 58
0 7 60: 0, 42 0 0, 16, 58
0 8 0: 55, 42 0 0, 16, 58
0 8 1: 96, 42 0 0, 16, 58
0 8 2: 122, 42 0 0, 16, 58
0 8 3: 122, 42 0 0, 16, 58
0 8 4: 136, 42 0 0, 16, 58
0 8 5: 136, 42 0 0, 16, 58
0 8 6: 136, 42 0 0, 16, 58
0 8 7: 56, 42 0 0, 16, 58
0 8 8: 56, 42 0 0, 16, 58
0 8 9: 0, 42 0 0, 16, 58
0 8 10: 0, 42 0 0, -1, 58
0 8 11: 0, 42 0 0, -1, 58
0 8 12: 0, 42 0 0, -1, 58
0 8 13: 0, 42 0 0, 16, 58
0 8 14: 0, 42 0 0, -1, 58
0 8 15: 0, -1 -1 -1, -1, 58
0 8 16: 0, -1 -1 -1, -1, 58
0 8 17: 0, -1 -1 -1, -1, 58
0 8 18: 0, -1 -1 -1, -1, 58
0 8 19: 0, -1 -1 -1, -1, 58
0 8 20: 0, -1 -1 -1, -1, 58
0 8 21: 0, -1 -1 -1, -1, 58
0 8 22: 0, 42 0 0, -1, 58
0 8 23: 0, 42 0 0, 16, 58
0 8 24: 0, 42 0 0, 16, 58
0 8 25: 0, 42 0 0, 16, 58
0 8 26: 0, 42 0 0, 16, 58
0 8 27: 0, 42 0 0, 16, 58
0 8 28: 0, 42 0 0, 16, 58
0 8 29: 0, 42 0 0, -1, 58
0 8 30: 0, 42 0 0, -1, 58
0 8 31: 0, 42 1 0, -1, 58
0 8 32: 0, -1 -1 -1, -1, 58
0 8 33: 0, -1 -1 -1, -1, 58
0 8 34: 0, -1 -1 -1, -1, 58
0 8 35: 0, -1 -1 -1, -1, 58
0 8 36: 0, -1 -1 -1, -1, 58
0 8 37: 0, 42 1 2, -1, 58
0 8 38: 0, 42 0 0, -1, 58
0 8 39: 0, 42 0 0, 16, 58
0 8 40: 0, 42 0 0, -1, 58
0 8 41: 0, 42 0 0, -1, 58
0 8 42: 0, 42 0 0, -1, 58
0 8 43: 0, 42 0 0, 16, 58
0 8 44: 0, 42 0 0, 16, 58
0 8 45: 0, 42 0 0, 16, 58
0 8 46: 0, 42 0 0, 16, 58
0 8 47: 0, 42 0 0, 16, 58
0 8 48: 0, 42 0 0, 16, 58
0 8 49: 0, 42 0 0, 16, 58
0 8 50: 0, 42 0 0, 16, 58
0 8 51: 0, 42 0 0, 16, 58
0 8 52: 0, 42 0 0, 16, 58
0 8 53: 0, 42 0 0, 16, 58
0 8 54: 0, 42 0 0, 16, 58
0 8 55: 0, 42 0 0, 16, 58
0 8 56: 0, 42 0 0, 16, 58
0 8 57: 0, 42 0 0, 16, 58
0 8 58: 0, 42 0 0, 16, 58
0 8 59: 0, 42 0 0, 16, 58
0 8 60: 0, 42 0 0, 16, 58
0 9 0: 55, 42 0 0, 16, 58
0 9 1: 96, 42 0 0, 16, 58
0 9 2: 96, 42 0 0, 16, 58
0 9 3: 122, 42 0 0, 16, 58
0 9 4: 136, 42 0 0, 16, 58
0 9 5: 136, 42 0 0, 16, 58
0 9 6: 136, 42 0 0, 16, 58
0 9 7: 85, 42 0 0, 16, 58
0 9 8: 56, 42 0 0, 16, 58
0 9 9: 0, 42 0 0, 16, 58
0 9 10: 0, 42 0 0, 16, 58
0 9 11: 0, 42 0 0, 16, 58
0 9 12: 0, 42 0 0, 16, 58
0 9 13: 0, 42 0 0, -1, 58
0 9 14: 0, 42 1 0, -1, 58
0 9 15: 0, -1 -1 -1, -1, 58
0 9 16: 0, -1 -1 -1, -1, 58
0 9 17: 0, -1 -1 -1, -1, 58
0 9 18: 0, -1 -1 -1, -1, 58
0 9 19: 0, -1 -1 -1, -1, 58
0 9 20: 0, -1 -1 -1, -1, 58
0 9 21: 0, -1 -1 -1, -1, 58
0 9 22: 0, 42 1 1, -1, 58
0 9 23: 0, 42 0 0, -1, 58
0 9 24: 0, 42 0 0, -1, 58
0 9 25: 0, 42 0 0, -1, 58
0 9 26: 0, 42 0 0, 16, 58
0 9 27: 0, 42 0 0, -1, 58
0 9 28: 0, 42 0 0, -1, 58
0 9 29: 0, 42 1 0, -1, 58
0 9 30: 0, -1 -1 -1, -1, 58
0 9 31: 0, -1 -1 -1, -1, 58
0 9 32: 0, -1 -1 -1, -1, 58
0 9 33: 0, -1 -1 -1, -1, 58
0 9 34: 0, -1 -1 -1, -1, 58
0 9 35: 0, -1 -1 -1, -1, 58
0 9 36: 0, -1 -1 -1, -1, 58
0 9 37: 0, 42 0 0, -1, 58
0 9 38: 0, 42 0 0, 16, 58
0 9 39: 0, 42 0 0, 16, 58
0 9 40: 0, 42 0 0, 16, 58
0 9 41: 0, 42 0 0, 16, 58
0 9 42: 0, 42 0 0, 16, 58
0 9 43: 0, 42 0 0, 16, 58
0 9 44: 0, 42 0 0, 16, 58
0 9 45: 0, 42 0 0, 16, 58
0 9 46: 0, 42 0 0, 16, 58
0 9 47: 0, 42 0 0, 16, 58
0 9 48: 0, 42 0 0, 16, 58
0 9 49: 0, 42 0 0, 16, 58
0 9 50: 0, 42 0 0, 16, 58
0 9 51: 0, 42 0 0, 16, 58
0 9 52: 0, 42 0 0, 16, 58
0 9 53: 0, 42 0 0, 16, 58
0 9 54: 0, 42 0 0, 16, 58
0 9 55: 0, 42 0 0, 16, 58
0 9 56: 0, 42 0 0, 16, 58
0 9 57: 0, 42 0 0, 16, 58
0 9 58: 0, 42 0 0, 16, 58
0 9 59: 0, 42 0 0, 16, 58
0 9 60: 0, 42 0 0, 16, 58
0 10 0: 0, 42 0 0, 16, 58
0 10 1: 55, 42 0 0, 16, 58
0 10 2: 96, 42 0 0, 16, 58
0 10 3: 96, 42 0 0, 16, 58
0 10 4: 122, 42 0 0, 16, 58
0 10 5: 136, 42 0 0, 16, 58
0 10 6: 136, 42 0 0, 16, 58
0 10 7: 85, 42 0 0, 16, 58
0 10 8: 56, 42 0 0, 16, 58
0 10 9: 56, 42 0 0, 16, 58
0 10 10: 0, 42 0 0, 16, 58
0 10 11: 0, 42 0 0, 16, 58
0 10 12: 0, 42 0 0, 16, 58
0 10 13: 0, 42 0 0, -1, 58
0 10 14: 0, -1 -1 -1, -1, 58
0 10 15: 0, -1 -1 -1, -1, 58
0 10 16: 0, -1 -1 -1, -1, 58
0 10 17: 0, -1 -1 -1, -1, 58
0 10 18: 0, -1 -1 -1, -1, 58
0 10 19: 0, -1 -1 -1, -1, 58
0 10 20: 0, -1 -1 -1, -1, 58
0 10 21: 0, -1 -1 -1, -1, 58
0 10 22: 0, -1 -1 -1, -1, 58
0 10 23: 0, -1 -1 -1, -1, 58
0 10 24: 0, -1 -1 -1, -1, 58
0 10 25: 0, 42 1 1, -1, 58
0 10 26: 0, 42 0 0, -1, 58
0 10 27: 0, 42 1 0, -1, 58
0 10 28: 0, -1 -1 -1, -1, 58
0 10 29: 0, -1 -1 -1, -1, 58
0 10 30: 0, -1 -1 -1, -1, 58
0 10 31: 0, -1 -1 -1, -1, 58
0 10 32: 0, -1 -1 -1, -1, 58
0 10 33: 0, -1 -1 -1, -1, 58
0 10 34: 0, -1 -1 -1, -1, 58
0 10 35: 0, -1 -1 -1, -1, 58
0 10 36: 0, 42 1 2, -1, 58
0 10 37: 0, 42 0 0, -1, 58
0 10 38: 0, 42 0 0, 16, 58
0 10 39: 0, 42 0 0, 16, 58
0 10 40: 0, 42 0 0, 16, 58
0 10 41: 0, 42 0 0, 16, 58
0 10 42: 0, 42 0 0, 16, 58
0 10 43: 0, 42 0 0, 16, 58
0 10 44: 0, 42 0 0, 16, 58
0 10 45: 0, 42 0 0, 16, 58
0 10 46: 0, 42 0 0, 16, 58
0 10 47: 0, 42 0 0, 16, 58
0 10 48: 0, 42 0 0, 16, 58
0 10 49: 0, 42 0 0, 16, 58
0 10 50: 0, 42 0 0, 16, 58
0 10 51: 0, 42 0 0, 16, 58
0 10 52: 0, 42 0 0, 16, 58
0 10 53: 0, 42 0 0, 16, 58
0 10 54: 0, 42 0 0, 16, 58
0 10 55: 0, 42 0 0, 16, 58
0 10 56: 0, 42 0 0, 16, 58
0 10 57: 0, 42 0 0, 16, 58
0 10 58: 0, 42 0 0, 16, 58
0 10 59: 0, 42 0 0, 16, 58
0 10 60: 0, 42 0 0, 16, 58
0 11 0: 36, 42 0 0, 16, 58
0 11 1: 48, 42 0 0, 16, 58
0 11 2: 63, 42 0 0, 16, 58
0 11 3: 76, 42 0 0, 16, 58
0 11 4: 113, 42 0 0, 16, 58
0 11 5: 136, 42 0 0, 16, 58
0 11 6: 136, 42 0 0, 16, 58
0 11 7: 136, 42 0 0, 16, 58
0 11 8: 85, 42 0 0, 16, 58
0 11 9: 56, 42 0 0, 16, 58
0 11 10: 56, 42 0 0, 16, 58
0 11 11: 0, 42 0 0, 16, 58
0 11 12: 0, 42 0 0, 16, 58
0 11 13: 0, 42 0 0, -1, 58
0 11 14: 0, 42 1 3, -1, 58
0 11 15: 0, -1 -1 -1, -1, 58
0 11 16: 0, -1 -1 -1, -1, 58
0 11 17: 0, -1 -1 -1, -1, 58
0 11 18: 0, -1 -1 -1, -1, 58
0 11 19: 0, -1 -1 -1, -1, 58
0 11 20: 0, -1 -1 -1, -1, 58
0 11 21: 0, -1 -1 -1, -1, 58
0 11 22: 0, -1 -1 -1, -1, 58
0 11 23: 0, -1 -1 -1, -1, 58
0 11 24: 0, -1 -1 -1, -1, 58
0 11 25: 0, -1 -1 -1, -1, 58
0 11 26: 0, -1 -1 -1, -1, 58
0 11 27: 0, -1 -1 -1, -1, 58
0 11 28: 0, -1 -1 -1, -1, 58
0 11 29: 0, -1 -1 -1, -1, 58
0 11 30: 0, -1 -1 -1, -1, 58
0 11 31: 0, -1 -1 -1, -1, 58
0 11 32: 0, -1 -1 -1, -1, 58
0 11 33: 0, -1 -1 -1, -1, 58
0 11 34: 0, -1 -1 -1, -1, 58
0 11 35: 0, 42 1 2, -1, 58
0 11 36: 0, 42 0 0, -1, 58
0 11 37: 0, 42 0 0, 16, 58
0 11 38: 0, 42 0 0, 16, 58
0 11 39: 0, 42 0 0, 16, 58
0 11 40: 0, 42 0 0, 16, 58
0 11 41: 0, 42 0 0, 16, 58
0 11 42: 0, 42 0 0, 16, 58
0 11 43: 0, 42 0 0, 16, 58
0 11 44: 0, 42 0 0, 16, 58
0 11 45: 0, 42 0 0, 16, 58
0 11 46: 0, 42 0 0, 16, 58
0 11 47: 0, 42 0 0, 16, 58
0 11 48: 0, 42 0 0, 16, 58
0 11 49: 0, 42 0 0, 16, 58
0 11 50: 0, 42 0 0, 16, 58
0 11 51: 0, 42 0 0, 16, 58
0 11 52: 0, 42 0 0, 16, 58
0 11 53: 0, 42 0 0, 16, 58
0 11 54: 0, 42 0 0, 16, 58
0 11 55: 0, 42 0 0, 16, 58
0 11 56: 0, 42 0 0, 16, 58
0 11 57: 0, 42 0 0, 16, 58
0 11 58: 0, 42 0 0, 16, 58
0 11 59: 0, 42 0 0, 16, 58
0 11 60: 0, 42 0 0, 16, 58
0 12 0: 0, 42 0 0, 16, 58
0 12 1: 38, 42 0 0, 16, 58
0 12 2: 47, 42 0 0, 16, 58
0 12 3: 62, 42 0 0, 16, 58
0 12 4: 92, 42 0 0, 16, 58
0 12 5: 122, 42 0 0, 16, 58
0 12 6: 136, 42 0 0, 16, 58
0 12 7: 136, 42 0 0, 16, 58
0 12 8: 136, 42 0 0, 16, 58
0 12 9: 85, 42 0 0, 16, 58
0 12 10: 56, 42 0 0, 16, 58
0 12 11: 0, 42 0 0, 16, 58
0 12 12: 0, 42 0 0, 16, 58
0 12 13: 0, 42 0 0, 16, 58
0 12 14: 0, 42 0 0, -1, 58
0 12 15: 0, 42 1 3, -1, 58
0 12 16: 0, -1 -1 -1, -1, 58
0 12 17: 0, -1 -1 -1, -1, 58
0 12 18: 0, -1 -1 -1, -1, 58
0 12 19: 0, -1 -1 -1, -1, 58
0 12 20: 0, -1 -1 -1, -1, 58
0 12 21: 0, -1 -1 -1, -1, 58
0 12 22: 0, -1 -1 -1, -1, 58
0 12 23: 0, -1 -1 -1, -1, 58
0 12 24: 0, -1 -1 -1, -1, 58
0 12 25: 0, -1 -1 -1, -1, 58
0 12 26: 0, -1 -1 -1, -1, 58
0 12 27: 0, -1 -1 -1, -1, 58
0 12 28: 0, -1 -1 -1, -1, 58
0 12 29: 0, -1 -1 -1, -1, 58
0 12 30: 0, -1 -1 -1, -1, 58
0 12 31: 0, -1 -1 -1, -1, 58
0 12 32: 0, -1 -1 -1, -1, 58
0 12 33: 0, -1 -1 -1, -1, 58
0 12 34: 0, 42 1 2, -1, 58
0 12 35: 0, 42 0 0, -1, 58
0 12 36: 0, 42 0 0, 16, 58
0 12 37: 0, 42 0 0, 16, 58
0 12 38: 0, 42 0 0, 16, 58
0 12 39: 0, 42 0 0, 16, 58
0 12 40: 0, 42 0 0, 16, 58
0 12 41: 0, 42 0 0, 16, 58
0 12 42: 0, 42 0 0, 16, 58
0 12 43: 0, 42 0 0, 16, 58
0 12 44: 0, 42 0 0, 16, 58
0 12 45: 0, 42 0 0, 16, 58
0 12 46: 0, 42 0 0, 16, 58
0 12 47: 0, 42 0 0, 16, 58
0 12 48: 0, 42 0 0, 16, 58
0 12 49: 0, 42 0 0, 16, 58
0 12 50: 0, 42 0 0, 16, 58
0 12 51: 0, 42 0 0, 16, 58
0 12 52: 0, 42 0 0, 16, 58
0 12 53: 0, 42 0 0, 16, 58
0 12 54: 0, 42 0 0, 16, 58
0 12 55: 0, 42 0 0, 16, 58
0 12 56: 0, 42 0 0, 16, 58
0 12 57: 0, 42 0 0, 16, 58
0 12 58: 0, 42 0 0, 16, 58
0 12 59: 0, 42 0 0, 16, 58
0 12 60: 0, 42 0 0, 16, 58
0 13 0: 0, 42 0 0, 16, 58
0 13 1: 30, 42 0 0, 16, 58
0 13 2: 38, 42 0 0, 16, 58
0 13 3: 51, 42 0 0, 16, 58
0 13 4: 68, 42 0 0, 16, 58
0 13 5: 122, 42 0 0, 16, 58
0 13 6: 136, 42 0 0, 16, 58
0 13 7: 136, 42 0 0, 16, 58
0 13 8: 136, 42 0 0, 16, 58
0 13 9: 136, 42 0 0, 16, 58
0 13 10: 56, 42 0 0, 16, 58
0 13 11: 56, 42 0 0, 16, 58
0 13 12: 0, 42 0 0, 16, 58
0 13 13: 0, 42 0 0, 16, 58
0 13 14: 0, 42 0 0, 16, 58
0 13 15: 0, 42 0 0, -1, 58
0 13 16: 0, 42 1 3, -1, 58
0 13 17: 0, -1 -1 -1, -1, 58
0 13 18: 0, -1 -1 -1, -1, 58
0 13 19: 0, -1 -1 -1, -1, 58
0 13 20: 0, -1 -1 -1, -1, 58
0 13 21: 0, -1 -1 -1, -1, 58
0 13 22: 0, 42 1 2, -1, 58
0 13 23: 0, 42 0 0, -1, 58
0 13 24: 0, 42 1 3, -1, 58
0 13 25: 0, -1 -1 -1, -1, 58
0 13 26: 0, -1 -1 -1, -1, 58
0 13 27: 0, -1 -1 -1, -1, 58
0 13 28: 0, -1 -1 -1, -1, 58
0 13 29: 0, -1 -1 -1, -1, 58
0 13 30: 0, -1 -1 -1, -1, 58
0 13 31: 0, 42 1 2, -1, 58
0 13 32: 0, 42 0 0, -1, 58
0 13 33: 0, 42 0 0, -1, 58
0 13 34: 0, 42 0 0, -1, 58
0 13 35: 0, 42 0 0, 16, 58
0 13 36: 0, 42 0 0, 16, 58
0 13 37: 0, 42 0 0, 16, 58
0 13 38: 0, 42 0 0, 16, 58
0 13 39: 0, 42 0 0, 16, 58
0 13 40: 0, 42 0 0, 16, 58
0 13 41: 0, 42 0 0, 16, 58
0 13 42: 0, 42 0 0, 16, 58
0 13 43: 0, 42 0 0, 16, 58
0 13 44: 0, 42 0 0, 16, 58
0 13 45: 0, 42 0 0, 16, 58
0 13 46: 0, 42 0 0, 16, 58
0 13 47: 0, 42 0 0, 16, 58
0 13 48: 0, 42 0 0, 16, 58
0 13 49: 0, 42 0 0, 16, 58
0 13 50: 0, 42 0 0, 16, 58
0 13 51: 0, 42 0 0, 16, 58
0 13 52: 0, 42 0 0, 16, 58
0 13 53: 0, 42 0 0, 16, 58
0 13 54: 0, 42 0 0, 16, 58
0 13 55: 0, 42 0 0, 16, 58
0 13 56: 0, 42 0 0, 16, 58
0 13 57: 0, 42 0 0, 16, 58
0 13 58: 0, 42 0 0, 16, 58
0 13 59: 0, 42 0 0, 16, 58
0 13 60: 0, 42 0 0, 16, 58
0 14 0: 0, 42 0 0, 16, 58
0 14 1: 0, 42 0 0, 16, 58
0 14 2: 0, 42 0 0, 16, 58
0 14 3: 55, 42 0 0, 16, 58
0 14 4: 55, 42 0 0, 16, 58
0 14 5: 96, 42 0 0, 16, 58
0 14 6: 122, 42 0 0, 16, 58
0 14 7: 136, 42 0 0, 16, 58
0 14 8: 136, 42 0 0, 16, 58
0 14 9: 136, 42 0 0, 16, 58
0 14 10: 85, 42 0 0, 16, 58
0 14 11: 56, 42 0 0, 16, 58
0 14 12: 0, 42 0 0, 16, 58
0 14 13: 0, 42 0 0, 16, 58
0 14 14: 0, 42 0 0, 16, 58
0 14 15: 0, 42 0 0, 16, 58
0 14 16: 0, 42 0 0, -1, 58
0 14 17: 0, 42 0 0, -1, 58
0 14 18: 0, 42 1 3, -1, 58
0 14 19: 0, -1 -1 -1, -1, 58
0 14 20: 0, 42 1 2, -1, 58
0 14 21: 0, 42 0 0, -1, 58
0 14 22: 0, 42 0 0, -1, 58
0 14 23: 0, 42 0 0, 16, 58
0 14 24: 0, 42 0 0, -1, 58
0 14 25: 0, 42 1 3, -1, 58
0 14 26: 0, -1 -1 -1, -1, 58
0 14 27: 0, -1 -1 -1, -1, 58
0 14 28: 0, -1 -1 -1, -1, 58
0 14 29: 0, 42 1 2, -1, 58
0 14 30: 0, 42 0 0, -1, 58
0 14 31: 0, 42 0 0, -1, 58
0 14 32: 0, 42 0 0, 16, 58
0 14 33: 0, 42 0 0, 16, 58
0 14 34: 0, 42 0 0, 16, 58
0 14 35: 0, 42 0 0, 16, 58
0 14 36: 0, 42 0 0, 16, 58
0 14 37: 0, 42 0 0, 16, 58
0 14 38: 0, 42 0 0, 16, 58
0 14 39: 0, 42 0 0, 16, 58
0 14 40: 0, 42 0 0, 16, 58
0 14 41: 0, 42 0 0, 16, 58
0 14 42: 0, 42 0 0, 16, 58
0 14 43: 0, 42 0 0, 16, 58
0 14 44: 0, 42 0 0, 16, 58
0 14 45: 0, 42 0 0, 16, 58
0 14 46: 0, 42 0 0, 16, 58
0 14 47: 0, 42 0 0, 16, 58
0 14 48: 0, 42 0 0, 16, 58
0 14 49: 0, 42 0 0, 16, 58
0 14 50: 0, 42 0 0, 16, 58
0 14 51: 0, 42 0 0, 16, 58
0 14 52: 0, 42 0 0, 16, 58
0 14 53: 0, 42 0 0, 16, 58
0 14 54: 0, 42 0 0, 16, 58
0 14 55: 0, 42 0 0, 16, 58
0 14 56: 0, 42 0 0, 16, 58
0 14 57: 0, 42 0 0, 16, 58
0 14 58: 0, 42 0 0, 16, 58
0 14 59: 0, 42 0 0, 16, 58
0 14 60: 0, 42 0 0, 16, 58
0 15 0: 0, 42 0 0, 16, 58
0 15 1: 0, 42 0 0, 16, 58
0 15 2: 33, 42 0 0, 16, 58
0 15 3: 52, 42 0 0, 16, 58
0 15 4: 55, 42 0 0, 16, 58
0 15 5: 96, 42 0 0, 16, 58
0 15 6: 122, 42 0 0, 16, 58
0 15 7: 136, 42 0 0, 16, 58
0 15 8: 136, 42 0 0, 16, 58
0 15 9: 136, 42 0 0, 16, 58
0 15 10: 85, 42 0 0, 16, 58
0 15 11: 56, 42 0 0, 16, 58
0 15 12: 56, 42 0 0, 16, 58
0 15 13: 0, 42 0 0, 16, 58
0 15 14: 0, 42 0 0, 16, 58
0 15 15: 0, 42 0 0, 16, 58
0 15 16: 0, 42 0 0, 16, 58
0 15 17: 0, 42 0 0, 16, 58
0 15 18: 0, 42 0 0, -1, 58
0 15 19: 0, 42 0 0, -1, 58
0 15 20: 0, 42 0 0, -1, 58
0 15 21: 0, 42 0 0, 16, 58
0 15 22: 0, 42 0 0, 16, 58
0 15 23: 0, 42 0 0, 16, 58
0 15 24: 0, 42 0 0, 16, 58
0 15 25: 0, 42 0 0, -1, 58
0 15 26: 0, 42 1 3, -1, 58
0 15 27: 0, -1 -1 -1, -1, 58
0 15 28: 0, 42 1 2, -1, 58
0 15 29: 0, 42 0 0, -1, 58
0 15 30: 0, 42 0 0, 16, 58
0 15 31: 0, 42 0 0, 16, 58
0 15 32: 0, 42 0 0, 16, 58
0 15 33: 0, 42 0 0, 16, 58
0 15 34: 0, 42 0 0, 16, 58
0 15 35: 0, 42 0 0, 16, 58
0 15 36: 0, 42 0 0, 16, 58
0 15 37: 0, 42 0 0, 16, 58
0 15 38: 0, 42 0 0, 16, 58
0 15 39: 0, 42 0 0, 16, 58
0 15 40: 0, 42 0 0, 16, 58
0 15 41: 0, 42 0 0, 16, 58
0 15 42: 0, 42 0 0, 16, 58
0 15 43: 0, 42 0 0, 16, 58
0 15 44: 0, 42 0 0, 16, 58
0 15 45: 0, 42 0 0, 16, 58
0 15 46: 0, 42 0 0, 16, 58
0 15 47: 0, 42 0 0, 16, 58
0 15 48: 0, 42 0 0, 16, 58
0 15 49: 0, 42 0 0, 16, 58
0 15 50: 0, 42 0 0, 16, 58
0 15 51: 0, 42 0 0, 16, 58
0 15 52: 0, 42 0 0, 16, 58
0 15 53: 0, 42 0 0, 16, 58
0 15 54: 0, 42 0 0, 16, 58
0 15 55: 0, 42 0 0, 16, 58
0 15 56: 0, 42 0 0, 16, 58
0 15 57: 0, 42 0 0, 16, 58
0 15 58: 0, 42 0 0, 16, 58
0 15 59: 0, 42 0 0, 16, 58
0 15 60: 0, 42 0 0, 16, 58
0 16 0: 0, 42 0 0, 16, 58
0 16 1: 36, 42 0 0, 16, 58
0 16 2: 45, 42 0 0, 16, 58
0 16 3: 62, 42 0 0, 16, 58
0 16 4: 96, 42 0 0, 16, 58
0 16 5: 96, 42 0 0, 16, 58
0 16 6: 122, 42 0 0, 16, 58
0 16 7: 136, 42 0 0, 16, 58
0 16 8: 136, 42 0 0, 16, 58
0 16 9: 136, 42 0 0, 16, 58
0 16 10: 136, 42 0 0, 16, 58
0 16 11: 85, 42 0 0, 16, 58
0 16 12: 56, 42 0 0, 16, 58
0 16 13: 56, 42 0 0, 16, 58
0 16 14: 56, 42 0 0, 16, 58
0 16 15: 0, 42 0 0, 16, 58
0 16 16: 0, 42 0 0, 16, 58
0 16 17: 0, 42 0 0, 16, 58
0 16 18: 0, 42 0 0, 16, 58
0 16 19: 0, 42 0 0, 16, 58
0 16 20: 0, 42 0 0, 16, 58
0 16 21: 0, 42 0 0, 16, 58
0 16 22: 0, 42 0 0, 16, 58
0 16 23: 0, 42 0 0, 16, 58
0 16 24: 0, 42 0 0, 16, 58
0 16 25: 0, 42 0 0, 16, 58
0 16 26: 0, 42 0 0, -1, 58
0 16 27: 0, 42 0 0, -1, 58
0 16 28: 0, 42 0 0, -1, 58
0 16 29: 0, 42 0 0, 16, 58
0 16 30: 0, 42 0 0, 16, 58
0 16 31: 0, 42 0 0, 16, 58
0 16 32: 0, 42 0 0, 16, 58
0 16 33: 0, 42 0 0, 16, 58
0 16 34: 0, 42 0 0, 16, 58
0 16 35: 0, 42 0 0, 16, 58
0 16 36: 0, 42 0 0, 16, 58
0 16 37: 0, 42 0 0, 16, 58
0 16 38: 0, 42 0 0, 16, 58
0 16 39: 0, 42 0 0, 16, 58
0 16 40: 0, 42 0 0, 16, 58
0 16 41: 0, 42 0 0, 16, 58
0 16 42: 0, 42 0 0, 16, 58
0 16 43: 0, 42 0 0, 16, 58
0 16 44: 0, 42 0 0, 16, 58
0 16 45: 0, 42 0 0, 16, 58
0 16 46: 0, 42 0 0, 16, 58
0 16 47: 0, 42 0 0, 16, 58
0 16 48: 0, 42 0 0, 16, 58
0 16 49: 0, 42 0 0, 16, 58
0 16 50: 0, 42 0 0, 16, 58
0 16 51: 0, 42 0 0, 16, 58
0 16 52: 0, 42 0 0, 16, 58
0 16 53: 0, 42 0 0, 16, 58
0 16 54: 0, 42 0 0, 16, 58
0 16 55: 0, 42 0 0, 16, 58
0 16 56: 0, 42 0 0, 16, 58
0 16 57: 0, 42 0 0, 16, 58
0 16 58: 0, 42 0 0, 16, 58
0 16 59: 0, 42 0 0, 16, 58
0 16 60: 0, 42 0 0, 16, 58
0 17 0: 0, 42 0 0, 16, 58
0 17 1: 38, 42 0 0, 16, 58
0 17 2: 48, 42 0 0, 16, 58
0 17 3: 61, 42 0 0, 16, 58
0 17 4: 87, 42 0 0, 16, 58
0 17 5: 94, 42 0 0, 16, 58
0 17 6: 115, 42 0 0, 16, 58
0 17 7: 122, 42 0 0, 16, 58
0 17 8: 136, 42 0 0, 16, 58
0 17 9: 136, 42 0 0, 16, 58
0 17 10: 136, 42 0 0, 16, 58
0 17 11: 85, 42 0 0, 16, 58
0 17 12: 85, 42 0 0, 16, 58
0 17 13: 56, 42 0 0, 16, 58
0 17 14: 56, 42 0 0, 16, 58
0 17 15: 56, 42 0 0, 16, 58
0 17 16: 0, 42 0 0, 16, 58
0 17 17: 0, 42 0 0, 16, 58
0 17 18: 0, 42 0 0, 16, 58
0 17 19: 0, 42 0 0, 16, 58
0 17 20: 0, 42 0 0, 16, 58
0 17 21: 0, 42 0 0, 16, 58
0 17 22: 0, 42 0 0, 16, 58
0 17 23: 0, 42 0 0, 16, 58
0 17 24: 0, 42 0 0, 16, 58
0 17 25: 0, 42 0 0, 16, 58
0 17 26: 0, 42 0 0, 16, 58
0 17 27: 0, 42 0 0, 16, 58
0 17 28: 0, 42 0 0, 16, 58
0 17 29: 0, 42 0 0, 16, 58
0 17 30: 0, 42 0 0, 16, 58
0 17 31: 0, 42 0 0, 16, 58
0 17 32: 0, 42 0 0, 16, 58
0 17 33: 0, 42 0 0, 16, 58
0 17 34: 0, 42 0 0, 16, 58
0 17 35: 0, 42 0 0, 16, 58
0 17 36: 0, 42 0 0, 16, 58
0 17 37: 0, 42 0 0, 16, 58
0 17 38: 0, 42 0 0, 16, 58
0 17 39: 0, 42 0 0, 16, 58
0 17 40: 0, 42 0 0, 16, 58
0 17 41: 0, 42 0 0, 16, 58
0 17 42: 0, 42 0 0, 16, 58
0 17 43: 0, 42 0 0, 16, 58
0 17 44: 0, 42 0 0, 16, 58
0 17 45: 0, 42 0 0, 16, 58
0 17 46: 0, 42 0 0, 16, 58
0 17 47: 0, 42 0 0, 16, 58
0 17 48: 0, 42 0 0, 16, 58
0 17 49: 0, 42 0 0, 16, 58
0 17 50: 0, 42 0 0, 16, 58
0 17 51: 0, 42 0 0, 16, 58
0 17 52: 0, 42 0 0, 16, 58
0 17 53: 0, 42 0 0, 16, 58
0 17 54: 0, 42 0 0, 16, 58
0 17 55: 0, 42 0 0, 16, 58
0 17 56: 0, 42 0 0, 16, 58
0 17 57: 0, 42 0 0, 16, 58
0 17 58: 0, 42 0 0, 16, 58
0 17 59: 0, 42 0 0, 16, 58
0 17 60: 0, 42 0 0, 16, 58
0 18 0: 0, 42 0 0, 16, 63
0 18 1: 38, 42 0 0, 16, 58
0 18 2: 44, 42 0 0, 16, 58
0 18 3: 52, 42 0 0, 16, 58
0 18 4: 62, 42 0 0, 16, 58
0 18 5: 65, 42 0 0, 16, 58
0 18 6: 94, 42 0 0, 16, 58
0 18 7: 96, 42 0 0, 16, 58
0 18 8: 136, 42 0 0, 16, 58
0 18 9: 136, 42 0 0, 16, 58
0 18 10: 136, 42 0 0, 16, 58
0 18 11: 136, 42 0 0, 16, 58
0 18 12: 85, 42 0 0, 16, 58
0 18 13: 85, 42 0 0, 16, 58
0 18 14: 56, 42 0 0, 16, 58
0 18 15: 56, 42 0 0, 16, 58
0 18 16: 56, 42 0 0, 16, 58
0 18 17: 0, 42 0 0, 16, 58
0 18 18: 0, 42 0 0, 16, 58
0 18 19: 0, 42 0 0, 16, 58
0 18 20: 0, 42 0 0, 16, 58
0 18 21: 0, 42 0 0, 16, 58
0 18 22: 0, 42 0 0, 16, 58
0 18 23: 0, 42 0 0, 16, 58
0 18 24: 0, 42 0 0, 16, 58
0 18 25: 0, 42 0 0, 16, 58
0 18 26: 0, 42 0 0, 16, 58
0 18 27: 0, 42 0 0, 16, 58
0 18 28: 0, 42 0 0, 16, 58
0 18 29: 0, 42 0 0, 16, 58
0 18 30: 0, 42 0 0, 16, 58
0 18 31: 0, 42 0 0, 16, 58
0 18 32: 0, 42 0 0, 16, 58
0 18 33: 0, 42 0 0, 16, 58
0 18 34: 0, 42 0 0, 16, 58
0 18 35: 0, 42 0 0, 16, 58
0 18 36: 0, 42 0 0, 16, 58
0 18 37: 0, 42 0 0, 16, 58
0 18 38: 0, 42 0 0, 16, 58
0 18 39: 0, 42 0 0, 16, 58
0 18 40: 0, 42 0 0, 16, 58
0 18 41: 0, 42 0 0, 16, 58
0 18 42: 0, 42 0 0, 16, 58
0 18 43: 0, 42 0 0, 16, 58
0 18 44: 0, 42 0 0, 16, 58
0 18 45: 0, 42 0 0, 16, 58
0 18 46: 0, 42 0 0, 16, 58
0 18 47: 0, 42 0 0, 16, 58
0 18 48: 0, 42 0 0, 16, 58
0 18 49: 0, 42 0 0, 16, 58
0 18 50: 0, 42 0 0, 16, 58
0 18 51: 0, 42 0 0, 16, 58
0 18 52: 0, 42 0 0, 16, 58
0 18 53: 0, 42 0 0, 16, 58
0 18 54: 0, 42 0 0, 16, 58
0 18 55: 0, 42 0 0, 16, 58
0 18 56: 0, 42 0 0, 16, 58
0 18 57: 0, 42 0 0, 16, 58
0 18 58: 0, 42 0 0, 16, 58
0 18 59: 0, 42 0 0, 16, 58
0 18 60: 0, 42 0 0, 16, 58
0 19 0: 0, 42 0 0, 16, 63
0 19 1: 0, 42 0 0, 16, 63
0 19 2: 42, 42 0 0, 16, 58
0 19 3: 52, 42 0 0, 16, 58
0 19 4: 54, 42 0 0, 16, 58
0 19 5: 60, 42 0 0, 16, 58
0 19 6: 90, 42 0 0, 16, 58
0 19 7: 96, 42 0 0, 16, 58
0 19 8: 122, 42 0 0, 16, 58
0 19 9: 136, 42 0 0, 16, 58
0 19 10: 136, 42 0 0, 16, 58
0 19 11: 136, 42 0 0, 16, 58
0 19 12: 136, 42 0 0, 16, 58
0 19 13: 85, 42 0 0, 16, 58
0 19 14: 56, 42 0 0, 16, 58
0 19 15: 56, 42 0 0, 16, 58
0 19 16: 56, 42 0 0, 16, 58
0 19 17: 56, 42 0 0, 16, 58
0 19 18: 0, 42 0 0, 16, 58
0 19 19: 0, 42 0 0, 16, 58
0 19 20: 0, 42 0 0, 16, 58
0 19 21: 0, 42 0 0, 16, 58
0 19 22: 0, 42 0 0, 16, 58
0 19 23: 0, 42 0 0, 16, 58
0 19 24: 0, 42 0 0, 16, 58
0 19 25: 0, 42 0 0, 16, 58
0 19 26: 0, 42 0 0, 16, 58
0 19 27: 0, 42 0 0, 16, 58
0 19 28: 0, 42 0 0, 16, 58
0 19 29: 0, 42 0 0, 16, 58
0 19 30: 0, 42 0 0, 16, 58
0 19 31: 0, 42 0 0, 16, 58
0 19 32: 0, 42 0 0, 16, 58
0 19 33: 0, 42 0 0, 16, 58
0 19 34: 0, 42 0 0, 16, 58
0 19 35: 0, 42 0 0, 16, 58
0 19 36: 0, 42 0 0, 16, 58
0 19 37: 0, 42 0 0, 16, 58
0 19 38: 0, 42 0 0, 16, 58
0 19 39: 0, 42 0 0, 16, 58
0 19 40: 0, 42 0 0, 16, 58
0 19 41: 0, 42 0 0, 16, 58
0 19 42: 0, 42 0 0, 16, 58
0 19 43: 0, 42 0 0, 16, 58
0 19 44: 0, 42 0 0, 16, 58
0 19 45: 0, 42 0 0, 16, 58
0 19 46: 0, 42 0 0, 16, 58
0 19 47: 0, 42 0 0, 16, 58
0 19 48: 0, 42 0 0, 16, 58
0 19 49: 0, 42 0 0, 16, 58
0 19 50: 0, 42 0 0, 16, 58
0 19 51: 0, 42 0 0, 16, 58
0 19 52: 0, 42 0 0, 16, 58
0 19 53: 0, 42 0 0, 16, 58
0 19 54: 0, 42 0 0, 16, 58
0 19 55: 0, 42 0 0, 16, 58
0 19 56: 0, 42 0 0, 16, 58
0 19 57: 0, 42 0 0, 16, 58
0 19 58: 0, 42 0 0, 16, 58
0 19 59: 0, 42 0 0, 16, 58
0 19 60: 0, 42 0 0, 16, 58
0 20 0: 0, 42 0 0, 16, 63
0 20 1: 0, 42 0 0, 16, 63
0 20 2: 0, 42 0 0, 16, 63
0 20 3: 47, 42 0 0, 16, 58
0 20 4: 53, 42 0 0, 16, 58
0 20 5: 60, 42 0 0, 16, 58
0 20 6: 96, 42 0 0, 16, 58
0 20 7: 96, 42 0 0, 16, 58
0 20 8: 122, 42 0 0, 16, 58
0 20 9: 122, 42 0 0, 16, 58
0 20 10: 136, 42 0 0, 16, 58
0 20 11: 136, 42 0 0, 16, 58
0 20 12: 136, 42 0 0, 16, 58
0 20 13: 136, 42 0 0, 16, 58
0 20 14: 85, 42 0 0, 16, 58
0 20 15: 85, 42 0 0, 16, 58
0 20 16: 85, 42 0 0, 16, 58
0 20 17: 56, 42 0 0, 16, 58
0 20 18: 56, 42 0 0, 16, 58
0 20 19: 0, 42 0 0, 16, 58
0 20 20: 0, 42 0 0, 16, 58
0 20 21: 0, 42 0 0, 16, 58
0 20 22: 0, 42 0 0, 16, 58
0 20 23: 0, 42 0 0, 16, 58
0 20 24: 0, 42 0 0, 16, 58
0 20 25: 0, 42 0 0, 16, 58
0 20 26: 0, 42 0 0, 16, 58
0 20 27: 0, 42 0 0, 16, 58
0 20 28: 0, 42 0 0, 16, 58
0 20 29: 0, 42 0 0, 16, 58
0 20 30: 0, 42 0 0, 16, 58
0 20 31: 0, 42 0 0, 16, 58
0 20 32: 0, 42 0 0, 16, 58
0 20 33: 0, 42 0 0, 16, 58
0 20 34: 0, 42 0 0, 16, 58
0 20 35: 0, 42 0 0, 16, 58
0 20 36: 0, 42 0 0, 16, 58
0 20 37: 0, 42 0 0, 16, 58
0 20 38: 0, 42 0 0, 16, 58
0 20 39: 0, 42 0 0, 16, 58
0 20 40: 0, 42 0 0, 16, 58
0 20 41: 0, 42 0 0, 16, 58
0 20 42: 0, 42 0 0, 16, 58
0 20 43: 0, 42 0 0, 16, 58
0 20 44: 0, 42 0 0, 16, 58
0 20 45: 0, 42 0 0, 16, 58
0 20 46: 0, 42 0 0, 16, 58
0 20 47: 0, 42 0 0, 16, 58
0 20 48: 0, 42 0 0, 16, 58
0 20 49: 0, 42 0 0, 16, 58
0 20 50: 0, 42 0 0, 16, 58
0 20 51: 0, 42 0 0, 16, 58
0 20 52: 0, 42 0 0, 16, 58
0 20 53: 0, 42 0 0, 16, 58
0 20 54: 0, 42 0 0, 16, 58
0 20 55: 0, 42 0 0, 16, 58
0 20 56: 0, 42 0 0, 16, 58
0 20 57: 0, 42 0 0, 16, 58
0 20 58: 0, 42 0 0, 16, 58
0 20 59: 0, 42 0 0, 16, 58
0 20 60: 0, 42 0 0, 16, 58
0 21 0: 0, 42 0 0, 16, 63
0 21 1: 0, 42 0 0, 16, 63
0 21 2: 0, 42 0 0, 16, 63
0 21 3: 48, 42 0 0, 16, 58
0 21 4: 54, 42 0 0, 16, 58
0 21 5: 61, 42 0 0, 16, 58
0 21 6: 82, 42 0 0, 16, 58
0 21 7: 97, 42 0 0, 16, 58
0 21 8: 115, 42 0 0, 16, 58
0 21 9: 122, 42 0 0, 16, 58
0 21 10: 136, 42 0 0, 16, 58
0 21 11: 136, 42 0 0, 16, 58
0 21 12: 136, 42 0 0, 16, 58
0 21 13: 136, 42 0 0, 16, 58
0 21 14: 85, 42 0 0, 16, 58
0 21 15: 85, 42 0 0, 16, 58
0 21 16: 85, 42 0 0, 16, 58
0 21 17: 56, 42 0 0, 16, 58
0 21 18: 56, 42 0 0, 16, 58
0 21 19: 56, 42 0 0, 16, 58
0 21 20: 0, 42 0 0, 16, 58
0 21 21: 0, 42 0 0, 16, 58
0 21 22: 0, 42 0 0, 16, 58
0 21 23: 0, 42 0 0, 16, 58
0 21 24: 0, 42 0 0, 16, 58
0 21 25: 0, 42 0 0, 16, 58
0 21 26: 0, 42 0 0, 16, 58
0 21 27: 0, 42 0 0, 16, 58
0 21 28: 0, 42 0 0, 16, 58
0 21 29: 0, 42 0 0, 16, 58
0 21 30: 0, 42 0 0, 16, 58
0 21 31: 0, 42 0 0, 16, 58
0 21 32: 0, 42 0 0, 16, 58
0 21 33: 0, 42 0 0, 16, 58
0 21 34: 0, 42 0 0, 16, 58
0 21 35: 0, 42 0 0, 16, 58
0 21 36: 0, 42 0 0, 16, 58
0 21 37: 0, 42 0 0, 16, 58
0 21 38: 0, 42 0 0, 16, 58
0 21 39: 0, 42 0 0, 16, 58
0 21 40: 0, 42 0 0, 16, 58
0 21 41: 0, 42 0 0, 16, 58
0 21 42: 0, 42 0 0, 16, 58
0 21 43: 0, 42 0 0, 16, 58
0 21 44: 0, 42 0 0, 16, 58
0 21 45: 0, 42 0 0, 16, 58
0 21 46: 0, 42 0 0, 16, 58
0 21 47: 0, 42 0 0, 16, 58
0 21 48: 0, 42 0 0, 16, 58
0 21 49: 0, 42 0 0, 16, 58
0 21 50: 0, 42 0 0, 16, 58
0 21 51: 0, 42 0 0, 16, 58
0 21 52: 0, 42 0 0, 16, 58
0 21 53: 0, 42 0 0, 16, 58
0 21 54: 0, 42 0 0, 16, 58
0 21 55: 0, 42 0 0, 16, 58
0 21 56: 0, 42 0 0, 16, 58
0 21 57: 0, 42 0 0, 16, 58
0 21 58: 0, 42 0 0, 16, 58
0 21 59: 0, 42 0 0, 16, 58
0 21 60: 0, 42 0 0, 16, 58
0 22 0: 0, 42 0 0, 16, 63
0 22 1: 0, 42 0 0, 16, 63
0 22 2: 0, 42 0 0, 16, 63
0 22 3: 39, 42 0 0, 16, 63
0 22 4: 47, 42 0 0, 16, 63
0 22 5: 55, 42 0 0, 16, 58
0 22 6: 69, 42 0 0, 16, 58
0 22 7: 92, 42 0 0, 16, 58
0 22 8: 104, 42 0 0, 16, 58
0 22 9: 121, 42 0 0, 16, 58
0 22 10: 132, 42 0 0, 16, 58
0 22 11: 136, 42 0 0, 16, 58
0 22 12: 136, 42 0 0, 16, 58
0 22 13: 136, 42 0 0, 16, 58
0 22 14: 136, 42 0 0, 16, 58
0 22 15: 85, 42 0 0, 16, 58
0 22 16: 85, 42 0 0, 16, 58
0 22 17: 85, 42 0 0, 16, 58
0 22 18: 56, 42 0 0, 16, 58
0 22 19: 56, 42 0 0, 16, 58
0 22 20: 56, 42 0 0, 16, 58
0 22 21: 0, 42 0 0, 16, 58
0 22 22: 0, 42 0 0, 16, 58
0 22 23: 0, 42 0 0, 16, 58
0 22 24: 0, 42 0 0, 16, 58
0 22 25: 0, 42 0 0, 16, 58
0 22 26: 0, 42 0 0, 16, 58
0 22 27: 0, 42 0 0, 16, 58
0 22 28: 0, 42 0 0, 16, 58
0 22 29: 0, 42 0 0, 16, 58
0 22 30: 0, 42 0 0, 16, 58
0 22 31: 0, 42 0 0, 16, 58
0 22 32: 0, 42 0 0, 16, 58
0 22 33: 0, 42 0 0, 16, 58
0 22 34: 0, 42 0 0, 16, 58
0 22 35: 0, 42 0 0, 16, 58
0 22 36: 0, 42 0 0, 16, 58
0 22 37: 0, 42 0 0, 16, 58
0 22 38: 0, 42 0 0, 16, 58
0 22 39: 0, 42 0 0, 16, 58
0 22 40: 0, 42 0 0, 16, 58
0 22 41: 0, 42 0 0, 16, 58
0 22 42: 0, 42 0 0, 16, 58
0 22 43: 0, 42 0 0, 16, 58
0 22 44: 0, 42 0 0, 16, 58
0 22 45: 0, 42 0 0, 16, 58
0 22 46: 0, 42 0 0, 16, 58
0 22 47: 0, 42 0 0, 16, 58
0 22 48: 0, 42 0 0, 16, 58
0 22 49: 0, 42 0 0, 16, 58
0 22 50: 0, 42 0 0, 16, 58
0 22 51: 0, 42 0 0, 16, 58
0 22 52: 0, 42 0 0, 16, 58
0 22 53: 0, 42 0 0, 16, 58
0 22 54: 0, 42 0 0, 16, 58
0 22 55: 0, 42 0 0, 16, 58
0 22 56: 0, 42 0 0, 16, 58
0 22 57: 0, 42 0 0, 16, 58
0 22 58: 0, 42 0 0, 16, 58
0 22 59: 0, 42 0 0, 16, 58
0 22 60: 0, 42 0 0, 16, 58
0 23 0: 0, 42 0 0, 16, 63
0 23 1: 0, 42 0 0, 16, 63
0 23 2: 0, 42 0 0, 16, 63
0 23 3: 0, 42 0 0, 16, 63
0 23 4: 41, 42 0 0, 16, 63
0 23 5: 52, 42 0 0, 16, 63
0 23 6: 63, 42 0 0, 16, 58
0 23 7: 91, 42 0 0, 16, 58
0 23 8: 100, 42 0 0, 16, 58
0 23 9: 115, 42 0 0, 16, 58
0 23 10: 125, 42 0 0, 16, 58
0 23 11: 136, 42 0 0, 16, 58
0 23 12: 136, 42 0 0, 16, 58
0 23 13: 136, 42 0 0, 16, 58
0 23 14: 136, 42 0 0, 16, 58
0 23 15: 136, 42 0 0, 16, 58
0 23 16: 85, 42 0 0, 16, 58
0 23 17: 85, 42 0 0, 16, 58
0 23 18: 85, 42 0 0, 16, 58
0 23 19: 56, 42 0 0, 16, 58
0 23 20: 56, 42 0 0, 16, 58
0 23 21: 56, 42 0 0, 16, 58
0 23 22: 0, 42 0 0, 16, 58
0 23 23: 0, 42 0 0, 16, 58
0 23 24: 0, 42 0 0, 16, 58
0 23 25: 0, 42 0 0, 16, 58
0 23 26: 0, 42 0 0, 16, 58
0 23 27: 0, 42 0 0, 16, 58
0 23 28: 0, 42 0 0, 16, 58
0 23 29: 0, 42 0 0, 16, 58
0 23 30: 0, 42 0 0, 16, 58
0 23 31: 0, 42 0 0, 16, 58
0 23 32: 0, 42 0 0, 16, 58
0 23 33: 0, 42 0 0, 16, 58
0 23 34: 0, 42 0 0, 16, 58
0 23 35: 0, 42 0 0, 16, 58
0 23 36: 0, 42 0 0, 16, 58
0 23 37: 0, 42 0 0, 16, 58
0 23 38: 0, 42 0 0, 16, 58
0 23 39: 0, 42 0 0, 16, 58
0 23 40: 0, 42 0 0, 16, 58
0 23 41: 0, 42 0 0, 16, 58
0 23 42: 0, 42 0 0, 16, 58
0 23 43: 0, 42 0 0, 16, 58
0 23 44: 0, 42 0 0, 16, 58
0 23 45: 0, 42 0 0, 16, 58
0 23 46: 0, 42 0 0, 16, 58
0 23 47: 0, 42 0 0, 16, 58
0 23 48: 0, 42 0 0, 16, 58
0 23 49: 0, 42 0 0, 16, 58
0 23 50: 0, 42 0 0, 16, 58
0 23 51: 0, 42 0 0, 16, 58
0 23 52: 0, 42 0 0, 16, 58
0 23 53: 0, 42 0 0, 16, 58
0 23 54: 0, 42 0 0, 16, 58
0 23 55: 0, 42 0 0, 16, 58
0 23 56: 0, 42 0 0, 16, 58
0 23 57: 0, 42 0 0, 16, 58
0 23 58: 0, 42 0 0, 16, 58
0 23 59: 0, 42 0 0, 16, 58
0 24 0: 0, 42 0 0, 16, 63
0 24 1: 0, 42 0 0, 16, 63
0 24 2: 0, 42 0 0, 16, 63
0 24 3: 0, 42 0 0, 16, 63
0 24 4: 55, 42 0 0, 16, 63
0 24 5: 55, 42 0 0, 16, 63
0 24 6: 55, 42 0 0, 16, 63
0 24 7: 96, 42 0 0, 16, 63
0 24 8: 96, 42 0 0, 16, 58
0 24 9: 102, 42 0 0, 16, 58
0 24 10: 115, 42 0 0, 16, 58
0 24 11: 122, 42 0 0, 16, 58
0 24 12: 136, 42 0 0, 16, 58
0 24 13: 136, 42 0 0, 16, 58
0 24 14: 136, 42 0 0, 16, 58
0 24 15: 136, 42 0 0, 16, 58
0 24 16: 136, 42 0 0, 16, 58
0 24 17: 85, 42 0 0, 16, 58
0 24 18: 85, 42 0 0, 16, 58
0 24 19: 56, 42 0 0, 16, 58
0 24 20: 56, 42 0 0, 16, 58
0 24 21: 56, 42 0 0, 16, 58
0 24 22: 0, 42 0 0, 16, 58
0 24 23: 0, 42 0 0, 16, 58
0 24 24: 0, 42 0 0, 16, 58
0 24 25: 0, 42 0 0, 16, 58
0 24 26: 0, 42 0 0, 16, 58
0 24 27: 0, 42 0 0, 16, 58
0 24 28: 0, 42 0 0, 16, 58
0 24 29: 0, 42 0 0, 16, 58
0 24 30: 0, 42 0 0, 16, 58
0 24 31: 0, 42 0 0, 16, 58
0 24 32: 0, 42 0 0, 16, 58
0 24 33: 0, 42 0 0, 16, 58
0 24 34: 0, 42 0 0, 16, 58
0 24 35: 0, 42 0 0, 16, 58
0 24 36: 0, 42 0 0, 16, 58
0 24 37: 0, 42 0 0, 16, 58
0 24 38: 0, 42 0 0, 16, 58
0 24 39: 0, 42 0 0, 16, 58
0 24 40: 0, 42 0 0, 16, 58
0 24 41: 0, 42 0 0, 16, 58
0 24 42: 0, 42 0 0, 16, 58
0 24 43: 0, 42 0 0, 16, 58
0 24 44: 0, 42 0 0, 16, 58
0 24 45: 0, 42 0 0, 16, 58
0 24 46: 0, 42 0 0, 16, 58
0 24 47: 0, 42 0 0, 16, 58
0 24 48: 0, 42 0 0, 16, 58
0 24 49: 0, 42 0 0, 16, 58
0 24 50: 0, 42 0 0, 16, 58
0 24 51: 0, 42 0 0, 16, 58
0 24 52: 0, 42 0 0, 16, 58
0 24 53: 0, 42 0 0, 16, 58
0 25 0: 0, 42 0 0, 16, 63
0 25 1: 0, 42 0 0, 16, 63
0 25 2: 0, 42 0 0, 16, 63
0 25 3: 0, 42 0 0, 16, 63
0 25 4: 0, 42 0 0, 16, 63
0 25 5: 0, 42 0 0, 16, 63
0 25 6: 55, 42 0 0, 16, 63
0 25 7: 55, 42 0 0, 16, 63
0 25 8: 96, 42 0 0, 16, 63
0 25 9: 96, 42 0 0, 16, 58
0 25 10: 96, 42 0 0, 16, 58
0 25 11: 122, 42 0 0, 16, 58
0 25 12: 122, 42 0 0, 16, 58
0 25 13: 122, 42 0 0, 16, 58
0 25 14: 136, 42 0 0, 16, 58
0 25 15: 136, 42 0 0, 16, 58
0 25 16: 136, 42 0 0, 16, 58
0 25 17: 136, 42 0 0, 16, 58
0 25 18: 85, 42 0 0, 16, 58
0 25 19: 85, 42 0 0, 16, 58
0 25 20: 56, 42 0 0, 16, 58
0 25 21: 56, 42 0 0, 16, 58
0 25 22: 0, 42 0 0, 16, 58
0 25 23: 0, 42 0 0, 16, 58
0 25 24: 0, 42 0 0, 16, 58
0 25 25: 0, 42 0 0, 16, 58
0 25 26: 0, 42 0 0, 16, 58
0 25 27: 0, 42 0 0, 16, 58
0 25 28: 0, 42 0 0, 16, 58
0 25 29: 0, 42 0 0, 16, 58
0 25 30: 0, 42 0 0, 16, 58
0 25 31: 0, 42 0 0, 16, 58
0 25 32: 0, 42 0 0, 16, 58
0 25 33: 0, 42 0 0, 16, 58
0 25 34: 0, 42 0 0, 16, 58
0 25 35: 0, 42 0 0, 16, 58
0 25 36: 0, 42 0 0, 16, 58
0 25 37: 0, 42 0 0, 16, 58
0 25 38: 0, 42 0 0, 16, 58
0 25 39: 0, 42 0 0, 16, 58
0 25 40: 0, 42 0 0, 16, 58
0 25 41: 0, 42 0 0, 16, 58
0 25 42: 0, 42 0 0, 16, 58
0 25 43: 0, 42 0 0, 16, 58
0 25 44: 0, 42 0 0, 16, 58
0 25 45: 0, 42 0 0, 16, 58
0 25 46: 0, 42 0 0, 16, 58
0 25 47: 0, 42 0 0, 16, 58
0 25 48: 0, 42 0 0, 16, 58
0 25 49: 0, 42 0 0, 16, 58
0 25 50: 0, 42 0 0, 16, 58
0 25 51: 0, 42 0 0, 16, 58
0 26 0: 0, 42 0 0, 16, 63
0 26 1: 0, 42 0 0, 16, 63
0 26 2: 0, 42 0 0, 16, 63
0 26 3: 0, 42 0 0, 16, 63
0 26 4: 0, 42 0 0, 16, 63
0 26 5: 0, 42 0 0, 16, 63
0 26 6: 55, 42 0 0, 16, 63
0 26 7: 55, 42 0 0, 16, 63
0 26 8: 55, 42 0 0, 16, 63
0 26 9: 96, 42 0 0, 16, 63
0 26 10: 96, 42 0 0, 16, 63
0 26 11: 99, 42 0 0, 16, 58
0 26 12: 102, 42 0 0, 16, 58
0 26 13: 120, 42 0 0, 16, 58
0 26 14: 136, 42 0 0, 16, 58
0 26 15: 136, 42 0 0, 16, 58
0 26 16: 136, 42 0 0, 16, 58
0 26 17: 136, 42 0 0, 16, 58
0 26 18: 85, 42 0 0, 16, 58
0 26 19: 85, 42 0 0, 16, 58
0 26 20: 85, 42 0 0, 16, 58
0 26 21: 56, 42 0 0, 16, 58
0 26 22: 56, 42 0 0, 16, 58
0 26 23: 0, 42 0 0, 16, 58
0 26 24: 0, 42 0 0, 16, 58
0 26 25: 0, 42 0 0, 16, 58
0 26 26: 0, 42 0 0, 16, 58
0 26 27: 0, 42 0 0, 16, 58
0 26 28: 0, 42 0 0, 16, 58
0 26 29: 0, 42 0 0, 16, 58
0 26 30: 0, 42 0 0, 16, 58
0 26 31: 0, 42 0 0, 16, 58
0 26 32: 0, 42 0 0, 16, 58
0 26 33: 0, 42 0 0, 16, 58
0 26 34: 0, 42 0 0, 16, 58
0 26 35: 0, 42 0 0, 16, 58
0 26 36: 0, 42 0 0, 16, 58
0 26 37: 0, 42 0 0, 16, 58
0 26 38: 0, 42 0 0, 16, 58
0 26 39: 0, 42 0 0, 16, 58
0 26 40: 0, 42 0 0, 16, 58
0 26 41: 0, 42 0 0, 16, 58
0 26 42: 0, 42 0 0, 16, 58
0 26 43: 0, 42 0 0, 16, 58
0 26 44: 0, 42 0 0, 16, 58
0 26 45: 0, 42 0 0, 16, 58
0 26 46: 0, 42 0 0, 16, 58
0 26 47: 0, 42 0 0, 16, 58
0 26 48: 0, 42 0 0, 16, 58
0 27 0: 0, 42 0 0, 16, 63
0 27 1: 0, 42 0 0, 16, 63
0 27 2: 0, 42 0 0, 16, 63
0 27 3: 0, 42 0 0, 16, 63
0 27 4: 0, 42 0 0, 16, 63
0 27 5: 0, 42 0 0, 16, 63
0 27 6: 0, 42 0 0, 16, 63
0 27 7: 55, 42 0 0, 16, 63
0 27 8: 55, 42 0 0, 16, 63
0 27 9: 55, 42 0 0, 16, 63
0 27 10: 96, 42 0 0, 16, 63
0 27 11: 96, 42 0 0, 16, 63
0 27 12: 99, 42 0 0, 16, 58
0 27 13: 120, 42 0 0, 16, 58
0 27 14: 136, 42 0 0, 16, 58
0 27 15: 136, 42 0 0, 16, 58
0 27 16: 136, 42 0 0, 16, 58
0 27 17: 136, 42 0 0, 16, 58
0 27 18: 85, 42 0 0, 16, 58
0 27 19: 85, 42 0 0, 16, 58
0 27 20: 85, 42 0 0, 16, 58
0 27 21: 56, 42 0 0, 16, 58
0 27 22: 56, 42 0 0, 16, 58
0 27 23: 0, 42 0 0, 16, 58
0 27 24: 0, 42 0 0, 16, 58
0 27 25: 0, 42 0 0, 16, 58
0 27 26: 0, 42 0 0, 16, 58
0 27 27: 0, 42 0 0, 16, 58
0 27 28: 0, 42 0 0, 16, 58
0 27 29: 0, 42 0 0, 16, 58
0 27 30: 0, 42 0 0, 16, 58
0 27 31: 0, 42 0 0, 16, 58
0 27 32: 0, 42 0 0, 16, 58
0 27 33: 0, 42 0 0, 16, 58
0 27 34: 0, 42 0 0, 16, 58
0 27 35: 0, 42 0 0, 16, 58
0 27 36: 0, 42 0 0, 16, 58
0 27 37: 0, 42 0 0, 16, 58
0 27 38: 0, 42 0 0, 16, 58
0 27 39: 0, 42 0 0, 16, 58
0 27 40: 0, 42 0 0, 16, 58
0 27 41: 0, 42 0 0, 16, 58
0 27 42: 0, 42 0 0, 16, 58
0 27 43: 0, 42 0 0, 16, 58
0 27 44: 0, 42 0 0, 16, 58
0 27 45: 0, 42 0 0, 16, 58
0 28 0: 0, 42 0 0, 16, 63
0 28 1: 0, 42 0 0, 16, 63
0 28 2: 0, 42 0 0, 16, 63
0 28 3: 0, 42 0 0, 16, 63
0 28 4: 0, 42 0 0, 16, 63
0 28 5: 0, 42 0 0, 16, 63
0 28 6: 0, 42 0 0, 16, 63
0 28 7: 55, 42 0 0, 16, 63
0 28 8: 55, 42 0 0, 16, 63
0 28 9: 55, 42 0 0, 16, 63
0 28 10: 55, 42 0 0, 16, 63
0 28 11: 90, 42 0 0, 16, 63
0 28 12: 99, 42 0 0, 16, 63
0 28 13: 112, 42 0 0, 16, 63
0 28 14: 121, 42 0 0, 16, 63
0 28 15: 136, 42 0 0, 16, 58
0 28 16: 136, 42 0 0, 16, 58
0 28 17: 136, 42 0 0, 16, 58
0 28 18: 136, 42 0 0, 16, 58
0 28 19: 85, 42 0 0, 16, 58
0 28 20: 85, 42 0 0, 16, 58
0 28 21: 56, 42 0 0, 16, 58
0 28 22: 0, 42 0 0, 16, 58
0 28 23: 0, 42 0 0, 16, 58
0 28 24: 0, 42 0 0, 16, 58
0 28 25: 0, 42 0 0, 16, 58
0 28 26: 0, 42 0 0, 16, 58
0 28 27: 0, 42 0 0, 16, 58
0 28 28: 0, 42 0 0, 16, 58
0 28 29: 0, 42 0 0, 16, 58
0 28 30: 0, 42 0 0, 16, 58
0 28 31: 0, 42 0 0, 16, 58
0 28 32: 0, 42 0 0, 16, 58
0 28 33: 0, 42 0 0, 16, 58
0 28 34: 0, 42 0 0, 16, 58
0 28 35: 0, 42 0 0, 16, 58
0 28 36: 0, 42 0 0, 16, 58
0 28 37: 0, 42 0 0, 16, 58
0 28 38: 0, 42 0 0, 16, 58
0 28 39: 0, 42 0 0, 16, 58
0 28 40: 0, 42 0 0, 16, 58
0 28 41: 0, 42 0 0, 16, 58
0 28 42: 0, 42 0 0, 16, 58
0 28 43: 0, 42 0 0, 16, 58
0 28 44: 0, 42 0 0, 16, 58
0 29 0: 0, 42 0 0, 16, 63
0 29 1: 0, 42 0 0, 16, 63
0 29 2: 0, 42 0 0, 16, 63
0 29 3: 0, 42 0 0, 16, 63
0 29 4: 0, 42 0 0, 16, 63
0 29 5: 0, 42 0 0, 16, 63
0 29 6: 33, 42 0 0, 16, 63
0 29 7: 50, 42 0 0, 16, 63
0 29 8: 55, 42 0 0, 16, 63
0 29 9: 55, 42 0 0, 16, 63
0 29 10: 96, 42 0 0, 16, 63
0 29 11: 96, 42 0 0, 16, 63
0 29 12: 96, 42 0 0, 16, 63
0 29 13: 98, 42 0 0, 16, 63
0 29 14: 102, 42 0 0, 16, 63
0 29 15: 122, 42 0 0, 16, 63
0 29 16: 136, 42 0 0, 16, 63
0 29 17: 136, 42 0 0, -1, 63
0 29 18: 136, 42 0 0, -1, 63
0 29 19: 85, 42 0 0, 16, 48
0 29 20: 85, 42 0 0, 16, 58
0 29 21: 0, 42 0 0, 16, 58
0 29 22: 0, 42 0 0, 16, 58
0 29 23: 0, 42 0 0, 16, 58
0 29 24: 0, 42 0 0, 16, 58
0 29 25: 0, 42 0 0, 16, 58
0 29 26: 0, 42 0 0, 16, 58
0 29 27: 0, 42 0 0, 16, 58
0 29 28: 0, 42 0 0, 16, 58
0 29 29: 0, 42 0 0, 16, 58
0 29 30: 0, 42 0 0, 16, 58
0 29 31: 0, 42 0 0, 16, 58
0 29 32: 0, 42 0 0, 16, 58
0 29 33: 0, 42 0 0, 16, 58
0 29 34: 0, 42 0 0, 16, 58
0 29 35: 0, 42 0 0, 16, 58
0 29 36: 0, 42 0 0, 16, 58
0 29 37: 0, 42 0 0, 16, 58
0 29 38: 0, 42 0 0, 16, 58
0 29 39: 0, 42 0 0, 16, 58
0 29 40: 0, 42 0 0, 16, 58
0 29 41: 0, 42 0 0, 16, 58
0 29 42: 0, 42 0 0, 16, 58
0 29 43: 0, 42 0 0, 16, 58
0 30 0: 0, 42 0 0, 16, 63
0 30 1: 0, 42 0 0, 16, 63
0 30 2: 0, 42 0 0, 16, 63
0 30 3: 0, 42 0 0, 16, 63
0 30 4: 0, 42 0 0, 16, 63
0 30 5: 0, 42 0 0, 16, 63
0 30 6: 34, 42 0 0, 16, 63
0 30 7: 47, 42 0 0, 16, 63
0 30 8: 53, 42 0 0, 16, 63
0 30 9: 55, 42 0 0, 16, 63
0 30 10: 55, 42 0 0, 16, 63
0 30 11: 96, 42 0 0, 16, 63
0 30 12: 96, 42 0 0, 16, 63
0 30 13: 96, 42 0 0, 16, 63
0 30 14: 99, 42 0 0, 16, 63
0 30 15: 122, 42 0 0, 16, 63
0 30 16: 122, 42 0 0, 16, 63
0 30 17: 136, 42 0 0, -1, 63
0 30 18: 136, 42 0 0, -1, 63
0 30 19: 85, 42 0 0, -1, 63
0 30 20: 0, 42 0 0, -1, 63
0 30 21: 0, 42 0 0, -1, 63
0 30 22: 0, 42 0 0, -1, 58
0 30 23: 0, 42 0 0, -1, 58
0 30 24: 0, 42 0 0, -1, 58
0 30 25: 0, 42 0 0, -1, 58
0 30 26: 0, 42 0 0, -1, 58
0 30 27: 0, 42 0 0, -1, 58
0 30 28: 0, 42 0 0, -1, 58
0 30 29: 0, 42 0 0, -1, 58
0 30 30: 0, 42 0 0, -1, 58
0 30 31: 0, 42 0 0, -1, 58
0 30 32: 0, 42 0 0, -1, 58
0 30 33: 0, 42 0 0, -1, 58
0 30 34: 0, 42 0 0, -1, 58
0 30 35: 0, 42 0 0, -1, 58
0 31 0: 0, 42 0 0, 16, 63
0 31 1: 0, 42 0 0, 16, 63
0 31 2: 0, 42 0 0, 16, 63
0 31 3: 0, 42 0 0, 16, 63
0 31 4: 0, 42 0 0, 16, 63
0 31 5: 0, 42 0 0, 16, 63
0 31 6: 0, 42 0 0, 16, 63
0 31 7: 43, 42 0 0, 16, 63
0 31 8: 50, 42 0 0, 16, 63
0 31 9: 55, 42 0 0, 16, 63
0 31 10: 55, 42 0 0, 16, 63
0 31 11: 96, 42 0 0, 16, 63
0 31 12: 96, 42 0 0, 16, 63
0 31 13: 90, 42 0 0, 16, 63
0 31 14: 96, 42 0 0, 16, 63
0 31 15: 102, 42 0 0, 16, 63
0 31 16: 122, 42 0 0, 16, 63
0 31 17: 136, 42 0 0, -1, 63
0 31 18: 0, 42 0 0, -1, 63
0 31 19: 0, 42 0 0, -1, 63
0 31 20: 0, 42 0 0, -1, 63
0 31 21: 0, 42 0 0, -1, 63
0 31 22: 0, 42 0 0, -1, 63
0 31 23: 0, 42 0 0, -1, 63
0 31 24: 0, 42 0 0, -1, 63
0 31 25: 0, 42 0 0, -1, 63
0 31 26: 0, 42 0 0, -1, 58
0 31 27: 0, 42 0 0, -1, 58
0 31 28: 0, 42 0 0, -1, 58
0 31 29: 0, 42 0 0, -1, 58
0 31 30: 0, 42 0 0, -1, 58
0 31 31: 0, 42 0 0, -1, 58
0 31 32: 0, 42 0 0, -1, 58
0 31 33: 0, 42 0 0, -1, 58
0 31 34: 0, 42 0 0, -1, 58
0 31 35: 0, 42 0 0, -1, 58
0 32 0: 0, 42 0 0, 16, 63
0 32 1: 0, 42 0 0, 16, 63
0 32 2: 0, 42 0 0, 16, 63
0 32 3: 0, 42 0 0, 16, 63
0 32 4: 0, 42 0 0, 16, 63
0 32 5: 0, 42 0 0, 16, 63
0 32 6: 0, 42 0 0, 16, 63
0 32 7: 41, 42 0 0, 16, 63
0 32 8: 45, 42 0 0, 16, 63
0 32 9: 51, 42 0 0, 16, 63
0 32 10: 55, 42 0 0, 16, 63
0 32 11: 55, 42 0 0, 16, 63
0 32 12: 55, 42 0 0, 16, 63
0 32 13: 65, 42 0 0, 16, 63
0 32 14: 85, 42 0 0, 16, 63
0 32 15: 96, 42 0 0, 16, 63
0 32 16: 96, 42 0 0, 16, 63
0 32 17: 96, 42 0 0, -1, 63
0 32 18: 0, 42 0 0, -1, 63
0 32 19: 0, 42 0 0, -1, 63
0 32 20: 0, 42 0 0, -1, 63
0 32 21: 0, 42 0 0, -1, 63
0 32 22: 0, 42 0 0, -1, 63
0 32 23: 0, 42 0 0, -1, 63
0 32 24: 0, 42 0 0, -1, 63
0 32 25: 0, 42 0 0, -1, 63
0 32 26: 0, 42 0 0, -1, 63
0 32 27: 0, 42 0 0, -1, 58
0 32 28: 0, 42 0 0, -1, 58
0 32 29: 0, 42 0 0, -1, 58
0 32 30: 0, 42 0 0, -1, 58
0 32 31: 0, 42 0 0, -1, 58
0 32 32: 0, 42 0 0, -1, 58
0 32 33: 0, 42 0 0, -1, 58
0 32 34: 0, 42 0 0, -1, 58
0 32 35: 0, 42 0 0, -1, 58
0 33 0: 0, 42 0 0, 16, 63
0 33 1: 0, 42 0 0, 16, 63
0 33 2: 0, 42 0 0, 16, 63
0 33 3: 0, 42 0 0, 16, 63
0 33 4: 0, 42 0 0, 16, 63
0 33 5: 0, 42 0 0, 16, 63
0 33 6: 0, 42 0 0, 16, 63
0 33 7: 0, 42 0 0, 16, 63
0 33 8: 0, 42 0 0, 16, 63
0 33 9: 0, 42 0 0, 16, 63
0 33 10: 55, 42 0 0, 16, 63
0 33 11: 55, 42 0 0, 16, 63
0 33 12: 55, 42 0 0, 16, 63
0 33 13: 55, 42 0 0, 16, 63
0 33 14: 65, 42 0 0, 16, 63
0 33 15: 85, 42 0 0, 16, 63
0 33 16: 96, 42 0 0, 16, 63
0 33 17: 96, 42 0 0, -1, 63
0 33 18: 0, 42 0 0, -1, 63
0 33 19: 0, 42 0 0, -1, 63
0 33 20: 0, 42 0 0, -1, 63
0 33 21: 0, 42 0 0, -1, 63
0 33 22: 0, 42 0 0, -1, 63
0 33 23: 0, 42 0 0, -1, 63
0 33 24: 0, 42 0 0, -1, 63
0 33 25: 0, 42 0 0, -1, 63
0 33 26: 0, 42 0 0, -1, 63
0 33 27: 0, 42 0 0, -1, 63
0 33 28: 0, 42 0 0, -1, 63
0 33 29: 0, 42 0 0, -1, 63
0 33 30: 0, 42 0 0, -1, 58
0 33 31: 0, 42 0 0, -1, 58
0 33 32: 0, 42 0 0, -1, 58
0 33 33: 0, 42 0 0, -1, 58
0 33 34: 0, 42 0 0, -1, 58
0 33 35: 0, 42 0 0, -1, 58
0 34 0: 0, 42 0 0, 16, 63
0 34 1: 0, 42 0 0, 16, 63
0 34 2: 0, 42 0 0, 16, 63
0 34 3: 0, 42 0 0, 16, 63
0 34 4: 0, 42 0 0, 16, 63
0 34 5: 0, 42 0 0, 16, 63
0 34 6: 0, 42 0 0, 16, 63
0 34 7: 0, 42 0 0, 16, 63
0 34 8: 0, 42 0 0, 16, 63
0 34 9: 0, 42 0 0, 16, 63
0 34 10: 55, 42 0 0, 16, 63
0 34 11: 55, 42 0 0, 16, 63
0 34 12: 55, 42 0 0, 16, 63
0 34 13: 55, 42 0 0, 16, 63
0 34 14: 55, 42 0 0, 16, 63
0 34 15: 55, 42 0 0, 16, 63
0 34 16: 55, 42 0 0, 16, 63
0 34 17: 55, 42 0 0, -1, 63
0 34 18: 0, 42 0 0, -1, 63
0 34 19: 0, 42 0 0, -1, 63
0 34 20: 0, 42 0 0, -1, 63
0 34 21: 0, 42 0 0, -1, 63
0 34 22: 0, 42 0 0, -1, 63
0 34 23: 0, 42 0 0, -1, 63
0 34 24: 0, 42 0 0, -1, 63
0 34 25: 0, 42 0 0, -1, 63
0 34 26: 0, 42 0 0, -1, 63
0 34 27: 0, 42 0 0, -1, 63
0 34 28: 0, 42 0 0, -1, 63
0 34 29: 0, 42 0 0, -1, 63
0 34 30: 0, 42 0 0, -1, 63
0 34 31: 0, 42 0 0, -1, 63
0 34 32: 0, 42 0 0, -1, 58
0 34 33: 0, 42 0 0, -1, 63
0 34 34: 0, 42 0 0, -1, 63
0 34 35: 0, 42 0 0, -1, 63
0 35 0: 0, 42 0 0, 16, 63
0 35 1: 0, 42 0 0, 16, 63
0 35 2: 0, 42 0 0, 16, 63
0 35 3: 0, 42 0 0, 16, 63
0 35 4: 0, 42 0 0, 16, 63
0 35 5: 0, 42 0 0, 16, 63
0 35 6: 0, 42 0 0, 16, 63
0 35 7: 0, 42 0 0, 16, 63
0 35 8: 0, 42 0 0, 16, 63
0 35 9: 0, 42 0 0, 16, 63
0 35 10: 0, 42 0 0, 16, 63
0 35 11: 55, 42 0 0, 16, 63
0 35 12: 55, 42 0 0, 16, 63
0 35 13: 55, 42 0 0, 16, 63
0 35 14: 55, 42 0 0, 16, 63
0 35 15: 55, 42 0 0, 16, 63
0 35 16: 55, 42 0 0, 16, 63
0 35 17: 55, 42 0 0, -1, 63
0 35 18: 0, 42 0 0, -1, 63
0 35 19: 0, 42 0 0, -1, 63
0 35 20: 0, 42 0 0, -1, 63
0 35 21: 0, 42 0 0, -1, 63
0 35 22: 0, 42 0 0, -1, 63
0 35 23: 0, 42 0 0, -1, 63
0 35 24: 0, 42 0 0, -1, 63
0 35 25: 0, 42 0 0, -1, 63
0 35 26: 0, 42 0 0, -1, 63
0 35 27: 0, 42 0 0, -1, 63
0 35 28: 0, 42 0 0, -1, 63
0 35 29: 0, 42 0 0, -1, 63
0 35 30: 0, 42 0 0, -1, 63
0 35 31: 0, 42 0 0, -1, 63
0 35 32: 0, 42 0 0, -1, 63
0 35 33: 0, 42 0 0, -1, 63
0 35 34: 0, 42 0 0, -1, 63
0 35 35: 0, 42 0 0, -1, 63
0 36 0: 0, 42 0 0, 16, 63
0 36 1: 0, 42 0 0, 16, 63
0 36 2: 0, 42 0 0, 16, 63
0 36 3: 0, 42 0 0, 16, 63
0 36 4: 0, 42 0 0, 16, 63
0 36 5: 0, 42 0 0, 16, 63
0 36 6: 0, 42 0 0, 16, 63
0 36 7: 0, 42 0 0, 16, 63
0 36 8: 0, 42 0 0, 16, 63
0 36 9: 0, 42 0 0, 16, 63
0 36 10: 0, 42 0 0, 16, 63
0 36 11: 0, 42 0 0, 16, 63
0 36 12: 0, 42 0 0, 16, 63
0 36 13: 0, 42 0 0, 16, 63
0 36 14: 0, 42 0 0, 16, 63
0 36 15: 0, 42 0 0, 16, -1
0 36 16: 0, 42 0 0, 16, -1
0 36 17: 0, 42 0 0, -1, -1
0 36 18: 0, 42 0 0, -1, -1
0 36 19: 0, 42 0 0, -1, -1
0 36 20: 0, 42 0 0, -1, -1
0 36 21: 0, 42 0 0, -1, -1
0 36 22: 0, 42 0 0, -1, -1
0 36 23: 0, 42 0 0, -1, -1
0 36 24: 0, 42 0 0, -1, -1
0 36 25: 0, 42 0 0, -1, -1
0 36 26: 0, 42 0 0, -1, -1
0 36 27: 0, 42 0 0, -1, -1
0 36 28: 0, 42 0 0, -1, -1
0 36 29: 0, 42 0 0, -1, -1
0 36 30: 0, 42 0 0, -1, -1
0 36 31: 0, 42 0 0, -1, -1
0 36 32: 0, 42 0 0, -1, -1
0 36 33: 0, 42 0 0, -1, -1
0 36 34: 0, 42 0 0, -1, -1
0 36 35: 0, 42 0 0, -1, -1
0 37 0: 0, 42 0 0, 16, 63
0 37 1: 0, 42 0 0, 16, 63
0 37 2: 0, 42 0 0, 16, 63
0 37 3: 0, 42 0 0, 16, 63
0 37 4: 0, 42 0 0, 16, 63
0 37 5: 0, 42 0 0, 16, 63
0 37 6: 0, 42 0 0, 16, 63
0 37 7: 0, 42 0 0, 16, 63
0 37 8: 0, 42 0 0, 16, 63
0 37 9: 0, 42 0 0, 16, 63
0 37 10: 0, 42 0 0, 16, 63
0 37 11: 0, 42 0 0, 16, 63
0 37 12: 0, 42 0 0, 16, 63
0 37 13: 0, 42 0 0, 16, 63
0 37 14: 0, 42 0 0, 16, 63
0 37 15: 0, 42 0 0, 16, -1
0 37 16: 0, 42 0 0, 16, -1
0 37 17: 0, 42 0 0, -1, -1
0 37 18: 0, 42 0 0, -1, -1
0 37 19: 0, 42 0 0, -1, -1
0 37 20: 0, 42 0 0, -1, -1
0 37 21: 0, 42 0 0, -1, -1
0 37 22: 0, 42 0 0, -1, -1
0 37 23: 0, 42 0 0, -1, -1
0 37 24: 0, 42 0 0, -1, -1
0 37 25: 0, 42 0 0, -1, -1
0 37 26: 0, 42 0 0, -1, -1
0 37 27: 0, 42 0 0, -1, -1
0 37 28: 0, 42 0 0, -1, -1
0 37 29: 0, 42 0 0, -1, -1
0 37 30: 0, 42 0 0, -1, -1
0 37 31: 0, 42 0 0, -1, -1
0 37 32: 0, 42 0 0, -1, -1
0 37 33: 0, 42 0 0, -1, -1
0 37 34: 0, 42 0 0, -1, -1
0 37 35: 0, 42 0 0, -1, -1
0 38 0: 0, 42 0 0, 16, 63
0 38 1: 0, 42 0 0, 16, 63
0 38 2: 0, 42 0 0, 16, 63
0 38 3: 0, 42 0 0, 16, 63
0 38 4: 0, 42 0 0, 16, 63
0 38 5: 0, 42 0 0, 16, 63
0 38 6: 0, 42 0 0, 16, 63
0 38 7: 0, 42 0 0, 16, 63
0 38 8: 0, 42 0 0, 16, 63
0 38 9: 0, 42 0 0, 16, 63
0 38 10: 0, 42 0 0, 16, 63
0 38 11: 0, 42 0 0, 16, 63
0 38 12: 0, 42 0 0, 16, 63
0 38 13: 0, 42 0 0, 16, 63
0 38 14: 0, 42 0 0, 16, 63
0 38 15: 0, 42 0 0, 16, -1
0 38 16: 0, 42 0 0, 16, -1
0 38 17: 0, 42 0 0, -1, -1
0 38 18: 0, 42 0 0, -1, -1
0 38 19: 0, 42 0 0, -1, -1
0 38 20: 0, 42 0 0, -1, -1
0 38 21: 0, 42 0 0, -1, -1
0 38 22: 0, 42 0 0, -1, -1
0 38 23: 0, 42 0 0, -1, -1
0 38 24: 0, 42 0 0, -1, -1
0 38 25: 0, 42 0 0, -1, -1
0 38 26: 0, 42 0 0, -1, -1
0 38 27: 0, 42 0 0, -1, -1
0 38 28: 0, 42 0 0, -1, -1
0 38 29: 0, 42 0 0, -1, -1
0 38 30: 0, 42 0 0, -1, -1
0 38 31: 0, 42 0 0, -1, -1
0 38 32: 0, 42 0 0, -1, -1
0 38 33: 0, 42 0 0, -1, -1
0 38 34: 0, 42 0 0, -1, -1
0 39 0: 0, 42 0 0, 16, 63
0 39 1: 0, 42 0 0, 16, 63
0 39 2: 0, 42 0 0, 16, 63
0 39 3: 0, 42 0 0, 16, 63
0 39 4: 0, 42 0 0, 16, 63
0 39 5: 0, 42 0 0, 16, 63
0 39 6: 0, 42 0 0, 16, 63
0 39 7: 0, 42 0 0, 16, 63
0 39 8: 0, 42 0 0, 16, 63
0 39 9: 0, 42 0 0, 16, 63
0 39 10: 0, 42 0 0, 16, 63
0 39 11: 0, 42 0 0, 16, 63
0 39 12: 0, 42 0 0, 16, 63
0 39 13: 0, 42 0 0, 16, 63
0 39 14: 0, 42 0 0, 16, 63
0 39 15: 0, 42 0 0, 16, -1
0 39 16: 0, 42 0 0, 16, -1
0 39 17: 0, 42 0 0, -1, -1
0 39 18: 0, 42 0 0, -1, -1
0 39 19: 0, 42 0 0, -1, -1
0 39 20: 0, 42 0 0, -1, -1
0 39 21: 0, 42 0 0, -1, -1
0 39 22: 0, 42 0 0, -1, -1
0 39 23: 0, 42 0 0, -1, -1
0 39 24: 0, 42 0 0, -1, -1
0 39 25: 0, 42 0 0, -1, -1
0 39 26: 0, 42 0 0, -1, -1
0 40 0: 0, 42 0 0, 16, 63
0 40 1: 0, 42 0 0, 16, 63
0 40 2: 0, 42 0 0, 16, 63
0 40 3: 0, 42 0 0, 16, 63
0 40 4: 0, 42 0 0, 16, 63
0 40 5: 0, 42 0 0, 16, 63
0 40 6: 0, 42 0 0, 16, 63
0 40 7: 0, 42 0 0, 16, 63
0 40 8: 0, 42 0 0, 16, 63
0 40 9: 0, 42 0 0, 16, 63
0 40 10: 0, 42 0 0, 16, 63
0 40 11: 0, 42 0 0, 16, 63
0 40 12: 0, 42 0 0, 16, 63
0 40 13: 0, 42 0 0, 16, 63
0 40 14: 0, 42 0 0, 16, 63
0 40 15: 0, 42 0 0, 16, -1
0 40 16: 0, 42 0 0, 16, -1
0 40 17: 0, 42 0 0, -1, -1
0 40 18: 0, 42 0 0, -1, -1
0 40 19: 0, 42 0 0, -1, -1
0 40 20: 0, 42 0 0, -1, -1
0 40 21: 0, 42 0 0, -1, -1
0 40 22: 0, 42 0 0, -1, -1
0 40 23: 0, 42 0 0, -1, -1
0 40 24: 0, 42 0 0, -1, -1
0 40 25: 0, 42 0 0, -1, -1
0 40 26: 0, 42 0 0, -1, -1
0 41 0: 0, 42 0 0, 16, 63
0 41 1: 0, 42 0 0, 16, 63
0 41 2: 0, 42 0 0, 16, 63
0 41 3: 0, 42 0 0, 16, 63
0 41 4: 0, 42 0 0, 16, 63
0 41 5: 0, 42 0 0, 16, 63
0 41 6: 0, 42 0 0, 16, 63
0 41 7: 0, 42 0 0, 16, 63
0 41 8: 0, 42 0 0, 16, 63
0 41 9: 0, 42 0 0, 16, 63
0 41 10: 0, 42 0 0, 16, 63
0 41 11: 0, 42 0 0, 16, 63
0 41 12: 0, 42 0 0, 16, 63
0 41 13: 0, 42 0 0, 16, 63
0 41 14: 0, 42 0 0, 16, 63
0 41 15: 0, 42 0 0, 16, -1
0 41 16: 0, 42 0 0, 16, -1
0 41 17: 0, 42 0 0, -1, -1
0 41 18: 0, 42 0 0, -1, -1
0 41 19: 0, 42 0 0, -1, -1
0 41 20: 0, 42 0 0, -1, -1
0 41 21: 0, 42 0 0, -1, -1
0 41 22: 0, 42 0 0, -1, -1
0 41 23: 0, 42 0 0, -1, -1
0 41 24: 0, 42 0 0, -1, -1
0 41 25: 0, 42 0 0, -1, -1
0 41 26: 0, 42 0 0, -1, -1
0 42 0: 0, 42 0 0, 16, 63
0 42 1: 0, 42 0 0, 16, 63
0 42 2: 0, 42 0 0, 16, 63
0 42 3: 0, 42 0 0, 16, 63
0 42 4: 0, 42 0 0, 16, 63
0 42 5: 0, 42 0 0, 16, 63
0 42 6: 0, 42 0 0, 16, 63
0 42 7: 0, 42 0 0, 16, 63
0 42 8: 0, 42 0 0, 16, 63
0 42 9: 0, 42 0 0, 16, 63
0 42 10: 0, 42 0 0, 16, 63
0 42 11: 0, 42 0 0, 16, 63
0 42 12: 0, 42 0 0, 16, 63
0 42 13: 0, 42 0 0, 16, 63
0 42 14: 0, 42 0 0, 16, 63
0 42 15: 0, 42 0 0, 16, -1
0 42 16: 0, 42 0 0, 16, -1
0 42 17: 0, 42 0 0, -1, -1
0 42 18: 0, 42 0 0, -1, -1
0 42 19: 0, 42 0 0, -1, -1
0 42 20: 0, 42 0 0, -1, -1
0 42 21: 0, 42 0 0, -1, -1
0 42 22: 0, 42 0 0, -1, -1
0 42 23: 0, 42 0 0, -1, -1
0 42 24: 0, 42 0 0, -1, -1
0 42 25: 0, 42 0 0, -1, -1
0 42 26: 0, 42 0 0, -1, -1
0 43 0: 0, 42 0 0, 16, 63
0 43 1: 0, 42 0 0, 16, 63
0 43 2: 0, 42 0 0, 16, 63
0 43 3: 0, 42 0 0, 16, 63
0 43 4: 0, 42 0 0, 16, 63
0 43 5: 0, 42 0 0, 16, 63
0 43 6: 0, 42 0 0, 16, 63
0 43 7: 0, 42 0 0, 16, 63
0 43 8: 0, 42 0 0, 16, 63
0 43 9: 0, 42 0 0, 16, 63
0 43 10: 0, 42 0 0, 16, 63
0 43 11: 0, 42 0 0, 16, 63
0 43 12: 0, 42 0 0, 16, 63
0 43 13: 0, 42 0 0, 16, 63
0 43 14: 0, 42 0 0, 16, 63
0 43 15: 0, 42 0 0, 16, -1
0 43 16: 0, 42 0 0, 16, -1
0 43 17: 0, 42 0 0, -1, -1
0 43 18: 0, 42 0 0, -1, -1
0 43 19: 0, 42 0 0, -1, -1
0 43 20: 0, 42 0 0, -1, -1
0 43 21: 0, 42 0 0, -1, -1
0 43 22: 0, 42 0 0, -1, -1
0 43 23: 0, 42 0 0, -1, -1
0 43 24: 0, 42 0 0, -1, -1
0 43 25: 0, 42 0 0, -1, -1
0 43 26: 0, 42 0 0, -1, -1
0 44 0: 0, 42 0 0, 16, 63
0 44 1: 0, 42 0 0, 16, 63
0 44 2: 0, 42 0 0, 16, 63
0 44 3: 0, 42 0 0, 16, 63
0 44 4: 0, 42 0 0, 16, 63
0 44 5: 0, 42 0 0, 16, 63
0 44 6: 0, 42 0 0, 16, 63
0 44 7: 0, 42 0 0, 16, 63
0 44 8: 0, 42 0 0, 16, 63
0 44 9: 0, 42 0 0, 16, 63
0 44 10: 0, 42 0 0, 16, 63
0 44 11: 0, 42 0 0, 16, 63
0 44 12: 0, 42 0 0, 16, 63
0 44 13: 0, 42 0 0, 16, 63
0 44 14: 0, 42 0 0, 16, 63
0 44 15: 0, 42 0 0, 16, -1
0 44 16: 0, 42 0 0, 16, -1
0 44 17: 0, 42 0 0, -1, -1
0 44 18: 0, 42 0 0, -1, -1
0 44 19: 0, 42 0 0, -1, -1
0 44 20: 0, 42 0 0, -1, -1
0 44 21: 0, 42 0 0, -1, -1
0 44 22: 0, 42 0 0, -1, -1
0 44 23: 0, 42 0 0, -1, -1
0 44 24: 0, 42 0 0, -1, -1
0 44 25: 0, 42 0 0, -1, -1
0 44 26: 0, 42 0 0, -1, -1
0 45 0: 0, 42 0 0, 16, 63
0 45 1: 0, 42 0 0, 16, 63
0 45 2: 0, 42 0 0, 16, 63
0 45 3: 0, 42 0 0, 16, 63
0 45 4: 0, 42 0 0, 16, 63
0 45 5: 0, 42 0 0, 16, 63
0 45 6: 0, 42 0 0, 16, 63
0 45 7: 0, 42 0 0, 16, 63
0 45 8: 0, 42 0 0, 16, 63
0 45 9: 0, 42 0 0, 16, 63
0 45 10: 0, 42 0 0, 16, 63
0 45 11: 0, 42 0 0, 16, 63
0 45 12: 0, 42 0 0, 16, 63
0 45 13: 0, 42 0 0, 16, 63
0 45 14: 0, 42 0 0, 16, 63
0 45 15: 0, 42 0 0, 16, -1
0 45 16: 0, 42 0 0, 16, -1
0 45 17: 0, 42 0 0, -1, -1
0 46 0: 0, 42 0 0, 16, 63
0 46 1: 0, 42 0 0, 16, 63
0 46 2: 0, 42 0 0, 16, 63
0 46 3: 0, 42 0 0, 16, 63
0 46 4: 0, 42 0 0, 16, 63
0 46 5: 0, 42 0 0, 16, 63
0 46 6: 0, 42 0 0, 16, 63
0 46 7: 0, 42 0 0, 16, 63
0 46 8: 0, 42 0 0, 16, 63
0 46 9: 0, 42 0 0, 16, 63
0 46 10: 0, 42 0 0, 16, 63
0 46 11: 0, 42 0 0, 16, 63
0 46 12: 0, 42 0 0, 16, 63
0 46 13: 0, 42 0 0, 16, 63
0 46 14: 0, 42 0 0, 16, 63
0 46 15: 0, 42 0 0, 16, -1
0 46 16: 0, 42 0 0, 16, -1
0 46 17: 0, 42 0 0, -1, -1
0 47 0: 0, 42 0 0, 16, 63
0 47 1: 0, 42 0 0, 16, 63
0 47 2: 0, 42 0 0, 16, 63
0 47 3: 0, 42 0 0, 16, 63
0 47 4: 0, 42 0 0, 16, 63
0 47 5: 0, 42 0 0, 16, 63
0 47 6: 0, 42 0 0, 16, 63
0 47 7: 0, 42 0 0, 16, 63
0 47 8: 0, 42 0 0, 16, 63
0 47 9: 0, 42 0 0, 16, 63
0 47 10: 0, 42 0 0, 16, 63
0 47 11: 0, 42 0 0, 16, 63
0 47 12: 0, 42 0 0, 16, 63
0 47 13: 0, 42 0 0, 16, 63
0 47 14: 0, 42 0 0, 16, 63
0 47 15: 0, 42 0 0, 16, -1
0 47 16: 0, 42 0 0, 16, -1
0 47 17: 0, 42 0 0, -1, -1
0 48 0: 0, 42 0 0, 16, 63
0 48 1: 0, 42 0 0, 16, 63
0 48 2: 0, 42 0 0, 16, 63
0 48 3: 0, 42 0 0, 16, 63
0 48 4: 0, 42 0 0, 16, 63
0 48 5: 0, 42 0 0, 16, 63
0 48 6: 0, 42 0 0, 16, 63
0 48 7: 0, 42 0 0, 16, 63
0 48 8: 0, 42 0 0, 16, 63
0 48 9: 0, 42 0 0, 16, 63
0 48 10: 0, 42 0 0, 16, 63
0 48 11: 0, 42 0 0, 16, 63
0 48 12: 0, 42 0 0, 16, 63
0 48 13: 0, 42 0 0, 16, 63
0 48 14: 0, 42 0 0, 16, 63
0 48 15: 0, 42 0 0, 16, -1
0 48 16: 0, 42 0 0, 16, -1
0 48 17: 0, 42 0 0, -1, -1
0 49 0: 0, 42 0 0, 16, 63
0 49 1: 0, 42 0 0, 16, 63
0 49 2: 0, 42 0 0, 16, 63
0 49 3: 0, 42 0 0, 16, 63
0 49 4: 0, 42 0 0, 16, 63
0 49 5: 0, 42 0 0, 16, 63
0 49 6: 0, 42 0 0, 16, 63
0 49 7: 0, 42 0 0, 16, 63
0 49 8: 0, 42 0 0, 16, 63
0 49 9: 0, 42 0 0, 16, 63
0 49 10: 0, 42 0 0, 16, 63
0 49 11: 0, 42 0 0, 16, 63
0 49 12: 0, 42 0 0, 16, 63
0 49 13: 0, 42 0 0, 16, 63
0 49 14: 0, 42 0 0, 16, 63
0 49 15: 0, 42 0 0, 16, -1
0 49 16: 0, 42 0 0, 16, -1
0 49 17: 0, 42 0 0, -1, -1
0 50 0: 0, 42 0 0, 16, 63
0 50 1: 0, 42 0 0, 16, 63
0 50 2: 0, 42 0 0, 16, 63
0 50 3: 0, 42 0 0, 16, 63
0 50 4: 0, 42 0 0, 16, 63
0 50 5: 0, 42 0 0, 16, 63
0 50 6: 0, 42 0 0, 16, 63
0 50 7: 0, 42 0 0, 16, 63
0 50 8: 0, 42 0 0, 16, 63
0 50 9: 0, 42 0 0, 16, 63
0 50 10: 0, 42 0 0, 16, 63
0 50 11: 0, 42 0 0, 16, 63
0 50 12: 0, 42 0 0, 16, 63
0 50 13: 0, 42 0 0, 16, 63
0 50 14: 0, 42 0 0, 16, 63
0 50 15: 0, 42 0 0, 16, -1
0 50 16: 0, 42 0 0, 16, -1
0 50 17: 0, 42 0 0, -1, -1
0 51 0: 0, 42 0 0, 16, 63
0 51 1: 0, 42 0 0, 16, 63
0 51 2: 0, 42 0 0, 16, 63
0 51 3: 0, 42 0 0, 16, 63
0 51 4: 0, 42 0 0, 16, 63
0 51 5: 0, 42 0 0, 16, 63
0 51 6: 0, 42 0 0, 16, 63
0 51 7: 0, 42 0 0, 16, 63
0 51 8: 0, 42 0 0, 16, 63
0 51 9: 0, 42 0 0, 16, 63
0 51 10: 0, 42 0 0, 16, 63
0 51 11: 0, 42 0 0, 16, 63
0 51 12: 0, 42 0 0, 16, 63
0 51 13: 0, 42 0 0, 16, 63
0 51 14: 0, 42 0 0, 16, 63
0 51 15: 0, 42 0 0, 16, -1
0 51 16: 0, 42 0 0, 16, -1
0 51 17: 0, 42 0 0, -1, -1
0 52 0: 0, 42 0 0, 16, 63
0 52 1: 0, 42 0 0, 16, 63
0 52 2: 0, 42 0 0, 16, 63
0 52 3: 0, 42 0 0, 16, 63
0 52 4: 0, 42 0 0, 16, 63
0 52 5: 0, 42 0 0, 16, 63
0 52 6: 0, 42 0 0, 16, 63
0 52 7: 0, 42 0 0, 16, 63
0 52 8: 0, 42 0 0, 16, 63
0 52 9: 0, 42 0 0, 16, 63
0 52 10: 0, 42 0 0, 16, 63
0 52 11: 0, 42 0 0, 16, 63
0 52 12: 0, 42 0 0, 16, 63
0 52 13: 0, 42 0 0, 16, 63
0 52 14: 0, 42 0 0, 16, 63
0 52 15: 0, 42 0 0, 16, -1
0 52 16: 0, 42 0 0, 16, -1
0 52 17: 0, 42 0 0, -1, -1
0 53 0: 0, 42 0 0, 16, 63
0 53 1: 0, 42 0 0, 16, 63
0 53 2: 0, 42 0 0, 16, 63
0 53 3: 0, 42 0 0, 16, 63
0 53 4: 0, 42 0 0, 16, 63
0 53 5: 0, 42 0 0, 16, 63
0 53 6: 0, 42 0 0, 16, 63
0 53 7: 0, 42 0 0, 16, 63
0 53 8: 0, 42 0 0, 16, 63
0 53 9: 0, 42 0 0, 16, 63
0 53 10: 0, 42 0 0, 16, 63
0 53 11: 0, 42 0 0, 16, 63
0 53 12: 0, 42 0 0, 16, 63
0 53 13: 0, 42 0 0, 16, 63
0 53 14: 0, 42 0 0, 16, 63
0 53 15: 0, 42 0 0, 16, -1
0 53 16: 0, 42 0 0, 16, -1
0 53 17: 0, 42 0 0, -1, -1
0 54 0: 0, 42 0 0, 16, 63
0 54 1: 0, 42 0 0, 16, 63
0 54 2: 0, 42 0 0, 16, 63
0 54 3: 0, 42 0 0, 16, 63
0 54 4: 0, 42 0 0, 16, 63
0 54 5: 0, 42 0 0, 16, 63
0 54 6: 0, 42 0 0, 16, 63
0 54 7: 0, 42 0 0, 16, 63
0 54 8: 0, 42 0 0, 16, 63
0 54 9: 0, 42 0 0, 16, 63
0 54 10: 0, 42 0 0, 16, 63
0 54 11: 0, 42 0 0, 16, 63
0 54 12: 0, 42 0 0, 16, 63
0 54 13: 0, 42 0 0, 16, 63
0 54 14: 0, 42 0 0, 16, 63
0 54 15: 0, 42 0 0, 16, -1
0 54 16: 0, 42 0 0, 16, -1
0 54 17: 0, 42 0 0, -1, -1
0 55 0: 0, 42 0 0, 16, 63
0 55 1: 0, 42 0 0, 16, 63
0 55 2: 0, 42 0 0, 16, 63
0 55 3: 0, 42 0 0, 16, 63
0 55 4: 0, 42 0 0, 16, 63
0 55 5: 0, 42 0 0, 16, 63
0 55 6: 0, 42 0 0, 16, 63
0 55 7: 0, 42 0 0, 16, 63
0 55 8: 0, 42 0 0, 16, 63
0 55 9: 0, 42 0 0, 16, 63
0 55 10: 0, 42 0 0, 16, 63
0 55 11: 0, 42 0 0, 16, 63
0 55 12: 0, 42 0 0, 16, 63
0 55 13: 0, 42 0 0, 16, 63
0 55 14: 0, 42 0 0, 16, 63
0 55 15: 0, 42 0 0, 16, -1
0 55 16: 0, 42 0 0, 16, -1
0 55 17: 0, 42 0 0, -1, -1
0 56 0: 0, 42 0 0, 16, 63
0 56 1: 0, 42 0 0, 16, 63
0 56 2: 0, 42 0 0, 16, 63
0 56 3: 0, 42 0 0, 16, 63
0 56 4: 0, 42 0 0, 16, 63
0 56 5: 0, 42 0 0, 16, 63
0 56 6: 0, 42 0 0, 16, 63
0 56 7: 0, 42 0 0, 16, 63
0 56 8: 0, 42 0 0, 16, 63
0 56 9: 0, 42 0 0, 16, 63
0 56 10: 0, 42 0 0, 16, 63
0 56 11: 0, 42 0 0, 16, 63
0 56 12: 0, 42 0 0, 16, 63
0 56 13: 0, 42 0 0, 16, 63
0 56 14: 0, 42 0 0, 16, 63
0 56 15: 0, 42 0 0, 16, -1
0 56 16: 0, 42 0 0, 16, -1
0 56 17: 0, 42 0 0, -1, -1
0 57 0: 0, 42 0 0, 16, 63
0 57 1: 0, 42 0 0, 16, 63
0 57 2: 0, 42 0 0, 16, 63
0 57 3: 0, 42 0 0, 16, 63
0 57 4: 0, 42 0 0, 16, 63
0 57 5: 0, 42 0 0, 16, 63
0 57 6: 0, 42 0 0, 16, 63
0 57 7: 0, 42 0 0, 16, 63
0 57 8: 0, 42 0 0, 16, 63
0 57 9: 0, 42 0 0, 16, 63
0 57 10: 0, 42 0 0, 16, 63
0 57 11: 0, 42 0 0, 16, 63
0 57 12: 0, 42 0 0, 16, 63
0 57 13: 0, 42 0 0, 16, 63
0 57 14: 0, 42 0 0, 16, 63
0 57 15: 0, 42 0 0, 16, -1
0 57 16: 0, 42 0 0, 16, -1
0 57 17: 0, 42 0 0, -1, -1
0 58 0: 0, 42 0 0, 16, 63
0 58 1: 0, 42 0 0, 16, 63
0 58 2: 0, 42 0 0, 16, 63
0 58 3: 0, 42 0 0, 16, 63
0 58 4: 0, 42 0 0, 16, 63
0 58 5: 0, 42 0 0, 16, 63
0 58 6: 0, 42 0 0, 16, 63
0 58 7: 0, 42 0 0, 16, 63
0 58 8: 0, 42 0 0, 16, 63
0 58 9: 0, 42 0 0, 16, 63
0 58 10: 0, 42 0 0, 16, 63
0 58 11: 0, 42 0 0, 16, 63
0 58 12: 0, 42 0 0, 16, 63
0 58 13: 0, 42 0 0, 16, 63
0 58 14: 0, 42 0 0, 16, 63
0 58 15: 0, 42 0 0, 16, -1
0 58 16: 0, 42 0 0, 16, -1
0 58 17: 0, 42 0 0, -1, -1
0 59 0: 0, 42 0 0, 16, 63
0 59 1: 0, 42 0 0, 16, 63
0 59 2: 0, 42 0 0, 16, 63
0 59 3: 0, 42 0 0, 16, 63
0 59 4: 0, 42 0 0, 16, 63
0 59 5: 0, 42 0 0, 16, 63
0 59 6: 0, 42 0 0, 16, 63
0 59 7: 0, 42 0 0, 16, 63
0 59 8: 0, 42 0 0, 16, 63
0 59 9: 0, 42 0 0, 16, 63
0 59 10: 0, 42 0 0, 16, 63
0 59 11: 0, 42 0 0, 16, 63
0 59 12: 0, 42 0 0, 16, 63
0 59 13: 0, 42 0 0, 16, 63
0 59 14: 0, 42 0 0, 16, 63
0 59 15: 0, 42 0 0, 16, -1
0 59 16: 0, 42 0 0, 16, -1
0 59 17: 0, 42 0 0, -1, -1
0 60 0: 0, 42 0 0, 16, 63
0 60 1: 0, 42 0 0, 16, 63
0 60 2: 0, 42 0 0, 16, 63
0 60 3: 0, 42 0 0, 16, 63
0 60 4: 0, 42 0 0, 16, 63
0 60 5: 0, 42 0 0, 16, 63
0 60 6: 0, 42 0 0, 16, 63
0 60 7: 0, 42 0 0, 16, 63
0 60 8: 0, 42 0 0, 16, 63
0 60 9: 0, 42 0 0, 16, 63
0 60 10: 0, 42 0 0, 16, 63
0 60 11: 0, 42 0 0, 16, 63
0 60 12: 0, 42 0 0, 16, 63
0 60 13: 0, 42 0 0, 16, 63
0 60 14: 0, 42 0 0, 16, 63
0 60 15: 0, 42 0 0, 16, -1
0 60 16: 0, 42 0 0, 16, -1
0 60 17: 0, 42 0 0, -1, -1
0 61 0: 0, 42 0 0, 16, 63
0 61 1: 0, 42 0 0, 16, 63
0 61 2: 0, 42 0 0, 16, 63
0 61 3: 0, 42 0 0, 16, 63
0 61 4: 0, 42 0 0, 16, 63
0 61 5: 0, 42 0 0, 16, 63
0 61 6: 0, 42 0 0, 16, 63
0 61 7: 0, 42 0 0, 16, 63
0 61 8: 0, 42 0 0, 16, 63
0 61 9: 0, 42 0 0, 16, 63
0 61 10: 0, 42 0 0, 16, 63
0 61 11: 0, 42 0 0, 16, 63
0 61 12: 0, 42 0 0, 16, 63
0 61 13: 0, 42 0 0, 16, 63
0 61 14: 0, 42 0 0, 16, 63
0 61 15: 0, 42 0 0, 16, -1
0 61 16: 0, 42 0 0, 16, -1
0 61 17: 0, 42 0 0, -1, -1
0 62 0: 0, 42 0 0, 16, 63
0 62 1: 0, 42 0 0, 16, 63
0 62 2: 0, 42 0 0, 16, 63
0 62 3: 0, 42 0 0, 16, 63
0 62 4: 0, 42 0 0, 16, 63
0 62 5: 0, 42 0 0, 16, 63
0 62 6: 0, 42 0 0, 16, 63
0 62 7: 0, 42 0 0, 16, 63
0 62 8: 0, 42 0 0, 16, 63
0 62 9: 0, 42 0 0, 16, 63
0 62 10: 0, 42 0 0, 16, 63
0 62 11: 0, 42 0 0, 16, 63
0 62 12: 0, 42 0 0, 16, 63
0 62 13: 0, 42 0 0, 16, 63
0 62 14: 0, 42 0 0, 16, 63
0 62 15: 0, 42 0 0, 16, -1
0 62 16: 0, 42 0 0, 16, -1
0 62 17: 0, 42 0 0, -1, -1
0 63 0: 0, 42 0 0, 16, 63
0 63 1: 0, 42 0 0, 16, 63
0 63 2: 0, 42 0 0, 16, 63
0 63 3: 0, 42 0 0, 16, 63
0 63 4: 0, 42 0 0, 16, 63
0 63 5: 0, 42 0 0, 16, 63
0 63 6: 0, 42 0 0, 16, 63
0 63 7: 0, 42 0 0, 16, 63
0 63 8: 0, 42 0 0, 16, 63
0 63 9: 0, 42 0 0, 16, 63
0 63 10: 0, 42 0 0, 16, 63
0 63 11: 0, 42 0 0, 16, 63
0 63 12: 0, 42 0 0, 16, 63
0 63 13: 0, 42 0 0, 16, 63
0 63 14: 0, 42 0 0, 16, 63
0 63 15: 0, 42 0 0, 16, -1
0 63 16: 0, 42 0 0, 16, -1
0 63 17: 0, 42 0 0, -1, -1
1 0 2: 0, 42 0 0, -1, -1
1 0 3: 0, -1 -1 -1, 8, -1
1 0 12: 0, -1 -1 -1, 8, -1
1 0 16: 0, 42 0 0, -1, -1
1 0 17: 0, 42 0 0, -1, -1
1 0 18: 0, 42 0 0, -1, -1
1 0 43: 0, -1 -1 -1, 8, -1
1 0 51: 0, 42 0 0, -1, -1
1 1 2: 0, 42 0 0, -1, -1
1 1 3: 0, 42 0 0, -1, -1
1 1 4: 0, -1 -1 -1, 8, -1
1 1 15: 0, -1 -1 -1, 8, -1
1 1 16: 0, 42 0 0, -1, -1
1 1 17: 0, 42 0 0, -1, -1
1 1 18: 0, 42 0 0, -1, -1
1 1 37: 0, 42 0 0, -1, -1
1 1 38: 0, 42 0 0, -1, -1
1 1 40: 0, -1 -1 -1, 8, -1
1 1 50: 0, 42 0 0, -1, -1
1 1 51: 0, 42 0 0, -1, -1
1 2 3: 0, 42 0 0, -1, -1
1 2 18: 0, -1 -1 -1, 8, -1
1 2 35: 0, 42 0 0, -1, -1
1 2 36: 0, 42 0 0, -1, -1
1 2 37: 0, 42 0 0, -1, -1
1 2 38: 0, -1 -1 -1, 8, -1
1 2 51: 0, 42 0 0, -1, -1
1 3 4: 0, 42 0 0, -1, -1
1 3 5: 0, -1 -1 -1, 8, -1
1 3 19: 0, -1 -1 -1, 8, -1
1 3 34: 0, 42 0 0, -1, -1
1 3 35: 0, 42 0 0, -1, -1
1 3 36: 0, 42 0 0, -1, -1
1 3 37: 0, -1 -1 -1, 8, -1
1 3 51: 0, 42 0 0, -1, -1
1 4 4: 0, 42 0 0, -1, -1
1 4 5: 0, 42 0 0, -1, -1
1 4 6: 0, 42 0 0, -1, -1
1 4 7: 0, -1 -1 -1, 8, -1
1 4 23: 0, -1 -1 -1, 8, -1
1 4 31: 0, 42 0 0, -1, -1
1 4 32: 0, 42 0 0, -1, -1
1 4 33: 0, -1 -1 -1, 8, -1
1 4 51: 0, 42 0 0, -1, -1
1 5 5: 0, 42 0 0, -1, -1
1 5 6: 0, 42 0 0, -1, -1
1 5 7: 0, 42 0 0, -1, -1
1 5 8: 0, -1 -1 -1, 8, -1
1 5 24: 0, 42 0 0, -1, -1
1 5 25: 0, 42 0 0, -1, -1
1 5 30: 0, 42 0 0, -1, -1
1 5 31: 0, 42 0 0, -1, -1
1 5 32: 0, -1 -1 -1, 8, -1
1 5 50: 0, -1 -1 -1, 8, -1
1 6 24: 0, 42 0 0, -1, -1
1 6 25: 0, 42 0 0, -1, -1
1 6 31: 0, -1 -1 -1, 8, -1
1 6 47: 0, -1 -1 -1, 8, -1
1 6 48: 0, 42 0 0, -1, -1
1 6 49: 0, 42 0 0, -1, -1
1 6 50: 0, 42 0 0, -1, -1
1 7 24: 0, 42 0 0, -1, -1
1 7 25: 0, 42 0 0, -1, -1
1 7 27: 0, 42 0 0, -1, -1
1 7 28: 0, 42 0 0, -1, -1
1 7 29: 0, 42 0 0, -1, -1
1 7 30: 0, -1 -1 -1, 8, -1
1 7 45: 0, -1 -1 -1, 8, -1
1 7 48: 0, 42 0 0, -1, -1
1 7 49: 0, 42 0 0, -1, -1
1 8 9: 0, -1 -1 -1, 8, -1
1 8 24: 0, -1 -1 -1, 8, -1
1 8 26: 0, 42 0 0, -1, -1
1 8 27: 0, 42 0 0, -1, -1
1 8 28: 0, -1 -1 -1, 8, -1
1 8 43: 0, -1 -1 -1, 8, -1
1 8 44: 0, 42 0 0, -1, -1
1 8 45: 0, 42 0 0, -1, -1
1 9 11: 0, 42 0 0, -1, -1
1 9 12: 0, -1 -1 -1, 8, -1
1 9 26: 0, 42 0 0, -1, -1
1 9 38: 0, -1 -1 -1, 8, -1
1 9 39: 0, 42 0 0, -1, -1
1 9 40: 0, 42 0 0, -1, -1
1 9 41: 0, 42 0 0, -1, -1
1 9 43: 0, 42 0 0, -1, -1
1 9 44: 0, 42 0 0, -1, -1
1 9 45: 0, 42 0 0, -1, -1
1 9 46: 0, 42 0 0, -1, -1
1 10 10: 0, 42 0 0, -1, -1
1 10 11: 0, 42 0 0, -1, -1
1 10 12: 0, 42 0 0, -1, -1
1 10 38: 0, 42 0 0, -1, -1
1 10 39: 0, 42 0 0, -1, -1
1 10 40: 0, 42 0 0, -1, -1
1 10 41: 0, 42 0 0, -1, -1
1 11 10: 0, 42 0 0, -1, -1
1 11 11: 0, 42 0 0, -1, -1
1 11 12: 0, 42 0 0, -1, -1
1 11 37: 0, -1 -1 -1, 8, -1
1 12 13: 0, -1 -1 -1, 8, -1
1 12 36: 0, -1 -1 -1, 8, -1
1 12 37: 0, 42 0 0, -1, -1
1 13 14: 0, -1 -1 -1, 8, -1
1 13 35: 0, -1 -1 -1, 8, -1
1 13 37: 0, 42 0 0, -1, -1
1 13 38: 0, 42 0 0, -1, -1
1 14 13: 0, 42 0 0, -1, -1
1 14 14: 0, 42 0 0, -1, -1
1 14 15: 0, -1 -1 -1, 8, -1
1 14 32: 0, -1 -1 -1, 8, -1
1 14 33: 0, 42 0 0, -1, -1
1 14 34: 0, 42 0 0, -1, -1
1 14 37: 0, 42 0 0, -1, -1
1 14 38: 0, 42 0 0, -1, -1
1 15 13: 0, 42 0 0, -1, -1
1 15 14: 0, 42 0 0, -1, -1
1 15 15: 0, 42 0 0, -1, -1
1 15 16: 0, 42 0 0, -1, -1
1 15 17: 0, -1 -1 -1, 8, -1
1 15 21: 0, -1 -1 -1, 8, -1
1 15 22: 0, 42 0 0, -1, -1
1 15 23: 0, 42 0 0, -1, -1
1 15 24: 0, -1 -1 -1, 8, -1
1 15 30: 0, -1 -1 -1, 8, -1
1 15 32: 0, 42 0 0, -1, -1
1 15 33: 0, 42 0 0, -1, -1
1 15 34: 0, 42 0 0, -1, -1
1 16 13: 0, 42 0 0, -1, -1
1 16 14: 0, 42 0 0, -1, -1
1 16 20: 0, 42 0 0, -1, -1
1 16 21: 0, 42 0 0, -1, -1
1 16 22: 0, 42 0 0, -1, -1
1 16 23: 0, 42 0 0, -1, -1
1 16 25: 0, -1 -1 -1, 8, -1
1 16 29: 0, -1 -1 -1, 8, -1
1 16 30: 0, 42 0 0, -1, -1
1 17 21: 0, 42 0 0, -1, -1
1 17 22: 0, 42 0 0, -1, -1
1 17 26: 0, 42 0 0, -1, -1
1 17 27: 0, 42 0 0, -1, -1
1 17 28: 0, 42 0 0, -1, -1
1 18 26: 0, 42 0 0, -1, -1
1 18 27: 0, 42 0 0, -1, -1
1 18 28: 0, 42 0 0, -1, -1
1 19 26: 0, 42 0 0, -1, -1
1 19 28: 0, 42 0 0, -1, -1
