0 0 0: 1, 42 0 0, -1, -1
0 0 1: 1, 42 0 0, -1, -1
0 0 2: 1, 42 0 0, -1, -1
0 0 3: 1, 42 0 0, -1, -1
0 0 4: 1, 42 0 0, -1, -1
0 0 5: 1, 42 0 0, -1, -1
0 0 6: 1, 42 0 0, -1, -1
0 0 7: 1, 42 0 0, -1, -1
0 0 8: 1, 42 0 0, -1, -1
0 0 9: 1, 42 0 0, -1, -1
0 0 10: 1, 42 0 0, -1, -1
0 0 11: 1, 42 0 0, -1, -1
0 0 12: 1, 42 0 0, -1, -1
0 0 13: 1, 42 0 0, -1, -1
0 0 14: 1, 42 0 0, -1, -1
0 0 15: 1, 42 0 0, -1, -1
0 0 16: 1, 42 0 0, -1, -1
0 0 17: 1, 42 0 0, -1, -1
0 0 18: 1, 42 0 0, -1, -1
0 0 19: 1, 42 0 0, -1, -1
0 0 20: 1, 42 0 0, -1, -1
0 0 21: 1, 42 0 0, -1, -1
0 0 22: 1, 42 0 0, -1, -1
0 0 23: 1, 42 0 0, -1, -1
0 0 24: 1, 42 0 0, -1, -1
0 0 25: 1, 42 0 0, -1, -1
0 0 26: 1, 42 0 0, -1, -1
0 0 27: 1, 42 0 0, -1, -1
0 0 28: 1, 42 0 0, -1, -1
0 0 29: 1, 42 0 0, -1, -1
0 0 30: 1, 42 0 0, -1, -1
0 0 31: 0, 42 0 0, -1, -1
0 0 32: 0, 42 0 0, -1, -1
0 0 33: 0, 42 0 0, -1, -1
0 0 34: 0, 42 0 0, -1, -1
0 0 35: 0, 42 0 0, -1, -1
0 0 36: 0, 42 0 0, -1, -1
0 0 37: 0, 42 0 0, -1, -1
0 0 38: 0, 42 0 0, -1, -1
0 0 39: 0, 42 0 0, -1, -1
0 0 40: 0, 42 0 0, -1, -1
0 0 41: 0, 42 0 0, -1, -1
0 0 42: 0, 42 0 0, -1, -1
0 0 43: 0, 42 0 0, -1, -1
0 0 44: 0, 42 0 0, -1, -1
0 0 45: 0, 42 0 0, -1, -1
0 0 46: 0, 42 0 0, -1, -1
0 0 47: 0, 42 0 0, -1, -1
0 0 48: 0, 42 0 0, -1, -1
0 0 49: 0, 42 0 0, -1, -1
0 0 50: 0, 42 0 0, -1, -1
0 0 51: 0, 42 0 0, -1, -1
0 0 52: 0, 42 0 0, -1, -1
0 0 53: 0, 42 0 0, -1, -1
0 0 54: 0, 42 0 0, -1, -1
0 0 55: 0, 42 0 0, -1, -1
0 0 56: 0, 42 0 0, -1, -1
0 0 57: 0, 42 0 0, -1, -1
0 0 58: 0, 42 0 0, -1, -1
0 0 59: 0, 42 0 0, -1, -1
0 0 60: 0, 42 0 0, -1, -1
0 0 61: 0, 42 0 0, -1, -1
0 0 62: 0, 42 0 0, -1, -1
0 0 63: 0, 42 0 0, -1, -1
0 1 0: 1, 42 0 0, -1, -1
0 1 1: 1, 42 0 0, -1, -1
0 1 2: 1, 42 0 0, -1, -1
0 1 3: 1, 42 0 0, -1, -1
0 1 4: 1, 42 0 0, -1, -1
0 1 5: 1, 42 0 0, -1, -1
0 1 6: 1, 42 0 0, -1, -1
0 1 7: 1, 42 0 0, -1, -1
0 1 8: 1, 42 0 0, -1, -1
0 1 9: 1, 42 0 0, -1, -1
0 1 10: 1, 42 0 0, -1, -1
0 1 11: 1, 42 0 0, -1, -1
0 1 12: 1, 42 0 0, -1, -1
0 1 13: 1, 42 0 0, -1, -1
0 1 14: 1, 42 0 0, -1, -1
0 1 15: 1, 42 0 0, -1, -1
0 1 16: 1, 42 0 0, -1, -1
0 1 17: 1, 42 0 0, -1, -1
0 1 18: 1, 42 0 0, -1, -1
0 1 19: 1, 42 0 0, -1, -1
0 1 20: 1, 42 0 0, -1, -1
0 1 21: 1, 42 0 0, -1, -1
0 1 22: 1, 42 0 0, -1, -1
0 1 23: 1, 42 0 0, -1, -1
0 1 24: 1, 42 0 0, -1, -1
0 1 25: 1, 42 0 0, -1, -1
0 1 26: 1, 42 0 0, -1, -1
0 1 27: 1, 42 0 0, -1, -1
0 1 28: 1, 42 0 0, -1, -1
0 1 29: 1, 42 0 0, -1, -1
0 1 30: 1, 42 0 0, -1, -1
0 1 31: 0, 42 0 0, -1, -1
0 1 32: 0, 42 0 0, -1, -1
0 1 33: 0, 42 0 0, -1, -1
0 1 34: 0, 42 0 0, -1, -1
0 1 35: 0, 42 0 0, -1, -1
0 1 36: 0, 42 0 0, -1, -1
0 1 37: 0, 42 0 0, -1, -1
0 1 38: 0, 42 0 0, -1, -1
0 1 39: 0, 42 0 0, -1, -1
0 1 40: 0, 42 0 0, -1, -1
0 1 41: 0, 42 0 0, -1, -1
0 1 42: 0, 42 0 0, -1, -1
0 1 43: 0, 42 0 0, -1, -1
0 1 44: 0, 42 0 0, -1, -1
0 1 45: 0, 42 0 0, -1, -1
0 1 46: 0, 42 0 0, -1, -1
0 1 47: 0, 42 0 0, -1, -1
0 1 48: 0, 42 0 0, -1, -1
0 1 49: 0, 42 0 0, -1, -1
0 1 50: 0, 42 0 0, -1, -1
0 1 51: 0, 42 0 0, -1, -1
0 1 52: 0, 42 0 0, -1, -1
0 1 53: 0, 42 0 0, -1, -1
0 1 54: 0, 42 0 0, -1, -1
0 1 55: 0, 42 0 0, -1, -1
0 1 56: 0, 42 0 0, -1, -1
0 1 57: 0, 42 0 0, -1, -1
0 1 58: 0, 42 0 0, -1, -1
0 1 59: 0, 42 0 0, -1, -1
0 1 60: 0, 42 0 0, -1, -1
0 1 61: 0, 42 0 0, -1, -1
0 1 62: 0, 42 0 0, -1, -1
0 1 63: 0, 42 0 0, -1, -1
0 2 0: 1, 42 0 0, -1, -1
0 2 1: 1, 42 0 0, -1, -1
0 2 2: 1, 42 0 0, -1, -1
0 2 3: 1, 42 0 0, -1, -1
0 2 4: 1, 42 0 0, -1, -1
0 2 5: 1, 42 0 0, -1, -1
0 2 6: 1, 42 0 0, -1, -1
0 2 7: 1, 42 0 0, -1, -1
0 2 8: 1, 42 0 0, -1, -1
0 2 9: 1, 42 0 0, -1, -1
0 2 10: 1, 42 0 0, -1, -1
0 2 11: 1, 42 0 0, -1, -1
0 2 12: 1, 42 0 0, -1, -1
0 2 13: 1, 42 0 0, -1, -1
0 2 14: 1, 42 0 0, -1, -1
0 2 15: 1, 42 0 0, -1, -1
0 2 16: 1, 42 0 0, -1, -1
0 2 17: 1, 42 0 0, -1, -1
0 2 18: 1, 42 0 0, -1, -1
0 2 19: 1, 42 0 0, -1, -1
0 2 20: 1, 42 0 0, -1, -1
0 2 21: 1, 42 0 0, -1, -1
0 2 22: 1, 42 0 0, -1, -1
0 2 23: 1, 42 0 0, -1, -1
0 2 24: 1, 42 0 0, -1, -1
0 2 25: 1, 42 0 0, -1, -1
0 2 26: 1, 42 0 0, -1, -1
0 2 27: 1, 42 0 0, -1, -1
0 2 28: 1, 42 0 0, -1, -1
0 2 29: 1, 42 0 0, -1, -1
0 2 30: 1, 42 0 0, -1, -1
0 2 31: 0, 42 0 0, -1, -1
0 2 32: 0, 42 0 0, -1, -1
0 2 33: 0, 42 0 0, -1, -1
0 2 34: 0, 42 0 0, -1, -1
0 2 35: 0, 42 0 0, -1, -1
0 2 36: 0, 42 0 0, -1, -1
0 2 37: 0, 42 0 0, -1, -1
0 2 38: 0, 42 0 0, -1, -1
0 2 39: 0, 42 0 0, -1, -1
0 2 40: 0, 42 0 0, -1, -1
0 2 41: 0, 42 0 0, -1, -1
0 2 42: 0, 42 0 0, -1, -1
0 2 43: 0, 42 0 0, -1, -1
0 2 44: 0, 42 0 0, -1, -1
0 2 45: 0, 42 0 0, -1, -1
0 2 46: 0, 42 0 0, -1, -1
0 2 47: 0, 42 0 0, -1, -1
0 2 48: 0, 42 0 0, -1, -1
0 2 49: 0, 42 0 0, -1, -1
0 2 50: 0, 42 0 0, -1, -1
0 2 51: 0, 42 0 0, -1, -1
0 2 52: 0, 42 0 0, -1, -1
0 2 53: 0, 42 0 0, -1, -1
0 2 54: 0, 42 0 0, -1, -1
0 2 55: 0, 42 0 0, -1, -1
0 2 56: 0, 42 0 0, -1, -1
0 2 57: 0, 42 0 0, -1, -1
0 2 58: 0, 42 0 0, -1, -1
0 2 59: 0, 42 0 0, -1, -1
0 2 60: 0, 42 0 0, -1, -1
0 2 61: 0, 42 0 0, -1, -1
0 2 62: 0, 42 0 0, -1, -1
0 2 63: 0, 42 0 0, -1, -1
0 3 0: 1, 42 0 0, -1, -1
0 3 1: 1, 42 0 0, -1, -1
0 3 2: 1, 42 0 0, -1, -1
0 3 3: 1, 42 0 0, -1, -1
0 3 4: 1, 42 0 0, -1, -1
0 3 5: 1, 42 0 0, -1, -1
0 3 6: 1, 42 0 0, -1, -1
0 3 7: 1, 42 0 0, -1, -1
0 3 8: 1, 42 0 0, -1, -1
0 3 9: 1, 42 0 0, -1, -1
0 3 10: 1, 42 0 0, -1, -1
0 3 11: 1, 42 0 0, -1, -1
0 3 12: 1, 42 0 0, -1, -1
0 3 13: 1, 42 0 0, -1, -1
0 3 14: 1, 42 0 0, -1, -1
0 3 15: 1, 42 0 0, -1, -1
0 3 16: 1, 42 0 0, -1, -1
0 3 17: 1, 42 0 0, -1, -1
0 3 18: 1, 42 0 0, -1, -1
0 3 19: 1, 42 0 0, -1, -1
0 3 20: 1, 42 0 0, -1, -1
0 3 21: 1, 42 0 0, -1, -1
0 3 22: 1, 42 0 0, -1, -1
0 3 23: 1, 42 0 0, -1, -1
0 3 24: 1, 42 0 0, -1, -1
0 3 25: 1, 42 0 0, -1, -1
0 3 26: 1, 42 0 0, -1, -1
0 3 27: 1, 42 0 0, -1, -1
0 3 28: 1, 42 0 0, -1, -1
0 3 29: 1, 42 0 0, -1, -1
0 3 30: 1, 42 0 0, -1, -1
0 3 31: 0, 42 0 0, -1, -1
0 3 32: 0, 42 0 0, -1, -1
0 3 33: 0, 42 0 0, -1, -1
0 3 34: 0, 42 0 0, -1, -1
0 3 35: 0, 42 0 0, -1, -1
0 3 36: 0, 42 0 0, -1, -1
0 3 37: 0, 42 0 0, -1, -1
0 3 38: 0, 42 0 0, -1, -1
0 3 39: 0, 42 0 0, -1, -1
0 3 40: 0, 42 0 0, -1, -1
0 3 41: 0, 42 0 0, -1, -1
0 3 42: 0, 42 0 0, -1, -1
0 3 43: 0, 42 0 0, -1, -1
0 3 44: 0, 42 0 0, -1, -1
0 3 45: 0, 42 0 0, -1, -1
0 3 46: 0, 42 0 0, -1, -1
0 3 47: 0, 42 0 0, -1, -1
0 3 48: 0, 42 0 0, -1, -1
0 3 49: 0, 42 0 0, -1, -1
0 3 50: 0, 42 0 0, -1, -1
0 3 51: 0, 42 0 0, -1, -1
0 3 52: 0, 42 0 0, -1, -1
0 3 53: 0, 42 0 0, -1, -1
0 3 54: 0, 42 0 0, -1, -1
0 3 55: 0, 42 0 0, -1, -1
0 3 56: 0, 42 0 0, -1, -1
0 3 57: 0, 42 0 0, -1, -1
0 3 58: 0, 42 0 0, -1, -1
0 3 59: 0, 42 0 0, -1, -1
0 3 60: 0, 42 0 0, -1, -1
0 3 61: 0, 42 0 0, -1, -1
0 3 62: 0, 42 0 0, -1, -1
0 3 63: 0, 42 0 0, -1, -1
0 4 0: 1, 42 0 0, -1, -1
0 4 1: 1, 42 0 0, -1, -1
0 4 2: 1, 42 0 0, -1, -1
0 4 3: 1, 42 0 0, -1, -1
0 4 4: 1, 42 0 0, -1, -1
0 4 5: 1, 42 0 0, -1, -1
0 4 6: 1, 42 0 0, -1, -1
0 4 7: 1, 42 0 0, -1, -1
0 4 8: 1, 42 0 0, -1, -1
0 4 9: 1, 42 0 0, -1, -1
0 4 10: 1, 42 0 0, -1, -1
0 4 11: 1, 42 0 0, -1, -1
0 4 12: 1, 42 0 0, -1, -1
0 4 13: 1, 42 0 0, -1, -1
0 4 14: 1, 42 0 0, -1, -1
0 4 15: 1, 42 0 0, -1, -1
0 4 16: 1, 42 0 0, -1, -1
0 4 17: 1, 42 0 0, -1, -1
0 4 18: 1, 42 0 0, -1, -1
0 4 19: 1, 42 0 0, -1, -1
0 4 20: 1, 42 0 0, -1, -1
0 4 21: 1, 42 0 0, -1, -1
0 4 22: 1, 42 0 0, -1, -1
0 4 23: 1, 42 0 0, -1, -1
0 4 24: 1, 42 0 0, -1, -1
0 4 25: 1, 42 0 0, -1, -1
0 4 26: 1, 42 0 0, -1, -1
0 4 27: 1, 42 0 0, -1, -1
0 4 28: 1, 42 0 0, -1, -1
0 4 29: 1, 42 0 0, -1, -1
0 4 30: 1, 42 0 0, -1, -1
0 4 31: 0, 42 0 0, -1, -1
0 4 32: 0, 42 0 0, -1, -1
0 4 33: 0, 42 0 0, -1, -1
0 4 34: 0, 42 0 0, -1, -1
0 4 35: 0, 42 0 0, -1, -1
0 4 36: 0, 42 0 0, -1, -1
0 4 37: 0, 42 0 0, -1, -1
0 4 38: 0, 42 0 0, -1, -1
0 4 39: 0, 42 0 0, -1, -1
0 4 40: 0, 42 0 0, -1, -1
0 4 41: 0, 42 0 0, -1, -1
0 4 42: 0, 42 0 0, -1, -1
0 4 43: 0, 42 0 0, -1, -1
0 4 44: 0, 42 0 0, -1, -1
0 4 45: 0, 42 0 0, -1, -1
0 4 46: 0, 42 0 0, -1, -1
0 4 47: 0, 42 0 0, -1, -1
0 4 48: 0, 42 0 0, -1, -1
0 4 49: 0, 42 0 0, -1, -1
0 4 50: 0, 42 0 0, -1, -1
0 4 51: 0, 42 0 0, -1, -1
0 4 52: 0, 42 0 0, -1, -1
0 4 53: 0, 42 0 0, -1, -1
0 4 54: 0, 42 0 0, -1, -1
0 4 55: 0, 42 0 0, -1, -1
0 4 56: 0, 42 0 0, -1, -1
0 4 57: 0, 42 0 0, -1, -1
0 4 58: 0, 42 0 0, -1, -1
0 4 59: 0, 42 0 0, -1, -1
0 4 60: 0, 42 0 0, -1, -1
0 4 61: 0, 42 0 0, -1, -1
0 4 62: 0, 42 0 0, -1, -1
0 4 63: 0, 42 0 0, -1, -1
0 5 0: 1, 42 0 0, -1, -1
0 5 1: 1, 42 0 0, -1, -1
0 5 2: 1, 42 0 0, -1, -1
0 5 3: 1, 42 0 0, -1, -1
0 5 4: 1, 42 0 0, -1, -1
0 5 5: 1, 42 0 0, -1, -1
0 5 6: 1, 42 0 0, -1, -1
0 5 7: 1, 42 0 0, -1, -1
0 5 8: 1, 42 0 0, -1, -1
0 5 9: 1, 42 0 0, -1, -1
0 5 10: 1, 42 0 0, -1, -1
0 5 11: 1, 42 0 0, -1, -1
0 5 12: 1, 42 0 0, -1, -1
0 5 13: 1, 42 0 0, -1, -1
0 5 14: 1, 42 0 0, -1, -1
0 5 15: 1, 42 0 0, -1, -1
0 5 16: 1, 42 0 0, -1, -1
0 5 17: 1, 42 0 0, -1, -1
0 5 18: 1, 42 0 0, -1, -1
0 5 19: 1, 42 0 0, -1, -1
0 5 20: 1, 42 0 0, -1, -1
0 5 21: 1, 42 0 0, -1, -1
0 5 22: 1, 42 0 0, -1, -1
0 5 23: 1, 42 0 0, -1, -1
0 5 24: 1, 42 0 0, -1, -1
0 5 25: 1, 42 0 0, -1, -1
0 5 26: 1, 42 0 0, -1, -1
0 5 27: 1, 42 0 0, -1, -1
0 5 28: 1, 42 0 0, -1, -1
0 5 29: 1, 42 0 0, -1, -1
0 5 30: 1, 42 0 0, -1, -1
0 5 31: 0, 42 0 0, -1, -1
0 5 32: 0, 42 0 0, -1, -1
0 5 33: 0, 42 0 0, -1, -1
0 5 34: 0, 42 0 0, -1, -1
0 5 35: 0, 42 0 0, -1, -1
0 5 36: 0, 42 0 0, -1, -1
0 5 37: 0, 42 0 0, -1, -1
0 5 38: 0, 42 0 0, -1, -1
0 5 39: 0, 42 0 0, -1, -1
0 5 40: 0, 42 0 0, -1, -1
0 5 41: 0, 42 0 0, -1, -1
0 5 42: 0, 42 0 0, -1, -1
0 5 43: 0, 42 0 0, -1, -1
0 5 44: 0, 42 0 0, -1, -1
0 5 45: 0, 42 0 0, -1, -1
0 5 46: 0, 42 0 0, -1, -1
0 5 47: 0, 42 0 0, -1, -1
0 5 48: 0, 42 0 0, -1, -1
0 5 49: 0, 42 0 0, -1, -1
0 5 50: 0, 42 0 0, -1, -1
0 5 51: 0, 42 0 0, -1, -1
0 5 52: 0, 42 0 0, -1, -1
0 5 53: 0, 42 0 0, -1, -1
0 5 54: 0, 42 0 0, -1, -1
0 5 55: 0, 42 0 0, -1, -1
0 5 56: 0, 42 0 0, -1, -1
0 5 57: 0, 42 0 0, -1, -1
0 5 58: 0, 42 0 0, -1, -1
0 5 59: 0, 42 0 0, -1, -1
0 5 60: 0, 42 0 0, -1, -1
0 5 61: 0, 42 0 0, -1, -1
0 5 62: 0, 42 0 0, -1, -1
0 5 63: 0, 42 0 0, -1, -1
0 6 0: 1, 42 0 0, -1, -1
0 6 1: 1, 42 0 0, -1, -1
0 6 2: 1, 42 0 0, -1, -1
0 6 3: 1, 42 0 0, -1, -1
0 6 4: 1, 42 0 0, -1, -1
0 6 5: 1, 42 0 0, -1, -1
0 6 6: 1, 42 0 0, -1, -1
0 6 7: 1, 42 0 0, -1, -1
0 6 8: 1, 42 0 0, -1, -1
0 6 9: 1, 42 0 0, -1, -1
0 6 10: 1, 42 0 0, -1, -1
0 6 11: 1, 42 0 0, -1, -1
0 6 12: 1, 42 0 0, -1, -1
0 6 13: 1, 42 0 0, -1, -1
0 6 14: 1, 42 0 0, -1, -1
0 6 15: 1, 42 0 0, -1, -1
0 6 16: 1, 42 0 0, -1, -1
0 6 17: 1, 42 0 0, -1, -1
0 6 18: 1, 42 0 0, -1, -1
0 6 19: 1, 42 0 0, -1, -1
0 6 20: 1, 42 0 0, -1, -1
0 6 21: 1, 42 0 0, -1, -1
0 6 22: 1, 42 0 0, -1, -1
0 6 23: 1, 42 0 0, -1, -1
0 6 24: 1, 42 0 0, -1, -1
0 6 25: 1, 42 0 0, -1, -1
0 6 26: 1, 42 0 0, -1, -1
0 6 27: 1, 42 0 0, -1, -1
0 6 28: 1, 42 0 0, -1, -1
0 6 29: 1, 42 0 0, -1, -1
0 6 30: 1, 42 0 0, -1, -1
0 6 31: 0, 42 0 0, -1, -1
0 6 32: 0, 42 0 0, -1, -1
0 6 33: 0, 42 0 0, -1, -1
0 6 34: 0, 42 0 0, -1, -1
0 6 35: 0, 42 0 0, -1, -1
0 6 36: 0, 42 0 0, -1, -1
0 6 37: 0, 42 0 0, -1, -1
0 6 38: 0, 42 0 0, -1, -1
0 6 39: 0, 42 0 0, -1, -1
0 6 40: 0, 42 0 0, -1, -1
0 6 41: 0, 42 0 0, -1, -1
0 6 42: 0, 42 0 0, -1, -1
0 6 43: 0, 42 0 0, -1, -1
0 6 44: 0, 42 0 0, -1, -1
0 6 45: 0, 42 0 0, -1, -1
0 6 46: 0, 42 0 0, -1, -1
0 6 47: 0, 42 0 0, -1, -1
0 6 48: 0, 42 0 0, -1, -1
0 6 49: 0, 42 0 0, -1, -1
0 6 50: 0, 42 0 0, -1, -1
0 6 51: 0, 42 0 0, -1, -1
0 6 52: 0, 42 0 0, -1, -1
0 6 53: 0, 42 0 0, -1, -1
0 6 54: 0, 42 0 0, -1, -1
0 6 55: 0, 42 0 0, -1, -1
0 6 56: 0, 42 0 0, -1, -1
0 6 57: 0, 42 0 0, -1, -1
0 6 58: 0, 42 0 0, -1, -1
0 6 59: 0, 42 0 0, -1, -1
0 6 60: 0, 42 0 0, -1, -1
0 6 61: 0, 42 0 0, -1, -1
0 6 62: 0, 42 0 0, -1, -1
0 6 63: 0, 42 0 0, -1, -1
0 7 0: 1, 42 0 0, -1, -1
0 7 1: 1, 42 0 0, -1, -1
0 7 2: 1, 42 0 0, -1, -1
0 7 3: 1, 42 0 0, -1, -1
0 7 4: 1, 42 0 0, -1, -1
0 7 5: 1, 42 0 0, -1, -1
0 7 6: 1, 42 0 0, -1, -1
0 7 7: 1, 42 0 0, -1, -1
0 7 8: 1, 42 0 0, -1, -1
0 7 9: 1, 42 0 0, -1, -1
0 7 10: 1, 42 0 0, -1, -1
0 7 11: 1, 42 0 0, -1, -1
0 7 12: 1, 42 0 0, -1, -1
0 7 13: 1, 42 0 0, -1, -1
0 7 14: 1, 42 0 0, -1, -1
0 7 15: 1, 42 0 0, -1, -1
0 7 16: 1, 42 0 0, -1, -1
0 7 17: 1, 42 0 0, -1, -1
0 7 18: 1, 42 0 0, -1, -1
0 7 19: 1, 42 0 0, -1, -1
0 7 20: 1, 42 0 0, -1, -1
0 7 21: 1, 42 0 0, -1, -1
0 7 22: 1, 42 0 0, -1, -1
0 7 23: 1, 42 0 0, -1, -1
0 7 24: 1, 42 0 0, -1, -1
0 7 25: 1, 42 0 0, -1, -1
0 7 26: 1, 42 0 0, -1, -1
0 7 27: 1, 42 0 0, -1, -1
0 7 28: 1, 42 0 0, -1, -1
0 7 29: 1, 42 0 0, -1, -1
0 7 30: 1, 42 0 0, -1, -1
0 7 31: 0, 42 0 0, -1, -1
0 7 32: 0, 42 0 0, -1, -1
0 7 33: 0, 42 0 0, -1, -1
0 7 34: 0, 42 0 0, -1, -1
0 7 35: 0, 42 0 0, -1, -1
0 7 36: 0, 42 0 0, -1, -1
0 7 37: 0, 42 0 0, -1, -1
0 7 38: 0, 42 0 0, -1, -1
0 7 39: 0, 42 0 0, -1, -1
0 7 40: 0, 42 0 0, -1, -1
0 7 41: 0, 42 0 0, -1, -1
0 7 42: 0, 42 0 0, -1, -1
0 7 43: 0, 42 0 0, -1, -1
0 7 44: 0, 42 0 0, -1, -1
0 7 45: 0, 42 0 0, -1, -1
0 7 46: 0, 42 0 0, -1, -1
0 7 47: 0, 42 0 0, -1, -1
0 7 48: 0, 42 0 0, -1, -1
0 7 49: 0, 42 0 0, -1, -1
0 7 50: 0, 42 0 0, -1, -1
0 7 51: 0, 42 0 0, -1, -1
0 7 52: 0, 42 0 0, -1, -1
0 7 53: 0, 42 0 0, -1, -1
0 7 54: 0, 42 0 0, -1, -1
0 7 55: 0, 42 0 0, -1, -1
0 7 56: 0, 42 0 0, -1, -1
0 7 57: 0, 42 0 0, -1, -1
0 7 58: 0, 42 0 0, -1, -1
0 7 59: 0, 42 0 0, -1, -1
0 7 60: 0, 42 0 0, -1, -1
0 7 61: 0, 42 0 0, -1, -1
0 7 62: 0, 42 0 0, -1, -1
0 7 63: 0, 42 0 0, -1, -1
0 8 0: 1, 42 0 0, -1, -1
0 8 1: 1, 42 0 0, -1, -1
0 8 2: 1, 42 0 0, -1, -1
0 8 3: 1, 42 0 0, -1, -1
0 8 4: 1, 42 0 0, -1, -1
0 8 5: 1, 42 0 0, -1, -1
0 8 6: 1, 42 0 0, -1, -1
0 8 7: 1, 42 0 0, -1, -1
0 8 8: 1, 42 0 0, -1, -1
0 8 9: 1, 42 0 0, -1, -1
0 8 10: 1, 42 0 0, -1, -1
0 8 11: 1, 42 0 0, -1, -1
0 8 12: 1, 42 0 0, -1, -1
0 8 13: 1, 42 0 0, -1, -1
0 8 14: 1, 42 0 0, -1, -1
0 8 15: 1, 42 0 0, -1, -1
0 8 16: 1, 42 0 0, -1, -1
0 8 17: 1, 42 0 0, -1, -1
0 8 18: 1, 42 0 0, -1, -1
0 8 19: 1, 42 0 0, -1, -1
0 8 20: 1, 42 0 0, -1, -1
0 8 21: 1, 42 0 0, -1, -1
0 8 22: 1, 42 0 0, -1, -1
0 8 23: 1, 42 0 0, -1, -1
0 8 24: 1, 42 0 0, -1, -1
0 8 25: 1, 42 0 0, -1, -1
0 8 26: 1, 42 0 0, -1, -1
0 8 27: 1, 42 0 0, -1, -1
0 8 28: 1, 42 0 0, -1, -1
0 8 29: 1, 42 0 0, -1, -1
0 8 30: 1, 42 0 0, -1, -1
0 8 31: 0, 42 0 0, -1, -1
0 8 32: 0, 42 0 0, -1, -1
0 8 33: 0, 42 0 0, -1, -1
0 8 34: 0, 42 0 0, -1, -1
0 8 35: 0, 42 0 0, -1, -1
0 8 36: 0, 42 0 0, -1, -1
0 8 37: 0, 42 0 0, -1, -1
0 8 38: 0, 42 0 0, -1, -1
0 8 39: 0, 42 0 0, -1, -1
0 8 40: 0, 42 0 0, -1, -1
0 8 41: 0, 42 0 0, -1, -1
0 8 42: 0, 42 0 0, -1, -1
0 8 43: 0, 42 0 0, -1, -1
0 8 44: 0, 42 0 0, -1, -1
0 8 45: 0, 42 0 0, -1, -1
0 8 46: 0, 42 0 0, -1, -1
0 8 47: 0, 42 0 0, -1, -1
0 8 48: 0, 42 0 0, -1, -1
0 8 49: 0, 42 0 0, -1, -1
0 8 50: 0, 42 0 0, -1, -1
0 8 51: 0, 42 0 0, -1, -1
0 8 52: 0, 42 0 0, -1, -1
0 8 53: 0, 42 0 0, -1, -1
0 8 54: 0, 42 0 0, -1, -1
0 8 55: 0, 42 0 0, -1, -1
0 8 56: 0, 42 0 0, -1, -1
0 8 57: 0, 42 0 0, -1, -1
0 8 58: 0, 42 0 0, -1, -1
0 8 59: 0, 42 0 0, -1, -1
0 8 60: 0, 42 0 0, -1, -1
0 8 61: 0, 42 0 0, -1, -1
0 8 62: 0, 42 0 0, -1, -1
0 8 63: 0, 42 0 0, -1, -1
0 9 0: 1, 42 0 0, -1, -1
0 9 1: 1, 42 0 0, -1, -1
0 9 2: 1, 42 0 0, -1, -1
0 9 3: 1, 42 0 0, -1, -1
0 9 4: 1, 42 0 0, -1, -1
0 9 5: 1, 42 0 0, -1, -1
0 9 6: 1, 42 0 0, -1, -1
0 9 7: 1, 42 0 0, -1, -1
0 9 8: 1, 42 0 0, -1, -1
0 9 9: 1, 42 0 0, -1, -1
0 9 10: 1, 42 0 0, -1, -1
0 9 11: 1, 42 0 0, -1, -1
0 9 12: 1, 42 0 0, -1, -1
0 9 13: 1, 42 0 0, -1, -1
0 9 14: 1, 42 0 0, -1, -1
0 9 15: 1, 42 0 0, -1, -1
0 9 16: 1, 42 0 0, -1, -1
0 9 17: 1, 42 0 0, -1, -1
0 9 18: 1, 42 0 0, -1, -1
0 9 19: 1, 42 0 0, -1, -1
0 9 20: 1, 42 0 0, -1, -1
0 9 21: 1, 42 0 0, -1, -1
0 9 22: 1, 42 0 0, -1, -1
0 9 23: 1, 42 0 0, -1, -1
0 9 24: 1, 42 0 0, -1, -1
0 9 25: 1, 42 0 0, -1, -1
0 9 26: 1, 42 0 0, -1, -1
0 9 27: 1, 42 0 0, -1, -1
0 9 28: 1, 42 0 0, -1, -1
0 9 29: 1, 42 0 0, -1, -1
0 9 30: 1, 42 0 0, -1, -1
0 9 31: 0, 42 0 0, -1, -1
0 9 32: 0, 42 0 0, -1, -1
0 9 33: 0, 42 0 0, -1, -1
0 9 34: 0, 42 0 0, -1, -1
0 9 35: 0, 42 0 0, -1, -1
0 9 36: 0, 42 0 0, -1, -1
0 9 37: 0, 42 0 0, -1, -1
0 9 38: 0, 42 0 0, -1, -1
0 9 39: 0, 42 0 0, -1, -1
0 9 40: 0, 42 0 0, -1, -1
0 9 41: 0, 42 0 0, -1, -1
0 9 42: 0, 42 0 0, -1, -1
0 9 43: 0, 42 0 0, -1, -1
0 9 44: 0, 42 0 0, -1, -1
0 9 45: 0, 42 0 0, -1, -1
0 9 46: 0, 42 0 0, -1, -1
0 9 47: 0, 42 0 0, -1, -1
0 9 48: 0, 42 0 0, -1, -1
0 9 49: 0, 42 0 0, -1, -1
0 9 50: 0, 42 0 0, -1, -1
0 9 51: 0, 42 0 0, -1, -1
0 9 52: 0, 42 0 0, -1, -1
0 9 53: 0, 42 0 0, -1, -1
0 9 54: 0, 42 0 0, -1, -1
0 9 55: 0, 42 0 0, -1, -1
0 9 56: 0, 42 0 0, -1, -1
0 9 57: 0, 42 0 0, -1, -1
0 9 58: 0, 42 0 0, -1, -1
0 9 59: 0, 42 0 0, -1, -1
0 9 60: 0, 42 0 0, -1, -1
0 9 61: 0, 42 0 0, -1, -1
0 9 62: 0, 42 0 0, -1, -1
0 9 63: 0, 42 0 0, -1, -1
0 10 0: 1, 42 0 0, -1, -1
0 10 1: 1, 42 0 0, -1, -1
0 10 2: 1, 42 0 0, -1, -1
0 10 3: 1, 42 0 0, -1, -1
0 10 4: 1, 42 0 0, -1, -1
0 10 5: 1, 42 0 0, -1, -1
0 10 6: 1, 42 0 0, -1, -1
0 10 7: 1, 42 0 0, -1, -1
0 10 8: 1, 42 0 0, -1, -1
0 10 9: 1, 42 0 0, -1, -1
0 10 10: 1, 42 0 0, -1, -1
0 10 11: 1, 42 0 0, -1, -1
0 10 12: 1, 42 0 0, -1, -1
0 10 13: 1, 42 0 0, -1, -1
0 10 14: 1, 42 0 0, -1, -1
0 10 15: 1, 42 0 0, -1, -1
0 10 16: 1, 42 0 0, -1, -1
0 10 17: 1, 42 0 0, -1, -1
0 10 18: 1, 42 0 0, -1, -1
0 10 19: 1, 42 0 0, -1, -1
0 10 20: 1, 42 0 0, -1, -1
0 10 21: 1, 42 0 0, -1, -1
0 10 22: 1, 42 0 0, -1, -1
0 10 23: 1, 42 0 0, -1, -1
0 10 24: 1, 42 0 0, -1, -1
0 10 25: 1, 42 0 0, -1, -1
0 10 26: 1, 42 0 0, -1, -1
0 10 27: 1, 42 0 0, -1, -1
0 10 28: 1, 42 0 0, -1, -1
0 10 29: 1, 42 0 0, -1, -1
0 10 30: 1, 42 0 0, -1, -1
0 10 31: 0, 42 0 0, -1, -1
0 10 32: 0, 42 0 0, -1, -1
0 10 33: 0, 42 0 0, -1, -1
0 10 34: 0, 42 0 0, -1, -1
0 10 35: 0, 42 0 0, -1, -1
0 10 36: 0, 42 0 0, -1, -1
0 10 37: 0, 42 0 0, -1, -1
0 10 38: 0, 42 0 0, -1, -1
0 10 39: 0, 42 0 0, -1, -1
0 10 40: 0, 42 0 0, -1, -1
0 10 41: 0, 42 0 0, -1, -1
0 10 42: 0, 42 0 0, -1, -1
0 10 43: 0, 42 0 0, -1, -1
0 10 44: 0, 42 0 0, -1, -1
0 10 45: 0, 42 0 0, -1, -1
0 10 46: 0, 42 0 0, -1, -1
0 10 47: 0, 42 0 0, -1, -1
0 10 48: 0, 42 0 0, -1, -1
0 10 49: 0, 42 0 0, -1, -1
0 10 50: 0, 42 0 0, -1, -1
0 10 51: 0, 42 0 0, -1, -1
0 10 52: 0, 42 0 0, -1, -1
0 10 53: 0, 42 0 0, -1, -1
0 10 54: 0, 42 0 0, -1, -1
0 10 55: 0, 42 0 0, -1, -1
0 10 56: 0, 42 0 0, -1, -1
0 10 57: 0, 42 0 0, -1, -1
0 10 58: 0, 42 0 0, -1, -1
0 10 59: 0, 42 0 0, -1, -1
0 10 60: 0, 42 0 0, -1, -1
0 10 61: 0, 42 0 0, -1, -1
0 10 62: 0, 42 0 0, -1, -1
0 10 63: 0, 42 0 0, -1, -1
0 11 0: 1, 42 0 0, -1, -1
0 11 1: 1, 42 0 0, -1, -1
0 11 2: 1, 42 0 0, -1, -1
0 11 3: 1, 42 0 0, -1, -1
0 11 4: 1, 42 0 0, -1, -1
0 11 5: 1, 42 0 0, -1, -1
0 11 6: 1, 42 0 0, -1, -1
0 11 7: 1, 42 0 0, -1, -1
0 11 8: 1, 42 0 0, -1, -1
0 11 9: 1, 42 0 0, -1, -1
0 11 10: 1, 42 0 0, -1, -1
0 11 11: 1, 42 0 0, -1, -1
0 11 12: 1, 42 0 0, -1, -1
0 11 13: 1, 42 0 0, -1, -1
0 11 14: 1, 42 0 0, -1, -1
0 11 15: 1, 42 0 0, -1, -1
0 11 16: 1, 42 0 0, -1, -1
0 11 17: 1, 42 0 0, -1, -1
0 11 18: 1, 42 0 0, -1, -1
0 11 19: 1, 42 0 0, -1, -1
0 11 20: 1, 42 0 0, -1, -1
0 11 21: 1, 42 0 0, -1, -1
0 11 22: 1, 42 0 0, -1, -1
0 11 23: 1, 42 0 0, -1, -1
0 11 24: 1, 42 0 0, -1, -1
0 11 25: 1, 42 0 0, -1, -1
0 11 26: 1, 42 0 0, -1, -1
0 11 27: 1, 42 0 0, -1, -1
0 11 28: 1, 42 0 0, -1, -1
0 11 29: 1, 42 0 0, -1, -1
0 11 30: 1, 42 0 0, -1, -1
0 11 31: 0, 42 0 0, -1, -1
0 11 32: 0, 42 0 0, -1, -1
0 11 33: 0, 42 0 0, -1, -1
0 11 34: 0, 42 0 0, -1, -1
0 11 35: 0, 42 0 0, -1, -1
0 11 36: 0, 42 0 0, -1, -1
0 11 37: 0, 42 0 0, -1, -1
0 11 38: 0, 42 0 0, -1, -1
0 11 39: 0, 42 0 0, -1, -1
0 11 40: 0, 42 0 0, -1, -1
0 11 41: 0, 42 0 0, -1, -1
0 11 42: 0, 42 0 0, -1, -1
0 11 43: 0, 42 0 0, -1, -1
0 11 44: 0, 42 0 0, -1, -1
0 11 45: 0, 42 0 0, -1, -1
0 11 46: 0, 42 0 0, -1, -1
0 11 47: 0, 42 0 0, -1, -1
0 11 48: 0, 42 0 0, -1, -1
0 11 49: 0, 42 0 0, -1, -1
0 11 50: 0, 42 0 0, -1, -1
0 11 51: 0, 42 0 0, -1, -1
0 11 52: 0, 42 0 0, -1, -1
0 11 53: 0, 42 0 0, -1, -1
0 11 54: 0, 42 0 0, -1, -1
0 11 55: 0, 42 0 0, -1, -1
0 11 56: 0, 42 0 0, -1, -1
0 11 57: 0, 42 0 0, -1, -1
0 11 58: 0, 42 0 0, -1, -1
0 11 59: 0, 42 0 0, -1, -1
0 11 60: 0, 42 0 0, -1, -1
0 11 61: 0, 42 0 0, -1, -1
0 11 62: 0, 42 0 0, -1, -1
0 11 63: 0, 42 0 0, -1, -1
0 12 0: 1, 42 0 0, -1, -1
0 12 1: 1, 42 0 0, -1, -1
0 12 2: 1, 42 0 0, -1, -1
0 12 3: 1, 42 0 0, -1, -1
0 12 4: 1, 42 0 0, -1, -1
0 12 5: 1, 42 0 0, -1, -1
0 12 6: 1, 42 0 0, -1, -1
0 12 7: 1, 42 0 0, -1, -1
0 12 8: 1, 42 0 0, -1, -1
0 12 9: 1, 42 0 0, -1, -1
0 12 10: 1, 42 0 0, -1, -1
0 12 11: 1, 42 0 0, -1, -1
0 12 12: 1, 42 0 0, -1, -1
0 12 13: 1, 42 0 0, -1, -1
0 12 14: 1, 42 0 0, -1, -1
0 12 15: 1, 42 0 0, -1, -1
0 12 16: 1, 42 0 0, -1, -1
0 12 17: 1, 42 0 0, -1, -1
0 12 18: 1, 42 0 0, -1, -1
0 12 19: 1, 42 0 0, -1, -1
0 12 20: 1, 42 0 0, -1, -1
0 12 21: 1, 42 0 0, -1, -1
0 12 22: 1, 42 0 0, -1, -1
0 12 23: 1, 42 0 0, -1, -1
0 12 24: 1, 42 0 0, -1, -1
0 12 25: 1, 42 0 0, -1, -1
0 12 26: 1, 42 0 0, -1, -1
0 12 27: 1, 42 0 0, -1, -1
0 12 28: 1, 42 0 0, -1, -1
0 12 29: 1, 42 0 0, -1, -1
0 12 30: 1, 42 0 0, -1, -1
0 12 31: 0, 42 0 0, -1, -1
0 12 32: 0, 42 0 0, -1, -1
0 12 33: 0, 42 0 0, -1, -1
0 12 34: 0, 42 0 0, -1, -1
0 12 35: 0, 42 0 0, -1, -1
0 12 36: 0, 42 0 0, -1, -1
0 12 37: 0, 42 0 0, -1, -1
0 12 38: 0, 42 0 0, -1, -1
0 12 39: 0, 42 0 0, -1, -1
0 12 40: 0, 42 0 0, -1, -1
0 12 41: 0, 42 0 0, -1, -1
0 12 42: 0, 42 0 0, -1, -1
0 12 43: 0, 42 0 0, -1, -1
0 12 44: 0, 42 0 0, -1, -1
0 12 45: 0, 42 0 0, -1, -1
0 12 46: 0, 42 0 0, -1, -1
0 12 47: 0, 42 0 0, -1, -1
0 12 48: 0, 42 0 0, -1, -1
0 12 49: 0, 42 0 0, -1, -1
0 12 50: 0, 42 0 0, -1, -1
0 12 51: 0, 42 0 0, -1, -1
0 12 52: 0, 42 0 0, -1, -1
0 12 53: 0, 42 0 0, -1, -1
0 12 54: 0, 42 0 0, -1, -1
0 12 55: 0, 42 0 0, -1, -1
0 12 56: 0, 42 0 0, -1, -1
0 12 57: 0, 42 0 0, -1, -1
0 12 58: 0, 42 0 0, -1, -1
0 12 59: 0, 42 0 0, -1, -1
0 12 60: 0, 42 0 0, -1, -1
0 12 61: 0, 42 0 0, -1, -1
0 12 62: 0, 42 0 0, -1, -1
0 12 63: 0, 42 0 0, -1, -1
0 13 0: 1, 42 0 0, -1, -1
0 13 1: 1, 42 0 0, -1, -1
0 13 2: 1, 42 0 0, -1, -1
0 13 3: 1, 42 0 0, -1, -1
0 13 4: 1, 42 0 0, -1, -1
0 13 5: 1, 42 0 0, -1, -1
0 13 6: 1, 42 0 0, -1, -1
0 13 7: 1, 42 0 0, -1, -1
0 13 8: 1, 42 0 0, -1, -1
0 13 9: 1, 42 0 0, -1, -1
0 13 10: 1, 42 0 0, -1, -1
0 13 11: 1, 42 0 0, -1, -1
0 13 12: 1, 42 0 0, -1, -1
0 13 13: 1, 42 0 0, -1, -1
0 13 14: 1, 42 0 0, -1, -1
0 13 15: 1, 42 0 0, -1, -1
0 13 16: 1, 42 0 0, -1, -1
0 13 17: 1, 42 0 0, -1, -1
0 13 18: 1, 42 0 0, -1, -1
0 13 19: 1, 42 0 0, -1, -1
0 13 20: 1, 42 0 0, -1, -1
0 13 21: 1, 42 0 0, -1, -1
0 13 22: 1, 42 0 0, -1, -1
0 13 23: 1, 42 0 0, -1, -1
0 13 24: 1, 42 0 0, -1, -1
0 13 25: 1, 42 0 0, -1, -1
0 13 26: 1, 42 0 0, -1, -1
0 13 27: 1, 42 0 0, -1, -1
0 13 28: 1, 42 0 0, -1, -1
0 13 29: 1, 42 0 0, -1, -1
0 13 30: 1, 42 0 0, -1, -1
0 13 31: 0, 42 0 0, -1, -1
0 13 32: 0, 42 0 0, -1, -1
0 13 33: 0, 42 0 0, -1, -1
0 13 34: 0, 42 0 0, -1, -1
0 13 35: 0, 42 0 0, -1, -1
0 13 36: 0, 42 0 0, -1, -1
0 13 37: 0, 42 0 0, -1, -1
0 13 38: 0, 42 0 0, -1, -1
0 13 39: 0, 42 0 0, -1, -1
0 13 40: 0, 42 0 0, -1, -1
0 13 41: 0, 42 0 0, -1, -1
0 13 42: 0, 42 0 0, -1, -1
0 13 43: 0, 42 0 0, -1, -1
0 13 44: 0, 42 0 0, -1, -1
0 13 45: 0, 42 0 0, -1, -1
0 13 46: 0, 42 0 0, -1, -1
0 13 47: 0, 42 0 0, -1, -1
0 13 48: 0, 42 0 0, -1, -1
0 13 49: 0, 42 0 0, -1, -1
0 13 50: 0, 42 0 0, -1, -1
0 13 51: 0, 42 0 0, -1, -1
0 13 52: 0, 42 0 0, -1, -1
0 13 53: 0, 42 0 0, -1, -1
0 13 54: 0, 42 0 0, -1, -1
0 13 55: 0, 42 0 0, -1, -1
0 13 56: 0, 42 0 0, -1, -1
0 13 57: 0, 42 0 0, -1, -1
0 13 58: 0, 42 0 0, -1, -1
0 13 59: 0, 42 0 0, -1, -1
0 13 60: 0, 42 0 0, -1, -1
0 13 61: 0, 42 0 0, -1, -1
0 13 62: 0, 42 0 0, -1, -1
0 13 63: 0, 42 0 0, -1, -1
0 14 0: 1, 42 0 0, -1, -1
0 14 1: 1, 42 0 0, -1, -1
0 14 2: 1, 42 0 0, -1, -1
0 14 3: 1, 42 0 0, -1, -1
0 14 4: 1, 42 0 0, -1, -1
0 14 5: 1, 42 0 0, -1, -1
0 14 6: 1, 42 0 0, -1, -1
0 14 7: 1, 42 0 0, -1, -1
0 14 8: 1, 42 0 0, -1, -1
0 14 9: 1, 42 0 0, -1, -1
0 14 10: 1, 42 0 0, -1, -1
0 14 11: 1, 42 0 0, -1, -1
0 14 12: 1, 42 0 0, -1, -1
0 14 13: 1, 42 0 0, -1, -1
0 14 14: 1, 42 0 0, -1, -1
0 14 15: 1, 42 0 0, -1, -1
0 14 16: 1, 42 0 0, -1, -1
0 14 17: 1, 42 0 0, -1, -1
0 14 18: 1, 42 0 0, -1, -1
0 14 19: 1, 42 0 0, -1, -1
0 14 20: 1, 42 0 0, -1, -1
0 14 21: 1, 42 0 0, -1, -1
0 14 22: 1, 42 0 0, -1, -1
0 14 23: 1, 42 0 0, -1, -1
0 14 24: 1, 42 0 0, -1, -1
0 14 25: 1, 42 0 0, -1, -1
0 14 26: 1, 42 0 0, -1, -1
0 14 27: 1, 42 0 0, -1, -1
0 14 28: 1, 42 0 0, -1, -1
0 14 29: 1, 42 0 0, -1, -1
0 14 30: 1, 42 0 0, -1, -1
0 14 31: 0, 42 0 0, -1, -1
0 14 32: 0, 42 0 0, -1, -1
0 14 33: 0, 42 0 0, -1, -1
0 14 34: 0, 42 0 0, -1, -1
0 14 35: 0, 42 0 0, -1, -1
0 14 36: 0, 42 0 0, -1, -1
0 14 37: 0, 42 0 0, -1, -1
0 14 38: 0, 42 0 0, -1, -1
0 14 39: 0, 42 0 0, -1, -1
0 14 40: 0, 42 0 0, -1, -1
0 14 41: 0, 42 0 0, -1, -1
0 14 42: 0, 42 0 0, -1, -1
0 14 43: 0, 42 0 0, -1, -1
0 14 44: 0, 42 0 0, -1, -1
0 14 45: 0, 42 0 0, -1, -1
0 14 46: 0, 42 0 0, -1, -1
0 14 47: 0, 42 0 0, -1, -1
0 14 48: 0, 42 0 0, -1, -1
0 14 49: 0, 42 0 0, -1, -1
0 14 50: 0, 42 0 0, -1, -1
0 14 51: 0, 42 0 0, -1, -1
0 14 52: 0, 42 0 0, -1, -1
0 14 53: 0, 42 0 0, -1, -1
0 14 54: 0, 42 0 0, -1, -1
0 14 55: 0, 42 0 0, -1, -1
0 14 56: 0, 42 0 0, -1, -1
0 14 57: 0, 42 0 0, -1, -1
0 14 58: 0, 42 0 0, -1, -1
0 14 59: 0, 42 0 0, -1, -1
0 14 60: 0, 42 0 0, -1, -1
0 14 61: 0, 42 0 0, -1, -1
0 14 62: 0, 42 0 0, -1, -1
0 14 63: 0, 42 0 0, -1, -1
0 15 0: 1, 42 0 0, -1, -1
0 15 1: 1, 42 0 0, -1, -1
0 15 2: 1, 42 0 0, -1, -1
0 15 3: 1, 42 0 0, -1, -1
0 15 4: 1, 42 0 0, -1, -1
0 15 5: 1, 42 0 0, -1, -1
0 15 6: 1, 42 0 0, -1, -1
0 15 7: 1, 42 0 0, -1, -1
0 15 8: 1, 42 0 0, -1, -1
0 15 9: 1, 42 0 0, -1, -1
0 15 10: 1, 42 0 0, -1, -1
0 15 11: 1, 42 0 0, -1, -1
0 15 12: 1, 42 0 0, -1, -1
0 15 13: 1, 42 0 0, -1, -1
0 15 14: 1, 42 0 0, -1, -1
0 15 15: 1, 42 0 0, -1, -1
0 15 16: 1, 42 0 0, -1, -1
0 15 17: 1, 42 0 0, -1, -1
0 15 18: 1, 42 0 0, -1, -1
0 15 19: 1, 42 0 0, -1, -1
0 15 20: 1, 42 0 0, -1, -1
0 15 21: 1, 42 0 0, -1, -1
0 15 22: 1, 42 0 0, -1, -1
0 15 23: 1, 42 0 0, -1, -1
0 15 24: 1, 42 0 0, -1, -1
0 15 25: 1, 42 0 0, -1, -1
0 15 26: 1, 42 0 0, -1, -1
0 15 27: 1, 42 0 0, -1, -1
0 15 28: 1, 42 0 0, -1, -1
0 15 29: 1, 42 0 0, -1, -1
0 15 30: 1, 42 0 0, -1, -1
0 15 31: 0, 42 0 0, -1, -1
0 15 32: 0, 42 0 0, -1, -1
0 15 33: 0, 42 0 0, -1, -1
0 15 34: 0, 42 0 0, -1, -1
0 15 35: 0, 42 0 0, -1, -1
0 15 36: 0, 42 0 0, -1, -1
0 15 37: 0, 42 0 0, -1, -1
0 15 38: 0, 42 0 0, -1, -1
0 15 39: 0, 42 0 0, -1, -1
0 15 40: 0, 42 0 0, -1, -1
0 15 41: 0, 42 0 0, -1, -1
0 15 42: 0, 42 0 0, -1, -1
0 15 43: 0, 42 0 0, -1, -1
0 15 44: 0, 42 0 0, -1, -1
0 15 45: 0, 42 0 0, -1, -1
0 15 46: 0, 42 0 0, -1, -1
0 15 47: 0, 42 0 0, -1, -1
0 15 48: 0, 42 0 0, -1, -1
0 15 49: 0, 42 0 0, -1, -1
0 15 50: 0, 42 0 0, -1, -1
0 15 51: 0, 42 0 0, -1, -1
0 15 52: 0, 42 0 0, -1, -1
0 15 53: 0, 42 0 0, -1, -1
0 15 54: 0, 42 0 0, -1, -1
0 15 55: 0, 42 0 0, -1, -1
0 15 56: 0, 42 0 0, -1, -1
0 15 57: 0, 42 0 0, -1, -1
0 15 58: 0, 42 0 0, -1, -1
0 15 59: 0, 42 0 0, -1, -1
0 15 60: 0, 42 0 0, -1, -1
0 15 61: 0, 42 0 0, -1, -1
0 15 62: 0, 42 0 0, -1, -1
0 15 63: 0, 42 0 0, -1, -1
0 16 0: 1, 42 0 0, -1, -1
0 16 1: 1, 42 0 0, -1, -1
0 16 2: 1, 42 0 0, -1, -1
0 16 3: 1, 42 0 0, -1, -1
0 16 4: 1, 42 0 0, -1, -1
0 16 5: 1, 42 0 0, -1, -1
0 16 6: 1, 42 0 0, -1, -1
0 16 7: 1, 42 0 0, -1, -1
0 16 8: 1, 42 0 0, -1, -1
0 16 9: 1, 42 0 0, -1, -1
0 16 10: 1, 42 0 0, -1, -1
0 16 11: 1, 42 0 0, -1, -1
0 16 12: 1, 42 0 0, -1, -1
0 16 13: 1, 42 0 0, -1, -1
0 16 14: 1, 42 0 0, -1, -1
0 16 15: 1, 42 0 0, -1, -1
0 16 16: 1, 42 0 0, -1, -1
0 16 17: 1, 42 0 0, -1, -1
0 16 18: 1, 42 0 0, -1, -1
0 16 19: 1, 42 0 0, -1, -1
0 16 20: 1, 42 0 0, -1, -1
0 16 21: 1, 42 0 0, -1, -1
0 16 22: 1, 42 0 0, -1, -1
0 16 23: 1, 42 0 0, -1, -1
0 16 24: 1, 42 0 0, -1, -1
0 16 25: 1, 42 0 0, -1, -1
0 16 26: 1, 42 0 0, -1, -1
0 16 27: 1, 42 0 0, -1, -1
0 16 28: 1, 42 0 0, -1, -1
0 16 29: 1, 42 0 0, -1, -1
0 16 30: 1, 42 0 0, -1, -1
0 16 31: 0, 42 0 0, -1, -1
0 16 32: 0, 42 0 0, -1, -1
0 16 33: 0, 42 0 0, -1, -1
0 16 34: 0, 42 0 0, -1, -1
0 16 35: 0, 42 0 0, -1, -1
0 16 36: 0, 42 0 0, -1, -1
0 16 37: 0, 42 0 0, -1, -1
0 16 38: 0, 42 0 0, -1, -1
0 16 39: 0, 42 0 0, -1, -1
0 16 40: 0, 42 0 0, -1, -1
0 16 41: 0, 42 0 0, -1, -1
0 16 42: 0, 42 0 0, -1, -1
0 16 43: 0, 42 0 0, -1, -1
0 16 44: 0, 42 0 0, -1, -1
0 16 45: 0, 42 0 0, -1, -1
0 16 46: 0, 42 0 0, -1, -1
0 16 47: 0, 42 0 0, -1, -1
0 16 48: 0, 42 0 0, -1, -1
0 16 49: 0, 42 0 0, -1, -1
0 16 50: 0, 42 0 0, -1, -1
0 16 51: 0, 42 0 0, -1, -1
0 16 52: 0, 42 0 0, -1, -1
0 16 53: 0, 42 0 0, -1, -1
0 16 54: 0, 42 0 0, -1, -1
0 16 55: 0, 42 0 0, -1, -1
0 16 56: 0, 42 0 0, -1, -1
0 16 57: 0, 42 0 0, -1, -1
0 16 58: 0, 42 0 0, -1, -1
0 16 59: 0, 42 0 0, -1, -1
0 16 60: 0, 42 0 0, -1, -1
0 16 61: 0, 42 0 0, -1, -1
0 16 62: 0, 42 0 0, -1, -1
0 16 63: 0, 42 0 0, -1, -1
0 17 0: 1, -1 -1 -1, -1, -1
0 17 1: 1, -1 -1 -1, -1, -1
0 17 2: 1, -1 -1 -1, -1, -1
0 17 3: 1, -1 -1 -1, -1, -1
0 17 4: 1, -1 -1 -1, -1, -1
0 17 5: 1, -1 -1 -1, -1, -1
0 17 6: 1, -1 -1 -1, -1, -1
0 17 7: 1, -1 -1 -1, -1, -1
0 17 8: 1, -1 -1 -1, -1, -1
0 17 9: 1, -1 -1 -1, -1, -1
0 17 10: 1, -1 -1 -1, -1, -1
0 17 11: 1, -1 -1 -1, -1, -1
0 17 12: 1, -1 -1 -1, -1, -1
0 17 13: 1, -1 -1 -1, -1, -1
0 17 14: 1, -1 -1 -1, -1, -1
0 17 15: 1, -1 -1 -1, -1, -1
0 17 16: 1, -1 -1 -1, -1, -1
0 17 17: 1, -1 -1 -1, -1, -1
0 17 18: 1, -1 -1 -1, -1, -1
0 17 19: 1, -1 -1 -1, -1, -1
0 17 20: 1, -1 -1 -1, -1, -1
0 17 21: 1, -1 -1 -1, -1, -1
0 17 22: 1, -1 -1 -1, -1, -1
0 17 23: 1, -1 -1 -1, -1, -1
0 17 24: 1, -1 -1 -1, -1, -1
0 17 25: 1, -1 -1 -1, -1, -1
0 17 26: 1, -1 -1 -1, -1, -1
0 17 27: 1, -1 -1 -1, -1, -1
0 17 28: 1, -1 -1 -1, -1, -1
0 17 29: 1, -1 -1 -1, -1, -1
0 17 30: 1, -1 -1 -1, -1, -1
0 18 0: 1, -1 -1 -1, -1, -1
0 18 1: 1, -1 -1 -1, -1, -1
0 18 2: 1, -1 -1 -1, -1, -1
0 18 3: 1, -1 -1 -1, -1, -1
0 18 4: 1, -1 -1 -1, -1, -1
0 18 5: 1, -1 -1 -1, -1, -1
0 18 6: 1, -1 -1 -1, -1, -1
0 18 7: 1, -1 -1 -1, -1, -1
0 18 8: 1, -1 -1 -1, -1, -1
0 18 9: 1, -1 -1 -1, -1, -1
0 18 10: 1, -1 -1 -1, -1, -1
0 18 11: 1, -1 -1 -1, -1, -1
0 18 12: 1, -1 -1 -1, -1, -1
0 18 13: 1, -1 -1 -1, -1, -1
0 18 14: 1, -1 -1 -1, -1, -1
0 18 15: 1, -1 -1 -1, -1, -1
0 18 16: 1, -1 -1 -1, -1, -1
0 18 17: 1, -1 -1 -1, -1, -1
0 18 18: 1, -1 -1 -1, -1, -1
0 18 19: 1, -1 -1 -1, -1, -1
0 18 20: 1, -1 -1 -1, -1, -1
0 18 21: 1, -1 -1 -1, -1, -1
0 18 22: 1, -1 -1 -1, -1, -1
0 18 23: 1, -1 -1 -1, -1, -1
0 18 24: 1, -1 -1 -1, -1, -1
0 18 25: 1, -1 -1 -1, -1, -1
0 18 26: 1, -1 -1 -1, -1, -1
0 18 27: 1, -1 -1 -1, -1, -1
0 18 28: 1, -1 -1 -1, -1, -1
0 18 29: 1, -1 -1 -1, -1, -1
0 18 30: 1, -1 -1 -1, -1, -1
0 19 0: 1, -1 -1 -1, -1, -1
0 19 1: 1, -1 -1 -1, -1, -1
0 19 2: 1, -1 -1 -1, -1, -1
0 19 3: 1, -1 -1 -1, -1, -1
0 19 4: 1, -1 -1 -1, -1, -1
0 19 5: 1, -1 -1 -1, -1, -1
0 19 6: 1, -1 -1 -1, -1, -1
0 19 7: 1, -1 -1 -1, -1, -1
0 19 8: 1, -1 -1 -1, -1, -1
0 19 9: 1, -1 -1 -1, -1, -1
0 19 10: 1, -1 -1 -1, -1, -1
0 19 11: 1, -1 -1 -1, -1, -1
0 19 12: 1, -1 -1 -1, -1, -1
0 19 13: 1, -1 -1 -1, -1, -1
0 19 14: 1, -1 -1 -1, -1, -1
0 19 15: 1, -1 -1 -1, -1, -1
0 19 16: 1, -1 -1 -1, -1, -1
0 19 17: 1, -1 -1 -1, -1, -1
0 19 18: 1, -1 -1 -1, -1, -1
0 19 19: 1, -1 -1 -1, -1, -1
0 19 20: 1, -1 -1 -1, -1, -1
0 19 21: 1, -1 -1 -1, -1, -1
0 19 22: 1, -1 -1 -1, -1, -1
0 19 23: 1, -1 -1 -1, -1, -1
0 19 24: 1, -1 -1 -1, -1, -1
0 19 25: 1, -1 -1 -1, -1, -1
0 19 26: 1, -1 -1 -1, -1, -1
0 19 27: 1, -1 -1 -1, -1, -1
0 19 28: 1, -1 -1 -1, -1, -1
0 19 29: 1, -1 -1 -1, -1, -1
0 19 30: 1, -1 -1 -1, -1, -1
0 20 0: 1, -1 -1 -1, -1, -1
0 20 1: 1, -1 -1 -1, -1, -1
0 20 2: 1, -1 -1 -1, -1, -1
0 20 3: 1, -1 -1 -1, -1, -1
0 20 4: 1, -1 -1 -1, -1, -1
0 20 5: 1, -1 -1 -1, -1, -1
0 20 6: 1, -1 -1 -1, -1, -1
0 20 7: 1, -1 -1 -1, -1, -1
0 20 8: 1, -1 -1 -1, -1, -1
0 20 9: 1, -1 -1 -1, -1, -1
0 20 10: 1, -1 -1 -1, -1, -1
0 20 11: 1, -1 -1 -1, -1, -1
0 20 12: 1, -1 -1 -1, -1, -1
0 20 13: 1, -1 -1 -1, -1, -1
0 20 14: 1, -1 -1 -1, -1, -1
0 20 15: 1, -1 -1 -1, -1, -1
0 20 16: 1, -1 -1 -1, -1, -1
0 20 17: 1, -1 -1 -1, -1, -1
0 20 18: 1, -1 -1 -1, -1, -1
0 20 19: 1, -1 -1 -1, -1, -1
0 20 20: 1, -1 -1 -1, -1, -1
0 20 21: 1, -1 -1 -1, -1, -1
0 20 22: 1, -1 -1 -1, -1, -1
0 20 23: 1, -1 -1 -1, -1, -1
0 20 24: 1, -1 -1 -1, -1, -1
0 20 25: 1, -1 -1 -1, -1, -1
0 20 26: 1, -1 -1 -1, -1, -1
0 20 27: 1, -1 -1 -1, -1, -1
0 20 28: 1, -1 -1 -1, -1, -1
0 20 29: 1, -1 -1 -1, -1, -1
0 20 30: 1, -1 -1 -1, -1, -1
0 21 0: 1, -1 -1 -1, -1, -1
0 21 1: 1, -1 -1 -1, -1, -1
0 21 2: 1, -1 -1 -1, -1, -1
0 21 3: 1, -1 -1 -1, -1, -1
0 21 4: 1, -1 -1 -1, -1, -1
0 21 5: 1, -1 -1 -1, -1, -1
0 21 6: 1, -1 -1 -1, -1, -1
0 21 7: 1, -1 -1 -1, -1, -1
0 21 8: 1, -1 -1 -1, -1, -1
0 21 9: 1, -1 -1 -1, -1, -1
0 21 10: 1, -1 -1 -1, -1, -1
0 21 11: 1, -1 -1 -1, -1, -1
0 21 12: 1, -1 -1 -1, -1, -1
0 21 13: 1, -1 -1 -1, -1, -1
0 21 14: 1, -1 -1 -1, -1, -1
0 21 15: 1, -1 -1 -1, -1, -1
0 21 16: 1, -1 -1 -1, -1, -1
0 21 17: 1, -1 -1 -1, -1, -1
0 21 18: 1, -1 -1 -1, -1, -1
0 21 19: 1, -1 -1 -1, -1, -1
0 21 20: 1, -1 -1 -1, -1, -1
0 21 21: 1, -1 -1 -1, -1, -1
0 21 22: 1, -1 -1 -1, -1, -1
0 21 23: 1, -1 -1 -1, -1, -1
0 21 24: 1, -1 -1 -1, -1, -1
0 21 25: 1, -1 -1 -1, -1, -1
0 21 26: 1, -1 -1 -1, -1, -1
0 21 27: 1, -1 -1 -1, -1, -1
0 21 28: 1, -1 -1 -1, -1, -1
0 21 29: 1, -1 -1 -1, -1, -1
0 21 30: 1, -1 -1 -1, -1, -1
0 22 0: 1, -1 -1 -1, -1, -1
0 22 1: 1, -1 -1 -1, -1, -1
0 22 2: 1, -1 -1 -1, -1, -1
0 22 3: 1, -1 -1 -1, -1, -1
0 22 4: 1, -1 -1 -1, -1, -1
0 22 5: 1, -1 -1 -1, -1, -1
0 22 6: 1, -1 -1 -1, -1, -1
0 22 7: 1, -1 -1 -1, -1, -1
0 22 8: 1, -1 -1 -1, -1, -1
0 22 9: 1, -1 -1 -1, -1, -1
0 22 10: 1, -1 -1 -1, -1, -1
0 22 11: 1, -1 -1 -1, -1, -1
0 22 12: 1, -1 -1 -1, -1, -1
0 22 13: 1, -1 -1 -1, -1, -1
0 22 14: 1, -1 -1 -1, -1, -1
0 22 15: 1, -1 -1 -1, -1, -1
0 22 16: 1, -1 -1 -1, -1, -1
0 22 17: 1, -1 -1 -1, -1, -1
0 22 18: 1, -1 -1 -1, -1, -1
0 22 19: 1, -1 -1 -1, -1, -1
0 22 20: 1, -1 -1 -1, -1, -1
0 22 21: 1, -1 -1 -1, -1, -1
0 22 22: 1, -1 -1 -1, -1, -1
0 22 23: 1, -1 -1 -1, -1, -1
0 22 24: 1, -1 -1 -1, -1, -1
0 22 25: 1, -1 -1 -1, -1, -1
0 22 26: 1, -1 -1 -1, -1, -1
0 22 27: 1, -1 -1 -1, -1, -1
0 22 28: 1, -1 -1 -1, -1, -1
0 22 29: 1, -1 -1 -1, -1, -1
0 22 30: 1, -1 -1 -1, -1, -1
0 23 0: 1, -1 -1 -1, -1, -1
0 23 1: 1, -1 -1 -1, -1, -1
0 23 2: 1, -1 -1 -1, -1, -1
0 23 3: 1, -1 -1 -1, -1, -1
0 23 4: 1, -1 -1 -1, -1, -1
0 23 5: 1, -1 -1 -1, -1, -1
0 23 6: 1, -1 -1 -1, -1, -1
0 23 7: 1, -1 -1 -1, -1, -1
0 23 8: 1, -1 -1 -1, -1, -1
0 23 9: 1, -1 -1 -1, -1, -1
0 23 10: 1, -1 -1 -1, -1, -1
0 23 11: 1, -1 -1 -1, -1, -1
0 23 12: 1, -1 -1 -1, -1, -1
0 23 13: 1, -1 -1 -1, -1, -1
0 23 14: 1, -1 -1 -1, -1, -1
0 23 15: 1, -1 -1 -1, -1, -1
0 23 16: 1, -1 -1 -1, -1, -1
0 23 17: 1, -1 -1 -1, -1, -1
0 23 18: 1, -1 -1 -1, -1, -1
0 23 19: 1, -1 -1 -1, -1, -1
0 23 20: 1, -1 -1 -1, -1, -1
0 23 21: 1, -1 -1 -1, -1, -1
0 23 22: 1, -1 -1 -1, -1, -1
0 23 23: 1, -1 -1 -1, -1, -1
0 23 24: 1, -1 -1 -1, -1, -1
0 23 25: 1, -1 -1 -1, -1, -1
0 23 26: 1, -1 -1 -1, -1, -1
0 23 27: 1, -1 -1 -1, -1, -1
0 23 28: 1, -1 -1 -1, -1, -1
0 23 29: 1, -1 -1 -1, -1, -1
0 23 30: 1, -1 -1 -1, -1, -1
0 24 0: 1, -1 -1 -1, -1, -1
0 24 1: 1, -1 -1 -1, -1, -1
0 24 2: 1, -1 -1 -1, -1, -1
0 24 3: 1, -1 -1 -1, -1, -1
0 24 4: 1, -1 -1 -1, -1, -1
0 24 5: 1, -1 -1 -1, -1, -1
0 24 6: 1, -1 -1 -1, -1, -1
0 24 7: 1, -1 -1 -1, -1, -1
0 24 8: 1, -1 -1 -1, -1, -1
0 24 9: 1, -1 -1 -1, -1, -1
0 24 10: 1, -1 -1 -1, -1, -1
0 24 11: 1, -1 -1 -1, -1, -1
0 24 12: 1, -1 -1 -1, -1, -1
0 24 13: 1, -1 -1 -1, -1, -1
0 24 14: 1, -1 -1 -1, -1, -1
0 24 15: 1, -1 -1 -1, -1, -1
0 24 16: 1, -1 -1 -1, -1, -1
0 24 17: 1, -1 -1 -1, -1, -1
0 24 18: 1, -1 -1 -1, -1, -1
0 24 19: 1, -1 -1 -1, -1, -1
0 24 20: 1, -1 -1 -1, -1, -1
0 24 21: 1, -1 -1 -1, -1, -1
0 24 22: 1, -1 -1 -1, -1, -1
0 24 23: 1, -1 -1 -1, -1, -1
0 24 24: 1, -1 -1 -1, -1, -1
0 24 25: 1, -1 -1 -1, -1, -1
0 24 26: 1, -1 -1 -1, -1, -1
0 24 27: 1, -1 -1 -1, -1, -1
0 24 28: 1, -1 -1 -1, -1, -1
0 24 29: 1, -1 -1 -1, -1, -1
0 24 30: 1, -1 -1 -1, -1, -1
0 25 0: 1, -1 -1 -1, -1, -1
0 25 1: 1, -1 -1 -1, -1, -1
0 25 2: 1, -1 -1 -1, -1, -1
0 25 3: 1, -1 -1 -1, -1, -1
0 25 4: 1, -1 -1 -1, -1, -1
0 25 5: 1, -1 -1 -1, -1, -1
0 25 6: 1, -1 -1 -1, -1, -1
0 25 7: 1, -1 -1 -1, -1, -1
0 25 8: 1, -1 -1 -1, -1, -1
0 25 9: 1, -1 -1 -1, -1, -1
0 25 10: 1, -1 -1 -1, -1, -1
0 25 11: 1, -1 -1 -1, -1, -1
0 25 12: 1, -1 -1 -1, -1, -1
0 25 13: 1, -1 -1 -1, -1, -1
0 25 14: 1, -1 -1 -1, -1, -1
0 25 15: 1, -1 -1 -1, -1, -1
0 25 16: 1, -1 -1 -1, -1, -1
0 25 17: 1, -1 -1 -1, -1, -1
0 25 18: 1, -1 -1 -1, -1, -1
0 25 19: 1, -1 -1 -1, -1, -1
0 25 20: 1, -1 -1 -1, -1, -1
0 25 21: 1, -1 -1 -1, -1, -1
0 25 22: 1, -1 -1 -1, -1, -1
0 25 23: 1, -1 -1 -1, -1, -1
0 25 24: 1, -1 -1 -1, -1, -1
0 25 25: 1, -1 -1 -1, -1, -1
0 25 26: 1, -1 -1 -1, -1, -1
0 25 27: 1, -1 -1 -1, -1, -1
0 25 28: 1, -1 -1 -1, -1, -1
0 25 29: 1, -1 -1 -1, -1, -1
0 25 30: 1, -1 -1 -1, -1, -1
0 26 0: 1, -1 -1 -1, -1, -1
0 26 1: 1, -1 -1 -1, -1, -1
0 26 2: 1, -1 -1 -1, -1, -1
0 26 3: 1, -1 -1 -1, -1, -1
0 26 4: 1, -1 -1 -1, -1, -1
0 26 5: 1, -1 -1 -1, -1, -1
0 26 6: 1, -1 -1 -1, -1, -1
0 26 7: 1, -1 -1 -1, -1, -1
0 26 8: 1, -1 -1 -1, -1, -1
0 26 9: 1, -1 -1 -1, -1, -1
0 26 10: 1, -1 -1 -1, -1, -1
0 26 11: 1, -1 -1 -1, -1, -1
0 26 12: 1, -1 -1 -1, -1, -1
0 26 13: 1, -1 -1 -1, -1, -1
0 26 14: 1, -1 -1 -1, -1, -1
0 26 15: 1, -1 -1 -1, -1, -1
0 26 16: 1, -1 -1 -1, -1, -1
0 26 17: 1, -1 -1 -1, -1, -1
0 26 18: 1, -1 -1 -1, -1, -1
0 26 19: 1, -1 -1 -1, -1, -1
0 26 20: 1, -1 -1 -1, -1, -1
0 26 21: 1, -1 -1 -1, -1, -1
0 26 22: 1, -1 -1 -1, -1, -1
0 26 23: 1, -1 -1 -1, -1, -1
0 26 24: 1, -1 -1 -1, -1, -1
0 26 25: 1, -1 -1 -1, -1, -1
0 26 26: 1, -1 -1 -1, -1, -1
0 26 27: 1, -1 -1 -1, -1, -1
0 26 28: 1, -1 -1 -1, -1, -1
0 26 29: 1, -1 -1 -1, -1, -1
0 26 30: 1, -1 -1 -1, -1, -1
0 27 0: 1, -1 -1 -1, -1, -1
0 27 1: 1, -1 -1 -1, -1, -1
0 27 2: 1, -1 -1 -1, -1, -1
0 27 3: 1, -1 -1 -1, -1, -1
0 27 4: 1, -1 -1 -1, -1, -1
0 27 5: 1, -1 -1 -1, -1, -1
0 27 6: 1, -1 -1 -1, -1, -1
0 27 7: 1, -1 -1 -1, -1, -1
0 27 8: 1, -1 -1 -1, -1, -1
0 27 9: 1, -1 -1 -1, -1, -1
0 27 10: 1, -1 -1 -1, -1, -1
0 27 11: 1, -1 -1 -1, -1, -1
0 27 12: 1, -1 -1 -1, -1, -1
0 27 13: 1, -1 -1 -1, -1, -1
0 27 14: 1, -1 -1 -1, -1, -1
0 27 15: 1, -1 -1 -1, -1, -1
0 27 16: 1, -1 -1 -1, -1, -1
0 27 17: 1, -1 -1 -1, -1, -1
0 27 18: 1, -1 -1 -1, -1, -1
0 27 19: 1, -1 -1 -1, -1, -1
0 27 20: 1, -1 -1 -1, -1, -1
0 27 21: 1, -1 -1 -1, -1, -1
0 27 22: 1, -1 -1 -1, -1, -1
0 27 23: 1, -1 -1 -1, -1, -1
0 27 24: 1, -1 -1 -1, -1, -1
0 27 25: 1, -1 -1 -1, -1, -1
0 27 26: 1, -1 -1 -1, -1, -1
0 27 27: 1, -1 -1 -1, -1, -1
0 27 28: 1, -1 -1 -1, -1, -1
0 27 29: 1, -1 -1 -1, -1, -1
0 27 30: 1, -1 -1 -1, -1, -1
0 28 0: 1, -1 -1 -1, -1, -1
0 28 1: 1, -1 -1 -1, -1, -1
0 28 2: 1, -1 -1 -1, -1, -1
0 28 3: 1, -1 -1 -1, -1, -1
0 28 4: 1, -1 -1 -1, -1, -1
0 28 5: 1, -1 -1 -1, -1, -1
0 28 6: 1, -1 -1 -1, -1, -1
0 28 7: 1, -1 -1 -1, -1, -1
0 28 8: 1, -1 -1 -1, -1, -1
0 28 9: 1, -1 -1 -1, -1, -1
0 28 10: 1, -1 -1 -1, -1, -1
0 28 11: 1, -1 -1 -1, -1, -1
0 28 12: 1, -1 -1 -1, -1, -1
0 28 13: 1, -1 -1 -1, -1, -1
0 28 14: 1, -1 -1 -1, -1, -1
0 28 15: 1, -1 -1 -1, -1, -1
0 28 16: 1, -1 -1 -1, -1, -1
0 28 17: 1, -1 -1 -1, -1, -1
0 28 18: 1, -1 -1 -1, -1, -1
0 28 19: 1, -1 -1 -1, -1, -1
0 28 20: 1, -1 -1 -1, -1, -1
0 28 21: 1, -1 -1 -1, -1, -1
0 28 22: 1, -1 -1 -1, -1, -1
0 28 23: 1, -1 -1 -1, -1, -1
0 28 24: 1, -1 -1 -1, -1, -1
0 28 25: 1, -1 -1 -1, -1, -1
0 28 26: 1, -1 -1 -1, -1, -1
0 28 27: 1, -1 -1 -1, -1, -1
0 28 28: 1, -1 -1 -1, -1, -1
0 28 29: 1, -1 -1 -1, -1, -1
0 28 30: 1, -1 -1 -1, -1, -1
0 29 0: 1, -1 -1 -1, -1, -1
0 29 1: 1, -1 -1 -1, -1, -1
0 29 2: 1, -1 -1 -1, -1, -1
0 29 3: 1, -1 -1 -1, -1, -1
0 29 4: 1, -1 -1 -1, -1, -1
0 29 5: 1, -1 -1 -1, -1, -1
0 29 6: 1, -1 -1 -1, -1, -1
0 29 7: 1, -1 -1 -1, -1, -1
0 29 8: 1, -1 -1 -1, -1, -1
0 29 9: 1, -1 -1 -1, -1, -1
0 29 10: 1, -1 -1 -1, -1, -1
0 29 11: 1, -1 -1 -1, -1, -1
0 29 12: 1, -1 -1 -1, -1, -1
0 29 13: 1, -1 -1 -1, -1, -1
0 29 14: 1, -1 -1 -1, -1, -1
0 29 15: 1, -1 -1 -1, -1, -1
0 29 16: 1, -1 -1 -1, -1, -1
0 29 17: 1, -1 -1 -1, -1, -1
0 29 18: 1, -1 -1 -1, -1, -1
0 29 19: 1, -1 -1 -1, -1, -1
0 29 20: 1, -1 -1 -1, -1, -1
0 29 21: 1, -1 -1 -1, -1, -1
0 29 22: 1, -1 -1 -1, -1, -1
0 29 23: 1, -1 -1 -1, -1, -1
0 29 24: 1, -1 -1 -1, -1, -1
0 29 25: 1, -1 -1 -1, -1, -1
0 29 26: 1, -1 -1 -1, -1, -1
0 29 27: 1, -1 -1 -1, -1, -1
0 29 28: 1, -1 -1 -1, -1, -1
0 29 29: 1, -1 -1 -1, -1, -1
0 29 30: 1, -1 -1 -1, -1, -1
0 30 0: 1, -1 -1 -1, -1, -1
0 30 1: 1, -1 -1 -1, -1, -1
0 30 2: 1, -1 -1 -1, -1, -1
0 30 3: 1, -1 -1 -1, -1, -1
0 30 4: 1, -1 -1 -1, -1, -1
0 30 5: 1, -1 -1 -1, -1, -1
0 30 6: 1, -1 -1 -1, -1, -1
0 30 7: 1, -1 -1 -1, -1, -1
0 30 8: 1, -1 -1 -1, -1, -1
0 30 9: 1, -1 -1 -1, -1, -1
0 30 10: 1, -1 -1 -1, -1, -1
0 30 11: 1, -1 -1 -1, -1, -1
0 30 12: 1, -1 -1 -1, -1, -1
0 30 13: 1, -1 -1 -1, -1, -1
0 30 14: 1, -1 -1 -1, -1, -1
0 30 15: 1, -1 -1 -1, -1, -1
0 30 16: 1, -1 -1 -1, -1, -1
0 30 17: 1, -1 -1 -1, -1, -1
0 30 18: 1, -1 -1 -1, -1, -1
0 30 19: 1, -1 -1 -1, -1, -1
0 30 20: 1, -1 -1 -1, -1, -1
0 30 21: 1, -1 -1 -1, -1, -1
0 30 22: 1, -1 -1 -1, -1, -1
0 30 23: 1, -1 -1 -1, -1, -1
0 30 24: 1, -1 -1 -1, -1, -1
0 30 25: 1, -1 -1 -1, -1, -1
0 30 26: 1, -1 -1 -1, -1, -1
0 30 27: 1, -1 -1 -1, -1, -1
0 30 28: 1, -1 -1 -1, -1, -1
0 30 29: 1, -1 -1 -1, -1, -1
0 30 30: 1, -1 -1 -1, -1, -1
0 31 0: 1, -1 -1 -1, -1, -1
0 31 1: 1, -1 -1 -1, -1, -1
0 31 2: 1, -1 -1 -1, -1, -1
0 31 3: 1, -1 -1 -1, -1, -1
0 31 4: 1, -1 -1 -1, -1, -1
0 31 5: 1, -1 -1 -1, -1, -1
0 31 6: 1, -1 -1 -1, -1, -1
0 31 7: 1, -1 -1 -1, -1, -1
0 31 8: 1, -1 -1 -1, -1, -1
0 31 9: 1, -1 -1 -1, -1, -1
0 31 10: 1, -1 -1 -1, -1, -1
0 31 11: 1, -1 -1 -1, -1, -1
0 31 12: 1, -1 -1 -1, -1, -1
0 31 13: 1, -1 -1 -1, -1, -1
0 31 14: 1, -1 -1 -1, -1, -1
0 31 15: 1, -1 -1 -1, -1, -1
0 31 16: 1, -1 -1 -1, -1, -1
0 31 17: 1, -1 -1 -1, -1, -1
0 31 18: 1, -1 -1 -1, -1, -1
0 31 19: 1, -1 -1 -1, -1, -1
0 31 20: 1, -1 -1 -1, -1, -1
0 31 21: 1, -1 -1 -1, -1, -1
0 31 22: 1, -1 -1 -1, -1, -1
0 31 23: 1, -1 -1 -1, -1, -1
0 31 24: 1, -1 -1 -1, -1, -1
0 31 25: 1, -1 -1 -1, -1, -1
0 31 26: 1, -1 -1 -1, -1, -1
0 31 27: 1, -1 -1 -1, -1, -1
0 31 28: 1, -1 -1 -1, -1, -1
0 31 29: 1, -1 -1 -1, -1, -1
0 31 30: 1, -1 -1 -1, -1, -1
0 32 0: 1, -1 -1 -1, -1, -1
0 32 1: 1, -1 -1 -1, -1, -1
0 32 2: 1, -1 -1 -1, -1, -1
0 32 3: 1, -1 -1 -1, -1, -1
0 32 4: 1, -1 -1 -1, -1, -1
0 32 5: 1, -1 -1 -1, -1, -1
0 32 6: 1, -1 -1 -1, -1, -1
0 32 7: 1, -1 -1 -1, -1, -1
0 32 8: 1, -1 -1 -1, -1, -1
0 32 9: 1, -1 -1 -1, -1, -1
0 32 10: 1, -1 -1 -1, -1, -1
0 32 11: 1, -1 -1 -1, -1, -1
0 32 12: 1, -1 -1 -1, -1, -1
0 32 13: 1, -1 -1 -1, -1, -1
0 32 14: 1, -1 -1 -1, -1, -1
0 32 15: 1, -1 -1 -1, -1, -1
0 32 16: 1, -1 -1 -1, -1, -1
0 32 17: 1, -1 -1 -1, -1, -1
0 32 18: 1, -1 -1 -1, -1, -1
0 32 19: 1, -1 -1 -1, -1, -1
0 32 20: 1, -1 -1 -1, -1, -1
0 32 21: 1, -1 -1 -1, -1, -1
0 32 22: 1, -1 -1 -1, -1, -1
0 32 23: 1, -1 -1 -1, -1, -1
0 32 24: 1, -1 -1 -1, -1, -1
0 32 25: 1, -1 -1 -1, -1, -1
0 32 26: 1, -1 -1 -1, -1, -1
0 32 27: 1, -1 -1 -1, -1, -1
0 32 28: 1, -1 -1 -1, -1, -1
0 32 29: 1, -1 -1 -1, -1, -1
0 32 30: 1, -1 -1 -1, -1, -1
0 33 0: 1, -1 -1 -1, -1, -1
0 33 1: 1, -1 -1 -1, -1, -1
0 33 2: 1, -1 -1 -1, -1, -1
0 33 3: 1, -1 -1 -1, -1, -1
0 33 4: 1, -1 -1 -1, -1, -1
0 33 5: 1, -1 -1 -1, -1, -1
0 33 6: 1, -1 -1 -1, -1, -1
0 33 7: 1, -1 -1 -1, -1, -1
0 33 8: 1, -1 -1 -1, -1, -1
0 33 9: 1, -1 -1 -1, -1, -1
0 33 10: 1, -1 -1 -1, -1, -1
0 33 11: 1, -1 -1 -1, -1, -1
0 33 12: 1, -1 -1 -1, -1, -1
0 33 13: 1, -1 -1 -1, -1, -1
0 33 14: 1, -1 -1 -1, -1, -1
0 33 15: 1, -1 -1 -1, -1, -1
0 33 16: 1, -1 -1 -1, -1, -1
0 33 17: 1, -1 -1 -1, -1, -1
0 33 18: 1, -1 -1 -1, -1, -1
0 33 19: 1, -1 -1 -1, -1, -1
0 33 20: 1, -1 -1 -1, -1, -1
0 33 21: 1, -1 -1 -1, -1, -1
0 33 22: 1, -1 -1 -1, -1, -1
0 33 23: 1, -1 -1 -1, -1, -1
0 33 24: 1, -1 -1 -1, -1, -1
0 33 25: 1, -1 -1 -1, -1, -1
0 33 26: 1, -1 -1 -1, -1, -1
0 33 27: 1, -1 -1 -1, -1, -1
0 33 28: 1, -1 -1 -1, -1, -1
0 33 29: 1, -1 -1 -1, -1, -1
0 33 30: 1, -1 -1 -1, -1, -1
0 34 0: 1, -1 -1 -1, -1, -1
0 34 1: 1, -1 -1 -1, -1, -1
0 34 2: 1, -1 -1 -1, -1, -1
0 34 3: 1, -1 -1 -1, -1, -1
0 34 4: 1, -1 -1 -1, -1, -1
0 34 5: 1, -1 -1 -1, -1, -1
0 34 6: 1, -1 -1 -1, -1, -1
0 34 7: 1, -1 -1 -1, -1, -1
0 34 8: 1, -1 -1 -1, -1, -1
0 34 9: 1, -1 -1 -1, -1, -1
0 34 10: 1, -1 -1 -1, -1, -1
0 34 11: 1, -1 -1 -1, -1, -1
0 34 12: 1, -1 -1 -1, -1, -1
0 34 13: 1, -1 -1 -1, -1, -1
0 34 14: 1, -1 -1 -1, -1, -1
0 34 15: 1, -1 -1 -1, -1, -1
0 34 16: 1, -1 -1 -1, -1, -1
0 34 17: 1, -1 -1 -1, -1, -1
0 34 18: 1, -1 -1 -1, -1, -1
0 34 19: 1, -1 -1 -1, -1, -1
0 34 20: 1, -1 -1 -1, -1, -1
0 34 21: 1, -1 -1 -1, -1, -1
0 34 22: 1, -1 -1 -1, -1, -1
0 34 23: 1, -1 -1 -1, -1, -1
0 34 24: 1, -1 -1 -1, -1, -1
0 34 25: 1, -1 -1 -1, -1, -1
0 34 26: 1, -1 -1 -1, -1, -1
0 34 27: 1, -1 -1 -1, -1, -1
0 34 28: 1, -1 -1 -1, -1, -1
0 34 29: 1, -1 -1 -1, -1, -1
0 34 30: 1, -1 -1 -1, -1, -1
0 35 0: 1, -1 -1 -1, -1, -1
0 35 1: 1, -1 -1 -1, -1, -1
0 35 2: 1, -1 -1 -1, -1, -1
0 35 3: 1, -1 -1 -1, -1, -1
0 35 4: 1, -1 -1 -1, -1, -1
0 35 5: 1, -1 -1 -1, -1, -1
0 35 6: 1, -1 -1 -1, -1, -1
0 35 7: 1, -1 -1 -1, -1, -1
0 35 8: 1, -1 -1 -1, -1, -1
0 35 9: 1, -1 -1 -1, -1, -1
0 35 10: 1, -1 -1 -1, -1, -1
0 35 11: 1, -1 -1 -1, -1, -1
0 35 12: 1, -1 -1 -1, -1, -1
0 35 13: 1, -1 -1 -1, -1, -1
0 35 14: 1, -1 -1 -1, -1, -1
0 35 15: 1, -1 -1 -1, -1, -1
0 35 16: 1, -1 -1 -1, -1, -1
0 35 17: 1, -1 -1 -1, -1, -1
0 35 18: 1, -1 -1 -1, -1, -1
0 35 19: 1, -1 -1 -1, -1, -1
0 35 20: 1, -1 -1 -1, -1, -1
0 35 21: 1, -1 -1 -1, -1, -1
0 35 22: 1, -1 -1 -1, -1, -1
0 35 23: 1, -1 -1 -1, -1, -1
0 35 24: 1, -1 -1 -1, -1, -1
0 35 25: 1, -1 -1 -1, -1, -1
0 35 26: 1, -1 -1 -1, -1, -1
0 35 27: 1, -1 -1 -1, -1, -1
0 35 28: 1, -1 -1 -1, -1, -1
0 35 29: 1, -1 -1 -1, -1, -1
0 35 30: 1, -1 -1 -1, -1, -1
0 36 0: 1, -1 -1 -1, -1, -1
0 36 1: 1, -1 -1 -1, -1, -1
0 36 2: 1, -1 -1 -1, -1, -1
0 36 3: 1, -1 -1 -1, -1, -1
0 36 4: 1, -1 -1 -1, -1, -1
0 36 5: 1, -1 -1 -1, -1, -1
0 36 6: 1, -1 -1 -1, -1, -1
0 36 7: 1, -1 -1 -1, -1, -1
0 36 8: 1, -1 -1 -1, -1, -1
0 36 9: 1, -1 -1 -1, -1, -1
0 36 10: 1, -1 -1 -1, -1, -1
0 36 11: 1, -1 -1 -1, -1, -1
0 36 12: 1, -1 -1 -1, -1, -1
0 36 13: 1, -1 -1 -1, -1, -1
0 36 14: 1, -1 -1 -1, -1, -1
0 36 15: 1, -1 -1 -1, -1, -1
0 36 16: 1, -1 -1 -1, -1, -1
0 36 17: 1, -1 -1 -1, -1, -1
0 36 18: 1, -1 -1 -1, -1, -1
0 36 19: 1, -1 -1 -1, -1, -1
0 36 20: 1, -1 -1 -1, -1, -1
0 36 21: 1, -1 -1 -1, -1, -1
0 36 22: 1, -1 -1 -1, -1, -1
0 36 23: 1, -1 -1 -1, -1, -1
0 36 24: 1, -1 -1 -1, -1, -1
0 36 25: 1, -1 -1 -1, -1, -1
0 36 26: 1, -1 -1 -1, -1, -1
0 36 27: 1, -1 -1 -1, -1, -1
0 36 28: 1, -1 -1 -1, -1, -1
0 36 29: 1, -1 -1 -1, -1, -1
0 36 30: 1, -1 -1 -1, -1, -1
0 37 0: 1, -1 -1 -1, -1, -1
0 37 1: 1, -1 -1 -1, -1, -1
0 37 2: 1, -1 -1 -1, -1, -1
0 37 3: 1, -1 -1 -1, -1, -1
0 37 4: 1, -1 -1 -1, -1, -1
0 37 5: 1, -1 -1 -1, -1, -1
0 37 6: 1, -1 -1 -1, -1, -1
0 37 7: 1, -1 -1 -1, -1, -1
0 37 8: 1, -1 -1 -1, -1, -1
0 37 9: 1, -1 -1 -1, -1, -1
0 37 10: 1, -1 -1 -1, -1, -1
0 37 11: 1, -1 -1 -1, -1, -1
0 37 12: 1, -1 -1 -1, -1, -1
0 37 13: 1, -1 -1 -1, -1, -1
0 37 14: 1, -1 -1 -1, -1, -1
0 37 15: 1, -1 -1 -1, -1, -1
0 37 16: 1, -1 -1 -1, -1, -1
0 37 17: 1, -1 -1 -1, -1, -1
0 37 18: 1, -1 -1 -1, -1, -1
0 37 19: 1, -1 -1 -1, -1, -1
0 37 20: 1, -1 -1 -1, -1, -1
0 37 21: 1, -1 -1 -1, -1, -1
0 37 22: 1, -1 -1 -1, -1, -1
0 37 23: 1, -1 -1 -1, -1, -1
0 37 24: 1, -1 -1 -1, -1, -1
0 37 25: 1, -1 -1 -1, -1, -1
0 37 26: 1, -1 -1 -1, -1, -1
0 37 27: 1, -1 -1 -1, -1, -1
0 37 28: 1, -1 -1 -1, -1, -1
0 37 29: 1, -1 -1 -1, -1, -1
0 37 30: 1, -1 -1 -1, -1, -1
0 38 0: 1, -1 -1 -1, -1, -1
0 38 1: 1, -1 -1 -1, -1, -1
0 38 2: 1, -1 -1 -1, -1, -1
0 38 3: 1, -1 -1 -1, -1, -1
0 38 4: 1, -1 -1 -1, -1, -1
0 38 5: 1, -1 -1 -1, -1, -1
0 38 6: 1, -1 -1 -1, -1, -1
0 38 7: 1, -1 -1 -1, -1, -1
0 38 8: 1, -1 -1 -1, -1, -1
0 38 9: 1, -1 -1 -1, -1, -1
0 38 10: 1, -1 -1 -1, -1, -1
0 38 11: 1, -1 -1 -1, -1, -1
0 38 12: 1, -1 -1 -1, -1, -1
0 38 13: 1, -1 -1 -1, -1, -1
0 38 14: 1, -1 -1 -1, -1, -1
0 38 15: 1, -1 -1 -1, -1, -1
0 38 16: 1, -1 -1 -1, -1, -1
0 38 17: 1, -1 -1 -1, -1, -1
0 38 18: 1, -1 -1 -1, -1, -1
0 38 19: 1, -1 -1 -1, -1, -1
0 38 20: 1, -1 -1 -1, -1, -1
0 38 21: 1, -1 -1 -1, -1, -1
0 38 22: 1, -1 -1 -1, -1, -1
0 38 23: 1, -1 -1 -1, -1, -1
0 38 24: 1, -1 -1 -1, -1, -1
0 38 25: 1, -1 -1 -1, -1, -1
0 38 26: 1, -1 -1 -1, -1, -1
0 38 27: 1, -1 -1 -1, -1, -1
0 38 28: 1, -1 -1 -1, -1, -1
0 38 29: 1, -1 -1 -1, -1, -1
0 38 30: 1, -1 -1 -1, -1, -1
0 39 0: 1, -1 -1 -1, -1, -1
0 39 1: 1, -1 -1 -1, -1, -1
0 39 2: 1, -1 -1 -1, -1, -1
0 39 3: 1, -1 -1 -1, -1, -1
0 39 4: 1, -1 -1 -1, -1, -1
0 39 5: 1, -1 -1 -1, -1, -1
0 39 6: 1, -1 -1 -1, -1, -1
0 39 7: 1, -1 -1 -1, -1, -1
0 39 8: 1, -1 -1 -1, -1, -1
0 39 9: 1, -1 -1 -1, -1, -1
0 39 10: 1, -1 -1 -1, -1, -1
0 39 11: 1, -1 -1 -1, -1, -1
0 39 12: 1, -1 -1 -1, -1, -1
0 39 13: 1, -1 -1 -1, -1, -1
0 39 14: 1, -1 -1 -1, -1, -1
0 39 15: 1, -1 -1 -1, -1, -1
0 39 16: 1, -1 -1 -1, -1, -1
0 39 17: 1, -1 -1 -1, -1, -1
0 39 18: 1, -1 -1 -1, -1, -1
0 39 19: 1, -1 -1 -1, -1, -1
0 39 20: 1, -1 -1 -1, -1, -1
0 39 21: 1, -1 -1 -1, -1, -1
0 39 22: 1, -1 -1 -1, -1, -1
0 39 23: 1, -1 -1 -1, -1, -1
0 39 24: 1, -1 -1 -1, -1, -1
0 39 25: 1, -1 -1 -1, -1, -1
0 39 26: 1, -1 -1 -1, -1, -1
0 39 27: 1, -1 -1 -1, -1, -1
0 39 28: 1, -1 -1 -1, -1, -1
0 39 29: 1, -1 -1 -1, -1, -1
0 39 30: 1, -1 -1 -1, -1, -1
0 40 0: 1, -1 -1 -1, -1, -1
0 40 1: 1, -1 -1 -1, -1, -1
0 40 2: 1, -1 -1 -1, -1, -1
0 40 3: 1, -1 -1 -1, -1, -1
0 40 4: 1, -1 -1 -1, -1, -1
0 40 5: 1, -1 -1 -1, -1, -1
0 40 6: 1, -1 -1 -1, -1, -1
0 40 7: 1, -1 -1 -1, -1, -1
0 40 8: 1, -1 -1 -1, -1, -1
0 40 9: 1, -1 -1 -1, -1, -1
0 40 10: 1, -1 -1 -1, -1, -1
0 40 11: 1, -1 -1 -1, -1, -1
0 40 12: 1, -1 -1 -1, -1, -1
0 40 13: 1, -1 -1 -1, -1, -1
0 40 14: 1, -1 -1 -1, -1, -1
0 40 15: 1, -1 -1 -1, -1, -1
0 40 16: 1, -1 -1 -1, -1, -1
0 40 17: 1, -1 -1 -1, -1, -1
0 40 18: 1, -1 -1 -1, -1, -1
0 40 19: 1, -1 -1 -1, -1, -1
0 40 20: 1, -1 -1 -1, -1, -1
0 40 21: 1, -1 -1 -1, -1, -1
0 40 22: 1, -1 -1 -1, -1, -1
0 40 23: 1, -1 -1 -1, -1, -1
0 40 24: 1, -1 -1 -1, -1, -1
0 40 25: 1, -1 -1 -1, -1, -1
0 40 26: 1, -1 -1 -1, -1, -1
0 40 27: 1, -1 -1 -1, -1, -1
0 40 28: 1, -1 -1 -1, -1, -1
0 40 29: 1, -1 -1 -1, -1, -1
0 40 30: 1, -1 -1 -1, -1, -1
0 41 0: 1, -1 -1 -1, -1, -1
0 41 1: 1, -1 -1 -1, -1, -1
0 41 2: 1, -1 -1 -1, -1, -1
0 41 3: 1, -1 -1 -1, -1, -1
0 41 4: 1, -1 -1 -1, -1, -1
0 41 5: 1, -1 -1 -1, -1, -1
0 41 6: 1, -1 -1 -1, -1, -1
0 41 7: 1, -1 -1 -1, -1, -1
0 41 8: 1, -1 -1 -1, -1, -1
0 41 9: 1, -1 -1 -1, -1, -1
0 41 10: 1, -1 -1 -1, -1, -1
0 41 11: 1, -1 -1 -1, -1, -1
0 41 12: 1, -1 -1 -1, -1, -1
0 41 13: 1, -1 -1 -1, -1, -1
0 41 14: 1, -1 -1 -1, -1, -1
0 41 15: 1, -1 -1 -1, -1, -1
0 41 16: 1, -1 -1 -1, -1, -1
0 41 17: 1, -1 -1 -1, -1, -1
0 41 18: 1, -1 -1 -1, -1, -1
0 41 19: 1, -1 -1 -1, -1, -1
0 41 20: 1, -1 -1 -1, -1, -1
0 41 21: 1, -1 -1 -1, -1, -1
0 41 22: 1, -1 -1 -1, -1, -1
0 41 23: 1, -1 -1 -1, -1, -1
0 41 24: 1, -1 -1 -1, -1, -1
0 41 25: 1, -1 -1 -1, -1, -1
0 41 26: 1, -1 -1 -1, -1, -1
0 41 27: 1, -1 -1 -1, -1, -1
0 41 28: 1, -1 -1 -1, -1, -1
0 41 29: 1, -1 -1 -1, -1, -1
0 41 30: 1, -1 -1 -1, -1, -1
0 42 0: 1, -1 -1 -1, -1, -1
0 42 1: 1, -1 -1 -1, -1, -1
0 42 2: 1, -1 -1 -1, -1, -1
0 42 3: 1, -1 -1 -1, -1, -1
0 42 4: 1, -1 -1 -1, -1, -1
0 42 5: 1, -1 -1 -1, -1, -1
0 42 6: 1, -1 -1 -1, -1, -1
0 42 7: 1, -1 -1 -1, -1, -1
0 42 8: 1, -1 -1 -1, -1, -1
0 42 9: 1, -1 -1 -1, -1, -1
0 42 10: 1, -1 -1 -1, -1, -1
0 42 11: 1, -1 -1 -1, -1, -1
0 42 12: 1, -1 -1 -1, -1, -1
0 42 13: 1, -1 -1 -1, -1, -1
0 42 14: 1, -1 -1 -1, -1, -1
0 42 15: 1, -1 -1 -1, -1, -1
0 42 16: 1, -1 -1 -1, -1, -1
0 42 17: 1, -1 -1 -1, -1, -1
0 42 18: 1, -1 -1 -1, -1, -1
0 42 19: 1, -1 -1 -1, -1, -1
0 42 20: 1, -1 -1 -1, -1, -1
0 42 21: 1, -1 -1 -1, -1, -1
0 42 22: 1, -1 -1 -1, -1, -1
0 42 23: 1, -1 -1 -1, -1, -1
0 42 24: 1, -1 -1 -1, -1, -1
0 42 25: 1, -1 -1 -1, -1, -1
0 42 26: 1, -1 -1 -1, -1, -1
0 42 27: 1, -1 -1 -1, -1, -1
0 42 28: 1, -1 -1 -1, -1, -1
0 42 29: 1, -1 -1 -1, -1, -1
0 42 30: 1, -1 -1 -1, -1, -1
0 43 0: 1, -1 -1 -1, -1, -1
0 43 1: 1, -1 -1 -1, -1, -1
0 43 2: 1, -1 -1 -1, -1, -1
0 43 3: 1, -1 -1 -1, -1, -1
0 43 4: 1, -1 -1 -1, -1, -1
0 43 5: 1, -1 -1 -1, -1, -1
0 43 6: 1, -1 -1 -1, -1, -1
0 43 7: 1, -1 -1 -1, -1, -1
0 43 8: 1, -1 -1 -1, -1, -1
0 43 9: 1, -1 -1 -1, -1, -1
0 43 10: 1, -1 -1 -1, -1, -1
0 43 11: 1, -1 -1 -1, -1, -1
0 43 12: 1, -1 -1 -1, -1, -1
0 43 13: 1, -1 -1 -1, -1, -1
0 43 14: 1, -1 -1 -1, -1, -1
0 43 15: 1, -1 -1 -1, -1, -1
0 43 16: 1, -1 -1 -1, -1, -1
0 43 17: 1, -1 -1 -1, -1, -1
0 43 18: 1, -1 -1 -1, -1, -1
0 43 19: 1, -1 -1 -1, -1, -1
0 43 20: 1, -1 -1 -1, -1, -1
0 43 21: 1, -1 -1 -1, -1, -1
0 43 22: 1, -1 -1 -1, -1, -1
0 43 23: 1, -1 -1 -1, -1, -1
0 43 24: 1, -1 -1 -1, -1, -1
0 43 25: 1, -1 -1 -1, -1, -1
0 43 26: 1, -1 -1 -1, -1, -1
0 43 27: 1, -1 -1 -1, -1, -1
0 43 28: 1, -1 -1 -1, -1, -1
0 43 29: 1, -1 -1 -1, -1, -1
0 43 30: 1, -1 -1 -1, -1, -1
0 44 0: 1, -1 -1 -1, -1, -1
0 44 1: 1, -1 -1 -1, -1, -1
0 44 2: 1, -1 -1 -1, -1, -1
0 44 3: 1, -1 -1 -1, -1, -1
0 44 4: 1, -1 -1 -1, -1, -1
0 44 5: 1, -1 -1 -1, -1, -1
0 44 6: 1, -1 -1 -1, -1, -1
0 44 7: 1, -1 -1 -1, -1, -1
0 44 8: 1, -1 -1 -1, -1, -1
0 44 9: 1, -1 -1 -1, -1, -1
0 44 10: 1, -1 -1 -1, -1, -1
0 44 11: 1, -1 -1 -1, -1, -1
0 44 12: 1, -1 -1 -1, -1, -1
0 44 13: 1, -1 -1 -1, -1, -1
0 44 14: 1, -1 -1 -1, -1, -1
0 44 15: 1, -1 -1 -1, -1, -1
0 44 16: 1, -1 -1 -1, -1, -1
0 44 17: 1, -1 -1 -1, -1, -1
0 44 18: 1, -1 -1 -1, -1, -1
0 44 19: 1, -1 -1 -1, -1, -1
0 44 20: 1, -1 -1 -1, -1, -1
0 44 21: 1, -1 -1 -1, -1, -1
0 44 22: 1, -1 -1 -1, -1, -1
0 44 23: 1, -1 -1 -1, -1, -1
0 44 24: 1, -1 -1 -1, -1, -1
0 44 25: 1, -1 -1 -1, -1, -1
0 44 26: 1, -1 -1 -1, -1, -1
0 44 27: 1, -1 -1 -1, -1, -1
0 44 28: 1, -1 -1 -1, -1, -1
0 44 29: 1, -1 -1 -1, -1, -1
0 44 30: 1, -1 -1 -1, -1, -1
0 45 0: 1, -1 -1 -1, -1, -1
0 45 1: 1, -1 -1 -1, -1, -1
0 45 2: 1, -1 -1 -1, -1, -1
0 45 3: 1, -1 -1 -1, -1, -1
0 45 4: 1, -1 -1 -1, -1, -1
0 45 5: 1, -1 -1 -1, -1, -1
0 45 6: 1, -1 -1 -1, -1, -1
0 45 7: 1, -1 -1 -1, -1, -1
0 45 8: 1, -1 -1 -1, -1, -1
0 45 9: 1, -1 -1 -1, -1, -1
0 45 10: 1, -1 -1 -1, -1, -1
0 45 11: 1, -1 -1 -1, -1, -1
0 45 12: 1, -1 -1 -1, -1, -1
0 45 13: 1, -1 -1 -1, -1, -1
0 45 14: 1, -1 -1 -1, -1, -1
0 45 15: 1, -1 -1 -1, -1, -1
0 45 16: 1, -1 -1 -1, -1, -1
0 45 17: 1, -1 -1 -1, -1, -1
0 45 18: 1, -1 -1 -1, -1, -1
0 45 19: 1, -1 -1 -1, -1, -1
0 45 20: 1, -1 -1 -1, -1, -1
0 45 21: 1, -1 -1 -1, -1, -1
0 45 22: 1, -1 -1 -1, -1, -1
0 45 23: 1, -1 -1 -1, -1, -1
0 45 24: 1, -1 -1 -1, -1, -1
0 45 25: 1, -1 -1 -1, -1, -1
0 45 26: 1, -1 -1 -1, -1, -1
0 45 27: 1, -1 -1 -1, -1, -1
0 45 28: 1, -1 -1 -1, -1, -1
0 45 29: 1, -1 -1 -1, -1, -1
0 45 30: 1, -1 -1 -1, -1, -1
0 46 0: 1, -1 -1 -1, -1, -1
0 46 1: 1, -1 -1 -1, -1, -1
0 46 2: 1, -1 -1 -1, -1, -1
0 46 3: 1, -1 -1 -1, -1, -1
0 46 4: 1, -1 -1 -1, -1, -1
0 46 5: 1, -1 -1 -1, -1, -1
0 46 6: 1, -1 -1 -1, -1, -1
0 46 7: 1, -1 -1 -1, -1, -1
0 46 8: 1, -1 -1 -1, -1, -1
0 46 9: 1, -1 -1 -1, -1, -1
0 46 10: 1, -1 -1 -1, -1, -1
0 46 11: 1, -1 -1 -1, -1, -1
0 46 12: 1, -1 -1 -1, -1, -1
0 46 13: 1, -1 -1 -1, -1, -1
0 46 14: 1, -1 -1 -1, -1, -1
0 46 15: 1, -1 -1 -1, -1, -1
0 46 16: 1, -1 -1 -1, -1, -1
0 46 17: 1, -1 -1 -1, -1, -1
0 46 18: 1, -1 -1 -1, -1, -1
0 46 19: 1, -1 -1 -1, -1, -1
0 46 20: 1, -1 -1 -1, -1, -1
0 46 21: 1, -1 -1 -1, -1, -1
0 46 22: 1, -1 -1 -1, -1, -1
0 46 23: 1, -1 -1 -1, -1, -1
0 46 24: 1, -1 -1 -1, -1, -1
0 46 25: 1, -1 -1 -1, -1, -1
0 46 26: 1, -1 -1 -1, -1, -1
0 46 27: 1, -1 -1 -1, -1, -1
0 46 28: 1, -1 -1 -1, -1, -1
0 46 29: 1, -1 -1 -1, -1, -1
0 46 30: 1, -1 -1 -1, -1, -1
0 47 0: 1, -1 -1 -1, -1, -1
0 47 1: 1, -1 -1 -1, -1, -1
0 47 2: 1, -1 -1 -1, -1, -1
0 47 3: 1, -1 -1 -1, -1, -1
0 47 4: 1, -1 -1 -1, -1, -1
0 47 5: 1, -1 -1 -1, -1, -1
0 47 6: 1, -1 -1 -1, -1, -1
0 47 7: 1, -1 -1 -1, -1, -1
0 47 8: 1, -1 -1 -1, -1, -1
0 47 9: 1, -1 -1 -1, -1, -1
0 47 10: 1, -1 -1 -1, -1, -1
0 47 11: 1, -1 -1 -1, -1, -1
0 47 12: 1, -1 -1 -1, -1, -1
0 47 13: 1, -1 -1 -1, -1, -1
0 47 14: 1, -1 -1 -1, -1, -1
0 47 15: 1, -1 -1 -1, -1, -1
0 47 16: 1, -1 -1 -1, -1, -1
0 47 17: 1, -1 -1 -1, -1, -1
0 47 18: 1, -1 -1 -1, -1, -1
0 47 19: 1, -1 -1 -1, -1, -1
0 47 20: 1, -1 -1 -1, -1, -1
0 47 21: 1, -1 -1 -1, -1, -1
0 47 22: 1, -1 -1 -1, -1, -1
0 47 23: 1, -1 -1 -1, -1, -1
0 47 24: 1, -1 -1 -1, -1, -1
0 47 25: 1, -1 -1 -1, -1, -1
0 47 26: 1, -1 -1 -1, -1, -1
0 47 27: 1, -1 -1 -1, -1, -1
0 47 28: 1, -1 -1 -1, -1, -1
0 47 29: 1, -1 -1 -1, -1, -1
0 47 30: 1, -1 -1 -1, -1, -1
0 48 0: 1, -1 -1 -1, -1, -1
0 48 1: 1, -1 -1 -1, -1, -1
0 48 2: 1, -1 -1 -1, -1, -1
0 48 3: 1, -1 -1 -1, -1, -1
0 48 4: 1, -1 -1 -1, -1, -1
0 48 5: 1, -1 -1 -1, -1, -1
0 48 6: 1, -1 -1 -1, -1, -1
0 48 7: 1, -1 -1 -1, -1, -1
0 48 8: 1, -1 -1 -1, -1, -1
0 48 9: 1, -1 -1 -1, -1, -1
0 48 10: 1, -1 -1 -1, -1, -1
0 48 11: 1, -1 -1 -1, -1, -1
0 48 12: 1, -1 -1 -1, -1, -1
0 48 13: 1, -1 -1 -1, -1, -1
0 48 14: 1, -1 -1 -1, -1, -1
0 48 15: 1, -1 -1 -1, -1, -1
0 48 16: 1, -1 -1 -1, -1, -1
0 48 17: 1, -1 -1 -1, -1, -1
0 48 18: 1, -1 -1 -1, -1, -1
0 48 19: 1, -1 -1 -1, -1, -1
0 48 20: 1, -1 -1 -1, -1, -1
0 48 21: 1, -1 -1 -1, -1, -1
0 48 22: 1, -1 -1 -1, -1, -1
0 48 23: 1, -1 -1 -1, -1, -1
0 48 24: 1, -1 -1 -1, -1, -1
0 48 25: 1, -1 -1 -1, -1, -1
0 48 26: 1, -1 -1 -1, -1, -1
0 48 27: 1, -1 -1 -1, -1, -1
0 48 28: 1, -1 -1 -1, -1, -1
0 48 29: 1, -1 -1 -1, -1, -1
0 48 30: 1, -1 -1 -1, -1, -1
0 49 0: 1, -1 -1 -1, -1, -1
0 49 1: 1, -1 -1 -1, -1, -1
0 49 2: 1, -1 -1 -1, -1, -1
0 49 3: 1, -1 -1 -1, -1, -1
0 49 4: 1, -1 -1 -1, -1, -1
0 49 5: 1, -1 -1 -1, -1, -1
0 49 6: 1, -1 -1 -1, -1, -1
0 49 7: 1, -1 -1 -1, -1, -1
0 49 8: 1, -1 -1 -1, -1, -1
0 49 9: 1, -1 -1 -1, -1, -1
0 49 10: 1, -1 -1 -1, -1, -1
0 49 11: 1, -1 -1 -1, -1, -1
0 49 12: 1, -1 -1 -1, -1, -1
0 49 13: 1, -1 -1 -1, -1, -1
0 49 14: 1, -1 -1 -1, -1, -1
0 49 15: 1, -1 -1 -1, -1, -1
0 49 16: 1, -1 -1 -1, -1, -1
0 49 17: 1, -1 -1 -1, -1, -1
0 49 18: 1, -1 -1 -1, -1, -1
0 49 19: 1, -1 -1 -1, -1, -1
0 49 20: 1, -1 -1 -1, -1, -1
0 49 21: 1, -1 -1 -1, -1, -1
0 49 22: 1, -1 -1 -1, -1, -1
0 49 23: 1, -1 -1 -1, -1, -1
0 49 24: 1, -1 -1 -1, -1, -1
0 49 25: 1, -1 -1 -1, -1, -1
0 49 26: 1, -1 -1 -1, -1, -1
0 49 27: 1, -1 -1 -1, -1, -1
0 49 28: 1, -1 -1 -1, -1, -1
0 49 29: 1, -1 -1 -1, -1, -1
0 49 30: 1, -1 -1 -1, -1, -1
0 50 0: 1, -1 -1 -1, -1, -1
0 50 1: 1, -1 -1 -1, -1, -1
0 50 2: 1, -1 -1 -1, -1, -1
0 50 3: 1, -1 -1 -1, -1, -1
0 50 4: 1, -1 -1 -1, -1, -1
0 50 5: 1, -1 -1 -1, -1, -1
0 50 6: 1, -1 -1 -1, -1, -1
0 50 7: 1, -1 -1 -1, -1, -1
0 50 8: 1, -1 -1 -1, -1, -1
0 50 9: 1, -1 -1 -1, -1, -1
0 50 10: 1, -1 -1 -1, -1, -1
0 50 11: 1, -1 -1 -1, -1, -1
0 50 12: 1, -1 -1 -1, -1, -1
0 50 13: 1, -1 -1 -1, -1, -1
0 50 14: 1, -1 -1 -1, -1, -1
0 50 15: 1, -1 -1 -1, -1, -1
0 50 16: 1, -1 -1 -1, -1, -1
0 50 17: 1, -1 -1 -1, -1, -1
0 50 18: 1, -1 -1 -1, -1, -1
0 50 19: 1, -1 -1 -1, -1, -1
0 50 20: 1, -1 -1 -1, -1, -1
0 50 21: 1, -1 -1 -1, -1, -1
0 50 22: 1, -1 -1 -1, -1, -1
0 50 23: 1, -1 -1 -1, -1, -1
0 50 24: 1, -1 -1 -1, -1, -1
0 50 25: 1, -1 -1 -1, -1, -1
0 50 26: 1, -1 -1 -1, -1, -1
0 50 27: 1, -1 -1 -1, -1, -1
0 50 28: 1, -1 -1 -1, -1, -1
0 50 29: 1, -1 -1 -1, -1, -1
0 50 30: 1, -1 -1 -1, -1, -1
0 51 0: 1, -1 -1 -1, -1, -1
0 51 1: 1, -1 -1 -1, -1, -1
0 51 2: 1, -1 -1 -1, -1, -1
0 51 3: 1, -1 -1 -1, -1, -1
0 51 4: 1, -1 -1 -1, -1, -1
0 51 5: 1, -1 -1 -1, -1, -1
0 51 6: 1, -1 -1 -1, -1, -1
0 51 7: 1, -1 -1 -1, -1, -1
0 51 8: 1, -1 -1 -1, -1, -1
0 51 9: 1, -1 -1 -1, -1, -1
0 51 10: 1, -1 -1 -1, -1, -1
0 51 11: 1, -1 -1 -1, -1, -1
0 51 12: 1, -1 -1 -1, -1, -1
0 51 13: 1, -1 -1 -1, -1, -1
0 51 14: 1, -1 -1 -1, -1, -1
0 51 15: 1, -1 -1 -1, -1, -1
0 51 16: 1, -1 -1 -1, -1, -1
0 51 17: 1, -1 -1 -1, -1, -1
0 51 18: 1, -1 -1 -1, -1, -1
0 51 19: 1, -1 -1 -1, -1, -1
0 51 20: 1, -1 -1 -1, -1, -1
0 51 21: 1, -1 -1 -1, -1, -1
0 51 22: 1, -1 -1 -1, -1, -1
0 51 23: 1, -1 -1 -1, -1, -1
0 51 24: 1, -1 -1 -1, -1, -1
0 51 25: 1, -1 -1 -1, -1, -1
0 51 26: 1, -1 -1 -1, -1, -1
0 51 27: 1, -1 -1 -1, -1, -1
0 51 28: 1, -1 -1 -1, -1, -1
0 51 29: 1, -1 -1 -1, -1, -1
0 51 30: 1, -1 -1 -1, -1, -1
0 52 0: 1, -1 -1 -1, -1, -1
0 52 1: 1, -1 -1 -1, -1, -1
0 52 2: 1, -1 -1 -1, -1, -1
0 52 3: 1, -1 -1 -1, -1, -1
0 52 4: 1, -1 -1 -1, -1, -1
0 52 5: 1, -1 -1 -1, -1, -1
0 52 6: 1, -1 -1 -1, -1, -1
0 52 7: 1, -1 -1 -1, -1, -1
0 52 8: 1, -1 -1 -1, -1, -1
0 52 9: 1, -1 -1 -1, -1, -1
0 52 10: 1, -1 -1 -1, -1, -1
0 52 11: 1, -1 -1 -1, -1, -1
0 52 12: 1, -1 -1 -1, -1, -1
0 52 13: 1, -1 -1 -1, -1, -1
0 52 14: 1, -1 -1 -1, -1, -1
0 52 15: 1, -1 -1 -1, -1, -1
0 52 16: 1, -1 -1 -1, -1, -1
0 52 17: 1, -1 -1 -1, -1, -1
0 52 18: 1, -1 -1 -1, -1, -1
0 52 19: 1, -1 -1 -1, -1, -1
0 52 20: 1, -1 -1 -1, -1, -1
0 52 21: 1, -1 -1 -1, -1, -1
0 52 22: 1, -1 -1 -1, -1, -1
0 52 23: 1, -1 -1 -1, -1, -1
0 52 24: 1, -1 -1 -1, -1, -1
0 52 25: 1, -1 -1 -1, -1, -1
0 52 26: 1, -1 -1 -1, -1, -1
0 52 27: 1, -1 -1 -1, -1, -1
0 52 28: 1, -1 -1 -1, -1, -1
0 52 29: 1, -1 -1 -1, -1, -1
0 52 30: 1, -1 -1 -1, -1, -1
0 53 0: 1, -1 -1 -1, -1, -1
0 53 1: 1, -1 -1 -1, -1, -1
0 53 2: 1, -1 -1 -1, -1, -1
0 53 3: 1, -1 -1 -1, -1, -1
0 53 4: 1, -1 -1 -1, -1, -1
0 53 5: 1, -1 -1 -1, -1, -1
0 53 6: 1, -1 -1 -1, -1, -1
0 53 7: 1, -1 -1 -1, -1, -1
0 53 8: 1, -1 -1 -1, -1, -1
0 53 9: 1, -1 -1 -1, -1, -1
0 53 10: 1, -1 -1 -1, -1, -1
0 53 11: 1, -1 -1 -1, -1, -1
0 53 12: 1, -1 -1 -1, -1, -1
0 53 13: 1, -1 -1 -1, -1, -1
0 53 14: 1, -1 -1 -1, -1, -1
0 53 15: 1, -1 -1 -1, -1, -1
0 53 16: 1, -1 -1 -1, -1, -1
0 53 17: 1, -1 -1 -1, -1, -1
0 53 18: 1, -1 -1 -1, -1, -1
0 53 19: 1, -1 -1 -1, -1, -1
0 53 20: 1, -1 -1 -1, -1, -1
0 53 21: 1, -1 -1 -1, -1, -1
0 53 22: 1, -1 -1 -1, -1, -1
0 53 23: 1, -1 -1 -1, -1, -1
0 53 24: 1, -1 -1 -1, -1, -1
0 53 25: 1, -1 -1 -1, -1, -1
0 53 26: 1, -1 -1 -1, -1, -1
0 53 27: 1, -1 -1 -1, -1, -1
0 53 28: 1, -1 -1 -1, -1, -1
0 53 29: 1, -1 -1 -1, -1, -1
0 53 30: 1, -1 -1 -1, -1, -1
0 54 0: 1, -1 -1 -1, -1, -1
0 54 1: 1, -1 -1 -1, -1, -1
0 54 2: 1, -1 -1 -1, -1, -1
0 54 3: 1, -1 -1 -1, -1, -1
0 54 4: 1, -1 -1 -1, -1, -1
0 54 5: 1, -1 -1 -1, -1, -1
0 54 6: 1, -1 -1 -1, -1, -1
0 54 7: 1, -1 -1 -1, -1, -1
0 54 8: 1, -1 -1 -1, -1, -1
0 54 9: 1, -1 -1 -1, -1, -1
0 54 10: 1, -1 -1 -1, -1, -1
0 54 11: 1, -1 -1 -1, -1, -1
0 54 12: 1, -1 -1 -1, -1, -1
0 54 13: 1, -1 -1 -1, -1, -1
0 54 14: 1, -1 -1 -1, -1, -1
0 54 15: 1, -1 -1 -1, -1, -1
0 54 16: 1, -1 -1 -1, -1, -1
0 54 17: 1, -1 -1 -1, -1, -1
0 54 18: 1, -1 -1 -1, -1, -1
0 54 19: 1, -1 -1 -1, -1, -1
0 54 20: 1, -1 -1 -1, -1, -1
0 54 21: 1, -1 -1 -1, -1, -1
0 54 22: 1, -1 -1 -1, -1, -1
0 54 23: 1, -1 -1 -1, -1, -1
0 54 24: 1, -1 -1 -1, -1, -1
0 54 25: 1, -1 -1 -1, -1, -1
0 54 26: 1, -1 -1 -1, -1, -1
0 54 27: 1, -1 -1 -1, -1, -1
0 54 28: 1, -1 -1 -1, -1, -1
0 54 29: 1, -1 -1 -1, -1, -1
0 54 30: 1, -1 -1 -1, -1, -1
0 55 0: 1, -1 -1 -1, -1, -1
0 55 1: 1, -1 -1 -1, -1, -1
0 55 2: 1, -1 -1 -1, -1, -1
0 55 3: 1, -1 -1 -1, -1, -1
0 55 4: 1, -1 -1 -1, -1, -1
0 55 5: 1, -1 -1 -1, -1, -1
0 55 6: 1, -1 -1 -1, -1, -1
0 55 7: 1, -1 -1 -1, -1, -1
0 55 8: 1, -1 -1 -1, -1, -1
0 55 9: 1, -1 -1 -1, -1, -1
0 55 10: 1, -1 -1 -1, -1, -1
0 55 11: 1, -1 -1 -1, -1, -1
0 55 12: 1, -1 -1 -1, -1, -1
0 55 13: 1, -1 -1 -1, -1, -1
0 55 14: 1, -1 -1 -1, -1, -1
0 55 15: 1, -1 -1 -1, -1, -1
0 55 16: 1, -1 -1 -1, -1, -1
0 55 17: 1, -1 -1 -1, -1, -1
0 55 18: 1, -1 -1 -1, -1, -1
0 55 19: 1, -1 -1 -1, -1, -1
0 55 20: 1, -1 -1 -1, -1, -1
0 55 21: 1, -1 -1 -1, -1, -1
0 55 22: 1, -1 -1 -1, -1, -1
0 55 23: 1, -1 -1 -1, -1, -1
0 55 24: 1, -1 -1 -1, -1, -1
0 55 25: 1, -1 -1 -1, -1, -1
0 55 26: 1, -1 -1 -1, -1, -1
0 55 27: 1, -1 -1 -1, -1, -1
0 55 28: 1, -1 -1 -1, -1, -1
0 55 29: 1, -1 -1 -1, -1, -1
0 55 30: 1, -1 -1 -1, -1, -1
0 56 0: 1, -1 -1 -1, -1, -1
0 56 1: 1, -1 -1 -1, -1, -1
0 56 2: 1, -1 -1 -1, -1, -1
0 56 3: 1, -1 -1 -1, -1, -1
0 56 4: 1, -1 -1 -1, -1, -1
0 56 5: 1, -1 -1 -1, -1, -1
0 56 6: 1, -1 -1 -1, -1, -1
0 56 7: 1, -1 -1 -1, -1, -1
0 56 8: 1, -1 -1 -1, -1, -1
0 56 9: 1, -1 -1 -1, -1, -1
0 56 10: 1, -1 -1 -1, -1, -1
0 56 11: 1, -1 -1 -1, -1, -1
0 56 12: 1, -1 -1 -1, -1, -1
0 56 13: 1, -1 -1 -1, -1, -1
0 56 14: 1, -1 -1 -1, -1, -1
0 56 15: 1, -1 -1 -1, -1, -1
0 56 16: 1, -1 -1 -1, -1, -1
0 56 17: 1, -1 -1 -1, -1, -1
0 56 18: 1, -1 -1 -1, -1, -1
0 56 19: 1, -1 -1 -1, -1, -1
0 56 20: 1, -1 -1 -1, -1, -1
0 56 21: 1, -1 -1 -1, -1, -1
0 56 22: 1, -1 -1 -1, -1, -1
0 56 23: 1, -1 -1 -1, -1, -1
0 56 24: 1, -1 -1 -1, -1, -1
0 56 25: 1, -1 -1 -1, -1, -1
0 56 26: 1, -1 -1 -1, -1, -1
0 56 27: 1, -1 -1 -1, -1, -1
0 56 28: 1, -1 -1 -1, -1, -1
0 56 29: 1, -1 -1 -1, -1, -1
0 56 30: 1, -1 -1 -1, -1, -1
0 57 0: 1, -1 -1 -1, -1, -1
0 57 1: 1, -1 -1 -1, -1, -1
0 57 2: 1, -1 -1 -1, -1, -1
0 57 3: 1, -1 -1 -1, -1, -1
0 57 4: 1, -1 -1 -1, -1, -1
0 57 5: 1, -1 -1 -1, -1, -1
0 57 6: 1, -1 -1 -1, -1, -1
0 57 7: 1, -1 -1 -1, -1, -1
0 57 8: 1, -1 -1 -1, -1, -1
0 57 9: 1, -1 -1 -1, -1, -1
0 57 10: 1, -1 -1 -1, -1, -1
0 57 11: 1, -1 -1 -1, -1, -1
0 57 12: 1, -1 -1 -1, -1, -1
0 57 13: 1, -1 -1 -1, -1, -1
0 57 14: 1, -1 -1 -1, -1, -1
0 57 15: 1, -1 -1 -1, -1, -1
0 57 16: 1, -1 -1 -1, -1, -1
0 57 17: 1, -1 -1 -1, -1, -1
0 57 18: 1, -1 -1 -1, -1, -1
0 57 19: 1, -1 -1 -1, -1, -1
0 57 20: 1, -1 -1 -1, -1, -1
0 57 21: 1, -1 -1 -1, -1, -1
0 57 22: 1, -1 -1 -1, -1, -1
0 57 23: 1, -1 -1 -1, -1, -1
0 57 24: 1, -1 -1 -1, -1, -1
0 57 25: 1, -1 -1 -1, -1, -1
0 57 26: 1, -1 -1 -1, -1, -1
0 57 27: 1, -1 -1 -1, -1, -1
0 57 28: 1, -1 -1 -1, -1, -1
0 57 29: 1, -1 -1 -1, -1, -1
0 57 30: 1, -1 -1 -1, -1, -1
0 58 0: 1, -1 -1 -1, -1, -1
0 58 1: 1, -1 -1 -1, -1, -1
0 58 2: 1, -1 -1 -1, -1, -1
0 58 3: 1, -1 -1 -1, -1, -1
0 58 4: 1, -1 -1 -1, -1, -1
0 58 5: 1, -1 -1 -1, -1, -1
0 58 6: 1, -1 -1 -1, -1, -1
0 58 7: 1, -1 -1 -1, -1, -1
0 58 8: 1, -1 -1 -1, -1, -1
0 58 9: 1, -1 -1 -1, -1, -1
0 58 10: 1, -1 -1 -1, -1, -1
0 58 11: 1, -1 -1 -1, -1, -1
0 58 12: 1, -1 -1 -1, -1, -1
0 58 13: 1, -1 -1 -1, -1, -1
0 58 14: 1, -1 -1 -1, -1, -1
0 58 15: 1, -1 -1 -1, -1, -1
0 58 16: 1, -1 -1 -1, -1, -1
0 58 17: 1, -1 -1 -1, -1, -1
0 58 18: 1, -1 -1 -1, -1, -1
0 58 19: 1, -1 -1 -1, -1, -1
0 58 20: 1, -1 -1 -1, -1, -1
0 58 21: 1, -1 -1 -1, -1, -1
0 58 22: 1, -1 -1 -1, -1, -1
0 58 23: 1, -1 -1 -1, -1, -1
0 58 24: 1, -1 -1 -1, -1, -1
0 58 25: 1, -1 -1 -1, -1, -1
0 58 26: 1, -1 -1 -1, -1, -1
0 58 27: 1, -1 -1 -1, -1, -1
0 58 28: 1, -1 -1 -1, -1, -1
0 58 29: 1, -1 -1 -1, -1, -1
0 58 30: 1, -1 -1 -1, -1, -1
0 59 0: 1, -1 -1 -1, -1, -1
0 59 1: 1, -1 -1 -1, -1, -1
0 59 2: 1, -1 -1 -1, -1, -1
0 59 3: 1, -1 -1 -1, -1, -1
0 59 4: 1, -1 -1 -1, -1, -1
0 59 5: 1, -1 -1 -1, -1, -1
0 59 6: 1, -1 -1 -1, -1, -1
0 59 7: 1, -1 -1 -1, -1, -1
0 59 8: 1, -1 -1 -1, -1, -1
0 59 9: 1, -1 -1 -1, -1, -1
0 59 10: 1, -1 -1 -1, -1, -1
0 59 11: 1, -1 -1 -1, -1, -1
0 59 12: 1, -1 -1 -1, -1, -1
0 59 13: 1, -1 -1 -1, -1, -1
0 59 14: 1, -1 -1 -1, -1, -1
0 59 15: 1, -1 -1 -1, -1, -1
0 59 16: 1, -1 -1 -1, -1, -1
0 59 17: 1, -1 -1 -1, -1, -1
0 59 18: 1, -1 -1 -1, -1, -1
0 59 19: 1, -1 -1 -1, -1, -1
0 59 20: 1, -1 -1 -1, -1, -1
0 59 21: 1, -1 -1 -1, -1, -1
0 59 22: 1, -1 -1 -1, -1, -1
0 59 23: 1, -1 -1 -1, -1, -1
0 59 24: 1, -1 -1 -1, -1, -1
0 59 25: 1, -1 -1 -1, -1, -1
0 59 26: 1, -1 -1 -1, -1, -1
0 59 27: 1, -1 -1 -1, -1, -1
0 59 28: 1, -1 -1 -1, -1, -1
0 59 29: 1, -1 -1 -1, -1, -1
0 59 30: 1, -1 -1 -1, -1, -1
0 60 0: 1, -1 -1 -1, -1, -1
0 60 1: 1, -1 -1 -1, -1, -1
0 60 2: 1, -1 -1 -1, -1, -1
0 60 3: 1, -1 -1 -1, -1, -1
0 60 4: 1, -1 -1 -1, -1, -1
0 60 5: 1, -1 -1 -1, -1, -1
0 60 6: 1, -1 -1 -1, -1, -1
0 60 7: 1, -1 -1 -1, -1, -1
0 60 8: 1, -1 -1 -1, -1, -1
0 60 9: 1, -1 -1 -1, -1, -1
0 60 10: 1, -1 -1 -1, -1, -1
0 60 11: 1, -1 -1 -1, -1, -1
0 60 12: 1, -1 -1 -1, -1, -1
0 60 13: 1, -1 -1 -1, -1, -1
0 60 14: 1, -1 -1 -1, -1, -1
0 60 15: 1, -1 -1 -1, -1, -1
0 60 16: 1, -1 -1 -1, -1, -1
0 60 17: 1, -1 -1 -1, -1, -1
0 60 18: 1, -1 -1 -1, -1, -1
0 60 19: 1, -1 -1 -1, -1, -1
0 60 20: 1, -1 -1 -1, -1, -1
0 60 21: 1, -1 -1 -1, -1, -1
0 60 22: 1, -1 -1 -1, -1, -1
0 60 23: 1, -1 -1 -1, -1, -1
0 60 24: 1, -1 -1 -1, -1, -1
0 60 25: 1, -1 -1 -1, -1, -1
0 60 26: 1, -1 -1 -1, -1, -1
0 60 27: 1, -1 -1 -1, -1, -1
0 60 28: 1, -1 -1 -1, -1, -1
0 60 29: 1, -1 -1 -1, -1, -1
0 60 30: 1, -1 -1 -1, -1, -1
0 61 0: 1, -1 -1 -1, -1, -1
0 61 1: 1, -1 -1 -1, -1, -1
0 61 2: 1, -1 -1 -1, -1, -1
0 61 3: 1, -1 -1 -1, -1, -1
0 61 4: 1, -1 -1 -1, -1, -1
0 61 5: 1, -1 -1 -1, -1, -1
0 61 6: 1, -1 -1 -1, -1, -1
0 61 7: 1, -1 -1 -1, -1, -1
0 61 8: 1, -1 -1 -1, -1, -1
0 61 9: 1, -1 -1 -1, -1, -1
0 61 10: 1, -1 -1 -1, -1, -1
0 61 11: 1, -1 -1 -1, -1, -1
0 61 12: 1, -1 -1 -1, -1, -1
0 61 13: 1, -1 -1 -1, -1, -1
0 61 14: 1, -1 -1 -1, -1, -1
0 61 15: 1, -1 -1 -1, -1, -1
0 61 16: 1, -1 -1 -1, -1, -1
0 61 17: 1, -1 -1 -1, -1, -1
0 61 18: 1, -1 -1 -1, -1, -1
0 61 19: 1, -1 -1 -1, -1, -1
0 61 20: 1, -1 -1 -1, -1, -1
0 61 21: 1, -1 -1 -1, -1, -1
0 61 22: 1, -1 -1 -1, -1, -1
0 61 23: 1, -1 -1 -1, -1, -1
0 61 24: 1, -1 -1 -1, -1, -1
0 61 25: 1, -1 -1 -1, -1, -1
0 61 26: 1, -1 -1 -1, -1, -1
0 61 27: 1, -1 -1 -1, -1, -1
0 61 28: 1, -1 -1 -1, -1, -1
0 61 29: 1, -1 -1 -1, -1, -1
0 61 30: 1, -1 -1 -1, -1, -1
0 62 0: 1, -1 -1 -1, -1, -1
0 62 1: 1, -1 -1 -1, -1, -1
0 62 2: 1, -1 -1 -1, -1, -1
0 62 3: 1, -1 -1 -1, -1, -1
0 62 4: 1, -1 -1 -1, -1, -1
0 62 5: 1, -1 -1 -1, -1, -1
0 62 6: 1, -1 -1 -1, -1, -1
0 62 7: 1, -1 -1 -1, -1, -1
0 62 8: 1, -1 -1 -1, -1, -1
0 62 9: 1, -1 -1 -1, -1, -1
0 62 10: 1, -1 -1 -1, -1, -1
0 62 11: 1, -1 -1 -1, -1, -1
0 62 12: 1, -1 -1 -1, -1, -1
0 62 13: 1, -1 -1 -1, -1, -1
0 62 14: 1, -1 -1 -1, -1, -1
0 62 15: 1, -1 -1 -1, -1, -1
0 62 16: 1, -1 -1 -1, -1, -1
0 62 17: 1, -1 -1 -1, -1, -1
0 62 18: 1, -1 -1 -1, -1, -1
0 62 19: 1, -1 -1 -1, -1, -1
0 62 20: 1, -1 -1 -1, -1, -1
0 62 21: 1, -1 -1 -1, -1, -1
0 62 22: 1, -1 -1 -1, -1, -1
0 62 23: 1, -1 -1 -1, -1, -1
0 62 24: 1, -1 -1 -1, -1, -1
0 62 25: 1, -1 -1 -1, -1, -1
0 62 26: 1, -1 -1 -1, -1, -1
0 62 27: 1, -1 -1 -1, -1, -1
0 62 28: 1, -1 -1 -1, -1, -1
0 62 29: 1, -1 -1 -1, -1, -1
0 62 30: 1, -1 -1 -1, -1, -1
0 63 0: 1, -1 -1 -1, -1, -1
0 63 1: 1, -1 -1 -1, -1, -1
0 63 2: 1, -1 -1 -1, -1, -1
0 63 3: 1, -1 -1 -1, -1, -1
0 63 4: 1, -1 -1 -1, -1, -1
0 63 5: 1, -1 -1 -1, -1, -1
0 63 6: 1, -1 -1 -1, -1, -1
0 63 7: 1, -1 -1 -1, -1, -1
0 63 8: 1, -1 -1 -1, -1, -1
0 63 9: 1, -1 -1 -1, -1, -1
0 63 10: 1, -1 -1 -1, -1, -1
0 63 11: 1, -1 -1 -1, -1, -1
0 63 12: 1, -1 -1 -1, -1, -1
0 63 13: 1, -1 -1 -1, -1, -1
0 63 14: 1, -1 -1 -1, -1, -1
0 63 15: 1, -1 -1 -1, -1, -1
0 63 16: 1, -1 -1 -1, -1, -1
0 63 17: 1, -1 -1 -1, -1, -1
0 63 18: 1, -1 -1 -1, -1, -1
0 63 19: 1, -1 -1 -1, -1, -1
0 63 20: 1, -1 -1 -1, -1, -1
0 63 21: 1, -1 -1 -1, -1, -1
0 63 22: 1, -1 -1 -1, -1, -1
0 63 23: 1, -1 -1 -1, -1, -1
0 63 24: 1, -1 -1 -1, -1, -1
0 63 25: 1, -1 -1 -1, -1, -1
0 63 26: 1, -1 -1 -1, -1, -1
0 63 27: 1, -1 -1 -1, -1, -1
0 63 28: 1, -1 -1 -1, -1, -1
0 63 29: 1, -1 -1 -1, -1, -1
0 63 30: 1, -1 -1 -1, -1, -1
