0 0 10: 0, 42 0 0, 16, 64
0 0 11: 0, 42 0 0, 16, 64
0 0 12: 0, 42 0 0, 16, 64
0 0 13: 0, 42 0 0, 16, 64
0 0 14: 0, 42 0 0, 16, 64
0 0 15: 0, 42 0 0, 16, 64
0 0 16: 0, 42 0 0, 16, 64
0 0 17: 0, 42 0 0, 16, 64
0 0 18: 0, 42 0 0, 16, 64
0 0 19: 0, 42 0 0, 16, 64
0 0 20: 0, 42 0 0, 16, 64
0 0 21: 0, 42 0 0, 16, 64
0 0 22: 0, 42 0 0, 16, 64
0 0 23: 0, 42 0 0, 16, 64
0 0 24: 0, 42 0 0, 16, 64
0 0 25: 0, 42 0 0, 16, 64
0 0 26: 0, 42 0 0, 16, 64
0 0 27: 0, 42 0 0, 16, 64
0 0 28: 0, 42 0 0, 16, 64
0 0 29: 0, 42 0 0, 16, 64
0 0 30: 0, 42 0 0, 16, 64
0 0 31: 0, 42 0 0, 16, 64
0 0 32: 0, 42 0 0, 16, 64
0 0 33: 0, 42 0 0, 16, 64
0 0 34: 0, 42 0 0, 16, 64
0 0 35: 0, 42 0 0, 16, 64
0 0 36: 0, 42 0 0, 16, 64
0 0 37: 0, 42 0 0, 16, 64
0 0 38: 0, 42 0 0, 16, 64
0 0 39: 0, 42 0 0, 16, 64
0 0 40: 0, 42 0 0, 16, 64
0 0 41: 0, 42 0 0, 16, 64
0 0 42: 0, 42 0 0, 16, 64
0 0 43: 0, 42 0 0, 16, 64
0 0 44: 0, 42 0 0, 16, 64
0 0 45: 0, 42 0 0, 16, 64
0 0 46: 0, 42 0 0, 16, 64
0 0 47: 0, 42 0 0, 16, 64
0 0 48: 0, 42 0 0, 16, 64
0 0 49: 0, 42 0 0, 16, 64
0 0 50: 0, 42 0 0, 16, 64
0 0 51: 0, 42 0 0, 16, 64
0 0 52: 0, 42 0 0, 16, 64
0 0 53: 0, 42 0 0, 16, 64
0 0 54: 0, 42 0 0, 16, 64
0 0 55: 0, 42 0 0, 16, 64
0 0 56: 0, 42 0 0, 16, 64
0 0 57: 0, 42 0 0, 16, 64
0 0 58: 0, 42 0 0, 16, 64
0 0 59: 0, 42 0 0, 16, 64
0 0 60: 0, 42 0 0, 16, 64
0 0 61: 0, 42 0 0, 16, 64
0 0 62: 0, 42 0 0, 16, 64
0 0 63: 0, 42 0 0, 16, 64
0 1 10: 0, 42 0 0, 16, 64
0 1 11: 0, 42 0 0, 16, 64
0 1 12: 0, 42 0 0, 16, 64
0 1 13: 0, 42 0 0, 16, 64
0 1 14: 0, 42 0 0, 16, 64
0 1 15: 0, 42 0 0, 16, 64
0 1 16: 0, 42 0 0, 16, 64
0 1 17: 0, 42 0 0, 16, 64
0 1 18: 0, 42 0 0, 16, 64
0 1 19: 0, 42 0 0, 16, 64
0 1 20: 0, 42 0 0, 16, 64
0 1 21: 0, 42 0 0, 16, 64
0 1 22: 0, 42 0 0, 16, 64
0 1 23: 0, 42 0 0, 16, 64
0 1 24: 0, 42 0 0, 16, 64
0 1 25: 0, 42 0 0, 16, 64
0 1 26: 0, 42 0 0, 16, 64
0 1 27: 0, 42 0 0, 16, 64
0 1 28: 0, 42 0 0, 16, 64
0 1 29: 0, 42 0 0, 16, 64
0 1 30: 0, 42 0 0, 16, 64
0 1 31: 0, 42 0 0, 16, 64
0 1 32: 0, 42 0 0, 16, 64
0 1 33: 0, 42 0 0, 16, 64
0 1 34: 0, 42 0 0, 16, 64
0 1 35: 0, 42 0 0, 16, 64
0 1 36: 0, 42 0 0, 16, 64
0 1 37: 0, 42 0 0, 16, 64
0 1 38: 0, 42 0 0, 16, 64
0 1 39: 0, 42 0 0, 16, 64
0 1 40: 0, 42 0 0, 16, 64
0 1 41: 0, 42 0 0, 16, 64
0 1 42: 0, 42 0 0, 16, 64
0 1 43: 0, 42 0 0, 16, 64
0 1 44: 0, 42 0 0, 16, 64
0 1 45: 0, 42 0 0, 16, 64
0 1 46: 0, 42 0 0, 16, 64
0 1 47: 0, 42 0 0, 16, 64
0 1 48: 0, 42 0 0, 16, 64
0 1 49: 0, 42 0 0, 16, 64
0 1 50: 0, 42 0 0, 16, 64
0 1 51: 0, 42 0 0, 16, 64
0 1 52: 0, 42 0 0, 16, 64
0 1 53: 0, 42 0 0, 16, 64
0 1 54: 0, 42 0 0, 16, 64
0 1 55: 0, 42 0 0, 16, 64
0 1 56: 0, 42 0 0, 16, 64
0 1 57: 0, 42 0 0, 16, 64
0 1 58: 0, 42 0 0, 16, 64
0 1 59: 0, 42 0 0, 16, 64
0 1 60: 0, 42 0 0, 16, 64
0 1 61: 0, 42 0 0, 16, 64
0 1 62: 0, 42 0 0, 16, 64
0 1 63: 0, 42 0 0, 16, 64
0 2 10: 0, 42 0 0, 16, 64
0 2 11: 0, 42 0 0, 16, 64
0 2 12: 0, 42 0 0, 16, 64
0 2 13: 0, 42 0 0, 16, 64
0 2 14: 0, 42 0 0, 16, 64
0 2 15: 0, 42 0 0, 16, 64
0 2 16: 0, 42 0 0, 16, 64
0 2 17: 0, 42 0 0, 16, 64
0 2 18: 0, 42 0 0, 16, 64
0 2 19: 0, 42 0 0, 16, 64
0 2 20: 0, 42 0 0, 16, 64
0 2 21: 0, 42 0 0, 16, 64
0 2 22: 0, 42 0 0, 16, 64
0 2 23: 0, 42 0 0, 16, 64
0 2 24: 0, 42 0 0, 16, 64
0 2 25: 0, 42 0 0, 16, 64
0 2 26: 0, 42 0 0, 16, 64
0 2 27: 0, 42 0 0, 16, 64
0 2 28: 0, 42 0 0, 16, 64
0 2 29: 0, 42 0 0, 16, 64
0 2 30: 0, 42 0 0, 16, 64
0 2 31: 0, 42 0 0, 16, 64
0 2 32: 0, 42 0 0, 16, 64
0 2 33: 0, 42 0 0, 16, 64
0 2 34: 0, 42 0 0, 16, 64
0 2 35: 0, 42 0 0, 16, 64
0 2 36: 0, 42 0 0, 16, 64
0 2 37: 0, 42 0 0, 16, 64
0 2 38: 0, 42 0 0, 16, 64
0 2 39: 0, 42 0 0, 16, 64
0 2 40: 0, 42 0 0, 16, 64
0 2 41: 0, 42 0 0, 16, 64
0 2 42: 0, 42 0 0, 16, 64
0 2 43: 0, 42 0 0, 16, 64
0 2 44: 0, 42 0 0, 16, 64
0 2 45: 0, 42 0 0, 16, 64
0 2 46: 0, 42 0 0, 16, 64
0 2 47: 0, 42 0 0, 16, 64
0 2 48: 0, 42 0 0, 16, 64
0 2 49: 0, 42 0 0, 16, 64
0 2 50: 0, 42 0 0, 16, 64
0 2 51: 0, 42 0 0, 16, 64
0 2 52: 0, 42 0 0, 16, 64
0 2 53: 0, 42 0 0, 16, 64
0 2 54: 0, 42 0 0, 16, 64
0 2 55: 0, 42 0 0, 16, 64
0 2 56: 0, 42 0 0, 16, 64
0 2 57: 0, 42 0 0, 16, 64
0 2 58: 0, 42 0 0, 16, 64
0 2 59: 0, 42 0 0, 16, 64
0 2 60: 0, 42 0 0, 16, 64
0 2 61: 0, 42 0 0, 16, 64
0 2 62: 0, 42 0 0, 16, 64
0 2 63: 0, 42 0 0, 16, 64
0 3 10: 0, 42 0 0, 16, 64
0 3 11: 0, 42 0 0, 16, 64
0 3 12: 0, 42 0 0, 16, 64
0 3 13: 0, 42 0 0, 16, 64
0 3 14: 0, 42 0 0, 16, 64
0 3 15: 0, 42 0 0, 16, 64
0 3 16: 0, 42 0 0, 16, 64
0 3 17: 0, 42 0 0, 16, 64
0 3 18: 0, 42 0 0, 16, 64
0 3 19: 0, 42 0 0, 16, 64
0 3 20: 0, 42 0 0, 16, 64
0 3 21: 0, 42 0 0, 16, 64
0 3 22: 0, 42 0 0, 16, 64
0 3 23: 0, 42 0 0, 16, 64
0 3 24: 0, 42 0 0, 16, 64
0 3 25: 0, 42 0 0, 16, 64
0 3 26: 0, 42 0 0, 16, 64
0 3 27: 0, 42 0 0, 16, 64
0 3 28: 0, 42 0 0, 16, 64
0 3 29: 0, 42 0 0, 16, 64
0 3 30: 0, 42 0 0, 16, 64
0 3 31: 0, 42 0 0, 16, 64
0 3 32: 0, 42 0 0, 16, 64
0 3 33: 0, 42 0 0, 16, 64
0 3 34: 0, 42 0 0, 16, 64
0 3 35: 0, 42 0 0, 16, 64
0 3 36: 0, 42 0 0, 16, 64
0 3 37: 0, 42 0 0, 16, 64
0 3 38: 0, 42 0 0, 16, 64
0 3 39: 0, 42 0 0, 16, 64
0 3 40: 0, 42 0 0, 16, 64
0 3 41: 0, 42 0 0, 16, 64
0 3 42: 0, 42 0 0, 16, 64
0 3 43: 0, 42 0 0, 16, 64
0 3 44: 0, 42 0 0, 16, 64
0 3 45: 0, 42 0 0, 16, 64
0 3 46: 0, 42 0 0, 16, 64
0 3 47: 0, 42 0 0, 16, 64
0 3 48: 0, 42 0 0, 16, 64
0 3 49: 0, 42 0 0, 16, 64
0 3 50: 0, 42 0 0, 16, 64
0 3 51: 0, 42 0 0, 16, 64
0 3 52: 0, 42 0 0, 16, 64
0 3 53: 0, 42 0 0, 16, 64
0 3 54: 0, 42 0 0, 16, 64
0 3 55: 0, 42 0 0, 16, 64
0 3 56: 0, 42 0 0, 16, 64
0 3 57: 0, 42 0 0, 16, 64
0 3 58: 0, 42 0 0, 16, 64
0 3 59: 0, 42 0 0, 16, 64
0 3 60: 0, 42 0 0, 16, 64
0 3 61: 0, 42 0 0, 16, 64
0 3 62: 0, 42 0 0, 16, 64
0 3 63: 0, 42 0 0, 16, 64
0 4 10: 0, 42 0 0, 16, 64
0 4 11: 0, 42 0 0, 16, 64
0 4 12: 0, 42 0 0, 16, 64
0 4 13: 0, 42 0 0, 16, 64
0 4 14: 0, 42 0 0, 16, 64
0 4 15: 0, 42 0 0, 16, 64
0 4 16: 0, 42 0 0, 16, 64
0 4 17: 0, 42 0 0, 16, 64
0 4 18: 0, 42 0 0, 16, 64
0 4 19: 0, 42 0 0, 16, 64
0 4 20: 0, 42 0 0, 16, 64
0 4 21: 0, 42 0 0, 16, 64
0 4 22: 0, 42 0 0, 16, 64
0 4 23: 0, 42 0 0, 16, 64
0 4 24: 0, 42 0 0, 16, 64
0 4 25: 0, 42 0 0, 16, 64
0 4 26: 0, 42 0 0, 16, 64
0 4 27: 0, 42 0 0, 16, 64
0 4 28: 0, 42 0 0, 16, 64
0 4 29: 0, 42 0 0, 16, 64
0 4 30: 0, 42 0 0, 16, 64
0 4 31: 0, 42 0 0, 16, 64
0 4 32: 0, 42 0 0, 16, 64
0 4 33: 0, 42 0 0, 16, 64
0 4 34: 0, 42 0 0, 16, 64
0 4 35: 0, 42 0 0, 16, 64
0 4 36: 0, 42 0 0, 16, 64
0 4 37: 0, 42 0 0, 16, 64
0 4 38: 0, 42 0 0, 16, 64
0 4 39: 0, 42 0 0, 16, 64
0 4 40: 0, 42 0 0, 16, 64
0 4 41: 0, 42 0 0, 16, 64
0 4 42: 0, 42 0 0, 16, 64
0 4 43: 0, 42 0 0, 16, 64
0 4 44: 0, 42 0 0, 16, 64
0 4 45: 0, 42 0 0, 16, 64
0 4 46: 0, 42 0 0, 16, 64
0 4 47: 0, 42 0 0, 16, 64
0 4 48: 0, 42 0 0, 16, 64
0 4 49: 0, 42 0 0, 16, 64
0 4 50: 0, 42 0 0, 16, 64
0 4 51: 0, 42 0 0, 16, 64
0 4 52: 0, 42 0 0, 16, 64
0 4 53: 0, 42 0 0, 16, 64
0 4 54: 0, 42 0 0, 16, 64
0 4 55: 0, 42 0 0, 16, 64
0 4 56: 0, 42 0 0, 16, 64
0 4 57: 0, 42 0 0, 16, 64
0 4 58: 0, 42 0 0, 16, 64
0 4 59: 0, 42 0 0, 16, 64
0 4 60: 0, 42 0 0, 16, 64
0 4 61: 0, 42 0 0, 16, 64
0 4 62: 0, 42 0 0, 16, 64
0 4 63: 0, 42 0 0, 16, 64
0 5 10: 0, 42 0 0, 16, 64
0 5 11: 0, 42 0 0, 16, 64
0 5 12: 0, 42 0 0, 16, 64
0 5 13: 0, 42 0 0, 16, 64
0 5 14: 0, 42 0 0, 16, 64
0 5 15: 0, 42 0 0, 16, 64
0 5 16: 0, 42 0 0, 16, 64
0 5 17: 0, 42 0 0, 16, 64
0 5 18: 0, 42 0 0, 16, 64
0 5 19: 0, 42 0 0, 16, 64
0 5 20: 0, 42 0 0, 16, 64
0 5 21: 0, 42 0 0, 16, 64
0 5 22: 0, 42 0 0, 16, 64
0 5 23: 0, 42 0 0, 16, 64
0 5 24: 0, 42 0 0, 16, 64
0 5 25: 0, 42 0 0, 16, 64
0 5 26: 0, 42 0 0, 16, 64
0 5 27: 0, 42 0 0, 16, 64
0 5 28: 0, 42 0 0, 16, 64
0 5 29: 0, 42 0 0, 16, 64
0 5 30: 0, 42 0 0, 16, 64
0 5 31: 0, 42 0 0, 16, 64
0 5 32: 0, 42 0 0, 16, 64
0 5 33: 0, 42 0 0, 16, 64
0 5 34: 0, 42 0 0, 16, 64
0 5 35: 0, 42 0 0, 16, 64
0 5 36: 0, 42 0 0, 16, 64
0 5 37: 0, 42 0 0, 16, 64
0 5 38: 0, 42 0 0, 16, 64
0 5 39: 0, 42 0 0, 16, 64
0 5 40: 0, 42 0 0, 16, 64
0 5 41: 0, 42 0 0, 16, 64
0 5 42: 0, 42 0 0, 16, 64
0 5 43: 0, 42 0 0, 16, 64
0 5 44: 0, 42 0 0, 16, 64
0 5 45: 0, 42 0 0, 16, 64
0 5 46: 0, 42 0 0, 16, 64
0 5 47: 0, 42 0 0, 16, 64
0 5 48: 0, 42 0 0, 16, 64
0 5 49: 0, 42 0 0, 16, 64
0 5 50: 0, 42 0 0, 16, 64
0 5 51: 0, 42 0 0, 16, 64
0 5 52: 0, 42 0 0, 16, 64
0 5 53: 0, 42 0 0, 16, 64
0 5 54: 0, 42 0 0, 16, 64
0 5 55: 0, 42 0 0, 16, 64
0 5 56: 0, 42 0 0, 16, 64
0 5 57: 0, 42 0 0, 16, 64
0 5 58: 0, 42 0 0, 16, 64
0 5 59: 0, 42 0 0, 16, 64
0 5 60: 0, 42 0 0, 16, 64
0 5 61: 0, 42 0 0, 16, 64
0 5 62: 0, 42 0 0, 16, 64
0 5 63: 0, 42 0 0, 16, 64
0 6 10: 0, 42 0 0, 16, 64
0 6 11: 0, 42 0 0, 16, 64
0 6 12: 0, 42 0 0, 16, 64
0 6 13: 0, 42 0 0, 16, 64
0 6 14: 0, 42 0 0, 16, 64
0 6 15: 0, 42 0 0, 16, 64
0 6 16: 0, 42 0 0, 16, 64
0 6 17: 0, 42 0 0, 16, 64
0 6 18: 0, 42 0 0, 16, 64
0 6 19: 0, 42 0 0, 16, 64
0 6 20: 0, 42 0 0, 16, 64
0 6 21: 0, 42 0 0, 16, 64
0 6 22: 0, 42 0 0, 16, 64
0 6 23: 0, 42 0 0, 16, 64
0 6 24: 0, 42 0 0, 16, 64
0 6 25: 0, 42 0 0, 16, 64
0 6 26: 0, 42 0 0, 16, 64
0 6 27: 0, 42 0 0, 16, 64
0 6 28: 0, 42 0 0, 16, 64
0 6 29: 0, 42 0 0, 16, 64
0 6 30: 0, 42 0 0, 16, 64
0 6 31: 0, 42 0 0, 16, 64
0 6 32: 0, 42 0 0, 16, 64
0 6 33: 0, 42 0 0, 16, 64
0 6 34: 0, 42 0 0, 16, 64
0 6 35: 0, 42 0 0, 16, 64
0 6 36: 0, 42 0 0, 16, 64
0 6 37: 0, 42 0 0, 16, 64
0 6 38: 0, 42 0 0, 16, 64
0 6 39: 0, 42 0 0, 16, 64
0 6 40: 0, 42 0 0, 16, 64
0 6 41: 0, 42 0 0, 16, 64
0 6 42: 0, 42 0 0, 16, 64
0 6 43: 0, 42 0 0, 16, 64
0 6 44: 0, 42 0 0, 16, 64
0 6 45: 0, 42 0 0, 16, 64
0 6 46: 0, 42 0 0, 16, 64
0 6 47: 0, 42 0 0, 16, 64
0 6 48: 0, 42 0 0, 16, 64
0 6 49: 0, 42 0 0, 16, 64
0 6 50: 0, 42 0 0, 16, 64
0 6 51: 0, 42 0 0, 16, 64
0 6 52: 0, 42 0 0, 16, 64
0 6 53: 0, 42 0 0, 16, 64
0 6 54: 0, 42 0 0, 16, 64
0 6 55: 0, 42 0 0, 16, 64
0 6 56: 0, 42 0 0, 16, 64
0 6 57: 0, 42 0 0, 16, 64
0 6 58: 0, 42 0 0, 16, 64
0 6 59: 0, 42 0 0, 16, 64
0 6 60: 0, 42 0 0, 16, 64
0 6 61: 0, 42 0 0, 16, 64
0 6 62: 0, 42 0 0, 16, 64
0 6 63: 0, 42 0 0, 16, 64
0 7 10: 0, 42 0 0, 16, 64
0 7 11: 0, 42 0 0, 16, 64
0 7 12: 0, 42 0 0, 16, 64
0 7 13: 0, 42 0 0, 16, 64
0 7 14: 0, 42 0 0, 16, 64
0 7 15: 0, 42 0 0, 16, 64
0 7 16: 0, 42 0 0, 16, 64
0 7 17: 0, 42 0 0, 16, 64
0 7 18: 0, 42 0 0, 16, 64
0 7 19: 0, 42 0 0, 16, 64
0 7 20: 0, 42 0 0, 16, 64
0 7 21: 0, 42 0 0, 16, 64
0 7 22: 0, 42 0 0, 16, 64
0 7 23: 0, 42 0 0, 16, 64
0 7 24: 0, 42 0 0, 16, 64
0 7 25: 0, 42 0 0, 16, 64
0 7 26: 0, 42 0 0, 16, 64
0 7 27: 0, 42 0 0, 16, 64
0 7 28: 0, 42 0 0, 16, 64
0 7 29: 0, 42 0 0, 16, 64
0 7 30: 0, 42 0 0, 16, 64
0 7 31: 0, 42 0 0, 16, 64
0 7 32: 0, 42 0 0, 16, 64
0 7 33: 0, 42 0 0, 16, 64
0 7 34: 0, 42 0 0, 16, 64
0 7 35: 0, 42 0 0, 16, 64
0 7 36: 0, 42 0 0, 16, 64
0 7 37: 0, 42 0 0, 16, 64
0 7 38: 0, 42 0 0, 16, 64
0 7 39: 0, 42 0 0, 16, 64
0 7 40: 0, 42 0 0, 16, 64
0 7 41: 0, 42 0 0, 16, 64
0 7 42: 0, 42 0 0, 16, 64
0 7 43: 0, 42 0 0, 16, 64
0 7 44: 0, 42 0 0, 16, 64
0 7 45: 0, 42 0 0, 16, 64
0 7 46: 0, 42 0 0, 16, 64
0 7 47: 0, 42 0 0, 16, 64
0 7 48: 0, 42 0 0, 16, 64
0 7 49: 0, 42 0 0, 16, 64
0 7 50: 0, 42 0 0, 16, 64
0 7 51: 0, 42 0 0, 16, 64
0 7 52: 0, 42 0 0, 16, 64
0 7 53: 0, 42 0 0, 16, 64
0 7 54: 0, 42 0 0, 16, 64
0 7 55: 0, 42 0 0, 16, 64
0 7 56: 0, 42 0 0, 16, 64
0 7 57: 0, 42 0 0, 16, 64
0 7 58: 0, 42 0 0, 16, 64
0 7 59: 0, 42 0 0, 16, 64
0 7 60: 0, 42 0 0, 16, 64
0 7 61: 0, 42 0 0, 16, 64
0 7 62: 0, 42 0 0, 16, 64
0 7 63: 0, 42 0 0, 16, 64
0 8 10: 0, 42 0 0, 16, 64
0 8 11: 0, 42 0 0, 16, 64
0 8 12: 0, 42 0 0, 16, 64
0 8 13: 0, 42 0 0, 16, 64
0 8 14: 0, 42 0 0, 16, 64
0 8 15: 0, 42 0 0, 16, 64
0 8 16: 0, 42 0 0, 16, 64
0 8 17: 0, 42 0 0, 16, 64
0 8 18: 0, 42 0 0, 16, 64
0 8 19: 0, 42 0 0, 16, 64
0 8 20: 0, 42 0 0, 16, 64
0 8 21: 0, 42 0 0, 16, 64
0 8 22: 0, 42 0 0, 16, 64
0 8 23: 0, 42 0 0, 16, 64
0 8 24: 0, 42 0 0, 16, 64
0 8 25: 0, 42 0 0, 16, 64
0 8 26: 0, 42 0 0, 16, 64
0 8 27: 0, 42 0 0, 16, 64
0 8 28: 0, 42 0 0, 16, 64
0 8 29: 0, 42 0 0, 16, 64
0 8 30: 0, 42 0 0, 16, 64
0 8 31: 0, 42 0 0, 16, 64
0 8 32: 0, 42 0 0, 16, 64
0 8 33: 0, 42 0 0, 16, 64
0 8 34: 0, 42 0 0, 16, 64
0 8 35: 0, 42 0 0, 16, 64
0 8 36: 0, 42 0 0, 16, 64
0 8 37: 0, 42 0 0, 16, 64
0 8 38: 0, 42 0 0, 16, 64
0 8 39: 0, 42 0 0, 16, 64
0 8 40: 0, 42 0 0, 16, 64
0 8 41: 0, 42 0 0, 16, 64
0 8 42: 0, 42 0 0, 16, 64
0 8 43: 0, 42 0 0, 16, 64
0 8 44: 0, 42 0 0, 16, 64
0 8 45: 0, 42 0 0, 16, 64
0 8 46: 0, 42 0 0, 16, 64
0 8 47: 0, 42 0 0, 16, 64
0 8 48: 0, 42 0 0, 16, 64
0 8 49: 0, 42 0 0, 16, 64
0 8 50: 0, 42 0 0, 16, 64
0 8 51: 0, 42 0 0, 16, 64
0 8 52: 0, 42 0 0, 16, 64
0 8 53: 0, 42 0 0, 16, 64
0 8 54: 0, 42 0 0, 16, 64
0 8 55: 0, 42 0 0, 16, 64
0 8 56: 0, 42 0 0, 16, 64
0 8 57: 0, 42 0 0, 16, 64
0 8 58: 0, 42 0 0, 16, 64
0 8 59: 0, 42 0 0, 16, 64
0 8 60: 0, 42 0 0, 16, 64
0 8 61: 0, 42 0 0, 16, 64
0 8 62: 0, 42 0 0, 16, 64
0 8 63: 0, 42 0 0, 16, 64
0 9 10: 0, 42 0 0, 16, 64
0 9 11: 0, 42 0 0, 16, 64
0 9 12: 0, 42 0 0, 16, 64
0 9 13: 0, 42 0 0, 16, 64
0 9 14: 0, 42 0 0, 16, -1
0 9 15: 0, 42 0 0, 16, 64
0 9 16: 0, 42 0 0, 16, 64
0 9 17: 0, 42 0 0, 16, 64
0 9 18: 0, 42 0 0, 16, 64
0 9 19: 0, 42 0 0, 16, 64
0 9 20: 0, 42 0 0, 16, 64
0 9 21: 0, 42 0 0, 16, 64
0 9 22: 0, 42 0 0, 16, 64
0 9 23: 0, 42 0 0, 16, 64
0 9 24: 0, 42 0 0, 16, 64
0 9 25: 0, 42 0 0, 16, 64
0 9 26: 0, 42 0 0, 16, 64
0 9 27: 0, 42 0 0, 16, 64
0 9 28: 0, 42 0 0, 16, 64
0 9 29: 0, 42 0 0, 16, 64
0 9 30: 0, 42 0 0, 16, 64
0 9 31: 0, 42 0 0, 16, 64
0 9 32: 0, 42 0 0, 16, 64
0 9 33: 0, 42 0 0, 16, 64
0 9 34: 0, 42 0 0, 16, 64
0 9 35: 0, 42 0 0, 16, 64
0 9 36: 0, 42 0 0, 16, 64
0 9 37: 0, 42 0 0, 16, 64
0 9 38: 0, 42 0 0, 16, 64
0 9 39: 0, 42 0 0, 16, 64
0 9 40: 0, 42 0 0, 16, 64
0 9 41: 0, 42 0 0, 16, 64
0 9 42: 0, 42 0 0, 16, 64
0 9 43: 0, 42 0 0, 16, 64
0 9 44: 0, 42 0 0, 16, 64
0 9 45: 0, 42 0 0, 16, 64
0 9 46: 0, 42 0 0, 16, 64
0 9 47: 0, 42 0 0, 16, 64
0 9 48: 0, 42 0 0, 16, 64
0 9 49: 0, 42 0 0, 16, 64
0 9 50: 0, 42 0 0, 16, 64
0 9 51: 0, 42 0 0, 16, 64
0 9 52: 0, 42 0 0, 16, 64
0 9 53: 0, 42 0 0, 16, 64
0 9 54: 0, 42 0 0, 16, 64
0 9 55: 0, 42 0 0, 16, 64
0 9 56: 0, 42 0 0, 16, 64
0 9 57: 0, 42 0 0, 16, 64
0 9 58: 0, 42 0 0, 16, 64
0 9 59: 0, 42 0 0, 16, 64
0 9 60: 0, 42 0 0, 16, 64
0 9 61: 0, 42 0 0, 16, 64
0 9 62: 0, 42 0 0, 16, 64
0 9 63: 0, 42 0 0, 16, 64
