0 34 12: 0, 42 0 0, -1, 64
0 34 13: 0, 42 0 0, -1, 64
0 34 14: 0, 42 0 0, -1, 64
0 34 15: 0, 42 0 0, -1, 64
0 34 16: 0, 42 0 0, -1, 64
0 34 17: 0, 42 0 0, -1, 64
0 34 18: 0, 42 0 0, -1, 64
0 34 19: 0, 42 0 0, -1, 64
0 34 20: 0, 42 0 0, -1, 64
0 34 21: 0, 42 0 0, -1, 64
0 34 22: 0, 42 0 0, -1, 64
0 34 23: 0, 42 0 0, -1, 64
0 34 24: 0, 42 0 0, -1, 64
0 34 25: 0, 42 0 0, -1, 64
0 34 26: 0, 42 0 0, -1, 64
0 34 27: 0, 42 0 0, -1, 64
0 34 28: 0, 42 0 0, -1, 64
0 34 29: 0, 42 0 0, -1, 64
0 34 30: 0, 42 0 0, -1, 64
0 34 31: 0, 42 0 0, -1, 64
0 34 32: 0, 42 0 0, -1, 64
0 34 33: 0, 42 0 0, -1, 64
0 34 34: 0, 42 0 0, -1, 64
0 34 35: 0, 42 0 0, -1, 64
0 34 36: 0, 42 0 0, -1, 64
0 34 37: 0, 42 0 0, -1, 64
0 34 38: 0, 42 0 0, -1, 64
0 34 39: 0, 42 0 0, -1, 64
0 34 40: 0, 42 0 0, -1, 64
0 34 41: 0, 42 0 0, -1, 64
0 34 42: 0, 42 0 0, -1, 64
0 34 43: 0, 42 0 0, -1, 64
0 34 44: 0, 42 0 0, -1, 64
0 34 45: 0, 42 0 0, -1, 64
0 34 46: 0, 42 0 0, -1, 64
0 34 47: 0, 42 0 0, -1, 64
0 34 48: 0, 42 0 0, -1, 64
0 34 49: 0, 42 0 0, -1, 64
0 34 50: 0, 42 0 0, -1, 64
0 34 51: 0, 42 0 0, -1, 64
0 34 52: 0, 42 0 0, -1, 64
0 34 53: 0, 42 0 0, -1, 64
0 34 54: 0, 42 0 0, -1, 64
0 34 55: 0, 42 0 0, -1, 64
0 34 56: 0, 42 0 0, -1, 64
0 34 57: 0, 42 0 0, -1, 64
0 35 12: 0, 42 0 0, -1, 64
0 35 13: 0, 42 0 0, -1, 64
0 35 14: 0, 42 0 0, -1, 64
0 35 15: 0, 42 0 0, -1, 64
0 35 16: 0, 42 0 0, -1, 64
0 35 17: 0, 42 0 0, -1, 64
0 35 18: 0, 42 0 0, -1, 64
0 35 19: 0, 42 0 0, -1, 64
0 35 20: 0, 42 0 0, -1, 64
0 35 21: 0, 42 0 0, -1, 64
0 35 22: 0, 42 0 0, -1, 64
0 35 23: 0, 42 0 0, -1, 64
0 35 24: 0, 42 0 0, -1, 64
0 35 25: 0, 42 0 0, -1, 64
0 35 26: 0, 42 0 0, -1, 64
0 35 27: 0, 42 0 0, -1, 64
0 35 28: 0, 42 0 0, -1, 64
0 35 29: 0, 42 0 0, -1, 64
0 35 30: 0, 42 0 0, -1, 64
0 35 31: 0, 42 0 0, -1, 64
0 35 32: 0, 42 0 0, -1, 64
0 35 33: 0, 42 0 0, -1, 64
0 35 34: 0, 42 0 0, -1, 64
0 35 35: 0, 42 0 0, -1, 64
0 35 36: 0, 42 0 0, -1, 64
0 35 37: 0, 42 0 0, -1, 64
0 35 38: 0, 42 0 0, -1, 64
0 35 39: 0, 42 0 0, -1, 64
0 35 40: 0, 42 0 0, -1, 64
0 35 41: 0, 42 0 0, -1, 64
0 35 42: 0, 42 0 0, -1, 64
0 35 43: 0, 42 0 0, -1, 64
0 35 44: 0, 42 0 0, -1, 64
0 35 45: 0, 42 0 0, -1, 64
0 35 46: 0, 42 0 0, -1, 64
0 35 47: 0, 42 0 0, -1, 64
0 35 48: 0, 42 0 0, -1, 64
0 35 49: 0, 42 0 0, -1, 64
0 35 50: 0, 42 0 0, -1, 64
0 35 51: 0, 42 0 0, -1, 64
0 35 52: 0, 42 0 0, -1, 64
0 35 53: 0, 42 0 0, -1, 64
0 35 54: 0, 42 0 0, -1, 64
0 35 55: 0, 42 0 0, -1, 64
0 35 56: 0, 42 0 0, -1, 64
0 35 57: 0, 42 0 0, -1, 64
0 36 12: 0, 42 0 0, -1, 64
0 36 13: 0, 42 0 0, -1, 64
0 36 14: 0, 42 0 0, -1, 64
0 36 15: 0, 42 0 0, -1, 64
0 36 16: 0, 42 0 0, -1, 64
0 36 17: 0, 42 0 0, -1, 64
0 36 18: 0, 42 0 0, -1, 64
0 36 19: 0, 42 0 0, -1, 64
0 36 20: 0, 42 0 0, -1, 64
0 36 21: 0, 42 0 0, -1, 64
0 36 22: 0, 42 0 0, -1, 64
0 36 23: 0, 42 0 0, -1, 64
0 36 24: 0, 42 0 0, -1, 64
0 36 25: 0, 42 0 0, -1, 64
0 36 26: 0, 42 0 0, -1, 64
0 36 27: 0, 42 0 0, -1, 64
0 36 28: 0, 42 0 0, -1, 64
0 36 29: 0, 42 0 0, -1, 64
0 36 30: 0, 42 0 0, -1, 64
0 36 31: 0, 42 0 0, -1, 64
0 36 32: 0, 42 0 0, -1, 64
0 36 33: 0, 42 0 0, -1, 64
0 36 34: 0, 42 0 0, -1, 64
0 36 35: 0, 42 0 0, -1, 64
0 36 36: 0, 42 0 0, -1, 64
0 36 37: 0, 42 0 0, -1, 64
0 36 38: 0, 42 0 0, -1, 64
0 36 39: 0, 42 0 0, -1, 64
0 36 40: 0, 42 0 0, -1, 64
0 36 41: 0, 42 0 0, -1, 64
0 36 42: 0, 42 0 0, -1, 64
0 36 43: 0, 42 0 0, -1, 64
0 36 44: 0, 42 0 0, -1, 64
0 36 45: 0, 42 0 0, -1, 64
0 36 46: 0, 42 0 0, -1, 64
0 36 47: 0, 42 0 0, -1, 64
0 36 48: 0, 42 0 0, -1, 64
0 36 49: 0, 42 0 0, -1, 64
0 36 50: 0, 42 0 0, -1, 64
0 36 51: 0, 42 0 0, -1, 64
0 36 52: 0, 42 0 0, -1, 64
0 36 53: 0, 42 0 0, -1, 64
0 36 54: 0, 42 0 0, -1, 64
0 36 55: 0, 42 0 0, -1, 64
0 36 56: 0, 42 0 0, -1, 64
0 36 57: 0, 42 0 0, -1, 64
0 37 12: 0, 42 0 0, -1, 64
0 37 13: 0, 42 0 0, -1, 64
0 37 14: 0, 42 0 0, -1, 64
0 37 15: 0, 42 0 0, 16, 64
0 37 16: 0, 42 0 0, 16, 64
0 37 17: 0, 42 0 0, 16, 64
0 37 18: 0, 42 0 0, 16, 64
0 37 19: 0, 42 0 0, 16, 64
0 37 20: 0, 42 0 0, 16, 64
0 37 21: 0, 42 0 0, 16, 64
0 37 22: 0, 42 0 0, 16, 64
0 37 23: 0, 42 0 0, 16, 64
0 37 24: 0, 42 0 0, 16, 64
0 37 25: 0, 42 0 0, 16, 64
0 37 26: 0, 42 0 0, 16, 64
0 37 27: 0, 42 0 0, 16, 64
0 37 28: 0, 42 0 0, 16, 64
0 37 29: 0, 42 0 0, 16, 64
0 37 30: 0, 42 0 0, 16, 64
0 37 31: 0, 42 0 0, 16, 64
0 37 32: 0, 42 0 0, 16, 64
0 37 33: 0, 42 0 0, 16, 64
0 37 34: 0, 42 0 0, 16, 64
0 37 35: 0, 42 0 0, 16, 64
0 37 36: 0, 42 0 0, 16, 64
0 37 37: 0, 42 0 0, 16, 64
0 37 38: 0, 42 0 0, 16, 64
0 37 39: 0, 42 0 0, 16, 64
0 37 40: 0, 42 0 0, 16, 64
0 37 41: 0, 42 0 0, 16, 64
0 37 42: 0, 42 0 0, 16, 64
0 37 43: 0, 42 0 0, 16, 64
0 37 44: 0, 42 0 0, 16, 64
0 37 45: 0, 42 0 0, 16, 64
0 37 46: 0, 42 0 0, 16, 64
0 37 47: 0, 42 0 0, 16, 64
0 37 48: 0, 42 0 0, 16, 64
0 37 49: 0, 42 0 0, 16, 64
0 37 50: 0, 42 0 0, 16, 64
0 37 51: 0, 42 0 0, 16, 64
0 37 52: 0, 42 0 0, 16, 64
0 37 53: 0, 42 0 0, 16, 64
0 37 54: 0, 42 0 0, -1, 64
0 37 55: 0, 42 0 0, -1, 64
0 37 56: 0, 42 0 0, -1, 64
0 37 57: 0, 42 0 0, -1, 64
0 38 12: 0, 42 0 0, -1, 64
0 38 13: 0, 42 0 0, -1, 64
0 38 14: 0, 42 0 0, -1, 64
0 38 15: 0, 42 0 0, 16, 64
0 38 16: 0, 42 0 0, 16, 64
0 38 17: 0, 42 0 0, 16, 64
0 38 18: 0, 42 0 0, 16, 64
0 38 19: 0, 42 0 0, 16, 64
0 38 20: 0, 42 0 0, 16, 64
0 38 21: 0, 42 0 0, 16, 64
0 38 22: 0, 42 0 0, 16, 64
0 38 23: 0, 42 0 0, 16, 64
0 38 24: 0, 42 0 0, 16, 64
0 38 25: 0, 42 0 0, 16, 64
0 38 26: 0, 42 0 0, 16, 64
0 38 27: 0, 42 0 0, 16, 64
0 38 28: 0, 42 0 0, 16, 64
0 38 29: 0, 42 0 0, 16, 64
0 38 30: 0, 42 0 0, 16, 64
0 38 31: 0, 42 0 0, 16, 64
0 38 32: 0, 42 0 0, 16, 64
0 38 33: 0, 42 0 0, 16, 57
0 38 34: 0, 42 0 0, 16, 64
0 38 35: 0, 42 0 0, 16, 57
0 38 36: 0, 42 0 0, 16, 64
0 38 37: 0, 42 0 0, 16, 64
0 38 38: 0, 42 0 0, 16, 64
0 38 39: 0, 42 0 0, 16, 57
0 38 40: 0, 42 0 0, 16, 64
0 38 41: 0, 42 0 0, 16, 64
0 38 42: 0, 42 0 0, 16, 64
0 38 43: 0, 42 0 0, 16, 64
0 38 44: 0, 42 0 0, 16, 64
0 38 45: 0, 42 0 0, 16, 64
0 38 46: 0, 42 0 0, 16, 64
0 38 47: 0, 42 0 0, 16, 64
0 38 48: 0, 42 0 0, 16, 64
0 38 49: 0, 42 0 0, 16, 64
0 38 50: 0, 42 0 0, 16, 64
0 38 51: 0, 42 0 0, 16, 64
0 38 52: 0, 42 0 0, 16, 64
0 38 53: 0, 42 0 0, 16, 64
0 38 54: 0, 42 0 0, -1, 64
0 38 55: 0, 42 0 0, -1, 64
0 38 56: 0, 42 0 0, -1, 64
0 38 57: 0, 42 0 0, -1, 64
0 39 12: 0, 42 0 0, -1, 64
0 39 13: 0, 42 0 0, -1, 64
0 39 14: 0, 42 0 0, -1, 64
0 39 15: 0, 42 0 0, 16, 64
0 39 16: 0, 42 0 0, 16, 64
0 39 17: 0, 42 0 0, 16, 64
0 39 18: 0, 42 0 0, 16, 64
0 39 19: 0, 42 0 0, 16, 64
0 39 20: 0, 42 0 0, 16, 64
0 39 21: 0, 42 0 0, 16, 64
0 39 22: 0, 42 0 0, 16, 64
0 39 23: 0, 42 0 0, 16, 64
0 39 24: 0, 42 0 0, 16, 64
0 39 25: 0, 42 0 0, 16, 64
0 39 26: 0, 42 0 0, 16, 64
0 39 27: 0, 42 0 0, 16, 64
0 39 28: 0, 42 0 0, 16, 57
0 39 29: 0, 42 0 0, 16, 57
0 39 30: 0, 42 0 0, 16, 57
0 39 31: 0, 42 0 0, 16, 57
0 39 32: 0, 42 0 0, 16, 57
0 39 33: 0, 42 0 0, 16, 57
0 39 34: 0, 42 0 0, 16, 57
0 39 35: 0, 42 0 0, 16, 57
0 39 36: 0, 42 0 0, 16, 57
0 39 37: 0, 42 0 0, 16, 57
0 39 38: 0, 42 0 0, 16, 57
0 39 39: 0, 42 0 0, 16, 57
0 39 40: 0, 42 0 0, 16, 57
0 39 41: 0, 42 0 0, 16, 57
0 39 42: 0, 42 0 0, 16, 64
0 39 43: 0, 42 0 0, 16, 64
0 39 44: 0, 42 0 0, 16, 64
0 39 45: 0, 42 0 0, 16, 64
0 39 46: 0, 42 0 0, 16, 64
0 39 47: 0, 42 0 0, 16, 64
0 39 48: 0, 42 0 0, 16, 64
0 39 49: 0, 42 0 0, 16, 64
0 39 50: 0, 42 0 0, 16, 64
0 39 51: 0, 42 0 0, 16, 64
0 39 52: 0, 42 0 0, 16, 64
0 39 53: 0, 42 0 0, 16, 64
0 39 54: 0, 42 0 0, -1, 64
0 39 55: 0, 42 0 0, -1, 64
0 39 56: 0, 42 0 0, -1, 64
0 39 57: 0, 42 0 0, -1, 64
0 40 12: 0, 42 0 0, -1, 64
0 40 13: 0, 42 0 0, -1, 64
0 40 14: 0, 42 0 0, -1, 64
0 40 15: 0, 42 0 0, 16, 64
0 40 16: 0, 42 0 0, 16, 64
0 40 17: 0, 42 0 0, 16, 64
0 40 18: 0, 42 0 0, 16, 64
0 40 19: 0, 42 0 0, 16, 64
0 40 20: 0, 42 0 0, 16, 64
0 40 21: 0, 42 0 0, 16, 64
0 40 22: 0, 42 0 0, 16, 64
0 40 23: 0, 42 0 0, 16, 64
0 40 24: 0, 42 0 0, 16, 64
0 40 25: 0, 42 0 0, 16, 57
0 40 26: 0, 42 0 0, 16, 57
0 40 27: 0, 42 0 0, 16, 57
0 40 28: 0, 42 0 0, 16, 57
0 40 29: 0, 42 0 0, 16, 57
0 40 30: 0, 42 0 0, 16, 57
0 40 31: 0, 42 0 0, 16, 57
0 40 32: 0, 42 0 0, 16, 57
0 40 33: 0, 42 0 0, 16, 57
0 40 34: 0, 42 0 0, 16, 57
0 40 35: 0, 42 0 0, 16, 57
0 40 36: 0, 42 0 0, 16, 57
0 40 37: 0, 42 0 0, 16, 57
0 40 38: 0, 42 0 0, 16, 57
0 40 39: 0, 42 0 0, 16, 57
0 40 40: 0, 42 0 0, 16, 57
0 40 41: 0, 42 0 0, 16, 57
0 40 42: 0, 42 0 0, 16, 57
0 40 43: 0, 42 0 0, 16, 57
0 40 44: 0, 42 0 0, 16, 64
0 40 45: 0, 42 0 0, 16, 64
0 40 46: 0, 42 0 0, 16, 64
0 40 47: 0, 42 0 0, 16, 64
0 40 48: 0, 42 0 0, 16, 64
0 40 49: 0, 42 0 0, 16, 64
0 40 50: 0, 42 0 0, 16, 64
0 40 51: 0, 42 0 0, 16, 64
0 40 52: 0, 42 0 0, 16, 64
0 40 53: 0, 42 0 0, 16, 64
0 40 54: 0, 42 0 0, -1, 64
0 40 55: 0, 42 0 0, -1, 64
0 40 56: 0, 42 0 0, -1, 64
0 40 57: 0, 42 0 0, -1, 64
0 41 12: 0, 42 0 0, -1, 64
0 41 13: 0, 42 0 0, -1, 64
0 41 14: 0, 42 0 0, -1, 64
0 41 15: 0, 42 0 0, 16, 64
0 41 16: 0, 42 0 0, 16, 64
0 41 17: 0, 42 0 0, 16, 64
0 41 18: 0, 42 0 0, 16, 64
0 41 19: 0, 42 0 0, 16, 64
0 41 20: 0, 42 0 0, 16, 64
0 41 21: 0, 42 0 0, 16, 64
0 41 22: 0, 42 0 0, 16, 57
0 41 23: 0, 42 0 0, 16, 57
0 41 24: 0, 42 0 0, 16, 57
0 41 25: 0, 42 0 0, 16, 57
0 41 26: 0, 42 0 0, 16, 57
0 41 27: 0, 42 0 0, 16, 57
0 41 28: 0, 42 0 0, 16, 57
0 41 29: 0, 42 0 0, 16, 57
0 41 30: 0, 42 0 0, 16, 57
0 41 31: 0, 42 0 0, 16, 57
0 41 32: 0, 42 0 0, 16, 57
0 41 33: 0, 42 0 0, 16, 57
0 41 34: 0, 42 0 0, 16, 57
0 41 35: 0, 42 0 0, 16, 57
0 41 36: 0, 42 0 0, 16, 57
0 41 37: 0, 42 0 0, 16, 57
0 41 38: 0, 42 0 0, 16, 57
0 41 39: 0, 42 0 0, 16, 57
0 41 40: 0, 42 0 0, 16, 57
0 41 41: 0, 42 0 0, 16, 57
0 41 42: 0, 42 0 0, 16, 57
0 41 43: 0, 42 0 0, 16, 57
0 41 44: 0, 42 0 0, 16, 57
0 41 45: 0, 42 0 0, 16, 57
0 41 46: 0, 42 0 0, 16, 64
0 41 47: 0, 42 0 0, 16, 64
0 41 48: 0, 42 0 0, 16, 64
0 41 49: 0, 42 0 0, 16, 64
0 41 50: 0, 42 0 0, 16, 64
0 41 51: 0, 42 0 0, 16, 64
0 41 52: 0, 42 0 0, 16, 64
0 41 53: 0, 42 0 0, 16, 64
0 41 54: 0, 42 0 0, -1, 64
0 41 55: 0, 42 0 0, -1, 64
0 41 56: 0, 42 0 0, -1, 64
0 41 57: 0, 42 0 0, -1, 64
0 42 12: 0, 42 0 0, -1, 64
0 42 13: 0, 42 0 0, -1, 64
0 42 14: 0, 42 0 0, -1, 64
0 42 15: 0, 42 0 0, 16, 64
0 42 16: 0, 42 0 0, 16, 64
0 42 17: 0, 42 0 0, 16, 64
0 42 18: 0, 42 0 0, 16, 64
0 42 19: 0, 42 0 0, 16, 64
0 42 20: 0, 42 0 0, 16, 57
0 42 21: 0, 42 0 0, 16, 57
0 42 22: 0, 42 0 0, 16, 57
0 42 23: 0, 42 0 0, 16, 57
0 42 24: 0, 42 0 0, 16, 57
0 42 25: 0, 42 0 0, 16, 57
0 42 26: 0, 42 0 0, 16, 57
0 42 27: 0, 42 0 0, 16, 57
0 42 28: 0, 42 0 0, 16, 57
0 42 29: 0, 42 0 0, 16, 57
0 42 30: 0, 42 0 0, 16, 57
0 42 31: 0, 42 0 0, 16, 57
0 42 32: 0, 42 0 0, 16, 57
0 42 33: 0, 42 0 0, 16, 57
0 42 34: 0, 42 0 0, 16, 57
0 42 35: 0, 42 0 0, 16, 57
0 42 36: 0, 42 0 0, 16, 57
0 42 37: 0, 42 0 0, 16, 57
0 42 38: 0, 42 0 0, 16, 57
0 42 39: 0, 42 0 0, 16, 57
0 42 40: 0, 42 0 0, 16, 57
0 42 41: 0, 42 0 0, 16, 57
0 42 42: 0, 42 0 0, 16, 57
0 42 43: 0, 42 0 0, 16, 57
0 42 44: 0, 42 0 0, 16, 57
0 42 45: 0, 42 0 0, 16, 57
0 42 46: 0, 42 0 0, 16, 57
0 42 47: 0, 42 0 0, 16, 64
0 42 48: 0, 42 0 0, 16, 64
0 42 49: 0, 42 0 0, 16, 64
0 42 50: 0, 42 0 0, 16, 64
0 42 51: 0, 42 0 0, 16, 64
0 42 52: 0, 42 0 0, 16, 64
0 42 53: 0, 42 0 0, 16, 64
0 42 54: 0, 42 0 0, -1, 64
0 42 55: 0, 42 0 0, -1, 64
0 42 56: 0, 42 0 0, -1, 64
0 42 57: 0, 42 0 0, -1, 64
0 43 12: 0, 42 0 0, -1, 64
0 43 13: 0, 42 0 0, -1, 64
0 43 14: 0, 42 0 0, -1, 64
0 43 15: 0, 42 0 0, 16, 64
0 43 16: 0, 42 0 0, 16, 64
0 43 17: 0, 42 0 0, 16, 64
0 43 18: 0, 42 0 0, 16, 57
0 43 19: 0, 42 0 0, 16, 57
0 43 20: 0, 42 0 0, 16, 57
0 43 21: 0, 42 0 0, 16, 57
0 43 22: 0, 42 0 0, 16, 57
0 43 23: 0, 42 0 0, 16, 57
0 43 24: 0, 42 0 0, 16, 57
0 43 25: 0, 42 0 0, 16, 57
0 43 26: 0, 42 0 0, 16, 57
0 43 27: 0, 42 0 0, 16, 57
0 43 28: 0, 42 0 0, 16, 57
0 43 29: 0, 42 0 0, 16, 57
0 43 30: 0, 42 0 0, 16, 57
0 43 31: 0, 42 0 0, 16, 57
0 43 32: 0, 42 0 0, 16, 57
0 43 33: 0, 42 0 0, 16, 57
0 43 34: 0, 42 0 0, 16, 57
0 43 35: 0, 42 0 0, 16, 57
0 43 36: 0, 42 0 0, 16, 57
0 43 37: 0, 42 0 0, 16, 57
0 43 38: 0, 42 0 0, 16, 65
0 43 39: 0, 42 0 0, 16, 57
0 43 40: 0, 42 0 0, 16, 57
0 43 41: 0, 42 0 0, 16, 65
0 43 42: 0, 42 0 0, 16, 57
0 43 43: 0, 42 0 0, 16, 65
0 43 44: 0, 42 0 0, 16, 57
0 43 45: 0, 42 0 0, 16, 57
0 43 46: 0, 42 0 0, 16, 57
0 43 47: 0, 42 0 0, 16, 57
0 43 48: 0, 42 0 0, 16, 64
0 43 49: 0, 42 0 0, 16, 64
0 43 50: 0, 42 0 0, 16, 64
0 43 51: 0, 42 0 0, 16, 64
0 43 52: 0, 42 0 0, 16, 64
0 43 53: 0, 42 0 0, 16, 64
0 43 54: 0, 42 0 0, -1, 64
0 43 55: 0, 42 0 0, -1, 64
0 43 56: 0, 42 0 0, -1, 64
0 43 57: 0, 42 0 0, -1, 64
0 44 12: 0, 42 0 0, -1, 64
0 44 13: 0, 42 0 0, -1, 64
0 44 14: 0, 42 0 0, -1, 64
0 44 15: 0, 42 0 0, 16, 64
0 44 16: 0, 42 0 0, 16, 64
0 44 17: 0, 42 0 0, 16, 57
0 44 18: 0, 42 0 0, 16, 57
0 44 19: 0, 42 0 0, 16, 57
0 44 20: 0, 42 0 0, 16, 57
0 44 21: 0, 42 0 0, 16, 57
0 44 22: 0, 42 0 0, 16, 57
0 44 23: 0, 42 0 0, 16, 57
0 44 24: 0, 42 0 0, 16, 57
0 44 25: 0, 42 0 0, 16, 57
0 44 26: 0, 42 0 0, 16, 57
0 44 27: 0, 42 0 0, 16, 57
0 44 28: 0, 42 0 0, 16, 57
0 44 29: 0, 42 0 0, 16, 57
0 44 30: 0, 42 0 0, 16, 57
0 44 31: 0, 42 0 0, 16, 57
0 44 32: 0, 42 0 0, 16, 57
0 44 33: 0, 42 0 0, 16, 57
0 44 34: 0, 42 0 0, 16, 57
0 44 35: 0, 42 0 0, 16, 57
0 44 36: 0, 42 0 0, 16, 65
0 44 37: 0, 42 0 0, 16, 65
0 44 38: 0, 42 0 0, 16, 65
0 44 39: 0, 42 0 0, 16, 65
0 44 40: 0, 42 0 0, 16, 65
0 44 41: 0, 42 0 0, 16, 65
0 44 42: 0, 42 0 0, 16, 65
0 44 43: 0, 42 0 0, 16, 65
0 44 44: 0, 42 0 0, 16, 65
0 44 45: 0, 42 0 0, 16, 65
0 44 46: 0, 42 0 0, 16, 57
0 44 47: 0, 42 0 0, 16, 57
0 44 48: 0, 42 0 0, 16, 57
0 44 49: 0, 42 0 0, 16, 64
0 44 50: 0, 42 0 0, 16, 64
0 44 51: 0, 42 0 0, 16, 64
0 44 52: 0, 42 0 0, 16, 64
0 44 53: 0, 42 0 0, 16, 64
0 44 54: 0, 42 0 0, -1, 64
0 44 55: 0, 42 0 0, -1, 64
0 44 56: 0, 42 0 0, -1, 64
0 44 57: 0, 42 0 0, -1, 64
0 45 12: 0, 42 0 0, -1, 64
0 45 13: 0, 42 0 0, -1, 64
0 45 14: 0, 42 0 0, -1, 64
0 45 15: 0, 42 0 0, 16, 64
0 45 16: 0, 42 0 0, 16, 64
0 45 17: 0, 42 0 0, 16, 57
0 45 18: 0, 42 0 0, 16, 57
0 45 19: 0, 42 0 0, 16, 57
0 45 20: 0, 42 0 0, 16, 57
0 45 21: 0, 42 0 0, 16, 57
0 45 22: 0, 42 0 0, 16, 57
0 45 23: 0, 42 0 0, 16, 57
0 45 24: 0, 42 0 0, 16, 57
0 45 25: 0, 42 0 0, 16, 57
0 45 26: 0, 42 0 0, 16, 57
0 45 27: 0, 42 0 0, 16, 57
0 45 28: 0, 42 0 0, 16, 57
0 45 29: 0, 42 0 0, 16, 57
0 45 30: 0, 42 0 0, 16, 57
0 45 31: 0, 42 0 0, 16, 57
0 45 32: 0, 42 0 0, 16, 57
0 45 33: 0, 42 0 0, 16, 57
0 45 34: 0, 42 0 0, 16, 65
0 45 35: 0, 42 0 0, 16, 65
0 45 36: 0, 42 0 0, 16, 65
0 45 37: 0, 42 0 0, 16, 65
0 45 38: 0, 42 0 0, 16, 65
0 45 39: 0, 42 0 0, 16, 65
0 45 40: 0, 42 0 0, 16, 65
0 45 41: 0, 42 0 0, 16, 65
0 45 42: 0, 42 0 0, 16, 65
0 45 43: 0, 42 0 0, 16, 65
0 45 44: 0, 42 0 0, 16, 65
0 45 45: 0, 42 0 0, 16, 65
0 45 46: 0, 42 0 0, 16, 57
0 45 47: 0, 42 0 0, 16, 57
0 45 48: 0, 42 0 0, 16, 57
0 45 49: 0, 42 0 0, 16, 57
0 45 50: 0, 42 0 0, 16, 64
0 45 51: 0, 42 0 0, 16, 64
0 45 52: 0, 42 0 0, 16, 64
0 45 53: 0, 42 0 0, 16, 64
0 45 54: 0, 42 0 0, -1, 64
0 45 55: 0, 42 0 0, -1, 64
0 45 56: 0, 42 0 0, -1, 64
0 45 57: 0, 42 0 0, -1, 64
0 46 12: 0, 42 0 0, -1, 64
0 46 13: 0, 42 0 0, -1, 64
0 46 14: 0, 42 0 0, -1, 64
0 46 15: 0, 42 0 0, 16, 64
0 46 16: 0, 42 0 0, 16, 64
0 46 17: 0, 42 0 0, 16, 57
0 46 18: 0, 42 0 0, 16, 57
0 46 19: 0, 42 0 0, 16, 57
0 46 20: 0, 42 0 0, 16, 57
0 46 21: 0, 42 0 0, 16, 57
0 46 22: 0, 42 0 0, 16, 57
0 46 23: 0, 42 0 0, 16, 57
0 46 24: 0, 42 0 0, 16, 57
0 46 25: 0, 42 0 0, 16, 57
0 46 26: 0, 42 0 0, 16, 57
0 46 27: 0, 42 0 0, 16, 57
0 46 28: 0, 42 0 0, 16, 57
0 46 29: 0, 42 0 0, 16, 57
0 46 30: 0, 42 0 0, 16, 57
0 46 31: 0, 42 0 0, 16, 57
0 46 32: 0, 42 0 0, 16, 57
0 46 33: 0, 42 0 0, 16, 57
0 46 34: 0, 42 0 0, 16, 65
0 46 35: 0, 42 0 0, 16, 65
0 46 36: 0, 42 0 0, 16, 65
0 46 37: 0, 42 0 0, 16, 65
0 46 38: 0, 42 0 0, 16, 65
0 46 39: 0, 42 0 0, 16, 65
0 46 40: 0, 42 0 0, 16, 65
0 46 41: 0, 42 0 0, 16, 65
0 46 42: 0, 42 0 0, 16, 65
0 46 43: 0, 42 0 0, 16, 65
0 46 44: 0, 42 0 0, 16, 65
0 46 45: 0, 42 0 0, 16, 65
0 46 46: 0, 42 0 0, 16, 65
0 46 47: 0, 42 0 0, 16, 65
0 46 48: 0, 42 0 0, 16, 57
0 46 49: 0, 42 0 0, 16, 57
0 46 50: 0, 42 0 0, 16, 57
0 46 51: 0, 42 0 0, 16, 64
0 46 52: 0, 42 0 0, 16, 64
0 46 53: 0, 42 0 0, 16, 64
0 46 54: 0, 42 0 0, -1, 64
0 46 55: 0, 42 0 0, -1, 64
0 46 56: 0, 42 0 0, -1, 64
0 46 57: 0, 42 0 0, -1, 64
0 47 12: 0, 42 0 0, -1, 64
0 47 13: 0, 42 0 0, -1, 64
0 47 14: 0, 42 0 0, -1, 64
0 47 15: 0, 42 0 0, 16, 64
0 47 16: 0, 42 0 0, 16, 64
0 47 17: 0, 42 0 0, 16, 57
0 47 18: 0, 42 0 0, 16, 57
0 47 19: 0, 42 0 0, 16, 57
0 47 20: 0, 42 0 0, 16, 57
0 47 21: 0, 42 0 0, 16, 57
0 47 22: 0, 42 0 0, 16, 57
0 47 23: 0, 42 0 0, 16, 57
0 47 24: 0, 42 0 0, 16, 57
0 47 25: 0, 42 0 0, 16, 57
0 47 26: 0, 42 0 0, 16, 57
0 47 27: 0, 42 0 0, 16, 57
0 47 28: 0, 42 0 0, 16, 57
0 47 29: 0, 42 0 0, 16, 65
0 47 30: 0, 42 0 0, 16, 57
0 47 31: 0, 42 0 0, 16, 65
0 47 32: 0, 42 0 0, 16, 65
0 47 33: 0, 42 0 0, 16, 65
0 47 34: 0, 42 0 0, 16, 65
0 47 35: 0, 42 0 0, 16, 65
0 47 36: 0, 42 0 0, 16, 65
0 47 37: 0, 42 0 0, 16, 65
0 47 38: 0, 42 0 0, 16, 65
0 47 39: 0, 42 0 0, 16, 65
0 47 40: 0, 42 0 0, 16, 65
0 47 41: 0, 42 0 0, 16, 65
0 47 42: 0, 42 0 0, 16, 65
0 47 43: 0, 42 0 0, 16, 65
0 47 44: 0, 42 0 0, 16, 65
0 47 45: 0, 42 0 0, 16, 65
0 47 46: 0, 42 0 0, 16, 65
0 47 47: 0, 42 0 0, 16, 65
0 47 48: 0, 42 0 0, 16, 57
0 47 49: 0, 42 0 0, 16, 57
0 47 50: 0, 42 0 0, 16, 57
0 47 51: 0, 42 0 0, 16, 57
0 47 52: 0, 42 0 0, 16, 64
0 47 53: 0, 42 0 0, 16, 64
0 47 54: 0, 42 0 0, -1, 64
0 47 55: 0, 42 0 0, -1, 64
0 47 56: 0, 42 0 0, -1, 64
0 47 57: 0, 42 0 0, -1, 64
0 48 12: 0, 42 0 0, -1, 64
0 48 13: 0, 42 0 0, -1, 64
0 48 14: 0, 42 0 0, -1, 64
0 48 15: 0, 42 0 0, 16, 64
0 48 16: 0, 42 0 0, 16, 57
0 48 17: 0, 42 0 0, 16, 57
0 48 18: 0, 42 0 0, 16, 57
0 48 19: 0, 42 0 0, 16, 57
0 48 20: 0, 42 0 0, 16, 57
0 48 21: 0, 42 0 0, 16, 57
0 48 22: 0, 42 0 0, 16, 57
0 48 23: 0, 42 0 0, 16, 57
0 48 24: 0, 42 0 0, 16, 57
0 48 25: 0, 42 0 0, 16, 57
0 48 26: 0, 42 0 0, 16, 65
0 48 27: 0, 42 0 0, 16, 65
0 48 28: 0, 42 0 0, 16, 65
0 48 29: 0, 42 0 0, 16, 65
0 48 30: 0, 42 0 0, 16, 65
0 48 31: 0, 42 0 0, 16, 65
0 48 32: 0, 42 0 0, 16, 65
0 48 33: 0, 42 0 0, 16, 65
0 48 34: 30, 42 0 0, 16, 65
0 48 35: 0, 42 0 0, 16, 65
0 48 36: 0, 42 0 0, 16, 65
0 48 37: 0, 42 0 0, 16, 65
0 48 38: 0, 42 0 0, 16, 65
0 48 39: 0, 42 0 0, 16, 65
0 48 40: 0, 42 0 0, 16, 65
0 48 41: 0, 42 0 0, 16, 65
0 48 42: 0, 42 0 0, 16, 65
0 48 43: 0, 42 0 0, 16, 65
0 48 44: 0, 42 0 0, 16, 65
0 48 45: 0, 42 0 0, 16, 65
0 48 46: 0, 42 0 0, 16, 65
0 48 47: 0, 42 0 0, 16, 65
0 48 48: 0, 42 0 0, 16, 65
0 48 49: 0, 42 0 0, 16, 57
0 48 50: 0, 42 0 0, 16, 57
0 48 51: 0, 42 0 0, 16, 57
0 48 52: 0, 42 0 0, 16, 64
0 48 53: 0, 42 0 0, 16, 64
0 48 54: 0, 42 0 0, -1, 64
0 48 55: 0, 42 0 0, -1, 64
0 48 56: 0, 42 0 0, -1, 64
0 48 57: 0, 42 0 0, -1, 64
0 49 10: 25, -1 -1 -1, -1, -1
0 49 12: 0, 42 0 0, -1, 64
0 49 13: 0, 42 0 0, -1, 64
0 49 14: 0, 42 0 0, -1, 64
0 49 15: 0, 42 0 0, 16, 64
0 49 16: 0, 42 0 0, 16, 57
0 49 17: 0, 42 0 0, 16, 57
0 49 18: 0, 42 0 0, 16, 57
0 49 19: 0, 42 0 0, 16, 57
0 49 20: 0, 42 0 0, 16, 57
0 49 21: 0, 42 0 0, 16, 57
0 49 22: 0, 42 0 0, 16, 57
0 49 23: 0, 42 0 0, 16, 57
0 49 24: 0, 42 0 0, 16, 65
0 49 25: 30, 42 0 0, 16, 65
0 49 26: 0, 42 0 0, 16, 65
0 49 27: 30, 42 0 0, 16, 65
0 49 28: 30, 42 0 0, 16, 65
0 49 29: 30, 42 0 0, 16, 65
0 49 30: 30, 42 0 0, 16, 65
0 49 31: 30, 42 0 0, 16, 65
0 49 32: 30, 42 0 0, 16, 65
0 49 33: 30, 42 0 0, 16, 65
0 49 34: 30, 42 0 0, 16, 65
0 49 35: 30, 42 0 0, 16, 65
0 49 36: 30, 42 0 0, 16, 65
0 49 37: 30, 42 0 0, 16, 65
0 49 38: 30, 42 0 0, 16, 65
0 49 39: 30, 42 0 0, 16, 65
0 49 40: 30, 42 0 0, 16, 65
0 49 41: 30, 42 0 0, 16, 65
0 49 42: 30, 42 0 0, 16, 65
0 49 43: 30, 42 0 0, 16, 65
0 49 44: 30, 42 0 0, 16, 65
0 49 45: 0, 42 0 0, 16, 65
0 49 46: 0, 42 0 0, 16, 65
0 49 47: 0, 42 0 0, 16, 65
0 49 48: 0, 42 0 0, 16, 57
0 49 49: 0, 42 0 0, 16, 57
0 49 50: 0, 42 0 0, 16, 57
0 49 51: 0, 42 0 0, 16, 57
0 49 52: 0, 42 0 0, 16, 64
0 49 53: 0, 42 0 0, 16, 64
0 49 54: 0, 42 0 0, -1, 64
0 49 55: 0, 42 0 0, -1, 64
0 49 56: 0, 42 0 0, -1, 64
0 49 57: 0, 42 0 0, -1, 64
0 50 12: 0, 42 0 0, -1, 64
0 50 13: 0, 42 0 0, -1, 64
0 50 14: 0, 42 0 0, -1, 64
0 50 15: 0, 42 0 0, 16, 57
0 50 16: 0, 42 0 0, 16, 57
0 50 17: 0, 42 0 0, 16, 57
0 50 18: 0, 42 0 0, 16, 57
0 50 19: 0, 42 0 0, 16, 57
0 50 20: 0, 42 0 0, 16, 57
0 50 21: 0, 42 0 0, 16, 57
0 50 22: 0, 42 0 0, 16, 65
0 50 23: 0, 42 0 0, 16, 65
0 50 24: 30, 42 0 0, 16, 65
0 50 25: 30, 42 0 0, -1, 65
0 50 26: 30, 42 0 0, -1, 65
0 50 27: 30, 42 0 0, -1, 65
0 50 28: 30, 42 0 0, -1, 65
0 50 29: 30, 42 0 0, -1, 65
0 50 30: 30, 42 0 0, -1, 65
0 50 31: 30, 42 0 0, -1, 65
0 50 32: 30, 42 0 0, -1, 65
0 50 33: 30, 42 0 0, -1, 65
0 50 34: 30, 42 0 0, -1, 65
0 50 35: 30, 42 0 0, -1, 65
0 50 36: 30, 42 0 0, -1, 65
0 50 37: 30, 42 0 0, -1, 65
0 50 38: 30, 42 0 0, -1, 65
0 50 39: 30, 42 0 0, -1, 65
0 50 40: 30, 42 0 0, -1, 65
0 50 41: 30, 42 0 0, -1, 65
0 50 42: 30, 42 0 0, -1, 65
0 50 43: 30, 42 0 0, -1, 65
0 50 44: 30, 42 0 0, 16, 65
0 50 45: 0, 42 0 0, 16, 65
0 50 46: 0, 42 0 0, 16, 65
0 50 47: 0, 42 0 0, 16, 65
0 50 48: 0, 42 0 0, 16, 57
0 50 49: 0, 42 0 0, 16, 57
0 50 50: 0, 42 0 0, 16, 57
0 50 51: 0, 42 0 0, 16, 64
0 50 52: 0, 42 0 0, 16, 64
0 50 53: 0, 42 0 0, 16, 64
0 50 54: 0, 42 0 0, -1, 64
0 50 55: 0, 42 0 0, -1, 64
0 50 56: 0, 42 0 0, -1, 64
0 50 57: 0, 42 0 0, -1, 64
0 51 10: 30, -1 -1 -1, -1, -1
0 51 12: 0, 42 0 0, -1, 64
0 51 13: 0, 42 0 0, -1, 64
0 51 14: 0, 42 0 0, -1, 57
0 51 15: 0, 42 0 0, 16, 57
0 51 16: 0, 42 0 0, 16, 57
0 51 17: 0, 42 0 0, 16, 57
0 51 18: 0, 42 0 0, 16, 57
0 51 19: 0, 42 0 0, 16, 57
0 51 20: 0, 42 0 0, 16, 57
0 51 21: 0, 42 0 0, 16, 57
0 51 22: 0, 42 0 0, 16, 65
0 51 23: 30, 42 0 0, 16, 65
0 51 24: 30, 42 0 0, 16, 65
0 51 25: 30, 42 0 0, -1, 65
0 51 26: 30, -1 -1 -1, -1, 65
0 51 27: 30, -1 -1 -1, -1, 65
0 51 28: 30, -1 -1 -1, -1, 65
0 51 29: 30, -1 -1 -1, -1, 65
0 51 30: 30, -1 -1 -1, -1, 65
0 51 31: 30, -1 -1 -1, -1, 65
0 51 32: 30, -1 -1 -1, -1, 65
0 51 33: 30, -1 -1 -1, -1, 65
0 51 34: 30, -1 -1 -1, -1, 65
0 51 35: 30, -1 -1 -1, -1, 65
0 51 36: 30, -1 -1 -1, -1, 65
0 51 37: 30, -1 -1 -1, -1, 65
0 51 38: 30, -1 -1 -1, -1, 65
0 51 39: 30, -1 -1 -1, -1, 65
0 51 40: 30, -1 -1 -1, -1, 65
0 51 41: 30, -1 -1 -1, -1, 65
0 51 42: 30, -1 -1 -1, -1, 65
0 51 43: 30, 42 0 0, -1, 65
0 51 44: 30, 42 0 0, 16, 65
0 51 45: 0, 42 0 0, 16, 65
0 51 46: 0, 42 0 0, 16, 65
0 51 47: 0, 42 0 0, 16, 65
0 51 48: 0, 42 0 0, 16, 65
0 51 49: 0, 42 0 0, 16, 57
0 51 50: 0, 42 0 0, 16, 57
0 51 51: 0, 42 0 0, 16, 64
0 51 52: 0, 42 0 0, 16, 64
0 51 53: 0, 42 0 0, 16, 64
0 51 54: 0, 42 0 0, -1, 64
0 51 55: 0, 42 0 0, -1, 64
0 51 56: 0, 42 0 0, -1, 64
0 51 57: 0, 42 0 0, -1, 64
0 52 12: 0, 42 0 0, -1, 64
0 52 13: 0, 42 0 0, -1, 64
0 52 14: 0, 42 0 0, -1, 64
0 52 15: 0, 42 0 0, 16, 57
0 52 16: 0, 42 0 0, 16, 57
0 52 17: 0, 42 0 0, 16, 57
0 52 18: 0, 42 0 0, 16, 57
0 52 19: 0, 42 0 0, 16, 57
0 52 20: 0, 42 0 0, 16, 57
0 52 21: 0, 42 0 0, 16, 65
0 52 22: 0, 42 0 0, 16, 65
0 52 23: 0, 42 0 0, 16, 65
0 52 24: 30, 42 0 0, 16, 65
0 52 25: 30, 42 0 0, -1, 65
0 52 26: 30, -1 -1 -1, -1, 65
0 52 27: 30, -1 -1 -1, -1, 65
0 52 28: 30, -1 -1 -1, -1, 65
0 52 29: 30, -1 -1 -1, -1, 65
0 52 30: 30, -1 -1 -1, -1, 65
0 52 31: 30, -1 -1 -1, -1, 65
0 52 32: 30, -1 -1 -1, -1, 65
0 52 33: 30, -1 -1 -1, -1, 65
0 52 34: 30, -1 -1 -1, -1, 65
0 52 35: 30, -1 -1 -1, -1, 65
0 52 36: 30, -1 -1 -1, -1, 65
0 52 37: 30, -1 -1 -1, -1, 65
0 52 38: 30, -1 -1 -1, -1, 65
0 52 39: 30, -1 -1 -1, -1, 65
0 52 40: 30, -1 -1 -1, -1, 65
0 52 41: 30, -1 -1 -1, -1, 65
0 52 42: 30, -1 -1 -1, -1, 65
0 52 43: 30, 42 0 0, -1, 65
0 52 44: 30, 42 0 0, 16, 65
0 52 45: 0, 42 0 0, 16, 65
0 52 46: 0, 42 0 0, 16, 65
0 52 47: 0, 42 0 0, 16, 65
0 52 48: 0, 42 0 0, 16, 57
0 52 49: 0, 42 0 0, 16, 57
0 52 50: 0, 42 0 0, 16, 57
0 52 51: 0, 42 0 0, 16, 64
0 52 52: 0, 42 0 0, 16, 64
0 52 53: 0, 42 0 0, 16, 64
0 52 54: 0, 42 0 0, -1, 64
0 52 55: 0, 42 0 0, -1, 64
0 52 56: 0, 42 0 0, -1, 64
0 52 57: 0, 42 0 0, -1, 64
0 53 12: 0, 42 0 0, -1, 64
0 53 13: 0, 42 0 0, -1, 64
0 53 14: 0, 42 0 0, -1, 64
0 53 15: 0, 42 0 0, 16, 57
0 53 16: 0, 42 0 0, 16, 57
0 53 17: 0, 42 0 0, 16, 57
0 53 18: 0, 42 0 0, 16, 57
0 53 19: 0, 42 0 0, 16, 57
0 53 20: 0, 42 0 0, 16, 57
0 53 21: 0, 42 0 0, 16, 57
0 53 22: 0, 42 0 0, 16, 65
0 53 23: 0, 42 0 0, 16, 65
0 53 24: 30, 42 0 0, 16, 65
0 53 25: 30, 42 0 0, -1, 65
0 53 26: 30, -1 -1 -1, -1, 65
0 53 27: 30, -1 -1 -1, -1, 65
0 53 28: 30, -1 -1 -1, -1, 65
0 53 29: 30, -1 -1 -1, -1, 65
0 53 30: 30, -1 -1 -1, -1, 65
0 53 31: 30, -1 -1 -1, -1, 65
0 53 32: 30, -1 -1 -1, -1, 65
0 53 33: 30, -1 -1 -1, -1, 65
0 53 34: 30, -1 -1 -1, -1, 65
0 53 35: 30, -1 -1 -1, -1, 65
0 53 36: 30, -1 -1 -1, -1, 65
0 53 37: 30, -1 -1 -1, -1, 65
0 53 38: 30, -1 -1 -1, -1, 65
0 53 39: 30, -1 -1 -1, -1, 65
0 53 40: 30, -1 -1 -1, -1, 65
0 53 41: 30, -1 -1 -1, -1, 65
0 53 42: 30, -1 -1 -1, -1, 65
0 53 43: 30, 42 0 0, -1, 65
0 53 44: 30, 42 0 0, 16, 65
0 53 45: 30, 42 0 0, 16, 65
0 53 46: 0, 42 0 0, 16, 65
0 53 47: 0, 42 0 0, 16, 65
0 53 48: 0, 42 0 0, 16, 57
0 53 49: 0, 42 0 0, 16, 57
0 53 50: 0, 42 0 0, 16, 64
0 53 51: 0, 42 0 0, 16, 64
0 53 52: 0, 42 0 0, 16, 64
0 53 53: 0, 42 0 0, 16, 64
0 53 54: 0, 42 0 0, -1, 64
0 53 55: 0, 42 0 0, -1, 64
0 53 56: 0, 42 0 0, -1, 64
0 53 57: 0, 42 0 0, -1, 64
0 54 12: 0, 42 0 0, -1, 64
0 54 13: 0, 42 0 0, -1, 64
0 54 14: 0, 42 0 0, -1, 64
0 54 15: 0, 42 0 0, 16, 57
0 54 16: 0, 42 0 0, 16, 57
0 54 17: 0, 42 0 0, 16, 57
0 54 18: 0, 42 0 0, 16, 57
0 54 19: 0, 42 0 0, 16, 57
0 54 20: 0, 42 0 0, 16, 57
0 54 21: 0, 42 0 0, 16, 65
0 54 22: 0, 42 0 0, 16, 65
0 54 23: 0, 42 0 0, 16, 65
0 54 24: 30, 42 0 0, 16, 65
0 54 25: 30, 42 0 0, -1, 65
0 54 26: 30, -1 -1 -1, -1, 65
0 54 27: 30, -1 -1 -1, -1, 65
0 54 28: 30, -1 -1 -1, -1, 65
0 54 29: 30, -1 -1 -1, -1, 65
0 54 30: 30, -1 -1 -1, -1, 65
0 54 31: 30, -1 -1 -1, -1, 65
0 54 32: 30, -1 -1 -1, -1, 65
0 54 33: 30, -1 -1 -1, -1, 65
0 54 34: 30, -1 -1 -1, -1, 65
0 54 35: 30, -1 -1 -1, -1, 65
0 54 36: 30, -1 -1 -1, -1, 65
0 54 37: 30, -1 -1 -1, -1, 65
0 54 38: 30, -1 -1 -1, -1, 65
0 54 39: 30, -1 -1 -1, -1, 65
0 54 40: 30, -1 -1 -1, -1, 65
0 54 41: 30, -1 -1 -1, -1, 65
0 54 42: 30, -1 -1 -1, -1, 65
0 54 43: 30, 42 0 0, -1, 65
0 54 44: 30, 42 0 0, 16, 65
0 54 45: 30, 42 0 0, 16, 65
0 54 46: 30, 42 0 0, 16, 65
0 54 47: 0, 42 0 0, 16, 65
0 54 48: 0, 42 0 0, 16, 57
0 54 49: 0, 42 0 0, 16, 57
0 54 50: 0, 42 0 0, 16, 64
0 54 51: 0, 42 0 0, 16, 64
0 54 52: 0, 42 0 0, 16, 64
0 54 53: 0, 42 0 0, 16, 64
0 54 54: 0, 42 0 0, -1, 64
0 54 55: 0, 42 0 0, -1, 64
0 54 56: 0, 42 0 0, -1, 64
0 54 57: 0, 42 0 0, -1, 64
0 55 12: 0, 42 0 0, -1, 64
0 55 13: 0, 42 0 0, -1, 64
0 55 14: 0, 42 0 0, -1, 64
0 55 15: 0, 42 0 0, 16, 57
0 55 16: 0, 42 0 0, 16, 57
0 55 17: 0, 42 0 0, 16, 57
0 55 18: 0, 42 0 0, 16, 57
0 55 19: 0, 42 0 0, 16, 57
0 55 20: 0, 42 0 0, 16, 57
0 55 21: 0, 42 0 0, 16, 57
0 55 22: 0, 42 0 0, 16, 65
0 55 23: 0, 42 0 0, 16, 65
0 55 24: 30, 42 0 0, 16, 65
0 55 25: 30, 42 0 0, -1, 65
0 55 26: 30, -1 -1 -1, -1, 65
0 55 27: 30, -1 -1 -1, -1, 65
0 55 28: 30, -1 -1 -1, -1, 65
0 55 29: 30, -1 -1 -1, -1, 65
0 55 30: 30, -1 -1 -1, -1, 65
0 55 31: 30, -1 -1 -1, -1, 65
0 55 32: 30, -1 -1 -1, -1, 65
0 55 33: 30, -1 -1 -1, -1, 65
0 55 34: 30, -1 -1 -1, -1, 65
0 55 35: 30, -1 -1 -1, -1, 65
0 55 36: 30, -1 -1 -1, -1, 65
0 55 37: 30, -1 -1 -1, -1, 65
0 55 38: 30, -1 -1 -1, -1, 65
0 55 39: 30, -1 -1 -1, -1, 65
0 55 40: 30, -1 -1 -1, -1, 65
0 55 41: 30, -1 -1 -1, -1, 65
0 55 42: 30, -1 -1 -1, -1, 65
0 55 43: 30, 42 0 0, -1, 65
0 55 44: 30, 42 0 0, 16, 65
0 55 45: 30, 42 0 0, 16, 65
0 55 46: 0, 42 0 0, 16, 65
0 55 47: 0, 42 0 0, 16, 57
0 55 48: 0, 42 0 0, 16, 57
0 55 49: 0, 42 0 0, 16, 57
0 55 50: 0, 42 0 0, 16, 64
0 55 51: 0, 42 0 0, 16, 64
0 55 52: 0, 42 0 0, 16, 64
0 55 53: 0, 42 0 0, 16, 64
0 55 54: 0, 42 0 0, -1, 64
0 55 55: 0, 42 0 0, -1, 64
0 55 56: 0, 42 0 0, -1, 64
0 55 57: 0, 42 0 0, -1, 64
0 56 12: 0, 42 0 0, -1, 64
0 56 13: 0, 42 0 0, -1, 64
0 56 14: 0, 42 0 0, -1, 57
0 56 15: 0, 42 0 0, 16, 57
0 56 16: 0, 42 0 0, 16, 57
0 56 17: 0, 42 0 0, 16, 57
0 56 18: 0, 42 0 0, 16, 57
0 56 19: 0, 42 0 0, 16, 57
0 56 20: 0, 42 0 0, 16, 57
0 56 21: 0, 42 0 0, 16, 65
0 56 22: 0, 42 0 0, 16, 65
0 56 23: 0, 42 0 0, 16, 65
0 56 24: 30, 42 0 0, 16, 65
0 56 25: 30, 42 0 0, -1, 65
0 56 26: 30, -1 -1 -1, -1, 65
0 56 27: 30, -1 -1 -1, -1, 65
0 56 28: 30, -1 -1 -1, -1, 65
0 56 29: 30, -1 -1 -1, -1, 65
0 56 30: 30, -1 -1 -1, -1, 65
0 56 31: 30, -1 -1 -1, -1, 65
0 56 32: 30, -1 -1 -1, -1, 65
0 56 33: 30, -1 -1 -1, -1, 65
0 56 34: 30, -1 -1 -1, -1, 65
0 56 35: 30, -1 -1 -1, -1, 65
0 56 36: 30, -1 -1 -1, -1, 65
0 56 37: 30, -1 -1 -1, -1, 65
0 56 38: 30, -1 -1 -1, -1, 65
0 56 39: 30, -1 -1 -1, -1, 65
0 56 40: 30, -1 -1 -1, -1, 65
0 56 41: 30, -1 -1 -1, -1, 65
0 56 42: 30, -1 -1 -1, -1, 65
0 56 43: 30, 42 0 0, -1, 65
0 56 44: 30, 42 0 0, 16, 65
0 56 45: 30, 42 0 0, 16, 65
0 56 46: 0, 42 0 0, 16, 65
0 56 47: 0, 42 0 0, 16, 65
0 56 48: 0, 42 0 0, 16, 57
0 56 49: 0, 42 0 0, 16, 57
0 56 50: 0, 42 0 0, 16, 64
0 56 51: 0, 42 0 0, 16, 64
0 56 52: 0, 42 0 0, 16, 64
0 56 53: 0, 42 0 0, 16, 64
0 56 54: 0, 42 0 0, -1, 64
0 56 55: 0, 42 0 0, -1, 64
0 56 56: 0, 42 0 0, -1, 64
0 56 57: 0, 42 0 0, -1, 64
0 57 10: 39, -1 -1 -1, -1, -1
0 57 12: 0, 42 0 0, -1, 64
0 57 13: 0, 42 0 0, -1, 64
0 57 14: 0, 42 0 0, -1, 57
0 57 15: 0, 42 0 0, 16, 57
0 57 16: 0, 42 0 0, 16, 57
0 57 17: 0, 42 0 0, 16, 57
0 57 18: 0, 42 0 0, 16, 57
0 57 19: 0, 42 0 0, 16, 57
0 57 20: 0, 42 0 0, 16, 57
0 57 21: 0, 42 0 0, 16, 57
0 57 22: 0, 42 0 0, 16, 65
0 57 23: 0, 42 0 0, 16, 65
0 57 24: 30, 42 0 0, 16, 65
0 57 25: 30, 42 0 0, -1, 65
0 57 26: 30, -1 -1 -1, -1, 65
0 57 27: 30, -1 -1 -1, -1, 65
0 57 28: 30, -1 -1 -1, -1, 65
0 57 29: 30, -1 -1 -1, -1, 65
0 57 30: 30, -1 -1 -1, -1, 65
0 57 31: 30, -1 -1 -1, -1, 65
0 57 32: 30, -1 -1 -1, -1, 65
0 57 33: 30, -1 -1 -1, -1, 65
0 57 34: 30, -1 -1 -1, -1, 65
0 57 35: 30, -1 -1 -1, -1, 65
0 57 36: 30, -1 -1 -1, -1, 65
0 57 37: 30, -1 -1 -1, -1, 65
0 57 38: 30, -1 -1 -1, -1, 65
0 57 39: 30, -1 -1 -1, -1, 65
0 57 40: 30, -1 -1 -1, -1, 65
0 57 41: 30, -1 -1 -1, -1, 65
0 57 42: 30, -1 -1 -1, -1, 65
0 57 43: 30, 42 0 0, -1, 65
0 57 44: 30, 42 0 0, 16, 65
0 57 45: 30, 42 0 0, 16, 65
0 57 46: 0, 42 0 0, 16, 65
0 57 47: 0, 42 0 0, 16, 65
0 57 48: 0, 42 0 0, 16, 57
0 57 49: 0, 42 0 0, 16, 57
0 57 50: 0, 42 0 0, 16, 64
0 57 51: 0, 42 0 0, 16, 64
0 57 52: 0, 42 0 0, 16, 64
0 57 53: 0, 42 0 0, 16, 64
0 57 54: 0, 42 0 0, -1, 64
0 57 55: 0, 42 0 0, -1, 64
0 57 56: 0, 42 0 0, -1, 64
0 57 57: 0, 42 0 0, -1, 64
0 58 12: 0, 42 0 0, -1, 64
0 58 13: 0, 42 0 0, -1, 64
0 58 14: 0, 42 0 0, -1, 64
0 58 15: 0, 42 0 0, 16, 57
0 58 16: 0, 42 0 0, 16, 57
0 58 17: 0, 42 0 0, 16, 57
0 58 18: 0, 42 0 0, 16, 57
0 58 19: 0, 42 0 0, 16, 57
0 58 20: 0, 42 0 0, 16, 57
0 58 21: 0, 42 0 0, 16, 65
0 58 22: 0, 42 0 0, 16, 65
0 58 23: 0, 42 0 0, 16, 65
0 58 24: 30, 42 0 0, 16, 65
0 58 25: 30, 42 0 0, -1, 65
0 58 26: 30, -1 -1 -1, -1, 65
0 58 27: 30, -1 -1 -1, -1, 65
0 58 28: 30, -1 -1 -1, -1, 65
0 58 29: 30, -1 -1 -1, -1, 65
0 58 30: 30, -1 -1 -1, -1, 65
0 58 31: 30, -1 -1 -1, -1, 65
0 58 32: 30, -1 -1 -1, -1, 65
0 58 33: 30, -1 -1 -1, -1, 65
0 58 34: 30, -1 -1 -1, -1, 65
0 58 35: 30, -1 -1 -1, -1, 65
0 58 36: 30, -1 -1 -1, -1, 65
0 58 37: 30, -1 -1 -1, -1, 65
0 58 38: 30, -1 -1 -1, -1, 65
0 58 39: 30, -1 -1 -1, -1, 65
0 58 40: 30, -1 -1 -1, -1, 65
0 58 41: 30, -1 -1 -1, -1, 65
0 58 42: 30, -1 -1 -1, -1, 65
0 58 43: 30, 42 0 0, -1, 65
0 58 44: 30, 42 0 0, 16, 65
0 58 45: 30, 42 0 0, 16, 65
0 58 46: 0, 42 0 0, 16, 65
0 58 47: 0, 42 0 0, 16, 57
0 58 48: 0, 42 0 0, 16, 57
0 58 49: 0, 42 0 0, 16, 57
0 58 50: 0, 42 0 0, 16, 57
0 58 51: 0, 42 0 0, 16, 64
0 58 52: 0, 42 0 0, 16, 64
0 58 53: 0, 42 0 0, 16, 64
0 58 54: 0, 42 0 0, -1, 64
0 58 55: 0, 42 0 0, -1, 64
0 58 56: 0, 42 0 0, -1, 64
0 58 57: 0, 42 0 0, -1, 64
0 59 12: 0, 42 0 0, -1, 64
0 59 13: 0, 42 0 0, -1, 64
0 59 14: 0, 42 0 0, -1, 64
0 59 15: 0, 42 0 0, 16, 57
0 59 16: 0, 42 0 0, 16, 57
0 59 17: 0, 42 0 0, 16, 57
0 59 18: 0, 42 0 0, 16, 57
0 59 19: 0, 42 0 0, 16, 57
0 59 20: 0, 42 0 0, 16, 57
0 59 21: 0, 42 0 0, 16, 57
0 59 22: 0, 42 0 0, 16, 65
0 59 23: 0, 42 0 0, 16, 65
0 59 24: 30, 42 0 0, 16, 65
0 59 25: 30, 42 0 0, -1, 65
0 59 26: 30, -1 -1 -1, -1, 65
0 59 27: 30, -1 -1 -1, -1, 65
0 59 28: 30, -1 -1 -1, -1, 65
0 59 29: 30, -1 -1 -1, -1, 65
0 59 30: 30, -1 -1 -1, -1, 65
0 59 31: 30, -1 -1 -1, -1, 65
0 59 32: 30, -1 -1 -1, -1, 65
0 59 33: 30, -1 -1 -1, -1, 65
0 59 34: 30, -1 -1 -1, -1, 65
0 59 35: 30, -1 -1 -1, -1, 65
0 59 36: 30, -1 -1 -1, -1, 65
0 59 37: 30, -1 -1 -1, -1, 65
0 59 38: 30, -1 -1 -1, -1, 65
0 59 39: 30, -1 -1 -1, -1, 65
0 59 40: 30, -1 -1 -1, -1, 65
0 59 41: 30, -1 -1 -1, -1, 65
0 59 42: 30, -1 -1 -1, -1, 65
0 59 43: 30, 42 0 0, -1, 65
0 59 44: 30, 42 0 0, 16, 65
0 59 45: 30, 42 0 0, 16, 65
0 59 46: 0, 42 0 0, 16, 65
0 59 47: 0, 42 0 0, 16, 65
0 59 48: 0, 42 0 0, 16, 57
0 59 49: 0, 42 0 0, 16, 57
0 59 50: 0, 42 0 0, 16, 57
0 59 51: 0, 42 0 0, 16, 64
0 59 52: 0, 42 0 0, 16, 64
0 59 53: 0, 42 0 0, 16, 64
0 59 54: 0, 42 0 0, -1, 64
0 59 55: 0, 42 0 0, -1, 64
0 59 56: 0, 42 0 0, -1, 64
0 59 57: 0, 42 0 0, -1, 64
0 60 12: 0, 42 0 0, -1, 64
0 60 13: 0, 42 0 0, -1, 64
0 60 14: 0, 42 0 0, -1, 64
0 60 15: 0, 42 0 0, 16, 64
0 60 16: 0, 42 0 0, 16, 57
0 60 17: 0, 42 0 0, 16, 57
0 60 18: 0, 42 0 0, 16, 57
0 60 19: 0, 42 0 0, 16, 57
0 60 20: 0, 42 0 0, 16, 57
0 60 21: 0, 42 0 0, 16, 57
0 60 22: 0, 42 0 0, 16, 65
0 60 23: 0, 42 0 0, 16, 65
0 60 24: 30, 42 0 0, 16, 65
0 60 25: 30, 42 0 0, -1, 65
0 60 26: 30, -1 -1 -1, -1, 65
0 60 27: 30, -1 -1 -1, -1, 65
0 60 28: 30, -1 -1 -1, -1, 65
0 60 29: 30, -1 -1 -1, -1, 65
0 60 30: 30, -1 -1 -1, -1, 65
0 60 31: 30, -1 -1 -1, -1, 65
0 60 32: 30, -1 -1 -1, -1, 65
0 60 33: 30, -1 -1 -1, -1, 65
0 60 34: 30, -1 -1 -1, -1, 65
0 60 35: 30, -1 -1 -1, -1, 65
0 60 36: 30, -1 -1 -1, -1, 65
0 60 37: 30, -1 -1 -1, -1, 65
0 60 38: 30, -1 -1 -1, -1, 65
0 60 39: 30, -1 -1 -1, -1, 65
0 60 40: 30, -1 -1 -1, -1, 65
0 60 41: 30, -1 -1 -1, -1, 65
0 60 42: 30, -1 -1 -1, -1, 65
0 60 43: 30, 42 0 0, -1, 65
0 60 44: 30, 42 0 0, 16, 65
0 60 45: 30, 42 0 0, 16, 65
0 60 46: 0, 42 0 0, 16, 65
0 60 47: 0, 42 0 0, 16, 57
0 60 48: 0, 42 0 0, 16, 57
0 60 49: 0, 42 0 0, 16, 57
0 60 50: 0, 42 0 0, 16, 64
0 60 51: 0, 42 0 0, 16, 64
0 60 52: 0, 42 0 0, 16, 64
0 60 53: 0, 42 0 0, 16, 64
0 60 54: 0, 42 0 0, -1, 64
0 60 55: 0, 42 0 0, -1, 64
0 60 56: 0, 42 0 0, -1, 64
0 60 57: 0, 42 0 0, -1, 64
0 61 12: 0, 42 0 0, -1, 64
0 61 13: 0, 42 0 0, -1, 64
0 61 14: 0, 42 0 0, -1, 64
0 61 15: 0, 42 0 0, 16, 65
0 61 16: 0, 42 0 0, 16, 57
0 61 17: 0, 42 0 0, 16, 57
0 61 18: 0, 42 0 0, 16, 57
0 61 19: 0, 42 0 0, 16, 57
0 61 20: 0, 42 0 0, 16, 57
0 61 21: 0, 42 0 0, 16, 57
0 61 22: 0, 42 0 0, 16, 57
0 61 23: 0, 42 0 0, 16, 57
0 61 24: 30, 42 0 0, 16, 65
0 61 25: 30, 42 0 0, -1, 65
0 61 26: 30, 42 0 0, -1, 65
0 61 27: 30, 42 0 0, -1, 65
0 61 28: 30, 42 0 0, -1, 65
0 61 29: 30, 42 0 0, -1, 65
0 61 30: 30, 42 0 0, -1, 65
0 61 31: 30, 42 0 0, -1, 65
0 61 32: 30, 42 0 0, -1, 65
0 61 33: 30, 42 0 0, -1, 65
0 61 34: 30, 42 0 0, -1, 65
0 61 35: 30, 42 0 0, -1, 65
0 61 36: 30, 42 0 0, -1, 65
0 61 37: 30, 42 0 0, -1, 65
0 61 38: 30, 42 0 0, -1, 65
0 61 39: 30, 42 0 0, -1, 65
0 61 40: 30, 42 0 0, -1, 65
0 61 41: 30, 42 0 0, -1, 65
0 61 42: 30, 42 0 0, -1, 65
0 61 43: 30, 42 0 0, -1, 65
0 61 44: 30, 42 0 0, 16, 65
0 61 45: 30, 42 0 0, 16, 65
0 61 46: 0, 42 0 0, 16, 65
0 61 47: 0, 42 0 0, 16, 57
0 61 48: 0, 42 0 0, 16, 57
0 61 49: 0, 42 0 0, 16, 64
0 61 50: 0, 42 0 0, 16, 64
0 61 51: 0, 42 0 0, 16, 64
0 61 52: 0, 42 0 0, 16, 64
0 61 53: 0, 42 0 0, 16, 64
0 61 54: 0, 42 0 0, -1, 64
0 61 55: 0, 42 0 0, -1, 64
0 61 56: 0, 42 0 0, -1, 64
0 61 57: 0, 42 0 0, -1, 64
0 62 10: 26, -1 -1 -1, -1, -1
0 62 12: 0, 42 0 0, -1, 64
0 62 13: 0, 42 0 0, -1, 64
0 62 14: 0, 42 0 0, -1, 64
0 62 15: 0, 42 0 0, 16, 65
0 62 16: 0, 42 0 0, 16, 65
0 62 17: 0, 42 0 0, 16, 57
0 62 18: 0, 42 0 0, 16, 57
0 62 19: 0, 42 0 0, 16, 57
0 62 20: 0, 42 0 0, 16, 57
0 62 21: 0, 42 0 0, 16, 57
0 62 22: 0, 42 0 0, 16, 57
0 62 23: 0, 42 0 0, 16, 65
0 62 24: 30, 42 0 0, 16, 65
0 62 25: 30, 42 0 0, 16, 65
0 62 26: 30, 42 0 0, 16, 65
0 62 27: 30, 42 0 0, 16, 65
0 62 28: 30, 42 0 0, 16, 65
0 62 29: 30, 42 0 0, 16, 65
0 62 30: 30, 42 0 0, 16, 65
0 62 31: 30, 42 0 0, 16, 65
0 62 32: 30, 42 0 0, 16, 65
0 62 33: 30, 42 0 0, 16, 65
0 62 34: 30, 42 0 0, 16, 65
0 62 35: 30, 42 0 0, 16, 65
0 62 36: 30, 42 0 0, 16, 65
0 62 37: 30, 42 0 0, 16, 65
0 62 38: 30, 42 0 0, 16, 65
0 62 39: 30, 42 0 0, 16, 65
0 62 40: 30, 42 0 0, 16, 65
0 62 41: 30, 42 0 0, 16, 65
0 62 42: 30, 42 0 0, 16, 65
0 62 43: 30, 42 0 0, 16, 65
0 62 44: 30, 42 0 0, 16, 65
0 62 45: 30, 42 0 0, 16, 65
0 62 46: 0, 42 0 0, 16, 57
0 62 47: 0, 42 0 0, 16, 57
0 62 48: 0, 42 0 0, 16, 57
0 62 49: 0, 42 0 0, 16, 64
0 62 50: 0, 42 0 0, 16, 64
0 62 51: 0, 42 0 0, 16, 64
0 62 52: 0, 42 0 0, 16, 64
0 62 53: 0, 42 0 0, 16, 64
0 62 54: 0, 42 0 0, -1, 64
0 62 55: 0, 42 0 0, -1, 64
0 62 56: 0, 42 0 0, -1, 64
0 62 57: 0, 42 0 0, -1, 64
0 63 12: 0, 42 0 0, -1, 64
0 63 13: 0, 42 0 0, -1, 64
0 63 14: 0, 42 0 0, -1, 65
0 63 15: 0, 42 0 0, 16, 65
0 63 16: 0, 42 0 0, 16, 65
0 63 17: 0, 42 0 0, 16, 57
0 63 18: 0, 42 0 0, 16, 57
0 63 19: 0, 42 0 0, 16, 57
0 63 20: 0, 42 0 0, 16, 57
0 63 21: 0, 42 0 0, 16, 57
0 63 22: 0, 42 0 0, 16, 57
0 63 23: 0, 42 0 0, 16, 57
0 63 24: 30, 42 0 0, 16, 65
0 63 25: 30, 42 0 0, 16, 65
0 63 26: 30, 42 0 0, 16, 65
0 63 27: 30, 42 0 0, 16, 65
0 63 28: 30, 42 0 0, 16, 65
0 63 29: 30, 42 0 0, 16, 65
0 63 30: 30, 42 0 0, 16, 65
0 63 31: 30, 42 0 0, 16, 65
0 63 32: 30, 42 0 0, 16, 65
0 63 33: 30, 42 0 0, 16, 65
0 63 34: 30, 42 0 0, 16, 65
0 63 35: 30, 42 0 0, 16, 65
0 63 36: 30, 42 0 0, 16, 65
0 63 37: 30, 42 0 0, 16, 65
0 63 38: 30, 42 0 0, 16, 65
0 63 39: 30, 42 0 0, 16, 65
0 63 40: 30, 42 0 0, 16, 57
0 63 41: 30, 42 0 0, 16, 65
0 63 42: 30, 42 0 0, 16, 65
0 63 43: 30, 42 0 0, 16, 65
0 63 44: 30, 42 0 0, 16, 57
0 63 45: 30, 42 0 0, 16, 57
0 63 46: 0, 42 0 0, 16, 57
0 63 47: 0, 42 0 0, 16, 57
0 63 48: 0, 42 0 0, 16, 64
0 63 49: 0, 42 0 0, 16, 64
0 63 50: 0, 42 0 0, 16, 64
0 63 51: 0, 42 0 0, 16, 64
0 63 52: 0, 42 0 0, 16, 64
0 63 53: 0, 42 0 0, 16, 64
0 63 54: 0, 42 0 0, -1, 64
0 63 55: 0, 42 0 0, -1, 64
0 63 56: 0, 42 0 0, -1, 64
0 63 57: 0, 42 0 0, -1, 64
1 48 23: 0, 42 0 0, -1, -1
1 48 24: 0, 42 0 0, -1, -1
1 48 25: 0, 42 0 0, -1, -1
1 48 26: 0, 42 0 0, -1, -1
1 48 27: 0, 42 0 0, -1, -1
1 48 28: 0, 42 0 0, -1, -1
1 48 29: 0, 42 0 0, -1, -1
1 48 30: 0, 42 0 0, -1, -1
1 48 31: 0, 42 0 0, -1, -1
1 48 32: 0, 42 0 0, -1, -1
1 48 33: 0, 42 0 0, -1, -1
1 48 34: 0, 42 0 0, -1, -1
1 48 35: 0, 42 0 0, -1, -1
1 48 36: 0, 42 0 0, -1, -1
1 48 37: 0, 42 0 0, -1, -1
1 48 38: 0, 42 0 0, -1, -1
1 48 39: 0, 42 0 0, -1, -1
1 48 40: 0, 42 0 0, -1, -1
1 48 41: 0, 42 0 0, -1, -1
1 48 42: 0, 42 0 0, -1, -1
1 48 43: 0, 42 0 0, -1, -1
1 48 44: 0, 42 0 0, -1, -1
1 48 45: 0, 42 0 0, -1, -1
1 49 23: 0, 42 0 0, -1, -1
1 49 24: 0, 42 0 0, -1, -1
1 49 25: 0, 42 0 0, -1, -1
1 49 26: 0, 42 0 0, -1, -1
1 49 27: 0, 42 0 0, -1, -1
1 49 28: 0, 42 0 0, -1, -1
1 49 29: 0, 42 0 0, -1, -1
1 49 30: 0, 42 0 0, -1, -1
1 49 31: 0, 42 0 0, -1, -1
1 49 32: 0, 42 0 0, -1, -1
1 49 33: 0, 42 0 0, -1, -1
1 49 34: 0, 42 0 0, -1, -1
1 49 35: 0, 42 0 0, -1, -1
1 49 36: 0, 42 0 0, -1, -1
1 49 37: 0, 42 0 0, -1, -1
1 49 38: 0, 42 0 0, -1, -1
1 49 39: 0, 42 0 0, -1, -1
1 49 40: 0, 42 0 0, -1, -1
1 49 41: 0, 42 0 0, -1, -1
1 49 42: 0, 42 0 0, -1, -1
1 49 43: 0, 42 0 0, -1, -1
1 49 44: 0, 42 0 0, -1, -1
1 49 45: 0, 42 0 0, -1, -1
1 50 23: 0, 42 0 0, -1, -1
1 50 24: 0, 42 0 0, -1, -1
1 50 25: 0, 27 0 0, -1, -1
1 50 26: 0, 27 0 0, -1, -1
1 50 27: 0, 27 0 0, -1, -1
1 50 28: 0, 27 0 0, -1, -1
1 50 29: 0, 27 0 0, -1, -1
1 50 30: 0, 27 0 0, -1, -1
1 50 31: 0, 27 0 0, -1, -1
1 50 32: 0, 27 0 0, -1, -1
1 50 33: 0, 27 0 0, -1, -1
1 50 34: 0, 27 0 0, -1, -1
1 50 35: 0, 27 0 0, -1, -1
1 50 36: 0, 27 0 0, -1, -1
1 50 37: 0, 27 0 0, -1, -1
1 50 38: 0, 27 0 0, -1, -1
1 50 39: 0, 27 0 0, -1, -1
1 50 40: 0, 27 0 0, -1, -1
1 50 41: 0, 27 0 0, -1, -1
1 50 42: 0, 27 0 0, -1, -1
1 50 43: 0, 27 0 0, -1, -1
1 50 44: 0, 42 0 0, -1, -1
1 50 45: 0, 42 0 0, -1, -1
1 51 23: 0, 42 0 0, -1, -1
1 51 24: 0, 42 0 0, -1, -1
1 51 25: 0, 27 0 0, -1, -1
1 51 39: 0, 27 0 0, -1, -1
1 51 40: 0, 27 0 0, -1, -1
1 51 43: 0, 27 0 0, -1, -1
1 51 44: 0, 42 0 0, -1, -1
1 51 45: 0, 42 0 0, -1, -1
1 52 23: 0, 42 0 0, -1, -1
1 52 24: 0, 42 0 0, -1, -1
1 52 25: 0, 27 0 0, -1, -1
1 52 39: 0, 27 0 0, -1, -1
1 52 40: 0, 27 0 0, -1, -1
1 52 43: 0, 27 0 0, -1, -1
1 52 44: 0, 42 0 0, -1, -1
1 52 45: 0, 42 0 0, -1, -1
1 53 23: 0, 42 0 0, -1, -1
1 53 24: 0, 42 0 0, -1, -1
1 53 25: 0, 27 0 0, -1, -1
1 53 39: 0, 27 0 0, -1, -1
1 53 40: 0, 27 0 0, -1, -1
1 53 43: 0, 27 0 0, -1, -1
1 53 44: 0, 42 0 0, -1, -1
1 53 45: 0, 42 0 0, -1, -1
1 54 23: 0, 42 0 0, -1, -1
1 54 24: 0, 42 0 0, -1, -1
1 54 25: 0, 27 0 0, -1, -1
1 54 43: 0, 27 0 0, -1, -1
1 54 44: 0, 42 0 0, -1, -1
1 54 45: 0, 42 0 0, -1, -1
1 55 23: 0, 42 0 0, -1, -1
1 55 24: 0, 42 0 0, -1, -1
1 55 25: 0, 27 0 0, -1, -1
1 55 43: 0, 27 0 0, -1, -1
1 55 44: 0, 42 0 0, -1, -1
1 55 45: 0, 42 0 0, -1, -1
1 56 23: 0, 42 0 0, -1, -1
1 56 24: 0, 42 0 0, -1, -1
1 56 25: 0, 27 0 0, -1, -1
1 56 43: 0, 27 0 0, -1, -1
1 56 44: 0, 42 0 0, -1, -1
1 56 45: 0, 42 0 0, -1, -1
1 57 23: 0, 42 0 0, -1, -1
1 57 24: 0, 42 0 0, -1, -1
1 57 25: 0, 27 0 0, -1, -1
1 57 43: 0, 27 0 0, -1, -1
1 57 44: 0, 42 0 0, -1, -1
1 57 45: 0, 42 0 0, -1, -1
1 58 23: 0, 42 0 0, -1, -1
1 58 24: 0, 42 0 0, -1, -1
1 58 25: 0, 27 0 0, -1, -1
1 58 43: 0, 27 0 0, -1, -1
1 58 44: 0, 42 0 0, -1, -1
1 58 45: 0, 42 0 0, -1, -1
1 59 23: 0, 42 0 0, -1, -1
1 59 24: 0, 42 0 0, -1, -1
1 59 25: 0, 27 0 0, -1, -1
1 59 43: 0, 27 0 0, -1, -1
1 59 44: 0, 42 0 0, -1, -1
1 59 45: 0, 42 0 0, -1, -1
1 60 23: 0, 42 0 0, -1, -1
1 60 24: 0, 42 0 0, -1, -1
1 60 25: 0, 27 0 0, -1, -1
1 60 43: 0, 27 0 0, -1, -1
1 60 44: 0, 42 0 0, -1, -1
1 60 45: 0, 42 0 0, -1, -1
1 61 23: 0, 42 0 0, -1, -1
1 61 24: 0, 42 0 0, -1, -1
1 61 25: 0, 27 0 0, -1, -1
1 61 26: 0, 27 0 0, -1, -1
1 61 27: 0, 27 0 0, -1, -1
1 61 28: 0, 27 0 0, -1, -1
1 61 29: 0, 27 0 0, -1, -1
1 61 30: 0, 27 0 0, -1, -1
1 61 31: 0, 27 0 0, -1, -1
1 61 32: 0, 27 0 0, -1, -1
1 61 33: 0, 27 0 0, -1, -1
1 61 34: 0, 27 0 0, -1, -1
1 61 35: 0, 27 0 0, -1, -1
1 61 36: 0, 27 0 0, -1, -1
1 61 37: 0, 27 0 0, -1, -1
1 61 38: 0, 27 0 0, -1, -1
1 61 39: 0, 27 0 0, -1, -1
1 61 40: 0, 27 0 0, -1, -1
1 61 41: 0, 27 0 0, -1, -1
1 61 42: 0, 27 0 0, -1, -1
1 61 43: 0, 27 0 0, -1, -1
1 61 44: 0, 42 0 0, -1, -1
1 61 45: 0, 42 0 0, -1, -1
1 62 23: 0, 42 0 0, -1, -1
1 62 24: 0, 42 0 0, -1, -1
1 62 25: 0, 42 0 0, -1, -1
1 62 26: 0, 42 0 0, -1, -1
1 62 27: 0, 42 0 0, -1, -1
1 62 28: 0, 42 0 0, -1, -1
1 62 29: 0, 42 0 0, -1, -1
1 62 30: 0, 42 0 0, -1, -1
1 62 31: 0, 42 0 0, -1, -1
1 62 32: 0, 42 0 0, -1, -1
1 62 33: 0, 42 0 0, -1, -1
1 62 34: 0, 42 0 0, -1, -1
1 62 35: 0, 42 0 0, -1, -1
1 62 36: 0, 42 0 0, -1, -1
1 62 37: 0, 42 0 0, -1, -1
1 62 38: 0, 42 0 0, -1, -1
1 62 39: 0, 42 0 0, -1, -1
1 62 40: 0, 42 0 0, -1, -1
1 62 41: 0, 42 0 0, -1, -1
1 62 42: 0, 42 0 0, -1, -1
1 62 43: 0, 42 0 0, -1, -1
1 62 44: 0, 42 0 0, -1, -1
1 62 45: 0, 42 0 0, -1, -1
1 63 23: 0, 42 0 0, -1, -1
1 63 24: 0, 42 0 0, -1, -1
1 63 25: 0, 42 0 0, -1, -1
1 63 26: 0, 42 0 0, -1, -1
1 63 27: 0, 42 0 0, -1, -1
1 63 28: 0, 42 0 0, -1, -1
1 63 29: 0, 42 0 0, -1, -1
1 63 30: 0, 42 0 0, -1, -1
1 63 31: 0, 42 0 0, -1, -1
1 63 32: 0, 42 0 0, -1, -1
1 63 33: 0, 42 0 0, -1, -1
1 63 34: 0, 42 0 0, -1, -1
1 63 35: 0, 42 0 0, -1, -1
1 63 36: 0, 42 0 0, -1, -1
1 63 37: 0, 42 0 0, -1, -1
1 63 38: 0, 42 0 0, -1, -1
1 63 39: 0, 42 0 0, -1, -1
1 63 40: 0, 42 0 0, -1, -1
1 63 41: 0, 42 0 0, -1, -1
1 63 42: 0, 42 0 0, -1, -1
1 63 43: 0, 42 0 0, -1, -1
1 63 44: 0, 42 0 0, -1, -1
1 63 45: 0, 42 0 0, -1, -1
